{
"lowlevel": {
    "average_loudness": 0.0447790771723,
    "barkbands_crest": {
        "dmean": 1.54007899761,
        "dmean2": 2.3498980999,
        "dvar": 2.32665324211,
        "dvar2": 5.40552949905,
        "max": 23.9349212646,
        "mean": 11.6588716507,
        "median": 9.51847648621,
        "min": 2.81595420837,
        "var": 36.7356033325
    },
    "barkbands_flatness_db": {
        "dmean": 0.011564402841,
        "dmean2": 0.0173255242407,
        "dvar": 0.000180051254574,
        "dvar2": 0.000330336479237,
        "max": 0.637792408466,
        "mean": 0.184675380588,
        "median": 0.0951396748424,
        "min": 0.0247300602496,
        "var": 0.0284036342055
    },
    "barkbands_kurtosis": {
        "dmean": 7.76905202866,
        "dmean2": 12.0530586243,
        "dvar": 262.872375488,
        "dvar2": 639.688720703,
        "max": 297.632293701,
        "mean": 26.1378440857,
        "median": 4.33721876144,
        "min": -1.63211011887,
        "var": 1884.25256348
    },
    "barkbands_skewness": {
        "dmean": 0.427941918373,
        "dmean2": 0.648513674736,
        "dvar": 0.245052799582,
        "dvar2": 0.577091276646,
        "max": 10.8103466034,
        "mean": 2.55841112137,
        "median": 1.95675563812,
        "min": -1.91956925392,
        "var": 4.02620649338
    },
    "barkbands_spread": {
        "dmean": 3.02597498894,
        "dmean2": 4.48135900497,
        "dvar": 18.0722751617,
        "dvar2": 36.1359024048,
        "max": 114.51008606,
        "mean": 19.4522266388,
        "median": 19.7587375641,
        "min": 0.155240520835,
        "var": 255.811248779
    },
    "dissonance": {
        "dmean": 0.0228840447962,
        "dmean2": 0.0392412208021,
        "dvar": 0.000518347485922,
        "dvar2": 0.00149001018144,
        "max": 0.499999940395,
        "mean": 0.4481536448,
        "median": 0.459556400776,
        "min": 0.244568616152,
        "var": 0.00161691906396
    },
    "dynamic_complexity": 7.18971824646,
    "erbbands_crest": {
        "dmean": 1.77932918072,
        "dmean2": 2.93050384521,
        "dvar": 2.63688325882,
        "dvar2": 6.80520486832,
        "max": 27.3858528137,
        "mean": 8.06636619568,
        "median": 6.96441555023,
        "min": 2.58243584633,
        "var": 15.9737596512
    },
    "erbbands_flatness_db": {
        "dmean": 0.00900991819799,
        "dmean2": 0.0139250922948,
        "dvar": 9.46762229432e-05,
        "dvar2": 0.000194551801542,
        "max": 0.406051695347,
        "mean": 0.131067737937,
        "median": 0.108509272337,
        "min": 0.0265196599066,
        "var": 0.00405443925411
    },
    "erbbands_kurtosis": {
        "dmean": 1.22703254223,
        "dmean2": 1.89107334614,
        "dvar": 6.46380901337,
        "dvar2": 12.7346410751,
        "max": 98.1181716919,
        "mean": 3.23801755905,
        "median": 0.294562578201,
        "min": -1.59733939171,
        "var": 60.3437004089
    },
    "erbbands_skewness": {
        "dmean": 0.284084767103,
        "dmean2": 0.445275008678,
        "dvar": 0.0696847289801,
        "dvar2": 0.161091610789,
        "max": 6.88425827026,
        "mean": 0.969718456268,
        "median": 0.576820909977,
        "min": -1.17759847641,
        "var": 1.2816221714
    },
    "erbbands_spread": {
        "dmean": 4.93625259399,
        "dmean2": 7.68934106827,
        "dvar": 24.0269355774,
        "dvar2": 52.5833930969,
        "max": 115.146224976,
        "mean": 36.3893814087,
        "median": 36.0490264893,
        "min": 1.13517248631,
        "var": 300.268920898
    },
    "hfc": {
        "dmean": 2.85279035568,
        "dmean2": 4.18461847305,
        "dvar": 73.0826568604,
        "dvar2": 142.488952637,
        "max": 333.768554688,
        "mean": 16.5807552338,
        "median": 5.05458593369,
        "min": 1.14212771172e-16,
        "var": 1429.35168457
    },
    "melbands_crest": {
        "dmean": 2.21620726585,
        "dmean2": 3.30671429634,
        "dvar": 4.51420593262,
        "dvar2": 9.68289089203,
        "max": 37.1261482239,
        "mean": 18.1102199554,
        "median": 15.587688446,
        "min": 2.4952237606,
        "var": 69.948059082
    },
    "melbands_flatness_db": {
        "dmean": 0.0142602184787,
        "dmean2": 0.0210262127221,
        "dvar": 0.000257350795437,
        "dvar2": 0.000467477948405,
        "max": 0.812394022942,
        "mean": 0.286731392145,
        "median": 0.186315834522,
        "min": 0.00533580733463,
        "var": 0.0395465381444
    },
    "melbands_kurtosis": {
        "dmean": 9.41186523438,
        "dmean2": 14.57072258,
        "dvar": 312.564788818,
        "dvar2": 764.765075684,
        "max": 354.644805908,
        "mean": 31.843542099,
        "median": 13.9318237305,
        "min": -1.26383090019,
        "var": 1848.9597168
    },
    "melbands_skewness": {
        "dmean": 0.536471247673,
        "dmean2": 0.816908419132,
        "dvar": 0.318567156792,
        "dvar2": 0.750456631184,
        "max": 11.7827615738,
        "mean": 3.36154389381,
        "median": 2.95528817177,
        "min": -0.605730473995,
        "var": 3.69617915154
    },
    "melbands_spread": {
        "dmean": 3.2357468605,
        "dmean2": 4.90077018738,
        "dvar": 25.7624568939,
        "dvar2": 56.5091400146,
        "max": 151.047271729,
        "mean": 17.9075717926,
        "median": 15.4834623337,
        "min": 0.123348645866,
        "var": 296.397705078
    },
    "pitch_salience": {
        "dmean": 0.0517369955778,
        "dmean2": 0.0825239792466,
        "dvar": 0.00220752088353,
        "dvar2": 0.0054071880877,
        "max": 0.96491932869,
        "mean": 0.4748891294,
        "median": 0.53525531292,
        "min": 0.0702337622643,
        "var": 0.0318134836853
    },
    "silence_rate_20dB": {
        "dmean": 0,
        "dmean2": 0,
        "dvar": 0,
        "dvar2": 0,
        "max": 1,
        "mean": 1,
        "median": 1,
        "min": 1,
        "var": 0
    },
    "silence_rate_30dB": {
        "dmean": 0.00773993786424,
        "dmean2": 0.0154858687893,
        "dvar": 0.00768000958487,
        "dvar2": 0.0183432623744,
        "max": 1,
        "mean": 0.97988396883,
        "median": 1,
        "min": 0,
        "var": 0.0197113715112
    },
    "silence_rate_60dB": {
        "dmean": 0.0181888546795,
        "dmean2": 0.0363917909563,
        "dvar": 0.0178587082773,
        "dvar2": 0.0459099858999,
        "max": 1,
        "mean": 0.198065757751,
        "median": 0,
        "min": 0,
        "var": 0.158823892474
    },
    "spectral_centroid": {
        "dmean": 139.340515137,
        "dmean2": 210.600784302,
        "dvar": 43265.9765625,
        "dvar2": 70711.25,
        "max": 10998.4853516,
        "mean": 1005.87310791,
        "median": 1034.03442383,
        "min": 80.1687164307,
        "var": 496774.625
    },
    "spectral_complexity": {
        "dmean": 1.85178017616,
        "dmean2": 3.0449090004,
        "dvar": 4.39405345917,
        "dvar2": 11.2321434021,
        "max": 56,
        "mean": 13.7133464813,
        "median": 12,
        "min": 0,
        "var": 144.053604126
    },
    "spectral_decrease": {
        "dmean": 8.34468938393e-10,
        "dmean2": 1.23832277765e-09,
        "dvar": 2.66698084174e-18,
        "dvar2": 6.2850580877e-18,
        "max": 7.75315749644e-30,
        "mean": -4.05238997914e-09,
        "median": -2.5867694653e-09,
        "min": -4.64638603148e-08,
        "var": 2.84573192514e-17
    },
    "spectral_energy": {
        "dmean": 0.00331538892351,
        "dmean2": 0.00491759832948,
        "dvar": 4.25506659667e-05,
        "dvar2": 0.000100941862911,
        "max": 0.201456725597,
        "mean": 0.016798581928,
        "median": 0.0104414820671,
        "min": 1.03301764174e-20,
        "var": 0.000536359497346
    },
    "spectral_energyband_high": {
        "dmean": 0.000212938772165,
        "dmean2": 0.00029381425702,
        "dvar": 9.20814898109e-07,
        "dvar2": 1.56620626512e-06,
        "max": 0.039654225111,
        "mean": 0.000968845502939,
        "median": 0.000199964109925,
        "min": 7.19670155038e-21,
        "var": 9.42452879826e-06
    },
    "spectral_energyband_low": {
        "dmean": 0.00140988896601,
        "dmean2": 0.00192711618729,
        "dvar": 7.80530626798e-06,
        "dvar2": 1.42571661854e-05,
        "max": 0.0609023682773,
        "mean": 0.00605449313298,
        "median": 0.00393842626363,
        "min": 9.55799713093e-23,
        "var": 5.20950525242e-05
    },
    "spectral_energyband_middle_high": {
        "dmean": 0.00136437593028,
        "dmean2": 0.00227322964929,
        "dvar": 2.42891528615e-05,
        "dvar2": 6.94172267686e-05,
        "max": 0.144107952714,
        "mean": 0.00444654840976,
        "median": 0.00100448809098,
        "min": 1.54283987058e-21,
        "var": 0.000117315648822
    },
    "spectral_energyband_middle_low": {
        "dmean": 0.0018460014835,
        "dmean2": 0.00267762504518,
        "dvar": 1.41902346513e-05,
        "dvar2": 2.74042340607e-05,
        "max": 0.110164828598,
        "mean": 0.0055425837636,
        "median": 0.00427001342177,
        "min": 3.07303605528e-22,
        "var": 4.95619351568e-05
    },
    "spectral_entropy": {
        "dmean": 0.0918136835098,
        "dmean2": 0.141835719347,
        "dvar": 0.0117543805391,
        "dvar2": 0.0234038624913,
        "max": 9.80618286133,
        "mean": 7.28293848038,
        "median": 7.75919628143,
        "min": 3.89186501503,
        "var": 0.992306113243
    },
    "spectral_flux": {
        "dmean": 0.00970619544387,
        "dmean2": 0.0161289218813,
        "dvar": 0.000143782206578,
        "dvar2": 0.000346851767972,
        "max": 0.317555010319,
        "mean": 0.047617547214,
        "median": 0.0413975082338,
        "min": 1.01637476213e-10,
        "var": 0.00176959845703
    },
    "spectral_kurtosis": {
        "dmean": 1.63273942471,
        "dmean2": 2.73259758949,
        "dvar": 12.2417621613,
        "dvar2": 32.7468643188,
        "max": 112.917961121,
        "mean": 10.7032117844,
        "median": 4.19352293015,
        "min": -1.23298680782,
        "var": 330.235870361
    },
    "spectral_rms": {
        "dmean": 0.000340284022968,
        "dmean2": 0.000491939368658,
        "dvar": 1.55918485234e-07,
        "dvar2": 3.42157903788e-07,
        "max": 0.0140193849802,
        "mean": 0.0034731712658,
        "median": 0.00319167855196,
        "min": 3.17462137307e-12,
        "var": 4.32594697486e-06
    },
    "spectral_rolloff": {
        "dmean": 230.565109253,
        "dmean2": 375.618408203,
        "dvar": 337299.75,
        "dvar2": 693457.125,
        "max": 20650.3417969,
        "mean": 1026.81311035,
        "median": 710.595703125,
        "min": 43.06640625,
        "var": 2235640.25
    },
    "spectral_skewness": {
        "dmean": 0.167330354452,
        "dmean2": 0.273223876953,
        "dvar": 0.0516691170633,
        "dvar2": 0.12848713994,
        "max": 9.04853725433,
        "mean": 2.34609746933,
        "median": 1.73567211628,
        "min": 0.00557092949748,
        "var": 2.38986039162
    },
    "spectral_spread": {
        "dmean": 344587.65625,
        "dmean2": 533517.5,
        "dvar": 545076051968,
        "dvar2": 702777851904,
        "max": 40922124,
        "mean": 5127481,
        "median": 5371827,
        "min": 974369.8125,
        "var": 2.76573847552e+12
    },
    "spectral_strongpeak": {
        "dmean": 0.238654330373,
        "dmean2": 0.425313323736,
        "dvar": 0.637521743774,
        "dvar2": 1.58476817608,
        "max": 16.9622039795,
        "mean": 0.378822624683,
        "median": 0.121090613306,
        "min": 0,
        "var": 0.883055627346
    },
    "zerocrossingrate": {
        "dmean": 0.00599164934829,
        "dmean2": 0.00723480433226,
        "dvar": 7.24616111256e-05,
        "dvar2": 8.32801015349e-05,
        "max": 0.515625,
        "mean": 0.0496571660042,
        "median": 0.04443359375,
        "min": 0.0009765625,
        "var": 0.00204199552536
    },
    "barkbands": {
        "dmean": [0.000188460180652, 0.00122102804016, 0.000205150587135, 0.000594396318775, 0.000717819435522, 0.00033714264282, 0.000282396213152, 0.000516046828125, 0.000439900904894, 0.000701930024661, 0.000201071306947, 0.000299630482914, 0.000261112028966, 0.000499258399941, 0.000130971922772, 0.000157159884111, 0.000224847448408, 9.34920099098e-05, 9.03771579033e-05, 6.78208743921e-05, 6.92431640346e-05, 0.000102337493445, 5.25782525074e-05, 2.68108342425e-05, 3.47677669197e-05, 1.70151797647e-05, 5.08997572979e-06],
        "dmean2": [0.000293205666821, 0.00162295380142, 0.000322769046761, 0.000905627966858, 0.00110963650513, 0.000526494695805, 0.000422923127189, 0.000795643951278, 0.000656872463878, 0.00117912644055, 0.000331995572196, 0.000476423330838, 0.000440711155534, 0.000833587953821, 0.000221643247642, 0.000247261632467, 0.000361252430594, 0.000155014888151, 0.000136061717058, 0.000101496785646, 0.000109014828922, 0.000154359717271, 8.19386259536e-05, 4.05452410632e-05, 4.86698227178e-05, 2.23441184062e-05, 6.96618963048e-06],
        "dvar": [1.71936719084e-07, 5.51198490939e-06, 1.62553334349e-07, 2.5819745133e-06, 1.2341066622e-06, 3.07673815314e-07, 6.37870300579e-07, 1.80326594545e-06, 4.60830824522e-06, 1.75103486981e-05, 1.74094873273e-06, 9.48347349095e-07, 2.89101421913e-07, 4.59893908555e-06, 3.54033517169e-07, 5.30054762748e-07, 1.61938953624e-06, 9.91148425555e-08, 1.24362344422e-07, 1.42875180131e-07, 8.61249205286e-08, 3.85790599466e-07, 1.26449492655e-07, 1.15057074979e-08, 1.64003512992e-08, 4.36802727322e-09, 4.14804607329e-10],
        "dvar2": [3.61203120747e-07, 9.79162268777e-06, 3.84531887221e-07, 6.53962979413e-06, 2.73304067377e-06, 7.51417417177e-07, 1.35071775276e-06, 3.78911136067e-06, 7.62059744375e-06, 4.84432312078e-05, 4.00534008804e-06, 1.95081247512e-06, 7.86509133377e-07, 1.32124278025e-05, 8.85624558578e-07, 1.13304747629e-06, 3.69636563846e-06, 2.76987151437e-07, 2.5324666808e-07, 2.80718353451e-07, 2.06383248269e-07, 8.79334891124e-07, 3.55224045734e-07, 2.6173191614e-08, 2.94014768087e-08, 5.80983394727e-09, 6.41555031322e-10],
        "max": [0.0102686099708, 0.0467237904668, 0.00814785994589, 0.05098374933, 0.0227085966617, 0.00728450948372, 0.0208861455321, 0.0502421222627, 0.075049072504, 0.0980888158083, 0.0479698032141, 0.0408065095544, 0.00827347207814, 0.0416130237281, 0.01430091355, 0.0230376645923, 0.0395918264985, 0.00758974254131, 0.0154250403866, 0.0173105336726, 0.00904506258667, 0.0242324676365, 0.014031923376, 0.00360754691064, 0.00529617909342, 0.00264722597785, 0.000685516744852],
        "mean": [0.00092747353483, 0.00438056420535, 0.000589774863329, 0.00116298720241, 0.00169069378171, 0.000603008491453, 0.00057273422135, 0.000729700841475, 0.000702021701727, 0.000931209651753, 0.000301309162751, 0.000531911384314, 0.000454998895293, 0.000823908660095, 0.000206120705116, 0.000305959954858, 0.000413326866692, 0.000193655403564, 0.00022567785345, 0.00016252338537, 0.00018183721113, 0.000276420119917, 0.000138675837661, 9.74795111688e-05, 0.000121868455608, 5.69118965359e-05, 1.58064485731e-05],
        "median": [0.000360374047887, 0.00265444628894, 0.000248730328167, 0.000499022717122, 0.00108024699148, 0.000375401985366, 0.000122738492792, 0.000291298230877, 0.000227728771279, 0.000133862486109, 7.47679441702e-05, 0.000110058383143, 0.000118839961942, 9.0845314844e-05, 5.72459794057e-05, 6.49290377623e-05, 5.34820792382e-05, 5.34584833076e-05, 4.49985564046e-05, 3.94771777792e-05, 4.56647831015e-05, 3.55060656148e-05, 2.8144200769e-05, 2.61624882114e-05, 1.85649423656e-05, 1.0565606317e-05, 4.23555638918e-06],
        "min": [3.86606609039e-24, 6.94515223549e-23, 1.28515223336e-23, 3.49221938538e-23, 3.34381224545e-23, 9.36987904858e-23, 4.87238013289e-23, 3.52052592347e-23, 4.76579745153e-23, 5.14076260353e-23, 1.92721773615e-22, 9.89041238788e-23, 1.39474407197e-22, 9.78938959818e-23, 8.05317364119e-23, 2.42646899662e-22, 1.12593271343e-22, 2.12609020144e-22, 1.78099309036e-22, 2.94765715358e-22, 6.14875903391e-22, 6.48207485448e-22, 3.28348470726e-22, 8.4407066727e-22, 1.14015699889e-21, 1.42237401984e-21, 2.49418946154e-21],
        "var": [1.63719266766e-06, 3.25677065121e-05, 8.78466209997e-07, 3.52460551767e-06, 4.27417307947e-06, 5.76985144107e-07, 2.92857021122e-06, 2.92170852845e-06, 7.28854001864e-06, 1.88245412573e-05, 2.48871856456e-06, 3.42670114151e-06, 6.83869529894e-07, 8.99663336895e-06, 4.92255765039e-07, 1.5246195062e-06, 3.79236530534e-06, 2.26063150421e-07, 5.64816332371e-07, 4.5747779609e-07, 3.31934870701e-07, 1.74285503363e-06, 3.61201699661e-07, 8.9681634563e-08, 1.11087764765e-07, 2.03255190456e-08, 1.51724910413e-09]
    },
    "erbbands": {
        "dmean": [0.0585787706077, 0.205535113811, 0.2820725739, 0.888385891914, 3.24689865112, 1.60758292675, 3.83582115173, 2.94000649452, 4.58444643021, 4.5860490799, 10.3724317551, 11.5523166656, 15.4048366547, 14.6535921097, 10.0260162354, 9.89580154419, 11.1777238846, 13.816783905, 20.9871425629, 6.57110214233, 8.90315818787, 11.6249084473, 5.76326084137, 4.62673950195, 3.79879951477, 2.7135014534, 2.49685811996, 2.80998754501, 3.5347802639, 3.22301912308, 0.969250440598, 0.538942575455, 0.562194526196, 0.441191881895, 0.266059368849, 0.0963611155748, 0.0311722010374, 0.00569500541314, 0.000952180067543, 4.15193062508e-05],
        "dmean2": [0.0716952458024, 0.29967263341, 0.447431415319, 1.36189866066, 4.91640996933, 2.57733106613, 5.80481529236, 4.55612850189, 6.90557765961, 7.29623603821, 15.9912166595, 17.7868690491, 25.2209701538, 23.9112548828, 16.1435203552, 15.9564065933, 18.9753837585, 22.9128398895, 36.187171936, 10.7907600403, 14.4314584732, 19.0420608521, 9.72209739685, 6.87986898422, 5.91049575806, 4.06845808029, 3.87505245209, 4.48299598694, 5.35752677917, 4.55927371979, 1.39124810696, 0.821355879307, 0.900739848614, 0.675738334656, 0.387225687504, 0.128886863589, 0.0423990674317, 0.00766165973619, 0.00130880565848, 5.70662741666e-05],
        "dvar": [0.0143707459792, 0.154813662171, 0.372943639755, 5.65547466278, 42.7887496948, 6.64025688171, 40.4935302734, 22.5933952332, 138.18572998, 101.94342804, 1146.96289062, 3322.47436523, 6262.46533203, 6858.26464844, 3488.49536133, 1042.46032715, 562.843322754, 2760.57788086, 8339.19628906, 1334.21765137, 2226.62573242, 2252.93115234, 421.798797607, 236.504470825, 319.030487061, 186.815856934, 92.8458023071, 146.640563965, 300.689819336, 590.94720459, 18.605512619, 4.61925601959, 6.66780471802, 4.03451824188, 0.968882679939, 0.135853365064, 0.0157385151833, 0.000440931529738, 1.52758439071e-05, 2.8011383435e-08],
        "dvar2": [0.0192358698696, 0.36290961504, 0.839688181877, 14.3893890381, 95.7694473267, 15.843421936, 91.0430755615, 54.0633850098, 260.653137207, 260.957183838, 2290.15185547, 5938.52734375, 17626.1210938, 18755.5859375, 9114.02148438, 2456.41650391, 1538.24377441, 7389.87597656, 25043.6816406, 3215.97998047, 4858.24023438, 5515.53076172, 1204.21984863, 491.504272461, 674.491210938, 373.233215332, 213.289733887, 365.702728271, 699.992431641, 1246.47216797, 38.3967666626, 10.4947977066, 16.1935501099, 9.06163215637, 2.10971522331, 0.200601100922, 0.0225512366742, 0.000610175949987, 2.43666599999e-05, 4.90091203176e-08],
        "max": [2.36547803879, 7.71177577972, 11.9572992325, 77.7288970947, 123.480194092, 38.0929107666, 94.5973587036, 78.5914916992, 311.432189941, 254.893203735, 1233.02490234, 1843.37182617, 1788.25488281, 1906.55664062, 2096.02856445, 1295.63500977, 345.860290527, 998.929382324, 1379.73339844, 1209.43579102, 1467.1270752, 1183.00048828, 552.874328613, 485.941802979, 709.342285156, 625.535583496, 406.356903076, 322.759002686, 739.951049805, 1060.88989258, 142.021850586, 67.3898773193, 84.6817779541, 74.6215896606, 33.0989837646, 12.2899837494, 5.04523420334, 0.688006520271, 0.130906686187, 0.00480475975201],
        "mean": [0.192369192839, 0.697413742542, 0.966734051704, 1.78988492489, 6.65119981766, 3.26249098778, 6.66052055359, 5.40128183365, 9.6523733139, 7.83160829544, 15.1307468414, 18.3350982666, 23.2237415314, 21.7077693939, 16.0124530792, 18.6433773041, 20.705789566, 26.6796035767, 33.5256843567, 12.6767902374, 19.3288555145, 21.9697551727, 12.408870697, 11.7878894806, 9.26861476898, 7.06165838242, 6.69154214859, 7.40388870239, 10.2306909561, 7.96965885162, 3.13908314705, 1.86883664131, 1.88699352741, 1.4142318964, 0.818345487118, 0.315358996391, 0.0962326899171, 0.018058238551, 0.00272082537413, 0.000162629788974],
        "median": [0.114862196147, 0.408067464828, 0.446543842554, 0.926451802254, 2.8508348465, 2.19471597672, 3.45351982117, 3.24200415611, 2.63431954384, 3.48441529274, 5.86219024658, 5.13786363602, 5.85514068604, 4.81496810913, 3.79997229576, 3.97143912315, 5.37223529816, 4.51043558121, 3.81645560265, 3.4258954525, 3.79127931595, 3.34864449501, 3.01997923851, 2.47517061234, 2.20564985275, 1.96619296074, 1.85355019569, 1.60566020012, 1.29417347908, 1.06351077557, 0.791717708111, 0.586163699627, 0.392050325871, 0.233318939805, 0.118549145758, 0.0524581372738, 0.0175570789725, 0.00426697218791, 0.000691122259013, 6.00157873123e-05],
        "min": [2.8493544825e-21, 1.24064393368e-20, 1.24082681814e-20, 6.27697542159e-20, 1.1476946176e-19, 1.31810933342e-19, 5.42905002401e-19, 5.95479826653e-19, 7.30287467333e-19, 7.11136374996e-19, 8.65757834781e-19, 1.19426165491e-18, 1.76263647895e-18, 4.17278952782e-18, 7.10031737327e-18, 3.43230344052e-18, 5.13566994704e-18, 6.22971432805e-18, 3.81644466943e-18, 6.96677981672e-18, 1.2483591429e-17, 7.5428242594e-18, 1.1126322047e-17, 8.89124529032e-18, 1.01186721315e-17, 1.29556311445e-17, 1.59544115007e-17, 3.03843886895e-17, 2.12344410083e-17, 1.61024685586e-17, 1.04121582944e-17, 1.36522479148e-17, 1.49969962638e-17, 1.07676863119e-17, 9.32656894002e-18, 4.85919351269e-18, 2.69347853869e-18, 1.24664669291e-18, 3.05049346508e-19, 3.57864020826e-20],
        "var": [0.0797820314765, 0.811214625835, 2.24852347374, 7.43648767471, 106.359596252, 15.357758522, 83.936630249, 50.8878974915, 717.43548584, 239.258850098, 1723.81359863, 4795.21435547, 7658.58007812, 8187.52978516, 5368.68798828, 3579.45996094, 1373.51428223, 6187.51757812, 14210.8505859, 2432.87036133, 6999.17773438, 4914.79296875, 957.380371094, 1184.02758789, 1120.68933105, 625.699890137, 418.316772461, 595.453674316, 1717.84814453, 2323.91552734, 113.06880188, 31.1824188232, 41.925037384, 20.987827301, 4.01288843155, 0.570426762104, 0.0697083696723, 0.00214144866914, 4.96095526614e-05, 1.09897676737e-07]
    },
    "gfcc": {
        "mean": [-85.3438491821, 90.3069000244, -67.1642227173, 26.281129837, -40.6532058716, 16.2352695465, -25.267698288, 9.89713382721, -15.8081331253, 5.03001976013, -13.2377071381, 2.25090074539, -8.56879806519],
        "cov": [[35493.2851562, -6738.359375, -7812.91552734, -1142.8671875, -2289.73706055, 142.139846802, -1862.2479248, 132.552612305, -1470.66845703, 445.98815918, -1010.91815186, 459.504730225, -496.882263184], [-6738.359375, 1692.07409668, 1605.0201416, 248.638839722, 464.504455566, -4.1937456131, 399.171600342, -33.3715515137, 321.926940918, -108.052284241, 217.692581177, -106.237800598, 106.872505188], [-7812.91552734, 1605.0201416, 1939.39904785, 305.689117432, 534.88470459, -19.0262546539, 441.291595459, -22.512720108, 336.372558594, -79.9929962158, 235.535919189, -101.283233643, 104.757377625], [-1142.8671875, 248.638839722, 305.689117432, 223.758972168, 53.3323440552, 5.82150030136, 66.8586807251, -8.46618270874, 69.9517059326, -20.4251728058, 34.0251045227, -18.3501377106, 29.2298812866], [-2289.73706055, 464.504455566, 534.88470459, 53.3323440552, 256.087280273, 2.99326467514, 129.60647583, 4.14963912964, 103.680778503, -30.9657840729, 71.1255340576, -29.4536533356, 35.0576248169], [142.139846802, -4.1937456131, -19.0262546539, 5.82150030136, 2.99326467514, 71.4563140869, 20.6049804688, -1.40386652946, 5.66716051102, 11.3284254074, 4.02439594269, -0.0184301417321, -2.81378388405], [-1862.2479248, 399.171600342, 441.291595459, 66.8586807251, 129.60647583, 20.6049804688, 166.100662231, 13.9981222153, 97.3429031372, -15.7305669785, 67.4340362549, -21.7968616486, 28.8159828186], [132.552612305, -33.3715515137, -22.512720108, -8.46618270874, 4.14963912964, -1.40386652946, 13.9981222153, 59.3590240479, 13.1238870621, 13.4318571091, -0.152626976371, 5.33086252213, 2.300552845], [-1470.66845703, 321.926940918, 336.372558594, 69.9517059326, 103.680778503, 5.66716051102, 97.3429031372, 13.1238870621, 141.840621948, -0.827282607555, 52.5581703186, -20.0475330353, 28.8595085144], [445.98815918, -108.052284241, -79.9929962158, -20.4251728058, -30.9657840729, 11.3284254074, -15.7305669785, 13.4318571091, -0.827282607555, 61.6839065552, 14.9013748169, 12.6611833572, -6.83641529083], [-1010.91815186, 217.692581177, 235.535919189, 34.0251045227, 71.1255340576, 4.02439594269, 67.4340362549, -0.152626976371, 52.5581703186, 14.9013748169, 78.5662155151, 4.44561958313, 20.6219615936], [459.504730225, -106.237800598, -101.283233643, -18.3501377106, -29.4536533356, -0.0184301417321, -21.7968616486, 5.33086252213, -20.0475330353, 12.6611833572, 4.44561958313, 44.4417152405, 8.80266857147], [-496.882263184, 106.872505188, 104.757377625, 29.2298812866, 35.0576248169, -2.81378388405, 28.8159828186, 2.300552845, 28.8595085144, -6.83641529083, 20.6219615936, 8.80266857147, 46.7831802368]],
        "icov": [[0.000366081891116, -0.000152187960339, 0.00112420227379, -0.000289991265163, 0.000179927490535, -0.000444223784143, 0.000407643005019, -0.00043284604908, 0.000563444569707, -0.00116269337013, 0.00111642270349, -0.000997895025648, 0.000686476181727], [-0.000152187960339, 0.00442381715402, -0.00266819726676, 0.000908071058802, 0.000367865519365, -0.000450782681582, -0.000879080093, 0.00106561987195, -0.00239865481853, 0.0055602742359, -0.00524526368827, 0.00445390539244, -0.00236239866354], [0.00112420227379, -0.00266819726676, 0.00753759220243, -0.00273027364165, -0.00248487130739, 0.00136115518399, -0.00248922477476, 0.000345671316609, 0.00206784810871, -0.00606368575245, 0.00391041953117, -0.00319236703217, 0.00303844339214], [-0.000289991265163, 0.000908071058802, -0.00273027364165, 0.0070201093331, 0.00238498672843, -0.00143332174048, 0.000964753096923, 0.000295927573461, -0.00252744904719, 0.00376319000497, -0.00232886779122, 0.00252740061842, -0.00324904243462], [0.000179927490535, 0.000367865519365, -0.00248487130739, 0.00238498672843, 0.0111813601106, -0.00264735310338, 0.00167222716846, -0.00279043801129, -0.00139440863859, 0.00426798732951, -0.00324389338493, 0.00172047084197, -0.00169621116947], [-0.000444223784143, -0.000450782681582, 0.00136115518399, -0.00143332174048, -0.00264735310338, 0.0187971591949, -0.00885767675936, 0.00482996366918, -0.000182980962563, -0.00476268911734, 0.00185685243923, 0.000236697727814, 0.00104592682328], [0.000407643005019, -0.000879080093, -0.00248922477476, 0.000964753096923, 0.00167222716846, -0.00885767675936, 0.0237761549652, -0.00864633731544, -0.00241983821616, 0.00432452559471, -0.00598036590964, 0.00049234891776, -2.84763173113e-05], [-0.00043284604908, 0.00106561987195, 0.000345671316609, 0.000295927573461, -0.00279043801129, 0.00482996366918, -0.00864633731544, 0.0229785162956, -0.00354152731597, -0.00480497581884, 0.00376496394165, -0.00124842091464, -0.001355361077], [0.000563444569707, -0.00239865481853, 0.00206784810871, -0.00252744904719, -0.00139440863859, -0.000182980962563, -0.00241983821616, -0.00354152731597, 0.0171143524349, -0.00761348800734, 0.00256937602535, 0.000405496452004, -0.00176768563688], [-0.00116269337013, 0.0055602742359, -0.00606368575245, 0.00376319000497, 0.00426798732951, -0.00476268911734, 0.00432452559471, -0.00480497581884, -0.00761348800734, 0.0368896871805, -0.0232739280909, 0.00709995254874, -0.00072593864752], [0.00111642270349, -0.00524526368827, 0.00391041953117, -0.00232886779122, -0.00324389338493, 0.00185685243923, -0.00598036590964, 0.00376496394165, 0.00256937602535, -0.0232739280909, 0.0419602505863, -0.0185873378068, 0.00259501929395], [-0.000997895025648, 0.00445390539244, -0.00319236703217, 0.00252740061842, 0.00172047084197, 0.000236697727814, 0.00049234891776, -0.00124842091464, 0.000405496452004, 0.00709995254874, -0.0185873378068, 0.0418792851269, -0.0156201301143], [0.000686476181727, -0.00236239866354, 0.00303844339214, -0.00324904243462, -0.00169621116947, 0.00104592682328, -2.84763173113e-05, -0.001355361077, -0.00176768563688, -0.00072593864752, 0.00259501929395, -0.0156201301143, 0.0334869511425]]
    },
    "melbands": {
        "dmean": [0.000404581369366, 0.000179325259523, 0.000248933356488, 0.000150279054651, 0.00012933711696, 6.49301000522e-05, 6.34228636045e-05, 7.13453264325e-05, 7.3992923717e-05, 7.66038065194e-05, 8.61022053869e-05, 7.24081764929e-05, 2.93704561045e-05, 3.30333168677e-05, 2.65153994405e-05, 3.20753606502e-05, 3.09722563543e-05, 4.69346596219e-05, 7.57573525334e-06, 1.23790387079e-05, 1.12721809273e-05, 1.44511159306e-05, 6.57609461996e-06, 4.43257067673e-06, 4.26054748459e-06, 3.74052956431e-06, 3.31753108185e-06, 2.00825365937e-06, 1.66427344084e-06, 2.23035544877e-06, 1.61377113272e-06, 2.0933189262e-06, 2.73362729786e-06, 1.80841936981e-06, 6.32899798347e-07, 4.58570951878e-07, 3.30758638256e-07, 4.42473066187e-07, 3.94682672322e-07, 4.04076502036e-07],
        "dmean2": [0.00051290547708, 0.000283026893158, 0.000375202158466, 0.000233779966948, 0.000195898013772, 9.96139206109e-05, 9.5599789347e-05, 0.000111542962259, 0.000113745452836, 0.0001172645716, 0.000142245437019, 0.000119314157928, 4.75592205476e-05, 5.27251213498e-05, 4.39848590759e-05, 5.48105999769e-05, 5.17048938491e-05, 8.0830148363e-05, 1.24593989312e-05, 1.99789155886e-05, 1.77630772669e-05, 2.32211714319e-05, 1.09681686808e-05, 7.12129030944e-06, 6.49656522e-06, 5.97962434767e-06, 4.9920067795e-06, 3.29252952724e-06, 2.69000815933e-06, 3.61989259545e-06, 2.5766833005e-06, 3.19856803799e-06, 4.01894430979e-06, 2.87364969154e-06, 9.33095236633e-07, 7.30397232473e-07, 5.21430422395e-07, 7.35831122256e-07, 6.18573892552e-07, 6.23036271463e-07],
        "dvar": [6.40173425381e-07, 1.40739317089e-07, 3.52260059344e-07, 7.6202312016e-08, 4.55836506319e-08, 1.07375193181e-08, 2.71310156563e-08, 2.04990460162e-08, 7.64560255107e-08, 1.33154344439e-07, 2.10815329638e-07, 1.79557275715e-07, 4.10343297119e-08, 1.76292243026e-08, 4.3669992067e-09, 4.77661288301e-09, 1.69276734852e-08, 4.20525090306e-08, 1.22737020547e-09, 3.97451760392e-09, 5.34031086019e-09, 4.26716217916e-09, 6.48887221733e-10, 2.13090031731e-10, 2.07087874626e-10, 3.83045983821e-10, 4.87234419477e-10, 8.68183649971e-11, 3.64244363837e-11, 1.26316235249e-10, 4.99495930728e-11, 8.70637173467e-11, 4.38945407799e-10, 1.86411150405e-10, 7.46263901369e-12, 4.16377305898e-12, 1.6380175211e-12, 4.08606959032e-12, 2.90088352645e-12, 3.27222125264e-12],
        "dvar2": [9.63077127381e-07, 3.39349298883e-07, 8.5260967353e-07, 1.71400429849e-07, 1.0054353794e-07, 2.51845708732e-08, 5.34578106226e-08, 4.83628603831e-08, 1.53928752411e-07, 2.32842253922e-07, 5.96678489728e-07, 4.94658195294e-07, 1.02477486053e-07, 3.52055629094e-08, 1.13791474021e-08, 1.28973924873e-08, 4.59379556617e-08, 1.26673526779e-07, 2.69274469389e-09, 9.65956648002e-09, 1.11090310284e-08, 1.00325818764e-08, 1.76004966157e-09, 5.71274194616e-10, 4.45749465117e-10, 9.9546071386e-10, 9.74949121435e-10, 2.36605152137e-10, 9.0185921231e-11, 3.27968929792e-10, 1.27640537029e-10, 2.06091158028e-10, 9.22719789465e-10, 5.12716702428e-10, 1.6379906112e-11, 1.03548784131e-11, 3.82920344738e-12, 1.01763797042e-11, 6.68617071431e-12, 7.19516460301e-12],
        "max": [0.0162064135075, 0.00812151934952, 0.017262622714, 0.0053633521311, 0.0032090190798, 0.0015864536399, 0.00412564538419, 0.00388425472192, 0.00866694841534, 0.0122160632163, 0.0103620635346, 0.00974602345377, 0.00744122918695, 0.00530367949978, 0.00110364984721, 0.00111057912, 0.00260450481437, 0.0030740222428, 0.00125384924468, 0.0023334347643, 0.00259312847629, 0.00176555791404, 0.00065976526821, 0.000299504434224, 0.000417534756707, 0.000823116512038, 0.000903214677237, 0.000340059952578, 0.000216911605094, 0.000382732221624, 0.000161088682944, 0.000341999228112, 0.00091030378826, 0.000550631899387, 7.57060843171e-05, 6.11129580648e-05, 3.73475268134e-05, 6.69338623993e-05, 6.98417134117e-05, 6.87749488861e-05],
        "mean": [0.00145359151065, 0.00065552489832, 0.000533540267497, 0.000331234623445, 0.000227521115448, 0.000123868157971, 0.000132797053084, 0.000110432323709, 0.000106678351585, 0.000118647250929, 0.000124635917018, 0.000102173915366, 4.48314131063e-05, 5.78200379096e-05, 4.41336524091e-05, 4.93745974381e-05, 5.3364183259e-05, 7.15833593858e-05, 1.32458262669e-05, 2.14888841583e-05, 2.26371012104e-05, 2.59195148828e-05, 1.23137415358e-05, 8.84108158061e-06, 9.91654087557e-06, 8.00212728791e-06, 5.93713184571e-06, 4.42826876679e-06, 3.96361519961e-06, 4.82168843519e-06, 3.73179955204e-06, 5.38818949281e-06, 6.34798243482e-06, 3.80652681997e-06, 1.78583638899e-06, 1.34696824716e-06, 1.0147333569e-06, 1.2995550378e-06, 1.28750502881e-06, 1.15063153316e-06],
        "median": [0.000905420805793, 0.000369133864297, 0.000264535774477, 0.000190627441043, 0.000119948548672, 7.15763089829e-05, 3.65243213309e-05, 4.7226814786e-05, 3.99908531108e-05, 3.24087741319e-05, 2.83269946522e-05, 1.98570560315e-05, 1.05850167529e-05, 1.26358900161e-05, 8.95709035831e-06, 1.12780353447e-05, 7.44663520891e-06, 6.3695888457e-06, 4.60430101157e-06, 4.21072672907e-06, 3.98519932787e-06, 3.56778991772e-06, 2.84282123175e-06, 2.36517848862e-06, 1.90981177184e-06, 1.72101351836e-06, 1.32965749344e-06, 1.24437212889e-06, 1.18969398955e-06, 9.96822336674e-07, 8.59771205342e-07, 7.27203484985e-07, 6.3858823296e-07, 5.61342119454e-07, 4.57007416799e-07, 3.8829560367e-07, 3.3972716551e-07, 2.77266508419e-07, 2.23393058718e-07, 1.87694013221e-07],
        "min": [2.22799121421e-23, 9.57611269053e-24, 1.37522026944e-23, 8.25401810098e-24, 1.52846454666e-23, 1.57848842547e-23, 1.03736463325e-23, 6.93239919456e-24, 7.05760088654e-24, 7.43030610983e-24, 8.71292846626e-24, 1.50458967136e-23, 2.7196424625e-23, 1.20882173662e-23, 7.9028266923e-24, 1.43777867472e-23, 1.09270283132e-23, 5.42921606219e-24, 7.76016750848e-24, 1.24173104144e-23, 1.61285104873e-23, 7.16826860522e-24, 1.09041395141e-23, 8.09140231398e-24, 7.08102611113e-24, 7.16845319867e-24, 8.17398421784e-24, 8.65374417685e-24, 8.04664076849e-24, 1.79535338806e-23, 1.7112027554e-23, 1.34222600431e-23, 9.52488248562e-24, 7.80226822613e-24, 5.5618034644e-24, 6.80083612823e-24, 8.46803922001e-24, 9.71693303958e-24, 1.10047642446e-23, 8.60876648347e-24],
        "var": [3.77139053853e-06, 8.08748609415e-07, 6.20245884875e-07, 2.04764532441e-07, 9.78641594429e-08, 2.75420166673e-08, 1.38786148796e-07, 4.30816662345e-08, 1.04651171284e-07, 1.97379677047e-07, 2.45631980533e-07, 1.99053914685e-07, 5.51458079201e-08, 6.00302172415e-08, 8.97641960762e-09, 9.40779099068e-09, 3.33874758951e-08, 7.08306870933e-08, 2.19295914761e-09, 9.15770126397e-09, 1.63786619822e-08, 9.55940127056e-09, 1.09982722929e-09, 4.88337092985e-10, 9.2160135079e-10, 9.11864472819e-10, 9.39577082804e-10, 2.26771879053e-10, 1.37985012305e-10, 3.21367543688e-10, 1.5522619301e-10, 4.22667595368e-10, 1.62790092517e-09, 5.01791996843e-10, 3.42111235174e-11, 1.90065862354e-11, 8.6407764624e-12, 2.0284000174e-11, 2.03116117675e-11, 1.3475880134e-11]
    },
    "mfcc": {
        "mean": [-733.957336426, 123.094581604, 31.5243740082, 25.8485393524, 11.8841228485, 12.171040535, 6.80560159683, 7.32236909866, 5.46587944031, 4.2091178894, 6.49194478989, 2.65716505051, -2.64438986778],
        "cov": [[29737.3535156, -2700.98999023, -5919.45019531, -2588.01220703, -1501.04907227, -876.934570312, -1051.51757812, -670.766052246, -541.43572998, -770.863220215, -514.390991211, -486.398132324, -127.552886963], [-2700.98999023, 725.126403809, 582.914978027, 157.943771362, 76.2719802856, 78.0096740723, 132.829086304, 66.7410736084, 21.594751358, 65.2521743774, 69.1498260498, 88.0005493164, -4.95538902283], [-5919.45019531, 582.914978027, 1341.14855957, 587.885620117, 312.326416016, 208.425796509, 206.886169434, 144.874389648, 121.602539062, 172.062820435, 120.452590942, 92.6605529785, 24.3658332825], [-2588.01220703, 157.943771362, 587.885620117, 367.431915283, 172.761642456, 82.5507049561, 85.9887542725, 68.9800186157, 60.7605705261, 80.1964416504, 36.1037521362, 27.3023147583, 13.0112638474], [-1501.04907227, 76.2719802856, 312.326416016, 172.761642456, 160.825073242, 64.4533081055, 56.780380249, 36.7434501648, 37.765625, 43.5357322693, 27.14087677, 17.3102245331, 9.85540866852], [-876.934570312, 78.0096740723, 208.425796509, 82.5507049561, 64.4533081055, 95.282875061, 45.282699585, 25.4977321625, 17.9970741272, 25.9281673431, 20.3472003937, 13.3948793411, 8.6330909729], [-1051.51757812, 132.829086304, 206.886169434, 85.9887542725, 56.780380249, 45.282699585, 99.0085525513, 36.0715103149, 15.7646198273, 22.318567276, 24.3925437927, 22.1466407776, 6.39654874802], [-670.766052246, 66.7410736084, 144.874389648, 68.9800186157, 36.7434501648, 25.4977321625, 36.0715103149, 61.4425048828, 32.7141189575, 20.9110031128, 13.1784887314, 9.33751773834, 4.97959184647], [-541.43572998, 21.594751358, 121.602539062, 60.7605705261, 37.765625, 17.9970741272, 15.7646198273, 32.7141189575, 59.9914093018, 35.5922164917, 16.1593532562, 5.24690246582, 4.77818441391], [-770.863220215, 65.2521743774, 172.062820435, 80.1964416504, 43.5357322693, 25.9281673431, 22.318567276, 20.9110031128, 35.5922164917, 64.0606689453, 31.4860591888, 13.5640993118, 4.33481264114], [-514.390991211, 69.1498260498, 120.452590942, 36.1037521362, 27.14087677, 20.3472003937, 24.3925437927, 13.1784887314, 16.1593532562, 31.4860591888, 68.0004653931, 33.2003250122, 4.29345798492], [-486.398132324, 88.0005493164, 92.6605529785, 27.3023147583, 17.3102245331, 13.3948793411, 22.1466407776, 9.33751773834, 5.24690246582, 13.5640993118, 33.2003250122, 52.602432251, 16.6818218231], [-127.552886963, -4.95538902283, 24.3658332825, 13.0112638474, 9.85540866852, 8.6330909729, 6.39654874802, 4.97959184647, 4.77818441391, 4.33481264114, 4.29345798492, 16.6818218231, 40.543006897]],
