{
"lowlevel": {
    "average_loudness": 0.944082140923,
    "barkbands_crest": {
        "dmean": 2.08987832069,
        "dmean2": 3.51536107063,
        "dvar": 3.9180393219,
        "dvar2": 9.27372455597,
        "max": 24.2927303314,
        "mean": 9.11327838898,
        "median": 8.11851215363,
        "min": 3.1812722683,
        "var": 13.7446403503
    },
    "barkbands_flatness_db": {
        "dmean": 0.018734594807,
        "dmean2": 0.0300265587866,
        "dvar": 0.000356390606612,
        "dvar2": 0.000767298915889,
        "max": 0.345663249493,
        "mean": 0.184041336179,
        "median": 0.177740290761,
        "min": 0.0570034235716,
        "var": 0.00291928905062
    },
    "barkbands_kurtosis": {
        "dmean": 2.05490016937,
        "dmean2": 3.29950070381,
        "dvar": 10.6990337372,
        "dvar2": 23.4605236053,
        "max": 52.9722328186,
        "mean": 3.93790078163,
        "median": 2.10628557205,
        "min": -1.60465455055,
        "var": 41.0874061584
    },
    "barkbands_skewness": {
        "dmean": 0.384722083807,
        "dmean2": 0.615983426571,
        "dvar": 0.163643881679,
        "dvar2": 0.341905713081,
        "max": 6.08863019943,
        "mean": 1.39516639709,
        "median": 1.2463196516,
        "min": -4.43042612076,
        "var": 0.95617878437
    },
    "barkbands_spread": {
        "dmean": 2.41338682175,
        "dmean2": 3.92734646797,
        "dvar": 7.5611410141,
        "dvar2": 18.2602615356,
        "max": 44.8892478943,
        "mean": 10.78561306,
        "median": 9.73925590515,
        "min": 1.23293733597,
        "var": 30.7882957458
    },
    "dissonance": {
        "dmean": 0.0232626385987,
        "dmean2": 0.0400492586195,
        "dvar": 0.000425128644565,
        "dvar2": 0.00122047541663,
        "max": 0.499944984913,
        "mean": 0.458767682314,
        "median": 0.463670432568,
        "min": 0.299063235521,
        "var": 0.000706230115611
    },
    "dynamic_complexity": 2.4892809391,
    "erbbands_crest": {
        "dmean": 2.17599105835,
        "dmean2": 3.6930129528,
        "dvar": 4.29710531235,
        "dvar2": 11.2183322906,
        "max": 25.9176635742,
        "mean": 8.47625923157,
        "median": 7.7156996727,
        "min": 3.0092458725,
        "var": 10.7275753021
    },
    "erbbands_flatness_db": {
        "dmean": 0.0146320331842,
        "dmean2": 0.0230336375535,
        "dvar": 0.000161335061421,
        "dvar2": 0.000386629748391,
        "max": 0.396923720837,
        "mean": 0.219002529979,
        "median": 0.212333574891,
        "min": 0.087688818574,
        "var": 0.00281837233342
    },
    "erbbands_kurtosis": {
        "dmean": 0.716579079628,
        "dmean2": 1.17913603783,
        "dvar": 0.540933966637,
        "dvar2": 1.39049327374,
        "max": 7.71272754669,
        "mean": 0.50793492794,
        "median": 0.33718252182,
        "min": -1.57455790043,
        "var": 1.27073264122
    },
    "erbbands_skewness": {
        "dmean": 0.305411428213,
        "dmean2": 0.507468998432,
        "dvar": 0.0721448510885,
        "dvar2": 0.181110084057,
        "max": 2.74634766579,
        "mean": 0.608746230602,
        "median": 0.612561047077,
        "min": -1.16052043438,
        "var": 0.233612164855
    },
    "erbbands_spread": {
        "dmean": 3.95307087898,
        "dmean2": 6.34740447998,
        "dvar": 15.3466281891,
        "dvar2": 37.8376960754,
        "max": 80.0449447632,
        "mean": 23.1386966705,
        "median": 21.7410335541,
        "min": 5.10496234894,
        "var": 93.9871826172
    },
    "hfc": {
        "dmean": 2.98113155365,
        "dmean2": 4.92222547531,
        "dvar": 10.1905908585,
        "dvar2": 27.4456157684,
        "max": 51.523727417,
        "mean": 14.8251914978,
        "median": 13.8894615173,
        "min": 1.2067679723e-16,
        "var": 83.756111145
    },
    "melbands_crest": {
        "dmean": 2.69911456108,
        "dmean2": 4.46114873886,
        "dvar": 7.59221124649,
        "dvar2": 17.3225307465,
        "max": 32.7835617065,
        "mean": 12.6565532684,
        "median": 11.2701568604,
        "min": 2.10984873772,
        "var": 32.1925582886
    },
    "melbands_flatness_db": {
        "dmean": 0.022018827498,
        "dmean2": 0.0352694839239,
        "dvar": 0.000559004198294,
        "dvar2": 0.00120102195069,
        "max": 0.454883515835,
        "mean": 0.254794329405,
        "median": 0.25365743041,
        "min": 0.00716715492308,
        "var": 0.00423395214602
    },
    "melbands_kurtosis": {
        "dmean": 3.36571359634,
        "dmean2": 5.25820732117,
        "dvar": 40.2800674438,
        "dvar2": 81.2732467651,
        "max": 130.350280762,
        "mean": 7.62275743484,
        "median": 4.25130987167,
        "min": -1.31589150429,
        "var": 153.828933716
    },
    "melbands_skewness": {
        "dmean": 0.446948826313,
        "dmean2": 0.700193941593,
        "dvar": 0.237572804093,
        "dvar2": 0.468503028154,
        "max": 9.86431598663,
        "mean": 1.8930208683,
        "median": 1.64256668091,
        "min": -0.856206953526,
        "var": 1.45836174488
    },
    "melbands_spread": {
        "dmean": 3.24930620193,
        "dmean2": 5.34821033478,
        "dvar": 19.2185935974,
        "dvar2": 45.1806983948,
        "max": 152.975738525,
        "mean": 14.0171546936,
        "median": 12.6839437485,
        "min": 1.00386250019,
        "var": 122.177185059
    },
    "pitch_salience": {
        "dmean": 0.060787178576,
        "dmean2": 0.0988485738635,
        "dvar": 0.00315679446794,
        "dvar2": 0.0075521832332,
        "max": 0.864987969398,
        "mean": 0.629726171494,
        "median": 0.657688677311,
        "min": 0.121910519898,
        "var": 0.0148346005008
    },
    "silence_rate_20dB": {
        "dmean": 0,
        "dmean2": 0,
        "dvar": 0,
        "dvar2": 0,
        "max": 1,
        "mean": 1,
        "median": 1,
        "min": 1,
        "var": 0
    },
    "silence_rate_30dB": {
        "dmean": 0,
        "dmean2": 0,
        "dvar": 0,
        "dvar2": 0,
        "max": 1,
        "mean": 1,
        "median": 1,
        "min": 1,
        "var": 0
    },
    "silence_rate_60dB": {
        "dmean": 0.00696594407782,
        "dmean2": 0.013937282376,
        "dvar": 0.00691750831902,
        "dvar2": 0.016840396449,
        "max": 1,
        "mean": 0.025145066902,
        "median": 0,
        "min": 0,
        "var": 0.0245134420693
    },
    "spectral_centroid": {
        "dmean": 135.062316895,
        "dmean2": 219.913299561,
        "dvar": 44007.7304688,
        "dvar2": 79510.8359375,
        "max": 10866.9882812,
        "mean": 795.933959961,
        "median": 694.647766113,
        "min": 200.685317993,
        "var": 241425.78125
    },
    "spectral_complexity": {
        "dmean": 2.66253876686,
        "dmean2": 4.39837408066,
        "dvar": 5.2134680748,
        "dvar2": 13.3120326996,
        "max": 38,
        "mean": 18.3535785675,
        "median": 18,
        "min": 0,
        "var": 35.0145149231
    },
    "spectral_decrease": {
        "dmean": 1.89758897484e-09,
        "dmean2": 3.15621662139e-09,
        "dvar": 5.48447670852e-18,
        "dvar2": 1.37369958773e-17,
        "max": 9.63356511296e-17,
        "mean": -7.44496819749e-09,
        "median": -6.25019414002e-09,
        "min": -2.7918682477e-08,
        "var": 2.53823183376e-17
    },
    "spectral_energy": {
        "dmean": 0.00738554913551,
        "dmean2": 0.0122678065673,
        "dvar": 8.07198302937e-05,
        "dvar2": 0.000203109389986,
        "max": 0.108023442328,
        "mean": 0.0294437203556,
        "median": 0.0249807070941,
        "min": 1.07999915793e-20,
        "var": 0.000383593724109
    },
    "spectral_energyband_high": {
        "dmean": 5.69816947973e-05,
        "dmean2": 8.82430031197e-05,
        "dvar": 1.15041016713e-08,
        "dvar2": 2.82694703202e-08,
        "max": 0.00169306970201,
        "mean": 0.00013972115994,
        "median": 4.20982287324e-05,
        "min": 7.81942799555e-21,
        "var": 5.12979383416e-08
    },
    "spectral_energyband_low": {
        "dmean": 0.00280475383624,
        "dmean2": 0.00488075427711,
        "dvar": 4.19175703428e-05,
        "dvar2": 0.000128719664644,
        "max": 0.0801892206073,
        "mean": 0.00582295190543,
        "median": 0.00333209661767,
        "min": 1.55836669792e-22,
        "var": 6.99169613654e-05
    },
    "spectral_energyband_middle_high": {
        "dmean": 0.00151645345613,
        "dmean2": 0.00246504717506,
        "dvar": 3.83710812457e-06,
        "dvar2": 9.78389198281e-06,
        "max": 0.0301308631897,
        "mean": 0.00498433876783,
        "median": 0.00398886715993,
        "min": 1.44966057971e-21,
        "var": 1.48012686623e-05
    },
    "spectral_energyband_middle_low": {
        "dmean": 0.00649946182966,
        "dmean2": 0.0107581941411,
        "dvar": 6.52484668535e-05,
        "dvar2": 0.000150614068843,
        "max": 0.101988956332,
        "mean": 0.0209994465113,
        "median": 0.0159985721111,
        "min": 3.10550557014e-22,
        "var": 0.00030287032132
    },
    "spectral_entropy": {
        "dmean": 0.155117020011,
        "dmean2": 0.250331073999,
        "dvar": 0.0246439278126,
        "dvar2": 0.0548693723977,
        "max": 9.80814361572,
        "mean": 7.1015996933,
        "median": 7.10616540909,
        "min": 5.71298027039,
        "var": 0.172458231449
    },
    "spectral_flux": {
        "dmean": 0.0178717356175,
        "dmean2": 0.0285357292742,
        "dvar": 0.000484182935907,
        "dvar2": 0.00115570891649,
        "max": 0.279499411583,
        "mean": 0.081926330924,
        "median": 0.080044336617,
        "min": 1.03923009087e-10,
        "var": 0.00150955840945
    },
    "spectral_kurtosis": {
        "dmean": 4.71754026413,
        "dmean2": 8.22356796265,
        "dvar": 32.5786132812,
        "dvar2": 98.424407959,
        "max": 65.05078125,
        "mean": 11.7819356918,
        "median": 8.82255744934,
        "min": -1.26350593567,
        "var": 89.0643157959
    },
    "spectral_rms": {
        "dmean": 0.000634290452581,
        "dmean2": 0.00104700494558,
        "dvar": 4.26757651439e-07,
        "dvar2": 1.02650608369e-06,
        "max": 0.0102659007534,
        "mean": 0.00505912397057,
        "median": 0.00493674213067,
        "min": 3.24600936408e-12,
        "var": 3.13088526127e-06
    },
    "spectral_rolloff": {
        "dmean": 188.189224243,
        "dmean2": 322.940673828,
        "dvar": 219864.859375,
        "dvar2": 473883.09375,
        "max": 20521.1425781,
        "mean": 978.421264648,
        "median": 861.328125,
        "min": 172.265625,
        "var": 2425708.75
    },
    "spectral_skewness": {
        "dmean": 0.402161449194,
        "dmean2": 0.680753290653,
        "dvar": 0.156488478184,
        "dvar2": 0.462801486254,
        "max": 5.87543010712,
        "mean": 2.32712078094,
        "median": 2.19932723045,
        "min": 0.00707385223359,
        "var": 0.693201720715
    },
    "spectral_spread": {
        "dmean": 303784.90625,
        "dmean2": 478794,
        "dvar": 450283274240,
        "dvar2": 539034386432,
        "max": 42552036,
        "mean": 2777965.25,
        "median": 2621553.25,
        "min": 979265.125,
        "var": 2.02673671373e+12
    },
    "spectral_strongpeak": {
        "dmean": 0.428560584784,
        "dmean2": 0.73011893034,
        "dvar": 0.301556736231,
        "dvar2": 0.766661345959,
        "max": 6.32290744781,
        "mean": 0.905158698559,
        "median": 0.750998318195,
        "min": 5.98744787084e-09,
        "var": 0.510246813297
    },
    "zerocrossingrate": {
        "dmean": 0.00445858994499,
        "dmean2": 0.00560757843778,
        "dvar": 7.67348319641e-05,
        "dvar2": 7.33679698897e-05,
        "max": 0.6435546875,
        "mean": 0.0380517467856,
        "median": 0.03271484375,
        "min": 0.00732421875,
        "var": 0.00228525255807
    },
    "barkbands": {
        "dmean": [7.82948918641e-05, 0.00074989447603, 0.000951229245402, 0.00282740732655, 0.00216514617205, 0.00125789572485, 0.00246495753527, 0.00147870695218, 0.000660016259644, 0.000590753974393, 0.000575683137868, 0.00071752036456, 0.000195923188585, 0.000143697558087, 0.00018775476201, 0.000164024400874, 8.64369285409e-05, 6.82858953951e-05, 5.6047570979e-05, 5.87694812566e-05, 1.81867872016e-05, 1.35813388624e-05, 7.79947367846e-06, 4.5120118557e-06, 2.01268676392e-06, 1.10251880869e-06, 5.34306217048e-08],
        "dmean2": [0.000124001584481, 0.00118621112779, 0.00167427305132, 0.00461970781907, 0.00351734133437, 0.00233536818996, 0.00444538844749, 0.00247145281173, 0.00106505921576, 0.000944393046666, 0.000949342444073, 0.00115385395475, 0.000326609064359, 0.000235878658714, 0.000322079053149, 0.000280100066448, 0.00014929054305, 0.00011100685515, 9.36473443289e-05, 8.88487847988e-05, 2.90323041554e-05, 2.2178834115e-05, 1.26700342662e-05, 7.40902123653e-06, 3.37793539984e-06, 1.88121953215e-06, 9.10440078883e-08],
        "dvar": [5.40414646366e-08, 3.23963263327e-06, 6.54662380839e-06, 4.35333386122e-05, 9.8860300568e-06, 2.99810631077e-06, 1.18995985758e-05, 5.46085630049e-06, 1.13561384296e-06, 7.0857532819e-07, 6.09962739873e-07, 2.37449512497e-06, 8.60467110897e-08, 5.21124015052e-08, 3.29484976191e-07, 1.27871857103e-07, 2.34093047169e-08, 2.22958789209e-08, 1.79640267106e-08, 2.3773408131e-08, 1.15780018906e-09, 8.05535582682e-10, 5.05441188903e-10, 2.69138766829e-10, 5.71656819104e-11, 5.77034288407e-11, 3.14328099139e-14],
        "dvar2": [1.24488579445e-07, 8.83689881448e-06, 2.04148163903e-05, 9.89728869172e-05, 2.22807357204e-05, 1.05396738945e-05, 3.8082638639e-05, 1.48341923705e-05, 2.81761958831e-06, 1.79827429747e-06, 1.62495541645e-06, 5.74716932533e-06, 2.24118082315e-07, 1.36543008011e-07, 9.03668649244e-07, 3.31039302637e-07, 6.22499598535e-08, 5.30510142482e-08, 4.76076849054e-08, 5.71297142926e-08, 2.99784552737e-09, 2.09803641127e-09, 1.4208021426e-09, 7.40405459165e-10, 1.6367278366e-10, 1.60206403699e-10, 8.90341131984e-14],
        "max": [0.00413723196834, 0.020006692037, 0.0358780957758, 0.0651004016399, 0.0382568649948, 0.0185641422868, 0.0504686385393, 0.0275765080005, 0.0239676032215, 0.0106719611213, 0.00976813491434, 0.0224604234099, 0.00590429222211, 0.00340860523283, 0.0079615842551, 0.00494649074972, 0.00241010356694, 0.00282580964267, 0.00178240961395, 0.00313226087019, 0.000434389949078, 0.000641105580144, 0.000499844434671, 0.000406909821322, 0.000181862909812, 0.000151156811626, 3.60523358722e-06],
        "mean": [8.26590840006e-05, 0.00188614591025, 0.00149105186574, 0.00585018331185, 0.00456889299676, 0.00231973151676, 0.00396644603461, 0.00263449829072, 0.00142572214827, 0.00136947166175, 0.00106261880137, 0.00109583884478, 0.000370984751498, 0.000244771596044, 0.000263207621174, 0.000256361265201, 0.000142075354233, 0.000105663311842, 9.39274323173e-05, 0.000118736577861, 3.47608292941e-05, 2.86454705929e-05, 1.58929578902e-05, 9.76366209215e-06, 4.11102382714e-06, 1.49869936195e-06, 9.27673227125e-08],
        "median": [2.27122272918e-05, 0.00109639682341, 0.000892978860065, 0.000378964119591, 0.00266718142666, 0.00140411045868, 0.00267491885461, 0.00148804648779, 0.000911064620595, 0.0008173683309, 0.000615919067059, 0.000601033796556, 0.00026331844856, 0.000151697109686, 0.000158575407113, 0.000143303521327, 8.12245198176e-05, 4.3210649892e-05, 2.19366684178e-05, 2.02519786399e-05, 1.42222479553e-05, 5.28773534825e-06, 3.02597777591e-06, 1.70287819401e-06, 8.63498257786e-07, 3.34216906595e-07, 3.33610650216e-08],
        "min": [2.66761645472e-23, 8.07594395345e-23, 3.47870114936e-23, 4.87756010914e-23, 8.53199390909e-23, 3.12474462544e-23, 1.75092616183e-23, 4.82643529605e-23, 6.55569349985e-23, 3.65333570557e-23, 7.34707244908e-23, 1.61097841916e-22, 1.11610969122e-22, 6.23468832703e-23, 1.43824577504e-22, 2.01008334595e-22, 1.6518282874e-22, 1.16581386049e-22, 1.8613559285e-22, 3.70812083326e-22, 3.51217611477e-22, 4.54611073348e-22, 8.07931245262e-22, 7.39181651341e-22, 1.3592178915e-21, 1.75671775772e-21, 2.3319394788e-21],
        "var": [6.28331378039e-08, 6.09410562902e-06, 5.23550397702e-06, 0.000150633160956, 3.55844822479e-05, 6.50338915875e-06, 1.76188204932e-05, 1.02562271422e-05, 3.27422685586e-06, 2.28071075981e-06, 1.49522998072e-06, 2.85508940578e-06, 1.43094140981e-07, 8.35097182517e-08, 2.51764760151e-07, 1.42747239806e-07, 4.27844355499e-08, 3.24981073163e-08, 3.30511582547e-08, 6.94818353963e-08, 2.40836084409e-09, 2.88018608963e-09, 1.80165360408e-09, 9.03905339467e-10, 1.65005384356e-10, 5.27823479368e-11, 5.89256833432e-14]
    },
    "erbbands": {
        "dmean": [0.0172105636448, 0.187299847603, 0.88183349371, 5.6137471199, 7.77980422974, 7.85291147232, 9.32659339905, 13.9748106003, 29.4964618683, 36.4864082336, 27.6316928864, 15.5702915192, 13.6661920547, 18.3364067078, 27.0064792633, 21.4633808136, 8.02512645721, 8.02009773254, 6.31910800934, 11.5608186722, 7.21450042725, 4.55345582962, 3.04629611969, 3.45676660538, 2.95642662048, 2.68332266808, 0.991570651531, 0.604008734226, 0.5136256814, 0.324729412794, 0.220540210605, 0.11630693078, 0.0673061385751, 0.0296962987632, 0.0118218977004, 0.00568459089845, 0.00191042700317, 0.000204824158573, 8.61918215378e-06, 8.21410230856e-06],
        "dmean2": [0.0291607864201, 0.29545584321, 1.4981802702, 9.55079364777, 11.7489376068, 13.1374578476, 15.9016418457, 26.3498325348, 53.4611206055, 63.7089691162, 45.4934425354, 25.1930885315, 21.8982276917, 30.2979335785, 43.808681488, 34.7900047302, 13.1532812119, 12.9201393127, 10.5449314117, 19.2388877869, 12.0774784088, 7.66785144806, 5.00411891937, 5.57046842575, 4.7472038269, 4.01110649109, 1.59081685543, 0.96273124218, 0.832390904427, 0.527038574219, 0.362103939056, 0.194969758391, 0.109732612967, 0.0506246052682, 0.0194688346237, 0.0093872314319, 0.00337595236488, 0.000352425500751, 1.45423337017e-05, 1.35864220283e-05],
        "dvar": [0.00314181321301, 0.186975821853, 4.57161617279, 170.625198364, 370.97958374, 150.533172607, 124.561859131, 404.928649902, 1661.01611328, 3646.18994141, 1820.08422852, 765.434448242, 363.31362915, 612.376586914, 2095.87915039, 1841.04956055, 115.605361938, 164.249847412, 66.212348938, 1583.18041992, 228.901168823, 59.9908676147, 26.6828384399, 95.7859344482, 54.3532028198, 57.4692268372, 3.67633914948, 1.30952787399, 1.17284524441, 0.535446941853, 0.468739241362, 0.159068062901, 0.0608161017299, 0.013055972755, 0.00204358133487, 0.00108221813571, 0.000217495020479, 1.55674786129e-06, 9.06110686483e-10, 9.56803178354e-11],
        "dvar2": [0.00850026030093, 0.507333397865, 13.7697086334, 472.766876221, 649.728393555, 383.902618408, 364.56161499, 1471.0345459, 5578.75146484, 10881.6689453, 4655.40478516, 1994.17089844, 944.823486328, 1579.33312988, 5101.8671875, 4862.69726562, 320.098297119, 431.376068115, 177.682174683, 3979.85449219, 604.555480957, 157.66053772, 66.7641830444, 243.605041504, 136.442962646, 124.012191772, 9.3758392334, 3.20866417885, 2.99087548256, 1.33076524734, 1.3260807991, 0.465256690979, 0.152741730213, 0.0380939096212, 0.00581250665709, 0.00294041470625, 0.000614014978055, 4.40246230937e-06, 2.64670729777e-09, 2.42445702403e-10],
        "max": [0.561800837517, 5.49662685394, 30.3121585846, 145.22984314, 285.225250244, 167.796020508, 110.689804077, 209.454223633, 572.778747559, 810.974182129, 799.371643066, 687.843078613, 291.959228516, 478.084747314, 790.565979004, 652.477722168, 242.608383179, 188.710662842, 101.446014404, 571.095825195, 217.408676147, 116.689826965, 71.575302124, 195.368164062, 128.174407959, 175.636322021, 33.8564376831, 13.6133985519, 26.5535545349, 12.2866439819, 14.3363666534, 9.21175193787, 6.10952711105, 3.02748060226, 0.924575865269, 0.692772805691, 0.301043987274, 0.0264571774751, 0.000697807990946, 0.000119121687021],
        "mean": [0.0304191801697, 0.504339158535, 1.81119740009, 10.5483541489, 17.6494312286, 13.8995161057, 17.1210250854, 24.5694389343, 48.7675323486, 59.377117157, 54.4917182922, 35.9838562012, 32.8183708191, 45.3890533447, 49.6321983337, 37.9983406067, 17.7518539429, 15.9914064407, 12.6912479401, 15.3776426315, 12.0635433197, 8.17937088013, 5.69153881073, 5.42968654633, 5.59201574326, 5.43164348602, 2.0577480793, 1.18845105171, 1.03641021252, 0.680640339851, 0.452356249094, 0.258519351482, 0.140437602997, 0.0593867748976, 0.0230922624469, 0.00846545677632, 0.00242269202136, 0.000346785644069, 2.61388504441e-05, 3.38240424753e-05],
        "median": [0.0115794371814, 0.325545042753, 1.33453083038, 1.1568505764, 2.84838914871, 8.67231941223, 12.8167066574, 13.6373462677, 32.3388442993, 34.3126678467, 31.24741745, 21.6812057495, 22.7981910706, 31.1176166534, 26.7116241455, 22.5455589294, 14.3649864197, 10.4377965927, 9.67389774323, 7.5955414772, 6.66594982147, 5.04239368439, 2.74904751778, 1.48880040646, 1.03213191032, 0.934643805027, 0.686662793159, 0.455244749784, 0.219588264823, 0.115209639072, 0.0804561153054, 0.0428765192628, 0.0255892463028, 0.0121876522899, 0.00471338117495, 0.00175883015618, 0.000583413231652, 0.000109687360236, 1.84004857147e-05, 2.90236457658e-05],
        "min": [2.7845534845e-21, 1.62420467566e-20, 4.22044286007e-20, 9.66849283501e-20, 2.41655335886e-19, 2.75417358822e-19, 2.19614100338e-19, 3.98411128446e-19, 2.12293551917e-19, 6.50407152567e-19, 1.37183148303e-18, 1.34288822661e-18, 9.20066067705e-19, 2.95417691645e-18, 3.55783244118e-18, 5.35736634533e-18, 4.95338126032e-18, 4.08711222792e-18, 5.5220063065e-18, 1.02015026893e-17, 9.27059445514e-18, 9.32250169294e-18, 6.71402237284e-18, 1.02600621136e-17, 9.38957942318e-18, 1.73678398288e-17, 1.28667936011e-17, 1.73532781413e-17, 1.51239122396e-17, 2.69396214983e-17, 1.7819286883e-17, 1.29793174613e-17, 1.45800442955e-17, 1.25476416782e-17, 1.06029938248e-17, 7.40766460167e-18, 3.16252530798e-18, 1.20892477544e-18, 3.72520452821e-19, 3.09266901344e-20],
        "var": [0.00390511006117, 0.37984931469, 4.87091493607, 450.817108154, 1715.2902832, 341.609588623, 248.170089722, 805.667663574, 2630.10766602, 5546.30957031, 4094.38452148, 2364.70996094, 1003.78106689, 1934.87158203, 4391.58642578, 2325.14794922, 214.713226318, 324.323486328, 125.76763916, 1382.5513916, 282.977813721, 117.405830383, 60.5523834229, 129.343002319, 131.815078735, 160.175476074, 11.0709104538, 2.95112943649, 3.71838593483, 1.97639000416, 1.62357139587, 0.609380125999, 0.201234072447, 0.0346568524837, 0.00521038519219, 0.00126639544033, 0.000171381921973, 1.66386632827e-06, 1.45316414457e-09, 4.79680017929e-10]
    },
    "gfcc": {
        "mean": [-40.4552345276, 148.03994751, -137.78012085, 2.92373180389, -61.5697479248, -2.32582473755, -31.4536457062, -3.11052250862, -19.9288234711, -4.20939397812, -11.7351617813, -5.48973226547, -6.5766749382],
        "cov": [[7323.30859375, 962.77532959, -135.963699341, 721.643310547, -321.294006348, 128.65826416, -68.305519104, -38.9329109192, -64.3929977417, 188.407913208, -18.895275116, 31.0866851807, -168.770492554], [962.77532959, 1205.49084473, 44.5844612122, -193.796234131, 240.435836792, -120.933486938, 122.933670044, -162.103790283, 16.4998931885, -62.7561683655, -25.246175766, -103.451454163, 44.627746582], [-135.963699341, 44.5844612122, 1085.09411621, 502.907806396, 281.911468506, 414.442779541, 136.333282471, 6.43237924576, -64.3495483398, 155.48727417, -138.050872803, 3.26588225365, -88.9320907593], [721.643310547, -193.796234131, 502.907806396, 675.660827637, 107.640785217, 273.126220703, 146.832702637, 41.4812278748, -25.3552684784, 178.829589844, -23.6797428131, 31.8218326569, -82.1134490967], [-321.294006348, 240.435836792, 281.911468506, 107.640785217, 263.354522705, 98.0801010132, 123.440536499, -9.42273902893, 6.57326030731, 36.8719367981, -19.9724445343, -24.7384700775, -1.28970181942], [128.65826416, -120.933486938, 414.442779541, 273.126220703, 98.0801010132, 277.445922852, 71.0525283813, 51.1094779968, -21.4838905334, 100.979232788, -44.5996360779, 34.1537361145, -39.8320579529], [-68.305519104, 122.933670044, 136.333282471, 146.832702637, 123.440536499, 71.0525283813, 185.50843811, 1.21514737606, 3.0854165554, 69.5013122559, 8.57922363281, -7.40378046036, -6.92550325394], [-38.9329109192, -162.103790283, 6.43237924576, 41.4812278748, -9.42273902893, 51.1094779968, 1.21514737606, 104.921600342, 20.369228363, 39.8722686768, 22.684803009, 35.9820518494, -4.46922636032], [-64.3929977417, 16.4998931885, -64.3495483398, -25.3552684784, 6.57326030731, -21.4838905334, 3.0854165554, 20.369228363, 75.9068450928, 29.0418434143, 25.9020233154, 16.1790790558, 15.349521637], [188.407913208, -62.7561683655, 155.48727417, 178.829589844, 36.8719367981, 100.979232788, 69.5013122559, 39.8722686768, 29.0418434143, 173.11958313, 32.6092147827, 59.7338256836, 12.704416275], [-18.895275116, -25.246175766, -138.050872803, -23.6797428131, -19.9724445343, -44.5996360779, 8.57922363281, 22.684803009, 25.9020233154, 32.6092147827, 88.749671936, 33.2974357605, 28.0176143646], [31.0866851807, -103.451454163, 3.26588225365, 31.8218326569, -24.7384700775, 34.1537361145, -7.40378046036, 35.9820518494, 16.1790790558, 59.7338256836, 33.2974357605, 89.8806686401, 26.5146389008], [-168.770492554, 44.627746582, -88.9320907593, -82.1134490967, -1.28970181942, -39.8320579529, -6.92550325394, -4.46922636032, 15.349521637, 12.704416275, 28.0176143646, 26.5146389008, 81.8083343506]],
        "icov": [[0.000928473426029, -0.00233200262301, 0.0015936398413, -0.00219066953287, 0.00220228661783, -0.00163095293101, 0.00215823552571, -0.00115429400466, 0.00148065539543, -0.00149938347749, 0.000931777467486, -0.000601086823735, 0.00191215518862], [-0.00233200262301, 0.00747140776366, -0.00420765439048, 0.006048460491, -0.00676720263436, 0.00476558646187, -0.00615031877533, 0.00470535829663, -0.00424131937325, 0.00363354035653, -0.00230125710368, 0.00205531320535, -0.0050861579366], [0.0015936398413, -0.00420765439048, 0.00663774879649, -0.00451618619263, 0.00106977543328, -0.00595296733081, 0.00518371118233, -0.0010114274919, 0.00416768807918, -0.00459781102836, 0.00487289763987, -0.00147819099948, 0.00450998311862], [-0.00219066953287, 0.006048460491, -0.00451618619263, 0.00894285738468, -0.00495581049472, 0.0026344973594, -0.00664168130606, 0.00367167778313, -0.00297190924175, 0.00137861561961, -0.00310414773412, 0.00171074736863, -0.00205703033134], [0.00220228661783, -0.00676720263436, 0.00106977543328, -0.00495581049472, 0.01506487187, -0.00488375592977, 0.000756079272833, -0.00398942548782, 0.000764473516028, -0.000972937094048, 1.87642544915e-05, 0.00077418849105, 0.00187955924775], [-0.00163095293101, 0.00476558646187, -0.00595296733081, 0.0026344973594, -0.00488375592977, 0.0157244857401, -0.00491241784766, -0.0019874763675, -0.00104339781683, 0.00117796799168, 0.00171161268372, -0.00204363372177, -0.00264763459563], [0.00215823552571, -0.00615031877533, 0.00518371118233, -0.00664168130606, 0.000756079272833, -0.00491241784766, 0.015838354826, -0.00265507679433, 0.00511410925537, -0.00707840546966, 0.00109261809848, 0.00063963921275, 0.0051502045244], [-0.00115429400466, 0.00470535829663, -0.0010114274919, 0.00367167778313, -0.00398942548782, -0.0019874763675, -0.00265507679433, 0.0175158437341, -0.00524268485606, 0.00124024227262, -0.00400200486183, -0.00140707066748, -4.30237450928e-05], [0.00148065539543, -0.00424131937325, 0.00416768807918, -0.00297190924175, 0.000764473516028, -0.00104339781683, 0.00511410925537, -0.00524268485606, 0.0207387972623, -0.00767985498533, 0.0014592736261, -0.00169113953598, 0.00391626730561], [-0.00149938347749, 0.00363354035653, -0.00459781102836, 0.00137861561961, -0.000972937094048, 0.00117796799168, -0.00707840546966, 0.00124024227262, -0.00767985498533, 0.0176554787904, -0.00613531982526, -0.00350968237035, -0.00672518834472], [0.000931777467486, -0.00230125710368, 0.00487289763987, -0.00310414773412, 1.87642544915e-05, 0.00171161268372, 0.00109261809848, -0.00400200486183, 0.0014592736261, -0.00613531982526, 0.0231871623546, -0.0059981495142, 0.000748576479964], [-0.000601086823735, 0.00205531320535, -0.00147819099948, 0.00171074736863, 0.00077418849105, -0.00204363372177, 0.00063963921275, -0.00140707066748, -0.00169113953598, -0.00350968237035, -0.0059981495142, 0.0217963289469, -0.00740433856845], [0.00191215518862, -0.0050861579366, 0.00450998311862, -0.00205703033134, 0.00187955924775, -0.00264763459563, 0.0051502045244, -4.30237450928e-05, 0.00391626730561, -0.00672518834472, 0.000748576479964, -0.00740433856845, 0.023408215493]]
    },
    "melbands": {
        "dmean": [0.00017556308012, 0.000375743809855, 0.00103869917803, 0.000481298658997, 0.000354584073648, 0.000287852191832, 0.000460872746771, 0.000376142997993, 0.000212489409023, 9.7052557976e-05, 7.29333769414e-05, 7.91118654888e-05, 8.62602319103e-05, 8.36337567307e-05, 3.13272794301e-05, 1.94417934836e-05, 1.54526642291e-05, 1.08652175186e-05, 1.38781379064e-05, 1.41553055073e-05, 8.29127111501e-06, 5.24560300619e-06, 3.8302791836e-06, 2.99329144582e-06, 3.02185662804e-06, 2.38524148699e-06, 2.72482861874e-06, 1.77043750682e-06, 8.24935796118e-07, 4.09603899243e-07, 3.71717817416e-07, 3.25546494651e-07, 2.75815750683e-07, 1.68514915799e-07, 1.44149112202e-07, 1.00520495039e-07, 7.58484333119e-08, 5.83660018094e-08, 2.96656725851e-08, 2.61665284995e-08],
        "dmean2": [0.000283283181489, 0.000621924933512, 0.00170842686202, 0.000758222013246, 0.000597863399889, 0.000540104229003, 0.00083108904073, 0.000648287066724, 0.00035031803418, 0.000156751411851, 0.000116079711006, 0.000129193096654, 0.000141928103403, 0.000133991285111, 5.07785589434e-05, 3.15585893986e-05, 2.49733911915e-05, 1.80490023922e-05, 2.35582301684e-05, 2.38371885644e-05, 1.41802738653e-05, 9.03426825971e-06, 6.5292506406e-06, 4.83261692352e-06, 4.91635728395e-06, 3.83595806852e-06, 4.40386156697e-06, 2.69529414254e-06, 1.37001916301e-06, 6.84955864472e-07, 6.0189722717e-07, 5.30840679858e-07, 4.57446589053e-07, 2.72090659337e-07, 2.39772532495e-07, 1.608082556e-07, 1.27479367507e-07, 9.49195211319e-08, 4.80599560149e-08, 4.5691042061e-08],
        "dvar": [2.24551300221e-07, 8.56525844029e-07, 5.60230319024e-06, 6.42048291866e-07, 2.00246404347e-07, 1.63636187267e-07, 3.87751725839e-07, 3.72061037979e-07, 1.16845782827e-07, 3.17492379054e-08, 1.04940705015e-08, 1.16689840013e-08, 1.63270748033e-08, 3.42096377892e-08, 2.36851493973e-09, 7.0331568347e-10, 6.27747687165e-10, 2.04568195716e-10, 1.80642434344e-09, 1.43197520508e-09, 3.25128146628e-10, 9.14998354862e-11, 4.96609663114e-11, 3.7119116808e-11, 7.9823106458e-11, 3.89242908738e-11, 6.27330271064e-11, 2.30124148903e-11, 3.31190088375e-12, 6.55347629462e-13, 4.80117790143e-13, 5.45776206347e-13, 3.52676899186e-13, 1.66409515833e-13, 2.14102132833e-13, 1.03336040896e-13, 8.1242988953e-14, 5.55811737509e-14, 7.7486167439e-15, 1.2611919091e-14],
        "dvar2": [6.04633839885e-07, 2.51166397902e-06, 1.2731946299e-05, 1.29009742977e-06, 5.6137514548e-07, 5.84698739203e-07, 1.27197142774e-06, 1.08782819552e-06, 2.90124120284e-07, 8.30013391351e-08, 2.71762221615e-08, 3.00176417056e-08, 4.29155306847e-08, 8.29118533829e-08, 6.51503695437e-09, 1.67876246238e-09, 1.64866476027e-09, 5.40819888872e-10, 4.75810590927e-09, 3.24727000844e-09, 8.75702177439e-10, 2.44582742948e-10, 1.392533866e-10, 8.7202807475e-11, 2.05738301395e-10, 9.50354309137e-11, 1.61318389202e-10, 5.04976303828e-11, 9.12034770623e-12, 1.77010467915e-12, 1.15890771372e-12, 1.39656526361e-12, 9.36958084903e-13, 4.17916921772e-13, 6.03375476752e-13, 2.90273420534e-13, 2.33698477237e-13, 1.42271001295e-13, 2.15975613858e-14, 3.74112328302e-14],
        "max": [0.0047064749524, 0.0136204380542, 0.02244460769, 0.0111145339906, 0.00542466435581, 0.00464291637763, 0.00993717182428, 0.00817079190165, 0.00795225147158, 0.00447989767417, 0.00152021972463, 0.00188498513307, 0.00177684030496, 0.00260120187886, 0.000767452467699, 0.000347487279214, 0.000419339485234, 0.000189972808585, 0.000590918702073, 0.000555493403226, 0.000228438337217, 0.000121237710118, 0.00013956001203, 9.01263920241e-05, 0.000174924934981, 9.06430141185e-05, 0.000116487608466, 9.59894096013e-05, 3.46778724634e-05, 1.17739500638e-05, 8.13858605397e-06, 1.81005561899e-05, 8.13940096123e-06, 7.21369633538e-06, 8.93624473974e-06, 8.23320169729e-06, 6.37520270175e-06, 5.90642594034e-06, 2.06640493161e-06, 3.03078286379e-06],
        "mean": [0.000402855745051, 0.000842222711071, 0.00222270865925, 0.00101084192283, 0.000667859858368, 0.000531826692168, 0.00076612806879, 0.000635331205558, 0.000411120243371, 0.000210340484045, 0.000168772239704, 0.000190422128071, 0.000162522715982, 0.000126809914946, 5.98144615651e-05, 3.77374199161e-05, 2.79520354525e-05, 2.03379095183e-05, 1.86836077773e-05, 2.0461888198e-05, 1.25157503135e-05, 8.55133748701e-06, 6.40841608401e-06, 4.69048109153e-06, 4.28667863162e-06, 3.75118042939e-06, 4.69444967166e-06, 3.25144628732e-06, 1.44670752888e-06, 7.31499767426e-07, 6.73361341796e-07, 5.98538065333e-07, 5.18132878824e-07, 3.14874995411e-07, 2.68429261041e-07, 2.04439487561e-07, 1.43713435818e-07, 1.09864203068e-07, 6.13576602859e-08, 4.60155966664e-08],
        "median": [0.000207109711482, 0.000644819636364, 0.000239799774135, 0.000435957423178, 0.0004783255863, 0.000302412750898, 0.000533346727025, 0.000348351459252, 0.000244503840804, 0.000123747202451, 0.000114329763164, 0.00012442994921, 8.97690333659e-05, 6.81489109411e-05, 3.68687979062e-05, 2.67957639153e-05, 1.71375122591e-05, 1.51688955157e-05, 1.03660722743e-05, 9.89401723928e-06, 6.60246359985e-06, 5.13007535119e-06, 3.09492224915e-06, 1.84659540992e-06, 1.05251251625e-06, 8.2211266772e-07, 6.98983569691e-07, 5.69851351884e-07, 4.14921657921e-07, 3.24860252476e-07, 2.39608027641e-07, 1.25198312162e-07, 7.04021658748e-08, 5.75146046344e-08, 4.72436383347e-08, 3.09238998852e-08, 2.24275193972e-08, 1.82572374996e-08, 1.25207417767e-08, 8.85958950647e-09],
        "min": [2.54662996209e-23, 2.25470740872e-23, 2.30522795435e-23, 1.72898068254e-23, 1.01526477388e-23, 7.6062299803e-24, 3.44217168297e-24, 7.89507928935e-24, 1.28693797779e-23, 7.79614587665e-24, 4.05128865878e-24, 1.10458244547e-23, 9.51734255309e-24, 2.26527199173e-23, 5.25685665971e-24, 1.35074128446e-23, 6.46370616519e-24, 7.18374132301e-24, 1.24205526327e-23, 1.5805979973e-23, 8.98130841255e-24, 9.14345482731e-24, 7.85433225702e-24, 5.80697946159e-24, 8.73819015903e-24, 6.37183226872e-24, 9.23091820246e-24, 1.18631758604e-23, 8.05781182777e-24, 7.76625041492e-24, 1.07191090333e-23, 9.06324108389e-24, 8.98268655255e-24, 1.76000595085e-23, 1.09701206291e-23, 7.78460247502e-24, 7.90205676406e-24, 1.07395200204e-23, 9.86479712765e-24, 1.07476358214e-23],
        "var": [3.96265363634e-07, 9.98819473352e-07, 1.98931593332e-05, 2.59585135609e-06, 4.62837419946e-07, 3.70099030533e-07, 6.17328907992e-07, 6.26232520062e-07, 2.54107931141e-07, 8.50029806543e-08, 2.88180697083e-08, 3.81386868753e-08, 3.90037762088e-08, 4.19216625858e-08, 4.34207292344e-09, 1.43747347359e-09, 1.14039278021e-09, 3.58891028007e-10, 1.496614499e-09, 1.61155033762e-09, 3.56797424939e-10, 1.4341830501e-10, 1.12292682097e-10, 6.011684206e-11, 9.67903673876e-11, 6.93158586085e-11, 1.27411761697e-10, 5.98964974841e-11, 7.33768167754e-12, 1.05848294539e-12, 1.04280408093e-12, 1.35763806881e-12, 1.05993588472e-12, 4.9961472676e-13, 6.00451654544e-13, 3.91636430317e-13, 2.09562903597e-13, 1.40399302427e-13, 3.03267204101e-14, 2.41038387031e-14]
    },
    "mfcc": {
        "mean": [-675.8984375, 181.585601807, -21.7058944702, 8.26560306549, -13.3210048676, -1.91941225529, -6.39675426483, -3.30472826958, -3.29515838623, -3.07774782181, -7.10370826721, 0.977535963058, -0.52942866087],
        "cov": [[3938.06298828, -264.738769531, 211.137893677, 460.760070801, -121.060600281, 186.071151733, -43.6957588196, 29.3069858551, -124.926696777, 134.682266235, 96.5860824585, 7.722219944, 274.246307373], [-264.738769531, 1300.35888672, -180.564819336, -70.2953186035, 24.8249969482, 7.14679718018, 26.1567001343, -68.3221817017, 67.3217773438, -65.3530960083, -63.222530365, 16.3271274567, -85.1807250977], [211.137893677, -180.564819336, 806.145446777, 309.509490967, 238.590103149, 401.98248291, 194.547225952, 75.3573455811, 91.6418380737, 121.403503418, 42.0291366577, 13.0222253799, 38.6643180847], [460.760070801, -70.2953186035, 309.509490967, 428.690979004, 82.4834671021, 279.442230225, 165.354568481, 35.5440826416, 43.3983345032, 113.276023865, 63.0206031799, 14.9275693893, 81.6233520508], [-121.060600281, 24.8249969482, 238.590103149, 82.4834671021, 197.646377563, 128.194412231, 74.3798065186, 39.3023338318, 53.3563995361, 35.4297828674, 15.1016845703, 22.0748405457, -19.2289047241], [186.071151733, 7.14679718018, 401.98248291, 279.442230225, 128.194412231, 360.546630859, 177.366928101, 40.4548377991, 83.5870437622, 97.9065322876, 43.0675201416, 29.1907081604, 48.8674964905], [-43.6957588196, 26.1567001343, 194.547225952, 165.354568481, 74.3798065186, 177.366928101, 196.065216064, 37.0499343872, 55.8581047058, 66.3906097412, 30.2519168854, 22.4730434418, 22.5687198639], [29.3069858551, -68.3221817017, 75.3573455811, 35.5440826416, 39.3023338318, 40.4548377991, 37.0499343872, 88.0688934326, 8.28063201904, 22.6558971405, 21.3455486298, -5.89186191559, 5.8200802803], [-124.926696777, 67.3217773438, 91.6418380737, 43.3983345032, 53.3563995361, 83.5870437622, 55.8581047058, 8.28063201904, 95.3580856323, 26.8818721771, 8.20368480682, 34.6446495056, -5.63457107544], [134.682266235, -65.3530960083, 121.403503418, 113.276023865, 35.4297828674, 97.9065322876, 66.3906097412, 22.6558971405, 26.8818721771, 96.6756362915, 40.3953399658, 13.196557045, 39.735584259], [96.5860824585, -63.222530365, 42.0291366577, 63.0206031799, 15.1016845703, 43.0675201416, 30.2519168854, 21.3455486298, 8.20368480682, 40.3953399658, 68.6633224487, 23.6009845734, 31.410320282], [7.722219944, 16.3271274567, 13.0222253799, 14.9275693893, 22.0748405457, 29.1907081604, 22.4730434418, -5.89186191559, 34.6446495056, 13.196557045, 23.6009845734, 76.5210037231, 16.5174293518], [274.246307373, -85.1807250977, 38.6643180847, 81.6233520508, -19.2289047241, 48.8674964905, 22.5687198639, 5.8200802803, -5.63457107544, 39.735584259, 31.410320282, 16.5174293518, 100.137199402]],
