{
"lowlevel": {
    "average_loudness": 0.793375253677,
    "barkbands_crest": {
        "dmean": 1.90563547611,
        "dmean2": 2.94634413719,
        "dvar": 3.43789696693,
        "dvar2": 7.84565734863,
        "max": 25.6192626953,
        "mean": 10.2580680847,
        "median": 9.11030197144,
        "min": 3.33673024178,
        "var": 21.9114379883
    },
    "barkbands_flatness_db": {
        "dmean": 0.0142559390515,
        "dmean2": 0.0218242798001,
        "dvar": 0.000250811252045,
        "dvar2": 0.000484977703309,
        "max": 0.388694316149,
        "mean": 0.160717234015,
        "median": 0.149731397629,
        "min": 0.0360629186034,
        "var": 0.00315262516961
    },
    "barkbands_kurtosis": {
        "dmean": 3.25004863739,
        "dmean2": 5.08916187286,
        "dvar": 197.822296143,
        "dvar2": 404.378662109,
        "max": 433.297637939,
        "mean": 14.8747367859,
        "median": 1.06784439087,
        "min": -1.84005010128,
        "var": 4246.34082031
    },
    "barkbands_skewness": {
        "dmean": 0.399638622999,
        "dmean2": 0.593530297279,
        "dvar": 0.354036986828,
        "dvar2": 0.55599296093,
        "max": 19.3444213867,
        "mean": 1.68010830879,
        "median": 1.16658210754,
        "min": -4.27425146103,
        "var": 10.7120523453
    },
    "barkbands_spread": {
        "dmean": 3.46214818954,
        "dmean2": 5.2657251358,
        "dvar": 30.6689529419,
        "dvar2": 66.7502441406,
        "max": 84.7715988159,
        "mean": 18.6230430603,
        "median": 16.7271709442,
        "min": 1.02705132961,
        "var": 121.430221558
    },
    "dissonance": {
        "dmean": 0.0160594787449,
        "dmean2": 0.0269747748971,
        "dvar": 0.000298420782201,
        "dvar2": 0.000800267793238,
        "max": 0.5,
        "mean": 0.458017140627,
        "median": 0.466796368361,
        "min": 0.284884780645,
        "var": 0.00113979633898
    },
    "dynamic_complexity": 7.12355184555,
    "erbbands_crest": {
        "dmean": 2.01540517807,
        "dmean2": 3.20171999931,
        "dvar": 3.80215620995,
        "dvar2": 9.23001289368,
        "max": 24.1080284119,
        "mean": 9.61096000671,
        "median": 8.95359325409,
        "min": 2.34732198715,
        "var": 13.7639636993
    },
    "erbbands_flatness_db": {
        "dmean": 0.0122001925483,
        "dmean2": 0.0180559884757,
        "dvar": 0.000186266683158,
        "dvar2": 0.000363668776117,
        "max": 0.324629515409,
        "mean": 0.199114456773,
        "median": 0.207469835877,
        "min": 0.043304681778,
        "var": 0.00221445644274
    },
    "erbbands_kurtosis": {
        "dmean": 0.685177206993,
        "dmean2": 1.06716644764,
        "dvar": 0.98217445612,
        "dvar2": 2.25462007523,
        "max": 14.5138664246,
        "mean": 0.416405230761,
        "median": -0.199669361115,
        "min": -1.73288273811,
        "var": 3.64532804489
    },
    "erbbands_skewness": {
        "dmean": 0.282977193594,
        "dmean2": 0.416044771671,
        "dvar": 0.0924008712173,
        "dvar2": 0.195443928242,
        "max": 3.3597881794,
        "mean": 0.3411680758,
        "median": 0.387141257524,
        "min": -3.47276949883,
        "var": 0.838407278061
    },
    "erbbands_spread": {
        "dmean": 5.10630083084,
        "dmean2": 7.88193750381,
        "dvar": 49.2410621643,
        "dvar2": 104.494628906,
        "max": 152.918487549,
        "mean": 34.4000434875,
        "median": 29.7062950134,
        "min": 6.43711328506,
        "var": 357.023284912
    },
    "hfc": {
        "dmean": 4.14394664764,
        "dmean2": 6.01961374283,
        "dvar": 99.6449203491,
        "dvar2": 210.912994385,
        "max": 192.476791382,
        "mean": 16.1118488312,
        "median": 8.41077232361,
        "min": 5.00847534113e-07,
        "var": 491.924621582
    },
    "melbands_crest": {
        "dmean": 2.32066392899,
        "dmean2": 3.66137886047,
        "dvar": 5.89114093781,
        "dvar2": 14.067035675,
        "max": 35.7245674133,
        "mean": 12.8066539764,
        "median": 11.1618242264,
        "min": 3.39475440979,
        "var": 41.0057373047
    },
    "melbands_flatness_db": {
        "dmean": 0.0164562370628,
        "dmean2": 0.024101274088,
        "dvar": 0.000405346218031,
        "dvar2": 0.000702864781488,
        "max": 0.526458501816,
        "mean": 0.196221396327,
        "median": 0.184216156602,
        "min": 0.0295373741537,
        "var": 0.00672020297498
    },
    "melbands_kurtosis": {
        "dmean": 8.38335609436,
        "dmean2": 12.699092865,
        "dvar": 2290.93383789,
        "dvar2": 4098.64990234,
        "max": 1649.87890625,
        "mean": 50.3445243835,
        "median": 4.38821601868,
        "min": -1.79125368595,
        "var": 53166.0703125
    },
    "melbands_skewness": {
        "dmean": 0.459112465382,
        "dmean2": 0.690394878387,
        "dvar": 0.593362510204,
        "dvar2": 0.984927773476,
        "max": 29.8906593323,
        "mean": 2.58845162392,
        "median": 1.72963750362,
        "min": -1.39480173588,
        "var": 17.3008918762
    },
    "melbands_spread": {
        "dmean": 6.14571666718,
        "dmean2": 9.02857589722,
        "dvar": 141.966690063,
        "dvar2": 249.298873901,
        "max": 221.757339478,
        "mean": 29.3076305389,
        "median": 21.1761627197,
        "min": 0.227864831686,
        "var": 791.71307373
    },
    "pitch_salience": {
        "dmean": 0.0497980229557,
        "dmean2": 0.0774764865637,
        "dvar": 0.00257618934847,
        "dvar2": 0.00566873513162,
        "max": 0.905813097954,
        "mean": 0.586005628109,
        "median": 0.60906034708,
        "min": 0.0811526253819,
        "var": 0.0191089566797
    },
    "silence_rate_20dB": {
        "dmean": 0,
        "dmean2": 0,
        "dvar": 0,
        "dvar2": 0,
        "max": 1,
        "mean": 1,
        "median": 1,
        "min": 1,
        "var": 0
    },
    "silence_rate_30dB": {
        "dmean": 0,
        "dmean2": 0,
        "dvar": 0,
        "dvar2": 0,
        "max": 1,
        "mean": 1,
        "median": 1,
        "min": 1,
        "var": 0
    },
    "silence_rate_60dB": {
        "dmean": 0.017529880628,
        "dmean2": 0.0350737348199,
        "dvar": 0.0172229316086,
        "dvar2": 0.035436976701,
        "max": 1,
        "mean": 0.240939870477,
        "median": 0,
        "min": 0,
        "var": 0.182884186506
    },
    "spectral_centroid": {
        "dmean": 202.938598633,
        "dmean2": 289.424743652,
        "dvar": 120258.546875,
        "dvar2": 172437.84375,
        "max": 11390.3388672,
        "mean": 1551.03588867,
        "median": 1372.1081543,
        "min": 283.211029053,
        "var": 698479.375
    },
    "spectral_complexity": {
        "dmean": 2.12589645386,
        "dmean2": 3.22200083733,
        "dvar": 8.85821914673,
        "dvar2": 15.8221635818,
        "max": 53,
        "mean": 13.6499404907,
        "median": 13,
        "min": 0,
        "var": 94.2439727783
    },
    "spectral_decrease": {
        "dmean": 5.39664313237e-10,
        "dmean2": 7.71259001109e-10,
        "dvar": 8.94388106745e-19,
        "dvar2": 1.66325403708e-18,
        "max": -2.17146358975e-16,
        "mean": -2.44776887648e-09,
        "median": -2.14545003985e-09,
        "min": -1.82076362876e-08,
        "var": 4.68838898801e-18
    },
    "spectral_energy": {
        "dmean": 0.00233187084086,
        "dmean2": 0.00334642385133,
        "dvar": 1.72703657881e-05,
        "dvar2": 3.24722241203e-05,
        "max": 0.0795421302319,
        "mean": 0.0106998365372,
        "median": 0.00935492478311,
        "min": 8.6498896934e-10,
        "var": 9.29351590457e-05
    },
    "spectral_energyband_high": {
        "dmean": 0.000209747289773,
        "dmean2": 0.00030953795067,
        "dvar": 8.24648964226e-07,
        "dvar2": 1.70815849287e-06,
        "max": 0.0201093126088,
        "mean": 0.000491445709486,
        "median": 9.86302184174e-05,
        "min": 2.24437881474e-11,
        "var": 2.67010000243e-06
    },
    "spectral_energyband_low": {
        "dmean": 0.000118094947538,
        "dmean2": 0.00018302060198,
        "dvar": 7.95070178583e-08,
        "dvar2": 1.91752931755e-07,
        "max": 0.00595827959478,
        "mean": 0.000358455552487,
        "median": 8.78300634213e-05,
        "min": 4.58971610717e-10,
        "var": 3.52633236389e-07
    },
    "spectral_energyband_middle_high": {
        "dmean": 0.00135233369656,
        "dmean2": 0.00194288522471,
        "dvar": 9.51529364102e-06,
        "dvar2": 1.80367860594e-05,
        "max": 0.0666323155165,
        "mean": 0.00505744852126,
        "median": 0.00210468075238,
        "min": 6.72505245936e-11,
        "var": 4.99293928442e-05
    },
    "spectral_energyband_middle_low": {
        "dmean": 0.00144211028237,
        "dmean2": 0.00212692515925,
        "dvar": 5.87634258409e-06,
        "dvar2": 1.29397194542e-05,
        "max": 0.0363875254989,
        "mean": 0.00496753677726,
        "median": 0.00392640195787,
        "min": 3.60820734402e-10,
        "var": 2.05032938538e-05
    },
    "spectral_entropy": {
        "dmean": 0.131936103106,
        "dmean2": 0.194928646088,
        "dvar": 0.0263614784926,
        "dvar2": 0.0468660630286,
        "max": 9.7954454422,
        "mean": 7.24954319,
        "median": 7.21201181412,
        "min": 5.94720458984,
        "var": 0.193219676614
    },
    "spectral_flux": {
        "dmean": 0.0127648934722,
        "dmean2": 0.0200123395771,
        "dvar": 0.000275720551144,
        "dvar2": 0.000607175286859,
        "max": 0.237079367042,
        "mean": 0.0444870665669,
        "median": 0.035777926445,
        "min": 5.16501931997e-05,
        "var": 0.00129662326071
    },
    "spectral_kurtosis": {
        "dmean": 1.87039482594,
        "dmean2": 3.21819376945,
        "dvar": 4.29127883911,
        "dvar2": 12.2319755554,
        "max": 27.9500732422,
        "mean": 5.58436107635,
        "median": 4.86656713486,
        "min": -1.37323820591,
        "var": 12.1848869324
    },
    "spectral_rms": {
        "dmean": 0.000313785363687,
        "dmean2": 0.000441017677076,
        "dvar": 2.10346300378e-07,
        "dvar2": 3.59143882633e-07,
        "max": 0.00880920421332,
        "mean": 0.00281272386201,
        "median": 0.00302105210721,
        "min": 9.18635748803e-07,
        "var": 2.52744462159e-06
    },
    "spectral_rolloff": {
        "dmean": 390.929138184,
        "dmean2": 633.58807373,
        "dvar": 786756.6875,
        "dvar2": 1465649.875,
        "max": 11283.3984375,
        "mean": 2027.46557617,
        "median": 1464.2578125,
        "min": 64.599609375,
        "var": 3317590.75
    },
    "spectral_skewness": {
        "dmean": 0.221094921231,
        "dmean2": 0.366874575615,
        "dvar": 0.052782472223,
        "dvar2": 0.130077004433,
        "max": 3.50660610199,
        "mean": 1.60823941231,
        "median": 1.55502665043,
        "min": -0.0393727906048,
        "var": 0.239490702748
    },
    "spectral_spread": {
        "dmean": 402538.3125,
        "dmean2": 588468.625,
        "dvar": 828078424064,
        "dvar2": 1.10919535821e+12,
        "max": 41127840,
        "mean": 4207502,
        "median": 3592972.25,
        "min": 1777040.625,
        "var": 5.68058917683e+12
    },
    "spectral_strongpeak": {
        "dmean": 0.575719535351,
        "dmean2": 0.975031793118,
        "dvar": 1.31558978558,
        "dvar2": 3.54545521736,
        "max": 11.7124910355,
        "mean": 1.2846583128,
        "median": 0.784550607204,
        "min": 1.23244635688e-05,
        "var": 2.62192153931
    },
    "zerocrossingrate": {
        "dmean": 0.00923512969166,
        "dmean2": 0.0104535780847,
        "dvar": 0.000246834562859,
        "dvar2": 0.000238954569795,
        "max": 0.3984375,
        "mean": 0.0684439614415,
        "median": 0.05712890625,
        "min": 0.00390625,
        "var": 0.00254659540951
    },
    "barkbands": {
        "dmean": [1.02576461813e-06, 2.90690095426e-05, 5.20673165738e-05, 0.000132701432449, 0.000478458037833, 0.000267987197731, 0.000532749400008, 0.000309543305775, 0.000414472364355, 0.000271301309112, 0.000263327703578, 0.000253895181231, 0.000246967014391, 0.000180221526534, 0.000148644729052, 0.000124496626086, 0.000226403630222, 0.000364526844351, 0.00029793169233, 0.000144508143421, 2.29735123867e-05, 3.37913370458e-05, 4.63987998955e-05, 5.97795115027e-05, 3.90223831346e-05, 5.34502078153e-06, 2.57920504509e-07],
        "dmean2": [1.44211105635e-06, 4.5607197535e-05, 8.32460355014e-05, 0.000206083757803, 0.000736392568797, 0.000405844388297, 0.000829989498015, 0.000464870245196, 0.000600215047598, 0.000401122728363, 0.000398311647587, 0.000388234126149, 0.000366907537682, 0.000284763606032, 0.000230514982832, 0.000188262667507, 0.000360167498002, 0.000550832715817, 0.00044667327893, 0.000221893104026, 3.38051249855e-05, 5.02775437781e-05, 6.94006521371e-05, 9.193639562e-05, 5.59003674425e-05, 7.28982422515e-06, 3.56438647486e-07],
        "dvar": [2.38743920467e-11, 6.81308653938e-09, 1.82232451351e-08, 1.44050886774e-07, 1.04612456653e-06, 5.98573308253e-07, 2.0085919914e-06, 8.54749657719e-07, 1.0528049188e-06, 1.07435607788e-06, 4.39923212525e-07, 4.03127415893e-07, 8.44233341013e-07, 3.0458073752e-07, 2.07704502486e-07, 1.71468400367e-07, 3.944375635e-07, 1.226201789e-06, 6.17855278051e-07, 1.94326176484e-07, 1.44870559993e-08, 2.60386237017e-08, 6.3652656479e-08, 1.26660381738e-07, 7.367167143e-08, 9.19715359426e-10, 2.88773584038e-12],
        "dvar2": [3.11853494417e-11, 1.73439360651e-08, 4.65023397567e-08, 3.71991092152e-07, 2.35723064179e-06, 1.22307801576e-06, 4.79092295791e-06, 1.98375255422e-06, 2.3537281777e-06, 2.71763110504e-06, 9.19627382245e-07, 8.75665477906e-07, 1.95045163309e-06, 7.64641754358e-07, 4.55671852251e-07, 3.70604027466e-07, 9.76678848019e-07, 2.79404184766e-06, 1.40042300245e-06, 3.97424969378e-07, 3.13286996345e-08, 6.066473901e-08, 1.28808068212e-07, 3.00283574006e-07, 1.4901794998e-07, 1.85448667533e-09, 5.5098989607e-12],
        "max": [0.000328883092152, 0.0029949019663, 0.00223907316104, 0.00612510321662, 0.0203157141805, 0.0166878979653, 0.028675429523, 0.0127957388759, 0.0142221590504, 0.0345391705632, 0.0109518617392, 0.0105390073732, 0.0238775350153, 0.0137766096741, 0.0123270712793, 0.00985558610409, 0.0114728827029, 0.0214893706143, 0.0126072885469, 0.010265711695, 0.00337251578458, 0.00472992891446, 0.00853215251118, 0.00842093490064, 0.00963894929737, 0.00136418757029, 5.76102756895e-05],
        "mean": [6.38811752651e-06, 0.000104166312667, 0.000127060338855, 0.000265018548816, 0.00119798246305, 0.000732754415367, 0.00106273486745, 0.000620180857368, 0.000992035260424, 0.000556932005566, 0.000569023482967, 0.000518635672051, 0.000440313859144, 0.000346796237864, 0.000307629670715, 0.000254620565102, 0.000460056646261, 0.000757732603233, 0.000646064931061, 0.00031336164102, 4.08780142607e-05, 6.74348993925e-05, 9.12933101063e-05, 0.000116645707749, 9.22866383917e-05, 1.12588313641e-05, 5.41844201507e-07],
        "median": [1.53717650164e-07, 6.7809464781e-06, 2.93526700261e-05, 3.85978746635e-05, 0.000391779816709, 0.000296513055218, 0.000341134815244, 8.52771190694e-05, 0.000244195776759, 8.30301723909e-05, 0.000121039054648, 0.000161194184329, 5.97012258368e-05, 6.54761242913e-05, 7.61352566769e-05, 5.46345399925e-05, 9.33470146265e-05, 0.000145855054143, 0.000124316560687, 4.77071735077e-05, 9.71151439444e-06, 1.44704117702e-05, 2.12149225263e-05, 1.19939495562e-05, 3.21068046105e-06, 3.37294579822e-07, 3.47014328383e-08],
        "min": [1.878460755e-11, 2.33977615061e-10, 1.63254298968e-10, 7.64541138731e-11, 1.51371581936e-10, 4.02762545537e-11, 2.86305996272e-11, 1.86402612096e-11, 1.91568358399e-11, 9.56558963983e-12, 1.01999450552e-11, 7.86288742449e-12, 8.24515108966e-12, 4.74689341654e-12, 4.33097741698e-12, 4.56452931008e-12, 3.71286595219e-12, 3.46751642157e-12, 3.29011752738e-12, 2.90539554221e-12, 2.68518085371e-12, 1.85814861761e-12, 2.26179383382e-12, 2.34631953623e-12, 2.76973604642e-12, 2.79810961727e-12, 6.33950400855e-12],
        "var": [1.0236803627e-09, 6.28086738175e-08, 6.19260234203e-08, 3.56443706551e-07, 3.97050689571e-06, 2.38660641116e-06, 3.54947201231e-06, 2.06186950891e-06, 2.9173133953e-06, 2.40957865572e-06, 1.3303384776e-06, 1.14085514724e-06, 1.88330113815e-06, 8.87636929292e-07, 5.63398259601e-07, 4.57484759409e-07, 1.12379530037e-06, 3.30285365635e-06, 1.78031245923e-06, 6.85778161369e-07, 2.49885960812e-08, 3.80492508611e-08, 8.880620328e-08, 3.34400823476e-07, 4.48063985914e-07, 6.15383299873e-09, 1.27980603545e-11]
    },
    "erbbands": {
        "dmean": [0.000516308180522, 0.00811852794141, 0.046809207648, 0.25231385231, 0.763359129429, 2.33872199059, 2.19819617271, 2.10722255707, 5.07167720795, 9.28520584106, 6.93318128586, 8.7552614212, 8.38835334778, 9.29146575928, 8.91785812378, 9.56648349762, 11.0601825714, 9.19371032715, 6.75380420685, 7.54777002335, 6.09463357925, 12.5402650833, 17.6463336945, 16.156955719, 12.1844835281, 5.34330320358, 1.35560691357, 0.82178658247, 1.12869274616, 1.44474482536, 1.34193480015, 1.25960421562, 1.05499756336, 0.589285850525, 0.208635300398, 0.0455908738077, 0.00523170735687, 0.000558859377634, 4.5846496505e-05, 4.79624577565e-06],
        "dmean2": [0.000759247224778, 0.0127836130559, 0.0754692927003, 0.3936406672, 1.16888344288, 3.59082651138, 3.33382248878, 3.32604432106, 8.08170604706, 14.1436109543, 10.2006492615, 12.6757011414, 12.1750049591, 13.6523418427, 13.244383812, 14.106798172, 16.3510932922, 14.0948820114, 10.2735157013, 11.1571035385, 9.14044284821, 19.575176239, 26.1446037292, 24.234046936, 18.0528469086, 8.07428264618, 2.02449297905, 1.16724336147, 1.69545006752, 2.09177517891, 2.02137994766, 1.85259914398, 1.70854043961, 0.858999788761, 0.312212824821, 0.063647903502, 0.00755830667913, 0.000776362372562, 5.84004192206e-05, 6.78553624311e-06],
        "dvar": [3.64667175745e-06, 0.000504652853124, 0.0145524563268, 0.456669062376, 4.05825138092, 27.8475532532, 53.2948646545, 28.828371048, 212.243347168, 758.067749023, 368.341522217, 553.406860352, 682.22052002, 662.394592285, 581.152893066, 641.736633301, 1633.17224121, 817.208679199, 364.309204102, 697.076965332, 395.565338135, 1047.52624512, 3347.97460938, 2063.84765625, 1180.07299805, 302.670806885, 99.0090103149, 12.9182796478, 28.9877357483, 77.4612960815, 48.7344360352, 50.6819725037, 58.0676231384, 18.7233905792, 1.73216354847, 0.0742566585541, 0.00091503362637, 1.08306712718e-05, 6.65925057319e-08, 1.74110337259e-10],
        "dvar2": [8.22232959763e-06, 0.00129782571457, 0.0368255935609, 1.11245596409, 10.0085554123, 61.5986328125, 119.776184082, 68.1024627686, 525.831420898, 1892.73217773, 823.653381348, 1217.61682129, 1616.82128906, 1416.26428223, 1163.43823242, 1384.38659668, 3655.43652344, 1941.26184082, 818.828308105, 1494.1517334, 878.049804688, 2479.76806641, 7328.70068359, 4598.82763672, 2545.70849609, 588.810791016, 261.871795654, 20.8879108429, 67.938369751, 179.590393066, 99.3064193726, 114.226547241, 154.674163818, 38.5316085815, 3.80142354965, 0.155533820391, 0.00185944326222, 1.95813481696e-05, 1.0162177233e-07, 3.06391523264e-10],
        "max": [0.106035970151, 0.589812815189, 2.32599258423, 13.1417331696, 38.2100830078, 108.512901306, 163.879440308, 105.987838745, 317.488800049, 559.240661621, 287.62387085, 388.406463623, 873.777282715, 673.078552246, 646.180541992, 485.378662109, 1134.22167969, 716.159606934, 483.57623291, 792.396850586, 532.542419434, 654.256225586, 1247.8425293, 1003.08502197, 718.868652344, 498.281707764, 362.050231934, 104.004898071, 167.832901001, 320.240203857, 212.011077881, 213.955566406, 231.456970215, 144.399902344, 57.8099861145, 12.2511606216, 1.31651127338, 0.124635957181, 0.00963240023702, 0.00049022998428],
        "mean": [0.00269637093879, 0.0253942236304, 0.137641400099, 0.555649518967, 1.88577580452, 5.39594554901, 5.40706968307, 5.69579792023, 10.6280355453, 17.9833374023, 14.9703865051, 21.3068389893, 19.7278862, 22.4001693726, 18.8472728729, 20.6186466217, 21.8972434998, 19.0391426086, 14.3724813461, 17.0619277954, 14.4927511215, 27.8571186066, 39.220867157, 39.7577209473, 29.7120723724, 13.0509195328, 2.46249461174, 1.73792135715, 2.20630884171, 2.69437980652, 2.66029953957, 2.30966258049, 2.05056738853, 1.31662690639, 0.464229553938, 0.100485309958, 0.011422441341, 0.00122810760513, 0.000109759093903, 1.9097542463e-05],
        "median": [0.000138718256494, 0.00255822530016, 0.0310433506966, 0.131728380919, 0.482811540365, 1.47809767723, 2.1555788517, 2.36382865906, 4.42684268951, 5.61664104462, 3.79031133652, 6.02137422562, 5.58773851395, 5.18238353729, 6.60878229141, 6.18262863159, 3.95757770538, 3.70834612846, 4.20026302338, 4.12114667892, 3.88753318787, 6.24286174774, 7.24369049072, 8.57686328888, 5.81887292862, 2.19850277901, 0.517264842987, 0.365041345358, 0.488058179617, 0.551044523716, 0.610108435154, 0.299428850412, 0.152427986264, 0.0587456598878, 0.0124648883939, 0.00295869261026, 0.000386973057175, 4.93136540172e-05, 1.28822885017e-05, 1.31663518914e-05],
        "min": [6.0702696203e-09, 5.51613261734e-08, 1.78337344892e-07, 2.46216302457e-07, 3.16502308806e-07, 5.75749083964e-07, 5.39787606613e-07, 4.86821818413e-07, 4.36406367044e-07, 4.59231898731e-07, 4.43289565055e-07, 4.21597690092e-07, 3.23491576637e-07, 4.39675972075e-07, 5.35370986654e-07, 4.38057298879e-07, 3.6217033994e-07, 3.06012822193e-07, 2.22750301759e-07, 2.18646533767e-07, 2.55796663851e-07, 2.14480863292e-07, 1.96783489059e-07, 1.79015287927e-07, 1.49763963009e-07, 1.43875681147e-07, 1.13425414838e-07, 9.57924868317e-08, 5.85478652226e-08, 5.56456996037e-08, 7.06856013721e-08, 6.1611679314e-08, 3.36944800949e-08, 2.84482943869e-08, 1.98118463857e-08, 9.58398604922e-09, 4.94618968006e-09, 2.57887378119e-09, 9.78109593319e-10, 9.94041932101e-11],
        "var": [8.38719206513e-05, 0.0028691762127, 0.0671588107944, 1.18526339531, 15.7410440445, 94.0307235718, 147.403518677, 100.672599792, 381.283233643, 1147.32189941, 904.884033203, 1530.22595215, 1626.59790039, 2163.37988281, 1435.3203125, 1950.41711426, 3811.48974609, 2551.80810547, 1139.89160156, 2017.5814209, 1119.1739502, 3686.65112305, 9125.31054688, 7532.28662109, 3883.47119141, 1112.38879395, 98.3513565063, 33.9769439697, 44.1853256226, 90.0364761353, 69.0455245972, 83.6287536621, 153.431396484, 89.4348068237, 11.7654953003, 0.510895729065, 0.00564026087523, 6.14099262748e-05, 4.12110239267e-07, 1.27447008502e-09]
    },
    "gfcc": {
        "mean": [-107.173583984, 84.5161437988, -145.995300293, 14.7903165817, -73.2363357544, -4.02315330505, -46.0430183411, 5.94117689133, -26.9334545135, -15.2930545807, -4.48117399216, -3.95040464401, -13.9581775665],
        "cov": [[25947.7949219, -207.274856567, -6212.83056641, 328.587249756, -2302.05029297, -431.275146484, -1537.76916504, 45.1561965942, -536.839050293, -779.267089844, 174.708297729, -612.298950195, -235.960388184], [-207.274856567, 1471.05212402, -142.790206909, -77.2929763794, 312.557098389, -298.281219482, 114.655250549, -182.561019897, 33.5621528625, -107.277938843, -40.6699676514, -86.0395202637, -15.0885906219], [-6212.83056641, -142.790206909, 2183.27856445, 71.4205551147, 658.277587891, 277.470214844, 250.639434814, 71.8605270386, 115.216133118, 284.039642334, -123.116996765, 185.609008789, 41.5410499573], [328.587249756, -77.2929763794, 71.4205551147, 455.241149902, 141.938247681, 76.6893081665, -42.0792503357, 2.24367022514, 74.0361785889, 4.88634490967, -20.995174408, -25.227897644, -6.97485923767], [-2302.05029297, 312.557098389, 658.277587891, 141.938247681, 797.005859375, 91.9883499146, 82.3130111694, 53.9413032532, 157.852874756, 200.12689209, -76.318977356, 77.6963882446, -6.81192588806], [-431.275146484, -298.281219482, 277.470214844, 76.6893081665, 91.9883499146, 297.816223145, 94.3416824341, 79.4679946899, -4.6837348938, 63.1962471008, 4.95313167572, -0.204496398568, 7.14245605469], [-1537.76916504, 114.655250549, 250.639434814, -42.0792503357, 82.3130111694, 94.3416824341, 386.886413574, 58.8303413391, -34.5186271667, 33.484375, 64.0625228882, -22.5450172424, 20.6892032623], [45.1561965942, -182.561019897, 71.8605270386, 2.24367022514, 53.9413032532, 79.4679946899, 58.8303413391, 244.888626099, 51.788646698, 65.1024856567, 55.2270431519, 33.076713562, 0.782231986523], [-536.839050293, 33.5621528625, 115.216133118, 74.0361785889, 157.852874756, -4.6837348938, -34.5186271667, 51.788646698, 202.023849487, 76.8606109619, -17.8772621155, 38.5955085754, 4.01750087738], [-779.267089844, -107.277938843, 284.039642334, 4.88634490967, 200.12689209, 63.1962471008, 33.484375, 65.1024856567, 76.8606109619, 199.926544189, -2.42745947838, 35.9144821167, 11.7834892273], [174.708297729, -40.6699676514, -123.116996765, -20.995174408, -76.318977356, 4.95313167572, 64.0625228882, 55.2270431519, -17.8772621155, -2.42745947838, 119.847114563, 8.95098781586, 3.941147089], [-612.298950195, -86.0395202637, 185.609008789, -25.227897644, 77.6963882446, -0.204496398568, -22.5450172424, 33.076713562, 38.5955085754, 35.9144821167, 8.95098781586, 121.299613953, 18.731760025], [-235.960388184, -15.0885906219, 41.5410499573, -6.97485923767, -6.81192588806, 7.14245605469, 20.6892032623, 0.782231986523, 4.01750087738, 11.7834892273, 3.941147089, 18.731760025, 69.9152603149]],
        "icov": [[0.000459050905192, -0.000646587926894, 0.0011329355184, -0.000763502903283, 0.000952039496042, -0.00105238344986, 0.00148027122486, -0.00122993858531, 0.00127774802968, -0.00108523771632, 0.000736127607524, -0.000263218564214, 0.000574913923629], [-0.000646587926894, 0.00265609379858, -0.00155290088151, 0.00162506324705, -0.00283698178828, 0.00318385916762, -0.00278810434975, 0.00253315176815, -0.0024088525679, 0.00315246172249, -0.00149304710794, 0.00207554246299, -0.00119396147784], [0.0011329355184, -0.00155290088151, 0.00373305659741, -0.00196215743199, 0.002060089726, -0.00303288153373, 0.00294877798297, -0.00285374303348, 0.00329122552648, -0.00329341297038, 0.00301538570784, -0.00202499516308, 0.00148306402843], [-0.000763502903283, 0.00162506324705, -0.00196215743199, 0.00429788418114, -0.00269764917903, 0.00133067707065, -0.00195762934163, 0.00252270442434, -0.00347030372359, 0.00333094224334, -0.00206863158382, 0.00235324678943, -0.00135502882767], [0.000952039496042, -0.00283698178828, 0.002060089726, -0.00269764917903, 0.00567809119821, -0.00349846226163, 0.0029222201556, -0.0031699554529, 0.00241093547083, -0.00520077254623, 0.00334856566042, -0.00302317994647, 0.0025482380297], [-0.00105238344986, 0.00318385916762, -0.00303288153373, 0.00133067707065, -0.00349846226163, 0.00886863283813, -0.0046762758866, 0.00214390899055, -0.00236614327878, 0.00314254988916, -0.00179530319292, 0.00291247898713, -0.00188969797455], [0.00148027122486, -0.00278810434975, 0.00294877798297, -0.00195762934163, 0.0029222201556, -0.0046762758866, 0.00927143637091, -0.00467750849202, 0.00485706841573, -0.00345506332815, -0.000612199772149, 0.00113166251685, 0.000552494020667], [-0.00122993858531, 0.00253315176815, -0.00285374303348, 0.00252270442434, -0.0031699554529, 0.00214390899055, -0.00467750849202, 0.00949822552502, -0.00516149587929, 0.00265743746422, -0.00453597027808, 0.000384394283174, -0.000905600783881], [0.00127774802968, -0.0024088525679, 0.00329122552648, -0.00347030372359, 0.00241093547083, -0.00236614327878, 0.00485706841573, -0.00516149587929, 0.0112429503351, -0.00559501443058, 0.00322221196257, -0.00263067171909, 0.00140793039463], [-0.00108523771632, 0.00315246172249, -0.00329341297038, 0.00333094224334, -0.00520077254623, 0.00314254988916, -0.00345506332815, 0.00265743746422, -0.00559501443058, 0.012691966258, -0.00368660176173, 0.00321772904135, -0.00300010642968], [0.000736127607524, -0.00149304710794, 0.00301538570784, -0.00206863158382, 0.00334856566042, -0.00179530319292, -0.000612199772149, -0.00453597027808, 0.00322221196257, -0.00368660176173, 0.0148233212531, -0.00471302261576, 0.00176904944237], [-0.000263218564214, 0.00207554246299, -0.00202499516308, 0.00235324678943, -0.00302317994647, 0.00291247898713, 0.00113166251685, 0.000384394283174, -0.00263067171909, 0.00321772904135, -0.00471302261576, 0.0148793393746, -0.00404570950195], [0.000574913923629, -0.00119396147784, 0.00148306402843, -0.00135502882767, 0.0025482380297, -0.00188969797455, 0.000552494020667, -0.000905600783881, 0.00140793039463, -0.00300010642968, 0.00176904944237, -0.00404570950195, 0.0166662074625]]
    },
    "melbands": {
        "dmean": [6.08111122347e-06, 1.92500629055e-05, 5.32881858817e-05, 0.000107073356048, 8.22960864753e-05, 4.95037238579e-05, 8.696957957e-05, 9.57404408837e-05, 5.81876811339e-05, 5.72206736251e-05, 4.36139198428e-05, 3.90285531466e-05, 3.23896201735e-05, 2.66305723926e-05, 2.9250899388e-05, 2.47268926614e-05, 1.77979418368e-05, 1.16618575703e-05, 1.20172207971e-05, 8.87847727427e-06, 7.61918863645e-06, 1.29095560624e-05, 1.75251734618e-05, 1.72343879967e-05, 1.41341106428e-05, 1.06814622995e-05, 8.17684122012e-06, 2.92931076729e-06, 1.0105986803e-06, 5.10367044626e-07, 4.94535015605e-07, 6.23630967311e-07, 7.74654893121e-07, 8.50079686643e-07, 8.30821363706e-07, 7.51910590679e-07, 8.14731947685e-07, 7.67694643855e-07, 7.62017748457e-07, 4.65872830091e-07],
        "dmean2": [9.35764001042e-06, 3.1187908462e-05, 8.3013837866e-05, 0.000164956523804, 0.000125048929476, 7.66130106058e-05, 0.000137743336381, 0.000145048368722, 8.45132308314e-05, 8.32710938994e-05, 6.36506520095e-05, 5.77786158829e-05, 4.87113647978e-05, 3.94042654079e-05, 4.47960301244e-05, 3.58977849828e-05, 2.80794356513e-05, 1.82672520168e-05, 1.84567106771e-05, 1.29035870486e-05, 1.16899846034e-05, 2.0206643967e-05, 2.66141178145e-05, 2.59895932686e-05, 2.12634313357e-05, 1.6117346604e-05, 1.22454866869e-05, 4.41449174104e-06, 1.61430125445e-06, 7.23595007912e-07, 7.19151103112e-07, 9.26715586047e-07, 1.18445598218e-06, 1.28374335873e-06, 1.27341877487e-06, 1.12480017833e-06, 1.19684011679e-06, 1.25265421502e-06, 1.20882975807e-06, 6.26741893939e-07],
        "dvar": [3.42476741411e-10, 2.52099274789e-09, 2.01413108414e-08, 5.51102523616e-08, 4.95682392909e-08, 1.54723860391e-08, 5.30884314287e-08, 7.37386898209e-08, 2.53642049586e-08, 2.2242007347e-08, 2.0027421499e-08, 1.29049997355e-08, 6.95573643128e-09, 4.62205695939e-09, 9.55423118398e-09, 6.98107127661e-09, 3.5585578928e-09, 1.21586574142e-09, 1.51950785288e-09, 1.01848840472e-09, 7.10926262304e-10, 1.10775810747e-09, 3.6321117225e-09, 2.69805067177e-09, 1.60842483776e-09, 8.88432383217e-10, 6.16432294098e-10, 1.11520195856e-10, 9.43406672227e-11, 4.76176346617e-12, 4.72443525273e-12, 7.66103760291e-12, 1.60363076984e-11, 2.94869337281e-11, 1.67393147954e-11, 1.67590923777e-11, 2.12650539538e-11, 2.60660729112e-11, 5.28920761356e-11, 8.84082217156e-12],
        "dvar2": [8.40179426032e-10, 6.52542331281e-09, 5.12788105311e-08, 1.23721179079e-07, 1.12077678693e-07, 3.43716486384e-08, 1.27988769805e-07, 1.83120675956e-07, 5.51319629949e-08, 5.05032140552e-08, 4.83810680407e-08, 2.92572259752e-08, 1.45157459386e-08, 9.83858416959e-09, 2.30867112094e-08, 1.42284584115e-08, 8.75325056882e-09, 2.83452439298e-09, 3.45977291261e-09, 2.34637131946e-09, 1.6485648402e-09, 2.59890753362e-09, 8.53467341244e-09, 6.30616314723e-09, 3.55488083414e-09, 2.09095540882e-09, 1.28129729049e-09, 2.35922809066e-10, 2.61189014861e-10, 7.06684884222e-12, 8.5825669488e-12, 1.77621268388e-11, 3.85605991582e-11, 6.76568037705e-11, 3.56424230408e-11, 3.69967771696e-11, 4.71572468574e-11, 6.60317842072e-11, 1.45271683571e-10, 1.4901611195e-11],
        "max": [0.000886311871, 0.00103045150172, 0.00239035766572, 0.00413868110627, 0.00452712224796, 0.00249515520409, 0.00469714496285, 0.00498604774475, 0.00259295036085, 0.00230940338224, 0.00477806758136, 0.00269683054648, 0.00149845075794, 0.00165020534769, 0.00230708788149, 0.00218095048331, 0.00161501765251, 0.00087894446915, 0.00114916823804, 0.00083149218699, 0.000697294366546, 0.000629591173492, 0.000994646572508, 0.00108181568794, 0.000932984461542, 0.000499525398482, 0.000518433866091, 0.000264824164333, 0.000364087201888, 7.83518771641e-05, 6.04106389801e-05, 8.51672011777e-05, 0.000111772707896, 0.000203337942366, 0.000118882424431, 0.000141246637213, 0.000124461468658, 0.000149844869156, 0.000254553742707, 0.000123817459098],
        "mean": [2.56002331298e-05, 5.72661010665e-05, 0.00012183313811, 0.000270032061962, 0.000201440154342, 0.000134130066726, 0.00017899654631, 0.000188902195077, 0.000123754274682, 0.000137696988531, 9.81828052318e-05, 9.11886672839e-05, 6.84119586367e-05, 5.53919489903e-05, 5.2540384786e-05, 4.5489614422e-05, 3.4019620216e-05, 2.17492815864e-05, 2.50744888035e-05, 1.89708098333e-05, 1.56944370246e-05, 2.66015849775e-05, 3.45959670085e-05, 3.6074048694e-05, 3.27201232722e-05, 2.17807828449e-05, 1.91620074474e-05, 6.15840917817e-06, 1.4352664266e-06, 9.15802274903e-07, 1.03280797248e-06, 1.21016273624e-06, 1.39558358114e-06, 1.51679978444e-06, 1.54283793563e-06, 1.40489134992e-06, 1.42180090279e-06, 1.4519018805e-06, 1.36693370223e-06, 1.02359229004e-06],
        "median": [1.51141136939e-06, 1.06325314846e-05, 2.97271271847e-05, 6.9313471613e-05, 8.48795170896e-05, 5.71162672713e-05, 7.39574024919e-05, 5.01878857904e-05, 2.20184938371e-05, 3.23720742017e-05, 2.07044813578e-05, 1.83135070984e-05, 2.0484561901e-05, 1.63915537996e-05, 1.09651091407e-05, 7.07277922629e-06, 5.58615056434e-06, 5.16018826602e-06, 5.79359902986e-06, 3.87569934901e-06, 3.48939715877e-06, 5.61142860533e-06, 5.16841964782e-06, 7.18602859706e-06, 6.52152630209e-06, 4.44419492851e-06, 2.58482191384e-06, 7.639607702e-07, 2.15882295151e-07, 1.98879320124e-07, 1.66795359746e-07, 2.29468028579e-07, 2.94692142688e-07, 2.81819012571e-07, 3.36858192895e-07, 2.44117160264e-07, 1.33474529207e-07, 9.07375365955e-08, 8.22990102733e-08, 2.88044272878e-08],
        "min": [6.06101557832e-11, 8.90447368618e-11, 4.41656260175e-11, 3.24091413428e-11, 2.11846443166e-11, 8.2438127505e-12, 6.49954959644e-12, 4.870252205e-12, 3.71518614484e-12, 2.53107886213e-12, 1.46112072094e-12, 1.72432044771e-12, 1.7445170742e-12, 1.39145617771e-12, 8.07466669483e-13, 8.27116044926e-13, 5.24375573345e-13, 3.31872360539e-13, 3.29782316906e-13, 2.84383654863e-13, 2.99917236228e-13, 2.18475330058e-13, 2.0603840628e-13, 1.54687447205e-13, 1.44930684749e-13, 1.20224034721e-13, 9.91981494235e-14, 9.2127484298e-14, 7.09881779011e-14, 6.76965604342e-14, 4.9602835538e-14, 2.86794073461e-14, 4.10745893407e-14, 2.68761622929e-14, 3.85829233417e-14, 4.21032363162e-14, 3.97365889921e-14, 2.40264046451e-14, 2.19996614784e-14, 2.48616841632e-14],
        "var": [5.15916998012e-09, 1.15688374436e-08, 5.82198076415e-08, 2.36478143734e-07, 1.32932783004e-07, 5.66833477933e-08, 9.77497620624e-08, 1.20405246662e-07, 6.50560068038e-08, 6.12433410652e-08, 4.72799150941e-08, 3.82729687942e-08, 1.89594420164e-08, 1.35144802016e-08, 2.42974085296e-08, 1.70725353854e-08, 1.0270007067e-08, 3.27265414768e-09, 3.90646892612e-09, 2.99970936979e-09, 1.56099444482e-09, 3.7070440051e-09, 8.76159411689e-09, 7.42004191423e-09, 5.88460569162e-09, 2.05058792169e-09, 2.18255391538e-09, 3.54740070652e-10, 7.13497178007e-11, 1.25361838965e-11, 1.14984835889e-11, 1.24489151626e-11, 2.07862737439e-11, 3.33130779906e-11, 2.29267178159e-11, 2.23012146944e-11, 3.78387148003e-11, 7.28079332935e-11, 9.95034887818e-11, 5.74525566011e-11]
    },
    "mfcc": {
        "mean": [-729.946472168, 109.749351501, -21.0928020477, 6.53604078293, -7.52160978317, -19.3896255493, -8.54805660248, 7.00635957718, -22.5776329041, -3.19696974754, -4.06514310837, -9.48554611206, -1.87424767017],
        "cov": [[18947.4199219, -81.984954834, -2526.71142578, -331.878997803, -586.307128906, -838.468811035, -634.151123047, -23.2963085175, -996.160644531, 53.2023849487, -179.601867676, -364.779052734, -342.271697998], [-81.984954834, 1804.49560547, -293.82699585, 187.575439453, 61.4355392456, -64.2462539673, -39.505859375, -91.141784668, -34.7368850708, -85.2872238159, -66.1391143799, -75.608757019, 15.4018659592], [-2526.71142578, -293.82699585, 931.311767578, -10.9656133652, 70.870010376, 138.514373779, 107.048294067, 7.74070119858, 137.766067505, -48.8122444153, -1.35205316544, 6.24017572403, 53.452709198], [-331.878997803, 187.575439453, -10.9656133652, 369.964691162, 202.216018677, 98.2900161743, -44.0325965881, -11.2437477112, 85.9667282104, -1.7407848835, 58.7027587891, 3.91463279724, 49.3820343018], [-586.307128906, 61.4355392456, 70.870010376, 202.216018677, 566.03729248, 157.201538086, -89.5769348145, -10.3708610535, 187.220077515, -7.02674150467, 109.805114746, 57.0869026184, 45.9363975525], [-838.468811035, -64.2462539673, 138.514373779, 98.2900161743, 157.201538086, 289.067993164, 66.7249221802, -28.8515033722, 127.56653595, 15.3465509415, 29.497045517, 45.7950706482, -6.1625123024], [-634.151123047, -39.505859375, 107.048294067, -44.0325965881, -89.5769348145, 66.7249221802, 381.786865234, 60.1215400696, 43.4097480774, 83.1861724854, -13.6707029343, 63.3713226318, 10.046131134], [-23.2963085175, -91.141784668, 7.74070119858, -11.2437477112, -10.3708610535, -28.8515033722, 60.1215400696, 174.24382019, -4.06844043732, 11.7593698502, 31.5905818939, -14.0010375977, 12.9388885498], [-996.160644531, -34.7368850708, 137.766067505, 85.9667282104, 187.220077515, 127.56653595, 43.4097480774, -4.06844043732, 251.053787231, 36.616153717, 60.7111663818, 80.7339859009, 38.4417648315], [53.2023849487, -85.2872238159, -48.8122444153, -1.7407848835, -7.02674150467, 15.3465509415, 83.1861724854, 11.7593698502, 36.616153717, 178.197906494, 28.2344646454, 54.6075820923, 23.918554306], [-179.601867676, -66.1391143799, -1.35205316544, 58.7027587891, 109.805114746, 29.497045517, -13.6707029343, 31.5905818939, 60.7111663818, 28.2344646454, 132.102310181, 44.9914550781, 29.042016983], [-364.779052734, -75.608757019, 6.24017572403, 3.91463279724, 57.0869026184, 45.7950706482, 63.3713226318, -14.0010375977, 80.7339859009, 54.6075820923, 44.9914550781, 130.203262329, 37.1928787231], [-342.271697998, 15.4018659592, 53.452709198, 49.3820343018, 45.9363975525, -6.1625123024, 10.046131134, 12.9388885498, 38.4417648315, 23.918554306, 29.042016983, 37.1928787231, 100.220245361]],
