{
"lowlevel": {
    "average_loudness": 0.923255980015,
    "barkbands_crest": {
        "dmean": 1.9988244772,
        "dmean2": 3.20138669014,
        "dvar": 3.55586957932,
        "dvar2": 9.28655910492,
        "max": 23.804731369,
        "mean": 10.0613632202,
        "median": 9.51045131683,
        "min": 3.61754608154,
        "var": 11.4472417831
    },
    "barkbands_flatness_db": {
        "dmean": 0.0190477371216,
        "dmean2": 0.0286392383277,
        "dvar": 0.000344227999449,
        "dvar2": 0.000720434589311,
        "max": 0.352706611156,
        "mean": 0.210500001907,
        "median": 0.208191737533,
        "min": 0.0468947999179,
        "var": 0.0018914504908
    },
    "barkbands_kurtosis": {
        "dmean": 2.4007730484,
        "dmean2": 3.70179343224,
        "dvar": 9.41696166992,
        "dvar2": 21.6478347778,
        "max": 61.388923645,
        "mean": 5.8546628952,
        "median": 4.18381166458,
        "min": -1.88738358021,
        "var": 36.8012542725
    },
    "barkbands_skewness": {
        "dmean": 0.393492609262,
        "dmean2": 0.601520836353,
        "dvar": 0.158644840121,
        "dvar2": 0.359566807747,
        "max": 6.51650428772,
        "mean": 1.71992468834,
        "median": 1.61695563793,
        "min": -1.82701766491,
        "var": 0.843574047089
    },
    "barkbands_spread": {
        "dmean": 2.44102311134,
        "dmean2": 3.61281061172,
        "dvar": 24.8054237366,
        "dvar2": 42.9046669006,
        "max": 93.0153121948,
        "mean": 10.2335176468,
        "median": 8.19958782196,
        "min": 1.43528258801,
        "var": 77.0925140381
    },
    "dissonance": {
        "dmean": 0.0279109701514,
        "dmean2": 0.0464635677636,
        "dvar": 0.000603157328442,
        "dvar2": 0.00160063826479,
        "max": 0.499999970198,
        "mean": 0.418216347694,
        "median": 0.420351356268,
        "min": 0.249901771545,
        "var": 0.00148917303886
    },
    "dynamic_complexity": 1.62267136574,
    "erbbands_crest": {
        "dmean": 2.36398625374,
        "dmean2": 3.68490290642,
        "dvar": 5.02682924271,
        "dvar2": 11.6126012802,
        "max": 31.5576629639,
        "mean": 10.9992856979,
        "median": 10.1043272018,
        "min": 3.3111641407,
        "var": 18.3100376129
    },
    "erbbands_flatness_db": {
        "dmean": 0.0168120730668,
        "dmean2": 0.0236019529402,
        "dvar": 0.000293778430205,
        "dvar2": 0.000563807203434,
        "max": 0.341950118542,
        "mean": 0.213219359517,
        "median": 0.214195534587,
        "min": 0.0601805076003,
        "var": 0.00168030941859
    },
    "erbbands_kurtosis": {
        "dmean": 1.11189365387,
        "dmean2": 1.68845760822,
        "dvar": 2.14008712769,
        "dvar2": 5.00025129318,
        "max": 22.6690387726,
        "mean": 1.66338217258,
        "median": 1.14495897293,
        "min": -1.81849765778,
        "var": 6.41109991074
    },
    "erbbands_skewness": {
        "dmean": 0.309234946966,
        "dmean2": 0.461760759354,
        "dvar": 0.0899218991399,
        "dvar2": 0.193340599537,
        "max": 3.49779605865,
        "mean": 0.862664163113,
        "median": 0.844075798988,
        "min": -2.06142187119,
        "var": 0.484762787819
    },
    "erbbands_spread": {
        "dmean": 4.76904630661,
        "dmean2": 7.0776515007,
        "dvar": 51.9776611328,
        "dvar2": 91.2729187012,
        "max": 139.136856079,
        "mean": 24.0054149628,
        "median": 20.8455486298,
        "min": 3.42085027695,
        "var": 202.718582153
    },
    "hfc": {
        "dmean": 4.14196491241,
        "dmean2": 6.07056474686,
        "dvar": 45.7261619568,
        "dvar2": 96.470085144,
        "max": 135.74520874,
        "mean": 18.1219673157,
        "median": 14.104640007,
        "min": 1.19192120527e-16,
        "var": 172.535095215
    },
    "melbands_crest": {
        "dmean": 2.38993763924,
        "dmean2": 3.81296157837,
        "dvar": 4.91425085068,
        "dvar2": 12.8096990585,
        "max": 28.7328605652,
        "mean": 13.4739208221,
        "median": 12.6486215591,
        "min": 2.7834842205,
        "var": 20.2218608856
    },
    "melbands_flatness_db": {
        "dmean": 0.0213081929833,
        "dmean2": 0.0310974307358,
        "dvar": 0.000517307955306,
        "dvar2": 0.00104336580262,
        "max": 0.449415594339,
        "mean": 0.271482467651,
        "median": 0.267396837473,
        "min": 0.00608943635598,
        "var": 0.00321695161983
    },
    "melbands_kurtosis": {
        "dmean": 3.73747515678,
        "dmean2": 5.69707679749,
        "dvar": 27.757976532,
        "dvar2": 63.8164367676,
        "max": 89.5515594482,
        "mean": 9.65468597412,
        "median": 6.45507526398,
        "min": -1.62284731865,
        "var": 102.39263916
    },
    "melbands_skewness": {
        "dmean": 0.460594385862,
        "dmean2": 0.695147871971,
        "dvar": 0.216595798731,
        "dvar2": 0.49912121892,
        "max": 8.59345245361,
        "mean": 2.09862971306,
        "median": 1.93921065331,
        "min": -0.925225138664,
        "var": 1.17822468281
    },
    "melbands_spread": {
        "dmean": 2.67310714722,
        "dmean2": 4.09013175964,
        "dvar": 25.3948631287,
        "dvar2": 49.1378860474,
        "max": 132.505813599,
        "mean": 11.921421051,
        "median": 9.83696842194,
        "min": 1.84478294849,
        "var": 70.8550720215
    },
    "pitch_salience": {
        "dmean": 0.0522768311203,
        "dmean2": 0.0830317437649,
        "dvar": 0.00220533646643,
        "dvar2": 0.00562212988734,
        "max": 0.82010024786,
        "mean": 0.543522775173,
        "median": 0.543197095394,
        "min": 0.24957986176,
        "var": 0.00817841105163
    },
    "silence_rate_20dB": {
        "dmean": 0,
        "dmean2": 0,
        "dvar": 0,
        "dvar2": 0,
        "max": 1,
        "mean": 1,
        "median": 1,
        "min": 1,
        "var": 0
    },
    "silence_rate_30dB": {
        "dmean": 0.000773993786424,
        "dmean2": 0.00154858687893,
        "dvar": 0.00077339366544,
        "dvar2": 0.00232047727332,
        "max": 1,
        "mean": 0.999613165855,
        "median": 1,
        "min": 0,
        "var": 0.00038670853246
    },
    "silence_rate_60dB": {
        "dmean": 0.000386996893212,
        "dmean2": 0.000774293439463,
        "dvar": 0.000386876112316,
        "dvar2": 0.000773690466303,
        "max": 1,
        "mean": 0.00270793028176,
        "median": 0,
        "min": 0,
        "var": 0.00270041730255
    },
    "spectral_centroid": {
        "dmean": 100.376358032,
        "dmean2": 152.188232422,
        "dvar": 64972.9921875,
        "dvar2": 98918.875,
        "max": 10914.1337891,
        "mean": 637.576599121,
        "median": 556.833312988,
        "min": 238.799484253,
        "var": 138502.203125
    },
    "spectral_complexity": {
        "dmean": 1.80998456478,
        "dmean2": 2.97367405891,
        "dvar": 2.99912190437,
        "dvar2": 6.81855726242,
        "max": 34,
        "mean": 14.4858798981,
        "median": 14,
        "min": 0,
        "var": 13.715886116
    },
    "spectral_decrease": {
        "dmean": 1.99036809256e-09,
        "dmean2": 3.10127701297e-09,
        "dvar": 4.98665460046e-18,
        "dvar2": 1.15282433164e-17,
        "max": 2.16568730807e-29,
        "mean": -8.9148990412e-09,
        "median": -8.11317946159e-09,
        "min": -2.85343766393e-08,
        "var": 1.91634040932e-17
    },
    "spectral_energy": {
        "dmean": 0.00779918162152,
        "dmean2": 0.0121379652992,
        "dvar": 7.54202483222e-05,
        "dvar2": 0.00017439336807,
        "max": 0.113065965474,
        "mean": 0.0352905988693,
        "median": 0.0320480503142,
        "min": 1.07293257981e-20,
        "var": 0.000295682431897
    },
    "spectral_energyband_high": {
        "dmean": 0.000170220286236,
        "dmean2": 0.000252488680417,
        "dvar": 5.38837014119e-07,
        "dvar2": 1.14422698516e-06,
        "max": 0.0140749746934,
        "mean": 0.000292073149467,
        "median": 8.05951131042e-05,
        "min": 7.85914074289e-21,
        "var": 9.24843106986e-07
    },
    "spectral_energyband_low": {
        "dmean": 0.00224542431533,
        "dmean2": 0.0033710829448,
        "dvar": 1.46438333104e-05,
        "dvar2": 3.17216436088e-05,
        "max": 0.0711389705539,
        "mean": 0.00712673552334,
        "median": 0.00426293211058,
        "min": 2.27598992931e-23,
        "var": 7.47988888179e-05
    },
    "spectral_energyband_middle_high": {
        "dmean": 0.00115953560453,
        "dmean2": 0.00164777436294,
        "dvar": 6.07558376942e-06,
        "dvar2": 1.32218401632e-05,
        "max": 0.0694264024496,
        "mean": 0.0043556583114,
        "median": 0.00239999219775,
        "min": 1.54038165378e-21,
        "var": 2.95034278679e-05
    },
    "spectral_energyband_middle_low": {
        "dmean": 0.00676870113239,
        "dmean2": 0.0106972651556,
        "dvar": 5.81087151659e-05,
        "dvar2": 0.000142665929161,
        "max": 0.100068539381,
        "mean": 0.0250859744847,
        "median": 0.0225700102746,
        "min": 4.03878431413e-22,
        "var": 0.000185219847481
    },
    "spectral_entropy": {
        "dmean": 0.176888048649,
        "dmean2": 0.262771815062,
        "dvar": 0.0400098189712,
        "dvar2": 0.0806827768683,
        "max": 9.78978729248,
        "mean": 6.73813486099,
        "median": 6.72513246536,
        "min": 5.56333303452,
        "var": 0.168369278312
    },
    "spectral_flux": {
        "dmean": 0.02106949687,
        "dmean2": 0.0335998907685,
        "dvar": 0.00045117593254,
        "dvar2": 0.0010580617236,
        "max": 0.252212494612,
        "mean": 0.0669168680906,
        "median": 0.0605279579759,
        "min": 1.03582462052e-10,
        "var": 0.00106987298932
    },
    "spectral_kurtosis": {
        "dmean": 4.5259180069,
        "dmean2": 7.40613651276,
        "dvar": 29.3378238678,
        "dvar2": 76.2940979004,
        "max": 64.2854766846,
        "mean": 11.8496522903,
        "median": 9.50726699829,
        "min": -1.19169557095,
        "var": 73.8266830444
    },
    "spectral_rms": {
        "dmean": 0.000642962288111,
        "dmean2": 0.000994974398054,
        "dvar": 4.30365048487e-07,
        "dvar2": 9.63966954259e-07,
        "max": 0.0105027742684,
        "mean": 0.00569049594924,
        "median": 0.00559163559228,
        "min": 3.2353724734e-12,
        "var": 2.04808429771e-06
    },
    "spectral_rolloff": {
        "dmean": 196.314712524,
        "dmean2": 326.150390625,
        "dvar": 476786.5625,
        "dvar2": 829056.625,
        "max": 18884.6191406,
        "mean": 841.989624023,
        "median": 602.9296875,
        "min": 129.19921875,
        "var": 952361.1875
    },
    "spectral_skewness": {
        "dmean": 0.395958870649,
        "dmean2": 0.629181742668,
        "dvar": 0.16550706327,
        "dvar2": 0.406150281429,
        "max": 6.22285079956,
        "mean": 2.6036195755,
        "median": 2.55615234375,
        "min": -0.00315891392529,
        "var": 0.560714185238
    },
    "spectral_spread": {
        "dmean": 507911.71875,
        "dmean2": 722829.9375,
        "dvar": 811408424960,
        "dvar2": 1.06193177805e+12,
        "max": 39914808,
        "mean": 3503159,
        "median": 3206759.75,
        "min": 1034677.625,
        "var": 3.47889388749e+12
    },
    "spectral_strongpeak": {
        "dmean": 0.501980543137,
        "dmean2": 0.824997365475,
        "dvar": 0.543246626854,
        "dvar2": 1.22510933876,
        "max": 10.7961492538,
        "mean": 1.32757735252,
        "median": 0.923710346222,
        "min": 4.03658395598e-09,
        "var": 1.76523947716
    },
    "zerocrossingrate": {
        "dmean": 0.00558367744088,
        "dmean2": 0.00663177808747,
        "dvar": 0.00015414126392,
        "dvar2": 0.000178520960617,
        "max": 0.50927734375,
        "mean": 0.0349460169673,
        "median": 0.0302734375,
        "min": 0.00390625,
        "var": 0.000643627310637
    },
    "barkbands": {
        "dmean": [1.75398042757e-06, 0.000457584537799, 0.00144494755659, 0.00102389918175, 0.00369744701311, 0.0021258587949, 0.00098008941859, 0.00135133811273, 0.00104494881816, 0.000362806342309, 0.000210071448237, 0.000272506265901, 0.000589450704865, 0.000204325871891, 0.000116949078802, 8.23188820505e-05, 0.000107884072349, 3.72176655219e-05, 3.09012502839e-05, 5.01519498357e-05, 2.7015199521e-05, 3.06673973682e-05, 3.54105941369e-05, 4.32634587924e-05, 2.88939245365e-05, 8.44002624945e-06, 1.45953165998e-07],
        "dmean2": [2.73330419986e-06, 0.000646071101073, 0.00216294638813, 0.00162826362066, 0.00577529612929, 0.00345442909747, 0.00139567384031, 0.00206735217944, 0.0015028892085, 0.000538201187737, 0.000296837650239, 0.000399775890401, 0.000800450914539, 0.000297609833069, 0.000190888516954, 0.000131494161906, 0.000159880146384, 5.78404396947e-05, 4.69286169391e-05, 8.29921918921e-05, 4.19034768129e-05, 4.76373752463e-05, 5.44495997019e-05, 6.52092276141e-05, 4.02415935241e-05, 1.16101409731e-05, 2.3686497741e-07],
        "dvar": [4.78731998488e-10, 1.01449506928e-06, 7.31658246877e-06, 3.59199702871e-06, 3.14010794682e-05, 1.19115575217e-05, 2.08565029425e-06, 6.66970117891e-06, 5.68607811147e-06, 9.49578975451e-07, 2.85114566623e-07, 3.29764156959e-06, 2.07690914067e-06, 2.79310881979e-07, 5.2785619431e-08, 8.65761791147e-08, 6.47248583618e-08, 7.34369232092e-09, 9.6261851823e-09, 1.04622174035e-07, 1.19318359637e-08, 1.8216534059e-08, 2.03772803076e-08, 6.36101376017e-08, 2.50342360175e-08, 2.00712624299e-09, 1.14329845504e-12],
        "dvar2": [4.82895223808e-10, 1.73637886292e-06, 1.55004818225e-05, 9.18847126741e-06, 7.98448672867e-05, 3.52536408172e-05, 4.61041054223e-06, 1.50077103171e-05, 1.26430049932e-05, 1.71579358721e-06, 4.59920755702e-07, 8.02976410341e-06, 3.5083091916e-06, 6.45310990421e-07, 1.31803389536e-07, 2.32924321608e-07, 1.16230118863e-07, 1.68194667083e-08, 1.99275351775e-08, 3.13747847258e-07, 2.98339024596e-08, 4.30110986827e-08, 4.3760024937e-08, 1.43864212987e-07, 4.69186360874e-08, 3.67458707906e-09, 2.90104181996e-12],
        "max": [0.00111024465878, 0.0231314506382, 0.056680880487, 0.0446889661252, 0.0796791985631, 0.0416987165809, 0.0272385831922, 0.0579903572798, 0.046361554414, 0.0365614108741, 0.0159609131515, 0.0679947584867, 0.0395890139043, 0.0225937999785, 0.00389338214882, 0.00608882494271, 0.00660813506693, 0.00182764127385, 0.00266828667372, 0.00871814321727, 0.00228954246268, 0.00255936360918, 0.00299062603153, 0.00730795087293, 0.00467959325761, 0.00137805286795, 2.97115057037e-05],
        "mean": [1.8295826294e-06, 0.00148425938096, 0.00422122189775, 0.00278602028266, 0.00825924612582, 0.00498317368329, 0.00278359348886, 0.00300267152488, 0.00288861361332, 0.000759986927733, 0.000546828843653, 0.000533306621946, 0.00145767058711, 0.000566642032936, 0.000208974597626, 0.00013625905558, 0.000218379311264, 6.96114002494e-05, 5.83422151976e-05, 6.47953202133e-05, 3.72412978322e-05, 4.26993610745e-05, 5.67857605347e-05, 6.11188224866e-05, 4.66649435111e-05, 1.45308049468e-05, 1.40641930102e-07],
        "median": [8.13652945908e-07, 0.000287176895654, 0.00222244183533, 0.00121550727636, 0.00552649609745, 0.00331616168842, 0.00186261557974, 0.00138382671867, 0.00086913688574, 0.000329257920384, 0.000121663084428, 0.000100310579001, 0.000412934139604, 0.000147756538354, 0.000112449692097, 6.22681327513e-05, 8.26480609248e-05, 3.218731581e-05, 1.88379144674e-05, 1.54512235895e-05, 9.30105397856e-06, 9.55925588642e-06, 1.02355988929e-05, 8.1177940956e-06, 4.86262706545e-06, 1.29322359044e-06, 2.7973177108e-09],
        "min": [7.75267885191e-24, 1.21074292847e-23, 7.14625307507e-24, 2.87676765928e-24, 1.25274797307e-22, 7.40892608603e-23, 5.92952916099e-23, 5.13386511932e-23, 8.29624566746e-23, 5.42336129432e-23, 6.14668048009e-23, 1.1193580311e-22, 1.01083367907e-22, 1.61767742596e-22, 9.19330988989e-23, 1.20994072004e-22, 1.40014669632e-22, 1.56196895236e-22, 3.80493867879e-22, 3.14669344951e-22, 3.5961280807e-22, 6.38420662487e-22, 6.54888847014e-22, 8.08100831424e-22, 1.21029407924e-21, 1.5598077764e-21, 2.73453510879e-21],
        "var": [4.79400130704e-10, 9.09299160412e-06, 3.64986372006e-05, 2.23953447858e-05, 6.99393567629e-05, 2.65376274911e-05, 7.98218843556e-06, 2.12982049561e-05, 2.73726800515e-05, 4.00063890993e-06, 1.82533096904e-06, 4.77580533698e-06, 9.05252636585e-06, 2.51401820606e-06, 1.144609314e-07, 8.88114470854e-08, 1.93510459212e-07, 1.44490233112e-08, 2.48936693481e-08, 9.56170040922e-08, 1.50588803649e-08, 2.38009132403e-08, 3.21471489428e-08, 7.85601201869e-08, 4.9061217311e-08, 4.83971929199e-09, 1.40759452705e-12]
    },
    "erbbands": {
        "dmean": [0.00238116807304, 0.154648318887, 1.39423155785, 2.61008787155, 7.96622610092, 13.755112648, 15.2619457245, 18.1300640106, 11.8721199036, 25.4350719452, 27.4604244232, 25.8460445404, 12.1912212372, 9.38857269287, 8.57244777679, 14.5816364288, 27.578212738, 9.60230636597, 7.30572319031, 6.07668876648, 3.86386060715, 4.36181497574, 2.84723758698, 1.64451467991, 1.41808474064, 2.4487555027, 1.42877304554, 1.06206941605, 1.0367231369, 1.13507330418, 0.985540032387, 0.910748958588, 0.678389728069, 0.380115836859, 0.194208607078, 0.0584447160363, 0.0119343576953, 0.00118458736688, 2.69189931714e-05, 9.71791996562e-06],
        "dmean2": [0.0034295709338, 0.216075748205, 2.01563453674, 4.18778657913, 12.0286149979, 22.3171730042, 23.3223266602, 30.8914146423, 17.1296577454, 38.1375350952, 42.0690917969, 36.5514526367, 17.6571884155, 13.9047298431, 11.9627761841, 20.7568092346, 37.0153694153, 14.0702066422, 11.1638689041, 10.2686920166, 5.91437387466, 6.44556331635, 4.14858627319, 2.50373911858, 2.15406703949, 4.05139064789, 2.27834677696, 1.65618741512, 1.5895704031, 1.76898884773, 1.51200139523, 1.37746965885, 1.00271570683, 0.541342496872, 0.274025440216, 0.0804928317666, 0.0163762997836, 0.00168027146719, 3.82923572033e-05, 1.49013058035e-05],
        "dvar": [2.31102967518e-05, 0.114637076855, 7.95480394363, 20.4513435364, 254.38861084, 509.542816162, 619.294494629, 1047.51513672, 427.557952881, 1448.43310547, 4886.54638672, 3377.72607422, 1953.48449707, 445.177734375, 442.728912354, 6981.07421875, 4249.36474609, 883.211975098, 180.640655518, 351.130126953, 89.9729995728, 100.282150269, 32.7035827637, 21.4695682526, 41.8299446106, 253.722930908, 44.6600189209, 23.71276474, 24.5372047424, 21.1528282166, 17.1629314423, 19.8290081024, 19.5914325714, 5.14041042328, 1.03075993061, 0.0912717729807, 0.00482234125957, 6.63461905788e-05, 2.73892997171e-08, 1.61283236766e-10],
        "dvar2": [4.12062981923e-05, 0.188876450062, 14.2256155014, 59.8092269897, 517.871948242, 1440.18395996, 1501.65734863, 3422.76538086, 1048.26757812, 3391.8203125, 11074.3867188, 7078.58691406, 3663.44262695, 898.433898926, 775.050170898, 17042.4355469, 6762.37255859, 2096.00610352, 406.5546875, 972.216918945, 203.070297241, 183.380187988, 63.1210517883, 44.1832275391, 108.497589111, 750.44732666, 125.0415802, 64.1019973755, 59.4102592468, 45.5728797913, 38.0697212219, 42.8344955444, 43.9560012817, 10.5097312927, 1.88860213757, 0.168894201517, 0.00882755499333, 0.000141127558891, 5.73138798643e-08, 3.51914303254e-10],
        "max": [0.154758051038, 7.23854541779, 62.2476158142, 83.2222137451, 246.870254517, 300.311218262, 449.737884521, 387.321289062, 514.677856445, 568.980834961, 1550.84997559, 1466.8302002, 1729.36828613, 686.770141602, 527.589782715, 2965.70068359, 1821.53222656, 1355.33447266, 289.463623047, 401.516235352, 205.962219238, 241.686752319, 142.198287964, 95.0146408081, 237.114456177, 446.38861084, 173.530609131, 134.05267334, 101.772583008, 108.266830444, 111.828414917, 112.067375183, 136.088760376, 67.6890563965, 30.2384777069, 8.56848526001, 2.37534546852, 0.271636813879, 0.00568136759102, 0.000337354722433],
        "mean": [0.0079510807991, 0.515805780888, 4.4384803772, 7.43076705933, 17.0090579987, 29.275812149, 37.4783363342, 39.6070709229, 37.0249862671, 57.4883575439, 66.402305603, 76.083770752, 30.3748550415, 20.0874614716, 22.6323795319, 33.0176391602, 69.7278594971, 29.4490184784, 18.3669700623, 10.2763643265, 8.08730316162, 9.42743206024, 6.00338172913, 3.39475822449, 2.47289037704, 3.26697206497, 1.95737695694, 1.40149319172, 1.37341463566, 1.77421498299, 1.57438886166, 1.40696632862, 0.890314280987, 0.553630769253, 0.322847217321, 0.101934321225, 0.0197576768696, 0.00174110068474, 5.6929722632e-05, 4.26807710028e-05],
        "median": [0.00221888581291, 0.128169611096, 2.06619739532, 4.70371866226, 6.96029043198, 17.2225914001, 24.4366607666, 24.5795021057, 27.3907775879, 33.3716506958, 28.9978256226, 25.9692630768, 13.8995294571, 9.33406639099, 7.68043661118, 9.13308906555, 21.8262805939, 9.68211746216, 8.28774642944, 5.68814563751, 3.91769456863, 3.82081389427, 2.71533250809, 1.30258142948, 0.860871732235, 0.773894131184, 0.499426275492, 0.342895030975, 0.319683641195, 0.339700073004, 0.288611471653, 0.208817839622, 0.101068943739, 0.055226303637, 0.0314556099474, 0.00899388920516, 0.00178076338489, 0.000114884205686, 2.20915317186e-05, 3.81118734367e-05],
        "min": [3.08994973796e-22, 2.86025464694e-21, 9.84168345264e-21, 9.64292746108e-21, 1.92591389271e-19, 5.47246666641e-19, 4.4177984607e-19, 6.2755520247e-19, 9.57475310908e-19, 5.23252586914e-19, 1.74110227927e-18, 1.88086912622e-18, 9.34779129261e-19, 2.09261785045e-18, 3.49507135297e-18, 4.75495345267e-18, 4.35550752128e-18, 8.93514128389e-18, 5.35277880165e-18, 5.1055882833e-18, 6.97418804628e-18, 8.72438641716e-18, 9.49479679709e-18, 1.34962474416e-17, 1.89555352596e-17, 1.58794689372e-17, 1.13503936944e-17, 1.81362112085e-17, 2.22689246629e-17, 2.18213521227e-17, 1.81989048815e-17, 1.52593299776e-17, 1.44146644213e-17, 9.87587311503e-18, 1.18941979456e-17, 5.78497364067e-18, 2.89457069509e-18, 1.24517606918e-18, 3.44809152668e-19, 4.12914635425e-20],
        "var": [0.000208468889468, 0.942875146866, 46.8946342468, 79.9498901367, 749.342041016, 1038.34912109, 1522.12011719, 1978.73291016, 1195.02038574, 4871.81640625, 13634.7080078, 17560.3085938, 8512.12109375, 1113.1105957, 2036.68493652, 10891.390625, 19607.7011719, 9442.30078125, 827.689147949, 337.346496582, 228.356338501, 307.922668457, 93.4502716064, 55.6504096985, 65.2185287476, 243.657012939, 51.0450744629, 25.3601760864, 30.3448963165, 31.2263565063, 26.812582016, 28.6083469391, 23.4748935699, 8.01534843445, 2.20321249962, 0.218092113733, 0.0106922471896, 0.00012049786892, 5.23351388892e-08, 5.40088584966e-10]
    },
    "gfcc": {
        "mean": [-22.4454307556, 139.067947388, -116.279777527, 6.34328317642, -68.4875793457, 2.7274377346, -52.2840614319, -6.0603055954, -22.7305774689, -5.90247917175, -15.6852760315, -11.3443651199, -16.5265026093],
        "cov": [[3447.91455078, -1197.97338867, 22.1953296661, 78.1554718018, -503.900054932, 410.72479248, -336.678375244, 218.832839966, -264.424377441, 72.3546905518, -53.5443763733, 122.292221069, -211.909057617], [-1197.97338867, 1415.640625, -238.301345825, -69.1115188599, 473.031555176, -327.368164062, 307.030303955, -236.81678772, 207.394729614, -159.116241455, 74.4544830322, -173.336502075, 121.587348938], [22.1953296661, -238.301345825, 675.112609863, 140.79838562, -31.4760360718, 161.919906616, -67.6562728882, 170.017456055, 26.4907932281, 117.284469604, -22.79296875, 74.5763397217, -3.67148351669], [78.1554718018, -69.1115188599, 140.79838562, 355.33480835, 45.886390686, -16.2544460297, 51.9098243713, 30.4467887878, 46.9961013794, 40.2396469116, -9.43799495697, -1.57886874676, 41.4822425842], [-503.900054932, 473.031555176, -31.4760360718, 45.886390686, 300.987792969, -92.406578064, 115.798240662, -38.4433326721, 76.8963012695, -31.525308609, 28.4975337982, -46.4707984924, 33.896522522], [410.72479248, -327.368164062, 161.919906616, -16.2544460297, -92.406578064, 264.982269287, -46.2343139648, 97.1816177368, -57.5776367188, 33.7872047424, -8.54242992401, 48.2548675537, -59.0193023682], [-336.678375244, 307.030303955, -67.6562728882, 51.9098243713, 115.798240662, -46.2343139648, 193.814956665, -49.0408973694, 38.5641098022, -31.6759719849, 13.2992267609, -46.2961883545, 31.5418205261], [218.832839966, -236.81678772, 170.017456055, 30.4467887878, -38.4433326721, 97.1816177368, -49.0408973694, 170.554794312, -3.07042789459, 52.9034996033, -4.13261127472, 46.1792907715, -21.8226032257], [-264.424377441, 207.394729614, 26.4907932281, 46.9961013794, 76.8963012695, -57.5776367188, 38.5641098022, -3.07042789459, 139.371063232, 15.9451932907, 8.32928371429, -12.933172226, 31.9734039307], [72.3546905518, -159.116241455, 117.284469604, 40.2396469116, -31.525308609, 33.7872047424, -31.6759719849, 52.9034996033, 15.9451932907, 111.005271912, 12.0190086365, 28.173997879, -4.34167432785], [-53.5443763733, 74.4544830322, -22.79296875, -9.43799495697, 28.4975337982, -8.54242992401, 13.2992267609, -4.13261127472, 8.32928371429, 12.0190086365, 76.1657867432, 5.89464139938, -5.74449634552], [122.292221069, -173.336502075, 74.5763397217, -1.57886874676, -46.4707984924, 48.2548675537, -46.2961883545, 46.1792907715, -12.933172226, 28.173997879, 5.89464139938, 97.0461349487, -2.24998855591], [-211.909057617, 121.587348938, -3.67148351669, 41.4822425842, 33.896522522, -59.0193023682, 31.5418205261, -21.8226032257, 31.9734039307, -4.34167432785, -5.74449634552, -2.24998855591, 86.7527542114]],
        "icov": [[0.000653629133012, -0.000635470554698, 0.000600622093771, -0.000948698318098, 0.00103460508399, -0.000813111197203, 0.0010252748616, -0.000713136862032, 0.000908923975658, -0.000484510092065, 0.000543562229723, -0.000452717387816, 0.00112172833178], [-0.000635470554698, 0.00690695689991, -0.00224091205746, 0.00412076106295, -0.00602524448186, 0.00307588675059, -0.00461744237691, 0.00387567956932, -0.0054854392074, 0.00540195452049, -0.00464123487473, 0.00435247411951, -0.00409971782938], [0.000600622093771, -0.00224091205746, 0.00358752976172, -0.00240245414898, 0.00178768136539, -0.00251830043271, 0.00244902120903, -0.00270834635012, 0.00157890981063, -0.00320060388185, 0.00244516506791, -0.00196900661103, 0.00129375932738], [-0.000948698318098, 0.00412076106295, -0.00240245414898, 0.00659098383039, -0.00412350008264, 0.00271638156846, -0.00441385200247, 0.00226546172053, -0.00391027051955, 0.00225735781714, -0.00232633156702, 0.00286681507714, -0.00423775566742], [0.00103460508399, -0.00602524448186, 0.00178768136539, -0.00412350008264, 0.0109910015017, -0.00200118264183, 0.00226527405903, -0.0040174187161, 0.00336810061708, -0.00325163872913, 0.00237824604847, -0.00291002728045, 0.00420703366399], [-0.000813111197203, 0.00307588675059, -0.00251830043271, 0.00271638156846, -0.00200118264183, 0.00860447529703, -0.0038411214482, -8.20375644253e-05, -0.001126492396, 0.00259007327259, -0.00189867755398, 0.00069841981167, 0.000746194738895], [0.0010252748616, -0.00461744237691, 0.00244902120903, -0.00441385200247, 0.00226527405903, -0.0038411214482, 0.0118112973869, -0.00191795942374, 0.00340484455228, -0.00263042305596, 0.00220723939128, -0.000829490076285, 0.00165313424077], [-0.000713136862032, 0.00387567956932, -0.00270834635012, 0.00226546172053, -0.0040174187161, -8.20375644253e-05, -0.00191795942374, 0.0121729336679, -0.00394115224481, 0.00119379092939, -0.00226205447689, 0.000574509205762, -0.00172103720251], [0.000908923975658, -0.0054854392074, 0.00157890981063, -0.00391027051955, 0.00336810061708, -0.001126492396, 0.00340484455228, -0.00394115224481, 0.0144743947312, -0.006183097139, 0.00357315083966, -0.00299288867973, 0.00204802001826], [-0.000484510092065, 0.00540195452049, -0.00320060388185, 0.00225735781714, -0.00325163872913, 0.00259007327259, -0.00263042305596, 0.00119379092939, -0.006183097139, 0.0174622759223, -0.00676329666749, 0.00253730872646, -0.00290943775326], [0.000543562229723, -0.00464123487473, 0.00244516506791, -0.00232633156702, 0.00237824604847, -0.00189867755398, 0.00220723939128, -0.00226205447689, 0.00357315083966, -0.00676329666749, 0.0183308664709, -0.00524001242593, 0.00487851537764], [-0.000452717387816, 0.00435247411951, -0.00196900661103, 0.00286681507714, -0.00291002728045, 0.00069841981167, -0.000829490076285, 0.000574509205762, -0.00299288867973, 0.00253730872646, -0.00524001242593, 0.0168591849506, -0.00528156198561], [0.00112172833178, -0.00409971782938, 0.00129375932738, -0.00423775566742, 0.00420703366399, 0.000746194738895, 0.00165313424077, -0.00172103720251, 0.00204802001826, -0.00290943775326, 0.00487851537764, -0.00528156198561, 0.0192095655948]]
    },
    "melbands": {
        "dmean": [6.67545027682e-05, 0.000548830372281, 0.000544824404642, 0.000815013539977, 0.000546403520275, 0.000399470562115, 0.000180876144441, 0.000280880660284, 0.000231705329497, 0.000148263061419, 5.88330658502e-05, 3.8881717046e-05, 3.01544259855e-05, 3.28933347191e-05, 5.8592951973e-05, 4.41523152404e-05, 1.85015596799e-05, 1.41422633533e-05, 7.1725730777e-06, 8.01783062343e-06, 4.99988118463e-06, 4.67215795652e-06, 5.27865995537e-06, 1.8184430246e-06, 1.38943380534e-06, 1.11344570541e-06, 1.25223471059e-06, 1.81288680778e-06, 9.81314883575e-07, 7.07244112164e-07, 6.73921363159e-07, 5.91871412325e-07, 6.00557655162e-07, 7.02393208485e-07, 6.18195201696e-07, 5.57681801183e-07, 6.0425384163e-07, 5.25571522303e-07, 3.7103055206e-07, 3.31319057523e-07],
        "dmean2": [9.51809197431e-05, 0.000791462662164, 0.000849432428367, 0.00128483923618, 0.000850468175486, 0.000670443521813, 0.000259104795987, 0.000422364886617, 0.000351548136678, 0.000208790268516, 8.56337865116e-05, 5.76364982408e-05, 4.17160335928e-05, 4.86669778184e-05, 7.79302354204e-05, 6.09983508184e-05, 2.73562418442e-05, 2.12927407119e-05, 1.17864583444e-05, 1.33918110805e-05, 7.48123966332e-06, 6.98664143783e-06, 7.67194160289e-06, 2.84581506094e-06, 2.1372250103e-06, 1.70757493834e-06, 2.01725242732e-06, 3.05910793941e-06, 1.58249395099e-06, 1.13508053801e-06, 1.06827076252e-06, 9.04429441562e-07, 9.64670448411e-07, 1.0928310985e-06, 9.64858486441e-07, 8.01336739187e-07, 9.36003687002e-07, 7.92009018369e-07, 5.65778407235e-07, 4.68533215781e-07],
        "dvar": [2.03536281163e-08, 1.19834476209e-06, 7.77789978201e-07, 1.90467937955e-06, 6.55609426303e-07, 4.61203342184e-07, 8.80237678302e-08, 1.63487982263e-07, 3.35925705031e-07, 1.12639888528e-07, 4.67950016514e-08, 7.40369587859e-09, 5.5149476097e-09, 5.81819747936e-08, 2.28947651948e-08, 1.09659312741e-08, 2.87983126235e-09, 7.51543216548e-10, 2.68155830874e-10, 8.80306494366e-10, 1.35282243741e-10, 1.0849002946e-10, 1.95429825101e-10, 1.46766383768e-11, 1.7287097101e-11, 1.57247496274e-11, 7.08275868511e-11, 1.90204588191e-10, 2.84982558385e-11, 7.55827084947e-12, 1.27773997979e-11, 8.45619234358e-12, 9.15228916959e-12, 8.15696728912e-12, 6.66289679679e-12, 6.02481649639e-12, 9.63838470841e-12, 1.25408121388e-11, 6.80435829209e-12, 3.37755171054e-12],
        "dvar2": [3.63425805006e-08, 2.11735118683e-06, 1.91872959476e-06, 4.84744077767e-06, 1.65759593074e-06, 1.47031175857e-06, 2.13406210037e-07, 3.90439538478e-07, 7.80293362368e-07, 2.35537868321e-07, 8.72216858738e-08, 1.5237029416e-08, 8.64652172083e-09, 1.44948202774e-07, 4.08287093023e-08, 2.01924397203e-08, 6.78866296511e-09, 1.68131375489e-09, 6.90252577318e-10, 2.45097186991e-09, 2.5456853292e-10, 2.02836511476e-10, 3.68448715982e-10, 3.04314455579e-11, 3.60232677021e-11, 3.45246123357e-11, 1.96387989204e-10, 5.82293269158e-10, 8.57380555441e-11, 1.90403855876e-11, 3.65345080577e-11, 2.09982500138e-11, 2.21074096529e-11, 1.82378747521e-11, 1.63370462991e-11, 1.20990283764e-11, 2.2514302922e-11, 2.809286484e-11, 1.58867433098e-11, 6.62809477442e-12],
        "max": [0.00333797745407, 0.0233309008181, 0.0161631722003, 0.0217247847468, 0.0126569587737, 0.0076649277471, 0.00723512331024, 0.00653258897364, 0.0110864154994, 0.00889907311648, 0.00836274307221, 0.00274918484502, 0.0023683430627, 0.0094532975927, 0.00408876826987, 0.00209728884511, 0.00230246968567, 0.00069558317773, 0.000254889804637, 0.000674624287058, 0.000358856341336, 0.000193523810594, 0.000383925013011, 7.74297877797e-05, 8.767235704e-05, 0.000134142683237, 0.000309065537294, 0.000420972792199, 0.000150568041136, 5.68257928535e-05, 0.000104093509435, 6.17304685875e-05, 7.42006086512e-05, 6.56577321934e-05, 7.38461458241e-05, 5.53435675101e-05, 8.80216393853e-05, 0.000123053847346, 7.58081805543e-05, 5.6069893617e-05],
        "mean": [0.000217927750782, 0.00175165536348, 0.0015200850321, 0.00173811626155, 0.00135031738319, 0.000896538607776, 0.000562824250665, 0.000627176777925, 0.000565077702049, 0.000427841354394, 0.00013581145322, 7.75142325438e-05, 7.97940956545e-05, 6.74642942613e-05, 0.000139591880725, 0.000111677887617, 5.23559356225e-05, 3.45950793417e-05, 1.28059700728e-05, 1.2200490346e-05, 9.77876243269e-06, 9.69968914433e-06, 9.70203200268e-06, 3.48535559169e-06, 2.61691707237e-06, 1.97527583623e-06, 1.81883069672e-06, 2.25539633902e-06, 1.26596501104e-06, 9.3464677775e-07, 8.12458267774e-07, 7.48925685912e-07, 8.37633706396e-07, 1.05404194528e-06, 9.23300774502e-07, 8.47358705869e-07, 8.70837311595e-07, 6.7480175403e-07, 4.56271692428e-07, 4.78519837088e-07],
        "median": [4.34499524999e-05, 0.000818227825221, 0.000915528566111, 0.000965319341049, 0.000957265554462, 0.000577596307267, 0.00041466896073, 0.000354857445927, 0.000220666712266, 0.000134007670567, 5.16880718351e-05, 3.28080532199e-05, 2.05097258004e-05, 1.43149845826e-05, 4.39271279902e-05, 3.34154137818e-05, 1.46191814565e-05, 1.2963170775e-05, 7.23001949154e-06, 5.65245863982e-06, 3.98524343836e-06, 4.02654904974e-06, 2.84066800305e-06, 1.60131708071e-06, 8.3287943653e-07, 6.308060847e-07, 4.72863746381e-07, 4.77338915061e-07, 2.91797533691e-07, 2.07881356573e-07, 1.77775106636e-07, 1.58101357783e-07, 1.7099476679e-07, 1.76470734914e-07, 1.57663009759e-07, 1.35639908194e-07, 1.09740781795e-07, 6.98438640256e-08, 4.16519263524e-08, 4.00344610796e-08],
        "min": [3.30327418237e-24, 4.77053416684e-24, 4.77733217569e-24, 2.91822147154e-23, 1.77381180555e-23, 1.43563707513e-23, 1.38699117855e-23, 6.33806862755e-24, 1.65391062776e-23, 1.0672514964e-23, 4.35654982454e-24, 8.30368241699e-24, 1.08471498357e-23, 1.07931712394e-23, 9.58786592915e-24, 1.47734336233e-23, 1.51530240246e-23, 8.27320162047e-24, 7.9020236319e-24, 7.45855916315e-24, 7.65953883369e-24, 8.45185021651e-24, 8.9617304626e-24, 7.22087458354e-24, 1.11961521554e-23, 1.55758313816e-23, 1.11655735401e-23, 1.04031939066e-23, 5.68539706344e-24, 1.04557998849e-23, 1.04842051884e-23, 1.2550363639e-23, 1.20335564053e-23, 1.25525606166e-23, 1.18952872324e-23, 7.1322831373e-24, 1.01645145734e-23, 1.08317962359e-23, 7.78446048006e-24, 8.16129617904e-24],
        "var": [1.92833738311e-07, 7.38257722332e-06, 3.53477889803e-06, 4.33093782704e-06, 1.63517188412e-06, 9.38446191867e-07, 2.72361319276e-07, 5.54643520445e-07, 9.09097991553e-07, 5.73724491915e-07, 2.06469039199e-07, 1.8205248864e-08, 3.7376867823e-08, 7.51931636955e-08, 8.81196555724e-08, 5.30330801496e-08, 2.95981514853e-08, 3.82808273969e-09, 4.12727158006e-10, 7.8460848929e-10, 4.79025208389e-10, 3.2319469323e-10, 5.11652387125e-10, 4.02328968752e-11, 4.32774718839e-11, 3.56016362224e-11, 6.8403921416e-11, 1.6476038589e-10, 2.79626842514e-11, 9.66348442238e-12, 1.1581137091e-11, 1.00419351654e-11, 1.06149576976e-11, 1.10629942707e-11, 9.26134169354e-12, 9.90839268272e-12, 1.20170028442e-11, 1.45017869241e-11, 7.77739764951e-12, 5.64938764172e-12]
    },
    "mfcc": {
        "mean": [-667.964111328, 172.015090942, 3.46916437149, 5.32339763641, 0.15225237608, -1.54940366745, -17.1487216949, -7.59381341934, -13.6982831955, -2.22963666916, -3.4840426445, 0.23330964148, -8.25086784363],
        "cov": [[2674.8671875, -1164.02172852, 251.954437256, -324.329681396, -79.1380386353, -66.8593292236, -24.3383750916, 57.4808425903, -226.556716919, 1.8320119381, 5.84947013855, 44.9284553528, -60.0286560059], [-1164.02172852, 1400.38916016, -440.395111084, 191.564300537, 46.8617286682, 65.6336212158, 26.8174133301, -4.76161718369, 88.4400482178, 13.3594913483, -19.8940315247, -35.8999328613, 6.21870946884], [251.954437256, -440.395111084, 681.71105957, -29.8828544617, 117.422042847, 11.3656396866, 12.894944191, 46.2363548279, 55.6213111877, 57.461353302, 33.6250953674, 63.2223167419, 67.7004165649], [-324.329681396, 191.564300537, -29.8828544617, 418.947174072, 46.834312439, 56.9922409058, 28.9917011261, -19.601896286, 125.260375977, 17.121055603, -1.64394378662, 26.6680164337, 33.1016387939], [-79.1380386353, 46.8617286682, 117.422042847, 46.834312439, 192.514480591, 5.21090698242, 10.653626442, 31.3644638062, 34.9142951965, 40.9083709717, 24.5094299316, 38.0095825195, 36.4794578552], [-66.8593292236, 65.6336212158, 11.3656396866, 56.9922409058, 5.21090698242, 131.984771729, 33.4433174133, 18.981967926, 25.586687088, 11.275475502, 16.0200634003, -2.15067267418, 0.00327251269482], [-24.3383750916, 26.8174133301, 12.894944191, 28.9917011261, 10.653626442, 33.4433174133, 140.421600342, 33.2851257324, 1.9554694891, 20.4499816895, 5.84126186371, 11.2950439453, 2.56110191345], [57.4808425903, -4.76161718369, 46.2363548279, -19.601896286, 31.3644638062, 18.981967926, 33.2851257324, 119.606414795, 5.77622413635, 16.918592453, 7.96925401688, 8.9903459549, 10.8089704514], [-226.556716919, 88.4400482178, 55.6213111877, 125.260375977, 34.9142951965, 25.586687088, 1.9554694891, 5.77622413635, 149.291519165, 22.16248703, -4.4262714386, 6.77408504486, 29.5751037598], [1.8320119381, 13.3594913483, 57.461353302, 17.121055603, 40.9083709717, 11.275475502, 20.4499816895, 16.918592453, 22.16248703, 100.34903717, 19.107711792, 4.45924568176, 12.3038320541], [5.84947013855, -19.8940315247, 33.6250953674, -1.64394378662, 24.5094299316, 16.0200634003, 5.84126186371, 7.96925401688, -4.4262714386, 19.107711792, 88.295715332, 22.1461486816, 4.51411390305], [44.9284553528, -35.8999328613, 63.2223167419, 26.6680164337, 38.0095825195, -2.15067267418, 11.2950439453, 8.9903459549, 6.77408504486, 4.45924568176, 22.1461486816, 97.6909179688, 33.5733032227], [-60.0286560059, 6.21870946884, 67.7004165649, 33.1016387939, 36.4794578552, 0.00327251269482, 2.56110191345, 10.8089704514, 29.5751037598, 12.3038320541, 4.51411390305, 33.5733032227, 88.0970535278]],
