{
"lowlevel": {
    "average_loudness": 0.968279719353,
    "barkbands_crest": {
        "dmean": 2.60181999207,
        "dmean2": 4.37763690948,
        "dvar": 6.41453123093,
        "dvar2": 17.306022644,
        "max": 26.8384666443,
        "mean": 8.32674789429,
        "median": 7.4710354805,
        "min": 2.61295795441,
        "var": 13.3807411194
    },
    "barkbands_flatness_db": {
        "dmean": 0.0169264487922,
        "dmean2": 0.02710304223,
        "dvar": 0.000305776775349,
        "dvar2": 0.000670405977871,
        "max": 0.458879739046,
        "mean": 0.0994720906019,
        "median": 0.0886657610536,
        "min": 0.0226943604648,
        "var": 0.00235982518643
    },
    "barkbands_kurtosis": {
        "dmean": 2.93755125999,
        "dmean2": 4.44760370255,
        "dvar": 1827.74536133,
        "dvar2": 3054.25854492,
        "max": 1809.98303223,
        "mean": 4.07228136063,
        "median": -1.00075125694,
        "min": -1.82331907749,
        "var": 6673.44775391
    },
    "barkbands_skewness": {
        "dmean": 0.49730566144,
        "dmean2": 0.816165983677,
        "dvar": 0.910263478756,
        "dvar2": 1.51220011711,
        "max": 5.02174520493,
        "mean": 0.640554606915,
        "median": 0.698778808117,
        "min": -38.703704834,
        "var": 4.26284170151
    },
    "barkbands_spread": {
        "dmean": 6.41582965851,
        "dmean2": 10.5513029099,
        "dvar": 33.1407432556,
        "dvar2": 87.7358398438,
        "max": 75.1332397461,
        "mean": 41.9587440491,
        "median": 43.3756217957,
        "min": 0.174601554871,
        "var": 115.908729553
    },
    "dissonance": {
        "dmean": 0.00589305628091,
        "dmean2": 0.00997910927981,
        "dvar": 3.08067828882e-05,
        "dvar2": 8.75689511304e-05,
        "max": 0.500000119209,
        "mean": 0.488226383924,
        "median": 0.49024912715,
        "min": 0.42517054081,
        "var": 7.02224933775e-05
    },
    "dynamic_complexity": 1.42878437042,
    "erbbands_crest": {
        "dmean": 1.76713120937,
        "dmean2": 2.94739484787,
        "dvar": 2.45770812035,
        "dvar2": 6.64227771759,
        "max": 19.8617401123,
        "mean": 7.23382043839,
        "median": 6.71862983704,
        "min": 2.7798178196,
        "var": 5.92095375061
    },
    "erbbands_flatness_db": {
        "dmean": 0.0124201215804,
        "dmean2": 0.0183399990201,
        "dvar": 0.000129300911794,
        "dvar2": 0.000249951612204,
        "max": 0.316646546125,
        "mean": 0.145634591579,
        "median": 0.141355857253,
        "min": 0.0668097883463,
        "var": 0.00122979725711
    },
    "erbbands_kurtosis": {
        "dmean": 0.912169277668,
        "dmean2": 1.47124409676,
        "dvar": 0.729850530624,
        "dvar2": 1.84589350224,
        "max": 13.4930896759,
        "mean": 1.11079478264,
        "median": 0.99152803421,
        "min": -1.78621602058,
        "var": 2.59018707275
    },
    "erbbands_skewness": {
        "dmean": 0.274526149035,
        "dmean2": 0.44566950202,
        "dvar": 0.0527125447989,
        "dvar2": 0.138208568096,
        "max": 1.68496823311,
        "mean": -0.979440808296,
        "median": -0.980830609798,
        "min": -2.95189523697,
        "var": 0.207573369145
    },
    "erbbands_spread": {
        "dmean": 7.36308336258,
        "dmean2": 12.0010004044,
        "dvar": 48.8397254944,
        "dvar2": 127.31842804,
        "max": 84.4718399048,
        "mean": 35.5460929871,
        "median": 33.2338485718,
        "min": 9.87302112579,
        "var": 168.804214478
    },
    "hfc": {
        "dmean": 6.38365316391,
        "dmean2": 9.64920520782,
        "dvar": 49.4548110962,
        "dvar2": 110.367858887,
        "max": 93.8197631836,
        "mean": 30.8930873871,
        "median": 28.6986427307,
        "min": 1.20549980516e-16,
        "var": 216.737548828
    },
    "melbands_crest": {
        "dmean": 3.74530506134,
        "dmean2": 6.27603626251,
        "dvar": 12.2507219315,
        "dvar2": 32.9334754944,
        "max": 30.4907073975,
        "mean": 14.051574707,
        "median": 13.4541530609,
        "min": 1.8170696497,
        "var": 22.4130840302
    },
    "melbands_flatness_db": {
        "dmean": 0.0248202867806,
        "dmean2": 0.040391612798,
        "dvar": 0.000518525892403,
        "dvar2": 0.00134663342033,
        "max": 0.460274726152,
        "mean": 0.154934629798,
        "median": 0.145644202828,
        "min": 0.00585222896188,
        "var": 0.00290751620196
    },
    "melbands_kurtosis": {
        "dmean": 4.12929439545,
        "dmean2": 6.98012542725,
        "dvar": 28.8778476715,
        "dvar2": 79.330039978,
        "max": 94.2895507812,
        "mean": 6.13947439194,
        "median": 4.08765125275,
        "min": -1.66562330723,
        "var": 55.9273757935
    },
    "melbands_skewness": {
        "dmean": 0.679226636887,
        "dmean2": 1.13164627552,
        "dvar": 0.391898274422,
        "dvar2": 1.03440034389,
        "max": 8.81082057953,
        "mean": 2.32856035233,
        "median": 2.22925019264,
        "min": -0.318276524544,
        "var": 1.16363859177
    },
    "melbands_spread": {
        "dmean": 12.8084859848,
        "dmean2": 21.449224472,
        "dvar": 131.808853149,
        "dvar2": 344.865722656,
        "max": 146.922531128,
        "mean": 45.5742683411,
        "median": 42.7770576477,
        "min": 2.98410916328,
        "var": 450.144256592
    },
    "pitch_salience": {
        "dmean": 0.0729184672236,
        "dmean2": 0.12115367502,
        "dvar": 0.00443824287504,
        "dvar2": 0.0121985794976,
        "max": 0.873101174831,
        "mean": 0.561767280102,
        "median": 0.566869437695,
        "min": 0.228998929262,
        "var": 0.0111731495708
    },
    "silence_rate_20dB": {
        "dmean": 0,
        "dmean2": 0,
        "dvar": 0,
        "dvar2": 0,
        "max": 1,
        "mean": 1,
        "median": 1,
        "min": 1,
        "var": 0
    },
    "silence_rate_30dB": {
        "dmean": 0,
        "dmean2": 0,
        "dvar": 0,
        "dvar2": 0,
        "max": 1,
        "mean": 1,
        "median": 1,
        "min": 1,
        "var": 0
    },
    "silence_rate_60dB": {
        "dmean": 0.000386996893212,
        "dmean2": 0.000774293439463,
        "dvar": 0.000386876083212,
        "dvar2": 0.000773690466303,
        "max": 1,
        "mean": 0.00348162464797,
        "median": 0,
        "min": 0,
        "var": 0.00346977775916
    },
    "spectral_centroid": {
        "dmean": 259.345245361,
        "dmean2": 429.135070801,
        "dvar": 79511,
        "dvar2": 182203.625,
        "max": 11849.3955078,
        "mean": 2356.63354492,
        "median": 2429.00512695,
        "min": 315.708618164,
        "var": 263386.84375
    },
    "spectral_complexity": {
        "dmean": 4.39125394821,
        "dmean2": 6.87688732147,
        "dvar": 15.3388214111,
        "dvar2": 34.0536499023,
        "max": 59,
        "mean": 33.8572540283,
        "median": 34,
        "min": 0,
        "var": 75.1573257446
    },
    "spectral_decrease": {
        "dmean": 2.06381955969e-09,
        "dmean2": 3.42507067153e-09,
        "dvar": 5.42867758593e-18,
        "dvar2": 1.41267824071e-17,
        "max": 5.0450400422e-15,
        "mean": -6.43625153174e-09,
        "median": -5.7069775572e-09,
        "min": -2.6548544696e-08,
        "var": 7.62285315648e-18
    },
    "spectral_energy": {
        "dmean": 0.00808263383806,
        "dmean2": 0.0133331352845,
        "dvar": 8.19380366011e-05,
        "dvar2": 0.000212027618545,
        "max": 0.105578683317,
        "mean": 0.0270939897746,
        "median": 0.0246089976281,
        "min": 1.09668461873e-20,
        "var": 0.000121473589388
    },
    "spectral_energyband_high": {
        "dmean": 0.000445689016487,
        "dmean2": 0.000628782203421,
        "dvar": 3.64202264791e-07,
        "dvar2": 6.75190392485e-07,
        "max": 0.00862416625023,
        "mean": 0.00132251693867,
        "median": 0.000997950206511,
        "min": 8.23967209744e-21,
        "var": 1.31547858473e-06
    },
    "spectral_energyband_low": {
        "dmean": 0.00567791983485,
        "dmean2": 0.0094339651987,
        "dvar": 5.5288837757e-05,
        "dvar2": 0.000141770127811,
        "max": 0.0795882195234,
        "mean": 0.0107079073787,
        "median": 0.00838474184275,
        "min": 7.15416629659e-23,
        "var": 6.7188309913e-05
    },
    "spectral_energyband_middle_high": {
        "dmean": 0.00187257200014,
        "dmean2": 0.00299961911514,
        "dvar": 4.04347838412e-06,
        "dvar2": 1.02730236904e-05,
        "max": 0.0300362240523,
        "mean": 0.00845410581678,
        "median": 0.00764583284035,
        "min": 1.61449600673e-21,
        "var": 1.82651729119e-05
    },
    "spectral_energyband_middle_low": {
        "dmean": 0.00387331121601,
        "dmean2": 0.0065254131332,
        "dvar": 3.16418081638e-05,
        "dvar2": 8.87379646883e-05,
        "max": 0.0553988181055,
        "mean": 0.00783740356565,
        "median": 0.00565799046308,
        "min": 2.51739247347e-22,
        "var": 4.84863085148e-05
    },
    "spectral_entropy": {
        "dmean": 0.0961718335748,
        "dmean2": 0.141818836331,
        "dvar": 0.00805605296046,
        "dvar2": 0.0165553037077,
        "max": 9.8046131134,
        "mean": 7.76495265961,
        "median": 7.81088256836,
        "min": 5.45800924301,
        "var": 0.119611233473
    },
    "spectral_flux": {
        "dmean": 0.019377687946,
        "dmean2": 0.0312076024711,
        "dvar": 0.000400210585212,
        "dvar2": 0.000892285432201,
        "max": 0.267234385014,
        "mean": 0.0909772068262,
        "median": 0.0875551775098,
        "min": 1.04722709671e-10,
        "var": 0.00114771840163
    },
    "spectral_kurtosis": {
        "dmean": 1.25258696079,
        "dmean2": 2.16780042648,
        "dvar": 2.86998105049,
        "dvar2": 8.5183057785,
        "max": 31.8399085999,
        "mean": 4.38620853424,
        "median": 4.10953903198,
        "min": -1.24906492233,
        "var": 4.16189956665
    },
    "spectral_rms": {
        "dmean": 0.000732060172595,
        "dmean2": 0.00119662529323,
        "dvar": 5.47601075596e-07,
        "dvar2": 1.40215024658e-06,
        "max": 0.0101490681991,
        "mean": 0.00504077039659,
        "median": 0.00489987526089,
        "min": 3.27098786425e-12,
        "var": 1.02370120203e-06
    },
    "spectral_rolloff": {
        "dmean": 558.972900391,
        "dmean2": 955.281188965,
        "dvar": 499578.8125,
        "dvar2": 1223359.125,
        "max": 21016.40625,
        "mean": 2718.06518555,
        "median": 2842.3828125,
        "min": 86.1328125,
        "var": 1959331.25
    },
    "spectral_skewness": {
        "dmean": 0.16086293757,
        "dmean2": 0.275346159935,
        "dvar": 0.0314469449222,
        "dvar2": 0.0918032750487,
        "max": 3.71513438225,
        "mean": 1.20407688618,
        "median": 1.21715497971,
        "min": -0.0440265201032,
        "var": 0.0644839853048
    },
    "spectral_spread": {
        "dmean": 368820.46875,
        "dmean2": 514941.21875,
        "dvar": 482146484224,
        "dvar2": 749303824384,
        "max": 41604416,
        "mean": 3824261.25,
        "median": 3634080.25,
        "min": 1620058.125,
        "var": 2.72451135078e+12
    },
    "spectral_strongpeak": {
        "dmean": 0.451661586761,
        "dmean2": 0.818807125092,
        "dvar": 1.44029462337,
        "dvar2": 3.73874282837,
        "max": 14.4838581085,
        "mean": 0.556369245052,
        "median": 0.281166821718,
        "min": 1.56441037902e-09,
        "var": 1.23959720135
    },
    "zerocrossingrate": {
        "dmean": 0.0103066265583,
        "dmean2": 0.0132174314931,
        "dvar": 0.000246267241891,
        "dvar2": 0.000347889115801,
        "max": 0.8876953125,
        "mean": 0.0869867876172,
        "median": 0.083984375,
        "min": 0.0146484375,
        "var": 0.00249570561573
    },
    "barkbands": {
        "dmean": [0.00017121831479, 0.00368653656915, 0.00253016874194, 0.0014866089914, 0.00238450895995, 0.000583085231483, 0.000380251818569, 0.000173877720954, 0.000161052463227, 0.000134422385599, 0.000174113753019, 0.000383439502912, 0.000394306000089, 0.000353013339918, 0.000200863272767, 0.000496790802572, 0.000584585592151, 0.000574856938329, 0.000599327031523, 0.000297176738968, 0.000185719327419, 9.77973686531e-05, 8.02029753686e-05, 7.12061664672e-05, 3.49894617102e-05, 1.22002711578e-05, 6.28717543805e-06],
        "dmean2": [0.000246941577643, 0.00613881880417, 0.00444518588483, 0.00241463724524, 0.00415265839547, 0.000930166861508, 0.000592700904235, 0.000286049646093, 0.000259020453086, 0.000214065599721, 0.000280086504063, 0.000599917548243, 0.000634728523437, 0.000574847334065, 0.000331172486767, 0.000813742284663, 0.000977328978479, 0.00096685194876, 0.000973596179392, 0.00049100239994, 0.000305554451188, 0.000148641425767, 0.000111705012387, 9.68150779954e-05, 4.72895226267e-05, 1.60542986123e-05, 9.23315474211e-06],
        "dvar": [9.3959179992e-08, 2.86560079985e-05, 1.72705458681e-05, 4.41138899987e-06, 1.87636942428e-05, 1.00818613191e-06, 5.04034176174e-07, 2.06561054483e-07, 1.8139591873e-07, 1.2725546128e-07, 8.62019717829e-08, 3.80813986567e-07, 3.53545829057e-07, 3.23251242662e-07, 9.12796380703e-08, 2.9360248277e-07, 4.91742241593e-07, 4.41574854904e-07, 5.46769911125e-07, 1.38905505764e-07, 4.95829262093e-08, 2.63735095984e-08, 2.01131040711e-08, 1.5311018231e-08, 3.41107009305e-09, 4.74074612899e-10, 2.43439463032e-10],
        "dvar2": [1.824001572e-07, 7.47441808926e-05, 4.95216117997e-05, 1.05282333607e-05, 5.56070590392e-05, 2.56095040641e-06, 1.2360656001e-06, 4.85823818508e-07, 4.6720109026e-07, 2.93331254397e-07, 2.2276644529e-07, 8.66630387009e-07, 8.75253761023e-07, 8.11413826796e-07, 2.28388046253e-07, 6.9989118856e-07, 1.23670133689e-06, 1.1987376638e-06, 1.3547121398e-06, 3.51584304781e-07, 1.23200706525e-07, 5.71815341743e-08, 3.81155231821e-08, 2.88350339162e-08, 6.50836673444e-09, 8.64663896039e-10, 5.87651427519e-10],
        "max": [0.00325359287672, 0.0509022548795, 0.0371279343963, 0.0280937552452, 0.0485012866557, 0.019054196775, 0.00946908723563, 0.0114933056757, 0.0146603062749, 0.010788153857, 0.00486413016915, 0.0135518908501, 0.00936502590775, 0.00957798399031, 0.0069742873311, 0.0100261121988, 0.020337831229, 0.00883771944791, 0.0135390618816, 0.00592241389677, 0.00292337057181, 0.0021086614579, 0.00271748728119, 0.00191150268074, 0.000836557010189, 0.000351049064193, 0.000199117377633],
        "mean": [0.000219112989726, 0.00632508145645, 0.00297640729696, 0.00219243229367, 0.00338333658874, 0.00106302055065, 0.000664072518703, 0.000222923015826, 0.000273362529697, 0.000214001571294, 0.000300276034977, 0.000702095101587, 0.000726511410903, 0.000614919525106, 0.000368712790078, 0.00105904007796, 0.00124914885964, 0.00125893764198, 0.00148548313882, 0.00069450942101, 0.000443026132416, 0.000203293093364, 0.00018080045993, 0.000154881316121, 8.15064704511e-05, 2.79464675259e-05, 8.97022528079e-06],
        "median": [6.58402059344e-05, 0.00406020181254, 0.0017989166081, 0.00121129711624, 0.00165556743741, 0.00057715899311, 0.000268121308181, 0.000102293670352, 0.000136201604619, 0.000103667778603, 0.0001698625274, 0.000394078320824, 0.00042710674461, 0.000327239540638, 0.000263974186964, 0.000852662255056, 0.00102904753294, 0.00104136567097, 0.00116127973888, 0.000552528421395, 0.000346672546584, 0.0001078191126, 9.28315494093e-05, 7.74346699473e-05, 4.67860154458e-05, 1.38822560984e-05, 3.0440626233e-06],
        "min": [8.5665087825e-24, 5.49188112146e-23, 5.67916427342e-24, 7.45277917929e-24, 3.22944350696e-23, 3.79864640867e-23, 1.60484411054e-23, 7.59199672076e-23, 5.53135445898e-23, 3.92191192045e-23, 4.96454653898e-23, 1.8157776911e-22, 8.7544558398e-23, 1.31863527671e-22, 1.82541883354e-22, 1.50737207844e-22, 1.12168952529e-22, 2.98579233057e-22, 2.83174483517e-22, 2.57700864845e-22, 6.30757124918e-22, 5.88533957122e-22, 6.6803265809e-22, 7.19136657874e-22, 1.43058887652e-21, 1.53836630981e-21, 2.7277908403e-21],
        "var": [1.47785200966e-07, 3.51717026206e-05, 1.4916496184e-05, 8.03704824648e-06, 2.60492724919e-05, 2.4737480544e-06, 1.08679080313e-06, 2.56634280049e-07, 3.28145603135e-07, 1.74137639419e-07, 1.61919828656e-07, 1.04466221273e-06, 8.22813603918e-07, 7.18767580565e-07, 1.69101909364e-07, 7.52015523631e-07, 9.40796667237e-07, 7.80011475854e-07, 1.52048357904e-06, 3.10127205694e-07, 1.23950428588e-07, 6.7275188087e-08, 6.3314907095e-08, 4.23897610347e-08, 9.6471053368e-09, 1.46220657804e-09, 3.00405145204e-10]
    },
    "erbbands": {
        "dmean": [0.113947913051, 0.851536333561, 2.58950066566, 3.92318081856, 7.64254188538, 8.09384346008, 4.32526350021, 4.91960477829, 5.68296146393, 4.45853900909, 3.08879828453, 3.59637928009, 3.95737147331, 4.81933450699, 8.09544849396, 15.5943336487, 17.0869884491, 19.1661014557, 10.2286586761, 12.5230064392, 32.1343994141, 29.2556781769, 22.4269199371, 34.3067550659, 26.0633487701, 13.1002817154, 9.22873687744, 5.21703481674, 3.54428958893, 3.23233532906, 2.17665696144, 1.57000994682, 1.18641936779, 0.474788755178, 0.220557108521, 0.0684870928526, 0.0193020179868, 0.00568566611037, 0.0011229646625, 6.64324325044e-05],
        "dmean2": [0.181126728654, 1.43195486069, 4.49714612961, 6.57588243484, 13.1155719757, 14.2524003983, 7.06947994232, 7.7884349823, 8.82088470459, 7.35133171082, 5.19624519348, 5.80880069733, 6.24980783463, 7.65191507339, 12.7378959656, 24.8090057373, 27.306230545, 31.0408248901, 16.56681633, 20.7394390106, 52.1285629272, 48.7420806885, 37.8405685425, 55.7181930542, 42.6744804382, 21.7493152618, 15.193151474, 8.58477592468, 5.47748708725, 4.79190397263, 2.9712305069, 2.09642362595, 1.68443179131, 0.655665516853, 0.311246156693, 0.0914365500212, 0.0257123559713, 0.00801851786673, 0.00167254742701, 0.000100940189441],
        "dvar": [0.0333649143577, 1.6153293848, 19.399684906, 27.512430191, 173.548034668, 236.422668457, 61.2546844482, 82.3057403564, 114.752578735, 106.308288574, 71.2873458862, 57.8635482788, 129.463806152, 123.421440125, 190.654067993, 621.350952148, 667.66595459, 1001.12780762, 252.453735352, 252.069992065, 1334.43115234, 1042.1685791, 682.63885498, 1548.61364746, 1360.65136719, 262.745361328, 130.26574707, 49.1936569214, 32.2040596008, 32.7699050903, 14.5164957047, 7.901222229, 4.63594055176, 0.603043615818, 0.144321724772, 0.0158293824643, 0.00115049933083, 0.000130561631522, 8.09042830952e-06, 2.80223542148e-08],
        "dvar2": [0.077535033226, 4.31020879745, 53.6270980835, 69.9916000366, 496.366882324, 701.52520752, 160.175003052, 205.796432495, 274.622955322, 276.148345947, 176.491333008, 140.528594971, 352.877746582, 328.319671631, 427.467712402, 1454.25134277, 1653.2578125, 2503.91259766, 601.353027344, 685.167541504, 3229.60058594, 2609.84887695, 1870.41174316, 4005.15405273, 3270.59667969, 664.921630859, 334.95916748, 121.379478455, 71.8114318848, 70.378868103, 26.4106636047, 14.3209352493, 10.0872306824, 1.11112380028, 0.297620981932, 0.0305130090564, 0.0020786698442, 0.000281170883682, 1.99437836272e-05, 6.76872389249e-08],
        "max": [1.6167011261, 13.3641414642, 41.6516113281, 69.1385650635, 142.177612305, 155.67137146, 199.546890259, 174.175231934, 174.936660767, 136.121948242, 199.061355591, 201.456512451, 321.922637939, 338.341430664, 311.262054443, 406.401763916, 417.376403809, 560.313232422, 377.009857178, 324.033416748, 676.835327148, 539.47277832, 320.066467285, 566.832275391, 852.671386719, 236.234680176, 164.4324646, 71.9421920776, 68.5464096069, 125.712371826, 64.5411605835, 35.2254180908, 44.3045272827, 13.3592376709, 4.62100315094, 1.6131657362, 0.59040081501, 0.159702673554, 0.0379321798682, 0.00234437617473],
        "mean": [0.186643689871, 1.39142882824, 3.33672785759, 6.0097899437, 10.7574090958, 10.6973409653, 7.40619802475, 8.94576835632, 10.5058107376, 6.89972400665, 4.33257389069, 6.10417461395, 6.68720388412, 8.63081455231, 15.2630805969, 30.0992355347, 33.9076538086, 35.3781776428, 20.2874145508, 27.6041316986, 73.0650024414, 68.7621154785, 56.0643005371, 85.407081604, 65.7364120483, 32.8621368408, 22.1737194061, 11.9317407608, 7.15992975235, 7.01864814758, 4.83978796005, 3.3655295372, 2.44423651695, 1.11469709873, 0.483570367098, 0.15289594233, 0.0443541482091, 0.010782616213, 0.0015840040287, 0.000111642060801],
        "median": [0.105246141553, 0.923874974251, 2.06442141533, 3.91193437576, 5.2464723587, 5.23289108276, 4.31345272064, 4.92910432816, 4.55281019211, 3.14616250992, 2.34436249733, 3.07607865334, 3.95634770393, 5.00513792038, 9.38484859467, 17.2858371735, 21.089509964, 20.2034816742, 13.7853975296, 22.6468887329, 60.1985244751, 57.4296798706, 48.2128944397, 68.1995391846, 51.2153091431, 26.5609588623, 17.6515407562, 9.20000457764, 3.94390511513, 3.69975924492, 2.31278395653, 1.72152924538, 1.16598296165, 0.633029818535, 0.251811951399, 0.0780619457364, 0.0218965243548, 0.00504506658763, 0.000529755197931, 5.69463190914e-05],
        "min": [2.13650937531e-21, 1.02204966303e-20, 9.55174614663e-21, 1.54124201452e-20, 1.01489070563e-19, 9.01318807528e-20, 1.89413503529e-19, 3.2454966416e-19, 1.07856461349e-19, 8.48799960139e-19, 1.58388688448e-18, 1.45297986568e-18, 1.66085831523e-18, 7.57674538535e-19, 5.27651192199e-18, 5.54422355057e-18, 4.03966349363e-18, 6.08381373006e-18, 7.58368780884e-18, 8.43724307522e-18, 8.38805974318e-18, 7.16420549506e-18, 1.20661903016e-17, 1.93974465757e-17, 1.31940717463e-17, 1.23115419975e-17, 3.14797346392e-17, 1.65782645013e-17, 2.49589772263e-17, 2.01452178495e-17, 1.83998435959e-17, 1.43953795325e-17, 1.21470256998e-17, 1.47763408723e-17, 1.11193795201e-17, 4.68436640869e-18, 3.16915391982e-18, 1.3290389484e-18, 3.70199228926e-19, 4.21034705607e-20],
        "var": [0.0485808327794, 1.74855518341, 16.8122138977, 43.1621780396, 264.549346924, 252.618164062, 116.222038269, 174.905502319, 295.146087646, 141.226287842, 77.3206863403, 155.695907593, 140.442596436, 167.508300781, 450.104095459, 1720.92858887, 1574.47875977, 2182.13696289, 496.712036133, 452.307800293, 3436.60546875, 2201.62988281, 1264.65625, 3956.87573242, 3368.84863281, 630.320129395, 318.791381836, 100.67477417, 76.3518753052, 95.7327194214, 45.4309921265, 20.4781684875, 11.6276664734, 1.77982032299, 0.390471279621, 0.041971668601, 0.0038018450141, 0.000251257151831, 9.41564485402e-06, 3.17750838974e-08]
    },
    "gfcc": {
        "mean": [37.4055137634, 70.4491958618, -127.127693176, 62.1991539001, -31.055059433, 10.5614109039, -35.5302352905, 7.93715238571, -28.2865085602, -1.16922199726, -6.20702886581, 1.61827933788, -10.8723602295],
        "cov": [[5134.78808594, -575.155273438, 48.4255142212, -6.64022159576, -370.910827637, 308.190124512, -282.750152588, 127.91683197, -188.569091797, 139.994003296, -157.450958252, 79.4255371094, -204.228515625], [-575.155273438, 1273.72351074, -440.088806152, 234.318252563, 153.95652771, -307.332733154, 106.041358948, -118.255958557, 83.6654510498, -134.285949707, 111.583023071, -65.9816207886, 151.024276733], [48.4255142212, -440.088806152, 376.151794434, -96.2203140259, -52.834602356, 79.1691131592, -68.3296127319, 5.34514665604, -20.1111869812, 28.4086322784, -57.6595954895, 27.5431804657, -53.6721000671], [-6.64022159576, 234.318252563, -96.2203140259, 153.021377563, 55.0581588745, -11.3306236267, 17.3603992462, -10.5369024277, 1.82304263115, -24.289560318, 27.6665935516, -11.3225622177, 23.2938041687], [-370.910827637, 153.95652771, -52.834602356, 55.0581588745, 193.306625366, -16.4204349518, 80.0861816406, -17.9087295532, 4.01170063019, -14.423538208, 36.1198272705, -15.2642536163, 31.4002857208], [308.190124512, -307.332733154, 79.1691131592, -11.3306236267, -16.4204349518, 181.933135986, -9.33567714691, 62.4167175293, -45.5367507935, 35.3680381775, -34.3249092102, 15.4583997726, -48.5452384949], [-282.750152588, 106.041358948, -68.3296127319, 17.3603992462, 80.0861816406, -9.33567714691, 110.95703125, 10.7016887665, 24.0412654877, -14.4382963181, 29.8114566803, -4.10072231293, 29.4765205383], [127.91683197, -118.255958557, 5.34514665604, -10.5369024277, -17.9087295532, 62.4167175293, 10.7016887665, 100.358825684, 10.4829101562, 31.3074207306, -9.89368152618, 8.05019569397, -14.7509050369], [-188.569091797, 83.6654510498, -20.1111869812, 1.82304263115, 4.01170063019, -45.5367507935, 24.0412654877, 10.4829101562, 86.3572311401, 19.5010604858, 25.0706748962, -1.2902725935, 22.707452774], [139.994003296, -134.285949707, 28.4086322784, -24.289560318, -14.423538208, 35.3680381775, -14.4382963181, 31.3074207306, 19.5010604858, 87.3738250732, 25.8457126617, 14.9419517517, -25.0212955475], [-157.450958252, 111.583023071, -57.6595954895, 27.6665935516, 36.1198272705, -34.3249092102, 29.8114566803, -9.89368152618, 25.0706748962, 25.8457126617, 81.1078109741, 20.0801830292, 23.7464008331], [79.4255371094, -65.9816207886, 27.5431804657, -11.3225622177, -15.2642536163, 15.4583997726, -4.10072231293, 8.05019569397, -1.2902725935, 14.9419517517, 20.0801830292, 57.9819984436, 13.8790922165], [-204.228515625, 151.024276733, -53.6721000671, 23.2938041687, 31.4002857208, -48.5452384949, 29.4765205383, -14.7509050369, 22.707452774, -25.0212955475, 23.7464008331, 13.8790922165, 68.7875671387]],
        "icov": [[0.000329391274136, -0.000146970109199, 0.000225312323892, -0.000218366883928, 0.00035879254574, -0.000214135056012, 0.000276901351754, -5.10502177349e-05, 0.000483123352751, -0.000738488975912, 0.000843968708068, -0.000812890706584, 0.000550429220311], [-0.000146970109199, 0.00360335409641, 0.00180164235644, -0.00271062809043, -0.00052046176279, 0.00330882985145, -2.86437207251e-05, 0.000565152382478, -0.00124266161583, 0.00278738862835, -0.00186281185597, 0.00211778935045, -0.00167785270605], [0.000225312323892, 0.00180164235644, 0.00569048942998, 0.000427119550295, -0.00122711143922, 4.72610481665e-05, 0.00244702864438, 0.00166124897078, -0.00214399653487, 0.00108944869135, 0.00220436998643, -0.00279837218113, 0.00181766634341], [-0.000218366883928, -0.00271062809043, 0.000427119550295, 0.0123613560572, -0.00256798742339, -0.00522338086739, 0.00362405669875, -0.000612274976447, -0.00113417836837, 0.00325671443716, -0.00401715608314, 0.00101163180079, -6.42074246571e-06], [0.00035879254574, -0.00052046176279, -0.00122711143922, -0.00256798742339, 0.00989336054772, -0.000581673637498, -0.00653677945957, 0.00153279874939, 0.0034841960296, -0.00312863336876, -0.000748227175791, 0.00276723876595, -0.00226500653662], [-0.000214135056012, 0.00330882985145, 4.72610481665e-05, -0.00522338086739, -0.000581673637498, 0.0158692914993, -0.00385972810909, -0.00477767921984, 0.00541449198499, -0.00277460413054, 0.00367435696535, -0.00197277776897, 0.00233263825066], [0.000276901351754, -2.86437207251e-05, 0.00244702864438, 0.00362405669875, -0.00653677945957, -0.00385972810909, 0.019235689193, -0.00333350128494, -0.00524733262137, 0.00701140332967, -0.00555540621281, 0.000512527418323, -0.00103356561158], [-5.10502177349e-05, 0.000565152382478, 0.00166124897078, -0.000612274976447, 0.00153279874939, -0.00477767921984, -0.00333350128494, 0.0163103230298, -0.0040923380293, -0.00408439710736, 0.00401252135634, -0.00138081400655, -0.000275534956018], [0.000483123352751, -0.00124266161583, -0.00214399653487, -0.00113417836837, 0.0034841960296, 0.00541449198499, -0.00524733262137, -0.0040923380293, 0.0214128326625, -0.0104334997013, 0.00136257312261, 0.00236225849949, -0.00533521035686], [-0.000738488975912, 0.00278738862835, 0.00108944869135, 0.00325671443716, -0.00312863336876, -0.00277460413054, 0.00701140332967, -0.00408439710736, -0.0104334997013, 0.029783571139, -0.0171560812742, 0.00166612362955, 0.00688883662224], [0.000843968708068, -0.00186281185597, 0.00220436998643, -0.00401715608314, -0.000748227175791, 0.00367435696535, -0.00555540621281, 0.00401252135634, 0.00136257312261, -0.0171560812742, 0.0321675725281, -0.0141406068578, 0.000909707334358], [-0.000812890706584, 0.00211778935045, -0.00279837218113, 0.00101163180079, 0.00276723876595, -0.00197277776897, 0.000512527418323, -0.00138081400655, 0.00236225849949, 0.00166612362955, -0.0141406068578, 0.0317613482475, -0.0144609212875], [0.000550429220311, -0.00167785270605, 0.00181766634341, -6.42074246571e-06, -0.00226500653662, 0.00233263825066, -0.00103356561158, -0.000275534956018, -0.00533521035686, 0.00688883662224, 0.000909707334358, -0.0144609212875, 0.0312105547637]]
    },
    "melbands": {
        "dmean": [0.000987966428511, 0.00120098283514, 0.000724879151676, 0.000621536455583, 0.000166694153449, 0.000109753222205, 8.21637295303e-05, 4.77219618915e-05, 2.27799682762e-05, 2.44667717197e-05, 2.05681717489e-05, 2.010553726e-05, 2.4907896659e-05, 3.69850349671e-05, 4.843770148e-05, 4.19291827711e-05, 3.54886724381e-05, 1.82047060662e-05, 1.53932342073e-05, 2.6139377951e-05, 4.35478032159e-05, 3.815799937e-05, 2.40232402575e-05, 2.74383637588e-05, 3.11320145556e-05, 2.6167888791e-05, 1.5920628357e-05, 8.04531100584e-06, 6.28738553132e-06, 5.05472235091e-06, 2.75386150861e-06, 2.27567829825e-06, 2.00503450287e-06, 1.84656380497e-06, 1.43699026012e-06, 9.52349864747e-07, 1.03679769836e-06, 1.01944738162e-06, 5.83562325573e-07, 3.82606884841e-07],
        "dmean2": [0.00162769504823, 0.00205949181691, 0.00120980106294, 0.00108442257624, 0.000278435647488, 0.000173594933585, 0.000128411018522, 7.85059310147e-05, 3.82780453947e-05, 3.94099370169e-05, 3.23958010995e-05, 3.16913428833e-05, 3.98624251829e-05, 5.78083090659e-05, 7.74983491283e-05, 6.62373859086e-05, 5.76731144974e-05, 2.94768997264e-05, 2.54899023275e-05, 4.3280339014e-05, 7.05779602868e-05, 6.35043252259e-05, 4.03583544539e-05, 4.60885530629e-05, 5.05543102918e-05, 4.28078164987e-05, 2.6270012313e-05, 1.34279989652e-05, 1.04696773633e-05, 8.36379877001e-06, 4.49055733043e-06, 3.61509955837e-06, 3.09578285851e-06, 2.76273408417e-06, 2.02407227334e-06, 1.29723207465e-06, 1.44667683344e-06, 1.51146014105e-06, 8.66266304911e-07, 5.36554978225e-07],
        "dvar": [2.16025705413e-06, 3.73893135475e-06, 8.20809930246e-07, 1.288920771e-06, 8.22906969233e-08, 3.66440922051e-08, 2.17772821998e-08, 1.24428307657e-08, 3.66452557188e-09, 3.37245253945e-09, 3.39485328738e-09, 2.52735565809e-09, 1.8637968946e-09, 4.303102763e-09, 6.33835428587e-09, 3.93269106169e-09, 3.40397932064e-09, 8.79066819337e-10, 5.42441258577e-10, 9.30192145532e-10, 2.51909137994e-09, 1.88946369661e-09, 7.95540022747e-10, 1.07243958158e-09, 1.30932686915e-09, 1.48999135252e-09, 4.24875440386e-10, 1.00870749253e-10, 6.91536064523e-11, 3.60389773579e-11, 1.58159110808e-11, 1.22366899599e-11, 1.3672683645e-11, 1.09255130984e-11, 6.09882196828e-12, 2.83434408756e-12, 3.66565328438e-12, 4.09263074819e-12, 1.01363058572e-12, 3.89141410068e-13],
        "dvar2": [5.45501916349e-06, 9.80975346465e-06, 2.09498784898e-06, 3.83750784749e-06, 2.2790084131e-07, 9.33456760777e-08, 5.28833794533e-08, 3.16056372185e-08, 9.24916943035e-09, 8.30920487971e-09, 9.1110035072e-09, 6.73275879493e-09, 4.55454829407e-09, 1.01883550485e-08, 1.49206176303e-08, 9.05066865897e-09, 8.49712034068e-09, 2.02929362203e-09, 1.34710509414e-09, 2.36514985374e-09, 6.22293860886e-09, 4.67364014156e-09, 2.15889461863e-09, 2.90589641239e-09, 3.37137606721e-09, 3.54140117231e-09, 1.06802955369e-09, 2.54684329182e-10, 1.82010115313e-10, 8.78739442323e-11, 3.88314311262e-11, 2.86005108485e-11, 3.17576381859e-11, 2.47174607171e-11, 1.18626029139e-11, 5.1049034791e-12, 7.35931194457e-12, 9.84630779688e-12, 2.1545074752e-12, 7.50127119708e-13],
        "max": [0.0116765405983, 0.0200424157083, 0.010575151071, 0.012673410587, 0.00530014326796, 0.00357802328654, 0.00230896822177, 0.00178223173134, 0.00131461105775, 0.00175591337029, 0.00162647955585, 0.00155669217929, 0.000770800339524, 0.00179399165791, 0.00173417164478, 0.000969355751295, 0.00103435793426, 0.000509312318172, 0.000424821220804, 0.000418514246121, 0.00121302565094, 0.000890276278369, 0.0004282516893, 0.000485356984427, 0.000532512320206, 0.000824947957881, 0.000337710313033, 0.000152170468937, 0.000155080793775, 9.12774921744e-05, 4.58661561424e-05, 4.19151037931e-05, 5.5311145843e-05, 7.74276268203e-05, 4.20176693297e-05, 2.84608158836e-05, 2.32663387578e-05, 4.72493775305e-05, 1.76730281964e-05, 9.12397536013e-06],
        "mean": [0.00171474646777, 0.00182253250387, 0.00116482540034, 0.000851501943544, 0.000278211082332, 0.000206113007152, 0.000152042266564, 6.954503624e-05, 3.10577052005e-05, 4.12486951973e-05, 3.36772973242e-05, 3.39897924277e-05, 4.37138987763e-05, 6.80002267472e-05, 8.65971451276e-05, 7.64470387367e-05, 6.25063257758e-05, 3.19121973007e-05, 2.84850102616e-05, 5.20179710293e-05, 9.20741222217e-05, 7.81057678978e-05, 4.79330883536e-05, 5.79688676225e-05, 7.04451304046e-05, 5.78224644414e-05, 3.48614667018e-05, 1.75566401595e-05, 1.33299317895e-05, 1.1130443454e-05, 5.48005891687e-06, 4.16023249272e-06, 3.68454243471e-06, 3.93832578993e-06, 3.02492207993e-06, 2.01134253075e-06, 2.00602107725e-06, 1.87233922588e-06, 1.25045289678e-06, 8.31753823149e-07],
        "median": [0.00105195259675, 0.00131611363031, 0.00079451763304, 0.000392247486161, 0.000171401028638, 0.000118251809909, 6.7252170993e-05, 3.04338373098e-05, 1.71550727828e-05, 1.95147695194e-05, 1.92751267605e-05, 1.82702879101e-05, 2.52043209912e-05, 3.83022997994e-05, 4.71273160656e-05, 4.11049186368e-05, 3.355201261e-05, 1.98040070245e-05, 2.06371023523e-05, 4.14104179072e-05, 7.37491354812e-05, 6.34899333818e-05, 3.90513996535e-05, 4.63367032353e-05, 5.49186152057e-05, 4.1988936573e-05, 2.62038865912e-05, 1.36325015774e-05, 9.98836276267e-06, 8.5328329078e-06, 3.74286105398e-06, 2.16932789954e-06, 1.85026306099e-06, 2.11447627407e-06, 1.38666530347e-06, 1.02621902442e-06, 1.01305317912e-06, 8.36003437144e-07, 6.76791046317e-07, 4.82829022985e-07],
        "min": [1.79897252412e-23, 7.79756030425e-24, 5.38409321841e-24, 6.93181543749e-24, 6.04827268541e-24, 6.95099501267e-24, 2.00290127228e-24, 1.1279767467e-23, 1.16937908579e-23, 9.41084633088e-24, 8.19160105957e-24, 2.51147733408e-24, 1.18560847897e-23, 2.06887150097e-23, 1.34944139946e-23, 7.0774872811e-24, 1.20260180504e-23, 1.0433976048e-23, 1.6373947203e-23, 7.53992227691e-24, 1.05037034634e-23, 7.17807493513e-24, 6.64569558716e-24, 1.5938849393e-23, 1.59363439708e-23, 9.17518675722e-24, 8.41167195289e-24, 7.4529385292e-24, 2.0328988126e-23, 1.32829629844e-23, 8.89397756603e-24, 1.4897417314e-23, 1.1263382826e-23, 1.11461620398e-23, 9.26863758664e-24, 1.06696135335e-23, 8.3584033314e-24, 8.56563078032e-24, 8.38176702483e-24, 1.41123555629e-23],
        "var": [2.88922092295e-06, 3.51870062332e-06, 1.36025710162e-06, 1.74564183908e-06, 1.25647915183e-07, 8.52554506992e-08, 5.47569207754e-08, 1.59367843366e-08, 3.85964726846e-09, 8.24754575746e-09, 3.76681796865e-09, 3.16451975735e-09, 3.5884812899e-09, 1.2350932721e-08, 1.46106700072e-08, 1.03331112555e-08, 7.71725616744e-09, 1.68291436342e-09, 9.83457981718e-10, 1.64202551556e-09, 6.11360562175e-09, 3.76815068037e-09, 1.34132416285e-09, 1.87827886577e-09, 3.17865400667e-09, 3.60473006999e-09, 9.05550356922e-10, 2.10100714604e-10, 1.42977782391e-10, 8.63026872189e-11, 2.99228523903e-11, 2.753526053e-11, 2.94363040887e-11, 3.0663287881e-11, 1.79743130102e-11, 8.16290177813e-12, 7.77438877164e-12, 8.12283573737e-12, 2.54498592339e-12, 1.01914136852e-12]
    },
    "mfcc": {
        "mean": [-597.880493164, 92.3759536743, -20.1130809784, 49.4117851257, 23.2322978973, 9.27118110657, 12.053896904, 7.17128038406, -7.1939330101, -2.72208356857, -2.42785072327, 4.41858243942, 3.07750082016],
        "cov": [[2217.20141602, -559.587341309, 270.155944824, -268.350341797, -60.6162872314, 40.833316803, -35.5530204773, -9.28059387207, -16.4294109344, 32.0365524292, 70.9678039551, 18.0939731598, -43.5995330811], [-559.587341309, 760.986206055, -271.333312988, 295.9090271, 19.7618026733, -49.6018753052, 3.25366806984, -9.22259140015, -4.73415708542, -23.0187625885, -70.1565551758, -2.92711949348, 34.1760635376], [270.155944824, -271.333312988, 308.831237793, -129.17855835, -7.03467607498, 4.28585720062, -67.7973098755, -12.6890945435, -12.2279119492, -14.040184021, 12.5452213287, -14.504234314, -28.2699718475], [-268.350341797, 295.9090271, -129.17855835, 211.801269531, 37.361618042, -1.52083086967, 21.2861690521, 2.09715151787, -6.74731826782, -13.3826112747, -25.3919944763, 8.83122444153, 25.4088764191], [-60.6162872314, 19.7618026733, -7.03467607498, 37.361618042, 85.0403747559, 30.154001236, 32.2236938477, 1.96471130848, 1.18119525909, -2.41248297691, 3.14213490486, 0.111946769059, 2.17202210426], [40.833316803, -49.6018753052, 4.28585720062, -1.52083086967, 30.154001236, 78.3277282715, 38.5492095947, 9.43026161194, -4.9006485939, -0.570306837559, 5.46983671188, -0.469098389149, -5.059882164], [-35.5530204773, 3.25366806984, -67.7973098755, 21.2861690521, 32.2236938477, 38.5492095947, 110.957191467, 34.8868370056, 8.87870025635, 1.78041899204, 5.22121620178, 4.46127843857, 9.20109844208], [-9.28059387207, -9.22259140015, -12.6890945435, 2.09715151787, 1.96471130848, 9.43026161194, 34.8868370056, 70.068687439, 27.8385372162, -1.60113203526, -4.97628259659, -9.37333297729, 0.84368622303], [-16.4294109344, -4.73415708542, -12.2279119492, -6.74731826782, 1.18119525909, -4.9006485939, 8.87870025635, 27.8385372162, 59.684967041, 21.8643932343, 3.02042984962, -1.85037088394, -5.59765148163], [32.0365524292, -23.0187625885, -14.040184021, -13.3826112747, -2.41248297691, -0.570306837559, 1.78041899204, -1.60113203526, 21.8643932343, 55.622467041, 28.4622612, 6.92434215546, -0.1000854671], [70.9678039551, -70.1565551758, 12.5452213287, -25.3919944763, 3.14213490486, 5.46983671188, 5.22121620178, -4.97628259659, 3.02042984962, 28.4622612, 57.7504844666, 26.3671264648, 6.67691135406], [18.0939731598, -2.92711949348, -14.504234314, 8.83122444153, 0.111946769059, -0.469098389149, 4.46127843857, -9.37333297729, -1.85037088394, 6.92434215546, 26.3671264648, 55.4002571106, 28.7005310059], [-43.5995330811, 34.1760635376, -28.2699718475, 25.4088764191, 2.17202210426, -5.059882164, 9.20109844208, 0.84368622303, -5.59765148163, -0.1000854671, 6.67691135406, 28.7005310059, 61.0083198547]],
