{
"lowlevel": {
    "average_loudness": 0.972741365433,
    "barkbands_crest": {
        "dmean": 3.0038330555,
        "dmean2": 5.17215156555,
        "dvar": 6.82537460327,
        "dvar2": 18.4247341156,
        "max": 24.6004238129,
        "mean": 9.33630084991,
        "median": 8.58935165405,
        "min": 2.46849727631,
        "var": 13.2841329575
    },
    "barkbands_flatness_db": {
        "dmean": 0.023569824174,
        "dmean2": 0.0381080545485,
        "dvar": 0.000366031454178,
        "dvar2": 0.00093560788082,
        "max": 0.239344283938,
        "mean": 0.111149139702,
        "median": 0.109796658158,
        "min": 0.0248875059187,
        "var": 0.000918135920074
    },
    "barkbands_kurtosis": {
        "dmean": 2.46609401703,
        "dmean2": 4.09617185593,
        "dvar": 10.8151416779,
        "dvar2": 27.7601165771,
        "max": 53.7846183777,
        "mean": 2.88103628159,
        "median": 1.66796398163,
        "min": -1.65657484531,
        "var": 18.8126850128
    },
    "barkbands_skewness": {
        "dmean": 0.530675947666,
        "dmean2": 0.875625789165,
        "dvar": 0.228744909167,
        "dvar2": 0.603663146496,
        "max": 6.8839302063,
        "mean": 1.69443833828,
        "median": 1.604413867,
        "min": -1.82636344433,
        "var": 0.682635962963
    },
    "barkbands_spread": {
        "dmean": 6.71999692917,
        "dmean2": 11.0400085449,
        "dvar": 31.9359397888,
        "dvar2": 85.3865890503,
        "max": 81.1011962891,
        "mean": 27.8789386749,
        "median": 27.6291656494,
        "min": 4.36834955215,
        "var": 96.1195449829
    },
    "dissonance": {
        "dmean": 0.0115216551349,
        "dmean2": 0.0196813251823,
        "dvar": 0.000108345098852,
        "dvar2": 0.000309886410832,
        "max": 0.5,
        "mean": 0.480228543282,
        "median": 0.482711106539,
        "min": 0.381677478552,
        "var": 0.000171729916474
    },
    "dynamic_complexity": 1.80370295048,
    "erbbands_crest": {
        "dmean": 1.96770083904,
        "dmean2": 3.26551389694,
        "dvar": 3.57482218742,
        "dvar2": 8.86857795715,
        "max": 25.5402870178,
        "mean": 6.23145580292,
        "median": 5.29503583908,
        "min": 2.17911553383,
        "var": 9.15661525726
    },
    "erbbands_flatness_db": {
        "dmean": 0.0141670163721,
        "dmean2": 0.0213040150702,
        "dvar": 0.00016139667423,
        "dvar2": 0.000370278139599,
        "max": 0.208943516016,
        "mean": 0.121855698526,
        "median": 0.117578148842,
        "min": 0.067751146853,
        "var": 0.000584988272749
    },
    "erbbands_kurtosis": {
        "dmean": 0.376021355391,
        "dmean2": 0.621576666832,
        "dvar": 0.19420529902,
        "dvar2": 0.500563621521,
        "max": 5.20169067383,
        "mean": -0.734730005264,
        "median": -0.918759822845,
        "min": -1.62655925751,
        "var": 0.460833609104
    },
    "erbbands_skewness": {
        "dmean": 0.294468253851,
        "dmean2": 0.481747448444,
        "dvar": 0.061089977622,
        "dvar2": 0.154884696007,
        "max": 1.76132023335,
        "mean": -0.110436052084,
        "median": -0.129749342799,
        "min": -1.92338991165,
        "var": 0.23206846416
    },
    "erbbands_spread": {
        "dmean": 7.77068901062,
        "dmean2": 12.662902832,
        "dvar": 47.8829956055,
        "dvar2": 126.816108704,
        "max": 95.8413696289,
        "mean": 52.8286552429,
        "median": 52.6227722168,
        "min": 15.4818143845,
        "var": 149.288787842
    },
    "hfc": {
        "dmean": 8.52276515961,
        "dmean2": 13.3458509445,
        "dvar": 100.907165527,
        "dvar2": 249.194076538,
        "max": 92.8796234131,
        "mean": 26.7669029236,
        "median": 25.204990387,
        "min": 1.14085001546e-16,
        "var": 241.81022644
    },
    "melbands_crest": {
        "dmean": 3.58588576317,
        "dmean2": 6.08721065521,
        "dvar": 8.35200309753,
        "dvar2": 23.0187892914,
        "max": 26.728181839,
        "mean": 13.7189903259,
        "median": 13.1808261871,
        "min": 1.79240107536,
        "var": 17.6455421448
    },
    "melbands_flatness_db": {
        "dmean": 0.0294887199998,
        "dmean2": 0.0486526936293,
        "dvar": 0.000587089103647,
        "dvar2": 0.00154482573271,
        "max": 0.330129742622,
        "mean": 0.175282418728,
        "median": 0.172009006143,
        "min": 0.00483529362828,
        "var": 0.00157805928029
    },
    "melbands_kurtosis": {
        "dmean": 8.0442199707,
        "dmean2": 13.4607801437,
        "dvar": 110.015892029,
        "dvar2": 280.078735352,
        "max": 162.144699097,
        "mean": 15.5813903809,
        "median": 11.8203468323,
        "min": -1.14526951313,
        "var": 193.591445923
    },
    "melbands_skewness": {
        "dmean": 0.823087513447,
        "dmean2": 1.37691962719,
        "dvar": 0.594767689705,
        "dvar2": 1.55368566513,
        "max": 10.4962234497,
        "mean": 3.31348800659,
        "median": 3.10646533966,
        "min": -0.188766211271,
        "var": 1.55358290672
    },
    "melbands_spread": {
        "dmean": 7.45632076263,
        "dmean2": 12.4367465973,
        "dvar": 42.7991981506,
        "dvar2": 115.578010559,
        "max": 127.407035828,
        "mean": 23.1204795837,
        "median": 21.0604991913,
        "min": 2.22211074829,
        "var": 148.532501221
    },
    "pitch_salience": {
        "dmean": 0.0921781286597,
        "dmean2": 0.156883612275,
        "dvar": 0.00644137896597,
        "dvar2": 0.0177520811558,
        "max": 0.87474244833,
        "mean": 0.578115582466,
        "median": 0.587152063847,
        "min": 0.149927169085,
        "var": 0.0115570072085
    },
    "silence_rate_20dB": {
        "dmean": 0,
        "dmean2": 0,
        "dvar": 0,
        "dvar2": 0,
        "max": 1,
        "mean": 1,
        "median": 1,
        "min": 1,
        "var": 0
    },
    "silence_rate_30dB": {
        "dmean": 0.00154798757285,
        "dmean2": 0.00309717375785,
        "dvar": 0.00154558068607,
        "dvar2": 0.00463611958548,
        "max": 1,
        "mean": 0.999226331711,
        "median": 1,
        "min": 0,
        "var": 0.000773093604948
    },
    "silence_rate_60dB": {
        "dmean": 0.00580495363101,
        "dmean2": 0.0116144018248,
        "dvar": 0.00577097386122,
        "dvar2": 0.0153501173481,
        "max": 1,
        "mean": 0.00657640211284,
        "median": 0,
        "min": 0,
        "var": 0.0065334578976
    },
    "spectral_centroid": {
        "dmean": 283.88269043,
        "dmean2": 467.014434814,
        "dvar": 72314.015625,
        "dvar2": 168799,
        "max": 10920.0146484,
        "mean": 1662.8692627,
        "median": 1646.45007324,
        "min": 421.993133545,
        "var": 301291
    },
    "spectral_complexity": {
        "dmean": 5.60758495331,
        "dmean2": 8.52148628235,
        "dvar": 28.4886131287,
        "dvar2": 62.4019737244,
        "max": 64,
        "mean": 30.1725330353,
        "median": 32,
        "min": 0,
        "var": 133.390853882
    },
    "spectral_decrease": {
        "dmean": 3.84616338778e-09,
        "dmean2": 6.45543440925e-09,
        "dvar": 1.99719301286e-17,
        "dvar2": 5.21533405748e-17,
        "max": 2.51623559736e-29,
        "mean": -9.56147339082e-09,
        "median": -8.96861074295e-09,
        "min": -4.54342945488e-08,
        "var": 2.94239195018e-17
    },
    "spectral_energy": {
        "dmean": 0.0150355882943,
        "dmean2": 0.025156384334,
        "dvar": 0.000303552515106,
        "dvar2": 0.000787249358837,
        "max": 0.174415007234,
        "mean": 0.0385150201619,
        "median": 0.0366252884269,
        "min": 1.0530388053e-20,
        "var": 0.000457962858491
    },
    "spectral_energyband_high": {
        "dmean": 0.000634067459032,
        "dmean2": 0.00103697320446,
        "dvar": 6.36247193597e-07,
        "dvar2": 1.61741763804e-06,
        "max": 0.00873245671391,
        "mean": 0.00131702143699,
        "median": 0.00106186338235,
        "min": 7.77076570328e-21,
        "var": 1.0516164366e-06
    },
    "spectral_energyband_low": {
        "dmean": 0.011462030001,
        "dmean2": 0.0199452396482,
        "dvar": 0.000225941068493,
        "dvar2": 0.000621673127171,
        "max": 0.150255575776,
        "mean": 0.0181203316897,
        "median": 0.014063953422,
        "min": 4.804157233e-23,
        "var": 0.000252842262853
    },
    "spectral_energyband_middle_high": {
        "dmean": 0.00183506938629,
        "dmean2": 0.00287445052527,
        "dvar": 4.64975573777e-06,
        "dvar2": 1.14795257105e-05,
        "max": 0.0309081692249,
        "mean": 0.00578210316598,
        "median": 0.00510136969388,
        "min": 1.67954095838e-21,
        "var": 1.5831541532e-05
    },
    "spectral_energyband_middle_low": {
        "dmean": 0.00611710641533,
        "dmean2": 0.0100004626438,
        "dvar": 4.2926891183e-05,
        "dvar2": 0.000106801118818,
        "max": 0.0785621926188,
        "mean": 0.0149908941239,
        "median": 0.0133868576959,
        "min": 1.66174332235e-22,
        "var": 8.89443981578e-05
    },
    "spectral_entropy": {
        "dmean": 0.131611272693,
        "dmean2": 0.207462802529,
        "dvar": 0.0142694506794,
        "dvar2": 0.03483440727,
        "max": 9.80202484131,
        "mean": 7.86052274704,
        "median": 7.87208795547,
        "min": 7.16051006317,
        "var": 0.0401265956461
    },
    "spectral_flux": {
        "dmean": 0.0315509960055,
        "dmean2": 0.0492951236665,
        "dvar": 0.000984534621239,
        "dvar2": 0.00191907724366,
        "max": 0.327749013901,
        "mean": 0.112358532846,
        "median": 0.108855322003,
        "min": 6.78803541154e-11,
        "var": 0.00192120787688
    },
    "spectral_kurtosis": {
        "dmean": 0.958000719547,
        "dmean2": 1.68236899376,
        "dvar": 0.790083885193,
        "dvar2": 2.38568758965,
        "max": 10.2549066544,
        "mean": 2.75329256058,
        "median": 2.5753993988,
        "min": -1.23808181286,
        "var": 1.36563313007
    },
    "spectral_rms": {
        "dmean": 0.00115003960673,
        "dmean2": 0.00188036367763,
        "dvar": 1.31502156364e-06,
        "dvar2": 3.26810800289e-06,
        "max": 0.0130445770919,
        "mean": 0.00587321026251,
        "median": 0.00597762409598,
        "min": 3.20523772454e-12,
        "var": 3.08112862513e-06
    },
    "spectral_rolloff": {
        "dmean": 623.554382324,
        "dmean2": 1065.80541992,
        "dvar": 407789.84375,
        "dvar2": 1019915.3125,
        "max": 18884.6191406,
        "mean": 1386.75085449,
        "median": 1119.7265625,
        "min": 86.1328125,
        "var": 1459697.75
    },
    "spectral_skewness": {
        "dmean": 0.158272236586,
        "dmean2": 0.265059024096,
        "dvar": 0.0185860954225,
        "dvar2": 0.0491749644279,
        "max": 2.27191448212,
        "mean": 1.12642097473,
        "median": 1.12381982803,
        "min": 0.00282292673364,
        "var": 0.0501297600567
    },
    "spectral_spread": {
        "dmean": 485567.75,
        "dmean2": 747069.9375,
        "dvar": 578995683328,
        "dvar2": 1.2204909527e+12,
        "max": 41292080,
        "mean": 4542937.5,
        "median": 4444655,
        "min": 2605701.5,
        "var": 2.3075576873e+12
    },
    "spectral_strongpeak": {
        "dmean": 0.374241471291,
        "dmean2": 0.650745809078,
        "dvar": 0.459838539362,
        "dvar2": 1.18417179585,
        "max": 8.31296062469,
        "mean": 0.594481766224,
        "median": 0.356791466475,
        "min": 0,
        "var": 0.644842743874
    },
    "zerocrossingrate": {
        "dmean": 0.00930757820606,
        "dmean2": 0.0118493745103,
        "dvar": 7.86675591371e-05,
        "dvar2": 0.000122463679872,
        "max": 0.52099609375,
        "mean": 0.0615194700658,
        "median": 0.05908203125,
        "min": 0.01416015625,
        "var": 0.000734266301151
    },
    "barkbands": {
        "dmean": [0.000234373903368, 0.00868686661124, 0.00409494759515, 0.00212817965075, 0.0028080441989, 0.00140235782601, 0.0017499596579, 0.000931443064474, 0.000759505957831, 0.000399779703002, 0.000232538426644, 0.000302041269606, 0.000259958818788, 0.000364437815733, 0.00027492933441, 0.000287209579255, 0.000436482630903, 0.000319279381074, 0.00033924554009, 0.000241610396188, 0.000196089313249, 0.000164921788382, 0.000116089606308, 7.79264446464e-05, 4.42003838543e-05, 2.5216031645e-05, 1.10938674425e-06],
        "dmean2": [0.000370257883333, 0.0151337645948, 0.00709435110912, 0.00362472212873, 0.00467462884262, 0.00235645473003, 0.00293471454643, 0.00159121968318, 0.00122942449525, 0.000651550421026, 0.000390315020923, 0.000496801396366, 0.000425743550295, 0.000579111976549, 0.000460671668407, 0.000460747745819, 0.000698097166605, 0.000532253470737, 0.00054751947755, 0.000396267772885, 0.000328452297254, 0.000276274862699, 0.000195257991436, 0.000127392093418, 6.79705844959e-05, 3.83229125873e-05, 1.96373434846e-06],
        "dvar": [1.54269386599e-07, 0.000134206798975, 2.92124113912e-05, 6.67914036967e-06, 1.15913053378e-05, 4.1481853259e-06, 6.97967789165e-06, 2.25319968195e-06, 1.30669855025e-06, 4.35963926293e-07, 1.35474763852e-07, 7.24475626157e-07, 2.08150794379e-07, 5.06240553477e-07, 1.70634379515e-07, 1.37619522889e-07, 3.52034476236e-07, 1.76307509037e-07, 1.77893454634e-07, 8.09044280459e-08, 5.92402287225e-08, 4.93333303098e-08, 2.96313711345e-08, 1.24966428316e-08, 4.1589056643e-09, 1.7753278847e-09, 6.74668220596e-12],
        "dvar2": [3.71646365238e-07, 0.0003731213219, 8.16680403659e-05, 1.74643009814e-05, 2.82075598079e-05, 1.0584051779e-05, 1.85043318197e-05, 5.66952530789e-06, 3.03459660245e-06, 1.0474541341e-06, 3.63286716265e-07, 1.98294742404e-06, 5.02194325236e-07, 1.0295990478e-06, 4.33790432908e-07, 3.38291187063e-07, 8.7138090521e-07, 4.28840365885e-07, 4.40764893028e-07, 2.09817102359e-07, 1.55317437134e-07, 1.27320745946e-07, 7.78368232091e-08, 2.98573432644e-08, 8.79005312981e-09, 3.77082498559e-09, 1.86327585305e-11],
        "max": [0.00698493747041, 0.129353523254, 0.0506527200341, 0.0257300212979, 0.0497088134289, 0.0350899510086, 0.0362185388803, 0.0245041586459, 0.016811542213, 0.0108954524621, 0.00588869256899, 0.0247182510793, 0.00850838236511, 0.0172595642507, 0.00827696826309, 0.00732214748859, 0.0110265603289, 0.00582031719387, 0.00582126667723, 0.00467091985047, 0.00301629723981, 0.00243520317599, 0.00216815643944, 0.00291904504411, 0.00163611001335, 0.00050726137124, 3.14304525091e-05],
        "mean": [0.000243237009272, 0.0104269143194, 0.00585210043937, 0.0032864974346, 0.00425414089113, 0.00226619606838, 0.00256878044456, 0.00121290469542, 0.00119964766782, 0.000541788933333, 0.000332931726007, 0.00045073669753, 0.000391589128412, 0.000650995061733, 0.000440561503638, 0.00056298437994, 0.000886216992512, 0.000607466266956, 0.000746928621083, 0.000521679350641, 0.000407088286011, 0.000269184616627, 0.000175678200321, 0.000115355673188, 6.73476024531e-05, 3.52187671524e-05, 8.95058917649e-07],
        "median": [8.8648070232e-05, 0.00666949898005, 0.00423522014171, 0.0022437304724, 0.00309205870144, 0.00126609182917, 0.00128905789461, 0.000638721277937, 0.000581330968998, 0.000287131115329, 0.00020159331325, 0.000230853518588, 0.000222623028094, 0.000315748649882, 0.000290566968033, 0.000443762604846, 0.000708250328898, 0.000440686504589, 0.000586901034694, 0.000433177716332, 0.000315039011184, 0.000178794958629, 0.000111196546641, 6.69676228426e-05, 3.76319258066e-05, 1.23014369819e-05, 1.01189506552e-07],
        "min": [2.69654863839e-24, 1.76544956441e-23, 1.15161007279e-23, 1.43407686603e-23, 1.91632631228e-23, 1.46974189865e-23, 1.23220814925e-23, 1.36494567169e-23, 5.17031333304e-23, 4.26007481796e-23, 2.29664514771e-23, 1.29761244913e-22, 6.86470356929e-23, 5.93822493252e-23, 1.46731435276e-22, 1.31361824757e-22, 1.2371018952e-22, 1.69937413323e-22, 2.76501730001e-22, 3.14026088836e-22, 3.4968585817e-22, 5.94462909468e-22, 5.3403682046e-22, 8.14531221627e-22, 9.29181514045e-22, 1.67867924459e-21, 2.56331841551e-21],
        "var": [1.6408098702e-07, 0.000132412256789, 3.80846831831e-05, 1.20267977763e-05, 1.77154815901e-05, 1.2157574929e-05, 1.18949647003e-05, 2.92312211059e-06, 3.08912058244e-06, 7.3636124398e-07, 1.98608205437e-07, 8.81691107679e-07, 3.58634451914e-07, 1.60781405611e-06, 2.98252842867e-07, 3.25721686067e-07, 7.23438915884e-07, 3.63929501646e-07, 4.56651520153e-07, 1.7238654948e-07, 1.29311629848e-07, 7.60538370059e-08, 3.69306896175e-08, 2.07150261389e-08, 8.32566726672e-09, 3.64006336184e-09, 5.46814763608e-12]
    },
    "erbbands": {
        "dmean": [0.190200522542, 2.19678711891, 4.84611034393, 5.33188867569, 10.5252523422, 7.79589366913, 8.41584587097, 13.1356277466, 21.858757019, 29.0953197479, 15.0700359344, 16.8796310425, 15.6068878174, 9.25793647766, 9.72382068634, 11.9459228516, 11.2284078598, 15.8404273987, 15.6966352463, 14.4440793991, 17.2137641907, 22.1439113617, 17.2584514618, 15.5072517395, 16.5239658356, 11.2443904877, 8.38003444672, 7.84452867508, 5.81799602509, 4.67960500717, 3.21454620361, 2.03510665894, 1.13003313541, 0.578190088272, 0.285592138767, 0.123440518975, 0.0444073677063, 0.00699796155095, 0.000142296834383, 2.06508739211e-05],
        "dmean2": [0.328761428595, 3.84892511368, 8.41449165344, 9.12116146088, 17.6308956146, 13.2057037354, 14.4180440903, 22.0942611694, 37.3291473389, 48.8956794739, 25.4369735718, 27.8109092712, 25.3580436707, 15.350358963, 16.1441364288, 19.6608638763, 18.4883365631, 25.0402488708, 25.396686554, 23.5873641968, 27.660118103, 35.6513290405, 28.4073200226, 25.0126285553, 26.4711360931, 18.2783412933, 14.006064415, 13.2875957489, 9.72829341888, 7.91112089157, 5.47986412048, 3.40375995636, 1.82421529293, 0.906174361706, 0.43494451046, 0.187896803021, 0.0687820091844, 0.0112873809412, 0.000227977099712, 3.35960248776e-05],
        "dvar": [0.071016266942, 8.58917713165, 41.2041778564, 41.2326202393, 175.338424683, 91.7962188721, 127.284332275, 431.986602783, 1009.15405273, 2838.11010742, 674.838562012, 657.750732422, 691.600891113, 220.285171509, 312.411102295, 1065.40075684, 340.675018311, 1108.35888672, 549.325561523, 582.635009766, 454.219146729, 963.535888672, 526.515136719, 358.367279053, 435.165252686, 173.565567017, 102.417633057, 111.257026672, 62.09167099, 42.2618713379, 24.245054245, 8.51184844971, 2.92296552658, 0.692174077034, 0.199709787965, 0.0395708158612, 0.00587188219652, 0.000171397521626, 6.58633112494e-08, 5.59926160992e-10],
        "dvar2": [0.187125727534, 24.1344871521, 114.083511353, 110.598144531, 427.412506104, 244.208526611, 327.06350708, 1089.58410645, 2748.44995117, 7305.94873047, 1557.3104248, 1544.20385742, 1575.18322754, 536.584899902, 822.830322266, 2894.82055664, 851.515869141, 2349.41552734, 1257.03039551, 1474.85168457, 1158.3972168, 2261.00634766, 1286.87084961, 890.127197266, 1055.640625, 431.350769043, 269.032775879, 294.073059082, 164.144943237, 104.868347168, 64.662109375, 21.7442245483, 6.63575601578, 1.5159996748, 0.419065594673, 0.0848502665758, 0.012455589138, 0.00040865156916, 1.57396641498e-07, 1.38164069075e-09],
        "max": [2.37158179283, 33.7975120544, 64.0481185913, 73.6906051636, 213.106430054, 102.733779907, 142.752700806, 428.762969971, 491.613708496, 892.761779785, 656.28704834, 393.455657959, 533.77935791, 279.060577393, 311.897399902, 869.019897461, 396.33505249, 936.633789062, 352.695495605, 564.116943359, 489.250671387, 530.834838867, 382.439178467, 262.743713379, 284.779022217, 188.879623413, 119.888114929, 169.930801392, 76.3041152954, 84.1106948853, 68.2968826294, 45.4451179504, 55.1768760681, 23.3126239777, 9.91360473633, 2.56091094017, 1.07332706451, 0.129862338305, 0.00267543527298, 0.000251167744864],
        "mean": [0.219178259373, 2.6011800766, 6.95375490189, 9.18793869019, 15.1627235413, 11.9436473846, 12.2277908325, 21.2728767395, 32.4370918274, 40.0664863586, 22.2746276855, 26.8362064362, 23.5473804474, 13.6989030838, 15.6347484589, 18.1416625977, 18.314874649, 29.9817886353, 27.3152618408, 25.9497489929, 36.7087631226, 47.167640686, 35.8659324646, 34.8726768494, 36.0112991333, 24.8698234558, 17.1916027069, 15.2282743454, 9.68073749542, 7.67126369476, 4.62226438522, 2.90863013268, 1.65405201912, 0.876801729202, 0.418986439705, 0.178599372506, 0.0594045557082, 0.00812369119376, 0.000184465869097, 5.27405027242e-05],
        "median": [0.128356844187, 1.62629234791, 4.78724241257, 7.38683652878, 10.6332120895, 8.68929481506, 8.408162117, 11.360458374, 17.1073474884, 17.6488609314, 13.4353303909, 13.6949300766, 11.8524188995, 8.79553985596, 9.47593593597, 10.1915884018, 11.1004333496, 15.1125049591, 17.3879318237, 18.2338123322, 29.503364563, 38.3032875061, 27.6287498474, 27.3432331085, 28.8862285614, 20.6049480438, 13.6078519821, 11.7919845581, 6.7030043602, 4.74932813644, 2.88186359406, 1.75392603874, 0.958543598652, 0.497677534819, 0.209369793534, 0.0737043321133, 0.017975224182, 0.00193656829651, 6.54679024592e-05, 4.77669454995e-05],
        "min": [1.18434865864e-21, 1.64551548165e-21, 1.14218876127e-20, 2.41314320985e-20, 4.04246719646e-20, 7.60800983983e-20, 1.06107995405e-19, 1.36657862765e-19, 2.19183449432e-19, 2.35580314672e-19, 4.12060745926e-19, 7.87757184559e-19, 2.03246506951e-18, 2.71636807381e-18, 2.51366911906e-18, 4.78482873485e-18, 4.21451251792e-18, 3.13796093892e-18, 4.27546911162e-18, 5.57436104901e-18, 6.61386775787e-18, 7.63543209206e-18, 8.10161123296e-18, 1.32062585983e-17, 1.13518362974e-17, 1.42503367208e-17, 1.76401989717e-17, 1.25806792718e-17, 2.07706772348e-17, 2.02327716086e-17, 1.46520619484e-17, 1.46895778979e-17, 1.44343877158e-17, 9.47032548585e-18, 7.15376978445e-18, 5.54488115916e-18, 2.78508693037e-18, 1.24650183291e-18, 3.19681189267e-19, 3.6580278982e-20],
        "var": [0.0702200382948, 8.39675426483, 52.0491371155, 66.8524703979, 254.518112183, 129.806121826, 191.09046936, 1307.48815918, 1979.75109863, 3823.86572266, 987.053649902, 1379.56384277, 1522.13012695, 321.997497559, 490.49899292, 1161.85961914, 640.391479492, 3993.08251953, 1160.96228027, 1261.90930176, 1187.92810059, 2015.42089844, 1120.87072754, 996.054931641, 1038.40075684, 400.018066406, 197.817779541, 203.039291382, 84.3566970825, 78.9597091675, 26.5702209473, 11.2188119888, 5.21249723434, 1.31392192841, 0.397546678782, 0.0815919041634, 0.0118827801198, 0.000242080684984, 9.48356557728e-08, 9.56922319162e-10]
    },
    "gfcc": {
        "mean": [44.3596000671, 89.5700378418, -115.457870483, 56.49401474, -56.9046440125, 11.3627195358, -37.3523178101, 13.9383792877, -20.6528358459, 6.00296020508, -17.5899715424, -0.338045179844, -13.8344488144],
        "cov": [[4967.91015625, -10.440331459, -293.061035156, 37.4736671448, -26.4890613556, -22.8261032104, -122.541191101, 72.6526641846, -122.924568176, 26.0389690399, -98.248336792, 21.8831291199, -151.780715942], [-10.440331459, 375.424957275, -116.660697937, 101.946495056, 74.8092269897, -55.1872711182, 48.4765396118, -46.0112686157, 20.2670860291, -43.9307861328, 48.2664375305, -40.7067375183, 45.1745223999], [-293.061035156, -116.660697937, 293.666625977, -29.4568252563, -12.0851345062, 65.9938812256, -18.9788246155, 27.9090652466, 14.0711269379, 25.1959571838, -26.0845565796, 27.1138019562, -14.2430067062], [37.4736671448, 101.946495056, -29.4568252563, 157.144973755, 53.1047134399, 6.56374120712, 20.8139610291, -8.13890171051, 14.7671928406, -27.8427696228, 34.5630722046, -19.4630260468, 30.6567878723], [-26.4890613556, 74.8092269897, -12.0851345062, 53.1047134399, 176.090515137, 5.87035417557, 43.3159332275, 11.0246276855, -7.75031805038, -4.05816841125, 5.52186775208, -15.1121854782, -2.17666721344], [-22.8261032104, -55.1872711182, 65.9938812256, 6.56374120712, 5.87035417557, 132.901275635, 29.3276901245, 7.73916482925, 3.24123477936, -4.7597360611, -5.25279521942, 9.46049118042, 3.99639296532], [-122.541191101, 48.4765396118, -18.9788246155, 20.8139610291, 43.3159332275, 29.3276901245, 95.0689239502, 24.8406333923, 12.5932188034, -4.19742584229, 15.4423723221, -3.22644805908, 4.48951482773], [72.6526641846, -46.0112686157, 27.9090652466, -8.13890171051, 11.0246276855, 7.73916482925, 24.8406333923, 82.3440551758, 23.7978458405, 15.5870361328, -5.65345954895, 4.50862503052, -7.88769245148], [-122.924568176, 20.2670860291, 14.0711269379, 14.7671928406, -7.75031805038, 3.24123477936, 12.5932188034, 23.7978458405, 60.6713600159, 17.6159343719, 12.1909379959, -3.31343245506, 7.63362073898], [26.0389690399, -43.9307861328, 25.1959571838, -27.8427696228, -4.05816841125, -4.7597360611, -4.19742584229, 15.5870361328, 17.6159343719, 64.128074646, 16.0546360016, 11.6123561859, -15.5299348831], [-98.248336792, 48.2664375305, -26.0845565796, 34.5630722046, 5.52186775208, -5.25279521942, 15.4423723221, -5.65345954895, 12.1909379959, 16.0546360016, 66.0802307129, 12.0643167496, 14.5159244537], [21.8831291199, -40.7067375183, 27.1138019562, -19.4630260468, -15.1121854782, 9.46049118042, -3.22644805908, 4.50862503052, -3.31343245506, 11.6123561859, 12.0643167496, 48.2337799072, 9.7394952774], [-151.780715942, 45.1745223999, -14.2430067062, 30.6567878723, -2.17666721344, 3.99639296532, 4.48951482773, -7.88769245148, 7.63362073898, -15.5299348831, 14.5159244537, 9.7394952774, 56.004611969]],
        "icov": [[0.000412632478401, -0.000677841249853, 0.000768370402511, -0.000922444043681, 0.000408092833823, -0.000671017100103, 0.00101221865043, -0.00120909989346, 0.00118757726159, -0.00101509748492, 0.00140694004949, -0.00147761253174, 0.00162666395772], [-0.000677841249853, 0.00713927298784, -0.000953557610046, 0.00118704128545, -0.0024835744407, 0.00380909675732, -0.00425854232162, 0.00559918396175, -0.0050082616508, 0.00492019299418, -0.00542129762471, 0.00591230159625, -0.00530242454261], [0.000768370402511, -0.000953557610046, 0.00623490381986, -0.00209507346153, 0.000434832560131, -0.00355075858533, 0.00347128580324, -0.00295275147073, 0.000793626124505, -0.0031152269803, 0.00474335858598, -0.00532917957753, 0.00388550176285], [-0.000922444043681, 0.00118704128545, -0.00209507346153, 0.0134638724849, -0.00392544222996, 0.000575903337449, -0.00089618441416, 0.00249062106013, -0.00527816731483, 0.00781563390046, -0.0101761827245, 0.00811346899718, -0.00701810559258], [0.000408092833823, -0.0024835744407, 0.000434832560131, -0.00392544222996, 0.00861075147986, -0.000932702620048, -0.00176201877184, -0.00295345694758, 0.00520141981542, -0.00406492175534, 0.00361929903738, -0.00123257783707, 0.00293526006863], [-0.000671017100103, 0.00380909675732, -0.00355075858533, 0.000575903337449, -0.000932702620048, 0.0120874876156, -0.00689459173009, 0.00450441706926, -0.00300183938816, 0.00375524628907, -0.00234414217994, 0.00252678990364, -0.00420238170773], [0.00101221865043, -0.00425854232162, 0.00347128580324, -0.00089618441416, -0.00176201877184, -0.00689459173009, 0.0195282101631, -0.00919818598777, 0.00184236105997, -0.00065291847568, 0.000110661625513, -0.00423201918602, 0.00538937421516], [-0.00120909989346, 0.00559918396175, -0.00295275147073, 0.00249062106013, -0.00295345694758, 0.00450441706926, -0.00919818598777, 0.0224112067372, -0.0114105148241, 0.00264267367311, -0.00189565494657, 0.0033320595976, -0.00425004865974], [0.00118757726159, -0.0050082616508, 0.000793626124505, -0.00527816731483, 0.00520141981542, -0.00300183938816, 0.00184236105997, -0.0114105148241, 0.0293264780194, -0.0124081987888, 0.00390183413401, -2.13679486478e-05, 0.000565318274312], [-0.00101509748492, 0.00492019299418, -0.0031152269803, 0.00781563390046, -0.00406492175534, 0.00375524628907, -0.00065291847568, 0.00264267367311, -0.0124081987888, 0.03063695319, -0.0154386963695, 0.00245243241079, 0.00197018240578], [0.00140694004949, -0.00542129762471, 0.00474335858598, -0.0101761827245, 0.00361929903738, -0.00234414217994, 0.000110661625513, -0.00189565494657, 0.00390183413401, -0.0154386963695, 0.0325529612601, -0.0152530157939, 0.00439695781097], [-0.00147761253174, 0.00591230159625, -0.00532917957753, 0.00811346899718, -0.00123257783707, 0.00252678990364, -0.00423201918602, 0.0033320595976, -2.13679486478e-05, 0.00245243241079, -0.0152530157939, 0.037618547678, -0.015895454213], [0.00162666395772, -0.00530242454261, 0.00388550176285, -0.00701810559258, 0.00293526006863, -0.00420238170773, 0.00538937421516, -0.00425004865974, 0.000565318274312, 0.00197018240578, 0.00439695781097, -0.015895454213, 0.0328483358026]]
    },
    "melbands": {
        "dmean": [0.00206511560827, 0.00261551933363, 0.000997587572783, 0.000681753561366, 0.000287935312372, 0.000288628507406, 0.000325497909216, 0.000297028396744, 0.000115065500722, 0.000107707222924, 7.87966200733e-05, 4.01825163863e-05, 3.2110066968e-05, 3.48185494659e-05, 2.78803890978e-05, 2.77302369796e-05, 3.17481972161e-05, 2.96412235912e-05, 1.95351694856e-05, 2.00719132408e-05, 2.38515385718e-05, 2.64862028416e-05, 2.06826862268e-05, 1.56788191816e-05, 1.34468364195e-05, 1.5396035451e-05, 1.05882945718e-05, 7.87161661719e-06, 5.84925510339e-06, 5.7096335695e-06, 4.48191167379e-06, 3.53010909748e-06, 3.13546911457e-06, 2.4611142635e-06, 1.98735688173e-06, 1.64201901498e-06, 1.12301370336e-06, 8.75888815699e-07, 6.17270075054e-07, 4.67719559083e-07],
        "dmean2": [0.00360341789201, 0.00454869214445, 0.00168502819724, 0.00114463269711, 0.000489991856739, 0.000484294927446, 0.000553002173547, 0.000502689217683, 0.000192610532395, 0.000175922352355, 0.000128050363855, 6.62765814923e-05, 5.35860745003e-05, 5.69238436583e-05, 4.61964154965e-05, 4.50327934232e-05, 5.02928669448e-05, 4.74750668218e-05, 3.29192334902e-05, 3.27508932969e-05, 3.84952436434e-05, 4.24950485467e-05, 3.35426157108e-05, 2.58191557805e-05, 2.17991000682e-05, 2.52483787335e-05, 1.7301461412e-05, 1.28877391035e-05, 9.76114006335e-06, 9.54777078732e-06, 7.64694596e-06, 5.95945220994e-06, 5.30328134118e-06, 4.15292242906e-06, 3.42301746059e-06, 2.79692358163e-06, 1.86600027519e-06, 1.4197157725e-06, 1.00485419807e-06, 7.35923720185e-07],
        "dvar": [7.90617650637e-06, 1.19585320135e-05, 1.22491962884e-06, 7.02497629845e-07, 1.39764608775e-07, 1.90332769989e-07, 2.21831001568e-07, 2.77897640899e-07, 3.75854298795e-08, 2.64587978194e-08, 1.75614367492e-08, 4.34201430366e-09, 2.59518317947e-09, 1.1460781657e-08, 2.70577116268e-09, 2.93003998841e-09, 4.68078686922e-09, 2.41214159757e-09, 1.00037145234e-09, 8.46325898252e-10, 8.84585515948e-10, 1.57889867847e-09, 9.13876918585e-10, 4.80055106777e-10, 3.04807540319e-10, 4.62238858301e-10, 2.00942457118e-10, 9.42028746675e-11, 5.11423646488e-11, 6.27922505658e-11, 3.49545566103e-11, 2.27175379203e-11, 2.1198693842e-11, 1.22224600232e-11, 9.39883587625e-12, 6.56278763972e-12, 2.58164128096e-12, 1.90366993003e-12, 8.72338822271e-13, 4.5956511166e-13],
        "dvar2": [2.17069846258e-05, 3.34065589414e-05, 3.25131031786e-06, 1.72387194652e-06, 3.6542579096e-07, 4.84776535359e-07, 5.98663575602e-07, 7.20134664789e-07, 8.64597708983e-08, 6.23546014822e-08, 4.01602093802e-08, 1.04386348454e-08, 6.80097800299e-09, 3.19013473415e-08, 7.06438596509e-09, 6.70321487206e-09, 9.58459711597e-09, 5.13940889846e-09, 2.54561927093e-09, 2.09123696138e-09, 2.25940377518e-09, 3.72805519788e-09, 2.22740204059e-09, 1.12833864474e-09, 7.49173723058e-10, 1.16538834138e-09, 5.22262455505e-10, 2.30445731941e-10, 1.35015054692e-10, 1.61097704621e-10, 9.41470928995e-11, 6.07694172761e-11, 5.34812229225e-11, 3.08044527386e-11, 2.49847573186e-11, 1.72950750943e-11, 6.41603740623e-12, 4.3938607093e-12, 2.00189734581e-12, 1.02841433286e-12],
        "max": [0.0284819081426, 0.0357135608792, 0.0111261494458, 0.0123118087649, 0.00431974651292, 0.00836760830134, 0.00694595044479, 0.00872126314789, 0.00493956450373, 0.00210692430846, 0.00259919301607, 0.00123639521189, 0.000837856321596, 0.00332051725127, 0.000881464220583, 0.00103603093885, 0.00215287227184, 0.000843728135806, 0.000627777772024, 0.000639812729787, 0.000553547346499, 0.000752275343984, 0.000759817077778, 0.000303387467284, 0.000245437346166, 0.000303708045976, 0.000283183762804, 0.000166642697877, 8.22126894491e-05, 0.000124480415252, 8.78965292941e-05, 4.26410297223e-05, 6.91813693265e-05, 4.63198412035e-05, 3.90414716094e-05, 3.91805297113e-05, 3.31640258082e-05, 4.51065279776e-05, 2.58966738329e-05, 1.8325579731e-05],
        "mean": [0.00246738712303, 0.00372917973436, 0.00182018463966, 0.00103618204594, 0.000434367306298, 0.000476332381368, 0.000495936488733, 0.000403964077123, 0.000170411381987, 0.000169796505361, 0.000115719580208, 5.55063888896e-05, 4.92106191814e-05, 5.31179175596e-05, 3.96235918743e-05, 4.42272830696e-05, 5.68406139791e-05, 4.73765103379e-05, 3.15823526762e-05, 3.52870920324e-05, 4.58229369542e-05, 5.10064091941e-05, 3.92369984183e-05, 2.85896712739e-05, 2.75611473626e-05, 2.98804388876e-05, 2.11117803701e-05, 1.53171786224e-05, 1.0469380868e-05, 1.05736144178e-05, 7.98511337052e-06, 5.53753625354e-06, 4.79552090837e-06, 3.97258736484e-06, 2.76989771919e-06, 2.12568443203e-06, 1.6133619738e-06, 1.2205624671e-06, 8.94460754353e-07, 6.86415432938e-07],
        "median": [0.00161610310897, 0.00257480167784, 0.00150421611033, 0.000749650876969, 0.000311402283842, 0.00026015075855, 0.00026494791382, 0.000185406272067, 9.70726105152e-05, 8.27612384455e-05, 5.62011482543e-05, 3.35828044626e-05, 3.04319055431e-05, 2.61525510723e-05, 2.4429138648e-05, 2.28673907259e-05, 2.64312275249e-05, 2.70656000794e-05, 2.08921137528e-05, 2.50974517257e-05, 3.54738367605e-05, 3.97426847485e-05, 3.01039690385e-05, 2.00407521334e-05, 2.08679048228e-05, 2.18460045289e-05, 1.67275502463e-05, 1.18760708574e-05, 7.9843621279e-06, 7.4712438618e-06, 6.08324080531e-06, 3.8167609091e-06, 2.99169573736e-06, 2.43840895564e-06, 1.72463478521e-06, 1.25518397454e-06, 9.26486109165e-07, 6.76534625654e-07, 5.06440244408e-07, 3.78845442128e-07],
        "min": [8.90256352813e-24, 4.67368926338e-24, 7.45300006035e-24, 3.58425618162e-24, 3.98924277643e-24, 3.17793877846e-24, 3.25795767324e-24, 3.50863439752e-24, 3.50194288489e-24, 5.83721137249e-24, 9.53461308489e-24, 1.0346784041e-23, 4.67070105827e-24, 1.44697742396e-23, 1.23280184596e-23, 7.80791410363e-24, 4.79133879549e-24, 5.93963273369e-24, 5.79610974718e-24, 9.11148387254e-24, 6.61090839896e-24, 7.91412318047e-24, 6.63135961793e-24, 7.8871685922e-24, 1.09605067812e-23, 9.6697883453e-24, 7.10039027977e-24, 9.49975016604e-24, 1.09153926149e-23, 9.62643333881e-24, 6.72684255304e-24, 1.0435291868e-23, 1.24226312812e-23, 1.07167361397e-23, 7.75424316308e-24, 8.8111913472e-24, 8.48257871535e-24, 8.83167964263e-24, 8.23737550246e-24, 7.54027095343e-24],
        "var": [7.61914725445e-06, 1.34903211801e-05, 2.15962654693e-06, 1.06114669052e-06, 2.06629721333e-07, 5.76663524043e-07, 4.39273321717e-07, 3.65797745872e-07, 5.79132546363e-08, 5.78594914202e-08, 3.84936598152e-08, 6.4373315567e-09, 4.18246104417e-09, 1.47186796084e-08, 3.37862293698e-09, 6.76016886914e-09, 1.62800670722e-08, 5.08869169025e-09, 1.81721104831e-09, 1.75353731535e-09, 2.19165086079e-09, 2.90919532908e-09, 1.56309487576e-09, 9.83626957662e-10, 7.2294753517e-10, 8.9358664912e-10, 3.82634174345e-10, 1.86079776587e-10, 7.98710403371e-11, 1.2466246091e-10, 5.46421380365e-11, 2.8150710929e-11, 3.54894377774e-11, 2.17145659093e-11, 1.02837426075e-11, 6.5897573856e-12, 3.91367537336e-12, 3.19747158438e-12, 1.51944017264e-12, 8.28930999362e-13]
    },
    "mfcc": {
        "mean": [-591.848083496, 108.010566711, 3.028195858, 42.4619140625, 6.38985490799, 5.58541536331, -2.17291212082, 4.75001907349, 1.89870238304, 4.13318586349, 1.95025467873, 2.89226555824, 0.0218336097896],
        "cov": [[2778.01855469, 24.0540962219, -187.84413147, 36.2692337036, 20.1679782867, -63.3899040222, 9.66509151459, -4.09574174881, -41.744430542, -6.91947364807, -0.373130351305, 10.2327985764, -32.0734977722], [24.0540962219, 282.826599121, -87.5884170532, 86.7430267334, 14.6403646469, 8.68905067444, 17.445350647, -6.14569282532, 3.44442510605, -5.84531593323, 0.370577692986, 3.23583722115, 3.49606466293], [-187.84413147, -87.5884170532, 278.424499512, -76.2778701782, 0.101232096553, 25.7611293793, -32.54737854, 15.9985637665, 11.7180814743, 11.275592804, 3.09915328026, -14.0056781769, 15.285618782], [36.2692337036, 86.7430267334, -76.2778701782, 162.595535278, 43.438117981, -6.52281761169, 25.923538208, -3.94953513145, 4.61902284622, -6.36871290207, -3.79214334488, 20.2514438629, 3.77608156204], [20.1679782867, 14.6403646469, 0.101232096553, 43.438117981, 101.506278992, 25.376209259, 20.3264427185, 8.80849552155, 8.63800907135, 10.2922782898, -8.14156341553, -1.19976234436, 2.91725707054], [-63.3899040222, 8.68905067444, 25.7611293793, -6.52281761169, 25.376209259, 97.2465209961, 30.7222213745, 20.3986816406, -0.836971521378, 2.53468561172, 1.82354187965, -12.322719574, -4.71164989471], [9.66509151459, 17.445350647, -32.54737854, 25.923538208, 20.3264427185, 30.7222213745, 86.4699707031, 29.9937324524, 10.2445468903, 3.50199818611, 4.73250007629, 12.5338935852, -2.26765823364], [-4.09574174881, -6.14569282532, 15.9985637665, -3.94953513145, 8.80849552155, 20.3986816406, 29.9937324524, 72.1988754272, 26.4040489197, 12.0873861313, -1.6316999197, -4.56715393066, 3.91570615768], [-41.744430542, 3.44442510605, 11.7180814743, 4.61902284622, 8.63800907135, -0.836971521378, 10.2445468903, 26.4040489197, 58.7836990356, 25.3180179596, 2.31008625031, 1.15774869919, -0.978562474251], [-6.91947364807, -5.84531593323, 11.275592804, -6.36871290207, 10.2922782898, 2.53468561172, 3.50199818611, 12.0873861313, 25.3180179596, 54.7911682129, 18.2591953278, 4.9957280159, 0.909326016903], [-0.373130351305, 0.370577692986, 3.09915328026, -3.79214334488, -8.14156341553, 1.82354187965, 4.73250007629, -1.6316999197, 2.31008625031, 18.2591953278, 49.0350608826, 21.5450325012, 6.5609793663], [10.2327985764, 3.23583722115, -14.0056781769, 20.2514438629, -1.19976234436, -12.322719574, 12.5338935852, -4.56715393066, 1.15774869919, 4.9957280159, 21.5450325012, 54.1639823914, 17.7421073914], [-32.0734977722, 3.49606466293, 15.285618782, 3.77608156204, 2.91725707054, -4.71164989471, -2.26765823364, 3.91570615768, -0.978562474251, 0.909326016903, 6.5609793663, 17.7421073914, 46.6422805786]],
