{
"lowlevel": {
    "average_loudness": 0.966870844364,
    "barkbands_crest": {
        "dmean": 2.71535778046,
        "dmean2": 4.56350469589,
        "dvar": 5.94551563263,
        "dvar2": 16.1020469666,
        "max": 24.2512378693,
        "mean": 8.80982017517,
        "median": 7.88673210144,
        "min": 2.33505415916,
        "var": 14.3088026047
    },
    "barkbands_flatness_db": {
        "dmean": 0.0211769454181,
        "dmean2": 0.0340615063906,
        "dvar": 0.000420580938226,
        "dvar2": 0.00105063919909,
        "max": 0.357969015837,
        "mean": 0.113779261708,
        "median": 0.105660505593,
        "min": 0.0382883176208,
        "var": 0.00184664013796
    },
    "barkbands_kurtosis": {
        "dmean": 2.95906925201,
        "dmean2": 4.79675149918,
        "dvar": 48.7065010071,
        "dvar2": 124.908073425,
        "max": 157.860153198,
        "mean": 3.43439388275,
        "median": 0.946350574493,
        "min": -1.67944335938,
        "var": 88.4132461548
    },
    "barkbands_skewness": {
        "dmean": 0.551203608513,
        "dmean2": 0.88733869791,
        "dvar": 0.386869221926,
        "dvar2": 0.992374241352,
        "max": 11.2145547867,
        "mean": 1.56285023689,
        "median": 1.31117796898,
        "min": -1.94443547726,
        "var": 1.30436837673
    },
    "barkbands_spread": {
        "dmean": 6.22279071808,
        "dmean2": 10.2218561172,
        "dvar": 35.4458198547,
        "dvar2": 94.5727081299,
        "max": 66.4261322021,
        "mean": 28.0461139679,
        "median": 27.8710098267,
        "min": 1.13416266441,
        "var": 137.469909668
    },
    "dissonance": {
        "dmean": 0.0126507161185,
        "dmean2": 0.0215654969215,
        "dvar": 0.000153168177349,
        "dvar2": 0.000440849165898,
        "max": 0.49990221858,
        "mean": 0.478077858686,
        "median": 0.481868773699,
        "min": 0.379332125187,
        "var": 0.000249261822319
    },
    "dynamic_complexity": 1.19065034389,
    "erbbands_crest": {
        "dmean": 2.00335454941,
        "dmean2": 3.30219173431,
        "dvar": 3.74329257011,
        "dvar2": 9.60150146484,
        "max": 23.7940387726,
        "mean": 6.64108228683,
        "median": 5.84789800644,
        "min": 2.49688529968,
        "var": 8.12485313416
    },
    "erbbands_flatness_db": {
        "dmean": 0.0126821044832,
        "dmean2": 0.0195184405893,
        "dvar": 0.000135575988679,
        "dvar2": 0.000309458613629,
        "max": 0.231786713004,
        "mean": 0.133259356022,
        "median": 0.129333510995,
        "min": 0.0644964873791,
        "var": 0.000755230255891
    },
    "erbbands_kurtosis": {
        "dmean": 0.494903624058,
        "dmean2": 0.804061055183,
        "dvar": 0.321102917194,
        "dvar2": 0.830951571465,
        "max": 6.9363489151,
        "mean": -0.405668824911,
        "median": -0.677586555481,
        "min": -1.75256812572,
        "var": 0.902446985245
    },
    "erbbands_skewness": {
        "dmean": 0.28629809618,
        "dmean2": 0.444480597973,
        "dvar": 0.066543571651,
        "dvar2": 0.15491849184,
        "max": 2.77286624908,
        "mean": -0.0413069985807,
        "median": -0.118503071368,
        "min": -1.65075707436,
        "var": 0.408366888762
    },
    "erbbands_spread": {
        "dmean": 7.81868457794,
        "dmean2": 12.3908472061,
        "dvar": 58.0891609192,
        "dvar2": 153.248840332,
        "max": 137.174057007,
        "mean": 48.0735282898,
        "median": 48.1758651733,
        "min": 10.1815710068,
        "var": 236.759262085
    },
    "hfc": {
        "dmean": 6.99554443359,
        "dmean2": 11.726272583,
        "dvar": 87.8096389771,
        "dvar2": 238.53944397,
        "max": 102.911392212,
        "mean": 30.3466873169,
        "median": 29.1944084167,
        "min": 1.19032295998e-16,
        "var": 199.312301636
    },
    "melbands_crest": {
        "dmean": 3.67182016373,
        "dmean2": 6.11526727676,
        "dvar": 9.2396774292,
        "dvar2": 25.3050632477,
        "max": 29.1310558319,
        "mean": 13.6923856735,
        "median": 13.1154193878,
        "min": 2.18350291252,
        "var": 24.4123573303
    },
    "melbands_flatness_db": {
        "dmean": 0.0268489699811,
        "dmean2": 0.0432244800031,
        "dvar": 0.000663286366034,
        "dvar2": 0.00169333664235,
        "max": 0.453464776278,
        "mean": 0.169165611267,
        "median": 0.15777772665,
        "min": 0.00578678585589,
        "var": 0.00320469797589
    },
    "melbands_kurtosis": {
        "dmean": 8.92084693909,
        "dmean2": 14.6160392761,
        "dvar": 303.787567139,
        "dvar2": 820.668884277,
        "max": 306.610046387,
        "mean": 15.7213373184,
        "median": 8.38011932373,
        "min": -1.3024418354,
        "var": 595.938842773
    },
    "melbands_skewness": {
        "dmean": 0.83050519228,
        "dmean2": 1.35333240032,
        "dvar": 0.83542817831,
        "dvar2": 2.17090129852,
        "max": 14.3132476807,
        "mean": 3.05094599724,
        "median": 2.71061038971,
        "min": -0.436962038279,
        "var": 2.89626860619
    },
    "melbands_spread": {
        "dmean": 7.516746521,
        "dmean2": 12.2397851944,
        "dvar": 58.607925415,
        "dvar2": 159.460800171,
        "max": 164.955444336,
        "mean": 25.7869930267,
        "median": 24.5281410217,
        "min": 0.819463312626,
        "var": 196.160064697
    },
    "pitch_salience": {
        "dmean": 0.0789118781686,
        "dmean2": 0.131973162293,
        "dvar": 0.00474137300625,
        "dvar2": 0.0133784608915,
        "max": 0.841937243938,
        "mean": 0.577903211117,
        "median": 0.59053093195,
        "min": 0.143833905458,
        "var": 0.0109910359606
    },
    "silence_rate_20dB": {
        "dmean": 0,
        "dmean2": 0,
        "dvar": 0,
        "dvar2": 0,
        "max": 1,
        "mean": 1,
        "median": 1,
        "min": 1,
        "var": 0
    },
    "silence_rate_30dB": {
        "dmean": 0.0178018584847,
        "dmean2": 0.0356175005436,
        "dvar": 0.0174846891314,
        "dvar2": 0.0467360839248,
        "max": 1,
        "mean": 0.983752429485,
        "median": 1,
        "min": 0,
        "var": 0.0159829687327
    },
    "silence_rate_60dB": {
        "dmean": 0.000386996893212,
        "dmean2": 0.000774293439463,
        "dvar": 0.000386876112316,
        "dvar2": 0.000773690466303,
        "max": 1,
        "mean": 0.00232108309865,
        "median": 0,
        "min": 0,
        "var": 0.00231555383652
    },
    "spectral_centroid": {
        "dmean": 268.387298584,
        "dmean2": 430.914978027,
        "dvar": 77644.796875,
        "dvar2": 168279.6875,
        "max": 11500.796875,
        "mean": 1710.31298828,
        "median": 1711.26245117,
        "min": 208.851638794,
        "var": 382312.46875
    },
    "spectral_complexity": {
        "dmean": 4.78521680832,
        "dmean2": 7.33372068405,
        "dvar": 19.5698032379,
        "dvar2": 40.0722618103,
        "max": 57,
        "mean": 31.8433265686,
        "median": 33,
        "min": 0,
        "var": 103.097633362
    },
    "spectral_decrease": {
        "dmean": 3.92547327976e-09,
        "dmean2": 6.5020877571e-09,
        "dvar": 2.47746681509e-17,
        "dvar2": 6.60407898521e-17,
        "max": 1.16197913744e-28,
        "mean": -1.04822497349e-08,
        "median": -9.05970587439e-09,
        "min": -5.32057278235e-08,
        "var": 4.14155039024e-17
    },
    "spectral_energy": {
        "dmean": 0.0151977203786,
        "dmean2": 0.025132605806,
        "dvar": 0.000367168220691,
        "dvar2": 0.000979350064881,
        "max": 0.204863518476,
        "mean": 0.0423150137067,
        "median": 0.0369589924812,
        "min": 1.07722786054e-20,
        "var": 0.000617071113084
    },
    "spectral_energyband_high": {
        "dmean": 0.000549853197299,
        "dmean2": 0.000950156652834,
        "dvar": 9.14877489322e-07,
        "dvar2": 2.58126624431e-06,
        "max": 0.00965416617692,
        "mean": 0.00151048763655,
        "median": 0.00119476974942,
        "min": 7.43286161526e-21,
        "var": 1.39853830206e-06
    },
    "spectral_energyband_low": {
        "dmean": 0.0126922316849,
        "dmean2": 0.0212291516364,
        "dvar": 0.000334999756888,
        "dvar2": 0.000913978030439,
        "max": 0.182442754507,
        "mean": 0.0197088103741,
        "median": 0.0128924604505,
        "min": 3.10202984899e-23,
        "var": 0.000470689468784
    },
    "spectral_energyband_middle_high": {
        "dmean": 0.00182387814857,
        "dmean2": 0.00288523524068,
        "dvar": 4.20633841713e-06,
        "dvar2": 1.09354041342e-05,
        "max": 0.0349962301552,
        "mean": 0.00705788796768,
        "median": 0.00651889713481,
        "min": 1.40575164772e-21,
        "var": 1.65193632711e-05
    },
    "spectral_energyband_middle_low": {
        "dmean": 0.00595843885094,
        "dmean2": 0.00961031485349,
        "dvar": 4.84356605739e-05,
        "dvar2": 0.000120858625451,
        "max": 0.0833178386092,
        "mean": 0.0165517032146,
        "median": 0.0146320685744,
        "min": 2.51419966939e-22,
        "var": 0.000110329019662
    },
    "spectral_entropy": {
        "dmean": 0.11396253109,
        "dmean2": 0.17485691607,
        "dvar": 0.0154291493818,
        "dvar2": 0.0336958691478,
        "max": 9.80475711823,
        "mean": 7.8048491478,
        "median": 7.82198286057,
        "min": 6.41006183624,
        "var": 0.0620226264
    },
    "spectral_flux": {
        "dmean": 0.0285504665226,
        "dmean2": 0.0458295382559,
        "dvar": 0.000991052598692,
        "dvar2": 0.00221539614722,
        "max": 0.339746952057,
        "mean": 0.112842813134,
        "median": 0.103977479041,
        "min": 6.73376215898e-11,
        "var": 0.00198015570641
    },
    "spectral_kurtosis": {
        "dmean": 0.928341627121,
        "dmean2": 1.62341356277,
        "dvar": 0.946476697922,
        "dvar2": 2.62661838531,
        "max": 15.1520214081,
        "mean": 2.87503767014,
        "median": 2.65386199951,
        "min": -1.23149251938,
        "var": 1.78035593033
    },
    "spectral_rms": {
        "dmean": 0.0010789562948,
        "dmean2": 0.00174912891816,
        "dvar": 1.31537399284e-06,
        "dvar2": 3.45190414919e-06,
        "max": 0.0141374273226,
        "mean": 0.00617540115491,
        "median": 0.00600479403511,
        "min": 3.24184212461e-12,
        "var": 3.14726548822e-06
    },
    "spectral_rolloff": {
        "dmean": 578.880004883,
        "dmean2": 994.261047363,
        "dvar": 537725.5625,
        "dvar2": 1281811.125,
        "max": 19315.2832031,
        "mean": 1653.97229004,
        "median": 1528.85742188,
        "min": 86.1328125,
        "var": 1552679.375
    },
    "spectral_skewness": {
        "dmean": 0.143104016781,
        "dmean2": 0.236407801509,
        "dvar": 0.0183431766927,
        "dvar2": 0.0453405156732,
        "max": 2.63581752777,
        "mean": 1.14879047871,
        "median": 1.10789144039,
        "min": -0.0120773296803,
        "var": 0.07678694278
    },
    "spectral_spread": {
        "dmean": 395012.625,
        "dmean2": 612793.375,
        "dvar": 554145611776,
        "dvar2": 1.09069703578e+12,
        "max": 41953180,
        "mean": 4398254.5,
        "median": 4194173.5,
        "min": 2655164.5,
        "var": 2.37191351501e+12
    },
    "spectral_strongpeak": {
        "dmean": 0.437435567379,
        "dmean2": 0.763099372387,
        "dvar": 0.443793237209,
        "dvar2": 1.19831454754,
        "max": 7.07330274582,
        "mean": 0.672810792923,
        "median": 0.421962976456,
        "min": 0,
        "var": 0.552862465382
    },
    "zerocrossingrate": {
        "dmean": 0.00821121223271,
        "dmean2": 0.0105359489098,
        "dvar": 0.000102186619188,
        "dvar2": 0.000176264060428,
        "max": 0.51318359375,
        "mean": 0.0659109801054,
        "median": 0.06591796875,
        "min": 0.00634765625,
        "var": 0.000819616951048
    },
    "barkbands": {
        "dmean": [0.000332947267452, 0.00806440226734, 0.00529824849218, 0.00301513611339, 0.002200569259, 0.00133388722315, 0.00121660332661, 0.000902595522348, 0.00106756656896, 0.000626276596449, 0.000410600769101, 0.000326091278112, 0.000481385563035, 0.000290473835776, 0.000227522483328, 0.000233306884184, 0.000478979636682, 0.000269257026957, 0.000321796775097, 0.000283576897345, 0.000194604624994, 0.00014732463751, 0.000113873909868, 7.95779851614e-05, 4.36250884377e-05, 1.41991686178e-05, 5.43011481113e-07],
        "dmean2": [0.000528540229425, 0.0134000303224, 0.00917180348188, 0.00500051584095, 0.00367385614663, 0.00214515533298, 0.0019727142062, 0.00153770530596, 0.00175134418532, 0.00100982398726, 0.000660730001982, 0.000527143594809, 0.000792175298557, 0.000475201493828, 0.000379361939849, 0.000384410872357, 0.000793531711679, 0.000447782076662, 0.000529405253474, 0.000477670342661, 0.0003318102099, 0.00025984577951, 0.000204136420507, 0.000138640622026, 7.17684670235e-05, 2.32704096561e-05, 9.22118033486e-07],
        "dvar": [3.89804228007e-07, 0.000171292529558, 6.29042115179e-05, 2.49821569014e-05, 9.66064544627e-06, 3.93169921153e-06, 3.19500372825e-06, 2.9964623991e-06, 5.27344991497e-06, 1.56966200393e-06, 6.38979770429e-07, 4.17404152131e-07, 8.71660006396e-07, 1.79477609663e-07, 8.11086664498e-08, 7.28918365667e-08, 3.2978854847e-07, 1.00514732537e-07, 1.24548790836e-07, 1.24693642078e-07, 6.39674411218e-08, 7.13938987928e-08, 5.45289431386e-08, 2.00609520107e-08, 5.18229370527e-09, 6.04752137257e-10, 1.49775309342e-12],
        "dvar2": [9.01880639503e-07, 0.000454790832009, 0.000173429798451, 5.95618730586e-05, 2.59408679995e-05, 9.4925162557e-06, 7.89773730503e-06, 8.18393073132e-06, 1.43883144119e-05, 4.09578888139e-06, 1.64463813235e-06, 1.05128276573e-06, 2.36912705986e-06, 5.05720436195e-07, 2.16933671027e-07, 1.95338458298e-07, 8.99887936612e-07, 2.66569486485e-07, 3.24425542431e-07, 3.42388688068e-07, 1.77747779162e-07, 2.01281054046e-07, 1.57888564445e-07, 5.71040885688e-08, 1.32797355334e-08, 1.54498736027e-09, 3.95760117386e-12],
        "max": [0.00739552173764, 0.169901892543, 0.0780991390347, 0.0733726322651, 0.0479728393257, 0.0316797494888, 0.0281408280134, 0.0189596842974, 0.0467305667698, 0.0210825614631, 0.0109836896881, 0.0148850027472, 0.0195165127516, 0.00752942124382, 0.00362554611638, 0.00384449632838, 0.00903699826449, 0.00392248854041, 0.00519560370594, 0.00526448618621, 0.00265121343546, 0.00374101754278, 0.0029157306999, 0.0014026974095, 0.00181895121932, 0.000491994724143, 2.84441157419e-05],
        "mean": [0.000373537914129, 0.0103185558692, 0.00668927468359, 0.00454739015549, 0.00391246937215, 0.00250226352364, 0.00211566220969, 0.00130792742129, 0.00179487303831, 0.00102196796797, 0.000614413234871, 0.000563082518056, 0.000840445864014, 0.000496627646498, 0.000425145903137, 0.000485218974063, 0.00102807802614, 0.000587250804529, 0.00077880761819, 0.000683183665387, 0.000458566646557, 0.000287107599434, 0.000205776304938, 0.000162254422321, 8.97207210073e-05, 2.48857759289e-05, 5.42525185665e-07],
        "median": [4.80935887026e-05, 0.00467818183824, 0.00395816052333, 0.00250537553802, 0.00274847028777, 0.00158940814435, 0.00117456237786, 0.000587849877775, 0.000794580962975, 0.000410625158111, 0.000234683655435, 0.000269727315754, 0.000364237988833, 0.000327044690493, 0.000290776253678, 0.000384940183721, 0.000857028877363, 0.000494698178954, 0.000675249204505, 0.000556584564038, 0.000385787629057, 0.000210805126699, 0.000131695749587, 0.000100379293144, 4.8602661991e-05, 1.24618873087e-05, 1.11487949539e-07],
        "min": [8.00501415625e-24, 1.35469379314e-23, 3.95573985379e-24, 5.38655604215e-24, 5.31964060032e-23, 1.74592399483e-23, 2.19312939977e-23, 2.85013867335e-23, 3.43311855745e-23, 5.47403330125e-23, 3.05082583427e-23, 4.91326521589e-23, 3.53417353267e-23, 1.61664685808e-22, 9.36842628234e-23, 1.27198027572e-22, 8.34219965509e-23, 1.76563049755e-22, 1.60440550388e-22, 2.94587394928e-22, 4.18200308432e-22, 4.58268106287e-22, 5.40027619501e-22, 7.43738768262e-22, 9.13099555817e-22, 1.54476948747e-21, 2.40988671125e-21],
        "var": [5.38550352758e-07, 0.000231889047427, 7.54680659156e-05, 4.69405858894e-05, 1.57843769557e-05, 8.49433854455e-06, 6.77945763528e-06, 3.96355835619e-06, 1.01541863842e-05, 3.26950862473e-06, 1.02330420759e-06, 8.6100618546e-07, 1.79003347966e-06, 3.31352822514e-07, 1.76851628453e-07, 1.79151300017e-07, 6.51406196539e-07, 1.94135182596e-07, 3.26023922526e-07, 3.07801542476e-07, 1.19083125583e-07, 7.66046852618e-08, 5.33066319974e-08, 3.26681828255e-08, 1.4634130352e-08, 1.52552870336e-09, 2.24340337973e-12]
    },
    "erbbands": {
        "dmean": [0.223018750548, 1.93799090385, 5.70208883286, 7.98034763336, 8.48398113251, 7.54186058044, 8.37143135071, 11.7752685547, 15.8363924026, 20.9309387207, 18.2249698639, 25.4820537567, 18.288143158, 16.030248642, 17.009431839, 14.1314382553, 22.3207473755, 14.6814956665, 11.2669353485, 11.8636264801, 13.6302547455, 25.0516109467, 15.3137969971, 16.5186195374, 13.675983429, 14.2091579437, 8.36700344086, 7.72254896164, 5.20975065231, 3.9720659256, 3.41730809212, 2.14595580101, 1.13508439064, 0.618838250637, 0.247044399381, 0.0822146087885, 0.0229334197938, 0.0031162998639, 6.64571125526e-05, 1.83795091289e-05],
        "dmean2": [0.364468246698, 3.31019711494, 9.92059898376, 13.5073223114, 13.9557304382, 12.7462091446, 13.7337989807, 19.0548152924, 25.6959075928, 34.7500228882, 30.76039505, 41.6914253235, 28.6146507263, 26.1154823303, 27.5316162109, 22.667848587, 36.6001167297, 23.757358551, 18.9635105133, 19.721654892, 22.6681919098, 41.4971008301, 25.2154464722, 27.158575058, 22.4879055023, 24.0365600586, 14.2012071609, 13.1513195038, 9.09411144257, 7.03120994568, 6.13690042496, 3.8284265995, 1.94654619694, 1.02177071571, 0.408352047205, 0.134933173656, 0.0383432619274, 0.0051501202397, 0.000109160726424, 3.03518572764e-05],
        "dvar": [0.140453577042, 10.8198661804, 80.3866424561, 144.593887329, 165.126922607, 119.059051514, 131.397537231, 330.634490967, 571.726379395, 1321.2565918, 1321.39074707, 3208.63671875, 2040.04260254, 814.52746582, 1307.69055176, 626.554504395, 2086.55053711, 560.28112793, 196.308807373, 368.180633545, 210.396255493, 1121.53869629, 306.010559082, 343.366241455, 219.644424438, 370.884368896, 113.503715515, 114.958312988, 92.3419113159, 53.0498275757, 53.7890815735, 17.7282543182, 3.44026303291, 1.07176363468, 0.159041017294, 0.0185354240239, 0.00198795413598, 3.6512807128e-05, 1.45328735712e-08, 5.46452549877e-10],
        "dvar2": [0.33950650692, 29.7687454224, 221.931091309, 367.877288818, 412.796661377, 322.463623047, 325.510742188, 810.192993164, 1395.45983887, 3492.65966797, 3636.4831543, 8665.69140625, 5055.28369141, 2134.88085938, 3454.53198242, 1537.06225586, 5733.00292969, 1563.53320312, 538.575439453, 1059.38793945, 568.579650879, 3072.60131836, 829.491699219, 892.845031738, 577.739074707, 1006.99969482, 318.776397705, 317.876037598, 262.162994385, 150.953536987, 155.950317383, 51.0169181824, 9.54709815979, 2.76441669464, 0.411897242069, 0.0469415485859, 0.00519107840955, 9.36878350331e-05, 3.70329509281e-08, 1.44770972987e-09],
        "max": [4.4049038887, 38.7781181335, 96.9430007935, 186.161727905, 188.928909302, 180.487854004, 162.767715454, 249.082794189, 386.576141357, 401.198822021, 646.909423828, 1292.22973633, 920.929077148, 530.901184082, 608.913208008, 513.016418457, 1029.73388672, 425.786193848, 195.554672241, 409.919342041, 194.824493408, 601.707336426, 181.702850342, 233.862594604, 251.136932373, 315.702606201, 103.398727417, 110.90776825, 126.165603638, 98.1976013184, 80.60496521, 44.8809661865, 22.2193088531, 29.3160629272, 6.38049888611, 3.14311528206, 0.675298273563, 0.110178515315, 0.00252352794632, 0.000288561976049],
        "mean": [0.252971798182, 2.45348715782, 7.45695018768, 12.274887085, 14.9120931625, 12.0237178802, 13.9675474167, 21.9939365387, 29.3743228912, 32.9628372192, 29.7208042145, 43.0090370178, 32.9901313782, 27.1175861359, 26.926864624, 27.430721283, 40.7274360657, 26.9784946442, 22.5152511597, 24.0706176758, 31.9526405334, 54.8415031433, 37.0075874329, 38.9367523193, 35.7466392517, 33.8276748657, 19.2871589661, 17.6690750122, 10.5680828094, 7.58851003647, 5.75510501862, 3.88009858131, 2.37356853485, 1.24302649498, 0.492527276278, 0.156864702702, 0.0374436043203, 0.00471174670383, 0.000125320075313, 5.59554100619e-05],
        "median": [0.0737771615386, 1.1811747551, 4.33104944229, 8.13130092621, 9.7186126709, 8.3264169693, 9.1439743042, 12.9199514389, 16.2251873016, 16.733499527, 15.3005237579, 19.7690067291, 11.9880256653, 13.4567737579, 10.944899559, 14.9416074753, 18.7348194122, 16.8070659637, 16.6427993774, 17.0327529907, 27.6480903625, 46.2458724976, 31.7715053558, 33.1944351196, 31.8184280396, 26.9971351624, 16.0032444, 14.8525514603, 7.92814683914, 5.2726726532, 3.65016078949, 2.44425153732, 1.37035477161, 0.664672613144, 0.262219846249, 0.0842587277293, 0.0183536987752, 0.00208061281592, 7.07020080881e-05, 4.94413143315e-05],
        "min": [4.30896930039e-22, 2.96527528273e-21, 5.86858875992e-21, 3.28484794978e-20, 1.47672845371e-19, 9.40522515672e-20, 2.1171871309e-19, 1.37936839088e-19, 4.02139877701e-19, 2.95757678386e-19, 6.29211269756e-19, 7.82866737681e-19, 8.63559860797e-19, 1.37896012555e-18, 1.544271137e-18, 2.68721264555e-18, 2.70048599925e-18, 5.72641132126e-18, 5.42992249276e-18, 6.41957750764e-18, 5.20714166069e-18, 5.79903860622e-18, 7.78542723407e-18, 9.84718070112e-18, 1.09320884587e-17, 1.39578142234e-17, 1.74464683091e-17, 1.55570703304e-17, 1.68929570935e-17, 1.48104306397e-17, 1.44603280998e-17, 1.51797750551e-17, 1.20008463419e-17, 8.99957203616e-18, 7.46884453413e-18, 4.76298248129e-18, 2.81697391581e-18, 1.28651276593e-18, 2.91859770695e-19, 3.5724870831e-20],
        "var": [0.177996113896, 13.6800260544, 96.1601867676, 235.176956177, 295.949493408, 161.005584717, 236.221343994, 737.063598633, 1390.31896973, 1970.0826416, 1963.11608887, 6194.07666016, 4562.40966797, 1636.52392578, 2063.58374023, 1540.87390137, 4072.24487305, 1110.39038086, 390.220275879, 708.136291504, 491.09979248, 1994.9699707, 685.74798584, 793.881530762, 628.248168945, 882.126525879, 224.104492188, 188.225204468, 101.186645508, 58.813659668, 48.6008644104, 20.3153343201, 7.41371631622, 2.77431082726, 0.440849632025, 0.0545056648552, 0.00346028828062, 6.92855028319e-05, 3.14749755148e-08, 9.69455848931e-10]
    },
    "gfcc": {
        "mean": [50.3286819458, 86.578163147, -122.665512085, 53.0892410278, -60.2051200867, 12.8772392273, -36.9844398499, 13.6770429611, -24.0010585785, 3.506295681, -14.9189310074, -1.07920837402, -13.6705102921],
        "cov": [[3926.5703125, -154.95489502, -102.501525879, 197.069351196, -191.586975098, 119.613342285, -135.017303467, 102.54712677, -156.050979614, 48.1025085449, -74.3458633423, 47.841999054, -90.6639022827], [-154.95489502, 549.793762207, 46.2122039795, 109.738059998, 126.672241211, -69.1502227783, 108.116897583, -71.9385757446, 50.7750587463, -77.760017395, 28.2845458984, -47.8680839539, 52.9228172302], [-102.501525879, 46.2122039795, 451.728027344, 209.492111206, 129.457839966, 54.5513114929, 2.04034519196, -20.011516571, -34.0413284302, -29.8448467255, -26.1991939545, -8.37583637238, 0.915289342403], [197.069351196, 109.738059998, 209.492111206, 376.315002441, 184.010009766, -29.7962589264, -3.20852375031, -78.8016967773, -33.2288780212, -42.3298339844, -27.0428390503, -21.8460388184, -1.09439218044], [-191.586975098, 126.672241211, 129.457839966, 184.010009766, 221.680755615, 11.0574388504, 52.3690757751, -44.8842391968, -7.79405927658, -19.4405899048, -8.14690685272, -18.7797260284, 6.98457813263], [119.613342285, -69.1502227783, 54.5513114929, -29.7962589264, 11.0574388504, 142.229370117, 37.1490821838, 36.7127227783, 5.03593730927, 12.3874502182, 9.58927154541, -0.150633364916, -6.73302745819], [-135.017303467, 108.116897583, 2.04034519196, -3.20852375031, 52.3690757751, 37.1490821838, 123.173568726, 23.4822120667, 22.7994995117, -11.0811834335, 16.1158561707, -2.75333547592, 9.63827610016], [102.54712677, -71.9385757446, -20.011516571, -78.8016967773, -44.8842391968, 36.7127227783, 23.4822120667, 96.8502960205, 36.0215377808, 34.6418190002, 3.94846367836, 14.3687534332, -1.97121012211], [-156.050979614, 50.7750587463, -34.0413284302, -33.2288780212, -7.79405927658, 5.03593730927, 22.7994995117, 36.0215377808, 107.700752258, 39.5072021484, 31.8407058716, -1.83583068848, 12.6244411469], [48.1025085449, -77.760017395, -29.8448467255, -42.3298339844, -19.4405899048, 12.3874502182, -11.0811834335, 34.6418190002, 39.5072021484, 82.1906814575, 33.7582244873, 18.6157875061, -7.30362033844], [-74.3458633423, 28.2845458984, -26.1991939545, -27.0428390503, -8.14690685272, 9.58927154541, 16.1158561707, 3.94846367836, 31.8407058716, 33.7582244873, 67.0557937622, 20.1992263794, 10.0760583878], [47.841999054, -47.8680839539, -8.37583637238, -21.8460388184, -18.7797260284, -0.150633364916, -2.75333547592, 14.3687534332, -1.83583068848, 18.6157875061, 20.1992263794, 58.6351280212, 19.444984436], [-90.6639022827, 52.9228172302, 0.915289342403, -1.09439218044, 6.98457813263, -6.73302745819, 9.63827610016, -1.97121012211, 12.6244411469, -7.30362033844, 10.0760583878, 19.444984436, 49.9855461121]],
        "icov": [[0.000757759611588, -0.00155909976456, 0.000978645286523, -0.0018621009076, 0.00164372567087, -0.00212334585376, 0.00149025977589, -0.00192294071894, 0.00211067637429, -0.00194224109873, 0.00166400545277, -0.00181808357593, 0.00164253357798], [-0.00155909976456, 0.00850687082857, -0.0026883543469, 0.00402029184625, -0.00438012834638, 0.00758264074102, -0.00685256579891, 0.00601583719254, -0.00699575338513, 0.00826797541231, -0.00729814358056, 0.00822932459414, -0.00726064527407], [0.000978645286523, -0.0026883543469, 0.00489176763222, -0.00420929957181, 0.00135851674713, -0.00489668780938, 0.00340861734003, -0.0038765987847, 0.00352227943949, -0.00227694562636, 0.00281064235605, -0.00320776784793, 0.00223912997171], [-0.0018621009076, 0.00402029184625, -0.00420929957181, 0.0108400220051, -0.0081935049966, 0.00680883228779, -0.00262507167645, 0.00668164854869, -0.00582655891776, 0.00598568702117, -0.00379505823366, 0.00407880032435, -0.00296343606897], [0.00164372567087, -0.00438012834638, 0.00135851674713, -0.0081935049966, 0.0142966052517, -0.00604642508551, -0.00154999666847, -0.000650944653898, 0.00518200267106, -0.00869874190539, 0.00644490867853, -0.00315992813557, 0.00222600158304], [-0.00212334585376, 0.00758264074102, -0.00489668780938, 0.00680883228779, -0.00604642508551, 0.0174906458706, -0.00851292815059, 0.00352606922388, -0.00599609967321, 0.00739853270352, -0.00884628016502, 0.00903773587197, -0.00579656241462], [0.00149025977589, -0.00685256579891, 0.00340861734003, -0.00262507167645, -0.00154999666847, -0.00851292815059, 0.0195098631084, -0.0110452426597, 0.00439632730559, 0.000371842965251, 0.000543108268175, -0.00636059744284, 0.00601964863017], [-0.00192294071894, 0.00601583719254, -0.0038765987847, 0.00668164854869, -0.000650944653898, 0.00352606922388, -0.0110452426597, 0.0268039796501, -0.0116896219552, -0.001059491653, 0.00331679475494, 0.00138166581746, -0.00429573375732], [0.00211067637429, -0.00699575338513, 0.00352227943949, -0.00582655891776, 0.00518200267106, -0.00599609967321, 0.00439632730559, -0.0116896219552, 0.0232553519309, -0.0136556215584, 0.00118799542543, 0.000272460107226, -1.14958947961e-05], [-0.00194224109873, 0.00826797541231, -0.00227694562636, 0.00598568702117, -0.00869874190539, 0.00739853270352, 0.000371842965251, -0.001059491653, -0.0136556215584, 0.0341962054372, -0.0178346149623, 0.00222042505629, 0.00117144593969], [0.00166400545277, -0.00729814358056, 0.00281064235605, -0.00379505823366, 0.00644490867853, -0.00884628016502, 0.000543108268175, 0.00331679475494, 0.00118799542543, -0.0178346149623, 0.0331692881882, -0.0142982136458, 0.0045145410113], [-0.00181808357593, 0.00822932459414, -0.00320776784793, 0.00407880032435, -0.00315992813557, 0.00903773587197, -0.00636059744284, 0.00138166581746, 0.000272460107226, 0.00222042505629, -0.0142982136458, 0.0354068689048, -0.0195584911853], [0.00164253357798, -0.00726064527407, 0.00223912997171, -0.00296343606897, 0.00222600158304, -0.00579656241462, 0.00601964863017, -0.00429573375732, -1.14958947961e-05, 0.00117144593969, 0.0045145410113, -0.0195584911853, 0.0350169911981]]
    },
    "melbands": {
        "dmean": [0.00207546935417, 0.00277024367824, 0.00131910620257, 0.000545538263395, 0.000290237978334, 0.000261486740783, 0.000241874149651, 0.000223904149607, 0.000158695838763, 0.000155583882588, 9.17712895898e-05, 6.9425732363e-05, 5.54290309083e-05, 3.76975403924e-05, 5.56614431844e-05, 3.743016714e-05, 2.92923650704e-05, 1.95789561985e-05, 1.57060185302e-05, 1.79222079169e-05, 1.82483054232e-05, 2.90088410111e-05, 2.37758049479e-05, 1.20229278764e-05, 1.52303464347e-05, 1.31650558615e-05, 1.05052349682e-05, 9.83168138191e-06, 5.84551344218e-06, 5.0122976063e-06, 4.95470612805e-06, 3.36391917699e-06, 2.66726715381e-06, 2.13571547647e-06, 2.12435520552e-06, 1.81902737495e-06, 1.20774666357e-06, 9.15890950637e-07, 6.67683195843e-07, 5.25039467902e-07],
        "dmean2": [0.00340848253109, 0.00482484977692, 0.00220175553113, 0.000907789100893, 0.000476912391605, 0.000420868105721, 0.000390643079299, 0.00037234716001, 0.000267145660473, 0.000253584468737, 0.000144585748785, 0.000113229994895, 8.98967846297e-05, 6.17725163465e-05, 9.09115333343e-05, 6.10456409049e-05, 4.78557121824e-05, 3.32072522724e-05, 2.63222300418e-05, 2.94257060887e-05, 3.05311987177e-05, 4.82823925267e-05, 3.92688416468e-05, 1.99078385776e-05, 2.52147383435e-05, 2.16761109186e-05, 1.76237917913e-05, 1.66708068718e-05, 1.00800652945e-05, 8.52589619171e-06, 8.44712758408e-06, 5.84247391089e-06, 4.77374578622e-06, 3.75508284378e-06, 3.81303289032e-06, 3.26835515807e-06, 2.13414773498e-06, 1.56901842274e-06, 1.13532985324e-06, 8.77124421095e-07],
        "dvar": [1.11664967335e-05, 1.93992091226e-05, 3.92023503082e-06, 6.13803308624e-07, 1.4304707463e-07, 1.54015879161e-07, 1.27777525449e-07, 1.57448113214e-07, 1.04075141394e-07, 1.28386105303e-07, 5.10498132655e-08, 1.602452393e-08, 1.2420390938e-08, 5.66237101651e-09, 9.58152845953e-09, 5.0941921792e-09, 2.25771756845e-09, 6.37535912951e-10, 4.59064369851e-10, 6.0781951694e-10, 4.02224642482e-10, 1.8136437907e-09, 7.76410602477e-10, 2.1046590859e-10, 3.04798325468e-10, 2.46651338243e-10, 1.57657706334e-10, 1.57422144764e-10, 5.8057298552e-11, 4.57529500397e-11, 4.61542540298e-11, 3.37956815311e-11, 2.77537003796e-11, 1.35869371309e-11, 1.93300739998e-11, 1.66725071249e-11, 4.42616472987e-12, 2.17386351975e-12, 1.06370999248e-12, 8.76709349649e-13],
        "dvar2": [2.86604517896e-05, 5.37751584488e-05, 9.67099458649e-06, 1.62092669598e-06, 3.63961419225e-07, 3.75536274078e-07, 3.13157073606e-07, 4.21619745339e-07, 2.87522965436e-07, 3.48014083329e-07, 1.2722620113e-07, 4.26527506647e-08, 3.26773204051e-08, 1.50477355021e-08, 2.5147603111e-08, 1.34996209766e-08, 6.38667252417e-09, 1.80648018766e-09, 1.26830457248e-09, 1.68678448986e-09, 1.11526721192e-09, 4.90743268244e-09, 2.13455897402e-09, 5.57077717289e-10, 7.93268561949e-10, 6.32001451173e-10, 4.23776763681e-10, 4.23472562572e-10, 1.62742444521e-10, 1.28318203285e-10, 1.2684293893e-10, 9.52615902827e-11, 7.8949929927e-11, 3.87906338994e-11, 5.61529781007e-11, 4.85952632301e-11, 1.2539038384e-11, 6.09609975347e-12, 2.823405355e-12, 2.2121672983e-12],
        "max": [0.0440968647599, 0.0466909520328, 0.030885733664, 0.0123866740614, 0.00473846867681, 0.00570100406185, 0.00603807810694, 0.00418172730133, 0.00705306511372, 0.00890744756907, 0.00459188781679, 0.00236386246979, 0.00163642666303, 0.00133884034585, 0.00154997326899, 0.00156128418166, 0.000824099115562, 0.000371974019799, 0.000316386140184, 0.000451375643024, 0.000245469447691, 0.000824653485324, 0.000327907910105, 0.000170431245351, 0.000216669141082, 0.000340552011039, 0.000167403632076, 0.00018701145018, 8.3506500232e-05, 8.08153054095e-05, 7.52223422751e-05, 7.01974422554e-05, 8.67205453687e-05, 4.11666478612e-05, 4.87540419272e-05, 5.85222915106e-05, 2.39180772041e-05, 1.622635682e-05, 1.58374587045e-05, 2.92816366709e-05],
        "mean": [0.00255773495883, 0.00381098687649, 0.00228793988936, 0.000961794750765, 0.000497789995279, 0.000493734900374, 0.000451570842415, 0.000342314306181, 0.000258377374848, 0.000259376305621, 0.000159576185979, 0.000110394292278, 8.45274698804e-05, 6.43694220344e-05, 0.000100184741314, 6.73739050399e-05, 4.93072038807e-05, 3.58418146789e-05, 2.92386666843e-05, 3.5059187212e-05, 3.76633288397e-05, 5.83286600886e-05, 4.81257375213e-05, 2.51527908404e-05, 3.22400701407e-05, 2.8956677852e-05, 2.46569106821e-05, 2.12167997233e-05, 1.20390232041e-05, 1.02638741737e-05, 1.04356358861e-05, 6.39209656583e-06, 4.44248462372e-06, 4.02919886255e-06, 3.41667168868e-06, 2.78907259599e-06, 2.1849721179e-06, 1.77356673703e-06, 1.29282909711e-06, 9.77361423793e-07],
        "median": [0.00101694616023, 0.00225059618242, 0.00161986961029, 0.0006954682176, 0.000344607746229, 0.000296170997899, 0.000254100828897, 0.000176179150003, 0.000124962156406, 0.000112926325528, 5.39024222235e-05, 4.93102343171e-05, 3.37028068316e-05, 3.08841663355e-05, 4.78219735669e-05, 3.18261663779e-05, 2.92654094665e-05, 2.57160136243e-05, 1.98524830921e-05, 2.46704585152e-05, 3.14764220093e-05, 4.67405116069e-05, 3.83065525966e-05, 2.09436657315e-05, 2.68302483164e-05, 2.39094224526e-05, 2.07618722925e-05, 1.62714277394e-05, 9.50580852077e-06, 8.26083487482e-06, 8.60051113705e-06, 4.72148349218e-06, 2.92790309686e-06, 2.77614549304e-06, 2.13347880162e-06, 1.65105097949e-06, 1.35158416015e-06, 1.01188118151e-06, 7.24129790797e-07, 5.12991448431e-07],
        "min": [4.69744896498e-24, 3.35871493236e-24, 8.50614356831e-24, 8.02412825598e-24, 1.06851406827e-23, 3.18739031818e-24, 5.98824155381e-24, 3.51709926947e-24, 5.49781303992e-24, 4.97955824646e-24, 4.15960912183e-24, 6.00884738952e-24, 4.41759188138e-24, 6.69442825844e-24, 5.62173559395e-24, 4.42831171223e-24, 1.25848644706e-23, 8.66930288048e-24, 7.98737917071e-24, 9.44415992691e-24, 3.83862674709e-24, 6.21741471868e-24, 6.0907287849e-24, 8.07613233343e-24, 7.33542823103e-24, 6.99921492437e-24, 9.65439609132e-24, 8.37656448716e-24, 1.11031951529e-23, 9.7746098158e-24, 8.97819477855e-24, 1.02012139604e-23, 7.67170070227e-24, 7.78826515621e-24, 8.32626513812e-24, 8.27118292542e-24, 9.72372513197e-24, 8.82967672479e-24, 7.84042542812e-24, 7.24285698153e-24],
        "var": [1.4691360775e-05, 2.39067521761e-05, 7.1038743954e-06, 9.57498855314e-07, 2.55699291074e-07, 3.50829822082e-07, 3.10227363798e-07, 2.19470493334e-07, 1.59953884804e-07, 2.49419713327e-07, 1.13226789722e-07, 3.04153005004e-08, 1.95467890762e-08, 1.04331698836e-08, 2.20264482209e-08, 1.01985913048e-08, 4.26948876253e-09, 1.09787401392e-09, 9.47501410664e-10, 1.39681433087e-09, 8.13825118406e-10, 2.89120527519e-09, 1.59227842023e-09, 3.79008130436e-10, 6.29358176685e-10, 5.86192261398e-10, 3.74015929339e-10, 3.72276709459e-10, 9.85098322359e-11, 7.29121624188e-11, 7.25029133952e-11, 3.88952862973e-11, 2.55209724881e-11, 1.6562183916e-11, 1.7414665196e-11, 1.40031397936e-11, 6.2221091994e-12, 4.25361482148e-12, 2.65290198663e-12, 2.02948942374e-12]
    },
    "mfcc": {
        "mean": [-583.760681152, 104.443992615, -0.895358324051, 37.3984870911, 3.61337089539, 3.60219573975, 0.657223641872, 4.83119535446, -0.821819663048, 2.06449818611, 1.30784797668, 4.5164141655, -0.995846390724],
        "cov": [[2052.98364258, -237.415374756, 88.846534729, -10.4989709854, -12.9229373932, -31.1274185181, 38.0136451721, 5.36437892914, -11.7816181183, -25.0019207001, 5.50852632523, 33.0889320374, -7.39049291611], [-237.415374756, 459.202209473, -23.9978313446, 85.9097290039, -11.4598283768, 30.6206302643, 27.573589325, 38.5365028381, 25.7930927277, 11.7837591171, 2.29757905006, -18.9279594421, 0.95488011837], [88.846534729, -23.9978313446, 319.250396729, 85.8712539673, 99.3982696533, 55.2550201416, 36.9746017456, 23.3162727356, 7.00977706909, -7.97995567322, -17.4031276703, -5.82943582535, -9.72265815735], [-10.4989709854, 85.9097290039, 85.8712539673, 433.432128906, 163.241317749, 105.878120422, 35.1561088562, -8.13738918304, 5.24874925613, -52.9567184448, -25.6136856079, -28.0343132019, -31.2115325928], [-12.9229373932, -11.4598283768, 99.3982696533, 163.241317749, 171.41998291, 87.3474655151, 27.0260639191, -6.28160667419, 5.59738922119, -1.65180802345, -11.2996940613, -9.01057720184, -14.3211622238], [-31.1274185181, 30.6206302643, 55.2550201416, 105.878120422, 87.3474655151, 127.386016846, 59.1268196106, 20.3656673431, 5.26039934158, -0.874283254147, 0.792177855968, -2.96372461319, -11.7002210617], [38.0136451721, 27.573589325, 36.9746017456, 35.1561088562, 27.0260639191, 59.1268196106, 111.479377747, 40.6254234314, 12.0999126434, -8.63553333282, -3.1448943615, 5.1884188652, -11.5518913269], [5.36437892914, 38.5365028381, 23.3162727356, -8.13738918304, -6.28160667419, 20.3656673431, 40.6254234314, 74.4029693604, 30.8511734009, 8.74545478821, 0.371371656656, -4.41253852844, 0.0152038158849], [-11.7816181183, 25.7930927277, 7.00977706909, 5.24874925613, 5.59738922119, 5.26039934158, 12.0999126434, 30.8511734009, 58.9854202271, 27.5839080811, 6.54169416428, -3.82967329025, 4.82430887222], [-25.0019207001, 11.7837591171, -7.97995567322, -52.9567184448, -1.65180802345, -0.874283254147, -8.63553333282, 8.74545478821, 27.5839080811, 74.7563705444, 33.4096450806, 19.9518623352, 13.9735364914], [5.50852632523, 2.29757905006, -17.4031276703, -25.6136856079, -11.2996940613, 0.792177855968, -3.1448943615, 0.371371656656, 6.54169416428, 33.4096450806, 57.1380081177, 32.0654640198, 12.464600563], [33.0889320374, -18.9279594421, -5.82943582535, -28.0343132019, -9.01057720184, -2.96372461319, 5.1884188652, -4.41253852844, -3.82967329025, 19.9518623352, 32.0654640198, 65.1885223389, 26.0352687836], [-7.39049291611, 0.95488011837, -9.72265815735, -31.2115325928, -14.3211622238, -11.7002210617, -11.5518913269, 0.0152038158849, 4.82430887222, 13.9735364914, 12.464600563, 26.0352687836, 55.8310623169]],
