{
"lowlevel": {
    "average_loudness": 0.959356486797,
    "barkbands_crest": {
        "dmean": 2.33393549919,
        "dmean2": 3.80253410339,
        "dvar": 6.25262594223,
        "dvar2": 16.1407737732,
        "max": 25.4030780792,
        "mean": 7.75785160065,
        "median": 6.59283971786,
        "min": 2.40570545197,
        "var": 15.487238884
    },
    "barkbands_flatness_db": {
        "dmean": 0.0151286395267,
        "dmean2": 0.0235875360668,
        "dvar": 0.000258652959019,
        "dvar2": 0.000607960275374,
        "max": 0.387870520353,
        "mean": 0.0928773283958,
        "median": 0.0858309566975,
        "min": 0.0268172491342,
        "var": 0.00153660809156
    },
    "barkbands_kurtosis": {
        "dmean": 1.22811675072,
        "dmean2": 2.00557732582,
        "dvar": 83.2100143433,
        "dvar2": 160.551925659,
        "max": 426.712158203,
        "mean": 2.57313680649,
        "median": -0.836208581924,
        "min": -1.91883599758,
        "var": 1105.96984863
    },
    "barkbands_skewness": {
        "dmean": 0.375857412815,
        "dmean2": 0.59627187252,
        "dvar": 0.268477261066,
        "dvar2": 0.590422749519,
        "max": 19.2353096008,
        "mean": 0.625610232353,
        "median": 0.456749349833,
        "min": -2.23578238487,
        "var": 2.95546221733
    },
    "barkbands_spread": {
        "dmean": 6.06453227997,
        "dmean2": 9.56360149384,
        "dvar": 35.6309967041,
        "dvar2": 91.6525344849,
        "max": 97.7456130981,
        "mean": 38.3147392273,
        "median": 37.092502594,
        "min": 1.09332513809,
        "var": 180.787002563
    },
    "dissonance": {
        "dmean": 0.010398009792,
        "dmean2": 0.0173574667424,
        "dvar": 0.000103857521026,
        "dvar2": 0.000277092622127,
        "max": 0.500000059605,
        "mean": 0.480572134256,
        "median": 0.48465436697,
        "min": 0.403574556112,
        "var": 0.000249573553447
    },
    "dynamic_complexity": 1.84181272984,
    "erbbands_crest": {
        "dmean": 2.00092434883,
        "dmean2": 3.09416794777,
        "dvar": 3.55220723152,
        "dvar2": 7.99797487259,
        "max": 27.0955219269,
        "mean": 7.99862957001,
        "median": 7.17742109299,
        "min": 2.48826336861,
        "var": 12.5094442368
    },
    "erbbands_flatness_db": {
        "dmean": 0.0135751478374,
        "dmean2": 0.0195835586637,
        "dvar": 0.000178948859684,
        "dvar2": 0.000354610703653,
        "max": 0.276003360748,
        "mean": 0.149282738566,
        "median": 0.148428827524,
        "min": 0.0532474033535,
        "var": 0.000902103318367
    },
    "erbbands_kurtosis": {
        "dmean": 0.679573476315,
        "dmean2": 1.0853972435,
        "dvar": 1.23549950123,
        "dvar2": 2.77968621254,
        "max": 22.3119087219,
        "mean": 0.149994686246,
        "median": -0.446843862534,
        "min": -1.62842476368,
        "var": 3.75253176689
    },
    "erbbands_skewness": {
        "dmean": 0.307171285152,
        "dmean2": 0.470294892788,
        "dvar": 0.0845813080668,
        "dvar2": 0.199934512377,
        "max": 1.8872013092,
        "mean": -0.364132612944,
        "median": -0.317437678576,
        "min": -3.55421090126,
        "var": 0.515435636044
    },
    "erbbands_spread": {
        "dmean": 5.99838829041,
        "dmean2": 9.2234172821,
        "dvar": 41.7923431396,
        "dvar2": 91.9976959229,
        "max": 120.648345947,
        "mean": 38.4213600159,
        "median": 36.9273147583,
        "min": 8.62080955505,
        "var": 173.318466187
    },
    "hfc": {
        "dmean": 7.58651590347,
        "dmean2": 12.0097236633,
        "dvar": 158.349197388,
        "dvar2": 385.198944092,
        "max": 243.801544189,
        "mean": 31.3959960938,
        "median": 27.0300312042,
        "min": 3.25325854647e-05,
        "var": 357.445129395
    },
    "melbands_crest": {
        "dmean": 2.98029327393,
        "dmean2": 4.8047504425,
        "dvar": 7.91431331635,
        "dvar2": 19.4691104889,
        "max": 35.2889862061,
        "mean": 11.3849086761,
        "median": 10.2614021301,
        "min": 3.5247797966,
        "var": 24.7364006042
    },
    "melbands_flatness_db": {
        "dmean": 0.0213752929121,
        "dmean2": 0.0336401313543,
        "dvar": 0.000566358794458,
        "dvar2": 0.00142147601582,
        "max": 0.527521669865,
        "mean": 0.128101840615,
        "median": 0.118186205626,
        "min": 0.0339042581618,
        "var": 0.00315919355489
    },
    "melbands_kurtosis": {
        "dmean": 4.31549596786,
        "dmean2": 6.7813129425,
        "dvar": 959.283691406,
        "dvar2": 1283.58520508,
        "max": 1504.50671387,
        "mean": 14.3165693283,
        "median": 2.0727763176,
        "min": -1.82999789715,
        "var": 13620.1796875
    },
    "melbands_skewness": {
        "dmean": 0.536942124367,
        "dmean2": 0.834790587425,
        "dvar": 0.566672861576,
        "dvar2": 1.21508681774,
        "max": 26.5557727814,
        "mean": 1.85938632488,
        "median": 1.47423255444,
        "min": -0.578578770161,
        "var": 4.98556804657
    },
    "melbands_spread": {
        "dmean": 11.0645751953,
        "dmean2": 17.6790771484,
        "dvar": 177.247467041,
        "dvar2": 444.285766602,
        "max": 206.946350098,
        "mean": 50.1687583923,
        "median": 46.6510009766,
        "min": 0.232411012053,
        "var": 560.791992188
    },
    "pitch_salience": {
        "dmean": 0.0665485486388,
        "dmean2": 0.107214510441,
        "dvar": 0.00453019561246,
        "dvar2": 0.0119787249714,
        "max": 0.838208973408,
        "mean": 0.559132039547,
        "median": 0.573933243752,
        "min": 0.092210419476,
        "var": 0.0128300720826
    },
    "silence_rate_20dB": {
        "dmean": 0,
        "dmean2": 0,
        "dvar": 0,
        "dvar2": 0,
        "max": 1,
        "mean": 1,
        "median": 1,
        "min": 1,
        "var": 0
    },
    "silence_rate_30dB": {
        "dmean": 0,
        "dmean2": 0,
        "dvar": 0,
        "dvar2": 0,
        "max": 1,
        "mean": 1,
        "median": 1,
        "min": 1,
        "var": 0
    },
    "silence_rate_60dB": {
        "dmean": 0.000386996893212,
        "dmean2": 0.000774293439463,
        "dvar": 0.000386875908589,
        "dvar2": 0.000773690524511,
        "max": 1,
        "mean": 0.00967117957771,
        "median": 0,
        "min": 0,
        "var": 0.00957757700235
    },
    "spectral_centroid": {
        "dmean": 230.975067139,
        "dmean2": 364.991363525,
        "dvar": 91597.21875,
        "dvar2": 165842.734375,
        "max": 10890.5458984,
        "mean": 2325.08422852,
        "median": 2355.59008789,
        "min": 292.609130859,
        "var": 313413.375
    },
    "spectral_complexity": {
        "dmean": 4.51935005188,
        "dmean2": 6.87804889679,
        "dvar": 20.1614646912,
        "dvar2": 41.4381065369,
        "max": 59,
        "mean": 27.3999996185,
        "median": 27,
        "min": 0,
        "var": 98.5018005371
    },
    "spectral_decrease": {
        "dmean": 1.600023114e-09,
        "dmean2": 2.56479926186e-09,
        "dvar": 5.55881294862e-18,
        "dvar2": 1.40339082223e-17,
        "max": -8.64786554541e-14,
        "mean": -5.03982056088e-09,
        "median": -4.27795399105e-09,
        "min": -2.15066275899e-08,
        "var": 8.96943701927e-18
    },
    "spectral_energy": {
        "dmean": 0.00647346302867,
        "dmean2": 0.0103383874521,
        "dvar": 8.78412320162e-05,
        "dvar2": 0.000219731315156,
        "max": 0.0857637152076,
        "mean": 0.0218691769987,
        "median": 0.0188963357359,
        "min": 3.29341560246e-07,
        "var": 0.000148877254105
    },
    "spectral_energyband_high": {
        "dmean": 0.000587281538174,
        "dmean2": 0.000946556741837,
        "dvar": 1.86264514923e-06,
        "dvar2": 4.20978949478e-06,
        "max": 0.0337185710669,
        "mean": 0.00191279919818,
        "median": 0.00133405439556,
        "min": 9.59838764025e-10,
        "var": 4.21179947807e-06
    },
    "spectral_energyband_low": {
        "dmean": 0.00393389258534,
        "dmean2": 0.00660300021991,
        "dvar": 5.94488046772e-05,
        "dvar2": 0.000154908542754,
        "max": 0.0633516609669,
        "mean": 0.00558326672763,
        "median": 0.00260642264038,
        "min": 3.04674358631e-07,
        "var": 6.23265659669e-05
    },
    "spectral_energyband_middle_high": {
        "dmean": 0.00205659959465,
        "dmean2": 0.00318717281334,
        "dvar": 7.63052958064e-06,
        "dvar2": 1.80072711373e-05,
        "max": 0.037406142801,
        "mean": 0.007372060325,
        "median": 0.00633957004175,
        "min": 2.26880389476e-10,
        "var": 2.11448677874e-05
    },
    "spectral_energyband_middle_low": {
        "dmean": 0.00262757856399,
        "dmean2": 0.0041442210786,
        "dvar": 1.29881364046e-05,
        "dvar2": 3.20742401527e-05,
        "max": 0.0489472001791,
        "mean": 0.00761331804097,
        "median": 0.00611618766561,
        "min": 4.58612525733e-09,
        "var": 3.47203749698e-05
    },
    "spectral_entropy": {
        "dmean": 0.102110780776,
        "dmean2": 0.148622468114,
        "dvar": 0.0125216860324,
        "dvar2": 0.0238383505493,
        "max": 9.80775547028,
        "mean": 7.85141801834,
        "median": 7.89857196808,
        "min": 6.59690570831,
        "var": 0.0797806605697
    },
    "spectral_flux": {
        "dmean": 0.0190406031907,
        "dmean2": 0.0296644233167,
        "dvar": 0.000499691639561,
        "dvar2": 0.00105451908894,
        "max": 0.238854423165,
        "mean": 0.0788839682937,
        "median": 0.0718213915825,
        "min": 4.17635746999e-05,
        "var": 0.00124174542725
    },
    "spectral_kurtosis": {
        "dmean": 0.93327742815,
        "dmean2": 1.60171103477,
        "dvar": 1.12947642803,
        "dvar2": 3.41054534912,
        "max": 18.5386695862,
        "mean": 2.86533594131,
        "median": 2.46601867676,
        "min": -1.20515263081,
        "var": 2.71787238121
    },
    "spectral_rms": {
        "dmean": 0.0006199364434,
        "dmean2": 0.00097058567917,
        "dvar": 5.93670904436e-07,
        "dvar2": 1.42503847655e-06,
        "max": 0.00914723519236,
        "mean": 0.00445123575628,
        "median": 0.00429365225136,
        "min": 1.79250891961e-05,
        "var": 1.52225993588e-06
    },
    "spectral_rolloff": {
        "dmean": 571.365356445,
        "dmean2": 941.033691406,
        "dvar": 468533.40625,
        "dvar2": 1048436.9375,
        "max": 9797.60742188,
        "mean": 3111.63745117,
        "median": 3100.78125,
        "min": 64.599609375,
        "var": 1919455.375
    },
    "spectral_skewness": {
        "dmean": 0.147458255291,
        "dmean2": 0.243119433522,
        "dvar": 0.0228987205774,
        "dvar2": 0.0601847469807,
        "max": 2.77462553978,
        "mean": 1.05624365807,
        "median": 1.02416491508,
        "min": 0.00733064347878,
        "var": 0.0713164508343
    },
    "spectral_spread": {
        "dmean": 397844.96875,
        "dmean2": 553801.6875,
        "dvar": 508949004288,
        "dvar2": 652584550400,
        "max": 40322168,
        "mean": 4424751.5,
        "median": 4336422,
        "min": 2277370.75,
        "var": 1.89206875341e+12
    },
    "spectral_strongpeak": {
        "dmean": 0.72891241312,
        "dmean2": 1.23448824883,
        "dvar": 1.2801347971,
        "dvar2": 3.30329847336,
        "max": 10.2117090225,
        "mean": 1.26360714436,
        "median": 0.628232955933,
        "min": 0.000561332446523,
        "var": 1.92047488689
    },
    "zerocrossingrate": {
        "dmean": 0.0103831570596,
        "dmean2": 0.0123569369316,
        "dvar": 0.000108662621642,
        "dvar2": 0.000146491118358,
        "max": 0.2958984375,
        "mean": 0.0991501808167,
        "median": 0.0966796875,
        "min": 0.00537109375,
        "var": 0.0012505336199
    },
    "barkbands": {
        "dmean": [2.49032855208e-05, 0.00272771180607, 0.00145502842497, 0.000917082070373, 0.000933189352509, 0.00035209118505, 0.00037530445843, 0.00037394760875, 0.0010427456582, 0.000246365874773, 0.000396532617742, 0.000469470309326, 0.000271088792942, 0.000235685278312, 0.000262343295617, 0.000287418806693, 0.000462413125206, 0.000582832552027, 0.000478965434013, 0.000283825531369, 0.000221025096835, 0.000184191623703, 0.000146635837154, 9.04241605895e-05, 3.73253024009e-05, 1.31897531901e-05, 2.46568924922e-06],
        "dmean2": [4.22654993599e-05, 0.00467217061669, 0.00249778316356, 0.00158868613653, 0.00157981878147, 0.000557494873647, 0.000556516635697, 0.000565397553146, 0.00150391808711, 0.000382312660804, 0.000567080103792, 0.000692697823979, 0.000423705641879, 0.000370057998225, 0.000402406818466, 0.00045954802772, 0.000768328434788, 0.000950826331973, 0.000787952740211, 0.000475434295367, 0.000375724834157, 0.00030015129596, 0.000235318322666, 0.000139586263685, 5.76015954721e-05, 1.8798169549e-05, 3.26679651153e-06],
        "dvar": [1.83986959001e-09, 3.77841679438e-05, 9.18428122532e-06, 2.84285920316e-06, 3.24362895299e-06, 5.33395279945e-07, 4.10291477237e-07, 5.4983257769e-07, 4.12157123719e-06, 1.9957890629e-07, 4.94263076689e-07, 8.93809442459e-07, 3.26082130186e-07, 2.15847975937e-07, 2.71013220754e-07, 1.81770829499e-07, 5.39065410976e-07, 8.15023383893e-07, 6.7635448886e-07, 1.30309601332e-07, 1.17871842065e-07, 2.03354360906e-07, 2.34482371297e-07, 8.76331611721e-08, 1.92270626087e-08, 1.56166524157e-09, 3.14612780272e-11],
        "dvar2": [4.99316943348e-09, 0.000100173892861, 2.63359470409e-05, 7.63167918194e-06, 8.71078009368e-06, 1.29815759919e-06, 8.92710545486e-07, 1.21335904169e-06, 8.17378804641e-06, 4.64215844431e-07, 9.03895681859e-07, 1.78488380698e-06, 7.68857830735e-07, 4.43386483084e-07, 6.03124931331e-07, 4.5192922471e-07, 1.4147345837e-06, 2.03193872039e-06, 1.69922395798e-06, 3.33319746915e-07, 3.15034355935e-07, 4.12988782728e-07, 5.99945565227e-07, 1.74615223614e-07, 4.67319942743e-08, 3.69319597127e-09, 6.0779228872e-11],
        "max": [0.00081733422121, 0.0594098940492, 0.0323378890753, 0.0208365470171, 0.0240676477551, 0.015035033226, 0.0131510430947, 0.0252463370562, 0.0330101661384, 0.00740084145218, 0.0165689103305, 0.0244520306587, 0.0134036783129, 0.0106257433072, 0.0121707441285, 0.00600409088656, 0.00824899598956, 0.0170634686947, 0.0150576755404, 0.00508770206943, 0.00458864029497, 0.0154450209811, 0.0174046643078, 0.00788026209921, 0.0028927361127, 0.00102198217064, 0.000116305025585],
        "mean": [3.95471361117e-05, 0.00301386462525, 0.00198261882178, 0.00119275366887, 0.00155536038801, 0.000686227635015, 0.000830379372928, 0.000801631074864, 0.00243806792423, 0.000496433873195, 0.000839015643578, 0.000880747567862, 0.000466186116682, 0.000408104271628, 0.000442407588707, 0.000514469400514, 0.000812393263914, 0.00112564011943, 0.00104819796979, 0.000624601787422, 0.000525992771145, 0.000443539320258, 0.000356160104275, 0.000228813121794, 8.4160194092e-05, 2.66373899649e-05, 5.22929030922e-06],
        "median": [1.48378821905e-05, 0.00119763310067, 0.000778058194555, 0.000617940444499, 0.00101277278736, 0.000292008888209, 0.000283756060526, 0.000288759765681, 0.000761194212828, 0.000211237231269, 0.000324046355672, 0.000324187101796, 0.000218239132664, 0.000178848349606, 0.000194209904294, 0.000293433025945, 0.000523900147527, 0.00065275846282, 0.000723502831534, 0.000489426893182, 0.000386687694117, 0.000296776299365, 0.000200886381208, 0.000130473112222, 4.80615672132e-05, 1.16338514999e-05, 5.70344752759e-07],
        "min": [1.32027944133e-08, 2.3047195441e-07, 8.73672079127e-10, 3.8295597804e-09, 3.17656040361e-10, 2.91428894905e-11, 2.99902880307e-11, 1.27933228247e-11, 1.90580572157e-11, 4.89775147522e-12, 9.70336398037e-12, 9.11094897443e-12, 9.08386300208e-12, 7.49663178756e-12, 8.80563851002e-12, 1.0446180379e-11, 7.80698162367e-12, 1.38182668433e-11, 1.42533606445e-11, 1.91818626954e-11, 2.82050459377e-11, 4.0482450725e-11, 4.94545689123e-11, 7.63435564766e-11, 1.20568499629e-10, 1.78772510684e-10, 2.99130442638e-10],
        "var": [3.19385873304e-09, 3.2345247746e-05, 1.09516768134e-05, 3.15045849675e-06, 3.73131751985e-06, 1.41202826853e-06, 1.73567980255e-06, 3.08764879264e-06, 1.81810191862e-05, 6.54153382129e-07, 1.8194225504e-06, 2.34546473621e-06, 6.46985142794e-07, 4.97558232837e-07, 5.32187186764e-07, 3.99282924946e-07, 8.59412409682e-07, 1.83300085155e-06, 1.27754265122e-06, 2.54436685054e-07, 2.26628031896e-07, 4.10273344187e-07, 3.21750263765e-07, 2.03245207331e-07, 3.21245217094e-08, 2.93961521791e-09, 9.40190911236e-11]
    },
    "erbbands": {
        "dmean": [0.0526818297803, 0.701205134392, 1.69364333153, 2.25923371315, 3.88217496872, 2.66293883324, 2.18583536148, 3.42671537399, 3.85710668564, 7.09308862686, 10.6999349594, 20.2344913483, 13.3663692474, 10.5934820175, 15.8571529388, 15.5189027786, 12.7231855392, 10.4025974274, 11.8590164185, 11.1044578552, 18.3533420563, 27.1010780334, 31.6805286407, 26.7579574585, 21.5891284943, 12.0138349533, 7.94857025146, 9.4484539032, 7.15252733231, 5.71375656128, 3.65816688538, 2.68580198288, 1.2031121254, 0.530414521694, 0.223701477051, 0.0790731161833, 0.0194913018495, 0.00364676304162, 0.000421233504312, 2.53841226368e-05],
        "dmean2": [0.0904371663928, 1.19961750507, 2.86128926277, 3.90172171593, 6.59056568146, 4.48748207092, 3.69792151451, 5.3067946434, 5.95973014832, 10.3474245071, 16.2931118011, 29.219499588, 19.4983787537, 15.7508935928, 22.4586696625, 22.9693527222, 19.4880180359, 16.3773994446, 18.1223449707, 17.2145767212, 29.2947845459, 45.0746803284, 52.1718330383, 43.6676483154, 35.8865585327, 20.1070175171, 13.5839729309, 15.9870834351, 11.5746879578, 9.16322517395, 5.88987016678, 4.2594332695, 1.82761669159, 0.83000421524, 0.346000134945, 0.113520145416, 0.0278686303645, 0.00493414932862, 0.00056260364363, 3.49772235495e-05],
        "dvar": [0.013850858435, 2.49239516258, 12.2858819962, 16.6204853058, 71.9717636108, 20.1934947968, 13.7766637802, 59.8791465759, 46.7133636475, 153.745178223, 357.047393799, 1520.43591309, 885.375793457, 290.251800537, 1092.20556641, 838.28717041, 623.476318359, 525.075622559, 342.623779297, 360.0105896, 691.113769531, 1906.95666504, 2931.56811523, 1535.89526367, 1482.56945801, 282.56552124, 135.885223389, 258.803466797, 260.878570557, 313.879455566, 127.221786499, 74.2232971191, 14.9000654221, 3.7710981369, 0.712798476219, 0.0741396397352, 0.00347855919972, 9.50145695242e-05, 9.86388613455e-07, 2.02564276464e-09],
        "dvar2": [0.0373481437564, 6.59909009933, 34.3256797791, 46.1747741699, 195.784423828, 53.2541427612, 37.3878974915, 142.140640259, 109.791725159, 320.150970459, 849.362365723, 3078.67260742, 1488.61962891, 675.534240723, 1951.54467773, 1674.95019531, 1404.39147949, 1075.76660156, 758.411560059, 835.729797363, 1734.11938477, 5091.24951172, 7322.82763672, 3652.16967773, 3905.56591797, 729.508300781, 370.379486084, 645.991088867, 552.735839844, 775.971679688, 312.758239746, 168.114212036, 28.9915370941, 9.0723657608, 1.79057228565, 0.179870441556, 0.00823332834989, 0.000210410275031, 1.9967346816e-06, 3.78758713282e-09],
        "max": [1.51877737045, 13.6061058044, 33.8397216797, 64.8155212402, 131.149597168, 58.2702102661, 49.5365142822, 179.505523682, 101.259689331, 278.92276001, 479.758148193, 681.233825684, 633.878173828, 283.251037598, 783.301269531, 566.930603027, 608.978515625, 672.247741699, 347.394226074, 421.21786499, 406.079986572, 456.15625, 979.380615234, 918.593505859, 614.707641602, 295.310516357, 162.67868042, 338.799316406, 548.215881348, 571.874206543, 398.128356934, 221.770721436, 118.427322388, 47.995967865, 20.3085727692, 7.27850151062, 1.54522359371, 0.232502996922, 0.0206024777144, 0.000672854715958],
        "mean": [0.0620051845908, 0.767880499363, 2.2731525898, 3.1937789917, 5.49665260315, 4.54767417908, 4.08741855621, 6.82111930847, 8.71910858154, 15.6899347305, 25.3950366974, 45.7578315735, 32.2965583801, 24.0928668976, 32.5393753052, 31.0760726929, 25.5134944916, 19.6385936737, 22.8410758972, 20.4587211609, 34.8364639282, 49.6060371399, 60.8501167297, 61.12840271, 46.8334312439, 26.897228241, 18.4555625916, 22.0243721008, 16.8492507935, 13.6203680038, 9.07368850708, 6.36211013794, 2.97906851768, 1.23684692383, 0.463134109974, 0.154314234853, 0.0402854532003, 0.00759136490524, 0.000902502506506, 7.40575051168e-05],
        "median": [0.0278819147497, 0.270201593637, 0.868080019951, 1.70352876186, 3.18957424164, 3.02876925468, 2.44665551186, 2.66327142715, 3.74019837379, 5.99959993362, 9.59841918945, 16.0341415405, 12.0417890549, 13.0825023651, 13.4853820801, 14.2797632217, 12.504067421, 10.4367036819, 13.2056055069, 12.2419481277, 22.5556621552, 32.4445953369, 34.3803825378, 39.8793106079, 33.4360542297, 20.4574241638, 13.8141870499, 15.6756162643, 11.1766605377, 7.47796201706, 5.25118112564, 3.66984009743, 1.6718505621, 0.724602341652, 0.239034369588, 0.0704500898719, 0.0143442824483, 0.00171757908538, 0.000126417100546, 4.0347524191e-05],
        "min": [1.11192230179e-05, 3.41983504768e-05, 6.68805068926e-06, 9.9350909295e-06, 3.53316499968e-06, 1.65857341017e-06, 5.01574788814e-07, 3.13492307669e-07, 5.29694318629e-07, 2.96286458479e-07, 2.86087896484e-07, 3.63748824839e-07, 3.1972874126e-07, 2.28962178994e-07, 4.6961491762e-07, 4.95391589084e-07, 4.53576149084e-07, 3.89346041629e-07, 5.46694252535e-07, 7.4262175076e-07, 8.25496670132e-07, 6.79437277995e-07, 7.45051636386e-07, 5.4658494264e-07, 8.59059639424e-07, 8.44352769036e-07, 1.09753773359e-06, 1.07183927867e-06, 1.20617562516e-06, 1.40834481499e-06, 1.26436646042e-06, 1.29040995489e-06, 1.33660330448e-06, 1.16604962841e-06, 9.88362330645e-07, 8.06339301107e-07, 2.68539963599e-07, 1.16688475771e-07, 4.6952987276e-08, 4.96345986534e-09],
        "var": [0.0118896970525, 2.14711976051, 13.7956581116, 19.0750999451, 71.0371170044, 25.8533000946, 24.3596668243, 177.438156128, 153.865509033, 657.422851562, 1799.83776855, 5412.94287109, 4854.47021484, 1057.56884766, 3550.41162109, 2186.25415039, 1496.03039551, 1169.54394531, 768.712280273, 698.285705566, 1536.77246094, 2937.57006836, 5703.73681641, 4095.54858398, 2198.43432617, 519.297973633, 238.126831055, 488.601654053, 537.184936523, 473.774383545, 192.855072021, 139.072357178, 36.6460838318, 6.88117074966, 1.01644933224, 0.120493717492, 0.00659793382511, 0.000218201952521, 2.72818670055e-06, 6.78602196658e-09]
    },
    "gfcc": {
        "mean": [29.9746799469, 62.8693008423, -132.369979858, 52.8473930359, -60.8883705139, 13.9885787964, -28.2216453552, 14.5588626862, -22.5015258789, -6.0440826416, -16.3005409241, -2.09266090393, -14.3098134995],
        "cov": [[6235.96435547, -163.610794067, -829.886108398, -0.199190810323, -484.947265625, -24.3789463043, -239.143859863, -16.1554431915, -119.302955627, -75.5258102417, -57.9780082703, -3.59861135483, -85.1505966187], [-163.610794067, 909.600341797, -494.326904297, -65.8691329956, 37.7229499817, -83.2288589478, 71.8232421875, -116.159637451, 100.971870422, -2.82558965683, 82.9947357178, -103.181976318, 37.2711982727], [-829.886108398, -494.326904297, 733.4140625, 87.4359893799, 179.310256958, 29.9328956604, 39.7968597412, 107.747703552, -22.2766227722, 7.60453987122, -80.9073104858, 61.715637207, -9.75928020477], [-0.199190810323, -65.8691329956, 87.4359893799, 264.538482666, 3.02235078812, 45.2479362488, -35.1028366089, 4.81867170334, 7.99407863617, -11.1961965561, 10.8047552109, 16.6928844452, 10.2907476425], [-484.947265625, 37.7229499817, 179.310256958, 3.02235078812, 341.127410889, -55.1658782959, 133.45803833, 58.2320404053, 23.9052219391, -12.4871463776, -50.9479141235, -1.48736083508, 9.50603103638], [-24.3789463043, -83.2288589478, 29.9328956604, 45.2479362488, -55.1658782959, 151.244720459, -22.4963226318, -19.4281673431, -30.8989124298, 4.03764390945, 40.5352363586, 25.0942192078, -6.06803750992], [-239.143859863, 71.8232421875, 39.7968597412, -35.1028366089, 133.45803833, -22.4963226318, 184.191253662, 80.5273361206, 0.662586569786, -33.6720924377, -29.4505252838, 3.99037384987, 25.0271377563], [-16.1554431915, -116.159637451, 107.747703552, 4.81867170334, 58.2320404053, -19.4281673431, 80.5273361206, 141.030136108, 19.8512458801, -21.3087692261, -44.161945343, 20.0116443634, 16.0029182434], [-119.302955627, 100.971870422, -22.2766227722, 7.99407863617, 23.9052219391, -30.8989124298, 0.662586569786, 19.8512458801, 98.2788009644, 43.227684021, -10.2900419235, -31.2132740021, 7.94134140015], [-75.5258102417, -2.82558965683, 7.60453987122, -11.1961965561, -12.4871463776, 4.03764390945, -33.6720924377, -21.3087692261, 43.227684021, 93.6100234985, 32.7824058533, -3.0721976757, -10.5567960739], [-57.9780082703, 82.9947357178, -80.9073104858, 10.8047552109, -50.9479141235, 40.5352363586, -29.4505252838, -44.161945343, -10.2900419235, 32.7824058533, 127.78490448, 45.3251533508, -11.4817352295], [-3.59861135483, -103.181976318, 61.715637207, 16.6928844452, -1.48736083508, 25.0942192078, 3.99037384987, 20.0116443634, -31.2132740021, -3.0721976757, 45.3251533508, 92.5421905518, 23.1018218994], [-85.1505966187, 37.2711982727, -9.75928020477, 10.2907476425, 9.50603103638, -6.06803750992, 25.0271377563, 16.0029182434, 7.94134140015, -10.5567960739, -11.4817352295, 23.1018218994, 70.2473831177]],
        "icov": [[0.00027054810198, 3.39872094628e-05, 0.000512364611495, -0.000170534956851, 0.000138111587148, 6.627869152e-05, 0.000270755117526, -0.00036249004188, 0.000416762719397, -0.00022629306477, 0.000777093635406, -0.000615782395471, 0.000627628876828], [3.39872094628e-05, 0.00463627604768, 0.00162191817071, 0.00031235453207, -0.0009035547846, 0.00131203385536, -0.00279941246845, 0.00397740583867, -0.00495556276292, 0.00377227296121, -0.00542193464935, 0.00484748510644, -0.00326547818258], [0.000512364611495, 0.00162191817071, 0.00401543872431, -0.000908145040739, -0.00133238453418, -0.000228958582738, 0.000211234844755, -0.000604703673162, 0.000248386320891, -0.00101497222204, 0.00229798466899, -0.00197827583179, 0.00152000866365], [-0.000170534956851, 0.00031235453207, -0.000908145040739, 0.00485333614051, -0.000637603574432, -0.00136998621747, 0.00138732919004, 0.000149609550135, -0.00234524719417, 0.00270917196758, -0.00217535393313, 0.00116356508806, -0.00183594203554], [0.000138111587148, -0.0009035547846, -0.00133238453418, -0.000637603574432, 0.0057355822064, 0.00136844511144, -0.00373477675021, 0.00107559841126, -0.000686683866661, -0.000607062829658, 0.00231096264906, -0.00225381320342, 0.00208804896101], [6.627869152e-05, 0.00131203385536, -0.000228958582738, -0.00136998621747, 0.00136844511144, 0.0091620888561, -0.00167544919532, 0.0015987153165, 0.00107708538417, 0.000221359572606, -0.00359972636215, 0.00145348114893, -0.000762797193602], [0.000270755117526, -0.00279941246845, 0.000211234844755, 0.00138732919004, -0.00373477675021, -0.00167544919532, 0.0140049280599, -0.00943341944367, 0.00582567509264, -0.000633051386103, 0.00153975863941, -0.000159787756274, -0.00128978095017], [-0.00036249004188, 0.00397740583867, -0.000604703673162, 0.000149609550135, 0.00107559841126, 0.0015987153165, -0.00943341944367, 0.0188288837671, -0.0118491332978, 0.00639489060268, -0.000589140632655, -0.00265124579892, -0.000515426800121], [0.000416762719397, -0.00495556276292, 0.000248386320891, -0.00234524719417, -0.000686683866661, 0.00107708538417, 0.00582567509264, -0.0118491332978, 0.0272915009409, -0.0153470309451, 0.00529376696795, 0.00317029468715, -0.00124666013289], [-0.00022629306477, 0.00377227296121, -0.00101497222204, 0.00270917196758, -0.000607062829658, 0.000221359572606, -0.000633051386103, 0.00639489060268, -0.0153470309451, 0.0228037796915, -0.0103653371334, 0.00407040165737, -0.00181451998651], [0.000777093635406, -0.00542193464935, 0.00229798466899, -0.00217535393313, 0.00231096264906, -0.00359972636215, 0.00153975863941, -0.000589140632655, 0.00529376696795, -0.0103653371334, 0.0272877123207, -0.0211710557342, 0.0126849059016], [-0.000615782395471, 0.00484748510644, -0.00197827583179, 0.00116356508806, -0.00225381320342, 0.00145348114893, -0.000159787756274, -0.00265124579892, 0.00317029468715, 0.00407040165737, -0.0211710557342, 0.0332139618695, -0.0168021135032], [0.000627628876828, -0.00326547818258, 0.00152000866365, -0.00183594203554, 0.00208804896101, -0.000762797193602, -0.00128978095017, -0.000515426800121, -0.00124666013289, -0.00181451998651, 0.0126849059016, -0.0168021135032, 0.0249045230448]]
    },
    "melbands": {
        "dmean": [0.000633028277662, 0.000891721399967, 0.00043185488903, 0.000238534834352, 7.80924092396e-05, 7.25342542864e-05, 6.54099785606e-05, 7.9549572547e-05, 0.000105180733954, 0.000137859358802, 6.81780875311e-05, 4.27123814006e-05, 4.98715453432e-05, 4.70079685329e-05, 4.39022005594e-05, 3.0103528843e-05, 2.02472620003e-05, 1.92928036995e-05, 2.37804033532e-05, 1.51967897182e-05, 2.32536276599e-05, 3.11188778142e-05, 2.82161818177e-05, 2.77215604001e-05, 2.34096023632e-05, 1.87867335626e-05, 1.47089167513e-05, 7.70371025283e-06, 5.06119886268e-06, 6.18114199824e-06, 5.92788410358e-06, 4.68877715321e-06, 3.63137223758e-06, 3.49999208993e-06, 2.32695583691e-06, 2.11380120163e-06, 1.59716023518e-06, 9.67522282735e-07, 6.15546639438e-07, 4.18514844114e-07],
        "dmean2": [0.00108378927689, 0.0014940694673, 0.000742613570765, 0.000401491270168, 0.000132376808324, 0.000112765977974, 9.90727930912e-05, 0.000116839444672, 0.000160946889082, 0.000197767745703, 9.96855742414e-05, 6.39757708996e-05, 7.07395374775e-05, 6.92878020345e-05, 6.45193067612e-05, 4.63058095193e-05, 3.19003847835e-05, 2.97458882415e-05, 3.62700448022e-05, 2.47729931289e-05, 3.724580165e-05, 5.22034679307e-05, 4.56541238236e-05, 4.56672496512e-05, 3.82855214411e-05, 3.08522612613e-05, 2.43781014433e-05, 1.30675252876e-05, 8.56701262819e-06, 1.07152718556e-05, 1.00432553154e-05, 7.64724791225e-06, 6.07686342846e-06, 5.59397130928e-06, 3.80952292289e-06, 3.4058791698e-06, 2.56038697444e-06, 1.50775531438e-06, 9.78428715825e-07, 6.64186870836e-07],
        "dvar": [2.05948413168e-06, 3.33457956003e-06, 6.0339226593e-07, 2.18420240117e-07, 1.59555746393e-08, 2.52540655055e-08, 1.24039969407e-08, 2.11928288252e-08, 4.19587209421e-08, 6.79820146843e-08, 2.35236274904e-08, 4.89647655755e-09, 8.42741698648e-09, 1.28423147672e-08, 7.47439976578e-09, 5.38563060815e-09, 1.78577264087e-09, 1.09478415222e-09, 2.92704349647e-09, 7.62499896556e-10, 1.16587650645e-09, 2.55170928831e-09, 2.13738315935e-09, 2.36221664451e-09, 1.17596465898e-09, 1.22318721818e-09, 4.44880049466e-10, 1.2428913454e-10, 5.60348017986e-11, 9.3799967793e-11, 1.07080594391e-10, 9.36607319479e-11, 1.05258635141e-10, 1.10567138778e-10, 4.63892986524e-11, 3.62108884544e-11, 2.52993875849e-11, 9.26324208311e-12, 4.36204718179e-12, 2.25134884693e-12],
        "dvar2": [5.48610523765e-06, 8.98158305063e-06, 1.64192056218e-06, 5.80384266868e-07, 4.35686331457e-08, 6.02939991268e-08, 2.77283422889e-08, 4.41442615795e-08, 1.0108256987e-07, 1.32630404437e-07, 3.95977366452e-08, 1.15305063275e-08, 1.54125494589e-08, 2.53615102253e-08, 1.43925102947e-08, 1.22061640795e-08, 3.73067310377e-09, 2.33135599714e-09, 6.42796083028e-09, 1.98656335826e-09, 2.9763504994e-09, 6.96029900382e-09, 5.12942754938e-09, 5.94995741565e-09, 2.78728751191e-09, 3.25387983224e-09, 1.12685405451e-09, 3.2436398012e-10, 1.54329493629e-10, 2.60079235925e-10, 2.61135502111e-10, 2.10968617576e-10, 2.3005761185e-10, 2.82319972955e-10, 1.13933938672e-10, 8.61180918243e-11, 5.67900414195e-11, 1.80583447501e-11, 1.0431940034e-11, 5.44333415148e-12],
        "max": [0.0157725550234, 0.0162651017308, 0.0105955097824, 0.00664938567206, 0.00169321964495, 0.0035920755472, 0.00206382013857, 0.00347790843807, 0.0040592062287, 0.00389870419167, 0.00320713478141, 0.0011536933016, 0.00221581687219, 0.00331884855404, 0.00185090268496, 0.00180887314491, 0.0011479719542, 0.000814458355308, 0.0013095686445, 0.000499415269587, 0.000486168835778, 0.00055391684873, 0.000747846614104, 0.00105264759623, 0.000858340063132, 0.000704664213117, 0.000352633767761, 0.000197646702873, 0.00011622189777, 0.000126091967104, 0.000239686036366, 0.000288522278424, 0.000313907250529, 0.000350894406438, 0.000243261834839, 0.000166403551702, 0.00013393307745, 9.74164358922e-05, 5.18281231052e-05, 3.57144999725e-05],
        "mean": [0.00071091594873, 0.00116797292139, 0.000644784653559, 0.000383528968086, 0.000148776278365, 0.000144699239172, 0.00014953657228, 0.00017733486311, 0.000238977823756, 0.000311903393595, 0.000158273847774, 9.22561011976e-05, 0.000104549253592, 8.90248775249e-05, 8.270519902e-05, 4.99892848893e-05, 3.44329855579e-05, 3.50573209289e-05, 3.77109463443e-05, 2.64886093646e-05, 4.10858810937e-05, 5.12464757776e-05, 5.18964443472e-05, 5.22661248397e-05, 5.00307723996e-05, 3.76455100195e-05, 2.86602680717e-05, 1.52028133016e-05, 1.06051120383e-05, 1.25618589664e-05, 1.28108495119e-05, 1.00665511127e-05, 7.46007117414e-06, 7.72751900513e-06, 5.25706309418e-06, 4.55024746771e-06, 3.56433656634e-06, 2.21437085202e-06, 1.39307519476e-06, 9.04030741822e-07],
        "median": [0.000299414765323, 0.000448939012131, 0.000364976178389, 0.000246091804001, 9.82690035016e-05, 5.92862706981e-05, 5.87569811614e-05, 6.37309567537e-05, 7.60069306125e-05, 9.96837989078e-05, 4.96827306051e-05, 4.35984547948e-05, 4.51030064141e-05, 3.72263530153e-05, 2.38159409491e-05, 1.84553700819e-05, 1.61293737619e-05, 1.88155790966e-05, 1.40996926348e-05, 1.53896198754e-05, 2.4630835469e-05, 3.15365214192e-05, 3.01148447761e-05, 2.70070941042e-05, 3.16649056913e-05, 2.51149795076e-05, 2.0765211957e-05, 1.11825838758e-05, 7.6874594015e-06, 8.99974838831e-06, 8.78301852936e-06, 6.75148612572e-06, 4.32057231592e-06, 3.97237272409e-06, 2.96135613098e-06, 2.65113862952e-06, 1.98531188289e-06, 1.21326843328e-06, 7.93844890268e-07, 5.13057216267e-07],
        "min": [8.38200193698e-08, 2.2071768413e-08, 1.36706146403e-09, 1.38911854242e-10, 2.76411931538e-11, 6.64471342532e-12, 7.72839257868e-12, 3.53766430213e-12, 2.07034584788e-12, 2.30210100115e-12, 1.29964366092e-12, 8.22773869435e-13, 1.42230172952e-12, 1.54047792317e-12, 8.98476714035e-13, 9.2147069055e-13, 6.99850713406e-13, 7.94039150837e-13, 8.13845518755e-13, 7.3396367109e-13, 8.31471501893e-13, 4.85840859731e-13, 5.65562733364e-13, 5.74045476952e-13, 3.88959724889e-13, 6.15129312504e-13, 6.45076494391e-13, 4.99867345866e-13, 5.46136215678e-13, 5.40805139386e-13, 5.77441523417e-13, 6.15754355057e-13, 7.56859039417e-13, 6.35132679956e-13, 6.56431777424e-13, 6.29498027056e-13, 5.85872008459e-13, 8.06465191936e-13, 8.35811400559e-13, 8.51007036107e-13],
        "var": [1.74625176896e-06, 3.47569266523e-06, 6.9359924737e-07, 2.4653689934e-07, 2.61084238673e-08, 7.22204944736e-08, 4.87173785757e-08, 1.04572990267e-07, 1.9772721771e-07, 2.6987990509e-07, 1.27000333805e-07, 1.74980474554e-08, 2.94977446913e-08, 3.34000809232e-08, 2.32385790611e-08, 1.0989123389e-08, 3.89050658356e-09, 2.53563769981e-09, 5.57858115258e-09, 1.22883303533e-09, 2.46203790688e-09, 3.56272611413e-09, 4.50151693698e-09, 4.90019758104e-09, 3.03593239437e-09, 1.85797222052e-09, 7.67597874152e-10, 2.16770934536e-10, 9.73926564396e-11, 1.44396550272e-10, 2.03373332064e-10, 1.82070691856e-10, 1.7289839005e-10, 1.62499472212e-10, 6.84886453106e-11, 5.80551787199e-11, 5.02169868188e-11, 2.27848920287e-11, 7.40836125085e-12, 4.14927337281e-12]
    },
    "mfcc": {
        "mean": [-601.25970459, 80.7246704102, -8.24692821503, 34.7752723694, -2.80598926544, 3.16897559166, 3.44756937027, 15.2317171097, 0.0910605192184, 1.97467434406, 0.83908033371, 0.816723942757, -5.40885305405],
        "cov": [[3568.46508789, 96.8553695679, -113.096855164, -91.8372192383, -137.428482056, -18.3604202271, -143.107192993, -41.19581604, -165.522705078, -66.5685195923, -48.9736175537, -27.5775680542, -2.5956132412], [96.8553695679, 778.544067383, -387.809997559, 19.0536365509, -77.80909729, -7.89327144623, 8.48688220978, -46.0065917969, 41.8531913757, 20.0816078186, 18.792673111, 42.3594360352, -6.57718753815], [-113.096855164, -387.809997559, 418.029266357, 10.2305831909, 66.0825195312, 19.2413024902, -6.95752048492, 22.894361496, -21.2750396729, -8.01709938049, -17.0586719513, -13.0352106094, 8.57775878906], [-91.8372192383, 19.0536365509, 10.2305831909, 236.969009399, 85.395324707, -5.59327888489, 20.7695121765, 47.777973175, 77.9836807251, 19.5924949646, 17.3041248322, -14.5415525436, -48.1071929932], [-137.428482056, -77.80909729, 66.0825195312, 85.395324707, 150.025680542, 30.1961078644, 4.46509790421, 18.7966804504, 23.8949127197, 18.9217758179, 13.4102134705, -8.37893390656, -12.9328451157], [-18.3604202271, -7.89327144623, 19.2413024902, -5.59327888489, 30.1961078644, 107.725486755, 15.1606445312, -25.6849308014, -26.3234500885, -6.584192276, -6.13465547562, 20.3963108063, 31.1223945618], [-143.107192993, 8.48688220978, -6.95752048492, 20.7695121765, 4.46509790421, 15.1606445312, 136.849609375, 87.1371994019, 14.4651565552, -11.0612249374, 0.536055445671, -17.4127750397, -16.4985961914], [-41.19581604, -46.0065917969, 22.894361496, 47.777973175, 18.7966804504, -25.6849308014, 87.1371994019, 147.454681396, 43.3633384705, -5.10215997696, -3.42114639282, -35.8845252991, -31.3277587891], [-165.522705078, 41.8531913757, -21.2750396729, 77.9836807251, 23.8949127197, -26.3234500885, 14.4651565552, 43.3633384705, 167.098556519, 58.3292198181, 0.565639078617, -26.3513202667, -57.491153717], [-66.5685195923, 20.0816078186, -8.01709938049, 19.5924949646, 18.9217758179, -6.584192276, -11.0612249374, -5.10215997696, 58.3292198181, 78.2052536011, 29.6169872284, -11.2992982864, -22.5321426392], [-48.9736175537, 18.792673111, -17.0586719513, 17.3041248322, 13.4102134705, -6.13465547562, 0.536055445671, -3.42114639282, 0.565639078617, 29.6169872284, 72.9162063599, 24.6982841492, -4.20701313019], [-27.5775680542, 42.3594360352, -13.0352106094, -14.5415525436, -8.37893390656, 20.3963108063, -17.4127750397, -35.8845252991, -26.3513202667, -11.2992982864, 24.6982841492, 81.0814056396, 53.7543945312], [-2.5956132412, -6.57718753815, 8.57775878906, -48.1071929932, -12.9328451157, 31.1223945618, -16.4985961914, -31.3277587891, -57.491153717, -22.5321426392, -4.20701313019, 53.7543945312, 111.428344727]],
