{
"lowlevel": {
    "average_loudness": 0.822971880436,
    "barkbands_crest": {
        "dmean": 3.19537186623,
        "dmean2": 5.07626390457,
        "dvar": 8.64341449738,
        "dvar2": 20.3657741547,
        "max": 26.8221530914,
        "mean": 13.710934639,
        "median": 12.5011072159,
        "min": 2.89870095253,
        "var": 33.4051971436
    },
    "barkbands_flatness_db": {
        "dmean": 0.0288158915937,
        "dmean2": 0.0443244576454,
        "dvar": 0.000781490234658,
        "dvar2": 0.00179116544314,
        "max": 0.463672339916,
        "mean": 0.178826615214,
        "median": 0.167506054044,
        "min": 0.0415914170444,
        "var": 0.00357727217488
    },
    "barkbands_kurtosis": {
        "dmean": 9.6979265213,
        "dmean2": 14.5260505676,
        "dvar": 1510.21569824,
        "dvar2": 2681.61791992,
        "max": 1551.26269531,
        "mean": 16.5242519379,
        "median": 3.96817588806,
        "min": -1.80876028538,
        "var": 7809.12207031
    },
    "barkbands_skewness": {
        "dmean": 0.863593041897,
        "dmean2": 1.30911827087,
        "dvar": 1.49491655827,
        "dvar2": 2.77946710587,
        "max": 24.2312202454,
        "mean": 2.29760575294,
        "median": 2.03714513779,
        "min": -34.5534515381,
        "var": 9.22396659851
    },
    "barkbands_spread": {
        "dmean": 5.24389028549,
        "dmean2": 8.36992645264,
        "dvar": 34.3421020508,
        "dvar2": 84.5665130615,
        "max": 82.3199081421,
        "mean": 16.868106842,
        "median": 15.6619205475,
        "min": 0.173700854182,
        "var": 102.088760376
    },
    "dissonance": {
        "dmean": 0.0131569942459,
        "dmean2": 0.0221410226077,
        "dvar": 0.000146577964188,
        "dvar2": 0.000397356459871,
        "max": 0.499920487404,
        "mean": 0.472299486399,
        "median": 0.476125985384,
        "min": 0.346770554781,
        "var": 0.000320923049003
    },
    "dynamic_complexity": 5.33485412598,
    "erbbands_crest": {
        "dmean": 2.07983088493,
        "dmean2": 3.31923389435,
        "dvar": 3.80757832527,
        "dvar2": 9.70572948456,
        "max": 26.2584514618,
        "mean": 7.59504747391,
        "median": 6.77327156067,
        "min": 2.12139081955,
        "var": 10.9583940506
    },
    "erbbands_flatness_db": {
        "dmean": 0.0184312853962,
        "dmean2": 0.0253558177501,
        "dvar": 0.00023593561491,
        "dvar2": 0.000478197413031,
        "max": 0.304249256849,
        "mean": 0.165161728859,
        "median": 0.164055496454,
        "min": 0.0146581809968,
        "var": 0.00124984548893
    },
    "erbbands_kurtosis": {
        "dmean": 0.610109567642,
        "dmean2": 0.973109662533,
        "dvar": 0.612952709198,
        "dvar2": 1.5093460083,
        "max": 14.3609695435,
        "mean": -0.313362717628,
        "median": -0.5284512043,
        "min": -1.69712936878,
        "var": 1.01058661938
    },
    "erbbands_skewness": {
        "dmean": 0.312874704599,
        "dmean2": 0.477603197098,
        "dvar": 0.0893065929413,
        "dvar2": 0.214476287365,
        "max": 3.81053256989,
        "mean": -0.140294149518,
        "median": -0.274627536535,
        "min": -1.92516958714,
        "var": 0.387552946806
    },
    "erbbands_spread": {
        "dmean": 7.72144603729,
        "dmean2": 11.721124649,
        "dvar": 50.2500114441,
        "dvar2": 117.274108887,
        "max": 138.599334717,
        "mean": 41.5371589661,
        "median": 40.4566459656,
        "min": 12.2827157974,
        "var": 188.271102905
    },
    "hfc": {
        "dmean": 2.79460525513,
        "dmean2": 4.12589645386,
        "dvar": 20.8973999023,
        "dvar2": 44.2014846802,
        "max": 93.8679885864,
        "mean": 11.7060804367,
        "median": 8.57188606262,
        "min": 1.22369407287e-16,
        "var": 161.461685181
    },
    "melbands_crest": {
        "dmean": 3.2633998394,
        "dmean2": 5.32672405243,
        "dvar": 8.21477222443,
        "dvar2": 22.3421192169,
        "max": 31.5418815613,
        "mean": 16.683631897,
        "median": 16.8404369354,
        "min": 1.93517827988,
        "var": 22.5426254272
    },
    "melbands_flatness_db": {
        "dmean": 0.0348474010825,
        "dmean2": 0.0535796284676,
        "dvar": 0.00117201462854,
        "dvar2": 0.00271734921262,
        "max": 0.571870028973,
        "mean": 0.264174550772,
        "median": 0.256099313498,
        "min": 0.00584409991279,
        "var": 0.00552543438971
    },
    "melbands_kurtosis": {
        "dmean": 14.7597312927,
        "dmean2": 22.7770957947,
        "dvar": 613.464660645,
        "dvar2": 1335.66247559,
        "max": 429.034790039,
        "mean": 27.3206996918,
        "median": 14.8610363007,
        "min": -1.63583731651,
        "var": 1509.13244629
    },
    "melbands_skewness": {
        "dmean": 1.03810799122,
        "dmean2": 1.60376989841,
        "dvar": 1.21860682964,
        "dvar2": 2.74490118027,
        "max": 14.2472705841,
        "mean": 3.92341113091,
        "median": 3.44323039055,
        "min": -0.423413336277,
        "var": 4.85736274719
    },
    "melbands_spread": {
        "dmean": 5.75196456909,
        "dmean2": 9.13619232178,
        "dvar": 53.2958908081,
        "dvar2": 123.80770874,
        "max": 155.439102173,
        "mean": 15.8987369537,
        "median": 12.5640716553,
        "min": 0.395665347576,
        "var": 207.532302856
    },
    "pitch_salience": {
        "dmean": 0.0786029845476,
        "dmean2": 0.12602981925,
        "dvar": 0.00477286428213,
        "dvar2": 0.0120918406174,
        "max": 0.851153612137,
        "mean": 0.435770332813,
        "median": 0.453032463789,
        "min": 0.0537264719605,
        "var": 0.0186944063753
    },
    "silence_rate_20dB": {
        "dmean": 0,
        "dmean2": 0,
        "dvar": 0,
        "dvar2": 0,
        "max": 1,
        "mean": 1,
        "median": 1,
        "min": 1,
        "var": 0
    },
    "silence_rate_30dB": {
        "dmean": 0.0216718260199,
        "dmean2": 0.0433604344726,
        "dvar": 0.0212019719183,
        "dvar2": 0.0546431578696,
        "max": 1,
        "mean": 0.982978701591,
        "median": 1,
        "min": 0,
        "var": 0.0167316384614
    },
    "silence_rate_60dB": {
        "dmean": 0.0228328164667,
        "dmean2": 0.0456833131611,
        "dvar": 0.0223124306649,
        "dvar2": 0.0490192435682,
        "max": 1,
        "mean": 0.119922630489,
        "median": 0,
        "min": 0,
        "var": 0.105540908873
    },
    "spectral_centroid": {
        "dmean": 282.094970703,
        "dmean2": 446.857635498,
        "dvar": 117640.25,
        "dvar2": 248960.625,
        "max": 10858.5351562,
        "mean": 1257.51745605,
        "median": 1192.19494629,
        "min": 152.154953003,
        "var": 359679.71875
    },
    "spectral_complexity": {
        "dmean": 3.0750772953,
        "dmean2": 4.89198589325,
        "dvar": 14.2289266586,
        "dvar2": 31.8416481018,
        "max": 50,
        "mean": 15.9504833221,
        "median": 15,
        "min": 0,
        "var": 116.595367432
    },
    "spectral_decrease": {
        "dmean": 3.14204151586e-09,
        "dmean2": 5.01794961139e-09,
        "dvar": 2.12813768906e-17,
        "dvar2": 5.43254639238e-17,
        "max": 5.97498989169e-15,
        "mean": -7.14191061846e-09,
        "median": -5.018335969e-09,
        "min": -5.97273199787e-08,
        "var": 4.99469190089e-17
    },
    "spectral_energy": {
        "dmean": 0.0120217604563,
        "dmean2": 0.0191595181823,
        "dvar": 0.000308242044412,
        "dvar2": 0.000784453412052,
        "max": 0.227851137519,
        "mean": 0.0280169583857,
        "median": 0.0197987817228,
        "min": 1.0981913153e-20,
        "var": 0.000752735184506
    },
    "spectral_energyband_high": {
        "dmean": 0.000124439655337,
        "dmean2": 0.000194294436369,
        "dvar": 1.54434701471e-07,
        "dvar2": 3.25744849761e-07,
        "max": 0.00947281811386,
        "mean": 0.000261187320575,
        "median": 8.2059246779e-05,
        "min": 7.82031818406e-21,
        "var": 5.40275607364e-07
    },
    "spectral_energyband_low": {
        "dmean": 0.0108360722661,
        "dmean2": 0.0175403784961,
        "dvar": 0.000292186829029,
        "dvar2": 0.000762561685406,
        "max": 0.212771967053,
        "mean": 0.0174673274159,
        "median": 0.0104689206928,
        "min": 3.21665007634e-23,
        "var": 0.000446043617558
    },
    "spectral_energyband_middle_high": {
        "dmean": 0.000902483065147,
        "dmean2": 0.00132852373645,
        "dvar": 1.65416940945e-06,
        "dvar2": 3.18414254252e-06,
        "max": 0.0453464947641,
        "mean": 0.00368430325761,
        "median": 0.00237643369474,
        "min": 1.67200939409e-21,
        "var": 2.04325588129e-05
    },
    "spectral_energyband_middle_low": {
        "dmean": 0.00267938966863,
        "dmean2": 0.00429883552715,
        "dvar": 2.36824525928e-05,
        "dvar2": 5.81859312661e-05,
        "max": 0.0923883914948,
        "mean": 0.00754392612725,
        "median": 0.00416972720996,
        "min": 3.08773739333e-22,
        "var": 0.000114376853162
    },
    "spectral_entropy": {
        "dmean": 0.172673076391,
        "dmean2": 0.26035130024,
        "dvar": 0.0345380753279,
        "dvar2": 0.0741071924567,
        "max": 9.80322742462,
        "mean": 7.37186908722,
        "median": 7.38385868073,
        "min": 5.57314109802,
        "var": 0.122404776514
    },
    "spectral_flux": {
        "dmean": 0.0263096187264,
        "dmean2": 0.0424722209573,
        "dvar": 0.000866907415912,
        "dvar2": 0.00212662876584,
        "max": 0.306646883488,
        "mean": 0.0734265223145,
        "median": 0.0656932666898,
        "min": 1.04794624367e-10,
        "var": 0.00244376249611
    },
    "spectral_kurtosis": {
        "dmean": 2.15829443932,
        "dmean2": 3.71956968307,
        "dvar": 4.77017068863,
        "dvar2": 14.0531587601,
        "max": 31.9818611145,
        "mean": 5.61520051956,
        "median": 5.20987319946,
        "min": -1.18709242344,
        "var": 7.58992481232
    },
    "spectral_rms": {
        "dmean": 0.000995886046439,
        "dmean2": 0.00153531786054,
        "dvar": 1.24649125155e-06,
        "dvar2": 2.99777047985e-06,
        "max": 0.014909519814,
        "mean": 0.00458966335282,
        "median": 0.00439498387277,
        "min": 3.27323411431e-12,
        "var": 6.26861310593e-06
    },
    "spectral_rolloff": {
        "dmean": 354.898742676,
        "dmean2": 601.58770752,
        "dvar": 363278.5,
        "dvar2": 789039.3125,
        "max": 20951.8066406,
        "mean": 949.375427246,
        "median": 473.73046875,
        "min": 64.599609375,
        "var": 3343427.75
    },
    "spectral_skewness": {
        "dmean": 0.293081998825,
        "dmean2": 0.46785825491,
        "dvar": 0.0681684464216,
        "dvar2": 0.177046239376,
        "max": 4.05106735229,
        "mean": 1.46797704697,
        "median": 1.47502088547,
        "min": -0.00539610208943,
        "var": 0.169188573956
    },
    "spectral_spread": {
        "dmean": 427648.40625,
        "dmean2": 592916.5,
        "dvar": 489355870208,
        "dvar2": 775640711168,
        "max": 40036856,
        "mean": 3474719.5,
        "median": 3148948.25,
        "min": 1886628.5,
        "var": 3.71861146829e+12
    },
    "spectral_strongpeak": {
        "dmean": 0.231458470225,
        "dmean2": 0.380103737116,
        "dvar": 0.152807474136,
        "dvar2": 0.37477427721,
        "max": 6.00284528732,
        "mean": 0.511367678642,
        "median": 0.304289788008,
        "min": 2.10790673805e-09,
        "var": 0.490696161985
    },
    "zerocrossingrate": {
        "dmean": 0.00709425052628,
        "dmean2": 0.00875995121896,
        "dvar": 0.000194336564164,
        "dvar2": 0.000260908476776,
        "max": 0.884765625,
        "mean": 0.0410726703703,
        "median": 0.033203125,
        "min": 0.00341796875,
        "var": 0.00471130665392
    },
    "barkbands": {
        "dmean": [0.000191656814422, 0.00894912332296, 0.00299159903079, 0.000936007185373, 0.00124585092999, 0.0012160766637, 0.000198202207685, 0.00011609003559, 0.000202450260986, 0.000160261144629, 0.000231726458878, 0.000289834541036, 0.00020505845896, 0.000181875147973, 8.12849248177e-05, 0.00012877980771, 0.000147337821545, 0.000145985381096, 0.000165104778716, 9.16246135603e-05, 4.57693822682e-05, 2.37200601987e-05, 2.53638645518e-05, 1.6089015844e-05, 6.00096927883e-06, 1.86171632777e-06, 1.23037159483e-06],
        "dmean2": [0.000278086925391, 0.0145082473755, 0.00504954671487, 0.00161260867026, 0.00198058760725, 0.00194337486755, 0.000296621612506, 0.00017320094048, 0.000303779088426, 0.0002405646228, 0.000341794715496, 0.000447702797828, 0.000317264784826, 0.000282736815279, 0.000122094905237, 0.000208914119867, 0.000232713195146, 0.000232676204178, 0.00026840652572, 0.000151774060214, 7.89379555499e-05, 3.75982708647e-05, 3.9674614527e-05, 2.49395125138e-05, 8.70279654919e-06, 2.55443819697e-06, 1.84949590221e-06],
        "dvar": [2.19565535531e-07, 0.000241721165366, 2.93005450658e-05, 2.02415480999e-06, 9.72750603978e-06, 8.72504824656e-06, 4.37761087824e-07, 6.55003020711e-08, 2.40289978137e-07, 2.36537616161e-07, 1.48126844124e-07, 2.13838234231e-07, 1.31787118107e-07, 9.0758909721e-08, 8.54919832705e-08, 3.49386901632e-08, 5.38320179544e-08, 9.0660265073e-08, 8.42673699708e-08, 4.22715409343e-08, 1.20638627976e-08, 7.59182494647e-09, 2.76113301112e-08, 1.1453812121e-08, 2.47802056652e-10, 5.82996567688e-11, 9.4147190044e-12],
        "dvar2": [4.5994133302e-07, 0.000646413012873, 8.02074355306e-05, 5.53610516363e-06, 2.06405529752e-05, 2.30135028687e-05, 1.01182672552e-06, 1.35744031127e-07, 5.33138404535e-07, 3.94386120206e-07, 3.13684353159e-07, 5.01215083659e-07, 2.79399756664e-07, 2.13850512409e-07, 1.18227525547e-07, 8.94502534265e-08, 1.18348332023e-07, 2.09236603155e-07, 2.08757029441e-07, 1.10898497496e-07, 3.3649747877e-08, 1.79381220988e-08, 5.64871598385e-08, 2.60361989746e-08, 5.02887176346e-10, 1.18260901072e-10, 2.0178256635e-11],
        "max": [0.00539619103074, 0.188797771931, 0.0692431256175, 0.019688360393, 0.0659503862262, 0.0502788387239, 0.0213912837207, 0.00802831258625, 0.0169443562627, 0.0296152550727, 0.00641601905227, 0.0101153999567, 0.00765000702813, 0.00384137313813, 0.0133596491069, 0.00218791561201, 0.00684319203719, 0.0109721077606, 0.00544453365728, 0.00559727987275, 0.00135536980815, 0.00267989817075, 0.00519472826272, 0.00311311497353, 0.000395965034841, 0.000228984383284, 6.36014592601e-05],
        "mean": [0.000220624788199, 0.0123176444322, 0.00403976719826, 0.00138860242441, 0.00239635584876, 0.0026021078229, 0.000432684435509, 0.000238777982304, 0.000390648900066, 0.000478482194012, 0.00050444988301, 0.000600802071858, 0.000395046110498, 0.000327343004756, 0.000155280344188, 0.000239950793912, 0.000277711020317, 0.000311764451908, 0.000311197247356, 0.000187536832527, 6.95465932949e-05, 4.19864481955e-05, 4.71253915748e-05, 2.68466155831e-05, 1.0335324987e-05, 3.02203466163e-06, 1.31993328978e-06],
        "median": [2.50410230365e-05, 0.00584624707699, 0.00175663013943, 0.000725439633243, 0.00069726788206, 0.00078222702723, 7.83847353887e-05, 6.51211157674e-05, 0.00015964533668, 7.07454455551e-05, 0.000227618395002, 0.000278593361145, 0.000202053284738, 0.000153975546709, 6.75178380334e-05, 0.000145034442539, 0.000152047010488, 0.00014729963732, 0.000161702380865, 7.85399824963e-05, 2.88896699203e-05, 4.68067037218e-06, 3.42475618709e-06, 2.3167258405e-06, 1.5906500721e-06, 4.20924749278e-07, 2.05618178484e-07],
        "min": [4.16376365779e-24, 1.76182238197e-23, 9.07939301092e-24, 2.29716196993e-24, 9.63438032357e-24, 8.67613836022e-24, 1.05850466979e-22, 7.62446434235e-23, 9.80810200994e-23, 9.84541449967e-23, 5.60458978106e-23, 6.81413947853e-23, 8.66810333859e-23, 1.22096470409e-22, 1.63096020278e-22, 1.20995220586e-22, 1.90169852763e-22, 1.7889954216e-22, 3.47183263212e-22, 3.33821676039e-22, 6.81093922761e-22, 3.70645854556e-22, 6.33668513907e-22, 8.50851791342e-22, 1.38156994339e-21, 1.61062940185e-21, 2.40438280978e-21],
        "var": [2.95733855182e-07, 0.00032510785968, 4.00200442527e-05, 3.3968938169e-06, 2.82648561551e-05, 3.3380190871e-05, 2.10161988434e-06, 3.00304265011e-07, 7.23904804545e-07, 5.09833444085e-06, 5.57675832624e-07, 7.25301106286e-07, 3.38649215337e-07, 2.20564785991e-07, 3.11936190656e-07, 8.17310024104e-08, 1.63334277659e-07, 4.08103574046e-07, 2.05155046729e-07, 1.82732705412e-07, 1.59590669568e-08, 2.5955118943e-08, 6.85838799086e-08, 2.70821978177e-08, 9.42877553811e-10, 1.64829302984e-10, 1.24453416323e-11]
    },
    "erbbands": {
        "dmean": [0.234727486968, 2.10624265671, 3.58420157433, 3.29158449173, 2.5980052948, 5.35244226456, 10.4517641068, 7.31611299515, 3.2422015667, 2.0644993782, 3.26154232025, 4.69258403778, 4.55315732956, 6.16133308411, 8.63167572021, 11.272351265, 9.62604999542, 9.38296794891, 4.84145545959, 3.69265985489, 7.89250850677, 8.47121620178, 6.90338373184, 9.86053085327, 6.96703100204, 4.38459205627, 2.27628064156, 1.34535872936, 0.940394163132, 0.806394100189, 0.716387152672, 0.422032833099, 0.22560441494, 0.085231050849, 0.0364959202707, 0.0103245535865, 0.00300443475135, 0.000741562223993, 0.000183304669918, 2.7317666536e-05],
        "dmean2": [0.379928201437, 3.42439079285, 5.97263002396, 5.57855701447, 4.26299762726, 8.3827381134, 17.1292533875, 11.2590408325, 4.86409425735, 3.01273584366, 4.85903644562, 7.11751556396, 6.98964929581, 9.08689403534, 13.2942409515, 17.3565196991, 14.6819829941, 14.6222114563, 7.08538722992, 5.84492635727, 12.68430233, 13.3202190399, 10.7492866516, 16.2866516113, 11.3887586594, 7.30880260468, 3.8515226841, 2.32554149628, 1.53818416595, 1.23486995697, 1.12679803371, 0.68424975872, 0.324424922466, 0.125321865082, 0.0537755601108, 0.0144562153146, 0.00418453104794, 0.00104968785308, 0.00027221837081, 4.19765929109e-05],
        "dvar": [0.188708618283, 13.9785366058, 38.7864189148, 27.0082874298, 32.6112632751, 230.861679077, 693.640319824, 566.643371582, 139.973937988, 23.6495933533, 58.7343673706, 148.299819946, 115.481193542, 153.383483887, 260.941711426, 324.181762695, 250.812347412, 253.721557617, 250.956222534, 92.3165054321, 128.858093262, 183.601119995, 297.727752686, 248.27885437, 181.905227661, 132.151855469, 25.8404006958, 14.6008987427, 13.9692516327, 10.2198352814, 28.3742198944, 13.0886325836, 1.39695549011, 0.061175879091, 0.0108543904498, 0.00142673403025, 0.000207883815165, 5.89055071032e-06, 1.96116502593e-07, 2.70804134672e-09],
        "dvar2": [0.512826144695, 36.5233459473, 106.433738708, 73.1127166748, 76.9980316162, 479.246276855, 1907.85986328, 1371.55090332, 322.437133789, 49.4302368164, 137.577819824, 315.246520996, 202.20489502, 313.505645752, 609.317810059, 758.651489258, 536.286071777, 588.777587891, 295.701690674, 232.049240112, 325.873779297, 402.909759521, 652.687194824, 626.200195312, 449.980834961, 337.310699463, 70.1412887573, 39.8684005737, 35.1705207825, 19.2779598236, 61.976234436, 30.225561142, 2.63767671585, 0.120173960924, 0.0248175896704, 0.0031279779505, 0.000401497352868, 9.05803244677e-06, 4.12585762888e-07, 6.35779207059e-09],
        "max": [4.66125202179, 50.4170379639, 72.182434082, 101.986106873, 165.474899292, 366.785888672, 641.783752441, 600.338928223, 380.622558594, 128.711364746, 227.444580078, 473.649414062, 594.153198242, 461.323425293, 316.697052002, 391.97366333, 330.292053223, 227.030548096, 807.239379883, 329.416992188, 146.676116943, 439.697418213, 704.317871094, 230.51776123, 344.611785889, 344.475524902, 72.4815750122, 79.2054443359, 111.542205811, 102.272445679, 156.12538147, 121.02142334, 60.4692764282, 7.39168453217, 3.14718842506, 1.18480098248, 0.44812092185, 0.0939013138413, 0.00932243373245, 0.000719253439456],
        "mean": [0.301878422499, 2.91664338112, 5.10697078705, 5.09784078598, 4.66114282608, 9.56804847717, 21.3134593964, 15.9768981934, 7.95802259445, 4.52794933319, 6.80665636063, 9.05444908142, 12.5704421997, 16.3463401794, 18.5843582153, 24.2333641052, 20.5552711487, 17.7651977539, 10.9758014679, 7.75562381744, 16.0295982361, 16.4534778595, 15.1793260574, 18.8183727264, 13.8748397827, 8.91728115082, 3.98505115509, 1.84514546394, 1.50855839252, 1.58963441849, 1.28397130966, 0.695798993111, 0.394022256136, 0.14634630084, 0.0626147687435, 0.0170253198594, 0.00485822139308, 0.00105141848326, 0.000212066152017, 4.97273722431e-05],
        "median": [0.0917108058929, 1.42458808422, 2.76993393898, 3.10631942749, 2.15928840637, 2.39258790016, 7.04653787613, 4.01298713684, 1.36215507984, 1.43084466457, 2.71042728424, 3.43745279312, 2.73701405525, 5.69746160507, 7.87122535706, 12.498957634, 11.3365364075, 9.74002075195, 4.91286897659, 4.74557971954, 9.93609237671, 9.22689723969, 7.12144708633, 9.65400695801, 7.34036302567, 3.58870840073, 1.76832580566, 0.606370389462, 0.162777841091, 0.173717722297, 0.0836398974061, 0.0523581951857, 0.037480533123, 0.0223590005189, 0.00877759139985, 0.00258975615725, 0.000628747337032, 0.000145619429532, 4.35164256487e-05, 2.96161579172e-05],
        "min": [3.28006698317e-22, 4.53753519697e-21, 1.09573966182e-20, 1.12599791247e-20, 1.47086994702e-20, 3.10297452065e-20, 4.9721593976e-20, 9.06075031427e-20, 7.09557442303e-19, 2.2899111799e-18, 1.4392408093e-18, 2.47207372157e-18, 2.15253116261e-18, 3.81700549788e-18, 2.65137152999e-18, 3.23469081936e-18, 3.79927860376e-18, 5.02297486039e-18, 1.11822568272e-17, 4.63973836028e-18, 6.76934255785e-18, 1.12456039729e-17, 1.19006168671e-17, 1.3787849287e-17, 1.93210316307e-17, 1.3932485953e-17, 2.48872854826e-17, 2.28700632838e-17, 1.29798278318e-17, 1.39423955767e-17, 2.00431702317e-17, 1.67074833479e-17, 1.40434869738e-17, 1.53347225274e-17, 1.0270551591e-17, 4.43959994312e-18, 3.17566217688e-18, 1.4942625889e-18, 3.21712874098e-19, 3.67542421734e-20],
        "var": [0.254905253649, 18.0549430847, 47.71352005, 40.4156265259, 63.9338607788, 624.349853516, 2823.03222656, 2128.92333984, 806.261535645, 116.704750061, 183.803451538, 481.228637695, 2117.93139648, 1507.14648438, 911.17980957, 1110.34399414, 785.703735352, 591.220214844, 1005.80273438, 152.648300171, 337.708068848, 596.840637207, 1319.9206543, 698.51940918, 488.901977539, 537.010131836, 48.3171234131, 20.2782154083, 40.5252418518, 34.4000511169, 60.4788398743, 23.649936676, 6.06468486786, 0.236974477768, 0.0385477878153, 0.00400963658467, 0.000541686429642, 1.61531625054e-05, 2.78830412981e-07, 4.18572776439e-09]
    },
    "gfcc": {
        "mean": [-63.9674263, 124.700752258, -123.509529114, 43.8732528687, -25.6647605896, 9.67277431488, -21.5857181549, 3.89536905289, -24.3368797302, -4.41552639008, -1.25923442841, 0.195934280753, -3.16699266434],
        "cov": [[15786.7753906, 653.610900879, -682.368164062, 337.683746338, -426.363861084, 243.221466064, -445.477020264, 325.710571289, -803.094238281, -212.243179321, -173.886505127, -199.666931152, -466.401062012], [653.610900879, 1009.2644043, -304.702087402, 23.4763813019, 202.869125366, -48.8196296692, 94.9293823242, -49.9341850281, -31.4383411407, -39.8847160339, 60.6938171387, -27.8808174133, 51.7463798523], [-682.368164062, -304.702087402, 783.943725586, 90.1689224243, 109.976318359, 181.870544434, -32.1627616882, 52.83385849, 83.7096176147, 33.4079208374, -1.05249857903, 37.7897911072, -2.93865466118], [337.683746338, 23.4763813019, 90.1689224243, 224.196044922, 46.0020751953, 36.5473480225, 37.8507232666, 15.2608070374, 35.5062141418, 25.2059326172, 7.53462553024, 10.5845823288, -3.28155303001], [-426.363861084, 202.869125366, 109.976318359, 46.0020751953, 345.178894043, 105.191093445, 111.275985718, 34.3384933472, 6.98180150986, 27.6221389771, 41.7759361267, -37.4487304688, 25.2190933228], [243.221466064, -48.8196296692, 181.870544434, 36.5473480225, 105.191093445, 185.329696655, 45.4888458252, 43.0524368286, 2.43265724182, 13.5368175507, -5.29868888855, -4.22641277313, -8.01792430878], [-445.477020264, 94.9293823242, -32.1627616882, 37.8507232666, 111.275985718, 45.4888458252, 169.393981934, 27.4270172119, 47.7452316284, 15.7962026596, 27.6939334869, -8.55545139313, 23.2803020477], [325.710571289, -49.9341850281, 52.83385849, 15.2608070374, 34.3384933472, 43.0524368286, 27.4270172119, 93.3602600098, 17.9028358459, 22.2385082245, 1.89176654816, -10.4438943863, -13.5501813889], [-803.094238281, -31.4383411407, 83.7096176147, 35.5062141418, 6.98180150986, 2.43265724182, 47.7452316284, 17.9028358459, 138.851577759, 50.7022743225, 19.814245224, 30.4992141724, 34.0216560364], [-212.243179321, -39.8847160339, 33.4079208374, 25.2059326172, 27.6221389771, 13.5368175507, 15.7962026596, 22.2385082245, 50.7022743225, 77.0483474731, 33.2162361145, 11.8770055771, 13.4381256104], [-173.886505127, 60.6938171387, -1.05249857903, 7.53462553024, 41.7759361267, -5.29868888855, 27.6939334869, 1.89176654816, 19.814245224, 33.2162361145, 69.3998794556, 25.7184333801, 19.8725700378], [-199.666931152, -27.8808174133, 37.7897911072, 10.5845823288, -37.4487304688, -4.22641277313, -8.55545139313, -10.4438943863, 30.4992141724, 11.8770055771, 25.7184333801, 71.9114837646, 36.2219276428], [-466.401062012, 51.7463798523, -2.93865466118, -3.28155303001, 25.2190933228, -8.01792430878, 23.2803020477, -13.5501813889, 34.0216560364, 13.4381256104, 19.8725700378, 36.2219276428, 77.1678085327]],
        "icov": [[0.000250758574111, -0.000356855365681, 0.000214064726606, -0.000629044778179, 0.000622882216703, -0.000694473681506, 0.000612148840446, -0.00131353456527, 0.00127709109802, -0.000129100561026, -5.83440669288e-05, -7.54630746087e-05, 0.00055512052495], [-0.000356855365681, 0.00219696434215, 0.000487054610858, 0.000410900451243, -0.00204434781335, 0.000992192071863, -0.000469217950013, 0.00234027556144, -0.00239957333542, 0.00223042652942, -0.00167442043312, 0.000863824912813, -0.00157508742996], [0.000214064726606, 0.000487054610858, 0.00285975891165, -0.00119340780657, -0.000888352398761, -0.00273918057792, 0.00282012298703, -0.00128096342087, -0.00134955835529, 0.00184461800382, -0.000907822803129, -0.000862876244355, 0.000867932278197], [-0.000629044778179, 0.000410900451243, -0.00119340780657, 0.00694377394393, -0.0018443983281, 0.00190885714255, -0.00295846094377, 0.00353526929393, -0.00331569905393, -0.00186173513066, 0.00202198582701, -0.00203457754105, 0.000707084662281], [0.000622882216703, -0.00204434781335, -0.000888352398761, -0.0018443983281, 0.00850180815905, -0.00383794377558, -0.00103755900636, -0.00366417295299, 0.00504399370402, -0.00179530156311, -0.00343057955615, 0.00570975756273, -0.00219212891534], [-0.000694473681506, 0.000992192071863, -0.00273918057792, 0.00190885714255, -0.00383794377558, 0.0121628306806, -0.00504565238953, 0.00169125245884, -0.000248843134614, -0.00247976370156, 0.00476200459525, -0.00339229800738, 0.0003588522668], [0.000612148840446, -0.000469217950013, 0.00282012298703, -0.00295846094377, -0.00103755900636, -0.00504565238953, 0.0132467690855, -0.00496898544952, -0.00281684310175, 0.00485531566665, -0.00503541342914, 0.00309391599149, -0.000817131600343], [-0.00131353456527, 0.00234027556144, -0.00128096342087, 0.00353526929393, -0.00366417295299, 0.00169125245884, -0.00496898544952, 0.0209354031831, -0.00748176174238, -0.00270725577138, 0.000936005497351, 0.00131144910119, 5.50223921891e-05], [0.00127709109802, -0.00239957333542, -0.00134955835529, -0.00331569905393, 0.00504399370402, -0.000248843134614, -0.00281684310175, -0.00748176174238, 0.021422650665, -0.0104036042467, 0.00419274857268, -0.0039284885861, 0.000128350220621], [-0.000129100561026, 0.00223042652942, 0.00184461800382, -0.00186173513066, -0.00179530156311, -0.00247976370156, 0.00485531566665, -0.00270725577138, -0.0104036042467, 0.0270852763206, -0.0141739035025, 0.00538545660675, -0.00290365633555], [-5.83440669288e-05, -0.00167442043312, -0.000907822803129, 0.00202198582701, -0.00343057955615, 0.00476200459525, -0.00503541342914, 0.000936005497351, 0.00419274857268, -0.0141739035025, 0.0298041235656, -0.0146939223632, 0.00396268256009], [-7.54630746087e-05, 0.000863824912813, -0.000862876244355, -0.00203457754105, 0.00570975756273, -0.00339229800738, 0.00309391599149, 0.00131144910119, -0.0039284885861, 0.00538545660675, -0.0146939223632, 0.0312951132655, -0.0141877708957], [0.00055512052495, -0.00157508742996, 0.000867932278197, 0.000707084662281, -0.00219212891534, 0.0003588522668, -0.000817131600343, 5.50223921891e-05, 0.000128350220621, -0.00290365633555, 0.00396268256009, -0.0141877708957, 0.0245313029736]]
    },
    "melbands": {
        "dmean": [0.00235348450951, 0.00210862839594, 0.000514971441589, 0.000286156922812, 0.000310319854179, 0.0001758596336, 4.59552611574e-05, 2.15662366827e-05, 3.00599131151e-05, 3.00287410937e-05, 2.37358672166e-05, 2.48320593528e-05, 2.68044477707e-05, 2.26735774049e-05, 4.51339110441e-05, 1.73332064151e-05, 2.02441151487e-05, 8.64340836415e-06, 6.19455795459e-06, 7.50571962271e-06, 9.45557803789e-06, 1.02630801848e-05, 6.59522856949e-06, 6.28560337645e-06, 8.85774534254e-06, 6.46645003144e-06, 4.64219328933e-06, 2.70688769888e-06, 1.4785160829e-06, 1.24122595935e-06, 6.66887217449e-07, 6.13037741459e-07, 4.0076258756e-07, 5.09998585585e-07, 4.37673634224e-07, 3.63414812909e-07, 2.21624247843e-07, 1.91182905951e-07, 9.88863888551e-08, 7.03823914705e-08],
        "dmean2": [0.00383303896524, 0.00344972219318, 0.000865072070155, 0.000451467145467, 0.000502179376781, 0.000274618621916, 6.9118119427e-05, 3.13026830554e-05, 4.4948712457e-05, 4.54786022601e-05, 3.62252321793e-05, 3.66551430488e-05, 4.05301834689e-05, 3.52956485585e-05, 6.87958017807e-05, 2.61309105554e-05, 3.18782331306e-05, 1.2841986063e-05, 9.49216246227e-06, 1.22256078612e-05, 1.51448784891e-05, 1.62581727636e-05, 1.05654089566e-05, 1.00675015346e-05, 1.47530381582e-05, 1.04798773464e-05, 7.76243450673e-06, 4.47513320978e-06, 2.51675896834e-06, 2.10750567931e-06, 1.17057800253e-06, 1.02015917491e-06, 6.1715894617e-07, 7.91670174749e-07, 6.80089215166e-07, 5.56985241928e-07, 3.64568279565e-07, 2.78110263707e-07, 1.4882624555e-07, 1.04469286555e-07],
        "dvar": [1.70570729097e-05, 1.22639912661e-05, 6.37846994778e-07, 5.36734660272e-07, 5.66085475384e-07, 2.49436681088e-07, 2.54351029128e-08, 2.45079068151e-09, 5.3350013296e-09, 6.3860459143e-09, 3.5624740935e-09, 3.11476133774e-09, 2.05748018622e-09, 1.45706802179e-09, 6.57518572922e-09, 1.43516709628e-09, 1.2836086638e-09, 5.97406846214e-10, 2.80722917134e-10, 1.68228542208e-10, 1.86867368801e-10, 2.54558679691e-10, 2.28988966677e-10, 2.49183673695e-10, 2.06283837234e-10, 1.33286964799e-10, 9.46215814035e-11, 5.5250113512e-11, 1.19659247788e-11, 7.26268307646e-12, 4.78157270722e-12, 7.55352204396e-12, 1.69491612585e-12, 4.79412776838e-12, 9.5934527683e-12, 1.08404856272e-11, 3.04965753171e-12, 1.38218700808e-12, 1.00053361321e-13, 4.05170146565e-14],
        "dvar2": [4.64356598968e-05, 3.19043174386e-05, 1.72118222963e-06, 1.16388639526e-06, 1.52171639911e-06, 6.13043425801e-07, 5.95089879596e-08, 4.9667581159e-09, 1.29309558616e-08, 1.30625483763e-08, 6.00164318243e-09, 6.06473893328e-09, 4.66633753859e-09, 3.67266883572e-09, 1.50277799094e-08, 2.58744292658e-09, 3.00328628633e-09, 7.90621124125e-10, 4.9474463415e-10, 4.34419444861e-10, 4.71483574405e-10, 5.86122483881e-10, 5.39526812116e-10, 5.07080100132e-10, 5.29736365884e-10, 3.27897875518e-10, 2.47504766682e-10, 1.33080463316e-10, 3.24412441355e-11, 2.0277394347e-11, 1.27678631556e-11, 1.92387876463e-11, 3.70664176436e-12, 9.47343072044e-12, 2.16721605939e-11, 2.38984023543e-11, 7.0052236581e-12, 2.64890149745e-12, 2.17513967992e-13, 9.13202618993e-14],
        "max": [0.0403563193977, 0.0469802320004, 0.0146599458531, 0.0176181569695, 0.0177463181317, 0.0116300880909, 0.00493737030774, 0.00148951134179, 0.00216955575161, 0.0032652860973, 0.0034853015095, 0.00258354959078, 0.00085291697178, 0.000631707545836, 0.00197646347806, 0.00106035335921, 0.000486422621179, 0.00117861782201, 0.000647192471661, 0.000287332193693, 0.000167548350873, 0.000397532538045, 0.000557937833946, 0.000710677355528, 0.00020484549168, 0.000299112085486, 0.000191217914107, 0.000218313463847, 5.96108366153e-05, 3.58002907888e-05, 5.13838240295e-05, 9.09953960218e-05, 3.4536831663e-05, 7.54978464101e-05, 9.51899637585e-05, 9.82772326097e-05, 5.76714483032e-05, 6.42484519631e-05, 8.90300998435e-06, 5.25681707586e-06],
        "mean": [0.00316703389399, 0.00322274747305, 0.000858047627844, 0.000501089380123, 0.000657368102111, 0.000390449538827, 0.000109224347398, 4.62251009594e-05, 6.02885884291e-05, 5.61236884096e-05, 6.54510367895e-05, 6.82209138176e-05, 5.8104920754e-05, 5.02578513988e-05, 8.37096158648e-05, 3.15947909257e-05, 3.44564614352e-05, 1.78511290869e-05, 1.14701952043e-05, 1.33178100441e-05, 1.8669938072e-05, 1.84632426681e-05, 1.30430425997e-05, 1.32996483444e-05, 1.560614146e-05, 1.1502689631e-05, 8.52046196087e-06, 5.01995509694e-06, 2.35213656197e-06, 1.85670535302e-06, 7.94193226739e-07, 9.04934609025e-07, 7.44304657019e-07, 9.23386494378e-07, 7.60545106004e-07, 5.90292700053e-07, 3.45225771525e-07, 3.22955941101e-07, 1.56545297614e-07, 1.10716037227e-07],
        "median": [0.00129613769241, 0.00195095827803, 0.000543443486094, 0.000151466796524, 0.000222286776989, 0.000107597639726, 1.80713068403e-05, 1.45497178892e-05, 2.33189639403e-05, 2.05524102057e-05, 1.19959331641e-05, 1.95889806491e-05, 2.67725827143e-05, 2.22490234592e-05, 3.60951053153e-05, 1.37093329613e-05, 1.68455535459e-05, 6.81790288581e-06, 5.43863598068e-06, 7.9864394138e-06, 1.11259496407e-05, 1.01363875729e-05, 5.76296042709e-06, 6.3082716224e-06, 7.71429768065e-06, 5.86849319006e-06, 3.49661263499e-06, 1.76331946022e-06, 9.87447378975e-07, 7.61589717513e-07, 1.68105614762e-07, 7.43555190752e-08, 9.53527035108e-08, 9.33922450486e-08, 5.02844450523e-08, 3.42315615853e-08, 2.84255410321e-08, 2.51208849278e-08, 2.21430500602e-08, 1.78060641787e-08],
        "min": [4.45493497892e-24, 6.29771247579e-24, 1.98152787491e-24, 1.48549627923e-24, 1.99014420815e-24, 1.71270498323e-24, 1.4845371427e-23, 2.43097585363e-23, 1.05468044567e-23, 1.58691472211e-23, 1.07530978943e-23, 1.60433355976e-23, 8.57460643969e-24, 8.33124048385e-24, 1.05903409012e-23, 5.54276982848e-24, 1.01458051593e-23, 1.85894740994e-23, 7.90458821871e-24, 7.7282352079e-24, 6.92841465812e-24, 1.13031556151e-23, 1.14282878874e-23, 8.98967349359e-24, 1.10217484199e-23, 1.4825181321e-23, 1.57454569867e-23, 6.60637678749e-24, 1.30665192735e-23, 2.1119557704e-23, 1.05276067377e-23, 7.4863010346e-24, 6.36546537236e-24, 8.56368544932e-24, 1.14127268171e-23, 1.09924666919e-23, 9.86481211601e-24, 8.88747971876e-24, 1.18035190433e-23, 1.34375434342e-23],
        "var": [2.30300211115e-05, 1.59659739438e-05, 1.08238737084e-06, 1.36180415211e-06, 2.35182824326e-06, 9.60257352745e-07, 1.42231584732e-07, 1.33430546612e-08, 1.52550256871e-08, 2.13455955134e-08, 7.15808781138e-08, 4.24034460877e-08, 7.57214557723e-09, 5.18973353181e-09, 2.04501215961e-08, 3.48914008796e-09, 2.68943889381e-09, 2.29715002575e-09, 1.00910302336e-09, 3.01412533821e-10, 4.8969228672e-10, 7.39132255401e-10, 9.29482657508e-10, 8.87869056054e-10, 5.00842700646e-10, 3.1771144049e-10, 2.95928753724e-10, 2.11041628617e-10, 2.0572271317e-11, 9.95222220607e-12, 6.78555042016e-12, 2.09832169001e-11, 5.2760317816e-12, 1.40046021654e-11, 2.05075314369e-11, 1.92510087732e-11, 5.73226925996e-12, 5.74932549485e-12, 3.35201294889e-13, 1.1253313819e-13]
    },
    "mfcc": {
        "mean": [-702.03704834, 148.381515503, -19.8808383942, 41.1150169373, 17.3100528717, 11.9234867096, 18.2548751831, 9.97964668274, -3.7652630806, -2.00922584534, -2.05413150787, 2.28506040573, 2.30706548691],
        "cov": [[11609.5585938, 320.070281982, -520.02557373, 193.629455566, -265.521606445, -232.416488647, 167.969039917, 155.662948608, -512.376464844, 197.26600647, -122.875328064, -276.846557617, 59.0597229004], [320.070281982, 890.22088623, -297.295684814, 79.9125823975, 94.0052261353, 45.0993461609, 152.305633545, 20.4140872955, -14.9629993439, -2.4550485611, -22.1831169128, 1.3187776804, 5.61939144135], [-520.02557373, -297.295684814, 635.785827637, -12.1240673065, 137.210861206, 72.1060638428, -69.5436706543, 37.3730697632, 52.1145095825, -9.41046047211, 54.2410392761, 30.4170227051, -5.10313129425], [193.629455566, 79.9125823975, -12.1240673065, 198.54486084, 33.3210449219, 32.4580001831, 30.6704788208, 14.194434166, 14.8178272247, 8.66905879974, 17.5808982849, 28.411989212, 25.1142845154], [-265.521606445, 94.0052261353, 137.210861206, 33.3210449219, 222.941970825, 80.6832046509, 82.9647750854, 12.8623151779, 51.5406951904, 13.8986520767, 35.0091400146, 39.8100891113, 0.204275995493], [-232.416488647, 45.0993461609, 72.1060638428, 32.4580001831, 80.6832046509, 141.998519897, 69.7964477539, 33.3583908081, 50.8326721191, 5.70594263077, 24.3459873199, 23.9379348755, -7.07332992554], [167.969039917, 152.305633545, -69.5436706543, 30.6704788208, 82.9647750854, 69.7964477539, 179.013748169, 38.2403488159, 32.7042121887, 28.3170261383, 16.6748027802, 33.1170501709, 3.78686928749], [155.662948608, 20.4140872955, 37.3730697632, 14.194434166, 12.8623151779, 33.3583908081, 38.2403488159, 82.1948623657, 26.3010902405, 11.9296693802, 11.8559961319, 2.17481827736, 4.35647296906], [-512.376464844, -14.9629993439, 52.1145095825, 14.8178272247, 51.5406951904, 50.8326721191, 32.7042121887, 26.3010902405, 114.641517639, 24.3746128082, 28.034954071, 32.7157554626, 2.03708362579], [197.26600647, -2.4550485611, -9.41046047211, 8.66905879974, 13.8986520767, 5.70594263077, 28.3170261383, 11.9296693802, 24.3746128082, 80.1071395874, 27.2847690582, 5.28245687485, 10.142698288], [-122.875328064, -22.1831169128, 54.2410392761, 17.5808982849, 35.0091400146, 24.3459873199, 16.6748027802, 11.8559961319, 28.034954071, 27.2847690582, 77.3073730469, 34.505153656, 7.73810815811], [-276.846557617, 1.3187776804, 30.4170227051, 28.411989212, 39.8100891113, 23.9379348755, 33.1170501709, 2.17481827736, 32.7157554626, 5.28245687485, 34.505153656, 81.5294647217, 24.9869728088], [59.0597229004, 5.61939144135, -5.10313129425, 25.1142845154, 0.204275995493, -7.07332992554, 3.78686928749, 4.35647296906, 2.03708362579, 10.142698288, 7.73810815811, 24.9869728088, 61.2834892273]],
