{
"lowlevel": {
    "average_loudness": 0.289246976376,
    "barkbands_crest": {
        "dmean": 2.53282022476,
        "dmean2": 3.95327806473,
        "dvar": 5.89909172058,
        "dvar2": 14.1711521149,
        "max": 26.8382339478,
        "mean": 12.6166915894,
        "median": 11.5936098099,
        "min": 3.15819215775,
        "var": 27.7948322296
    },
    "barkbands_flatness_db": {
        "dmean": 0.0197317842394,
        "dmean2": 0.0294022355229,
        "dvar": 0.000473782420158,
        "dvar2": 0.000989036634564,
        "max": 0.461982876062,
        "mean": 0.173149347305,
        "median": 0.162714093924,
        "min": 0.0250561516732,
        "var": 0.00552059942856
    },
    "barkbands_kurtosis": {
        "dmean": 7.00835371017,
        "dmean2": 11.090461731,
        "dvar": 2309.52172852,
        "dvar2": 5491.82910156,
        "max": 1772.14611816,
        "mean": 19.5405578613,
        "median": 2.11818695068,
        "min": -1.90120720863,
        "var": 19107.2402344
    },
    "barkbands_skewness": {
        "dmean": 0.554761826992,
        "dmean2": 0.845259666443,
        "dvar": 1.09415960312,
        "dvar2": 2.23239994049,
        "max": 7.57005357742,
        "mean": 0.852216541767,
        "median": 1.15477406979,
        "min": -37.9816436768,
        "var": 14.2793645859
    },
    "barkbands_spread": {
        "dmean": 4.11014127731,
        "dmean2": 6.21918296814,
        "dvar": 35.6336975098,
        "dvar2": 76.7812728882,
        "max": 91.304107666,
        "mean": 17.6064834595,
        "median": 15.5434274673,
        "min": 0.15638962388,
        "var": 148.410171509
    },
    "dissonance": {
        "dmean": 0.0253271032125,
        "dmean2": 0.0428952798247,
        "dvar": 0.000696733768564,
        "dvar2": 0.00189722760115,
        "max": 0.499998956919,
        "mean": 0.444113343954,
        "median": 0.451079130173,
        "min": 0.204722061753,
        "var": 0.00161884957924
    },
    "dynamic_complexity": 5.89715147018,
    "erbbands_crest": {
        "dmean": 3.01352190971,
        "dmean2": 4.67535543442,
        "dvar": 7.96867990494,
        "dvar2": 18.5952224731,
        "max": 34.2708358765,
        "mean": 13.3751764297,
        "median": 12.5915641785,
        "min": 2.67726707458,
        "var": 35.4985084534
    },
    "erbbands_flatness_db": {
        "dmean": 0.0172116234899,
        "dmean2": 0.0243449807167,
        "dvar": 0.000298043945804,
        "dvar2": 0.000562744913623,
        "max": 0.490253657103,
        "mean": 0.215233713388,
        "median": 0.210303872824,
        "min": 0.0670783221722,
        "var": 0.00598218524829
    },
    "erbbands_kurtosis": {
        "dmean": 1.41874647141,
        "dmean2": 2.16755342484,
        "dvar": 10.0219936371,
        "dvar2": 21.9115695953,
        "max": 78.0259094238,
        "mean": 1.85945522785,
        "median": 0.318067789078,
        "min": -1.85380744934,
        "var": 27.5428256989
    },
    "erbbands_skewness": {
        "dmean": 0.38081535697,
        "dmean2": 0.56840211153,
        "dvar": 0.132580503821,
        "dvar2": 0.29190865159,
        "max": 4.91502046585,
        "mean": 0.655422031879,
        "median": 0.63228303194,
        "min": -3.03520774841,
        "var": 0.912645637989
    },
    "erbbands_spread": {
        "dmean": 5.72695016861,
        "dmean2": 8.54391002655,
        "dvar": 53.2404098511,
        "dvar2": 114.315910339,
        "max": 117.979507446,
        "mean": 29.8384437561,
        "median": 28.6532993317,
        "min": 0.833063840866,
        "var": 285.009307861
    },
    "hfc": {
        "dmean": 4.12599420547,
        "dmean2": 5.99028587341,
        "dvar": 85.8468856812,
        "dvar2": 188.554580688,
        "max": 206.182022095,
        "mean": 15.0887374878,
        "median": 6.5602273941,
        "min": 1.10242635104e-16,
        "var": 455.419067383
    },
    "melbands_crest": {
        "dmean": 3.13656949997,
        "dmean2": 4.81151533127,
        "dvar": 9.36743450165,
        "dvar2": 21.4325809479,
        "max": 35.2620124817,
        "mean": 15.5247097015,
        "median": 14.2956075668,
        "min": 1.77707898617,
        "var": 40.8090400696
    },
    "melbands_flatness_db": {
        "dmean": 0.0217942483723,
        "dmean2": 0.0322807133198,
        "dvar": 0.000602730200626,
        "dvar2": 0.00132365967147,
        "max": 0.475459843874,
        "mean": 0.214717715979,
        "median": 0.201305016875,
        "min": 0.00570151815191,
        "var": 0.00596087612212
    },
    "melbands_kurtosis": {
        "dmean": 4.6597070694,
        "dmean2": 7.29998731613,
        "dvar": 63.0723075867,
        "dvar2": 158.290328979,
        "max": 143.382202148,
        "mean": 9.61583614349,
        "median": 5.81446266174,
        "min": -1.71013474464,
        "var": 144.980911255
    },
    "melbands_skewness": {
        "dmean": 0.59439009428,
        "dmean2": 0.897919893265,
        "dvar": 0.444227129221,
        "dvar2": 1.04569256306,
        "max": 10.1694393158,
        "mean": 1.85511422157,
        "median": 1.81162524223,
        "min": -5.46818208694,
        "var": 2.78452110291
    },
    "melbands_spread": {
        "dmean": 5.95306396484,
        "dmean2": 9.12046718597,
        "dvar": 84.220413208,
        "dvar2": 190.601516724,
        "max": 182.055252075,
        "mean": 23.5801143646,
        "median": 19.0848274231,
        "min": 1.11763226986,
        "var": 411.528106689
    },
    "pitch_salience": {
        "dmean": 0.0621010735631,
        "dmean2": 0.0973275303841,
        "dvar": 0.00389498448931,
        "dvar2": 0.00909241847694,
        "max": 0.832338094711,
        "mean": 0.487275034189,
        "median": 0.479636460543,
        "min": 0.100618936121,
        "var": 0.0162722505629
    },
    "silence_rate_20dB": {
        "dmean": 0,
        "dmean2": 0,
        "dvar": 0,
        "dvar2": 0,
        "max": 1,
        "mean": 1,
        "median": 1,
        "min": 1,
        "var": 0
    },
    "silence_rate_30dB": {
        "dmean": 0.00232198135927,
        "dmean2": 0.00464576063678,
        "dvar": 0.00231659272686,
        "dvar2": 0.00539847277105,
        "max": 1,
        "mean": 0.997678935528,
        "median": 1,
        "min": 0,
        "var": 0.00231569935568
    },
    "silence_rate_60dB": {
        "dmean": 0.0553405582905,
        "dmean2": 0.11072396487,
        "dvar": 0.0522792749107,
        "dvar2": 0.117049872875,
        "max": 1,
        "mean": 0.264990329742,
        "median": 0,
        "min": 0,
        "var": 0.194772273302
    },
    "spectral_centroid": {
        "dmean": 186.888259888,
        "dmean2": 280.551116943,
        "dvar": 68745.1796875,
        "dvar2": 132211.3125,
        "max": 11166.8164062,
        "mean": 1351.60803223,
        "median": 1221.72766113,
        "min": 367.733642578,
        "var": 477934.3125
    },
    "spectral_complexity": {
        "dmean": 2.24109911919,
        "dmean2": 3.5098721981,
        "dvar": 10.7643022537,
        "dvar2": 23.9208145142,
        "max": 58,
        "mean": 12.7617025375,
        "median": 9,
        "min": 0,
        "var": 113.712669373
    },
    "spectral_decrease": {
        "dmean": 1.17150500412e-09,
        "dmean2": 1.83241510854e-09,
        "dvar": 5.44005504167e-18,
        "dvar2": 1.36635488563e-17,
        "max": 5.63186404454e-15,
        "mean": -3.85614873366e-09,
        "median": -1.85018578236e-09,
        "min": -3.49500908214e-08,
        "var": 2.32811472328e-17
    },
    "spectral_energy": {
        "dmean": 0.00470335548744,
        "dmean2": 0.00732321152464,
        "dvar": 8.66828195285e-05,
        "dvar2": 0.000215387859498,
        "max": 0.146803826094,
        "mean": 0.0159225706011,
        "median": 0.00768584664911,
        "min": 1.06404523499e-20,
        "var": 0.000395139766624
    },
    "spectral_energyband_high": {
        "dmean": 0.00023959374812,
        "dmean2": 0.000342320563504,
        "dvar": 6.81233188971e-07,
        "dvar2": 1.39786664022e-06,
        "max": 0.0185495074838,
        "mean": 0.000609593349509,
        "median": 0.00010412663687,
        "min": 7.61324676552e-21,
        "var": 1.92856441572e-06
    },
    "spectral_energyband_low": {
        "dmean": 0.00211486732587,
        "dmean2": 0.00344298919663,
        "dvar": 4.69676670036e-05,
        "dvar2": 0.000121764867799,
        "max": 0.090572014451,
        "mean": 0.00364273856394,
        "median": 0.000144765581354,
        "min": 9.07517765379e-23,
        "var": 6.85636987328e-05
    },
    "spectral_energyband_middle_high": {
        "dmean": 0.00163115025498,
        "dmean2": 0.00247561675496,
        "dvar": 1.11717536129e-05,
        "dvar2": 2.68948770099e-05,
        "max": 0.0697632133961,
        "mean": 0.00507266260684,
        "median": 0.00182707398199,
        "min": 1.73095015267e-21,
        "var": 6.24456224614e-05
    },
    "spectral_energyband_middle_low": {
        "dmean": 0.00232464866713,
        "dmean2": 0.00359503086656,
        "dvar": 3.10452487611e-05,
        "dvar2": 7.91890270193e-05,
        "max": 0.11740064621,
        "mean": 0.00729927048087,
        "median": 0.00385114992969,
        "min": 4.12740330739e-22,
        "var": 0.000114131034934
    },
    "spectral_entropy": {
        "dmean": 0.165706753731,
        "dmean2": 0.235056504607,
        "dvar": 0.039492610842,
        "dvar2": 0.0754788741469,
        "max": 9.81141471863,
        "mean": 7.07444000244,
        "median": 7.09849977493,
        "min": 4.76622629166,
        "var": 0.545813560486
    },
    "spectral_flux": {
        "dmean": 0.016144009307,
        "dmean2": 0.0250608269125,
        "dvar": 0.000440380856162,
        "dvar2": 0.000974574009888,
        "max": 0.293534815311,
        "mean": 0.0527594871819,
        "median": 0.038541637361,
        "min": 1.03152569819e-10,
        "var": 0.00219458295032
    },
    "spectral_kurtosis": {
        "dmean": 3.00106096268,
        "dmean2": 5.14445066452,
        "dvar": 27.6828956604,
        "dvar2": 79.209854126,
        "max": 103.721099854,
        "mean": 8.56127357483,
        "median": 4.72480010986,
        "min": -1.36034297943,
        "var": 162.916351318
    },
    "spectral_rms": {
        "dmean": 0.000490582548082,
        "dmean2": 0.000732109590899,
        "dvar": 4.51522851108e-07,
        "dvar2": 1.02942590274e-06,
        "max": 0.01196759101,
        "mean": 0.0032672251109,
        "median": 0.00273831817321,
        "min": 3.22194484634e-12,
        "var": 4.85947430207e-06
    },
    "spectral_rolloff": {
        "dmean": 409.807647705,
        "dmean2": 702.769958496,
        "dvar": 816607.8125,
        "dvar2": 1759789.375,
        "max": 20994.8730469,
        "mean": 1789.60522461,
        "median": 1184.32617188,
        "min": 64.599609375,
        "var": 6021523.5
    },
    "spectral_skewness": {
        "dmean": 0.299977570772,
        "dmean2": 0.495476722717,
        "dvar": 0.159517511725,
        "dvar2": 0.441169947386,
        "max": 8.4059677124,
        "mean": 1.9165520668,
        "median": 1.65398144722,
        "min": -0.0646764338017,
        "var": 1.02211987972
    },
    "spectral_spread": {
        "dmean": 464022.75,
        "dmean2": 669956.4375,
        "dvar": 721148444672,
        "dvar2": 1.22870130278e+12,
        "max": 41219716,
        "mean": 4286828.5,
        "median": 3862337.75,
        "min": 880930.1875,
        "var": 8.07842558771e+12
    },
    "spectral_strongpeak": {
        "dmean": 0.554324448109,
        "dmean2": 0.897307932377,
        "dvar": 0.884426236153,
        "dvar2": 2.09349179268,
        "max": 12.6434307098,
        "mean": 1.3694767952,
        "median": 0.778156161308,
        "min": 1.0852581056e-09,
        "var": 2.54194736481
    },
    "zerocrossingrate": {
        "dmean": 0.00882213097066,
        "dmean2": 0.0104550411925,
        "dvar": 0.000301342923194,
        "dvar2": 0.000371148227714,
        "max": 0.8916015625,
        "mean": 0.0722901821136,
        "median": 0.05419921875,
        "min": 0.01416015625,
        "var": 0.00914758443832
    },
    "barkbands": {
        "dmean": [9.14396659937e-05, 0.00153898017015, 0.000634483119939, 0.000296357786283, 0.000621592917014, 0.000547228846699, 0.000774603220634, 0.000552413461264, 0.000474783533718, 0.000727587903384, 0.000472415355034, 0.000276300066616, 0.000241681133048, 0.000204626281629, 0.000243687434704, 0.000152473585331, 0.000240487308474, 0.000136819478939, 0.000101254714536, 6.78634023643e-05, 6.00935272814e-05, 5.84625486226e-05, 7.74411164457e-05, 4.09767635574e-05, 1.96393266378e-05, 7.73756164563e-06, 3.42184421243e-06],
        "dmean2": [0.000135394118843, 0.00250588427298, 0.00112291111145, 0.000475681852549, 0.000998193281703, 0.000830281118397, 0.00115934351925, 0.000809551449493, 0.000717638700735, 0.00102820061147, 0.000755095214117, 0.000423663965194, 0.000380974874133, 0.000315977318678, 0.000391831883462, 0.000223689261475, 0.000370485242456, 0.000215576263145, 0.000164605604368, 0.000109367552795, 9.77169474936e-05, 8.89024886419e-05, 0.00010749806097, 6.00647508691e-05, 2.71992284979e-05, 1.10544315248e-05, 5.15095553055e-06],
        "dvar": [1.51869429033e-07, 2.53642647294e-05, 8.20710738481e-06, 7.8344044141e-07, 6.40825419396e-06, 2.14457668335e-06, 3.86845431422e-06, 7.03538034941e-06, 6.80213588566e-06, 7.15427086107e-06, 4.00858334615e-06, 7.97611221515e-07, 9.82393657978e-07, 7.78508820076e-07, 7.06769242242e-07, 2.72290378689e-07, 7.10629308287e-07, 1.00424053073e-07, 8.1310631117e-08, 4.46576109425e-08, 6.71090489845e-08, 3.80475917439e-08, 4.75379877685e-08, 1.96687004461e-08, 3.75071085301e-09, 9.830481984e-10, 1.649897996e-10],
        "dvar2": [3.17085351753e-07, 6.61151061649e-05, 2.3568254619e-05, 1.86168188065e-06, 1.86243742064e-05, 5.15355213793e-06, 7.83757423051e-06, 1.45165204231e-05, 1.66917416209e-05, 1.44887699207e-05, 1.00923916762e-05, 1.75091531673e-06, 2.19617663788e-06, 1.50476375893e-06, 1.78754930857e-06, 5.36108416327e-07, 1.57072111051e-06, 2.36386270558e-07, 2.00345468215e-07, 1.14171996302e-07, 1.63254426866e-07, 8.35456575032e-08, 8.81325590285e-08, 3.86400884622e-08, 7.37285610342e-09, 2.38054087554e-09, 3.87528981127e-10],
        "max": [0.00542279565707, 0.0732066631317, 0.0442869998515, 0.0371128991246, 0.0584402084351, 0.0415807999671, 0.0524201914668, 0.0933305099607, 0.0946433693171, 0.0675069615245, 0.0486933141947, 0.0221389345825, 0.0266040805727, 0.0329426229, 0.0222790837288, 0.0158048141748, 0.0260664913803, 0.00717259012163, 0.00583094311878, 0.00560907181352, 0.00580635666847, 0.00492945266888, 0.00565745681524, 0.00314196036197, 0.00151805114001, 0.000820477085654, 0.000257593841525],
        "mean": [9.64367936831e-05, 0.0023439694196, 0.000766206590924, 0.000685709062964, 0.00127946096472, 0.00123754749075, 0.00161539088003, 0.00110906001646, 0.000904077722225, 0.00147902232129, 0.000927748391405, 0.000505410542246, 0.000410256849136, 0.000321457337122, 0.000390808068914, 0.000266569317318, 0.000463284784928, 0.00025655090576, 0.00018301109958, 0.000124115715153, 9.27201253944e-05, 0.000119431970234, 0.000206218814128, 8.39532585815e-05, 3.8530848542e-05, 1.15761376946e-05, 3.92780611946e-06],
        "median": [8.76437638908e-07, 5.79985207878e-05, 5.3974261391e-05, 3.46114902641e-05, 0.0003135484003, 0.000563942187, 0.00053536723135, 0.00010474359442, 8.08786207926e-05, 0.000124246944324, 4.35136789747e-05, 8.27762924018e-05, 4.24230238423e-05, 3.44117070199e-05, 5.91267562413e-05, 5.62259519938e-05, 6.16802135482e-05, 6.35766191408e-05, 3.53010073013e-05, 2.54854403465e-05, 1.00818060673e-05, 2.21652917389e-05, 2.04907883017e-05, 7.17478496881e-06, 4.59740113001e-06, 4.50122257689e-07, 2.97189686194e-08],
        "min": [6.7206405286e-23, 3.52164547486e-23, 1.32628170546e-23, 2.04544375203e-23, 2.88696964238e-23, 2.16775253331e-23, 9.65817173738e-23, 9.1258616514e-23, 1.07441757197e-22, 1.65609495205e-22, 1.40531392458e-22, 1.82941640195e-22, 6.26271750163e-23, 1.50205515594e-22, 1.71902711962e-22, 8.29353009268e-23, 1.78724112117e-22, 2.49330937045e-22, 2.6048262821e-22, 3.19242138115e-22, 3.52767792576e-22, 6.80970027423e-22, 7.34073972617e-22, 6.65112080449e-22, 1.47998272684e-21, 1.54171794629e-21, 2.09706986414e-21],
        "var": [1.78165279863e-07, 3.39742655342e-05, 6.58196904624e-06, 4.5373399189e-06, 8.73329645401e-06, 4.11454630012e-06, 1.12592661026e-05, 2.34230046772e-05, 1.85073113244e-05, 2.29149791267e-05, 1.27902867462e-05, 2.08686651604e-06, 1.65565484167e-06, 1.70433747826e-06, 1.89004208551e-06, 5.06194623995e-07, 2.11724614019e-06, 2.8101976568e-07, 1.57216319963e-07, 8.08433640032e-08, 8.65219362822e-08, 9.21036402701e-08, 2.25209262794e-07, 5.61987256731e-08, 1.00700967565e-08, 1.31258537373e-09, 1.90854609894e-10]
    },
    "erbbands": {
        "dmean": [0.0514123030007, 0.333478361368, 0.71984320879, 0.910607099533, 1.41779923439, 2.463367939, 2.8342165947, 5.34671783447, 9.26588535309, 11.1668119431, 11.5857658386, 11.0056657791, 15.9355707169, 27.0573692322, 12.5393161774, 10.1703767776, 10.9403934479, 9.72611141205, 12.7950868607, 7.73813247681, 9.78280162811, 11.5672559738, 7.67063093185, 6.75731754303, 4.05522346497, 3.06072759628, 2.44939184189, 2.28264069557, 1.83869934082, 2.66737246513, 2.07749986649, 1.10546028614, 0.570779621601, 0.279389321804, 0.118023321033, 0.0383971519768, 0.0133318444714, 0.0036466778256, 0.000550617347471, 4.09789608966e-05],
        "dmean2": [0.0783663094044, 0.554537475109, 1.23913884163, 1.50394368172, 2.3495721817, 3.82874798775, 4.14389562607, 8.26863098145, 14.0210733414, 16.9243278503, 17.2938842773, 16.2867889404, 23.1745567322, 38.8121261597, 18.4781570435, 14.8542757034, 16.8675823212, 14.6524438858, 20.1844520569, 11.9430332184, 14.4033660889, 17.6044139862, 12.0361070633, 11.0290899277, 6.39935493469, 4.9050116539, 4.03807210922, 3.73912167549, 2.80369901657, 3.89133095741, 2.9264831543, 1.60635304451, 0.816970169544, 0.394451022148, 0.166241794825, 0.054171487689, 0.0193778946996, 0.00540258735418, 0.000826851872262, 6.21274448349e-05],
        "dvar": [0.0376613028347, 1.21289944649, 11.3174495697, 8.32852745056, 26.9125652313, 112.664283752, 79.627822876, 266.980377197, 522.620727539, 1131.60437012, 4253.35742188, 4089.13427734, 6692.56982422, 7766.05664062, 1682.30285645, 1066.73339844, 1887.6875, 1503.60900879, 2002.35412598, 890.727050781, 696.273681641, 1740.14196777, 410.529602051, 346.912475586, 107.452095032, 87.5574645996, 108.289909363, 105.832138062, 45.7168083191, 52.8839111328, 38.9832267761, 16.7797355652, 3.23394799232, 0.714995145798, 0.140968829393, 0.0195216462016, 0.00357426586561, 0.000215263266, 5.24585948369e-06, 2.05653361007e-08],
        "dvar2": [0.0849640890956, 3.21892237663, 31.5215778351, 21.7671756744, 79.6787719727, 325.038757324, 190.260559082, 662.82598877, 1117.23413086, 2615.55029297, 8785.23144531, 9944.51757812, 14725.5791016, 17583.7207031, 3916.6027832, 2251.04370117, 4226.89794922, 2691.15527344, 4590.64306641, 1752.44885254, 1403.64318848, 4293.25830078, 996.794494629, 878.053710938, 247.828811646, 218.794311523, 274.108520508, 263.321411133, 102.945472717, 107.251945496, 73.6695556641, 35.6104011536, 5.99016618729, 1.37760674953, 0.283095479012, 0.0429130271077, 0.0090607162565, 0.00053697754629, 1.25195483633e-05, 4.9208910724e-08],
        "max": [3.14984130859, 15.0412807465, 51.7964706421, 106.149688721, 81.141494751, 267.937011719, 255.986877441, 488.95513916, 573.176696777, 610.286987305, 2503.43164062, 2459.45239258, 2635.84277344, 2258.36132812, 1439.61547852, 1112.15917969, 1161.40576172, 1859.53613281, 977.142150879, 952.335693359, 769.07244873, 855.504821777, 482.390014648, 368.623443604, 192.942047119, 232.527770996, 230.578796387, 269.12210083, 163.600952148, 153.233581543, 178.516357422, 93.1937637329, 30.794801712, 19.3462295532, 9.14298725128, 3.05332732201, 1.70031094551, 0.360750734806, 0.0660785883665, 0.00246540643275],
        "mean": [0.0701651126146, 0.502758085728, 0.924042999744, 1.89678096771, 2.58622813225, 5.02421712875, 6.7295832634, 11.670208931, 19.4628829956, 23.6905994415, 24.9626235962, 22.9600601196, 34.8364067078, 55.5936546326, 27.5283584595, 19.7623329163, 19.5936107635, 17.9942855835, 19.685798645, 14.6418056488, 20.3680782318, 23.7817173004, 15.1373167038, 12.9668188095, 7.79775285721, 5.6541223526, 4.12419223785, 3.39456725121, 3.63839578629, 6.61443853378, 5.46120452881, 2.35940122604, 1.14150667191, 0.548500239849, 0.219578355551, 0.0637813583016, 0.0185815989971, 0.00452026212588, 0.000649555528071, 6.10068163951e-05],
        "median": [0.0009514328558, 0.0148756215349, 0.0584506131709, 0.110276728868, 0.372308373451, 1.09884822369, 2.61354613304, 5.27909088135, 8.49778747559, 5.68731784821, 3.0911231041, 2.40223193169, 3.53497695923, 5.83839130402, 4.28168201447, 4.35393476486, 3.10782146454, 2.56679582596, 3.81539869308, 2.9446709156, 4.33183336258, 4.14533662796, 4.35381317139, 2.78432416916, 1.72154712677, 1.20785868168, 0.582542836666, 0.370928347111, 0.683953166008, 0.897903323174, 0.520085930824, 0.245466604829, 0.0867158770561, 0.0638259798288, 0.023441599682, 0.00300678005442, 0.000703869620338, 4.0370352508e-05, 8.50098786032e-06, 1.08875810838e-05],
        "min": [2.07290209426e-21, 4.47875205911e-21, 1.09334431156e-20, 5.03365801432e-20, 4.40848072347e-20, 1.26369480779e-19, 1.25644444047e-19, 2.42179251406e-19, 1.33050336828e-18, 1.05134252605e-18, 3.13433581988e-18, 1.93763046665e-18, 3.51377266585e-18, 5.26457032908e-18, 6.89726810753e-18, 7.77477976523e-18, 2.67452948522e-18, 8.36490530347e-18, 9.92914933674e-18, 4.49332284237e-18, 6.8240423574e-18, 1.07985037528e-17, 1.35370630145e-17, 1.24622162548e-17, 1.2639389243e-17, 1.73131234857e-17, 1.29503165091e-17, 1.60808212419e-17, 2.77937946687e-17, 2.16891636977e-17, 2.18336886943e-17, 1.31104859726e-17, 1.18874249907e-17, 1.38227447283e-17, 1.1329676956e-17, 5.64616942516e-18, 3.40085941031e-18, 1.00112863036e-18, 3.09712344567e-19, 3.09398151643e-20],
        "var": [0.0527610965073, 1.43590867519, 8.8449306488, 36.0925216675, 37.5604057312, 140.058807373, 248.501159668, 437.299316406, 1126.8482666, 3371.5612793, 15046.9550781, 12313.0917969, 21709.2167969, 25414.6484375, 8357.81445312, 2564.42919922, 3384.17358398, 4680.76074219, 3216.26489258, 2712.65869141, 2436.13647461, 4908.63916016, 994.332519531, 828.451721191, 255.168106079, 161.526397705, 144.622238159, 127.486633301, 94.6985702515, 215.321762085, 171.416213989, 44.7472038269, 10.158039093, 2.05582213402, 0.34719273448, 0.0358973033726, 0.0039460612461, 0.00023213843815, 6.00317480348e-06, 2.46272531257e-08]
    },
    "gfcc": {
        "mean": [-92.6337966919, 92.6896057129, -140.8853302, 17.4609928131, -65.0047683716, 3.96056890488, -41.2031059265, 3.96641898155, -13.8816051483, -6.57371997833, -4.51473331451, 4.35221099854, -5.09318304062],
        "cov": [[25257.4414062, 515.528137207, 934.517700195, 2520.82080078, -1498.41088867, 1451.02600098, -745.523803711, 633.567016602, -297.649505615, 112.563102722, -125.535339355, 82.9062271118, -862.897277832], [515.528137207, 2691.78344727, -538.685241699, -178.595336914, 4.17437171936, -382.306396484, 192.802230835, -246.218307495, 27.5650272369, -362.279541016, 206.387283325, 58.4631156921, 119.356712341], [934.517700195, -538.685241699, 1141.49084473, 298.85534668, 98.8652496338, 315.783203125, 7.12668561935, 164.433105469, -55.7950553894, 77.3816299438, -10.4521684647, -25.9459781647, -97.8272628784], [2520.82080078, -178.595336914, 298.85534668, 710.118103027, -47.0499725342, 193.465927124, -130.05796814, 148.592208862, -14.746846199, 81.372718811, 11.4612627029, -39.7525100708, -72.9819259644], [-1498.41088867, 4.17437171936, 98.8652496338, -47.0499725342, 697.823120117, -45.3136329651, 293.597442627, -19.4419593811, -43.4097671509, 41.6737442017, -163.042617798, -28.4881896973, 118.184486389], [1451.02600098, -382.306396484, 315.783203125, 193.465927124, -45.3136329651, 499.721984863, 74.7133102417, 38.1370887756, -34.3605499268, 15.5675458908, -32.9444465637, 13.8821983337, -86.6766204834], [-745.523803711, 192.802230835, 7.12668561935, -130.05796814, 293.597442627, 74.7133102417, 518.890014648, -101.646247864, -29.5571632385, -70.1674728394, -60.3629302979, 48.4417877197, 11.5932197571], [633.567016602, -246.218307495, 164.433105469, 148.592208862, -19.4419593811, 38.1370887756, -101.646247864, 246.977813721, 0.0101013388485, 45.0844421387, -11.1146726608, -35.2341461182, -11.492184639], [-297.649505615, 27.5650272369, -55.7950553894, -14.746846199, -43.4097671509, -34.3605499268, -29.5571632385, 0.0101013388485, 142.676300049, 21.5597991943, 26.0322055817, -4.98740386963, 1.44540405273], [112.563102722, -362.279541016, 77.3816299438, 81.372718811, 41.6737442017, 15.5675458908, -70.1674728394, 45.0844421387, 21.5597991943, 218.86907959, -21.8878765106, -45.110080719, -36.101398468], [-125.535339355, 206.387283325, -10.4521684647, 11.4612627029, -163.042617798, -32.9444465637, -60.3629302979, -11.1146726608, 26.0322055817, -21.8878765106, 206.131332397, 40.6909294128, -14.6384544373], [82.9062271118, 58.4631156921, -25.9459781647, -39.7525100708, -28.4881896973, 13.8821983337, 48.4417877197, -35.2341461182, -4.98740386963, -45.110080719, 40.6909294128, 107.98714447, 17.1852340698], [-862.897277832, 119.356712341, -97.8272628784, -72.9819259644, 118.184486389, -86.6766204834, 11.5932197571, -11.492184639, 1.44540405273, -36.101398468, -14.6384544373, 17.1852340698, 153.096862793]],
        "icov": [[0.000150708845467, -0.000211641774513, 3.07525551762e-05, -0.000389405147871, 0.000283246685285, -0.000269813404884, 0.00012297432113, -0.000255658203969, 0.000271024822723, -0.000233321683481, 0.000619317579549, -0.000566332251765, 0.000513752107508], [-0.000211641774513, 0.000975006492808, 0.000104769540485, 0.000330909591867, -0.000517050444614, 0.000773871201091, -0.000380219804356, 0.000751142913941, -0.000471242499771, 0.00134207634255, -0.0015665414976, 0.00121321936604, -0.000770910992287], [3.07525551762e-05, 0.000104769540485, 0.00134722504299, -0.000280122942058, -0.000483340059873, -0.000649104476906, 0.00013767798373, -0.000599074235652, 0.000318823178532, 0.000131417866214, -0.000443756347522, -4.51299711131e-05, 0.000759821501561], [-0.000389405147871, 0.000330909591867, -0.000280122942058, 0.00303863571025, -0.000943249615375, -6.73578397254e-05, 0.000240155961365, -0.000187613200978, -0.000557563791517, 8.08805998531e-05, -0.0017367041437, 0.00155844038818, -0.000842154782731], [0.000283246685285, -0.000517050444614, -0.000483340059873, -0.000943249615375, 0.00391463143751, 0.000125266276882, -0.0017365104286, -0.000431369087892, 0.00102348916698, -0.00186090031639, 0.00290983892046, -0.000294420402497, -0.00174804159906], [-0.000269813404884, 0.000773871201091, -0.000649104476906, -6.73578397254e-05, 0.000125266276882, 0.00379302119836, -0.00115450611338, 0.000761001603678, -0.000272386445431, 0.000888882554136, -0.000555765756872, 0.000531181634869, -0.000276247708825], [0.00012297432113, -0.000380219804356, 0.00013767798373, 0.000240155961365, -0.0017365104286, -0.00115450611338, 0.00384295615368, 0.000409352011047, 8.46680777613e-05, 0.000728662766051, 0.000632197130471, -0.00192586344201, 0.00206625973806], [-0.000255658203969, 0.000751142913941, -0.000599074235652, -0.000187613200978, -0.000431369087892, 0.000761001603678, 0.000409352011047, 0.00602916302159, -0.000623454339802, 0.000708843173925, -0.00105716323014, 0.00204837624915, -0.00147135509178], [0.000271024822723, -0.000471242499771, 0.000318823178532, -0.000557563791517, 0.00102348916698, -0.000272386445431, 8.46680777613e-05, -0.000623454339802, 0.00815158430487, -0.001645229524, 0.000378023658413, -0.000545666203834, 0.000467855512397], [-0.000233321683481, 0.00134207634255, 0.000131417866214, 8.08805998531e-05, -0.00186090031639, 0.000888882554136, 0.000728662766051, 0.000708843173925, -0.001645229524, 0.00789573229849, -0.00195006653666, 0.00259543419816, 0.00109858566429], [0.000619317579549, -0.0015665414976, -0.000443756347522, -0.0017367041437, 0.00290983892046, -0.000555765756872, 0.000632197130471, -0.00105716323014, 0.000378023658413, -0.00195006653666, 0.0101012801751, -0.00508212205023, 0.00198524817824], [-0.000566332251765, 0.00121321936604, -4.51299711131e-05, 0.00155844038818, -0.000294420402497, 0.000531181634869, -0.00192586344201, 0.00204837624915, -0.000545666203834, 0.00259543419816, -0.00508212205023, 0.0146148568019, -0.00410545198247], [0.000513752107508, -0.000770910992287, 0.000759821501561, -0.000842154782731, -0.00174804159906, -0.000276247708825, 0.00206625973806, -0.00147135509178, 0.000467855512397, 0.00109858566429, 0.00198524817824, -0.00410545198247, 0.0119439400733]]
    },
    "melbands": {
        "dmean": [0.00043189220014, 0.000388079904951, 0.000153847140609, 0.000149964194861, 9.23814804992e-05, 0.000114131325972, 0.00015063835599, 0.000120889213576, 8.86282723513e-05, 7.21749966033e-05, 8.19068300189e-05, 0.000111505483801, 4.78901820316e-05, 3.28823116433e-05, 2.36630421568e-05, 2.48300457315e-05, 1.98643974727e-05, 2.02800565603e-05, 1.82095991477e-05, 9.34694617172e-06, 1.39226413012e-05, 1.41815935422e-05, 9.2982145361e-06, 6.30438626104e-06, 6.04321303399e-06, 3.21595962305e-06, 2.96325038107e-06, 1.98785187422e-06, 1.66001132129e-06, 1.41300438372e-06, 1.42007786508e-06, 1.06642835362e-06, 1.28928934373e-06, 1.72017905697e-06, 1.40983001984e-06, 8.99535848475e-07, 6.66570826979e-07, 4.38382841139e-07, 3.18151791134e-07, 2.30779249932e-07],
        "dmean2": [0.000685305101797, 0.000650624395348, 0.000253793958109, 0.000245153962169, 0.000138168092235, 0.000175134351593, 0.00022539398924, 0.000180757939233, 0.000134401387186, 0.000106688828964, 0.000118009716971, 0.000158743016073, 7.37549635232e-05, 4.9840858992e-05, 3.55202137143e-05, 3.90242530557e-05, 2.92800377792e-05, 3.22389605572e-05, 2.84802499664e-05, 1.47375367305e-05, 2.09117297345e-05, 2.1629875846e-05, 1.44251780512e-05, 9.98607720248e-06, 9.8827522379e-06, 5.27589872945e-06, 4.74446278531e-06, 3.25849782712e-06, 2.75419711215e-06, 2.34172648561e-06, 2.35685888583e-06, 1.64382629464e-06, 1.97384929379e-06, 2.4721380214e-06, 2.06583263207e-06, 1.30766966322e-06, 9.94756192085e-07, 6.42661177608e-07, 4.66585277081e-07, 3.30623350919e-07],
        "dvar": [2.19274238589e-06, 2.49685945164e-06, 2.08046373018e-07, 3.74714488771e-07, 9.88180559602e-08, 1.06953265799e-07, 1.33282426873e-07, 1.39467971394e-07, 2.48076702292e-07, 1.73818477833e-07, 1.71137841676e-07, 1.26363360664e-07, 3.13656620676e-08, 1.15751737084e-08, 1.01761408189e-08, 1.00610835219e-08, 8.01077693069e-09, 5.54467272096e-09, 6.03489214157e-09, 2.00661287586e-09, 1.63279556542e-09, 2.72546407665e-09, 8.72918792805e-10, 2.38812997155e-10, 2.98171987101e-10, 6.81724052209e-11, 6.35441144148e-11, 4.26778473672e-11, 4.53324357219e-11, 4.35866273629e-11, 3.84707821155e-11, 1.39064159493e-11, 2.14054069608e-11, 1.94236033507e-11, 1.567837353e-11, 1.18511025646e-11, 5.51712061453e-12, 1.80366659108e-12, 1.06738749783e-12, 4.5327438092e-13],
        "dvar2": [5.4977617765e-06, 6.61568810756e-06, 5.5115538089e-07, 1.09949860416e-06, 2.56762746176e-07, 2.56922021435e-07, 2.65704329649e-07, 3.2368200209e-07, 5.37930645805e-07, 4.0256455236e-07, 3.77033273935e-07, 2.73908568715e-07, 7.21049246977e-08, 2.47965736833e-08, 2.4199701798e-08, 2.38651747253e-08, 1.39023521584e-08, 1.20817222893e-08, 1.49995642573e-08, 4.26206359094e-09, 3.5686209543e-09, 6.49947118347e-09, 2.04840033824e-09, 5.63668722808e-10, 7.62952256927e-10, 1.60282620509e-10, 1.50252851827e-10, 1.12565859411e-10, 1.18142620686e-10, 1.1008552403e-10, 9.62022128626e-11, 3.11836528821e-11, 5.06498627761e-11, 3.95849603096e-11, 3.03808610214e-11, 2.51728186906e-11, 1.22295671853e-11, 3.46790586699e-12, 2.16028540542e-12, 9.05398585965e-13],
        "max": [0.0239353273064, 0.0253300257027, 0.0146309398115, 0.0137646123767, 0.00744132790715, 0.00984039902687, 0.00892990641296, 0.00732158543542, 0.017583636567, 0.0173637550324, 0.0131377186626, 0.00959203299135, 0.00476699555293, 0.00260824384168, 0.00370919075795, 0.00284421164542, 0.00426431698725, 0.00142770807724, 0.00238247285597, 0.00152838614304, 0.00139115436468, 0.0012958397856, 0.000643905892503, 0.000401068158681, 0.000344815052813, 0.000147785831359, 0.000175924811629, 0.00017801533977, 0.000167504229466, 0.00014516004012, 0.000158134658705, 8.65660258569e-05, 0.000146944919834, 8.42087902129e-05, 0.000104556726001, 0.000101331192127, 4.95946442243e-05, 2.24678424274e-05, 1.99494315893e-05, 1.51796839418e-05],
        "mean": [0.000640132406261, 0.000566021539271, 0.000326097331708, 0.0002853871556, 0.000228216522373, 0.000249337608693, 0.00032102043042, 0.000254483893514, 0.000186352161109, 0.000145060155774, 0.000172064828803, 0.000225511321332, 0.000102189762401, 6.48803325021e-05, 4.00482931582e-05, 4.14678943343e-05, 3.28073256242e-05, 2.92302265734e-05, 2.8545542591e-05, 1.4628540157e-05, 2.67331997748e-05, 2.63963702309e-05, 1.71575939021e-05, 1.13959595183e-05, 1.06524021248e-05, 5.75644480705e-06, 5.17129228683e-06, 3.33617981596e-06, 2.61637887888e-06, 2.13699399865e-06, 1.9322535536e-06, 1.88336844076e-06, 2.61500827037e-06, 4.16627517552e-06, 3.581453484e-06, 1.91544268091e-06, 1.25014662444e-06, 8.40614575282e-07, 5.68945438317e-07, 4.35627271145e-07],
        "median": [1.32013183247e-05, 2.72261913778e-05, 2.27558302868e-05, 5.45577167941e-05, 9.22338367673e-05, 0.000116599476314, 0.000133890061988, 5.22532791365e-05, 1.83708161785e-05, 1.20932663776e-05, 1.54048830154e-05, 2.27335458476e-05, 9.65151230048e-06, 9.83787413134e-06, 7.13721647116e-06, 4.20836113335e-06, 3.23786912304e-06, 4.17708679379e-06, 4.20698142989e-06, 2.7877483717e-06, 4.83510575577e-06, 3.63723529517e-06, 3.21568836625e-06, 2.97371070701e-06, 1.83379529517e-06, 1.06690083612e-06, 1.11435053896e-06, 5.67184315514e-07, 3.49341092942e-07, 1.6350556109e-07, 1.65128810181e-07, 3.42447663115e-07, 4.12213722711e-07, 4.59584384771e-07, 3.08812730054e-07, 1.77802718326e-07, 1.1171217551e-07, 5.77087071463e-08, 4.04527256137e-08, 5.3423583779e-08],
        "min": [1.72080713693e-23, 5.84751429035e-24, 8.35333884439e-24, 5.84685125275e-24, 5.0323184471e-24, 5.5016220548e-24, 2.05235101812e-23, 1.17400756938e-23, 2.84040034324e-23, 1.11276198642e-23, 1.83635569579e-23, 2.1586749531e-23, 1.93163983795e-23, 2.19309926529e-23, 1.19770455654e-23, 6.56927074266e-24, 1.67189271209e-23, 1.63686476354e-23, 9.20868967987e-24, 3.24112614254e-24, 9.2491905876e-24, 1.07643644057e-23, 1.23304513067e-23, 1.21329323689e-23, 9.79917021123e-24, 8.85750931525e-24, 8.69008226558e-24, 1.27364788035e-23, 7.94822879284e-24, 7.7104763712e-24, 8.87953904489e-24, 1.53519084805e-23, 1.30448587308e-23, 1.23519067456e-23, 1.40446144993e-23, 8.3562907619e-24, 7.71851249724e-24, 9.62472545495e-24, 7.06535381152e-24, 1.32887832002e-23],
        "var": [3.04006493934e-06, 2.34019080381e-06, 7.95535186171e-07, 4.7185682206e-07, 2.54588655935e-07, 1.82659078973e-07, 3.45778744304e-07, 4.17340601189e-07, 8.49886419019e-07, 5.59759484986e-07, 5.55451777018e-07, 4.20581983462e-07, 1.30320742642e-07, 3.92848242825e-08, 1.32305730816e-08, 1.8387474654e-08, 2.13645243718e-08, 7.74501351941e-09, 1.2808095029e-08, 2.74368039399e-09, 5.71836844543e-09, 7.1404517854e-09, 2.19908891097e-09, 5.6565829798e-10, 6.32714325377e-10, 1.45232020854e-10, 1.32557062549e-10, 6.53909010273e-11, 5.79107282961e-11, 5.22263378377e-11, 4.38924417645e-11, 2.74474106637e-11, 4.49053641494e-11, 8.66431787427e-11, 7.51406020738e-11, 3.0834512027e-11, 1.35739284396e-11, 5.41884592753e-12, 2.85395925642e-12, 1.2229582581e-12]
    },
    "mfcc": {
        "mean": [-722.153015137, 117.817749023, -11.2629766464, 7.19587469101, -1.29537117481, -6.61361455917, -13.0124015808, 6.72031545639, -10.1991710663, -3.50889492035, -2.81845355034, -3.34030461311, 7.82572889328],
        "cov": [[16281.6484375, -218.402038574, 1276.27648926, 1291.13439941, 142.256774902, 755.130554199, 83.0948028564, 749.994262695, -333.869110107, 430.772888184, 485.001464844, 172.456497192, -222.013198853], [-218.402038574, 1575.73815918, -147.311218262, 129.888244629, 28.6734104156, -130.433044434, -19.300825119, 50.9266471863, -122.78502655, -196.319778442, -19.4469108582, -9.39702892303, 54.5605583191], [1276.27648926, -147.311218262, 643.976196289, 43.485912323, 39.1555862427, 106.944068909, 29.8754177094, 133.089111328, -88.8051376343, 94.0195770264, 62.1475067139, 14.18034935, -81.9381332397], [1291.13439941, 129.888244629, 43.485912323, 494.25793457, 173.976394653, 22.6173210144, 78.6876373291, -8.59982013702, 25.5332126617, 33.692401886, 84.8231506348, 58.0714874268, -17.0791034698], [142.256774902, 28.6734104156, 39.1555862427, 173.976394653, 349.400085449, -8.57618808746, 55.3352470398, -70.6634063721, 108.787155151, 36.3358154297, -15.3203582764, 10.8847808838, -27.2126979828], [755.130554199, -130.433044434, 106.944068909, 22.6173210144, -8.57618808746, 417.52734375, 152.261749268, 94.3415908813, 61.3086128235, 99.5255966187, -9.3266248703, -18.8480758667, -76.2993621826], [83.0948028564, -19.300825119, 29.8754177094, 78.6876373291, 55.3352470398, 152.261749268, 312.537139893, 80.9088592529, 131.580612183, 17.1007289886, -52.8050727844, 9.59231281281, -50.3500518799], [749.994262695, 50.9266471863, 133.089111328, -8.59982013702, -70.6634063721, 94.3415908813, 80.9088592529, 287.306091309, -28.086479187, -8.28245067596, -17.6154575348, -21.9889907837, -16.5907020569], [-333.869110107, -122.78502655, -88.8051376343, 25.5332126617, 108.787155151, 61.3086128235, 131.580612183, -28.086479187, 290.433990479, 45.6961288452, -75.5941009521, 10.9902906418, -44.9034385681], [430.772888184, -196.319778442, 94.0195770264, 33.692401886, 36.3358154297, 99.5255966187, 17.1007289886, -8.28245067596, 45.6961288452, 200.521652222, 42.6000938416, -19.7404251099, -45.6777114868], [485.001464844, -19.4469108582, 62.1475067139, 84.8231506348, -15.3203582764, -9.3266248703, -52.8050727844, -17.6154575348, -75.5941009521, 42.6000938416, 191.322540283, 37.1643180847, -2.75202131271], [172.456497192, -9.39702892303, 14.18034935, 58.0714874268, 10.8847808838, -18.8480758667, 9.59231281281, -21.9889907837, 10.9902906418, -19.7404251099, 37.1643180847, 133.893341064, 18.3396644592], [-222.013198853, 54.5605583191, -81.9381332397, -17.0791034698, -27.2126979828, -76.2993621826, -50.3500518799, -16.5907020569, -44.9034385681, -45.6777114868, -2.75202131271, 18.3396644592, 174.665786743]],
