{
"lowlevel": {
    "average_loudness": 0.863022863865,
    "barkbands_crest": {
        "dmean": 2.95996689796,
        "dmean2": 4.94486904144,
        "dvar": 9.72758960724,
        "dvar2": 26.1408824921,
        "max": 26.3726425171,
        "mean": 9.05226039886,
        "median": 7.5872502327,
        "min": 2.36009383202,
        "var": 25.1078147888
    },
    "barkbands_flatness_db": {
        "dmean": 0.0200990103185,
        "dmean2": 0.0311062857509,
        "dvar": 0.000398197997129,
        "dvar2": 0.000968507607467,
        "max": 0.478944122791,
        "mean": 0.104625806212,
        "median": 0.0890240445733,
        "min": 0.0190960150212,
        "var": 0.0038238610141
    },
    "barkbands_kurtosis": {
        "dmean": 2.66407179832,
        "dmean2": 4.15926790237,
        "dvar": 93.6812744141,
        "dvar2": 179.227478027,
        "max": 414.118011475,
        "mean": 5.2507481575,
        "median": -0.305317640305,
        "min": -1.82756602764,
        "var": 1034.63928223
    },
    "barkbands_skewness": {
        "dmean": 0.585294783115,
        "dmean2": 0.906165719032,
        "dvar": 0.419909119606,
        "dvar2": 0.926267445087,
        "max": 19.0837650299,
        "mean": 1.28768789768,
        "median": 0.880781650543,
        "min": -1.20423054695,
        "var": 3.85896277428
    },
    "barkbands_spread": {
        "dmean": 7.01671504974,
        "dmean2": 11.1886882782,
        "dvar": 50.0237159729,
        "dvar2": 125.10105896,
        "max": 97.2811813354,
        "mean": 36.5239219666,
        "median": 38.6757011414,
        "min": 0.31028854847,
        "var": 286.299682617
    },
    "dissonance": {
        "dmean": 0.0111318221316,
        "dmean2": 0.0187002103776,
        "dvar": 0.000177977941348,
        "dvar2": 0.000503952614963,
        "max": 0.5,
        "mean": 0.482336342335,
        "median": 0.487506657839,
        "min": 0.283858954906,
        "var": 0.000314293429255
    },
    "dynamic_complexity": 4.87061548233,
    "erbbands_crest": {
        "dmean": 1.90197885036,
        "dmean2": 3.16515088081,
        "dvar": 3.15821909904,
        "dvar2": 7.8396024704,
        "max": 22.9494857788,
        "mean": 7.20311594009,
        "median": 6.45190191269,
        "min": 2.71013331413,
        "var": 7.82690095901
    },
    "erbbands_flatness_db": {
        "dmean": 0.0136561347172,
        "dmean2": 0.0207802914083,
        "dvar": 0.000175665947609,
        "dvar2": 0.00036871197517,
        "max": 0.297377288342,
        "mean": 0.131281733513,
        "median": 0.131149798632,
        "min": 0.0319155044854,
        "var": 0.00114438007586
    },
    "erbbands_kurtosis": {
        "dmean": 0.925842642784,
        "dmean2": 1.49285519123,
        "dvar": 1.27373743057,
        "dvar2": 3.4822204113,
        "max": 17.8998832703,
        "mean": 0.386774033308,
        "median": 0.0918397903442,
        "min": -1.7660125494,
        "var": 2.2546069622
    },
    "erbbands_skewness": {
        "dmean": 0.317538291216,
        "dmean2": 0.481593519449,
        "dvar": 0.0865734741092,
        "dvar2": 0.203791454434,
        "max": 3.38986849785,
        "mean": -0.359970897436,
        "median": -0.460667937994,
        "min": -2.57176065445,
        "var": 0.608742892742
    },
    "erbbands_spread": {
        "dmean": 9.75552558899,
        "dmean2": 14.5291566849,
        "dvar": 92.9136962891,
        "dvar2": 181.027938843,
        "max": 142.832626343,
        "mean": 43.4476318359,
        "median": 39.116394043,
        "min": 6.38169431686,
        "var": 353.780548096
    },
    "hfc": {
        "dmean": 6.82425642014,
        "dmean2": 10.8701200485,
        "dvar": 128.745437622,
        "dvar2": 337.254486084,
        "max": 166.213699341,
        "mean": 24.3144893646,
        "median": 22.0135097504,
        "min": 3.8290604607e-06,
        "var": 486.978240967
    },
    "melbands_crest": {
        "dmean": 3.54368829727,
        "dmean2": 5.86584854126,
        "dvar": 9.74304580688,
        "dvar2": 25.3554477692,
        "max": 34.9524116516,
        "mean": 13.9473237991,
        "median": 12.9345445633,
        "min": 3.65968227386,
        "var": 32.3601913452
    },
    "melbands_flatness_db": {
        "dmean": 0.0296336170286,
        "dmean2": 0.0457870848477,
        "dvar": 0.000806673604529,
        "dvar2": 0.00201117037795,
        "max": 0.639800012112,
        "mean": 0.169003143907,
        "median": 0.153012126684,
        "min": 0.0325596667826,
        "var": 0.00709287310019
    },
    "melbands_kurtosis": {
        "dmean": 9.33538722992,
        "dmean2": 14.3488178253,
        "dvar": 1132.59362793,
        "dvar2": 1813.90393066,
        "max": 1540.28796387,
        "mean": 22.1325874329,
        "median": 4.91534280777,
        "min": -1.65694987774,
        "var": 12488.5566406
    },
    "melbands_skewness": {
        "dmean": 0.902825295925,
        "dmean2": 1.4048615694,
        "dvar": 0.990929961205,
        "dvar2": 2.1281607151,
        "max": 26.8803253174,
        "mean": 2.84505677223,
        "median": 2.21411943436,
        "min": -0.0782406851649,
        "var": 6.51670837402
    },
    "melbands_spread": {
        "dmean": 12.8095912933,
        "dmean2": 20.5895195007,
        "dvar": 194.952972412,
        "dvar2": 501.795166016,
        "max": 154.134536743,
        "mean": 38.7567710876,
        "median": 34.4607276917,
        "min": 0.25651755929,
        "var": 628.882324219
    },
    "pitch_salience": {
        "dmean": 0.0798815637827,
        "dmean2": 0.131781443954,
        "dvar": 0.00609300192446,
        "dvar2": 0.0170008037239,
        "max": 0.828634500504,
        "mean": 0.561369895935,
        "median": 0.581544160843,
        "min": 0.0590275451541,
        "var": 0.0168799720705
    },
    "silence_rate_20dB": {
        "dmean": 0,
        "dmean2": 0,
        "dvar": 0,
        "dvar2": 0,
        "max": 1,
        "mean": 1,
        "median": 1,
        "min": 1,
        "var": 0
    },
    "silence_rate_30dB": {
        "dmean": 0,
        "dmean2": 0,
        "dvar": 0,
        "dvar2": 0,
        "max": 1,
        "mean": 1,
        "median": 1,
        "min": 1,
        "var": 0
    },
    "silence_rate_60dB": {
        "dmean": 0.0243808049709,
        "dmean2": 0.0487804859877,
        "dvar": 0.0237869359553,
        "dvar2": 0.0564674511552,
        "max": 1,
        "mean": 0.222437143326,
        "median": 0,
        "min": 0,
        "var": 0.172952353954
    },
    "spectral_centroid": {
        "dmean": 288.415161133,
        "dmean2": 437.724304199,
        "dvar": 116641.5,
        "dvar2": 190828,
        "max": 10993.1425781,
        "mean": 2035.65393066,
        "median": 2226.60961914,
        "min": 120.112251282,
        "var": 649626.6875
    },
    "spectral_complexity": {
        "dmean": 4.71168708801,
        "dmean2": 6.76655054092,
        "dvar": 25.5736236572,
        "dvar2": 48.5297241211,
        "max": 60,
        "mean": 23.6502895355,
        "median": 27,
        "min": 0,
        "var": 256.583740234
    },
    "spectral_decrease": {
        "dmean": 1.92873161886e-09,
        "dmean2": 3.16785597754e-09,
        "dvar": 8.32105066894e-18,
        "dvar2": 2.12913642693e-17,
        "max": -7.18520007354e-15,
        "mean": -4.51572823579e-09,
        "median": -3.84473297643e-09,
        "min": -2.81364567201e-08,
        "var": 1.61662855428e-17
    },
    "spectral_energy": {
        "dmean": 0.00760364905,
        "dmean2": 0.0124255027622,
        "dvar": 0.000128059196868,
        "dvar2": 0.000325038505252,
        "max": 0.109623908997,
        "mean": 0.0192488040775,
        "median": 0.0170705467463,
        "min": 2.7465940633e-08,
        "var": 0.000276556267636
    },
    "spectral_energyband_high": {
        "dmean": 0.000507412652951,
        "dmean2": 0.00080794520909,
        "dvar": 8.46630598517e-07,
        "dvar2": 2.13130738302e-06,
        "max": 0.0186982508749,
        "mean": 0.00157698639669,
        "median": 0.00123075104784,
        "min": 1.48804732425e-10,
        "var": 2.82688915831e-06
    },
    "spectral_energyband_low": {
        "dmean": 0.00581948878244,
        "dmean2": 0.00989273749292,
        "dvar": 0.000100156714325,
        "dvar2": 0.000269210839178,
        "max": 0.080956608057,
        "mean": 0.00781059404835,
        "median": 0.00399737479165,
        "min": 2.37349837562e-08,
        "var": 0.000108591026219
    },
    "spectral_energyband_middle_high": {
        "dmean": 0.00179059489165,
        "dmean2": 0.00286082108505,
        "dvar": 7.71089344198e-06,
        "dvar2": 2.06195836654e-05,
        "max": 0.0312108788639,
        "mean": 0.00486553506926,
        "median": 0.00367308082059,
        "min": 7.59656573757e-11,
        "var": 2.3920672902e-05
    },
    "spectral_energyband_middle_low": {
        "dmean": 0.00279092835262,
        "dmean2": 0.00450872955844,
        "dvar": 1.79371563718e-05,
        "dvar2": 4.44296274509e-05,
        "max": 0.0658038258553,
        "mean": 0.00606387993321,
        "median": 0.00462960032746,
        "min": 5.83325998615e-10,
        "var": 4.09580316045e-05
    },
    "spectral_entropy": {
        "dmean": 0.101819880307,
        "dmean2": 0.153401806951,
        "dvar": 0.0132203083485,
        "dvar2": 0.0279490537941,
        "max": 9.82270050049,
        "mean": 7.80875301361,
        "median": 7.91627502441,
        "min": 5.00017881393,
        "var": 0.150130271912
    },
    "spectral_flux": {
        "dmean": 0.0194722805172,
        "dmean2": 0.0301774572581,
        "dvar": 0.000597696984187,
        "dvar2": 0.00129886309151,
        "max": 0.243442744017,
        "mean": 0.0743376389146,
        "median": 0.0732900798321,
        "min": 5.06565556861e-05,
        "var": 0.00251223659143
    },
    "spectral_kurtosis": {
        "dmean": 1.11268532276,
        "dmean2": 1.85958182812,
        "dvar": 2.40970253944,
        "dvar2": 6.8675737381,
        "max": 48.8238220215,
        "mean": 3.74756622314,
        "median": 3.42453479767,
        "min": -1.21261298656,
        "var": 10.282292366
    },
    "spectral_rms": {
        "dmean": 0.000714154622983,
        "dmean2": 0.00114745867904,
        "dvar": 8.14946247374e-07,
        "dvar2": 2.01057582672e-06,
        "max": 0.0103416703641,
        "mean": 0.00385358161293,
        "median": 0.00408095493913,
        "min": 5.17648913956e-06,
        "var": 3.92919446313e-06
    },
    "spectral_rolloff": {
        "dmean": 706.046508789,
        "dmean2": 1162.04272461,
        "dvar": 852309.3125,
        "dvar2": 2035561.75,
        "max": 11369.53125,
        "mean": 2431.96484375,
        "median": 2691.65039062,
        "min": 64.599609375,
        "var": 2693929
    },
    "spectral_skewness": {
        "dmean": 0.156803652644,
        "dmean2": 0.257312953472,
        "dvar": 0.029465533793,
        "dvar2": 0.0773297771811,
        "max": 5.80595588684,
        "mean": 1.25884926319,
        "median": 1.23090195656,
        "min": 0.021961543709,
        "var": 0.248828083277
    },
    "spectral_spread": {
        "dmean": 564126.4375,
        "dmean2": 755729.3125,
        "dvar": 723523534848,
        "dvar2": 905132113920,
        "max": 40691732,
        "mean": 4585183.5,
        "median": 4295955.5,
        "min": 1213209,
        "var": 2.60946264064e+12
    },
    "spectral_strongpeak": {
        "dmean": 0.339172273874,
        "dmean2": 0.589609742165,
        "dvar": 0.564142048359,
        "dvar2": 1.58755981922,
        "max": 9.51949882507,
        "mean": 0.470527470112,
        "median": 0.255167335272,
        "min": 0,
        "var": 0.578355610371
    },
    "zerocrossingrate": {
        "dmean": 0.0125091839582,
        "dmean2": 0.0151904048398,
        "dvar": 0.000137847891892,
        "dvar2": 0.000196454464458,
        "max": 0.2646484375,
        "mean": 0.0857115909457,
        "median": 0.08642578125,
        "min": 0.0048828125,
        "var": 0.00170973513741
    },
    "barkbands": {
        "dmean": [4.85493219458e-05, 0.00441127317026, 0.00176634558011, 0.00154321652371, 0.00124103494454, 0.000330020993715, 0.000165647536051, 0.000116465795145, 0.000664353254251, 0.000206498400075, 0.000149581304868, 0.000191724146134, 0.000110810236947, 0.000187518395251, 0.000168105369085, 0.000305003690301, 0.000484318559757, 0.00040002015885, 0.000485655182274, 0.000274800753687, 0.000224352363148, 0.000141495431308, 8.9567998657e-05, 7.27078513592e-05, 3.69370063709e-05, 2.73170699074e-05, 8.02975409897e-06],
        "dmean2": [8.23052905616e-05, 0.00766070233658, 0.00315687945113, 0.00255709630437, 0.00203507137485, 0.000531328085344, 0.000269476440735, 0.000183145501069, 0.00104373379145, 0.000328070367686, 0.000244804716203, 0.000314892880851, 0.000182485731784, 0.000322146166582, 0.000285497284494, 0.000499292800669, 0.000820552406367, 0.000679954420775, 0.00079530023504, 0.000453056738479, 0.000373913877411, 0.000239317523665, 0.000144718098454, 0.000106666790089, 4.85206910525e-05, 3.4696469811e-05, 1.03611891973e-05],
        "dvar": [6.97533142358e-09, 7.43279015296e-05, 1.07000805656e-05, 7.65536424296e-06, 4.46372587248e-06, 3.14338848284e-07, 8.37020053268e-08, 5.16616474044e-08, 1.86287616089e-06, 1.64507028444e-07, 1.6905612199e-07, 1.56293410214e-07, 6.4739857919e-08, 2.61151143377e-07, 2.24911119062e-07, 3.031358915e-07, 7.6684727901e-07, 5.28124814991e-07, 5.83314488267e-07, 1.85045166745e-07, 1.28343188521e-07, 7.16790964361e-08, 4.05738909137e-08, 3.72912083435e-08, 1.20208252241e-08, 3.15775161575e-09, 2.75880623901e-10],
        "dvar2": [1.91991791354e-08, 0.000201758768526, 3.031828237e-05, 1.77343481482e-05, 1.09025004349e-05, 8.25239226288e-07, 2.15456125829e-07, 1.11604549602e-07, 4.18030595029e-06, 4.34220282841e-07, 4.32082202906e-07, 4.17440020328e-07, 1.72483794358e-07, 7.73982947067e-07, 6.41921246824e-07, 7.8863337194e-07, 2.13668181459e-06, 1.44958983128e-06, 1.55970030846e-06, 4.89027968342e-07, 3.5315764535e-07, 1.96512942807e-07, 1.03513997374e-07, 7.60550591394e-08, 2.14416857602e-08, 5.93864912801e-09, 4.66825689216e-10],
        "max": [0.0010473432485, 0.0729763433337, 0.0256936065853, 0.0569341927767, 0.0250919945538, 0.00752862310037, 0.00476551102474, 0.00515263155103, 0.0275589264929, 0.0087798750028, 0.00920321326703, 0.00701055349782, 0.00624539237469, 0.0101803764701, 0.0105293905362, 0.00871982425451, 0.0114835994318, 0.00993018969893, 0.00899727735668, 0.00533883040771, 0.00365291163325, 0.0044405865483, 0.00413844780996, 0.00524572469294, 0.00404343055561, 0.0013412568951, 0.000313172902679],
        "mean": [7.13745394023e-05, 0.0047429963015, 0.00200282922015, 0.00197627698071, 0.001870996668, 0.000537596293725, 0.000257273786701, 0.000187723810086, 0.00111208925955, 0.000347225228325, 0.000216735497816, 0.000324754568283, 0.000183610580279, 0.00029283692129, 0.000273371610092, 0.000492431921884, 0.000763569027185, 0.000671853777021, 0.00096092041349, 0.000604535918683, 0.000482394942082, 0.000332473631715, 0.000212948056287, 0.000166702797287, 8.53159290273e-05, 6.00451312494e-05, 1.79317448783e-05],
        "median": [3.08633279928e-05, 0.00153762008995, 0.000827970623504, 0.000699166033883, 0.000944443512708, 0.0003106094955, 0.000134039481054, 8.60879808897e-05, 0.000455887930002, 0.000192251100088, 8.27161711641e-05, 0.000149510306073, 7.33504421078e-05, 0.00010106330592, 9.08291331143e-05, 0.0002511718194, 0.00042680450133, 0.000440955540398, 0.00064153841231, 0.00038868476986, 0.000319978833431, 0.000212967643165, 0.000103782571387, 8.03900984465e-05, 3.84340746677e-05, 1.52128750415e-05, 2.23258371079e-06],
        "min": [8.11919531607e-10, 1.74913132867e-08, 3.8016101378e-10, 1.90810270362e-10, 1.50974552304e-10, 3.13435596921e-11, 1.65298920385e-11, 4.4600247974e-12, 2.43274029393e-11, 1.16673224901e-11, 5.04695417403e-12, 8.70808633535e-12, 6.49652380502e-12, 8.10218732383e-12, 3.0973624273e-12, 6.12382236934e-12, 4.41927527559e-12, 6.81555940157e-12, 6.58292908032e-12, 8.80318647839e-12, 6.95674854528e-12, 7.39280598544e-12, 1.14172976629e-11, 1.20889426941e-11, 2.0663146541e-11, 3.84671912379e-11, 4.87426557449e-11],
        "var": [1.11605524822e-08, 6.6986794991e-05, 9.98241284833e-06, 1.51117665155e-05, 7.77784043748e-06, 5.29765429746e-07, 1.31956596761e-07, 1.17695044821e-07, 3.98499832954e-06, 3.26404887119e-07, 2.580048033e-07, 3.1558792557e-07, 1.66546925584e-07, 5.3214938589e-07, 4.33566697211e-07, 5.99832844728e-07, 1.06029915514e-06, 7.50660944959e-07, 1.35525158385e-06, 5.1560277825e-07, 3.10495664735e-07, 1.64182111462e-07, 1.02279912539e-07, 8.00624704311e-08, 2.73668039341e-08, 9.84330750242e-09, 1.07681619177e-09]
    },
    "erbbands": {
        "dmean": [0.0879612565041, 1.13035941124, 2.16108345985, 3.27886605263, 5.58723306656, 3.44970464706, 2.7086687088, 2.493465662, 2.1912727356, 2.18675351143, 4.98135900497, 12.9651508331, 10.2434892654, 6.61813306808, 5.24455547333, 7.16847801208, 4.70478200912, 9.49298286438, 6.99558639526, 8.69956493378, 20.5395107269, 28.0735530853, 22.0540428162, 23.2952613831, 20.8679428101, 12.4447031021, 7.35075807571, 9.62495803833, 5.2914557457, 3.66347742081, 2.41031599045, 1.93258190155, 1.07412827015, 0.471971929073, 0.262466877699, 0.127481892705, 0.0542012788355, 0.0119454255328, 0.00133259722497, 6.39407735434e-05],
        "dmean2": [0.15138810873, 1.96579229832, 3.8017911911, 5.37744379044, 9.4119682312, 5.56728410721, 4.34467363358, 4.0433511734, 3.53638958931, 3.57381486893, 7.67024993896, 20.4875507355, 15.6579847336, 10.6223068237, 8.35209846497, 11.5366268158, 7.7302532196, 16.3013057709, 11.7326154709, 14.5602617264, 33.8891334534, 47.5683250427, 36.6513061523, 38.1288223267, 34.7551879883, 20.432964325, 12.4504394531, 15.9976682663, 8.83362770081, 6.02454853058, 3.88566231728, 2.93156599998, 1.57080078125, 0.630320489407, 0.355994611979, 0.166916742921, 0.0716024190187, 0.0152078568935, 0.00173918146174, 8.36192484712e-05],
        "dvar": [0.0296217091382, 4.78980779648, 15.6818294525, 28.970785141, 101.493545532, 38.6284713745, 26.7091903687, 20.2545490265, 17.0378284454, 15.8120250702, 107.128746033, 660.747009277, 616.764099121, 254.212081909, 191.278884888, 191.754928589, 103.601997375, 776.213684082, 255.087554932, 342.525878906, 1394.37280273, 2707.4543457, 1600.66149902, 1410.76538086, 1180.59912109, 373.468475342, 150.624908447, 249.597213745, 87.7933349609, 57.0415611267, 27.9447956085, 26.3651046753, 8.32964515686, 1.46342539787, 1.27953565121, 0.141003265977, 0.0117844007909, 0.000532072677743, 7.93686558609e-06, 1.77897305775e-08],
        "dvar2": [0.0821141153574, 12.9856271744, 44.1968307495, 67.1500473022, 266.639129639, 89.770614624, 70.5431900024, 53.3225669861, 42.1171150208, 41.1661262512, 240.704986572, 1607.89001465, 1232.32287598, 687.038208008, 486.996124268, 497.421508789, 253.597335815, 2360.63183594, 712.506713867, 956.148742676, 3577.75561523, 7554.70361328, 4323.95654297, 3693.02246094, 3270.63720703, 1006.32666016, 414.693725586, 681.960876465, 236.193023682, 150.987838745, 67.949836731, 56.76512146, 17.400062561, 2.64471411705, 2.97184109688, 0.305325061083, 0.0210657026619, 0.000889587914571, 1.43452634802e-05, 3.29483960115e-08],
        "max": [1.36349642277, 18.6848754883, 29.4301452637, 89.6539611816, 125.114715576, 120.515838623, 85.0908508301, 64.0966949463, 83.6494369507, 60.7433204651, 261.620391846, 401.303039551, 643.265563965, 305.482574463, 496.376708984, 268.241516113, 283.201812744, 602.831848145, 294.823181152, 335.835754395, 546.670959473, 656.94934082, 701.914489746, 499.841949463, 450.61907959, 203.280563354, 143.991073608, 171.622131348, 147.994888306, 137.829574585, 99.0985031128, 166.151031494, 98.143737793, 35.0216751099, 47.8648605347, 14.4379968643, 1.75789165497, 0.497344464064, 0.0509772710502, 0.00220292527229],
        "mean": [0.10243062675, 1.17513310909, 2.51041889191, 4.7111415863, 7.33303403854, 5.56790733337, 4.32616710663, 4.0781493187, 3.49918627739, 3.68520832062, 8.2946805954, 22.1758995056, 17.6377067566, 10.8158712387, 9.20726966858, 12.3200778961, 9.16587352753, 15.2340049744, 12.8474655151, 15.3880290985, 33.3711357117, 45.5784492493, 38.6491851807, 45.5252189636, 44.7302513123, 27.5761699677, 15.9869556427, 20.6764717102, 12.8748502731, 8.10713291168, 5.79012012482, 4.23306560516, 2.39604067802, 1.06289219856, 0.553007483482, 0.269912838936, 0.113233812153, 0.0260892566293, 0.00298412749544, 0.00015974805865],
        "median": [0.0363129526377, 0.383570820093, 1.07538568974, 2.21557450294, 3.36120581627, 2.6455988884, 2.47378587723, 2.31483006477, 1.80690181255, 1.92051553726, 3.70307612419, 9.63788890839, 8.1982421875, 5.28770446777, 4.41439771652, 6.48419713974, 4.19894123077, 4.97771596909, 5.38848018646, 6.89423418045, 17.8011245728, 25.3905735016, 26.7200698853, 30.5338478088, 29.4471740723, 18.4584999084, 10.6656284332, 14.0645637512, 8.54137802124, 3.55183792114, 2.90790772438, 2.06509780884, 1.19075334072, 0.525588035583, 0.2122400105, 0.0782504305243, 0.0237194541842, 0.00419040722772, 0.000405216531362, 4.99999950989e-05],
        "min": [7.47808599044e-07, 2.9751031434e-06, 1.80744996214e-06, 1.27866724142e-06, 4.77132346077e-07, 8.05276158644e-07, 2.43943418354e-07, 3.16723941296e-07, 2.5460752795e-07, 2.17893088461e-07, 1.61921008157e-07, 5.84355120736e-07, 4.3008677153e-07, 2.05632133543e-07, 1.97090741949e-07, 4.25176011731e-07, 3.28571758246e-07, 4.18125523538e-07, 2.32157987057e-07, 2.08174299132e-07, 3.25556243297e-07, 2.99888768041e-07, 3.17426241736e-07, 2.82288056042e-07, 4.22269778255e-07, 3.8525345758e-07, 2.7185146223e-07, 2.96448547488e-07, 2.52046277183e-07, 2.29496379234e-07, 3.29734291427e-07, 3.0694417319e-07, 1.93400978787e-07, 2.66725095344e-07, 1.30708258439e-07, 1.09242471069e-07, 8.74026468978e-08, 2.47485498761e-08, 7.23579418604e-09, 8.32020563557e-10],
        "var": [0.0287905819714, 4.22890472412, 14.6660861969, 59.0602760315, 139.51399231, 80.8852615356, 38.0023040771, 34.3459396362, 26.8887081146, 26.5368022919, 220.82270813, 1340.65576172, 1379.97131348, 478.791931152, 342.956298828, 395.709503174, 318.074554443, 1570.18359375, 626.104919434, 782.625366211, 2406.47192383, 3864.86889648, 2467.39501953, 2904.71191406, 2964.80371094, 964.119628906, 336.375823975, 590.213317871, 231.528747559, 145.731155396, 70.6844940186, 50.3018951416, 17.9920959473, 3.5009932518, 1.77314043045, 0.274144202471, 0.0369267500937, 0.00190960650798, 3.01907894027e-05, 7.29997893245e-08]
    },
    "gfcc": {
        "mean": [-12.4749231339, 67.7960128784, -109.886108398, 48.5375442505, -48.8286132812, 10.4915466309, -23.1328029633, 11.1909008026, -24.5225543976, -3.13990712166, -19.9336185455, 0.376124948263, -10.3404302597],
        "cov": [[13458.0048828, -2368.87011719, -1066.05249023, 854.67779541, -151.715805054, -169.904754639, -596.818237305, 508.285308838, -65.9711837769, -442.586395264, -427.49899292, -145.840942383, -404.244567871], [-2368.87011719, 1611.48474121, -230.475891113, -35.4073371887, -17.9409580231, 8.47481822968, 281.916809082, -154.980377197, 68.2962722778, 31.894739151, 140.490966797, -49.1080780029, 218.9140625], [-1066.05249023, -230.475891113, 863.360473633, -154.914337158, 107.617263794, 64.2138290405, -14.3227014542, 17.4260654449, -56.9435462952, 47.9575881958, 9.56502628326, 49.2396888733, -16.045923233], [854.67779541, -35.4073371887, -154.914337158, 446.166229248, -10.0730781555, -51.8656654358, -22.9625854492, 84.8917160034, 64.0625839233, -75.2973022461, -28.8948631287, -65.6807479858, 8.31453895569], [-151.715805054, -17.9409580231, 107.617263794, -10.0730781555, 195.433044434, 12.3804550171, 41.1353683472, 9.16714286804, 5.89874792099, -1.6424062252, -9.47637462616, 13.0898694992, -5.5152258873], [-169.904754639, 8.47481822968, 64.2138290405, -51.8656654358, 12.3804550171, 163.834503174, 39.6847076416, 4.4165520668, -1.69629192352, 24.0923538208, 26.2755756378, -0.963712871075, 8.06926727295], [-596.818237305, 281.916809082, -14.3227014542, -22.9625854492, 41.1353683472, 39.6847076416, 189.837753296, 7.47250652313, 15.4133262634, 20.8001213074, 27.5206890106, -4.40661239624, 47.0910224915], [508.285308838, -154.980377197, 17.4260654449, 84.8917160034, 9.16714286804, 4.4165520668, 7.47250652313, 128.794876099, 28.1286945343, -1.02916717529, -21.638551712, -6.55203914642, -7.89474964142], [-65.9711837769, 68.2962722778, -56.9435462952, 64.0625839233, 5.89874792099, -1.69629192352, 15.4133262634, 28.1286945343, 92.8314056396, 14.9983797073, 10.1510429382, -10.1467380524, 12.9059934616], [-442.586395264, 31.894739151, 47.9575881958, -75.2973022461, -1.6424062252, 24.0923538208, 20.8001213074, -1.02916717529, 14.9983797073, 119.411621094, 32.9191436768, 32.9374580383, 21.8473682404], [-427.49899292, 140.490966797, 9.56502628326, -28.8948631287, -9.47637462616, 26.2755756378, 27.5206890106, -21.638551712, 10.1510429382, 32.9191436768, 88.9326705933, 24.6991710663, 30.2040958405], [-145.840942383, -49.1080780029, 49.2396888733, -65.6807479858, 13.0898694992, -0.963712871075, -4.40661239624, -6.55203914642, -10.1467380524, 32.9374580383, 24.6991710663, 87.4160385132, 13.2831354141], [-404.244567871, 218.9140625, -16.045923233, 8.31453895569, -5.5152258873, 8.06926727295, 47.0910224915, -7.89474964142, 12.9059934616, 21.8473682404, 30.2040958405, 13.2831354141, 111.426094055]],
        "icov": [[0.000182732066605, 0.000151623084093, 0.000273045210633, -0.000124298603623, -2.00237409445e-05, -9.89807740552e-05, 0.000283439614577, -0.000527014723048, 0.000290526397293, 0.000311424431857, 0.000202774535865, -3.9256115997e-05, 0.000117696057714], [0.000151623084093, 0.0017289405223, 0.00037707950105, 4.9323643907e-05, 0.000120535558381, 0.000475726352306, -0.00155267305672, 0.00136114622001, -0.000652444316074, 0.000547425996047, -0.00120273896027, 0.00141340028495, -0.00194616289809], [0.000273045210633, 0.00037707950105, 0.00189246598165, 0.000189341430087, -0.000880971376318, -0.000481873343233, 0.000706331396941, -0.00125057843979, 0.00124188163318, 0.000103208942164, -5.16298496223e-05, -6.34381140117e-05, -3.01958989439e-05], [-0.000124298603623, 4.9323643907e-05, 0.000189341430087, 0.00385566754267, -0.000202501381864, 0.000913303869311, 0.000401282391977, -0.00172972562723, -0.00196216045879, 0.00175074837171, -0.000837721454445, 0.00209069927223, -0.00131475250237], [-2.00237409445e-05, 0.000120535558381, -0.000880971376318, -0.000202501381864, 0.00621582241729, -9.96381568257e-05, -0.00203546695411, 0.000616552890278, -0.00124930951279, 0.00067375798244, 0.00130115286447, -0.00147258036304, 0.00063302757917], [-9.89807740552e-05, 0.000475726352306, -0.000481873343233, 0.000913303869311, -9.96381568257e-05, 0.00746610527858, -0.00180964474566, -6.47456545266e-05, -0.000171393592609, -0.000633670133539, -0.002684984589, 0.00212937965989, -0.000598615326453], [0.000283439614577, -0.00155267305672, 0.000706331396941, 0.000401282391977, -0.00203546695411, -0.00180964474566, 0.00949685368687, -0.00393639272079, 0.00126443011686, -0.000128396044602, 0.000263704918325, 0.000142274206155, -0.000321353902109], [-0.000527014723048, 0.00136114622001, -0.00125057843979, -0.00172972562723, 0.000616552890278, -6.47456545266e-05, -0.00393639272079, 0.0139978742227, -0.00423390325159, -0.00161407608539, 0.00115806912072, 5.93663098698e-05, -0.00146071100608], [0.000290526397293, -0.000652444316074, 0.00124188163318, -0.00196216045879, -0.00124930951279, -0.000171393592609, 0.00126443011686, -0.00423390325159, 0.01527365949, -0.00271916226484, -0.00107261992525, 0.000865677196998, 0.000728930055629], [0.000311424431857, 0.000547425996047, 0.000103208942164, 0.00175074837171, 0.00067375798244, -0.000633670133539, -0.000128396044602, -0.00161407608539, -0.00271916226484, 0.0123943891376, -0.00208342191763, -0.00234847492538, -0.0013128319988], [0.000202774535865, -0.00120273896027, -5.16298496223e-05, -0.000837721454445, 0.00130115286447, -0.002684984589, 0.000263704918325, 0.00115806912072, -0.00107261992525, -0.00208342191763, 0.0174067895859, -0.00529373576865, -0.00017148675397], [-3.9256115997e-05, 0.00141340028495, -6.34381140117e-05, 0.00209069927223, -0.00147258036304, 0.00212937965989, 0.000142274206155, 5.93663098698e-05, 0.000865677196998, -0.00234847492538, -0.00529373576865, 0.0170592907816, -0.00360590149648], [0.000117696057714, -0.00194616289809, -3.01958989439e-05, -0.00131475250237, 0.00063302757917, -0.000598615326453, -0.000321353902109, -0.00146071100608, 0.000728930055629, -0.0013128319988, -0.00017148675397, -0.00360590149648, 0.0140751739964]]
    },
    "melbands": {
        "dmean": [0.00104515952989, 0.0012555224821, 0.000641999067739, 0.000329408532707, 9.26552675082e-05, 5.71626005694e-05, 3.34541873599e-05, 2.21923201025e-05, 5.63676403544e-05, 8.69836294441e-05, 5.19925160916e-05, 2.75842066912e-05, 1.85807984963e-05, 1.92171628441e-05, 1.85025801329e-05, 1.08616968646e-05, 1.98504221771e-05, 1.1410420484e-05, 1.41774498843e-05, 1.40674374052e-05, 2.72273337032e-05, 3.24879583786e-05, 2.31054073083e-05, 1.81236628123e-05, 2.05141313927e-05, 2.00815902645e-05, 1.37028691825e-05, 7.99553254183e-06, 4.31126636613e-06, 6.53017059449e-06, 5.99503027843e-06, 3.45674652635e-06, 2.49674712904e-06, 2.11013457374e-06, 1.56854162014e-06, 1.32725040203e-06, 1.2091049939e-06, 8.87065652933e-07, 5.3698119018e-07, 3.66077131275e-07],
        "dmean2": [0.00181044195779, 0.00217520282604, 0.0010669719195, 0.000539930246305, 0.000147495578858, 9.18994555832e-05, 5.38607346243e-05, 3.56961863872e-05, 8.7063825049e-05, 0.000138093688292, 7.97959655756e-05, 4.46336380264e-05, 2.97872793453e-05, 3.13680175168e-05, 3.00764932035e-05, 1.75645873242e-05, 3.43506762874e-05, 1.88831872947e-05, 2.41702164203e-05, 2.28833996516e-05, 4.51704327133e-05, 5.58578467462e-05, 3.7701898691e-05, 3.09118913719e-05, 3.35635049851e-05, 3.35604490829e-05, 2.29010311159e-05, 1.32667801154e-05, 7.18262663213e-06, 1.10739492811e-05, 9.97592178464e-06, 5.73840861762e-06, 4.31283979196e-06, 3.51421908817e-06, 2.60373758465e-06, 2.08601341001e-06, 1.85157296073e-06, 1.35425830194e-06, 7.69896303154e-07, 5.04647971411e-07],
        "dvar": [4.2390793169e-06, 5.02216244058e-06, 1.13051714834e-06, 3.24778028471e-07, 2.68109303647e-08, 9.6496526325e-09, 3.58764906672e-09, 1.51513790403e-09, 1.4454339059e-08, 3.22793631824e-08, 1.59370046049e-08, 4.12498435409e-09, 1.9133929996e-09, 2.23010698797e-09, 1.46402956425e-09, 7.90149667917e-10, 3.67817354352e-09, 5.73230296563e-10, 2.18420082021e-09, 7.79826148101e-10, 2.57854892993e-09, 3.994240938e-09, 1.40180467234e-09, 1.10271791698e-09, 1.07624464896e-09, 1.10684073018e-09, 5.34705946187e-10, 1.61105948027e-10, 5.67718649869e-11, 1.09195978648e-10, 9.88405121638e-11, 3.58270010881e-11, 2.5790907604e-11, 2.21525974647e-11, 1.14192414205e-11, 1.15596863678e-11, 9.12517370694e-12, 5.55612804029e-12, 2.40073065594e-12, 9.14524640912e-13],
        "dvar2": [1.15948041639e-05, 1.37273373184e-05, 2.78408469967e-06, 7.96833830918e-07, 7.07929075361e-08, 2.52863525674e-08, 8.99207286409e-09, 3.76329012397e-09, 3.33419656329e-08, 7.73622659267e-08, 3.19680424354e-08, 1.11237197231e-08, 4.81012873976e-09, 6.19366824495e-09, 3.52816020843e-09, 1.96691507526e-09, 1.12819522613e-08, 1.53063572927e-09, 6.26402618664e-09, 2.13188000586e-09, 6.65459332083e-09, 1.12009876929e-08, 3.79529296879e-09, 3.0455988842e-09, 2.7967621552e-09, 3.02464631119e-09, 1.39390410325e-09, 4.27536145375e-10, 1.55218018993e-10, 3.07343511752e-10, 2.70238831312e-10, 9.6192831478e-11, 7.18665474353e-11, 6.139898312e-11, 2.86905967734e-11, 2.70444344003e-11, 1.92356165718e-11, 1.25192226377e-11, 4.7456179611e-12, 1.71599735289e-12],
        "max": [0.0167748425156, 0.01692058146, 0.0189912635833, 0.00714954081923, 0.0026311497204, 0.00126333825756, 0.00111824122723, 0.000570758245885, 0.00275382236578, 0.00303415954113, 0.00323146954179, 0.0011988687329, 0.00129816122353, 0.000960662087891, 0.000677675183397, 0.000783960102126, 0.00126521731727, 0.00038762690383, 0.00107733812183, 0.000750847335439, 0.000678801734466, 0.000840642955154, 0.000489460828248, 0.000407519808505, 0.000474677828606, 0.000463882315671, 0.000321921572322, 0.000166308585904, 0.000129513005959, 0.000103515609226, 0.000109873653855, 9.81434059213e-05, 9.82431229204e-05, 9.93553258013e-05, 6.634357851e-05, 9.98847317533e-05, 9.08119545784e-05, 8.18878397695e-05, 5.0378148444e-05, 3.48473149643e-05],
        "mean": [0.00115761172492, 0.0014484715648, 0.000912736402825, 0.000490859616548, 0.000158184906468, 9.43881241255e-05, 5.37340019946e-05, 3.74111295969e-05, 8.72730379342e-05, 0.000148344581248, 8.6572879809e-05, 4.29503998021e-05, 2.9480410376e-05, 3.35211843776e-05, 2.85795940727e-05, 1.88658286788e-05, 2.99394359899e-05, 1.89060392586e-05, 2.24258292292e-05, 2.40065419348e-05, 4.08661762776e-05, 4.81788629259e-05, 3.96301438741e-05, 2.95055961033e-05, 3.76876669179e-05, 3.75585368602e-05, 2.74260401056e-05, 1.56628393597e-05, 8.34564980323e-06, 1.23687632367e-05, 1.18753423521e-05, 7.77395143814e-06, 5.09468281962e-06, 4.23569281338e-06, 3.41564623341e-06, 2.80921881313e-06, 2.45854153036e-06, 1.80857887244e-06, 1.18135585581e-06, 7.65221102483e-07],
        "median": [0.000380101933843, 0.00060151249636, 0.000455366360256, 0.000245125353104, 9.69339016592e-05, 5.47526105947e-05, 2.79560154013e-05, 1.92944480659e-05, 3.25546461681e-05, 6.30828508292e-05, 3.80299279641e-05, 2.0217115889e-05, 1.36113822009e-05, 1.43229090099e-05, 1.25519773064e-05, 6.92629873811e-06, 9.03661657503e-06, 8.55653070175e-06, 6.64512708681e-06, 1.16567343866e-05, 2.08852452488e-05, 2.41162852035e-05, 2.60592678387e-05, 1.86489651242e-05, 2.32905586017e-05, 2.23857659876e-05, 1.66505524248e-05, 1.01692103271e-05, 5.1922665989e-06, 8.02039903647e-06, 7.89132081991e-06, 4.9500958994e-06, 2.4398621008e-06, 1.6243917571e-06, 1.75076911546e-06, 1.40440602081e-06, 1.09147265448e-06, 8.5837905317e-07, 5.88377872646e-07, 3.68820366248e-07],
        "min": [6.1024829634e-09, 2.27786856044e-09, 1.96471505731e-10, 4.74742190004e-11, 1.63243273066e-11, 6.5344019258e-12, 4.14610143093e-12, 2.20161736064e-12, 1.6651981443e-12, 3.3736683152e-12, 2.08483078891e-12, 8.09118776753e-13, 5.58617334247e-13, 1.09894775571e-12, 7.78053511376e-13, 6.70417877029e-13, 8.46842723983e-13, 3.96439039365e-13, 2.24247934132e-13, 3.69405000296e-13, 3.30426549837e-13, 2.43733798335e-13, 3.42871591579e-13, 2.94272744193e-13, 1.61162654944e-13, 2.53165516979e-13, 3.49886786211e-13, 2.26268290671e-13, 1.52932679541e-13, 1.93084765299e-13, 1.61859756284e-13, 1.52386512697e-13, 1.25414706832e-13, 1.38117138169e-13, 1.79419996113e-13, 2.37752038109e-13, 1.67184517098e-13, 1.14167911778e-13, 1.66018959105e-13, 2.34642519173e-13],
        "var": [3.9026608647e-06, 4.7473322411e-06, 2.02026899387e-06, 5.66150731629e-07, 4.1840745979e-08, 1.69197562627e-08, 5.83706150081e-09, 2.90599788677e-09, 2.74293689984e-08, 6.67937740673e-08, 3.54710572026e-08, 7.74572406215e-09, 3.29646399067e-09, 4.40841052551e-09, 2.68581001883e-09, 2.43085418461e-09, 6.92747281761e-09, 1.1706969838e-09, 3.84198317605e-09, 1.88299265069e-09, 3.81608655786e-09, 5.08136821509e-09, 2.46127940251e-09, 1.49534629124e-09, 2.12431294777e-09, 2.48393949853e-09, 1.22993071283e-09, 3.54812457193e-10, 1.12035124233e-10, 2.21049956117e-10, 2.10212874885e-10, 8.80285497273e-11, 5.16867035283e-11, 4.86107230857e-11, 2.56633880813e-11, 2.09753239083e-11, 1.79542092998e-11, 1.09252286037e-11, 4.82514115469e-12, 1.98648324352e-12]
    },
    "mfcc": {
        "mean": [-654.548095703, 96.3689346313, -0.0243116915226, 39.4302825928, 1.81067454815, 7.28519153595, 7.52727651596, 11.7975053787, 5.96329545975, 0.955426514149, -0.856720149517, -3.43467569351, -4.25243234634],
        "cov": [[11527.7783203, -2323.80883789, -664.90032959, 687.341674805, 379.676544189, -439.00869751, -350.561401367, 507.45022583, -75.1244049072, 169.632553101, -71.3239440918, 143.828613281, -560.287719727], [-2323.80883789, 1377.55810547, -11.5994529724, -130.590698242, -171.109786987, 153.175964355, 159.884460449, -128.963012695, 89.8411941528, -80.1722412109, 15.9478502274, -78.2565765381, 142.410766602], [-664.90032959, -11.5994529724, 539.526977539, -59.7104911804, 74.3973846436, -0.229371011257, 49.0644607544, -18.9745140076, -9.29719352722, -3.3794631958, 2.0722014904, -28.3837833405, 35.3878364563], [687.341674805, -130.590698242, -59.7104911804, 355.532775879, 47.9345169067, -63.7253608704, -38.066078186, 55.464138031, 46.6431732178, 16.8538990021, 3.06597948074, 25.0156002045, -61.1529006958], [379.676544189, -171.109786987, 74.3973846436, 47.9345169067, 166.649230957, -9.07616233826, -12.8325634003, 25.4128932953, 1.58973789215, 4.23402690887, -12.4883518219, 21.4178199768, -28.483537674], [-439.00869751, 153.175964355, -0.229371011257, -63.7253608704, -9.07616233826, 126.541557312, 45.9434204102, -14.21489048, 5.8137178421, 4.40338516235, -0.525646567345, -9.43712997437, 40.6410484314], [-350.561401367, 159.884460449, 49.0644607544, -38.066078186, -12.8325634003, 45.9434204102, 142.787643433, 9.94551086426, 31.9296607971, -2.40803861618, 13.1199331284, -17.374162674, 23.6084880829], [507.45022583, -128.963012695, -18.9745140076, 55.464138031, 25.4128932953, -14.21489048, 9.94551086426, 119.760398865, 12.0567321777, 15.6127958298, -6.58973407745, 24.8665390015, -28.297876358], [-75.1244049072, 89.8411941528, -9.29719352722, 46.6431732178, 1.58973789215, 5.8137178421, 31.9296607971, 12.0567321777, 110.439979553, 28.1600799561, 21.2369441986, -15.435084343, 5.1372961998], [169.632553101, -80.1722412109, -3.3794631958, 16.8538990021, 4.23402690887, 4.40338516235, -2.40803861618, 15.6127958298, 28.1600799561, 78.6518173218, 28.3932704926, -2.91556501389, -9.37522315979], [-71.3239440918, 15.9478502274, 2.0722014904, 3.06597948074, -12.4883518219, -0.525646567345, 13.1199331284, -6.58973407745, 21.2369441986, 28.3932704926, 71.7171554565, 10.1005125046, 2.9950530529], [143.828613281, -78.2565765381, -28.3837833405, 25.0156002045, 21.4178199768, -9.43712997437, -17.374162674, 24.8665390015, -15.435084343, -2.91556501389, 10.1005125046, 82.8929901123, 1.22961962223], [-560.287719727, 142.410766602, 35.3878364563, -61.1529006958, -28.483537674, 40.6410484314, 23.6084880829, -28.297876358, 5.1372961998, -9.37522315979, 2.9950530529, 1.22961962223, 116.495887756]],
