{
"lowlevel": {
    "average_loudness": 0.00849281810224,
    "barkbands_crest": {
        "dmean": 2.09734296799,
        "dmean2": 3.33789920807,
        "dvar": 4.37284517288,
        "dvar2": 10.0206975937,
        "max": 26.8228130341,
        "mean": 12.0376443863,
        "median": 11.3434839249,
        "min": 3.63249611855,
        "var": 19.4542503357
    },
    "barkbands_flatness_db": {
        "dmean": 0.0191926322877,
        "dmean2": 0.0280489455909,
        "dvar": 0.000500873837154,
        "dvar2": 0.000973331683781,
        "max": 0.480348676443,
        "mean": 0.196545749903,
        "median": 0.188309699297,
        "min": 0.029266025871,
        "var": 0.00419601984322
    },
    "barkbands_kurtosis": {
        "dmean": 7.48491477966,
        "dmean2": 12.0690746307,
        "dvar": 2122.08325195,
        "dvar2": 5197.16162109,
        "max": 1636.62426758,
        "mean": 24.1809482574,
        "median": 4.40152549744,
        "min": -1.96686542034,
        "var": 17916.2636719
    },
    "barkbands_skewness": {
        "dmean": 0.556196331978,
        "dmean2": 0.849676311016,
        "dvar": 1.11376714706,
        "dvar2": 2.19934678078,
        "max": 11.032412529,
        "mean": 1.8818038702,
        "median": 1.91245138645,
        "min": -35.6458778381,
        "var": 15.1237363815
    },
    "barkbands_spread": {
        "dmean": 4.13697147369,
        "dmean2": 6.2237906456,
        "dvar": 45.4595146179,
        "dvar2": 94.6133422852,
        "max": 96.7858810425,
        "mean": 16.6641407013,
        "median": 14.2206878662,
        "min": 0.154782786965,
        "var": 171.15284729
    },
    "dissonance": {
        "dmean": 0.0227403678,
        "dmean2": 0.0380376875401,
        "dvar": 0.000601837586146,
        "dvar2": 0.00167704990599,
        "max": 0.500000119209,
        "mean": 0.44236689806,
        "median": 0.450969874859,
        "min": 0.234216973186,
        "var": 0.00153699691873
    },
    "dynamic_complexity": 4.87242984772,
    "erbbands_crest": {
        "dmean": 2.48567771912,
        "dmean2": 3.81681656837,
        "dvar": 6.00249671936,
        "dvar2": 14.2247676849,
        "max": 31.277217865,
        "mean": 12.1405448914,
        "median": 11.5049543381,
        "min": 2.9234457016,
        "var": 22.7345066071
    },
    "erbbands_flatness_db": {
        "dmean": 0.0158254317939,
        "dmean2": 0.0231720842421,
        "dvar": 0.000276734645013,
        "dvar2": 0.000540845736396,
        "max": 0.371095299721,
        "mean": 0.194113492966,
        "median": 0.194376185536,
        "min": 0.0749676451087,
        "var": 0.00182993570343
    },
    "erbbands_kurtosis": {
        "dmean": 1.23140382767,
        "dmean2": 1.87874102592,
        "dvar": 4.08171987534,
        "dvar2": 8.89127445221,
        "max": 36.6160926819,
        "mean": 1.51275467873,
        "median": 0.415774106979,
        "min": -1.90049266815,
        "var": 14.1104393005
    },
    "erbbands_skewness": {
        "dmean": 0.386568397284,
        "dmean2": 0.573046088219,
        "dvar": 0.189775928855,
        "dvar2": 0.38451641798,
        "max": 5.84599304199,
        "mean": 0.811209321022,
        "median": 0.783434808254,
        "min": -2.48372745514,
        "var": 1.07528245449
    },
    "erbbands_spread": {
        "dmean": 7.95981121063,
        "dmean2": 11.9483346939,
        "dvar": 110.144943237,
        "dvar2": 236.536102295,
        "max": 166.710647583,
        "mean": 42.3604469299,
        "median": 38.9698257446,
        "min": 3.47866511345,
        "var": 484.66229248
    },
    "hfc": {
        "dmean": 3.40738463402,
        "dmean2": 4.86073207855,
        "dvar": 129.699661255,
        "dvar2": 274.400634766,
        "max": 457.095306396,
        "mean": 15.1026992798,
        "median": 5.22774505615,
        "min": 1.1491981869e-16,
        "var": 1264.72814941
    },
    "melbands_crest": {
        "dmean": 2.56328296661,
        "dmean2": 4.09940433502,
        "dvar": 6.01482105255,
        "dvar2": 15.2296867371,
        "max": 30.6628341675,
        "mean": 15.5043897629,
        "median": 14.9906206131,
        "min": 1.52781677246,
        "var": 26.5710830688
    },
    "melbands_flatness_db": {
        "dmean": 0.0220110714436,
        "dmean2": 0.0316781587899,
        "dvar": 0.000584120454732,
        "dvar2": 0.00113218417391,
        "max": 0.622985005379,
        "mean": 0.254996806383,
        "median": 0.247511833906,
        "min": 0.00335129280575,
        "var": 0.00679110875353
    },
    "melbands_kurtosis": {
        "dmean": 9.28072929382,
        "dmean2": 14.2146520615,
        "dvar": 253.526657104,
        "dvar2": 575.162963867,
        "max": 244.19090271,
        "mean": 26.4371547699,
        "median": 13.3514823914,
        "min": -1.4731515646,
        "var": 1085.21166992
    },
    "melbands_skewness": {
        "dmean": 0.681675374508,
        "dmean2": 1.02725231647,
        "dvar": 0.665197730064,
        "dvar2": 1.47476446629,
        "max": 12.1968517303,
        "mean": 3.43136668205,
        "median": 2.98808932304,
        "min": -0.41728925705,
        "var": 4.99766206741
    },
    "melbands_spread": {
        "dmean": 4.520570755,
        "dmean2": 6.69376754761,
        "dvar": 63.6517753601,
        "dvar2": 125.879310608,
        "max": 175.004623413,
        "mean": 18.2164402008,
        "median": 13.6302471161,
        "min": 0.809136033058,
        "var": 378.199127197
    },
    "pitch_salience": {
        "dmean": 0.0555046051741,
        "dmean2": 0.0896880403161,
        "dvar": 0.00285597657785,
        "dvar2": 0.00705188279971,
        "max": 0.872761070728,
        "mean": 0.48975110054,
        "median": 0.479791194201,
        "min": 0.168580010533,
        "var": 0.0112785035744
    },
    "silence_rate_20dB": {
        "dmean": 0,
        "dmean2": 0,
        "dvar": 0,
        "dvar2": 0,
        "max": 1,
        "mean": 1,
        "median": 1,
        "min": 1,
        "var": 0
    },
    "silence_rate_30dB": {
        "dmean": 0.00386996893212,
        "dmean2": 0.00735578779131,
        "dvar": 0.00385498674586,
        "dvar2": 0.00962456595153,
        "max": 1,
        "mean": 0.965570628643,
        "median": 1,
        "min": 0,
        "var": 0.0332440510392
    },
    "silence_rate_60dB": {
        "dmean": 0.0375386998057,
        "dmean2": 0.0751064643264,
        "dvar": 0.0361310020089,
        "dvar2": 0.0841803699732,
        "max": 1,
        "mean": 0.104448743165,
        "median": 0,
        "min": 0,
        "var": 0.0935398191214
    },
    "spectral_centroid": {
        "dmean": 186.930480957,
        "dmean2": 275.64642334,
        "dvar": 84436.6171875,
        "dvar2": 157800.390625,
        "max": 11562.4628906,
        "mean": 1049.68041992,
        "median": 929.011535645,
        "min": 188.132919312,
        "var": 493993.84375
    },
    "spectral_complexity": {
        "dmean": 1.49264705181,
        "dmean2": 2.36159515381,
        "dvar": 3.54018831253,
        "dvar2": 6.94319152832,
        "max": 61,
        "mean": 9.81005764008,
        "median": 8,
        "min": 0,
        "var": 78.7253112793
    },
    "spectral_decrease": {
        "dmean": 1.10484354998e-09,
        "dmean2": 1.6918513257e-09,
        "dvar": 8.47455884701e-18,
        "dvar2": 2.22151000204e-17,
        "max": 1.31127612024e-14,
        "mean": -4.56961535278e-09,
        "median": -2.55485566036e-09,
        "min": -7.73197470494e-08,
        "var": 6.18830690735e-17
    },
    "spectral_energy": {
        "dmean": 0.00436850031838,
        "dmean2": 0.00666807405651,
        "dvar": 0.00013324979227,
        "dvar2": 0.000345875159837,
        "max": 0.310058653355,
        "mean": 0.0186166130006,
        "median": 0.0101645654067,
        "min": 1.07192509967e-20,
        "var": 0.00106680684257
    },
    "spectral_energyband_high": {
        "dmean": 0.000237552143517,
        "dmean2": 0.000327399000525,
        "dvar": 1.30499427087e-06,
        "dvar2": 2.4415264761e-06,
        "max": 0.0439536646008,
        "mean": 0.000729316961952,
        "median": 0.000108057938633,
        "min": 7.82436361424e-21,
        "var": 7.54696338845e-06
    },
    "spectral_energyband_low": {
        "dmean": 0.00229642866179,
        "dmean2": 0.00368437799625,
        "dvar": 8.04170485935e-05,
        "dvar2": 0.000227098236792,
        "max": 0.198319479823,
        "mean": 0.00541365891695,
        "median": 0.00201897788793,
        "min": 3.98327393928e-23,
        "var": 0.000190517268493
    },
    "spectral_energyband_middle_high": {
        "dmean": 0.00150977971498,
        "dmean2": 0.00227341195568,
        "dvar": 2.25105522986e-05,
        "dvar2": 5.97269572609e-05,
        "max": 0.117558553815,
        "mean": 0.00533137051389,
        "median": 0.000874980178196,
        "min": 1.70873421399e-21,
        "var": 0.000161831238074
    },
    "spectral_energyband_middle_low": {
        "dmean": 0.00263312575407,
        "dmean2": 0.00416001724079,
        "dvar": 3.79530647479e-05,
        "dvar2": 0.000101801226265,
        "max": 0.150428786874,
        "mean": 0.00790112372488,
        "median": 0.00546294264495,
        "min": 3.85885536529e-22,
        "var": 9.48974484345e-05
    },
    "spectral_entropy": {
        "dmean": 0.183636084199,
        "dmean2": 0.2674446702,
        "dvar": 0.0417432524264,
        "dvar2": 0.083959646523,
        "max": 9.78124427795,
        "mean": 6.91037321091,
        "median": 6.87680578232,
        "min": 4.45348358154,
        "var": 0.380643546581
    },
    "spectral_flux": {
        "dmean": 0.0145910885185,
        "dmean2": 0.0230390857905,
        "dvar": 0.000330433424097,
        "dvar2": 0.000769890320953,
        "max": 0.351398408413,
        "mean": 0.0474379733205,
        "median": 0.0346840843558,
        "min": 1.03533813467e-10,
        "var": 0.00215145014226
    },
    "spectral_kurtosis": {
        "dmean": 2.12866163254,
        "dmean2": 3.55929994583,
        "dvar": 12.135518074,
        "dvar2": 28.3810558319,
        "max": 93.5265884399,
        "mean": 4.82817602158,
        "median": 3.22287082672,
        "min": -1.35400438309,
        "var": 38.5784492493
    },
    "spectral_rms": {
        "dmean": 0.000421809760155,
        "dmean2": 0.000630116963293,
        "dvar": 3.12364193178e-07,
        "dvar2": 7.31787451969e-07,
        "max": 0.0173924192786,
        "mean": 0.00359979947098,
        "median": 0.00314907124266,
        "min": 3.23385307248e-12,
        "var": 5.20401817994e-06
    },
    "spectral_rolloff": {
        "dmean": 322.649780273,
        "dmean2": 559.872131348,
        "dvar": 773416.375,
        "dvar2": 1647029.625,
        "max": 21145.6054688,
        "mean": 1249.01147461,
        "median": 667.529296875,
        "min": 107.666015625,
        "var": 5945108.5
    },
    "spectral_skewness": {
        "dmean": 0.259229809046,
        "dmean2": 0.410591602325,
        "dvar": 0.0941224321723,
        "dvar2": 0.204980373383,
        "max": 7.96963071823,
        "mean": 1.56468522549,
        "median": 1.42937874794,
        "min": -0.160365656018,
        "var": 0.468131393194
    },
    "spectral_spread": {
        "dmean": 408687.9375,
        "dmean2": 600547.625,
        "dvar": 558110015488,
        "dvar2": 866368946176,
        "max": 41764004,
        "mean": 4590406,
        "median": 4203573,
        "min": 1043060.8125,
        "var": 6.90359317299e+12
    },
    "spectral_strongpeak": {
        "dmean": 0.474158644676,
        "dmean2": 0.806673049927,
        "dvar": 1.07040905952,
        "dvar2": 2.77934122086,
        "max": 11.215177536,
        "mean": 1.10629618168,
        "median": 0.452130556107,
        "min": 0,
        "var": 2.29462146759
    },
    "zerocrossingrate": {
        "dmean": 0.00804851483554,
        "dmean2": 0.00950418785214,
        "dvar": 0.000286284164758,
        "dvar2": 0.000359341182048,
        "max": 0.89208984375,
        "mean": 0.0559876300395,
        "median": 0.04248046875,
        "min": 0.00439453125,
        "var": 0.00871303863823
    },
    "barkbands": {
        "dmean": [2.19352168642e-05, 0.000922018080018, 0.00156207976397, 0.00081877905177, 0.00124562368728, 0.000661477504764, 0.000430232001236, 0.000253124453593, 0.00031856118585, 0.000441412470536, 0.000861184496898, 0.000162664204254, 0.000337492878316, 0.000144218909554, 0.000128478161059, 0.000100024575659, 8.65212423378e-05, 0.000121350269183, 8.10194469523e-05, 7.29929961381e-05, 5.40481378266e-05, 6.00197017775e-05, 0.000102291582152, 4.08315609093e-05, 1.28351703097e-05, 2.45373576035e-06, 1.46861367512e-07],
        "dmean2": [3.10332325171e-05, 0.00146211904939, 0.00247803330421, 0.00135192205198, 0.00203609955497, 0.00101254577748, 0.000668132910505, 0.000403602607548, 0.000476580142276, 0.000669427274261, 0.00133899284992, 0.000247755902819, 0.000518530083355, 0.00022692552011, 0.00020306550141, 0.000167175909155, 0.000138227595016, 0.000188618374523, 0.000127416991745, 0.000113692862215, 8.4202241851e-05, 8.62711385707e-05, 0.000155239627929, 5.61297856621e-05, 1.69604500115e-05, 3.50142704519e-06, 1.88586980698e-07],
        "dvar": [6.1798793638e-08, 1.54401077452e-05, 4.39073337475e-05, 6.86013663653e-06, 1.47483115143e-05, 3.26093777403e-06, 2.15511067836e-06, 2.33477339862e-06, 1.2693494682e-06, 2.95433460451e-06, 1.63069980772e-05, 4.65832613372e-07, 1.94878339244e-06, 6.49502851502e-07, 3.33707760092e-07, 4.63236602855e-07, 8.34645490499e-08, 1.15255289757e-07, 1.75890832566e-07, 9.4014929175e-08, 1.13530170154e-07, 1.07108043323e-07, 1.67682287611e-07, 5.40773150703e-08, 5.82672399219e-09, 1.73968769945e-10, 4.24536897607e-13],
        "dvar2": [1.07271198146e-07, 4.29807259934e-05, 0.000117018476885, 1.91162271221e-05, 3.96315808757e-05, 8.87530586624e-06, 5.04874742546e-06, 6.40309053779e-06, 2.8252300126e-06, 6.79088407196e-06, 4.43362660008e-05, 1.03946513264e-06, 4.82821906189e-06, 1.43383203977e-06, 8.26835787393e-07, 1.4360299474e-06, 2.27738425451e-07, 2.6986111834e-07, 4.92892354487e-07, 2.0832722214e-07, 2.82873173774e-07, 2.6338594239e-07, 4.04269229648e-07, 9.68736344475e-08, 9.79858150174e-09, 3.49671624988e-10, 6.23175393667e-13],
        "max": [0.00956078059971, 0.109095558524, 0.114607676864, 0.0647549107671, 0.0818390026689, 0.0337067767978, 0.0317000672221, 0.0435500629246, 0.0301217902452, 0.0411133319139, 0.0935578122735, 0.0160902515054, 0.0409895405173, 0.0276298914105, 0.0141233131289, 0.0258355550468, 0.00557632418349, 0.00729955965653, 0.0105802230537, 0.0100575024262, 0.0123938554898, 0.0117424577475, 0.0135332373902, 0.00940663460642, 0.00326886610128, 0.000316464167554, 1.97665613086e-05],
        "mean": [2.74488957075e-05, 0.00199378980324, 0.00268668471836, 0.00147946539801, 0.00275991321541, 0.00162374565843, 0.000795702333562, 0.000438717572251, 0.000678072567098, 0.000928075052798, 0.00219831662253, 0.000325660832459, 0.000655103242025, 0.000236926804064, 0.00020433908503, 0.000164900789969, 0.000153821194544, 0.000271373515716, 0.000173171938513, 0.000152538108523, 0.000115511909826, 0.000138256466016, 0.000301595195197, 8.25463284855e-05, 2.61072636931e-05, 4.58596696262e-06, 2.72971107051e-07],
        "median": [2.3507957394e-06, 0.000322212115861, 0.000633993418887, 0.000650802510791, 0.00153430283535, 0.000359985453542, 7.24465353414e-05, 4.04504608014e-05, 4.02119876526e-05, 2.65302205662e-05, 1.68549158843e-05, 2.28199223784e-05, 3.64316401829e-05, 1.35912887345e-05, 1.32458717417e-05, 1.267427524e-05, 2.03900217457e-05, 6.05889399594e-05, 3.35543591063e-05, 2.66486495093e-05, 1.11266163003e-05, 2.38136108237e-05, 2.01704751817e-05, 6.54145969747e-06, 2.19706862481e-06, 1.08748743344e-07, 5.48172920389e-08],
        "min": [2.03540884967e-24, 1.00204275513e-23, 1.8285041632e-23, 2.13433291438e-23, 5.61470045351e-23, 2.79572115484e-23, 7.96132183283e-23, 1.52213172908e-22, 2.79575744244e-23, 5.96659868156e-23, 3.79721667716e-23, 1.57791176815e-22, 2.07268633764e-22, 5.41570808136e-23, 1.05918586696e-22, 1.49823492345e-22, 2.46747789922e-22, 2.33923713637e-22, 3.79848188384e-22, 2.66759436661e-22, 5.89366186444e-22, 5.05919646853e-22, 5.79451075768e-22, 7.36527494115e-22, 1.41414209852e-21, 1.59424502591e-21, 2.47646626873e-21],
        "var": [9.82126380222e-08, 2.83919453068e-05, 8.087290189e-05, 1.02338981378e-05, 2.10365033126e-05, 1.10846776806e-05, 4.10673646911e-06, 2.73633531833e-06, 4.12393319493e-06, 8.27831718198e-06, 6.88583604642e-05, 1.13575060823e-06, 5.76574939259e-06, 9.70666292233e-07, 6.25045174729e-07, 7.57881423397e-07, 1.95645682766e-07, 4.49202104846e-07, 4.30155694175e-07, 3.42057404623e-07, 3.10510927193e-07, 3.24609544577e-07, 1.10318319457e-06, 1.54156467147e-07, 2.01269347855e-08, 4.76264916394e-10, 1.35906813147e-12]
    },
    "erbbands": {
        "dmean": [0.0182834062725, 0.258369505405, 1.55792403221, 1.84525775909, 4.70083141327, 3.73464679718, 3.91468501091, 5.70853471756, 5.52139043808, 6.2503528595, 4.99461698532, 5.90593624115, 10.5449771881, 31.6411571503, 14.3602199554, 6.63568019867, 12.6770801544, 8.41970443726, 6.09648942947, 5.41246700287, 4.27861690521, 4.94069433212, 6.77741098404, 4.80420446396, 4.19787788391, 2.87171268463, 2.47919344902, 1.79722642899, 1.97811031342, 2.50291967392, 3.18712973595, 1.25420892239, 0.561856031418, 0.196413859725, 0.0727012231946, 0.0189265515655, 0.00305064325221, 0.000365496933227, 2.74671456282e-05, 5.79581592319e-06],
        "dmean2": [0.0250878538936, 0.418317675591, 2.4584710598, 3.02378201485, 7.86112165451, 6.20824813843, 5.83134651184, 8.83776569366, 8.43264865875, 10.1181259155, 7.78070354462, 8.62994098663, 15.331618309, 48.3037147522, 21.1419658661, 10.2962274551, 18.5858535767, 12.4509181976, 9.0701417923, 8.78965568542, 6.96044969559, 7.85066175461, 10.3593254089, 7.58449697495, 6.29566383362, 4.23489999771, 3.68149995804, 2.80701565742, 2.91775608063, 3.84654998779, 4.93636083603, 1.79364132881, 0.798542141914, 0.261287748814, 0.101047255099, 0.0272578038275, 0.00398778729141, 0.000452868524007, 3.51794660673e-05, 8.63929108164e-06],
        "dvar": [0.0137196704745, 1.11575710773, 42.4549369812, 33.0798149109, 186.154968262, 193.990615845, 109.174682617, 269.806854248, 226.860168457, 1700.50561523, 515.043457031, 344.913482666, 1330.1373291, 15417.2988281, 5020.29101562, 842.314147949, 2568.67456055, 1765.82080078, 623.209533691, 768.087768555, 534.62322998, 281.249725342, 419.33291626, 687.993164062, 231.534805298, 152.309326172, 223.390365601, 143.628463745, 137.974853516, 134.800857544, 165.201583862, 36.3026695251, 12.7636537552, 1.58614957333, 0.176417380571, 0.0109049482271, 0.000223118273425, 3.04160471387e-06, 1.73519492108e-08, 2.48132098202e-10],
        "dvar2": [0.0259381271899, 3.31046485901, 111.875656128, 93.62474823, 513.660766602, 525.585510254, 242.835006714, 763.315673828, 531.955505371, 4531.97851562, 1209.68493652, 762.642272949, 3061.90869141, 41207.96875, 12134.7519531, 2147.44433594, 5629.36474609, 3510.09594727, 1241.47521973, 2069.63330078, 1625.78063965, 758.610351562, 985.170837402, 1986.64794922, 559.352661133, 327.359558105, 535.936096191, 353.635314941, 321.431121826, 309.739257812, 416.05758667, 75.7222976685, 24.6917266846, 2.69624185562, 0.31420570612, 0.0214381236583, 0.00042957442929, 5.0185967666e-06, 2.95573876485e-08, 5.46122647105e-10],
        "max": [4.3663854599, 30.4596881866, 119.425064087, 119.290756226, 232.028839111, 276.010284424, 296.074920654, 286.146026611, 249.936294556, 1119.82006836, 641.863525391, 396.548370361, 858.900695801, 2967.50683594, 2224.11230469, 1044.78601074, 1967.64465332, 1741.90222168, 811.335266113, 921.397094727, 907.046142578, 361.787475586, 427.898284912, 796.680786133, 446.505401611, 481.814880371, 526.431884766, 423.949951172, 435.323852539, 474.829071045, 378.560058594, 218.226272583, 148.27255249, 54.8061180115, 18.754447937, 2.95485162735, 0.450567036867, 0.0546832159162, 0.00423155678436, 0.000521931680851],
        "mean": [0.0377039536834, 0.551725029945, 2.84491610527, 4.11139726639, 7.8945441246, 8.61842536926, 11.494556427, 13.3459377289, 12.0338163376, 9.29726028442, 10.2632675171, 12.4945831299, 26.011220932, 80.9611053467, 35.6358184814, 14.6194477081, 26.2435359955, 17.2994976044, 12.1392831802, 9.45042419434, 8.79753303528, 9.65673446655, 15.0633163452, 10.3534564972, 9.24446868896, 6.47202682495, 5.23126792908, 3.9674949646, 4.52117729187, 6.89167451859, 9.07193946838, 3.07945632935, 1.03620100021, 0.394304901361, 0.137912377715, 0.0342914052308, 0.00612670416012, 0.000707607832737, 5.52772944502e-05, 2.61054919974e-05],
        "median": [0.00347529025748, 0.106231153011, 0.67731744051, 1.96014249325, 3.9874420166, 4.31418228149, 3.66469764709, 3.15328717232, 1.93119645119, 1.13242781162, 1.25836443901, 1.36603391171, 1.56278300285, 1.53340852261, 1.45414459705, 1.21002459526, 1.92411661148, 1.39928793907, 0.964719355106, 0.858451485634, 0.956598520279, 1.64262449741, 3.08840751648, 2.16893911362, 2.10811901093, 1.36525046825, 0.566763103008, 0.507347404957, 0.788920104504, 0.832837760448, 0.574709117413, 0.261862128973, 0.0604593157768, 0.0295157060027, 0.0106800366193, 0.00135695107747, 0.000171458246768, 2.09459412872e-05, 9.4838651421e-06, 1.42290909935e-05],
        "min": [3.94470665584e-22, 2.51463289918e-21, 1.89196966386e-20, 4.65624748944e-20, 1.05467389257e-19, 2.00529608965e-19, 2.59679911626e-19, 2.84485662329e-19, 9.70123419462e-19, 1.74185811556e-18, 3.02294602424e-18, 8.22329508453e-19, 1.10645260718e-18, 2.1989345474e-18, 2.2999500506e-18, 6.46636367026e-18, 9.22303074274e-18, 4.3575887077e-18, 4.73815589597e-18, 5.10656063411e-18, 1.25274956943e-17, 1.33864938092e-17, 1.06403608818e-17, 2.44661380542e-17, 1.07425822075e-17, 1.0282967572e-17, 2.56527120993e-17, 2.10700769118e-17, 1.42730494461e-17, 1.88766255379e-17, 1.64851967562e-17, 1.20424568355e-17, 1.5253776287e-17, 1.10750889614e-17, 1.26335377673e-17, 6.73772399252e-18, 2.72289225409e-18, 1.0801740097e-18, 3.23890349513e-19, 4.09230579772e-20],
        "var": [0.0281939767301, 1.82091510296, 83.0873031616, 75.3786697388, 230.844299316, 266.78616333, 536.859313965, 795.546691895, 626.545043945, 1449.52319336, 1027.80688477, 1190.24743652, 4656.32324219, 62253.8789062, 16881.0800781, 2234.23413086, 8243.48828125, 5074.65722656, 1745.97412109, 1601.18811035, 1269.90710449, 664.280273438, 1531.58679199, 1409.44946289, 875.413146973, 649.366516113, 665.368774414, 384.623413086, 387.508422852, 539.49597168, 1049.29589844, 143.30329895, 29.2925071716, 5.05738449097, 0.537173569202, 0.0282373744994, 0.000773647101596, 1.17870667964e-05, 5.62053550368e-08, 2.35364616685e-09]
    },
    "gfcc": {
        "mean": [-86.0200042725, 115.124710083, -114.463928223, 54.0144348145, -65.1005477905, 9.03183078766, -36.3043899536, -7.62962865829, -22.5193042755, -20.1787281036, -5.42890930176, -5.91969871521, -12.1925287247],
        "cov": [[15133.1621094, 382.938232422, -1621.3404541, 266.084686279, -1400.46105957, 1306.84143066, -501.414916992, 441.632873535, -347.297851562, 54.9412498474, -164.965118408, 347.100952148, -133.476013184], [382.938232422, 1812.80554199, -86.0098571777, 145.228775024, 171.902374268, -312.091827393, 98.6592407227, -226.472503662, 76.89012146, -219.902816772, 63.29479599, -168.47958374, -9.40174770355], [-1621.3404541, -86.0098571777, 732.692077637, 80.1692428589, 153.993911743, -155.24848938, -34.6566886902, 63.5280647278, -9.27774047852, 28.7060184479, -32.1002502441, -33.449256897, 8.68838882446], [266.084686279, 145.228775024, 80.1692428589, 522.304016113, 137.089157104, -221.392944336, -77.7854385376, 16.9955863953, -29.3498153687, 14.4302482605, 11.2780838013, -23.6830730438, 18.0936450958], [-1400.46105957, 171.902374268, 153.993911743, 137.089157104, 475.455932617, -232.203964233, 48.1775360107, -75.8211135864, 49.7244262695, 51.100769043, -16.9336700439, -26.1886558533, 39.4743804932], [1306.84143066, -312.091827393, -155.24848938, -221.392944336, -232.203964233, 586.967895508, 96.6216125488, 13.7478485107, 21.8312625885, 11.1725330353, -11.7896337509, 59.6756057739, -27.6273670197], [-501.414916992, 98.6592407227, -34.6566886902, -77.7854385376, 48.1775360107, 96.6216125488, 285.677154541, -60.0144500732, 43.0842971802, -47.3811950684, 41.7767410278, -9.38175201416, -17.1679878235], [441.632873535, -226.472503662, 63.5280647278, 16.9955863953, -75.8211135864, 13.7478485107, -60.0144500732, 240.214706421, 13.8606414795, 40.8693695068, -0.601583123207, 44.1717262268, 16.7512245178], [-347.297851562, 76.89012146, -9.27774047852, -29.3498153687, 49.7244262695, 21.8312625885, 43.0842971802, 13.8606414795, 148.39402771, 15.8845157623, 8.52962303162, -11.8910055161, 26.4567871094], [54.9412498474, -219.902816772, 28.7060184479, 14.4302482605, 51.100769043, 11.1725330353, -47.3811950684, 40.8693695068, 15.8845157623, 176.401382446, -15.0994033813, 26.847284317, 7.6869354248], [-164.965118408, 63.29479599, -32.1002502441, 11.2780838013, -16.9336700439, -11.7896337509, 41.7767410278, -0.601583123207, 8.52962303162, -15.0994033813, 129.72618103, 10.9768447876, -19.8850154877], [347.100952148, -168.47958374, -33.449256897, -23.6830730438, -26.1886558533, 59.6756057739, -9.38175201416, 44.1717262268, -11.8910055161, 26.847284317, 10.9768447876, 120.143554688, 16.2376289368], [-133.476013184, -9.40174770355, 8.68838882446, 18.0936450958, 39.4743804932, -27.6273670197, -17.1679878235, 16.7512245178, 26.4567871094, 7.6869354248, -19.8850154877, 16.2376289368, 94.9050674438]],
        "icov": [[0.000406316132285, -0.000587219314184, 0.000690738204867, -0.000627351517323, 0.000602734566201, -0.000998497591354, 0.000512215890922, -0.000887426256668, 0.000931079732254, -0.000587878457736, 0.000848455762025, -0.000841440283693, 0.00038736773422], [-0.000587219314184, 0.00176742032636, -0.000853397883475, 0.00075729720993, -0.00095742411213, 0.00180921750143, -0.000765968405176, 0.00181792047806, -0.00195771711878, 0.00178604316898, -0.00148576765787, 0.00185887853149, -0.000479826325318], [0.000690738204867, -0.000853397883475, 0.00282098562457, -0.00105444109067, 0.000435943744378, -0.00146108248737, 0.000883124012034, -0.00216254661791, 0.00182646955363, -0.000878665247001, 0.00168665521778, -0.00081776920706, 0.000819811073598], [-0.000627351517323, 0.00075729720993, -0.00105444109067, 0.00344708398916, -0.00152361416258, 0.00201710080728, -0.000290145078907, 0.000906233559363, -0.000727411010303, 0.000761084025726, -0.00177817582153, 0.00160794169642, -0.000866021844558], [0.000602734566201, -0.00095742411213, 0.000435943744378, -0.00152361416258, 0.00479886308312, -6.47077176836e-05, -0.000552572251763, 0.0001298567513, 0.000215408275835, -0.00243720202707, 0.00209687906317, -0.00186911982019, -0.000237819505855], [-0.000998497591354, 0.00180921750143, -0.00146108248737, 0.00201710080728, -6.47077176836e-05, 0.00552316149697, -0.00245859683491, 0.00265951408073, -0.0031775010284, 0.00106409250293, -0.00121282157488, 0.00109767413232, -0.000397620868171], [0.000512215890922, -0.000765968405176, 0.000883124012034, -0.000290145078907, -0.000552572251763, -0.00245859683491, 0.00572015251964, -0.000544914626516, 0.000198339606868, 0.000762192066759, -0.000539792934433, -0.000878944410942, 0.00118429050781], [-0.000887426256668, 0.00181792047806, -0.00216254661791, 0.000906233559363, 0.0001298567513, 0.00265951408073, -0.000544914626516, 0.00788006465882, -0.00369935040362, 0.000816100859083, -0.00204643583857, 0.000274511985481, -0.00132262893021], [0.000931079732254, -0.00195771711878, 0.00182646955363, -0.000727411010303, 0.000215408275835, -0.0031775010284, 0.000198339606868, -0.00369935040362, 0.0111408913508, -0.00272590247914, 0.000990636646748, -0.000193585728994, -0.00188302074093], [-0.000587878457736, 0.00178604316898, -0.000878665247001, 0.000761084025726, -0.00243720202707, 0.00106409250293, 0.000762192066759, 0.000816100859083, -0.00272590247914, 0.0088510280475, -0.00116414623335, 0.000626992376056, 0.000294597499305], [0.000848455762025, -0.00148576765787, 0.00168665521778, -0.00177817582153, 0.00209687906317, -0.00121282157488, -0.000539792934433, -0.00204643583857, 0.000990636646748, -0.00116414623335, 0.0109879365191, -0.00370018160902, 0.00302248611115], [-0.000841440283693, 0.00185887853149, -0.00081776920706, 0.00160794169642, -0.00186911982019, 0.00109767413232, -0.000878944410942, 0.000274511985481, -0.000193585728994, 0.000626992376056, -0.00370018160902, 0.0129570690915, -0.00333040161058], [0.00038736773422, -0.000479826325318, 0.000819811073598, -0.000866021844558, -0.000237819505855, -0.000397620868171, 0.00118429050781, -0.00132262893021, -0.00188302074093, 0.000294597499305, 0.00302248611115, -0.00333040161058, 0.0132591864094]]
    },
    "melbands": {
        "dmean": [0.000201676026336, 0.000632536248304, 0.000392554473365, 0.000318004807923, 0.000127060673549, 0.000126238286612, 8.63794339239e-05, 6.61728845444e-05, 3.8007281546e-05, 4.33408931713e-05, 5.53646859771e-05, 0.000125131802633, 7.61877890909e-05, 1.70405473909e-05, 2.77000908682e-05, 3.00289102597e-05, 1.4695657228e-05, 1.02544854599e-05, 9.52810660237e-06, 8.24047492642e-06, 4.33966852142e-06, 5.94160064793e-06, 5.71293958274e-06, 6.18419517195e-06, 4.08291361964e-06, 2.96570192404e-06, 3.72982071895e-06, 1.75092793597e-06, 1.55951465786e-06, 1.58508430559e-06, 1.01935540897e-06, 1.17625756957e-06, 1.34878428071e-06, 1.71087015133e-06, 2.20072865886e-06, 1.46359059272e-06, 6.3664111849e-07, 4.63175069854e-07, 2.42085292257e-07, 1.51497758338e-07],
        "dmean2": [0.00030559845618, 0.00101373321377, 0.000645260908641, 0.000527206109837, 0.000190762482816, 0.000195037471713, 0.000133287365315, 0.000106974221126, 5.97592988925e-05, 6.35979595245e-05, 8.05295494501e-05, 0.000191029830603, 0.000115652037493, 2.5316963729e-05, 4.34871508332e-05, 4.52211934316e-05, 2.20078400162e-05, 1.52945194714e-05, 1.55349534907e-05, 1.39058811328e-05, 6.90075285092e-06, 9.56287749432e-06, 8.73279623193e-06, 9.33820319915e-06, 6.53124652672e-06, 4.45217483502e-06, 5.68437462789e-06, 2.61110903921e-06, 2.23228198593e-06, 2.60038495981e-06, 1.59505270858e-06, 1.74656224772e-06, 2.01286866286e-06, 2.68020744443e-06, 3.53231371264e-06, 2.36197774939e-06, 8.77169497926e-07, 6.72396936352e-07, 3.52939821369e-07, 2.08280042102e-07],
        "dvar": [9.27574319576e-07, 6.7621326707e-06, 1.31970716666e-06, 1.06596451133e-06, 1.03069311308e-07, 1.21625816973e-07, 5.72612961491e-08, 1.96998257707e-07, 2.78337086712e-08, 2.24401244253e-08, 3.69538959433e-08, 2.24771724788e-07, 1.33543338166e-07, 6.57780852009e-09, 2.64950923423e-08, 1.3904366547e-08, 6.32372021414e-09, 1.69721692256e-09, 1.89996285371e-09, 3.68091024328e-09, 3.5342820337e-10, 4.5149323169e-10, 3.27696314528e-10, 3.02563890608e-10, 6.05380245933e-10, 1.83939891096e-10, 2.0336519968e-10, 6.09904626803e-11, 9.02857649754e-11, 1.08483763639e-10, 4.45996781173e-11, 4.64210093976e-11, 4.54701103159e-11, 6.26651577851e-11, 8.05865374431e-11, 4.86045440007e-11, 9.67843079985e-12, 8.83357709897e-12, 2.74653628833e-12, 8.71791029124e-13],
        "dvar2": [2.23726829063e-06, 1.85516855709e-05, 3.73332818526e-06, 2.89005538434e-06, 2.45154922141e-07, 3.42911704365e-07, 1.33472866537e-07, 5.36935317541e-07, 6.40517967554e-08, 4.97082339734e-08, 8.29494553045e-08, 5.96402969677e-07, 3.49105761188e-07, 1.33150486192e-08, 7.03943356939e-08, 3.28108811232e-08, 1.2289912199e-08, 3.35103589322e-09, 5.02745534092e-09, 1.12390425855e-08, 9.90782456078e-10, 1.2503932334e-09, 7.90101539749e-10, 6.75198952305e-10, 1.75382830481e-09, 4.34796781912e-10, 4.8630149907e-10, 1.31147745441e-10, 1.83783988028e-10, 3.18258558396e-10, 1.00606328823e-10, 1.05972591813e-10, 1.13949016889e-10, 1.58353261059e-10, 2.07226985571e-10, 1.32644673023e-10, 1.84673127485e-11, 1.82527673531e-11, 5.26560435879e-12, 1.65170785035e-12],
        "max": [0.0294547192752, 0.0510172620416, 0.0232600662857, 0.0219269972295, 0.00767625356093, 0.00599148403853, 0.00333607802168, 0.0127805108204, 0.00461526913568, 0.00368383596651, 0.00424801791087, 0.0109518477693, 0.00830362550914, 0.00221587019041, 0.00693464791402, 0.0052148019895, 0.00285795493983, 0.00112952140626, 0.000978487660177, 0.00226010521874, 0.000652003916912, 0.000470797211165, 0.000403412996093, 0.000369841203792, 0.000739961280487, 0.000439278956037, 0.000361109036021, 0.000306843139697, 0.000403339130571, 0.000355695810867, 0.000231104568229, 0.000248572730925, 0.000220988673391, 0.000285920454189, 0.000277425628155, 0.000167437523487, 0.000114233611384, 0.000123811041703, 6.4272499003e-05, 4.07798142987e-05],
        "mean": [0.000448048929684, 0.00123478774913, 0.000834720209241, 0.000634943600744, 0.000382558209822, 0.000299116771203, 0.000179569469765, 0.000101321544207, 7.75946755311e-05, 8.97922218428e-05, 0.000130300526507, 0.000317409692798, 0.00019619075465, 3.23294334521e-05, 4.9834332458e-05, 6.8399385782e-05, 2.57911779045e-05, 1.94049280253e-05, 1.57306149049e-05, 1.25722608573e-05, 9.06351033336e-06, 9.98002815322e-06, 1.14913473226e-05, 1.27192333821e-05, 8.00424368208e-06, 6.22920197202e-06, 6.89613943905e-06, 3.69904137187e-06, 3.1407428196e-06, 3.03401179735e-06, 2.12039981307e-06, 2.37162817029e-06, 2.98963527712e-06, 4.07553898185e-06, 5.96942300035e-06, 3.38740869665e-06, 1.28665817556e-06, 7.84235282936e-07, 4.41248602101e-07, 2.92130948765e-07],
        "median": [6.13589654677e-05, 0.000304360175505, 0.000428753730375, 0.000329738482833, 0.00014250469394, 7.23641642253e-05, 2.61610730377e-05, 1.02938774944e-05, 7.04891908754e-06, 5.54582766199e-06, 5.17322087035e-06, 4.15491058448e-06, 2.99025828099e-06, 2.66788993031e-06, 1.81583209269e-06, 4.21209142587e-06, 1.25244264382e-06, 1.25160750031e-06, 1.01680404896e-06, 8.38369942358e-07, 8.63521790961e-07, 1.36349319746e-06, 2.13570319829e-06, 2.76735295301e-06, 1.37954623369e-06, 1.29643638047e-06, 1.25990095512e-06, 6.17716409579e-07, 2.9343189567e-07, 2.46703422135e-07, 2.53133862316e-07, 3.74127836267e-07, 4.93025197557e-07, 4.32235310655e-07, 3.23378799294e-07, 2.55141117123e-07, 9.98636053851e-08, 3.82684248734e-08, 2.16452704649e-08, 2.19972751125e-08],
        "min": [3.50388308829e-24, 6.90400256855e-24, 1.01639473824e-23, 9.89744965824e-24, 1.04671224055e-23, 6.16674026628e-24, 1.5610192585e-23, 2.3084575509e-23, 2.27795277301e-23, 3.84178219071e-24, 5.162565299e-24, 8.58122340497e-24, 5.89688672782e-24, 1.29575973041e-23, 2.30109037891e-23, 1.8648469851e-23, 6.57878756062e-24, 7.03496846717e-24, 8.37832680242e-24, 7.88287640001e-24, 1.58288837605e-23, 1.59651231943e-23, 7.74762383123e-24, 1.23290558117e-23, 2.13913376408e-23, 9.54010276793e-24, 6.02228957934e-24, 6.30908193359e-24, 1.98369345587e-23, 1.01346341e-23, 1.3093484117e-23, 6.84830425548e-24, 1.09922197785e-23, 1.00118108237e-23, 9.60718434386e-24, 9.53682583973e-24, 6.00960706257e-24, 9.67472582571e-24, 1.11657888991e-23, 8.79573756206e-24],
        "var": [1.96130258701e-06, 1.29804448079e-05, 2.84986595034e-06, 1.41882628668e-06, 4.69808185244e-07, 3.61294354434e-07, 1.45099093629e-07, 1.6488587562e-07, 5.59241364328e-08, 7.42158903222e-08, 1.30287901356e-07, 8.91554634563e-07, 5.55651865852e-07, 1.23784991146e-08, 6.22554239271e-08, 7.23068467323e-08, 1.3347210448e-08, 5.29503285662e-09, 3.60898622098e-09, 5.73982372742e-09, 1.11538345227e-09, 8.58739246379e-10, 1.04518482757e-09, 9.95400206705e-10, 1.0844805054e-09, 5.4359572399e-10, 4.98115992897e-10, 2.7066593411e-10, 3.17297410568e-10, 1.84422574434e-10, 1.34629793425e-10, 1.22164889316e-10, 1.28068222693e-10, 1.93119409353e-10, 4.55669280086e-10, 1.74271874709e-10, 3.01639095646e-11, 1.72172588686e-11, 7.33484280258e-12, 2.59905400153e-12]
    },
    "mfcc": {
        "mean": [-720.702941895, 124.718688965, 16.0581378937, 39.7611618042, 3.60863900185, 9.55391216278, -3.77346849442, 13.2921619415, -19.4583950043, -3.61595582962, -4.77434110641, -6.87263202667, -5.09786081314],
        "cov": [[9353.51171875, -1108.11035156, -367.591369629, -872.667785645, -486.835479736, 351.265960693, -109.198036194, 518.354797363, -106.329948425, 217.067092896, -127.061569214, -68.862121582, 153.845840454], [-1108.11035156, 1327.04418945, 4.6748418808, 210.296417236, 89.484916687, -28.6063728333, 18.2082366943, -7.44285154343, -21.5226764679, -14.3814697266, 67.9210968018, -64.0759277344, -44.7702827454], [-367.591369629, 4.6748418808, 509.150817871, -25.9034862518, 18.7616786957, -38.1109199524, 29.8658084869, 36.973449707, -17.2284164429, 46.3615837097, 3.90567445755, -10.5354804993, -25.905714035], [-872.667785645, 210.296417236, -25.9034862518, 756.607849121, 232.884918213, -191.264312744, 27.0896987915, -164.819168091, 68.4923553467, -139.659637451, 45.7065887451, 60.9180641174, -6.2222328186], [-486.835479736, 89.484916687, 18.7616786957, 232.884918213, 309.450531006, -72.4208450317, -24.8823852539, -110.325683594, 87.2164382935, -43.0530967712, 3.76004004478, 34.2533149719, -2.67785787582], [351.265960693, -28.6063728333, -38.1109199524, -191.264312744, -72.4208450317, 353.290893555, 39.4163322449, 46.0034790039, -6.44702768326, 61.0656547546, -36.412815094, 11.7438640594, -28.194026947], [-109.198036194, 18.2082366943, 29.8658084869, 27.0896987915, -24.8823852539, 39.4163322449, 162.433380127, 24.2687664032, -12.9952697754, -10.2617578506, 11.3053312302, 42.3593902588, -19.2031459808], [518.354797363, -7.44285154343, 36.973449707, -164.819168091, -110.325683594, 46.0034790039, 24.2687664032, 231.509140015, -42.4181671143, 35.0090560913, 7.72906589508, -21.6253242493, 4.65126895905], [-106.329948425, -21.5226764679, -17.2284164429, 68.4923553467, 87.2164382935, -6.44702768326, -12.9952697754, -42.4181671143, 199.243255615, -2.79741573334, -10.5442295074, 39.9069976807, 17.8912296295], [217.067092896, -14.3814697266, 46.3615837097, -139.659637451, -43.0530967712, 61.0656547546, -10.2617578506, 35.0090560913, -2.79741573334, 176.146743774, -1.22099554539, -45.0784912109, -32.7083053589], [-127.061569214, 67.9210968018, 3.90567445755, 45.7065887451, 3.76004004478, -36.412815094, 11.3053312302, 7.72906589508, -10.5442295074, -1.22099554539, 152.727462769, 20.5186977386, 0.862960040569], [-68.862121582, -64.0759277344, -10.5354804993, 60.9180641174, 34.2533149719, 11.7438640594, 42.3593902588, -21.6253242493, 39.9069976807, -45.0784912109, 20.5186977386, 160.721694946, 22.0578994751], [153.845840454, -44.7702827454, -25.905714035, -6.2222328186, -2.67785787582, -28.194026947, -19.2031459808, 4.65126895905, 17.8912296295, -32.7083053589, 0.862960040569, 22.0578994751, 137.240402222]],
