{
"lowlevel": {
    "average_loudness": 0.332594305277,
    "barkbands_crest": {
        "dmean": 2.34289693832,
        "dmean2": 3.74506044388,
        "dvar": 4.63262319565,
        "dvar2": 12.1179533005,
        "max": 24.558511734,
        "mean": 11.2252912521,
        "median": 10.7195892334,
        "min": 2.99643921852,
        "var": 17.4772109985
    },
    "barkbands_flatness_db": {
        "dmean": 0.0179215036333,
        "dmean2": 0.0281480904669,
        "dvar": 0.000261711364146,
        "dvar2": 0.000643038540147,
        "max": 0.321181952953,
        "mean": 0.175525248051,
        "median": 0.177897885442,
        "min": 0.0382456593215,
        "var": 0.00253207026981
    },
    "barkbands_kurtosis": {
        "dmean": 2.89479327202,
        "dmean2": 4.4757809639,
        "dvar": 16.7284393311,
        "dvar2": 37.2763786316,
        "max": 104.43586731,
        "mean": 5.99807548523,
        "median": 3.86407470703,
        "min": -1.93112242222,
        "var": 63.139175415
    },
    "barkbands_skewness": {
        "dmean": 0.489255875349,
        "dmean2": 0.752726137638,
        "dvar": 0.235582053661,
        "dvar2": 0.534274578094,
        "max": 8.51400184631,
        "mean": 1.99582624435,
        "median": 1.97744727135,
        "min": -1.84186196327,
        "var": 1.24349665642
    },
    "barkbands_spread": {
        "dmean": 4.5290760994,
        "dmean2": 6.80670499802,
        "dvar": 42.9912490845,
        "dvar2": 86.9439468384,
        "max": 97.1872711182,
        "mean": 18.7166194916,
        "median": 14.5804872513,
        "min": 1.29873943329,
        "var": 194.630813599
    },
    "dissonance": {
        "dmean": 0.0193077605218,
        "dmean2": 0.0317263863981,
        "dvar": 0.000372448470443,
        "dvar2": 0.000973902584519,
        "max": 0.499870747328,
        "mean": 0.452538967133,
        "median": 0.460765719414,
        "min": 0.273498356342,
        "var": 0.00109626760241
    },
    "dynamic_complexity": 3.07486438751,
    "erbbands_crest": {
        "dmean": 2.40443634987,
        "dmean2": 3.82154011726,
        "dvar": 5.1967754364,
        "dvar2": 12.601266861,
        "max": 25.9928588867,
        "mean": 9.98843383789,
        "median": 9.22822093964,
        "min": 2.76819682121,
        "var": 16.8751392365
    },
    "erbbands_flatness_db": {
        "dmean": 0.0130873098969,
        "dmean2": 0.0198525581509,
        "dvar": 0.000165652760188,
        "dvar2": 0.00035379678593,
        "max": 0.310848861933,
        "mean": 0.183945432305,
        "median": 0.18625806272,
        "min": 0.0548159815371,
        "var": 0.00176465278491
    },
    "erbbands_kurtosis": {
        "dmean": 0.94547444582,
        "dmean2": 1.45712828636,
        "dvar": 2.32177686691,
        "dvar2": 5.06307935715,
        "max": 36.0118789673,
        "mean": 0.551755905151,
        "median": -0.371663808823,
        "min": -1.854144454,
        "var": 9.23921585083
    },
    "erbbands_skewness": {
        "dmean": 0.350204616785,
        "dmean2": 0.526107370853,
        "dvar": 0.105581514537,
        "dvar2": 0.229761347175,
        "max": 4.35000753403,
        "mean": 0.525449931622,
        "median": 0.478105694056,
        "min": -2.15838503838,
        "var": 0.806266367435
    },
    "erbbands_spread": {
        "dmean": 7.51491880417,
        "dmean2": 11.4389667511,
        "dvar": 77.2339019775,
        "dvar2": 165.078125,
        "max": 157.451126099,
        "mean": 42.3617401123,
        "median": 41.6906089783,
        "min": 3.37462902069,
        "var": 412.262054443
    },
    "hfc": {
        "dmean": 3.45804715157,
        "dmean2": 5.35382127762,
        "dvar": 55.3747329712,
        "dvar2": 128.060653687,
        "max": 162.89225769,
        "mean": 13.8457794189,
        "median": 6.69975090027,
        "min": 1.21588006158e-16,
        "var": 338.382995605
    },
    "melbands_crest": {
        "dmean": 3.00762653351,
        "dmean2": 4.94870090485,
        "dvar": 7.31460142136,
        "dvar2": 19.5900154114,
        "max": 31.81300354,
        "mean": 14.6418323517,
        "median": 13.8566761017,
        "min": 2.73761248589,
        "var": 24.6552200317
    },
    "melbands_flatness_db": {
        "dmean": 0.0207384135574,
        "dmean2": 0.0318714603782,
        "dvar": 0.0003721936082,
        "dvar2": 0.000833291211165,
        "max": 0.417626559734,
        "mean": 0.230417370796,
        "median": 0.23303347826,
        "min": 0.0084971236065,
        "var": 0.00374378589913
    },
    "melbands_kurtosis": {
        "dmean": 6.15514278412,
        "dmean2": 9.67929458618,
        "dvar": 73.2316207886,
        "dvar2": 183.234024048,
        "max": 143.514221191,
        "mean": 15.4521188736,
        "median": 12.3134174347,
        "min": -1.27644598484,
        "var": 211.741104126
    },
    "melbands_skewness": {
        "dmean": 0.643740773201,
        "dmean2": 0.999289810658,
        "dvar": 0.421407878399,
        "dvar2": 1.06298005581,
        "max": 10.4399652481,
        "mean": 3.04100418091,
        "median": 2.91276168823,
        "min": -0.463657587767,
        "var": 2.09439826012
    },
    "melbands_spread": {
        "dmean": 5.27348661423,
        "dmean2": 8.12214183807,
        "dvar": 69.983543396,
        "dvar2": 156.793365479,
        "max": 174.233078003,
        "mean": 18.4580574036,
        "median": 13.5634698868,
        "min": 1.27376830578,
        "var": 231.056365967
    },
    "pitch_salience": {
        "dmean": 0.0621714740992,
        "dmean2": 0.100217029452,
        "dvar": 0.00276420125738,
        "dvar2": 0.00722203496844,
        "max": 0.816727817059,
        "mean": 0.550576329231,
        "median": 0.555142939091,
        "min": 0.178390517831,
        "var": 0.00983008090407
    },
    "silence_rate_20dB": {
        "dmean": 0,
        "dmean2": 0,
        "dvar": 0,
        "dvar2": 0,
        "max": 1,
        "mean": 1,
        "median": 1,
        "min": 1,
        "var": 0
    },
    "silence_rate_30dB": {
        "dmean": 0.0100619196892,
        "dmean2": 0.0201316289604,
        "dvar": 0.00996065791696,
        "dvar2": 0.0243720207363,
        "max": 1,
        "mean": 0.991102516651,
        "median": 1,
        "min": 0,
        "var": 0.00881835166365
    },
    "silence_rate_60dB": {
        "dmean": 0.0189628489316,
        "dmean2": 0.0379403792322,
        "dvar": 0.018602674827,
        "dvar2": 0.0442457310855,
        "max": 1,
        "mean": 0.0321083180606,
        "median": 0,
        "min": 0,
        "var": 0.0310766343027
    },
    "spectral_centroid": {
        "dmean": 209.082595825,
        "dmean2": 314.63369751,
        "dvar": 74354.5234375,
        "dvar2": 127001.015625,
        "max": 10887.7373047,
        "mean": 1104.18273926,
        "median": 985.518371582,
        "min": 272.082977295,
        "var": 321848.15625
    },
    "spectral_complexity": {
        "dmean": 2.239164114,
        "dmean2": 3.47348046303,
        "dvar": 6.1804356575,
        "dvar2": 13.5454969406,
        "max": 54,
        "mean": 14.4456481934,
        "median": 11,
        "min": 0,
        "var": 104.246322632
    },
    "spectral_decrease": {
        "dmean": 1.31209998422e-09,
        "dmean2": 2.15684026195e-09,
        "dvar": 1.18713843043e-17,
        "dvar2": 3.21650934814e-17,
        "max": -2.5159465574e-29,
        "mean": -4.43236247705e-09,
        "median": -2.72236388987e-09,
        "min": -6.03604277671e-08,
        "var": 2.83404220872e-17
    },
    "spectral_energy": {
        "dmean": 0.00516240298748,
        "dmean2": 0.00846626237035,
        "dvar": 0.000178376663825,
        "dvar2": 0.000481020193547,
        "max": 0.235478997231,
        "mean": 0.0179846100509,
        "median": 0.0110088139772,
        "min": 1.11233537676e-20,
        "var": 0.000458868453279
    },
    "spectral_energyband_high": {
        "dmean": 0.000205002128496,
        "dmean2": 0.000317324593198,
        "dvar": 4.44205397798e-07,
        "dvar2": 1.0078977084e-06,
        "max": 0.0183247495443,
        "mean": 0.000547177623957,
        "median": 8.51512741065e-05,
        "min": 8.10631103409e-21,
        "var": 1.52559027811e-06
    },
    "spectral_energyband_low": {
        "dmean": 0.0028766375035,
        "dmean2": 0.00492676114663,
        "dvar": 0.000156964350026,
        "dvar2": 0.000443594384706,
        "max": 0.204390048981,
        "mean": 0.00491288118064,
        "median": 0.00115457572974,
        "min": 6.16909233395e-23,
        "var": 0.000199472051463
    },
    "spectral_energyband_middle_high": {
        "dmean": 0.0011035874486,
        "dmean2": 0.00163681327831,
        "dvar": 6.43052953819e-06,
        "dvar2": 1.34060319397e-05,
        "max": 0.0516438521445,
        "mean": 0.00355850113556,
        "median": 0.00118569796905,
        "min": 1.7221502515e-21,
        "var": 3.60789854312e-05
    },
    "spectral_energyband_middle_low": {
        "dmean": 0.00310019031167,
        "dmean2": 0.00508511438966,
        "dvar": 2.35962015722e-05,
        "dvar2": 6.47920314805e-05,
        "max": 0.0696401298046,
        "mean": 0.0099619217217,
        "median": 0.00803424976766,
        "min": 3.08830537318e-22,
        "var": 5.45665207028e-05
    },
    "spectral_entropy": {
        "dmean": 0.155808582902,
        "dmean2": 0.233116298914,
        "dvar": 0.0269674360752,
        "dvar2": 0.0548331700265,
        "max": 9.79263496399,
        "mean": 7.12156391144,
        "median": 7.07420110703,
        "min": 5.66328001022,
        "var": 0.277642279863
    },
    "spectral_flux": {
        "dmean": 0.0156386364251,
        "dmean2": 0.0242867507041,
        "dvar": 0.00046994179138,
        "dvar2": 0.000989964581095,
        "max": 0.403481274843,
        "mean": 0.0567354373634,
        "median": 0.0427037477493,
        "min": 1.05467308498e-10,
        "var": 0.00191830098629
    },
    "spectral_kurtosis": {
        "dmean": 1.88639938831,
        "dmean2": 3.18181943893,
        "dvar": 4.71962356567,
        "dvar2": 12.9550380707,
        "max": 35.1443939209,
        "mean": 5.94417762756,
        "median": 4.86083841324,
        "min": -1.31967878342,
        "var": 19.5854358673
    },
    "spectral_rms": {
        "dmean": 0.000500592112076,
        "dmean2": 0.000800480484031,
        "dvar": 5.43121757346e-07,
        "dvar2": 1.39051951464e-06,
        "max": 0.0151570318267,
        "mean": 0.0037598493509,
        "median": 0.0032772407867,
        "min": 3.29424530189e-12,
        "var": 3.40948076882e-06
    },
    "spectral_rolloff": {
        "dmean": 395.051086426,
        "dmean2": 665.221618652,
        "dvar": 866238.3125,
        "dvar2": 1820878.375,
        "max": 18776.953125,
        "mean": 1254.64941406,
        "median": 689.0625,
        "min": 129.19921875,
        "var": 1913028.5
    },
    "spectral_skewness": {
        "dmean": 0.248574197292,
        "dmean2": 0.390840142965,
        "dvar": 0.0738639980555,
        "dvar2": 0.164503186941,
        "max": 4.8813791275,
        "mean": 1.76090931892,
        "median": 1.66112458706,
        "min": -0.0681676864624,
        "var": 0.405281037092
    },
    "spectral_spread": {
        "dmean": 416841.65625,
        "dmean2": 613709.375,
        "dvar": 787327221760,
        "dvar2": 1.06330036634e+12,
        "max": 42368832,
        "mean": 4207520.5,
        "median": 3851337.75,
        "min": 1950629.25,
        "var": 3.0674714624e+12
    },
    "spectral_strongpeak": {
        "dmean": 0.385363817215,
        "dmean2": 0.645339787006,
        "dvar": 0.61968255043,
        "dvar2": 1.48968839645,
        "max": 9.12016487122,
        "mean": 0.821567773819,
        "median": 0.526093840599,
        "min": 0,
        "var": 0.975138247013
    },
    "zerocrossingrate": {
        "dmean": 0.0079721743241,
        "dmean2": 0.00935503747314,
        "dvar": 0.000192088555195,
        "dvar2": 0.000215654494241,
        "max": 0.49267578125,
        "mean": 0.051445953548,
        "median": 0.04248046875,
        "min": 0.00927734375,
        "var": 0.00105734530371
    },
    "barkbands": {
        "dmean": [3.76380194211e-05, 0.000998968724161, 0.00162623520009, 0.00101338955574, 0.00159553252161, 0.000702510238625, 0.000599952647462, 0.000561442691833, 0.00044123781845, 0.000217133070691, 0.000255163467955, 0.000196285036509, 0.0003285521816, 0.000204022202524, 0.00015528354561, 0.000124929909362, 0.00018754741177, 0.000148912440636, 0.000101116376754, 0.00010177774675, 3.85473103961e-05, 5.25045543327e-05, 4.81775641674e-05, 4.97504152008e-05, 3.3805212297e-05, 9.92296918412e-06, 3.07469008476e-07],
        "dmean2": [5.69823459955e-05, 0.00172827218194, 0.00271387095563, 0.00175801815931, 0.00262381066568, 0.00110702239908, 0.000931086193305, 0.000929113302846, 0.000696428644005, 0.00032296453719, 0.000393338355934, 0.000304002373014, 0.000520245870575, 0.00032313822885, 0.000240989509621, 0.000198092559003, 0.000297788297758, 0.000241675559664, 0.000163808959769, 0.000166687124874, 6.22372099315e-05, 8.37013139972e-05, 7.71641498432e-05, 7.83528521424e-05, 5.06118994963e-05, 1.38291416079e-05, 5.24594724993e-07],
        "dvar": [6.34623589235e-08, 3.92225811083e-05, 4.72427054774e-05, 5.01418890053e-06, 4.17768796979e-06, 1.40406984883e-06, 1.52154609623e-06, 6.71638645144e-06, 4.07242941947e-06, 6.58012254462e-07, 6.56166434965e-07, 6.40165353616e-07, 2.43465387939e-06, 7.18452270121e-07, 3.1157696867e-07, 1.40981526897e-07, 1.80072433409e-07, 1.10919856411e-07, 4.48124062302e-08, 4.64797054178e-08, 1.365838731e-08, 3.4093215362e-08, 2.61672745694e-08, 5.06348207807e-08, 2.13475317423e-08, 1.26315802262e-09, 2.28960080062e-12],
        "dvar2": [1.38901299351e-07, 0.00010594289779, 0.000125917431433, 1.5018895283e-05, 1.12176794573e-05, 3.70270663552e-06, 3.51194307768e-06, 1.9583680114e-05, 1.10888677227e-05, 1.12677912512e-06, 1.44722957884e-06, 1.46086665609e-06, 5.78373510507e-06, 1.44062812524e-06, 6.55259498217e-07, 3.40477612326e-07, 4.9344390618e-07, 2.8216416581e-07, 1.20381145052e-07, 1.30275481069e-07, 3.3066974936e-08, 8.23403567551e-08, 6.71092905691e-08, 1.30892573225e-07, 4.67385277148e-08, 2.64257193905e-09, 6.53103265913e-12],
        "max": [0.00446563074365, 0.108716763556, 0.126979023218, 0.0336435474455, 0.0223404020071, 0.0211727563292, 0.0209963805974, 0.0544618070126, 0.0579027011991, 0.0361670777202, 0.016702644527, 0.0213641263545, 0.0346681587398, 0.0232974179089, 0.016654772684, 0.0125339990482, 0.0135760232806, 0.0059037967585, 0.00433266349137, 0.00547847384587, 0.00294670066796, 0.00580794317648, 0.00371790700592, 0.00574714597315, 0.00291081424803, 0.000849913805723, 2.53810012509e-05],
        "mean": [3.33832977049e-05, 0.00129827880301, 0.00262875156477, 0.00159744604025, 0.00371698057279, 0.00149656448048, 0.00150791520718, 0.000824660877697, 0.000757457048167, 0.000465738150524, 0.000441129668616, 0.000306743429974, 0.000513211009093, 0.000332634081133, 0.000248106807703, 0.000225533454795, 0.000419842865085, 0.00028030804242, 0.00021322160319, 0.00021431640198, 9.06993300305e-05, 0.000111056986498, 9.99054173008e-05, 8.58286730363e-05, 5.88853472436e-05, 1.57348113135e-05, 2.72578887461e-07],
        "median": [4.84436327497e-07, 4.09513231716e-05, 0.000491755374242, 0.000773650826886, 0.00275197811425, 0.00090198876569, 0.000504705647472, 0.000210668964428, 0.000155545581947, 7.28515151422e-05, 9.15442215046e-05, 2.07170414797e-05, 1.42553108162e-05, 3.02228090732e-05, 3.00938809232e-05, 4.82573959744e-05, 0.000136685630423, 9.05255801626e-05, 6.68476714054e-05, 6.12946678302e-05, 6.2727644945e-06, 7.05306501914e-06, 1.19312517199e-05, 8.55971302371e-06, 5.61383330933e-06, 1.43635168115e-06, 6.68305277784e-09],
        "min": [3.10366989081e-24, 1.50439182505e-23, 3.41238823949e-23, 1.09605888227e-23, 7.52685763591e-23, 1.05394675769e-22, 5.42963368515e-23, 2.51213828118e-23, 2.93682060288e-23, 7.81886617512e-23, 8.63705251118e-23, 2.75744448776e-22, 6.84944447503e-23, 3.74949217012e-23, 1.40063856687e-22, 6.10409019536e-23, 2.39304148908e-22, 1.96468963889e-22, 2.27902092223e-22, 4.71843985947e-22, 3.56149241691e-22, 4.88326761245e-22, 8.17264997006e-22, 1.12032798923e-21, 1.16828740012e-21, 1.81185815049e-21, 2.38297446272e-21],
        "var": [6.57593588471e-08, 3.66592576029e-05, 6.88632790116e-05, 6.96208098816e-06, 1.05508024717e-05, 2.87282568934e-06, 6.91263585395e-06, 6.30612476016e-06, 5.61354545425e-06, 4.06081608162e-06, 1.57448380378e-06, 1.32425623178e-06, 4.64395407107e-06, 1.45465401147e-06, 7.16321380878e-07, 3.6457350916e-07, 7.22755203242e-07, 2.36413825405e-07, 1.564672516e-07, 1.44310831729e-07, 5.98674176899e-08, 1.02541150682e-07, 5.21686516208e-08, 6.69468107617e-08, 3.91681425072e-08, 2.5809372417e-09, 1.97425561142e-12]
    },
    "erbbands": {
        "dmean": [0.0219233334064, 0.272772520781, 1.47558164597, 3.04910469055, 3.36565947533, 6.78535509109, 6.39316225052, 5.8672504425, 6.92455053329, 10.5700845718, 12.5474023819, 10.2385845184, 6.74132871628, 8.30801582336, 8.0448474884, 6.72165155411, 13.3668794632, 10.2141981125, 9.6982717514, 5.86963176727, 6.51739835739, 10.5663394928, 8.45544147491, 5.52267360687, 5.17013216019, 4.30609560013, 1.84900772572, 1.6019564867, 1.57198774815, 1.99382960796, 1.36876511574, 1.12594401836, 0.80722874403, 0.4557505548, 0.210024356842, 0.0682626962662, 0.0139837889001, 0.00180094991811, 3.84745835618e-05, 7.07575509296e-06],
        "dmean2": [0.0353074781597, 0.480891942978, 2.51913118362, 5.21258497238, 5.75292205811, 11.0868120193, 9.88791275024, 9.35084342957, 10.7140789032, 16.7091522217, 20.701292038, 16.1210918427, 10.2044496536, 12.9878015518, 11.9850645065, 10.0752897263, 20.6795253754, 15.9150075912, 14.8564968109, 9.08771324158, 10.3668107986, 16.7476539612, 13.5209589005, 8.76294708252, 8.37278938293, 7.04843330383, 2.95864510536, 2.6320874691, 2.53919267654, 3.10197210312, 2.23236584663, 1.80756771564, 1.25938796997, 0.713940322399, 0.313025414944, 0.099099829793, 0.0196488108486, 0.00254563312046, 5.45799703104e-05, 1.12326979433e-05],
        "dvar": [0.0198842994869, 2.81377029419, 45.0306358337, 71.4247970581, 36.4403686523, 89.5406799316, 75.6459579468, 155.079818726, 259.532775879, 681.120910645, 4107.73779297, 2290.71972656, 628.833435059, 681.156555176, 661.455505371, 843.264038086, 3389.41845703, 1796.47363281, 1262.42810059, 374.309631348, 223.966766357, 711.457458496, 373.341003418, 118.33405304, 130.146316528, 85.8813781738, 29.9562549591, 28.9890823364, 32.0945739746, 47.254611969, 23.9369277954, 23.4675769806, 13.710436821, 4.05833959579, 0.794886887074, 0.0689267218113, 0.00244422629476, 4.59840011899e-05, 1.95121714341e-08, 3.01591585039e-10],
        "dvar2": [0.0459188595414, 8.0740852356, 125.822128296, 200.515014648, 99.3488311768, 242.891937256, 180.447601318, 416.008239746, 621.990539551, 1800.82446289, 12053.0703125, 6332.14892578, 1422.03100586, 1599.16381836, 1425.80908203, 1779.08886719, 8034.95068359, 3865.92211914, 2641.68945312, 794.0390625, 591.860412598, 1962.96594238, 946.209838867, 299.312866211, 350.85647583, 240.434280396, 76.2387008667, 75.2887420654, 75.6136856079, 114.940963745, 61.8253974915, 63.5545272827, 34.5073509216, 9.58418464661, 1.59763109684, 0.152392312884, 0.00495210196823, 9.30523237912e-05, 4.13829432944e-08, 7.85905729384e-10],
        "max": [2.34442234039, 29.2059669495, 104.420326233, 146.500137329, 97.9965744019, 111.071006775, 130.142669678, 227.555297852, 273.826171875, 562.471923828, 1465.31103516, 1345.53833008, 813.323486328, 500.461669922, 772.766601562, 811.799621582, 1435.46508789, 847.190979004, 835.679870605, 394.742797852, 338.747955322, 938.793518066, 337.061981201, 185.46472168, 231.020355225, 216.866210938, 146.077224731, 145.240447998, 176.657714844, 215.006652832, 118.073516846, 139.131317139, 73.2347488403, 39.2418479919, 20.3016929626, 6.36228656769, 0.879759907722, 0.103774815798, 0.00240947213024, 0.000302857835777],
        "mean": [0.0307774916291, 0.348116606474, 2.31892895699, 5.07239580154, 6.72658061981, 14.3251981735, 15.5202894211, 12.5006599426, 18.1403942108, 21.7075424194, 19.4934234619, 16.6585254669, 14.6181240082, 16.9474487305, 14.9919633865, 11.9007854462, 22.2994823456, 18.5980052948, 16.9339027405, 11.3395709991, 14.3574228287, 24.5278568268, 17.304101944, 11.9375619888, 11.2628307343, 9.18919181824, 4.3710474968, 3.56024813652, 3.47376275063, 4.13217544556, 2.77043747902, 2.04558324814, 1.28414678574, 0.749564230442, 0.363990426064, 0.109355412424, 0.0215106122196, 0.00263282796368, 6.74664261169e-05, 2.4718387067e-05],
        "median": [0.000675243267324, 0.0213667619973, 0.432259917259, 2.01120376587, 4.05444812775, 9.6294927597, 9.48874950409, 6.40014362335, 5.57498168945, 9.24676036835, 5.66083908081, 3.1308825016, 2.96989297867, 3.87439846992, 2.44975733757, 0.789843380451, 0.748612165451, 1.27270245552, 1.80118811131, 2.06828856468, 3.87558174133, 8.52680969238, 5.27840995789, 4.68139457703, 3.44805169106, 2.45271754265, 0.536209523678, 0.270662426949, 0.238802656531, 0.326242923737, 0.36881378293, 0.245216026902, 0.110107883811, 0.067526102066, 0.0353654287755, 0.0109919961542, 0.00178854167461, 0.000156507012434, 1.10528744699e-05, 1.37434381031e-05],
        "min": [9.4530648728e-22, 1.79188807988e-21, 2.33635273779e-20, 6.07796675221e-20, 1.43304103891e-19, 1.6661330392e-19, 1.05209401964e-18, 4.88096842193e-19, 4.9896056707e-19, 1.10461647302e-18, 4.64031728331e-19, 4.54781626035e-19, 1.46412415988e-18, 4.70104567856e-18, 3.03065906986e-18, 1.32933119132e-17, 3.07790928081e-18, 3.13173371647e-18, 5.14650518589e-18, 6.41098392825e-18, 5.23106455119e-18, 1.44709160117e-17, 1.14886147476e-17, 1.04330702475e-17, 1.58071551537e-17, 2.43837938786e-17, 1.45096214469e-17, 1.27240950192e-17, 1.59898843141e-17, 1.951237505e-17, 2.25518766806e-17, 2.02775684019e-17, 2.16985339997e-17, 1.30144031542e-17, 8.69757004888e-18, 6.51709837954e-18, 3.20947566596e-18, 1.17625238201e-18, 3.35147631415e-19, 3.94052558702e-20],
        "var": [0.0243637189269, 2.30057644844, 56.0293502808, 116.582420349, 69.3857345581, 202.549606323, 300.494598389, 283.336761475, 1002.43609619, 1335.83447266, 3691.44873047, 2974.6394043, 2457.05737305, 2120.73339844, 1792.59362793, 2051.82714844, 7452.98583984, 4013.34228516, 2979.30688477, 972.623291016, 726.825805664, 2972.796875, 892.555114746, 375.352813721, 414.702697754, 297.758148193, 108.059562683, 97.1109466553, 104.252708435, 125.035049438, 39.8291702271, 30.4691944122, 18.2604961395, 6.44213104248, 1.60422623158, 0.133036479354, 0.00478149671108, 8.36108156363e-05, 3.94035595264e-08, 9.78770953175e-10]
    },
    "gfcc": {
        "mean": [-46.9845924377, 102.010566711, -116.820320129, 33.0151557922, -69.9895629883, -10.8029661179, -59.2921257019, 8.79744148254, -32.3605957031, -14.5454969406, -18.0973758698, -5.4861240387, -15.4359645844],
        "cov": [[5537.86230469, -1235.48815918, -318.873535156, 466.108551025, 65.3053741455, 992.401123047, 245.141036987, 62.7889480591, 26.5838603973, 389.053405762, -57.3825149536, 82.1626815796, -144.206863403], [-1235.48815918, 1133.3236084, -83.8996200562, -305.775909424, 121.427947998, -325.284118652, 229.024597168, -58.9841499329, -25.1688995361, -64.5497589111, 144.542770386, -67.5640106201, 68.6424789429], [-318.873535156, -83.8996200562, 403.304046631, 17.7877826691, -12.1898298264, 44.6888771057, -84.7011795044, 31.7269306183, -11.8534879684, -11.9947748184, -14.0355854034, 38.8382911682, -9.3733587265], [466.108551025, -305.775909424, 17.7877826691, 508.063140869, 81.2298278809, 3.4347577095, -74.6236419678, 29.9211769104, 99.6756515503, -15.0722808838, -91.6416397095, 43.3157997131, 36.6307983398], [65.3053741455, 121.427947998, -12.1898298264, 81.2298278809, 249.692245483, 41.0172271729, 67.1036758423, 6.04578542709, 9.87649536133, 32.4852371216, -42.5342674255, -2.40212488174, 7.34713411331], [992.401123047, -325.284118652, 44.6888771057, 3.4347577095, 41.0172271729, 464.829467773, 116.035095215, 4.72176456451, -9.96125984192, 109.984825134, 5.67054367065, 10.1687545776, -65.1089935303], [245.141036987, 229.024597168, -84.7011795044, -74.6236419678, 67.1036758423, 116.035095215, 345.484344482, -2.86977648735, -53.9850769043, 100.543525696, 64.0604400635, -14.7409763336, 7.31075906754], [62.7889480591, -58.9841499329, 31.7269306183, 29.9211769104, 6.04578542709, 4.72176456451, -2.86977648735, 106.006225586, 32.5720291138, -18.6436157227, -21.592798233, 15.8484344482, 2.11476874352], [26.5838603973, -25.1688995361, -11.8534879684, 99.6756515503, 9.87649536133, -9.96125984192, -53.9850769043, 32.5720291138, 137.780014038, -1.45674371719, -33.4889602661, 4.66467761993, 9.2392578125], [389.053405762, -64.5497589111, -11.9947748184, -15.0722808838, 32.4852371216, 109.984825134, 100.543525696, -18.6436157227, -1.45674371719, 178.336669922, 21.8293609619, -32.1466445923, -10.0446710587], [-57.3825149536, 144.542770386, -14.0355854034, -91.6416397095, -42.5342674255, 5.67054367065, 64.0604400635, -21.592798233, -33.4889602661, 21.8293609619, 142.95111084, 15.9215574265, -5.12928724289], [82.1626815796, -67.5640106201, 38.8382911682, 43.3157997131, -2.40212488174, 10.1687545776, -14.7409763336, 15.8484344482, 4.66467761993, -32.1466445923, 15.9215574265, 111.331169128, 20.7117557526], [-144.206863403, 68.6424789429, -9.3733587265, 36.6307983398, 7.34713411331, -65.1089935303, 7.31075906754, 2.11476874352, 9.2392578125, -10.0446710587, -5.12928724289, 20.7117557526, 86.2373046875]],
        "icov": [[0.000507350603584, -0.000191695871763, 0.000727823062334, -0.000644745770842, 0.000450720224762, -0.0010706235189, 0.000355594762368, -0.000611299707089, 0.000643620442133, -0.00101109151728, 0.000383764272556, -0.000719183881301, 0.000500912196003], [-0.000191695871763, 0.00547815626487, -0.00162813661154, 0.00334764178842, -0.00445915479213, 0.00428493740037, -0.00475053861737, 0.00341008766554, -0.00465201493353, 0.00489516369998, -0.00484370067716, 0.00389586878009, -0.00250101787969], [0.000727823062334, -0.00162813661154, 0.00431253947318, -0.00168845884036, 0.00167520868126, -0.002903819317, 0.00274155894294, -0.00272367312573, 0.0029459616635, -0.00299767684191, 0.00176053214818, -0.00280548026785, 0.00131197087467], [-0.000644745770842, 0.00334764178842, -0.00168845884036, 0.00537363765761, -0.00371099007316, 0.00343436351977, -0.00276618171483, 0.00272500398569, -0.0048314598389, 0.0037578814663, -0.00197479641065, 0.00194125680719, -0.00276042358018], [0.000450720224762, -0.00445915479213, 0.00167520868126, -0.00371099007316, 0.00872427225113, -0.00403123022988, 0.00266117881984, -0.00286810728721, 0.0040585831739, -0.0049170111306, 0.00580546120182, -0.00371959339827, 0.00235043070279], [-0.0010706235189, 0.00428493740037, -0.002903819317, 0.00343436351977, -0.00403123022988, 0.00826321076602, -0.00504307681695, 0.00356927281246, -0.00459347618744, 0.00374099891633, -0.00353730120696, 0.00283125136048, -1.57795766427e-05], [0.000355594762368, -0.00475053861737, 0.00274155894294, -0.00276618171483, 0.00266117881984, -0.00504307681695, 0.00920701958239, -0.00459152041003, 0.00601118942723, -0.00636881403625, 0.00237442739308, -0.00318955094554, 0.000668153399602], [-0.000611299707089, 0.00341008766554, -0.00272367312573, 0.00272500398569, -0.00286810728721, 0.00356927281246, -0.00459152041003, 0.0139714768156, -0.00640044920146, 0.00536255957559, -0.00160271325149, 0.0017331315903, -0.00140554900281], [0.000643620442133, -0.00465201493353, 0.0029459616635, -0.0048314598389, 0.0040585831739, -0.00459347618744, 0.00601118942723, -0.00640044920146, 0.0143468650058, -0.00627245102078, 0.00467735994607, -0.00366196315736, 0.00187512545381], [-0.00101109151728, 0.00489516369998, -0.00299767684191, 0.0037578814663, -0.0049170111306, 0.00374099891633, -0.00636881403625, 0.00536255957559, -0.00627245102078, 0.014167714864, -0.00573873519897, 0.00708630215377, -0.00357848219573], [0.000383764272556, -0.00484370067716, 0.00176053214818, -0.00197479641065, 0.00580546120182, -0.00353730120696, 0.00237442739308, -0.00160271325149, 0.00467735994607, -0.00573873519897, 0.0143507504836, -0.00662975339219, 0.0034764111042], [-0.000719183881301, 0.00389586878009, -0.00280548026785, 0.00194125680719, -0.00371959339827, 0.00283125136048, -0.00318955094554, 0.0017331315903, -0.00366196315736, 0.00708630215377, -0.00662975339219, 0.0152818802744, -0.00559764541686], [0.000500912196003, -0.00250101787969, 0.00131197087467, -0.00276042358018, 0.00235043070279, -1.57795766427e-05, 0.000668153399602, -0.00140554900281, 0.00187512545381, -0.00357848219573, 0.0034764111042, -0.00559764541686, 0.0164385437965]]
    },
    "melbands": {
        "dmean": [0.000230598423514, 0.000622022256721, 0.000493290193845, 0.000362914259313, 0.00023381281062, 0.000130389307742, 0.000107632564323, 0.000117742092698, 0.000100846482383, 6.3098676037e-05, 3.55123993359e-05, 3.46037340933e-05, 3.02523476421e-05, 2.04087755264e-05, 2.35780953517e-05, 3.49650290445e-05, 1.9105433239e-05, 1.7904163542e-05, 1.10364844659e-05, 8.76389549376e-06, 7.80043228588e-06, 1.20250260807e-05, 1.0118001228e-05, 5.79497645958e-06, 4.96094662594e-06, 3.88690341424e-06, 4.75204979011e-06, 2.74510534837e-06, 1.53893142851e-06, 9.15578937111e-07, 1.02118235645e-06, 9.23802247144e-07, 1.25545500396e-06, 1.0599436564e-06, 8.21031846954e-07, 8.16083570498e-07, 6.96228198649e-07, 6.21193805728e-07, 4.87427939788e-07, 3.74785116719e-07],
        "dmean2": [0.000386356259696, 0.00107516814023, 0.000838562904391, 0.000608072150499, 0.000365287298337, 0.000206766228075, 0.000167395017343, 0.000188730002264, 0.000164570374181, 9.96979288175e-05, 5.29318895133e-05, 5.37538653589e-05, 4.53139255114e-05, 3.10261530103e-05, 3.47719396814e-05, 5.4699008615e-05, 2.96266862279e-05, 2.74008325505e-05, 1.74275446625e-05, 1.36304388434e-05, 1.26857512441e-05, 1.9122266167e-05, 1.63390432135e-05, 9.27756900637e-06, 7.95394771558e-06, 6.2863164203e-06, 7.88566831034e-06, 4.58410568172e-06, 2.49342156167e-06, 1.45573187638e-06, 1.67603957379e-06, 1.4739944163e-06, 2.00147087526e-06, 1.65309631939e-06, 1.34378558414e-06, 1.33845401251e-06, 1.11626218313e-06, 9.765511777e-07, 7.66727282553e-07, 5.88054774653e-07],
        "dvar": [2.15308796214e-06, 9.17153829505e-06, 1.62488493061e-06, 2.63317417648e-07, 9.07294506192e-08, 6.60592860413e-08, 5.53668435543e-08, 1.05494095237e-07, 2.38467066538e-07, 1.04638552045e-07, 1.72350596017e-08, 1.20173826446e-08, 8.7636351509e-09, 4.67647742752e-09, 1.88360154141e-08, 3.04318668043e-08, 7.33984695245e-09, 4.73519001787e-09, 1.41232714412e-09, 1.16564302655e-09, 2.77021211526e-10, 1.05880892942e-09, 5.13830589188e-10, 1.85473345016e-10, 9.92328164084e-11, 7.5396182353e-11, 1.14295614639e-10, 3.73520381292e-11, 2.07652523648e-11, 8.24676611721e-12, 1.21887682239e-11, 1.09075092708e-11, 1.92978411029e-11, 1.26983415102e-11, 8.75280316975e-12, 8.97376790931e-12, 1.13911701252e-11, 8.33895626162e-12, 4.05575920071e-12, 2.9037271719e-12],
        "dvar2": [5.49051355847e-06, 2.63285310211e-05, 4.54156997876e-06, 7.48619640945e-07, 2.16953424115e-07, 1.7792248741e-07, 1.29761929202e-07, 2.89408035314e-07, 6.95372023074e-07, 2.90556243954e-07, 3.68575641119e-08, 2.66575739261e-08, 1.87887820857e-08, 1.04431361336e-08, 4.08169604782e-08, 7.13994978696e-08, 1.53738799469e-08, 9.80102310422e-09, 3.04448222188e-09, 2.54597876115e-09, 7.75000397191e-10, 2.93901503134e-09, 1.2691380169e-09, 4.87899776136e-10, 2.53564502728e-10, 2.07868181001e-10, 3.17275594686e-10, 1.04603742335e-10, 5.59356727603e-11, 2.00638793774e-11, 3.24376601968e-11, 2.57308514773e-11, 4.91806213809e-11, 3.02304570265e-11, 2.21852727161e-11, 2.51948305968e-11, 3.08576809938e-11, 2.11180326698e-11, 1.00071348777e-11, 6.82348058265e-12],
        "max": [0.0257350318134, 0.0474810823798, 0.0217595137656, 0.00526152038947, 0.00455895392224, 0.00479769147933, 0.00389273162, 0.00669009890407, 0.0111743109301, 0.00988975446671, 0.00460761599243, 0.00286835688166, 0.00251899496652, 0.00213582161814, 0.00505497679114, 0.0046570179984, 0.00188709958456, 0.00149805424735, 0.00102450081613, 0.00125979445875, 0.000305635650875, 0.00123878871091, 0.000482616189402, 0.000280680105789, 0.000172174564796, 0.000192912179045, 0.000252837839071, 0.000106750943814, 9.86365921563e-05, 6.55664262013e-05, 9.07739376999e-05, 0.000102613172203, 0.000120592536405, 0.00010463235958, 8.28006159281e-05, 6.79050426697e-05, 0.000102506579424, 6.18941558059e-05, 3.52581155312e-05, 3.61165366485e-05],
        "mean": [0.000318145641359, 0.000979305594228, 0.000902771833353, 0.000746432924643, 0.000585932808463, 0.000285952351987, 0.00028148968704, 0.000226790391025, 0.000152292574057, 0.00010313646635, 7.40267787478e-05, 7.08152510924e-05, 5.40704058949e-05, 3.21877851093e-05, 3.69693079847e-05, 5.66145790799e-05, 3.15661745844e-05, 2.88881929009e-05, 1.70987404999e-05, 1.57659178512e-05, 1.63528511621e-05, 2.61642198893e-05, 2.03467025131e-05, 1.10885921458e-05, 9.61745718087e-06, 7.85025167716e-06, 8.85458757693e-06, 5.43828809896e-06, 3.02001490127e-06, 1.99134910872e-06, 2.03369245355e-06, 1.81243160569e-06, 2.40210647462e-06, 2.14911756302e-06, 1.54736869717e-06, 1.49430104557e-06, 1.15249406463e-06, 9.31814554406e-07, 7.35750575132e-07, 5.97223504428e-07],
        "median": [7.81207018008e-06, 0.000153985150973, 0.000396064831875, 0.000513900944497, 0.000398257863708, 0.000153056855197, 9.56251024036e-05, 9.27270011744e-05, 3.84254199162e-05, 1.74739179784e-05, 1.42846665767e-05, 1.55054658535e-05, 1.05371491372e-05, 2.52312474913e-06, 1.36522214689e-06, 1.87292107512e-06, 2.21685036195e-06, 2.45272576649e-06, 2.55413260675e-06, 2.34203957916e-06, 4.38367032984e-06, 8.78140872373e-06, 5.94893208472e-06, 3.63525077773e-06, 3.40441624758e-06, 2.37713970819e-06, 2.24124823944e-06, 1.14848489829e-06, 3.57843106258e-07, 9.97537625835e-08, 1.41615331017e-07, 8.68598419856e-08, 1.69774182268e-07, 1.78207599788e-07, 2.12417347711e-07, 1.81550063871e-07, 1.28305913449e-07, 7.47601589524e-08, 5.40831024409e-08, 5.23879890579e-08],
        "min": [5.80575869934e-24, 9.3695171192e-24, 1.15920325343e-23, 1.12564455832e-23, 2.81845707276e-23, 1.27806652693e-23, 8.58523318495e-24, 1.07557382117e-23, 3.29272809814e-24, 3.47600513833e-24, 7.17680723565e-24, 1.86200487703e-23, 8.43384841065e-24, 3.04985458872e-23, 1.94583807206e-23, 5.54504372004e-24, 5.200515425e-24, 7.1346702304e-24, 9.69405212902e-24, 5.47787931371e-24, 6.50289006964e-24, 1.69175181206e-23, 1.13643191566e-23, 7.70566116424e-24, 8.60254789296e-24, 8.43070558881e-24, 1.71900395867e-23, 1.52507007818e-23, 7.68968751977e-24, 8.89402726427e-24, 6.34565194743e-24, 7.93964835278e-24, 1.163929398e-23, 1.0359595931e-23, 1.28392342473e-23, 1.50344408756e-23, 1.11345310746e-23, 1.5077915e-23, 1.48944038654e-23, 9.47121391166e-24],
        "var": [2.29505690186e-06, 1.03045322248e-05, 2.89645208795e-06, 5.2750795021e-07, 3.64521667962e-07, 1.27050327592e-07, 2.18894243176e-07, 1.54191994284e-07, 2.30352483754e-07, 1.27758951862e-07, 7.42316075275e-08, 4.39804459518e-08, 2.28034480187e-08, 1.10885620686e-08, 4.05125817338e-08, 6.61993908579e-08, 1.55090571496e-08, 9.90046000737e-09, 2.88633983381e-09, 2.94301694126e-09, 7.91260945654e-10, 4.41704228749e-09, 1.22805488001e-09, 3.94516419533e-10, 2.68951361182e-10, 2.30512331445e-10, 2.71527578199e-10, 1.15808813927e-10, 5.2342085527e-11, 3.13426541665e-11, 3.38075643869e-11, 3.07960601464e-11, 5.05965373765e-11, 3.2579893644e-11, 1.36896726594e-11, 1.21292021565e-11, 1.31375873721e-11, 1.06452555104e-11, 5.80682550655e-12, 4.53302846648e-12]
    },
    "mfcc": {
        "mean": [-690.746398926, 129.556167603, 3.55776500702, 30.1891288757, 5.8305106163, -22.7288570404, -15.0120887756, 2.96565747261, -17.5354747772, -3.40541172028, -13.0683317184, -10.5617246628, -4.32256650925],
        "cov": [[5378.45605469, -1574.22692871, -135.848709106, -199.522415161, 46.0744934082, 858.407714844, 356.62890625, 115.946990967, 226.269851685, 203.867019653, 294.945159912, 203.736968994, -2.55580687523], [-1574.22692871, 1400.40539551, -216.040634155, -18.1799201965, -219.147323608, -206.097503662, 155.830886841, -55.3621673584, -90.5195770264, -8.08090114594, -29.7108192444, -12.8311605453, 38.9491958618], [-135.848709106, -216.040634155, 405.00479126, -60.7630805969, 67.9244842529, -13.0575828552, -54.6636390686, 28.3936519623, -19.9514102936, -41.3267936707, -14.319018364, 15.2260580063, 28.4689941406], [-199.522415161, -18.1799201965, -60.7630805969, 471.144989014, 84.3460998535, -66.5828323364, -103.756019592, 12.9648075104, 104.59286499, -54.707321167, -21.1853752136, -15.5557594299, 18.8874111176], [46.0744934082, -219.147323608, 67.9244842529, 84.3460998535, 295.206817627, 16.7346992493, -140.138626099, 47.4149131775, 43.0501480103, -6.14163208008, -24.5015125275, -28.7333660126, 8.40033626556], [858.407714844, -206.097503662, -13.0575828552, -66.5828323364, 16.7346992493, 354.567260742, 165.406982422, -7.65383720398, 79.5064315796, 59.5719871521, 94.3911056519, 42.889125824, -10.2713346481], [356.62890625, 155.830886841, -54.6636390686, -103.756019592, -140.138626099, 165.406982422, 339.341094971, -22.1604938507, 7.53861188889, 37.4553947449, 71.9039840698, 56.6884117126, -18.8751182556], [115.946990967, -55.3621673584, 28.3936519623, 12.9648075104, 47.4149131775, -7.65383720398, -22.1604938507, 192.630203247, 2.3284008503, -23.7379837036, -17.711233139, -5.7064204216, 47.1229362488], [226.269851685, -90.5195770264, -19.9514102936, 104.59286499, 43.0501480103, 79.5064315796, 7.53861188889, 2.3284008503, 190.299621582, 32.4193611145, 24.0975532532, -0.11340919137, -10.3134117126], [203.867019653, -8.08090114594, -41.3267936707, -54.707321167, -6.14163208008, 59.5719871521, 37.4553947449, -23.7379837036, 32.4193611145, 146.137527466, 25.8575000763, -1.6753898859, -9.2116060257], [294.945159912, -29.7108192444, -14.319018364, -21.1853752136, -24.5015125275, 94.3911056519, 71.9039840698, -17.711233139, 24.0975532532, 25.8575000763, 124.863014221, 33.5625076294, -6.12938022614], [203.736968994, -12.8311605453, 15.2260580063, -15.5557594299, -28.7333660126, 42.889125824, 56.6884117126, -5.7064204216, -0.11340919137, -1.6753898859, 33.5625076294, 108.323745728, 18.7727069855], [-2.55580687523, 38.9491958618, 28.4689941406, 18.8874111176, 8.40033626556, -10.2713346481, -18.8751182556, 47.1229362488, -10.3134117126, -9.2116060257, -6.12938022614, 18.7727069855, 134.77986145]],
