{
"lowlevel": {
    "average_loudness": 0.963449180126,
    "barkbands_crest": {
        "dmean": 2.98900794983,
        "dmean2": 5.04551696777,
        "dvar": 11.7818136215,
        "dvar2": 32.2407264709,
        "max": 25.5678253174,
        "mean": 7.63397836685,
        "median": 6.4036989212,
        "min": 2.35076069832,
        "var": 16.2933959961
    },
    "barkbands_flatness_db": {
        "dmean": 0.0187899358571,
        "dmean2": 0.0298020541668,
        "dvar": 0.000469584396342,
        "dvar2": 0.00118942570407,
        "max": 0.429360300303,
        "mean": 0.0836546570063,
        "median": 0.0747126787901,
        "min": 0.030510533601,
        "var": 0.00124743883498
    },
    "barkbands_kurtosis": {
        "dmean": 1.91826581955,
        "dmean2": 3.19080257416,
        "dvar": 138.447265625,
        "dvar2": 308.173828125,
        "max": 526.696105957,
        "mean": 0.773252129555,
        "median": -1.11726844311,
        "min": -1.91028082371,
        "var": 339.018341064
    },
    "barkbands_skewness": {
        "dmean": 0.562285602093,
        "dmean2": 0.910322606564,
        "dvar": 0.520203411579,
        "dvar2": 1.23518848419,
        "max": 19.4948139191,
        "mean": 0.556646108627,
        "median": 0.346457213163,
        "min": -2.06926441193,
        "var": 1.66244351864
    },
    "barkbands_spread": {
        "dmean": 8.20686149597,
        "dmean2": 13.3211688995,
        "dvar": 70.1975326538,
        "dvar2": 184.448028564,
        "max": 98.4736404419,
        "mean": 45.7141265869,
        "median": 46.1710586548,
        "min": 0.773894131184,
        "var": 195.52456665
    },
    "dissonance": {
        "dmean": 0.00669678905979,
        "dmean2": 0.0114136030897,
        "dvar": 4.0614802856e-05,
        "dvar2": 0.000109605360194,
        "max": 0.5,
        "mean": 0.488617420197,
        "median": 0.490706533194,
        "min": 0.402109980583,
        "var": 8.69294817676e-05
    },
    "dynamic_complexity": 2.29841542244,
    "erbbands_crest": {
        "dmean": 1.72044312954,
        "dmean2": 2.8974814415,
        "dvar": 2.49972963333,
        "dvar2": 6.93963623047,
        "max": 22.0013427734,
        "mean": 6.91635274887,
        "median": 6.32749938965,
        "min": 2.87949132919,
        "var": 6.392765522
    },
    "erbbands_flatness_db": {
        "dmean": 0.012868409045,
        "dmean2": 0.0198423396796,
        "dvar": 0.000132337925606,
        "dvar2": 0.000317243451718,
        "max": 0.234938457608,
        "mean": 0.13840174675,
        "median": 0.137068465352,
        "min": 0.0528623200953,
        "var": 0.000669021275826
    },
    "erbbands_kurtosis": {
        "dmean": 0.963981151581,
        "dmean2": 1.60775971413,
        "dvar": 1.10457515717,
        "dvar2": 2.8373093605,
        "max": 12.6782684326,
        "mean": 0.762557625771,
        "median": 0.482503652573,
        "min": -1.71771550179,
        "var": 2.47809648514
    },
    "erbbands_skewness": {
        "dmean": 0.302361220121,
        "dmean2": 0.486600756645,
        "dvar": 0.0775555446744,
        "dvar2": 0.193297743797,
        "max": 2.60543680191,
        "mean": -0.832539856434,
        "median": -0.91196000576,
        "min": -2.65763878822,
        "var": 0.340204805136
    },
    "erbbands_spread": {
        "dmean": 8.24489116669,
        "dmean2": 13.6437082291,
        "dvar": 75.6416854858,
        "dvar2": 205.271469116,
        "max": 126.738693237,
        "mean": 37.7174911499,
        "median": 35.9347229004,
        "min": 8.89819335938,
        "var": 194.371826172
    },
    "hfc": {
        "dmean": 7.63611459732,
        "dmean2": 11.9289445877,
        "dvar": 129.684188843,
        "dvar2": 324.936187744,
        "max": 157.754333496,
        "mean": 26.307964325,
        "median": 21.1413459778,
        "min": 3.90292989323e-05,
        "var": 320.515350342
    },
    "melbands_crest": {
        "dmean": 3.43190169334,
        "dmean2": 5.6737947464,
        "dvar": 10.0011930466,
        "dvar2": 26.1219329834,
        "max": 37.1185569763,
        "mean": 12.3102550507,
        "median": 11.5291824341,
        "min": 2.95499658585,
        "var": 24.1363296509
    },
    "melbands_flatness_db": {
        "dmean": 0.028496382758,
        "dmean2": 0.0451660379767,
        "dvar": 0.000991493579932,
        "dvar2": 0.0024874038063,
        "max": 0.567969381809,
        "mean": 0.126015216112,
        "median": 0.112199217081,
        "min": 0.0230764877051,
        "var": 0.00282884063199
    },
    "melbands_kurtosis": {
        "dmean": 8.17875289917,
        "dmean2": 14.0663366318,
        "dvar": 2847.45019531,
        "dvar2": 7183.47265625,
        "max": 2423.14648438,
        "mean": 9.80561828613,
        "median": 2.44267940521,
        "min": -1.81555628777,
        "var": 4899.23242188
    },
    "melbands_skewness": {
        "dmean": 0.855270326138,
        "dmean2": 1.40125107765,
        "dvar": 1.37413108349,
        "dvar2": 3.43291330338,
        "max": 31.308423996,
        "mean": 2.16472005844,
        "median": 1.81224226952,
        "min": -0.371608018875,
        "var": 3.37189459801
    },
    "melbands_spread": {
        "dmean": 15.8129167557,
        "dmean2": 25.4958934784,
        "dvar": 250.573074341,
        "dvar2": 628.280517578,
        "max": 211.141616821,
        "mean": 56.0040626526,
        "median": 56.7058868408,
        "min": 0.141436100006,
        "var": 688.484313965
    },
    "pitch_salience": {
        "dmean": 0.0842285975814,
        "dmean2": 0.141427055001,
        "dvar": 0.0077811232768,
        "dvar2": 0.0207351185381,
        "max": 0.816355288029,
        "mean": 0.600688278675,
        "median": 0.621388792992,
        "min": 0.0694636404514,
        "var": 0.0113246552646
    },
    "silence_rate_20dB": {
        "dmean": 0,
        "dmean2": 0,
        "dvar": 0,
        "dvar2": 0,
        "max": 1,
        "mean": 1,
        "median": 1,
        "min": 1,
        "var": 0
    },
    "silence_rate_30dB": {
        "dmean": 0,
        "dmean2": 0,
        "dvar": 0,
        "dvar2": 0,
        "max": 1,
        "mean": 1,
        "median": 1,
        "min": 1,
        "var": 0
    },
    "silence_rate_60dB": {
        "dmean": 0.00193498446606,
        "dmean2": 0.00387146719731,
        "dvar": 0.00193130900152,
        "dvar2": 0.00540532171726,
        "max": 1,
        "mean": 0.0100580267608,
        "median": 0,
        "min": 0,
        "var": 0.00995678734034
    },
    "spectral_centroid": {
        "dmean": 255.786087036,
        "dmean2": 410.007507324,
        "dvar": 71963.5390625,
        "dvar2": 181136.125,
        "max": 4272.52636719,
        "mean": 2612.82836914,
        "median": 2694.36669922,
        "min": 264.163360596,
        "var": 211059.03125
    },
    "spectral_complexity": {
        "dmean": 5.06269359589,
        "dmean2": 7.80178070068,
        "dvar": 23.8697566986,
        "dvar2": 51.0566864014,
        "max": 59,
        "mean": 27.6460342407,
        "median": 28,
        "min": 0,
        "var": 111.877197266
    },
    "spectral_decrease": {
        "dmean": 1.82856951803e-09,
        "dmean2": 2.98892732786e-09,
        "dvar": 7.17094949859e-18,
        "dvar2": 1.76898761305e-17,
        "max": -1.02411033484e-13,
        "mean": -4.08504829963e-09,
        "median": -3.17699733188e-09,
        "min": -2.34309034397e-08,
        "var": 9.03609288739e-18
    },
    "spectral_energy": {
        "dmean": 0.00734084099531,
        "dmean2": 0.0119180437177,
        "dvar": 0.000107904605102,
        "dvar2": 0.000264068396064,
        "max": 0.0928568392992,
        "mean": 0.0178041439503,
        "median": 0.0142604662105,
        "min": 3.9006314978e-07,
        "var": 0.000148333157995
    },
    "spectral_energyband_high": {
        "dmean": 0.000577981059905,
        "dmean2": 0.000913527503144,
        "dvar": 1.39453936754e-06,
        "dvar2": 3.41459349329e-06,
        "max": 0.0200081281364,
        "mean": 0.00154756940901,
        "median": 0.00121925224084,
        "min": 1.12240594596e-09,
        "var": 2.35931543102e-06
    },
    "spectral_energyband_low": {
        "dmean": 0.00502362009138,
        "dmean2": 0.00850589666516,
        "dvar": 9.1846792202e-05,
        "dvar2": 0.000236029183725,
        "max": 0.0850972309709,
        "mean": 0.0062277042307,
        "median": 0.00317832105793,
        "min": 3.7748492332e-07,
        "var": 8.19835186121e-05
    },
    "spectral_energyband_middle_high": {
        "dmean": 0.00187894096598,
        "dmean2": 0.0029705951456,
        "dvar": 7.08267225491e-06,
        "dvar2": 1.68269707501e-05,
        "max": 0.0354729145765,
        "mean": 0.00621618935838,
        "median": 0.00382242514752,
        "min": 2.13175851971e-10,
        "var": 2.96349862765e-05
    },
    "spectral_energyband_middle_low": {
        "dmean": 0.00227103522047,
        "dmean2": 0.0038005465176,
        "dvar": 1.13882369988e-05,
        "dvar2": 3.21084989992e-05,
        "max": 0.0333556197584,
        "mean": 0.00431473786011,
        "median": 0.0033026128076,
        "min": 4.82133133417e-09,
        "var": 1.37305687531e-05
    },
    "spectral_entropy": {
        "dmean": 0.0840742588043,
        "dmean2": 0.13035543263,
        "dvar": 0.00647408282384,
        "dvar2": 0.0143266823143,
        "max": 8.6646194458,
        "mean": 7.97466516495,
        "median": 7.97504520416,
        "min": 7.04329013824,
        "var": 0.033136099577
    },
    "spectral_flux": {
        "dmean": 0.0201824810356,
        "dmean2": 0.0318322218955,
        "dvar": 0.000615446129814,
        "dvar2": 0.00131344795227,
        "max": 0.249400615692,
        "mean": 0.0809306055307,
        "median": 0.0740242376924,
        "min": 0.000105776118289,
        "var": 0.00138864328619
    },
    "spectral_kurtosis": {
        "dmean": 0.823490023613,
        "dmean2": 1.39068377018,
        "dvar": 0.608273148537,
        "dvar2": 1.75932216644,
        "max": 9.68008041382,
        "mean": 3.03083586693,
        "median": 2.89461803436,
        "min": -0.47881770134,
        "var": 1.8164948225
    },
    "spectral_rms": {
        "dmean": 0.000777846900746,
        "dmean2": 0.00123676063959,
        "dvar": 8.75864827776e-07,
        "dvar2": 2.09693007491e-06,
        "max": 0.00951798539609,
        "mean": 0.00396039010957,
        "median": 0.00372996646911,
        "min": 1.95076754608e-05,
        "var": 1.68517340171e-06
    },
    "spectral_rolloff": {
        "dmean": 729.264038086,
        "dmean2": 1192.87976074,
        "dvar": 886979,
        "dvar2": 2037685.5,
        "max": 10056.0058594,
        "mean": 3326.73999023,
        "median": 3359.1796875,
        "min": 64.599609375,
        "var": 2097133.75
    },
    "spectral_skewness": {
        "dmean": 0.128490462899,
        "dmean2": 0.209194347262,
        "dvar": 0.0138226915151,
        "dvar2": 0.0365944094956,
        "max": 2.58680033684,
        "mean": 1.0137629509,
        "median": 0.990467369556,
        "min": 0.221219807863,
        "var": 0.0705142021179
    },
    "spectral_spread": {
        "dmean": 401401.5,
        "dmean2": 598163.75,
        "dvar": 266831724544,
        "dvar2": 509885972480,
        "max": 14687074,
        "mean": 4176030.75,
        "median": 3982502.25,
        "min": 2330572.25,
        "var": 1.2078734377e+12
    },
    "spectral_strongpeak": {
        "dmean": 0.465347379446,
        "dmean2": 0.811919629574,
        "dvar": 0.807885706425,
        "dvar2": 2.21960377693,
        "max": 12.2184619904,
        "mean": 0.606391131878,
        "median": 0.218727663159,
        "min": 0.000799122848548,
        "var": 1.12802803516
    },
    "zerocrossingrate": {
        "dmean": 0.013526939787,
        "dmean2": 0.0159217864275,
        "dvar": 0.000173243315658,
        "dvar2": 0.000233056765865,
        "max": 0.3095703125,
        "mean": 0.105012580752,
        "median": 0.1044921875,
        "min": 0.0087890625,
        "var": 0.00123225722928
    },
    "barkbands": {
        "dmean": [4.70953018521e-05, 0.00418121134862, 0.00113327498548, 0.000982530298643, 0.00103067187592, 0.000201250935788, 0.000265736336587, 0.000221605310799, 0.000449711456895, 0.000244545604801, 0.000247718358878, 0.000289516843623, 0.000260857545072, 0.000224547169637, 0.000147337734234, 0.000223960669246, 0.000470815895824, 0.000601018604357, 0.000500828609802, 0.000280267326161, 0.00018023980374, 0.000161731732078, 0.000117436029541, 0.000102195932413, 4.34129178757e-05, 1.49119405251e-05, 2.78529660136e-06],
        "dmean2": [7.85915108281e-05, 0.00721844332293, 0.0019907199312, 0.0017022715183, 0.00179388665128, 0.000327572488459, 0.000428279512562, 0.00036398100201, 0.000717411050573, 0.000391727720853, 0.000404006976169, 0.0004826336517, 0.000414947367972, 0.000367525703041, 0.000242572190473, 0.000378965371056, 0.000797081098426, 0.000983396545053, 0.000826374220196, 0.000468934216769, 0.000308861286612, 0.000268777250312, 0.000184280594112, 0.00015893325326, 6.39372301521e-05, 1.93755022337e-05, 3.68924747818e-06],
        "dvar": [5.13962072901e-09, 7.77101013227e-05, 5.06776950715e-06, 2.41130942413e-06, 4.06351773563e-06, 1.13003324032e-07, 6.19730201379e-07, 3.59592377208e-07, 5.79795027988e-07, 2.94079285368e-07, 2.77318378039e-07, 3.93486544681e-07, 4.10835070852e-07, 3.67556083347e-07, 1.09777111845e-07, 1.20264658676e-07, 6.55098062907e-07, 7.62185266012e-07, 4.47938447223e-07, 2.01248013809e-07, 7.6751931033e-08, 1.02476128916e-07, 8.79372379359e-08, 1.24865564999e-07, 2.87555721457e-08, 1.35522593148e-09, 6.03204777794e-11],
        "dvar2": [1.40657503422e-08, 0.00020773797587, 1.47356240632e-05, 6.69117525831e-06, 1.19941541925e-05, 2.79149872995e-07, 1.56919884375e-06, 8.95782761745e-07, 1.44275247749e-06, 6.8933491093e-07, 7.06179150711e-07, 1.07715163722e-06, 9.91169827103e-07, 9.63324851e-07, 2.7084971066e-07, 3.25899236486e-07, 1.77300978521e-06, 1.91065328181e-06, 1.10819894417e-06, 5.36203174306e-07, 2.13581785147e-07, 2.48505870104e-07, 2.15224574163e-07, 2.97823049777e-07, 6.53153051644e-08, 2.55821541728e-09, 1.07509140479e-10],
        "max": [0.0012453062227, 0.0786436498165, 0.0180142316967, 0.0129236038774, 0.0200190506876, 0.00645726639777, 0.0159867964685, 0.0139296445996, 0.0170134119689, 0.0104660252109, 0.00957012176514, 0.00862378347665, 0.0130071118474, 0.0128896692768, 0.00719694420695, 0.00620623491704, 0.0127794854343, 0.0118181798607, 0.00940475147218, 0.00996530987322, 0.00360487611033, 0.00537491496652, 0.00614761281759, 0.00634453305975, 0.00390053354204, 0.000838626408949, 0.000144487668877],
        "mean": [8.97685531527e-05, 0.0044130817987, 0.00128596031573, 0.00110128533561, 0.00131386134308, 0.000327457179083, 0.00036213270505, 0.000303982116748, 0.000813040300272, 0.000385660328902, 0.000408709107433, 0.000465011951746, 0.000411087210523, 0.000369659654098, 0.000264712929493, 0.000378972705221, 0.00076775427442, 0.00125850294717, 0.00116318324581, 0.000579768966418, 0.000394692091504, 0.000376669340767, 0.000256444182014, 0.000197731060325, 8.17513864604e-05, 2.85537571472e-05, 4.70751683679e-06],
        "median": [6.57000928186e-05, 0.00201274338178, 0.000684303347953, 0.000544681213796, 0.000783667666838, 0.00019902549684, 0.000121518300148, 9.92279237835e-05, 0.00047196703963, 0.000145225145388, 0.000126992061269, 0.000138506933581, 0.000102769263322, 0.000108864798676, 0.000104959406599, 0.000255279534031, 0.000475547567476, 0.000717980088666, 0.000775756896473, 0.000453385233413, 0.000327834830387, 0.000294380093692, 0.000172195839696, 0.00010134344484, 3.5790977563e-05, 1.01452178569e-05, 8.40718541895e-07],
        "min": [1.33264315139e-08, 3.43751338505e-07, 7.84733611425e-10, 1.55131951729e-09, 3.81877363065e-10, 6.42178185628e-11, 7.55908946548e-11, 1.02712126998e-11, 2.72780791011e-11, 1.94196325687e-11, 9.49981759923e-12, 1.75460982549e-11, 1.29767394746e-11, 2.26536844838e-11, 1.11773403033e-11, 1.15957989738e-11, 1.51907115359e-11, 1.54620032056e-11, 1.39744457325e-11, 2.6334334019e-11, 2.88969490697e-11, 3.26045267174e-11, 5.34511358785e-11, 7.57061358048e-11, 1.33948060976e-10, 2.2261827104e-10, 4.03580058261e-10],
        "var": [8.9034122297e-09, 6.0858859797e-05, 4.26893302574e-06, 2.40816734731e-06, 3.41711574947e-06, 1.79572197112e-07, 7.16904082765e-07, 5.30586248715e-07, 1.29048112285e-06, 5.77937782964e-07, 5.70483734919e-07, 7.80779771503e-07, 8.2511223809e-07, 8.11577024251e-07, 2.87784331476e-07, 1.90449853221e-07, 8.768777775e-07, 2.10370126297e-06, 1.22791675494e-06, 2.52065035511e-07, 9.73485327904e-08, 1.49559227225e-07, 1.49793763171e-07, 2.13343056998e-07, 4.76709658415e-08, 2.87625367967e-09, 1.24071586338e-10]
    },
    "erbbands": {
        "dmean": [0.0900368690491, 1.04166567326, 1.54750609398, 1.99600791931, 4.72952127457, 2.47556209564, 1.69821119308, 1.56716167927, 2.40609645844, 4.88922309875, 6.56702852249, 9.16412353516, 7.51611471176, 9.34365558624, 7.75320625305, 11.6221990585, 11.1725797653, 11.1677293777, 7.8372964859, 8.13581371307, 14.78195858, 26.5894966125, 31.650686264, 27.2020206451, 22.2551059723, 12.7199726105, 6.92994976044, 7.46102237701, 6.0067152977, 4.76839780807, 3.09118676186, 2.44482374191, 1.48903501034, 0.665828049183, 0.219589591026, 0.0702355504036, 0.0262139346451, 0.0066156424582, 0.000424654543167, 1.85518729268e-05],
        "dmean2": [0.155653715134, 1.79237341881, 2.67724680901, 3.46292614937, 8.32413959503, 4.20635509491, 2.85193681717, 2.56338238716, 3.92010760307, 8.01331710815, 10.5192193985, 14.7121229172, 12.0738162994, 14.8486213684, 12.3494138718, 19.1914901733, 17.7010002136, 17.9623355865, 12.7336425781, 13.1953687668, 25.0008907318, 44.7793006897, 52.3977622986, 44.1011352539, 36.9075508118, 21.2154502869, 11.8518896103, 12.7014036179, 10.033621788, 7.61751317978, 4.85040044785, 3.842212677, 2.2997648716, 1.00706362724, 0.316548794508, 0.0965449362993, 0.0338822603226, 0.00860643293709, 0.000540754350368, 2.5904719223e-05],
        "dvar": [0.0329516753554, 4.82432365417, 8.77967071533, 9.59740257263, 99.5972061157, 15.1740531921, 7.0927939415, 8.92927932739, 45.5822601318, 207.49041748, 239.496063232, 249.269790649, 171.141189575, 437.895904541, 319.641937256, 660.097595215, 809.595275879, 797.380249023, 398.614471436, 277.436279297, 470.094268799, 2269.53149414, 2245.10571289, 1528.1730957, 1097.36901855, 397.722961426, 132.041809082, 125.820701599, 123.354103088, 124.121749878, 66.562286377, 57.0018310547, 35.711265564, 7.71392917633, 0.637408733368, 0.0459823235869, 0.00426130462438, 0.000333913980285, 1.20305514884e-06, 8.23155266172e-10],
        "dvar2": [0.0908275768161, 12.8155126572, 23.9232749939, 26.7022476196, 295.740844727, 42.094039917, 18.5571079254, 22.0296401978, 117.184234619, 545.177978516, 617.708007812, 614.438415527, 432.877471924, 1049.33996582, 777.223937988, 1792.21191406, 1984.8671875, 1997.33642578, 1045.9934082, 656.02911377, 1271.35229492, 6171.59863281, 5568.33740234, 4013.81420898, 2771.07617188, 1054.84362793, 376.305419922, 341.391998291, 310.547637939, 295.750549316, 162.888244629, 135.690185547, 88.0262985229, 18.0486240387, 1.4064450264, 0.100835882127, 0.00743938842788, 0.000555167032871, 2.00947420126e-06, 1.46907219722e-09],
        "max": [1.95295488834, 18.0061416626, 24.0774002075, 28.5785751343, 102.492393494, 37.4780731201, 45.5556564331, 56.7107200623, 109.56678772, 258.78213501, 237.146362305, 276.304229736, 248.450668335, 392.782836914, 363.364929199, 425.36227417, 605.15435791, 606.479858398, 675.135620117, 411.008544922, 341.455291748, 748.06640625, 778.508056641, 729.071777344, 568.696044922, 319.929229736, 118.28288269, 145.441162109, 189.082687378, 210.389312744, 151.460342407, 131.172180176, 132.218536377, 64.725402832, 17.9323329926, 5.62074422836, 1.14139735699, 0.317634761333, 0.0191079322249, 0.000509106204845],
        "mean": [0.102045588195, 1.05422699451, 1.85539638996, 2.42402887344, 5.29126787186, 3.5859181881, 2.7543027401, 2.45978450775, 3.54677152634, 6.59677600861, 10.3785190582, 16.2243041992, 13.2201662064, 16.7216033936, 13.858212471, 19.9754562378, 19.5677928925, 19.5380001068, 14.9182605743, 14.8349351883, 26.2197647095, 46.144908905, 65.4000473022, 67.0063552856, 50.2714347839, 27.0638179779, 14.4876031876, 16.9909324646, 13.8803386688, 10.3157310486, 6.65327978134, 4.89623260498, 2.81349873543, 1.23859286308, 0.406099796295, 0.135385856032, 0.0489687100053, 0.0115593215451, 0.000754479668103, 4.4436132157e-05],
        "median": [0.0538564324379, 0.430182248354, 0.932875990868, 1.38299882412, 2.66437411308, 2.20517730713, 1.76600861549, 1.48099076748, 1.46182549, 2.04144692421, 4.01486492157, 9.38640403748, 7.13579034805, 5.33058261871, 5.1668214798, 6.06432342529, 5.04828500748, 5.33406209946, 6.16557407379, 7.44993495941, 18.1552505493, 29.1399726868, 38.735458374, 41.0031166077, 34.9422416687, 21.1864128113, 11.7342805862, 14.2061195374, 10.9916000366, 7.27998018265, 4.3726682663, 2.74039721489, 1.33491253853, 0.55475628376, 0.175596639514, 0.0569573454559, 0.0143435960636, 0.0022666011937, 0.000163705160958, 3.05986504827e-05],
        "min": [1.41014470501e-05, 4.28899038525e-05, 6.28148609394e-06, 1.0442607163e-05, 3.95876850234e-06, 2.19327944251e-06, 7.05785453192e-07, 8.70648477758e-07, 9.84909206636e-07, 8.7139852667e-07, 3.77899141313e-07, 5.84318058827e-07, 5.46643775579e-07, 5.09894391598e-07, 6.25937559562e-07, 6.84497649672e-07, 6.40598955215e-07, 1.15362342967e-06, 4.19673881424e-07, 8.42473866669e-07, 5.89135765949e-07, 9.08210324724e-07, 7.17216551038e-07, 6.79626509736e-07, 1.1338471495e-06, 1.20499112199e-06, 1.35950801905e-06, 1.13584235351e-06, 1.11023291538e-06, 1.4361077092e-06, 1.69588224708e-06, 1.6182282252e-06, 1.404052e-06, 1.53528435476e-06, 8.68941583576e-07, 6.82284337472e-07, 3.99081784508e-07, 2.35126805137e-07, 6.30172181104e-08, 6.37710373397e-09],
        "var": [0.0257306750864, 3.81575345993, 8.02075195312, 8.93640327454, 79.5096054077, 17.1963539124, 10.295964241, 11.7656898499, 51.2812614441, 231.634628296, 420.27520752, 496.612609863, 319.844268799, 1003.04296875, 655.329711914, 1407.83129883, 1741.24377441, 2093.41577148, 950.823181152, 690.246765137, 722.609130859, 3041.27441406, 5108.0234375, 6077.35107422, 2214.03100586, 510.243713379, 148.958633423, 166.114837646, 176.411178589, 190.275802612, 118.474830627, 98.5082931519, 56.1737251282, 11.9946069717, 1.07888710499, 0.0809289515018, 0.00953808054328, 0.000733026245143, 2.73996715805e-06, 2.08132178159e-09]
    },
    "gfcc": {
        "mean": [19.5061435699, 55.7970809937, -126.115791321, 63.7187805176, -53.2747993469, 15.7931671143, -26.0138454437, 18.6251125336, -23.1101875305, -6.08701181412, -17.1957607269, 1.36536872387, -15.0663566589],
        "cov": [[4841.67871094, -283.405181885, -738.537902832, -167.859390259, -207.357559204, 93.1558303833, -47.9617080688, 113.253982544, -122.476104736, -54.12682724, -24.8760490417, -7.98837518692, -155.731323242], [-283.405181885, 549.814880371, -187.446380615, 137.799362183, 53.3255119324, -42.1433639526, 88.9599914551, -62.9161262512, 22.928730011, -61.0085906982, 14.8958435059, -48.6071662903, 47.1256599426], [-738.537902832, -187.446380615, 528.567993164, 20.211107254, 55.4661445618, -21.2976226807, -23.6771907806, 18.4613380432, 33.304649353, 44.9034729004, -38.4422302246, 36.949180603, 15.9636106491], [-167.859390259, 137.799362183, 20.211107254, 294.640167236, 26.7097797394, 18.4813575745, -22.6545963287, -43.859413147, 40.8484535217, -30.5611629486, -48.3421592712, -55.728012085, 64.8451080322], [-207.357559204, 53.3255119324, 55.4661445618, 26.7097797394, 185.118972778, 4.10006999969, 37.1978416443, -14.8617954254, 8.44046211243, 13.8152723312, -6.62487220764, 3.95336723328, 6.08891487122], [93.1558303833, -42.1433639526, -21.2976226807, 18.4813575745, 4.10006999969, 132.88508606, 31.5946025848, 5.95864057541, -21.8043384552, -2.07660508156, 21.5899658203, -9.94142627716, -3.11912369728], [-47.9617080688, 88.9599914551, -23.6771907806, -22.6545963287, 37.1978416443, 31.5946025848, 143.567062378, 38.6429634094, -8.94955253601, -17.087179184, 12.434510231, 15.3167829514, -4.39962244034], [113.253982544, -62.9161262512, 18.4613380432, -43.859413147, -14.8617954254, 5.95864057541, 38.6429634094, 106.313186646, 37.2183952332, 14.9201803207, 7.22771453857, 21.8943920135, -13.9131994247], [-122.476104736, 22.928730011, 33.304649353, 40.8484535217, 8.44046211243, -21.8043384552, -8.94955253601, 37.2183952332, 89.8285217285, 35.6368217468, -7.56839036942, -13.7310829163, 4.66319084167], [-54.12682724, -61.0085906982, 44.9034729004, -30.5611629486, 13.8152723312, -2.07660508156, -17.087179184, 14.9201803207, 35.6368217468, 71.2410430908, 21.2904338837, 6.11537742615, -11.0551891327], [-24.8760490417, 14.8958435059, -38.4422302246, -48.3421592712, -6.62487220764, 21.5899658203, 12.434510231, 7.22771453857, -7.56839036942, 21.2904338837, 79.8630523682, 29.8570289612, -15.7547330856], [-7.98837518692, -48.6071662903, 36.949180603, -55.728012085, 3.95336723328, -9.94142627716, 15.3167829514, 21.8943920135, -13.7310829163, 6.11537742615, 29.8570289612, 66.0733032227, 4.78845977783], [-155.731323242, 47.1256599426, 15.9636106491, 64.8451080322, 6.08891487122, -3.11912369728, -4.39962244034, -13.9131994247, 4.66319084167, -11.0551891327, -15.7547330856, 4.78845977783, 62.0586853027]],
        "icov": [[0.000386928935768, 5.44306312804e-05, 0.000679360644426, -0.000287600269075, 0.00015260046348, -0.000270299351541, 0.000380783807486, -0.000660556834191, 0.000707656552549, -0.000447884667665, 0.00106348656118, -0.000827087205835, 0.00110658013728], [5.44306312804e-05, 0.00565254595131, 0.00119486951735, -0.0008640200831, -0.00100934016518, 0.00372586376034, -0.00477170478553, 0.00374814355746, -0.00396628445014, 0.00491367047653, -0.00586395291612, 0.00487486785278, -0.00346348271705], [0.000679360644426, 0.00119486951735, 0.00394470663741, -0.00119122117758, -0.00038038592902, -4.75799679407e-05, 0.000101080469904, -0.000385493098292, 0.000275570637314, -0.0018443983281, 0.00335778226145, -0.00354646728374, 0.00175992585719], [-0.000287600269075, -0.0008640200831, -0.00119122117758, 0.00777126802132, -0.000765800708905, -0.00231641461141, 0.00106981943827, 0.00241858558729, -0.00540049700066, 0.00433291401714, -0.000139927957207, 0.00420799013227, -0.00648512225598], [0.00015260046348, -0.00100934016518, -0.00038038592902, -0.000765800708905, 0.00698525598273, -0.00091029307805, -0.0018768402515, 0.00176941452082, 0.000243047557888, -0.00350143294781, 0.00299951294437, -0.00298408861272, 0.00192968104966], [-0.000270299351541, 0.00372586376034, -4.75799679407e-05, -0.00231641461141, -0.00091029307805, 0.013082973659, -0.00527594564483, -0.00033495851676, 0.00291667389683, 0.00129931932315, -0.0091609172523, 0.00903813168406, -0.00378796108998], [0.000380783807486, -0.00477170478553, 0.000101080469904, 0.00106981943827, -0.0018768402515, -0.00527594564483, 0.0146153587848, -0.0084024509415, 0.0047330968082, -0.000706377904862, 0.00479298643768, -0.00528515409678, 0.00364963733591], [-0.000660556834191, 0.00374814355746, -0.000385493098292, 0.00241858558729, 0.00176941452082, -0.00033495851676, -0.0084024509415, 0.0223454348743, -0.0161485485733, 0.00581016438082, -0.00195402861573, -0.00364178931341, -0.000674890587106], [0.000707656552549, -0.00396628445014, 0.000275570637314, -0.00540049700066, 0.000243047557888, 0.00291667389683, 0.0047330968082, -0.0161485485733, 0.0309721753001, -0.0175614710897, 0.00490367691964, 0.00278201233596, 0.00277218664996], [-0.000447884667665, 0.00491367047653, -0.0018443983281, 0.00433291401714, -0.00350143294781, 0.00129931932315, -0.000706377904862, 0.00581016438082, -0.0175614710897, 0.031961183995, -0.0140046849847, 0.00692400429398, -0.00432329112664], [0.00106348656118, -0.00586395291612, 0.00335778226145, -0.000139927957207, 0.00299951294437, -0.0091609172523, 0.00479298643768, -0.00195402861573, 0.00490367691964, -0.0140046849847, 0.0323037095368, -0.0213932394981, 0.0125394314528], [-0.000827087205835, 0.00487486785278, -0.00354646728374, 0.00420799013227, -0.00298408861272, 0.00903813168406, -0.00528515409678, -0.00364178931341, 0.00278201233596, 0.00692400429398, -0.0213932394981, 0.038968782872, -0.0171196144074], [0.00110658013728, -0.00346348271705, 0.00175992585719, -0.00648512225598, 0.00192968104966, -0.00378796108998, 0.00364963733591, -0.000674890587106, 0.00277218664996, -0.00432329112664, 0.0125394314528, -0.0171196144074, 0.0310978889465]]
    },
    "melbands": {
        "dmean": [0.00102102023084, 0.00101537152659, 0.000441856886027, 0.000267319468549, 6.06202811468e-05, 3.53485556843e-05, 4.27973609476e-05, 5.08848715981e-05, 6.28965790384e-05, 5.91065327171e-05, 3.88341213693e-05, 3.86062783946e-05, 2.94036635751e-05, 2.64269820036e-05, 3.47664754372e-05, 2.39317450905e-05, 2.16946282308e-05, 1.4143599401e-05, 1.15894772534e-05, 1.28238552861e-05, 1.9605824491e-05, 2.94804831356e-05, 2.93713037536e-05, 2.98184986605e-05, 2.38064949372e-05, 2.03492600122e-05, 1.41427053677e-05, 7.99891131464e-06, 4.14954183725e-06, 5.21995025338e-06, 4.59850980405e-06, 3.85279918191e-06, 3.0020844406e-06, 2.86871022581e-06, 1.93622577171e-06, 1.59031492331e-06, 1.56842781962e-06, 1.16220041946e-06, 8.29431598959e-07, 5.05232833348e-07],
        "dmean2": [0.00176906958222, 0.00172319205012, 0.000771721766796, 0.000462726398837, 0.000101444442407, 5.75200465391e-05, 6.88946747687e-05, 8.33538506413e-05, 0.000101012243249, 9.45475403569e-05, 6.23556334176e-05, 6.13514348515e-05, 4.70801569463e-05, 4.35864239989e-05, 5.80935011385e-05, 3.83234109904e-05, 3.52999995812e-05, 2.32092588703e-05, 1.91383514903e-05, 2.15378986468e-05, 3.34787946485e-05, 5.02967377543e-05, 4.81771312479e-05, 4.91906830575e-05, 3.85022758564e-05, 3.38767167705e-05, 2.34754061239e-05, 1.34937481562e-05, 7.15346868674e-06, 8.94217191671e-06, 7.79289894126e-06, 6.44036299491e-06, 4.93815878144e-06, 4.60110550193e-06, 3.1048607525e-06, 2.51290271081e-06, 2.49012919085e-06, 1.825670779e-06, 1.29653767544e-06, 7.74035811446e-07],
        "dvar": [4.605772574e-06, 3.80756773666e-06, 5.20281389527e-07, 2.76760118822e-07, 7.76546116299e-09, 4.08890032944e-09, 1.51411132521e-08, 2.11569197717e-08, 2.19158451387e-08, 9.41792333009e-09, 4.7670933867e-09, 7.53936912901e-09, 3.94575083718e-09, 3.42738459835e-09, 6.9177188422e-09, 4.26131796516e-09, 3.2847080611e-09, 1.64275371084e-09, 8.53827120118e-10, 5.39018218948e-10, 7.84820375355e-10, 3.04048342059e-09, 2.13634043789e-09, 2.11779616066e-09, 1.21248089346e-09, 8.27335977505e-10, 5.85089698912e-10, 1.58935087313e-10, 5.17626150276e-11, 6.07779937489e-11, 4.79572354051e-11, 4.1877636775e-11, 5.06962354041e-11, 4.29731666918e-11, 2.48255738883e-11, 2.01786174575e-11, 2.3342211844e-11, 2.1332949296e-11, 1.11360989874e-11, 4.74833280334e-12],
        "dvar2": [1.24347880046e-05, 9.89803538687e-06, 1.47326556998e-06, 8.13580300019e-07, 2.05468175807e-08, 1.00852233231e-08, 3.83174523222e-08, 5.4828483087e-08, 5.67829694376e-08, 2.34648336317e-08, 1.19389573783e-08, 1.78396053485e-08, 9.84536541182e-09, 8.93766927135e-09, 1.87735444968e-08, 1.02209023467e-08, 8.36717273245e-09, 4.40557057502e-09, 2.07591033252e-09, 1.32247202078e-09, 2.11682293916e-09, 8.41014724529e-09, 5.33382449319e-09, 5.31768939993e-09, 3.18294546275e-09, 2.06664974023e-09, 1.5632414252e-09, 4.22750112694e-10, 1.49573853303e-10, 1.69758110347e-10, 1.30524896447e-10, 1.10028361422e-10, 1.19966828138e-10, 1.06030892399e-10, 6.14648817954e-11, 4.85116148641e-11, 5.59352286711e-11, 5.23668851338e-11, 2.74577981879e-11, 1.10113749716e-11],
        "max": [0.020409911871, 0.0168584194034, 0.00606266455725, 0.00520474137738, 0.00136539014056, 0.00122949120123, 0.0023392685689, 0.00237644836307, 0.00289281923324, 0.00158047769219, 0.00126079295296, 0.00153391598724, 0.000943760853261, 0.00110629957635, 0.00127554009669, 0.00148419290781, 0.00114511034917, 0.00145479361527, 0.000538573716767, 0.000424910482252, 0.000347882276401, 0.000806166615803, 0.00102888373658, 0.000723738397937, 0.00064998853486, 0.000560187152587, 0.000649123219773, 0.000235529136262, 8.08926779428e-05, 9.41838661674e-05, 8.68499628268e-05, 0.000118975600344, 0.000136689370265, 0.00013805317576, 8.6727704911e-05, 8.88919603312e-05, 8.36263425299e-05, 9.4964991149e-05, 7.48984239181e-05, 5.89054689044e-05],
        "mean": [0.00109554850496, 0.00116707384586, 0.000534028571565, 0.000338668585755, 0.000100531535281, 5.65411864955e-05, 6.18307094555e-05, 6.93371839589e-05, 9.90250555333e-05, 0.000104455342807, 6.51499285595e-05, 6.66220657877e-05, 4.94394007546e-05, 4.4502048695e-05, 5.77968312427e-05, 3.86119681934e-05, 3.55146257789e-05, 2.42281821556e-05, 2.00133981707e-05, 2.09328754863e-05, 3.24334905599e-05, 4.53475295217e-05, 5.61796950933e-05, 5.89413211856e-05, 5.43817914149e-05, 4.21230397478e-05, 2.86412596324e-05, 1.5049799913e-05, 7.80209484219e-06, 1.00765100797e-05, 9.90968783299e-06, 8.42586723593e-06, 5.99124223299e-06, 5.68880432184e-06, 3.80959068025e-06, 3.31289493261e-06, 2.8723388823e-06, 2.10711505133e-06, 1.45644435179e-06, 8.8987781055e-07],
        "median": [0.000530679128133, 0.000549594231416, 0.000294368190225, 0.00019396188145, 6.88287254889e-05, 3.43454630638e-05, 2.34313538385e-05, 2.10912839975e-05, 3.56207528966e-05, 6.09710004937e-05, 3.34374853992e-05, 2.04005191335e-05, 1.72920608748e-05, 1.38486639116e-05, 1.46043594214e-05, 9.57030897553e-06, 9.46040745475e-06, 9.74759223027e-06, 7.59082195145e-06, 1.26358008856e-05, 2.21840036829e-05, 2.78727820842e-05, 3.42147104675e-05, 3.07978480123e-05, 3.21235565934e-05, 2.87832735921e-05, 2.05631167773e-05, 1.15156062748e-05, 5.81944641453e-06, 8.10647998151e-06, 8.21785124572e-06, 6.72593387208e-06, 4.22050152338e-06, 3.77669266527e-06, 2.40082817982e-06, 2.02655974135e-06, 1.45500393955e-06, 9.86290046967e-07, 6.50556557957e-07, 3.88781444371e-07],
        "min": [1.18268289384e-07, 2.27131735642e-08, 1.46052936412e-09, 1.56351653846e-10, 4.36766907363e-11, 1.60431563867e-11, 1.58171236525e-11, 8.28743844383e-12, 3.66715251915e-12, 3.7154793131e-12, 2.88449797901e-12, 1.84467697194e-12, 1.48751247864e-12, 2.22959151142e-12, 1.32251848362e-12, 1.48013827757e-12, 2.17540221947e-12, 5.42633971611e-13, 9.66844443048e-13, 9.39201841299e-13, 6.15971791802e-13, 9.55878388595e-13, 6.44545723218e-13, 7.12163401168e-13, 4.64011262139e-13, 5.31163221046e-13, 8.93155124512e-13, 6.5461275723e-13, 7.74185349075e-13, 6.17406245487e-13, 6.52268820553e-13, 5.23823118128e-13, 7.82640391297e-13, 7.93399037875e-13, 1.01413539025e-12, 7.64423734815e-13, 1.05122583815e-12, 9.65967974012e-13, 1.06600980213e-12, 1.22649817819e-12],
        "var": [3.56767918674e-06, 3.42505677509e-06, 4.8461777169e-07, 2.36054404468e-07, 1.12469420444e-08, 5.78079406566e-09, 1.76230408044e-08, 2.54730885274e-08, 4.14341592148e-08, 1.92376941044e-08, 8.87717099829e-09, 1.67917555416e-08, 7.83468845356e-09, 7.46960893139e-09, 1.5567525935e-08, 8.26910540042e-09, 7.67775087951e-09, 3.37311223397e-09, 1.96804195163e-09, 9.82550263373e-10, 1.08508879659e-09, 3.44413830788e-09, 4.29820623538e-09, 5.49200773747e-09, 4.59265114827e-09, 1.76592995782e-09, 7.97699850619e-10, 1.87818968711e-10, 5.47565881526e-11, 7.38898525698e-11, 6.09403708052e-11, 5.66349606101e-11, 7.35095387339e-11, 6.25554746891e-11, 4.10987771593e-11, 3.76278279368e-11, 3.82237089203e-11, 3.34333324914e-11, 1.65205123887e-11, 6.90454507804e-12]
    },
    "mfcc": {
        "mean": [-612.169494629, 72.8286056519, -7.03669309616, 43.8327865601, 3.62182331085, 5.08910274506, 7.19328546524, 20.3617286682, 2.15350103378, 2.67960357666, 3.41276717186, -0.311427563429, -5.82597255707],
        "cov": [[3334.20849609, 26.6079425812, -303.910980225, -186.902999878, -114.37928009, -77.7666778564, 10.8752164841, 62.2696113586, -126.350463867, -17.2685508728, 47.6977119446, -1.60312616825, -43.588596344], [26.6079425812, 382.541564941, -152.672409058, 78.5775299072, -44.3817253113, 9.9521188736, 38.3478279114, 29.2656402588, -1.45689761639, -20.2345314026, 10.0402202606, 1.28017318249, -9.17220497131], [-303.910980225, -152.672409058, 325.549468994, 40.17710495, 38.8646621704, -3.42254686356, -38.044506073, -13.6231994629, 40.6470832825, 11.753569603, -32.1246147156, 1.86770069599, 19.230632782], [-186.902999878, 78.5775299072, 40.17710495, 238.9894104, 63.5375747681, 41.3502349854, -41.9916801453, -11.1260356903, 71.1956710815, 10.034075737, -41.787197113, -17.8984241486, -15.5854692459], [-114.37928009, -44.3817253113, 38.8646621704, 63.5375747681, 138.109527588, 42.4080352783, -27.3726654053, -32.0578346252, 22.3070106506, 19.4309329987, -11.7850408554, -0.758515417576, -5.77973127365], [-77.7666778564, 9.9521188736, -3.42254686356, 41.3502349854, 42.4080352783, 122.340545654, 44.1042823792, -9.78658008575, 7.25180721283, 4.59093427658, -18.4551029205, -3.89754247665, -17.5481681824], [10.8752164841, 38.3478279114, -38.044506073, -41.9916801453, -27.3726654053, 44.1042823792, 126.601768494, 56.5265464783, -14.9688682556, -17.9210109711, 11.1105575562, 5.77553892136, -3.39756560326], [62.2696113586, 29.2656402588, -13.6231994629, -11.1260356903, -32.0578346252, -9.78658008575, 56.5265464783, 97.5793609619, 13.7073831558, -5.82182979584, 13.2985677719, 1.95915651321, 7.41814422607], [-126.350463867, -1.45689761639, 40.6470832825, 71.1956710815, 22.3070106506, 7.25180721283, -14.9688682556, 13.7073831558, 100.304695129, 34.156665802, -16.7151050568, -0.446759402752, -3.99643301964], [-17.2685508728, -20.2345314026, 11.753569603, 10.034075737, 19.4309329987, 4.59093427658, -17.9210109711, -5.82182979584, 34.156665802, 65.8397293091, 27.7970085144, 6.24880743027, 1.49336612225], [47.6977119446, 10.0402202606, -32.1246147156, -41.787197113, -11.7850408554, -18.4551029205, 11.1105575562, 13.2985677719, -16.7151050568, 27.7970085144, 77.5467147827, 24.693567276, 13.2113866806], [-1.60312616825, 1.28017318249, 1.86770069599, -17.8984241486, -0.758515417576, -3.89754247665, 5.77553892136, 1.95915651321, -0.446759402752, 6.24880743027, 24.693567276, 45.0001983643, 19.0924091339], [-43.588596344, -9.17220497131, 19.230632782, -15.5854692459, -5.77973127365, -17.5481681824, -3.39756560326, 7.41814422607, -3.99643301964, 1.49336612225, 13.2113866806, 19.0924091339, 50.7763519287]],
