{
"lowlevel": {
    "average_loudness": 0.578923881054,
    "barkbands_crest": {
        "dmean": 2.7869746685,
        "dmean2": 4.41673326492,
        "dvar": 6.1502122879,
        "dvar2": 13.9084091187,
        "max": 24.8278121948,
        "mean": 9.28987884521,
        "median": 8.42274188995,
        "min": 2.49406838417,
        "var": 17.9108753204
    },
    "barkbands_flatness_db": {
        "dmean": 0.023080714047,
        "dmean2": 0.0343547202647,
        "dvar": 0.00039813638432,
        "dvar2": 0.000848850992043,
        "max": 0.309282660484,
        "mean": 0.114353083074,
        "median": 0.109837010503,
        "min": 0.030664883554,
        "var": 0.00164319539908
    },
    "barkbands_kurtosis": {
        "dmean": 2.5955786705,
        "dmean2": 4.09218120575,
        "dvar": 15.2832422256,
        "dvar2": 37.1920967102,
        "max": 54.8299026489,
        "mean": 2.7136631012,
        "median": 1.40636301041,
        "min": -1.84798955917,
        "var": 25.3526649475
    },
    "barkbands_skewness": {
        "dmean": 0.604412376881,
        "dmean2": 0.897544324398,
        "dvar": 0.35448461771,
        "dvar2": 0.753840446472,
        "max": 6.69801855087,
        "mean": 1.24968647957,
        "median": 1.32132613659,
        "min": -3.63573718071,
        "var": 1.52829730511
    },
    "barkbands_spread": {
        "dmean": 8.03173828125,
        "dmean2": 12.2460651398,
        "dvar": 75.7362670898,
        "dvar2": 159.482421875,
        "max": 83.931678772,
        "mean": 28.0932655334,
        "median": 26.8296756744,
        "min": 1.59758853912,
        "var": 188.515563965
    },
    "dissonance": {
        "dmean": 0.0150496466085,
        "dmean2": 0.0257969480008,
        "dvar": 0.000317971600452,
        "dvar2": 0.000852193450555,
        "max": 0.500000059605,
        "mean": 0.475652247667,
        "median": 0.48234757781,
        "min": 0.305354714394,
        "var": 0.000502254348248
    },
    "dynamic_complexity": 6.01035690308,
    "erbbands_crest": {
        "dmean": 2.62185668945,
        "dmean2": 4.30571079254,
        "dvar": 7.45073509216,
        "dvar2": 17.8785743713,
        "max": 32.9288101196,
        "mean": 8.10075569153,
        "median": 6.5268239975,
        "min": 2.33296942711,
        "var": 22.4626674652
    },
    "erbbands_flatness_db": {
        "dmean": 0.0177522804588,
        "dmean2": 0.0257684122771,
        "dvar": 0.000288192968583,
        "dvar2": 0.000594698183704,
        "max": 0.353687494993,
        "mean": 0.141585960984,
        "median": 0.135224893689,
        "min": 0.0501113347709,
        "var": 0.00229706964456
    },
    "erbbands_kurtosis": {
        "dmean": 1.16878187656,
        "dmean2": 1.88613069057,
        "dvar": 5.50069522858,
        "dvar2": 14.4084777832,
        "max": 36.5570869446,
        "mean": 0.434702903032,
        "median": -0.373337507248,
        "min": -1.78426992893,
        "var": 7.61866378784
    },
    "erbbands_skewness": {
        "dmean": 0.433330714703,
        "dmean2": 0.641803383827,
        "dvar": 0.21818998456,
        "dvar2": 0.469364374876,
        "max": 5.17137622833,
        "mean": 0.125389501452,
        "median": -0.00222039129585,
        "min": -3.01480913162,
        "var": 0.864843964577
    },
    "erbbands_spread": {
        "dmean": 9.79048538208,
        "dmean2": 15.3553495407,
        "dvar": 120.113327026,
        "dvar2": 266.600097656,
        "max": 118.398101807,
        "mean": 44.0304412842,
        "median": 43.3005867004,
        "min": 2.32921338081,
        "var": 362.758728027
    },
    "hfc": {
        "dmean": 6.21777963638,
        "dmean2": 8.92490005493,
        "dvar": 129.905456543,
        "dvar2": 280.402954102,
        "max": 218.265609741,
        "mean": 19.7094192505,
        "median": 11.0958213806,
        "min": 1.08543996555e-16,
        "var": 480.367797852
    },
    "melbands_crest": {
        "dmean": 3.4665055275,
        "dmean2": 5.65534925461,
        "dvar": 9.14255237579,
        "dvar2": 21.6955509186,
        "max": 33.1244621277,
        "mean": 13.2444629669,
        "median": 12.8001823425,
        "min": 2.09919071198,
        "var": 27.2858295441
    },
    "melbands_flatness_db": {
        "dmean": 0.0277441423386,
        "dmean2": 0.0405645594001,
        "dvar": 0.000579401967116,
        "dvar2": 0.00125139043666,
        "max": 0.352209508419,
        "mean": 0.154508367181,
        "median": 0.15427659452,
        "min": 0.0057750986889,
        "var": 0.00274836085737
    },
    "melbands_kurtosis": {
        "dmean": 6.58103370667,
        "dmean2": 10.30169487,
        "dvar": 91.5634002686,
        "dvar2": 227.677429199,
        "max": 138.188995361,
        "mean": 11.6547317505,
        "median": 7.53009700775,
        "min": -1.75534570217,
        "var": 187.427932739
    },
    "melbands_skewness": {
        "dmean": 0.75430315733,
        "dmean2": 1.13855695724,
        "dvar": 0.54688590765,
        "dvar2": 1.24812161922,
        "max": 9.21473789215,
        "mean": 2.55649280548,
        "median": 2.41067314148,
        "min": -2.79268908501,
        "var": 2.60800695419
    },
    "melbands_spread": {
        "dmean": 12.2912750244,
        "dmean2": 18.4410591125,
        "dvar": 320.856048584,
        "dvar2": 665.673278809,
        "max": 200.133514404,
        "mean": 33.1434440613,
        "median": 23.8552703857,
        "min": 2.23057055473,
        "var": 818.745361328
    },
    "pitch_salience": {
        "dmean": 0.0751096978784,
        "dmean2": 0.119971498847,
        "dvar": 0.00434773415327,
        "dvar2": 0.0104255136102,
        "max": 0.880163311958,
        "mean": 0.604109883308,
        "median": 0.621390879154,
        "min": 0.144256412983,
        "var": 0.0122949043289
    },
    "silence_rate_20dB": {
        "dmean": 0,
        "dmean2": 0,
        "dvar": 0,
        "dvar2": 0,
        "max": 1,
        "mean": 1,
        "median": 1,
        "min": 1,
        "var": 0
    },
    "silence_rate_30dB": {
        "dmean": 0.0278637763113,
        "dmean2": 0.055749129504,
        "dvar": 0.0270879287273,
        "dvar2": 0.0673529729247,
        "max": 1,
        "mean": 0.977176010609,
        "median": 1,
        "min": 0,
        "var": 0.0223033130169
    },
    "silence_rate_60dB": {
        "dmean": 0.0359907113016,
        "dmean2": 0.0720092952251,
        "dvar": 0.034696560353,
        "dvar2": 0.0776658281684,
        "max": 1,
        "mean": 0.294003874063,
        "median": 0,
        "min": 0,
        "var": 0.207557782531
    },
    "spectral_centroid": {
        "dmean": 336.902252197,
        "dmean2": 491.774932861,
        "dvar": 153243.765625,
        "dvar2": 275185.75,
        "max": 11207.1660156,
        "mean": 1780.89172363,
        "median": 1620.88500977,
        "min": 352.910125732,
        "var": 726258.8125
    },
    "spectral_complexity": {
        "dmean": 3.52399373055,
        "dmean2": 5.35772371292,
        "dvar": 18.4212665558,
        "dvar2": 34.8259773254,
        "max": 61,
        "mean": 20.1740818024,
        "median": 19,
        "min": 0,
        "var": 231.022033691
    },
    "spectral_decrease": {
        "dmean": 2.23282503597e-09,
        "dmean2": 3.57287377462e-09,
        "dvar": 2.23537603065e-17,
        "dvar2": 5.99180386627e-17,
        "max": 1.2808758207e-28,
        "mean": -6.24657481296e-09,
        "median": -1.83882620242e-09,
        "min": -6.97792543747e-08,
        "var": 6.16123626376e-17
    },
    "spectral_energy": {
        "dmean": 0.00877435877919,
        "dmean2": 0.0139630958438,
        "dvar": 0.000333102536388,
        "dvar2": 0.000886460882612,
        "max": 0.270785540342,
        "mean": 0.0253637172282,
        "median": 0.00783776585013,
        "min": 1.03296012684e-20,
        "var": 0.00097234576242
    },
    "spectral_energyband_high": {
        "dmean": 0.000510563375428,
        "dmean2": 0.000754150154535,
        "dvar": 1.21618882076e-06,
        "dvar2": 2.83014696834e-06,
        "max": 0.0267352722585,
        "mean": 0.00103151157964,
        "median": 0.000384674844099,
        "min": 7.56033063233e-21,
        "var": 2.5168353659e-06
    },
    "spectral_energyband_low": {
        "dmean": 0.00662220129743,
        "dmean2": 0.0106280799955,
        "dvar": 0.00026060178061,
        "dvar2": 0.000723555276636,
        "max": 0.197299659252,
        "mean": 0.0123264184222,
        "median": 0.000520013039932,
        "min": 4.94034681076e-23,
        "var": 0.000424852216383
    },
    "spectral_energyband_middle_high": {
        "dmean": 0.0012409738265,
        "dmean2": 0.00189315073658,
        "dvar": 5.11740290676e-06,
        "dvar2": 1.12404823085e-05,
        "max": 0.0368231721222,
        "mean": 0.00417277915403,
        "median": 0.00266792019829,
        "min": 1.46664363166e-21,
        "var": 2.23308088607e-05
    },
    "spectral_energyband_middle_low": {
        "dmean": 0.00377865205519,
        "dmean2": 0.0061199949123,
        "dvar": 4.92646358907e-05,
        "dvar2": 0.000128568921355,
        "max": 0.121182478964,
        "mean": 0.00952378101647,
        "median": 0.00390298804268,
        "min": 2.15630824417e-22,
        "var": 0.00013573623437
    },
    "spectral_entropy": {
        "dmean": 0.155056655407,
        "dmean2": 0.217285186052,
        "dvar": 0.0235858261585,
        "dvar2": 0.0440587475896,
        "max": 9.81629180908,
        "mean": 7.90623092651,
        "median": 7.87947416306,
        "min": 6.75492572784,
        "var": 0.104016453028
    },
    "spectral_flux": {
        "dmean": 0.0182697363198,
        "dmean2": 0.028179211542,
        "dvar": 0.000660408230033,
        "dvar2": 0.00132761732675,
        "max": 0.409525930882,
        "mean": 0.0710694566369,
        "median": 0.0538032762706,
        "min": 6.62796345585e-11,
        "var": 0.00303909997456
    },
    "spectral_kurtosis": {
        "dmean": 1.07223248482,
        "dmean2": 1.66526174545,
        "dvar": 1.09999454021,
        "dvar2": 2.73203444481,
        "max": 12.6874904633,
        "mean": 3.44863057137,
        "median": 3.40250825882,
        "min": -1.25358128548,
        "var": 3.76551175117
    },
    "spectral_rms": {
        "dmean": 0.000683800433762,
        "dmean2": 0.00105263339356,
        "dvar": 9.41637324559e-07,
        "dvar2": 2.3632205739e-06,
        "max": 0.0162536464632,
        "mean": 0.00399230001494,
        "median": 0.00276524876244,
        "min": 3.17453290218e-12,
        "var": 8.80662628333e-06
    },
    "spectral_rolloff": {
        "dmean": 1010.37731934,
        "dmean2": 1595.63317871,
        "dvar": 2474232.75,
        "dvar2": 4741495.5,
        "max": 19444.4824219,
        "mean": 2670.42138672,
        "median": 1722.65625,
        "min": 86.1328125,
        "var": 8056573.5
    },
    "spectral_skewness": {
        "dmean": 0.189646571875,
        "dmean2": 0.283310115337,
        "dvar": 0.0326200835407,
        "dvar2": 0.0680649280548,
        "max": 2.91618800163,
        "mean": 1.37982833385,
        "median": 1.40803468227,
        "min": -0.025021135807,
        "var": 0.131225600839
    },
    "spectral_spread": {
        "dmean": 747669.375,
        "dmean2": 1009272.3125,
        "dvar": 917483290624,
        "dvar2": 1.79894052454e+12,
        "max": 41775584,
        "mean": 5486762.5,
        "median": 5302311,
        "min": 2160816.5,
        "var": 4.52963178906e+12
    },
    "spectral_strongpeak": {
        "dmean": 0.342328757048,
        "dmean2": 0.584954619408,
        "dvar": 0.294100552797,
        "dvar2": 0.750294029713,
        "max": 4.86679697037,
        "mean": 0.585998654366,
        "median": 0.402348518372,
        "min": 0,
        "var": 0.391830533743
    },
    "zerocrossingrate": {
        "dmean": 0.0194666236639,
        "dmean2": 0.020998172462,
        "dvar": 0.000501075352076,
        "dvar2": 0.000547334144358,
        "max": 0.509765625,
        "mean": 0.0985846444964,
        "median": 0.07666015625,
        "min": 0.00927734375,
        "var": 0.00486811064184
    },
    "barkbands": {
        "dmean": [7.78420071583e-05, 0.00481652701274, 0.00233825482428, 0.00205166754313, 0.00149795925245, 0.000635309435893, 0.000453940068837, 0.000465159537271, 0.000656997144688, 0.000492592924275, 0.00022958527552, 0.000260789645836, 0.000186322024092, 0.00018736164202, 0.000152421664097, 0.000165895631653, 0.000305608729832, 0.00016640011745, 0.000160290757776, 0.000143858997035, 0.000101504694612, 9.58616219577e-05, 9.12151954253e-05, 9.67488231254e-05, 8.70565636433e-05, 7.11084940122e-05, 3.19100877277e-06],
        "dmean2": [0.00012193290604, 0.00739111471921, 0.00409802142531, 0.00344149931334, 0.00248395721428, 0.0010849776445, 0.000784879026469, 0.000759867660236, 0.0010845476063, 0.000800714653451, 0.000372521288227, 0.00042733977898, 0.000303874228848, 0.000306556583382, 0.000251890247455, 0.000269197422313, 0.000496822292916, 0.000268682430033, 0.000258572574239, 0.000237304600887, 0.000163048651302, 0.000157390866661, 0.000144074248965, 0.000148508144775, 0.000123745223391, 0.000100865305285, 5.21448373547e-06],
        "dvar": [8.70299388112e-08, 0.000118499083328, 5.01949580212e-05, 2.19668017962e-05, 8.7401813289e-06, 2.61923742073e-06, 1.24726341255e-06, 1.31061131015e-06, 2.46710214924e-06, 3.22248251905e-06, 2.53539212736e-07, 2.94826435265e-07, 1.39865150572e-07, 1.63434648925e-07, 1.00981104367e-07, 6.49375166972e-08, 2.08483712072e-07, 1.50666480181e-07, 5.49564163066e-08, 6.54874838801e-08, 6.17939619474e-08, 6.3038143594e-08, 4.38120117963e-08, 4.09112104194e-08, 5.26244896548e-08, 3.06054346311e-08, 4.74916703186e-11],
        "dvar2": [1.8256757528e-07, 0.000311497045914, 0.00014562891738, 6.17459445493e-05, 2.28135540965e-05, 7.22638333173e-06, 3.64984020962e-06, 3.25380119648e-06, 6.1059181462e-06, 8.49669049785e-06, 6.38844937839e-07, 7.7342019722e-07, 3.73895744588e-07, 4.13976749769e-07, 2.6098342687e-07, 1.64526440471e-07, 5.46235071397e-07, 3.34091367904e-07, 1.32880657588e-07, 1.73170647599e-07, 1.54474562919e-07, 1.72352315531e-07, 1.14105517923e-07, 9.24053011886e-08, 1.26066638018e-07, 7.16147283697e-08, 1.24251831046e-10],
        "max": [0.00378921371885, 0.124352172017, 0.0989328473806, 0.101076602936, 0.0454049035907, 0.02750954777, 0.0176866985857, 0.0261015817523, 0.0382280163467, 0.0537204518914, 0.00930450297892, 0.00798277556896, 0.0062942802906, 0.00841395091265, 0.00657397415489, 0.00403149239719, 0.00694351736456, 0.0083275064826, 0.00238424213603, 0.0038706434425, 0.00675508612767, 0.00542620988563, 0.00541582424194, 0.00542890978977, 0.00567746674642, 0.00367399840616, 0.000113376860099],
        "mean": [8.30444696476e-05, 0.00755135575309, 0.00310819572769, 0.00319113419391, 0.00257056741975, 0.000922205275856, 0.000702641613316, 0.000695708906278, 0.00119438907132, 0.000777812558226, 0.000358280987712, 0.000435613008449, 0.000317161873681, 0.000315085984766, 0.000273821613519, 0.000326802342897, 0.000621055078227, 0.000336739671184, 0.000367032160284, 0.000308395159664, 0.000205411677598, 0.000159154646099, 0.000137625072966, 0.000149673185661, 0.000146516089444, 0.000105361214082, 2.95852646559e-06],
        "median": [2.5111631885e-07, 3.16604382533e-05, 0.000155814355821, 0.000449615705293, 0.000830731063616, 0.000366071879398, 0.000261436594883, 0.000231455807807, 0.000472146988614, 0.000167805774254, 0.000101553843706, 0.000123007077491, 0.000104510661913, 0.000135227979627, 0.00010393098637, 0.000201145114261, 0.000430241343565, 0.000156147623784, 0.000242390437052, 0.000184431104572, 0.000103538710391, 4.82049726998e-05, 3.50851805706e-05, 3.99197051593e-05, 4.15185677412e-05, 2.26701795327e-05, 3.0562870279e-07],
        "min": [2.82432773617e-24, 5.10661691702e-24, 4.42772677186e-24, 2.36363632018e-24, 1.71789198034e-23, 3.06046255908e-23, 2.63238576892e-23, 3.33581319587e-23, 3.73225524379e-23, 2.58502776665e-23, 5.15218246954e-23, 9.43107761543e-23, 1.12427370739e-22, 8.3505439102e-23, 1.20978458869e-22, 7.74492655802e-23, 4.15411344345e-23, 2.23744378734e-22, 1.42157228473e-22, 2.24023925795e-22, 4.56562197735e-22, 5.34982595266e-22, 5.79260789896e-22, 6.79089837409e-22, 1.00557465265e-21, 1.46614522303e-21, 2.14246321779e-21],
        "var": [1.04744856344e-07, 0.000193060797756, 4.74681291962e-05, 3.4010699892e-05, 1.71932297235e-05, 2.90991829388e-06, 1.77296885795e-06, 2.66700135398e-06, 5.00912710777e-06, 4.8786091611e-06, 5.56506449811e-07, 6.10467111528e-07, 3.21896976629e-07, 3.09308745727e-07, 2.16735628555e-07, 1.54602588509e-07, 4.80090932342e-07, 4.72484884995e-07, 1.68171709447e-07, 1.49326126575e-07, 9.93090907286e-08, 8.63514841853e-08, 6.66612933742e-08, 6.68693473926e-08, 7.88849447986e-08, 4.8182943857e-08, 4.82816182867e-11]
    },
    "erbbands": {
        "dmean": [0.0838626921177, 1.26907670498, 2.71621799469, 4.62117385864, 6.07342529297, 5.3853058815, 3.77345824242, 5.69950199127, 5.6091594696, 9.753698349, 9.58096122742, 13.8876695633, 18.3922595978, 11.2965593338, 8.54540348053, 11.0171785355, 8.46709918976, 8.42043113708, 8.53962898254, 7.45343017578, 10.9896478653, 15.3418970108, 10.3687534332, 8.12663173676, 7.59891939163, 6.26177501678, 3.8978266716, 4.41867542267, 3.45428228378, 3.07005834579, 2.66890740395, 2.29057860374, 1.49983012676, 0.999377906322, 0.651319503784, 0.32109951973, 0.127933442593, 0.021292258054, 0.000410676177125, 2.06322765735e-05],
        "dmean2": [0.130819365382, 1.95012390614, 4.67599153519, 7.78631305695, 10.2064638138, 9.0749835968, 6.49613904953, 9.71087360382, 9.59671115875, 16.3130893707, 15.706656456, 22.7918262482, 30.0520133972, 18.1246013641, 13.8610839844, 17.8926029205, 13.8616104126, 13.7118597031, 14.1720409393, 12.0104923248, 17.8695316315, 25.0404834747, 16.6744842529, 12.9713945389, 12.4184265137, 10.3061761856, 6.35288333893, 7.10879516602, 5.64226961136, 5.00720310211, 4.20651531219, 3.591350317, 2.2907640934, 1.46717905998, 0.945356428623, 0.471043497324, 0.184172794223, 0.0313959494233, 0.00060065096477, 3.00312512991e-05],
        "dvar": [0.0503389760852, 8.15985774994, 59.9127922058, 125.692436218, 176.535705566, 99.4178237915, 53.9576225281, 283.123443604, 239.433532715, 558.876159668, 567.63293457, 1308.07531738, 4138.09472656, 1629.04956055, 394.930847168, 510.315704346, 293.027618408, 396.823699951, 314.84866333, 216.427536011, 273.930084229, 555.022827148, 539.931945801, 154.607254028, 130.41607666, 129.885101318, 90.3023986816, 114.089035034, 79.6108627319, 61.6487503052, 35.1733703613, 24.2269916534, 10.1153392792, 7.78996706009, 2.70957994461, 0.724281668663, 0.100267678499, 0.00226841075346, 8.00937868917e-07, 1.46907741527e-09],
        "dvar2": [0.128506630659, 21.7790298462, 175.767242432, 360.320800781, 467.898284912, 260.942504883, 154.239517212, 792.310180664, 681.27911377, 1557.29602051, 1369.4831543, 3180.28930664, 10962.0322266, 4382.03955078, 985.352294922, 1333.26416016, 786.780944824, 988.998840332, 804.805969238, 566.788391113, 697.882873535, 1423.30969238, 1244.65905762, 369.047821045, 327.212585449, 342.465332031, 231.664230347, 292.5703125, 218.227737427, 165.230117798, 93.8443908691, 57.5498924255, 23.358373642, 18.5048770905, 6.62641572952, 1.79542911053, 0.229473516345, 0.00520875025541, 1.81542441169e-06, 3.18351922601e-09],
        "max": [2.88326311111, 30.9794178009, 93.7510681152, 260.073059082, 193.88508606, 128.113647461, 78.8519744873, 289.630310059, 233.09854126, 420.613372803, 497.121734619, 1205.54870605, 2097.83251953, 1149.5012207, 426.650787354, 329.949737549, 261.589202881, 325.332336426, 329.135284424, 268.778869629, 248.301605225, 354.354614258, 515.86706543, 168.09425354, 127.602928162, 176.158905029, 169.390396118, 298.991699219, 198.989501953, 169.073394775, 121.733695984, 129.871780396, 80.1394958496, 77.2865829468, 38.9618682861, 18.6994075775, 6.55861997604, 0.699737131596, 0.0136031229049, 0.000665981671773],
        "mean": [0.114694677293, 1.99845671654, 4.09332704544, 7.59808778763, 9.75426387787, 9.15693378448, 6.21155166626, 8.0077381134, 8.33167743683, 13.897441864, 16.6576938629, 26.861541748, 27.9186325073, 19.8332767487, 14.835026741, 19.1185436249, 16.0026397705, 15.0397529602, 15.2711877823, 15.7738904953, 23.0867424011, 32.2825813293, 22.2380599976, 18.119222641, 17.729434967, 13.9295320511, 8.04406166077, 8.60919094086, 5.90913105011, 4.71477222443, 3.82348918915, 3.22147011757, 2.40913438797, 1.66578006744, 1.04169631004, 0.506590723991, 0.181997895241, 0.0262205637991, 0.000528007338289, 4.98843510286e-05],
        "median": [0.000316997262416, 0.0128272632137, 0.152426660061, 1.13918840885, 1.74516427517, 3.24931025505, 2.72685861588, 3.09294605255, 3.01448392868, 5.13055419922, 5.80799770355, 10.6201972961, 8.04594802856, 5.27965688705, 4.81000804901, 5.28569459915, 5.49146842957, 6.02096652985, 7.39991283417, 6.92229509354, 15.7523775101, 22.9504680634, 11.6604595184, 11.5782766342, 11.6783676147, 8.47915840149, 3.75537705421, 4.46475791931, 1.85346221924, 1.14107584953, 0.946066439152, 0.810996115208, 0.664351820946, 0.469541549683, 0.290808230639, 0.120424769819, 0.0372866801918, 0.00451727816835, 0.000106964995211, 1.89121801668e-05],
        "min": [9.59068626466e-23, 1.07622044099e-21, 5.41761901802e-21, 6.37878107938e-21, 5.34320095488e-20, 4.71982213563e-20, 8.371293335e-20, 2.78081604177e-19, 3.49912210813e-19, 4.21432314526e-19, 8.4627369885e-19, 9.71014603174e-19, 8.8687741018e-19, 8.23359400015e-19, 2.67208620048e-18, 4.64701341377e-18, 5.00264813761e-18, 4.76496399244e-18, 4.17917205343e-18, 6.23646081312e-18, 5.27516072246e-18, 3.31140685809e-18, 8.57961740225e-18, 1.42265089561e-17, 9.65837920785e-18, 9.63949136574e-18, 1.50728735414e-17, 1.67120824721e-17, 1.57328908783e-17, 1.62836211127e-17, 1.66621720483e-17, 1.44749344551e-17, 1.29641353884e-17, 1.08366392606e-17, 7.26134131439e-18, 5.66309395409e-18, 2.85319615483e-18, 1.01823896473e-18, 2.59402185735e-19, 3.45515183633e-20],
        "var": [0.0627724677324, 13.3053588867, 65.041885376, 174.237976074, 279.610137939, 210.060394287, 80.9214630127, 270.16506958, 278.858764648, 750.214538574, 1507.66369629, 2927.51391602, 5109.86328125, 2824.3347168, 834.231323242, 1091.37268066, 770.453430176, 759.640686035, 577.798522949, 703.739746094, 668.129516602, 1286.00524902, 1706.5324707, 460.729980469, 402.512512207, 297.457244873, 153.680725098, 175.64239502, 113.922874451, 86.5480880737, 48.5085945129, 34.502620697, 18.0551280975, 11.3455410004, 3.84302353859, 1.03073608875, 0.156390741467, 0.00333185959607, 1.23190102386e-06, 4.3464205568e-09]
    },
    "gfcc": {
        "mean": [-26.0906467438, 46.6975212097, -120.566261292, 23.1213588715, -68.5388259888, 3.35866999626, -49.5446586609, 14.3305368423, -33.256023407, 0.584516167641, -28.3128261566, -0.572601020336, -18.009847641],
        "cov": [[14902.5605469, 3295.46411133, 937.391052246, 1599.42236328, 1936.12756348, 1187.52246094, 1054.49462891, 448.623077393, -162.494018555, 104.089187622, 41.7128295898, 75.4584274292, -13.331656456], [3295.46411133, 2520.87744141, -117.32988739, 305.405639648, 784.814025879, 192.374221802, 412.708892822, 43.0686798096, -65.3316879272, -104.403640747, 44.2698402405, -79.1208724976, 66.3031539917], [937.391052246, -117.32988739, 781.688720703, 332.796661377, 198.627380371, 242.23739624, 89.0823135376, 115.012420654, 67.5181503296, 125.408103943, 75.0293960571, 96.106262207, -28.8149909973], [1599.42236328, 305.405639648, 332.796661377, 793.29675293, 555.44140625, 171.544677734, 209.016769409, 77.6921844482, 30.9762630463, 74.2617721558, 82.5228729248, 44.002155304, 31.4400939941], [1936.12756348, 784.814025879, 198.627380371, 555.44140625, 750.218444824, 272.973999023, 320.83984375, 98.0820236206, -9.4090461731, 32.0148468018, 59.0719795227, 13.7453727722, 29.7054920197], [1187.52246094, 192.374221802, 242.23739624, 171.544677734, 272.973999023, 340.512939453, 190.652435303, 86.3814620972, 15.1811800003, 38.6554069519, 38.4835510254, 22.5741844177, -3.61148619652], [1054.49462891, 412.708892822, 89.0823135376, 209.016769409, 320.83984375, 190.652435303, 257.185882568, 82.7523498535, 3.49680233002, 9.95525836945, 20.3515110016, 1.12467384338, 14.735918045], [448.623077393, 43.0686798096, 115.012420654, 77.6921844482, 98.0820236206, 86.3814620972, 82.7523498535, 111.335487366, 42.8435401917, 25.2597904205, -1.78662145138, 4.21924638748, -2.84670090675], [-162.494018555, -65.3316879272, 67.5181503296, 30.9762630463, -9.4090461731, 15.1811800003, 3.49680233002, 42.8435401917, 88.3671951294, 47.3733825684, 15.2636508942, 2.84590530396, 1.42414689064], [104.089187622, -104.403640747, 125.408103943, 74.2617721558, 32.0148468018, 38.6554069519, 9.95525836945, 25.2597904205, 47.3733825684, 97.9093551636, 47.3247795105, 30.9688167572, -11.2940797806], [41.7128295898, 44.2698402405, 75.0293960571, 82.5228729248, 59.0719795227, 38.4835510254, 20.3515110016, -1.78662145138, 15.2636508942, 47.3247795105, 83.2786331177, 41.3751144409, 4.07190895081], [75.4584274292, -79.1208724976, 96.106262207, 44.002155304, 13.7453727722, 22.5741844177, 1.12467384338, 4.21924638748, 2.84590530396, 30.9688167572, 41.3751144409, 67.5232009888, 15.4397974014], [-13.331656456, 66.3031539917, -28.8149909973, 31.4400939941, 29.7054920197, -3.61148619652, 14.735918045, -2.84670090675, 1.42414689064, -11.2940797806, 4.07190895081, 15.4397974014, 56.2889175415]],
        "icov": [[0.000225959214731, -0.000375105737476, 0.000143607001519, -0.00050279655261, 0.000314316217555, -0.000675977440551, 0.000223421404371, -0.000564476300497, 0.000867003167514, -0.000810540805105, 0.00119832367636, -0.00089496030705, 0.00052765593864], [-0.000375105737476, 0.00152731686831, -0.000451446161605, 0.00146718835458, -0.00171172316186, 0.00172693631612, -0.00122758792713, 0.00127992243506, -0.0015731039457, 0.00245992699638, -0.00346548086964, 0.00303096720017, -0.00158556143288], [0.000143607001519, -0.000451446161605, 0.00303041259758, -0.00159789714962, 0.000857563398313, -0.00233821989968, 0.00138629367575, -0.00178224325646, 0.000147538885358, -0.00175382127054, 0.00213246629573, -0.00437937537208, 0.00264530046843], [-0.00050279655261, 0.00146718835458, -0.00159789714962, 0.00501629337668, -0.00416513113305, 0.00312454579398, -0.00108785799239, 0.00191893789452, -0.00266473344527, 0.00214035646059, -0.00461845099926, 0.0035986341536, -0.00284286239184], [0.000314316217555, -0.00171172316186, 0.000857563398313, -0.00416513113305, 0.00726191559806, -0.00288050645031, -0.00197492260486, -0.00182873662561, 0.00352456909604, -0.00295663578436, 0.0026376771275, -0.00184514780995, 0.000896391167771], [-0.000675977440551, 0.00172693631612, -0.00233821989968, 0.00312454579398, -0.00288050645031, 0.00932116247714, -0.00494865095243, 0.00114606833085, -0.00227672071196, 0.00309235579334, -0.00598833058029, 0.00429478380829, -0.00173157430254], [0.000223421404371, -0.00122758792713, 0.00138629367575, -0.00108785799239, -0.00197492260486, -0.00494865095243, 0.0133077865466, -0.00593757489696, 0.00225558225065, -0.0012391929049, 0.00155545328744, -0.00114704750013, -0.000346822431311], [-0.000564476300497, 0.00127992243506, -0.00178224325646, 0.00191893789452, -0.00182873662561, 0.00114606833085, -0.00593757489696, 0.0201807860285, -0.0112292971462, 0.0026783645153, 0.00258693704382, -0.000254844868323, 0.000692399335094], [0.000867003167514, -0.0015731039457, 0.000147538885358, -0.00266473344527, 0.00352456909604, -0.00227672071196, 0.00225558225065, -0.0112292971462, 0.0254988335073, -0.0133458497003, 0.00156408757903, 0.00447138911113, -0.00420480873436], [-0.000810540805105, 0.00245992699638, -0.00175382127054, 0.00214035646059, -0.00295663578436, 0.00309235579334, -0.0012391929049, 0.0026783645153, -0.0133458497003, 0.0269012581557, -0.013373634778, -0.000132915345603, 0.00377490208484], [0.00119832367636, -0.00346548086964, 0.00213246629573, -0.00461845099926, 0.0026376771275, -0.00598833058029, 0.00155545328744, 0.00258693704382, 0.00156408757903, -0.013373634778, 0.033419970423, -0.020006082952, 0.00633159885183], [-0.00089496030705, 0.00303096720017, -0.00437937537208, 0.0035986341536, -0.00184514780995, 0.00429478380829, -0.00114704750013, -0.000254844868323, 0.00447138911113, -0.000132915345603, -0.020006082952, 0.0379207804799, -0.0155914062634], [0.00052765593864, -0.00158556143288, 0.00264530046843, -0.00284286239184, 0.000896391167771, -0.00173157430254, -0.000346822431311, 0.000692399335094, -0.00420480873436, 0.00377490208484, 0.00633159885183, -0.0155914062634, 0.0269242282957]]
    },
    "melbands": {
        "dmean": [0.00107095425483, 0.00151391990948, 0.000829552067444, 0.00038355725701, 0.000142530800076, 0.000125413702335, 8.55516409501e-05, 0.000105231389171, 7.9573081166e-05, 9.21687751543e-05, 9.2125730589e-05, 4.78335532534e-05, 3.1627881981e-05, 2.69847969321e-05, 2.56828079728e-05, 1.89805323316e-05, 1.63240038091e-05, 1.58614584507e-05, 1.0432824638e-05, 1.03931261037e-05, 1.57607046276e-05, 1.78935461008e-05, 1.57599770318e-05, 7.12673545422e-06, 7.40474706618e-06, 6.1174118855e-06, 6.30070508123e-06, 4.16298144046e-06, 2.7019400477e-06, 2.72703277915e-06, 2.63849688054e-06, 2.07128346119e-06, 1.89992726973e-06, 1.70707323832e-06, 1.59909006925e-06, 1.5240511857e-06, 1.40609029131e-06, 1.11290273708e-06, 9.47321780131e-07, 8.64384105626e-07],
        "dmean2": [0.0016499486519, 0.00249421107583, 0.00138366932515, 0.000636397162452, 0.000243221846176, 0.000213785824599, 0.000147264014231, 0.000176223096787, 0.000130611748318, 0.000151391344843, 0.000149927116581, 7.68548052292e-05, 5.15866158821e-05, 4.40783114755e-05, 4.2033920181e-05, 3.07151312882e-05, 2.68313033303e-05, 2.59977186943e-05, 1.70766288647e-05, 1.70609837369e-05, 2.59646876657e-05, 2.92977892968e-05, 2.60587767116e-05, 1.16034680104e-05, 1.19086553241e-05, 9.95314712782e-06, 1.04652390291e-05, 6.90474098519e-06, 4.44833904112e-06, 4.45504474555e-06, 4.28681505582e-06, 3.41171153195e-06, 3.18566003443e-06, 2.77002686744e-06, 2.551064199e-06, 2.41324323724e-06, 2.21887580665e-06, 1.72096861206e-06, 1.45111528127e-06, 1.28376359498e-06],
        "dvar": [6.30176009508e-06, 1.47804039443e-05, 3.69667259292e-06, 6.03020851031e-07, 6.94870081475e-08, 1.28058943005e-07, 5.39582813985e-08, 6.50721574402e-08, 3.4056064635e-08, 5.44477991582e-08, 1.04491526542e-07, 2.96338154016e-08, 5.02909269784e-09, 3.21436854911e-09, 3.05011571555e-09, 1.64631541733e-09, 1.46049050631e-09, 1.08776687657e-09, 4.88369678031e-10, 3.48697348773e-10, 5.85220927274e-10, 7.67136965063e-10, 8.46361203344e-10, 3.44559603072e-10, 1.19204299209e-10, 8.74693373287e-11, 9.82107242753e-11, 6.45761638607e-11, 3.82459793002e-11, 4.7501454159e-11, 3.46382506011e-11, 2.72246791083e-11, 2.75995337695e-11, 1.77317119321e-11, 1.26491907226e-11, 1.19523653128e-11, 8.67741989374e-12, 5.01087799726e-12, 5.89061308412e-12, 6.24048642622e-12],
        "dvar2": [1.63893564604e-05, 4.24826612289e-05, 1.03517440948e-05, 1.54685915277e-06, 1.91879834688e-07, 3.56177878302e-07, 1.54426487597e-07, 1.77271360258e-07, 8.21136154627e-08, 1.31831868089e-07, 2.75504504543e-07, 7.9011378773e-08, 1.27293073859e-08, 8.28878565784e-09, 8.13997846905e-09, 4.30216084979e-09, 3.65475472108e-09, 2.78255263275e-09, 1.24638588339e-09, 9.52151690825e-10, 1.53541612757e-09, 2.02965733109e-09, 2.16575757328e-09, 7.8473189058e-10, 3.00195340808e-10, 2.20131385342e-10, 2.60540644614e-10, 1.73084060973e-10, 9.925802541e-11, 1.23841700783e-10, 8.78950245919e-11, 7.60967261426e-11, 7.62585480873e-11, 4.67348972022e-11, 3.40943141774e-11, 3.03016778336e-11, 2.05149282978e-11, 1.17965828078e-11, 1.36784125693e-11, 1.50636187551e-11],
        "max": [0.030675759539, 0.0449553541839, 0.0439029484987, 0.0116486055776, 0.00281493854709, 0.00631751911715, 0.00354742514901, 0.00534057430923, 0.00368200289086, 0.00716786365956, 0.0105024045333, 0.00471255835146, 0.00144334195647, 0.000921303231735, 0.00115915492643, 0.000741502037272, 0.000684457249008, 0.00061454239767, 0.000372691196389, 0.000307611306198, 0.000353645416908, 0.000448830600362, 0.00059852557024, 0.000470170285553, 0.000120457072626, 0.000104148202809, 0.000129184612888, 0.000112035537313, 9.11381284823e-05, 0.000165998018929, 0.000158776296303, 0.000119872136565, 8.28556658234e-05, 9.91382403299e-05, 6.12733565504e-05, 9.76539959083e-05, 7.35500798328e-05, 5.86970709264e-05, 5.47172639926e-05, 7.24293422536e-05],
        "mean": [0.00162819621619, 0.00248899613507, 0.00142107577994, 0.000691788562108, 0.00025478322641, 0.000180262897629, 0.000128275205498, 0.000150635954924, 0.000142534903716, 0.000169982085936, 0.000137354218168, 8.2501086581e-05, 5.12943261128e-05, 4.43380631623e-05, 4.58597896795e-05, 3.17012018058e-05, 2.73336790997e-05, 2.59669013758e-05, 1.92748229892e-05, 2.09264617297e-05, 2.93047796731e-05, 3.47017157765e-05, 2.84642355837e-05, 1.41414066093e-05, 1.47752043631e-05, 1.3238088286e-05, 1.28207502712e-05, 8.30553199194e-06, 4.9904278967e-06, 4.88801197207e-06, 4.925831945e-06, 3.42072758031e-06, 2.74656872534e-06, 2.56352200267e-06, 2.19413664126e-06, 2.06493155019e-06, 1.91673188965e-06, 1.71425733697e-06, 1.48892775087e-06, 1.38698226237e-06],
        "median": [5.58253077543e-06, 5.60270709684e-05, 0.000230514677241, 0.000189916347153, 0.00011890384485, 6.99671654729e-05, 4.76909626741e-05, 5.61355336686e-05, 4.98579793202e-05, 6.63211976644e-05, 3.57673670806e-05, 1.8483509848e-05, 1.47461132656e-05, 1.21509065139e-05, 1.4198363715e-05, 1.01486157291e-05, 1.09334268927e-05, 1.16530154628e-05, 7.27591122995e-06, 1.00831830423e-05, 1.89914408111e-05, 2.37881158682e-05, 1.56167043315e-05, 6.05633931627e-06, 9.3323578767e-06, 8.36476829136e-06, 7.89955265645e-06, 4.59234252048e-06, 2.12263807953e-06, 2.33900641433e-06, 2.53454049925e-06, 1.12312272904e-06, 5.62820048344e-07, 6.17805824277e-07, 5.49269088879e-07, 4.67817784511e-07, 4.85224461499e-07, 4.69718827389e-07, 4.35711712043e-07, 3.74323832375e-07],
        "min": [1.34846778733e-24, 3.62827817e-24, 1.77315480275e-24, 2.97552456436e-24, 2.77318568647e-24, 6.4752247177e-24, 6.07420727653e-24, 4.57824656018e-24, 6.13925832449e-24, 6.16222482646e-24, 4.40221737677e-24, 3.16531404575e-24, 7.45376762201e-24, 1.14698711123e-23, 9.43981645877e-24, 1.08909158387e-23, 8.4480408072e-24, 5.26566784159e-24, 9.14110559953e-24, 6.2774150847e-24, 5.3583530815e-24, 2.37905855088e-24, 6.74638421538e-24, 8.7778690737e-24, 1.08735750983e-23, 5.77739165562e-24, 7.87449001973e-24, 5.87266672588e-24, 9.13421726611e-24, 1.18748746676e-23, 8.20806143122e-24, 8.0428147931e-24, 9.48194794199e-24, 8.24321780633e-24, 9.69637059122e-24, 8.00090024662e-24, 8.40251406664e-24, 9.22137692981e-24, 7.81459023347e-24, 9.01571221435e-24],
        "var": [9.53335620579e-06, 2.00161775865e-05, 5.6413036873e-06, 1.24164887438e-06, 1.28655130993e-07, 1.27886053747e-07, 6.42287218966e-08, 8.70781065032e-08, 9.73943272697e-08, 1.09401725013e-07, 1.32476870363e-07, 5.51103660484e-08, 1.1663431998e-08, 6.42126352091e-09, 6.79977496532e-09, 3.31097238515e-09, 2.68576161311e-09, 1.87153137432e-09, 1.11492592936e-09, 9.93574778008e-10, 1.18037879471e-09, 1.56319868161e-09, 1.70694181012e-09, 1.11832976213e-09, 2.97764701784e-10, 2.35705510665e-10, 2.33037839026e-10, 1.2442212538e-10, 6.67358529549e-11, 6.48550310678e-11, 5.60417545703e-11, 3.78709355542e-11, 3.21124238312e-11, 2.63185931382e-11, 1.58497399233e-11, 1.69199741024e-11, 1.20600170475e-11, 9.03635239552e-12, 8.60402374347e-12, 8.71497318755e-12]
    },
    "mfcc": {
        "mean": [-668.107666016, 86.0219268799, -5.09035205841, 16.2737483978, -1.80833590031, -11.1754903793, -7.46704912186, -1.12553775311, -1.73033940792, -2.97225809097, -5.28294372559, -3.05497431755, -7.09323167801],
        "cov": [[12318.6357422, 2731.83935547, 234.800354004, 1397.5949707, 1186.32910156, 1297.35473633, 1461.96264648, 827.514221191, 613.892028809, 252.932052612, 355.403259277, 264.725799561, 199.85899353], [2731.83935547, 2004.61938477, -333.091247559, 263.472961426, 228.173568726, 245.976104736, 383.593322754, 192.329727173, 130.213165283, 31.5252819061, 49.8632888794, 21.8202438354, -21.2502555847], [234.800354004, -333.091247559, 622.578979492, 7.98753976822, 88.2363204956, 67.135055542, -4.04469013214, 34.045211792, 9.88240337372, 32.5613632202, 68.0436706543, 71.3950042725, 87.9942855835], [1397.5949707, 263.472961426, 7.98753976822, 708.783325195, 355.517578125, 255.106323242, 262.768493652, 119.442420959, 106.456016541, 30.0963554382, 59.3322715759, 100.255249023, 75.4884490967], [1186.32910156, 228.173568726, 88.2363204956, 355.517578125, 354.961334229, 253.308105469, 241.137405396, 130.907043457, 93.7877960205, 52.3047904968, 70.5074234009, 79.0056381226, 56.0858840942], [1297.35473633, 245.976104736, 67.135055542, 255.106323242, 253.308105469, 324.295532227, 283.3387146, 145.129974365, 91.3369216919, 52.3505401611, 81.0516891479, 68.2323455811, 49.2225646973], [1461.96264648, 383.593322754, -4.04469013214, 262.768493652, 241.137405396, 283.3387146, 354.953155518, 183.390609741, 110.893669128, 51.7219047546, 73.6382217407, 58.8260040283, 40.0354347229], [827.514221191, 192.329727173, 34.045211792, 119.442420959, 130.907043457, 145.129974365, 183.390609741, 156.276306152, 94.8469696045, 45.3164978027, 39.4072189331, 26.9874477386, 26.1411170959], [613.892028809, 130.213165283, 9.88240337372, 106.456016541, 93.7877960205, 91.3369216919, 110.893669128, 94.8469696045, 130.16104126, 64.2693099976, 34.180606842, 12.516960144, 20.9916591644], [252.932052612, 31.5252819061, 32.5613632202, 30.0963554382, 52.3047904968, 52.3505401611, 51.7219047546, 45.3164978027, 64.2693099976, 84.5805892944, 44.4053230286, 18.2241363525, 12.4857254028], [355.403259277, 49.8632888794, 68.0436706543, 59.3322715759, 70.5074234009, 81.0516891479, 73.6382217407, 39.4072189331, 34.180606842, 44.4053230286, 93.8172073364, 53.983291626, 29.1849689484], [264.725799561, 21.8202438354, 71.3950042725, 100.255249023, 79.0056381226, 68.2323455811, 58.8260040283, 26.9874477386, 12.516960144, 18.2241363525, 53.983291626, 90.3645553589, 49.3697624207], [199.85899353, -21.2502555847, 87.9942855835, 75.4884490967, 56.0858840942, 49.2225646973, 40.0354347229, 26.1411170959, 20.9916591644, 12.4857254028, 29.1849689484, 49.3697624207, 82.8765869141]],
