{
"lowlevel": {
    "average_loudness": 0.96160697937,
    "barkbands_crest": {
        "dmean": 3.70423412323,
        "dmean2": 6.46140956879,
        "dvar": 14.7797880173,
        "dvar2": 40.2220153809,
        "max": 25.2018871307,
        "mean": 7.78743219376,
        "median": 6.4585647583,
        "min": 2.41641879082,
        "var": 18.5515193939
    },
    "barkbands_flatness_db": {
        "dmean": 0.022046180442,
        "dmean2": 0.0372297391295,
        "dvar": 0.000502249225974,
        "dvar2": 0.00133216264658,
        "max": 0.377464622259,
        "mean": 0.0895031914115,
        "median": 0.0806406661868,
        "min": 0.0272015035152,
        "var": 0.00160711130593
    },
    "barkbands_kurtosis": {
        "dmean": 1.66973459721,
        "dmean2": 2.93272089958,
        "dvar": 66.290397644,
        "dvar2": 120.26423645,
        "max": 435.093109131,
        "mean": 2.61800813675,
        "median": -1.17376947403,
        "min": -1.88973462582,
        "var": 1181.26489258
    },
    "barkbands_skewness": {
        "dmean": 0.681960105896,
        "dmean2": 1.14607322216,
        "dvar": 0.50725466013,
        "dvar2": 1.26391100883,
        "max": 19.5379867554,
        "mean": 0.425666600466,
        "median": 0.135486677289,
        "min": -2.19243335724,
        "var": 3.54942393303
    },
    "barkbands_spread": {
        "dmean": 8.86562633514,
        "dmean2": 14.982588768,
        "dvar": 70.6282196045,
        "dvar2": 193.702926636,
        "max": 109.992767334,
        "mean": 46.7209243774,
        "median": 47.5016937256,
        "min": 1.08740735054,
        "var": 198.197021484
    },
    "dissonance": {
        "dmean": 0.0054028541781,
        "dmean2": 0.0092237489298,
        "dvar": 2.63868314505e-05,
        "dvar2": 7.05021011527e-05,
        "max": 0.499966651201,
        "mean": 0.490450799465,
        "median": 0.492173820734,
        "min": 0.452414244413,
        "var": 5.1956041716e-05
    },
    "dynamic_complexity": 1.42772960663,
    "erbbands_crest": {
        "dmean": 1.81419670582,
        "dmean2": 3.0294046402,
        "dvar": 2.81691980362,
        "dvar2": 7.44380474091,
        "max": 21.3892421722,
        "mean": 7.11669492722,
        "median": 6.52229452133,
        "min": 2.74588346481,
        "var": 6.65496921539
    },
    "erbbands_flatness_db": {
        "dmean": 0.0134184854105,
        "dmean2": 0.0215118657798,
        "dvar": 0.00013450771803,
        "dvar2": 0.000324398162775,
        "max": 0.251781642437,
        "mean": 0.146405726671,
        "median": 0.143665626645,
        "min": 0.0493270270526,
        "var": 0.00101179967169
    },
    "erbbands_kurtosis": {
        "dmean": 1.09709596634,
        "dmean2": 1.74708104134,
        "dvar": 1.23126971722,
        "dvar2": 3.1105427742,
        "max": 12.0942373276,
        "mean": 1.36056661606,
        "median": 1.05666875839,
        "min": -1.78659367561,
        "var": 3.26549887657
    },
    "erbbands_skewness": {
        "dmean": 0.316394656897,
        "dmean2": 0.499975711107,
        "dvar": 0.0761679932475,
        "dvar2": 0.185623213649,
        "max": 1.83133292198,
        "mean": -0.997471988201,
        "median": -1.04438376427,
        "min": -2.94711494446,
        "var": 0.282056957483
    },
    "erbbands_spread": {
        "dmean": 8.87495803833,
        "dmean2": 14.7863340378,
        "dvar": 73.0758590698,
        "dvar2": 202.400909424,
        "max": 112.59400177,
        "mean": 35.2951660156,
        "median": 32.6815490723,
        "min": 9.39738082886,
        "var": 202.468353271
    },
    "hfc": {
        "dmean": 9.19764995575,
        "dmean2": 14.8806028366,
        "dvar": 112.183959961,
        "dvar2": 286.219573975,
        "max": 174.21333313,
        "mean": 37.7238044739,
        "median": 36.2874641418,
        "min": 1.81211162271e-05,
        "var": 310.035552979
    },
    "melbands_crest": {
        "dmean": 4.4951581955,
        "dmean2": 7.59542274475,
        "dvar": 13.4448471069,
        "dvar2": 37.9499130249,
        "max": 34.9772415161,
        "mean": 12.6030502319,
        "median": 11.8936023712,
        "min": 2.86739063263,
        "var": 27.339214325
    },
    "melbands_flatness_db": {
        "dmean": 0.037002556026,
        "dmean2": 0.0618867874146,
        "dvar": 0.00126571173314,
        "dvar2": 0.0033200555481,
        "max": 0.517507314682,
        "mean": 0.120094925165,
        "median": 0.106101818383,
        "min": 0.0371676720679,
        "var": 0.00364977517165
    },
    "melbands_kurtosis": {
        "dmean": 7.84228038788,
        "dmean2": 13.4162130356,
        "dvar": 1017.40393066,
        "dvar2": 1569.07397461,
        "max": 1454.50183105,
        "mean": 15.7147817612,
        "median": 1.40491533279,
        "min": -1.67092823982,
        "var": 14190.2470703
    },
    "melbands_skewness": {
        "dmean": 1.05143773556,
        "dmean2": 1.78773713112,
        "dvar": 1.37160432339,
        "dvar2": 3.49869537354,
        "max": 25.9897079468,
        "mean": 2.07175970078,
        "median": 1.60455930233,
        "min": -0.903006434441,
        "var": 5.96912765503
    },
    "melbands_spread": {
        "dmean": 21.9524536133,
        "dmean2": 36.6111679077,
        "dvar": 393.881378174,
        "dvar2": 1024.27612305,
        "max": 209.057449341,
        "mean": 64.6185150146,
        "median": 65.1132507324,
        "min": 0.25176024437,
        "var": 922.820495605
    },
    "pitch_salience": {
        "dmean": 0.0970300287008,
        "dmean2": 0.16664686799,
        "dvar": 0.0087471678853,
        "dvar2": 0.0245437473059,
        "max": 0.819436848164,
        "mean": 0.589959681034,
        "median": 0.608903825283,
        "min": 0.0810954719782,
        "var": 0.0130297262222
    },
    "silence_rate_20dB": {
        "dmean": 0,
        "dmean2": 0,
        "dvar": 0,
        "dvar2": 0,
        "max": 1,
        "mean": 1,
        "median": 1,
        "min": 1,
        "var": 0
    },
    "silence_rate_30dB": {
        "dmean": 0,
        "dmean2": 0,
        "dvar": 0,
        "dvar2": 0,
        "max": 1,
        "mean": 1,
        "median": 1,
        "min": 1,
        "var": 0
    },
    "silence_rate_60dB": {
        "dmean": 0.000386996893212,
        "dmean2": 0.000774293439463,
        "dvar": 0.000386875908589,
        "dvar2": 0.000773690466303,
        "max": 1,
        "mean": 0.0092843323946,
        "median": 0,
        "min": 0,
        "var": 0.0091977706179
    },
    "spectral_centroid": {
        "dmean": 284.273742676,
        "dmean2": 464.330200195,
        "dvar": 120291.328125,
        "dvar2": 241670.046875,
        "max": 11624.8525391,
        "mean": 2743.19897461,
        "median": 2815.43652344,
        "min": 299.884857178,
        "var": 262687.25
    },
    "spectral_complexity": {
        "dmean": 5.77128505707,
        "dmean2": 9.11808013916,
        "dvar": 26.2297458649,
        "dvar2": 64.900100708,
        "max": 66,
        "mean": 33.5334625244,
        "median": 34,
        "min": 0,
        "var": 75.8317871094
    },
    "spectral_decrease": {
        "dmean": 2.65597321913e-09,
        "dmean2": 4.61356730597e-09,
        "dvar": 1.1056625463e-17,
        "dvar2": 2.92766581917e-17,
        "max": -5.28077812056e-14,
        "mean": -5.20799803283e-09,
        "median": -4.17043688472e-09,
        "min": -2.36647892393e-08,
        "var": 1.1066683152e-17
    },
    "spectral_energy": {
        "dmean": 0.0104254214093,
        "dmean2": 0.0180460233241,
        "dvar": 0.000161483272677,
        "dvar2": 0.000425121223088,
        "max": 0.0926234573126,
        "mean": 0.0230778567493,
        "median": 0.0194770824164,
        "min": 2.0095224329e-07,
        "var": 0.000169209684827
    },
    "spectral_energyband_high": {
        "dmean": 0.000779559544753,
        "dmean2": 0.00125853647478,
        "dvar": 1.34454410272e-06,
        "dvar2": 3.22124833474e-06,
        "max": 0.0227799136192,
        "mean": 0.00269353622571,
        "median": 0.00224147201516,
        "min": 5.77572212279e-10,
        "var": 3.99134296458e-06
    },
    "spectral_energyband_low": {
        "dmean": 0.00829088035971,
        "dmean2": 0.0146628590301,
        "dvar": 0.000159170303959,
        "dvar2": 0.000429210660513,
        "max": 0.0775813683867,
        "mean": 0.00847259443253,
        "median": 0.00398460729048,
        "min": 1.65432496146e-07,
        "var": 0.000137082839501
    },
    "spectral_energyband_middle_high": {
        "dmean": 0.00223102374002,
        "dmean2": 0.00368064828217,
        "dvar": 5.45589273315e-06,
        "dvar2": 1.40234251376e-05,
        "max": 0.0302712265402,
        "mean": 0.00748075405136,
        "median": 0.00718987314031,
        "min": 1.55696094906e-10,
        "var": 1.47810660565e-05
    },
    "spectral_energyband_middle_low": {
        "dmean": 0.00302882189862,
        "dmean2": 0.00515117729083,
        "dvar": 1.55098514369e-05,
        "dvar2": 4.39830109826e-05,
        "max": 0.0411871522665,
        "mean": 0.00561030767858,
        "median": 0.00455380650237,
        "min": 3.12916514922e-09,
        "var": 1.76815683517e-05
    },
    "spectral_entropy": {
        "dmean": 0.0859747454524,
        "dmean2": 0.137618243694,
        "dvar": 0.00705768913031,
        "dvar2": 0.0141310812905,
        "max": 9.7857208252,
        "mean": 7.97644853592,
        "median": 7.97583532333,
        "min": 7.11234903336,
        "var": 0.0422610417008
    },
    "spectral_flux": {
        "dmean": 0.0252352114767,
        "dmean2": 0.0406027361751,
        "dvar": 0.000779199239332,
        "dvar2": 0.00160577031784,
        "max": 0.256908982992,
        "mean": 0.0989667847753,
        "median": 0.0887223035097,
        "min": 2.79976702586e-05,
        "var": 0.00141513720155
    },
    "spectral_kurtosis": {
        "dmean": 0.926134109497,
        "dmean2": 1.61195027828,
        "dvar": 0.811174035072,
        "dvar2": 2.4223818779,
        "max": 11.3375835419,
        "mean": 2.87932395935,
        "median": 2.70222139359,
        "min": -1.15515100956,
        "var": 1.86502015591
    },
    "spectral_rms": {
        "dmean": 0.00097834598273,
        "dmean2": 0.00166058563627,
        "dvar": 1.08673032173e-06,
        "dvar2": 2.83982376459e-06,
        "max": 0.00950601696968,
        "mean": 0.00457996269688,
        "median": 0.00435913167894,
        "min": 1.40018200909e-05,
        "var": 1.53892585786e-06
    },
    "spectral_rolloff": {
        "dmean": 897.520507812,
        "dmean2": 1497.81140137,
        "dvar": 1022125.875,
        "dvar2": 2579433,
        "max": 10917.3339844,
        "mean": 3704.97949219,
        "median": 3552.97851562,
        "min": 64.599609375,
        "var": 2383806
    },
    "spectral_skewness": {
        "dmean": 0.143759086728,
        "dmean2": 0.240501716733,
        "dvar": 0.0167560763657,
        "dvar2": 0.0439384877682,
        "max": 2.50101137161,
        "mean": 0.953164577484,
        "median": 0.945784568787,
        "min": -0.0365304201841,
        "var": 0.0658175349236
    },
    "spectral_spread": {
        "dmean": 442137.46875,
        "dmean2": 691983.0625,
        "dvar": 537090195456,
        "dvar2": 795334410240,
        "max": 39442712,
        "mean": 4186609.25,
        "median": 4014015.75,
        "min": 1934077.25,
        "var": 2.07679153766e+12
    },
    "spectral_strongpeak": {
        "dmean": 0.792712152004,
        "dmean2": 1.42902839184,
        "dvar": 2.2093462944,
        "dvar2": 6.11050415039,
        "max": 15.5863389969,
        "mean": 1.00487792492,
        "median": 0.31861743331,
        "min": 0,
        "var": 2.88950943947
    },
    "zerocrossingrate": {
        "dmean": 0.0157395116985,
        "dmean2": 0.0198229327798,
        "dvar": 0.000210122772842,
        "dvar2": 0.000318684469676,
        "max": 0.32080078125,
        "mean": 0.115625753999,
        "median": 0.1142578125,
        "min": 0.00732421875,
        "var": 0.00146776658949
    },
    "barkbands": {
        "dmean": [5.9716639953e-05, 0.0066491663456, 0.00174456520472, 0.00201493059285, 0.00109475676436, 0.000289759249426, 0.000179359340109, 0.000122627185192, 0.000463727832539, 0.000200625872822, 0.000186140518053, 0.000244213530095, 0.000188888327102, 0.000258342712186, 0.000190181439393, 0.000381446094252, 0.00063411303563, 0.000702277640812, 0.000777999579441, 0.00037372900988, 0.000320468854625, 0.000243883318035, 0.000161946780281, 0.000134520276333, 5.50657750864e-05, 1.52827560669e-05, 1.8497947849e-06],
        "dmean2": [0.000101587487734, 0.0119363097474, 0.00313470559195, 0.00357509101741, 0.00188693229575, 0.000486541423015, 0.000289930874715, 0.000199444300961, 0.000690213928465, 0.000328764552251, 0.000303410110064, 0.000386453320971, 0.000303112290567, 0.000429123116191, 0.000313054973958, 0.000642413040623, 0.00107859598938, 0.00118147430476, 0.00129966216628, 0.000621859740932, 0.000531225698069, 0.000415316724684, 0.000260211207205, 0.000210696147406, 8.21346184239e-05, 2.10724047065e-05, 2.59562534666e-06],
        "dvar": [8.88060203152e-09, 0.000130912274471, 6.59861643726e-06, 7.87545286585e-06, 2.41128191192e-06, 2.15142335946e-07, 1.75575138428e-07, 5.34160662369e-08, 5.32521198693e-07, 1.16908069003e-07, 1.60665223348e-07, 1.5988830171e-07, 1.51938536419e-07, 2.15981827978e-07, 1.27656406335e-07, 2.38203810454e-07, 5.5693772083e-07, 6.92875687491e-07, 8.97544566669e-07, 1.62028499062e-07, 1.32978598799e-07, 1.38520448445e-07, 8.59555626676e-08, 1.61324351211e-07, 3.9530139162e-08, 1.40473388477e-09, 1.58708289566e-11],
        "dvar2": [2.44376288094e-08, 0.000359265715815, 1.86402594409e-05, 2.22735270654e-05, 6.80551829646e-06, 5.7650402141e-07, 4.64800507416e-07, 1.35276678748e-07, 9.92112063614e-07, 2.79598111774e-07, 4.01275826789e-07, 3.50108678049e-07, 3.64587776858e-07, 5.87241572703e-07, 2.8603744795e-07, 6.25283576028e-07, 1.53154701366e-06, 1.81056952897e-06, 2.49014192377e-06, 4.29549970704e-07, 3.61588689657e-07, 3.68736749579e-07, 1.88330346873e-07, 3.48395531091e-07, 7.93185535031e-08, 2.58759014216e-09, 3.14262504908e-11],
        "max": [0.00111216143705, 0.0708787590265, 0.0182700827718, 0.0253354310989, 0.0146458223462, 0.0116270473227, 0.00767264701426, 0.00382106681354, 0.0116807343438, 0.00667757447809, 0.00658187177032, 0.00826748926193, 0.00747100589797, 0.00688974186778, 0.0115234255791, 0.00765009131283, 0.00721331173554, 0.0132309803739, 0.0166213344783, 0.00642359023914, 0.00437068426982, 0.00883010216057, 0.00707586389035, 0.00815430097282, 0.00614033499733, 0.000854128855281, 5.61346823815e-05],
        "mean": [6.84654223733e-05, 0.00563940918073, 0.00166199309751, 0.00205235742033, 0.00154158577789, 0.000442927033873, 0.000262295012362, 0.000199592293939, 0.00101398711558, 0.00033832344343, 0.000277990126051, 0.000428915722296, 0.000296302197967, 0.000419817428337, 0.000290982075967, 0.000684012949932, 0.0011240968015, 0.00139838422183, 0.00172894378193, 0.000868934381288, 0.000805869989563, 0.000611282885075, 0.000428992003435, 0.000330080918502, 0.000123005636851, 3.5461736843e-05, 3.85530665881e-06],
        "median": [3.47273453372e-05, 0.00162375788204, 0.000805707648396, 0.00109573744703, 0.00104893185198, 0.000214001775021, 0.000130216532853, 0.000113791356853, 0.000439891475253, 0.000181932846317, 0.000118769065011, 0.000203730684007, 0.000152588225319, 0.00018862192519, 0.00018724493566, 0.000483545300085, 0.000819863285869, 0.00110912625678, 0.00135052204132, 0.000741227937397, 0.000678426295053, 0.000490549369715, 0.000279454659903, 0.000183512252988, 6.98324802215e-05, 1.61889201991e-05, 1.02050125861e-06],
        "min": [1.53080517151e-08, 1.12950708342e-07, 5.59384372156e-10, 2.10468664719e-09, 2.41907105458e-10, 3.28927995952e-11, 4.07745087694e-11, 9.26505660387e-12, 1.53573230521e-11, 8.31668935108e-12, 7.0036979688e-12, 9.97113676349e-12, 5.61103767616e-12, 7.93213324884e-12, 8.6266922425e-12, 6.02056252075e-12, 8.78487387002e-12, 1.00255489674e-11, 1.52247728313e-11, 1.12638631061e-11, 2.08872207724e-11, 2.67329734738e-11, 4.01883804013e-11, 5.53465190345e-11, 8.61376456274e-11, 1.57764967756e-10, 1.50469123272e-10],
        "var": [9.07656882987e-09, 9.90971020656e-05, 5.30739407623e-06, 6.96378901921e-06, 2.4863395538e-06, 5.85807015341e-07, 2.02857677323e-07, 7.35936040996e-08, 2.75557454188e-06, 2.56188656067e-07, 2.44125374138e-07, 4.03644492053e-07, 2.36659914776e-07, 4.58992190033e-07, 1.80866777555e-07, 4.5642701707e-07, 9.92945274447e-07, 1.25868655232e-06, 2.0618660983e-06, 3.31206308601e-07, 3.24245576167e-07, 2.51197064927e-07, 2.4642102403e-07, 4.16433096007e-07, 8.24255295129e-08, 3.96316002238e-09, 4.42198014317e-11]
    },
    "erbbands": {
        "dmean": [0.135315924883, 1.67365992069, 2.46089172363, 4.29988622665, 5.71998977661, 2.62619519234, 3.91095209122, 1.88196921349, 2.51142501831, 2.49776864052, 3.8907353878, 9.1199798584, 7.77330207825, 5.88686227798, 8.25866794586, 9.62554359436, 8.26576328278, 9.360871315, 12.0469818115, 10.6012878418, 25.5252971649, 35.5703353882, 37.4171905518, 37.7973251343, 30.0976257324, 18.0514125824, 11.3331260681, 14.1922588348, 9.15425872803, 6.8775677681, 4.20956659317, 3.54633569717, 1.93323981762, 0.801550924778, 0.302660405636, 0.087713316083, 0.0257212780416, 0.00462781218812, 0.000292575918138, 1.76324410859e-05],
        "dmean2": [0.237548232079, 3.02654767036, 4.44588661194, 7.52765321732, 10.2680702209, 4.4579539299, 6.46027421951, 3.15033721924, 4.0690984726, 4.15470838547, 6.1416516304, 13.8442583084, 11.4806575775, 9.51000499725, 13.3957777023, 15.3336830139, 13.1670598984, 15.4328241348, 19.9778881073, 17.9795227051, 43.068611145, 60.7182350159, 63.044921875, 63.1892852783, 50.8786888123, 30.2335128784, 19.0764732361, 23.5206623077, 15.5458650589, 11.1608600616, 6.77754116058, 5.66537284851, 2.92467093468, 1.22602283955, 0.435643553734, 0.12371904403, 0.035584192723, 0.00639348430559, 0.000401604920626, 2.84696470771e-05],
        "dvar": [0.0525953285396, 8.28789234161, 13.9513921738, 30.5514163971, 90.9747390747, 10.51994133, 45.7073669434, 13.2306518555, 32.0466957092, 48.5868759155, 43.8824920654, 202.591491699, 159.342971802, 155.171020508, 307.347869873, 245.695770264, 289.611999512, 318.600463867, 474.251800537, 203.988372803, 998.680847168, 1845.16394043, 2085.22143555, 1998.00793457, 1083.42150879, 426.971313477, 184.504455566, 258.362457275, 179.353103638, 164.454956055, 63.1306304932, 86.7218170166, 38.0123252869, 7.68937444687, 1.39830970764, 0.0769640058279, 0.00334110762924, 0.00010929848213, 4.01201390332e-07, 5.75212100173e-10],
        "dvar2": [0.143490701914, 22.7928695679, 38.6046104431, 86.1423339844, 261.359436035, 28.9338760376, 119.892684937, 34.5784378052, 84.5402145386, 129.970474243, 95.4610519409, 395.860137939, 283.959991455, 376.909240723, 769.509521484, 526.501953125, 696.955444336, 815.229064941, 1115.59191895, 531.194580078, 2620.59057617, 5158.87011719, 5493.48632812, 5414.15625, 2912.41357422, 1122.49829102, 509.383575439, 696.322021484, 484.959014893, 405.947631836, 128.200698853, 197.887878418, 78.1249008179, 15.5703821182, 2.69316244125, 0.135403215885, 0.00642571272328, 0.000208228215342, 7.76440458594e-07, 1.32066424463e-09],
        "max": [1.54818451405, 17.2839126587, 23.9748973846, 47.7677612305, 99.3222808838, 32.4969406128, 70.8549957275, 89.568107605, 102.920333862, 131.618347168, 156.426589966, 310.419342041, 259.547698975, 282.98614502, 339.671417236, 357.605560303, 356.986419678, 313.63671875, 639.530273438, 225.620513916, 449.289825439, 436.036346436, 666.75177002, 660.065551758, 427.145111084, 403.840576172, 189.680480957, 202.219528198, 318.41217041, 322.752197266, 194.266983032, 189.259963989, 159.339523315, 73.5600967407, 40.9940376282, 7.77379226685, 1.35636651516, 0.149574428797, 0.00927685759962, 0.000419334421167],
        "mean": [0.125072941184, 1.36830997467, 2.27796244621, 4.78744649887, 6.16096258163, 4.01923465729, 5.41220855713, 3.13018703461, 3.68570828438, 3.67710828781, 7.74929666519, 19.3001003265, 16.6268291473, 10.4419078827, 13.7725400925, 17.5643024445, 14.1714048386, 15.7350282669, 21.3806667328, 19.28008461, 47.7742233276, 67.3108444214, 76.9258041382, 86.2574539185, 70.8090209961, 42.0687942505, 26.9975967407, 35.1162796021, 22.8116722107, 16.6461830139, 11.3813810349, 8.61163234711, 4.529733181, 1.82766747475, 0.6492202878, 0.196611717343, 0.0577329285443, 0.0102622387931, 0.000655837240629, 5.1583716413e-05],
        "median": [0.0407237000763, 0.38208013773, 1.00978910923, 2.83448505402, 3.79610109329, 2.78165340424, 2.43197917938, 1.54299736023, 1.73372220993, 1.86249637604, 4.36933469772, 8.90654563904, 8.34570026398, 5.36032438278, 6.92902231216, 9.16539669037, 8.00408935547, 8.21326255798, 11.5504283905, 13.6459655762, 35.6249809265, 50.848487854, 61.8623046875, 68.4949417114, 59.5533752441, 35.9511604309, 22.8294963837, 29.0205821991, 18.3667316437, 10.8952112198, 7.38009405136, 4.96520709991, 2.49626994133, 1.03332042694, 0.344010233879, 0.100832894444, 0.0233555305749, 0.00289826607332, 0.000205069183721, 4.03055164497e-05],
        "min": [5.29452290721e-06, 1.77363581315e-05, 5.21761558048e-06, 6.59027455185e-06, 2.42870919465e-06, 1.12956104203e-06, 4.57726230252e-07, 4.04399230547e-07, 7.28286920548e-07, 3.82543873911e-07, 3.18852897863e-07, 4.07997021057e-07, 2.78964364497e-07, 3.16516860721e-07, 4.98726592468e-07, 4.32074330092e-07, 3.51612129634e-07, 4.52329345535e-07, 4.35180481873e-07, 4.99394730014e-07, 3.97215245584e-07, 4.48661438668e-07, 4.82899622511e-07, 5.9622777826e-07, 7.59452404964e-07, 5.4810942629e-07, 8.76359138147e-07, 9.16423857689e-07, 8.31990234929e-07, 9.88534111457e-07, 1.11635222311e-06, 1.0413293694e-06, 9.65703975453e-07, 6.70735516906e-07, 6.81972267103e-07, 4.91681305448e-07, 2.81004901126e-07, 9.66581410466e-08, 2.31724897048e-08, 2.34541874811e-09],
        "var": [0.0432472638786, 6.124335289, 11.002409935, 29.9454784393, 68.0882644653, 14.8166828156, 64.4576797485, 35.6888999939, 39.7765846252, 47.4631195068, 124.931259155, 920.186340332, 661.527099609, 326.263977051, 469.448455811, 611.071899414, 465.785217285, 539.64239502, 1084.42126465, 441.881866455, 1920.25512695, 3300.94091797, 3799.95483398, 4758.15625, 2343.73999023, 795.591369629, 352.544647217, 635.591430664, 327.463165283, 349.21270752, 190.796905518, 223.708557129, 90.1004867554, 16.7374820709, 2.85632157326, 0.198575004935, 0.00950893945992, 0.000318882142892, 1.1409150602e-06, 1.30591659708e-09]
    },
    "gfcc": {
        "mean": [34.4528198242, 51.0417900085, -131.173614502, 69.3578262329, -53.0959701538, 16.9477119446, -29.200756073, 15.544377327, -25.2327575684, -7.55685663223, -19.2375717163, -0.988425374031, -12.7619428635],
        "cov": [[6371.57910156, -407.429870605, -648.931274414, 117.299049377, -357.414001465, 25.5966587067, -228.230041504, 77.7180175781, -172.775558472, -75.7115631104, -154.371826172, -19.4586315155, -143.235702515], [-407.429870605, 784.589111328, -336.198150635, 75.8190994263, 103.328681946, -195.708633423, 115.831428528, -100.541725159, 55.0525093079, -61.7031745911, 51.6324310303, -49.1497459412, 100.26411438], [-648.931274414, -336.198150635, 780.526977539, -46.3021888733, 137.717407227, 122.132911682, -19.476190567, 58.8700904846, -20.360042572, 88.8557052612, -16.7512798309, 97.9506378174, -48.8801383972], [117.299049377, 75.8190994263, -46.3021888733, 203.416702271, -0.879972934723, 22.4093284607, 13.0992164612, 11.2358589172, 59.2069091797, -17.4063262939, 5.2781329155, -25.82903862, 33.9648590088], [-357.414001465, 103.328681946, 137.717407227, -0.879972934723, 260.832672119, 9.83214950562, 76.8437347412, 4.90985679626, 7.8460354805, 32.8092536926, 3.1106762886, 28.6692562103, 0.665894448757], [25.5966587067, -195.708633423, 122.132911682, 22.4093284607, 9.83214950562, 183.556411743, 22.2799415588, 48.6511001587, -13.2503480911, 6.76622533798, 19.8208255768, 17.3083610535, -27.0493412018], [-228.230041504, 115.831428528, -19.476190567, 13.0992164612, 76.8437347412, 22.2799415588, 135.298706055, 33.3774032593, 11.9436244965, -6.93419599533, 9.95888996124, 8.18118667603, 21.1561756134], [77.7180175781, -100.541725159, 58.8700904846, 11.2358589172, 4.90985679626, 48.6511001587, 33.3774032593, 113.118133545, 42.8680267334, 21.5121555328, -13.0593557358, 10.5029659271, -8.88909912109], [-172.775558472, 55.0525093079, -20.360042572, 59.2069091797, 7.8460354805, -13.2503480911, 11.9436244965, 42.8680267334, 93.584487915, 25.6544971466, 3.36115908623, -15.7907781601, 17.5799541473], [-75.7115631104, -61.7031745911, 88.8557052612, -17.4063262939, 32.8092536926, 6.76622533798, -6.93419599533, 21.5121555328, 25.6544971466, 75.2407913208, 21.1705360413, 18.8844852448, -14.0343475342], [-154.371826172, 51.6324310303, -16.7512798309, 5.2781329155, 3.1106762886, 19.8208255768, 9.95888996124, -13.0593557358, 3.36115908623, 21.1705360413, 73.5054473877, 20.5914726257, 5.69772148132], [-19.4586315155, -49.1497459412, 97.9506378174, -25.82903862, 28.6692562103, 17.3083610535, 8.18118667603, 10.5029659271, -15.7907781601, 18.8844852448, 20.5914726257, 63.6717834473, 9.60097312927], [-143.235702515, 100.26411438, -48.8801383972, 33.9648590088, 0.665894448757, -27.0493412018, 21.1561756134, -8.88909912109, 17.5799541473, -14.0343475342, 5.69772148132, 9.60097312927, 65.5015563965]],
        "icov": [[0.00036211553379, -0.000333521806169, 0.000631474598777, -0.000866155140102, 0.000320580700645, -0.000304629007587, 0.000756318389904, -0.000869525014423, 0.00153074716218, -0.00101582950447, 0.00155979383271, -0.00148711516522, 0.00118521566037], [-0.000333521806169, 0.0055618705228, -0.00030308557325, 0.000682413461618, -0.00254644616507, 0.00515065807849, -0.00418377574533, 0.0033329455182, -0.00423478009179, 0.00568073196337, -0.00737321097404, 0.00485848449171, -0.0035835346207], [0.000631474598777, -0.00030308557325, 0.00354661536403, -0.00172850408126, -0.000428819097579, -0.00168080022559, 0.00195373781025, -0.00117011042312, 0.00254462775774, -0.0035385612864, 0.00480517465621, -0.0059194136411, 0.00291671953164], [-0.000866155140102, 0.000682413461618, -0.00172850408126, 0.00991809740663, -0.00122008111794, -0.00168611400295, -0.0010092993034, 0.00306320236996, -0.00922959111631, 0.00551251182333, -0.00460673170164, 0.00606898358092, -0.00614422047511], [0.000320580700645, -0.00254644616507, -0.000428819097579, -0.00122008111794, 0.00732109416276, -0.00200569536537, -0.00236522150226, 0.000889292510692, 0.00156275322661, -0.00531437806785, 0.00566251389682, -0.00469692377374, 0.00353130232543], [-0.000304629007587, 0.00515065807849, -0.00168080022559, -0.00168611400295, -0.00200569536537, 0.0139412153512, -0.0048018489033, -0.0019374206895, 0.000258899119217, 0.00692072231323, -0.0114363329485, 0.00558607652783, -0.000275417231023], [0.000756318389904, -0.00418377574533, 0.00195373781025, -0.0010092993034, -0.00236522150226, -0.0048018489033, 0.0163108240813, -0.00905088707805, 0.00639660097659, -0.00211630389094, 0.00399622973055, -0.00366441276856, -0.00039673995343], [-0.000869525014423, 0.0033329455182, -0.00117011042312, 0.00306320236996, 0.000889292510692, -0.0019374206895, -0.00905088707805, 0.0225307717919, -0.0166383627802, 0.00247251056135, 0.00177969830111, -0.00265410984866, 0.000936582218856], [0.00153074716218, -0.00423478009179, 0.00254462775774, -0.00922959111631, 0.00156275322661, 0.000258899119217, 0.00639660097659, -0.0166383627802, 0.0340474247932, -0.0165747981519, 0.00615901360288, 0.00224884343334, -0.00127324683126], [-0.00101582950447, 0.00568073196337, -0.0035385612864, 0.00551251182333, -0.00531437806785, 0.00692072231323, -0.00211630389094, 0.00247251056135, -0.0165747981519, 0.0328811183572, -0.0181078538299, 0.00412651570514, -2.10435810004e-05], [0.00155979383271, -0.00737321097404, 0.00480517465621, -0.00460673170164, 0.00566251389682, -0.0114363329485, 0.00399622973055, 0.00177969830111, 0.00615901360288, -0.0181078538299, 0.0361825451255, -0.0209184959531, 0.00922822486609], [-0.00148711516522, 0.00485848449171, -0.0059194136411, 0.00606898358092, -0.00469692377374, 0.00558607652783, -0.00366441276856, -0.00265410984866, 0.00224884343334, 0.00412651570514, -0.0209184959531, 0.0410370081663, -0.0189901273698], [0.00118521566037, -0.0035835346207, 0.00291671953164, -0.00614422047511, 0.00353130232543, -0.000275417231023, -0.00039673995343, 0.000936582218856, -0.00127324683126, -2.10435810004e-05, 0.00922822486609, -0.0189901273698, 0.0311301313341]]
    },
    "melbands": {
        "dmean": [0.00159549270757, 0.00164828891866, 0.000795607047621, 0.000272409815807, 0.000131594802951, 4.46335179731e-05, 3.68264190911e-05, 2.67847644864e-05, 4.13854031649e-05, 6.0678266891e-05, 4.01639226766e-05, 2.49297554547e-05, 2.71914504992e-05, 2.79702744592e-05, 2.63876518147e-05, 1.71969677467e-05, 1.90262526303e-05, 2.2845906642e-05, 1.30905964397e-05, 1.83105348697e-05, 3.48335015588e-05, 4.00304343202e-05, 3.84748491342e-05, 3.36666125804e-05, 3.37568453688e-05, 3.2006551919e-05, 1.70138027897e-05, 1.19507812997e-05, 7.04554258846e-06, 8.99527458387e-06, 9.01670591702e-06, 6.46988473818e-06, 4.00568978876e-06, 4.18560421167e-06, 2.65559037871e-06, 2.57441070062e-06, 2.31940293816e-06, 1.55423902015e-06, 1.00989439034e-06, 6.32324031358e-07],
        "dmean2": [0.00283719273284, 0.00294880615547, 0.00141034240369, 0.000479017500766, 0.00021715418552, 7.4921437772e-05, 5.94713601458e-05, 4.43453463959e-05, 6.51514856145e-05, 9.08867950784e-05, 5.93904333073e-05, 4.07879379054e-05, 4.45408768428e-05, 4.38103124907e-05, 4.20571559516e-05, 2.77909057331e-05, 3.15958859574e-05, 3.80419187422e-05, 2.20692327275e-05, 3.08683047479e-05, 5.87163485761e-05, 6.90071246936e-05, 6.43675739411e-05, 5.68776558794e-05, 5.65046721022e-05, 5.41415720363e-05, 2.85472124233e-05, 2.02961109608e-05, 1.19811375043e-05, 1.49817096826e-05, 1.50295218191e-05, 1.10455775939e-05, 6.77864818499e-06, 6.78440619595e-06, 4.31653506894e-06, 4.10620032198e-06, 3.8452053559e-06, 2.3927204893e-06, 1.53416499415e-06, 9.87458520285e-07],
        "dvar": [7.4981940088e-06, 6.83175630911e-06, 1.16559556318e-06, 1.74233889538e-07, 4.98566308238e-08, 6.81912659672e-09, 7.09679559563e-09, 4.84743623019e-09, 5.14825515552e-09, 8.82194406415e-09, 4.14141654304e-09, 2.79967893313e-09, 3.2322864385e-09, 2.59379828726e-09, 1.9835777465e-09, 1.53005064174e-09, 1.32356814397e-09, 1.69698477492e-09, 4.77719808156e-10, 5.94767346485e-10, 1.7668094765e-09, 2.47134757103e-09, 2.14943796095e-09, 1.6937753422e-09, 1.70766145668e-09, 1.61854230019e-09, 3.37083028157e-10, 2.1294593866e-10, 8.51385420497e-11, 1.09117409552e-10, 1.21450613455e-10, 7.42831213207e-11, 6.35357461087e-11, 5.43668131348e-11, 2.33322302451e-11, 2.9742333596e-11, 4.75070295602e-11, 2.60474680019e-11, 1.10748120744e-11, 5.85549143894e-12],
        "dvar2": [2.05982996704e-05, 1.87903533515e-05, 3.31683122567e-06, 4.97521455145e-07, 1.30302026946e-07, 1.79137593648e-08, 1.86800228619e-08, 1.29418635808e-08, 1.08877173943e-08, 1.65152123088e-08, 7.41983186003e-09, 6.77200118204e-09, 8.16566370077e-09, 5.73458480702e-09, 4.48237047479e-09, 3.73650310692e-09, 3.45026118787e-09, 4.23040669162e-09, 1.17316167891e-09, 1.54717227918e-09, 4.68018424016e-09, 6.89815271571e-09, 5.56943824392e-09, 4.43914149884e-09, 4.64225369257e-09, 4.50317783063e-09, 8.80352124533e-10, 5.57718538019e-10, 2.36947961252e-10, 2.90124729796e-10, 3.34792027434e-10, 2.02275154959e-10, 1.6673798453e-10, 1.33332900276e-10, 5.02936511881e-11, 6.64978003218e-11, 1.20914792068e-10, 5.67866760559e-11, 2.33328564803e-11, 1.30041064722e-11],
        "max": [0.0177265517414, 0.0160312838852, 0.00979307666421, 0.0043735881336, 0.00228597410023, 0.00207198178396, 0.00148181815166, 0.00130426720716, 0.00177350000013, 0.00169480883051, 0.00128931587096, 0.00116321898531, 0.00105528417043, 0.00106868613511, 0.000826773059089, 0.000809841149021, 0.000613846175838, 0.000890491704922, 0.000586648413446, 0.000422296725446, 0.000493270810694, 0.000558295520023, 0.000615662836935, 0.000578593462706, 0.000615532044321, 0.000695456052199, 0.000239605520619, 0.000280940439552, 0.000120626325952, 0.000111154331535, 0.000175206747372, 0.000164354409208, 0.000209689504118, 0.000175903100171, 0.00011117982649, 0.000109771062853, 0.000142864926602, 0.000123408695799, 7.51082188799e-05, 7.31885156711e-05],
        "mean": [0.0013905443484, 0.00147280679084, 0.000887701055035, 0.000358763063559, 0.00018894734967, 7.34253044357e-05, 5.40445180377e-05, 3.90456225432e-05, 7.81700291554e-05, 0.000132236033096, 8.35257160361e-05, 4.1385734221e-05, 4.30246800533e-05, 4.81672032038e-05, 4.25970574724e-05, 2.62379453488e-05, 2.96997750411e-05, 3.89858396375e-05, 2.01811471925e-05, 3.23424355884e-05, 6.00792045589e-05, 6.81422898197e-05, 7.22505283193e-05, 6.30662252661e-05, 7.13363551768e-05, 6.5671178163e-05, 3.79059310944e-05, 2.48590185947e-05, 1.47817690959e-05, 1.978142609e-05, 2.05150427064e-05, 1.42664121086e-05, 8.87838814378e-06, 9.19426565815e-06, 6.46644184599e-06, 6.0275906435e-06, 4.88680097988e-06, 3.34834567184e-06, 2.20924584937e-06, 1.30593969061e-06],
        "median": [0.000411242712289, 0.000538876396604, 0.000539319589734, 0.000243367161602, 9.18114528758e-05, 3.68274995708e-05, 2.66901588475e-05, 2.00248723559e-05, 3.98197189497e-05, 5.75295889576e-05, 3.9594964619e-05, 1.94247859326e-05, 2.02157916647e-05, 2.04917942028e-05, 2.29925299209e-05, 1.36768285302e-05, 1.44619689308e-05, 1.85519602383e-05, 1.31412543851e-05, 2.22839153139e-05, 4.24646023021e-05, 4.72580868518e-05, 5.65537156945e-05, 4.79898735648e-05, 5.38241838512e-05, 4.96905813634e-05, 3.21246516251e-05, 2.01070106414e-05, 1.20456916193e-05, 1.58745206136e-05, 1.64080374816e-05, 1.12947227535e-05, 6.08226218901e-06, 5.58938290851e-06, 4.20231481257e-06, 3.62243736163e-06, 2.62085245595e-06, 1.75638547262e-06, 1.23642803374e-06, 6.99227314271e-07],
        "min": [4.25172643759e-08, 1.33905215804e-08, 8.7737928034e-10, 9.80520525884e-11, 3.01210445475e-11, 7.16083962959e-12, 1.11990139384e-11, 4.13457983128e-12, 2.77165226534e-12, 2.10265377158e-12, 1.23861793218e-12, 1.21431716679e-12, 9.4530589953e-13, 1.21961902383e-12, 5.51481766069e-13, 7.51135048258e-13, 7.76890704546e-13, 6.12309085813e-13, 7.06577483155e-13, 4.06755765138e-13, 4.96729176888e-13, 4.55735275906e-13, 3.48867310908e-13, 4.33724426816e-13, 3.4450889949e-13, 5.85610065214e-13, 4.50259946515e-13, 3.25128785656e-13, 4.27334057897e-13, 4.42940416333e-13, 4.64512326173e-13, 4.17434234965e-13, 5.12003146044e-13, 5.49782983895e-13, 6.02729129627e-13, 6.24033106005e-13, 5.90103270068e-13, 6.31645560509e-13, 7.01540659332e-13, 4.72686993713e-13],
        "var": [5.81362837693e-06, 5.36684956387e-06, 1.03511763427e-06, 1.52713482748e-07, 7.12594641072e-08, 1.85762534244e-08, 8.61736992874e-09, 4.80105422085e-09, 1.61644244656e-08, 4.85990625521e-08, 1.75955889858e-08, 6.01795635546e-09, 4.99603514115e-09, 6.51073639446e-09, 3.89403531642e-09, 2.05595673819e-09, 2.19757678721e-09, 4.29034363592e-09, 6.77757405754e-10, 1.17515008835e-09, 3.31855476432e-09, 4.16881551502e-09, 3.65877483866e-09, 2.96031377189e-09, 3.87518239719e-09, 3.37708727649e-09, 6.88435419782e-10, 3.61321500497e-10, 1.27409749417e-10, 2.39595343565e-10, 2.50865828111e-10, 1.36739591872e-10, 9.07070876743e-11, 1.20656803992e-10, 6.27049731583e-11, 7.94335430765e-11, 9.31852858765e-11, 5.34947468267e-11, 2.47265471987e-11, 1.00386183741e-11]
    },
    "mfcc": {
        "mean": [-593.592163086, 64.5243301392, -10.1064348221, 46.2589530945, 5.66334295273, 7.34840106964, 6.81746912003, 17.6738204956, 2.82700204849, 1.38351380825, -0.0108815310523, -0.827396273613, -8.06107616425],
        "cov": [[3214.46337891, -79.4068450928, -14.0508403778, 42.2969398499, -32.8592987061, -42.2382507324, -49.6872901917, 54.8713188171, -52.6848144531, -16.3103027344, -42.4322395325, -39.7179336548, -74.373588562], [-79.4068450928, 642.229675293, -275.975646973, 175.134536743, -35.2352600098, -5.59754991531, 26.8079376221, -34.325050354, 12.2029409409, -56.6024589539, -6.53668689728, -7.13592672348, -31.8129444122], [-14.0508403778, -275.975646973, 444.16519165, -66.2125320435, 88.7342300415, 23.0486907959, 0.576426267624, 20.2024154663, -4.1730017662, 12.4923305511, -21.3910522461, 19.5528259277, 56.7335090637], [42.2969398499, 175.134536743, -66.2125320435, 202.445861816, 22.0102424622, 8.0176076889, -18.4944419861, -5.08469295502, 59.7755355835, -1.98334312439, -3.21346855164, 4.07119178772, -0.107716597617], [-32.8592987061, -35.2352600098, 88.7342300415, 22.0102424622, 143.951049805, 47.5424385071, 18.1494522095, 7.79168844223, 16.2833538055, 12.8228750229, 9.13236713409, 18.7219753265, 17.015083313], [-42.2382507324, -5.59754991531, 23.0486907959, 8.0176076889, 47.5424385071, 93.4018554688, 55.1652946472, 15.9908304214, -4.95944881439, -1.79651522636, 3.8800675869, 5.44061517715, 6.98363351822], [-49.6872901917, 26.8079376221, 0.576426267624, -18.4944419861, 18.1494522095, 55.1652946472, 118.435745239, 49.8992843628, 1.67216587067, -6.2022986412, 10.0420627594, 8.92250728607, 7.10637807846], [54.8713188171, -34.325050354, 20.2024154663, -5.08469295502, 7.79168844223, 15.9908304214, 49.8992843628, 94.0390167236, 37.2909812927, 15.3946428299, 3.97731423378, 6.18628787994, 13.16502285], [-52.6848144531, 12.2029409409, -4.1730017662, 59.7755355835, 16.2833538055, -4.95944881439, 1.67216587067, 37.2909812927, 104.18624115, 33.4583511353, 4.71419095993, 9.3914270401, 6.782558918], [-16.3103027344, -56.6024589539, 12.4923305511, -1.98334312439, 12.8228750229, -1.79651522636, -6.2022986412, 15.3946428299, 33.4583511353, 65.7624053955, 30.9288921356, 11.1319103241, 3.33642959595], [-42.4322395325, -6.53668689728, -21.3910522461, -3.21346855164, 9.13236713409, 3.8800675869, 10.0420627594, 3.97731423378, 4.71419095993, 30.9288921356, 58.5248031616, 26.4429321289, 4.97911214828], [-39.7179336548, -7.13592672348, 19.5528259277, 4.07119178772, 18.7219753265, 5.44061517715, 8.92250728607, 6.18628787994, 9.3914270401, 11.1319103241, 26.4429321289, 55.011264801, 27.5258407593], [-74.373588562, -31.8129444122, 56.7335090637, -0.107716597617, 17.015083313, 6.98363351822, 7.10637807846, 13.16502285, 6.782558918, 3.33642959595, 4.97911214828, 27.5258407593, 53.8458976746]],
