{
"lowlevel": {
    "average_loudness": 0.971383035183,
    "barkbands_crest": {
        "dmean": 2.57323265076,
        "dmean2": 4.42891597748,
        "dvar": 5.09046649933,
        "dvar2": 14.4021043777,
        "max": 23.0140018463,
        "mean": 8.95530891418,
        "median": 8.32572841644,
        "min": 3.20717215538,
        "var": 9.88021564484
    },
    "barkbands_flatness_db": {
        "dmean": 0.021136181429,
        "dmean2": 0.0343275927007,
        "dvar": 0.000352871458745,
        "dvar2": 0.000881275453139,
        "max": 0.285726577044,
        "mean": 0.115635745227,
        "median": 0.110585190356,
        "min": 0.0259312465787,
        "var": 0.00142778619193
    },
    "barkbands_kurtosis": {
        "dmean": 2.54350757599,
        "dmean2": 4.20791482925,
        "dvar": 10.2018556595,
        "dvar2": 25.9488964081,
        "max": 50.210067749,
        "mean": 3.83359789848,
        "median": 2.65492582321,
        "min": -1.59016728401,
        "var": 20.9589500427
    },
    "barkbands_skewness": {
        "dmean": 0.499979585409,
        "dmean2": 0.815733253956,
        "dvar": 0.203583806753,
        "dvar2": 0.532732784748,
        "max": 6.22792196274,
        "mean": 1.83786737919,
        "median": 1.78172016144,
        "min": -0.604638159275,
        "var": 0.635877490044
    },
    "barkbands_spread": {
        "dmean": 6.0755572319,
        "dmean2": 9.98198127747,
        "dvar": 34.9502487183,
        "dvar2": 91.1356582642,
        "max": 77.8544235229,
        "mean": 24.0597000122,
        "median": 23.1049880981,
        "min": 2.40347552299,
        "var": 96.3378143311
    },
    "dissonance": {
        "dmean": 0.0155738983303,
        "dmean2": 0.0260852836072,
        "dvar": 0.000227948650718,
        "dvar2": 0.000627748144325,
        "max": 0.5,
        "mean": 0.470537424088,
        "median": 0.475202471018,
        "min": 0.299593091011,
        "var": 0.000466403464088
    },
    "dynamic_complexity": 1.23556554317,
    "erbbands_crest": {
        "dmean": 2.30222034454,
        "dmean2": 3.72018694878,
        "dvar": 5.07968950272,
        "dvar2": 12.3452949524,
        "max": 30.4126033783,
        "mean": 7.4673705101,
        "median": 6.44907999039,
        "min": 1.92430901527,
        "var": 13.7486715317
    },
    "erbbands_flatness_db": {
        "dmean": 0.0145607953891,
        "dmean2": 0.0216941572726,
        "dvar": 0.000179605616722,
        "dvar2": 0.000371686444851,
        "max": 0.320540815592,
        "mean": 0.119908936322,
        "median": 0.115883223712,
        "min": 0.057622179389,
        "var": 0.00119825173169
    },
    "erbbands_kurtosis": {
        "dmean": 0.547225773335,
        "dmean2": 0.876865506172,
        "dvar": 0.668573915958,
        "dvar2": 1.52908563614,
        "max": 20.8750667572,
        "mean": -0.314291715622,
        "median": -0.653174638748,
        "min": -1.61841380596,
        "var": 1.51340210438
    },
    "erbbands_skewness": {
        "dmean": 0.313074171543,
        "dmean2": 0.493123739958,
        "dvar": 0.0725831389427,
        "dvar2": 0.174808472395,
        "max": 3.08545804024,
        "mean": 0.172847002745,
        "median": 0.143623203039,
        "min": -1.57374668121,
        "var": 0.280202031136
    },
    "erbbands_spread": {
        "dmean": 8.28854370117,
        "dmean2": 12.960398674,
        "dvar": 54.4244270325,
        "dvar2": 133.86895752,
        "max": 120.937446594,
        "mean": 49.2626075745,
        "median": 49.508140564,
        "min": 3.88487625122,
        "var": 239.737869263
    },
    "hfc": {
        "dmean": 8.38598442078,
        "dmean2": 13.6838855743,
        "dvar": 94.3908691406,
        "dvar2": 231.213165283,
        "max": 100.844566345,
        "mean": 32.2457199097,
        "median": 30.454252243,
        "min": 1.19318256111e-05,
        "var": 214.220092773
    },
    "melbands_crest": {
        "dmean": 3.28062105179,
        "dmean2": 5.4859752655,
        "dvar": 7.85575914383,
        "dvar2": 21.834903717,
        "max": 31.6815834045,
        "mean": 13.6459627151,
        "median": 13.0584449768,
        "min": 4.81163215637,
        "var": 16.2385864258
    },
    "melbands_flatness_db": {
        "dmean": 0.02632038109,
        "dmean2": 0.0435074530542,
        "dvar": 0.000554935599212,
        "dvar2": 0.00146342546213,
        "max": 0.383068114519,
        "mean": 0.188105463982,
        "median": 0.185231417418,
        "min": 0.0601104572415,
        "var": 0.00164278957527
    },
    "melbands_kurtosis": {
        "dmean": 7.15862178802,
        "dmean2": 11.8262214661,
        "dvar": 73.4007644653,
        "dvar2": 192.55128479,
        "max": 139.101135254,
        "mean": 15.4989871979,
        "median": 12.8326358795,
        "min": -1.23071706295,
        "var": 156.123260498
    },
    "melbands_skewness": {
        "dmean": 0.742721617222,
        "dmean2": 1.20508110523,
        "dvar": 0.485611617565,
        "dvar2": 1.28308749199,
        "max": 9.85182094574,
        "mean": 3.22483754158,
        "median": 3.16628623009,
        "min": -1.25356054306,
        "var": 1.49035453796
    },
    "melbands_spread": {
        "dmean": 5.92198181152,
        "dmean2": 9.86870765686,
        "dvar": 33.407207489,
        "dvar2": 90.469039917,
        "max": 83.8710861206,
        "mean": 19.3186473846,
        "median": 17.8596477509,
        "min": 1.61362278461,
        "var": 88.4038772583
    },
    "pitch_salience": {
        "dmean": 0.0748670771718,
        "dmean2": 0.125636339188,
        "dvar": 0.00424913922325,
        "dvar2": 0.0119878780097,
        "max": 0.816051185131,
        "mean": 0.574610829353,
        "median": 0.584031820297,
        "min": 0.145975023508,
        "var": 0.010144286789
    },
    "silence_rate_20dB": {
        "dmean": 0,
        "dmean2": 0,
        "dvar": 0,
        "dvar2": 0,
        "max": 1,
        "mean": 1,
        "median": 1,
        "min": 1,
        "var": 0
    },
    "silence_rate_30dB": {
        "dmean": 0.00773993786424,
        "dmean2": 0.0154858687893,
        "dvar": 0.00767983682454,
        "dvar2": 0.021440802142,
        "max": 1,
        "mean": 0.995357811451,
        "median": 1,
        "min": 0,
        "var": 0.00462089758366
    },
    "silence_rate_60dB": {
        "dmean": 0.00657894741744,
        "dmean2": 0.0127758421004,
        "dvar": 0.00653598690405,
        "dvar2": 0.0141619360074,
        "max": 1,
        "mean": 0.0174081232399,
        "median": 0,
        "min": 0,
        "var": 0.0171040035784
    },
    "spectral_centroid": {
        "dmean": 265.185943604,
        "dmean2": 436.265350342,
        "dvar": 56553.25,
        "dvar2": 139429.953125,
        "max": 3278.36962891,
        "mean": 1299.8927002,
        "median": 1269.82250977,
        "min": 282.250305176,
        "var": 162270.953125
    },
    "spectral_complexity": {
        "dmean": 5.35294103622,
        "dmean2": 8.45722007751,
        "dvar": 24.2794437408,
        "dvar2": 55.0040168762,
        "max": 54,
        "mean": 27.8375244141,
        "median": 28,
        "min": 0,
        "var": 82.0277557373
    },
    "spectral_decrease": {
        "dmean": 3.9887795289e-09,
        "dmean2": 6.82228362692e-09,
        "dvar": 1.7436712541e-17,
        "dvar2": 4.82001749442e-17,
        "max": -6.34687240152e-16,
        "mean": -1.29211379374e-08,
        "median": -1.24062280449e-08,
        "min": -4.24251709319e-08,
        "var": 3.10335269471e-17
    },
    "spectral_energy": {
        "dmean": 0.0154698034748,
        "dmean2": 0.0263895858079,
        "dvar": 0.000262082205154,
        "dvar2": 0.000721115327906,
        "max": 0.164821475744,
        "mean": 0.0516921728849,
        "median": 0.0498794987798,
        "min": 3.47770745535e-09,
        "var": 0.000469321123092
    },
    "spectral_energyband_high": {
        "dmean": 0.000666371139232,
        "dmean2": 0.0011215939885,
        "dvar": 8.58760074607e-07,
        "dvar2": 2.1752689463e-06,
        "max": 0.00917479675263,
        "mean": 0.00142743089236,
        "median": 0.00108718231786,
        "min": 1.39650280229e-09,
        "var": 1.41747636917e-06
    },
    "spectral_energyband_low": {
        "dmean": 0.0123712997884,
        "dmean2": 0.0211340356618,
        "dvar": 0.000212796454434,
        "dvar2": 0.000598931452259,
        "max": 0.143632680178,
        "mean": 0.0244478546083,
        "median": 0.0205969363451,
        "min": 2.48583705703e-12,
        "var": 0.000321833620546
    },
    "spectral_energyband_middle_high": {
        "dmean": 0.00220519839786,
        "dmean2": 0.00343478959985,
        "dvar": 6.79136201143e-06,
        "dvar2": 1.53207784024e-05,
        "max": 0.0460004471242,
        "mean": 0.00728133972734,
        "median": 0.00611219834536,
        "min": 1.80182802012e-09,
        "var": 2.46275430982e-05
    },
    "spectral_energyband_middle_low": {
        "dmean": 0.00801242142916,
        "dmean2": 0.0133496178314,
        "dvar": 7.05293132341e-05,
        "dvar2": 0.000191412575077,
        "max": 0.107609972358,
        "mean": 0.0222491212189,
        "median": 0.0204650610685,
        "min": 3.96718324858e-10,
        "var": 0.00012934456754
    },
    "spectral_entropy": {
        "dmean": 0.165639638901,
        "dmean2": 0.253194868565,
        "dvar": 0.0245302151889,
        "dvar2": 0.0568311624229,
        "max": 8.4582233429,
        "mean": 7.74384832382,
        "median": 7.78421831131,
        "min": 6.32453155518,
        "var": 0.0932435169816
    },
    "spectral_flux": {
        "dmean": 0.03015836142,
        "dmean2": 0.0487357787788,
        "dvar": 0.000794586958364,
        "dvar2": 0.00189137924463,
        "max": 0.28412771225,
        "mean": 0.120844617486,
        "median": 0.119035854936,
        "min": 5.89720912103e-05,
        "var": 0.00201866426505
    },
    "spectral_kurtosis": {
        "dmean": 1.00603234768,
        "dmean2": 1.70433092117,
        "dvar": 0.839043021202,
        "dvar2": 2.30718016624,
        "max": 13.021686554,
        "mean": 3.42791867256,
        "median": 3.23186588287,
        "min": -0.164144039154,
        "var": 1.89643871784
    },
    "spectral_rms": {
        "dmean": 0.00104303087573,
        "dmean2": 0.00174645881634,
        "dvar": 9.86354848465e-07,
        "dvar2": 2.65768926511e-06,
        "max": 0.0126807512715,
        "mean": 0.00690021459013,
        "median": 0.00697588175535,
        "min": 1.84197870112e-06,
        "var": 2.81841244032e-06
    },
    "spectral_rolloff": {
        "dmean": 457.50668335,
        "dmean2": 796.4453125,
        "dvar": 341602.1875,
        "dvar2": 865009.625,
        "max": 8247.21679688,
        "mean": 1092.19628906,
        "median": 904.39453125,
        "min": 107.666015625,
        "var": 642942.75
    },
    "spectral_skewness": {
        "dmean": 0.164543360472,
        "dmean2": 0.273093849421,
        "dvar": 0.0215928517282,
        "dvar2": 0.0576796866953,
        "max": 2.67941832542,
        "mean": 1.44046783447,
        "median": 1.44118285179,
        "min": 0.554273724556,
        "var": 0.0694188475609
    },
    "spectral_spread": {
        "dmean": 512127.40625,
        "dmean2": 766708.9375,
        "dvar": 265426173952,
        "dvar2": 553943826432,
        "max": 11121050,
        "mean": 5095100,
        "median": 4969268.5,
        "min": 2727727,
        "var": 1.09168309043e+12
    },
    "spectral_strongpeak": {
        "dmean": 0.456634670496,
        "dmean2": 0.778884887695,
        "dvar": 0.504861354828,
        "dvar2": 1.22274291515,
        "max": 7.72155427933,
        "mean": 0.722272694111,
        "median": 0.489879101515,
        "min": 0.000161491567269,
        "var": 0.668326973915
    },
    "zerocrossingrate": {
        "dmean": 0.00942435767502,
        "dmean2": 0.0116554228589,
        "dvar": 7.06600621925e-05,
        "dvar2": 0.000105089711724,
        "max": 0.17529296875,
        "mean": 0.0595705024898,
        "median": 0.056640625,
        "min": 0.009765625,
        "var": 0.000447404367151
    },
    "barkbands": {
        "dmean": [0.000318494508974, 0.00833756569773, 0.00546701950952, 0.00395984714851, 0.00375538901426, 0.00218560826033, 0.00148891052231, 0.000942065264098, 0.000768529076595, 0.000570830481593, 0.000533984974027, 0.000498830282595, 0.000591462710872, 0.000313164957333, 0.000351411872543, 0.000307366222842, 0.000483822077513, 0.000320531253237, 0.000241551402723, 0.000169214661582, 0.000156022142619, 0.000167273086845, 0.0001529664587, 0.000106593070086, 7.36458532629e-05, 6.2415470893e-05, 3.14463727591e-06],
        "dmean2": [0.000527722819243, 0.0145314419642, 0.00920817162842, 0.00657914252952, 0.00626078154892, 0.00363169563934, 0.00244033546187, 0.00152201449964, 0.00114776450209, 0.000865090056323, 0.000825835973956, 0.000791118189227, 0.000948244764004, 0.000505641335621, 0.000570458243601, 0.00050795689458, 0.000787537661381, 0.000530433142558, 0.000397587631596, 0.000285230082227, 0.000267435447313, 0.000288947776426, 0.00027003735886, 0.000182387462701, 0.000110956425488, 8.79786603036e-05, 5.23985409018e-06],
        "dvar": [2.23067473826e-07, 0.000115784452646, 4.37404523836e-05, 2.839499939e-05, 2.25527983275e-05, 7.27776387066e-06, 5.06944616063e-06, 4.32395881944e-06, 3.71299279323e-06, 1.62848334639e-06, 1.97491772269e-06, 7.16183933491e-07, 1.84488942523e-06, 5.02948807934e-07, 3.69179218751e-07, 2.50126504397e-07, 3.24416532749e-07, 1.69166369801e-07, 7.93899204155e-08, 4.16081391563e-08, 3.80327414007e-08, 5.63900464101e-08, 6.55508003433e-08, 2.70854823015e-08, 1.41887257499e-08, 9.95056037567e-09, 3.1134414491e-11],
        "dvar2": [5.63197829706e-07, 0.000326433044393, 0.000119802229165, 7.31972468202e-05, 6.03898370173e-05, 2.06475924642e-05, 1.31567940116e-05, 1.11573262984e-05, 7.96738186182e-06, 3.79788957616e-06, 4.17044248024e-06, 1.61226250839e-06, 4.7598537094e-06, 1.16322655686e-06, 9.5915777365e-07, 6.39497841348e-07, 8.16728515929e-07, 4.27187160312e-07, 2.12246362707e-07, 1.09704480167e-07, 9.82275025763e-08, 1.45420912645e-07, 1.81619697059e-07, 7.01405156178e-08, 2.69621303062e-08, 1.74022538602e-08, 8.10821271235e-11],
        "max": [0.00364587106742, 0.10069423914, 0.0683964118361, 0.0714110508561, 0.0502802170813, 0.0335758216679, 0.0367705561221, 0.0418928675354, 0.0320018939674, 0.0282756276429, 0.0351062230766, 0.0139661803842, 0.0290445107967, 0.0163430925459, 0.0109662953764, 0.0115102892742, 0.00713437283412, 0.00464637065306, 0.00497820787132, 0.00217463402078, 0.00246097403578, 0.00251535675488, 0.00336434156634, 0.0028567565605, 0.00308732921258, 0.00113225413952, 6.57394266455e-05],
        "mean": [0.000319378159475, 0.0120763769373, 0.0085061872378, 0.00588717497885, 0.00671388627961, 0.00393674522638, 0.00241873878986, 0.00155202485621, 0.00142498477362, 0.000959361845162, 0.000841861532535, 0.000841935980134, 0.000971881847363, 0.000474831904285, 0.00058285339037, 0.00053616578225, 0.000915877288207, 0.000590718234889, 0.000525579147507, 0.000337755045621, 0.000300117302686, 0.000278447201708, 0.000230631994782, 0.000183126045158, 0.000150581152411, 0.000131172870169, 3.79256994165e-06],
        "median": [0.000122724595712, 0.00796006433666, 0.00631172349676, 0.00413511041552, 0.00521546974778, 0.00261366344057, 0.00133341783658, 0.000668695080094, 0.000493575120345, 0.000425250473199, 0.000285434711259, 0.000429250299931, 0.000450982770417, 0.000226702686632, 0.000306569592794, 0.000350544112734, 0.000702551449649, 0.000428189407103, 0.000421146804001, 0.000278147344943, 0.000237383836065, 0.000177374124178, 0.000152498658281, 0.000122762343381, 9.14127667784e-05, 4.80790513393e-05, 8.09306015981e-07],
        "min": [1.88941608669e-13, 1.94355057222e-12, 2.72453609153e-13, 7.75250089818e-13, 6.2868065788e-12, 6.73418222227e-12, 7.92023131108e-12, 2.58420385785e-11, 1.33634742161e-10, 4.91737428554e-10, 2.60095764371e-11, 2.35944985771e-10, 1.56023957643e-10, 2.28955618353e-10, 1.44349407427e-10, 2.21084886509e-10, 2.30073030072e-10, 1.02146457959e-10, 5.33976925177e-11, 1.73687619842e-10, 4.59444982059e-10, 3.64623914395e-10, 1.18208914879e-10, 1.67635044734e-10, 6.56354831596e-11, 4.5219383793e-11, 8.97437419517e-12],
        "var": [2.22641133973e-07, 0.000156426191097, 6.38891579001e-05, 3.9679089241e-05, 3.53985233232e-05, 1.65374203789e-05, 8.13328006188e-06, 6.51676509733e-06, 1.00508759715e-05, 3.43753640664e-06, 3.65328628504e-06, 1.57089777986e-06, 2.81446159534e-06, 9.49716536525e-07, 7.15115675121e-07, 4.76555271689e-07, 7.09706796442e-07, 3.15404008688e-07, 2.07044450917e-07, 7.06245231186e-08, 5.82883252775e-08, 8.12511302684e-08, 6.59459118424e-08, 4.68163570133e-08, 4.5454505937e-08, 3.26117373106e-08, 4.13262757348e-11]
    },
    "erbbands": {
        "dmean": [0.222801163793, 2.01322770119, 5.64995241165, 10.3989200592, 13.4480895996, 11.4310359955, 16.4842720032, 18.1584472656, 18.8970088959, 21.24751091, 19.1648902893, 20.5539989471, 15.0769443512, 20.7358131409, 15.6360282898, 21.7738571167, 27.6100978851, 16.3331069946, 18.1929512024, 14.2032909393, 18.6166782379, 23.011259079, 19.1617336273, 13.0785131454, 10.7267389297, 7.59770822525, 6.40753936768, 6.29208564758, 5.72122716904, 5.79602861404, 4.1748752594, 2.80980992317, 1.54117381573, 0.921533703804, 0.511607646942, 0.301570296288, 0.11111998558, 0.0176001694053, 0.000336191937095, 2.39412638621e-05],
        "dmean2": [0.387910723686, 3.49104523659, 9.58790779114, 17.0820941925, 22.795665741, 19.1338977814, 26.5234928131, 30.6870880127, 30.4731502533, 35.6932029724, 29.8354873657, 30.2409229279, 22.3059082031, 31.5035820007, 24.2650051117, 34.4015541077, 44.306060791, 26.3545360565, 29.5964756012, 22.9905776978, 30.455581665, 37.1647109985, 31.8452148438, 21.8144321442, 17.3117904663, 12.7260828018, 11.0728797913, 10.6951847076, 9.73878669739, 10.0990905762, 7.37627696991, 4.91033887863, 2.56697797775, 1.45016443729, 0.753844320774, 0.43933993578, 0.158831700683, 0.0264510288835, 0.000506801472511, 3.85685852962e-05],
        "dvar": [0.0862112343311, 7.08681344986, 51.4524612427, 171.11227417, 363.97164917, 195.289657593, 472.946105957, 629.458251953, 819.583374023, 1658.28271484, 1839.72692871, 2681.06420898, 1530.70349121, 1914.80383301, 1326.77380371, 1250.38964844, 4486.00048828, 1293.65429688, 1156.13037109, 648.623535156, 553.380371094, 756.26171875, 617.194152832, 227.151855469, 167.324676514, 85.9043273926, 67.3260650635, 66.2831268311, 66.6604995728, 80.4930877686, 52.0299263, 20.9420032501, 5.90194797516, 2.42255401611, 0.627252280712, 0.238437071443, 0.0307474732399, 0.000859743682668, 3.01702272054e-07, 7.34152350024e-10],
        "dvar2": [0.232064902782, 20.5327548981, 142.053649902, 427.684997559, 964.649902344, 547.210144043, 1183.20056152, 1824.12854004, 2093.80834961, 4439.29541016, 4445.48144531, 5778.64941406, 3345.3293457, 3872.27832031, 3083.35986328, 2790.17285156, 11688.1044922, 3011.42895508, 3114.61669922, 1642.0390625, 1443.24890137, 1808.25512695, 1541.36450195, 611.081359863, 421.217346191, 225.779296875, 179.892364502, 169.175048828, 170.146011353, 219.484542847, 144.841964722, 58.0130653381, 13.7459878922, 4.95883846283, 1.15127503872, 0.44979134202, 0.0542912371457, 0.00171138334554, 5.9779432604e-07, 1.6324260832e-09],
        "max": [2.17579650879, 26.0922012329, 82.66847229, 165.958984375, 259.581787109, 159.348754883, 272.621032715, 382.315063477, 547.359985352, 781.10546875, 1059.56616211, 974.891540527, 1061.88330078, 1309.76293945, 1106.26818848, 712.985534668, 1567.90722656, 986.525390625, 777.388305664, 521.812072754, 407.264892578, 491.503631592, 316.226745605, 175.459411621, 313.75201416, 94.2986450195, 97.6689147949, 88.9316711426, 102.993179321, 137.326400757, 86.3157577515, 54.5229377747, 53.9479598999, 38.4571304321, 19.1757564545, 7.95704174042, 1.78801310062, 0.387766391039, 0.00693540275097, 0.000283402361674],
        "mean": [0.27596360445, 2.99512505531, 9.17548179626, 16.9975166321, 21.4093818665, 20.5281105042, 26.5143585205, 33.0723228455, 34.0787200928, 32.0440635681, 35.268245697, 39.6450691223, 26.1934394836, 38.4697723389, 28.6338729858, 39.6130447388, 46.6730918884, 28.1256980896, 30.9300346375, 26.1856174469, 36.4711303711, 46.1891212463, 37.2145233154, 27.7694454193, 24.1485862732, 15.9563016891, 11.7751636505, 11.899641037, 9.8084192276, 9.14110183716, 6.12136507034, 4.29033184052, 2.74854683876, 1.76043736935, 1.04351365566, 0.607057094574, 0.228388756514, 0.0340056791902, 0.000679715827573, 8.46819966682e-05],
        "median": [0.158432051539, 2.01181697845, 6.70180940628, 13.0497989655, 15.696398735, 15.4142217636, 18.2481994629, 18.7008972168, 19.8970146179, 16.6193180084, 16.7124996185, 14.6343812943, 11.9950323105, 16.8240909576, 13.5149765015, 22.3362903595, 22.9492969513, 14.9701509476, 17.9856014252, 15.297580719, 27.1966114044, 35.9952316284, 28.4180278778, 22.5558719635, 19.5836982727, 13.2145061493, 9.52101135254, 9.15197181702, 6.34276199341, 5.82691764832, 4.0734577179, 2.85561323166, 1.72828829288, 1.11786901951, 0.590215742588, 0.256666272879, 0.0802765637636, 0.010498534888, 0.000243988179136, 7.71560444264e-05],
        "min": [7.1407511848e-11, 3.71255026721e-10, 3.37192607169e-10, 1.30471256021e-09, 8.41876701685e-09, 1.59265400868e-08, 7.98771395694e-08, 3.23892663801e-08, 7.56708189442e-08, 1.54258316343e-07, 1.00198485598e-06, 2.22404082706e-06, 1.63502027135e-05, 5.48398929823e-06, 1.94273616216e-06, 1.08456188173e-05, 8.29330747365e-06, 1.1541666936e-05, 7.01986209606e-06, 1.39162384585e-05, 1.13069554573e-05, 1.00930365079e-05, 7.36464835427e-06, 3.17415151585e-06, 1.9228691599e-06, 1.02437252281e-05, 1.61700882018e-05, 1.66562422237e-05, 1.71752435563e-05, 4.08308005717e-06, 3.74943442694e-06, 3.12929410029e-06, 3.11509074891e-06, 8.80485913513e-07, 3.75098522909e-07, 1.2113378034e-07, 9.25000165353e-08, 3.14043369087e-08, 9.24045451267e-10, 5.92720109105e-11],
        "var": [0.096660964191, 9.82233142853, 74.8150787354, 256.351867676, 477.220611572, 367.488922119, 765.887939453, 1562.81396484, 1516.78796387, 1909.78234863, 3587.1105957, 7489.83349609, 3241.14404297, 5380.64746094, 2854.79711914, 3001.01342773, 6316.29638672, 2726.63549805, 1609.17407227, 1364.73718262, 1164.75036621, 1819.07568359, 1159.09912109, 477.866912842, 472.040924072, 151.694137573, 90.6543426514, 105.391853333, 101.218948364, 99.5063781738, 48.6003189087, 25.2873134613, 13.0175065994, 6.48024654388, 2.19395184517, 0.707830905914, 0.0993780344725, 0.00236541521735, 8.34299555663e-07, 1.83017268007e-09]
    },
    "gfcc": {
        "mean": [63.9851226807, 82.8153686523, -103.854385376, 42.109577179, -53.4804344177, 15.6558084488, -41.9289741516, 12.3890314102, -27.2696628571, 4.73546934128, -17.8637619019, 5.85698461533, -16.8049240112],
        "cov": [[2743.17431641, -91.8170394897, 552.443054199, 238.563110352, 205.504928589, 22.8739910126, -4.26928424835, 45.5046920776, -158.53427124, -49.2701416016, -140.31703186, 81.5583572388, -96.0380172729], [-91.8170394897, 578.145812988, -68.5483093262, 137.102828979, 80.3648529053, 13.2967424393, 73.9737548828, -41.3433151245, 18.5250415802, -93.5672836304, 69.5246353149, -73.3788070679, 43.6336021423], [552.443054199, -68.5483093262, 467.163787842, 129.788146973, 148.766937256, -36.6914138794, -3.74416565895, 35.3826560974, -87.3373413086, 15.9068937302, -65.7556991577, 64.8997268677, -57.9957618713], [238.563110352, 137.102828979, 129.788146973, 295.554290771, 119.408584595, 17.0531234741, 12.6677780151, -11.0951375961, -14.1785945892, -61.0243148804, -0.629904568195, -14.8316507339, 4.08650636673], [205.504928589, 80.3648529053, 148.766937256, 119.408584595, 201.888595581, 4.70879411697, 36.6893692017, 14.1143169403, -46.4206581116, -17.2252120972, -22.8419036865, 18.9020004272, -22.7780723572], [22.8739910126, 13.2967424393, -36.6914138794, 17.0531234741, 4.70879411697, 179.887161255, 48.3895225525, -5.70215845108, 7.43173789978, -37.3047561646, 10.1496715546, -23.7894668579, 8.26800918579], [-4.26928424835, 73.9737548828, -3.74416565895, 12.6677780151, 36.6893692017, 48.3895225525, 114.390647888, 34.7853240967, -6.54229211807, -18.9799766541, -1.48353028297, -9.69320964813, -16.6390171051], [45.5046920776, -41.3433151245, 35.3826560974, -11.0951375961, 14.1143169403, -5.70215845108, 34.7853240967, 88.6459579468, 25.3981494904, 20.8475723267, -8.38670158386, 5.75445556641, -10.2893028259], [-158.53427124, 18.5250415802, -87.3373413086, -14.1785945892, -46.4206581116, 7.43173789978, -6.54229211807, 25.3981494904, 105.483604431, 32.4844017029, 28.2984981537, -24.895734787, 15.2570562363], [-49.2701416016, -93.5672836304, 15.9068937302, -61.0243148804, -17.2252120972, -37.3047561646, -18.9799766541, 20.8475723267, 32.4844017029, 92.7302322388, 21.5560531616, 17.3222637177, -13.2762269974], [-140.31703186, 69.5246353149, -65.7556991577, -0.629904568195, -22.8419036865, 10.1496715546, -1.48353028297, -8.38670158386, 28.2984981537, 21.5560531616, 80.7735900879, 10.3230686188, 21.234910965], [81.5583572388, -73.3788070679, 64.8997268677, -14.8316507339, 18.9020004272, -23.7894668579, -9.69320964813, 5.75445556641, -24.895734787, 17.3222637177, 10.3230686188, 78.5976867676, 10.2655935287], [-96.0380172729, 43.6336021423, -57.9957618713, 4.08650636673, -22.7780723572, 8.26800918579, -16.6390171051, -10.2893028259, 15.2570562363, -13.2762269974, 21.234910965, 10.2655935287, 69.3884506226]],
        "icov": [[0.000553103920538, -0.000359204888809, -0.000196206223336, -0.000444333942141, 0.000305449793814, -0.000551101227757, 0.000602341082413, -0.00056565302657, 0.000537885294762, -0.00040683610132, 0.0010710976785, -0.000926885113586, 0.000693312380463], [-0.000359204888809, 0.00666428357363, -0.0022329762578, 0.0019928754773, -0.00394418556243, 0.00456798821688, -0.00552297849208, 0.0044698282145, -0.00378402019851, 0.00852867867798, -0.0103101972491, 0.00905205402523, -0.00489235017449], [-0.000196206223336, -0.0022329762578, 0.00634007994086, -0.00334279611707, 0.000384603248676, -0.00206806627102, 0.00318560632877, -0.00357354362495, 0.00427269702777, -0.00621916307136, 0.00671005435288, -0.00649237958714, 0.00401288643479], [-0.000444333942141, 0.0019928754773, -0.00334279611707, 0.00806712172925, -0.00465730298311, 0.00238729012199, -0.00157745869365, 0.00290995743126, -0.00454555731267, 0.00846880488098, -0.00714636547491, 0.00606166152284, -0.00298724952154], [0.000305449793814, -0.00394418556243, 0.000384603248676, -0.00465730298311, 0.0112390145659, -0.00297320564277, 0.000948738132138, -0.00328158820048, 0.00473573897034, -0.00669656088576, 0.00747195165604, -0.00692983018234, 0.00369934388436], [-0.000551101227757, 0.00456798821688, -0.00206806627102, 0.00238729012199, -0.00297320564277, 0.0106181846932, -0.00715310359374, 0.00476672872901, -0.00442718807608, 0.00892183184624, -0.00904685817659, 0.00810017529875, -0.00450331997126], [0.000602341082413, -0.00552297849208, 0.00318560632877, -0.00157745869365, 0.000948738132138, -0.00715310359374, 0.0189664643258, -0.011012326926, 0.00570806488395, -0.00423745345324, 0.00667074555531, -0.00714827980846, 0.00809129606932], [-0.00056565302657, 0.0044698282145, -0.00357354362495, 0.00290995743126, -0.00328158820048, 0.00476672872901, -0.011012326926, 0.0214033517987, -0.0102970860898, 0.0041199340485, -0.00418684026226, 0.00449492922053, -0.00419529061764], [0.000537885294762, -0.00378402019851, 0.00427269702777, -0.00454555731267, 0.00473573897034, -0.00442718807608, 0.00570806488395, -0.0102970860898, 0.0219508111477, -0.0133208585903, 0.00440615881234, -0.000213210354559, 0.00019473368593], [-0.00040683610132, 0.00852867867798, -0.00621916307136, 0.00846880488098, -0.00669656088576, 0.00892183184624, -0.00423745345324, 0.0041199340485, -0.0133208585903, 0.0340026244521, -0.0211482942104, 0.00977723766118, -0.000829264346976], [0.0010710976785, -0.0103101972491, 0.00671005435288, -0.00714636547491, 0.00747195165604, -0.00904685817659, 0.00667074555531, -0.00418684026226, 0.00440615881234, -0.0211482942104, 0.0367961265147, -0.0204955860972, 0.00526094809175], [-0.000926885113586, 0.00905205402523, -0.00649237958714, 0.00606166152284, -0.00692983018234, 0.00810017529875, -0.00714827980846, 0.00449492922053, -0.000213210354559, 0.00977723766118, -0.0204955860972, 0.0338280834258, -0.0138609269634], [0.000693312380463, -0.00489235017449, 0.00401288643479, -0.00298724952154, 0.00369934388436, -0.00450331997126, 0.00809129606932, -0.00419529061764, 0.00019473368593, -0.000829264346976, 0.00526094809175, -0.0138609269634, 0.0252858996391]]
    },
    "melbands": {
        "dmean": [0.00212968070991, 0.00269952230155, 0.00171481876168, 0.000931780959945, 0.000512991857249, 0.00039624873898, 0.000296737300232, 0.000222945105634, 0.000149991261424, 0.000125803169794, 7.59031972848e-05, 8.43444358907e-05, 5.76528909733e-05, 5.6793429394e-05, 5.44848044228e-05, 6.03181761107e-05, 3.07057343889e-05, 3.01852669509e-05, 2.47012703767e-05, 2.14618266909e-05, 2.53968228208e-05, 2.78079460259e-05, 2.23617189476e-05, 1.48580811583e-05, 1.16060537039e-05, 9.45514329942e-06, 7.06470109435e-06, 5.17717217008e-06, 4.22518269261e-06, 4.14754322264e-06, 3.82999360227e-06, 3.40948940902e-06, 3.50289315065e-06, 3.21933271152e-06, 2.5584197374e-06, 2.2192321012e-06, 1.56671455898e-06, 1.18609921174e-06, 9.45123019847e-07, 7.84706230661e-07],
        "dmean2": [0.0036956500262, 0.00463098986074, 0.00283968518488, 0.00156933791004, 0.00082169304369, 0.000666718289722, 0.000478559610201, 0.000373091810616, 0.000229743920499, 0.000184470103704, 0.000112373068987, 0.000129332038341, 8.97297941265e-05, 8.71539887157e-05, 8.68041897775e-05, 9.5979172329e-05, 4.95665517519e-05, 4.9471262173e-05, 4.00030730816e-05, 3.53878422175e-05, 4.18940726377e-05, 4.53057073173e-05, 3.7025038182e-05, 2.45122828346e-05, 1.95249467652e-05, 1.53217952175e-05, 1.18503749036e-05, 8.74438865139e-06, 7.35129151508e-06, 7.13966164767e-06, 6.49499679639e-06, 5.79312290938e-06, 6.09064272794e-06, 5.63112598684e-06, 4.50757988801e-06, 3.98530801249e-06, 2.70265195468e-06, 1.9969281766e-06, 1.52401275955e-06, 1.23492839066e-06],
        "dvar": [7.42511610952e-06, 1.21048278743e-05, 4.30860154665e-06, 1.50888388362e-06, 4.0676522417e-07, 2.74988678939e-07, 1.96751329895e-07, 2.00034833142e-07, 1.20560102346e-07, 9.89208146507e-08, 3.99604225265e-08, 2.94882482876e-08, 2.12387956111e-08, 1.05397148786e-08, 8.00078581165e-09, 2.33235564195e-08, 5.82177728248e-09, 3.84982490331e-09, 2.63209010143e-09, 1.80944326189e-09, 1.08033149093e-09, 1.17707898983e-09, 7.10930037062e-10, 4.29580510053e-10, 1.86643006606e-10, 1.48098866504e-10, 7.10596720355e-11, 4.26062032877e-11, 3.27112920084e-11, 2.75705153152e-11, 2.56844892577e-11, 2.35874254156e-11, 2.71574412264e-11, 2.7432353264e-11, 1.99521094091e-11, 1.5842546025e-11, 6.66069283062e-12, 3.77477086047e-12, 2.52219772845e-12, 1.70363994179e-12],
        "dvar2": [2.05437318073e-05, 3.4444135963e-05, 1.11878580356e-05, 4.10237953474e-06, 1.01620298665e-06, 7.91069112438e-07, 5.05457137479e-07, 5.37437870207e-07, 2.89471614678e-07, 2.08380541267e-07, 8.73358843023e-08, 6.2389098332e-08, 4.82720992068e-08, 2.37293154015e-08, 1.86338269259e-08, 5.97213940523e-08, 1.3246604702e-08, 1.05388693328e-08, 7.04802260998e-09, 4.47306591767e-09, 2.85459478278e-09, 2.93156898756e-09, 1.78042669496e-09, 1.10967590672e-09, 5.02303088012e-10, 3.96402632941e-10, 1.83268053511e-10, 1.13483021591e-10, 8.81019979193e-11, 7.27117463462e-11, 6.55498710866e-11, 5.95947111104e-11, 7.2037202592e-11, 7.5835226987e-11, 5.55783266631e-11, 4.38957030446e-11, 1.8327251175e-11, 9.43355376454e-12, 5.42571933562e-12, 3.61310525769e-12],
        "max": [0.024052824825, 0.0376164764166, 0.0253881774843, 0.0130506828427, 0.00783584918827, 0.00763884885237, 0.00769354077056, 0.00979333929718, 0.00890602823347, 0.00603703921661, 0.00533207226545, 0.00492733251303, 0.00348530174233, 0.00199267105199, 0.00216370215639, 0.00344736641273, 0.00205519655719, 0.00160213955678, 0.00112699856982, 0.00108240160625, 0.000655390613247, 0.000562073139008, 0.000300789542962, 0.000295905134408, 0.000162908749189, 0.00023758255702, 0.000167672958924, 7.23885459593e-05, 8.74527322594e-05, 5.3222047427e-05, 5.52016790607e-05, 6.44448227831e-05, 7.34526838642e-05, 7.96271051513e-05, 6.64086255711e-05, 4.61571798951e-05, 3.75016315957e-05, 4.7430741688e-05, 3.35218210239e-05, 3.46167653333e-05],
        "mean": [0.00298135052435, 0.00464900908992, 0.00303752487525, 0.00158534629736, 0.000893557153177, 0.000729888619389, 0.000526529038325, 0.000342479121173, 0.000275722151855, 0.000236070613028, 0.000122803816339, 0.000152679058374, 9.72845809883e-05, 9.88228421193e-05, 9.47152439039e-05, 9.6065683465e-05, 4.72257379442e-05, 4.75152883155e-05, 4.08732485084e-05, 3.59439509339e-05, 4.55090521427e-05, 5.10325589858e-05, 4.11890214309e-05, 2.60485649051e-05, 2.20212277782e-05, 1.94045405806e-05, 1.4048326193e-05, 9.68762287812e-06, 7.10593803888e-06, 7.2904767876e-06, 6.76191120874e-06, 5.55778569833e-06, 5.29456110598e-06, 4.92378694616e-06, 3.62213177141e-06, 2.96727557725e-06, 2.43768158725e-06, 1.96384416995e-06, 1.66223230735e-06, 1.42714452522e-06],
        "median": [0.00190897763241, 0.00356195028871, 0.00250110728666, 0.00119788665324, 0.000656816759147, 0.000433605833678, 0.000304080167552, 0.000174702974618, 0.000123302321299, 8.02033682703e-05, 5.20175126439e-05, 6.51597001706e-05, 4.00416065531e-05, 5.1416012866e-05, 5.64772744838e-05, 4.1076051275e-05, 2.20937563427e-05, 2.7696682082e-05, 1.96159908228e-05, 2.01152779482e-05, 3.35146905854e-05, 3.74614610337e-05, 3.1529347325e-05, 1.78635982593e-05, 1.72189866134e-05, 1.45964550029e-05, 1.13505993795e-05, 7.62625768402e-06, 5.55700717086e-06, 5.44028489458e-06, 5.015138413e-06, 3.58893566954e-06, 3.09619804284e-06, 3.11002986564e-06, 2.39218002207e-06, 1.90895480046e-06, 1.57036674864e-06, 1.24579923977e-06, 1.04391631339e-06, 8.77460479387e-07],
        "min": [6.01708678542e-13, 2.91024501589e-13, 4.73191689825e-13, 6.71691489321e-13, 2.41637525961e-12, 8.21316701715e-13, 1.34065404177e-12, 1.59719926087e-12, 9.46690035392e-12, 1.69218875024e-11, 8.52154180553e-11, 2.65004945071e-11, 4.57979964716e-12, 1.38407601352e-11, 4.06821382137e-11, 1.20756486408e-11, 2.1462085581e-11, 1.15096673511e-11, 1.03297483414e-11, 1.90857451371e-11, 1.46594507366e-11, 1.11047126355e-11, 9.81552079199e-12, 3.53148109714e-12, 2.54604410471e-12, 1.78490739983e-12, 5.9104256862e-13, 8.74814456986e-12, 9.71323282223e-12, 1.10428098957e-11, 8.76086876656e-12, 1.31771807008e-11, 2.98879757749e-12, 1.6778418932e-12, 2.66881156931e-12, 1.3300273426e-12, 2.12736794326e-12, 2.4565653331e-12, 1.11448556547e-12, 6.3921697796e-13],
        "var": [9.69287702901e-06, 1.69064169313e-05, 6.26082828603e-06, 2.22721337195e-06, 7.25573727323e-07, 6.86704197506e-07, 3.58858471827e-07, 2.27252570539e-07, 2.35380099411e-07, 2.93217397029e-07, 8.21527947892e-08, 8.52439328014e-08, 4.21553991714e-08, 2.29790408923e-08, 1.468478672e-08, 3.54791609425e-08, 1.22110836998e-08, 4.62551152935e-09, 5.16920861671e-09, 3.36101457776e-09, 1.96851113188e-09, 2.71999023305e-09, 1.33711752781e-09, 7.35414673603e-10, 3.52799983672e-10, 3.87853804629e-10, 1.43734940616e-10, 6.52505827148e-11, 3.95693235122e-11, 4.02885572126e-11, 3.99756061586e-11, 3.50692079543e-11, 3.65942415259e-11, 3.1806224321e-11, 1.80402359717e-11, 1.48515141157e-11, 8.79892859962e-12, 7.20643076463e-12, 5.80131602479e-12, 4.41388288766e-12]
    },
    "mfcc": {
        "mean": [-582.585632324, 111.677612305, 8.74590682983, 30.4571056366, 11.0762500763, 6.26786565781, -0.13038367033, 6.0606045723, -2.81376004219, -2.66340017319, 0.34557133913, 3.46569681168, 0.880390048027],
        "cov": [[2370.39697266, -53.776184082, 253.385574341, 223.11756897, 176.446777344, 88.2199401855, 119.396102905, 99.1423568726, 27.1244010925, -94.835105896, 4.53368186951, -52.0324478149, -58.7309150696], [-53.776184082, 381.065551758, -32.0228462219, 86.7693481445, 20.702911377, 10.285859108, 63.8695716858, 21.7940425873, -4.00923776627, -20.6214599609, 5.09393596649, 17.6124687195, -3.02574467659], [253.385574341, -32.0228462219, 237.047027588, 93.0073013306, 71.8366470337, 28.2277317047, 26.2832145691, 15.89793396, 4.75449371338, -31.0323867798, 2.27119922638, -0.789894521236, -0.738296508789], [223.11756897, 86.7693481445, 93.0073013306, 325.718353271, 126.368591309, 12.5188512802, 56.2707214355, 22.6097145081, 10.040055275, -51.5360565186, -3.84630441666, 13.2914237976, -8.66445827484], [176.446777344, 20.702911377, 71.8366470337, 126.368591309, 154.082229614, 47.3276405334, 35.6229476929, 19.8716754913, 8.33348846436, -22.4376678467, -9.19780826569, 1.19127428532, -5.55140447617], [88.2199401855, 10.285859108, 28.2277317047, 12.5188512802, 47.3276405334, 121.720878601, 57.6961669922, 40.9873847961, -4.6527929306, -8.11702156067, -1.67428338528, -13.8277215958, -9.24759674072], [119.396102905, 63.8695716858, 26.2832145691, 56.2707214355, 35.6229476929, 57.6961669922, 132.184616089, 63.7662353516, 6.02557563782, -23.4555454254, 6.31478595734, -1.11787867546, -10.0547494888], [99.1423568726, 21.7940425873, 15.89793396, 22.6097145081, 19.8716754913, 40.9873847961, 63.7662353516, 100.562355042, 26.8485546112, -3.77954864502, -4.38968276978, -4.83956480026, -5.3832950592], [27.1244010925, -4.00923776627, 4.75449371338, 10.040055275, 8.33348846436, -4.6527929306, 6.02557563782, 26.8485546112, 63.1188812256, 31.4546089172, 6.91410493851, -0.294331789017, -2.88302612305], [-94.835105896, -20.6214599609, -31.0323867798, -51.5360565186, -22.4376678467, -8.11702156067, -23.4555454254, -3.77954864502, 31.4546089172, 81.5416259766, 27.2254581451, 7.00301218033, 0.602364957333], [4.53368186951, 5.09393596649, 2.27119922638, -3.84630441666, -9.19780826569, -1.67428338528, 6.31478595734, -4.38968276978, 6.91410493851, 27.2254581451, 70.4104003906, 33.5920410156, -3.35154104233], [-52.0324478149, 17.6124687195, -0.789894521236, 13.2914237976, 1.19127428532, -13.8277215958, -1.11787867546, -4.83956480026, -0.294331789017, 7.00301218033, 33.5920410156, 78.1421051025, 29.9454784393], [-58.7309150696, -3.02574467659, -0.738296508789, -8.66445827484, -5.55140447617, -9.24759674072, -10.0547494888, -5.3832950592, -2.88302612305, 0.602364957333, -3.35154104233, 29.9454784393, 63.4708137512]],
