{
"lowlevel": {
    "average_loudness": 0.953259050846,
    "barkbands_crest": {
        "dmean": 1.89061701298,
        "dmean2": 3.0658454895,
        "dvar": 3.34738373756,
        "dvar2": 8.51863288879,
        "max": 25.3839073181,
        "mean": 9.5116481781,
        "median": 8.73941993713,
        "min": 2.86805152893,
        "var": 13.6837673187
    },
    "barkbands_flatness_db": {
        "dmean": 0.0190105140209,
        "dmean2": 0.0289318542928,
        "dvar": 0.000466652098112,
        "dvar2": 0.000972591282334,
        "max": 0.449099868536,
        "mean": 0.186690703034,
        "median": 0.1697447896,
        "min": 0.0495912693441,
        "var": 0.00474638817832
    },
    "barkbands_kurtosis": {
        "dmean": 4.15746021271,
        "dmean2": 6.53491783142,
        "dvar": 139.8881073,
        "dvar2": 282.725769043,
        "max": 436.17010498,
        "mean": 10.9883384705,
        "median": 2.7484793663,
        "min": -1.90546500683,
        "var": 1392.24401855
    },
    "barkbands_skewness": {
        "dmean": 0.507124125957,
        "dmean2": 0.774270892143,
        "dvar": 0.478886127472,
        "dvar2": 0.980272531509,
        "max": 19.4646968842,
        "mean": 1.93669044971,
        "median": 1.53310120106,
        "min": -3.57331895828,
        "var": 4.46407461166
    },
    "barkbands_spread": {
        "dmean": 4.32153940201,
        "dmean2": 6.55995321274,
        "dvar": 45.584526062,
        "dvar2": 92.5616149902,
        "max": 101.908432007,
        "mean": 19.4361782074,
        "median": 17.1890125275,
        "min": 0.448827683926,
        "var": 234.072311401
    },
    "dissonance": {
        "dmean": 0.024022212252,
        "dmean2": 0.0400766320527,
        "dvar": 0.000492860854138,
        "dvar2": 0.00127459526993,
        "max": 0.499999970198,
        "mean": 0.431754469872,
        "median": 0.442307889462,
        "min": 0.203668892384,
        "var": 0.00221574306488
    },
    "dynamic_complexity": 2.96625208855,
    "erbbands_crest": {
        "dmean": 2.20457983017,
        "dmean2": 3.51896262169,
        "dvar": 5.5173459053,
        "dvar2": 12.4979953766,
        "max": 31.9159297943,
        "mean": 10.3234558105,
        "median": 9.39656448364,
        "min": 3.25877022743,
        "var": 18.5999565125
    },
    "erbbands_flatness_db": {
        "dmean": 0.0153620308265,
        "dmean2": 0.022851202637,
        "dvar": 0.000301181804389,
        "dvar2": 0.000634575320873,
        "max": 0.36417734623,
        "mean": 0.193415895104,
        "median": 0.191587150097,
        "min": 0.0412322357297,
        "var": 0.00191377324518
    },
    "erbbands_kurtosis": {
        "dmean": 1.17179965973,
        "dmean2": 1.81169450283,
        "dvar": 5.49432897568,
        "dvar2": 12.3606271744,
        "max": 50.6710739136,
        "mean": 1.37960672379,
        "median": 0.0129873752594,
        "min": -1.8253415823,
        "var": 19.292547226
    },
    "erbbands_skewness": {
        "dmean": 0.352374345064,
        "dmean2": 0.534719765186,
        "dvar": 0.19169332087,
        "dvar2": 0.409676522017,
        "max": 5.85103178024,
        "mean": 0.653531908989,
        "median": 0.60914003849,
        "min": -3.42145848274,
        "var": 1.14453780651
    },
    "erbbands_spread": {
        "dmean": 7.4170293808,
        "dmean2": 11.4130086899,
        "dvar": 104.485473633,
        "dvar2": 240.209594727,
        "max": 166.914001465,
        "mean": 37.945224762,
        "median": 36.0179634094,
        "min": 3.19756245613,
        "var": 371.936248779
    },
    "hfc": {
        "dmean": 4.33240032196,
        "dmean2": 6.34589147568,
        "dvar": 81.6967086792,
        "dvar2": 182.242919922,
        "max": 168.96472168,
        "mean": 15.9421167374,
        "median": 11.0635852814,
        "min": 6.52608796372e-05,
        "var": 249.663391113
    },
    "melbands_crest": {
        "dmean": 2.85515236855,
        "dmean2": 4.60274457932,
        "dvar": 6.66370868683,
        "dvar2": 17.2275810242,
        "max": 35.0882949829,
        "mean": 14.9125213623,
        "median": 13.976392746,
        "min": 3.4301943779,
        "var": 33.084602356
    },
    "melbands_flatness_db": {
        "dmean": 0.0233033839613,
        "dmean2": 0.0342054478824,
        "dvar": 0.00071993120946,
        "dvar2": 0.00139733601827,
        "max": 0.568522632122,
        "mean": 0.244015514851,
        "median": 0.21895070374,
        "min": 0.0478911846876,
        "var": 0.0095923319459
    },
    "melbands_kurtosis": {
        "dmean": 9.03970432281,
        "dmean2": 14.2479028702,
        "dvar": 1266.96484375,
        "dvar2": 2262.23803711,
        "max": 1417.13659668,
        "mean": 28.1952133179,
        "median": 8.17036819458,
        "min": -1.82917869091,
        "var": 15582.8134766
    },
    "melbands_skewness": {
        "dmean": 0.653706431389,
        "dmean2": 1.00261747837,
        "dvar": 0.73912280798,
        "dvar2": 1.54708909988,
        "max": 24.9329338074,
        "mean": 2.88135290146,
        "median": 2.32920455933,
        "min": -0.686320662498,
        "var": 6.64682912827
    },
    "melbands_spread": {
        "dmean": 5.93003463745,
        "dmean2": 8.93040180206,
        "dvar": 146.66998291,
        "dvar2": 308.784820557,
        "max": 247.106140137,
        "mean": 22.7762432098,
        "median": 17.0226478577,
        "min": 0.250026226044,
        "var": 496.118286133
    },
    "pitch_salience": {
        "dmean": 0.0609160810709,
        "dmean2": 0.0986787751317,
        "dvar": 0.00306118489243,
        "dvar2": 0.00752517860383,
        "max": 0.816571354866,
        "mean": 0.512639820576,
        "median": 0.519632935524,
        "min": 0.0893592387438,
        "var": 0.013034272939
    },
    "silence_rate_20dB": {
        "dmean": 0,
        "dmean2": 0,
        "dvar": 0,
        "dvar2": 0,
        "max": 1,
        "mean": 1,
        "median": 1,
        "min": 1,
        "var": 0
    },
    "silence_rate_30dB": {
        "dmean": 0,
        "dmean2": 0,
        "dvar": 0,
        "dvar2": 0,
        "max": 1,
        "mean": 1,
        "median": 1,
        "min": 1,
        "var": 0
    },
    "silence_rate_60dB": {
        "dmean": 0.00967492256314,
        "dmean2": 0.0193573366851,
        "dvar": 0.00958117842674,
        "dvar2": 0.023627622053,
        "max": 1,
        "mean": 0.0382978729904,
        "median": 0,
        "min": 0,
        "var": 0.0368293747306
    },
    "spectral_centroid": {
        "dmean": 220.596176147,
        "dmean2": 330.456085205,
        "dvar": 104132.273438,
        "dvar2": 203360.265625,
        "max": 5781.64257812,
        "mean": 1311.46228027,
        "median": 1148.6517334,
        "min": 161.667358398,
        "var": 787503.3125
    },
    "spectral_complexity": {
        "dmean": 2.07275533676,
        "dmean2": 3.21370506287,
        "dvar": 7.41177606583,
        "dvar2": 15.1413431168,
        "max": 50,
        "mean": 13.1744680405,
        "median": 12,
        "min": 0,
        "var": 51.4184951782
    },
    "spectral_decrease": {
        "dmean": 1.26325760963e-09,
        "dmean2": 1.86354220943e-09,
        "dvar": 3.09295486897e-18,
        "dvar2": 6.0492698405e-18,
        "max": -1.21238604009e-13,
        "mean": -4.74380179583e-09,
        "median": -4.03448785491e-09,
        "min": -2.49263027996e-08,
        "var": 1.08300226429e-17
    },
    "spectral_energy": {
        "dmean": 0.00504144886509,
        "dmean2": 0.0074344300665,
        "dvar": 4.78392648802e-05,
        "dvar2": 9.36716969591e-05,
        "max": 0.0965528637171,
        "mean": 0.0193501710892,
        "median": 0.0165627766401,
        "min": 4.63502658477e-07,
        "var": 0.000173045133124
    },
    "spectral_energyband_high": {
        "dmean": 0.000252302736044,
        "dmean2": 0.000385054794606,
        "dvar": 9.432996535e-07,
        "dvar2": 2.11183146348e-06,
        "max": 0.0236853379756,
        "mean": 0.000538355729077,
        "median": 0.000198137466214,
        "min": 2.40045894273e-09,
        "var": 1.41465704928e-06
    },
    "spectral_energyband_low": {
        "dmean": 0.0015763330739,
        "dmean2": 0.00223593018018,
        "dvar": 4.42718192062e-06,
        "dvar2": 7.9848423411e-06,
        "max": 0.0434857495129,
        "mean": 0.00459316466004,
        "median": 0.00318497931585,
        "min": 4.10536898698e-07,
        "var": 2.7413620046e-05
    },
    "spectral_energyband_middle_high": {
        "dmean": 0.00132280029356,
        "dmean2": 0.0019795591943,
        "dvar": 6.26286555416e-06,
        "dvar2": 1.40106249091e-05,
        "max": 0.0466386526823,
        "mean": 0.00451171305031,
        "median": 0.00226479466073,
        "min": 4.44663306176e-10,
        "var": 2.71307744697e-05
    },
    "spectral_energyband_middle_low": {
        "dmean": 0.00391252944246,
        "dmean2": 0.00597804039717,
        "dvar": 3.80100100301e-05,
        "dvar2": 7.79079637141e-05,
        "max": 0.0928340032697,
        "mean": 0.0109961861745,
        "median": 0.00829953700304,
        "min": 1.15219958019e-08,
        "var": 0.000106102619611
    },
    "spectral_entropy": {
        "dmean": 0.189166769385,
        "dmean2": 0.283062666655,
        "dvar": 0.0502813532948,
        "dvar2": 0.108585692942,
        "max": 8.76551246643,
        "mean": 6.90907335281,
        "median": 7.05023336411,
        "min": 4.34960603714,
        "var": 0.464394718409
    },
    "spectral_flux": {
        "dmean": 0.0192383807153,
        "dmean2": 0.0306978039443,
        "dvar": 0.000429452105891,
        "dvar2": 0.00109521276318,
        "max": 0.241551622748,
        "mean": 0.0610424689949,
        "median": 0.054893091321,
        "min": 5.67142742511e-05,
        "var": 0.00123858323786
    },
    "spectral_kurtosis": {
        "dmean": 2.94288516045,
        "dmean2": 4.97039365768,
        "dvar": 27.0912227631,
        "dvar2": 68.5464859009,
        "max": 123.366729736,
        "mean": 7.37210702896,
        "median": 3.50574207306,
        "min": -1.31520450115,
        "var": 176.250518799
    },
    "spectral_rms": {
        "dmean": 0.000541191606317,
        "dmean2": 0.000801144866273,
        "dvar": 3.94038124796e-07,
        "dvar2": 7.73520469011e-07,
        "max": 0.0097055612132,
        "mean": 0.00410366477445,
        "median": 0.00401980197057,
        "min": 2.12649410969e-05,
        "var": 2.03817103284e-06
    },
    "spectral_rolloff": {
        "dmean": 418.832336426,
        "dmean2": 712.097229004,
        "dvar": 912868.6875,
        "dvar2": 2003652.875,
        "max": 12209.3261719,
        "mean": 1550.01696777,
        "median": 925.927734375,
        "min": 64.599609375,
        "var": 2790467.25
    },
    "spectral_skewness": {
        "dmean": 0.310939341784,
        "dmean2": 0.496892392635,
        "dvar": 0.151662230492,
        "dvar2": 0.35854408145,
        "max": 9.53866004944,
        "mean": 1.73149955273,
        "median": 1.35635733604,
        "min": -0.139656350017,
        "var": 1.5583435297
    },
    "spectral_spread": {
        "dmean": 465299.75,
        "dmean2": 708376.5,
        "dvar": 534137667584,
        "dvar2": 937792110592,
        "max": 19577372,
        "mean": 4109955.75,
        "median": 3881094,
        "min": 751397.125,
        "var": 3.37029208474e+12
    },
    "spectral_strongpeak": {
        "dmean": 0.444095760584,
        "dmean2": 0.752977967262,
        "dvar": 0.741535127163,
        "dvar2": 1.83297777176,
        "max": 11.8200216293,
        "mean": 0.909271478653,
        "median": 0.538780629635,
        "min": 0,
        "var": 1.12024366856
    },
    "zerocrossingrate": {
        "dmean": 0.00854529999197,
        "dmean2": 0.00978055875748,
        "dvar": 0.000188173216884,
        "dvar2": 0.000177043184522,
        "max": 0.388671875,
        "mean": 0.0529215633869,
        "median": 0.0478515625,
        "min": 0.00439453125,
        "var": 0.00164256384596
    },
    "barkbands": {
        "dmean": [2.58983391177e-06, 0.000369478628272, 0.000890236347914, 0.00177769362926, 0.00183812610339, 0.000441929470981, 0.000560728134587, 0.000397574418457, 0.000492942053825, 0.000413424277212, 0.000426353304647, 0.000273412646493, 0.00013539219799, 0.00010973111057, 6.15207536612e-05, 7.14192428859e-05, 0.000110585577204, 0.0001671990467, 0.000284480309347, 0.000273249432212, 3.56951131835e-05, 7.88085890235e-05, 5.2029521612e-05, 4.41510310338e-05, 2.20062011067e-05, 4.19614934799e-06, 1.86787232792e-07],
        "dmean2": [3.80333563044e-06, 0.0004974512849, 0.00117296248209, 0.00288908206858, 0.00281897513196, 0.00071050907718, 0.00083763076691, 0.00063272746047, 0.000767170800827, 0.000653191178571, 0.000678467215039, 0.000428685889347, 0.000209494101, 0.000170668761712, 9.19752492337e-05, 0.000105306731712, 0.000169337043189, 0.000259233434917, 0.00042873993516, 0.000424630416092, 5.50611403014e-05, 0.000124074751511, 8.28314150567e-05, 7.0198540925e-05, 3.15267425322e-05, 5.56192799195e-06, 2.71633410875e-07],
        "dvar": [2.4718088687e-10, 4.08629006188e-07, 2.0322979708e-06, 1.09332077045e-05, 1.02507274278e-05, 9.80296363196e-07, 2.43966383096e-06, 9.77545369096e-07, 1.43093745919e-06, 1.19057233405e-06, 1.10168855372e-06, 4.57131534404e-07, 1.48047732296e-07, 2.39828580106e-07, 4.25144079941e-08, 4.15533456533e-08, 1.01473752068e-07, 2.95690199437e-07, 4.42816542545e-07, 6.54347161344e-07, 1.82344024324e-08, 2.09076674196e-07, 6.97674025218e-08, 4.46750405558e-08, 1.35880915408e-08, 5.79297665393e-10, 6.86430946806e-13],
        "dvar2": [4.19868168011e-10, 6.77202081079e-07, 3.15373699777e-06, 2.67892210104e-05, 2.19690882659e-05, 2.43896715801e-06, 4.65713128506e-06, 2.46656054514e-06, 3.61111915481e-06, 2.79141431747e-06, 2.95899758385e-06, 1.05441472442e-06, 3.50974517005e-07, 5.94959658429e-07, 8.62187690132e-08, 9.3453337513e-08, 2.25768715723e-07, 7.23901280253e-07, 1.00372562883e-06, 1.70575265201e-06, 4.08248155281e-08, 5.06075821249e-07, 1.45862273371e-07, 1.00694059313e-07, 2.42224995617e-08, 9.80692860253e-10, 1.31998025791e-12],
        "max": [0.000537257874385, 0.0141264144331, 0.031092338264, 0.0413270778954, 0.0509996078908, 0.0279697179794, 0.0534097068012, 0.0151483900845, 0.0196286719292, 0.02286513336, 0.0246948711574, 0.0101307984442, 0.00612680893391, 0.0115266088396, 0.0053828144446, 0.00495128380135, 0.00671164272353, 0.0138071672991, 0.0148066459224, 0.0200492218137, 0.00331418425776, 0.0157326571643, 0.00843092706054, 0.0043727485463, 0.00331878173165, 0.00083904818166, 1.88209069165e-05],
        "mean": [3.17768262903e-06, 0.0010125405388, 0.0023945257999, 0.00305345561355, 0.00358462054282, 0.00113891775254, 0.00152109807823, 0.000666019099299, 0.000893769378308, 0.000795493426267, 0.000834926904645, 0.000543305824976, 0.00023282476468, 0.000181861847523, 0.000113345275167, 0.000152655920829, 0.000234552760958, 0.000328314985381, 0.000653053051792, 0.000593589793425, 5.88120637985e-05, 0.000140086034662, 0.000102388650703, 7.43850832805e-05, 3.56053424184e-05, 6.59887700749e-06, 2.95700999686e-07],
        "median": [4.85063594624e-07, 0.000272019387921, 0.00115447794087, 0.00131447252352, 0.00199104752392, 0.000657075201161, 0.000635311822407, 0.000187857804121, 0.000207715987926, 0.000127898107166, 0.000281112268567, 8.69924915605e-05, 3.49160873157e-05, 1.86979941645e-05, 1.67825219251e-05, 1.68506030604e-05, 2.50491575571e-05, 9.63266938925e-05, 0.000100228564406, 7.44597200537e-05, 2.27796626859e-05, 5.43138958164e-05, 3.10408104269e-05, 1.90847986232e-05, 3.39488769896e-06, 4.40188728135e-07, 4.96822281093e-08],
        "min": [2.64697863628e-09, 3.04972843423e-07, 1.87771775906e-09, 6.17409057213e-09, 7.93845433833e-10, 9.40777247771e-11, 4.69460997854e-11, 2.27546610027e-11, 5.28665652921e-11, 2.78804288684e-11, 2.32439241465e-11, 3.02273518715e-11, 1.47911596166e-11, 2.3406644678e-11, 2.01810027023e-11, 1.33898066246e-11, 2.13630467483e-11, 2.52995419753e-11, 3.96634426691e-11, 4.2266971173e-11, 4.44623053653e-11, 5.40158889839e-11, 1.17554466161e-10, 1.64909030875e-10, 3.01289715399e-10, 5.18535270277e-10, 6.39273467495e-10],
        "var": [4.35972868917e-10, 2.76549440059e-06, 1.39478497658e-05, 2.25768126256e-05, 2.37779386225e-05, 3.58550255442e-06, 1.0696577192e-05, 1.61917728292e-06, 2.80104882222e-06, 2.68047938334e-06, 2.24773339141e-06, 1.33093760724e-06, 3.24894983805e-07, 5.38481685908e-07, 1.33946045366e-07, 1.96246418227e-07, 4.04525223985e-07, 4.29093802268e-07, 1.30636090034e-06, 1.47556716001e-06, 2.15994404584e-08, 1.97062519192e-07, 9.17016436119e-08, 8.38467428821e-08, 3.86029732624e-08, 2.00790806204e-09, 1.5960163963e-12]
    },
    "erbbands": {
        "dmean": [0.0021367170848, 0.122757583857, 0.960294902325, 2.83986878395, 9.02676582336, 4.35541391373, 3.30410432816, 3.55307674408, 6.90873670578, 8.25532341003, 9.7275094986, 10.2373666763, 11.3448429108, 14.7573728561, 13.4155817032, 8.96946620941, 5.62172842026, 4.58269882202, 3.60813832283, 3.13356113434, 4.42090559006, 6.62669706345, 7.75195789337, 10.4939870834, 16.3863716125, 10.86369133, 1.71307170391, 1.56139576435, 3.08274459839, 1.88533687592, 1.51093816757, 1.12089347839, 0.627478122711, 0.318170309067, 0.116936966777, 0.03451134637, 0.00400586938486, 0.000441324053099, 3.49636429746e-05, 7.09323694537e-06],
        "dmean2": [0.00307482085191, 0.161569729447, 1.22270715237, 4.65090465546, 13.308175087, 7.14516353607, 5.2694683075, 5.67561626434, 10.2217121124, 13.0791606903, 15.4899730682, 15.9499797821, 17.3727645874, 22.392326355, 20.6855297089, 13.8687448502, 8.64256668091, 7.02300786972, 5.46659088135, 4.51271867752, 6.47868871689, 10.0686244965, 11.920249939, 15.898021698, 24.6317157745, 16.7073497772, 2.66812992096, 2.36604619026, 4.86739587784, 3.03068089485, 2.38039159775, 1.7787886858, 0.95687776804, 0.469941437244, 0.170015990734, 0.0453632622957, 0.00535218277946, 0.000610672170296, 4.98936351505e-05, 1.02898875411e-05],
        "dvar": [2.03162417165e-05, 0.0454873479903, 2.61814570427, 20.7387733459, 335.842285156, 44.1646690369, 49.0685501099, 84.0925674438, 658.40447998, 293.56552124, 654.442260742, 745.939147949, 706.077087402, 1055.22668457, 985.751953125, 525.596679688, 246.624588013, 317.198455811, 262.224365234, 109.968528748, 158.425231934, 378.048583984, 725.46697998, 1059.64111328, 1300.1862793, 1589.71508789, 34.4335594177, 37.8440856934, 433.495391846, 70.2774505615, 63.9655380249, 28.3338909149, 9.90291309357, 3.03857064247, 0.431597918272, 0.0419980362058, 0.000416572758695, 3.82712414648e-06, 2.48729428165e-08, 1.23744153813e-10],
        "dvar2": [4.14451897086e-05, 0.0714153721929, 3.79337096214, 55.5377159119, 631.958740234, 112.655258179, 119.237136841, 204.091293335, 1223.80090332, 724.671386719, 1681.38037109, 1929.49731445, 1639.42358398, 2589.69775391, 2556.50854492, 1206.15380859, 590.183410645, 738.955505371, 656.383666992, 215.115829468, 344.4609375, 846.205688477, 1762.38061523, 2503.34521484, 2935.97241211, 4196.04785156, 74.6919021606, 88.6354141235, 1045.80114746, 166.196914673, 132.747177124, 68.4788208008, 20.3233966827, 6.14094591141, 0.719919800758, 0.0634877234697, 0.000642331782728, 6.13672045802e-06, 4.59589415414e-08, 2.39997549611e-10],
        "max": [0.116244547069, 4.8097910881, 35.3720321655, 52.8186607361, 265.535797119, 107.735343933, 129.679107666, 325.04284668, 931.332519531, 300.347412109, 512.035400391, 546.183898926, 530.449523926, 437.700500488, 611.655212402, 390.501953125, 284.28918457, 518.967224121, 483.110412598, 329.517120361, 305.196838379, 448.67376709, 793.487121582, 863.011657715, 675.196350098, 1096.33203125, 139.340866089, 136.785202026, 765.217224121, 196.29914856, 284.569152832, 125.724220276, 85.3771362305, 46.0876235962, 20.7871189117, 7.18210554123, 0.634528815746, 0.0566297732294, 0.00353753054515, 0.00019418654847],
        "mean": [0.0055040656589, 0.344314992428, 2.72727942467, 6.12023115158, 15.1732788086, 9.12260818481, 8.09941291809, 9.43831253052, 19.1706562042, 19.3861751556, 17.2817821503, 18.651008606, 23.4445171356, 31.5047931671, 27.7807426453, 18.0703983307, 11.2827177048, 8.72288036346, 6.97501516342, 6.39876556396, 10.2944869995, 14.8501825333, 16.1620388031, 24.2525272369, 43.0293540955, 26.0376758575, 3.5918803215, 2.95437240601, 5.28968191147, 3.48355412483, 2.95954704285, 1.93411946297, 1.02238929272, 0.500690817833, 0.197354584932, 0.055633161217, 0.00679092248902, 0.000733369088266, 6.75149567542e-05, 2.62858793576e-05],
        "median": [0.00213134265505, 0.106823325157, 1.23731267452, 4.0866932869, 6.26028966904, 6.2343044281, 4.57437229156, 4.30970096588, 7.19016313553, 10.3755254745, 5.30685901642, 4.82291650772, 5.1236615181, 13.9905138016, 8.49798870087, 4.05330848694, 2.12459874153, 1.48973691463, 0.856633484364, 1.18063700199, 1.2058814764, 2.17285633087, 5.01350450516, 5.71260499954, 6.61701536179, 4.14448165894, 1.15309488773, 1.30584692955, 2.06736373901, 1.23330509663, 0.858498096466, 0.533243477345, 0.240992620587, 0.0601505227387, 0.0168976224959, 0.00369244976901, 0.000603958207648, 9.33778574108e-05, 2.08286728594e-05, 2.16484713746e-05],
        "min": [1.18628222481e-05, 5.59502514079e-05, 1.56462501764e-05, 2.42582700594e-05, 8.0374229583e-06, 4.34834373664e-06, 1.41277598686e-06, 6.11547420704e-07, 1.09037364382e-06, 5.67446818422e-07, 9.50319247295e-07, 1.22033407024e-06, 1.02191313545e-06, 1.03325271539e-06, 1.21881726045e-06, 1.57891088293e-06, 1.28419901557e-06, 1.28982162551e-06, 1.14279862373e-06, 1.57073839091e-06, 8.20370928523e-07, 1.37361507768e-06, 1.58636146352e-06, 1.64391326507e-06, 2.30084538089e-06, 2.28027329285e-06, 2.16615671889e-06, 1.84919485946e-06, 1.8357314957e-06, 2.88238675239e-06, 3.69949884771e-06, 2.7696903544e-06, 3.1838551422e-06, 2.78770903606e-06, 1.93025721273e-06, 1.27631767555e-06, 8.03854504738e-07, 4.16169598338e-07, 1.03511318628e-07, 8.89672335802e-09],
        "var": [6.79705481161e-05, 0.321608841419, 19.5355892181, 46.9399604797, 815.963928223, 92.7864227295, 121.412635803, 384.985443115, 2957.19213867, 766.485229492, 1046.33374023, 1353.45227051, 1788.76940918, 2450.03076172, 2339.66772461, 1256.51330566, 651.305541992, 747.351806641, 732.954162598, 326.086151123, 841.024291992, 1579.6529541, 1087.9276123, 2304.60058594, 4770.45263672, 3132.36816406, 60.020236969, 42.6492042542, 393.924316406, 78.5657501221, 84.7004547119, 44.8588638306, 20.5983257294, 6.86092996597, 1.42530810833, 0.152911692858, 0.00157209776808, 1.28239726109e-05, 6.18656628149e-08, 4.08236805471e-10]
    },
    "gfcc": {
        "mean": [-50.5423164368, 112.241111755, -113.229484558, 40.292098999, -78.8518600464, 1.6152741909, -29.7314224243, 0.698294222355, -31.3567428589, -20.4804420471, -9.59237575531, -8.62665271759, -16.5821418762],
        "cov": [[8629.34765625, -1181.76025391, -2449.25170898, 574.909484863, -939.363891602, -11.7845878601, -134.456481934, 310.167144775, -405.061157227, -391.900512695, 71.1591415405, -120.189903259, -285.693450928], [-1181.76025391, 1459.69592285, 479.943511963, -288.87298584, 324.041442871, -200.21496582, 58.1501655579, -300.021728516, 206.245910645, 9.49289894104, -28.821969986, -75.467628479, 118.935020447], [-2449.25170898, 479.943511963, 1438.19909668, -184.841323853, 261.814544678, 79.5359268188, -72.9085006714, -133.428100586, 136.743347168, 194.085098267, -97.4820251465, 68.4542160034, 135.450042725], [574.909484863, -288.87298584, -184.841323853, 357.564239502, -0.332422226667, 43.0014266968, -4.76824569702, 43.6824150085, -1.27903354168, -25.6573982239, 26.5063400269, 14.6102581024, -1.16344380379], [-939.363891602, 324.041442871, 261.814544678, -0.332422226667, 442.062988281, 3.33688259125, -94.8575515747, -123.929771423, 147.495071411, 93.731300354, -58.6938896179, -6.27220535278, 49.1998023987], [-11.7845878601, -200.21496582, 79.5359268188, 43.0014266968, 3.33688259125, 223.014419556, 94.3139266968, 64.9541854858, -33.6447372437, 30.1329727173, 36.2948989868, 14.9142503738, -14.7649402618], [-134.456481934, 58.1501655579, -72.9085006714, -4.76824569702, -94.8575515747, 94.3139266968, 397.282012939, 97.359992981, -132.549530029, -48.0013389587, 111.740325928, -12.6810646057, -32.8137817383], [310.167144775, -300.021728516, -133.428100586, 43.6824150085, -123.929771423, 64.9541854858, 97.359992981, 232.688171387, -61.4664230347, -26.2373809814, 72.1896057129, 29.7985954285, -36.4975204468], [-405.061157227, 206.245910645, 136.743347168, -1.27903354168, 147.495071411, -33.6447372437, -132.549530029, -61.4664230347, 228.494384766, 72.7506103516, -58.7602615356, 7.00181484222, 45.8413238525], [-391.900512695, 9.49289894104, 194.085098267, -25.6573982239, 93.731300354, 30.1329727173, -48.0013389587, -26.2373809814, 72.7506103516, 133.665328979, -22.3924121857, 11.6531867981, 20.7525024414], [71.1591415405, -28.821969986, -97.4820251465, 26.5063400269, -58.6938896179, 36.2948989868, 111.740325928, 72.1896057129, -58.7602615356, -22.3924121857, 135.563873291, 25.613161087, -26.735004425], [-120.189903259, -75.467628479, 68.4542160034, 14.6102581024, -6.27220535278, 14.9142503738, -12.6810646057, 29.7985954285, 7.00181484222, 11.6531867981, 25.613161087, 118.800384521, 27.5590782166], [-285.693450928, 118.935020447, 135.450042725, -1.16344380379, 49.1998023987, -14.7649402618, -32.8137817383, -36.4975204468, 45.8413238525, 20.7525024414, -26.735004425, 27.5590782166, 94.7707672119]],
        "icov": [[0.000484224350657, -0.000775607652031, 0.000844541413244, -0.000866610032972, 0.000996668473817, -0.000951512309257, 0.00106528773904, -0.000611345225479, 0.00105382350739, -0.000617519079242, 0.00104754616041, -0.000333799282089, 0.000701224489603], [-0.000775607652031, 0.00422456907108, -0.00203401898034, 0.00313427019864, -0.00281577254646, 0.00362950912677, -0.00366032193415, 0.00348474225029, -0.004431205336, 0.0034887031652, -0.00419678539038, 0.00235509336926, -0.00308167445473], [0.000844541413244, -0.00203401898034, 0.00276707019657, -0.00138597423211, 0.00175057677552, -0.00262961513363, 0.00218328554183, -0.00136647804175, 0.00255086831748, -0.0026587783359, 0.00285209552385, -0.00151418079622, 0.000631204922684], [-0.000866610032972, 0.00313427019864, -0.00138597423211, 0.00588689278811, -0.00283968658186, 0.00196215021424, -0.00263149640523, 0.00220902473666, -0.00369915901683, 0.00316683622077, -0.00375427328981, 0.00140400556847, -0.00314476038329], [0.000996668473817, -0.00281577254646, 0.00175057677552, -0.00283968658186, 0.00607400760055, -0.00319199287333, 0.00292789353989, -0.000919166544918, 0.00177083432209, -0.00330483657308, 0.00309094646946, -0.00110220303759, 0.00207018386573], [-0.000951512309257, 0.00362950912677, -0.00262961513363, 0.00196215021424, -0.00319199287333, 0.00957377068698, -0.00471670227125, 0.00164443033282, -0.00323789101094, 0.0011055538198, -0.00380382826552, 0.00163094303571, -0.00171532167587], [0.00106528773904, -0.00366032193415, 0.00218328554183, -0.00263149640523, 0.00292789353989, -0.00471670227125, 0.00785159133375, -0.00359160848893, 0.0055078859441, -0.0022288011387, 0.0012500731973, -0.000551825971343, 0.00206976640038], [-0.000611345225479, 0.00348474225029, -0.00136647804175, 0.00220902473666, -0.000919166544918, 0.00164443033282, -0.00359160848893, 0.00948177650571, -0.0039769965224, 0.00272103445604, -0.00487969536334, 0.000406440376537, -0.0012616032036], [0.00105382350739, -0.004431205336, 0.00255086831748, -0.00369915901683, 0.00177083432209, -0.00323789101094, 0.0055078859441, -0.0039769965224, 0.0122898863629, -0.00616353936493, 0.00533158704638, -0.00231405138038, 0.00158030167222], [-0.000617519079242, 0.0034887031652, -0.0026587783359, 0.00316683622077, -0.00330483657308, 0.0011055538198, -0.0022288011387, 0.00272103445604, -0.00616353936493, 0.0145764360204, -0.00379016227089, 0.00171864929143, -0.00201628427021], [0.00104754616041, -0.00419678539038, 0.00285209552385, -0.00375427328981, 0.00309094646946, -0.00380382826552, 0.0012500731973, -0.00487969536334, 0.00533158704638, -0.00379016227089, 0.0163659285754, -0.00544616719708, 0.00511028850451], [-0.000333799282089, 0.00235509336926, -0.00151418079622, 0.00140400556847, -0.00110220303759, 0.00163094303571, -0.000551825971343, 0.000406440376537, -0.00231405138038, 0.00171864929143, -0.00544616719708, 0.0122324582189, -0.00533928535879], [0.000701224489603, -0.00308167445473, 0.000631204922684, -0.00314476038329, 0.00207018386573, -0.00171532167587, 0.00206976640038, -0.0012616032036, 0.00158030167222, -0.00201628427021, 0.00511028850451, -0.00533928535879, 0.0171525478363]]
    },
    "melbands": {
        "dmean": [5.45052535017e-05, 0.000377566204406, 0.000728195591364, 0.000476207700558, 0.000117071263958, 8.57359846123e-05, 0.000103476260847, 8.98688740563e-05, 8.50902142702e-05, 6.31907751085e-05, 5.9920228523e-05, 6.26958426437e-05, 5.27827724e-05, 3.35943223035e-05, 1.79584330908e-05, 1.24060961753e-05, 9.17857869354e-06, 7.31343607185e-06, 5.1172419262e-06, 3.88463013223e-06, 5.63604362469e-06, 7.32933358449e-06, 6.94854088579e-06, 8.38933829073e-06, 9.08136280486e-06, 1.1004283806e-05, 1.46313332152e-05, 5.84430517847e-06, 1.09326344955e-06, 7.85370900758e-07, 9.98736595648e-07, 1.8176777985e-06, 1.60640513513e-06, 1.00367890354e-06, 9.6524138371e-07, 7.73138651766e-07, 6.65467098315e-07, 4.67650892233e-07, 3.6185460317e-07, 2.48363761557e-07],
        "dmean2": [7.48067905079e-05, 0.000483025796711, 0.00113124179188, 0.000729540595785, 0.000187130368431, 0.000136301096063, 0.000153230866999, 0.000143145967741, 0.00013610944734, 9.75469592959e-05, 9.24475170905e-05, 9.50005123741e-05, 8.28886404634e-05, 5.08914272359e-05, 2.76244645647e-05, 1.91587005247e-05, 1.39714120451e-05, 1.13344749479e-05, 7.59355725677e-06, 5.69899157199e-06, 8.31381021271e-06, 1.10252231025e-05, 1.07939385998e-05, 1.26524082589e-05, 1.38339946716e-05, 1.65479996213e-05, 2.26450829359e-05, 9.2242116807e-06, 1.71417002548e-06, 1.1946383438e-06, 1.54395866048e-06, 2.87775742436e-06, 2.60597403212e-06, 1.58270324846e-06, 1.5630279222e-06, 1.20339018395e-06, 1.07790526727e-06, 7.14491193321e-07, 5.6454331343e-07, 3.76149188241e-07],
        "dvar": [8.56926885007e-09, 4.1134413209e-07, 1.77091919795e-06, 7.20356467809e-07, 4.74002668227e-08, 4.69516940882e-08, 1.13372124133e-07, 3.1094465669e-08, 5.15839673199e-08, 2.53172185438e-08, 2.0870610129e-08, 1.92756335338e-08, 1.82023871531e-08, 7.28736093691e-09, 3.1795481803e-09, 1.42096445721e-09, 1.610691025e-09, 1.40962741479e-09, 3.17459364352e-10, 1.46307396753e-10, 2.66696081885e-10, 5.36028110787e-10, 4.42701209025e-10, 8.52586445887e-10, 7.82343079209e-10, 6.67055632952e-10, 1.33547850556e-09, 5.31667487813e-10, 1.35038221924e-11, 1.19907018342e-11, 1.41495279035e-11, 1.56717347433e-10, 8.57723544967e-11, 2.08011767533e-11, 3.34247317324e-11, 1.15303235709e-11, 1.14598591033e-11, 5.48021523994e-12, 3.97242698805e-12, 1.90856835544e-12],
        "dvar2": [1.48252583543e-08, 6.00646785642e-07, 3.82111375075e-06, 1.52263828568e-06, 1.11318151141e-07, 1.1231064434e-07, 2.12515814724e-07, 7.71911032871e-08, 1.33816996595e-07, 6.34643271269e-08, 4.90093192695e-08, 4.6170690382e-08, 4.97925185527e-08, 1.58099080494e-08, 7.95007970567e-09, 3.429936557e-09, 3.72536090865e-09, 3.58301521786e-09, 6.50859421913e-10, 2.9871538576e-10, 5.89905013726e-10, 1.22614396414e-09, 1.08350506345e-09, 2.07595518553e-09, 1.86803106317e-09, 1.46028167336e-09, 3.33663563445e-09, 1.40020917083e-09, 2.92942996249e-11, 2.68813062088e-11, 3.4099736923e-11, 3.78623521424e-10, 2.19940010648e-10, 4.9553802034e-11, 6.95963842112e-11, 2.73320064498e-11, 2.84068966266e-11, 1.15707912002e-11, 8.32574200554e-12, 4.02082100254e-12],
        "max": [0.00199143239297, 0.0141692152247, 0.0186448507011, 0.0134095670655, 0.00377113139257, 0.00660211034119, 0.0120367193595, 0.00278044608422, 0.00477927690372, 0.00302214827389, 0.00283590401523, 0.00207856972702, 0.0031904890202, 0.00122855498921, 0.00139837153256, 0.000619784288574, 0.00117154605687, 0.00106501893606, 0.000504942552652, 0.000330106267938, 0.000315921526635, 0.000627238303423, 0.00046943326015, 0.000777798239142, 0.000716360518709, 0.000519732420798, 0.000693260633852, 0.000643106235657, 9.23888947e-05, 8.96037236089e-05, 9.1671012342e-05, 0.000489800819196, 0.00021197629394, 0.000132165776449, 0.000202443086891, 0.000106443243567, 8.12042271718e-05, 6.74531329423e-05, 4.87836441607e-05, 3.31054907292e-05],
        "mean": [0.000148568156874, 0.00106756656896, 0.0014220479643, 0.000907833920792, 0.000283518573269, 0.000229292054428, 0.000289788004011, 0.000193893385585, 0.000145656202221, 0.000115883289254, 0.000120178010548, 0.00012892052473, 0.000105221915874, 6.53395545669e-05, 3.30965558533e-05, 2.12875129364e-05, 1.59289138537e-05, 1.22694318634e-05, 9.62929880188e-06, 8.1082835095e-06, 1.19301075756e-05, 1.5645453459e-05, 1.29511281557e-05, 1.59563824127e-05, 1.92782172235e-05, 2.66909682978e-05, 3.53129507857e-05, 1.2515322851e-05, 1.87447471944e-06, 1.2428139371e-06, 1.83123938768e-06, 3.12695033244e-06, 2.52739050666e-06, 1.76895605364e-06, 1.80447625553e-06, 1.39407541155e-06, 1.09462405362e-06, 7.48212642065e-07, 5.43751013993e-07, 3.78591323624e-07],
        "median": [4.17307091993e-05, 0.000477106746985, 0.000803831208032, 0.00049153045984, 0.000177322668605, 0.000117320247227, 0.00011795602768, 9.95640220935e-05, 3.3759377402e-05, 2.57137417066e-05, 2.04607877095e-05, 5.27095398866e-05, 3.78779805033e-05, 8.52546781971e-06, 5.55339693165e-06, 3.92043011743e-06, 2.03217541639e-06, 8.43122165861e-07, 1.45255705775e-06, 1.05812500806e-06, 1.09189534214e-06, 1.58316061061e-06, 2.32465436056e-06, 4.34808180216e-06, 3.89901379094e-06, 3.77027276954e-06, 4.65084485768e-06, 1.27905514091e-06, 4.65627891799e-07, 4.3783717274e-07, 7.05551258307e-07, 1.22090136756e-06, 8.20283787561e-07, 5.25858638412e-07, 4.55349692174e-07, 4.05948497928e-07, 2.39653871859e-07, 1.62267539849e-07, 8.83692194975e-08, 3.10058432262e-08],
        "min": [9.93367450519e-08, 4.84846047755e-08, 3.33210459225e-09, 3.11023456989e-10, 8.02833910463e-11, 1.25416942456e-11, 1.73172760853e-11, 5.22434786404e-12, 9.03953474574e-12, 6.72988314382e-12, 3.81615485739e-12, 3.92037661015e-12, 2.90458217374e-12, 4.70005024483e-12, 2.43858904424e-12, 2.26876894008e-12, 2.20006608417e-12, 1.56126468091e-12, 1.58542341581e-12, 1.34763359326e-12, 7.712482996e-13, 1.37946761219e-12, 1.03310881985e-12, 1.13583968619e-12, 1.21083958832e-12, 1.19750227529e-12, 1.11321021845e-12, 1.26033309223e-12, 8.93575090224e-13, 8.36848927828e-13, 1.02633027944e-12, 8.93314664862e-13, 1.26562540829e-12, 1.59597975027e-12, 2.04680868608e-12, 1.64469718227e-12, 1.52709290525e-12, 1.92843679393e-12, 2.14437495538e-12, 2.0135585907e-12],
        "var": [5.55394628066e-08, 3.03130832435e-06, 4.10058828493e-06, 1.66118979905e-06, 1.22853606399e-07, 1.93094564338e-07, 5.1619167607e-07, 7.36496872378e-08, 8.26042096946e-08, 5.29238732838e-08, 5.16230294068e-08, 4.36786997682e-08, 3.76049165141e-08, 2.22256684168e-08, 7.43123962366e-09, 2.73322475763e-09, 3.45652151346e-09, 3.36166805504e-09, 1.02284258841e-09, 5.5490789741e-10, 1.12454301426e-09, 2.17857554219e-09, 8.29034674243e-10, 1.15433840264e-09, 1.72297565104e-09, 2.02305328045e-09, 4.03107502933e-09, 1.01856201251e-09, 2.36999257025e-11, 1.34972198348e-11, 1.57772007264e-11, 1.43410311404e-10, 7.19019149775e-11, 2.34398420812e-11, 4.08971016774e-11, 1.6670505254e-11, 1.86668996233e-11, 1.12521285692e-11, 7.49551028884e-12, 4.28894333243e-12]
    },
    "mfcc": {
        "mean": [-689.061401367, 129.307952881, 18.410654068, 30.8981533051, -14.908495903, -5.0287938118, 2.29594397545, 13.7039966583, -16.8898258209, -4.29831409454, -6.57246351242, -9.61034202576, -1.35946011543],
        "cov": [[7857.40576172, -1898.26025391, -1436.99414062, 76.5155258179, -613.54498291, -473.096893311, 108.064811707, 491.595825195, -521.376708984, 101.600692749, -11.9297246933, -160.471710205, -2.18128490448], [-1898.26025391, 1813.32861328, 381.701629639, 29.2225646973, 197.214752197, 173.93031311, -148.739959717, -254.750946045, 155.45664978, -65.8823776245, -49.6472206116, 29.5172100067, -65.534324646], [-1436.99414062, 381.701629639, 889.13293457, -34.3709564209, 86.5663070679, 110.954467773, 31.3986091614, -88.1218643188, 146.461257935, -61.2753486633, -29.8637866974, 56.6889572144, 14.8660707474], [76.5155258179, 29.2225646973, -34.3709564209, 258.426239014, 74.2959899902, 50.6042861938, -43.9517936707, -9.04585456848, 17.0364894867, -17.8296699524, -32.2851409912, 3.2937514782, 34.0579605103], [-613.54498291, 197.214752197, 86.5663070679, 74.2959899902, 506.555480957, 142.210128784, -251.768051147, -168.645965576, 120.256202698, 4.89969444275, -27.6494979858, 43.4448661804, 31.5926437378], [-473.096893311, 173.93031311, 110.954467773, 50.6042861938, 142.210128784, 262.206115723, -14.936882019, -93.4036331177, 91.201499939, -2.28929901123, -8.59605789185, 61.8759918213, -7.70020151138], [108.064811707, -148.739959717, 31.3986091614, -43.9517936707, -251.768051147, -14.936882019, 419.106048584, 177.839096069, -71.5704421997, 22.9425888062, 71.7067947388, -2.63968253136, -23.1845626831], [491.595825195, -254.750946045, -88.1218643188, -9.04585456848, -168.645965576, -93.4036331177, 177.839096069, 252.382843018, -64.4163818359, 10.3517026901, 56.4686851501, -0.801289856434, 24.7813148499], [-521.376708984, 155.45664978, 146.461257935, 17.0364894867, 120.256202698, 91.201499939, -71.5704421997, -64.4163818359, 180.828872681, 5.36556053162, -20.4277362823, 38.9298706055, 10.9757509232], [101.600692749, -65.8823776245, -61.2753486633, -17.8296699524, 4.89969444275, -2.28929901123, 22.9425888062, 10.3517026901, 5.36556053162, 155.184036255, 33.3696098328, -26.273891449, -3.40713477135], [-11.9297246933, -49.6472206116, -29.8637866974, -32.2851409912, -27.6494979858, -8.59605789185, 71.7067947388, 56.4686851501, -20.4277362823, 33.3696098328, 128.134750366, 16.4769153595, -16.659866333], [-160.471710205, 29.5172100067, 56.6889572144, 3.2937514782, 43.4448661804, 61.8759918213, -2.63968253136, -0.801289856434, 38.9298706055, -26.273891449, 16.4769153595, 112.562004089, 18.0262737274], [-2.18128490448, -65.534324646, 14.8660707474, 34.0579605103, 31.5926437378, -7.70020151138, -23.1845626831, 24.7813148499, 10.9757509232, -3.40713477135, -16.659866333, 18.0262737274, 127.722846985]],
