{
"lowlevel": {
    "average_loudness": 0.958011090755,
    "barkbands_crest": {
        "dmean": 2.22222924232,
        "dmean2": 3.59103250504,
        "dvar": 5.36445426941,
        "dvar2": 12.0002098083,
        "max": 22.2147331238,
        "mean": 7.36038732529,
        "median": 6.30892515182,
        "min": 2.49285507202,
        "var": 12.4548416138
    },
    "barkbands_flatness_db": {
        "dmean": 0.0156084895134,
        "dmean2": 0.0250444114208,
        "dvar": 0.00022709989571,
        "dvar2": 0.000524607137777,
        "max": 0.28519782424,
        "mean": 0.10668091476,
        "median": 0.102952212095,
        "min": 0.0339855030179,
        "var": 0.000713042274583
    },
    "barkbands_kurtosis": {
        "dmean": 1.21406722069,
        "dmean2": 1.99638485909,
        "dvar": 4.36228752136,
        "dvar2": 10.2632865906,
        "max": 33.1279296875,
        "mean": 0.459138095379,
        "median": -0.565386772156,
        "min": -1.78023159504,
        "var": 10.6188173294
    },
    "barkbands_skewness": {
        "dmean": 0.426970303059,
        "dmean2": 0.686484396458,
        "dvar": 0.197156906128,
        "dvar2": 0.462210148573,
        "max": 5.02628469467,
        "mean": 0.868162930012,
        "median": 0.746582090855,
        "min": -2.00698065758,
        "var": 0.699487090111
    },
    "barkbands_spread": {
        "dmean": 5.5179142952,
        "dmean2": 8.72550010681,
        "dvar": 33.3795394897,
        "dvar2": 74.7476730347,
        "max": 107.444496155,
        "mean": 32.7598114014,
        "median": 32.9243812561,
        "min": 2.13496541977,
        "var": 108.121734619
    },
    "dissonance": {
        "dmean": 0.00959364045411,
        "dmean2": 0.0164985693991,
        "dvar": 9.4100170827e-05,
        "dvar2": 0.000269142095931,
        "max": 0.500000059605,
        "mean": 0.483678549528,
        "median": 0.486427605152,
        "min": 0.38827380538,
        "var": 0.000144013742101
    },
    "dynamic_complexity": 2.14671564102,
    "erbbands_crest": {
        "dmean": 2.09283947945,
        "dmean2": 3.51056599617,
        "dvar": 3.6638841629,
        "dvar2": 9.6478767395,
        "max": 24.2303657532,
        "mean": 7.09096288681,
        "median": 6.54844045639,
        "min": 2.39054346085,
        "var": 7.86094045639
    },
    "erbbands_flatness_db": {
        "dmean": 0.0128130335361,
        "dmean2": 0.0192829538137,
        "dvar": 0.000155028130393,
        "dvar2": 0.000325666012941,
        "max": 0.245226427913,
        "mean": 0.143627122045,
        "median": 0.142613574862,
        "min": 0.0425570420921,
        "var": 0.00079330051085
    },
    "erbbands_kurtosis": {
        "dmean": 0.631890177727,
        "dmean2": 1.02871358395,
        "dvar": 0.437292814255,
        "dvar2": 1.11854207516,
        "max": 6.50011253357,
        "mean": 0.101415462792,
        "median": -0.17976641655,
        "min": -1.54110753536,
        "var": 1.26586127281
    },
    "erbbands_skewness": {
        "dmean": 0.270308822393,
        "dmean2": 0.428617656231,
        "dvar": 0.0554744973779,
        "dvar2": 0.12935565412,
        "max": 2.07644248009,
        "mean": -0.368138462305,
        "median": -0.417249679565,
        "min": -2.18010878563,
        "var": 0.27529156208
    },
    "erbbands_spread": {
        "dmean": 6.98895072937,
        "dmean2": 11.1259803772,
        "dvar": 43.3930931091,
        "dvar2": 102.8176651,
        "max": 95.2106704712,
        "mean": 38.0987510681,
        "median": 36.3100242615,
        "min": 8.50468063354,
        "var": 177.089752197
    },
    "hfc": {
        "dmean": 5.56482601166,
        "dmean2": 8.5578212738,
        "dvar": 43.6959762573,
        "dvar2": 107.430976868,
        "max": 80.2088470459,
        "mean": 28.0969562531,
        "median": 28.8530540466,
        "min": 1.15340052911e-16,
        "var": 229.118713379
    },
    "melbands_crest": {
        "dmean": 3.03618431091,
        "dmean2": 4.85693979263,
        "dvar": 8.62134075165,
        "dvar2": 19.09790802,
        "max": 30.6824874878,
        "mean": 11.6617574692,
        "median": 10.4911184311,
        "min": 1.77390384674,
        "var": 23.0910167694
    },
    "melbands_flatness_db": {
        "dmean": 0.0212763659656,
        "dmean2": 0.033411629498,
        "dvar": 0.00049713201588,
        "dvar2": 0.00109505851287,
        "max": 0.366197764874,
        "mean": 0.141743019223,
        "median": 0.134136706591,
        "min": 0.00383647857234,
        "var": 0.00174301082734
    },
    "melbands_kurtosis": {
        "dmean": 3.84813952446,
        "dmean2": 6.3682551384,
        "dvar": 39.1773338318,
        "dvar2": 99.1053848267,
        "max": 74.8658981323,
        "mean": 6.05086660385,
        "median": 3.33481884003,
        "min": -1.56313240528,
        "var": 71.2001113892
    },
    "melbands_skewness": {
        "dmean": 0.588550209999,
        "dmean2": 0.954987883568,
        "dvar": 0.44213116169,
        "dvar2": 1.0567343235,
        "max": 7.77155923843,
        "mean": 2.09752035141,
        "median": 1.91256999969,
        "min": -0.935610234737,
        "var": 1.26810956001
    },
    "melbands_spread": {
        "dmean": 9.07690906525,
        "dmean2": 14.351067543,
        "dvar": 79.6103286743,
        "dvar2": 180.58454895,
        "max": 149.373336792,
        "mean": 37.3114280701,
        "median": 36.8298988342,
        "min": 2.46753334999,
        "var": 271.009033203
    },
    "pitch_salience": {
        "dmean": 0.0643176585436,
        "dmean2": 0.104827679694,
        "dvar": 0.00349142518826,
        "dvar2": 0.00816612970084,
        "max": 0.912168741226,
        "mean": 0.62767380476,
        "median": 0.642221868038,
        "min": 0.232157215476,
        "var": 0.00890604313463
    },
    "silence_rate_20dB": {
        "dmean": 0,
        "dmean2": 0,
        "dvar": 0,
        "dvar2": 0,
        "max": 1,
        "mean": 1,
        "median": 1,
        "min": 1,
        "var": 0
    },
    "silence_rate_30dB": {
        "dmean": 0,
        "dmean2": 0,
        "dvar": 0,
        "dvar2": 0,
        "max": 1,
        "mean": 1,
        "median": 1,
        "min": 1,
        "var": 0
    },
    "silence_rate_60dB": {
        "dmean": 0.0135448919609,
        "dmean2": 0.027100270614,
        "dvar": 0.0133610907942,
        "dvar2": 0.0286870039999,
        "max": 1,
        "mean": 0.0588007718325,
        "median": 0,
        "min": 0,
        "var": 0.0553487055004
    },
    "spectral_centroid": {
        "dmean": 247.474578857,
        "dmean2": 394.105194092,
        "dvar": 109875.023438,
        "dvar2": 205995.515625,
        "max": 11162.2148438,
        "mean": 1845.75256348,
        "median": 1873.17236328,
        "min": 277.147460938,
        "var": 379198.3125
    },
    "spectral_complexity": {
        "dmean": 4.25038719177,
        "dmean2": 6.58691453934,
        "dvar": 13.1822252274,
        "dvar2": 28.7069511414,
        "max": 54,
        "mean": 31.1029014587,
        "median": 34,
        "min": 0,
        "var": 125.976387024
    },
    "spectral_decrease": {
        "dmean": 2.16184670165e-09,
        "dmean2": 3.54883455955e-09,
        "dvar": 1.318845519e-17,
        "dvar2": 3.41055864066e-17,
        "max": 1.49819306117e-28,
        "mean": -6.82236933613e-09,
        "median": -6.40493391657e-09,
        "min": -3.64986583179e-08,
        "var": 1.9351081448e-17
    },
    "spectral_energy": {
        "dmean": 0.00847311876714,
        "dmean2": 0.0138634471223,
        "dvar": 0.000196784661966,
        "dvar2": 0.000509457429871,
        "max": 0.141163885593,
        "mean": 0.0282976962626,
        "median": 0.0270657148212,
        "min": 1.04442344457e-20,
        "var": 0.000306591129629
    },
    "spectral_energyband_high": {
        "dmean": 0.000344603526173,
        "dmean2": 0.000529166136403,
        "dvar": 2.42878570589e-07,
        "dvar2": 5.54197413294e-07,
        "max": 0.00735912146047,
        "mean": 0.0011893750634,
        "median": 0.0010172969196,
        "min": 7.45212426066e-21,
        "var": 8.74061015566e-07
    },
    "spectral_energyband_low": {
        "dmean": 0.00537108443677,
        "dmean2": 0.00900253467262,
        "dvar": 0.0001501449442,
        "dvar2": 0.000382884521969,
        "max": 0.123886987567,
        "mean": 0.00881348084658,
        "median": 0.00576599314809,
        "min": 3.10868341741e-23,
        "var": 0.000157642774866
    },
    "spectral_energyband_middle_high": {
        "dmean": 0.00198586611077,
        "dmean2": 0.00304791633971,
        "dvar": 5.40408154848e-06,
        "dvar2": 1.27199482449e-05,
        "max": 0.045975562185,
        "mean": 0.00831630453467,
        "median": 0.00778242899105,
        "min": 1.39633479421e-21,
        "var": 3.02246535284e-05
    },
    "spectral_energyband_middle_low": {
        "dmean": 0.00424419390038,
        "dmean2": 0.00703626731411,
        "dvar": 3.96053910663e-05,
        "dvar2": 0.000110717322968,
        "max": 0.121806941926,
        "mean": 0.0113441087306,
        "median": 0.00990052800626,
        "min": 3.11897855709e-22,
        "var": 6.52024464216e-05
    },
    "spectral_entropy": {
        "dmean": 0.0897800549865,
        "dmean2": 0.135130897164,
        "dvar": 0.0102835027501,
        "dvar2": 0.0189216285944,
        "max": 9.82320785522,
        "mean": 7.87927865982,
        "median": 7.89152574539,
        "min": 6.2095413208,
        "var": 0.0509546026587
    },
    "spectral_flux": {
        "dmean": 0.0217942893505,
        "dmean2": 0.0350634492934,
        "dvar": 0.000868574192282,
        "dvar2": 0.00174395542126,
        "max": 0.334598690271,
        "mean": 0.0919665470719,
        "median": 0.0860744342208,
        "min": 6.80962439215e-11,
        "var": 0.00183949735947
    },
    "spectral_kurtosis": {
        "dmean": 1.04940414429,
        "dmean2": 1.75342917442,
        "dvar": 1.26371645927,
        "dvar2": 3.35218095779,
        "max": 24.172460556,
        "mean": 3.68926692009,
        "median": 3.4239320755,
        "min": -1.21343207359,
        "var": 2.92270827293
    },
    "spectral_rms": {
        "dmean": 0.00071237568045,
        "dmean2": 0.00112670811359,
        "dvar": 8.65505683123e-07,
        "dvar2": 2.09136783269e-06,
        "max": 0.0117354532704,
        "mean": 0.00498856510967,
        "median": 0.00513863563538,
        "min": 3.19209914577e-12,
        "var": 2.72168836091e-06
    },
    "spectral_rolloff": {
        "dmean": 481.631347656,
        "dmean2": 772.079101562,
        "dvar": 442426.84375,
        "dvar2": 900060.25,
        "max": 19573.6816406,
        "mean": 2246.75537109,
        "median": 2304.05273438,
        "min": 107.666015625,
        "var": 2167895.25
    },
    "spectral_skewness": {
        "dmean": 0.15363997221,
        "dmean2": 0.247833281755,
        "dvar": 0.0211409628391,
        "dvar2": 0.0502698123455,
        "max": 3.86977624893,
        "mean": 1.3233910799,
        "median": 1.29967856407,
        "min": -0.011304824613,
        "var": 0.0815876796842
    },
    "spectral_spread": {
        "dmean": 405579.875,
        "dmean2": 595655.625,
        "dvar": 1.23172487168e+12,
        "dvar2": 2.01554185421e+12,
        "max": 41355400,
        "mean": 4283191.5,
        "median": 4032294,
        "min": 2104343.75,
        "var": 3.70351511962e+12
    },
    "spectral_strongpeak": {
        "dmean": 0.501890361309,
        "dmean2": 0.873583734035,
        "dvar": 0.864742040634,
        "dvar2": 2.21544146538,
        "max": 8.29499721527,
        "mean": 0.771332025528,
        "median": 0.381784558296,
        "min": 0,
        "var": 1.2075959444
    },
    "zerocrossingrate": {
        "dmean": 0.00928187929094,
        "dmean2": 0.0108249858022,
        "dvar": 0.000125385573483,
        "dvar2": 0.000172892774572,
        "max": 0.51416015625,
        "mean": 0.0800326019526,
        "median": 0.0771484375,
        "min": 0.009765625,
        "var": 0.00139479641803
    },
    "barkbands": {
        "dmean": [0.000120100383356, 0.00307896267623, 0.00250533851795, 0.00144143856596, 0.00219110772014, 0.00126265059225, 0.000641574966721, 0.000507208227646, 0.000648085668217, 0.00043944400386, 0.000455240980955, 0.000338594196364, 0.000289106392302, 0.000467312405817, 0.000499413232319, 0.000597075500991, 0.000720961019397, 0.000223478462431, 0.000221923153731, 0.000159366609296, 0.000138379022246, 0.000105665734736, 6.3795792812e-05, 4.10034990637e-05, 2.68102103291e-05, 1.71835854417e-05, 6.32496544029e-09],
        "dmean2": [0.000203645395231, 0.00502666924149, 0.00449103489518, 0.00249275495298, 0.00374884880148, 0.00204130029306, 0.00107291678432, 0.000789224752225, 0.00104048359208, 0.000708345498424, 0.000739137409255, 0.000563579553273, 0.000460729497718, 0.000767418649048, 0.000803015078418, 0.000978900119662, 0.00118386233225, 0.000372304057237, 0.000365041720215, 0.000260227592662, 0.000221144407988, 0.000166847719811, 0.000104602819192, 6.51575464872e-05, 3.83249243896e-05, 2.53340949712e-05, 1.17131095934e-08],
        "dvar": [6.8756968119e-08, 4.75418964925e-05, 4.82378309243e-05, 5.20886032973e-06, 1.16236878966e-05, 3.94499511458e-06, 2.26455335905e-06, 8.8322241254e-07, 1.46537843193e-06, 4.93408151669e-07, 1.16061039535e-06, 3.47745043427e-07, 2.15604131881e-07, 6.64253718696e-07, 7.11316204161e-07, 5.86919384205e-07, 7.66635082528e-07, 6.73616966651e-08, 7.36451966077e-08, 4.58486724142e-08, 4.08349016823e-08, 2.55377887726e-08, 1.45631249282e-08, 6.09562578191e-09, 1.70453595683e-09, 1.10804809772e-09, 4.87343423758e-16],
        "dvar2": [1.81346493378e-07, 9.89062318695e-05, 0.000140206568176, 1.45220328704e-05, 3.33274292643e-05, 9.4934448498e-06, 6.25918801234e-06, 1.84829673344e-06, 3.42825205735e-06, 1.15743921469e-06, 2.85607666228e-06, 7.96521476332e-07, 4.91340642839e-07, 1.65342839864e-06, 1.72698844381e-06, 1.49067670918e-06, 2.06869549402e-06, 1.78723396971e-07, 1.92198001514e-07, 1.13892767217e-07, 9.46150322534e-08, 6.22504714443e-08, 3.58477372231e-08, 1.59350932449e-08, 3.66664854035e-09, 2.48082154819e-09, 1.3761440421e-15],
        "max": [0.00306938099675, 0.0649303868413, 0.0681288614869, 0.0280876606703, 0.0544195175171, 0.0351134315133, 0.0304079707712, 0.0181488972157, 0.025431053713, 0.0206979531795, 0.033059053123, 0.0140633285046, 0.0099027659744, 0.0161309987307, 0.0199217423797, 0.00982661172748, 0.0131695596501, 0.00472868653014, 0.0037695041392, 0.00351483956911, 0.00369099597447, 0.00241086818278, 0.00217969552614, 0.00210749451071, 0.00090583122801, 0.000451371219242, 3.63120648217e-07],
        "mean": [0.000125970676891, 0.00455747963861, 0.00294989976101, 0.00203777872957, 0.00381329562515, 0.00218634470366, 0.00085410970496, 0.000895904726349, 0.00121226138435, 0.000829160853755, 0.000737477035727, 0.0005527890753, 0.000494409992825, 0.000834673759528, 0.000918437319342, 0.00122054398526, 0.00157320406288, 0.000533023267053, 0.000588969152886, 0.000414129463024, 0.000354445452103, 0.000276536797173, 0.000135387759656, 9.69923567027e-05, 6.75528644933e-05, 3.69201879948e-05, 4.15388612396e-09],
        "median": [3.71694804926e-05, 0.00242015882395, 0.0017085110303, 0.00131570524536, 0.00279407482594, 0.00113259011414, 0.000415841233917, 0.000354719435563, 0.000584897003137, 0.000458172638901, 0.000392432586523, 0.000334286771249, 0.000303414592054, 0.000483979121782, 0.00050398305757, 0.000923137762584, 0.00124626781326, 0.000437731679995, 0.000461707386421, 0.00032477005152, 0.00025489620748, 0.000211186415982, 9.33658375288e-05, 7.57897723815e-05, 3.84441700589e-05, 1.40272895806e-05, 4.4848436076e-10],
        "min": [2.96202695705e-24, 6.91601297583e-24, 1.02468290534e-23, 1.33012393139e-23, 2.28384161967e-23, 3.52580434955e-23, 3.62198605765e-23, 3.38665181023e-23, 3.07639344729e-23, 2.56482708991e-23, 2.80967389544e-23, 5.94084268855e-23, 7.34363238445e-23, 2.75605596635e-23, 7.78216142384e-23, 6.59265952187e-23, 1.68797641843e-22, 1.20312294234e-22, 1.88015959569e-22, 2.77295917295e-22, 2.96214619338e-22, 4.01018917917e-22, 3.88576271657e-22, 8.07652505995e-22, 1.07371284781e-21, 1.64737512342e-21, 2.26346140449e-21],
        "var": [7.04491398551e-08, 6.2327751948e-05, 2.98504128295e-05, 5.45669945495e-06, 1.57166214194e-05, 9.25460790313e-06, 2.44354964707e-06, 2.59737930719e-06, 4.47821366834e-06, 2.04928051062e-06, 1.95631878341e-06, 6.02664385951e-07, 4.62679338398e-07, 1.3390111917e-06, 1.93446498997e-06, 1.36141363782e-06, 1.99245755539e-06, 1.98235099447e-07, 2.73635407666e-07, 1.57824658231e-07, 1.43716803791e-07, 7.08136980165e-08, 2.6552397614e-08, 1.11357500998e-08, 5.81044901082e-09, 2.78686074218e-09, 3.00288823441e-16]
    },
    "erbbands": {
        "dmean": [0.0984409376979, 0.755854964256, 2.62320160866, 3.90456175804, 6.07243061066, 8.48591804504, 7.79685211182, 11.7692136765, 10.0325527191, 8.22941017151, 11.1006479263, 15.4897985458, 13.7733163834, 14.1527862549, 17.8858318329, 13.9657068253, 13.0780315399, 20.4728126526, 25.6315765381, 24.1431827545, 35.9238395691, 36.1703529358, 13.8953971863, 11.6260271072, 9.73019886017, 7.21551561356, 6.47852087021, 4.85466146469, 3.84766125679, 3.09281206131, 1.61422300339, 1.14381182194, 0.546947538853, 0.318146437407, 0.19574470818, 0.117608144879, 0.0234258808196, 0.000470273167593, 1.96184464585e-05, 1.03690736069e-05],
        "dmean2": [0.153256908059, 1.26920640469, 4.67704677582, 6.79925632477, 10.3862314224, 14.6748590469, 12.8367099762, 18.9658107758, 16.3801364899, 13.2809276581, 17.6458377838, 24.9320278168, 21.8773479462, 22.8923854828, 29.1357345581, 22.8825683594, 20.7357521057, 33.7036247253, 41.7204399109, 38.8837852478, 58.9229202271, 59.998046875, 23.0432052612, 19.184720993, 16.1132621765, 11.8166799545, 10.098074913, 7.8401017189, 6.10891771317, 4.85706663132, 2.66389036179, 1.87818562984, 0.846430540085, 0.474302470684, 0.27477517724, 0.169529497623, 0.0361028239131, 0.000721300835721, 2.89701856673e-05, 1.65319361258e-05],
        "dvar": [0.0544144064188, 2.91563987732, 55.5875816345, 60.4865684509, 135.912811279, 138.008087158, 146.373916626, 384.444458008, 438.975219727, 297.347991943, 456.088897705, 978.070556641, 593.689331055, 657.823852539, 1685.7734375, 471.600189209, 468.212310791, 1213.22265625, 2090.27905273, 1615.20898438, 1989.3380127, 1960.2722168, 230.308120728, 197.407119751, 134.371353149, 97.8159561157, 103.8021698, 46.2627677917, 34.0688972473, 24.0945262909, 11.6150274277, 4.78224658966, 0.962934732437, 0.289143145084, 0.109467484057, 0.0490373186767, 0.00209300080314, 8.17754767013e-07, 1.15056852934e-09, 2.67263822185e-10],
        "dvar2": [0.113797202706, 7.09141492844, 161.801956177, 175.379974365, 393.801330566, 384.94519043, 351.067779541, 941.368103027, 1175.99047852, 758.399108887, 939.066711426, 2346.83081055, 1268.23461914, 1599.33325195, 4058.43823242, 1170.53588867, 1067.17504883, 3066.80053711, 5041.19824219, 3864.44140625, 5086.36621094, 5186.43066406, 607.780822754, 530.28692627, 358.052764893, 248.552597046, 225.349960327, 112.070716858, 83.0215759277, 57.6338844299, 29.2147159576, 12.8312749863, 2.3276450634, 0.681823253632, 0.235005915165, 0.10658955574, 0.00493530044332, 1.90426169411e-06, 2.59336530029e-09, 6.84213130597e-10],
        "max": [2.60349655151, 17.0751094818, 67.3354263306, 81.6759109497, 242.804260254, 156.846252441, 215.934127808, 427.414398193, 415.119903564, 388.711395264, 454.010375977, 613.603637695, 778.00213623, 569.538513184, 1054.33032227, 344.166259766, 536.276428223, 502.685302734, 1070.49414062, 599.45703125, 681.969665527, 822.480224609, 246.400878906, 193.98815918, 168.2996521, 215.250579834, 182.14503479, 104.130714417, 103.305770874, 68.0512313843, 66.4128723145, 41.5223770142, 30.1535339355, 16.0231323242, 5.30299758911, 3.23962473869, 0.610805392265, 0.0117358509451, 0.000413791945903, 0.000163693825016],
        "mean": [0.126105070114, 1.05461883545, 3.11906266212, 5.84713506699, 9.2981595993, 13.4509973526, 13.5158853531, 20.0318565369, 14.9646444321, 13.228679657, 20.3618087769, 27.8679161072, 29.0138835907, 25.2765827179, 31.1683006287, 24.4962081909, 23.9982395172, 38.201877594, 49.3163146973, 49.8236312866, 79.5224990845, 83.3146362305, 36.5532112122, 29.1505279541, 26.4411849976, 19.4776916504, 16.560918808, 12.2933454514, 9.91356945038, 7.38210439682, 3.43131685257, 2.50324654579, 1.32314693928, 0.770224750042, 0.466861099005, 0.263624101877, 0.0446252040565, 0.000929230824113, 5.50993754587e-05, 3.90587956645e-05],
        "median": [0.0542405806482, 0.593548357487, 1.80207931995, 4.14448070526, 6.79877138138, 8.68887424469, 8.04271507263, 8.56316661835, 7.73429632187, 6.41284990311, 9.75013256073, 14.1816072464, 14.6550645828, 15.789270401, 17.1665687561, 15.5043992996, 15.6135253906, 23.6265792847, 28.3689117432, 31.3101119995, 63.4902992249, 68.3759384155, 31.4066677094, 22.960477829, 20.7920703888, 15.6524772644, 11.4527702332, 9.27654075623, 7.70192193985, 5.13595533371, 2.43874764442, 1.81447350979, 1.05170345306, 0.507985115051, 0.217591241002, 0.106739528477, 0.0150445336476, 0.000335126067512, 3.57277167495e-05, 3.78439945052e-05],
        "min": [5.66829377015e-23, 2.30374687747e-21, 1.19821045683e-20, 3.47064951747e-20, 4.22520044106e-20, 6.23511297401e-20, 1.49919209421e-19, 2.36007346663e-19, 4.41286329438e-19, 5.73682635235e-19, 7.08203089146e-19, 7.61730101681e-19, 8.22016368892e-19, 1.76874727573e-18, 1.35471846033e-18, 2.23650240249e-18, 4.38712070993e-18, 2.61122742089e-18, 2.52731263608e-18, 4.06177237704e-18, 6.24877835963e-18, 1.05378384623e-17, 7.43658531742e-18, 9.01883459109e-18, 1.10423483256e-17, 1.3366107943e-17, 1.23745003682e-17, 1.29221658985e-17, 1.26257920481e-17, 1.17737794735e-17, 9.70509340576e-18, 1.42314885834e-17, 1.30432031016e-17, 1.0649251419e-17, 7.65724980789e-18, 5.39295248246e-18, 2.88112011795e-18, 1.00376216664e-18, 3.20080743352e-19, 3.50491515123e-20],
        "var": [0.0674439370632, 3.14434885979, 34.8375320435, 48.5954284668, 125.947631836, 228.237258911, 319.818878174, 988.000976562, 558.945068359, 501.373443604, 1346.20483398, 2072.93334961, 3433.58154297, 1144.90039062, 3355.82641602, 850.296813965, 993.300109863, 2354.41699219, 4986.22998047, 4334.36962891, 5118.72363281, 5244.50390625, 800.987548828, 668.518615723, 501.325775146, 343.53704834, 352.988250732, 139.818588257, 92.172706604, 64.5811920166, 18.3405456543, 8.01740932465, 2.08034777641, 0.754922747612, 0.337618917227, 0.133917972445, 0.00449608126655, 1.81384723419e-06, 2.80646106354e-09, 4.71452321626e-10]
    },
    "gfcc": {
        "mean": [31.0025081635, 86.4364929199, -135.835174561, 49.4227409363, -55.3229217529, 18.0747642517, -45.9458351135, 11.9681739807, -26.6936740875, 1.03818392754, -23.0643043518, 1.56924974918, -6.7899518013],
        "cov": [[9417.19140625, 548.525390625, -598.36328125, 449.196350098, -370.638946533, 179.253463745, -120.614440918, 200.763671875, -56.0817337036, 109.86530304, -97.1878051758, 137.643936157, -6.85260772705], [548.525390625, 600.387268066, -169.021240234, 88.0062484741, 81.4917678833, -62.5343017578, 91.5927581787, -25.0152282715, 69.4316558838, -67.9457626343, 96.2149810791, -41.2030754089, 68.8112258911], [-598.36328125, -169.021240234, 495.645477295, -27.430267334, 22.9881763458, 33.1643829346, -25.5297813416, 25.3589897156, -39.6394309998, 58.2962112427, -40.595954895, 37.0145378113, -31.2492866516], [449.196350098, 88.0062484741, -27.430267334, 185.725418091, 39.3957977295, 31.5257015228, 40.358341217, 13.4300985336, 44.7586708069, -25.0319709778, 35.6020011902, -5.64251375198, 23.9999160767], [-370.638946533, 81.4917678833, 22.9881763458, 39.3957977295, 206.77305603, 32.1663703918, 45.7170639038, 33.0104141235, 7.32585287094, -11.0598087311, 27.7483158112, -10.929101944, 11.5374746323], [179.253463745, -62.5343017578, 33.1643829346, 31.5257015228, 32.1663703918, 116.102432251, 34.893901825, 32.8790740967, 10.0461406708, 2.53635454178, -15.9151086807, -2.14403557777, -8.07967567444], [-120.614440918, 91.5927581787, -25.5297813416, 40.358341217, 45.7170639038, 34.893901825, 136.140289307, 31.1727638245, 45.2785758972, -12.4349527359, 25.8613014221, -9.46802520752, 14.8927745819], [200.763671875, -25.0152282715, 25.3589897156, 13.4300985336, 33.0104141235, 32.8790740967, 31.1727638245, 91.7064361572, 23.7058944702, 19.086063385, -3.1419672966, 3.73174643517, -10.7067651749], [-56.0817337036, 69.4316558838, -39.6394309998, 44.7586708069, 7.32585287094, 10.0461406708, 45.2785758972, 23.7058944702, 107.225791931, 5.87663269043, 31.3907299042, -12.870013237, 22.1968955994], [109.86530304, -67.9457626343, 58.2962112427, -25.0319709778, -11.0598087311, 2.53635454178, -12.4349527359, 19.086063385, 5.87663269043, 81.0526351929, 2.64519238472, 24.6518516541, -10.8713722229], [-97.1878051758, 96.2149810791, -40.595954895, 35.6020011902, 27.7483158112, -15.9151086807, 25.8613014221, -3.1419672966, 31.3907299042, 2.64519238472, 84.366027832, 11.3338565826, 22.7630977631], [137.643936157, -41.2030754089, 37.0145378113, -5.64251375198, -10.929101944, -2.14403557777, -9.46802520752, 3.73174643517, -12.870013237, 24.6518516541, 11.3338565826, 59.8282279968, 10.302069664], [-6.85260772705, 68.8112258911, -31.2492866516, 23.9999160767, 11.5374746323, -8.07967567444, 14.8927745819, -10.7067651749, 22.1968955994, -10.8713722229, 22.7630977631, 10.302069664, 56.5314865112]],
        "icov": [[0.000601207313593, -0.00164192251395, 0.000995384063572, -0.00195325003006, 0.00166518031619, -0.00169217388611, 0.00141777994577, -0.00198140088469, 0.00156374718063, -0.00201078713872, 0.00207316176966, -0.00206414540298, 0.000661139318254], [-0.00164192251395, 0.00760745210573, -0.00241387495771, 0.00486467499286, -0.0052541536279, 0.00648930761963, -0.00523356162012, 0.00578193040565, -0.00453009176999, 0.00658309506252, -0.0075414981693, 0.00742402952164, -0.00365650723688], [0.000995384063572, -0.00241387495771, 0.00420260010287, -0.00342120137066, 0.0020851502195, -0.00298047065735, 0.00233620265499, -0.00322274654172, 0.00296245026402, -0.00468394905329, 0.00447841128334, -0.00460933335125, 0.00172979966737], [-0.00195325003006, 0.00486467499286, -0.00342120137066, 0.0136617366225, -0.00571889756247, 0.00320982816629, -0.00436018453911, 0.00599127588794, -0.00705671170726, 0.00893727969378, -0.00884009711444, 0.00625159079209, -0.00303017068654], [0.00166518031619, -0.0052541536279, 0.0020851502195, -0.00571889756247, 0.0110973184928, -0.00626587634906, 0.00323237664998, -0.00791455246508, 0.00642533553764, -0.00526999356225, 0.00335216149688, -0.00362852076069, 0.000442048010882], [-0.00169217388611, 0.00648930761963, -0.00298047065735, 0.00320982816629, -0.00626587634906, 0.017398044467, -0.00726121617481, 0.00382289290428, -0.00487286876887, 0.0058975443244, -0.00320841162466, 0.00598159013316, -0.0014626395423], [0.00141777994577, -0.00523356162012, 0.00233620265499, -0.00436018453911, 0.00323237664998, -0.00726121617481, 0.0144725162536, -0.00713473837823, 0.00104099093005, -0.00327217881568, 0.00346365734003, -0.00496406015009, 0.00129522616044], [-0.00198140088469, 0.00578193040565, -0.00322274654172, 0.00599127588794, -0.00791455246508, 0.00382289290428, -0.00713473837823, 0.022129714489, -0.00896444264799, 0.00396670307964, -0.00450523197651, 0.00423523923382, 0.00195439485833], [0.00156374718063, -0.00453009176999, 0.00296245026402, -0.00705671170726, 0.00642533553764, -0.00487286876887, 0.00104099093005, -0.00896444264799, 0.0196324549615, -0.00920290313661, 0.00161023042165, 0.000894579512533, -0.00393254309893], [-0.00201078713872, 0.00658309506252, -0.00468394905329, 0.00893727969378, -0.00526999356225, 0.0058975443244, -0.00327217881568, 0.00396670307964, -0.00920290313661, 0.0253233704716, -0.00960885267705, 0.000594713841565, 0.00113560038153], [0.00207316176966, -0.0075414981693, 0.00447841128334, -0.00884009711444, 0.00335216149688, -0.00320841162466, 0.00346365734003, -0.00450523197651, 0.00161023042165, -0.00960885267705, 0.0267648417503, -0.0133373141289, 0.00192431535106], [-0.00206414540298, 0.00742402952164, -0.00460933335125, 0.00625159079209, -0.00362852076069, 0.00598159013316, -0.00496406015009, 0.00423523923382, 0.000894579512533, 0.000594713841565, -0.0133373141289, 0.0330018252134, -0.0116641158238], [0.000661139318254, -0.00365650723688, 0.00172979966737, -0.00303017068654, 0.000442048010882, -0.0014626395423, 0.00129522616044, 0.00195439485833, -0.00393254309893, 0.00113560038153, 0.00192431535106, -0.0116641158238, 0.0273057222366]]
    },
    "melbands": {
        "dmean": [0.000833749771118, 0.00121654570103, 0.00070202263305, 0.000537487620022, 0.000275422178674, 0.000254206825048, 0.000147604063386, 9.16190256248e-05, 9.3491813459e-05, 9.74054637481e-05, 6.89834851073e-05, 5.78225044592e-05, 6.2826948124e-05, 4.02284167649e-05, 3.35409749823e-05, 2.79696905636e-05, 4.40925614384e-05, 4.42361197202e-05, 3.19275350193e-05, 3.78621771233e-05, 4.94606974826e-05, 4.57016685687e-05, 2.36973883148e-05, 9.10107337404e-06, 1.07583573481e-05, 9.22599429032e-06, 6.19713728156e-06, 5.27633392267e-06, 4.77257253806e-06, 3.73880016014e-06, 2.90862976726e-06, 2.42440501097e-06, 2.26731140174e-06, 1.62922572144e-06, 1.0578266938e-06, 8.07091225852e-07, 7.58802798373e-07, 4.4104507424e-07, 3.16745655482e-07, 2.80918271756e-07],
        "dmean2": [0.0013295612298, 0.00212129298598, 0.00122721795924, 0.000926438951865, 0.000456769019365, 0.000408510124544, 0.000241334404564, 0.00014429037401, 0.000149760380737, 0.000157196918735, 0.000109916596557, 9.38960365602e-05, 0.000102112207969, 6.65189290885e-05, 5.42349553143e-05, 4.41811280325e-05, 7.3377530498e-05, 7.25257268641e-05, 5.16311738465e-05, 6.13517768215e-05, 8.2119491708e-05, 7.58877577027e-05, 3.93490008719e-05, 1.5296976926e-05, 1.7826903786e-05, 1.52512966451e-05, 1.04881519292e-05, 8.59559804667e-06, 7.52906407797e-06, 6.04524257142e-06, 4.75182514492e-06, 3.92879655919e-06, 3.54264398084e-06, 2.62550770458e-06, 1.75822526671e-06, 1.35145307922e-06, 1.24721873362e-06, 6.98627843576e-07, 4.9076322739e-07, 4.25849464136e-07],
        "dvar": [3.59072078027e-06, 1.07665809992e-05, 1.68502003817e-06, 7.76525155288e-07, 1.45681980257e-07, 1.68079623108e-07, 1.01014023812e-07, 3.29044489433e-08, 3.19462643006e-08, 3.94649575242e-08, 1.51213335187e-08, 1.07643547409e-08, 2.57871430875e-08, 4.82394035828e-09, 2.52882892404e-09, 2.23512586217e-09, 5.94952354049e-09, 6.55495480117e-09, 3.52324880382e-09, 3.07248138043e-09, 3.86415699438e-09, 3.37955596841e-09, 8.62332982798e-10, 1.04575050008e-10, 1.72865971537e-10, 1.47063708433e-10, 5.90788321042e-11, 6.34721025738e-11, 6.62667490325e-11, 3.16377549159e-11, 1.70298428137e-11, 1.29214564396e-11, 1.15465007347e-11, 7.3006982404e-12, 4.70550551648e-12, 2.56968708465e-12, 2.18747047386e-12, 6.07664905807e-13, 3.7221945361e-13, 2.05515387152e-13],
        "dvar2": [7.06576656739e-06, 3.08615490212e-05, 4.82800487589e-06, 2.18902164306e-06, 3.63393951375e-07, 4.094997621e-07, 2.76827734069e-07, 7.94920254066e-08, 6.64719053134e-08, 9.43182598689e-08, 3.21461612884e-08, 2.62312980226e-08, 6.37719423935e-08, 1.10313109758e-08, 6.20468743051e-09, 5.29768362512e-09, 1.51423655836e-08, 1.60321942388e-08, 8.85880613311e-09, 7.44504813355e-09, 9.84404735505e-09, 8.99188901116e-09, 2.31575936205e-09, 2.83105955345e-10, 4.65668337224e-10, 3.88423376796e-10, 1.65353133963e-10, 1.54936147245e-10, 1.47038464737e-10, 7.51179327074e-11, 4.17826502563e-11, 3.20634456485e-11, 2.7653882656e-11, 1.75907170774e-11, 1.1952514499e-11, 6.83716364774e-12, 6.03347970543e-12, 1.47095172414e-12, 9.06313869439e-13, 4.82359757605e-13],
        "max": [0.0204723365605, 0.0301416218281, 0.0142191918567, 0.0142157422379, 0.00602320162579, 0.00834251195192, 0.00661532161757, 0.00344582018442, 0.00358503405005, 0.00398083077744, 0.00390705931932, 0.00249161873944, 0.00499871373177, 0.0017576700775, 0.000689011067152, 0.00104418536648, 0.00115071481559, 0.00186647800729, 0.00137758243363, 0.000766926212236, 0.000948107219301, 0.00111993355677, 0.000495335494634, 0.00013905238302, 0.00016737585247, 0.000182902265806, 0.000104396953247, 0.000199557747692, 0.000145455574966, 0.000173624939634, 5.50929944438e-05, 5.25342184119e-05, 5.18461019965e-05, 3.47907698597e-05, 4.03787817049e-05, 2.64540285571e-05, 3.09994611598e-05, 2.12844224734e-05, 2.15398322325e-05, 1.10342143671e-05],
        "mean": [0.00120961351786, 0.00157901982311, 0.00107657362241, 0.000878886145074, 0.000498348090332, 0.000434221379692, 0.000215433668927, 0.000151922125951, 0.000170641054865, 0.000177601643372, 0.000141474316479, 9.79621108854e-05, 0.00010450573609, 6.93015972502e-05, 5.6981407397e-05, 4.86632998218e-05, 7.47281010263e-05, 8.03891161922e-05, 6.06877620157e-05, 7.32303378754e-05, 9.96597154881e-05, 9.38604280236e-05, 5.22857080796e-05, 2.16367207031e-05, 2.35919760598e-05, 2.19558787649e-05, 1.49239222083e-05, 1.25927035697e-05, 1.08363446998e-05, 8.72045984579e-06, 6.47430215395e-06, 5.59704676562e-06, 5.27972679265e-06, 3.52434153683e-06, 1.9878286821e-06, 1.56308817623e-06, 1.52511563556e-06, 9.63122147368e-07, 6.97312998454e-07, 6.31024306585e-07],
        "median": [0.000619517697487, 0.000986572820693, 0.000804884417448, 0.000615046243183, 0.000328862661263, 0.000200632479391, 0.000110068926006, 6.96165516274e-05, 8.06622847449e-05, 8.67751368787e-05, 6.94421614753e-05, 5.86204732826e-05, 5.51804841962e-05, 4.29748579336e-05, 3.70506713807e-05, 3.00069186778e-05, 4.33595523646e-05, 4.53374777862e-05, 3.41283885064e-05, 5.05446805619e-05, 7.62558411225e-05, 7.33831329853e-05, 4.07879815612e-05, 1.76405901584e-05, 1.77094807441e-05, 1.65833043866e-05, 1.16162582344e-05, 9.24197502172e-06, 6.75843011777e-06, 5.93050071984e-06, 4.74622765978e-06, 4.14093847212e-06, 3.62694709111e-06, 2.32921752286e-06, 1.3378632957e-06, 1.02698516002e-06, 1.05809249362e-06, 7.24407982489e-07, 4.99618920458e-07, 3.9396471152e-07],
        "min": [1.38786409258e-24, 5.64179435462e-24, 5.33215343312e-24, 5.18408621336e-24, 4.38348784673e-24, 5.26841189425e-24, 7.92004200384e-24, 7.93923183422e-24, 7.30830955969e-24, 4.69210403792e-24, 4.02815294615e-24, 6.2816646784e-24, 3.88809503116e-24, 4.56492348835e-24, 5.0955618203e-24, 6.53754709579e-24, 3.40329306768e-24, 2.60459901128e-24, 6.19763482034e-24, 4.64194628941e-24, 6.11281570695e-24, 9.90435771319e-24, 8.52489794747e-24, 6.48993815687e-24, 7.37090961683e-24, 7.30872055623e-24, 5.85092414161e-24, 8.22619734343e-24, 7.37996652888e-24, 7.46849407739e-24, 8.06515217849e-24, 6.14811171043e-24, 5.67671367702e-24, 6.63570229721e-24, 4.70490330611e-24, 7.71244457916e-24, 8.60513299014e-24, 8.0561970295e-24, 9.76414084273e-24, 8.84271738441e-24],
        "var": [4.84604561279e-06, 7.6057140177e-06, 1.39796827625e-06, 9.75903162725e-07, 3.45153921444e-07, 4.1618807245e-07, 1.2225540047e-07, 7.05358687014e-08, 9.27266228246e-08, 9.57052179729e-08, 8.66681020284e-08, 1.87924165118e-08, 4.46754562233e-08, 9.56489465409e-09, 4.38950520376e-09, 4.7825357008e-09, 1.03924726602e-08, 1.46117695721e-08, 9.39668520772e-09, 7.01900004785e-09, 9.13136322112e-09, 7.57429052811e-09, 2.3100055202e-09, 3.06777603321e-10, 4.91502005762e-10, 4.42559600078e-10, 1.52214824078e-10, 2.3424423512e-10, 1.85023982247e-10, 1.12833964394e-10, 4.27466395614e-11, 3.17595116872e-11, 3.1555605351e-11, 1.75187555435e-11, 6.97650227519e-12, 4.0157530079e-12, 3.31228534184e-12, 1.23994564616e-12, 6.82328542626e-13, 5.47384295009e-13]
    },
    "mfcc": {
        "mean": [-597.63293457, 105.461639404, -15.7043428421, 30.0213470459, 9.83904647827, 7.7083978653, -4.34921455383, 5.20380210876, 3.55900025368, -2.34008026123, -5.92791986465, -1.95195138454, -1.95661461353],
        "cov": [[4116.46142578, 177.670928955, 61.7437667847, 227.971435547, -65.3963088989, 79.9299850464, -5.55945682526, 135.984390259, 106.147697449, 38.4497375488, 74.8061218262, 45.7131500244, 41.7923126221], [177.670928955, 483.973876953, -88.8692398071, 90.9843292236, 22.0643615723, -7.58100795746, 35.6017303467, 13.9297266006, -7.89983129501, 7.69170236588, 5.35222482681, -0.347579479218, -3.28300428391], [61.7437667847, -88.8692398071, 339.767364502, -9.42723369598, -0.0740648731589, 13.7274484634, -21.9554824829, -18.2951774597, 5.10218954086, -5.25282716751, 2.62966132164, 0.24867092073, 5.17674541473], [227.971435547, 90.9843292236, -9.42723369598, 152.575592041, 35.2887916565, 12.1088514328, 23.4217910767, 28.8434410095, 4.68959617615, 5.82821941376, 5.55228424072, 16.649055481, 9.00257778168], [-65.3963088989, 22.0643615723, -0.0740648731589, 35.2887916565, 150.463928223, 16.9247684479, 34.1030464172, 15.2119035721, 6.88025474548, 16.2001914978, -1.1941010952, 1.73814046383, -3.41702127457], [79.9299850464, -7.58100795746, 13.7274484634, 12.1088514328, 16.9247684479, 83.8516921997, 24.9626693726, 20.1592731476, 20.4953975677, 2.81580615044, 7.5689702034, 3.89987635612, -2.28995633125], [-5.55945682526, 35.6017303467, -21.9554824829, 23.4217910767, 34.1030464172, 24.9626693726, 102.946929932, 40.8385162354, 10.6487369537, 9.47499847412, 10.3669710159, 6.16343259811, -5.32470035553], [135.984390259, 13.9297266006, -18.2951774597, 28.8434410095, 15.2119035721, 20.1592731476, 40.8385162354, 92.620513916, 32.9336395264, 26.3456611633, 12.9849348068, 6.07572650909, 0.625109016895], [106.147697449, -7.89983129501, 5.10218954086, 4.68959617615, 6.88025474548, 20.4953975677, 10.6487369537, 32.9336395264, 78.1631698608, 30.6715087891, 14.5338134766, 6.94522953033, -3.86386966705], [38.4497375488, 7.69170236588, -5.25282716751, 5.82821941376, 16.2001914978, 2.81580615044, 9.47499847412, 26.3456611633, 30.6715087891, 67.4351272583, 26.8319168091, 8.41684818268, -3.18401026726], [74.8061218262, 5.35222482681, 2.62966132164, 5.55228424072, -1.1941010952, 7.5689702034, 10.3669710159, 12.9849348068, 14.5338134766, 26.8319168091, 57.185836792, 18.7062244415, 6.68660354614], [45.7131500244, -0.347579479218, 0.24867092073, 16.649055481, 1.73814046383, 3.89987635612, 6.16343259811, 6.07572650909, 6.94522953033, 8.41684818268, 18.7062244415, 50.8520088196, 16.8308258057], [41.7923126221, -3.28300428391, 5.17674541473, 9.00257778168, -3.41702127457, -2.28995633125, -5.32470035553, 0.625109016895, -3.86386966705, -3.18401026726, 6.68660354614, 16.8308258057, 45.9335517883]],
