{
"lowlevel": {
    "average_loudness": 0.784344494343,
    "barkbands_crest": {
        "dmean": 1.87178611755,
        "dmean2": 3.05216383934,
        "dvar": 3.78381466866,
        "dvar2": 10.1534223557,
        "max": 25.7051506042,
        "mean": 9.74834823608,
        "median": 8.94316005707,
        "min": 3.20032310486,
        "var": 14.107916832
    },
    "barkbands_flatness_db": {
        "dmean": 0.0158163588494,
        "dmean2": 0.0248373243958,
        "dvar": 0.000260185595835,
        "dvar2": 0.000617220241111,
        "max": 0.351601392031,
        "mean": 0.169575467706,
        "median": 0.161577194929,
        "min": 0.060833659023,
        "var": 0.002568800468
    },
    "barkbands_kurtosis": {
        "dmean": 2.10338234901,
        "dmean2": 3.28961896896,
        "dvar": 17.2774486542,
        "dvar2": 38.5727882385,
        "max": 116.573417664,
        "mean": 3.49780392647,
        "median": 1.06383037567,
        "min": -1.91659557819,
        "var": 51.6866035461
    },
    "barkbands_skewness": {
        "dmean": 0.414011240005,
        "dmean2": 0.637104809284,
        "dvar": 0.246115982533,
        "dvar2": 0.550940930843,
        "max": 9.91503715515,
        "mean": 1.53537285328,
        "median": 1.29749822617,
        "min": -2.06612372398,
        "var": 1.15024077892
    },
    "barkbands_spread": {
        "dmean": 3.82034039497,
        "dmean2": 5.84728097916,
        "dvar": 29.2441654205,
        "dvar2": 58.6850013733,
        "max": 86.2107467651,
        "mean": 21.22889328,
        "median": 19.8721923828,
        "min": 1.10283386707,
        "var": 136.062393188
    },
    "dissonance": {
        "dmean": 0.0171734001487,
        "dmean2": 0.02830686979,
        "dvar": 0.000324715685565,
        "dvar2": 0.000846577866469,
        "max": 0.499930560589,
        "mean": 0.455547899008,
        "median": 0.464331358671,
        "min": 0.235621839762,
        "var": 0.00112603488378
    },
    "dynamic_complexity": 3.50870513916,
    "erbbands_crest": {
        "dmean": 2.01373887062,
        "dmean2": 3.1645796299,
        "dvar": 4.13695812225,
        "dvar2": 9.62852096558,
        "max": 27.860118866,
        "mean": 8.81722068787,
        "median": 7.61512231827,
        "min": 2.62746787071,
        "var": 17.3704128265
    },
    "erbbands_flatness_db": {
        "dmean": 0.0124815329909,
        "dmean2": 0.0172941796482,
        "dvar": 0.000179808441317,
        "dvar2": 0.000299085135339,
        "max": 0.336863130331,
        "mean": 0.182229682803,
        "median": 0.169968828559,
        "min": 0.0580732449889,
        "var": 0.00329650612548
    },
    "erbbands_kurtosis": {
        "dmean": 0.60798817873,
        "dmean2": 0.937909007072,
        "dvar": 0.864182412624,
        "dvar2": 1.85818469524,
        "max": 18.1731128693,
        "mean": 0.100137807429,
        "median": -0.439668655396,
        "min": -1.80364787579,
        "var": 2.9502158165
    },
    "erbbands_skewness": {
        "dmean": 0.289128422737,
        "dmean2": 0.430230587721,
        "dvar": 0.0896684005857,
        "dvar2": 0.201137110591,
        "max": 3.54381513596,
        "mean": 0.224712491035,
        "median": 0.189037576318,
        "min": -2.10674953461,
        "var": 0.544446647167
    },
    "erbbands_spread": {
        "dmean": 6.27342557907,
        "dmean2": 9.21812534332,
        "dvar": 67.3938064575,
        "dvar2": 124.46005249,
        "max": 158.140823364,
        "mean": 38.8899879456,
        "median": 35.4580802917,
        "min": 8.16993045807,
        "var": 337.678588867
    },
    "hfc": {
        "dmean": 3.74358725548,
        "dmean2": 5.73296308517,
        "dvar": 41.5080451965,
        "dvar2": 103.079193115,
        "max": 112.517318726,
        "mean": 18.0608577728,
        "median": 13.5506105423,
        "min": 1.14322435469e-16,
        "var": 249.299728394
    },
    "melbands_crest": {
        "dmean": 2.57004380226,
        "dmean2": 4.14813327789,
        "dvar": 6.36290550232,
        "dvar2": 16.8008975983,
        "max": 30.6352825165,
        "mean": 14.2981882095,
        "median": 13.5673103333,
        "min": 1.77103734016,
        "var": 21.21783638
    },
    "melbands_flatness_db": {
        "dmean": 0.0178485829383,
        "dmean2": 0.0273901764303,
        "dvar": 0.000431118183769,
        "dvar2": 0.000982296187431,
        "max": 0.415198504925,
        "mean": 0.209526449442,
        "median": 0.201488435268,
        "min": 0.00420336471871,
        "var": 0.00320565840229
    },
    "melbands_kurtosis": {
        "dmean": 5.01861047745,
        "dmean2": 7.89850234985,
        "dvar": 93.681930542,
        "dvar2": 223.454925537,
        "max": 210.550643921,
        "mean": 11.3893280029,
        "median": 6.30083560944,
        "min": -1.42497265339,
        "var": 230.207595825
    },
    "melbands_skewness": {
        "dmean": 0.541863441467,
        "dmean2": 0.832481265068,
        "dvar": 0.448366492987,
        "dvar2": 1.01832163334,
        "max": 11.93085289,
        "mean": 2.58100581169,
        "median": 2.30202627182,
        "min": -0.154942154884,
        "var": 1.92569851875
    },
    "melbands_spread": {
        "dmean": 4.81079435349,
        "dmean2": 7.58582258224,
        "dvar": 45.6099815369,
        "dvar2": 100.32673645,
        "max": 149.216247559,
        "mean": 22.1100616455,
        "median": 20.5502719879,
        "min": 1.11450731754,
        "var": 184.619384766
    },
    "pitch_salience": {
        "dmean": 0.0531270988286,
        "dmean2": 0.0840661376715,
        "dvar": 0.00260053551756,
        "dvar2": 0.00676128873602,
        "max": 0.849834680557,
        "mean": 0.531944274902,
        "median": 0.527407884598,
        "min": 0.169661849737,
        "var": 0.00857861433178
    },
    "silence_rate_20dB": {
        "dmean": 0,
        "dmean2": 0,
        "dvar": 0,
        "dvar2": 0,
        "max": 1,
        "mean": 1,
        "median": 1,
        "min": 1,
        "var": 0
    },
    "silence_rate_30dB": {
        "dmean": 0.00464396271855,
        "dmean2": 0.00929152127355,
        "dvar": 0.00462235556915,
        "dvar2": 0.0123026072979,
        "max": 1,
        "mean": 0.996905207634,
        "median": 1,
        "min": 0,
        "var": 0.00308516714722
    },
    "silence_rate_60dB": {
        "dmean": 0.0220588240772,
        "dmean2": 0.0441347286105,
        "dvar": 0.021572900936,
        "dvar2": 0.0522547662258,
        "max": 1,
        "mean": 0.0529980659485,
        "median": 0,
        "min": 0,
        "var": 0.0501882396638
    },
    "spectral_centroid": {
        "dmean": 174.336120605,
        "dmean2": 274.189086914,
        "dvar": 76676.2421875,
        "dvar2": 163009.046875,
        "max": 11410.5527344,
        "mean": 1212.36682129,
        "median": 1154.14978027,
        "min": 256.656005859,
        "var": 454305.625
    },
    "spectral_complexity": {
        "dmean": 2.31733751297,
        "dmean2": 3.73557877541,
        "dvar": 7.82807970047,
        "dvar2": 18.2153453827,
        "max": 52,
        "mean": 17.5698261261,
        "median": 15,
        "min": 0,
        "var": 92.7097473145
    },
    "spectral_decrease": {
        "dmean": 1.55576740379e-09,
        "dmean2": 2.55591214859e-09,
        "dvar": 1.35175837383e-17,
        "dvar2": 3.76314470763e-17,
        "max": 6.99133935598e-29,
        "mean": -6.22125639893e-09,
        "median": -4.75483563633e-09,
        "min": -5.88559991854e-08,
        "var": 3.07458765434e-17
    },
    "spectral_energy": {
        "dmean": 0.00610578153282,
        "dmean2": 0.010007458739,
        "dvar": 0.000203722520382,
        "dvar2": 0.000565227062907,
        "max": 0.229561448097,
        "mean": 0.0251186173409,
        "median": 0.019248303026,
        "min": 1.04487863624e-20,
        "var": 0.000486796518089
    },
    "spectral_energyband_high": {
        "dmean": 0.000196287714061,
        "dmean2": 0.000295641773846,
        "dvar": 2.15659113678e-07,
        "dvar2": 4.80408971271e-07,
        "max": 0.0112004587427,
        "mean": 0.000570476579014,
        "median": 0.000284425710561,
        "min": 7.65592007628e-21,
        "var": 8.56055862641e-07
    },
    "spectral_energyband_low": {
        "dmean": 0.00269924476743,
        "dmean2": 0.00464530335739,
        "dvar": 0.000111823355837,
        "dvar2": 0.000329013972078,
        "max": 0.175085738301,
        "mean": 0.00842045620084,
        "median": 0.00317832757719,
        "min": 6.39494194894e-23,
        "var": 0.000157738642883
    },
    "spectral_energyband_middle_high": {
        "dmean": 0.00113137951121,
        "dmean2": 0.00170543405693,
        "dvar": 2.57172860074e-06,
        "dvar2": 6.3663696892e-06,
        "max": 0.0251201801002,
        "mean": 0.00486752018332,
        "median": 0.00315536814742,
        "min": 1.21495807735e-21,
        "var": 2.13998046092e-05
    },
    "spectral_energyband_middle_low": {
        "dmean": 0.00409571733326,
        "dmean2": 0.00649476004764,
        "dvar": 7.08785082679e-05,
        "dvar2": 0.000184892880498,
        "max": 0.142235025764,
        "mean": 0.0126144262031,
        "median": 0.00970137491822,
        "min": 3.16884996487e-22,
        "var": 0.000140399046359
    },
    "spectral_entropy": {
        "dmean": 0.139376267791,
        "dmean2": 0.199331223965,
        "dvar": 0.0272317864001,
        "dvar2": 0.0497065074742,
        "max": 9.81693267822,
        "mean": 7.27898025513,
        "median": 7.3184928894,
        "min": 5.64299297333,
        "var": 0.272187650204
    },
    "spectral_flux": {
        "dmean": 0.0174851957709,
        "dmean2": 0.0276747234166,
        "dvar": 0.000670281122439,
        "dvar2": 0.00148368219379,
        "max": 0.435470312834,
        "mean": 0.0609132274985,
        "median": 0.0538892187178,
        "min": 6.48475231846e-11,
        "var": 0.00187389808707
    },
    "spectral_kurtosis": {
        "dmean": 2.08003115654,
        "dmean2": 3.49629712105,
        "dvar": 8.98804092407,
        "dvar2": 24.6353816986,
        "max": 41.7593917847,
        "mean": 5.51476287842,
        "median": 4.11173534393,
        "min": -1.23681604862,
        "var": 24.2076454163
    },
    "spectral_rms": {
        "dmean": 0.000515496358275,
        "dmean2": 0.000814759754576,
        "dvar": 7.04001706708e-07,
        "dvar2": 1.84015266314e-06,
        "max": 0.0149653730914,
        "mean": 0.00448337662965,
        "median": 0.00433345511556,
        "min": 3.19279476989e-12,
        "var": 4.40531539425e-06
    },
    "spectral_rolloff": {
        "dmean": 358.508514404,
        "dmean2": 619.611999512,
        "dvar": 704673.375,
        "dvar2": 1469700.75,
        "max": 19401.4160156,
        "mean": 1509.09729004,
        "median": 1291.9921875,
        "min": 129.19921875,
        "var": 2073346.5
    },
    "spectral_skewness": {
        "dmean": 0.235275745392,
        "dmean2": 0.378864377737,
        "dvar": 0.0719817727804,
        "dvar2": 0.179793506861,
        "max": 4.70527887344,
        "mean": 1.6413462162,
        "median": 1.56553113461,
        "min": -0.044319588691,
        "var": 0.307019233704
    },
    "spectral_spread": {
        "dmean": 453053.8125,
        "dmean2": 632141.9375,
        "dvar": 681458204672,
        "dvar2": 1.04258699264e+12,
        "max": 41415044,
        "mean": 4426024.5,
        "median": 4301360.5,
        "min": 1336847.875,
        "var": 6.26648468685e+12
    },
    "spectral_strongpeak": {
        "dmean": 0.359748154879,
        "dmean2": 0.619088709354,
        "dvar": 0.621100366116,
        "dvar2": 1.47473919392,
        "max": 15.9096088409,
        "mean": 0.867214143276,
        "median": 0.532755374908,
        "min": 1.2874795674e-09,
        "var": 1.49485003948
    },
    "zerocrossingrate": {
        "dmean": 0.00762523710728,
        "dmean2": 0.00900532025844,
        "dvar": 0.000181100549526,
        "dvar2": 0.000261145469267,
        "max": 0.5107421875,
        "mean": 0.0567186363041,
        "median": 0.0537109375,
        "min": 0.00927734375,
        "var": 0.00112324929796
    },
    "barkbands": {
        "dmean": [2.8344875318e-05, 0.000977965653874, 0.00168021989521, 0.000999476294965, 0.00221999292262, 0.000969687942415, 0.000618292950094, 0.000554323545657, 0.000595354184043, 0.000244163034949, 0.000308412651066, 0.000202317722142, 0.000175289838808, 0.000195084037841, 0.000354850490112, 0.000182043106179, 0.000380072160624, 0.000164816607139, 0.000115296039439, 6.19171114522e-05, 5.47327254026e-05, 5.03689807374e-05, 3.61007005267e-05, 4.27636732638e-05, 3.0732146115e-05, 1.33751846079e-05, 7.01681512894e-09],
        "dmean2": [4.42566379206e-05, 0.00171339872759, 0.00285516493022, 0.00165754323825, 0.00363357365131, 0.00156927842181, 0.000910527305678, 0.000840281019919, 0.000856796803419, 0.000361839396646, 0.000475422944874, 0.000304772431264, 0.000262292101979, 0.000286982482066, 0.000545929651707, 0.000288743438432, 0.000605415902101, 0.000267715251539, 0.000185231430805, 0.00010055405437, 9.05729175429e-05, 8.17923864815e-05, 5.84359440836e-05, 6.17202967987e-05, 4.41382144345e-05, 1.90302725969e-05, 1.08839435242e-08],
        "dvar": [2.26673186887e-08, 1.59179526236e-05, 4.64919066872e-05, 5.62851300856e-06, 2.23662300414e-05, 4.56780207969e-06, 2.4392186333e-06, 1.62271771842e-06, 1.72021475464e-06, 2.21342673967e-07, 3.74327157715e-07, 2.32051760918e-07, 2.56284380384e-07, 1.6027304639e-07, 8.34600086819e-07, 1.76305746891e-07, 5.92131925714e-07, 1.89147755236e-07, 8.73854659744e-08, 1.71570686547e-08, 1.61688920031e-08, 1.65194879997e-08, 9.89269022256e-09, 2.18461266854e-08, 6.51155040998e-09, 1.45315137701e-09, 1.90693645499e-14],
        "dvar2": [5.00585990437e-08, 4.59398324892e-05, 0.000135938898893, 1.47661476149e-05, 5.82091779506e-05, 1.30372336571e-05, 4.88315390612e-06, 3.47813784174e-06, 3.80178175874e-06, 5.02337741182e-07, 8.64872561124e-07, 4.86289764012e-07, 6.14928580944e-07, 3.60046215064e-07, 2.12471286432e-06, 4.15749099147e-07, 1.5776016653e-06, 4.6254154995e-07, 2.08288469139e-07, 4.5208985e-08, 4.35139853039e-08, 4.5114695979e-08, 2.17906706013e-08, 3.87052239148e-08, 1.12695310861e-08, 3.02366731653e-09, 2.11369262344e-14],
        "max": [0.00258677196689, 0.0617823377252, 0.119140788913, 0.0343169271946, 0.0775416865945, 0.0341920033097, 0.0433643721044, 0.0198461916298, 0.0201061088592, 0.00666132941842, 0.0101721268147, 0.012194252573, 0.0116599369794, 0.00705647747964, 0.0186049640179, 0.0123103000224, 0.014821707271, 0.0154778808355, 0.00790013186634, 0.0020318091847, 0.00177616626024, 0.00215243524872, 0.00267107901163, 0.00408669980243, 0.00342112407088, 0.000660191872157, 6.82592144585e-06],
        "mean": [3.54117437382e-05, 0.00213746586815, 0.00500666676089, 0.00222525303252, 0.0042355293408, 0.00217849272303, 0.00126151461154, 0.00118856003974, 0.00130360957701, 0.000579577230383, 0.000616300792899, 0.00042104916065, 0.000334989890689, 0.000397220108425, 0.00068872369593, 0.000357404060196, 0.000843512825668, 0.000399095879402, 0.000260754983174, 0.000140873904456, 0.000119330703455, 0.000111081950308, 8.26373070595e-05, 9.83652571449e-05, 7.11041575414e-05, 2.40919289354e-05, 5.45487566228e-09],
        "median": [9.80598997558e-07, 0.000662229722366, 0.000747629790567, 0.000403711746912, 0.00245141470805, 0.00125848245807, 0.000487052253447, 0.000392077170545, 0.000487987883389, 0.000267666531727, 0.000161705975188, 0.000161119052791, 0.000100541146821, 0.000155555870151, 0.000204743701033, 0.00015322053514, 0.000381048972486, 9.94990841718e-05, 7.08872903488e-05, 4.74684675282e-05, 5.04034142068e-05, 4.8002890253e-05, 2.084452899e-05, 3.08532507916e-05, 2.69329448201e-05, 4.64835602543e-06, 2.52392828859e-10],
        "min": [8.54105776312e-24, 1.28791032774e-23, 1.95005374474e-23, 1.86381831048e-23, 1.94984611655e-23, 6.84737892163e-24, 2.76325290216e-23, 2.11373039189e-23, 6.28799260503e-23, 1.76397991655e-23, 5.00446668732e-23, 2.77980320395e-23, 7.08612799014e-23, 8.86306684032e-23, 8.95462393025e-23, 1.30230762302e-22, 8.93832669504e-23, 1.69823628026e-22, 1.36350745204e-22, 2.1267016002e-22, 3.5857716623e-22, 4.41638009637e-22, 5.67027412657e-22, 6.04806655605e-22, 1.00776256152e-21, 1.35355869172e-21, 2.1862292713e-21],
        "var": [2.76257914322e-08, 1.86638408195e-05, 7.02684483258e-05, 1.58104066941e-05, 3.13298078254e-05, 8.09975335869e-06, 5.91030129726e-06, 5.30767374585e-06, 4.83189887746e-06, 7.09112669028e-07, 1.14136923912e-06, 5.96645179485e-07, 6.52835296933e-07, 4.8054397439e-07, 2.26979091167e-06, 4.03066451327e-07, 1.65357516835e-06, 1.35643597332e-06, 2.92265923463e-07, 4.0832311754e-08, 3.01810452186e-08, 3.0262746975e-08, 3.1101190956e-08, 8.79922623653e-08, 3.40090089423e-08, 3.09987324698e-09, 1.85879279633e-14]
    },
    "erbbands": {
        "dmean": [0.0163202434778, 0.277238309383, 1.65503251553, 2.50054645538, 5.900370121, 7.50795459747, 9.32365036011, 8.30055141449, 6.55353546143, 10.7946395874, 12.3620834351, 15.3953371048, 7.5551199913, 9.09063148499, 11.5774850845, 8.79199409485, 7.44128227234, 10.2009811401, 14.27231884, 12.9061470032, 12.5421619415, 14.2398719788, 7.6660323143, 9.66234111786, 4.09360790253, 2.97554993629, 2.27139878273, 2.08675575256, 1.86826062202, 1.37565016747, 0.998776555061, 0.920743584633, 0.720077157021, 0.415869802237, 0.192650124431, 0.0964846163988, 0.0142465522513, 0.000296632555546, 1.46146985571e-05, 7.72485327616e-06],
        "dmean2": [0.0287257693708, 0.483217447996, 2.84879255295, 4.16270589828, 9.59276866913, 12.3874435425, 15.4060020447, 13.3961172104, 10.1806278229, 15.3416843414, 18.4504375458, 22.3510837555, 11.1595907211, 13.839384079, 17.8910694122, 13.2601690292, 11.0719280243, 14.8809642792, 21.9915924072, 20.1912078857, 19.4844303131, 22.5466213226, 12.5399942398, 15.6078987122, 6.84074640274, 4.87673330307, 3.78024744987, 3.49157238007, 3.06110358238, 2.19049906731, 1.58890163898, 1.32156050205, 1.04675781727, 0.610938072205, 0.276430487633, 0.137244477868, 0.0203299652785, 0.00042071583448, 2.06224867725e-05, 1.22821247714e-05],
        "dvar": [0.00500416476279, 1.3171851635, 50.5909156799, 46.0498580933, 292.636505127, 201.132476807, 397.754333496, 337.417205811, 220.139480591, 745.682250977, 808.959228516, 1149.03295898, 233.863830566, 298.527587891, 611.95135498, 472.221405029, 349.573394775, 463.564910889, 1757.31323242, 760.188171387, 656.832092285, 725.626525879, 223.440216064, 799.710876465, 103.843788147, 39.0559425354, 27.7447776794, 25.8575515747, 26.2148990631, 10.7012071609, 8.04562282562, 8.4229516983, 7.17232465744, 1.58237719536, 0.230940595269, 0.0709391087294, 0.0018053172389, 7.46840782995e-07, 1.59088964224e-09, 2.89651802543e-10],
        "dvar2": [0.0142691684887, 3.78319811821, 149.015930176, 125.951095581, 757.084533691, 553.245422363, 1106.69970703, 962.157653809, 503.239532471, 1472.42907715, 1719.41247559, 2642.6340332, 590.931945801, 665.788024902, 1413.94189453, 986.051391602, 813.03302002, 1018.42932129, 4243.14111328, 1914.55908203, 1593.37512207, 1866.04162598, 581.821838379, 1848.89746094, 275.910797119, 104.93321991, 75.7376480103, 69.963470459, 73.0041046143, 26.7869052887, 17.4960212708, 15.428486824, 13.2781209946, 2.88200879097, 0.403840363026, 0.146980106831, 0.00377764762379, 1.56563078235e-06, 3.13540637897e-09, 7.77484521208e-10],
        "max": [1.1432993412, 18.2518291473, 109.091781616, 136.611206055, 288.917480469, 195.812759399, 286.776306152, 352.281646729, 282.721618652, 689.100830078, 531.397949219, 503.346557617, 236.602554321, 395.715423584, 501.882476807, 624.746948242, 554.673950195, 423.464324951, 1157.78088379, 468.79864502, 712.342773438, 422.075866699, 223.440109253, 910.966003418, 211.130493164, 102.512832642, 85.1120986938, 74.9517440796, 78.0690307617, 77.0279769897, 73.5508422852, 82.6880340576, 83.2236862183, 50.3800010681, 19.4281749725, 4.53013277054, 0.785839259624, 0.0158436130732, 0.000997626804747, 0.000272465957096],
        "mean": [0.0341241024435, 0.641291856766, 4.72192192078, 7.49356508255, 9.83581161499, 14.9082946777, 18.0144996643, 18.3744029999, 14.0972728729, 23.6311817169, 28.3527469635, 34.1374130249, 18.1257648468, 21.5059223175, 23.8649196625, 19.64544487, 16.2496109009, 22.7967033386, 29.7877502441, 28.08893013, 29.3181056976, 34.6149978638, 19.6603126526, 24.7417945862, 9.507563591, 6.91632843018, 4.98302268982, 4.57434225082, 3.94069385529, 3.34303641319, 2.23112988472, 2.06550478935, 1.57795488834, 0.932566583157, 0.427773863077, 0.18600384891, 0.0232782270759, 0.000509229139425, 3.81289682991e-05, 3.27160196321e-05],
        "median": [0.00830768514425, 0.265243023634, 1.212495327, 1.66721057892, 4.31933784485, 8.32674980164, 9.18642234802, 8.87078285217, 7.59988307953, 10.6061010361, 11.1450605392, 13.4438591003, 8.71392822266, 10.8115100861, 6.01320695877, 8.42116641998, 6.07192516327, 10.4539794922, 9.19415664673, 13.1399021149, 12.4831228256, 16.3256587982, 9.25014781952, 4.8031539917, 2.87081122398, 2.28603315353, 2.21178603172, 1.7772680521, 1.68045353889, 1.43470859528, 0.476957470179, 0.54127395153, 0.49594193697, 0.333486914635, 0.149849906564, 0.042462144047, 0.00434555485845, 0.000109542321297, 1.97097087948e-05, 2.46284762397e-05],
        "min": [4.51487840496e-22, 1.24042891923e-21, 1.8756150753e-20, 4.2921190295e-20, 7.79523247796e-20, 7.2012974111e-20, 6.25444250472e-20, 1.00417251284e-19, 1.55334567021e-19, 5.15993094761e-19, 5.9581783333e-19, 1.3113116407e-18, 1.09167202701e-18, 1.0511867059e-18, 1.83461546111e-18, 1.65422267235e-18, 3.72169154385e-18, 4.14086573285e-18, 4.11015044875e-18, 5.29223042158e-18, 7.21350711393e-18, 5.63116147372e-18, 7.57016092428e-18, 7.75610285418e-18, 1.10759955514e-17, 1.04108480403e-17, 1.24138741654e-17, 1.54888428191e-17, 1.51939446589e-17, 1.9360547703e-17, 1.79707949384e-17, 1.32728193407e-17, 1.21008516508e-17, 1.13811358619e-17, 7.8909043427e-18, 4.35908135512e-18, 2.69677278548e-18, 1.03616376181e-18, 2.60666970741e-19, 3.06119672984e-20],
        "var": [0.00618834374472, 1.48331594467, 63.1866607666, 127.1277771, 330.636474609, 342.333496094, 612.932922363, 750.34362793, 426.591644287, 1971.82727051, 2992.77050781, 3056.3125, 663.932617188, 1013.07995605, 1682.65246582, 1296.20092773, 1244.30847168, 1452.62121582, 4971.23535156, 2092.14770508, 2026.40441895, 2433.98535156, 823.088012695, 5397.78710938, 260.34387207, 98.8867797852, 48.1743278503, 48.762550354, 41.577381134, 30.4945144653, 23.7416267395, 31.7546520233, 27.2971916199, 7.02287912369, 1.00416600704, 0.170675635338, 0.00341204390861, 1.48248193454e-06, 3.82358900097e-09, 8.37475588877e-10]
    },
    "gfcc": {
        "mean": [-25.7708377838, 109.55847168, -134.133590698, 29.5884609222, -65.0502166748, 2.80264163017, -53.1520004272, 6.18645906448, -27.0619525909, -5.0873913765, -20.0221176147, -5.3580532074, -5.21013641357],
        "cov": [[10395.8896484, -1416.18591309, 877.958862305, 1048.43444824, -458.874084473, 1600.48864746, -115.513458252, 638.440368652, -160.261230469, 258.7003479, -515.598754883, 222.868423462, -364.512542725], [-1416.18591309, 1467.34997559, -669.154052734, -205.919967651, 435.952148438, -577.223815918, 334.817810059, -105.488647461, 180.716079712, -163.438446045, 296.927062988, -88.2283554077, 141.818664551], [877.958862305, -669.154052734, 1312.78027344, 406.378295898, -195.293518066, 613.981567383, -98.6942214966, 217.6222229, -76.095161438, 177.058563232, -180.554534912, 53.9262962341, -139.870773315], [1048.43444824, -205.919967651, 406.378295898, 572.554199219, 34.1192703247, 262.041687012, 83.3219299316, 137.090591431, 11.0598020554, 4.07720279694, -34.3594245911, 42.6054458618, -25.2487068176], [-458.874084473, 435.952148438, -195.293518066, 34.1192703247, 340.744354248, -144.116897583, 164.300521851, 51.3894462585, 65.258026123, -57.2666778564, 100.835601807, 3.32250118256, 43.2304458618], [1600.48864746, -577.223815918, 613.981567383, 262.041687012, -144.116897583, 698.80871582, 22.7562408447, 161.722396851, -17.8276691437, 144.738571167, -148.831497192, 51.6662940979, -125.186035156], [-115.513458252, 334.817810059, -98.6942214966, 83.3219299316, 164.300521851, 22.7562408447, 312.712371826, 48.9379386902, 22.2479801178, -40.3875389099, 91.0856781006, 18.953836441, -7.93014574051], [638.440368652, -105.488647461, 217.6222229, 137.090591431, 51.3894462585, 161.722396851, 48.9379386902, 216.728683472, 22.5751304626, 30.5512580872, -25.3941478729, 32.2512321472, -31.3138446808], [-160.261230469, 180.716079712, -76.095161438, 11.0598020554, 65.258026123, -17.8276691437, 22.2479801178, 22.5751304626, 179.111999512, 22.4284572601, 22.6655273438, -25.8311100006, 36.5339584351], [258.7003479, -163.438446045, 177.058563232, 4.07720279694, -57.2666778564, 144.738571167, -40.3875389099, 30.5512580872, 22.4284572601, 129.495254517, -39.3537559509, 5.57787466049, -36.9432029724], [-515.598754883, 296.927062988, -180.554534912, -34.3594245911, 100.835601807, -148.831497192, 91.0856781006, -25.3941478729, 22.6655273438, -39.3537559509, 133.991958618, -6.07179403305, 31.8782596588], [222.868423462, -88.2283554077, 53.9262962341, 42.6054458618, 3.32250118256, 51.6662940979, 18.953836441, 32.2512321472, -25.8311100006, 5.57787466049, -6.07179403305, 79.4957351685, -6.07599115372], [-364.512542725, 141.818664551, -139.870773315, -25.2487068176, 43.2304458618, -125.186035156, -7.93014574051, -31.3138446808, 36.5339584351, -36.9432029724, 31.8782596588, -6.07599115372, 89.2259750366]],
        "icov": [[0.000430623127613, -0.000860110216308, 0.000914926000405, -0.000986233120784, 0.000755387707613, -0.00113775825594, 0.00111958570778, -0.00119741808157, 0.00090847350657, -0.000412856781622, 0.00117720069829, -0.000838377920445, 0.000977849354967], [-0.000860110216308, 0.00479895295575, -0.00236328854226, 0.0028329140041, -0.00306090363301, 0.00355778471567, -0.00462258188054, 0.00326858228073, -0.00374558893964, 0.0017393741291, -0.00442461203784, 0.00352611159906, -0.00275876512751], [0.000914926000405, -0.00236328854226, 0.00389328319579, -0.00313702714629, 0.00208310829476, -0.00336517347023, 0.00343580567278, -0.00351995718665, 0.00305945146829, -0.00222540250979, 0.00299922702834, -0.00185481563676, 0.00267680268735], [-0.000986233120784, 0.0028329140041, -0.00313702714629, 0.0053981281817, -0.00247287098318, 0.00227049482055, -0.00374314957298, 0.00255163875408, -0.00313716335222, 0.0028040742036, -0.00329724070616, 0.00191473402083, -0.00322140427306], [0.000755387707613, -0.00306090363301, 0.00208310829476, -0.00247287098318, 0.00766572495922, -0.00155760580674, 0.00108370813541, -0.00437389221042, 0.00147915049456, -0.000824715360068, 0.00185654335655, -0.00260803219862, 0.00139064353425], [-0.00113775825594, 0.00355778471567, -0.00336517347023, 0.00227049482055, -0.00155760580674, 0.00770722981542, -0.00564751494676, 0.00277704326436, -0.00375285069458, -0.000544312177226, -0.00131427298766, 0.00212438311428, -0.000969444401562], [0.00111958570778, -0.00462258188054, 0.00343580567278, -0.00374314957298, 0.00108370813541, -0.00564751494676, 0.0109714576975, -0.00405448582023, 0.003833246883, -0.000271505734418, 0.000772198371124, -0.00422570388764, 0.00510579301044], [-0.00119741808157, 0.00326858228073, -0.00351995718665, 0.00255163875408, -0.00437389221042, 0.00277704326436, -0.00405448582023, 0.0109986877069, -0.00435507018119, 0.00163965427782, -0.0030431332998, 0.0009909250075, -0.00175094581209], [0.00090847350657, -0.00374558893964, 0.00305945146829, -0.00313716335222, 0.00147915049456, -0.00375285069458, 0.003833246883, -0.00435507018119, 0.0113637205213, -0.00492665357888, 0.0033992510289, 0.000316639663652, -0.00148239382543], [-0.000412856781622, 0.0017393741291, -0.00222540250979, 0.0028040742036, -0.000824715360068, -0.000544312177226, -0.000271505734418, 0.00163965427782, -0.00492665357888, 0.0140202790499, -0.00268727308139, 0.000233157057664, 0.00183907232713], [0.00117720069829, -0.00442461203784, 0.00299922702834, -0.00329724070616, 0.00185654335655, -0.00131427298766, 0.000772198371124, -0.0030431332998, 0.0033992510289, -0.00268727308139, 0.0189451053739, -0.00373232504353, 0.00234028953128], [-0.000838377920445, 0.00352611159906, -0.00185481563676, 0.00191473402083, -0.00260803219862, 0.00212438311428, -0.00422570388764, 0.0009909250075, 0.000316639663652, 0.000233157057664, -0.00373232504353, 0.0178540740162, -0.00466279266402], [0.000977849354967, -0.00275876512751, 0.00267680268735, -0.00322140427306, 0.00139064353425, -0.000969444401562, 0.00510579301044, -0.00175094581209, -0.00148239382543, 0.00183907232713, 0.00234028953128, -0.00466279266402, 0.0208918787539]]
    },
    "melbands": {
        "dmean": [0.000201292699785, 0.000685549457557, 0.000521720328834, 0.000466789148049, 0.00033086919575, 0.000179338341695, 0.000110117078293, 0.000116356844956, 0.000100317556644, 9.74252543529e-05, 3.65981686627e-05, 3.69468871213e-05, 3.87063009839e-05, 2.6823794542e-05, 1.7492351617e-05, 1.74152100954e-05, 2.12111572182e-05, 2.10914295167e-05, 2.67542036454e-05, 1.50392070282e-05, 1.89600286831e-05, 1.92345523828e-05, 1.20590066217e-05, 7.68411882746e-06, 8.6687887233e-06, 3.6767723941e-06, 2.44365060098e-06, 1.98348129743e-06, 1.44049988648e-06, 1.60046636211e-06, 1.23804113628e-06, 1.09565087314e-06, 1.07729408683e-06, 7.38568928682e-07, 6.03292619417e-07, 6.16054364855e-07, 6.07452022905e-07, 5.76621005166e-07, 4.60831415694e-07, 3.44990382928e-07],
        "dmean2": [0.000353074370651, 0.00117607880384, 0.00085709017003, 0.00075925537385, 0.000546756142285, 0.000289553310722, 0.000167686332134, 0.000166912082932, 0.000148740684381, 0.000141166630783, 5.42320412933e-05, 5.60952612432e-05, 5.96595236857e-05, 4.06933395425e-05, 2.69608444796e-05, 2.6121868359e-05, 3.07354057441e-05, 3.20752842526e-05, 4.11456931033e-05, 2.37997064687e-05, 2.98068316624e-05, 3.07003720081e-05, 1.97845874936e-05, 1.24599409901e-05, 1.39631665661e-05, 6.15567250861e-06, 4.00180488214e-06, 3.23617064169e-06, 2.38960797105e-06, 2.67527548203e-06, 2.08032679438e-06, 1.82439725904e-06, 1.76264313723e-06, 1.18584011943e-06, 9.73798478299e-07, 9.58327632361e-07, 8.84616895291e-07, 8.49577475037e-07, 6.77500281654e-07, 5.20559012784e-07],
        "dvar": [7.04529611539e-07, 8.54110021464e-06, 1.73666433056e-06, 1.14920817396e-06, 4.32548688423e-07, 1.56296550813e-07, 6.33039931586e-08, 7.31764089323e-08, 5.16379614623e-08, 4.78191424236e-08, 5.72394531773e-09, 5.08141440037e-09, 6.64888499813e-09, 3.81905396196e-09, 2.45511744268e-09, 2.6860851321e-09, 1.75154579729e-09, 3.97839228228e-09, 5.61953905631e-09, 1.06262254551e-09, 1.4997043607e-09, 1.45170053756e-09, 8.19975809474e-10, 3.52689599747e-10, 6.49155507126e-10, 8.78492278922e-11, 2.86694609025e-11, 1.66857586775e-11, 1.06969164429e-11, 1.22002798489e-11, 9.91196621308e-12, 8.97850196968e-12, 6.67274612301e-12, 3.43980226247e-12, 2.59593128243e-12, 4.6733649936e-12, 3.61530076709e-12, 5.38311756282e-12, 2.19393036724e-12, 9.54168276508e-13],
        "dvar2": [2.0218562895e-06, 2.51260498771e-05, 4.62969910586e-06, 3.01194882013e-06, 1.20739264275e-06, 4.45619150469e-07, 1.36709601861e-07, 1.50114544795e-07, 1.08076271488e-07, 1.09328937015e-07, 1.43724880886e-08, 1.13316716011e-08, 1.57410706692e-08, 7.69325314565e-09, 6.23666052135e-09, 6.00102367798e-09, 3.76685438397e-09, 9.43562206146e-09, 1.47213823354e-08, 2.45168396695e-09, 3.80132414435e-09, 3.75399222818e-09, 2.05207162374e-09, 8.68747795923e-10, 1.48837064895e-09, 2.36925784547e-10, 7.38238845055e-11, 4.42331067607e-11, 2.93122366657e-11, 3.23491858301e-11, 2.7016017895e-11, 2.49176252548e-11, 1.77429789611e-11, 8.66822325724e-12, 5.99354984046e-12, 9.65537459013e-12, 7.01712169274e-12, 1.14900363529e-11, 3.70762275048e-12, 1.91713984098e-12],
        "max": [0.0125116454437, 0.0452589727938, 0.0230843536556, 0.018627403304, 0.00904124509543, 0.00754489423707, 0.00636455835775, 0.00612603826448, 0.00480966828763, 0.00359054165892, 0.00117505132221, 0.00154688488692, 0.0013549590949, 0.00137400184758, 0.00140225654468, 0.00130462646484, 0.00072433258174, 0.00180799385998, 0.00157590128947, 0.000684764294419, 0.00075992802158, 0.00063547125319, 0.00058048707433, 0.000504670722876, 0.000795403320808, 0.000209656529478, 7.17193543096e-05, 6.57222772134e-05, 5.07377990289e-05, 5.39155371371e-05, 5.11952093802e-05, 4.31787884736e-05, 5.74734585825e-05, 4.34374269389e-05, 3.66055792256e-05, 6.09762391832e-05, 4.91188293381e-05, 6.22354709776e-05, 6.67341373628e-05, 3.4489457903e-05],
        "mean": [0.000440142699517, 0.00195692712441, 0.0013843429042, 0.000875755446032, 0.000666829233523, 0.000400825432735, 0.000236904903431, 0.000256263301708, 0.000228430057177, 0.000209417004953, 8.35512473714e-05, 8.35952814668e-05, 7.72731655161e-05, 5.80191845074e-05, 3.85812309105e-05, 3.32419695042e-05, 4.40777512267e-05, 4.11479304603e-05, 4.99713023601e-05, 3.02947155433e-05, 3.92676447518e-05, 4.27281302109e-05, 2.31074682233e-05, 1.77949023055e-05, 2.08164728974e-05, 7.32918852009e-06, 5.24854294781e-06, 4.32654451288e-06, 3.00838132716e-06, 3.07626805807e-06, 2.49388199336e-06, 2.14970145862e-06, 2.25268240683e-06, 1.67794280514e-06, 1.23744734992e-06, 1.24915777633e-06, 1.28585577386e-06, 1.13494695597e-06, 9.89476234281e-07, 7.20128980447e-07],
        "median": [0.000132733082864, 0.000574411940761, 0.00044105653069, 0.000500076683238, 0.000370202062186, 0.000209687408642, 0.000113828034955, 0.000109387241537, 8.22034853627e-05, 7.89466430433e-05, 3.66854437743e-05, 4.00958160753e-05, 1.95410120796e-05, 2.17704873648e-05, 1.27686398628e-05, 1.05406652438e-05, 1.71567407961e-05, 1.22114979604e-05, 1.50247997226e-05, 1.39262556331e-05, 1.50076739374e-05, 1.71884876181e-05, 1.24351699924e-05, 4.56653651781e-06, 3.57710314347e-06, 2.22697963181e-06, 1.52427901412e-06, 1.44830403315e-06, 1.25333144751e-06, 1.26964391711e-06, 8.14485929368e-07, 8.33662397781e-07, 9.80783170235e-07, 6.28577481621e-07, 1.99400943757e-07, 2.30296748782e-07, 3.78471270324e-07, 3.02959591636e-07, 3.15495583436e-07, 2.32036057923e-07],
        "min": [6.1622733414e-24, 6.58753366148e-24, 1.01790611685e-23, 4.37070435576e-24, 2.65865254936e-24, 2.46612434013e-24, 3.13359375153e-24, 5.23906469086e-24, 4.62566025602e-24, 7.01836846715e-24, 5.12495951079e-24, 3.65711064166e-24, 7.14576240359e-24, 3.83465759344e-24, 4.79999733279e-24, 9.31164786091e-24, 6.67605647682e-24, 5.90695022639e-24, 6.67981697676e-24, 7.7669067472e-24, 8.48193500485e-24, 4.33407517735e-24, 4.08135845876e-24, 6.09875268359e-24, 5.60367777897e-24, 6.34353503919e-24, 5.34633557447e-24, 6.55927548056e-24, 7.05757327641e-24, 8.12044659478e-24, 9.27401919573e-24, 8.2416787387e-24, 8.52291869546e-24, 1.06013352556e-23, 1.00094237306e-23, 9.58168678168e-24, 7.07659981259e-24, 7.32508942001e-24, 9.21763141823e-24, 9.20542537344e-24],
        "var": [8.57024588186e-07, 1.03515194496e-05, 3.95027973354e-06, 1.48716833337e-06, 7.04891476744e-07, 3.19852574648e-07, 1.46569419712e-07, 2.14378459873e-07, 2.02640833891e-07, 1.23427156495e-07, 1.59330557636e-08, 1.6377057932e-08, 1.871449129e-08, 9.85990666891e-09, 8.18253731438e-09, 5.45202016866e-09, 6.17285822457e-09, 1.09479243449e-08, 1.42917571111e-08, 2.47932607778e-09, 4.16280432347e-09, 4.49817516568e-09, 1.39639300123e-09, 1.89104643056e-09, 4.16510870238e-09, 1.76634679105e-10, 7.28456253651e-11, 3.98894667297e-11, 1.83530170228e-11, 2.04233106121e-11, 1.69430806191e-11, 1.36266501555e-11, 1.28652175718e-11, 9.42971482149e-12, 6.83883722222e-12, 1.25273758381e-11, 1.2718395781e-11, 1.64351032783e-11, 9.7529337037e-12, 3.76255710616e-12]
    },
    "mfcc": {
        "mean": [-659.59576416, 132.563140869, -10.3713474274, 20.9954299927, 5.57366943359, -7.66907644272, -11.6988992691, -3.87750053406, -1.14778745174, -8.13286590576, -6.96218204498, -4.79719114304, -5.20599842072],
        "cov": [[7244.65478516, -1467.72399902, 1064.92102051, -4.94967031479, 203.357971191, 814.916015625, 337.958435059, 633.059387207, 414.985626221, 195.50088501, 148.261276245, 161.177261353, 101.228851318], [-1467.72399902, 1383.13122559, -789.784729004, 145.145904541, -50.6509475708, -282.297790527, 18.7053451538, -33.0465660095, -113.467926025, 38.4793701172, 47.17395401, -27.0732784271, -2.24864768982], [1064.92102051, -789.784729004, 1358.17260742, -64.8835601807, 127.080070496, 366.488067627, 87.0771789551, 89.79737854, 173.546203613, 58.1125679016, 6.91206645966, 126.166938782, 59.4679031372], [-4.94967031479, 145.145904541, -64.8835601807, 433.359680176, 71.0190505981, -49.3815078735, 93.0133895874, 110.928863525, 1.22202551365, 22.1525707245, -44.8521003723, 32.3576507568, 25.1903514862], [203.357971191, -50.6509475708, 127.080070496, 71.0190505981, 207.456680298, 7.66980266571, 0.444631159306, 44.5738601685, 71.1439590454, 40.2999687195, -10.7891626358, 29.4482746124, 28.1061515808], [814.916015625, -282.297790527, 366.488067627, -49.3815078735, 7.66980266571, 350.814178467, 95.5514678955, 92.8739089966, 92.1720428467, 43.6506690979, 75.2464981079, 42.6558647156, 16.8523521423], [337.958435059, 18.7053451538, 87.0771789551, 93.0133895874, 0.444631159306, 95.5514678955, 249.41835022, 154.724563599, 6.04858016968, 43.1171760559, 31.2567577362, 35.6474609375, 5.5541934967], [633.059387207, -33.0465660095, 89.79737854, 110.928863525, 44.5738601685, 92.8739089966, 154.724563599, 251.236694336, 56.8400535583, 63.7282371521, 24.2688903809, 44.3469352722, 29.0649528503], [414.985626221, -113.467926025, 173.546203613, 1.22202551365, 71.1439590454, 92.1720428467, 6.04858016968, 56.8400535583, 158.259811401, 47.5820045471, 19.9996242523, 46.4778633118, 47.6243896484], [195.50088501, 38.4793701172, 58.1125679016, 22.1525707245, 40.2999687195, 43.6506690979, 43.1171760559, 63.7282371521, 47.5820045471, 133.9793396, 33.3967094421, 28.9421615601, 16.1237754822], [148.261276245, 47.17395401, 6.91206645966, -44.8521003723, -10.7891626358, 75.2464981079, 31.2567577362, 24.2688903809, 19.9996242523, 33.3967094421, 109.183059692, 27.3336486816, 0.700196683407], [161.177261353, -27.0732784271, 126.166938782, 32.3576507568, 29.4482746124, 42.6558647156, 35.6474609375, 44.3469352722, 46.4778633118, 28.9421615601, 27.3336486816, 104.654205322, 36.7783432007], [101.228851318, -2.24864768982, 59.4679031372, 25.1903514862, 28.1061515808, 16.8523521423, 5.5541934967, 29.0649528503, 47.6243896484, 16.1237754822, 0.700196683407, 36.7783432007, 88.0215530396]],
