{
"lowlevel": {
    "average_loudness": 0.975927829742,
    "barkbands_crest": {
        "dmean": 2.21316432953,
        "dmean2": 3.5573694706,
        "dvar": 5.78441667557,
        "dvar2": 14.2000551224,
        "max": 24.9460811615,
        "mean": 8.56307601929,
        "median": 7.60181093216,
        "min": 2.33315610886,
        "var": 13.9351634979
    },
    "barkbands_flatness_db": {
        "dmean": 0.0165661610663,
        "dmean2": 0.0257199648768,
        "dvar": 0.000299461913528,
        "dvar2": 0.000667191459797,
        "max": 0.420909553766,
        "mean": 0.132116138935,
        "median": 0.122869230807,
        "min": 0.0531933754683,
        "var": 0.00199879496358
    },
    "barkbands_kurtosis": {
        "dmean": 2.51702141762,
        "dmean2": 3.92445039749,
        "dvar": 78.0972442627,
        "dvar2": 197.48664856,
        "max": 220.230010986,
        "mean": 3.83955550194,
        "median": 0.785719633102,
        "min": -1.93441319466,
        "var": 176.69972229
    },
    "barkbands_skewness": {
        "dmean": 0.432864487171,
        "dmean2": 0.644007444382,
        "dvar": 0.307496637106,
        "dvar2": 0.6687489748,
        "max": 11.4219846725,
        "mean": 1.34422791004,
        "median": 1.07847118378,
        "min": -2.05358219147,
        "var": 1.54088926315
    },
    "barkbands_spread": {
        "dmean": 5.22275209427,
        "dmean2": 7.81317806244,
        "dvar": 50.3069763184,
        "dvar2": 87.7634658813,
        "max": 105.116386414,
        "mean": 26.3261871338,
        "median": 24.4684581757,
        "min": 0.537439644337,
        "var": 211.976226807
    },
    "dissonance": {
        "dmean": 0.0156392939389,
        "dmean2": 0.0258378144354,
        "dvar": 0.000241865433054,
        "dvar2": 0.000676280877087,
        "max": 0.499995261431,
        "mean": 0.46788340807,
        "median": 0.474394142628,
        "min": 0.238437145948,
        "var": 0.000656082469504
    },
    "dynamic_complexity": 1.45877671242,
    "erbbands_crest": {
        "dmean": 2.48796200752,
        "dmean2": 3.98127317429,
        "dvar": 5.80243635178,
        "dvar2": 14.1540994644,
        "max": 31.7106647491,
        "mean": 9.06675338745,
        "median": 7.8101272583,
        "min": 2.51378560066,
        "var": 20.0870399475
    },
    "erbbands_flatness_db": {
        "dmean": 0.01296094805,
        "dmean2": 0.0188615713269,
        "dvar": 0.000186521094292,
        "dvar2": 0.000341648556059,
        "max": 0.300517559052,
        "mean": 0.14538833499,
        "median": 0.143029898405,
        "min": 0.0555644370615,
        "var": 0.001024714089
    },
    "erbbands_kurtosis": {
        "dmean": 0.89304381609,
        "dmean2": 1.35725879669,
        "dvar": 3.89787316322,
        "dvar2": 8.65111732483,
        "max": 54.5537757874,
        "mean": 0.639493763447,
        "median": -0.103694438934,
        "min": -1.79244422913,
        "var": 9.04949378967
    },
    "erbbands_skewness": {
        "dmean": 0.321006655693,
        "dmean2": 0.474508911371,
        "dvar": 0.142367914319,
        "dvar2": 0.261406451464,
        "max": 5.52295923233,
        "mean": 0.247214391828,
        "median": 0.206205740571,
        "min": -3.2455201149,
        "var": 0.774650633335
    },
    "erbbands_spread": {
        "dmean": 7.66086912155,
        "dmean2": 11.336643219,
        "dvar": 80.7852630615,
        "dvar2": 169.627090454,
        "max": 132.131103516,
        "mean": 40.6821060181,
        "median": 36.3808479309,
        "min": 3.52165985107,
        "var": 367.987976074
    },
    "hfc": {
        "dmean": 6.46977710724,
        "dmean2": 9.82810688019,
        "dvar": 84.1137771606,
        "dvar2": 190.924530029,
        "max": 133.671096802,
        "mean": 29.9066944122,
        "median": 27.9287071228,
        "min": 1.10806395088e-16,
        "var": 297.439056396
    },
    "melbands_crest": {
        "dmean": 2.63062810898,
        "dmean2": 4.27206087112,
        "dvar": 7.0152759552,
        "dvar2": 16.9761142731,
        "max": 31.9188480377,
        "mean": 12.7253932953,
        "median": 12.0241851807,
        "min": 1.69569468498,
        "var": 24.0472450256
    },
    "melbands_flatness_db": {
        "dmean": 0.0201061964035,
        "dmean2": 0.0295976437628,
        "dvar": 0.000493677565828,
        "dvar2": 0.00103542243596,
        "max": 0.53925961256,
        "mean": 0.175642102957,
        "median": 0.1640008986,
        "min": 0.00362389022484,
        "var": 0.00375429191627
    },
    "melbands_kurtosis": {
        "dmean": 6.33132886887,
        "dmean2": 9.75353240967,
        "dvar": 281.582977295,
        "dvar2": 668.090454102,
        "max": 419.998718262,
        "mean": 13.3918476105,
        "median": 5.2789144516,
        "min": -1.37609410286,
        "var": 808.044799805
    },
    "melbands_skewness": {
        "dmean": 0.611277699471,
        "dmean2": 0.918655693531,
        "dvar": 0.551766574383,
        "dvar2": 1.22209441662,
        "max": 14.6411857605,
        "mean": 2.48320817947,
        "median": 2.04345536232,
        "min": -0.7885876894,
        "var": 2.90329623222
    },
    "melbands_spread": {
        "dmean": 6.18915891647,
        "dmean2": 9.3505487442,
        "dvar": 58.3537635803,
        "dvar2": 116.219177246,
        "max": 165.900222778,
        "mean": 27.568441391,
        "median": 25.3352355957,
        "min": 0.372716426849,
        "var": 322.686798096
    },
    "pitch_salience": {
        "dmean": 0.0615673959255,
        "dmean2": 0.100281834602,
        "dvar": 0.0037278062664,
        "dvar2": 0.00980010163039,
        "max": 0.963974893093,
        "mean": 0.555563926697,
        "median": 0.564835369587,
        "min": 0.0924339741468,
        "var": 0.0101207457483
    },
    "silence_rate_20dB": {
        "dmean": 0,
        "dmean2": 0,
        "dvar": 0,
        "dvar2": 0,
        "max": 1,
        "mean": 1,
        "median": 1,
        "min": 1,
        "var": 0
    },
    "silence_rate_30dB": {
        "dmean": 0.00696594407782,
        "dmean2": 0.013937282376,
        "dvar": 0.0069174580276,
        "dvar2": 0.020711813122,
        "max": 1,
        "mean": 0.996518373489,
        "median": 1,
        "min": 0,
        "var": 0.00346944713965
    },
    "silence_rate_60dB": {
        "dmean": 0.000386996893212,
        "dmean2": 0.000774293439463,
        "dvar": 0.000386875937693,
        "dvar2": 0.000773690524511,
        "max": 1,
        "mean": 0.00812379084527,
        "median": 0,
        "min": 0,
        "var": 0.00805854890496
    },
    "spectral_centroid": {
        "dmean": 227.848175049,
        "dmean2": 342.819976807,
        "dvar": 85282.5390625,
        "dvar2": 157598.71875,
        "max": 11577.3066406,
        "mean": 1488.62768555,
        "median": 1406.54504395,
        "min": 129.926712036,
        "var": 990580.9375
    },
    "spectral_complexity": {
        "dmean": 3.67530965805,
        "dmean2": 5.91831207275,
        "dvar": 16.8911209106,
        "dvar2": 41.3508834839,
        "max": 56,
        "mean": 25.0696315765,
        "median": 27,
        "min": 0,
        "var": 107.032737732
    },
    "spectral_decrease": {
        "dmean": 2.33658781212e-09,
        "dmean2": 3.83908638213e-09,
        "dvar": 1.37128446849e-17,
        "dvar2": 3.42902329716e-17,
        "max": 1.27501978996e-28,
        "mean": -8.74716388211e-09,
        "median": -8.06490429994e-09,
        "min": -3.99443287336e-08,
        "var": 1.92124707928e-17
    },
    "spectral_energy": {
        "dmean": 0.00916844140738,
        "dmean2": 0.0150678018108,
        "dvar": 0.000206817130675,
        "dvar2": 0.000518973916769,
        "max": 0.154545798898,
        "mean": 0.0357264280319,
        "median": 0.03307460621,
        "min": 1.01471150471e-20,
        "var": 0.000296495476505
    },
    "spectral_energyband_high": {
        "dmean": 0.000531103753019,
        "dmean2": 0.000785123265814,
        "dvar": 1.11608085263e-06,
        "dvar2": 2.24605560106e-06,
        "max": 0.0164466239512,
        "mean": 0.0014484495623,
        "median": 0.000867147871759,
        "min": 7.36884559067e-21,
        "var": 3.37501023751e-06
    },
    "spectral_energyband_low": {
        "dmean": 0.00505146104842,
        "dmean2": 0.00840049237013,
        "dvar": 0.000131633045385,
        "dvar2": 0.000329276837874,
        "max": 0.136907368898,
        "mean": 0.0114165022969,
        "median": 0.00831804890186,
        "min": 2.28256319169e-23,
        "var": 0.000164052835316
    },
    "spectral_energyband_middle_high": {
        "dmean": 0.00190213927999,
        "dmean2": 0.00288332183845,
        "dvar": 5.16122554473e-06,
        "dvar2": 1.22236106108e-05,
        "max": 0.0417754687369,
        "mean": 0.008410169743,
        "median": 0.00747022917494,
        "min": 1.40999458343e-21,
        "var": 4.40132389485e-05
    },
    "spectral_energyband_middle_low": {
        "dmean": 0.00562755670398,
        "dmean2": 0.00884256791323,
        "dvar": 8.57037084643e-05,
        "dvar2": 0.000208415978705,
        "max": 0.128563404083,
        "mean": 0.0156197594479,
        "median": 0.0133498422801,
        "min": 1.93987232725e-22,
        "var": 0.000131102380692
    },
    "spectral_entropy": {
        "dmean": 0.124160021544,
        "dmean2": 0.179503619671,
        "dvar": 0.0215686578304,
        "dvar2": 0.0396484062076,
        "max": 9.81455039978,
        "mean": 7.72816038132,
        "median": 7.75824022293,
        "min": 5.77778816223,
        "var": 0.153725206852
    },
    "spectral_flux": {
        "dmean": 0.023148348555,
        "dmean2": 0.0371834821999,
        "dvar": 0.000810377649032,
        "dvar2": 0.00184489681851,
        "max": 0.318598866463,
        "mean": 0.0913388803601,
        "median": 0.0835207477212,
        "min": 6.47784534347e-11,
        "var": 0.00170727388468
    },
    "spectral_kurtosis": {
        "dmean": 0.959314107895,
        "dmean2": 1.58291256428,
        "dvar": 1.10364806652,
        "dvar2": 2.91694235802,
        "max": 14.6301879883,
        "mean": 3.35618758202,
        "median": 3.04248905182,
        "min": -1.26878201962,
        "var": 4.0020160675
    },
    "spectral_rms": {
        "dmean": 0.000700638513081,
        "dmean2": 0.00113238079939,
        "dvar": 8.58790315306e-07,
        "dvar2": 2.06749882636e-06,
        "max": 0.0122791044414,
        "mean": 0.00574430823326,
        "median": 0.00568048469722,
        "min": 3.14636684762e-12,
        "var": 1.85795147445e-06
    },
    "spectral_rolloff": {
        "dmean": 418.049194336,
        "dmean2": 686.246398926,
        "dvar": 689537.1875,
        "dvar2": 1224736.125,
        "max": 19121.484375,
        "mean": 1734.30151367,
        "median": 1399.65820312,
        "min": 86.1328125,
        "var": 4215957.5
    },
    "spectral_skewness": {
        "dmean": 0.160918161273,
        "dmean2": 0.249898299575,
        "dvar": 0.030188690871,
        "dvar2": 0.0624590218067,
        "max": 3.16650080681,
        "mean": 1.40200841427,
        "median": 1.40635585785,
        "min": -0.0495950505137,
        "var": 0.154168829322
    },
    "spectral_spread": {
        "dmean": 448495.90625,
        "dmean2": 642689.3125,
        "dvar": 698429669376,
        "dvar2": 1.2033449001e+12,
        "max": 42264980,
        "mean": 5256259.5,
        "median": 4787336,
        "min": 1840727.25,
        "var": 1.12520446607e+13
    },
    "spectral_strongpeak": {
        "dmean": 0.612789988518,
        "dmean2": 1.0532232523,
        "dvar": 1.00846934319,
        "dvar2": 2.67904877663,
        "max": 9.58999156952,
        "mean": 1.08202373981,
        "median": 0.48788279295,
        "min": 0,
        "var": 1.70638144016
    },
    "zerocrossingrate": {
        "dmean": 0.00951014645398,
        "dmean2": 0.0113822650164,
        "dvar": 0.00017501518596,
        "dvar2": 0.000233595870668,
        "max": 0.51416015625,
        "mean": 0.0692909806967,
        "median": 0.06201171875,
        "min": 0.00390625,
        "var": 0.00246037798934
    },
    "barkbands": {
        "dmean": [5.78260078328e-05, 0.00359495868906, 0.00231261528097, 0.00124536280055, 0.00328952539712, 0.00125935778487, 0.000885610585101, 0.000848895811941, 0.00090864446247, 0.000814093800727, 0.00059675303055, 0.000559259147849, 0.000317530677421, 0.000431037275121, 0.000426562299253, 0.000320821069181, 0.000318919919664, 0.000209191377508, 0.000161985430168, 0.000166263358551, 0.000159739152878, 0.000124392681755, 0.000125207807287, 9.2523987405e-05, 5.50185577595e-05, 2.3058939405e-05, 1.47663676842e-08],
        "dmean2": [8.89215734787e-05, 0.005811331328, 0.00390235381201, 0.00211378373206, 0.00532866502181, 0.00198310636915, 0.00136927107815, 0.00130024552345, 0.00137232779525, 0.0011795546161, 0.000923442596104, 0.000864277244546, 0.000503024319187, 0.000692951900419, 0.000698059273418, 0.00050161825493, 0.000502434733789, 0.00033633725252, 0.000267089810222, 0.000268867705017, 0.00025236789952, 0.000195439934032, 0.000193984407815, 0.000135444512125, 7.8212680819e-05, 3.36542398145e-05, 2.62114667748e-08],
        "dvar": [3.38965264746e-08, 8.4055653133e-05, 4.02729820053e-05, 4.54075870948e-06, 4.30269537901e-05, 3.77457899958e-06, 2.63645574705e-06, 3.87909676647e-06, 2.47357661465e-06, 3.08752282763e-06, 1.28010492517e-06, 1.12602788249e-06, 2.4481323635e-07, 5.57817372737e-07, 4.44442889602e-07, 2.30846495697e-07, 2.51674777019e-07, 1.07739801081e-07, 6.23701339464e-08, 8.2426694803e-08, 9.2315275424e-08, 5.20252925185e-08, 1.25228112324e-07, 6.90562629302e-08, 1.57005697332e-08, 2.00984917598e-09, 8.77056453586e-15],
        "dvar2": [7.5770557828e-08, 0.000215606152778, 0.000112332556455, 1.18758171084e-05, 0.000102689649793, 9.05801334738e-06, 5.86289479543e-06, 8.36054550746e-06, 5.49426658836e-06, 5.73078023081e-06, 2.91677338282e-06, 2.84873294731e-06, 5.31984369445e-07, 1.34747517677e-06, 1.06869629235e-06, 5.35773381216e-07, 5.95185156271e-07, 2.68024791694e-07, 1.55040197569e-07, 2.13711288666e-07, 1.95092070499e-07, 1.21477569337e-07, 2.65650385245e-07, 1.25876439938e-07, 2.91773201155e-08, 3.96423693871e-09, 1.41974682065e-14],
        "max": [0.00204649684019, 0.102787308395, 0.0799161344767, 0.024132642895, 0.0828486829996, 0.0221027433872, 0.0315783619881, 0.0351130515337, 0.0271484684199, 0.0343825370073, 0.0201836079359, 0.0197400189936, 0.00900031253695, 0.0130654228851, 0.00983851589262, 0.00870296824723, 0.00916479900479, 0.00695946719497, 0.00396686093882, 0.00487592117861, 0.0080150468275, 0.00404982501641, 0.00654812064022, 0.0054712635465, 0.00260878237896, 0.000803895818535, 3.90058767152e-06],
        "mean": [6.31732182228e-05, 0.00632393872365, 0.00429365132004, 0.00175082322676, 0.00542679056525, 0.00264326599427, 0.0017068949528, 0.00152803375386, 0.00173369818367, 0.00179893500172, 0.00112740253098, 0.00112556933891, 0.000625397136901, 0.000812179408967, 0.000805262941867, 0.000809373974334, 0.000741983589251, 0.00046848130296, 0.000339218095178, 0.000382379424991, 0.000338412966812, 0.000277915620245, 0.000229221433983, 0.000205637683393, 0.000123619000078, 4.51529231213e-05, 9.87850867773e-09],
        "median": [1.5627421817e-05, 0.00405605649576, 0.00286900578067, 0.00110430293716, 0.00319632794708, 0.00157483958174, 0.000820015848149, 0.000600149389356, 0.000863696506713, 0.000536362989806, 0.000381099584047, 0.000397058785893, 0.00027842624695, 0.000452013278846, 0.000468062702566, 0.000445325858891, 0.000424461788498, 0.000287380244117, 0.000238410852035, 0.000227491094847, 0.000200509035494, 0.000168810453033, 9.29281013669e-05, 8.29765558592e-05, 6.38362107566e-05, 2.05394771911e-05, 7.52647222324e-10],
        "min": [6.0171430508e-25, 4.41403490756e-24, 2.75605991065e-24, 5.17440373461e-24, 6.73532201891e-24, 1.42733368302e-23, 1.43624591798e-23, 1.61615890028e-23, 3.9958098857e-23, 1.48039546517e-23, 2.4593551247e-23, 2.41293271147e-23, 3.97896991418e-23, 2.87418441591e-23, 8.67242629635e-23, 8.12459963191e-23, 1.08353326993e-22, 1.58827323526e-22, 1.53358056206e-22, 2.52779433025e-22, 3.16714728749e-22, 3.4615941011e-22, 4.53216114832e-22, 6.75925407084e-22, 9.51371603329e-22, 1.30455389498e-21, 2.02703597942e-21],
        "var": [3.7171115963e-08, 8.5015744844e-05, 3.57673707185e-05, 4.82103723698e-06, 5.60590342502e-05, 9.62905050983e-06, 6.17525211055e-06, 8.99073347682e-06, 6.61213243802e-06, 1.48397930388e-05, 3.58945271728e-06, 3.68845599041e-06, 8.66934783517e-07, 1.34970116505e-06, 9.96263338493e-07, 1.39909525387e-06, 9.82997107712e-07, 3.69532500599e-07, 1.38461700772e-07, 2.11290412722e-07, 1.9691269415e-07, 1.21283434851e-07, 2.49069330494e-07, 2.530078973e-07, 5.56497568027e-08, 4.43789671678e-09, 7.60067905153e-15]
    },
    "erbbands": {
        "dmean": [0.0755778476596, 0.903031170368, 2.59150719643, 3.07707691193, 9.34300708771, 10.6032190323, 11.5152139664, 10.8023328781, 10.272102356, 17.8952922821, 16.6630268097, 20.7703170776, 26.5954551697, 18.6223144531, 23.9844398499, 19.9108181, 14.9018630981, 16.7290172577, 22.6874523163, 19.2526874542, 17.6104278564, 16.1934947968, 11.3470172882, 9.30933570862, 6.94393396378, 8.2072429657, 7.81171226501, 5.24566841125, 4.4804315567, 4.04185628891, 3.69075345993, 2.32627606392, 1.39667952061, 0.749851107597, 0.335258871317, 0.167722433805, 0.026947978884, 0.000565835216548, 2.60864344455e-05, 1.19740961964e-05],
        "dmean2": [0.122571542859, 1.46832358837, 4.16885948181, 5.24839401245, 14.9601325989, 17.5998382568, 18.4745788574, 17.0513324738, 15.9058599472, 26.9882011414, 25.3263626099, 31.5923805237, 37.9354476929, 27.7129249573, 36.7157707214, 30.4923229218, 23.3861026764, 27.0794715881, 35.962726593, 31.5482387543, 27.2367458344, 25.2192802429, 17.8643360138, 15.1772613525, 11.5171451569, 13.5137758255, 12.3417158127, 8.41091346741, 7.10614156723, 6.3496336937, 5.68187236786, 3.45568037033, 2.02095556259, 1.09067666531, 0.486146777868, 0.242579802871, 0.0405264385045, 0.000849593663588, 3.79636112484e-05, 1.91326453205e-05],
        "dvar": [0.0643315836787, 4.43732786179, 43.1191177368, 36.1340141296, 609.869873047, 324.977539062, 324.335021973, 315.416503906, 312.3777771, 1402.82067871, 1634.81970215, 1401.20300293, 3483.00317383, 1452.27624512, 1653.65600586, 1787.03112793, 545.294311523, 931.299072266, 1312.11779785, 1128.80102539, 807.983825684, 862.258300781, 333.85067749, 189.535552979, 120.90385437, 204.770782471, 237.402862549, 105.854141235, 69.8576431274, 75.7890853882, 129.144378662, 40.8370819092, 17.4344787598, 3.95067191124, 0.40380859375, 0.102596692741, 0.00295598665252, 1.2838333987e-06, 2.29636465399e-09, 3.1926966626e-10],
        "dvar2": [0.165286287665, 11.417725563, 117.517158508, 99.8846359253, 1370.76477051, 868.453430176, 812.688232422, 769.182312012, 748.902404785, 2995.21899414, 3477.95849609, 3322.60668945, 6900.33056641, 2864.54467773, 3797.16381836, 4689.48681641, 1157.00549316, 2288.94946289, 3137.79321289, 2720.29272461, 1831.73864746, 2006.15661621, 846.160400391, 476.230163574, 303.61239624, 541.358703613, 537.261779785, 216.399673462, 163.360076904, 181.289276123, 277.774475098, 74.9428863525, 32.2372589111, 7.24370908737, 0.825991272926, 0.205464661121, 0.00626091565937, 2.73488399216e-06, 4.62206051211e-09, 7.80445652548e-10],
        "max": [3.02990031242, 24.0492763519, 85.1861343384, 65.7659606934, 324.552276611, 231.017242432, 252.781143188, 240.94984436, 340.696166992, 725.27947998, 966.268920898, 696.503967285, 1323.83068848, 1093.75183105, 696.734375, 930.96673584, 404.600067139, 620.394714355, 491.787841797, 721.457519531, 675.185180664, 659.340270996, 377.149261475, 205.630004883, 196.147155762, 249.306442261, 374.451721191, 250.652862549, 160.467407227, 154.91418457, 247.911392212, 131.685592651, 105.475975037, 42.2264900208, 10.9014282227, 6.00141620636, 1.08554399014, 0.0218321979046, 0.000787805533037, 0.000185970682651],
        "mean": [0.0974478572607, 1.69772613049, 5.29667568207, 5.17439699173, 13.2857713699, 16.9996109009, 20.2638988495, 22.3487319946, 20.2833995819, 34.9481773376, 32.3765602112, 39.4188461304, 61.3356399536, 42.3201599121, 52.892993927, 42.9291000366, 32.1784515381, 34.7726783752, 46.1629295349, 39.8598670959, 50.5722351074, 40.4854812622, 28.3579883575, 21.0834102631, 15.4247140884, 19.3164825439, 16.8735179901, 10.9413814545, 9.74184703827, 8.56044483185, 6.45336914062, 4.82587814331, 3.07193017006, 1.63057339191, 0.73183631897, 0.337429106236, 0.0496249012649, 0.00107345613651, 6.88956279191e-05, 4.89836056659e-05],
        "median": [0.0491540543735, 1.12306797504, 3.75272321701, 3.70898342133, 6.41443347931, 9.84257316589, 11.8975315094, 12.6693258286, 11.6147432327, 15.0314588547, 15.105050087, 21.236415863, 21.0528507233, 18.5995540619, 21.4646320343, 18.8314609528, 16.6609554291, 22.0301475525, 29.6803379059, 25.8526000977, 26.4174575806, 23.7971496582, 19.0812034607, 15.0072450638, 10.9782485962, 10.9018611908, 9.70384597778, 6.66076946259, 5.93374252319, 4.40687322617, 2.46670389175, 1.87934446335, 1.28138625622, 0.767963826656, 0.380933642387, 0.163304403424, 0.0200225710869, 0.000451231084298, 4.40311596321e-05, 4.50615407317e-05],
        "min": [5.72198490554e-23, 1.04042468466e-21, 2.65688675996e-21, 1.13960438731e-20, 1.04774759588e-20, 1.9772989986e-20, 6.99597631966e-20, 1.03834702749e-19, 2.70859386852e-19, 3.63211026165e-19, 3.09373459009e-19, 6.98035385057e-19, 5.19870503883e-19, 8.67487055851e-19, 1.75189057561e-18, 1.62499228085e-18, 1.86216471141e-18, 2.35841166078e-18, 1.86667408652e-18, 4.986938737e-18, 4.32146655753e-18, 5.7314695307e-18, 7.79617644613e-18, 9.90025674513e-18, 7.23132706586e-18, 1.15177290236e-17, 1.09910449297e-17, 1.36478754381e-17, 1.1867801785e-17, 1.19400874444e-17, 1.34610351901e-17, 1.31378755771e-17, 1.08144054729e-17, 1.03395144658e-17, 7.10535573038e-18, 4.71156700236e-18, 2.55318415731e-18, 9.93636131771e-19, 2.71498538971e-19, 2.9528806598e-20],
        "var": [0.0545782968402, 4.84554576874, 43.1712646484, 31.9814071655, 719.805725098, 451.552093506, 629.084411621, 746.856994629, 672.705078125, 3711.1875, 4409.65429688, 3151.640625, 16777.2109375, 6248.48681641, 5976.87841797, 5696.25683594, 1944.19946289, 2252.56982422, 3066.54003906, 2581.43212891, 7075.76806641, 3034.8059082, 1144.92663574, 520.751403809, 263.165802002, 605.85369873, 500.736419678, 223.862045288, 155.384979248, 159.941925049, 240.619049072, 125.943183899, 65.0732421875, 14.1858968735, 1.21583986282, 0.233306065202, 0.0058657117188, 2.57547662841e-06, 5.37870548101e-09, 5.50030632152e-10]
    },
    "gfcc": {
        "mean": [33.4015808105, 92.6529922485, -117.494338989, 43.4528121948, -64.1394577026, 23.0894622803, -42.7372512817, 12.4175004959, -26.0802097321, 3.86759519577, -20.5171279907, -0.143451943994, -7.06740427017],
        "cov": [[13015.8447266, 355.945983887, -1651.6217041, 255.147399902, -678.139099121, 257.390136719, -499.453125, 255.298156738, -376.171142578, 108.697257996, -245.820770264, 110.881324768, -96.4789199829], [355.945983887, 725.332885742, -256.508544922, -112.866630554, 89.3315505981, -96.6502914429, 43.2614860535, -45.0211257935, 77.7665634155, -41.2756156921, 52.8753395081, -63.7535324097, 13.2853031158], [-1651.6217041, -256.508544922, 864.862731934, 180.813476562, -62.975353241, 51.975692749, 8.42225551605, -39.7259979248, 26.128988266, 7.32368898392, -24.6411399841, -5.31420326233, -18.3648071289], [255.147399902, -112.866630554, 180.813476562, 302.078796387, -25.891866684, 1.65462362766, -57.0314445496, -28.0556907654, 5.76358222961, -8.58115577698, -12.5004901886, -13.1013126373, 31.1435089111], [-678.139099121, 89.3315505981, -62.975353241, -25.891866684, 265.973327637, -49.0260009766, 9.24916934967, 11.4771623611, 24.5253982544, 11.0454092026, 26.7951869965, 6.33864927292, 8.89744472504], [257.390136719, -96.6502914429, 51.975692749, 1.65462362766, -49.0260009766, 169.742752075, 62.3948822021, 11.3521528244, -15.6680383682, 5.21047067642, -8.0606212616, -9.5771188736, -15.3556680679], [-499.453125, 43.2614860535, 8.42225551605, -57.0314445496, 9.24916934967, 62.3948822021, 177.80632019, 13.5055599213, -0.790288090706, -21.8524703979, 17.8695850372, -20.904499054, -7.25948953629], [255.298156738, -45.0211257935, -39.7259979248, -28.0556907654, 11.4771623611, 11.3521528244, 13.5055599213, 95.5425567627, 11.977771759, 12.0323209763, -12.136428833, 13.198466301, -10.2943277359], [-376.171142578, 77.7665634155, 26.128988266, 5.76358222961, 24.5253982544, -15.6680383682, -0.790288090706, 11.977771759, 133.287857056, 20.1918010712, 0.858332931995, -20.6813011169, 13.9794025421], [108.697257996, -41.2756156921, 7.32368898392, -8.58115577698, 11.0454092026, 5.21047067642, -21.8524703979, 12.0323209763, 20.1918010712, 73.8087158203, 7.83436775208, 8.71407699585, -16.8847618103], [-245.820770264, 52.8753395081, -24.6411399841, -12.5004901886, 26.7951869965, -8.0606212616, 17.8695850372, -12.136428833, 0.858332931995, 7.83436775208, 82.6267089844, 1.9886302948, -0.0400356911123], [110.881324768, -63.7535324097, -5.31420326233, -13.1013126373, 6.33864927292, -9.5771188736, -20.904499054, 13.198466301, -20.6813011169, 8.71407699585, 1.9886302948, 78.1625289917, 17.0877056122], [-96.4789199829, 13.2853031158, -18.3648071289, 31.1435089111, 8.89744472504, -15.3556680679, -7.25948953629, -10.2943277359, 13.9794025421, -16.8847618103, -0.0400356911123, 17.0877056122, 72.8061447144]],
        "icov": [[0.000968644628301, -0.00206762948073, 0.00197490490973, -0.00259975111112, 0.00247134827077, -0.00277269864455, 0.00266571948305, -0.00317007745616, 0.00308785657398, -0.0024922543671, 0.00253837811761, -0.00194940750953, 0.0014899102971], [-0.00206762948073, 0.00678449915722, -0.00365108158439, 0.0061773811467, -0.00559242023155, 0.00693639600649, -0.00610778992996, 0.00799313280731, -0.00804136693478, 0.00666863936931, -0.00634557520971, 0.00553943356499, -0.00308677437715], [0.00197490490973, -0.00365108158439, 0.00564524112269, -0.00615730881691, 0.00515199825168, -0.00565236154944, 0.004853496328, -0.00541068194434, 0.00534985726699, -0.00485316151753, 0.00541007239372, -0.00440900307149, 0.00412327330559], [-0.00259975111112, 0.0061773811467, -0.00615730881691, 0.0117597775534, -0.00666493596509, 0.00719196815044, -0.0054112537764, 0.00893520284444, -0.00824416428804, 0.00734475953504, -0.00719000399113, 0.00735843973234, -0.00654525030404], [0.00247134827077, -0.00559242023155, 0.00515199825168, -0.00666493596509, 0.0106471190229, -0.00587089871988, 0.00618775887415, -0.00873073283583, 0.00755020510405, -0.00721112405881, 0.00554958963767, -0.00537765957415, 0.0034321655985], [-0.00277269864455, 0.00693639600649, -0.00565236154944, 0.00719196815044, -0.00587089871988, 0.0162195060402, -0.0110024344176, 0.00893540959805, -0.00837630592287, 0.0057556098327, -0.00672555016354, 0.00655421381816, -0.00373629620299], [0.00266571948305, -0.00610778992996, 0.004853496328, -0.0054112537764, 0.00618775887415, -0.0110024344176, 0.015775538981, -0.0103797102347, 0.0086458614096, -0.00393193913624, 0.00481737870723, -0.00336608919315, 0.00343530834652], [-0.00317007745616, 0.00799313280731, -0.00541068194434, 0.00893520284444, -0.00873073283583, 0.00893540959805, -0.0103797102347, 0.0236734766513, -0.0128131415695, 0.0076883318834, -0.00606561778113, 0.00355885038152, -0.00217776582576], [0.00308785657398, -0.00804136693478, 0.00534985726699, -0.00824416428804, 0.00755020510405, -0.00837630592287, 0.0086458614096, -0.0128131415695, 0.020394384861, -0.0124651156366, 0.00869838893414, -0.00269249291159, 0.00062620913377], [-0.0024922543671, 0.00666863936931, -0.00485316151753, 0.00734475953504, -0.00721112405881, 0.0057556098327, -0.00393193913624, 0.0076883318834, -0.0124651156366, 0.0249718911946, -0.00944005791098, 0.00265461811796, 0.00146128190681], [0.00253837811761, -0.00634557520971, 0.00541007239372, -0.00719000399113, 0.00554958963767, -0.00672555016354, 0.00481737870723, -0.00606561778113, 0.00869838893414, -0.00944005791098, 0.0208195745945, -0.00667066080496, 0.00420549558476], [-0.00194940750953, 0.00553943356499, -0.00440900307149, 0.00735843973234, -0.00537765957415, 0.00655421381816, -0.00336608919315, 0.00355885038152, -0.00269249291159, 0.00265461811796, -0.00667066080496, 0.0220284350216, -0.00968787353486], [0.0014899102971, -0.00308677437715, 0.00412327330559, -0.00654525030404, 0.0034321655985, -0.00373629620299, 0.00343530834652, -0.00217776582576, 0.00062620913377, 0.00146128190681, 0.00420549558476, -0.00968787353486, 0.0214344449341]]
    },
    "melbands": {
        "dmean": [0.00085021549603, 0.00122118741274, 0.0006883230526, 0.000732429558411, 0.000417627888964, 0.000235575207626, 0.000163366465131, 0.000195385757252, 0.000137025606818, 0.000131342807435, 0.000134901871206, 7.84136500442e-05, 8.76244084793e-05, 6.74486873322e-05, 4.15787799284e-05, 2.86807990051e-05, 3.56147284037e-05, 4.16290749854e-05, 2.68720868917e-05, 2.26417960221e-05, 2.30507521337e-05, 1.82030926226e-05, 1.53819019033e-05, 1.05527542473e-05, 8.11716381577e-06, 5.92366586716e-06, 5.04338140672e-06, 6.02244699621e-06, 5.81828771828e-06, 3.75772538064e-06, 3.28348755829e-06, 2.76798141385e-06, 2.46040326601e-06, 2.35158722717e-06, 2.35795459957e-06, 1.77454899131e-06, 1.49055358634e-06, 1.11058784569e-06, 8.38043149543e-07, 6.110598747e-07],
        "dmean2": [0.00137600931339, 0.00197283364832, 0.00114208180457, 0.00118618831038, 0.000673321716022, 0.000370681053028, 0.000252451369306, 0.00029401894426, 0.00021150878456, 0.000197608256713, 0.000192154373508, 0.000116740360681, 0.000134544505272, 0.000104358805402, 6.24006061116e-05, 4.52972235507e-05, 5.80693340453e-05, 6.55085023027e-05, 4.40249132225e-05, 3.68708642782e-05, 3.61403253919e-05, 2.85714068013e-05, 2.49817876465e-05, 1.68883489096e-05, 1.33813700813e-05, 9.78060688794e-06, 8.36783601699e-06, 9.89912496152e-06, 9.35764182941e-06, 5.97142616243e-06, 5.36314109922e-06, 4.43560020358e-06, 3.89063643524e-06, 3.75781769435e-06, 3.69751182916e-06, 2.73691716757e-06, 2.20602464651e-06, 1.66830591297e-06, 1.26728355099e-06, 9.07275591544e-07],
        "dvar": [6.09635844739e-06, 7.68327663536e-06, 1.7795224494e-06, 2.55485906564e-06, 4.0655655198e-07, 1.44829300552e-07, 8.06447317814e-08, 1.65359963944e-07, 1.00597546293e-07, 5.68541693724e-08, 8.6508798347e-08, 2.72935984924e-08, 2.58138896925e-08, 1.66803051371e-08, 4.51052750705e-09, 2.14616902028e-09, 4.74783279358e-09, 4.49209514031e-09, 1.91732141275e-09, 1.1928487087e-09, 1.38417088902e-09, 1.16670184624e-09, 5.65034297129e-10, 3.56461221651e-10, 1.50416790134e-10, 8.94192844769e-11, 7.42845368551e-11, 1.08433824419e-10, 1.47404144446e-10, 4.75922946885e-11, 4.45648448699e-11, 2.66876607619e-11, 2.02902521174e-11, 2.81463272828e-11, 5.41961024669e-11, 2.56382016312e-11, 1.75605051334e-11, 1.16794664218e-11, 5.87873543248e-12, 2.49604265208e-12],
        "dvar2": [1.59675510076e-05, 1.98857251235e-05, 4.38466349806e-06, 6.1037380874e-06, 1.04412549717e-06, 3.49112099229e-07, 1.90346213458e-07, 3.60310309588e-07, 2.2466734606e-07, 1.28684717993e-07, 1.7138781061e-07, 5.31076054244e-08, 5.97355196419e-08, 4.12585947629e-08, 1.03440527255e-08, 4.93178342609e-09, 1.15104725751e-08, 1.072585043e-08, 4.47361481193e-09, 2.89601898018e-09, 3.12302095296e-09, 2.64775246173e-09, 1.43876288661e-09, 9.53071732646e-10, 3.76278730396e-10, 2.2299197211e-10, 1.99479405216e-10, 2.81632966947e-10, 3.53963275357e-10, 1.01873967595e-10, 9.66849864059e-11, 6.27332144565e-11, 5.02727061369e-11, 6.79769851519e-11, 1.22080151543e-10, 4.87711641906e-11, 3.46710646304e-11, 2.29496786158e-11, 1.10976262901e-11, 4.911434974e-12],
        "max": [0.0285684652627, 0.0368403941393, 0.0151402484626, 0.021404389292, 0.00995011907071, 0.00468278769404, 0.00600927649066, 0.00806511379778, 0.00730367563665, 0.00493586203083, 0.00649012997746, 0.0048112552613, 0.00313698546961, 0.00277303275652, 0.00155321974307, 0.00101439037826, 0.00141919730231, 0.000961843179539, 0.000702882825863, 0.000604845001362, 0.000860324711539, 0.000774571846705, 0.000427708728239, 0.000497836212162, 0.000189427344594, 0.000142697535921, 0.000186756093171, 0.000178295566002, 0.000301532272715, 0.000131813241751, 0.0001566173014, 9.48536908254e-05, 7.19078307156e-05, 9.25930144149e-05, 0.000168747123098, 0.000102817626612, 9.2640024377e-05, 8.80036095623e-05, 6.25856118859e-05, 3.30866132572e-05],
        "mean": [0.00131886894815, 0.0027172008995, 0.00115505082067, 0.00113355100621, 0.000744566263165, 0.000496970140375, 0.000320835999446, 0.000375039351638, 0.000258961401414, 0.000249309086939, 0.00030473220977, 0.000167931837495, 0.000177594731213, 0.000135892667458, 8.52096927701e-05, 5.77716418775e-05, 6.76125200698e-05, 7.90718695498e-05, 5.2507599321e-05, 4.95888270962e-05, 6.01360479777e-05, 4.06111248594e-05, 3.44585132552e-05, 2.19785724767e-05, 1.65620349435e-05, 1.16488154163e-05, 1.05493409137e-05, 1.33661842483e-05, 1.17203044283e-05, 7.25322615835e-06, 6.06501907896e-06, 5.54717735213e-06, 5.20254616276e-06, 4.48868968306e-06, 3.78253184863e-06, 3.14760973197e-06, 2.93733887702e-06, 2.24424275075e-06, 1.76502851446e-06, 1.23283030007e-06],
        "median": [0.000793390790932, 0.00200917595066, 0.000780337373726, 0.000639835896436, 0.000450303865364, 0.000284873094643, 0.000180445698788, 0.000162298470968, 0.000117894538562, 0.000125721009681, 9.99867988867e-05, 6.64408289595e-05, 6.67264321237e-05, 4.43421668024e-05, 4.08334854001e-05, 2.70540713245e-05, 3.80064084311e-05, 4.67472891614e-05, 3.03035831166e-05, 3.2003648812e-05, 2.78389397863e-05, 2.28675999097e-05, 2.113170558e-05, 1.28096417029e-05, 1.12291008918e-05, 7.72152725403e-06, 7.04163085175e-06, 6.78274636812e-06, 6.18118338025e-06, 4.35488209405e-06, 3.38987433679e-06, 3.28671762873e-06, 2.85995042759e-06, 2.13243583858e-06, 1.35193022288e-06, 1.20613390209e-06, 1.07657422177e-06, 8.82305357663e-07, 7.85272277426e-07, 5.73906902446e-07],
        "min": [8.5516446709e-25, 1.30234447071e-24, 2.82237451657e-24, 1.51381037066e-24, 2.90244034858e-24, 2.45519664444e-24, 3.61028938035e-24, 2.58644830792e-24, 2.18695534045e-24, 5.19161549627e-24, 2.57639664227e-24, 3.15412622317e-24, 5.09095645033e-24, 2.91017236874e-24, 2.94169603937e-24, 3.78626492121e-24, 4.24698651113e-24, 2.18002204196e-24, 6.32403991964e-24, 5.26979240084e-24, 4.62231666908e-24, 5.87203603158e-24, 4.6151025361e-24, 6.33000568024e-24, 6.36473449273e-24, 4.54318287623e-24, 4.2366721548e-24, 5.24242089958e-24, 4.7759788848e-24, 5.90585410416e-24, 8.26396248155e-24, 6.08322987313e-24, 6.00131061243e-24, 5.35538499235e-24, 7.2544216824e-24, 5.88536699202e-24, 7.74315651192e-24, 6.15960817483e-24, 7.36055581745e-24, 8.91681508924e-24],
        "var": [5.39369739272e-06, 9.13100393518e-06, 1.91515528059e-06, 3.10755240207e-06, 7.5424611623e-07, 3.58525227284e-07, 1.67065792311e-07, 4.0371594423e-07, 2.51604120649e-07, 1.42535185432e-07, 4.26655475394e-07, 1.15589010363e-07, 7.73560984157e-08, 5.69818432439e-08, 1.56141890528e-08, 7.79851738741e-09, 1.08904156804e-08, 1.03372528315e-08, 4.63707250375e-09, 3.15019788033e-09, 1.15378924193e-08, 3.38435679481e-09, 1.7505009664e-09, 1.11355202836e-09, 3.60711044367e-10, 1.74249378815e-10, 1.48290907331e-10, 3.55389467854e-10, 2.90964030647e-10, 9.40274177963e-11, 8.46690426104e-11, 5.56868821888e-11, 4.47048786878e-11, 5.40691623419e-11, 9.13343983777e-11, 5.73781751279e-11, 5.33559446625e-11, 3.70709851705e-11, 2.26179387719e-11, 7.44125681212e-12]
    },
    "mfcc": {
        "mean": [-599.100036621, 113.477767944, 5.98682975769, 22.9284076691, 4.84694910049, 8.83908176422, -1.75315201283, 4.22429561615, 3.84202647209, -0.227470144629, -2.67188167572, -0.597689688206, -2.57002425194],
        "cov": [[4562.54638672, 23.8682327271, -622.714294434, -137.095169067, -77.5394592285, -107.067001343, 2.3560385704, 16.3047981262, -21.3120346069, 10.0292310715, -86.5270690918, -37.8493843079, 93.0344543457], [23.8682327271, 811.5234375, -286.962005615, -19.9980297089, 3.58862233162, -32.7443962097, -13.9934711456, 4.14337539673, -0.198517739773, -8.59923267365, 73.4301986694, 4.7578701973, -5.07180833817], [-622.714294434, -286.962005615, 843.016357422, 101.768417358, -9.55392360687, 103.638786316, -22.0858345032, 1.86626851559, 20.8054180145, 3.60663890839, -13.4359827042, 26.7324943542, -50.9136390686], [-137.095169067, -19.9980297089, 101.768417358, 245.860855103, 94.1989364624, -2.12470340729, -32.071269989, -24.4826469421, 3.70636224747, -19.0279350281, -24.6876525879, 5.72668123245, 4.46407413483], [-77.5394592285, 3.58862233162, -9.55392360687, 94.1989364624, 188.936706543, -1.15956020355, -42.4004936218, -27.6586437225, 3.22360134125, 4.499604702, 0.750243067741, -3.25974369049, 12.2231092453], [-107.067001343, -32.7443962097, 103.638786316, -2.12470340729, -1.15956020355, 127.152900696, 33.9072990417, 6.50579595566, 12.5388250351, 9.97982788086, 6.05919218063, 6.63099908829, -24.6659240723], [2.3560385704, -13.9934711456, -22.0858345032, -32.071269989, -42.4004936218, 33.9072990417, 162.586624146, 41.6159095764, -29.9736328125, 9.2332277298, 7.69982290268, -18.1469802856, -4.9150185585], [16.3047981262, 4.14337539673, 1.86626851559, -24.4826469421, -27.6586437225, 6.50579595566, 41.6159095764, 86.9571914673, 26.9444923401, 4.39487791061, 0.36902987957, -1.92198801041, -2.19052577019], [-21.3120346069, -0.198517739773, 20.8054180145, 3.70636224747, 3.22360134125, 12.5388250351, -29.9736328125, 26.9444923401, 99.7607879639, 17.697675705, -8.76047992706, 15.6470947266, -5.69261026382], [10.0292310715, -8.59923267365, 3.60663890839, -19.0279350281, 4.499604702, 9.97982788086, 9.2332277298, 4.39487791061, 17.697675705, 88.3410720825, 30.4396896362, -7.3085808754, -10.1952123642], [-86.5270690918, 73.4301986694, -13.4359827042, -24.6876525879, 0.750243067741, 6.05919218063, 7.69982290268, 0.36902987957, -8.76047992706, 30.4396896362, 84.9718856812, 14.9776763916, -9.79109764099], [-37.8493843079, 4.7578701973, 26.7324943542, 5.72668123245, -3.25974369049, 6.63099908829, -18.1469802856, -1.92198801041, 15.6470947266, -7.3085808754, 14.9776763916, 76.1209640503, 21.6612453461], [93.0344543457, -5.07180833817, -50.9136390686, 4.46407413483, 12.2231092453, -24.6659240723, -4.9150185585, -2.19052577019, -5.69261026382, -10.1952123642, -9.79109764099, 21.6612453461, 79.0994110107]],
