{
"lowlevel": {
    "average_loudness": 0.926581859589,
    "barkbands_crest": {
        "dmean": 2.04600787163,
        "dmean2": 3.37153458595,
        "dvar": 4.55221033096,
        "dvar2": 11.6985864639,
        "max": 25.5701904297,
        "mean": 7.61210393906,
        "median": 6.74414253235,
        "min": 2.46947216988,
        "var": 13.3087301254
    },
    "barkbands_flatness_db": {
        "dmean": 0.0150926904753,
        "dmean2": 0.0228518545628,
        "dvar": 0.000303444539895,
        "dvar2": 0.00064729974838,
        "max": 0.38030654192,
        "mean": 0.0985731855035,
        "median": 0.0882211253047,
        "min": 0.0194722954184,
        "var": 0.00205579865724
    },
    "barkbands_kurtosis": {
        "dmean": 2.05769538879,
        "dmean2": 3.20989441872,
        "dvar": 86.8064346313,
        "dvar2": 195.551956177,
        "max": 267.707244873,
        "mean": 2.47215557098,
        "median": -0.295251607895,
        "min": -1.83974766731,
        "var": 198.475646973
    },
    "barkbands_skewness": {
        "dmean": 0.404245436192,
        "dmean2": 0.623624205589,
        "dvar": 0.370804905891,
        "dvar2": 0.804721593857,
        "max": 15.2487449646,
        "mean": 0.97693169117,
        "median": 0.673482954502,
        "min": -1.9208586216,
        "var": 1.91332674026
    },
    "barkbands_spread": {
        "dmean": 4.90150117874,
        "dmean2": 7.36896371841,
        "dvar": 29.8009605408,
        "dvar2": 62.3443565369,
        "max": 86.0732498169,
        "mean": 28.8450946808,
        "median": 28.371006012,
        "min": 0.965682506561,
        "var": 135.813049316
    },
    "dissonance": {
        "dmean": 0.0119753181934,
        "dmean2": 0.0203485395759,
        "dvar": 0.000152551045176,
        "dvar2": 0.000418835959863,
        "max": 0.500000059605,
        "mean": 0.479287475348,
        "median": 0.483589023352,
        "min": 0.357602894306,
        "var": 0.000298736558761
    },
    "dynamic_complexity": 2.37912940979,
    "erbbands_crest": {
        "dmean": 1.95674359798,
        "dmean2": 3.21634697914,
        "dvar": 3.58439850807,
        "dvar2": 8.89438724518,
        "max": 22.4162101746,
        "mean": 7.14686203003,
        "median": 6.32324457169,
        "min": 2.48754143715,
        "var": 9.94349861145
    },
    "erbbands_flatness_db": {
        "dmean": 0.0133807398379,
        "dmean2": 0.0195940863341,
        "dvar": 0.000172751417267,
        "dvar2": 0.000340033933753,
        "max": 0.233158007264,
        "mean": 0.143648833036,
        "median": 0.145252123475,
        "min": 0.0395612716675,
        "var": 0.000881723826751
    },
    "erbbands_kurtosis": {
        "dmean": 0.573309779167,
        "dmean2": 0.912758886814,
        "dvar": 0.467050611973,
        "dvar2": 1.03508663177,
        "max": 12.4271726608,
        "mean": 0.197303041816,
        "median": -0.028484582901,
        "min": -1.68818330765,
        "var": 1.45837271214
    },
    "erbbands_skewness": {
        "dmean": 0.266012966633,
        "dmean2": 0.412906736135,
        "dvar": 0.0620622895658,
        "dvar2": 0.136415854096,
        "max": 2.1881506443,
        "mean": -0.0638040304184,
        "median": -0.0844073146582,
        "min": -2.48162651062,
        "var": 0.284439921379
    },
    "erbbands_spread": {
        "dmean": 6.13147592545,
        "dmean2": 9.64409065247,
        "dvar": 41.198764801,
        "dvar2": 100.916038513,
        "max": 112.674598694,
        "mean": 35.397354126,
        "median": 31.5554962158,
        "min": 9.31788444519,
        "var": 262.004364014
    },
    "hfc": {
        "dmean": 7.35110616684,
        "dmean2": 10.520031929,
        "dvar": 135.299697876,
        "dvar2": 296.409454346,
        "max": 140.089492798,
        "mean": 25.0295143127,
        "median": 19.9755783081,
        "min": 1.09950931516e-16,
        "var": 416.3621521
    },
    "melbands_crest": {
        "dmean": 2.74103212357,
        "dmean2": 4.39553976059,
        "dvar": 7.23710203171,
        "dvar2": 17.9876785278,
        "max": 36.2989387512,
        "mean": 12.1891098022,
        "median": 11.2652244568,
        "min": 1.90242731571,
        "var": 27.6582260132
    },
    "melbands_flatness_db": {
        "dmean": 0.0200766958296,
        "dmean2": 0.030111445114,
        "dvar": 0.000509293866344,
        "dvar2": 0.00109693489503,
        "max": 0.465990126133,
        "mean": 0.156903192401,
        "median": 0.140749692917,
        "min": 0.00440781516954,
        "var": 0.00397540116683
    },
    "melbands_kurtosis": {
        "dmean": 5.33513593674,
        "dmean2": 8.28256607056,
        "dvar": 365.102050781,
        "dvar2": 864.995239258,
        "max": 490.894104004,
        "mean": 10.4618940353,
        "median": 2.40356111526,
        "min": -1.52729904652,
        "var": 1277.55578613
    },
    "melbands_skewness": {
        "dmean": 0.549447894096,
        "dmean2": 0.864358782768,
        "dvar": 0.554135739803,
        "dvar2": 1.3063236475,
        "max": 17.8517475128,
        "mean": 2.09111261368,
        "median": 1.59104537964,
        "min": -0.398818105459,
        "var": 3.73546147346
    },
    "melbands_spread": {
        "dmean": 7.28197193146,
        "dmean2": 11.2467679977,
        "dvar": 79.8632736206,
        "dvar2": 162.258743286,
        "max": 179.887863159,
        "mean": 35.2480545044,
        "median": 35.0605163574,
        "min": 0.620644629002,
        "var": 363.07989502
    },
    "pitch_salience": {
        "dmean": 0.0585390925407,
        "dmean2": 0.0948319211602,
        "dvar": 0.00353152840398,
        "dvar2": 0.00877138692886,
        "max": 0.861767947674,
        "mean": 0.577649414539,
        "median": 0.595693707466,
        "min": 0.0317440368235,
        "var": 0.0122872898355
    },
    "silence_rate_20dB": {
        "dmean": 0,
        "dmean2": 0,
        "dvar": 0,
        "dvar2": 0,
        "max": 1,
        "mean": 1,
        "median": 1,
        "min": 1,
        "var": 0
    },
    "silence_rate_30dB": {
        "dmean": 0.000773993786424,
        "dmean2": 0.00154858687893,
        "dvar": 0.000773394771386,
        "dvar2": 0.0015461887233,
        "max": 1,
        "mean": 0.999226331711,
        "median": 1,
        "min": 0,
        "var": 0.000773095758632
    },
    "silence_rate_60dB": {
        "dmean": 0.00890092924237,
        "dmean2": 0.0178087502718,
        "dvar": 0.0088225165382,
        "dvar2": 0.0198139585555,
        "max": 1,
        "mean": 0.0317214690149,
        "median": 0,
        "min": 0,
        "var": 0.0307160243392
    },
    "spectral_centroid": {
        "dmean": 224.219497681,
        "dmean2": 337.184387207,
        "dvar": 70026.140625,
        "dvar2": 135133.796875,
        "max": 11786.4296875,
        "mean": 1715.984375,
        "median": 1715.65478516,
        "min": 219.196166992,
        "var": 600959
    },
    "spectral_complexity": {
        "dmean": 4.02941179276,
        "dmean2": 5.98257827759,
        "dvar": 16.3766384125,
        "dvar2": 35.1636390686,
        "max": 58,
        "mean": 26.8657646179,
        "median": 29,
        "min": 0,
        "var": 136.942749023
    },
    "spectral_decrease": {
        "dmean": 1.82352277722e-09,
        "dmean2": 2.87896928519e-09,
        "dvar": 8.70659872527e-18,
        "dvar2": 2.13152764065e-17,
        "max": 9.21724793553e-29,
        "mean": -5.6492797107e-09,
        "median": -4.93046226069e-09,
        "min": -3.59438985242e-08,
        "var": 1.32746937319e-17
    },
    "spectral_energy": {
        "dmean": 0.00739258807153,
        "dmean2": 0.0115871643648,
        "dvar": 0.000138766874443,
        "dvar2": 0.00033838863601,
        "max": 0.148313909769,
        "mean": 0.0235919207335,
        "median": 0.0205997321755,
        "min": 1.01831757597e-20,
        "var": 0.000225674943067
    },
    "spectral_energyband_high": {
        "dmean": 0.00053150090389,
        "dmean2": 0.000774022657424,
        "dvar": 1.34395304485e-06,
        "dvar2": 2.91531864605e-06,
        "max": 0.0171160064638,
        "mean": 0.00108506227843,
        "median": 0.000562730419915,
        "min": 7.1825465837e-21,
        "var": 2.75843945019e-06
    },
    "spectral_energyband_low": {
        "dmean": 0.00388079672121,
        "dmean2": 0.00630683545023,
        "dvar": 6.87696010573e-05,
        "dvar2": 0.000170521394466,
        "max": 0.0793292447925,
        "mean": 0.00751020852476,
        "median": 0.00526908226311,
        "min": 2.39021320185e-23,
        "var": 7.52114356146e-05
    },
    "spectral_energyband_middle_high": {
        "dmean": 0.00219714338891,
        "dmean2": 0.0033360265661,
        "dvar": 1.01656578408e-05,
        "dvar2": 2.20766178245e-05,
        "max": 0.06871509552,
        "mean": 0.0082276398316,
        "median": 0.00699421344325,
        "min": 1.24851038899e-21,
        "var": 4.75391389045e-05
    },
    "spectral_energyband_middle_low": {
        "dmean": 0.00338094402105,
        "dmean2": 0.00558069813997,
        "dvar": 4.19785828853e-05,
        "dvar2": 0.000113241243525,
        "max": 0.0702373236418,
        "mean": 0.00754007697105,
        "median": 0.00597548950464,
        "min": 1.58333698547e-22,
        "var": 4.40825933765e-05
    },
    "spectral_entropy": {
        "dmean": 0.102695383132,
        "dmean2": 0.153757572174,
        "dvar": 0.0129780443385,
        "dvar2": 0.0269601624459,
        "max": 9.81203174591,
        "mean": 7.79628705978,
        "median": 7.82965612411,
        "min": 6.65211629868,
        "var": 0.0978101491928
    },
    "spectral_flux": {
        "dmean": 0.0209586527199,
        "dmean2": 0.0314883589745,
        "dvar": 0.000729787745513,
        "dvar2": 0.00141323066782,
        "max": 0.322331696749,
        "mean": 0.081530213356,
        "median": 0.0732372403145,
        "min": 6.56934229237e-11,
        "var": 0.00189996825065
    },
    "spectral_kurtosis": {
        "dmean": 1.28587090969,
        "dmean2": 2.16600227356,
        "dvar": 2.23072838783,
        "dvar2": 6.56897735596,
        "max": 24.1014919281,
        "mean": 4.14588499069,
        "median": 3.84427690506,
        "min": -1.24784517288,
        "var": 5.49555110931
    },
    "spectral_rms": {
        "dmean": 0.000669790024403,
        "dmean2": 0.00101957737934,
        "dvar": 7.9664664554e-07,
        "dvar2": 1.83700660727e-06,
        "max": 0.0120289856568,
        "mean": 0.00456873141229,
        "median": 0.00448300130665,
        "min": 3.15195265721e-12,
        "var": 2.14320584746e-06
    },
    "spectral_rolloff": {
        "dmean": 435.290283203,
        "dmean2": 696.973999023,
        "dvar": 521786.21875,
        "dvar2": 1010152.625,
        "max": 19616.7480469,
        "mean": 1988.67529297,
        "median": 1873.38867188,
        "min": 21.533203125,
        "var": 2616870.75
    },
    "spectral_skewness": {
        "dmean": 0.184889003634,
        "dmean2": 0.298041909933,
        "dvar": 0.0365343019366,
        "dvar2": 0.0971907377243,
        "max": 3.06079006195,
        "mean": 1.42909038067,
        "median": 1.42251944542,
        "min": -0.0810848176479,
        "var": 0.143543630838
    },
    "spectral_spread": {
        "dmean": 414072.96875,
        "dmean2": 597838.8125,
        "dvar": 537370656768,
        "dvar2": 981039120384,
        "max": 41997184,
        "mean": 4322448,
        "median": 4007767.75,
        "min": 1784967,
        "var": 5.90324747469e+12
    },
    "spectral_strongpeak": {
        "dmean": 0.506863832474,
        "dmean2": 0.89134478569,
        "dvar": 0.817715466022,
        "dvar2": 2.09769558907,
        "max": 9.45186042786,
        "mean": 0.784930944443,
        "median": 0.325889408588,
        "min": 0,
        "var": 1.22857999802
    },
    "zerocrossingrate": {
        "dmean": 0.00924068503082,
        "dmean2": 0.0105854766443,
        "dvar": 0.000155834815814,
        "dvar2": 0.000159427698236,
        "max": 0.5166015625,
        "mean": 0.0716343522072,
        "median": 0.06787109375,
        "min": 0.00537109375,
        "var": 0.00168581213802
    },
    "barkbands": {
        "dmean": [8.9998866315e-05, 0.0024237819016, 0.00166784401517, 0.000750382139813, 0.00169304443989, 0.000447438913397, 0.000708900857717, 0.000572417746298, 0.00063371588476, 0.000477630470414, 0.000511260121129, 0.000609895563684, 0.000463383708848, 0.000535268103704, 0.000442581105744, 0.000378848839318, 0.000322348379996, 0.000279037951259, 0.000252384634223, 0.000186483652215, 0.000151508502313, 0.000163308417541, 0.000111624540295, 5.7230987295e-05, 3.28354071826e-05, 3.68779146811e-05, 5.04594572703e-06],
        "dmean2": [0.000143217621371, 0.00396839296445, 0.00284730410203, 0.00127138628159, 0.00292342319153, 0.000739617331419, 0.00112659169827, 0.000919270329177, 0.000992889981717, 0.000765677075833, 0.000828608404845, 0.000979070668109, 0.000718883180525, 0.000847536954097, 0.000714167661499, 0.000601754174568, 0.000519776600413, 0.000435163470684, 0.000405363884056, 0.000292546435958, 0.000231262471061, 0.00024796181242, 0.000175555396709, 8.65458423505e-05, 4.67490899609e-05, 5.35634571861e-05, 8.076526683e-06],
        "dvar": [4.38254872392e-08, 3.09884198941e-05, 1.36436465255e-05, 2.3427664928e-06, 1.98912021006e-05, 1.00896897948e-06, 1.40334213938e-06, 2.58849604506e-06, 2.77146091321e-06, 1.04775335785e-06, 1.01852174339e-06, 1.23615063785e-06, 8.90082560545e-07, 6.18363799276e-07, 4.41887237912e-07, 4.54638637848e-07, 4.05628242106e-07, 2.17472972963e-07, 2.8183080758e-07, 1.50977285784e-07, 1.11440648709e-07, 1.50182003722e-07, 1.07211661771e-07, 3.11992494062e-08, 8.92935592134e-09, 1.26461179306e-08, 3.52349233124e-10],
        "dvar2": [1.01642363859e-07, 7.52780542825e-05, 3.89027045458e-05, 6.41014094072e-06, 5.48873067601e-05, 2.863400141e-06, 3.50431082552e-06, 6.7454825512e-06, 7.00352029526e-06, 2.46855552177e-06, 2.4975481665e-06, 2.92752974929e-06, 1.920019713e-06, 1.41690998134e-06, 1.11161898531e-06, 1.02025103388e-06, 9.49770651459e-07, 5.12672954756e-07, 6.83364930865e-07, 3.26438168941e-07, 2.75642349834e-07, 3.43439410244e-07, 2.39686386294e-07, 6.24294642648e-08, 1.77997812045e-08, 2.46316655961e-08, 8.55166548686e-10],
        "max": [0.00281290546991, 0.0573755949736, 0.0446320213377, 0.0266307462007, 0.0452588386834, 0.0246373638511, 0.0204340238124, 0.0287058483809, 0.045595895499, 0.0177393872291, 0.0259231235832, 0.0223263818771, 0.0232509467751, 0.0118201123551, 0.0113410623744, 0.0165000166744, 0.0115262465551, 0.00868328940123, 0.00867193751037, 0.0082037281245, 0.00569352926686, 0.00672931550071, 0.00823014415801, 0.0035335784778, 0.00272357370704, 0.00282487040386, 0.000331430725055],
        "mean": [0.000125983540784, 0.00388854229823, 0.00282327807508, 0.0011148158228, 0.00214216648601, 0.000829604687169, 0.00132660754025, 0.000881360319909, 0.00105829711538, 0.000827872310765, 0.000911624112632, 0.00122968119103, 0.000879457627889, 0.00103012367617, 0.000832478515804, 0.000742625561543, 0.000605574983638, 0.000582992448471, 0.000492956198286, 0.000323685875628, 0.000255785882473, 0.000287875940558, 0.000181496026926, 0.000100463585113, 5.73678807996e-05, 5.36846528121e-05, 5.53722429686e-06],
        "median": [5.31477380719e-05, 0.00226293620653, 0.00181852537207, 0.000703012454323, 0.00110852892976, 0.000600662257057, 0.000719268689863, 0.000303642242216, 0.000558981380891, 0.000411385146435, 0.000501564936712, 0.000728263577912, 0.000521552923601, 0.000658337550703, 0.000565768103115, 0.000494075298775, 0.000375119474484, 0.000392856192775, 0.000309454684611, 0.000169625054696, 0.000129657157231, 0.000128215819132, 7.07122526364e-05, 3.81876816391e-05, 2.04610787478e-05, 1.03988722913e-05, 3.34346452746e-07],
        "min": [3.38762668454e-24, 5.58439446857e-24, 3.58643935417e-24, 3.73685343512e-24, 8.87293943455e-24, 1.72011451705e-23, 1.18192079089e-23, 1.57144216209e-23, 4.28571847717e-23, 1.57971541972e-23, 2.74207072467e-23, 5.06297492294e-23, 6.88020121509e-23, 5.34134942135e-23, 4.35752185895e-23, 6.66200228871e-23, 9.21396479274e-23, 1.77455232506e-22, 1.35796611439e-22, 1.97689615699e-22, 3.00396566634e-22, 3.63584299899e-22, 4.53562607785e-22, 7.00061572045e-22, 1.06319981843e-21, 1.52247690937e-21, 1.95921443934e-21],
        "var": [5.21559222477e-08, 3.25746732415e-05, 1.26362019728e-05, 2.18074114855e-06, 1.5125057871e-05, 1.05524316041e-06, 2.84463021671e-06, 3.39234702551e-06, 3.74686374016e-06, 1.92517245523e-06, 2.18783748096e-06, 3.08822200168e-06, 2.02946330319e-06, 1.6377726979e-06, 8.92384662166e-07, 1.25490623759e-06, 7.85278587045e-07, 5.04637569065e-07, 5.89134231177e-07, 2.93741209134e-07, 1.5946783094e-07, 2.58212111248e-07, 2.02899414603e-07, 6.29003480412e-08, 1.80055792498e-08, 2.41512569943e-08, 4.36087443934e-10]
    },
    "erbbands": {
        "dmean": [0.0671505853534, 0.595976412296, 1.80315005779, 2.27971887589, 4.43524217606, 6.15996837616, 4.37504720688, 3.45228934288, 7.36317920685, 13.2655172348, 12.1873636246, 14.0848007202, 13.8653535843, 14.8404941559, 21.1587467194, 21.7331733704, 19.6532516479, 22.1673069, 23.047164917, 22.622592926, 19.4487552643, 17.9701766968, 14.0402917862, 14.4539871216, 10.6610689163, 8.32232570648, 5.78317785263, 6.2664732933, 5.85710430145, 4.84658670425, 2.9917345047, 1.54367995262, 0.798640370369, 0.382725834846, 0.241896241903, 0.171108424664, 0.0632556378841, 0.0128354392946, 0.000869549578056, 3.14420358336e-05],
        "dmean2": [0.10859541595, 0.992264449596, 3.05798864365, 3.88093090057, 7.4886841774, 10.9426088333, 7.26294755936, 5.73930120468, 11.6798448563, 21.1561145782, 19.8423938751, 22.3997612, 22.2880134583, 24.1313724518, 34.3313407898, 35.4436225891, 31.0970077515, 34.3148040771, 36.4588432312, 36.0228424072, 30.9374370575, 28.5947418213, 21.7257728577, 23.0551738739, 16.6125793457, 13.0898513794, 9.04026126862, 9.6166305542, 8.80808639526, 7.69326162338, 4.63503599167, 2.3625535965, 1.21826052666, 0.57017159462, 0.342436373234, 0.256239831448, 0.0931600555778, 0.0191418547183, 0.00139524240512, 4.9185964599e-05],
        "dvar": [0.0285407025367, 1.82644999027, 15.7473669052, 25.9126014709, 117.162940979, 269.124420166, 59.8137283325, 84.3398666382, 202.480667114, 542.991271973, 1526.28857422, 1980.6081543, 915.07220459, 952.742858887, 1577.5402832, 1964.39477539, 1547.61315918, 1112.11193848, 1638.07910156, 1201.03564453, 1178.87463379, 1111.95080566, 462.515319824, 834.653137207, 567.889770508, 282.690856934, 181.946334839, 178.640930176, 175.082458496, 168.216995239, 85.9840698242, 23.5416107178, 5.27809143066, 1.31101691723, 0.550380408764, 0.332635998726, 0.0349410027266, 0.00164228177164, 1.28606834551e-05, 1.0894490643e-08],
        "dvar2": [0.0696141496301, 4.6772313118, 44.6784820557, 72.2767944336, 309.37097168, 764.52532959, 165.480224609, 239.535980225, 529.864318848, 1333.91101074, 4155.02197266, 5138.97363281, 2249.54174805, 2257.84008789, 3926.6574707, 4789.32714844, 3290.09985352, 2422.29589844, 4060.48461914, 2667.99487305, 2730.96337891, 2684.80639648, 1063.45812988, 2079.24145508, 1161.64123535, 637.202697754, 463.940429688, 423.888549805, 391.220733643, 404.483917236, 181.463165283, 48.3046951294, 10.5537147522, 2.99717617035, 1.05904567242, 0.610111892223, 0.0738631933928, 0.00344962137751, 3.23561216646e-05, 2.73632352332e-08],
        "max": [1.90493643284, 13.2787408829, 43.6491699219, 84.9829177856, 104.955230713, 178.181976318, 107.917266846, 239.386367798, 214.853790283, 289.656951904, 779.406494141, 1329.25866699, 623.122741699, 534.090209961, 848.07434082, 1117.92004395, 1033.5904541, 610.90826416, 924.640991211, 750.27947998, 1137.24450684, 803.291992188, 378.744232178, 475.803405762, 659.085876465, 301.575378418, 309.94934082, 176.937927246, 206.148071289, 188.223861694, 226.920761108, 101.444198608, 54.7493934631, 30.7686595917, 24.0178356171, 18.6225509644, 4.74694824219, 1.02825605869, 0.0578231327236, 0.0017886729911],
        "mean": [0.0884328559041, 0.960950911045, 3.19352889061, 3.76521515846, 5.2135477066, 7.50888824463, 7.46101379395, 6.54413890839, 13.9137992859, 22.6485977173, 20.3822422028, 23.2602348328, 25.5105667114, 29.3008766174, 41.707649231, 45.4637832642, 41.350063324, 48.503704071, 45.8973770142, 47.4288024902, 40.3315887451, 36.200012207, 31.7507190704, 28.6719264984, 22.1427898407, 14.9332809448, 10.0782871246, 10.6140890121, 10.4365091324, 8.17563724518, 4.8017077446, 2.55577087402, 1.4262970686, 0.69119066, 0.390138983727, 0.251279503107, 0.0896590948105, 0.0173973720521, 0.000917257042602, 5.53210484213e-05],
        "median": [0.0458152964711, 0.592367053032, 2.05617213249, 2.56437253952, 2.62952017784, 3.65452551842, 4.75384044647, 4.35741138458, 8.62965869904, 10.295791626, 8.75349330902, 12.1320581436, 14.8297147751, 16.9030971527, 22.6763782501, 27.807718277, 26.339094162, 30.3965549469, 33.5881080627, 32.0750617981, 28.7279434204, 23.1733207703, 21.8161621094, 18.3267021179, 14.0040121078, 7.89708423615, 5.23234319687, 5.35481262207, 4.64060544968, 3.45646619797, 1.7084530592, 0.932269215584, 0.541307330132, 0.275108754635, 0.117762207985, 0.0510620586574, 0.0164726823568, 0.0022915226873, 6.90828455845e-05, 3.10355098918e-05],
        "min": [1.05744229503e-22, 1.14989606106e-21, 3.28011141181e-21, 1.7743353719e-20, 1.42487854341e-20, 1.72406250082e-20, 3.9493176122e-20, 2.02034121252e-19, 1.17141117823e-19, 3.07624437303e-19, 4.15356724625e-19, 9.86613781961e-19, 1.04885519395e-18, 7.58927200175e-19, 1.39014226327e-18, 3.32853735499e-18, 3.75940188079e-18, 2.41961041161e-18, 2.43304403155e-18, 4.80576922565e-18, 4.53473026306e-18, 6.2754582431e-18, 8.57437142281e-18, 8.75158577006e-18, 5.6895289921e-18, 9.33897085894e-18, 1.10050284179e-17, 1.28080745309e-17, 1.29871351453e-17, 1.0085951348e-17, 1.45762558083e-17, 1.26936365747e-17, 1.0339103357e-17, 8.88833692329e-18, 8.08047015086e-18, 5.38490318792e-18, 2.71018510552e-18, 1.18660123866e-18, 2.17576366748e-19, 2.77725018248e-20],
        "var": [0.0265037138015, 1.83519780636, 14.8866147995, 23.2097072601, 93.8944549561, 199.47744751, 83.4145889282, 82.2502212524, 317.394622803, 993.332702637, 1738.03186035, 2229.93212891, 1582.57702637, 2167.09423828, 3916.25830078, 4142.02246094, 3245.76098633, 4166.33496094, 2793.64550781, 3339.35058594, 3207.62280273, 2315.96582031, 1368.37683105, 1591.96643066, 1482.86523438, 543.43939209, 248.882888794, 273.09942627, 312.735626221, 281.252319336, 165.67024231, 41.9312705994, 12.165348053, 2.20527219772, 1.14677429199, 0.659524857998, 0.0611803047359, 0.00304042408243, 1.34961319418e-05, 1.15593561389e-08]
    },
    "gfcc": {
        "mean": [18.2478904724, 86.8414077759, -129.280654907, 36.2057914734, -49.2315254211, 19.4388141632, -33.53074646, 8.05077552795, -20.7630386353, 4.57590723038, -18.3438358307, 3.31847906113, -16.1352310181],
        "cov": [[10333.4052734, -480.056396484, -1031.08312988, -129.708526611, -306.169830322, 232.4815979, -337.771392822, 209.793533325, -303.383911133, 115.187416077, -191.566696167, 193.156417847, -144.755004883], [-480.056396484, 956.544616699, -175.352584839, 57.2078361511, 134.964416504, -78.020324707, 113.511260986, -15.7108392715, 96.4468688965, -37.4007301331, 51.3062362671, -90.1604156494, 71.7612686157], [-1031.08312988, -175.352584839, 624.041625977, 33.7199668884, 89.7267608643, -5.3526134491, 37.7341308594, 11.1647205353, 45.3669509888, 39.6778373718, -5.28037166595, 20.6055240631, -45.4513435364], [-129.708526611, 57.2078361511, 33.7199668884, 290.446929932, -28.4999904633, 29.4763412476, 32.5215454102, -21.5657176971, 7.79611063004, -39.4293823242, 6.09221410751, -42.6160011292, 32.8062820435], [-306.169830322, 134.964416504, 89.7267608643, -28.4999904633, 250.890548706, -18.3406391144, 63.0264854431, 41.210269928, 32.9228134155, 35.1738853455, 10.3061981201, 7.28535747528, 5.65437746048], [232.4815979, -78.020324707, -5.3526134491, 29.4763412476, -18.3406391144, 173.206466675, 42.4714660645, 2.11540770531, -18.913772583, -13.6581926346, 0.965908944607, 1.23234522343, -10.9250888824], [-337.771392822, 113.511260986, 37.7341308594, 32.5215454102, 63.0264854431, 42.4714660645, 148.842636108, 17.1924362183, 23.9797801971, -1.34550583363, 11.3840456009, -17.4237480164, 7.87551927567], [209.793533325, -15.7108392715, 11.1647205353, -21.5657176971, 41.210269928, 2.11540770531, 17.1924362183, 98.9551010132, 15.6560945511, 14.3602800369, -2.50271248817, 9.62074375153, 0.386886656284], [-303.383911133, 96.4468688965, 45.3669509888, 7.79611063004, 32.9228134155, -18.913772583, 23.9797801971, 15.6560945511, 94.3001480103, 17.8245277405, 8.74382209778, -9.44121551514, -0.325361549854], [115.187416077, -37.4007301331, 39.6778373718, -39.4293823242, 35.1738853455, -13.6581926346, -1.34550583363, 14.3602800369, 17.8245277405, 84.8563690186, 5.73066902161, 18.7704086304, -13.4815387726], [-191.566696167, 51.3062362671, -5.28037166595, 6.09221410751, 10.3061981201, 0.965908944607, 11.3840456009, -2.50271248817, 8.74382209778, 5.73066902161, 60.5338745117, 8.91543674469, 10.4361753464], [193.156417847, -90.1604156494, 20.6055240631, -42.6160011292, 7.28535747528, 1.23234522343, -17.4237480164, 9.62074375153, -9.44121551514, 18.7704086304, 8.91543674469, 67.3035202026, -0.551787257195], [-144.755004883, 71.7612686157, -45.4513435364, 32.8062820435, 5.65437746048, -10.9250888824, 7.87551927567, 0.386886656284, -0.325361549854, -13.4815387726, 10.4361753464, -0.551787257195, 66.7955474854]],
        "icov": [[0.000223292139708, -0.000154718800331, 0.000379999662982, -0.00026067107683, 0.000150236883201, -0.000326169945765, 0.000405805272749, -0.000637745601125, 0.000556730898097, -0.000549129617866, 0.000744359567761, -0.000805217423476, 0.000695434689987], [-0.000154718800331, 0.00215294654481, 0.000416994589614, 0.000279514468275, -0.00114057329483, 0.0010943490779, -0.00127551658079, 0.00120314094238, -0.00199869321659, 0.00124468584545, -0.00178233790211, 0.00257464474998, -0.00154164398555], [0.000379999662982, 0.000416994589614, 0.00284367497079, -0.00104974792339, -0.000687394815031, -7.7638993389e-05, 3.43594801961e-05, -0.000621285813395, -0.000263096386334, -0.00101476849522, 0.00126455491409, -0.0017950325273, 0.00245262566023], [-0.00026067107683, 0.000279514468275, -0.00104974792339, 0.00487027969211, 0.000368817971321, -0.000341129460139, -0.00092122296337, 0.00132867845241, -0.00106129120104, 0.00177885661833, -0.00143818650395, 0.00358372624032, -0.00334944739006], [0.000150236883201, -0.00114057329483, -0.000687394815031, 0.000368817971321, 0.00602231780067, 0.000135125825182, -0.00142407813109, -0.00223406706937, 0.000786053773481, -0.0021963014733, 0.0008213041001, -0.0016046774108, 1.41771188282e-05], [-0.000326169945765, 0.0010943490779, -7.7638993389e-05, -0.000341129460139, 0.000135125825182, 0.00787052046508, -0.00369346421212, 0.000813599908724, 0.000119961776363, 0.00184582709335, -0.00175229599699, 0.000717652379535, 0.000591625052039], [0.000405805272749, -0.00127551658079, 3.43594801961e-05, -0.00092122296337, -0.00142407813109, -0.00369346421212, 0.0106054786593, -0.00232942099683, 0.000259199936409, -0.000996838905849, 0.000594653945882, 7.4627030699e-05, 0.000712887500413], [-0.000637745601125, 0.00120314094238, -0.000621285813395, 0.00132867845241, -0.00223406706937, 0.000813599908724, -0.00232942099683, 0.0136048803106, -0.00379000720568, 0.00112731463742, -0.00114007573575, 0.00143441138789, -0.00283291283995], [0.000556730898097, -0.00199869321659, -0.000263096386334, -0.00106129120104, 0.000786053773481, 0.000119961776363, 0.000259199936409, -0.00379000720568, 0.0155958645046, -0.00435743806884, 0.00105526018888, -0.00106005149428, 0.00266334693879], [-0.000549129617866, 0.00124468584545, -0.00101476849522, 0.00177885661833, -0.0021963014733, 0.00184582709335, -0.000996838905849, 0.00112731463742, -0.00435743806884, 0.0166637245566, -0.00344712450169, -0.000333718722686, 0.000385277380701], [0.000744359567761, -0.00178233790211, 0.00126455491409, -0.00143818650395, 0.0008213041001, -0.00175229599699, 0.000594653945882, -0.00114007573575, 0.00105526018888, -0.00344712450169, 0.0215221587569, -0.00729854824021, 0.000561629305594], [-0.000805217423476, 0.00257464474998, -0.0017950325273, 0.00358372624032, -0.0016046774108, 0.000717652379535, 7.4627030699e-05, 0.00143441138789, -0.00106005149428, -0.000333718722686, -0.00729854824021, 0.0242736693472, -0.0059881885536], [0.000695434689987, -0.00154164398555, 0.00245262566023, -0.00334944739006, 1.41771188282e-05, 0.000591625052039, 0.000712887500413, -0.00283291283995, 0.00266334693879, 0.000385277380701, 0.000561629305594, -0.0059881885536, 0.0214298162609]]
    },
    "melbands": {
        "dmean": [0.000625270593446, 0.000872373580933, 0.00041670788778, 0.000407518353313, 0.000168688318809, 8.0989280832e-05, 0.000119381889817, 0.000141933312989, 0.000101867830381, 9.06940113055e-05, 7.24422789062e-05, 6.25099128229e-05, 6.93368929205e-05, 5.99920458626e-05, 6.81802848703e-05, 4.9334972573e-05, 4.43570170319e-05, 4.43790449935e-05, 3.6650653783e-05, 2.87662296614e-05, 2.40625449806e-05, 2.09573809116e-05, 1.44000996443e-05, 1.41686859934e-05, 1.27057110149e-05, 9.31158410822e-06, 7.66328321333e-06, 5.49880724066e-06, 3.95695997213e-06, 3.13481950798e-06, 4.27060058428e-06, 3.43738156516e-06, 3.45971625393e-06, 2.55102804658e-06, 1.92528659682e-06, 1.27318548948e-06, 8.90791852726e-07, 6.62350259972e-07, 4.05154509053e-07, 3.20335999504e-07],
        "dmean2": [0.0010167179862, 0.00146496796515, 0.000704529928043, 0.000709035026375, 0.000285251997411, 0.000134499947308, 0.000189672588021, 0.00022520616767, 0.000165899109561, 0.000144200967043, 0.000116561866889, 0.000101192184957, 0.000112371591968, 9.58825912676e-05, 0.000111444212962, 7.7156619227e-05, 6.88641594024e-05, 7.09480955265e-05, 5.8640660427e-05, 4.5175129344e-05, 3.87964828406e-05, 3.39800499205e-05, 2.24893938139e-05, 2.24475752475e-05, 2.05731048482e-05, 1.51435242515e-05, 1.19371816254e-05, 8.89473085408e-06, 6.26992459729e-06, 4.93815650771e-06, 6.59563875161e-06, 5.24640199728e-06, 5.33986440132e-06, 4.1598423195e-06, 2.9970540254e-06, 2.0515669803e-06, 1.36814458074e-06, 1.0126819916e-06, 6.29687519904e-07, 4.82854716211e-07],
        "dvar": [2.22558355745e-06, 3.68519590666e-06, 6.89130274623e-07, 1.26305417325e-06, 1.01717546386e-07, 4.19425489895e-08, 4.70099692507e-08, 6.4058490068e-08, 9.79504619636e-08, 7.33271079412e-08, 2.4626094941e-08, 1.72033089996e-08, 2.10588240179e-08, 1.00543831039e-08, 3.70235753167e-08, 9.22411125259e-09, 4.45835413032e-09, 6.48526832236e-09, 2.85607604233e-09, 3.00512570384e-09, 1.9667221185e-09, 1.506032965e-09, 7.77803987884e-10, 6.75759836977e-10, 6.91117107987e-10, 3.80889403351e-10, 3.17625731272e-10, 1.23757518122e-10, 8.8379976948e-11, 5.55297613447e-11, 7.98556221149e-11, 6.2602964479e-11, 7.20918394426e-11, 5.17547983636e-11, 3.80989545468e-11, 1.6981178616e-11, 8.10920514766e-12, 3.88905747883e-12, 1.17513529289e-12, 1.0229332572e-12],
        "dvar2": [5.33524416824e-06, 1.01437990452e-05, 1.88246610833e-06, 3.49703373104e-06, 2.88301293949e-07, 1.1989028792e-07, 1.21985280543e-07, 1.56491708481e-07, 2.67538155185e-07, 1.87831560083e-07, 6.04970367135e-08, 4.07847338124e-08, 5.14541405039e-08, 2.13889617129e-08, 9.88422215187e-08, 1.99870999751e-08, 9.78941372409e-09, 1.58426640695e-08, 7.06471769973e-09, 6.44475006695e-09, 4.56022464235e-09, 3.74495412458e-09, 1.63707847278e-09, 1.68698366387e-09, 1.75005321346e-09, 8.96291985075e-10, 6.16592055191e-10, 2.88505913604e-10, 2.30690702652e-10, 1.35573385851e-10, 1.8950103986e-10, 1.43273462538e-10, 1.66872668461e-10, 1.2900196189e-10, 7.7576223223e-11, 3.97312460709e-11, 1.65462851753e-11, 7.94792703873e-12, 2.63289151765e-12, 2.40237604116e-12],
        "max": [0.0163929071277, 0.0200224611908, 0.0118647282943, 0.0110971871763, 0.00376588944346, 0.00520044239238, 0.00356491818093, 0.00305715412833, 0.00651503913105, 0.00791338924319, 0.00297854980454, 0.00238350732252, 0.00384637853131, 0.00253844936378, 0.00592020712793, 0.00176538201049, 0.00121301272884, 0.00189334433526, 0.00111465342343, 0.00152662245091, 0.00134632491972, 0.000916084856726, 0.000602146319579, 0.000576279591769, 0.000434443500126, 0.000382190803066, 0.000479106849525, 0.000163149452419, 0.00022896011069, 0.000119711199659, 0.000119584401546, 0.000129265448777, 0.00013366107305, 0.000140778647619, 0.000177421796252, 7.3839284596e-05, 5.87115537201e-05, 5.34364990017e-05, 2.25116746151e-05, 2.74511949101e-05],
        "mean": [0.000938966404647, 0.00158006162383, 0.000688062806148, 0.000475358508993, 0.000277842860669, 0.000156818030518, 0.000226962307352, 0.000238835331402, 0.000165917605045, 0.000146852762555, 0.000127907755086, 0.000117640243843, 0.000130180967972, 0.000124115380459, 0.000119100412121, 9.12113755476e-05, 8.97352656466e-05, 7.69558173488e-05, 6.69683649903e-05, 5.56583036087e-05, 4.45195728389e-05, 3.80490782845e-05, 2.92679269478e-05, 2.80812437268e-05, 2.28010703722e-05, 1.80883762368e-05, 1.35049904202e-05, 8.94882577995e-06, 6.44574856778e-06, 5.1537631407e-06, 6.73767226544e-06, 5.83287192057e-06, 5.64129231861e-06, 4.08700225307e-06, 2.96009397971e-06, 1.92879019778e-06, 1.41679413446e-06, 1.09778841306e-06, 6.94336279139e-07, 5.4538884342e-07],
        "median": [0.000517142063472, 0.00103981082793, 0.000483340467326, 0.00023059383966, 0.000172045009094, 0.000110789078462, 0.000134939153213, 0.000107642663352, 6.86629718984e-05, 7.47469603084e-05, 7.20619354979e-05, 6.55596886645e-05, 7.09174128133e-05, 7.05765705789e-05, 6.48046843708e-05, 5.41290828551e-05, 5.3846371884e-05, 4.95769454574e-05, 4.51482337667e-05, 3.46876586264e-05, 3.0475872336e-05, 2.37153999478e-05, 1.7242071408e-05, 1.83619904419e-05, 1.36597172968e-05, 1.1609377907e-05, 7.56410236136e-06, 4.23744404543e-06, 3.19972696161e-06, 2.38706797973e-06, 3.21881043419e-06, 2.67372502094e-06, 2.21218124352e-06, 1.7173034621e-06, 1.02160811366e-06, 6.46627825063e-07, 4.93281049785e-07, 3.82730007686e-07, 2.72233762644e-07, 2.1571666764e-07],
        "min": [2.03131328107e-24, 1.52061321128e-24, 2.75315986075e-24, 1.79834175094e-24, 9.8919223071e-25, 4.66332087007e-24, 2.0693803557e-24, 3.90505435734e-24, 3.07568130311e-24, 6.07691898589e-24, 5.56798024529e-24, 2.90534473721e-24, 3.79580067184e-24, 5.03352461542e-24, 8.8900435167e-24, 5.92666425484e-24, 4.63135070416e-24, 3.84766117661e-24, 4.69434203631e-24, 6.59366902717e-24, 4.7690881848e-24, 5.6495472796e-24, 7.10389834421e-24, 7.94464105345e-24, 6.01936329981e-24, 5.34238850893e-24, 3.30691753646e-24, 4.98721453598e-24, 7.37508584646e-24, 6.05562250246e-24, 7.85786240957e-24, 6.97883864718e-24, 5.88255746391e-24, 5.62267828274e-24, 7.10657494926e-24, 6.87899252241e-24, 7.51420304482e-24, 6.73010054858e-24, 6.96727552404e-24, 6.89813502114e-24],
        "var": [2.25073881666e-06, 3.51032554136e-06, 6.36252252662e-07, 9.10170626867e-07, 1.19788253983e-07, 4.16950634019e-08, 8.25765482659e-08, 1.15136813861e-07, 1.12694962695e-07, 8.85351667534e-08, 4.15298906375e-08, 3.76003796987e-08, 4.57672371112e-08, 3.37434968856e-08, 4.66257397136e-08, 2.1756823898e-08, 1.58827617724e-08, 1.02104280586e-08, 5.96635008066e-09, 7.12641634593e-09, 4.55537030319e-09, 2.66533217719e-09, 1.94841653922e-09, 1.27781951687e-09, 1.17378051723e-09, 9.04191999052e-10, 7.22158999267e-10, 2.15825551875e-10, 1.12581041711e-10, 8.65546245787e-11, 1.15279563673e-10, 1.02321207063e-10, 1.19478885119e-10, 8.24203275074e-11, 7.46887343639e-11, 2.5368054879e-11, 1.39141198563e-11, 8.55787836429e-12, 2.25785839678e-12, 1.48365738098e-12]
    },
    "mfcc": {
        "mean": [-616.50994873, 115.167312622, -15.580373764, 22.1203613281, 4.89762687683, 13.8675289154, -0.824897170067, 7.76326990128, -0.234174355865, 1.50113070011, 4.05853939056, -0.859055101871, 0.4040556252],
        "cov": [[5576.30761719, -477.523651123, -514.031677246, -347.78894043, -59.0584487915, -61.3512420654, 24.4551506042, 47.8100509644, -78.6007919312, -54.7141838074, -57.0755615234, -110.882583618, 34.1452064514], [-477.523651123, 887.294433594, -168.008392334, 99.1220626831, 62.4356269836, -18.9222927094, 24.0647335052, -6.40552377701, 81.3423156738, 17.9851531982, 46.4549674988, 67.8904342651, 29.2341365814], [-514.031677246, -168.008392334, 445.46484375, 64.6711273193, 13.3974704742, 54.9357223511, -15.056678772, 16.7634716034, -9.02497386932, 12.6030855179, 7.65854263306, 27.4533634186, -20.3162841797], [-347.78894043, 99.1220626831, 64.6711273193, 254.848800659, 40.4798545837, 10.3204317093, 12.142993927, -5.26698207855, 37.6559562683, 28.5455684662, -27.6052093506, 28.1496143341, 14.8843708038], [-59.0584487915, 62.4356269836, 13.3974704742, 40.4798545837, 135.553878784, -1.30265176296, 4.53273773193, 6.5454826355, 16.8799591064, 15.7764415741, -0.427627950907, 19.5929546356, 13.7577352524], [-61.3512420654, -18.9222927094, 54.9357223511, 10.3204317093, -1.30265176296, 139.393447876, 44.5669937134, 22.2044658661, 6.41785478592, 1.74859499931, 21.4733371735, -1.72535336018, -15.59096241], [24.4551506042, 24.0647335052, -15.056678772, 12.142993927, 4.53273773193, 44.5669937134, 125.241241455, 36.8816375732, 19.4999389648, 11.9595451355, 1.01778638363, -0.663290321827, 10.6928501129], [47.8100509644, -6.40552377701, 16.7634716034, -5.26698207855, 6.5454826355, 22.2044658661, 36.8816375732, 98.0179977417, 15.2015314102, 12.4383325577, 8.83077716827, -13.0854730606, -2.58927941322], [-78.6007919312, 81.3423156738, -9.02497386932, 37.6559562683, 16.8799591064, 6.41785478592, 19.4999389648, 15.2015314102, 92.5293655396, 19.6714000702, 13.0726356506, 17.5466079712, 0.340765833855], [-54.7141838074, 17.9851531982, 12.6030855179, 28.5455684662, 15.7764415741, 1.74859499931, 11.9595451355, 12.4383325577, 19.6714000702, 72.7656555176, 9.7429561615, 3.08674550056, 0.833462834358], [-57.0755615234, 46.4549674988, 7.65854263306, -27.6052093506, -0.427627950907, 21.4733371735, 1.01778638363, 8.83077716827, 13.0726356506, 9.7429561615, 93.9745330811, 18.1336212158, -9.20861816406], [-110.882583618, 67.8904342651, 27.4533634186, 28.1496143341, 19.5929546356, -1.72535336018, -0.663290321827, -13.0854730606, 17.5466079712, 3.08674550056, 18.1336212158, 76.0618667603, 15.7481012344], [34.1452064514, 29.2341365814, -20.3162841797, 14.8843708038, 13.7577352524, -15.59096241, 10.6928501129, -2.58927941322, 0.340765833855, 0.833462834358, -9.20861816406, 15.7481012344, 59.1749229431]],
