{
"lowlevel": {
    "average_loudness": 0.927391946316,
    "barkbands_crest": {
        "dmean": 2.26535153389,
        "dmean2": 3.68826532364,
        "dvar": 5.50789737701,
        "dvar2": 14.1990203857,
        "max": 23.2443943024,
        "mean": 8.02608680725,
        "median": 7.1001162529,
        "min": 2.57611751556,
        "var": 12.4299182892
    },
    "barkbands_flatness_db": {
        "dmean": 0.0158811211586,
        "dmean2": 0.0251099169254,
        "dvar": 0.000257670122664,
        "dvar2": 0.000633037940133,
        "max": 0.279808849096,
        "mean": 0.124015748501,
        "median": 0.117434360087,
        "min": 0.0278155561537,
        "var": 0.00204954342917
    },
    "barkbands_kurtosis": {
        "dmean": 0.94217389822,
        "dmean2": 1.55012869835,
        "dvar": 2.51167726517,
        "dvar2": 6.53167963028,
        "max": 19.2542953491,
        "mean": 0.187485322356,
        "median": -0.508395671844,
        "min": -1.86949813366,
        "var": 4.50347518921
    },
    "barkbands_skewness": {
        "dmean": 0.383632987738,
        "dmean2": 0.605511963367,
        "dvar": 0.176261857152,
        "dvar2": 0.441609948874,
        "max": 4.25882387161,
        "mean": 0.735233366489,
        "median": 0.65492528677,
        "min": -2.23550868034,
        "var": 0.564498305321
    },
    "barkbands_spread": {
        "dmean": 4.15864181519,
        "dmean2": 6.53603029251,
        "dvar": 20.7143516541,
        "dvar2": 46.1660766602,
        "max": 128.830535889,
        "mean": 27.9363670349,
        "median": 29.858581543,
        "min": 3.26706027985,
        "var": 138.197006226
    },
    "dissonance": {
        "dmean": 0.010743460618,
        "dmean2": 0.0186768043786,
        "dvar": 0.000119539166917,
        "dvar2": 0.000352374074282,
        "max": 0.500000059605,
        "mean": 0.483874052763,
        "median": 0.487186074257,
        "min": 0.395688265562,
        "var": 0.000167720616446
    },
    "dynamic_complexity": 3.87952613831,
    "erbbands_crest": {
        "dmean": 2.15902686119,
        "dmean2": 3.56881523132,
        "dvar": 4.20934247971,
        "dvar2": 11.1073045731,
        "max": 26.0963077545,
        "mean": 8.27070426941,
        "median": 7.38319635391,
        "min": 2.55759239197,
        "var": 13.2547340393
    },
    "erbbands_flatness_db": {
        "dmean": 0.0138236777857,
        "dmean2": 0.0205041337758,
        "dvar": 0.000187773446669,
        "dvar2": 0.000356867647497,
        "max": 0.361780196428,
        "mean": 0.187868222594,
        "median": 0.1790612638,
        "min": 0.054113201797,
        "var": 0.0031772647053
    },
    "erbbands_kurtosis": {
        "dmean": 0.569490134716,
        "dmean2": 0.93058693409,
        "dvar": 0.438563346863,
        "dvar2": 1.07600343227,
        "max": 8.46126079559,
        "mean": 0.210897147655,
        "median": -0.0523452758789,
        "min": -1.69540774822,
        "var": 1.46407985687
    },
    "erbbands_skewness": {
        "dmean": 0.259459197521,
        "dmean2": 0.415633738041,
        "dvar": 0.050868332386,
        "dvar2": 0.134280636907,
        "max": 2.34982609749,
        "mean": -0.120513275266,
        "median": -0.1865093261,
        "min": -2.03931522369,
        "var": 0.313976556063
    },
    "erbbands_spread": {
        "dmean": 4.81151866913,
        "dmean2": 7.63201379776,
        "dvar": 26.9775123596,
        "dvar2": 65.6292572021,
        "max": 72.1264877319,
        "mean": 29.4011211395,
        "median": 27.978187561,
        "min": 6.81472969055,
        "var": 118.62361145
    },
    "hfc": {
        "dmean": 5.77404880524,
        "dmean2": 8.97651004791,
        "dvar": 74.4720535278,
        "dvar2": 172.37828064,
        "max": 110.890266418,
        "mean": 27.2730331421,
        "median": 27.3834171295,
        "min": 1.12048046127e-16,
        "var": 345.207794189
    },
    "melbands_crest": {
        "dmean": 2.98385643959,
        "dmean2": 4.739174366,
        "dvar": 7.95262241364,
        "dvar2": 19.0106277466,
        "max": 31.6906261444,
        "mean": 12.2805423737,
        "median": 11.5447950363,
        "min": 1.64163541794,
        "var": 23.3688869476
    },
    "melbands_flatness_db": {
        "dmean": 0.0203958451748,
        "dmean2": 0.0324787683785,
        "dvar": 0.000491081154905,
        "dvar2": 0.0011831545271,
        "max": 0.343984425068,
        "mean": 0.161758095026,
        "median": 0.160094350576,
        "min": 0.00283574662171,
        "var": 0.00198954273947
    },
    "melbands_kurtosis": {
        "dmean": 2.86578965187,
        "dmean2": 4.69045448303,
        "dvar": 24.1850757599,
        "dvar2": 62.8672103882,
        "max": 58.406463623,
        "mean": 4.08793735504,
        "median": 2.19962882996,
        "min": -1.39494431019,
        "var": 37.8635101318
    },
    "melbands_skewness": {
        "dmean": 0.531433701515,
        "dmean2": 0.852892458439,
        "dvar": 0.391858071089,
        "dvar2": 0.973481655121,
        "max": 6.96599340439,
        "mean": 1.73137748241,
        "median": 1.54511237144,
        "min": -0.419582307339,
        "var": 0.994848310947
    },
    "melbands_spread": {
        "dmean": 7.13393735886,
        "dmean2": 11.1486997604,
        "dvar": 59.4388008118,
        "dvar2": 136.549911499,
        "max": 156.676116943,
        "mean": 35.6353187561,
        "median": 34.920753479,
        "min": 4.32714366913,
        "var": 329.689361572
    },
    "pitch_salience": {
        "dmean": 0.0620514415205,
        "dmean2": 0.0999022871256,
        "dvar": 0.00345618510619,
        "dvar2": 0.00877525191754,
        "max": 0.854698717594,
        "mean": 0.592512190342,
        "median": 0.595513284206,
        "min": 0.23168875277,
        "var": 0.0131782069802
    },
    "silence_rate_20dB": {
        "dmean": 0,
        "dmean2": 0,
        "dvar": 0,
        "dvar2": 0,
        "max": 1,
        "mean": 1,
        "median": 1,
        "min": 1,
        "var": 0
    },
    "silence_rate_30dB": {
        "dmean": 0,
        "dmean2": 0,
        "dvar": 0,
        "dvar2": 0,
        "max": 1,
        "mean": 1,
        "median": 1,
        "min": 1,
        "var": 0
    },
    "silence_rate_60dB": {
        "dmean": 0.00657894741744,
        "dmean2": 0.0131629891694,
        "dvar": 0.00653612893075,
        "dvar2": 0.0153112392873,
        "max": 1,
        "mean": 0.148549318314,
        "median": 0,
        "min": 0,
        "var": 0.126480698586
    },
    "spectral_centroid": {
        "dmean": 203.142120361,
        "dmean2": 326.654968262,
        "dvar": 48302.9375,
        "dvar2": 110012.273438,
        "max": 11674.6572266,
        "mean": 1955.39978027,
        "median": 1950.2010498,
        "min": 516.414978027,
        "var": 703006.0625
    },
    "spectral_complexity": {
        "dmean": 3.69969034195,
        "dmean2": 5.73248147964,
        "dvar": 13.9114046097,
        "dvar2": 29.3145503998,
        "max": 57,
        "mean": 27.0572528839,
        "median": 30,
        "min": 0,
        "var": 178.368469238
    },
    "spectral_decrease": {
        "dmean": 2.03576466795e-09,
        "dmean2": 3.25030136139e-09,
        "dvar": 1.25504830436e-17,
        "dvar2": 3.15347917808e-17,
        "max": 1.5010884561e-28,
        "mean": -6.58632837158e-09,
        "median": -6.45442099767e-09,
        "min": -3.31464384828e-08,
        "var": 2.30435528367e-17
    },
    "spectral_energy": {
        "dmean": 0.00803377944976,
        "dmean2": 0.0128034073859,
        "dvar": 0.000187557088793,
        "dvar2": 0.000469142920338,
        "max": 0.130500972271,
        "mean": 0.0273320470005,
        "median": 0.0271991733462,
        "min": 1.04350676043e-20,
        "var": 0.000370823370758
    },
    "spectral_energyband_high": {
        "dmean": 0.000320594757795,
        "dmean2": 0.000499397341628,
        "dvar": 4.75185231608e-07,
        "dvar2": 1.16289959351e-06,
        "max": 0.00766902603209,
        "mean": 0.000875127967447,
        "median": 0.000662833743263,
        "min": 7.48857675316e-21,
        "var": 9.37956656344e-07
    },
    "spectral_energyband_low": {
        "dmean": 0.00575590599328,
        "dmean2": 0.00947371125221,
        "dvar": 0.000171638239408,
        "dvar2": 0.000437707843957,
        "max": 0.107872359455,
        "mean": 0.00988214462996,
        "median": 0.00680839922279,
        "min": 4.76689112829e-23,
        "var": 0.000193698215298
    },
    "spectral_energyband_middle_high": {
        "dmean": 0.00207895273343,
        "dmean2": 0.00337638263591,
        "dvar": 6.96602683092e-06,
        "dvar2": 1.721546505e-05,
        "max": 0.0368839018047,
        "mean": 0.00945056509227,
        "median": 0.00916057825089,
        "min": 1.39311846315e-21,
        "var": 4.36790433014e-05
    },
    "spectral_energyband_middle_low": {
        "dmean": 0.00304887769744,
        "dmean2": 0.00478542270139,
        "dvar": 2.26497395488e-05,
        "dvar2": 5.40328510397e-05,
        "max": 0.0469851903617,
        "mean": 0.00837052240968,
        "median": 0.00696353707463,
        "min": 2.02604749253e-22,
        "var": 5.1822833484e-05
    },
    "spectral_entropy": {
        "dmean": 0.0951597169042,
        "dmean2": 0.149000510573,
        "dvar": 0.0100099369884,
        "dvar2": 0.0214198883623,
        "max": 9.81984901428,
        "mean": 7.68248748779,
        "median": 7.6519408226,
        "min": 6.84890317917,
        "var": 0.0805276855826
    },
    "spectral_flux": {
        "dmean": 0.0215633139014,
        "dmean2": 0.0325036942959,
        "dvar": 0.000839002081193,
        "dvar2": 0.00165239523631,
        "max": 0.322249114513,
        "mean": 0.0819090530276,
        "median": 0.0762961432338,
        "min": 6.34999205995e-11,
        "var": 0.00256811920553
    },
    "spectral_kurtosis": {
        "dmean": 1.73539459705,
        "dmean2": 3.06588840485,
        "dvar": 3.06806468964,
        "dvar2": 9.60604572296,
        "max": 18.999917984,
        "mean": 4.32599639893,
        "median": 3.8521232605,
        "min": -1.22880959511,
        "var": 5.35791397095
    },
    "spectral_rms": {
        "dmean": 0.000637051998638,
        "dmean2": 0.000992840970866,
        "dvar": 8.10582776012e-07,
        "dvar2": 1.92122524822e-06,
        "max": 0.011283528991,
        "mean": 0.00470252102241,
        "median": 0.00515128904954,
        "min": 3.19069792289e-12,
        "var": 4.55169993074e-06
    },
    "spectral_rolloff": {
        "dmean": 397.914825439,
        "dmean2": 653.924682617,
        "dvar": 202428.65625,
        "dvar2": 431669.125,
        "max": 19616.7480469,
        "mean": 2203.96679688,
        "median": 2153.3203125,
        "min": 86.1328125,
        "var": 2592868.25
    },
    "spectral_skewness": {
        "dmean": 0.200522556901,
        "dmean2": 0.339995026588,
        "dvar": 0.0321550741792,
        "dvar2": 0.0928149670362,
        "max": 2.73742675781,
        "mean": 1.26077973843,
        "median": 1.23366820812,
        "min": -0.0627870634198,
        "var": 0.101131461561
    },
    "spectral_spread": {
        "dmean": 320002.4375,
        "dmean2": 482881.375,
        "dvar": 623677079552,
        "dvar2": 1.26328936858e+12,
        "max": 42371400,
        "mean": 3534483.5,
        "median": 3128979.5,
        "min": 1786392.75,
        "var": 9.40416434176e+12
    },
    "spectral_strongpeak": {
        "dmean": 0.60533362627,
        "dmean2": 1.05771768093,
        "dvar": 1.19604921341,
        "dvar2": 2.76389408112,
        "max": 9.72694206238,
        "mean": 1.02019309998,
        "median": 0.412064731121,
        "min": 0,
        "var": 2.09872841835
    },
    "zerocrossingrate": {
        "dmean": 0.00749730924144,
        "dmean2": 0.00918603874743,
        "dvar": 5.82679167564e-05,
        "dvar2": 7.55393484724e-05,
        "max": 0.529296875,
        "mean": 0.0740100294352,
        "median": 0.0703125,
        "min": 0.01318359375,
        "var": 0.0017775085289
    },
    "barkbands": {
        "dmean": [0.000159113231348, 0.00376990693621, 0.00237790052779, 0.00101758399978, 0.0013479887275, 0.000373257760657, 0.00063917436637, 0.000422419834649, 0.000668515276629, 0.000443683034973, 0.000482506002299, 0.000555806909688, 0.000588398426771, 0.000601643812843, 0.000387444684748, 0.000550852506422, 0.000360586389434, 0.00039343314711, 0.000391189998481, 0.000190451348317, 8.61981025082e-05, 9.90798871499e-05, 0.000110151515401, 3.06683286908e-05, 1.92788884306e-05, 2.0970532205e-05, 6.24088124823e-06],
        "dmean2": [0.000211347665754, 0.00626395083964, 0.00423345947638, 0.00168879807461, 0.0021300141234, 0.000594333687332, 0.00104234996252, 0.000700133328792, 0.00107824918814, 0.000732217915356, 0.000807286705822, 0.000910255534109, 0.00092375598615, 0.000970383000094, 0.000615032040514, 0.0008861120441, 0.000591774121858, 0.000636616372503, 0.000648387242109, 0.000306318339426, 0.000140635922435, 0.000166235739016, 0.00018387172895, 4.79502814414e-05, 2.68319781753e-05, 2.92013028229e-05, 9.63644379226e-06],
        "dvar": [1.25322685562e-07, 8.5607622168e-05, 3.53168143192e-05, 3.02842090605e-06, 8.09098946775e-06, 7.75591843194e-07, 2.42855253418e-06, 1.16436683584e-06, 1.57210854468e-06, 7.5236300745e-07, 7.94466529896e-07, 7.88047827882e-07, 8.92349135029e-07, 1.06805475752e-06, 5.57500925424e-07, 6.8618220439e-07, 3.81272514005e-07, 3.54210555997e-07, 2.91421883958e-07, 8.52833963449e-08, 3.27198250716e-08, 4.43774261782e-08, 3.88149530295e-08, 7.92504994962e-09, 2.69707900458e-09, 4.76810635419e-09, 1.37226652264e-09],
        "dvar2": [2.17343483655e-07, 0.000216810774873, 0.000103092694189, 8.09495304566e-06, 1.90926457435e-05, 1.85404383046e-06, 6.3281677285e-06, 2.84706402454e-06, 3.94543985749e-06, 2.06440358852e-06, 2.13838461605e-06, 1.94130393538e-06, 2.01360558094e-06, 2.53131588579e-06, 1.35224661335e-06, 1.75244997536e-06, 9.85515157481e-07, 8.65286551743e-07, 7.47684509861e-07, 2.11762468894e-07, 8.03210440381e-08, 1.217333363e-07, 9.95200153397e-08, 1.95965519367e-08, 5.58696822139e-09, 9.7707735236e-09, 3.10932257719e-09],
        "max": [0.00313633680344, 0.0907591283321, 0.0749214142561, 0.0224901326001, 0.0349726043642, 0.0221274159849, 0.0314855836332, 0.0158228054643, 0.0238764733076, 0.0225077066571, 0.0195723567158, 0.0133450021967, 0.0200201496482, 0.0175591371953, 0.0144215207547, 0.0119081996381, 0.0090154837817, 0.00965847447515, 0.00674694683403, 0.00477688433602, 0.00354805961251, 0.00271115731448, 0.00257103843614, 0.00117406761274, 0.000657618686091, 0.000929790490773, 0.000658077304251],
        "mean": [0.00021919971914, 0.00513490103185, 0.00341049465351, 0.00174269347917, 0.00249897805043, 0.000752195424866, 0.00113865686581, 0.000562097935472, 0.00143283070065, 0.000824689865112, 0.000784213421866, 0.00102973356843, 0.00121001829393, 0.00119684729725, 0.000697991170455, 0.0011324537918, 0.00067873718217, 0.000834547507111, 0.00091364554828, 0.000415328948293, 0.00016491903807, 0.000214743311517, 0.000229899189435, 4.95100175613e-05, 2.97373917419e-05, 2.6336785595e-05, 6.67115773467e-06],
        "median": [3.34018586727e-05, 0.00248524453491, 0.00157837814186, 0.00119860609993, 0.0011217900319, 0.000360515987268, 0.00044416176388, 0.000225438052439, 0.000617245212197, 0.000463963049697, 0.000387702690205, 0.000580866355449, 0.000592521158978, 0.00053633376956, 0.000394216680434, 0.000648130604532, 0.000452668609796, 0.000587794464082, 0.000748825492337, 0.000302248372464, 9.41240941756e-05, 0.00015483617608, 0.000157459027832, 1.16094943223e-05, 4.0170034481e-06, 1.0780923958e-06, 1.85846040779e-08],
        "min": [3.4998835635e-24, 2.24300465719e-23, 3.25856963209e-24, 1.03566501271e-24, 5.44848438423e-24, 2.14164881041e-23, 1.42202370249e-23, 2.16590943869e-23, 1.40685185624e-23, 1.6306729943e-23, 1.72404541094e-23, 4.23423047252e-23, 3.01096500827e-23, 4.75955314415e-23, 5.6840179768e-23, 9.16738287183e-23, 9.74207372108e-23, 1.21555816699e-22, 1.70510883647e-22, 1.90968962549e-22, 2.84611321081e-22, 3.77922282302e-22, 3.81624753629e-22, 6.83404565772e-22, 8.92606539843e-22, 1.51873056476e-21, 2.14333361536e-21],
        "var": [2.31216972679e-07, 8.40030625113e-05, 3.30622970068e-05, 4.23246819992e-06, 1.71584852069e-05, 2.11026167563e-06, 4.41215615865e-06, 1.43267823205e-06, 4.80645076095e-06, 1.93240725821e-06, 1.64573418715e-06, 1.83163513157e-06, 3.31214118887e-06, 3.17303806696e-06, 1.01668581465e-06, 2.12774443753e-06, 6.85457280269e-07, 9.10540734367e-07, 7.27924714283e-07, 2.0115042787e-07, 6.07738073199e-08, 6.25036591373e-08, 6.92175632366e-08, 1.07725846021e-08, 4.81737183478e-09, 8.11598521722e-09, 1.80203063582e-09]
    },
    "erbbands": {
        "dmean": [0.105402603745, 0.914064288139, 2.44795179367, 3.38249325752, 3.83567452431, 5.13773107529, 3.17751669884, 3.19319534302, 7.7644777298, 10.199297905, 8.42269706726, 16.0195808411, 13.6181430817, 12.9002923965, 21.0726890564, 21.7079391479, 26.611530304, 28.0751552582, 21.1915416718, 23.6866283417, 28.1281318665, 19.0838184357, 20.3387985229, 19.909488678, 16.7647304535, 9.18876552582, 4.29310369492, 2.87665486336, 3.2993376255, 4.47338962555, 2.22978544235, 0.82287466526, 0.428837388754, 0.200384959579, 0.156423181295, 0.106960780919, 0.0341627374291, 0.00862944871187, 0.00116125040222, 4.15461145167e-05],
        "dmean2": [0.163741931319, 1.58615541458, 4.34181451797, 5.78298425674, 6.04522752762, 8.38059139252, 5.15841627121, 5.0520734787, 12.6236438751, 16.5619945526, 13.7412014008, 25.6120548248, 23.2077770233, 20.9018535614, 35.2265319824, 35.2506370544, 41.9568481445, 45.5221366882, 33.5090332031, 38.5437850952, 45.1035881042, 31.2011642456, 32.7882652283, 33.1467781067, 27.9431648254, 14.7466592789, 6.94319295883, 4.83442020416, 5.56155872345, 7.43183946609, 3.68323016167, 1.32273471355, 0.658348560333, 0.286441326141, 0.222291663289, 0.155620053411, 0.0489534586668, 0.0119907958433, 0.00183646858204, 6.63074824843e-05],
        "dvar": [0.0695017203689, 5.27080965042, 37.1336097717, 49.5518112183, 63.7156219482, 116.611114502, 35.8970375061, 83.7342376709, 319.258789062, 769.962585449, 444.666656494, 1046.83154297, 733.171813965, 680.635009766, 1105.19714355, 1362.02856445, 1989.95410156, 2118.18530273, 1616.38598633, 2020.18444824, 2213.86523438, 1033.06201172, 1057.53430176, 857.218383789, 573.331970215, 224.544967651, 59.2289161682, 46.41431427, 48.5292053223, 68.6750183105, 22.218870163, 5.56172275543, 1.53262412548, 0.295032322407, 0.209915921092, 0.118318766356, 0.0145021677017, 0.00171527755447, 5.07124641445e-05, 5.07032318353e-08],
        "dvar2": [0.158599928021, 14.1732273102, 107.649810791, 139.322738647, 139.002120972, 305.221130371, 91.438041687, 207.355209351, 833.055969238, 1813.51855469, 1033.30102539, 2600.30151367, 2033.99462891, 1690.35693359, 2900.38671875, 3372.74487305, 4491.26123047, 5235.98242188, 3789.18432617, 4821.15478516, 5541.12890625, 2690.81079102, 2501.87011719, 2262.20507812, 1442.39672852, 558.398071289, 141.422348022, 122.964454651, 133.014282227, 183.030517578, 57.4638671875, 13.9949274063, 3.66487336159, 0.648786246777, 0.459089159966, 0.257696866989, 0.0307118818164, 0.0035655121319, 0.000117373427202, 1.2540078842e-07],
        "max": [2.50948119164, 21.1094150543, 74.1647872925, 95.0433425903, 91.8401947021, 163.997238159, 95.4653015137, 253.440200806, 301.610321045, 650.744873047, 405.340179443, 645.483642578, 505.662475586, 892.832519531, 543.29083252, 678.154785156, 1048.77111816, 786.42175293, 768.805969238, 934.760437012, 813.24420166, 506.382354736, 586.192993164, 378.972290039, 305.88104248, 241.345718384, 155.037109375, 96.893661499, 77.8129501343, 116.748855591, 64.4577255249, 29.9366416931, 16.0491428375, 6.62747001648, 5.9076461792, 5.14362716675, 1.94662451744, 0.674641788006, 0.111877962947, 0.00451521994546],
        "mean": [0.135134845972, 1.20158720016, 3.68939566612, 5.63827991486, 6.59559726715, 9.40531826019, 5.9088306427, 6.45305490494, 14.1523151398, 16.0529670715, 14.1933813095, 34.0504455566, 27.0663051605, 25.2977790833, 40.7361869812, 43.9888648987, 58.113243103, 57.4435272217, 44.8081130981, 48.3811454773, 60.8871612549, 40.317779541, 45.1401672363, 46.9254226685, 40.6917457581, 21.0854034424, 9.51507663727, 5.177298069, 7.0229344368, 10.1787996292, 4.60019779205, 1.37899112701, 0.694360136986, 0.349789768457, 0.208424717188, 0.129703745246, 0.0429078713059, 0.0110279861838, 0.00121133425273, 6.60581281409e-05],
        "median": [0.0513067096472, 0.639954805374, 1.77722561359, 4.161652565, 3.51422953606, 4.00481987, 3.2661857605, 2.91133499146, 6.08667564392, 5.84019422531, 7.45015907288, 14.5251350403, 14.3663406372, 16.6250209808, 23.3666133881, 27.7694339752, 30.7197971344, 32.440246582, 23.3849639893, 29.4823760986, 35.1998100281, 29.4349479675, 31.674659729, 37.3472366333, 31.721950531, 15.839507103, 6.77162122726, 2.78964710236, 5.00975513458, 7.39028263092, 3.15408372879, 0.457388192415, 0.140096396208, 0.0561542063951, 0.0245273038745, 0.0079313069582, 0.00134772108868, 0.000128178784507, 2.40688459598e-05, 3.62243808922e-05],
        "min": [6.26592797619e-22, 1.63934838166e-21, 2.37852412601e-21, 6.26816748288e-21, 1.56565531326e-20, 1.12583207245e-20, 9.51910595509e-20, 1.22658115241e-19, 1.66109176111e-19, 3.14164101376e-19, 4.43304908626e-19, 3.33332383561e-19, 2.51303467153e-19, 7.76600637746e-19, 1.20453223959e-18, 2.11178176409e-18, 2.19715610909e-18, 2.46609754844e-18, 3.33916848702e-18, 3.04703269649e-18, 5.48312964489e-18, 6.14895957998e-18, 7.33788612673e-18, 7.2812060568e-18, 8.74280690222e-18, 1.06777833599e-17, 1.4460022043e-17, 9.88996413677e-18, 1.33943818035e-17, 1.31828717208e-17, 1.04149922152e-17, 1.05616099787e-17, 1.24898151359e-17, 9.14384308834e-18, 7.09816835803e-18, 4.54457329876e-18, 2.67383816902e-18, 1.06276744127e-18, 2.61257422602e-19, 2.96246141462e-20],
        "var": [0.0803300514817, 4.461332798, 34.8738555908, 53.0987052917, 107.16040802, 268.613250732, 69.5897674561, 194.007263184, 677.717895508, 1130.36755371, 570.365966797, 3198.98583984, 1874.81933594, 1263.84985352, 3039.37597656, 3149.55126953, 7939.80371094, 5779.95996094, 4321.45947266, 4818.43652344, 7495.86621094, 2086.77661133, 2839.83544922, 2082.91674805, 1492.65991211, 525.91998291, 138.459182739, 62.541217804, 68.1728286743, 124.615112305, 32.7390937805, 7.18858289719, 2.21817946434, 0.559482216835, 0.300481587648, 0.168675303459, 0.0238676834852, 0.00286241760477, 6.33259260212e-05, 5.45402230046e-08]
    },
    "gfcc": {
        "mean": [-22.5746173859, 93.8600997925, -164.34614563, 36.2812538147, -53.1366539001, 11.7751598358, -26.5580940247, 3.74101042747, -18.807723999, -7.17848777771, -12.465634346, -0.971321463585, -16.9504623413],
        "cov": [[26041.8730469, 1444.4888916, 2295.89453125, 3034.71166992, 641.036865234, 1361.17077637, -822.775085449, 5.40073060989, -238.409637451, 373.947601318, -381.588470459, 246.812988281, -673.592407227], [1444.4888916, 852.424072266, -35.3689498901, 436.214111328, 133.740951538, 103.530380249, 101.31388092, -69.9990921021, 107.131278992, -96.521156311, 73.6535568237, -48.1754570007, -0.394446462393], [2295.89453125, -35.3689498901, 1712.00036621, 702.363525391, 548.610168457, 413.162200928, -103.707199097, 148.946640015, -34.8533401489, 178.241577148, -85.7834777832, 85.3795013428, -141.745117188], [3034.71166992, 436.214111328, 702.363525391, 918.784362793, 347.452056885, 373.071990967, -8.30732250214, 10.4301776886, 68.6367263794, 33.2313537598, 27.6597671509, 31.988117218, -104.715423584], [641.036865234, 133.740951538, 548.610168457, 347.452056885, 344.414093018, 212.054946899, 45.6266021729, 46.1063499451, 29.6616249084, 44.0366630554, 1.07747292519, 31.94272995, -42.01121521], [1361.17077637, 103.530380249, 413.162200928, 373.071990967, 212.054946899, 289.058929443, 9.81340885162, 37.6918258667, -4.2868065834, 48.4382476807, 2.9479393959, 19.8155765533, -50.019115448], [-822.775085449, 101.31388092, -103.707199097, -8.30732250214, 45.6266021729, 9.81340885162, 171.930480957, 17.2192192078, 66.1287307739, -34.9454956055, 37.2576522827, -18.1130886078, 13.3040876389], [5.40073060989, -69.9990921021, 148.946640015, 10.4301776886, 46.1063499451, 37.6918258667, 17.2192192078, 130.42628479, 12.5904855728, 44.212059021, -15.1512947083, 10.7525024414, -12.3070077896], [-238.409637451, 107.131278992, -34.8533401489, 68.6367263794, 29.6616249084, -4.2868065834, 66.1287307739, 12.5904855728, 111.267997742, 5.84538793564, 28.5742912292, -12.0758132935, 8.07649517059], [373.947601318, -96.521156311, 178.241577148, 33.2313537598, 44.0366630554, 48.4382476807, -34.9454956055, 44.212059021, 5.84538793564, 105.694137573, 2.32760095596, 27.256811142, -20.1346130371], [-381.588470459, 73.6535568237, -85.7834777832, 27.6597671509, 1.07747292519, 2.9479393959, 37.2576522827, -15.1512947083, 28.5742912292, 2.32760095596, 96.8349914551, 16.2636260986, 20.6317253113], [246.812988281, -48.1754570007, 85.3795013428, 31.988117218, 31.94272995, 19.8155765533, -18.1130886078, 10.7525024414, -12.0758132935, 27.256811142, 16.2636260986, 70.7121505737, 3.2935385704], [-673.592407227, -0.394446462393, -141.745117188, -104.715423584, -42.01121521, -50.019115448, 13.3040876389, -12.3070077896, 8.07649517059, -20.1346130371, 20.6317253113, 3.2935385704, 73.9468841553]],
        "icov": [[0.000161789852427, -0.000358060235158, 0.000114043868962, -0.00037400596193, 0.000397606927436, -0.000366311694961, 0.000419668125687, -3.43929764313e-06, 0.000266026851023, -0.000552011304535, 0.000875191530213, -0.000720454321709, 0.000671413261443], [-0.000358060235158, 0.00331100635231, 0.000168986909557, -0.000761737930588, -0.00170546048321, 0.00144880253356, -0.00116121780593, 0.000420413794927, -0.00117462477647, 0.0026120482944, -0.00285668089055, 0.00320185557939, -0.0022148154676], [0.000114043868962, 0.000168986909557, 0.0022004658822, -0.00121794000734, -0.00241562095471, 0.000142785356729, 0.00119562551845, -0.000902622938156, 0.00111283734441, -0.00167000840884, 0.00164458400104, -0.000479534937767, 0.000878109131008], [-0.00037400596193, -0.000761737930588, -0.00121794000734, 0.00619974778965, -0.00101934245322, -0.0039743129164, 0.00190723268315, 0.000672319612931, -0.00494160410017, 0.00418216874823, -0.00327433948405, -0.000389822234865, 0.00214458419941], [0.000397606927436, -0.00170546048321, -0.00241562095471, -0.00101934245322, 0.0111155752093, -0.00404985854402, -0.00258886814117, 0.000724449520931, -0.000444967241492, -0.00134223082568, 0.00280491029844, -0.00407175626606, 0.000782785471529], [-0.000366311694961, 0.00144880253356, 0.000142785356729, -0.0039743129164, -0.00404985854402, 0.0126893036067, -0.00407310714945, -0.00101721182, 0.00574510684237, -0.00333707290702, -0.00187720567919, 0.0041164108552, -0.0030330712907], [0.000419668125687, -0.00116121780593, 0.00119562551845, 0.00190723268315, -0.00258886814117, -0.00407310714945, 0.013891053386, -0.00262908800505, -0.00653501506895, 0.00497007835656, -0.00143057724927, -0.00119024293963, 0.0041657644324], [-3.43929764313e-06, 0.000420413794927, -0.000902622938156, 0.000672319612931, 0.000724449520931, -0.00101721182, -0.00262908800505, 0.0108029134572, -0.00141923024785, -0.00332166394219, 0.0020371559076, -0.000700111326296, -9.93834473775e-05], [0.000266026851023, -0.00117462477647, 0.00111283734441, -0.00494160410017, -0.000444967241492, 0.00574510684237, -0.00653501506895, -0.00141923024785, 0.0191324613988, -0.00867785979062, 0.001149128424, 0.00277298130095, -0.00277138245292], [-0.000552011304535, 0.0026120482944, -0.00167000840884, 0.00418216874823, -0.00134223082568, -0.00333707290702, 0.00497007835656, -0.00332166394219, -0.00867785979062, 0.0217820033431, -0.00740056764334, -0.00112953549251, 0.00223375158384], [0.000875191530213, -0.00285668089055, 0.00164458400104, -0.00327433948405, 0.00280491029844, -0.00187720567919, -0.00143057724927, 0.0020371559076, 0.001149128424, -0.00740056764334, 0.0205380357802, -0.00859309639782, -9.52455520746e-05], [-0.000720454321709, 0.00320185557939, -0.000479534937767, -0.000389822234865, -0.00407175626606, 0.0041164108552, -0.00119024293963, -0.000700111326296, 0.00277298130095, -0.00112953549251, -0.00859309639782, 0.0232779104263, -0.00669775577262], [0.000671413261443, -0.0022148154676, 0.000878109131008, 0.00214458419941, 0.000782785471529, -0.0030330712907, 0.0041657644324, -9.93834473775e-05, -0.00277138245292, 0.00223375158384, -9.52455520746e-05, -0.00669775577262, 0.0232103969902]]
    },
    "melbands": {
        "dmean": [0.000978792319074, 0.00123219122179, 0.000555250328034, 0.000334655516781, 0.000126361570437, 7.00241289451e-05, 0.000121338227473, 0.000109205073386, 7.38091039238e-05, 9.96576418402e-05, 6.98972653481e-05, 5.43773749087e-05, 7.05336642568e-05, 6.83142789057e-05, 6.09364833508e-05, 5.24947427039e-05, 5.76499223826e-05, 3.98418342229e-05, 2.82676646748e-05, 3.70474081137e-05, 3.47881687048e-05, 2.20765123231e-05, 2.03615581995e-05, 2.00523027161e-05, 1.81329105544e-05, 1.57523045345e-05, 9.7146967164e-06, 5.83893870498e-06, 3.18104184771e-06, 2.03569493351e-06, 1.81522091225e-06, 2.03528816201e-06, 2.36503456108e-06, 3.20812114296e-06, 1.61299101364e-06, 7.21198034626e-07, 4.47005419346e-07, 3.40053162518e-07, 2.21833772684e-07, 1.59464363492e-07],
        "dmean2": [0.00157762621529, 0.0021676372271, 0.000940162164625, 0.00053397443844, 0.000207085555303, 0.000110926688649, 0.000197416215087, 0.000177633337444, 0.000118097996165, 0.000160681534908, 0.000118844211102, 8.81872329046e-05, 0.0001184221328, 0.00011135947716, 9.72049092525e-05, 8.29728378449e-05, 9.37778531807e-05, 6.26693727099e-05, 4.53663124063e-05, 5.98338265263e-05, 5.6511740695e-05, 3.65357809642e-05, 3.3190844988e-05, 3.26174813381e-05, 3.01779982692e-05, 2.62320081674e-05, 1.59550836543e-05, 9.46257659962e-06, 5.17938542544e-06, 3.36606194651e-06, 3.06074502987e-06, 3.45280795955e-06, 3.9116289372e-06, 5.38527820027e-06, 2.69223869509e-06, 1.17900594887e-06, 7.25035192772e-07, 5.35718015726e-07, 3.45267551438e-07, 2.32785779986e-07],
        "dvar": [5.96568452238e-06, 8.99844235391e-06, 1.1525607988e-06, 4.66730796234e-07, 6.43284394641e-08, 3.55449785161e-08, 8.04554289857e-08, 8.24505335117e-08, 3.02436120592e-08, 3.92933827698e-08, 1.98787404315e-08, 1.1714078596e-08, 1.41460301251e-08, 1.22140644265e-08, 1.11853264428e-08, 6.57017285022e-09, 9.589032679e-09, 6.14483397499e-09, 2.98180591329e-09, 3.74967967787e-09, 3.86038578881e-09, 1.61294733125e-09, 1.16364873293e-09, 9.27979526555e-10, 7.27876592332e-10, 4.93486862485e-10, 2.07268285868e-10, 9.09937888927e-11, 2.59376912309e-11, 2.51623721859e-11, 1.46021267994e-11, 1.76964606163e-11, 2.11022345431e-11, 2.94985980087e-11, 1.01351843584e-11, 3.6927422925e-12, 1.68406640629e-12, 9.44681615919e-13, 4.22469432484e-13, 1.8077734947e-13],
        "dvar2": [1.44939649545e-05, 2.51999172178e-05, 3.21558718497e-06, 1.09652989977e-06, 1.72999179426e-07, 8.67400515858e-08, 2.12292107449e-07, 1.94390537445e-07, 6.92728434615e-08, 1.00844161466e-07, 5.56589760947e-08, 2.8810864805e-08, 3.74919864043e-08, 3.06622283119e-08, 2.49070080116e-08, 1.53173544959e-08, 2.38430981625e-08, 1.39867495363e-08, 7.17665704641e-09, 9.38693922592e-09, 9.95292026573e-09, 4.26271240528e-09, 2.82994694345e-09, 2.38287367615e-09, 1.89884730162e-09, 1.25911869819e-09, 5.1171239468e-10, 2.28228588806e-10, 6.35387645276e-11, 6.19730725071e-11, 3.90088517044e-11, 4.84244901122e-11, 5.63742837134e-11, 7.8019583849e-11, 2.65820317147e-11, 9.27460972605e-12, 4.26644657103e-12, 2.29511396867e-12, 1.02526407503e-12, 3.94784140274e-13],
        "max": [0.0237786024809, 0.0294595062733, 0.0138685060665, 0.00868860632181, 0.00400938885286, 0.00509997829795, 0.00480063445866, 0.00581017509103, 0.00349312601611, 0.0040106670931, 0.00271513243206, 0.00340198003687, 0.0022647047881, 0.00149298575707, 0.00169139006175, 0.00162687897682, 0.00143954576924, 0.00142677058466, 0.00111835123971, 0.00112119026016, 0.00100064754952, 0.000731735606678, 0.000464290525997, 0.000631179776974, 0.000338327139616, 0.000298435043078, 0.000190065111383, 0.000167081176187, 8.11590944068e-05, 0.00010592394392, 5.10715944984e-05, 5.41233894182e-05, 6.37963967165e-05, 6.31519578747e-05, 4.45255027444e-05, 2.37530330196e-05, 1.47125801959e-05, 1.20383156172e-05, 7.53656695451e-06, 5.88117882216e-06],
        "mean": [0.00132586911786, 0.00186742434744, 0.000969593587797, 0.000632906507235, 0.000235319661442, 0.000141895099659, 0.000223565468332, 0.000165371326148, 0.000136519200169, 0.000208443801966, 0.00013189749734, 9.9955846963e-05, 0.000125087579363, 0.000128229279653, 0.000121290664538, 0.000109720749606, 0.00011004384578, 7.80163900345e-05, 5.21668625879e-05, 7.16980794095e-05, 6.93269466865e-05, 3.99138589273e-05, 3.9819668018e-05, 4.0165905375e-05, 3.76171374228e-05, 3.42528801411e-05, 2.14021747524e-05, 1.17951858556e-05, 6.49333287583e-06, 3.25228211295e-06, 3.00148576571e-06, 3.79304765374e-06, 4.62153957415e-06, 6.53014058116e-06, 3.11963367494e-06, 1.13000453439e-06, 6.74658792832e-07, 5.15524334332e-07, 3.58664351552e-07, 2.6914383966e-07],
        "median": [0.00060042203404, 0.00109267502557, 0.000745081051718, 0.0002806384, 0.000129849242512, 6.4691521402e-05, 9.65505314525e-05, 6.17171826889e-05, 6.35192991467e-05, 9.04451735551e-05, 6.6247957875e-05, 6.08482732787e-05, 6.77203715895e-05, 7.09135347279e-05, 6.32518567727e-05, 5.9570724261e-05, 5.42254711036e-05, 3.21185289067e-05, 3.08211783704e-05, 4.22903503932e-05, 3.4693723137e-05, 2.58756499534e-05, 2.49877884926e-05, 2.77684212051e-05, 2.64102454821e-05, 2.58299824054e-05, 1.61737007147e-05, 7.65265485825e-06, 4.4671728574e-06, 1.41913233165e-06, 1.56826922648e-06, 2.54730321103e-06, 3.06191873278e-06, 4.49828394267e-06, 2.08468736673e-06, 4.08175026223e-07, 1.53756630539e-07, 9.24413257053e-08, 6.18460020974e-08, 3.8981649908e-08],
        "min": [7.15222475213e-24, 1.39465539612e-24, 1.96489336222e-24, 9.60479961735e-25, 2.4901388438e-24, 2.85049346354e-24, 2.43635351843e-24, 3.34467281382e-24, 2.89415316755e-24, 2.10505698457e-24, 1.0368746323e-24, 2.2747243992e-24, 3.25294091231e-24, 3.17434689754e-24, 4.60213484611e-24, 4.0954924796e-24, 4.26327846098e-24, 4.59467774397e-24, 3.78888117841e-24, 5.08077265048e-24, 5.28644525455e-24, 5.16919843593e-24, 7.00802334523e-24, 4.65528632175e-24, 5.64734123008e-24, 6.07511446657e-24, 4.98945766196e-24, 6.39724660608e-24, 7.08854553327e-24, 5.76405083442e-24, 5.59473209631e-24, 8.05209258621e-24, 5.21735168887e-24, 7.44389108347e-24, 5.64869215438e-24, 7.28051799e-24, 5.50239908279e-24, 7.70200242736e-24, 7.3025587637e-24, 7.22657252586e-24],
        "var": [6.26910878054e-06, 8.29466989671e-06, 1.31493357003e-06, 1.14578756438e-06, 1.0133021533e-07, 8.75711023696e-08, 1.68759029862e-07, 1.18530238069e-07, 5.18363663105e-08, 1.07122680504e-07, 4.99400343301e-08, 2.36283277388e-08, 3.61284371309e-08, 2.87275501165e-08, 3.06179472886e-08, 2.25362253303e-08, 2.55776289038e-08, 1.81753847528e-08, 5.72565284074e-09, 8.81611406101e-09, 1.16775478176e-08, 2.6558386601e-09, 2.63650723475e-09, 2.14488493633e-09, 1.60024893336e-09, 1.22457355367e-09, 4.82222761722e-10, 1.97200575314e-10, 5.89374798965e-11, 4.20357568198e-11, 1.91992168691e-11, 2.29605310459e-11, 3.16356107977e-11, 5.50724986448e-11, 1.49242059683e-11, 4.65099356597e-12, 2.11732649642e-12, 1.29068598257e-12, 6.25261778117e-13, 3.48006535698e-13]
    },
    "mfcc": {
        "mean": [-640.829467773, 113.608932495, -41.8409881592, 23.1240673065, -6.40436506271, 9.57246780396, -2.39572548866, 15.3432664871, -9.20805740356, 4.70249700546, 3.30737948418, -7.5121011734, 3.13777589798],
        "cov": [[14241.7558594, 980.911193848, 1884.9708252, 2047.53271484, 1432.10974121, 1520.67895508, 108.108551025, 512.890319824, -123.466583252, 308.968444824, -18.3058567047, 155.461471558, 611.554443359], [980.911193848, 656.715087891, -61.4465446472, 230.173370361, 37.9973258972, 127.909080505, 1.27906727791, 98.720664978, -8.81173706055, 43.1448822021, 13.8700761795, -14.3230276108, 39.762096405], [1884.9708252, -61.4465446472, 926.928894043, 434.492645264, 532.894592285, 304.843353271, 147.329696655, 96.8532028198, 65.1190338135, 59.5226325989, 5.49012899399, 123.854911804, 129.821014404], [2047.53271484, 230.173370361, 434.492645264, 586.680969238, 343.139587402, 364.640136719, 43.6236686707, 181.218811035, -9.60403442383, 94.9738082886, 28.0926246643, 31.1540031433, 170.795059204], [1432.10974121, 37.9973258972, 532.894592285, 343.139587402, 458.2550354, 267.25390625, 121.00541687, 97.3759613037, 43.199382782, 47.5380210876, 1.35142612457, 76.446144104, 118.717529297], [1520.67895508, 127.909080505, 304.843353271, 364.640136719, 267.25390625, 380.999542236, 76.2505111694, 136.010299683, -14.9701814651, 69.4339904785, 14.768737793, 22.0417633057, 126.792922974], [108.108551025, 1.27906727791, 147.329696655, 43.6236686707, 121.00541687, 76.2505111694, 135.714782715, 53.9873275757, 25.524646759, 11.4067373276, 10.951464653, 37.4729614258, 25.7482795715], [512.890319824, 98.720664978, 96.8532028198, 181.218811035, 97.3759613037, 136.010299683, 53.9873275757, 150.425079346, 11.9901561737, 41.8135986328, 23.6996688843, 4.22238683701, 63.3047676086], [-123.466583252, -8.81173706055, 65.1190338135, -9.60403442383, 43.199382782, -14.9701814651, 25.524646759, 11.9901561737, 100.191902161, 26.3045845032, 8.4174823761, 27.9615020752, -13.7166566849], [308.968444824, 43.1448822021, 59.5226325989, 94.9738082886, 47.5380210876, 69.4339904785, 11.4067373276, 41.8135986328, 26.3045845032, 87.0609664917, 32.8926048279, 5.27092981339, 29.8936271667], [-18.3058567047, 13.8700761795, 5.49012899399, 28.0926246643, 1.35142612457, 14.768737793, 10.951464653, 23.6996688843, 8.4174823761, 32.8926048279, 68.7154693604, 17.0156497955, 11.1546955109], [155.461471558, -14.3230276108, 123.854911804, 31.1540031433, 76.446144104, 22.0417633057, 37.4729614258, 4.22238683701, 27.9615020752, 5.27092981339, 17.0156497955, 90.9677581787, 32.3394470215], [611.554443359, 39.762096405, 129.821014404, 170.795059204, 118.717529297, 126.792922974, 25.7482795715, 63.3047676086, -13.7166566849, 29.8936271667, 11.1546955109, 32.3394470215, 126.563621521]],
