{
"lowlevel": {
    "average_loudness": 0.939862251282,
    "barkbands_crest": {
        "dmean": 2.52897500992,
        "dmean2": 4.11358833313,
        "dvar": 4.97230911255,
        "dvar2": 12.852889061,
        "max": 21.2428627014,
        "mean": 9.28043651581,
        "median": 8.8097858429,
        "min": 2.44622564316,
        "var": 14.2773618698
    },
    "barkbands_flatness_db": {
        "dmean": 0.025492047891,
        "dmean2": 0.0396110825241,
        "dvar": 0.000755136134103,
        "dvar2": 0.00157026795205,
        "max": 0.424837142229,
        "mean": 0.150138065219,
        "median": 0.124268248677,
        "min": 0.0190653912723,
        "var": 0.00490047410131
    },
    "barkbands_kurtosis": {
        "dmean": 4.39001893997,
        "dmean2": 6.95897388458,
        "dvar": 86.1831970215,
        "dvar2": 189.929473877,
        "max": 154.277587891,
        "mean": 5.49807024002,
        "median": 0.262667655945,
        "min": -1.74592494965,
        "var": 187.726730347
    },
    "barkbands_skewness": {
        "dmean": 0.709969043732,
        "dmean2": 1.10017168522,
        "dvar": 0.703090667725,
        "dvar2": 1.49073159695,
        "max": 10.0136537552,
        "mean": 1.67675590515,
        "median": 1.19886207581,
        "min": -2.74636101723,
        "var": 2.67346215248
    },
    "barkbands_spread": {
        "dmean": 6.59762811661,
        "dmean2": 10.4525976181,
        "dvar": 47.4498634338,
        "dvar2": 106.349105835,
        "max": 84.7338790894,
        "mean": 29.2847499847,
        "median": 31.6498641968,
        "min": 1.03091239929,
        "var": 204.688873291
    },
    "dissonance": {
        "dmean": 0.0113988267258,
        "dmean2": 0.0188064891845,
        "dvar": 0.000153129614773,
        "dvar2": 0.000387239677366,
        "max": 0.500000059605,
        "mean": 0.480561107397,
        "median": 0.485389918089,
        "min": 0.285869121552,
        "var": 0.000329685659381
    },
    "dynamic_complexity": 2.15664315224,
    "erbbands_crest": {
        "dmean": 2.50704503059,
        "dmean2": 4.09817457199,
        "dvar": 5.42109584808,
        "dvar2": 13.0339317322,
        "max": 26.2388057709,
        "mean": 8.04859542847,
        "median": 7.36831331253,
        "min": 2.79340982437,
        "var": 11.266866684
    },
    "erbbands_flatness_db": {
        "dmean": 0.0149073526263,
        "dmean2": 0.0225676186383,
        "dvar": 0.000204671072424,
        "dvar2": 0.000432205124525,
        "max": 0.309820562601,
        "mean": 0.157046273351,
        "median": 0.149382665753,
        "min": 0.0589946247637,
        "var": 0.0015295202611
    },
    "erbbands_kurtosis": {
        "dmean": 0.876803576946,
        "dmean2": 1.39724981785,
        "dvar": 1.22423362732,
        "dvar2": 2.90082359314,
        "max": 13.5687217712,
        "mean": 0.216277137399,
        "median": -0.156001567841,
        "min": -1.81398248672,
        "var": 2.4254617691
    },
    "erbbands_skewness": {
        "dmean": 0.347246706486,
        "dmean2": 0.534751594067,
        "dvar": 0.142492949963,
        "dvar2": 0.3151293993,
        "max": 3.05180740356,
        "mean": -0.355068325996,
        "median": -0.416669398546,
        "min": -2.90484261513,
        "var": 0.495604991913
    },
    "erbbands_spread": {
        "dmean": 10.2159318924,
        "dmean2": 15.907538414,
        "dvar": 110.197601318,
        "dvar2": 248.240097046,
        "max": 146.02053833,
        "mean": 45.5227279663,
        "median": 42.0010681152,
        "min": 8.40954399109,
        "var": 368.354003906
    },
    "hfc": {
        "dmean": 6.09789228439,
        "dmean2": 9.40377044678,
        "dvar": 51.3951797485,
        "dvar2": 118.8176651,
        "max": 105.492797852,
        "mean": 25.9990634918,
        "median": 21.0761108398,
        "min": 1.19626674899e-16,
        "var": 345.447387695
    },
    "melbands_crest": {
        "dmean": 3.60687112808,
        "dmean2": 5.9561753273,
        "dvar": 10.0672721863,
        "dvar2": 26.5417308807,
        "max": 27.6672706604,
        "mean": 15.3961524963,
        "median": 15.3903961182,
        "min": 1.84757804871,
        "var": 25.9007034302
    },
    "melbands_flatness_db": {
        "dmean": 0.0334284044802,
        "dmean2": 0.050658389926,
        "dvar": 0.00122914568055,
        "dvar2": 0.00240728165954,
        "max": 0.525303125381,
        "mean": 0.195106014609,
        "median": 0.169120565057,
        "min": 0.00645163143054,
        "var": 0.00784339290112
    },
    "melbands_kurtosis": {
        "dmean": 13.9612445831,
        "dmean2": 21.9318714142,
        "dvar": 717.560058594,
        "dvar2": 1547.61560059,
        "max": 371.103912354,
        "mean": 22.9829139709,
        "median": 7.61703968048,
        "min": -1.76999354362,
        "var": 1585.29821777
    },
    "melbands_skewness": {
        "dmean": 1.08955466747,
        "dmean2": 1.69878852367,
        "dvar": 1.68114423752,
        "dvar2": 3.58847594261,
        "max": 16.6975421906,
        "mean": 3.45465493202,
        "median": 2.69800496101,
        "min": -0.326473474503,
        "var": 5.84127807617
    },
    "melbands_spread": {
        "dmean": 9.22520923615,
        "dmean2": 14.5314455032,
        "dvar": 102.399238586,
        "dvar2": 220.779129028,
        "max": 167.673477173,
        "mean": 29.8516464233,
        "median": 28.1297340393,
        "min": 0.751608073711,
        "var": 430.279266357
    },
    "pitch_salience": {
        "dmean": 0.0844667479396,
        "dmean2": 0.139498695731,
        "dvar": 0.00601791869849,
        "dvar2": 0.0147556643933,
        "max": 0.85650998354,
        "mean": 0.527796983719,
        "median": 0.53758174181,
        "min": 0.152914330363,
        "var": 0.0134363230318
    },
    "silence_rate_20dB": {
        "dmean": 0,
        "dmean2": 0,
        "dvar": 0,
        "dvar2": 0,
        "max": 1,
        "mean": 1,
        "median": 1,
        "min": 1,
        "var": 0
    },
    "silence_rate_30dB": {
        "dmean": 0.000773993786424,
        "dmean2": 0.00154858687893,
        "dvar": 0.000773392617702,
        "dvar2": 0.0023204726167,
        "max": 1,
        "mean": 0.999613165855,
        "median": 1,
        "min": 0,
        "var": 0.000386718282243
    },
    "silence_rate_60dB": {
        "dmean": 0.00890092924237,
        "dmean2": 0.0178087502718,
        "dvar": 0.00882212352008,
        "dvar2": 0.0190397202969,
        "max": 1,
        "mean": 0.0174081232399,
        "median": 0,
        "min": 0,
        "var": 0.0171036422253
    },
    "spectral_centroid": {
        "dmean": 302.117248535,
        "dmean2": 470.357391357,
        "dvar": 108134.773438,
        "dvar2": 207959.421875,
        "max": 10879.9296875,
        "mean": 1699.29150391,
        "median": 1818.20898438,
        "min": 174.504669189,
        "var": 520062.0625
    },
    "spectral_complexity": {
        "dmean": 4.99883890152,
        "dmean2": 7.43786287308,
        "dvar": 24.2271709442,
        "dvar2": 49.7715530396,
        "max": 58,
        "mean": 24.8951644897,
        "median": 26,
        "min": 0,
        "var": 175.766586304
    },
    "spectral_decrease": {
        "dmean": 2.95074831236e-09,
        "dmean2": 4.9385078249e-09,
        "dvar": 1.8719884738e-17,
        "dvar2": 5.00801182485e-17,
        "max": 4.07347709903e-20,
        "mean": -7.97540966602e-09,
        "median": -7.45975370364e-09,
        "min": -3.9450007705e-08,
        "var": 2.4511381525e-17
    },
    "spectral_energy": {
        "dmean": 0.0114325257018,
        "dmean2": 0.0190881416202,
        "dvar": 0.000276122620562,
        "dvar2": 0.00073828996392,
        "max": 0.151351585984,
        "mean": 0.0324592143297,
        "median": 0.0301853697747,
        "min": 1.08478977768e-20,
        "var": 0.000382584723411
    },
    "spectral_energyband_high": {
        "dmean": 0.000483790616272,
        "dmean2": 0.000731680891477,
        "dvar": 4.7200961717e-07,
        "dvar2": 1.02867443275e-06,
        "max": 0.0114678479731,
        "mean": 0.00150042539462,
        "median": 0.00102652958594,
        "min": 8.29232973669e-21,
        "var": 2.25179314839e-06
    },
    "spectral_energyband_low": {
        "dmean": 0.00910995900631,
        "dmean2": 0.0152841284871,
        "dvar": 0.000233916929574,
        "dvar2": 0.000628238602076,
        "max": 0.139435142279,
        "mean": 0.0164450667799,
        "median": 0.0137418471277,
        "min": 6.50508649506e-23,
        "var": 0.000251688616117
    },
    "spectral_energyband_middle_high": {
        "dmean": 0.00184895272832,
        "dmean2": 0.00285566411912,
        "dvar": 4.7469529818e-06,
        "dvar2": 1.11704330266e-05,
        "max": 0.0323977693915,
        "mean": 0.00677116820589,
        "median": 0.00509295519441,
        "min": 1.27238008305e-21,
        "var": 3.46586675732e-05
    },
    "spectral_energyband_middle_low": {
        "dmean": 0.00505487760529,
        "dmean2": 0.00834890641272,
        "dvar": 4.88102523377e-05,
        "dvar2": 0.000126042039483,
        "max": 0.0714482292533,
        "mean": 0.00943392794579,
        "median": 0.00727470824495,
        "min": 2.91426700649e-22,
        "var": 6.37425691821e-05
    },
    "spectral_entropy": {
        "dmean": 0.144259318709,
        "dmean2": 0.214020401239,
        "dvar": 0.0286037288606,
        "dvar2": 0.0556570552289,
        "max": 9.80069923401,
        "mean": 7.73408555984,
        "median": 7.86459636688,
        "min": 5.54800319672,
        "var": 0.170561268926
    },
    "spectral_flux": {
        "dmean": 0.0291434992105,
        "dmean2": 0.0451435819268,
        "dvar": 0.00112874864135,
        "dvar2": 0.00232321466319,
        "max": 0.327823489904,
        "mean": 0.0982630550861,
        "median": 0.0920867100358,
        "min": 1.04153241587e-10,
        "var": 0.00215667812154
    },
    "spectral_kurtosis": {
        "dmean": 1.46077203751,
        "dmean2": 2.4999101162,
        "dvar": 5.60438585281,
        "dvar2": 15.4356870651,
        "max": 46.1120223999,
        "mean": 3.02257275581,
        "median": 2.44088077545,
        "min": -1.24976658821,
        "var": 8.63970375061
    },
    "spectral_rms": {
        "dmean": 0.00093031686265,
        "dmean2": 0.00150796503294,
        "dvar": 1.24449491068e-06,
        "dvar2": 3.12494125865e-06,
        "max": 0.0121515467763,
        "mean": 0.00537423510104,
        "median": 0.00542670628056,
        "min": 3.25320066025e-12,
        "var": 2.78506490758e-06
    },
    "spectral_rolloff": {
        "dmean": 572.306762695,
        "dmean2": 954.272094727,
        "dvar": 647161.5625,
        "dvar2": 1435634.875,
        "max": 20090.4785156,
        "mean": 1755.359375,
        "median": 1937.98828125,
        "min": 107.666015625,
        "var": 1906481.625
    },
    "spectral_skewness": {
        "dmean": 0.216059118509,
        "dmean2": 0.344153136015,
        "dvar": 0.064021229744,
        "dvar2": 0.149693563581,
        "max": 4.64449691772,
        "mean": 1.11741364002,
        "median": 1.08914017677,
        "min": -0.187057822943,
        "var": 0.200908794999
    },
    "spectral_spread": {
        "dmean": 372295.3125,
        "dmean2": 553090,
        "dvar": 526113701888,
        "dvar2": 585198469120,
        "max": 42568920,
        "mean": 4247690,
        "median": 4237264,
        "min": 1021062.0625,
        "var": 1.60748640666e+12
    },
    "spectral_strongpeak": {
        "dmean": 0.428680568933,
        "dmean2": 0.777548730373,
        "dvar": 0.952835023403,
        "dvar2": 2.60901618004,
        "max": 9.8547039032,
        "mean": 0.573497593403,
        "median": 0.334374517202,
        "min": 0,
        "var": 0.79774671793
    },
    "zerocrossingrate": {
        "dmean": 0.0099732959643,
        "dmean2": 0.0116378422827,
        "dvar": 0.000103513717477,
        "dvar2": 0.000121298246086,
        "max": 0.4990234375,
        "mean": 0.0658191815019,
        "median": 0.0673828125,
        "min": 0.00390625,
        "var": 0.00111343653407
    },
    "barkbands": {
        "dmean": [0.000113397916721, 0.00464378297329, 0.00487359333783, 0.00214035552926, 0.00274755619466, 0.000660497404169, 0.000719978066627, 0.000435893423855, 0.000434757763287, 0.000450248509878, 0.000337260018568, 0.00027424574364, 0.000305660709273, 0.000315597222652, 0.000549554650206, 0.000506115844473, 0.000488896970637, 0.000275989936199, 0.000174100248842, 0.000261414650595, 0.000209601144888, 0.000140971649671, 9.31120375753e-05, 4.4470456487e-05, 1.84952568816e-05, 9.89246018435e-06, 1.18789582615e-08],
        "dmean2": [0.00017170101637, 0.00758864311501, 0.00842271186411, 0.00373929971829, 0.00470026070252, 0.00112313218415, 0.00119036540855, 0.000723659642972, 0.000696957751643, 0.000736842863262, 0.000533498357981, 0.000431126274634, 0.00049660645891, 0.000507384014782, 0.000880573759787, 0.000803444883786, 0.00078560289694, 0.000435347435996, 0.000285716494545, 0.000424017052865, 0.000328784779413, 0.000222943155677, 0.000146742357174, 6.79587174091e-05, 2.9054683182e-05, 1.55197831191e-05, 2.11330455357e-08],
        "dvar": [4.82502073851e-08, 5.83648725296e-05, 7.33697233954e-05, 1.13299502118e-05, 2.18591521843e-05, 1.66425627413e-06, 1.64539358138e-06, 8.17226123218e-07, 9.28998076688e-07, 1.45917374539e-06, 5.73036118112e-07, 4.46542372856e-07, 2.10515977983e-07, 3.32579475071e-07, 5.68463235595e-07, 6.08510163147e-07, 6.56886868455e-07, 1.66852387906e-07, 5.80117998084e-08, 1.83947818755e-07, 7.95392054442e-08, 4.23975343722e-08, 3.74092934408e-08, 1.63669948705e-08, 2.31513141991e-09, 4.48855258517e-10, 1.6108065792e-15],
        "dvar2": [1.00192018238e-07, 0.000148142193211, 0.000205166521482, 3.14040225931e-05, 5.87150461797e-05, 4.43705721409e-06, 4.20890773967e-06, 2.05943024412e-06, 2.05781702789e-06, 3.8765942918e-06, 1.23376833017e-06, 9.92241098174e-07, 5.18880653999e-07, 7.78087667186e-07, 1.4198634517e-06, 1.60481135936e-06, 1.65434937571e-06, 3.8494005139e-07, 1.54987816359e-07, 5.2121885119e-07, 1.92762911411e-07, 1.02605213215e-07, 7.8944474069e-08, 3.70867461186e-08, 5.66138691482e-09, 1.06363873265e-09, 3.53013643911e-15],
        "max": [0.00203351210803, 0.0740495324135, 0.0735256224871, 0.0444731116295, 0.0450307950377, 0.0154736228287, 0.0180873796344, 0.0164313353598, 0.0196266192943, 0.0239217150956, 0.0149189038202, 0.020171282813, 0.00597105780616, 0.0115248188376, 0.010182781145, 0.0103556634858, 0.0121922511607, 0.00592498807237, 0.00336313340813, 0.00604003574699, 0.00382738467306, 0.00298028159887, 0.0043862615712, 0.00365708791651, 0.00182644394226, 0.000379230419639, 1.18191621823e-06],
        "mean": [0.000183566749911, 0.00686441780999, 0.00779704190791, 0.00292482017539, 0.00331366341561, 0.000852096825838, 0.00100497552194, 0.000563889509067, 0.000641275721136, 0.000810936675407, 0.000501156959217, 0.00045381320524, 0.000513106759172, 0.000531269761268, 0.0010076056933, 0.000927078421228, 0.000897841877304, 0.000537307932973, 0.000340869708452, 0.000582104199566, 0.000484427262563, 0.000344208499882, 0.000206500539207, 0.000106207764475, 4.87338002131e-05, 2.03090057767e-05, 8.70088889826e-09],
        "median": [1.12449652079e-05, 0.00433501182124, 0.0052486602217, 0.00194375019055, 0.0019040342886, 0.00041057728231, 0.000438663584646, 0.000233323837165, 0.000257405306911, 0.000165305944392, 0.000144526100485, 0.000163595512277, 0.000312858086545, 0.000233884202316, 0.000596309721004, 0.000532941136044, 0.000524804461747, 0.000347267370671, 0.000242550595431, 0.000326703506289, 0.000307982496452, 0.000223174516577, 0.000105922496004, 6.53877941659e-05, 3.75195377273e-05, 1.07786836452e-05, 7.5281819667e-10],
        "min": [2.85919795198e-23, 8.96644469537e-24, 2.25387026953e-23, 2.79186678045e-23, 3.9082810351e-23, 4.39379273673e-23, 3.59689996532e-23, 6.01518052264e-23, 6.38838430601e-23, 9.92537975191e-23, 4.6770193608e-23, 2.54845838389e-23, 1.84474289649e-22, 7.50682877308e-23, 9.83164414371e-23, 6.39536793383e-23, 1.2546003447e-22, 2.45691877513e-22, 1.21905641801e-22, 3.44248397722e-22, 4.15242824723e-22, 6.06492268344e-22, 1.10936693735e-21, 9.9919823315e-22, 1.1749452347e-21, 1.72295865091e-21, 2.32165848813e-21],
        "var": [1.21499269312e-07, 7.04351914464e-05, 7.72722341935e-05, 1.09831089503e-05, 2.04509251489e-05, 1.86461909379e-06, 2.44356851908e-06, 1.30549256028e-06, 1.56893884196e-06, 4.50817924502e-06, 1.34658080242e-06, 1.15793727673e-06, 4.09565046766e-07, 8.60401996761e-07, 1.38301913921e-06, 1.35493405651e-06, 1.49231811974e-06, 4.34767628121e-07, 1.29054157583e-07, 5.4930768556e-07, 2.83380501287e-07, 1.40262685022e-07, 1.04084755037e-07, 3.38470904637e-08, 5.35963140536e-09, 8.7203999577e-10, 1.30435683515e-15]
    },
    "erbbands": {
        "dmean": [0.0805513784289, 1.27761137486, 5.1134428978, 6.18952131271, 9.16555118561, 9.01709079742, 5.93058300018, 5.47191095352, 9.90374088287, 8.88301372528, 9.6288394928, 10.8149614334, 8.77955341339, 15.363284111, 13.1960868835, 10.0093727112, 13.8287143707, 13.7474584579, 16.4559669495, 34.98960495, 23.7660121918, 24.0698547363, 15.6011571884, 10.5126047134, 8.54292297363, 12.6974697113, 9.93483924866, 7.04653406143, 5.33508586884, 3.85952162743, 2.52740216255, 1.29468905926, 0.562005400658, 0.244601622224, 0.125152304769, 0.0693643093109, 0.0123679991812, 0.000257866544416, 1.40465153891e-05, 1.31688320835e-05],
        "dmean2": [0.135587453842, 2.12921619415, 8.81434249878, 10.754406929, 15.8689231873, 15.5108175278, 9.98027515411, 9.44134616852, 16.4368877411, 14.7967348099, 15.9379177094, 17.0347137451, 13.9483175278, 25.3423595428, 20.6408348083, 15.5925569534, 22.2333488464, 22.0153903961, 26.6588535309, 56.1892127991, 36.7557106018, 38.3322105408, 24.2382621765, 17.1932468414, 14.2160110474, 20.6407432556, 15.5661554337, 11.2412853241, 8.46221733093, 6.03731822968, 3.99519705772, 2.01621603966, 0.871390044689, 0.391745358706, 0.198748022318, 0.108782574534, 0.0194346234202, 0.000404327962315, 2.18917230086e-05, 2.1719130018e-05],
        "dvar": [0.0202849116176, 4.69285964966, 88.8284988403, 84.4408721924, 228.634750366, 256.697692871, 101.647918701, 159.086914062, 324.711975098, 273.559753418, 451.781005859, 647.854248047, 347.666656494, 1842.1505127, 1028.47473145, 406.33480835, 428.410980225, 801.479553223, 590.762268066, 2610.29541016, 1551.74438477, 1465.82556152, 571.671325684, 171.139724731, 187.620193481, 493.29473877, 214.175750732, 87.1607208252, 63.4844474792, 43.5635604858, 26.9842720032, 11.0391483307, 3.29520654678, 0.6243237257, 0.0547166652977, 0.0222169067711, 0.000629282614682, 2.58851201806e-07, 4.94718543909e-10, 3.46425832465e-10],
        "dvar2": [0.0499609448016, 12.402671814, 249.2396698, 235.311309814, 621.438415527, 689.502990723, 262.637481689, 435.341064453, 834.013183594, 697.101135254, 1138.5793457, 1442.08898926, 780.00201416, 4710.62939453, 2140.70239258, 933.675964355, 1069.73291016, 1901.98522949, 1510.62316895, 6720.33984375, 3974.62792969, 3628.64257812, 1265.06152344, 436.673980713, 503.671600342, 1392.01074219, 504.118133545, 214.47492981, 157.378738403, 97.4122619629, 56.4891891479, 23.7445487976, 7.82149648666, 1.62438464165, 0.12581281364, 0.0530158020556, 0.00148834753782, 6.03119815423e-07, 1.12610198943e-09, 9.18440379305e-10],
        "max": [1.21585607529, 21.2999324799, 80.811882019, 104.850852966, 156.169631958, 166.732788086, 108.373878479, 172.134460449, 308.724487305, 188.667434692, 446.438842773, 494.609527588, 321.23059082, 922.799865723, 719.562683105, 386.132781982, 309.468078613, 649.348266602, 420.975372314, 725.708374023, 662.213745117, 562.976074219, 372.764923096, 150.595321655, 214.410766602, 319.6512146, 232.272796631, 138.922744751, 109.836959839, 147.036346436, 107.034675598, 78.2185592651, 60.5657653809, 29.7852687836, 6.65007019043, 2.67050552368, 0.357363432646, 0.00722567224875, 0.000336271943524, 0.000170722458279],
        "mean": [0.106581091881, 1.89664363861, 8.03305244446, 10.4157848358, 11.5198659897, 10.2069807053, 7.94408750534, 6.53024291992, 13.5172147751, 12.3306512833, 13.9060487747, 15.5932998657, 15.8368082047, 28.1902503967, 23.4161376953, 18.1477375031, 24.0768413544, 25.0460300446, 33.087059021, 67.0946731567, 50.0521621704, 48.3248519897, 32.8385620117, 21.8409290314, 18.5079250336, 28.2617931366, 22.5294208527, 16.6228618622, 12.845998764, 9.07506084442, 5.46851158142, 3.0248913765, 1.34117412567, 0.604066252708, 0.316194564104, 0.152027010918, 0.0226713363081, 0.000496815831866, 4.16353395849e-05, 4.2102587031e-05],
        "median": [0.0521828830242, 1.26342511177, 5.63461828232, 7.76572322845, 7.10008955002, 5.3863902092, 3.75065016747, 3.24770760536, 5.99994850159, 5.48175430298, 6.22919130325, 6.17542600632, 5.70352888107, 5.89583158493, 7.04928541183, 8.54284858704, 15.1260414124, 13.1708259583, 23.156419754, 38.6479301453, 31.2694358826, 29.1329956055, 20.8132762909, 16.3526000977, 12.4256420135, 14.953455925, 14.1659650803, 11.0916852951, 7.81623458862, 5.49467277527, 2.67574000359, 1.58887159824, 0.973960220814, 0.4901727736, 0.211337119341, 0.0856805741787, 0.010330889374, 0.000271433353191, 3.80218880309e-05, 3.85211242246e-05],
        "min": [3.01969694118e-22, 2.7876241098e-21, 1.78515447426e-20, 8.29956320496e-20, 1.04400332729e-19, 9.87575780088e-20, 1.48976727586e-19, 5.28631639039e-19, 4.31874228988e-19, 1.14917782999e-18, 1.04433154997e-18, 1.29225670811e-18, 2.70768536571e-18, 2.307612845e-18, 1.98751442067e-18, 2.00241152991e-18, 8.63902882257e-18, 4.33138238512e-18, 4.72908627415e-18, 3.47501429107e-18, 6.59834530008e-18, 5.78891308834e-18, 1.43266457867e-17, 6.85632969825e-18, 8.46493377341e-18, 1.76371863799e-17, 1.01281284603e-17, 2.31199082247e-17, 2.22768821404e-17, 3.04465662018e-17, 2.79532022989e-17, 1.90166771418e-17, 1.99603909591e-17, 1.22451781241e-17, 9.40366630901e-18, 5.45642370522e-18, 3.36778397313e-18, 1.42748295388e-18, 2.89691420117e-19, 3.53174488364e-20],
        "var": [0.0243913829327, 5.1099395752, 83.6863098145, 96.3645401001, 212.495864868, 235.627410889, 140.543182373, 137.590393066, 483.201782227, 360.664733887, 752.892089844, 1059.9329834, 923.989562988, 5496.18164062, 3355.37573242, 1130.70922852, 800.333007812, 1916.65820312, 1389.77392578, 6279.78027344, 4197.78662109, 3875.99536133, 1694.31738281, 453.849334717, 453.129211426, 1468.99694824, 711.020812988, 301.675506592, 204.748626709, 133.087539673, 75.8410873413, 27.0720233917, 5.67028903961, 1.07456731796, 0.184270456433, 0.046601369977, 0.00116950483061, 5.04367108078e-07, 1.22772048083e-09, 5.81517112241e-10]
    },
    "gfcc": {
        "mean": [8.6559009552, 99.5637359619, -132.177764893, 67.2177505493, -51.5314254761, 19.507818222, -35.8415145874, 2.31806659698, -17.7739143372, -3.44302892685, -20.9281921387, -8.24228000641, -8.55844974518],
        "cov": [[6841.39648438, -1579.54040527, -252.72593689, -241.156539917, -674.520629883, 370.555328369, -557.674560547, 577.566162109, -416.122924805, 563.785583496, -399.731719971, 397.498291016, -250.273605347], [-1579.54040527, 1447.21142578, -122.893745422, 97.8696975708, 344.836395264, -285.23034668, 404.041229248, -378.650299072, 268.680328369, -370.919067383, 215.363174438, -229.590286255, 139.592346191], [-252.72593689, -122.893745422, 709.616149902, 91.0377883911, 88.8960647583, 147.615615845, -31.8862285614, 163.504669189, -39.8305892944, 72.7590789795, -14.5157394409, 43.5058479309, -31.0054187775], [-241.156539917, 97.8696975708, 91.0377883911, 316.947479248, 95.0581741333, 17.6855697632, 99.2648162842, -50.9717674255, 85.7965316772, -75.3680419922, 49.0345916748, -73.4576568604, 28.3396835327], [-674.520629883, 344.836395264, 88.8960647583, 95.0581741333, 409.461883545, 18.0066890717, 84.9430236816, -40.8113136292, 77.4934310913, -62.070640564, 52.9812660217, -64.2604980469, 15.6310977936], [370.555328369, -285.23034668, 147.615615845, 17.6855697632, 18.0066890717, 214.824447632, -38.9635696411, 116.536811829, -56.4219398499, 73.0537185669, -18.2790622711, 42.2565689087, -31.0721740723], [-557.674560547, 404.041229248, -31.8862285614, 99.2648162842, 84.9430236816, -38.9635696411, 300.788635254, -84.1050872803, 80.4705047607, -144.005172729, 66.7029495239, -77.6974258423, 33.7082023621], [577.566162109, -378.650299072, 163.504669189, -50.9717674255, -40.8113136292, 116.536811829, -84.1050872803, 250.176513672, -66.9153442383, 115.249191284, -74.6892776489, 81.7743606567, -39.9417724609], [-416.122924805, 268.680328369, -39.8305892944, 85.7965316772, 77.4934310913, -56.4219398499, 80.4705047607, -66.9153442383, 158.030807495, -63.1682243347, 47.0108146667, -59.7455673218, 36.495803833], [563.785583496, -370.919067383, 72.7590789795, -75.3680419922, -62.070640564, 73.0537185669, -144.005172729, 115.249191284, -63.1682243347, 205.25579834, -46.217666626, 84.452331543, -55.8439483643], [-399.731719971, 215.363174438, -14.5157394409, 49.0345916748, 52.9812660217, -18.2790622711, 66.7029495239, -74.6892776489, 47.0108146667, -46.217666626, 106.474746704, -27.597536087, 24.9741401672], [397.498291016, -229.590286255, 43.5058479309, -73.4576568604, -64.2604980469, 42.2565689087, -77.6974258423, 81.7743606567, -59.7455673218, 84.452331543, -27.597536087, 118.994125366, -15.6885261536], [-250.273605347, 139.592346191, -31.0054187775, 28.3396835327, 15.6310977936, -31.0721740723, 33.7082023621, -39.9417724609, 36.495803833, -55.8439483643, 24.9741401672, -15.6885261536, 73.7849349976]],
        "icov": [[0.000614937860519, -0.00172124849632, 0.00109306094237, -0.00168007146567, 0.00128691073041, -0.00162604486104, 0.00112390413415, -0.00136238976847, 0.0012171654962, -0.00133115216158, 0.00224717170931, -0.00159070268273, 0.00153015682008], [-0.00172124849632, 0.0104863476008, -0.00448318058625, 0.0081635331735, -0.00616692844778, 0.00806870218366, -0.00619345391169, 0.0065142759122, -0.00632806681097, 0.00672447355464, -0.010133843869, 0.00678175920621, -0.00654514320195], [0.00109306094237, -0.00448318058625, 0.00426669092849, -0.00460381992161, 0.00249158148654, -0.00422064773738, 0.00283055217005, -0.00425149220973, 0.00328625156544, -0.00318355252966, 0.00455113174394, -0.00366317108274, 0.00349638634361], [-0.00168007146567, 0.0081635331735, -0.00460381992161, 0.011421863921, -0.00510088168085, 0.00534080993384, -0.00534871919081, 0.0058572194539, -0.00683646835387, 0.00587700260803, -0.00885579362512, 0.007466040086, -0.00610638037324], [0.00128691073041, -0.00616692844778, 0.00249158148654, -0.00510088168085, 0.00695692794397, -0.00564939109609, 0.00359429698437, -0.00396355474368, 0.00279128109105, -0.00381038244814, 0.00571178505197, -0.00340285757557, 0.0044765798375], [-0.00162604486104, 0.00806870218366, -0.00422064773738, 0.00534080993384, -0.00564939109609, 0.014074863866, -0.00507600558922, 0.00247947429307, -0.00276988954283, 0.00422878470272, -0.00970485899597, 0.00549744348973, -0.00479590939358], [0.00112390413415, -0.00619345391169, 0.00283055217005, -0.00534871919081, 0.00359429698437, -0.00507600558922, 0.00941188447177, -0.00454549212009, 0.00279784947634, -0.000492502003908, 0.00425946526229, -0.00360715878196, 0.00514857424423], [-0.00136238976847, 0.0065142759122, -0.00425149220973, 0.0058572194539, -0.00396355474368, 0.00247947429307, -0.00454549212009, 0.0131706045941, -0.0047200601548, 0.00250221067108, -0.00235997838899, 0.00197093770839, -0.00444527063519], [0.0012171654962, -0.00632806681097, 0.00328625156544, -0.00683646835387, 0.00279128109105, -0.00276988954283, 0.00279784947634, -0.0047200601548, 0.0145851029083, -0.00544636743143, 0.00447958568111, -0.00173774349969, 0.00129424198531], [-0.00133115216158, 0.00672447355464, -0.00318355252966, 0.00587700260803, -0.00381038244814, 0.00422878470272, -0.000492502003908, 0.00250221067108, -0.00544636743143, 0.0160850994289, -0.0076864939183, 0.000808108656202, 0.000976779847406], [0.00224717170931, -0.010133843869, 0.00455113174394, -0.00885579362512, 0.00571178505197, -0.00970485899597, 0.00425946526229, -0.00235997838899, 0.00447958568111, -0.0076864939183, 0.0253582205623, -0.00900375656784, 0.00505707692355], [-0.00159070268273, 0.00678175920621, -0.00366317108274, 0.007466040086, -0.00340285757557, 0.00549744348973, -0.00360715878196, 0.00197093770839, -0.00173774349969, 0.000808108656202, -0.00900375656784, 0.0206661317497, -0.00796915963292], [0.00153015682008, -0.00654514320195, 0.00349638634361, -0.00610638037324, 0.0044765798375, -0.00479590939358, 0.00514857424423, -0.00444527063519, 0.00129424198531, 0.000976779847406, 0.00505707692355, -0.00796915963292, 0.023906879127]]
    },
    "melbands": {
        "dmean": [0.000975652190391, 0.00231525325216, 0.00109226838686, 0.000703607569449, 0.00022044123034, 0.000123678415548, 0.000150100764586, 9.4460658147e-05, 7.9730663856e-05, 6.6126085585e-05, 4.65766315756e-05, 6.568680692e-05, 4.4786487706e-05, 3.00663541566e-05, 3.08471971948e-05, 3.02419557556e-05, 2.85951300611e-05, 2.66978986474e-05, 4.24265417678e-05, 4.47380043624e-05, 2.95293120871e-05, 2.78991956293e-05, 2.10141788557e-05, 1.27278090076e-05, 9.08842594072e-06, 6.54988116366e-06, 8.31253146316e-06, 8.99961833056e-06, 6.72408850733e-06, 5.93462664256e-06, 4.29630108556e-06, 3.41770555679e-06, 2.75428283203e-06, 2.16270109377e-06, 1.66811355484e-06, 1.16312355658e-06, 7.38607582207e-07, 4.64951313006e-07, 2.75596789834e-07, 2.0909885734e-07],
        "dmean2": [0.00158595573157, 0.0039617526345, 0.00189447868615, 0.00121062691323, 0.000371161731891, 0.000212756873225, 0.000248357799137, 0.000156431138748, 0.000131195978611, 0.00010436840239, 7.41281692171e-05, 0.000108383319457, 7.04032427166e-05, 4.62192620034e-05, 4.97638829984e-05, 4.85502278025e-05, 4.59417497041e-05, 4.34905814473e-05, 6.76694980939e-05, 7.16400536476e-05, 4.5825890993e-05, 4.50609441032e-05, 3.26864792441e-05, 2.05121650652e-05, 1.49546503962e-05, 1.09119073386e-05, 1.38447840072e-05, 1.45994217746e-05, 1.04999689938e-05, 9.52085520112e-06, 6.96107190379e-06, 5.52083065486e-06, 4.37900780526e-06, 3.45353782905e-06, 2.68569374384e-06, 1.85618102932e-06, 1.16063836231e-06, 7.34476770958e-07, 4.43475215661e-07, 3.36837388204e-07],
        "dvar": [2.55329996435e-06, 1.76859375642e-05, 2.48188712249e-06, 1.48766594066e-06, 1.23821564557e-07, 7.2972063947e-08, 7.33375244977e-08, 3.03162224213e-08, 3.07485841233e-08, 2.48915572598e-08, 1.01773531824e-08, 3.61099736779e-08, 1.03350092928e-08, 6.10802475265e-09, 2.63487121011e-09, 2.14809792176e-09, 3.80296460989e-09, 1.89128668282e-09, 3.36699268466e-09, 5.1399586809e-09, 3.32318306207e-09, 2.03867700499e-09, 1.33684285863e-09, 3.50931256277e-10, 1.32207203518e-10, 1.06601394378e-10, 2.33336572286e-10, 2.39002928559e-10, 1.11546147319e-10, 7.19168474772e-11, 3.26368064518e-11, 2.71153880599e-11, 1.77315089694e-11, 1.70247392572e-11, 1.14765384696e-11, 6.55499959867e-12, 4.37853139162e-12, 2.31097432857e-12, 8.04682871985e-13, 3.35489963718e-13],
        "dvar2": [6.27022836852e-06, 4.91545288241e-05, 6.90647902957e-06, 4.03040121455e-06, 3.18127803212e-07, 1.98705336629e-07, 1.87110273941e-07, 7.62651453101e-08, 7.74906254719e-08, 5.44403100378e-08, 2.31543229035e-08, 9.37855517691e-08, 2.20768292536e-08, 1.31400810233e-08, 6.5140230987e-09, 5.22784837642e-09, 9.02424268645e-09, 4.85694240382e-09, 8.29270785374e-09, 1.3690276468e-08, 8.43835223918e-09, 5.16387554939e-09, 3.06159120278e-09, 8.44775860376e-10, 3.46305428778e-10, 2.86288937001e-10, 6.73338107493e-10, 6.26385887603e-10, 2.50885451303e-10, 1.84322071495e-10, 8.26495122341e-11, 6.89443155344e-11, 4.23260454463e-11, 3.88178308941e-11, 2.5001115761e-11, 1.34640354421e-11, 1.03369474438e-11, 5.42032608034e-12, 2.04271517236e-12, 8.90090952332e-13],
        "max": [0.0151730822399, 0.0386369936168, 0.0188046731055, 0.0114884637296, 0.00310331815854, 0.00382864405401, 0.00422000046819, 0.00191155413631, 0.00327928340994, 0.00318564707413, 0.00161102274433, 0.00403932668269, 0.0021860091947, 0.00258672330528, 0.000764892494772, 0.000601093575824, 0.0014704434434, 0.000759220740292, 0.000723632227164, 0.00108111964073, 0.00112305325456, 0.000689033709932, 0.000627635919955, 0.000239234388573, 0.000133171444759, 0.000151060870849, 0.000243385788053, 0.000178785587195, 0.000199909089133, 0.000115792536235, 7.16200229363e-05, 7.94025836512e-05, 6.32748269709e-05, 0.00010500492499, 6.45482505206e-05, 4.92146500619e-05, 4.49679464509e-05, 4.99153175042e-05, 2.81960710709e-05, 2.2173167963e-05],
        "mean": [0.00144895608537, 0.0038006787654, 0.00188523449469, 0.000828132033348, 0.0002952425275, 0.000152976484969, 0.000206863158382, 0.000128375118948, 0.000115539995022, 9.36247743084e-05, 7.97279863036e-05, 0.000117541698273, 7.4401476013e-05, 5.35030012543e-05, 4.93034822284e-05, 5.12807637278e-05, 4.70275299449e-05, 4.82053401356e-05, 8.05530289654e-05, 8.07516844361e-05, 5.54656653549e-05, 5.10937534273e-05, 3.98930787924e-05, 2.36065498029e-05, 1.70565526787e-05, 1.23344389067e-05, 1.70122730196e-05, 1.85658609553e-05, 1.42440139825e-05, 1.18300040413e-05, 9.07175945031e-06, 7.46090699977e-06, 6.16152556177e-06, 4.53388565802e-06, 3.28594092025e-06, 2.38399707087e-06, 1.63041909218e-06, 1.01179023204e-06, 6.14096336449e-07, 4.73473505735e-07],
        "median": [0.000871648022439, 0.00298604578711, 0.00148067995906, 0.00048409923329, 0.000157724571181, 7.65871227486e-05, 9.05284687178e-05, 5.59012114536e-05, 4.91441969643e-05, 3.59496443707e-05, 2.72572960966e-05, 2.14922401938e-05, 2.15004783968e-05, 1.76128378371e-05, 2.4186574592e-05, 2.77234994428e-05, 2.0591671273e-05, 2.71435437753e-05, 4.89047306473e-05, 4.68186153739e-05, 2.97985061479e-05, 2.90144253086e-05, 2.12224786083e-05, 1.52382281158e-05, 1.25294673126e-05, 8.29852251627e-06, 8.57882787386e-06, 9.75912553258e-06, 8.39433050714e-06, 6.97875748301e-06, 6.05280411037e-06, 4.44223996965e-06, 3.68739847545e-06, 2.70765781352e-06, 1.45559806697e-06, 1.1879315025e-06, 8.35399475818e-07, 6.92609489761e-07, 4.73993623018e-07, 3.57137565743e-07],
        "min": [4.89378816125e-24, 7.22569767912e-24, 1.36869686307e-23, 7.98127969819e-24, 5.22010599672e-24, 1.04504955842e-23, 6.78268286108e-24, 1.3690573725e-23, 8.41859736277e-24, 8.36016959097e-24, 1.42482226544e-23, 1.00446274373e-23, 6.88267413626e-24, 3.04310213659e-24, 1.42453070245e-23, 1.64936252909e-23, 7.01969375347e-24, 7.06700726398e-24, 7.23699811158e-24, 3.22513179047e-24, 9.61549341578e-24, 6.46406273032e-24, 9.12189683649e-24, 1.17359002531e-23, 4.8430107625e-24, 5.2522583895e-24, 9.64132151067e-24, 1.17399794528e-23, 5.30372012508e-24, 8.44579965337e-24, 1.55248788558e-23, 1.43927861484e-23, 1.0042740482e-23, 1.81753647226e-23, 1.59694319526e-23, 1.34598887082e-23, 1.13661075042e-23, 1.7030705461e-23, 8.17755223571e-24, 1.09764031173e-23],
        "var": [3.29173576574e-06, 1.67533144122e-05, 2.75724573839e-06, 1.30878311211e-06, 1.65981603573e-07, 6.70411566261e-08, 1.09648496505e-07, 4.09978717641e-08, 4.86173732384e-08, 4.02984881021e-08, 2.60244199524e-08, 1.06804357358e-07, 3.09714280888e-08, 1.91809643724e-08, 5.15089970676e-09, 4.73718797522e-09, 8.47429681983e-09, 4.20170209736e-09, 8.52626502734e-09, 1.02693835657e-08, 8.047187805e-09, 4.74306505183e-09, 3.50217987943e-09, 7.88958676168e-10, 3.0042229815e-10, 2.17441134542e-10, 6.10603401174e-10, 6.3183497323e-10, 3.51623841155e-10, 1.94626675887e-10, 9.40783978498e-11, 7.50544973394e-11, 5.32746902149e-11, 4.22185515714e-11, 2.87358435658e-11, 1.78591377797e-11, 8.68448108565e-12, 3.68083168112e-12, 1.28617754468e-12, 6.17596089287e-13]
    },
    "mfcc": {
        "mean": [-619.476013184, 107.587295532, -7.96502065659, 44.6782417297, 10.1700782776, 20.3960647583, -3.85020327568, 6.85630750656, 5.79277086258, 2.25015377998, -3.37332653999, 0.17587800324, -1.19230282307],
        "cov": [[5234.05761719, -1267.00244141, -111.236961365, -545.59552002, -284.121673584, -241.994796753, -207.04107666, -115.760742188, -21.5628166199, 93.3245620728, -76.0636825562, 14.0654582977, -45.534072876], [-1267.00244141, 1161.82128906, -162.291137695, 223.329071045, 46.3421554565, 84.5473556519, 69.9088287354, 59.7196311951, 16.4269180298, -72.3099060059, 34.2557487488, -20.7103748322, 5.60264062881], [-111.236961365, -162.291137695, 565.866516113, 23.2550239563, 65.7083816528, -6.26545286179, 64.4965744019, 57.6824493408, 16.0946750641, 57.2716522217, -0.412101149559, 1.43103051186, 49.0879249573], [-545.59552002, 223.329071045, 23.2550239563, 317.876098633, 48.1877784729, 84.3852996826, 33.5663108826, 59.1834602356, 34.3115158081, 7.96808767319, 11.2546596527, 21.0731658936, -6.11809968948], [-284.121673584, 46.3421554565, 65.7083816528, 48.1877784729, 331.401397705, 48.508731842, 46.1298599243, 10.9881620407, 34.5921440125, 26.006319046, 38.8102722168, 4.49057674408, 36.3352661133], [-241.994796753, 84.5473556519, -6.26545286179, 84.3852996826, 48.508731842, 156.781661987, 45.6619796753, 19.7520942688, -4.05780649185, 5.34457063675, 25.7820930481, 15.479180336, -2.15924215317], [-207.04107666, 69.9088287354, 64.4965744019, 33.5663108826, 46.1298599243, 45.6619796753, 182.386932373, 71.8653717041, 16.4584121704, 3.90271830559, 24.1386508942, 1.37710523605, 12.632443428], [-115.760742188, 59.7196311951, 57.6824493408, 59.1834602356, 10.9881620407, 19.7520942688, 71.8653717041, 144.640762329, 44.5907554626, 18.7355041504, -4.70626544952, -1.32545626163, 12.234459877], [-21.5628166199, 16.4269180298, 16.0946750641, 34.3115158081, 34.5921440125, -4.05780649185, 16.4584121704, 44.5907554626, 92.0135726929, 32.378326416, -2.40622806549, -0.65131342411, 4.34692668915], [93.3245620728, -72.3099060059, 57.2716522217, 7.96808767319, 26.006319046, 5.34457063675, 3.90271830559, 18.7355041504, 32.378326416, 95.3692703247, 15.7845029831, -9.33299255371, 4.63669919968], [-76.0636825562, 34.2557487488, -0.412101149559, 11.2546596527, 38.8102722168, 25.7820930481, 24.1386508942, -4.70626544952, -2.40622806549, 15.7845029831, 81.3978118896, 23.4127540588, -1.02383494377], [14.0654582977, -20.7103748322, 1.43103051186, 21.0731658936, 4.49057674408, 15.479180336, 1.37710523605, -1.32545626163, -0.65131342411, -9.33299255371, 23.4127540588, 73.4993972778, 10.6370773315], [-45.534072876, 5.60264062881, 49.0879249573, -6.11809968948, 36.3352661133, -2.15924215317, 12.632443428, 12.234459877, 4.34692668915, 4.63669919968, -1.02383494377, 10.6370773315, 67.3673553467]],
