{
"lowlevel": {
    "average_loudness": 0.79096955061,
    "barkbands_crest": {
        "dmean": 1.96642327309,
        "dmean2": 3.21513986588,
        "dvar": 5.12159204483,
        "dvar2": 13.518611908,
        "max": 26.5618114471,
        "mean": 8.19221305847,
        "median": 7.33626508713,
        "min": 2.50139808655,
        "var": 13.0922355652
    },
    "barkbands_flatness_db": {
        "dmean": 0.0166548546404,
        "dmean2": 0.0257324241102,
        "dvar": 0.000401831639465,
        "dvar2": 0.000921041180845,
        "max": 0.463235080242,
        "mean": 0.137292534113,
        "median": 0.12368555367,
        "min": 0.0228160191327,
        "var": 0.00418584421277
    },
    "barkbands_kurtosis": {
        "dmean": 3.30492830276,
        "dmean2": 5.21638202667,
        "dvar": 872.484008789,
        "dvar2": 2030.22375488,
        "max": 1392.48803711,
        "mean": 3.98597598076,
        "median": 0.148326396942,
        "min": -1.82798695564,
        "var": 1405.1640625
    },
    "barkbands_skewness": {
        "dmean": 0.466019570827,
        "dmean2": 0.728734016418,
        "dvar": 0.752963006496,
        "dvar2": 1.88314807415,
        "max": 35.4963264465,
        "mean": 1.28640627861,
        "median": 0.980752468109,
        "min": -2.17407155037,
        "var": 2.55328345299
    },
    "barkbands_spread": {
        "dmean": 4.68073415756,
        "dmean2": 7.08448886871,
        "dvar": 33.288028717,
        "dvar2": 72.97290802,
        "max": 101.022033691,
        "mean": 25.4163360596,
        "median": 24.8801841736,
        "min": 0.35993757844,
        "var": 139.196212769
    },
    "dissonance": {
        "dmean": 0.0157166626304,
        "dmean2": 0.0269208792597,
        "dvar": 0.000265119510004,
        "dvar2": 0.000758358801249,
        "max": 0.500000059605,
        "mean": 0.470401525497,
        "median": 0.475987702608,
        "min": 0.313993483782,
        "var": 0.000524493225385
    },
    "dynamic_complexity": 3.42076158524,
    "erbbands_crest": {
        "dmean": 2.12779974937,
        "dmean2": 3.48787927628,
        "dvar": 4.30362129211,
        "dvar2": 10.9994287491,
        "max": 23.093629837,
        "mean": 7.70709466934,
        "median": 6.84901475906,
        "min": 2.47449421883,
        "var": 11.4084434509
    },
    "erbbands_flatness_db": {
        "dmean": 0.0146305654198,
        "dmean2": 0.021326508373,
        "dvar": 0.000261621869868,
        "dvar2": 0.000520895468071,
        "max": 0.353527367115,
        "mean": 0.164350003004,
        "median": 0.153315216303,
        "min": 0.0310430452228,
        "var": 0.00364630087279
    },
    "erbbands_kurtosis": {
        "dmean": 0.667489230633,
        "dmean2": 1.04589235783,
        "dvar": 0.885198712349,
        "dvar2": 2.12440395355,
        "max": 12.8782310486,
        "mean": 0.222960546613,
        "median": -0.21744799614,
        "min": -1.85330843925,
        "var": 2.41448831558
    },
    "erbbands_skewness": {
        "dmean": 0.263429164886,
        "dmean2": 0.414790332317,
        "dvar": 0.0638769865036,
        "dvar2": 0.149650543928,
        "max": 2.6695971489,
        "mean": -0.182430148125,
        "median": -0.19620282948,
        "min": -2.95328998566,
        "var": 0.379258096218
    },
    "erbbands_spread": {
        "dmean": 6.77407550812,
        "dmean2": 10.4580869675,
        "dvar": 58.205821991,
        "dvar2": 142.727813721,
        "max": 121.710510254,
        "mean": 36.4755554199,
        "median": 35.1988868713,
        "min": 5.35392999649,
        "var": 218.273300171
    },
    "hfc": {
        "dmean": 6.58669185638,
        "dmean2": 9.54966640472,
        "dvar": 196.672454834,
        "dvar2": 451.621856689,
        "max": 182.83833313,
        "mean": 22.981924057,
        "median": 14.9643545151,
        "min": 1.09257257854e-16,
        "var": 595.778625488
    },
    "melbands_crest": {
        "dmean": 2.50243258476,
        "dmean2": 4.08219528198,
        "dvar": 6.94234514236,
        "dvar2": 18.0126342773,
        "max": 39.6630249023,
        "mean": 13.1850233078,
        "median": 12.4137926102,
        "min": 1.59983432293,
        "var": 27.0366783142
    },
    "melbands_flatness_db": {
        "dmean": 0.020731491968,
        "dmean2": 0.0318485312164,
        "dvar": 0.000645329244435,
        "dvar2": 0.00146503455471,
        "max": 0.565708696842,
        "mean": 0.203386351466,
        "median": 0.185220062733,
        "min": 0.00372256617993,
        "var": 0.00689691444859
    },
    "melbands_kurtosis": {
        "dmean": 7.3412361145,
        "dmean2": 12.5881357193,
        "dvar": 2323.59741211,
        "dvar2": 7113.76904297,
        "max": 1749.94958496,
        "mean": 12.4093770981,
        "median": 4.33947372437,
        "min": -1.62427318096,
        "var": 2804.43261719
    },
    "melbands_skewness": {
        "dmean": 0.637599050999,
        "dmean2": 1.02144300938,
        "dvar": 1.45665335655,
        "dvar2": 4.12647294998,
        "max": 35.6358680725,
        "mean": 2.46868491173,
        "median": 2.06352686882,
        "min": -0.845698237419,
        "var": 3.94283270836
    },
    "melbands_spread": {
        "dmean": 6.02278089523,
        "dmean2": 9.45037555695,
        "dvar": 50.2882232666,
        "dvar2": 120.207870483,
        "max": 178.345016479,
        "mean": 28.5652751923,
        "median": 28.1610603333,
        "min": 0.347838968039,
        "var": 296.271942139
    },
    "pitch_salience": {
        "dmean": 0.0587767213583,
        "dmean2": 0.0959944799542,
        "dvar": 0.00384412356652,
        "dvar2": 0.0103265102953,
        "max": 0.88700479269,
        "mean": 0.534569442272,
        "median": 0.539158940315,
        "min": 0.0184793956578,
        "var": 0.0123364552855
    },
    "silence_rate_20dB": {
        "dmean": 0,
        "dmean2": 0,
        "dvar": 0,
        "dvar2": 0,
        "max": 1,
        "mean": 1,
        "median": 1,
        "min": 1,
        "var": 0
    },
    "silence_rate_30dB": {
        "dmean": 0.0232198145241,
        "dmean2": 0.0464576072991,
        "dvar": 0.0226801000535,
        "dvar2": 0.0597853288054,
        "max": 1,
        "mean": 0.983365595341,
        "median": 1,
        "min": 0,
        "var": 0.0163576602936
    },
    "silence_rate_60dB": {
        "dmean": 0.0150928795338,
        "dmean2": 0.0301974453032,
        "dvar": 0.0148659655824,
        "dvar2": 0.0378059707582,
        "max": 1,
        "mean": 0.0529980659485,
        "median": 0,
        "min": 0,
        "var": 0.0501881875098
    },
    "spectral_centroid": {
        "dmean": 191.484863281,
        "dmean2": 296.39364624,
        "dvar": 54354.6210938,
        "dvar2": 118372.101562,
        "max": 11649.5361328,
        "mean": 1433.67272949,
        "median": 1437.27990723,
        "min": 183.699081421,
        "var": 620355.5625
    },
    "spectral_complexity": {
        "dmean": 3.17956662178,
        "dmean2": 4.89585733414,
        "dvar": 14.2409210205,
        "dvar2": 26.1488056183,
        "max": 62,
        "mean": 22.2831726074,
        "median": 19,
        "min": 0,
        "var": 154.494384766
    },
    "spectral_decrease": {
        "dmean": 2.40393149831e-09,
        "dmean2": 3.93833587964e-09,
        "dvar": 3.0054846551e-17,
        "dvar2": 7.64797231558e-17,
        "max": 1.11198091275e-28,
        "mean": -6.61517196576e-09,
        "median": -5.06098896125e-09,
        "min": -6.81875746977e-08,
        "var": 4.48633945276e-17
    },
    "spectral_energy": {
        "dmean": 0.00951676350087,
        "dmean2": 0.0154604604468,
        "dvar": 0.00045713208965,
        "dvar2": 0.00115765607916,
        "max": 0.262283146381,
        "mean": 0.0270516779274,
        "median": 0.0206454638392,
        "min": 1.00815900641e-20,
        "var": 0.000715861620847
    },
    "spectral_energyband_high": {
        "dmean": 0.000410377979279,
        "dmean2": 0.0006111068069,
        "dvar": 1.51201084009e-06,
        "dvar2": 3.59028285857e-06,
        "max": 0.0143617969006,
        "mean": 0.000974013470113,
        "median": 0.000343751133187,
        "min": 7.44634045872e-21,
        "var": 2.93214384328e-06
    },
    "spectral_energyband_low": {
        "dmean": 0.00637326389551,
        "dmean2": 0.0107408491895,
        "dvar": 0.000336167082423,
        "dvar2": 0.000875563011505,
        "max": 0.240233510733,
        "mean": 0.0119939204305,
        "median": 0.00599694857374,
        "min": 2.50640026473e-23,
        "var": 0.000378727767384
    },
    "spectral_energyband_middle_high": {
        "dmean": 0.00197896501049,
        "dmean2": 0.00293354107998,
        "dvar": 9.98876384983e-06,
        "dvar2": 2.34902945522e-05,
        "max": 0.0464761778712,
        "mean": 0.00693539110944,
        "median": 0.00437064887956,
        "min": 1.28636672574e-21,
        "var": 5.51401572011e-05
    },
    "spectral_energyband_middle_low": {
        "dmean": 0.00365435378626,
        "dmean2": 0.00610376847908,
        "dvar": 7.391035615e-05,
        "dvar2": 0.000202144612558,
        "max": 0.100228227675,
        "mean": 0.00855166558176,
        "median": 0.0066430401057,
        "min": 2.45712602466e-22,
        "var": 8.54808386066e-05
    },
    "spectral_entropy": {
        "dmean": 0.123381905258,
        "dmean2": 0.186719059944,
        "dvar": 0.023813309148,
        "dvar2": 0.0519735105336,
        "max": 9.81377506256,
        "mean": 7.46956682205,
        "median": 7.55787134171,
        "min": 5.41814184189,
        "var": 0.256872028112
    },
    "spectral_flux": {
        "dmean": 0.0213707983494,
        "dmean2": 0.033265504986,
        "dvar": 0.00128199229948,
        "dvar2": 0.00249343179166,
        "max": 0.364490151405,
        "mean": 0.0752216205001,
        "median": 0.0589859075844,
        "min": 6.58081714122e-11,
        "var": 0.00333856837824
    },
    "spectral_kurtosis": {
        "dmean": 2.69137072563,
        "dmean2": 4.67997980118,
        "dvar": 17.0079097748,
        "dvar2": 54.7729911804,
        "max": 53.5109329224,
        "mean": 6.25073194504,
        "median": 4.35943841934,
        "min": -1.23208999634,
        "var": 32.4122276306
    },
    "spectral_rms": {
        "dmean": 0.000709854182787,
        "dmean2": 0.00111989921425,
        "dvar": 1.50919458974e-06,
        "dvar2": 3.62718014912e-06,
        "max": 0.0159964375198,
        "mean": 0.00464953295887,
        "median": 0.0044879745692,
        "min": 3.13619161023e-12,
        "var": 4.77370895169e-06
    },
    "spectral_rolloff": {
        "dmean": 396.349395752,
        "dmean2": 641.020446777,
        "dvar": 417518.03125,
        "dvar2": 826766.6875,
        "max": 18884.6191406,
        "mean": 1658.36535645,
        "median": 1507.32421875,
        "min": 21.533203125,
        "var": 2321810
    },
    "spectral_skewness": {
        "dmean": 0.274116337299,
        "dmean2": 0.467072874308,
        "dvar": 0.120881602168,
        "dvar2": 0.368511378765,
        "max": 5.34296703339,
        "mean": 1.64714300632,
        "median": 1.55450940132,
        "min": -0.0710110142827,
        "var": 0.343309611082
    },
    "spectral_spread": {
        "dmean": 488506.9375,
        "dmean2": 689618.3125,
        "dvar": 843830132736,
        "dvar2": 1.51042850816e+12,
        "max": 41065028,
        "mean": 4150607.5,
        "median": 3852689.5,
        "min": 1159142,
        "var": 7.553613824e+12
    },
    "spectral_strongpeak": {
        "dmean": 0.426857203245,
        "dmean2": 0.749562561512,
        "dvar": 0.687179267406,
        "dvar2": 1.81189393997,
        "max": 7.17268610001,
        "mean": 0.69734698534,
        "median": 0.338956087828,
        "min": 0,
        "var": 1.05346381664
    },
    "zerocrossingrate": {
        "dmean": 0.00895024836063,
        "dmean2": 0.0102729992941,
        "dvar": 0.000146720936755,
        "dvar2": 0.000158722235938,
        "max": 0.5126953125,
        "mean": 0.0631932243705,
        "median": 0.05908203125,
        "min": 0,
        "var": 0.00171104201581
    },
    "barkbands": {
        "dmean": [9.72177804215e-05, 0.00407493673265, 0.0027488656342, 0.00135889544617, 0.00130774942227, 0.000437664828496, 0.000814988510683, 0.000429068546509, 0.000625211221632, 0.000496782362461, 0.000437431095634, 0.000428023718996, 0.000406400940847, 0.000457307585748, 0.000398881529691, 0.000351383176167, 0.000297427468468, 0.000266954390099, 0.000143089928315, 0.000112261717732, 0.000127629202325, 9.09738519113e-05, 6.75469927955e-05, 6.43055609544e-05, 5.15458850714e-05, 3.93814079871e-05, 1.00319321064e-05],
        "dmean2": [0.0001507299894, 0.00686033302918, 0.00479987030849, 0.00233288528398, 0.00220080954023, 0.000739551906008, 0.00133981998079, 0.000726061291061, 0.000981935765594, 0.000802785914857, 0.000711972126737, 0.000668366265018, 0.000619021884631, 0.000695035501849, 0.000626221648417, 0.0005529463524, 0.000487420562422, 0.000438473885879, 0.000237292915699, 0.000192812090972, 0.000214716026676, 0.000147240440128, 0.000103703139757, 9.56091244007e-05, 7.34180503059e-05, 5.6182147091e-05, 1.42979106386e-05],
        "dvar": [1.00156746896e-07, 0.000202328839805, 4.97117325722e-05, 9.94229503704e-06, 1.1074314898e-05, 1.13796909318e-06, 5.71790451431e-06, 1.59274088674e-06, 2.00195472644e-06, 1.92673564925e-06, 1.40137399285e-06, 7.50432491259e-07, 8.98074404176e-07, 6.888272992e-07, 5.05033369791e-07, 4.20390989575e-07, 2.47289904109e-07, 2.05536053954e-07, 9.93294690943e-08, 1.03996221412e-07, 1.87813824937e-07, 1.15939997158e-07, 4.40900613796e-08, 2.22610125888e-08, 1.70778537978e-08, 1.703545216e-08, 1.5980597956e-09],
        "dvar2": [2.17909430944e-07, 0.000535305065569, 0.000140582385939, 2.75348193099e-05, 3.18888123729e-05, 3.12748329634e-06, 1.46516968016e-05, 4.73790169053e-06, 5.09626852363e-06, 4.86767248731e-06, 3.78231698051e-06, 1.76514686245e-06, 2.088953579e-06, 1.59522051035e-06, 1.23819665987e-06, 9.54465690484e-07, 6.43546684387e-07, 5.07701486185e-07, 2.77618255495e-07, 2.87485420358e-07, 5.05214813984e-07, 2.98099195106e-07, 1.03244133243e-07, 4.61676776808e-08, 3.70973900488e-08, 3.6028897199e-08, 3.3980831482e-09],
        "max": [0.00395976053551, 0.219956710935, 0.0842879414558, 0.0506405383348, 0.0419805422425, 0.0190059747547, 0.0347365625203, 0.017252324149, 0.0304665844887, 0.0274160951376, 0.0300365556031, 0.022441489622, 0.019294379279, 0.0161770358682, 0.00897793658078, 0.0130739975721, 0.00779126910493, 0.00608561979607, 0.00505760218948, 0.00454854406416, 0.00692332349718, 0.00588190881535, 0.0036628623493, 0.00227442174219, 0.0020873947069, 0.00209288811311, 0.000659462995827],
        "mean": [0.000143703597132, 0.00584294646978, 0.00474931159988, 0.00204799114726, 0.0024193841964, 0.000786114309449, 0.00126147281844, 0.000646941014566, 0.00113322259858, 0.000952156435233, 0.000779661233537, 0.000811806123238, 0.000731993932277, 0.000741005700547, 0.000716281181667, 0.000703222118318, 0.000627492321655, 0.000565900583751, 0.000309158262098, 0.000188221718417, 0.000226311341976, 0.000157135800691, 0.000160108698765, 0.000186963021406, 0.000100492899946, 5.18204615219e-05, 1.08759522846e-05],
        "median": [1.24352909552e-05, 0.00252218754031, 0.00230687716976, 0.00107503577601, 0.00161414616741, 0.000487562356284, 0.000471248349641, 0.000313944095979, 0.000551938312128, 0.000183040785487, 0.000268073141342, 0.000365023501217, 0.00030897220131, 0.000354036455974, 0.000282137683826, 0.000286139722448, 0.000224510484259, 0.000225697935093, 0.000100106619357, 8.53072342579e-05, 8.98337748367e-05, 4.56809102616e-05, 2.67604027613e-05, 1.4510517758e-05, 7.15119176675e-06, 3.43909459843e-06, 1.04616091789e-07],
        "min": [1.30078331498e-24, 5.97827429627e-24, 3.11635674632e-24, 5.82349978667e-24, 2.0021780446e-23, 2.50869095903e-23, 2.91743008628e-23, 2.18396173165e-23, 2.2242209324e-23, 1.93306846505e-23, 3.08685342735e-23, 2.63466683911e-23, 5.37125545381e-23, 3.05835093621e-23, 6.60292102453e-23, 6.4824562845e-23, 1.03238138314e-22, 1.2103003144e-22, 1.59959193774e-22, 1.62105930422e-22, 3.1393294014e-22, 3.28905191955e-22, 5.53569117447e-22, 6.665088565e-22, 1.09248960538e-21, 1.45887770626e-21, 1.94271646742e-21],
        "var": [1.3283678868e-07, 0.00018473037926, 5.72630124225e-05, 9.70760902419e-06, 1.05941535367e-05, 1.27876830902e-06, 6.63773153065e-06, 1.378281695e-06, 3.11026656163e-06, 5.93743015997e-06, 3.32388299285e-06, 1.97380404643e-06, 2.18381478589e-06, 1.25305734855e-06, 1.19646745134e-06, 1.35608695473e-06, 7.61450223763e-07, 5.61291358281e-07, 1.85481965786e-07, 1.20652046576e-07, 2.14216484551e-07, 1.42773885159e-07, 1.22022839832e-07, 1.41820223121e-07, 3.77069255819e-08, 2.34028547652e-08, 2.0511286003e-09]
    },
    "erbbands": {
        "dmean": [0.100899897516, 1.00172138214, 2.83490896225, 4.22547245026, 4.68243789673, 4.28354883194, 3.01868367195, 4.26935338974, 10.3903627396, 11.5077562332, 9.0036315918, 11.7294473648, 17.7861480713, 16.8312397003, 15.2634334564, 15.2388296127, 17.2743453979, 20.4946498871, 20.6590309143, 18.8721523285, 18.0182647705, 16.8858261108, 14.837937355, 8.91915416718, 6.14897584915, 4.79283285141, 4.79077100754, 5.24358558655, 3.41282129288, 2.76154327393, 1.769577384, 1.20183134079, 1.23368453979, 0.7153673172, 0.301999330521, 0.180611178279, 0.0716097950935, 0.0150821050629, 0.00178776099347, 7.5826086686e-05],
        "dmean2": [0.166737303138, 1.72426688671, 4.97005033493, 7.23581600189, 7.96042346954, 7.3046708107, 4.90625810623, 7.16629838943, 16.9016838074, 19.9501628876, 14.5676631927, 18.2841281891, 29.0005741119, 26.3985729218, 24.4846324921, 23.6665782928, 26.2560195923, 30.7761173248, 32.0447654724, 29.0374298096, 29.264793396, 27.478559494, 24.3664646149, 14.5091142654, 10.1957902908, 8.18262863159, 7.9810833931, 8.90982913971, 5.57936906815, 4.33436441422, 2.66415596008, 1.84592223167, 1.82671701908, 1.00681853294, 0.44679710269, 0.26365095377, 0.10368757695, 0.0216766428202, 0.00260371644981, 0.000111672394269],
        "dvar": [0.124785974622, 12.4391174316, 56.8564834595, 114.245498657, 115.747680664, 133.266326904, 47.0449142456, 120.184898376, 824.356323242, 1699.32434082, 517.157897949, 702.769226074, 2820.59814453, 2516.84277344, 1292.390625, 988.431762695, 1749.66491699, 1480.42687988, 1331.05859375, 1259.28479004, 948.136901855, 766.68762207, 627.183837891, 341.0440979, 199.889862061, 232.821304321, 269.800872803, 309.116943359, 153.916595459, 102.841575623, 28.0528736115, 8.63044261932, 8.85300064087, 3.32678151131, 0.842060208321, 0.365897744894, 0.0564723052084, 0.00275938794948, 5.44659742445e-05, 9.81221930374e-08],
        "dvar2": [0.31472209096, 34.0052642822, 162.951797485, 316.371917725, 331.9453125, 382.584259033, 129.159484863, 323.870361328, 2042.72900391, 4765.38427734, 1445.10253906, 1734.09753418, 7514.50488281, 6238.63671875, 3527.5559082, 2477.28564453, 3977.93701172, 3523.35546875, 3165.9909668, 2851.52636719, 2277.11914062, 1960.9197998, 1567.71289062, 904.636657715, 541.658630371, 648.166442871, 728.972900391, 840.653686523, 395.815246582, 259.766448975, 66.0102462769, 19.654006958, 18.3708057404, 6.99763774872, 1.95437908173, 0.816640913486, 0.119105227292, 0.00570825487375, 0.000117762996524, 2.25937824894e-07],
        "max": [4.92004871368, 52.6144065857, 84.6563873291, 187.14616394, 112.512565613, 157.067169189, 104.341804504, 207.429199219, 506.609985352, 602.723449707, 430.747344971, 655.839233398, 1049.6652832, 1137.17382812, 796.671203613, 775.731872559, 1042.85412598, 634.132385254, 678.633728027, 774.163879395, 570.489746094, 454.603393555, 366.766357422, 308.650054932, 238.779891968, 227.243972778, 228.630844116, 294.00213623, 193.61630249, 162.313796997, 82.7079162598, 38.4631195068, 54.5414848328, 39.9678878784, 16.4463825226, 12.055431366, 3.86941194534, 0.959332883358, 0.12711776793, 0.00687436154112],
        "mean": [0.136474326253, 1.43905735016, 4.9652428627, 7.06759929657, 7.70933866501, 7.60592746735, 6.11408615112, 7.6576833725, 17.005022049, 15.7389507294, 16.060880661, 22.3711662292, 31.6728572845, 34.0588378906, 29.9496135712, 30.7779560089, 34.2626266479, 34.6701469421, 37.2514266968, 39.1810646057, 38.5713882446, 37.9637260437, 33.0587120056, 20.8409042358, 13.0213661194, 8.09345245361, 7.99114465714, 9.10072422028, 5.93274068832, 5.71035289764, 3.97268915176, 3.1923763752, 3.46507191658, 1.60568106174, 0.485602736473, 0.240492075682, 0.093272164464, 0.0186125207692, 0.00193079037126, 0.000101591998828],
        "median": [0.0612994879484, 0.621610939503, 2.37307977676, 3.55008935928, 4.78114748001, 4.17804765701, 3.83294963837, 4.64401245117, 5.43103694916, 7.13343429565, 8.57476043701, 10.4448041916, 9.50325107574, 9.58562278748, 11.2858657837, 14.2355232239, 15.7138767242, 16.9931659698, 17.8291759491, 16.2176494598, 16.6618595123, 15.5715055466, 13.0509595871, 6.86635351181, 5.91029500961, 3.58752560616, 2.86414861679, 3.5189948082, 1.87557709217, 1.04088270664, 0.613041579723, 0.357509285212, 0.21859331429, 0.107770130038, 0.0432015173137, 0.0219853855669, 0.00507136294618, 0.000627975794487, 3.19630707963e-05, 2.9319564419e-05],
        "min": [2.61298802636e-22, 1.13213167078e-21, 4.34351368351e-21, 2.20408768875e-20, 2.66407313387e-20, 5.12737176161e-20, 8.4876130237e-20, 1.48336179599e-19, 2.070698288e-19, 5.07967478266e-19, 6.25521372139e-19, 5.72324559765e-19, 5.46712411363e-19, 9.21933841528e-19, 1.84123973025e-18, 1.28434079644e-18, 3.18004933605e-18, 2.07527021865e-18, 3.49318496758e-18, 5.23952619526e-18, 5.0617663224e-18, 6.18577614827e-18, 7.64510514214e-18, 7.39425931266e-18, 8.04634564187e-18, 8.80522512406e-18, 8.85874949996e-18, 1.32395683344e-17, 1.29404490715e-17, 1.24462615951e-17, 1.58429373327e-17, 1.47774873447e-17, 1.08407453852e-17, 8.39748546626e-18, 8.52029366308e-18, 5.08782168451e-18, 2.71070126622e-18, 1.15713396331e-18, 2.58525529382e-19, 2.50669232881e-20],
        "var": [0.117167264223, 10.8176107407, 62.7637748718, 116.88583374, 111.16859436, 132.176422119, 60.5861701965, 135.734848022, 1220.20336914, 1349.890625, 618.046875, 1282.63061523, 5519.62792969, 7552.50439453, 3170.61206055, 2595.10644531, 4760.80029297, 2699.35131836, 2648.38256836, 4101.41259766, 3109.3137207, 2582.3293457, 1862.70324707, 803.35559082, 327.540313721, 250.56539917, 314.054962158, 336.826171875, 190.272659302, 179.44619751, 70.6280441284, 37.887386322, 54.0973396301, 10.2215147018, 1.16076564789, 0.465690493584, 0.0781720131636, 0.00386075582355, 6.83607795509e-05, 1.11133559244e-07]
    },
    "gfcc": {
        "mean": [-13.5701913834, 107.379180908, -128.557495117, 30.9997615814, -39.0178337097, 13.8454065323, -35.165397644, 5.6872792244, -23.4525051117, -2.47446417809, -19.5331192017, -4.6348991394, -13.663860321],
        "cov": [[15072.71875, -2494.88818359, 260.588256836, 710.757629395, -1713.61242676, 1124.68432617, -803.988891602, 921.652282715, 25.4097690582, 269.191040039, -100.174606323, 533.310302734, -90.6149978638], [-2494.88818359, 2070.06274414, -760.468139648, -152.085296631, 747.412658691, -516.679443359, 335.850646973, -346.233551025, -21.7611427307, -189.449478149, 60.9668617249, -310.224029541, 41.1343231201], [260.588256836, -760.468139648, 1351.65930176, -5.53335762024, -12.9164762497, 414.441162109, -102.13432312, 254.057632446, 80.8069381714, 225.714370728, 66.0645523071, 217.873718262, -60.0501747131], [710.757629395, -152.085296631, -5.53335762024, 317.485229492, -193.266662598, 75.601524353, -45.9320869446, 48.5353393555, 49.5555725098, 0.395674526691, 6.20774650574, 26.9370918274, 17.1725196838], [-1713.61242676, 747.412658691, -12.9164762497, -193.266662598, 666.022460938, -198.501144409, 184.087509155, -97.8592681885, -11.2789916992, -23.3235588074, 44.3097496033, -123.268165588, 5.43466281891], [1124.68432617, -516.679443359, 414.441162109, 75.601524353, -198.501144409, 397.67755127, -70.5096054077, 170.414306641, 31.0956478119, 64.5146331787, 20.2221488953, 107.012687683, -21.9036998749], [-803.988891602, 335.850646973, -102.13432312, -45.9320869446, 184.087509155, -70.5096054077, 237.878646851, -67.866645813, -6.02070617676, -52.0289344788, -1.27475905418, -54.1159896851, 0.246987968683], [921.652282715, -346.233551025, 254.057632446, 48.5353393555, -97.8592681885, 170.414306641, -67.866645813, 301.268951416, 73.9981231689, 45.0406265259, 39.3219680786, 93.7682571411, 23.7513656616], [25.4097690582, -21.7611427307, 80.8069381714, 49.5555725098, -11.2789916992, 31.0956478119, -6.02070617676, 73.9981231689, 106.085540771, 31.2630405426, 27.3279743195, 8.56276798248, 13.9012155533], [269.191040039, -189.449478149, 225.714370728, 0.395674526691, -23.3235588074, 64.5146331787, -52.0289344788, 45.0406265259, 31.2630405426, 142.932022095, 26.7245845795, 46.793296814, -26.3178520203], [-100.174606323, 60.9668617249, 66.0645523071, 6.20774650574, 44.3097496033, 20.2221488953, -1.27475905418, 39.3219680786, 27.3279743195, 26.7245845795, 93.749168396, 17.514547348, 16.1777534485], [533.310302734, -310.224029541, 217.873718262, 26.9370918274, -123.268165588, 107.012687683, -54.1159896851, 93.7682571411, 8.56276798248, 46.793296814, 17.514547348, 140.720947266, 10.7630367279], [-90.6149978638, 41.1343231201, -60.0501747131, 17.1725196838, 5.43466281891, -21.9036998749, 0.246987968683, 23.7513656616, 13.9012155533, -26.3178520203, 16.1777534485, 10.7630367279, 71.3818283081]],
        "icov": [[0.000152874185005, -5.69741787331e-05, 0.000198972004, -0.000160825045896, 0.000126881088363, -0.000308249494992, 0.000235957180848, -0.00041067879647, 0.000277979124803, -0.0002727942192, 0.000246151466854, -0.000251470366493, 0.000291974982247], [-5.69741787331e-05, 0.00161818997003, 0.000356262840796, -0.00014062030823, -0.00126416306011, 0.000571781012695, -0.000596473983023, 0.000869434850756, -0.000761340430472, 0.000895320030395, -0.00144178525079, 0.00083634420298, -7.7923941717e-06], [0.000198972004, 0.000356262840796, 0.00220855860971, -0.000175091801793, -0.00108740595169, -0.00171005132142, 0.000473704509204, -0.000448316743132, -0.000506926618982, -0.00142550526652, 0.000212022758205, -0.00216238433495, 0.00150409596972], [-0.000160825045896, -0.00014062030823, -0.000175091801793, 0.00448514334857, 0.00126779323909, -0.000180195929715, -0.000207005010452, 0.000658480159473, -0.00218019750901, 0.000607352529187, -0.000551115605049, 0.000518894346897, -0.00102445494849], [0.000126881088363, -0.00126416306011, -0.00108740595169, 0.00126779323909, 0.00442432146519, 0.000849071133416, -0.00120925984811, -0.00110761774704, 0.00122372293845, -0.000941879989114, -0.000515816558618, 0.0020409997087, -0.000810222816654], [-0.000308249494992, 0.000571781012695, -0.00171005132142, -0.000180195929715, 0.000849071133416, 0.00611558044329, -0.00118423078675, -0.000765251927078, 0.000226477786782, 0.0012695878977, -0.00161339272745, 0.000977663323283, 0.000596851226874], [0.000235957180848, -0.000596473983023, 0.000473704509204, -0.000207005010452, -0.00120925984811, -0.00118423078675, 0.00662252632901, 9.4120419817e-05, -0.000641764141619, 0.00133072771132, 0.00100013474002, -0.00120784284081, 0.00133707257919], [-0.00041067879647, 0.000869434850756, -0.000448316743132, 0.000658480159473, -0.00110761774704, -0.000765251927078, 9.4120419817e-05, 0.0076027312316, -0.00457481108606, 0.00182861927897, -0.00181560090277, -0.0013229259057, -0.00206236727536], [0.000277979124803, -0.000761340430472, -0.000506926618982, -0.00218019750901, 0.00122372293845, 0.000226477786782, -0.000641764141619, -0.00457481108606, 0.015286824666, -0.00394295156002, -0.00089462462347, 0.00283716758713, -0.00226538791321], [-0.0002727942192, 0.000895320030395, -0.00142550526652, 0.000607352529187, -0.000941879989114, 0.0012695878977, 0.00133072771132, 0.00182861927897, -0.00394295156002, 0.0128229930997, -0.00345928152092, -0.00130727095529, 0.00411738408729], [0.000246151466854, -0.00144178525079, 0.000212022758205, -0.000551115605049, -0.000515816558618, -0.00161339272745, 0.00100013474002, -0.00181560090277, -0.00089462462347, -0.00345928152092, 0.0152758732438, -0.00246284296736, -0.00259279157035], [-0.000251470366493, 0.00083634420298, -0.00216238433495, 0.000518894346897, 0.0020409997087, 0.000977663323283, -0.00120784284081, -0.0013229259057, 0.00283716758713, -0.00130727095529, -0.00246284296736, 0.0155625026673, -0.00497901206836], [0.000291974982247, -7.7923941717e-06, 0.00150409596972, -0.00102445494849, -0.000810222816654, 0.000596851226874, 0.00133707257919, -0.00206236727536, -0.00226538791321, 0.00411738408729, -0.00259279157035, -0.00497901206836, 0.020120093599]]
    },
    "melbands": {
        "dmean": [0.00101851508953, 0.00139350618701, 0.000711413100362, 0.000326284207404, 0.000115376729809, 9.95296868496e-05, 0.000155236382852, 0.000119095988339, 7.42690972402e-05, 8.37209227029e-05, 9.06764253159e-05, 6.99924567016e-05, 5.19753120898e-05, 4.94761916343e-05, 4.68342805107e-05, 4.32081615145e-05, 3.84424165532e-05, 3.81438367185e-05, 3.13488708343e-05, 2.46616273216e-05, 2.26499323617e-05, 1.98207235371e-05, 1.67849175341e-05, 1.20751128634e-05, 7.77336299507e-06, 5.16913587489e-06, 4.70242230222e-06, 3.18145748679e-06, 3.11731787406e-06, 3.43675515069e-06, 3.02179319078e-06, 2.05447872759e-06, 1.80051438292e-06, 1.6348144527e-06, 1.12391069251e-06, 8.64599087436e-07, 7.80379991738e-07, 9.22327956232e-07, 8.57642419305e-07, 5.72167436985e-07],
        "dmean2": [0.00169925228693, 0.00241441652179, 0.00122530956287, 0.000554061261937, 0.000188222693396, 0.000167575213709, 0.000252517638728, 0.000205807955354, 0.000119229596748, 0.000130841406644, 0.000148090170114, 0.000109544118459, 8.44927781145e-05, 7.89811238064e-05, 6.94346526871e-05, 6.61586673232e-05, 5.82863176533e-05, 5.93193180976e-05, 4.94828163937e-05, 3.87267500628e-05, 3.72062277165e-05, 3.25226392306e-05, 2.7954525649e-05, 1.96591608983e-05, 1.27445282487e-05, 8.64132653078e-06, 7.96558833827e-06, 5.45666489415e-06, 5.19360128237e-06, 5.77853279538e-06, 5.17718626725e-06, 3.41665213455e-06, 2.87360717266e-06, 2.60944420916e-06, 1.72580564595e-06, 1.36158553232e-06, 1.18480875244e-06, 1.40471468058e-06, 1.23546692521e-06, 8.21145079044e-07],
        "dvar": [1.27647044792e-05, 1.59199989866e-05, 2.76105538433e-06, 7.24309870748e-07, 7.12287899773e-08, 6.40629238546e-08, 1.84560363437e-07, 1.72386904751e-07, 3.6048142249e-08, 3.75085598137e-08, 7.06987393073e-08, 4.12782554804e-08, 1.62615787502e-08, 1.2650998471e-08, 7.15913195393e-09, 1.08085709272e-08, 5.16773290826e-09, 4.92684604225e-09, 3.30038729679e-09, 2.59032684191e-09, 1.56005131036e-09, 1.06246123011e-09, 7.86204767955e-10, 4.47348519339e-10, 2.64898103453e-10, 1.26355231833e-10, 1.13658756018e-10, 1.05533096151e-10, 1.11320695717e-10, 1.25333424195e-10, 1.02731316509e-10, 5.22935306169e-11, 4.87355746037e-11, 3.04987875233e-11, 1.10613376098e-11, 5.71486738141e-12, 3.18462660756e-12, 5.12476476186e-12, 5.47970349651e-12, 2.01540520384e-12],
        "dvar2": [3.29626018356e-05, 4.47179154435e-05, 7.69324560679e-06, 2.08233086596e-06, 1.95673891312e-07, 1.75008722181e-07, 4.61712176048e-07, 4.92537424179e-07, 9.87506041383e-08, 9.3809525481e-08, 1.88327106798e-07, 1.01514622486e-07, 4.28457340718e-08, 2.95559772212e-08, 1.52859040981e-08, 2.55864271992e-08, 1.22970673644e-08, 1.16673977146e-08, 8.04721800307e-09, 5.78078651614e-09, 4.00713506821e-09, 2.72839995041e-09, 2.09403649976e-09, 1.09707720686e-09, 7.23139714776e-10, 3.51532331022e-10, 3.07125630483e-10, 2.96290464386e-10, 3.01292685245e-10, 3.43503225864e-10, 2.79971046346e-10, 1.37409500445e-10, 1.22936258395e-10, 7.76577274708e-11, 2.61755912084e-11, 1.38017149792e-11, 7.39799888017e-12, 1.12122290619e-11, 1.16264515376e-11, 4.42913414278e-12],
        "max": [0.0550088323653, 0.0429579950869, 0.0268424339592, 0.0111543349922, 0.00399338593706, 0.0043305484578, 0.00661979429424, 0.00535710947588, 0.00410530529916, 0.00497884536162, 0.00508590834215, 0.00418998114765, 0.00265044346452, 0.00345606030896, 0.00168039416894, 0.00223249592818, 0.0010243030265, 0.00156252365559, 0.000778124143835, 0.00135473068804, 0.000662665755954, 0.000493796484079, 0.000386313797208, 0.000288657465717, 0.000275009428151, 0.000170496641658, 0.000140670570545, 0.000144610181451, 0.000149097657413, 0.000169060644112, 0.000167019839864, 0.000104732906038, 0.00013610359747, 9.9419914477e-05, 5.61870838283e-05, 3.13759519486e-05, 2.70764558081e-05, 3.88780754292e-05, 6.48653731332e-05, 2.90415318887e-05],
        "mean": [0.00142914790194, 0.00244698347524, 0.00125435856171, 0.000559489475563, 0.000239235567278, 0.000177870169864, 0.000250904820859, 0.00016317673726, 0.000130826054374, 0.000152993336087, 0.000158565759193, 0.000137305236422, 0.000100644705526, 8.77136044437e-05, 8.55524049257e-05, 7.46159275877e-05, 6.16052711848e-05, 6.06594585406e-05, 5.73100041947e-05, 4.73898617201e-05, 4.37117450929e-05, 3.95239439968e-05, 3.46524502675e-05, 2.43691374635e-05, 1.64105913427e-05, 1.02410858744e-05, 8.0551026258e-06, 4.637958682e-06, 4.68231382911e-06, 5.63561616218e-06, 5.02410421177e-06, 3.34687979375e-06, 2.87818420475e-06, 3.43004262504e-06, 2.3558079647e-06, 1.81425275514e-06, 2.01089028451e-06, 2.6114494176e-06, 1.90908849618e-06, 1.17217371098e-06],
        "median": [0.000634099531453, 0.00118636572734, 0.000720438198186, 0.000336565659381, 0.000161546689924, 0.000106365274405, 9.31819740799e-05, 7.81454655225e-05, 6.55005715089e-05, 7.05011480022e-05, 4.58037029603e-05, 3.65021987818e-05, 3.61770180461e-05, 3.59587866114e-05, 3.84435516025e-05, 3.01228828903e-05, 2.88846022158e-05, 2.67447430815e-05, 2.12194518099e-05, 1.84862201422e-05, 1.72583095264e-05, 1.52667998918e-05, 1.18954594654e-05, 9.740857422e-06, 4.98303734275e-06, 3.85260909752e-06, 3.82006419386e-06, 1.80301583441e-06, 1.17699244129e-06, 1.98035195353e-06, 1.87691296105e-06, 1.11770896183e-06, 6.11273321738e-07, 5.20901380696e-07, 3.33842251621e-07, 2.64459401933e-07, 1.67574938814e-07, 1.55698060667e-07, 1.27500015878e-07, 7.24222388726e-08],
        "min": [1.8809287824e-24, 2.99926375558e-24, 3.47885529278e-24, 3.89446587184e-24, 3.18053787792e-24, 3.55986223585e-24, 3.97153363797e-24, 5.16649816505e-24, 5.36117996456e-24, 3.04667962079e-24, 2.414906757e-24, 3.49627491929e-24, 5.45594700839e-24, 2.92903462463e-24, 5.12294397118e-24, 5.79515838093e-24, 3.25936815654e-24, 5.40470418171e-24, 5.34810775049e-24, 2.99703088478e-24, 5.01410838196e-24, 5.87474300778e-24, 6.08040417337e-24, 5.5070166801e-24, 4.93673098792e-24, 5.96473547099e-24, 4.68840822458e-24, 5.40865361383e-24, 5.25153973721e-24, 6.29968226147e-24, 7.49956573072e-24, 7.0182564489e-24, 6.31631105492e-24, 7.13053817698e-24, 9.24209162832e-24, 8.23688009781e-24, 9.54539286916e-24, 7.39879663869e-24, 7.37858523344e-24, 7.12732356879e-24],
        "var": [1.1848667782e-05, 1.65666679095e-05, 2.9374409678e-06, 6.65737786676e-07, 9.01804284581e-08, 7.07384160137e-08, 2.51498448733e-07, 1.34483514103e-07, 4.63797000805e-08, 6.3228000613e-08, 1.43037112821e-07, 1.23341251879e-07, 4.13616625394e-08, 2.89982988733e-08, 2.07253059159e-08, 2.45277718136e-08, 9.09707065233e-09, 8.63795790451e-09, 8.92003892972e-09, 7.85691778304e-09, 4.25812585192e-09, 3.03955971503e-09, 2.42562103736e-09, 1.0667676742e-09, 5.55997581309e-10, 2.11114584148e-10, 1.61497301643e-10, 1.06114964038e-10, 1.32631919336e-10, 1.34436059507e-10, 1.0849617732e-10, 6.04852001818e-11, 6.00440114296e-11, 6.65153487844e-11, 2.65210856748e-11, 1.35361635095e-11, 1.62985024782e-11, 3.46207229551e-11, 1.67289654351e-11, 5.57257798933e-12]
    },
    "mfcc": {
        "mean": [-648.557800293, 134.267852783, -17.8731975555, 20.7930030823, 13.4501256943, 9.11811542511, 2.43006801605, 5.45111083984, 1.17649412155, -1.05425941944, 0.0374509394169, -0.92017686367, -5.66018199921],
        "cov": [[8954.20117188, -2231.43457031, 1022.37017822, -176.456436157, -338.109405518, -186.966293335, -279.731079102, 345.102386475, 274.81137085, 1.5875005722, 136.926269531, 184.121414185, 80.9859085083], [-2231.43457031, 1674.16467285, -611.664489746, 197.790023804, 200.341506958, 58.4559364319, 207.154724121, -85.0281600952, -61.674446106, 36.243560791, 0.369115978479, -40.5091934204, 9.28282928467], [1022.37017822, -611.664489746, 985.877807617, -136.936553955, 101.848396301, 94.2126541138, -24.769197464, 117.269866943, 48.6995582581, 56.6088447571, 114.004211426, 86.0426940918, 99.1951065063], [-176.456436157, 197.790023804, -136.936553955, 303.429992676, -36.7023162842, 24.7132301331, -25.9404354095, -19.5500907898, 8.22318458557, -8.85126209259, -8.29109191895, 22.5329341888, 18.7891330719], [-338.109405518, 200.341506958, 101.848396301, -36.7023162842, 349.129333496, -43.2423934937, 99.7589950562, -0.377468377352, 34.5350761414, 54.8183670044, 40.032119751, 26.4798965454, 76.9208984375], [-186.966293335, 58.4559364319, 94.2126541138, 24.7132301331, -43.2423934937, 229.922286987, 22.0274448395, -4.16819906235, -40.8601264954, 20.8247108459, 17.7470569611, -7.22453975677, -25.6261043549], [-279.731079102, 207.154724121, -24.769197464, -25.9404354095, 99.7589950562, 22.0274448395, 189.239425659, 41.838180542, 20.0961360931, 15.9876050949, 24.4629993439, 11.2106485367, 26.2968788147], [345.102386475, -85.0281600952, 117.269866943, -19.5500907898, -0.377468377352, -4.16819906235, 41.838180542, 168.850601196, 62.7872467041, 8.92401123047, 5.92901420593, 19.059009552, 12.8252983093], [274.81137085, -61.674446106, 48.6995582581, 8.22318458557, 34.5350761414, -40.8601264954, 20.0961360931, 62.7872467041, 112.677955627, 28.4187812805, 14.9345579147, 19.5122146606, 28.8532161713], [1.5875005722, 36.243560791, 56.6088447571, -8.85126209259, 54.8183670044, 20.8247108459, 15.9876050949, 8.92401123047, 28.4187812805, 102.420661926, 47.0131530762, -1.5233014822, 10.2554540634], [136.926269531, 0.369115978479, 114.004211426, -8.29109191895, 40.032119751, 17.7470569611, 24.4629993439, 5.92901420593, 14.9345579147, 47.0131530762, 103.12789917, 39.0303382874, 19.5228290558], [184.121414185, -40.5091934204, 86.0426940918, 22.5329341888, 26.4798965454, -7.22453975677, 11.2106485367, 19.059009552, 19.5122146606, -1.5233014822, 39.0303382874, 91.6321029663, 45.3949775696], [80.9859085083, 9.28282928467, 99.1951065063, 18.7891330719, 76.9208984375, -25.6261043549, 26.2968788147, 12.8252983093, 28.8532161713, 10.2554540634, 19.5228290558, 45.3949775696, 122.571815491]],
