{
"lowlevel": {
    "average_loudness": 0.811737477779,
    "barkbands_crest": {
        "dmean": 2.52623820305,
        "dmean2": 4.04042673111,
        "dvar": 5.56039333344,
        "dvar2": 15.380689621,
        "max": 23.8213481903,
        "mean": 9.77470397949,
        "median": 8.99278926849,
        "min": 2.30097961426,
        "var": 17.4559688568
    },
    "barkbands_flatness_db": {
        "dmean": 0.0226111393422,
        "dmean2": 0.0332257002592,
        "dvar": 0.000500352936797,
        "dvar2": 0.00100699544419,
        "max": 0.369520455599,
        "mean": 0.128743886948,
        "median": 0.122078306973,
        "min": 0.0438628457487,
        "var": 0.00180466764141
    },
    "barkbands_kurtosis": {
        "dmean": 2.25192308426,
        "dmean2": 3.54642629623,
        "dvar": 10.4728469849,
        "dvar2": 24.4315681458,
        "max": 44.4974822998,
        "mean": 2.75140357018,
        "median": 1.16458415985,
        "min": -1.83006966114,
        "var": 21.5662670135
    },
    "barkbands_skewness": {
        "dmean": 0.533510565758,
        "dmean2": 0.812882125378,
        "dvar": 0.286011606455,
        "dvar2": 0.628652632236,
        "max": 5.78549814224,
        "mean": 1.3879314661,
        "median": 1.32579708099,
        "min": -3.42382860184,
        "var": 1.01462292671
    },
    "barkbands_spread": {
        "dmean": 7.4248418808,
        "dmean2": 11.1265277863,
        "dvar": 70.861618042,
        "dvar2": 143.104721069,
        "max": 108.604133606,
        "mean": 27.3845500946,
        "median": 25.7975540161,
        "min": 2.69649744034,
        "var": 191.144546509
    },
    "dissonance": {
        "dmean": 0.0161532387137,
        "dmean2": 0.0273171700537,
        "dvar": 0.000285837100819,
        "dvar2": 0.000788945064414,
        "max": 0.500000119209,
        "mean": 0.473003804684,
        "median": 0.479291826487,
        "min": 0.279945462942,
        "var": 0.000511461461429
    },
    "dynamic_complexity": 6.57307720184,
    "erbbands_crest": {
        "dmean": 2.68833398819,
        "dmean2": 4.34457015991,
        "dvar": 7.93774032593,
        "dvar2": 18.5281562805,
        "max": 31.8982486725,
        "mean": 8.08034896851,
        "median": 6.655626297,
        "min": 2.13843631744,
        "var": 21.6342468262
    },
    "erbbands_flatness_db": {
        "dmean": 0.0198287572712,
        "dmean2": 0.0275701414794,
        "dvar": 0.000443290016847,
        "dvar2": 0.000856576196384,
        "max": 0.331718623638,
        "mean": 0.136095330119,
        "median": 0.128288716078,
        "min": 0.0639637336135,
        "var": 0.00166630605236
    },
    "erbbands_kurtosis": {
        "dmean": 0.932871341705,
        "dmean2": 1.44507956505,
        "dvar": 2.67455720901,
        "dvar2": 5.57586622238,
        "max": 48.2269058228,
        "mean": 0.459359943867,
        "median": -0.229378223419,
        "min": -1.8160970211,
        "var": 5.93440294266
    },
    "erbbands_skewness": {
        "dmean": 0.358945220709,
        "dmean2": 0.54777187109,
        "dvar": 0.124341569841,
        "dvar2": 0.292061179876,
        "max": 3.12761116028,
        "mean": 0.188258767128,
        "median": 0.152115568519,
        "min": -2.67405390739,
        "var": 0.403841048479
    },
    "erbbands_spread": {
        "dmean": 10.8550596237,
        "dmean2": 16.279209137,
        "dvar": 145.72744751,
        "dvar2": 315.059265137,
        "max": 159.438537598,
        "mean": 42.734992981,
        "median": 41.0762214661,
        "min": 2.10551452637,
        "var": 418.767303467
    },
    "hfc": {
        "dmean": 6.82005643845,
        "dmean2": 9.51939868927,
        "dvar": 115.052124023,
        "dvar2": 232.754760742,
        "max": 137.285247803,
        "mean": 20.1969413757,
        "median": 14.6870594025,
        "min": 1.11067764309e-16,
        "var": 402.401977539
    },
    "melbands_crest": {
        "dmean": 2.97331500053,
        "dmean2": 4.74070978165,
        "dvar": 7.12409543991,
        "dvar2": 18.665725708,
        "max": 28.2371253967,
        "mean": 13.4445466995,
        "median": 13.1975975037,
        "min": 1.96130526066,
        "var": 20.9131660461
    },
    "melbands_flatness_db": {
        "dmean": 0.0298574194312,
        "dmean2": 0.0426502041519,
        "dvar": 0.000955313153099,
        "dvar2": 0.00178533652797,
        "max": 0.473874121904,
        "mean": 0.178002461791,
        "median": 0.173584297299,
        "min": 0.00699343765154,
        "var": 0.00368620362133
    },
    "melbands_kurtosis": {
        "dmean": 6.76587820053,
        "dmean2": 10.5848312378,
        "dvar": 117.77255249,
        "dvar2": 283.881744385,
        "max": 185.998123169,
        "mean": 12.2722826004,
        "median": 7.68593120575,
        "min": -1.7501758337,
        "var": 222.760742188
    },
    "melbands_skewness": {
        "dmean": 0.766714811325,
        "dmean2": 1.1747392416,
        "dvar": 0.640869259834,
        "dvar2": 1.47704327106,
        "max": 12.0238733292,
        "mean": 2.65771436691,
        "median": 2.47531557083,
        "min": -1.63067483902,
        "var": 2.37496089935
    },
    "melbands_spread": {
        "dmean": 8.19748878479,
        "dmean2": 12.0673494339,
        "dvar": 116.155570984,
        "dvar2": 215.095474243,
        "max": 254.530883789,
        "mean": 26.2356262207,
        "median": 23.4997711182,
        "min": 2.21396350861,
        "var": 327.972076416
    },
    "pitch_salience": {
        "dmean": 0.0723923966289,
        "dmean2": 0.111996904016,
        "dvar": 0.0038711943198,
        "dvar2": 0.00956467166543,
        "max": 0.958540797234,
        "mean": 0.564790606499,
        "median": 0.573275208473,
        "min": 0.166761636734,
        "var": 0.015329788439
    },
    "silence_rate_20dB": {
        "dmean": 0,
        "dmean2": 0,
        "dvar": 0,
        "dvar2": 0,
        "max": 1,
        "mean": 1,
        "median": 1,
        "min": 1,
        "var": 0
    },
    "silence_rate_30dB": {
        "dmean": 0.00696594407782,
        "dmean2": 0.013937282376,
        "dvar": 0.00691744126379,
        "dvar2": 0.0183889269829,
        "max": 1,
        "mean": 0.995357811451,
        "median": 1,
        "min": 0,
        "var": 0.00462069595233
    },
    "silence_rate_60dB": {
        "dmean": 0.0174148604274,
        "dmean2": 0.0348432064056,
        "dvar": 0.0171130206436,
        "dvar2": 0.0374998785555,
        "max": 1,
        "mean": 0.242166340351,
        "median": 0,
        "min": 0,
        "var": 0.183529183269
    },
    "spectral_centroid": {
        "dmean": 272.593963623,
        "dmean2": 403.317260742,
        "dvar": 104542.351562,
        "dvar2": 168893.9375,
        "max": 11032.4804688,
        "mean": 1432.37585449,
        "median": 1427.05847168,
        "min": 267.538665771,
        "var": 318295.5
    },
    "spectral_complexity": {
        "dmean": 3.79721355438,
        "dmean2": 5.64576053619,
        "dvar": 17.6817722321,
        "dvar2": 33.9863967896,
        "max": 60,
        "mean": 20.0970993042,
        "median": 21,
        "min": 0,
        "var": 180.339782715
    },
    "spectral_decrease": {
        "dmean": 2.09095851744e-09,
        "dmean2": 3.32684013671e-09,
        "dvar": 1.17426195799e-17,
        "dvar2": 2.96704623377e-17,
        "max": 1.22992968293e-20,
        "mean": -6.65978960868e-09,
        "median": -5.36023270215e-09,
        "min": -4.5830596207e-08,
        "var": 3.78231279853e-17
    },
    "spectral_energy": {
        "dmean": 0.00828887987882,
        "dmean2": 0.0130888186395,
        "dvar": 0.000181885319762,
        "dvar2": 0.000452863314422,
        "max": 0.179491251707,
        "mean": 0.026967510581,
        "median": 0.0217126253992,
        "min": 1.03235008114e-20,
        "var": 0.000606714573223
    },
    "spectral_energyband_high": {
        "dmean": 0.000484953081468,
        "dmean2": 0.000679974502418,
        "dvar": 7.3328851613e-07,
        "dvar2": 1.59830642588e-06,
        "max": 0.0159002803266,
        "mean": 0.000909544818569,
        "median": 0.000424552592449,
        "min": 7.24168030398e-21,
        "var": 1.5887429754e-06
    },
    "spectral_energyband_low": {
        "dmean": 0.00514832930639,
        "dmean2": 0.00839873962104,
        "dvar": 0.000101168283436,
        "dvar2": 0.000273500801995,
        "max": 0.138054504991,
        "mean": 0.0115090720356,
        "median": 0.00676287477836,
        "min": 1.44102862387e-22,
        "var": 0.000197390138055
    },
    "spectral_energyband_middle_high": {
        "dmean": 0.00223954836838,
        "dmean2": 0.00332718645222,
        "dvar": 1.47514992932e-05,
        "dvar2": 3.0685456295e-05,
        "max": 0.0656706914306,
        "mean": 0.00579319521785,
        "median": 0.00324997212738,
        "min": 1.45438172921e-21,
        "var": 5.12795013492e-05
    },
    "spectral_energyband_middle_low": {
        "dmean": 0.00433130189776,
        "dmean2": 0.00688735023141,
        "dvar": 5.45775619685e-05,
        "dvar2": 0.000138434843393,
        "max": 0.0901501178741,
        "mean": 0.0102470992133,
        "median": 0.00783447176218,
        "min": 3.66711824154e-22,
        "var": 0.000121952325571
    },
    "spectral_entropy": {
        "dmean": 0.183594450355,
        "dmean2": 0.254271894693,
        "dvar": 0.0521608367562,
        "dvar2": 0.0884849876165,
        "max": 9.80943870544,
        "mean": 7.82260656357,
        "median": 7.87405443192,
        "min": 5.5234503746,
        "var": 0.166344925761
    },
    "spectral_flux": {
        "dmean": 0.0202034153044,
        "dmean2": 0.0302447509021,
        "dvar": 0.0006526967627,
        "dvar2": 0.00137322628871,
        "max": 0.356931746006,
        "mean": 0.0806744918227,
        "median": 0.0756579115987,
        "min": 1.01604627489e-10,
        "var": 0.00327295297757
    },
    "spectral_kurtosis": {
        "dmean": 1.60897421837,
        "dmean2": 2.5198841095,
        "dvar": 17.0974273682,
        "dvar2": 40.301486969,
        "max": 109.530158997,
        "mean": 3.55767226219,
        "median": 2.89329957962,
        "min": -1.2264636755,
        "var": 18.2365169525
    },
    "spectral_rms": {
        "dmean": 0.000673364207614,
        "dmean2": 0.00103638181463,
        "dvar": 7.48280115204e-07,
        "dvar2": 1.75927686996e-06,
        "max": 0.0132330423221,
        "mean": 0.00440195202827,
        "median": 0.00460250442848,
        "min": 3.17359550098e-12,
        "var": 6.93259426043e-06
    },
    "spectral_rolloff": {
        "dmean": 684.813354492,
        "dmean2": 1136.93383789,
        "dvar": 1786314.125,
        "dvar2": 3684853.5,
        "max": 20822.6074219,
        "mean": 1661.95629883,
        "median": 1335.05859375,
        "min": 86.1328125,
        "var": 3343489.5
    },
    "spectral_skewness": {
        "dmean": 0.232452064753,
        "dmean2": 0.351844727993,
        "dvar": 0.126549497247,
        "dvar2": 0.257554978132,
        "max": 8.26905536652,
        "mean": 1.49510920048,
        "median": 1.42686355114,
        "min": 0.00189399917144,
        "var": 0.250459134579
    },
    "spectral_spread": {
        "dmean": 910186.875,
        "dmean2": 1256838,
        "dvar": 1.38219133338e+12,
        "dvar2": 2.10194608947e+12,
        "max": 41525468,
        "mean": 5484386.5,
        "median": 5050706.5,
        "min": 923322.1875,
        "var": 4.1499993047e+12
    },
    "spectral_strongpeak": {
        "dmean": 0.448008060455,
        "dmean2": 0.767380058765,
        "dvar": 0.984545171261,
        "dvar2": 2.4286210537,
        "max": 11.4630479813,
        "mean": 0.637209057808,
        "median": 0.247523516417,
        "min": 0,
        "var": 1.34406638145
    },
    "zerocrossingrate": {
        "dmean": 0.0154445404187,
        "dmean2": 0.0171575192362,
        "dvar": 0.000419640273321,
        "dvar2": 0.000472890795209,
        "max": 0.49853515625,
        "mean": 0.071770735085,
        "median": 0.0634765625,
        "min": 0.00830078125,
        "var": 0.001921298448
    },
    "barkbands": {
        "dmean": [0.000229987155763, 0.00339429406449, 0.0019881373737, 0.00151985464618, 0.00178855936974, 0.00103891070466, 0.000868490489665, 0.00105759536382, 0.000703735626303, 0.000694179092534, 0.000424724188633, 0.000665243016556, 0.000564379617572, 0.000393676455133, 0.000515039777383, 0.000360015867045, 0.00028194359038, 0.000139477502671, 0.000115092880151, 0.000113421170681, 0.000126494822325, 8.35604587337e-05, 8.11502468423e-05, 8.92056632438e-05, 9.19717349461e-05, 2.76982937066e-05, 1.44899994226e-08],
        "dmean2": [0.0003704544215, 0.00567687582225, 0.00321283657104, 0.00254131527618, 0.00302418204956, 0.00171489780769, 0.00141870684456, 0.00172746786848, 0.00118644919712, 0.0011572932126, 0.000712407869287, 0.0010590327438, 0.00087981246179, 0.000641654245555, 0.000794947787654, 0.000572993478272, 0.000467845005915, 0.000219850961003, 0.000183801195817, 0.000175944776856, 0.000193972184206, 0.000129639753141, 0.00012442136358, 0.000131515131216, 0.000129702209961, 3.90477907786e-05, 2.3632972912e-08],
        "dvar": [2.42224899694e-07, 4.54716646345e-05, 2.34595445363e-05, 1.35371656143e-05, 1.24542830235e-05, 4.67161089546e-06, 5.08469292981e-06, 5.89699402553e-06, 2.59377497969e-06, 2.8575077522e-06, 1.44191471918e-06, 3.94928156311e-06, 2.96355142382e-06, 1.13768987831e-06, 2.46262902692e-06, 1.00678732906e-06, 3.98343360075e-07, 5.3682256862e-08, 5.85671351416e-08, 5.02350907539e-08, 1.18931126281e-07, 3.7796834107e-08, 2.66501185564e-08, 2.97822158046e-08, 2.72749520747e-08, 2.28337482255e-09, 4.18855996707e-14],
        "dvar2": [6.02532281846e-07, 0.000131498556584, 6.56968550174e-05, 3.55918637069e-05, 3.43963911291e-05, 1.27681796585e-05, 1.29939462568e-05, 1.44304331116e-05, 6.98880467098e-06, 7.38988774174e-06, 3.77899368686e-06, 9.89432010101e-06, 5.92845162828e-06, 2.71817953035e-06, 6.01910323894e-06, 2.26787778956e-06, 1.0617894759e-06, 1.20535332826e-07, 1.46571494497e-07, 1.1032810221e-07, 2.91656164109e-07, 9.01346837168e-08, 6.02593814847e-08, 6.5569366825e-08, 5.95668865344e-08, 5.13257125689e-09, 4.86566421377e-14],
        "max": [0.00611642282456, 0.0800490602851, 0.0876927524805, 0.0601001232862, 0.0417311154306, 0.0442666858435, 0.0339449867606, 0.0407015047967, 0.02533557266, 0.0232046283782, 0.0164307542145, 0.0414027124643, 0.0230350252241, 0.0177392978221, 0.0302356556058, 0.0231897681952, 0.0115001359954, 0.0046582845971, 0.00391014432535, 0.00418260181323, 0.0100323269144, 0.00455265352502, 0.00303002819419, 0.00254054344259, 0.00351599650458, 0.000628972542472, 9.96255494101e-06],
        "mean": [0.000440322910435, 0.00642412854359, 0.00329498271458, 0.00218414189294, 0.00252765673213, 0.00156752031762, 0.00125047203619, 0.00141502777115, 0.000994913745672, 0.000973760790657, 0.000553669116925, 0.000854247307871, 0.000729442574084, 0.000528435397428, 0.000711903092451, 0.000547992996871, 0.000465435441583, 0.000275735423202, 0.000215001447941, 0.000230769568589, 0.000228684351896, 0.000148533552419, 0.000122572964756, 0.000129576525069, 0.000118270843814, 3.43289393641e-05, 1.06397157751e-08],
        "median": [5.30887627974e-05, 0.00299217598513, 0.000907025823835, 0.000621684361249, 0.00126435526181, 0.00079425907461, 0.00052720005624, 0.000409970176406, 0.000480384856928, 0.000364779058145, 0.000193864747416, 0.000146989972563, 0.000140458199894, 0.000176413683221, 0.000238389591686, 0.000241632733378, 0.000287582777673, 0.000193692249013, 0.000149674568092, 0.00012227150728, 8.46331677167e-05, 5.9465157392e-05, 4.3879954319e-05, 5.5000786233e-05, 5.09318015247e-05, 1.10940436571e-05, 2.74413186618e-10],
        "min": [2.13686436902e-23, 5.21235109959e-23, 5.74389441277e-23, 4.57055627076e-23, 3.67242834829e-23, 5.77505504962e-23, 8.71898928459e-23, 1.14976476936e-22, 2.38184370319e-23, 1.9451839486e-23, 6.34332898872e-23, 9.40746795517e-23, 2.2118013903e-22, 1.82703050792e-22, 8.63314544089e-23, 1.51455740222e-22, 1.21607730058e-22, 1.29993712755e-22, 2.56278340374e-22, 2.93285332672e-22, 6.58131229417e-22, 5.67798148694e-22, 5.73596591891e-22, 8.41174676846e-22, 8.55625043529e-22, 1.88209862842e-21, 1.86874701244e-21],
        "var": [5.92991398207e-07, 7.14582638466e-05, 3.40832048096e-05, 1.60673243954e-05, 1.5045321561e-05, 6.05618515692e-06, 6.53902316117e-06, 8.83683605934e-06, 2.98454529002e-06, 3.97889016313e-06, 1.67882603819e-06, 6.99103020452e-06, 4.76469222122e-06, 1.60395813964e-06, 2.95932727568e-06, 1.56770624926e-06, 5.03060107349e-07, 1.20093531564e-07, 8.40428384663e-08, 1.26989007754e-07, 1.92606734117e-07, 6.58147882859e-08, 4.57325803893e-08, 4.66654661579e-08, 3.86380918371e-08, 3.30236682444e-09, 4.03210722189e-14]
    },
    "erbbands": {
        "dmean": [0.107113778591, 0.774226844311, 2.10019207001, 3.84647607803, 5.46414852142, 5.88774061203, 8.34738826752, 8.00651359558, 11.6269187927, 14.0212755203, 24.2924995422, 15.1734895706, 17.7271957397, 23.509885788, 15.1760320663, 28.8853244781, 22.4957790375, 22.1673679352, 21.6747360229, 25.1442661285, 17.5064983368, 12.5743751526, 7.93742370605, 5.88275766373, 5.53497266769, 5.30055189133, 5.72243499756, 4.24962854385, 3.13401532173, 2.5897192955, 2.30256390572, 2.21484422684, 1.3379919529, 1.33077704906, 0.490318834782, 0.207609802485, 0.030849063769, 0.000655439042021, 3.23759231833e-05, 1.18765656225e-05],
        "dmean2": [0.172238439322, 1.30445718765, 3.45589327812, 6.06074237823, 9.2097530365, 10.1263427734, 13.7280578613, 13.3070449829, 18.8882923126, 23.5993118286, 39.2535476685, 25.5893821716, 29.3948440552, 38.3530158997, 24.6056404114, 45.0085411072, 34.3605880737, 34.3922080994, 32.8386459351, 38.910861969, 26.9706497192, 20.3464241028, 12.450173378, 9.30157375336, 8.87954235077, 8.29665374756, 8.57689189911, 6.4528799057, 4.89695215225, 4.04138565063, 3.47736477852, 3.37722492218, 1.93614220619, 1.87394821644, 0.722070157528, 0.30026575923, 0.0428548268974, 0.000898999685887, 4.34790490544e-05, 1.77114816324e-05],
        "dvar": [0.0437801219523, 2.57056999207, 25.008846283, 74.9923171997, 130.940155029, 175.06288147, 333.687957764, 307.179656982, 791.386108398, 1576.98156738, 3077.36694336, 1228.36865234, 1653.40319824, 4462.53271484, 1448.60668945, 8316.80371094, 4862.03466797, 3596.95776367, 3705.73217773, 4923.71191406, 1793.69348145, 528.423828125, 156.861816406, 122.26499939, 135.206054688, 111.548339844, 218.441390991, 106.67073822, 54.4619598389, 31.3828582764, 22.4770183563, 17.3368988037, 7.64787817001, 5.4013133049, 0.847576200962, 0.129151403904, 0.00288794585504, 1.2577279449e-06, 3.44894601767e-09, 3.4063477039e-10],
        "dvar2": [0.115563228726, 7.67150163651, 73.3829650879, 179.045410156, 365.951812744, 491.390045166, 862.50793457, 844.691650391, 2071.91625977, 3946.21606445, 7404.04736328, 3293.86987305, 4319.62890625, 11359.4833984, 3607.72387695, 21006.4902344, 9906.95117188, 8098.40332031, 8477.11914062, 11708.9599609, 4107.43457031, 1320.02172852, 335.764770508, 286.057739258, 331.709686279, 255.775405884, 498.000579834, 257.934295654, 132.217315674, 76.5042572021, 50.0144996643, 38.8355827332, 17.4855632782, 11.5269651413, 1.9067543745, 0.287747949362, 0.00620472850278, 2.67750783678e-06, 6.67609256766e-09, 7.76696595928e-10],
        "max": [2.43562960625, 19.2261047363, 83.4526748657, 147.943527222, 127.106056213, 196.123291016, 295.695465088, 433.13470459, 546.883117676, 701.764709473, 697.514526367, 576.093444824, 833.381469727, 945.975646973, 704.562988281, 2053.2746582, 1154.54785156, 908.592224121, 1216.52490234, 1072.21179199, 1044.15258789, 359.899536133, 230.435562134, 145.288421631, 156.656738281, 184.858535767, 404.598266602, 254.855606079, 177.12298584, 122.772956848, 97.8351516724, 51.1053276062, 49.2642555237, 54.2876167297, 10.4651184082, 3.5874004364, 1.03353226185, 0.0203291270882, 0.00141611194704, 0.000224648087169],
        "mean": [0.19924274087, 1.38021874428, 3.78036928177, 6.25845098495, 7.64504432678, 7.54899072647, 11.8717832565, 11.992480278, 17.5026664734, 20.1950950623, 33.2026557922, 22.9441204071, 26.8666706085, 31.63256073, 22.9941291809, 37.4500770569, 31.5570335388, 32.3950805664, 32.6649360657, 36.1439056396, 29.8189220428, 23.392074585, 16.6810817719, 11.781961441, 10.678401947, 10.9373435974, 10.6643095016, 7.60946512222, 5.52803564072, 4.26264047623, 3.35775518417, 3.07573747635, 1.97454690933, 1.72759366035, 0.591270625591, 0.247723206878, 0.0409590043128, 0.000871001102496, 5.39284774277e-05, 3.6713310692e-05],
        "median": [0.0722861215472, 0.707530200481, 1.36408352852, 1.96861803532, 3.14948177338, 3.40563702583, 5.47106695175, 5.82927799225, 8.09938907623, 8.12083721161, 10.6919441223, 11.8795671463, 13.0330905914, 10.9714012146, 8.70944023132, 6.60516166687, 6.81274223328, 9.51582813263, 11.466963768, 13.3915452957, 15.8249959946, 15.2329530716, 11.9609880447, 8.75110244751, 7.0229678154, 5.98351573944, 4.19041633606, 2.93888378143, 2.18616819382, 1.58020246029, 1.20686006546, 1.12952697277, 0.857008218765, 0.722915709019, 0.227351292968, 0.0828188359737, 0.0127104809508, 0.000284552836092, 3.14645621984e-05, 3.07512491418e-05],
        "min": [3.28318870141e-21, 6.07534594676e-21, 5.18207877314e-20, 1.05159012447e-19, 1.46708701744e-19, 1.61173234299e-19, 8.3850658922e-20, 7.40127556201e-19, 8.52481172359e-19, 1.61040981044e-18, 2.69677319907e-18, 6.84263810135e-19, 5.63181267166e-19, 1.3663974234e-18, 3.00378914163e-18, 3.8578570532e-18, 8.75721059823e-18, 1.10017453381e-17, 7.26138598214e-18, 5.83801328873e-18, 8.49615405127e-18, 7.0621512598e-18, 6.44381596754e-18, 1.00017542878e-17, 1.30100075164e-17, 1.8435653899e-17, 1.53906051952e-17, 3.09920024803e-17, 1.69229771323e-17, 2.26745310219e-17, 1.9054512383e-17, 1.40547978415e-17, 1.44286437737e-17, 8.78456546108e-18, 6.65065123893e-18, 7.04084556877e-18, 3.63144365748e-18, 1.09569657088e-18, 2.74707663706e-19, 2.7891040684e-20],
        "var": [0.0840961635113, 3.41416406631, 36.997051239, 117.54246521, 157.735534668, 169.229141235, 469.157989502, 397.151824951, 980.652404785, 2345.36523438, 4338.08007812, 1473.86547852, 2322.20825195, 5523.16113281, 2292.88476562, 14895.8886719, 8195.13085938, 5459.44775391, 5153.50732422, 6235.04101562, 3365.35668945, 955.63885498, 403.637420654, 215.492767334, 214.673324585, 263.497375488, 401.914520264, 189.734527588, 90.4171905518, 53.3948135376, 37.7787361145, 25.8407249451, 11.3585271835, 8.00915908813, 1.05851209164, 0.175287500024, 0.00473187118769, 2.06722938856e-06, 5.48336309691e-09, 1.08835751522e-09]
    },
    "gfcc": {
        "mean": [-26.7898902893, 87.9124908447, -115.080680847, 39.1369628906, -61.1372871399, 27.7402954102, -45.5814819336, 18.0567531586, -23.4124717712, 6.76209068298, -18.2668132782, 0.540920495987, -2.79680275917],
        "cov": [[19810.1425781, -152.026565552, -1353.12780762, 582.731140137, -322.352081299, -66.6291275024, 118.431335449, 356.142913818, 27.3472366333, -29.7011051178, -83.2521438599, -465.230316162, -489.758361816], [-152.026565552, 1118.70410156, -81.5930252075, 69.6504364014, 172.882019043, -155.018447876, 188.595489502, -77.7184677124, 71.6042327881, -149.868591309, 113.088668823, -112.5651474, 75.6398620605], [-1353.12780762, -81.5930252075, 693.461914062, 104.203895569, 43.2939224243, 79.4538803101, -48.2192192078, 71.0246353149, -47.7029380798, 22.1722984314, -11.7778577805, 68.7415237427, -3.31809449196], [582.731140137, 69.6504364014, 104.203895569, 318.402587891, 61.5572395325, -21.2722358704, 30.0437660217, 53.5197143555, 34.5735740662, -29.7499389648, 21.4035320282, -36.2077255249, -19.7834224701], [-322.352081299, 172.882019043, 43.2939224243, 61.5572395325, 213.66645813, 73.0858764648, 41.0369567871, 5.84460639954, 32.6238059998, 4.70398330688, 18.8178501129, -4.57425880432, 21.7837028503], [-66.6291275024, -155.018447876, 79.4538803101, -21.2722358704, 73.0858764648, 250.145431519, 17.9862861633, 6.53865814209, 19.3579483032, 51.0662689209, -11.7920188904, 25.0509567261, 3.57576322556], [118.431335449, 188.595489502, -48.2192192078, 30.0437660217, 41.0369567871, 17.9862861633, 166.022888184, 9.80790138245, 21.9440898895, -3.37213087082, 34.7378196716, -23.3522319794, -11.1532640457], [356.142913818, -77.7184677124, 71.0246353149, 53.5197143555, 5.84460639954, 6.53865814209, 9.80790138245, 130.399612427, 36.3309860229, 15.8600549698, -1.49686384201, 4.01425075531, -13.0620660782], [27.3472366333, 71.6042327881, -47.7029380798, 34.5735740662, 32.6238059998, 19.3579483032, 21.9440898895, 36.3309860229, 117.008758545, 25.2510662079, 7.94017648697, -11.7956647873, 24.5606460571], [-29.7011051178, -149.868591309, 22.1722984314, -29.7499389648, 4.70398330688, 51.0662689209, -3.37213087082, 15.8600549698, 25.2510662079, 106.914978027, 12.9961214066, 31.1232376099, -8.54067993164], [-83.2521438599, 113.088668823, -11.7778577805, 21.4035320282, 18.8178501129, -11.7920188904, 34.7378196716, -1.49686384201, 7.94017648697, 12.9961214066, 91.8861618042, 14.1871175766, 15.6211709976], [-465.230316162, -112.5651474, 68.7415237427, -36.2077255249, -4.57425880432, 25.0509567261, -23.3522319794, 4.01425075531, -11.7956647873, 31.1232376099, 14.1871175766, 90.7385864258, 27.3575000763], [-489.758361816, 75.6398620605, -3.31809449196, -19.7834224701, 21.7837028503, 3.57576322556, -11.1532640457, -13.0620660782, 24.5606460571, -8.54067993164, 15.6211709976, 27.3575000763, 90.1914901733]],
        "icov": [[0.000108477295726, -0.000244554248638, 0.000372194423107, -0.000356858101441, 0.000346112734405, -0.000336648517987, 0.00027506481274, -0.000557588296942, 0.000451297673862, -0.000375834235456, 0.000240191948251, 6.59720390104e-05, 0.000392483110772], [-0.000244554248638, 0.00438551977277, -0.00198974949308, 0.00221274513751, -0.00349664967507, 0.00339228147641, -0.0036403266713, 0.00384398223832, -0.00418457388878, 0.00528219947591, -0.00429800944403, 0.00340479263104, -0.00242581148632], [0.000372194423107, -0.00198974949308, 0.00366854481399, -0.00252905650996, 0.00171253306326, -0.00249893590808, 0.00231655500829, -0.00378969288431, 0.0039573838003, -0.00286246510223, 0.00236264220439, -0.0021611165721, 0.00159069686197], [-0.000356858101441, 0.00221274513751, -0.00252905650996, 0.00620638160035, -0.00321829831228, 0.00264453166164, -0.0019856558647, 0.00177468673792, -0.00427475292236, 0.00453460775316, -0.00362010090612, 0.00238467985764, -0.00034414260881], [0.000346112734405, -0.00349664967507, 0.00171253306326, -0.00321829831228, 0.0092355767265, -0.00475404597819, 0.00201216037385, -0.00312136136927, 0.00291922548786, -0.00417816778645, 0.00272634415887, -0.00154430349357, 0.000729262363166], [-0.000336648517987, 0.00339228147641, -0.00249893590808, 0.00264453166164, -0.00475404597819, 0.00829326175153, -0.00377792213112, 0.00391869340092, -0.00410188594833, 0.0020599081181, -0.00168578966986, 0.00140921794809, -0.00208851834759], [0.00027506481274, -0.0036403266713, 0.00231655500829, -0.0019856558647, 0.00201216037385, -0.00377792213112, 0.0107408789918, -0.00400584749877, 0.00277757365257, -0.00342967617325, 0.00024549808586, -0.0012312089093, 0.00385798607022], [-0.000557588296942, 0.00384398223832, -0.00378969288431, 0.00177468673792, -0.00312136136927, 0.00391869340092, -0.00400584749877, 0.0147500811145, -0.00849889405072, 0.00464247912169, -0.00313822017051, 0.000550185039174, -0.00063173356466], [0.000451297673862, -0.00418457388878, 0.0039573838003, -0.00427475292236, 0.00291922548786, -0.00410188594833, 0.00277757365257, -0.00849889405072, 0.0184974484146, -0.0100798476487, 0.00501580862328, 0.000889824004844, -0.00339215318672], [-0.000375834235456, 0.00528219947591, -0.00286246510223, 0.00453460775316, -0.00417816778645, 0.0020599081181, -0.00342967617325, 0.00464247912169, -0.0100798476487, 0.0207277201116, -0.00801406148821, -0.00103458040394, 0.00200381199829], [0.000240191948251, -0.00429800944403, 0.00236264220439, -0.00362010090612, 0.00272634415887, -0.00168578966986, 0.00024549808586, -0.00313822017051, 0.00501580862328, -0.00801406148821, 0.0182816814631, -0.00589151401073, -0.000318192876875], [6.59720390104e-05, 0.00340479263104, -0.0021611165721, 0.00238467985764, -0.00154430349357, 0.00140921794809, -0.0012312089093, 0.000550185039174, 0.000889824004844, -0.00103458040394, -0.00589151401073, 0.0210175551474, -0.00750415911898], [0.000392483110772, -0.00242581148632, 0.00159069686197, -0.00034414260881, 0.000729262363166, -0.00208851834759, 0.00385798607022, -0.00063173356466, -0.00339215318672, 0.00200381199829, -0.000318192876875, -0.00750415911898, 0.0189733207226]]
    },
    "melbands": {
        "dmean": [0.000920573424082, 0.00102788303047, 0.000655882351566, 0.000421371572884, 0.000264118250925, 0.000183749798452, 0.000177366266144, 0.000165399498655, 0.000193323750864, 9.32013281272e-05, 9.0256362455e-05, 9.86719242064e-05, 5.34012215212e-05, 7.27013830328e-05, 5.8154528233e-05, 5.69391995668e-05, 4.1348142986e-05, 3.49902074959e-05, 4.01513752877e-05, 3.16799523716e-05, 2.23182996706e-05, 1.52235888891e-05, 1.0633322745e-05, 6.44931787974e-06, 5.03906539961e-06, 4.84378006149e-06, 3.7455790789e-06, 3.84643590223e-06, 3.84186569136e-06, 3.49480956174e-06, 2.26282054427e-06, 1.92473839888e-06, 1.62790774993e-06, 1.44532509694e-06, 1.26308248127e-06, 1.59189289661e-06, 1.29898830892e-06, 9.00100019408e-07, 1.08582571556e-06, 1.17477532058e-06],
        "dmean2": [0.00152666622307, 0.00171296147164, 0.00104012549855, 0.000719454779755, 0.000437835784396, 0.0003042058961, 0.000288170936983, 0.000279305328149, 0.000315234734444, 0.000157821617904, 0.000149438841618, 0.000161615287652, 8.88498252607e-05, 0.000113885922474, 9.31159811444e-05, 8.69405557751e-05, 6.52298986097e-05, 5.43197857041e-05, 6.31175571471e-05, 5.02848524775e-05, 3.53797040589e-05, 2.50707471423e-05, 1.7033333279e-05, 1.03641832538e-05, 8.10764959169e-06, 7.92757873569e-06, 5.92685637457e-06, 6.06859748586e-06, 5.81202993999e-06, 5.46567025594e-06, 3.49048059434e-06, 3.04400532514e-06, 2.56436783275e-06, 2.28843896366e-06, 1.93806886273e-06, 2.48829041993e-06, 1.99723262995e-06, 1.33498781452e-06, 1.55947941494e-06, 1.68641031451e-06],
        "dvar": [3.24867482959e-06, 5.34294804311e-06, 2.05384139917e-06, 7.39432891805e-07, 3.31998393222e-07, 1.54622597393e-07, 1.83812645105e-07, 1.9264501816e-07, 2.01625226737e-07, 4.27627604438e-08, 4.30404725194e-08, 7.84349722949e-08, 1.97464675722e-08, 4.37212079873e-08, 3.86724678947e-08, 2.8396085483e-08, 1.2576736097e-08, 1.04124167066e-08, 1.97636182975e-08, 9.6783763226e-09, 3.5390146369e-09, 9.73078506661e-10, 4.11001316314e-10, 9.95214535782e-11, 8.82421358206e-11, 1.30530475317e-10, 5.80848875942e-11, 5.96000956921e-11, 8.23064047473e-11, 1.46401196721e-10, 3.03755944009e-11, 2.10766595149e-11, 1.27264969396e-11, 9.4876155543e-12, 8.23328991789e-12, 8.94283518765e-12, 6.6595461784e-12, 3.72840950821e-12, 6.15580589974e-12, 3.90763896935e-12],
        "dvar2": [9.04238549992e-06, 1.58176080731e-05, 4.9679570111e-06, 2.06193362828e-06, 8.67934772941e-07, 4.22837757696e-07, 4.78803940496e-07, 4.88815146582e-07, 4.95842755299e-07, 1.14649239435e-07, 1.13041338068e-07, 1.99587532279e-07, 5.05081203528e-08, 1.03922502603e-07, 9.34234947181e-08, 5.73009479865e-08, 2.88872392673e-08, 2.46694167316e-08, 5.14044167232e-08, 2.10309760718e-08, 8.2944380253e-09, 2.52139487067e-09, 9.14948172781e-10, 2.26149307614e-10, 2.1265611494e-10, 3.34880789765e-10, 1.35829389403e-10, 1.36388400573e-10, 1.67163602405e-10, 3.90711740739e-10, 7.40758079876e-11, 5.1500945869e-11, 3.10165539086e-11, 2.34767639357e-11, 1.85741873271e-11, 2.10618709973e-11, 1.50040899843e-11, 8.46496310547e-12, 1.56649831995e-11, 8.18007293846e-12],
        "max": [0.0197024047375, 0.035814717412, 0.0247799307108, 0.0102451648563, 0.0080062225461, 0.0095083899796, 0.00750392256305, 0.00692196050659, 0.00579237332568, 0.00321958214045, 0.00424181856215, 0.00398969603702, 0.00232176622376, 0.00490201124921, 0.00314058712684, 0.00229674344882, 0.00179354264401, 0.00214755348861, 0.00260326778516, 0.00246114842594, 0.00169179833028, 0.000557719031349, 0.000386297702789, 0.000173891050508, 0.000118183503218, 0.000179936745553, 0.000200595139177, 0.000148522885866, 0.00020293558191, 0.000409176631365, 0.000118448377179, 0.000119688214909, 5.7916600781e-05, 5.73759971303e-05, 5.69150142837e-05, 4.18060808443e-05, 3.77446049242e-05, 3.48678695445e-05, 7.37872251193e-05, 3.35087788699e-05],
        "mean": [0.00177591270767, 0.00195524794981, 0.00110501120798, 0.000565873691812, 0.00038241193397, 0.000277419603663, 0.000268627685728, 0.000233699553064, 0.000262682558969, 0.000137912298669, 0.000132850444061, 0.000128966654302, 7.4277711974e-05, 9.84972066362e-05, 7.24655255908e-05, 7.47367885197e-05, 5.71439995838e-05, 4.91583705298e-05, 5.32248668605e-05, 4.28851053584e-05, 3.46484594047e-05, 2.56032417383e-05, 1.89505808521e-05, 1.23551362776e-05, 9.08515721676e-06, 8.21096091386e-06, 7.14258067092e-06, 7.25827794668e-06, 6.86112525727e-06, 5.74582918489e-06, 3.90209061152e-06, 3.20596359416e-06, 2.65384869635e-06, 2.23766687668e-06, 1.86669683444e-06, 1.9997085019e-06, 1.81468658411e-06, 1.30294824885e-06, 1.48212973272e-06, 1.44845660088e-06],
        "median": [0.000796275795437, 0.000962511752732, 0.000381009624107, 0.000249219447142, 0.000180631817784, 0.00013908209803, 0.000125336562633, 8.78676073626e-05, 8.50530996104e-05, 6.99171578162e-05, 6.24291642453e-05, 4.10042048316e-05, 2.8333724913e-05, 1.85752487596e-05, 1.31726328618e-05, 1.46505217344e-05, 1.66114896274e-05, 1.64144694281e-05, 1.81338127732e-05, 1.71966275957e-05, 1.78920272447e-05, 1.56729929586e-05, 1.18401994769e-05, 8.64040248416e-06, 6.35740343569e-06, 5.29941507921e-06, 4.22004632128e-06, 3.68094015357e-06, 2.71703470389e-06, 1.96633254745e-06, 1.4887150428e-06, 1.30808200538e-06, 9.5079917628e-07, 7.96954907401e-07, 6.17634611899e-07, 7.21702178907e-07, 6.52229743991e-07, 5.34879518455e-07, 6.2450050109e-07, 5.74313787638e-07],
        "min": [2.15804417992e-23, 1.95522315025e-23, 2.15258936454e-23, 1.09458237132e-23, 3.71046643227e-24, 1.46263331526e-23, 1.52246715274e-23, 2.00999423622e-23, 1.91870362351e-23, 3.22725915111e-24, 2.71434810143e-24, 4.95607859048e-24, 8.72667200095e-24, 9.9236942717e-24, 1.28425908504e-23, 2.23001795565e-23, 2.08820174859e-23, 1.32211005122e-23, 5.28377614367e-24, 8.411245968e-24, 1.04485581418e-23, 7.49680313983e-24, 5.84849760546e-24, 5.83285804359e-24, 8.37605646074e-24, 8.2354577816e-24, 1.07256431682e-23, 1.21825304206e-23, 7.19594894552e-24, 1.25707304498e-23, 1.94228693581e-23, 7.32672236208e-24, 1.40296261421e-23, 1.04704782198e-23, 1.17261388882e-23, 8.8175574547e-24, 8.52134728454e-24, 1.05936107296e-23, 9.23550621748e-24, 6.80408623516e-24],
        "var": [5.63680123378e-06, 7.68588415667e-06, 3.18777983921e-06, 8.4674155687e-07, 4.53774845255e-07, 2.03283335054e-07, 2.37724137264e-07, 2.96234333064e-07, 2.68593737474e-07, 5.29791677195e-08, 5.92035398483e-08, 9.75663638769e-08, 2.59755772447e-08, 8.27969444117e-08, 5.66934836854e-08, 4.84300350934e-08, 1.88205664386e-08, 1.34891919856e-08, 2.09813038055e-08, 1.15068186091e-08, 5.61842483648e-09, 1.44267753299e-09, 8.11215983276e-10, 2.26677260295e-10, 1.40695802231e-10, 1.57041601945e-10, 1.16419901497e-10, 1.32241259609e-10, 1.67899860681e-10, 1.73701261708e-10, 5.03256568363e-11, 3.22170727596e-11, 2.22069012484e-11, 1.51255865471e-11, 1.34895835821e-11, 1.17153266255e-11, 9.91398976802e-12, 5.54848137921e-12, 7.0689053569e-12, 5.7139380033e-12]
    },
    "mfcc": {
        "mean": [-662.786315918, 108.347061157, 8.49718093872, 15.6593675613, 11.371295929, 5.68223905563, -0.0645739287138, 2.70812654495, 7.67738294601, 2.40948271751, -1.79366135597, -0.0626722052693, -0.24592243135],
        "cov": [[17663.6914062, 649.784484863, -1437.02294922, 508.544250488, -370.88192749, -367.028564453, -43.9537887573, 135.021514893, 72.428565979, 206.412368774, 148.603927612, 251.985687256, 4.11960983276], [649.784484863, 794.187866211, -140.870162964, 113.880577087, -11.4552364349, 16.3705749512, 50.8657951355, 34.3759040833, 8.29040718079, 7.53027963638, -6.11507129669, 11.8060932159, -3.47189736366], [-1437.02294922, -140.870162964, 589.095703125, 46.1381492615, 111.023246765, 11.7519168854, 38.3701896667, 24.0158061981, -8.44869995117, -9.0377073288, -1.44985592365, -20.4589939117, -2.82745718956], [508.544250488, 113.880577087, 46.1381492615, 340.337432861, 36.4706954956, -66.2480926514, 27.5614967346, 43.5830726624, -13.5117750168, 16.391374588, 8.83069038391, 20.1992092133, 7.81227636337], [-370.88192749, -11.4552364349, 111.023246765, 36.4706954956, 222.008178711, 54.4562568665, 14.8023538589, 29.6344718933, 37.4561843872, 18.7087936401, 7.57592535019, -13.9025602341, 3.79106664658], [-367.028564453, 16.3705749512, 11.7519168854, -66.2480926514, 54.4562568665, 196.958129883, 48.4120483398, 9.26768875122, 20.5119724274, 13.761674881, 13.1663122177, 6.12552595139, -4.62201166153], [-43.9537887573, 50.8657951355, 38.3701896667, 27.5614967346, 14.8023538589, 48.4120483398, 132.858963013, 33.5985679626, -8.0096282959, 3.09526920319, 26.3222618103, 19.0799865723, 5.32250499725], [135.021514893, 34.3759040833, 24.0158061981, 43.5830726624, 29.6344718933, 9.26768875122, 33.5985679626, 90.7300186157, 26.7396202087, 16.9743709564, 6.10795640945, 10.4478683472, 5.5992603302], [72.428565979, 8.29040718079, -8.44869995117, -13.5117750168, 37.4561843872, 20.5119724274, -8.0096282959, 26.7396202087, 105.582939148, 37.4893112183, 10.0877304077, 1.30983221531, 10.3186702728], [206.412368774, 7.53027963638, -9.0377073288, 16.391374588, 18.7087936401, 13.761674881, 3.09526920319, 16.9743709564, 37.4893112183, 72.5951156616, 32.0640068054, 16.929807663, 4.12237882614], [148.603927612, -6.11507129669, -1.44985592365, 8.83069038391, 7.57592535019, 13.1663122177, 26.3222618103, 6.10795640945, 10.0877304077, 32.0640068054, 75.195854187, 29.6351985931, 10.1588029861], [251.985687256, 11.8060932159, -20.4589939117, 20.1992092133, -13.9025602341, 6.12552595139, 19.0799865723, 10.4478683472, 1.30983221531, 16.929807663, 29.6351985931, 72.5030288696, 23.9157867432], [4.11960983276, -3.47189736366, -2.82745718956, 7.81227636337, 3.79106664658, -4.62201166153, 5.32250499725, 5.5992603302, 10.3186702728, 4.12237882614, 10.1588029861, 23.9157867432, 53.2970199585]],
