{
"lowlevel": {
    "average_loudness": 0.846760213375,
    "barkbands_crest": {
        "dmean": 2.27416586876,
        "dmean2": 3.63865685463,
        "dvar": 5.2144985199,
        "dvar2": 12.0943136215,
        "max": 24.5074863434,
        "mean": 8.03166770935,
        "median": 7.26808309555,
        "min": 2.5379755497,
        "var": 12.6751661301
    },
    "barkbands_flatness_db": {
        "dmean": 0.0170415546745,
        "dmean2": 0.0268502533436,
        "dvar": 0.000354494142812,
        "dvar2": 0.000805474584922,
        "max": 0.292792528868,
        "mean": 0.107390388846,
        "median": 0.0959167927504,
        "min": 0.019730662927,
        "var": 0.00212353561074
    },
    "barkbands_kurtosis": {
        "dmean": 2.01503801346,
        "dmean2": 3.13832616806,
        "dvar": 36.9930648804,
        "dvar2": 74.4829864502,
        "max": 102.693939209,
        "mean": 1.6496130228,
        "median": -0.0294396877289,
        "min": -1.78746628761,
        "var": 52.2477684021
    },
    "barkbands_skewness": {
        "dmean": 0.481087267399,
        "dmean2": 0.719365894794,
        "dvar": 0.413283646107,
        "dvar2": 0.772584676743,
        "max": 9.14136981964,
        "mean": 1.05705225468,
        "median": 0.883298277855,
        "min": -2.06860327721,
        "var": 1.12918388844
    },
    "barkbands_spread": {
        "dmean": 5.28485679626,
        "dmean2": 8.31212902069,
        "dvar": 29.5756149292,
        "dvar2": 69.2175369263,
        "max": 77.6682281494,
        "mean": 27.9042701721,
        "median": 27.3745822906,
        "min": 1.80985677242,
        "var": 118.936134338
    },
    "dissonance": {
        "dmean": 0.0127910478041,
        "dmean2": 0.0218397323042,
        "dvar": 0.000148862076458,
        "dvar2": 0.000413733214373,
        "max": 0.499999880791,
        "mean": 0.476858109236,
        "median": 0.481474131346,
        "min": 0.38848388195,
        "var": 0.000283925182885
    },
    "dynamic_complexity": 3.52314162254,
    "erbbands_crest": {
        "dmean": 2.3087182045,
        "dmean2": 3.75968575478,
        "dvar": 5.39608240128,
        "dvar2": 14.012969017,
        "max": 26.0145263672,
        "mean": 7.59312438965,
        "median": 6.72054243088,
        "min": 2.18463349342,
        "var": 12.3932704926
    },
    "erbbands_flatness_db": {
        "dmean": 0.0154229318723,
        "dmean2": 0.0224164482206,
        "dvar": 0.000277785671642,
        "dvar2": 0.00054951076163,
        "max": 0.323237210512,
        "mean": 0.150106057525,
        "median": 0.140660896897,
        "min": 0.0398942157626,
        "var": 0.00230392068624
    },
    "erbbands_kurtosis": {
        "dmean": 0.601263225079,
        "dmean2": 0.935248017311,
        "dvar": 0.555325567722,
        "dvar2": 1.31890559196,
        "max": 8.84899520874,
        "mean": -0.0380975306034,
        "median": -0.419943094254,
        "min": -1.64347553253,
        "var": 1.7241178751
    },
    "erbbands_skewness": {
        "dmean": 0.282137334347,
        "dmean2": 0.426046788692,
        "dvar": 0.0636349990964,
        "dvar2": 0.139663949609,
        "max": 2.23182630539,
        "mean": -0.116464264691,
        "median": -0.0975639820099,
        "min": -2.44083499908,
        "var": 0.328478753567
    },
    "erbbands_spread": {
        "dmean": 7.16426515579,
        "dmean2": 10.8564596176,
        "dvar": 59.1370315552,
        "dvar2": 131.222763062,
        "max": 110.920913696,
        "mean": 37.7653465271,
        "median": 35.8774795532,
        "min": 8.53425693512,
        "var": 204.259674072
    },
    "hfc": {
        "dmean": 7.2003531456,
        "dmean2": 10.3066425323,
        "dvar": 116.02645874,
        "dvar2": 256.213043213,
        "max": 137.90222168,
        "mean": 22.063369751,
        "median": 18.303144455,
        "min": 1.15109368782e-16,
        "var": 356.1456604
    },
    "melbands_crest": {
        "dmean": 2.93115210533,
        "dmean2": 4.74811124802,
        "dvar": 8.90865707397,
        "dvar2": 21.0180969238,
        "max": 35.1975708008,
        "mean": 11.8119010925,
        "median": 10.6539745331,
        "min": 1.65534901619,
        "var": 25.1737518311
    },
    "melbands_flatness_db": {
        "dmean": 0.0230903532356,
        "dmean2": 0.0356642603874,
        "dvar": 0.000643018109258,
        "dvar2": 0.0014443192631,
        "max": 0.401253372431,
        "mean": 0.169306352735,
        "median": 0.160192281008,
        "min": 0.00393866142258,
        "var": 0.00331808975898
    },
    "melbands_kurtosis": {
        "dmean": 5.31070947647,
        "dmean2": 8.23091316223,
        "dvar": 182.402893066,
        "dvar2": 343.708831787,
        "max": 212.677307129,
        "mean": 7.95832777023,
        "median": 3.64310741425,
        "min": -1.4240077734,
        "var": 288.461181641
    },
    "melbands_skewness": {
        "dmean": 0.662339508533,
        "dmean2": 1.00850129128,
        "dvar": 0.800519168377,
        "dvar2": 1.54017162323,
        "max": 11.4980487823,
        "mean": 2.14231753349,
        "median": 1.90031576157,
        "min": -0.271208405495,
        "var": 2.05629730225
    },
    "melbands_spread": {
        "dmean": 7.8486828804,
        "dmean2": 12.1009168625,
        "dvar": 73.068572998,
        "dvar2": 163.203475952,
        "max": 144.603881836,
        "mean": 31.9927368164,
        "median": 30.8384399414,
        "min": 1.19618713856,
        "var": 264.495117188
    },
    "pitch_salience": {
        "dmean": 0.0656187832355,
        "dmean2": 0.107802912593,
        "dvar": 0.00393983582035,
        "dvar2": 0.00969788059592,
        "max": 0.82726252079,
        "mean": 0.583185613155,
        "median": 0.598240554333,
        "min": 0.110218897462,
        "var": 0.0100871659815
    },
    "silence_rate_20dB": {
        "dmean": 0,
        "dmean2": 0,
        "dvar": 0,
        "dvar2": 0,
        "max": 1,
        "mean": 1,
        "median": 1,
        "min": 1,
        "var": 0
    },
    "silence_rate_30dB": {
        "dmean": 0.00232198135927,
        "dmean2": 0.00464576063678,
        "dvar": 0.00231660134159,
        "dvar2": 0.00539846438915,
        "max": 1,
        "mean": 0.998065769672,
        "median": 1,
        "min": 0,
        "var": 0.00193050818052
    },
    "silence_rate_60dB": {
        "dmean": 0.0181888546795,
        "dmean2": 0.0363917909563,
        "dvar": 0.017858857289,
        "dvar2": 0.0397158041596,
        "max": 1,
        "mean": 0.155125722289,
        "median": 0,
        "min": 0,
        "var": 0.131073012948
    },
    "spectral_centroid": {
        "dmean": 250.449737549,
        "dmean2": 380.197937012,
        "dvar": 78369.109375,
        "dvar2": 153166,
        "max": 11250.5664062,
        "mean": 1695.05102539,
        "median": 1674.29589844,
        "min": 233.251495361,
        "var": 568803.9375
    },
    "spectral_complexity": {
        "dmean": 3.91292572021,
        "dmean2": 5.86333703995,
        "dvar": 17.8039608002,
        "dvar2": 32.8417434692,
        "max": 56,
        "mean": 23.4247589111,
        "median": 24,
        "min": 0,
        "var": 133.344421387
    },
    "spectral_decrease": {
        "dmean": 2.37294583982e-09,
        "dmean2": 3.73115183194e-09,
        "dvar": 1.87866894986e-17,
        "dvar2": 4.57682573259e-17,
        "max": 7.49140586233e-29,
        "mean": -5.53795453939e-09,
        "median": -4.55669413313e-09,
        "min": -4.46723760206e-08,
        "var": 2.61768931448e-17
    },
    "spectral_energy": {
        "dmean": 0.00949066225439,
        "dmean2": 0.0147968810052,
        "dvar": 0.000285860267468,
        "dvar2": 0.000692267087288,
        "max": 0.173540368676,
        "mean": 0.0229027476162,
        "median": 0.0191298294812,
        "min": 1.0586842322e-20,
        "var": 0.000422212149715
    },
    "spectral_energyband_high": {
        "dmean": 0.000430672167568,
        "dmean2": 0.000643888721243,
        "dvar": 7.6401147453e-07,
        "dvar2": 1.9479225557e-06,
        "max": 0.0128434970975,
        "mean": 0.000965276849456,
        "median": 0.000570324365981,
        "min": 7.45941378981e-21,
        "var": 1.52535312736e-06
    },
    "spectral_energyband_low": {
        "dmean": 0.00526255182922,
        "dmean2": 0.00887478049845,
        "dvar": 0.000210327532841,
        "dvar2": 0.000537265557796,
        "max": 0.148467645049,
        "mean": 0.00747129693627,
        "median": 0.0033820932731,
        "min": 3.03527044385e-23,
        "var": 0.000195010725292
    },
    "spectral_energyband_middle_high": {
        "dmean": 0.00242158956826,
        "dmean2": 0.00353269395418,
        "dvar": 1.33618332256e-05,
        "dvar2": 2.80583262793e-05,
        "max": 0.0475089177489,
        "mean": 0.00686629069969,
        "median": 0.00480918213725,
        "min": 1.14699961625e-21,
        "var": 4.44207726105e-05
    },
    "spectral_energyband_middle_low": {
        "dmean": 0.00373751157895,
        "dmean2": 0.00582177424803,
        "dvar": 5.31664554728e-05,
        "dvar2": 0.000126975413878,
        "max": 0.108750708401,
        "mean": 0.00854625366628,
        "median": 0.00647648191079,
        "min": 2.33788054805e-22,
        "var": 8.43383459141e-05
    },
    "spectral_entropy": {
        "dmean": 0.121463917196,
        "dmean2": 0.190999060869,
        "dvar": 0.0176292993128,
        "dvar2": 0.0410053692758,
        "max": 9.81259155273,
        "mean": 7.63382196426,
        "median": 7.70763635635,
        "min": 6.23907756805,
        "var": 0.153885960579
    },
    "spectral_flux": {
        "dmean": 0.0248575806618,
        "dmean2": 0.0377559401095,
        "dvar": 0.00118286663201,
        "dvar2": 0.0023630571086,
        "max": 0.32488450408,
        "mean": 0.0826867371798,
        "median": 0.0763112157583,
        "min": 6.48009146342e-11,
        "var": 0.00292934756726
    },
    "spectral_kurtosis": {
        "dmean": 1.88976120949,
        "dmean2": 3.2098338604,
        "dvar": 7.01233243942,
        "dvar2": 20.5080547333,
        "max": 42.3369789124,
        "mean": 5.04190206528,
        "median": 4.29560804367,
        "min": -1.24840164185,
        "var": 11.7603683472
    },
    "spectral_rms": {
        "dmean": 0.000820138608105,
        "dmean2": 0.00122587638907,
        "dvar": 1.40498093515e-06,
        "dvar2": 3.04452919409e-06,
        "max": 0.0130118280649,
        "mean": 0.00426720874384,
        "median": 0.00432009808719,
        "min": 3.21381810053e-12,
        "var": 4.13506313635e-06
    },
    "spectral_rolloff": {
        "dmean": 502.248504639,
        "dmean2": 826.924133301,
        "dvar": 564225.5625,
        "dvar2": 1313565.375,
        "max": 19681.3476562,
        "mean": 1900.2130127,
        "median": 1722.65625,
        "min": 21.533203125,
        "var": 2064120.625
    },
    "spectral_skewness": {
        "dmean": 0.23862823844,
        "dmean2": 0.388837814331,
        "dvar": 0.0668297931552,
        "dvar2": 0.182372525334,
        "max": 4.45142316818,
        "mean": 1.47781586647,
        "median": 1.45560693741,
        "min": -0.0203916486353,
        "var": 0.173684492707
    },
    "spectral_spread": {
        "dmean": 453220.65625,
        "dmean2": 654403.3125,
        "dvar": 642376925184,
        "dvar2": 1.28841862349e+12,
        "max": 41864788,
        "mean": 4219323.5,
        "median": 4116883.25,
        "min": 1368731.25,
        "var": 6.34655814451e+12
    },
    "spectral_strongpeak": {
        "dmean": 0.510975778103,
        "dmean2": 0.879786491394,
        "dvar": 0.784812688828,
        "dvar2": 2.00645017624,
        "max": 7.89085769653,
        "mean": 0.746283352375,
        "median": 0.404506713152,
        "min": 0,
        "var": 1.00030601025
    },
    "zerocrossingrate": {
        "dmean": 0.00916698947549,
        "dmean2": 0.0108132651076,
        "dvar": 0.00012133144628,
        "dvar2": 0.000155499248649,
        "max": 0.515625,
        "mean": 0.0704092085361,
        "median": 0.06787109375,
        "min": 0.0048828125,
        "var": 0.00134719582275
    },
    "barkbands": {
        "dmean": [7.97601096565e-05, 0.00293074781075, 0.00241687544622, 0.00106677808799, 0.00173559901305, 0.000635751872323, 0.000879025028553, 0.000366135471268, 0.00051876885118, 0.000575256592128, 0.000463590957224, 0.000631975417491, 0.000564878282603, 0.00047916881158, 0.00034631442395, 0.000360856967745, 0.00025317791733, 0.000329428701662, 0.000248379132245, 0.000180093964445, 0.000146203092299, 0.000112359935883, 9.80999975582e-05, 4.79743357573e-05, 2.97553924611e-05, 3.10166833515e-05, 1.29340924104e-05],
        "dmean2": [0.00012690728181, 0.00477887736633, 0.00435703247786, 0.00175582699012, 0.00272957142442, 0.00104469282087, 0.00144785526209, 0.000593058764935, 0.000853277451824, 0.00087098282529, 0.000728799263015, 0.000984493177384, 0.000876593752764, 0.000763277930673, 0.000548651849385, 0.000580307561904, 0.000399331038352, 0.000521213049069, 0.000388034823118, 0.000277217157418, 0.000223159935558, 0.000183420226676, 0.000163271150086, 7.39925526432e-05, 4.26184415119e-05, 4.37261114712e-05, 2.04103416763e-05],
        "dvar": [5.73955354355e-08, 6.97713912814e-05, 5.07100921823e-05, 6.37102994006e-06, 1.74941960722e-05, 1.54217616455e-06, 4.25811367677e-06, 9.84367375167e-07, 2.54715178016e-06, 2.06892741517e-06, 1.3574026525e-06, 2.7947316994e-06, 2.43506610786e-06, 1.3957221654e-06, 7.34167485916e-07, 5.45153625353e-07, 2.36287064581e-07, 2.96643662523e-07, 1.74478628878e-07, 1.12571399313e-07, 7.75848789658e-08, 8.66159624024e-08, 7.49494333263e-08, 1.09921476366e-08, 3.89175314197e-09, 6.60254517726e-09, 1.91685134432e-09],
        "dvar2": [1.28983359104e-07, 0.000173789419932, 0.000141947122756, 1.68794940691e-05, 4.28299790656e-05, 3.94424932892e-06, 1.08960621219e-05, 2.50373068411e-06, 6.74385228194e-06, 4.35760603068e-06, 3.1894546737e-06, 6.50204265185e-06, 5.72965063839e-06, 3.36891434927e-06, 1.71703322849e-06, 1.34320191592e-06, 5.63784340102e-07, 7.01823807958e-07, 3.8982273054e-07, 2.55323158171e-07, 1.74013820242e-07, 2.3055092413e-07, 2.1288585117e-07, 2.56383501096e-08, 8.19501799754e-09, 1.3855900427e-08, 4.45865833143e-09],
        "max": [0.00261308834888, 0.0878388732672, 0.0965705290437, 0.0569615438581, 0.0718461200595, 0.02531260252, 0.0244325045496, 0.0214440897107, 0.0331160761416, 0.0258676540107, 0.0190658681095, 0.0274288523942, 0.0259686745703, 0.0224754270166, 0.0136005086824, 0.0118359718472, 0.00802847836167, 0.00647423090413, 0.00625554146245, 0.00498437462375, 0.00456653954461, 0.00561881856993, 0.00484874565154, 0.00152746494859, 0.00106193241663, 0.00126041914336, 0.000588545575738],
        "mean": [9.67183950706e-05, 0.00383296236396, 0.0027072832454, 0.00159673707094, 0.00318331760354, 0.00101783860009, 0.001205633278, 0.00057133496739, 0.000777141656727, 0.000892298761755, 0.000686945801135, 0.000971109606326, 0.000823309528641, 0.000705386162736, 0.000494363892358, 0.000581206055358, 0.000467859004857, 0.000624653417617, 0.000503564311657, 0.000350017508026, 0.000277941406239, 0.000167752499692, 0.000149530067574, 9.09879963729e-05, 5.7525907323e-05, 5.50898475922e-05, 1.42267017509e-05],
        "median": [1.13812811833e-05, 0.00128392467741, 0.00100464816205, 0.000752826803364, 0.001877647941, 0.000552075507585, 0.000511156918947, 0.000299576349789, 0.000381791032851, 0.000294400961138, 0.000223589828238, 0.000342417304637, 0.00026683989563, 0.000319725077134, 0.000184377728147, 0.000299292791169, 0.000217305569095, 0.000302989414195, 0.000255516351899, 0.000177292124135, 0.000128401821712, 6.76922791172e-05, 4.99069974467e-05, 3.53579926013e-05, 2.5823352189e-05, 1.70164421434e-05, 8.85459655819e-07],
        "min": [6.55279341051e-24, 1.77916974882e-23, 3.07423413778e-24, 4.91074788185e-24, 1.64128080689e-23, 1.79281199377e-23, 2.18526366769e-23, 2.68416991195e-23, 3.69401158265e-23, 3.06682898213e-23, 3.94076538054e-23, 3.84157337923e-23, 5.06186767777e-23, 4.88456298517e-23, 8.01877615028e-23, 1.26136321768e-22, 1.39563314977e-22, 1.19834446473e-22, 1.57799216885e-22, 1.96554766712e-22, 3.51922865748e-22, 3.69081385609e-22, 4.68468418579e-22, 6.64911495209e-22, 9.33758169473e-22, 1.47061151367e-21, 2.33159232952e-21],
        "var": [6.27501819395e-08, 6.51837908663e-05, 4.03866906709e-05, 7.28430995878e-06, 2.32683178183e-05, 1.95670827452e-06, 4.6230757107e-06, 1.12917575734e-06, 2.46913259616e-06, 3.65099890587e-06, 2.20368906412e-06, 4.65089942736e-06, 3.71514738617e-06, 1.72832790213e-06, 1.02590206552e-06, 8.5124997895e-07, 4.8971128308e-07, 6.32917817711e-07, 4.21770408821e-07, 2.36555308675e-07, 1.63786552321e-07, 9.85753629834e-08, 9.59509378617e-08, 2.17694342552e-08, 8.42202307894e-09, 1.19381873276e-08, 2.14638351537e-09]
    },
    "erbbands": {
        "dmean": [0.0777785852551, 0.714492440224, 2.44755244255, 3.42209005356, 6.01866054535, 4.99199485779, 4.72179889679, 6.27078771591, 11.2657375336, 10.2958564758, 8.47662639618, 11.1098327637, 15.7290935516, 16.0213432312, 20.5388298035, 22.2234916687, 23.4464836121, 22.0270576477, 21.303483963, 16.6581497192, 18.1236915588, 14.2312517166, 18.4009952545, 12.9298400879, 11.7082796097, 8.21682167053, 5.8889541626, 5.57967424393, 4.00553226471, 3.76084685326, 2.47592020035, 1.22301435471, 0.742568194866, 0.384766668081, 0.189398556948, 0.129839196801, 0.058731328696, 0.0178379230201, 0.00248096953146, 6.96541901561e-05],
        "dmean2": [0.130427539349, 1.20106172562, 4.39275455475, 5.92685413361, 9.29017925262, 8.35413837433, 7.71657133102, 10.491396904, 18.3941841125, 17.1944255829, 13.7022209167, 18.2788009644, 24.4708786011, 24.3300914764, 31.9256458282, 34.3910980225, 35.3769187927, 34.1572532654, 33.8517799377, 25.8504676819, 29.047914505, 22.6803283691, 29.2922649384, 20.0393104553, 17.6718425751, 12.6325063705, 8.91417884827, 8.76138782501, 6.4646859169, 6.34836912155, 4.09638118744, 1.93150186539, 1.12525391579, 0.580838501453, 0.269379407167, 0.185250461102, 0.0845609381795, 0.0269638895988, 0.00392677169293, 0.000109112668724],
        "dvar": [0.0599217191339, 4.23972129822, 51.0712661743, 88.5234222412, 235.387985229, 140.370223999, 77.1754455566, 162.869720459, 741.865478516, 704.50567627, 576.298461914, 1356.41088867, 1551.64367676, 1776.3482666, 2454.08081055, 3741.34594727, 4022.86791992, 2987.47753906, 2938.33520508, 1499.94140625, 1304.44750977, 721.168823242, 983.211853027, 466.333404541, 406.744720459, 242.881820679, 141.999923706, 121.595695496, 104.718971252, 116.708808899, 49.3471221924, 8.46403408051, 2.59986329079, 0.708520293236, 0.22999997437, 0.108126506209, 0.0262877456844, 0.00281398021616, 7.48637030483e-05, 4.85200146727e-08],
        "dvar2": [0.146554335952, 11.0717821121, 143.420181274, 243.771072388, 528.708618164, 392.314300537, 206.477600098, 421.22555542, 1882.72875977, 1864.68371582, 1445.59375, 3575.66162109, 3464.09448242, 3884.83398438, 5949.88671875, 8666.33496094, 9310.72363281, 6942.00244141, 7417.72509766, 3394.26904297, 3304.57104492, 1752.13952637, 2430.54516602, 1028.44311523, 921.431762695, 567.340454102, 306.856658936, 286.606445312, 280.622009277, 327.930297852, 139.317977905, 21.5316410065, 5.67952728271, 1.63656163216, 0.47319534421, 0.224718257785, 0.0580050833523, 0.00644122064114, 0.000172147716512, 1.13119661194e-07],
        "max": [2.11200642586, 21.3940162659, 85.2621917725, 190.054199219, 248.30065918, 201.699935913, 113.102401733, 297.698272705, 384.7762146, 365.340270996, 531.024902344, 796.961669922, 747.976745605, 781.167114258, 838.433898926, 1136.60925293, 1282.24108887, 925.032043457, 919.656616211, 728.039855957, 840.225585938, 416.00302124, 403.688446045, 372.236297607, 389.377685547, 222.589035034, 218.647293091, 130.791168213, 188.659805298, 151.259216309, 150.285400391, 39.7394332886, 31.0800323486, 14.7061090469, 11.8463878632, 6.35561847687, 2.693379879, 0.690232872963, 0.13194821775, 0.00390846421942],
        "mean": [0.0887576341629, 0.938859939575, 2.95756745338, 4.68809366226, 9.79413986206, 8.59838485718, 8.02303886414, 9.6680393219, 16.220085144, 14.5868444443, 13.4975652695, 16.9397258759, 26.2752952576, 27.7486495972, 31.791721344, 36.1378746033, 36.6927757263, 34.9934310913, 31.7890663147, 28.1435966492, 32.0763092041, 29.0948963165, 34.7596168518, 27.109872818, 24.7677116394, 16.5693225861, 11.3662366867, 10.3080329895, 6.11227273941, 5.50739908218, 3.77045536041, 2.09722089767, 1.40908455849, 0.717627048492, 0.369433373213, 0.245694622397, 0.0965925231576, 0.024187380448, 0.00263707665727, 9.19641242945e-05],
        "median": [0.0280524808913, 0.317074000835, 0.990814626217, 2.25685024261, 4.6075592041, 4.75967931747, 4.68567895889, 5.24523544312, 7.50810718536, 6.65262699127, 7.73144769669, 8.15847873688, 11.0644350052, 9.98934936523, 11.9992313385, 12.0321683884, 13.2391681671, 14.946015358, 14.0548439026, 12.4267311096, 17.8679924011, 14.6504335403, 16.9993667603, 14.24330616, 13.726934433, 8.41534519196, 5.29815483093, 4.72095632553, 2.45809149742, 1.86812508106, 1.29246938229, 0.752203166485, 0.543384075165, 0.313992202282, 0.160258948803, 0.0882064551115, 0.0282776504755, 0.00455806823447, 0.000132735644002, 3.42173989338e-05],
        "min": [4.7224005723e-22, 3.463286883e-21, 5.07070803173e-21, 1.13989737404e-20, 3.94019536101e-20, 4.83589108521e-20, 1.88511204577e-19, 2.20944129215e-19, 3.24944410258e-19, 3.49624713851e-19, 5.98648186893e-19, 1.01612955077e-18, 1.04900687819e-18, 9.36247064655e-19, 1.79296526291e-18, 1.6258735384e-18, 2.14123911327e-18, 2.25460607738e-18, 4.17749163601e-18, 4.40553168241e-18, 7.17618307033e-18, 7.34577081233e-18, 6.25079461237e-18, 5.1793359844e-18, 8.96595955197e-18, 7.48740067681e-18, 1.23344582092e-17, 1.59366353894e-17, 1.20623554923e-17, 1.5437392185e-17, 1.37670456946e-17, 1.22945723872e-17, 1.16629099745e-17, 7.74464805705e-18, 6.72454286946e-18, 4.71743915753e-18, 2.81339118978e-18, 1.14547443899e-18, 3.13130823544e-19, 3.22258968399e-20],
        "var": [0.0517314039171, 3.74504470825, 41.496711731, 77.5588760376, 312.62902832, 166.399337769, 100.433570862, 191.061218262, 855.486755371, 684.270629883, 632.099853516, 1346.08679199, 2590.31152344, 3359.35351562, 3830.97216797, 6427.75976562, 6452.90234375, 4388.09277344, 3574.57910156, 2421.63037109, 2113.50683594, 1546.06494141, 2024.49902344, 1143.46069336, 990.156799316, 513.098144531, 291.042358398, 236.196563721, 120.136856079, 117.533737183, 63.0075874329, 13.2576179504, 5.30464696884, 1.32823204994, 0.443082332611, 0.21186850965, 0.0415691696107, 0.00361740170047, 8.31227589515e-05, 5.36009423513e-08]
    },
    "gfcc": {
        "mean": [-4.0169672966, 91.650390625, -127.109886169, 31.824672699, -46.958782196, 5.16145563126, -34.0381317139, 7.86059427261, -26.2961044312, -0.395081490278, -16.5479946136, 2.15690684319, -14.5445919037],
        "cov": [[14852.5322266, -2673.63427734, 692.075195312, 468.784057617, -577.541442871, 1047.54858398, -442.313171387, 184.78805542, -662.29296875, 576.191711426, -505.711334229, 146.728057861, -314.414428711], [-2673.63427734, 1614.60253906, -690.390197754, -15.8574113846, 139.34677124, -354.220184326, 159.917907715, -70.3535385132, 226.131988525, -229.744430542, 186.316253662, -93.7090606689, 94.2503738403], [692.075195312, -690.390197754, 800.52557373, 17.6648845673, 49.0204467773, 224.557754517, -39.5257911682, 60.9213600159, -52.6759338379, 141.625549316, -74.539680481, 44.8583030701, -21.5431156158], [468.784057617, -15.8574113846, 17.6648845673, 333.292327881, -64.1765213013, 87.1477813721, 21.6787910461, 17.1357536316, 32.1630363464, 14.3243894577, -14.1506538391, -11.0409326553, 19.5646686554], [-577.541442871, 139.34677124, 49.0204467773, -64.1765213013, 267.097137451, -34.704410553, 56.3346252441, 30.8592033386, 38.773853302, 24.1681594849, 11.1141862869, -0.312377899885, 14.0052452087], [1047.54858398, -354.220184326, 224.557754517, 87.1477813721, -34.704410553, 352.882232666, 41.7354316711, 25.7671012878, -55.3169517517, 88.7958374023, -13.3418388367, 10.9548912048, -24.3736400604], [-442.313171387, 159.917907715, -39.5257911682, 21.6787910461, 56.3346252441, 41.7354316711, 183.98576355, 26.0689888, 31.9370765686, -24.0046463013, 44.4244194031, 7.46967983246, 15.3719081879], [184.78805542, -70.3535385132, 60.9213600159, 17.1357536316, 30.8592033386, 25.7671012878, 26.0689888, 130.581298828, 22.6610336304, 21.0793685913, -7.74605751038, 20.850233078, 8.75992584229], [-662.29296875, 226.131988525, -52.6759338379, 32.1630363464, 38.773853302, -55.3169517517, 31.9370765686, 22.6610336304, 141.72807312, -21.8347511292, 34.9511756897, -12.1109924316, 23.9806308746], [576.191711426, -229.744430542, 141.625549316, 14.3243894577, 24.1681594849, 88.7958374023, -24.0046463013, 21.0793685913, -21.8347511292, 151.06439209, -12.1970491409, 9.7731180191, -14.5717411041], [-505.711334229, 186.316253662, -74.539680481, -14.1506538391, 11.1141862869, -13.3418388367, 44.4244194031, -7.74605751038, 34.9511756897, -12.1970491409, 104.229377747, 3.50727438927, 6.88928937912], [146.728057861, -93.7090606689, 44.8583030701, -11.0409326553, -0.312377899885, 10.9548912048, 7.46967983246, 20.850233078, -12.1109924316, 9.7731180191, 3.50727438927, 70.3161468506, 7.33378505707], [-314.414428711, 94.2503738403, -21.5431156158, 19.5646686554, 14.0052452087, -24.3736400604, 15.3719081879, 8.75992584229, 23.9806308746, -14.5717411041, 6.88928937912, 7.33378505707, 68.2710189819]],
        "icov": [[0.000168402926647, 1.26675267893e-05, 0.000145399782923, -0.000171871215571, 0.000152778127813, -0.000325287081068, 0.000251037679845, -0.0002653838892, 0.000399125157855, -0.000337890582159, 0.000497401051689, -0.000307316833641, 0.000453767628642], [1.26675267893e-05, 0.00220334646292, 0.00101627537515, -0.000211685022805, -0.000952442816924, 0.000767439603806, -0.000694386777468, 0.000642794126179, -0.00134949595667, 0.00127047998831, -0.00200913636945, 0.0018151239492, -0.00130590877961], [0.000145399782923, 0.00101627537515, 0.00250577763654, -0.000113752059406, -0.000798277906142, -0.00100021134131, 0.000430402753409, -0.000245113391429, -0.000437944341684, -0.000537636631634, 0.000527426309418, -0.000398608419346, -0.000140188611113], [-0.000171871215571, -0.000211685022805, -0.000113752059406, 0.00402226438746, 0.0010893791914, -0.000775711727329, -0.000686007668264, 3.65104569937e-05, -0.00173292763066, -0.000175953086, 0.000729252933525, 0.000828012940474, -0.00162989378441], [0.000152778127813, -0.000952442816924, -0.000798277906142, 0.0010893791914, 0.00559141207486, 0.00030647739186, -0.00146457448136, -0.00106373045128, -8.33256854094e-05, -0.00237435894087, 0.00175082404166, -0.000258128042333, 0.000256568018813], [-0.000325287081068, 0.000767439603806, -0.00100021134131, -0.000775711727329, 0.00030647739186, 0.00583321973681, -0.00276270811446, 0.000441842159489, 0.000416585156927, -0.000822269998025, -0.00211866106838, 0.00180290266871, -0.00036755509791], [0.000251037679845, -0.000694386777468, 0.000430402753409, -0.000686007668264, -0.00146457448136, -0.00276270811446, 0.00856193620712, -0.00176884746179, 0.000551461067516, 0.00125232839491, -0.00131096714176, -0.00185489677824, 0.000465574063128], [-0.0002653838892, 0.000642794126179, -0.000245113391429, 3.65104569937e-05, -0.00106373045128, 0.000441842159489, -0.00176884746179, 0.00990398041904, -0.00302998232655, 6.64525668981e-06, 0.000222146351007, -0.00162985932548, -0.0014755759621], [0.000399125157855, -0.00134949595667, -0.000437944341684, -0.00173292763066, -8.33256854094e-05, 0.000416585156927, 0.000551461067516, -0.00302998232655, 0.011874075979, -0.0010751914233, -0.000725754012819, 0.000368510402041, 0.000123315752717], [-0.000337890582159, 0.00127047998831, -0.000537636631634, -0.000175953086, -0.00237435894087, -0.000822269998025, 0.00125232839491, 6.64525668981e-06, -0.0010751914233, 0.010878847912, -0.00306929438375, 0.00121876795311, -0.000640144397039], [0.000497401051689, -0.00200913636945, 0.000527426309418, 0.000729252933525, 0.00175082404166, -0.00211866106838, -0.00131096714176, 0.000222146351007, -0.000725754012819, -0.00306929438375, 0.016048559919, -0.00429780269042, 0.0026149849873], [-0.000307316833641, 0.0018151239492, -0.000398608419346, 0.000828012940474, -0.000258128042333, 0.00180290266871, -0.00185489677824, -0.00162985932548, 0.000368510402041, 0.00121876795311, -0.00429780269042, 0.0186314843595, -0.0043978667818], [0.000453767628642, -0.00130590877961, -0.000140188611113, -0.00162989378441, 0.000256568018813, -0.00036755509791, 0.000465574063128, -0.0014755759621, 0.000123315752717, -0.000640144397039, 0.0026149849873, -0.0043978667818, 0.0188922230154]]
    },
    "melbands": {
        "dmean": [0.000754773442168, 0.00115712219849, 0.000647310982458, 0.000397459836677, 0.000176562098204, 0.000138778152177, 0.00017159730487, 0.000104127459053, 7.17841030564e-05, 7.38705566619e-05, 8.29665223137e-05, 7.02396428096e-05, 6.33516319795e-05, 7.62661147746e-05, 5.4189524235e-05, 5.98241495027e-05, 4.19846764999e-05, 4.00651370001e-05, 2.59780408669e-05, 2.40742901951e-05, 2.20498986891e-05, 1.57365539053e-05, 1.55272609845e-05, 1.70458752109e-05, 1.09669081212e-05, 1.02498515844e-05, 7.8780867625e-06, 5.49452943233e-06, 3.76856041839e-06, 3.96271343561e-06, 3.31630781147e-06, 2.43077761297e-06, 2.12782356357e-06, 2.25083158512e-06, 1.63653271557e-06, 1.02606486507e-06, 6.94896414188e-07, 5.83802886922e-07, 4.55103759123e-07, 3.11310373036e-07],
        "dmean2": [0.00123024382629, 0.00202733417973, 0.00107975548599, 0.00062652816996, 0.000292527867714, 0.000231343641644, 0.000280164676951, 0.000173089138116, 0.000117163566756, 0.000120989410789, 0.000128959247377, 0.000106586769107, 9.84404396149e-05, 0.000118782110803, 8.31277429825e-05, 9.28117951844e-05, 6.55848853057e-05, 6.42775485176e-05, 4.013965372e-05, 3.85223829653e-05, 3.57927929144e-05, 2.5613415346e-05, 2.44673137786e-05, 2.71637272817e-05, 1.7209968064e-05, 1.61444168043e-05, 1.21861485241e-05, 8.61096305016e-06, 5.85553698329e-06, 6.22102061243e-06, 5.23285598319e-06, 3.90981449527e-06, 3.59302475772e-06, 3.79503603654e-06, 2.732487701e-06, 1.66773190813e-06, 1.09431323381e-06, 9.03697582544e-07, 7.0023452281e-07, 4.78723904962e-07],
        "dvar": [4.91104492539e-06, 1.11804465632e-05, 2.20685865315e-06, 1.00816362192e-06, 1.08397529175e-07, 7.58517373356e-08, 1.62075622256e-07, 6.86339589606e-08, 5.48113874288e-08, 4.92160374677e-08, 4.27700825867e-08, 3.26554108199e-08, 2.23610410188e-08, 4.32537277106e-08, 2.31019008368e-08, 2.61438444227e-08, 1.10433573397e-08, 1.10893276783e-08, 4.49650183754e-09, 3.44357853344e-09, 1.99309857507e-09, 7.98028476634e-10, 9.58919832428e-10, 9.66977276029e-10, 3.5148159383e-10, 3.31809829612e-10, 2.04336048082e-10, 1.21607682257e-10, 6.10251571498e-11, 6.44972270036e-11, 4.47311042373e-11, 3.45039101457e-11, 3.95976723633e-11, 3.86315840428e-11, 2.34012843825e-11, 6.82621277212e-12, 2.6275552914e-12, 1.56779201167e-12, 1.12098828484e-12, 4.58227910911e-13],
        "dvar2": [1.19374044516e-05, 3.08777562168e-05, 5.79890502195e-06, 2.4657317681e-06, 2.97860140108e-07, 1.90996274796e-07, 4.08272939012e-07, 1.80667981908e-07, 1.43459388369e-07, 1.26618232343e-07, 9.56441894573e-08, 7.07867897631e-08, 5.30366506268e-08, 9.88893518183e-08, 5.07819741813e-08, 6.17867996766e-08, 2.5926828684e-08, 2.85003434186e-08, 1.06843778269e-08, 8.13573830527e-09, 5.15070208706e-09, 1.96697191868e-09, 2.3897779311e-09, 2.34910624286e-09, 8.04530997378e-10, 7.33995086932e-10, 4.58895754729e-10, 2.96076690942e-10, 1.33290198323e-10, 1.47748785428e-10, 1.07983677555e-10, 9.02950977877e-11, 1.09662494363e-10, 1.09092852807e-10, 6.64848245902e-11, 1.84050639312e-11, 6.33200870209e-12, 3.40720854308e-12, 2.53967029698e-12, 1.0915476422e-12],
        "max": [0.022476747632, 0.0332017801702, 0.0268877912313, 0.0177222304046, 0.004295242019, 0.00595097010955, 0.00534033030272, 0.00408721901476, 0.00466835312545, 0.00430701673031, 0.00399734266102, 0.00308392383158, 0.00215446902439, 0.00335784326307, 0.00275522144511, 0.00287145306356, 0.00199771439657, 0.00189837790094, 0.00137755891774, 0.00110355787911, 0.00110064062756, 0.000404386548325, 0.000513965962455, 0.000448448059615, 0.000358349556336, 0.000289467308903, 0.000234268474742, 0.000168913655216, 0.000139439565828, 0.000153779314132, 0.000100337798358, 0.000101781457488, 0.000115977512905, 7.40219256841e-05, 0.000123315447127, 3.35513068421e-05, 2.16692678805e-05, 2.34044400713e-05, 1.86772795132e-05, 1.23976233226e-05],
        "mean": [0.000935056363232, 0.00149377074558, 0.000967393687461, 0.000699441472534, 0.000302949512843, 0.000217746186536, 0.000248549098615, 0.000154465917149, 0.000106483857962, 0.000110737593786, 0.000135074369609, 0.000116002527648, 9.52280897764e-05, 0.000113953610708, 7.85978409112e-05, 8.6889580416e-05, 6.16226752754e-05, 5.50063414266e-05, 3.83692749892e-05, 3.81253776141e-05, 3.57655953849e-05, 2.92310196528e-05, 2.90709831461e-05, 3.01461150229e-05, 2.09398440347e-05, 1.9475190129e-05, 1.54422905325e-05, 9.86785744317e-06, 6.61604053676e-06, 7.17203693057e-06, 5.55041287953e-06, 3.54976327799e-06, 2.83667509393e-06, 3.24380221173e-06, 2.44273633143e-06, 1.43527392993e-06, 1.19753735817e-06, 1.06889581275e-06, 7.55957444198e-07, 5.49625156054e-07],
        "median": [0.000322726671584, 0.000550838536583, 0.00052303558914, 0.000366203224985, 0.000173334323335, 0.00011722061754, 0.000117209463497, 7.54675565986e-05, 5.61793531233e-05, 5.32422018296e-05, 5.39383108844e-05, 3.94153066736e-05, 3.32798954332e-05, 4.1167040763e-05, 2.1713476599e-05, 3.04740260617e-05, 2.54071983363e-05, 2.22936105274e-05, 1.48109993461e-05, 1.65791898326e-05, 1.86037341336e-05, 1.44409659697e-05, 1.22815681607e-05, 1.41605014505e-05, 9.46788895817e-06, 9.59364933806e-06, 7.99693771114e-06, 4.53153597846e-06, 2.75609750133e-06, 2.90837829198e-06, 2.2945478122e-06, 1.26190445826e-06, 1.0140483937e-06, 9.94931383502e-07, 7.24228300442e-07, 4.83789222017e-07, 3.83260385206e-07, 3.89845325799e-07, 2.85774547137e-07, 2.28300294225e-07],
        "min": [6.42136247838e-24, 3.35575867612e-24, 3.24517654885e-24, 3.5126169618e-24, 6.1525384034e-24, 5.23119383118e-24, 5.11389928647e-24, 3.6819704098e-24, 5.54413692443e-24, 5.5028641163e-24, 5.02261111923e-24, 3.29048319722e-24, 6.30487533281e-24, 3.93549649967e-24, 4.70942624011e-24, 3.20829079343e-24, 4.43376274108e-24, 6.02092051124e-24, 4.41422936178e-24, 6.39747498131e-24, 6.87915739434e-24, 7.54404880831e-24, 6.22187414938e-24, 5.03680272691e-24, 3.40867783222e-24, 6.26355203758e-24, 4.43890414203e-24, 4.81360557783e-24, 7.36163576803e-24, 7.51965012937e-24, 8.32530272782e-24, 5.14975656449e-24, 1.01818095599e-23, 7.61156977977e-24, 7.97632012968e-24, 8.06993661988e-24, 6.36143981516e-24, 7.85251077719e-24, 6.4209625259e-24, 6.23336430289e-24],
        "var": [4.51473624707e-06, 9.2475584097e-06, 2.28647991207e-06, 1.29869420107e-06, 1.45000029761e-07, 9.40853936982e-08, 1.86683081438e-07, 7.04702927123e-08, 5.12906765948e-08, 5.32273425335e-08, 7.19832158325e-08, 6.02943401873e-08, 3.55033193955e-08, 6.70000233072e-08, 4.08306668476e-08, 3.9170576116e-08, 1.47898360225e-08, 1.2621976353e-08, 6.60694254861e-09, 5.08241981834e-09, 2.96971447433e-09, 1.6474308584e-09, 1.8607458907e-09, 1.72470560056e-09, 7.92214294165e-10, 7.089215881e-10, 4.63935528883e-10, 2.21973411874e-10, 1.12155749965e-10, 1.26819138524e-10, 7.85645368206e-11, 4.40097853993e-11, 3.38271181899e-11, 4.51550741243e-11, 3.31587431124e-11, 7.38681772e-12, 5.00202006551e-12, 3.29117527502e-12, 1.83245085772e-12, 8.54646757011e-13]
    },
    "mfcc": {
        "mean": [-641.188720703, 122.744689941, -16.5612697601, 27.1257953644, 4.82029914856, 1.62559819221, 2.1682946682, 5.69024324417, -3.78813385963, -0.579441308975, -1.36924874783, -2.73900365829, -0.293430417776],
        "cov": [[8877.86035156, -1893.23547363, 733.17578125, -22.096862793, -137.702453613, 746.153808594, 207.567245483, -173.69329834, 87.8362426758, 51.9538993835, 18.3305130005, 127.867637634, -413.97644043], [-1893.23547363, 1135.96203613, -409.434631348, 42.6515007019, 59.5064353943, -202.547195435, -25.394329071, 59.6548156738, -25.9208068848, -1.22499799728, 18.2423591614, -26.9541072845, 136.188751221], [733.17578125, -409.434631348, 520.229064941, -14.9257164001, 17.9256896973, 138.796798706, 20.4076251984, -13.0946044922, 35.4278793335, 6.88669300079, 0.145133778453, 37.1609344482, -35.4980812073], [-22.096862793, 42.6515007019, -14.9257164001, 253.161422729, 14.8295097351, 3.65512037277, -25.2246246338, 19.6897506714, 51.1477546692, 19.4416713715, -21.0130271912, 27.6777591705, 20.2138500214], [-137.702453613, 59.5064353943, 17.9256896973, 14.8295097351, 158.920211792, -11.8626794815, -12.0292129517, -17.3442497253, 26.1605434418, 25.5850524902, -1.974162817, 19.5831871033, 5.9325170517], [746.153808594, -202.547195435, 138.796798706, 3.65512037277, -11.8626794815, 277.544647217, 82.0838699341, -13.0337018967, 28.501241684, 19.7694625854, 33.057056427, 36.2845916748, -43.6797218323], [207.567245483, -25.394329071, 20.4076251984, -25.2246246338, -12.0292129517, 82.0838699341, 163.224655151, 29.2000408173, 11.4788923264, 8.15749454498, 26.8322792053, 11.253868103, -4.82556629181], [-173.69329834, 59.6548156738, -13.0946044922, 19.6897506714, -17.3442497253, -13.0337018967, 29.2000408173, 150.51751709, 25.2692298889, -3.552277565, 19.420753479, -14.4840593338, 30.0434741974], [87.8362426758, -25.9208068848, 35.4278793335, 51.1477546692, 26.1605434418, 28.501241684, 11.4788923264, 25.2692298889, 115.135169983, 28.3494911194, -4.67430925369, 25.6287727356, -11.1172876358], [51.9538993835, -1.22499799728, 6.88669300079, 19.4416713715, 25.5850524902, 19.7694625854, 8.15749454498, -3.552277565, 28.3494911194, 96.4960708618, 17.0031929016, 5.26021385193, -1.38972210884], [18.3305130005, 18.2423591614, 0.145133778453, -21.0130271912, -1.974162817, 33.057056427, 26.8322792053, 19.420753479, -4.67430925369, 17.0031929016, 96.2585525513, 11.2774934769, 6.5612654686], [127.867637634, -26.9541072845, 37.1609344482, 27.6777591705, 19.5831871033, 36.2845916748, 11.253868103, -14.4840593338, 25.6287727356, 5.26021385193, 11.2774934769, 92.1284866333, 8.88836860657], [-413.97644043, 136.188751221, -35.4980812073, 20.2138500214, 5.9325170517, -43.6797218323, -4.82556629181, 30.0434741974, -11.1172876358, -1.38972210884, 6.5612654686, 8.88836860657, 103.087295532]],
