{
"lowlevel": {
    "average_loudness": 0.941498100758,
    "barkbands_crest": {
        "dmean": 2.29273819923,
        "dmean2": 3.7020676136,
        "dvar": 5.55589294434,
        "dvar2": 11.9965085983,
        "max": 24.3706302643,
        "mean": 7.89527177811,
        "median": 7.00331020355,
        "min": 2.68980836868,
        "var": 11.8014411926
    },
    "barkbands_flatness_db": {
        "dmean": 0.0177109371871,
        "dmean2": 0.0282884538174,
        "dvar": 0.00034060125472,
        "dvar2": 0.000792543811258,
        "max": 0.290511161089,
        "mean": 0.115704841912,
        "median": 0.10781570524,
        "min": 0.0262332838029,
        "var": 0.00123878195882
    },
    "barkbands_kurtosis": {
        "dmean": 1.36736357212,
        "dmean2": 2.26457858086,
        "dvar": 6.96839380264,
        "dvar2": 17.1940307617,
        "max": 63.764503479,
        "mean": 0.946521878242,
        "median": -0.0932722091675,
        "min": -1.6693431139,
        "var": 11.7077007294
    },
    "barkbands_skewness": {
        "dmean": 0.429665207863,
        "dmean2": 0.685634374619,
        "dvar": 0.240605220199,
        "dvar2": 0.580098986626,
        "max": 7.26694488525,
        "mean": 1.02542591095,
        "median": 0.894060432911,
        "min": -1.96178150177,
        "var": 0.768137991428
    },
    "barkbands_spread": {
        "dmean": 5.4346818924,
        "dmean2": 8.73712444305,
        "dvar": 31.3371582031,
        "dvar2": 76.350769043,
        "max": 71.1068496704,
        "mean": 29.8169155121,
        "median": 29.4785938263,
        "min": 2.98999619484,
        "var": 86.1244354248
    },
    "dissonance": {
        "dmean": 0.0102592781186,
        "dmean2": 0.0174546707422,
        "dvar": 9.56972726271e-05,
        "dvar2": 0.000274708057987,
        "max": 0.500000059605,
        "mean": 0.481572300196,
        "median": 0.484701752663,
        "min": 0.386188328266,
        "var": 0.000175621316885
    },
    "dynamic_complexity": 2.66543030739,
    "erbbands_crest": {
        "dmean": 1.9634770155,
        "dmean2": 3.28298640251,
        "dvar": 4.07016992569,
        "dvar2": 10.6140022278,
        "max": 26.6437339783,
        "mean": 7.14128541946,
        "median": 6.15212345123,
        "min": 2.12220430374,
        "var": 12.9711313248
    },
    "erbbands_flatness_db": {
        "dmean": 0.013815458864,
        "dmean2": 0.0210406184196,
        "dvar": 0.000217463355511,
        "dvar2": 0.000470516213682,
        "max": 0.3060156703,
        "mean": 0.144655898213,
        "median": 0.139309585094,
        "min": 0.0658742263913,
        "var": 0.00149824365508
    },
    "erbbands_kurtosis": {
        "dmean": 0.554066777229,
        "dmean2": 0.912256836891,
        "dvar": 0.448198258877,
        "dvar2": 1.20515668392,
        "max": 9.36096954346,
        "mean": -0.0465313866735,
        "median": -0.304660558701,
        "min": -1.64424812794,
        "var": 1.12082839012
    },
    "erbbands_skewness": {
        "dmean": 0.251267105341,
        "dmean2": 0.39379581809,
        "dvar": 0.0476319715381,
        "dvar2": 0.118355110288,
        "max": 2.46342110634,
        "mean": -0.221256524324,
        "median": -0.259759068489,
        "min": -1.70333659649,
        "var": 0.244643375278
    },
    "erbbands_spread": {
        "dmean": 6.86985206604,
        "dmean2": 11.2072429657,
        "dvar": 61.6616249084,
        "dvar2": 152.77293396,
        "max": 149.704284668,
        "mean": 38.8982505798,
        "median": 37.2515716553,
        "min": 6.07441282272,
        "var": 209.322021484
    },
    "hfc": {
        "dmean": 5.08672904968,
        "dmean2": 8.25388622284,
        "dvar": 37.3513221741,
        "dvar2": 90.3227233887,
        "max": 88.4501647949,
        "mean": 28.2104721069,
        "median": 25.3744373322,
        "min": 1.24843259654e-16,
        "var": 301.549499512
    },
    "melbands_crest": {
        "dmean": 3.18376946449,
        "dmean2": 5.06737756729,
        "dvar": 8.78767967224,
        "dvar2": 19.8501930237,
        "max": 29.5075111389,
        "mean": 12.5980472565,
        "median": 11.8156471252,
        "min": 3.36981678009,
        "var": 22.0806903839
    },
    "melbands_flatness_db": {
        "dmean": 0.0243024807423,
        "dmean2": 0.0375946685672,
        "dvar": 0.0007054383168,
        "dvar2": 0.0015940599842,
        "max": 0.38193076849,
        "mean": 0.155087172985,
        "median": 0.143190845847,
        "min": 0.00762736238539,
        "var": 0.00249025528319
    },
    "melbands_kurtosis": {
        "dmean": 4.99524736404,
        "dmean2": 8.23287677765,
        "dvar": 114.467842102,
        "dvar2": 301.903625488,
        "max": 249.539581299,
        "mean": 7.85694885254,
        "median": 4.12898921967,
        "min": -1.47040998936,
        "var": 175.775299072
    },
    "melbands_skewness": {
        "dmean": 0.664178848267,
        "dmean2": 1.06562685966,
        "dvar": 0.707885980606,
        "dvar2": 1.72210109234,
        "max": 14.3641395569,
        "mean": 2.24958992004,
        "median": 2.0728495121,
        "min": -1.18404507637,
        "var": 2.03480291367
    },
    "melbands_spread": {
        "dmean": 7.82895851135,
        "dmean2": 12.5973014832,
        "dvar": 63.2861480713,
        "dvar2": 153.549682617,
        "max": 140.310684204,
        "mean": 32.5408325195,
        "median": 32.1729164124,
        "min": 1.87068998814,
        "var": 206.804382324
    },
    "pitch_salience": {
        "dmean": 0.0681637078524,
        "dmean2": 0.106966271996,
        "dvar": 0.00433319574222,
        "dvar2": 0.0102320779115,
        "max": 0.909401535988,
        "mean": 0.597059428692,
        "median": 0.609147012234,
        "min": 0.101124659181,
        "var": 0.0104578239843
    },
    "silence_rate_20dB": {
        "dmean": 0,
        "dmean2": 0,
        "dvar": 0,
        "dvar2": 0,
        "max": 1,
        "mean": 1,
        "median": 1,
        "min": 1,
        "var": 0
    },
    "silence_rate_30dB": {
        "dmean": 0,
        "dmean2": 0,
        "dvar": 0,
        "dvar2": 0,
        "max": 1,
        "mean": 1,
        "median": 1,
        "min": 1,
        "var": 0
    },
    "silence_rate_60dB": {
        "dmean": 0.0150928795338,
        "dmean2": 0.0301974453032,
        "dvar": 0.0148660764098,
        "dvar2": 0.0347089618444,
        "max": 1,
        "mean": 0.0622823983431,
        "median": 0,
        "min": 0,
        "var": 0.058400079608
    },
    "spectral_centroid": {
        "dmean": 213.003341675,
        "dmean2": 341.99432373,
        "dvar": 57605.7773438,
        "dvar2": 110248.984375,
        "max": 10536.6865234,
        "mean": 1726.19030762,
        "median": 1744.46643066,
        "min": 426.70413208,
        "var": 195902.859375
    },
    "spectral_complexity": {
        "dmean": 4.00735282898,
        "dmean2": 6.49438619614,
        "dvar": 12.2866916656,
        "dvar2": 30.0207672119,
        "max": 54,
        "mean": 31.3311405182,
        "median": 33,
        "min": 0,
        "var": 120.476768494
    },
    "spectral_decrease": {
        "dmean": 2.17944395864e-09,
        "dmean2": 3.5724465608e-09,
        "dvar": 1.12546880704e-17,
        "dvar2": 2.91738330241e-17,
        "max": 1.42370243636e-21,
        "mean": -7.2582513333e-09,
        "median": -6.91960622135e-09,
        "min": -3.22920605811e-08,
        "var": 2.08459688685e-17
    },
    "spectral_energy": {
        "dmean": 0.0084897922352,
        "dmean2": 0.0139370281249,
        "dvar": 0.000165648612892,
        "dvar2": 0.000430312938988,
        "max": 0.123962603509,
        "mean": 0.0299531556666,
        "median": 0.0288021154702,
        "min": 1.11984535277e-20,
        "var": 0.000333177827997
    },
    "spectral_energyband_high": {
        "dmean": 0.00032950824243,
        "dmean2": 0.000531011726707,
        "dvar": 2.59769677768e-07,
        "dvar2": 5.93419201778e-07,
        "max": 0.00861237756908,
        "mean": 0.00119150546379,
        "median": 0.00103768717963,
        "min": 8.47510918708e-21,
        "var": 1.19500759865e-06
    },
    "spectral_energyband_low": {
        "dmean": 0.00633465964347,
        "dmean2": 0.0103560453281,
        "dvar": 0.000152732696733,
        "dvar2": 0.00038346418296,
        "max": 0.112118847668,
        "mean": 0.0102788424119,
        "median": 0.0067551927641,
        "min": 5.58133163722e-23,
        "var": 0.000170482409885
    },
    "spectral_energyband_middle_high": {
        "dmean": 0.00216239877045,
        "dmean2": 0.00345729989931,
        "dvar": 8.70149960974e-06,
        "dvar2": 2.11770111491e-05,
        "max": 0.0569306984544,
        "mean": 0.00906067155302,
        "median": 0.00646591559052,
        "min": 1.53769977914e-21,
        "var": 5.97653342993e-05
    },
    "spectral_energyband_middle_low": {
        "dmean": 0.00358635908924,
        "dmean2": 0.0059091122821,
        "dvar": 2.16597691178e-05,
        "dvar2": 5.9106550907e-05,
        "max": 0.0518369115889,
        "mean": 0.0113032171503,
        "median": 0.0102272881195,
        "min": 4.59420625759e-22,
        "var": 5.72789904254e-05
    },
    "spectral_entropy": {
        "dmean": 0.0931448787451,
        "dmean2": 0.142798915505,
        "dvar": 0.0108107887208,
        "dvar2": 0.0228119790554,
        "max": 9.80239677429,
        "mean": 7.86814880371,
        "median": 7.90507793427,
        "min": 6.91289567947,
        "var": 0.0469631962478
    },
    "spectral_flux": {
        "dmean": 0.0227505862713,
        "dmean2": 0.0368204414845,
        "dvar": 0.000795670319349,
        "dvar2": 0.00175584165845,
        "max": 0.295464485884,
        "mean": 0.089684151113,
        "median": 0.0823666602373,
        "min": 1.05822746399e-10,
        "var": 0.00194935384206
    },
    "spectral_kurtosis": {
        "dmean": 1.2324193716,
        "dmean2": 2.08652877808,
        "dvar": 2.62095212936,
        "dvar2": 7.53306341171,
        "max": 25.2748184204,
        "mean": 4.02769184113,
        "median": 3.65898513794,
        "min": -1.17310225964,
        "var": 4.06718206406
    },
    "spectral_rms": {
        "dmean": 0.000698133662809,
        "dmean2": 0.00113665708341,
        "dvar": 7.54036932449e-07,
        "dvar2": 1.90192042737e-06,
        "max": 0.010997232981,
        "mean": 0.0051098857075,
        "median": 0.00530090788379,
        "min": 3.3053473153e-12,
        "var": 3.11159556077e-06
    },
    "spectral_rolloff": {
        "dmean": 468.856964111,
        "dmean2": 783.797973633,
        "dvar": 450423.46875,
        "dvar2": 1059374.375,
        "max": 19229.1503906,
        "mean": 1900.44946289,
        "median": 2002.58789062,
        "min": 86.1328125,
        "var": 994030.5625
    },
    "spectral_skewness": {
        "dmean": 0.173626840115,
        "dmean2": 0.28598678112,
        "dvar": 0.0373948886991,
        "dvar2": 0.0938279107213,
        "max": 3.04855132103,
        "mean": 1.40439689159,
        "median": 1.42200493813,
        "min": 0.071722112596,
        "var": 0.0753148123622
    },
    "spectral_spread": {
        "dmean": 456863.5625,
        "dmean2": 668352.0625,
        "dvar": 707296428032,
        "dvar2": 1.04903029555e+12,
        "max": 40202620,
        "mean": 4384364.5,
        "median": 4429612.5,
        "min": 1528895.375,
        "var": 1.9266722857e+12
    },
    "spectral_strongpeak": {
        "dmean": 0.583302974701,
        "dmean2": 1.01514565945,
        "dvar": 1.18915867805,
        "dvar2": 3.0340681076,
        "max": 11.5617008209,
        "mean": 0.971485674381,
        "median": 0.378189712763,
        "min": 1.85492232685e-10,
        "var": 2.05644106865
    },
    "zerocrossingrate": {
        "dmean": 0.00939204450697,
        "dmean2": 0.0114527754486,
        "dvar": 9.66956577031e-05,
        "dvar2": 0.000135470399982,
        "max": 0.5322265625,
        "mean": 0.0733691230416,
        "median": 0.07275390625,
        "min": 0.009765625,
        "var": 0.000690385058988
    },
    "barkbands": {
        "dmean": [8.46734401421e-05, 0.00407724361867, 0.00263224844821, 0.00155905936845, 0.00171871390194, 0.000787218101323, 0.000458905124106, 0.000614801829215, 0.000633387884591, 0.001007834333, 0.00033429695759, 0.000395321112592, 0.00030117307324, 0.000401929341024, 0.000620224222075, 0.000466497789603, 0.00046843563905, 0.000284408160951, 0.000144809382618, 0.000185894707101, 0.000113843569125, 8.21575231384e-05, 6.62635939079e-05, 4.84815464006e-05, 4.08920750488e-05, 2.36299838434e-05, 1.42157841054e-08],
        "dmean2": [0.000132141445647, 0.0065853158012, 0.00459420168772, 0.00257630646229, 0.00287341582589, 0.00128122710157, 0.000728288956452, 0.000988731393591, 0.000994144240394, 0.00162344390992, 0.000528635748196, 0.000640266109258, 0.000492996012326, 0.000654309522361, 0.00102875719313, 0.000756243010983, 0.000777163601015, 0.000471418519737, 0.000244671216933, 0.000315372744808, 0.000190372913494, 0.000136050453875, 0.000110361608677, 7.5689444202e-05, 6.23998057563e-05, 3.72201975551e-05, 2.32250148002e-08],
        "dvar": [4.08079898762e-08, 7.76913293521e-05, 2.46159543167e-05, 3.89968590753e-06, 5.90909530729e-06, 1.96370615413e-06, 6.3157420982e-07, 1.40067095344e-06, 1.78970287834e-06, 5.98765745963e-06, 4.39387633833e-07, 4.79666482534e-07, 3.0115884897e-07, 6.26878886578e-07, 1.10103326278e-06, 4.82323514461e-07, 4.4549148015e-07, 1.12868661972e-07, 2.62527333206e-08, 5.66624258624e-08, 3.2030559538e-08, 1.66325282436e-08, 1.66888902697e-08, 1.23714611888e-08, 4.78302331075e-09, 1.69399261285e-09, 3.03421635148e-14],
        "dvar2": [9.50509218001e-08, 0.000174705608515, 7.11293396307e-05, 1.10077717181e-05, 1.64559332916e-05, 5.09092342327e-06, 1.63002346198e-06, 3.47393415723e-06, 3.8410171328e-06, 1.49696670633e-05, 8.50967182942e-07, 1.18084005862e-06, 7.65376796608e-07, 1.40989027386e-06, 2.77929598269e-06, 1.14159320219e-06, 1.15805164569e-06, 2.9187981454e-07, 7.15370163107e-08, 1.49506874436e-07, 7.84743079407e-08, 4.05378557389e-08, 3.64319774349e-08, 2.60705270705e-08, 1.07072501976e-08, 4.14856149433e-09, 3.24765137472e-14],
        "max": [0.0014184062602, 0.0708003342152, 0.0403657183051, 0.0231207236648, 0.0243702884763, 0.0176474526525, 0.0138998776674, 0.0216826610267, 0.0285697467625, 0.0509527474642, 0.0153363291174, 0.0116036022082, 0.0105727147311, 0.0145462434739, 0.0199986789376, 0.0143209928647, 0.0176721289754, 0.00700949132442, 0.00191369326785, 0.004468947649, 0.00279051670805, 0.00216928869486, 0.00255073211156, 0.00244633364491, 0.00174198043533, 0.000590631272644, 8.69469022291e-06],
        "mean": [8.45607646625e-05, 0.00528781441972, 0.00324770854786, 0.00306135462597, 0.00335601647384, 0.00138964131474, 0.000861244392581, 0.00106521137059, 0.0011982342694, 0.00214375159703, 0.0006140457117, 0.000691316614393, 0.000543943722732, 0.000709610292688, 0.00112103961874, 0.00102497637272, 0.00104261713568, 0.000691363762598, 0.000373694318114, 0.000501585251186, 0.000286771013634, 0.000212045837543, 0.000149741608766, 0.000122310520965, 0.000111104694952, 6.13751763012e-05, 1.09079243416e-08],
        "median": [7.81180551712e-06, 0.00223121000454, 0.00205532321706, 0.00235656625591, 0.00266144797206, 0.000689074920956, 0.000393673049984, 0.000573139404878, 0.000508972094394, 0.000579514773563, 0.00029281701427, 0.000378548051231, 0.000313336990075, 0.000358538440196, 0.000639668025542, 0.000666106294375, 0.000707545434125, 0.000593467033468, 0.000337008503266, 0.000390977802454, 0.00021401878621, 0.000136421411298, 0.000101028570498, 9.5473114925e-05, 7.68235040596e-05, 3.48710054823e-05, 6.92950863357e-10],
        "min": [1.96791592222e-23, 1.61155384586e-23, 2.47489331795e-23, 4.92971880333e-24, 3.91388699623e-23, 1.88581238361e-22, 6.5799026944e-23, 5.14824510699e-23, 4.78204325301e-23, 1.09465999523e-22, 3.99705849474e-23, 5.28537437587e-23, 4.8798459125e-23, 1.10104711799e-22, 1.02230497881e-22, 1.61091720355e-22, 1.17674217149e-22, 3.0528525757e-22, 3.85587183023e-22, 3.30762713262e-22, 3.34105691208e-22, 5.30284871777e-22, 5.87796542569e-22, 8.00453197291e-22, 1.52232050034e-21, 1.74631882918e-21, 2.85316484475e-21],
        "var": [4.38827854055e-08, 8.91501404112e-05, 1.93413161469e-05, 9.36094966164e-06, 9.99315398076e-06, 3.943765023e-06, 1.67341522683e-06, 2.69917632068e-06, 5.84011468163e-06, 2.30717396335e-05, 1.46253807998e-06, 1.10187022528e-06, 6.88104023538e-07, 1.27202247313e-06, 2.25684220823e-06, 1.62962396644e-06, 1.35970651627e-06, 2.75264568472e-07, 6.02864318466e-08, 1.95905258238e-07, 8.98933976146e-08, 5.64819124804e-08, 3.89276024748e-08, 3.36684209401e-08, 1.51943559956e-08, 5.61737012461e-09, 2.99468634027e-14]
    },
    "erbbands": {
        "dmean": [0.106800951064, 1.03471970558, 2.91840291023, 3.97195291519, 5.63764238358, 5.19183158875, 9.59184265137, 5.49395799637, 6.83745670319, 6.12855625153, 15.9808893204, 16.2993488312, 21.0067710876, 26.8593444824, 14.6381139755, 15.6154403687, 13.6853885651, 15.8520526886, 31.2299919128, 27.8502025604, 21.4109897614, 22.8429393768, 17.143529892, 9.4603099823, 6.69043064117, 9.06007289886, 5.2345032692, 4.24377059937, 2.89483880997, 2.52967214584, 1.85520458221, 1.20191121101, 0.771816551685, 0.46784594655, 0.301770359278, 0.164871200919, 0.0322643667459, 0.000648291548714, 2.51618821494e-05, 1.02581379906e-05],
        "dmean2": [0.163565576077, 1.73199546337, 5.17621040344, 6.72557592392, 9.47382354736, 8.6792640686, 15.5923147202, 9.06076145172, 10.8846874237, 9.93587303162, 25.8292140961, 25.6163158417, 32.9340133667, 43.2945480347, 23.4917354584, 25.3147506714, 22.3837375641, 25.8569793701, 51.7626228333, 45.4742012024, 34.1891975403, 37.7763900757, 28.319568634, 15.8723297119, 11.3258504868, 15.2902326584, 8.65132141113, 7.09602880478, 4.78401041031, 4.21441364288, 3.06280827522, 1.94246709347, 1.21892368793, 0.728697299957, 0.471772372723, 0.262444794178, 0.0508008152246, 0.00101347046439, 3.90436798625e-05, 1.69562208612e-05],
        "dvar": [0.064326107502, 5.00941085815, 36.2962112427, 31.4571762085, 67.3453140259, 52.4437217712, 283.464752197, 128.957458496, 154.730621338, 146.439559937, 965.310180664, 1521.27648926, 1958.81091309, 6294.81347656, 821.549804688, 762.095153809, 693.81048584, 795.736328125, 3119.98876953, 2383.26538086, 937.70880127, 1044.47485352, 424.140930176, 122.473686218, 52.6442298889, 152.818481445, 65.555229187, 45.2616157532, 21.9209461212, 17.1943778992, 14.4309387207, 6.55430650711, 3.33547329903, 0.648770034313, 0.27272990346, 0.0814644098282, 0.00305511849001, 1.18745902e-06, 2.09543049579e-09, 2.12156264778e-10],
        "dvar2": [0.123361423612, 12.9644050598, 105.381057739, 91.5216674805, 192.274963379, 147.399734497, 725.753112793, 341.473815918, 397.808746338, 386.039611816, 2369.09985352, 3367.94848633, 4708.99462891, 15725.1630859, 1695.59289551, 1878.50195312, 1785.5559082, 1973.98413086, 7818.01464844, 5744.40820312, 2226.41333008, 2709.86376953, 1059.84606934, 333.178436279, 147.065704346, 405.38482666, 159.69392395, 110.183654785, 53.7845458984, 42.3746414185, 31.7609405518, 12.9974803925, 7.73147153854, 1.50334274769, 0.626897454262, 0.197518527508, 0.00735549814999, 2.8236381695e-06, 4.22943013945e-09, 5.50439971381e-10],
        "max": [1.7627812624, 19.2216129303, 45.047039032, 68.1784210205, 79.5603942871, 76.0733184814, 241.472961426, 200.510375977, 253.261047363, 221.349121094, 574.931152344, 788.492797852, 840.322937012, 1745.6072998, 564.510498047, 411.696624756, 569.766601562, 800.897705078, 927.824584961, 1472.81213379, 674.497314453, 637.087219238, 494.150695801, 126.998786926, 76.7918624878, 268.0105896, 149.408248901, 115.104217529, 83.3240737915, 71.2344284058, 77.9741897583, 48.6326637268, 43.843875885, 17.0433769226, 12.8527336121, 4.67869281769, 0.655532836914, 0.0132720796391, 0.00124613463413, 0.000148879451444],
        "mean": [0.122957840562, 1.28679811954, 3.63250207901, 7.73500061035, 9.96100902557, 9.82644367218, 15.8300218582, 10.06798172, 13.2923927307, 10.7555704117, 28.703962326, 31.3590736389, 40.8476104736, 61.9150886536, 29.332244873, 29.2927970886, 26.3068962097, 31.9878120422, 58.5447006226, 59.3992271423, 53.2490196228, 55.4525985718, 43.1907958984, 24.2777690887, 19.6662120819, 24.2816352844, 14.0337572098, 10.1827630997, 7.39267873764, 6.21529006958, 4.10121774673, 2.79480004311, 1.91032326221, 1.18916237354, 0.806866943836, 0.432554841042, 0.0764437019825, 0.00157938408665, 8.15527309896e-05, 4.3296480726e-05],
        "median": [0.0293051432818, 0.619331896305, 2.34652161598, 5.92591762543, 7.55533647537, 7.62794542313, 7.10731697083, 5.35339927673, 5.78021669388, 6.63696622849, 15.5211486816, 12.2188301086, 19.5740718842, 15.324669838, 15.3669071198, 16.7699699402, 15.0081777573, 20.4139900208, 28.1920337677, 39.6071968079, 39.2367973328, 38.9006881714, 36.7240524292, 21.7894611359, 17.8393211365, 18.4968833923, 10.1780414581, 7.38234710693, 4.55568313599, 4.023665905, 2.84593248367, 2.13891148567, 1.44953215122, 0.861630797386, 0.530933201313, 0.255557715893, 0.0392367877066, 0.000852957193274, 5.88883267483e-05, 4.36586233263e-05],
        "min": [3.22714817416e-22, 4.64414900363e-21, 2.85675160975e-20, 2.22884236105e-20, 3.46184359824e-20, 2.27899865136e-19, 4.40109768414e-19, 2.09415247729e-18, 9.64845179973e-19, 8.58242433627e-19, 1.47603700827e-18, 1.38924611647e-18, 3.04457597007e-18, 2.40212133192e-18, 1.45219135576e-18, 2.04855869551e-18, 2.57412568208e-18, 5.97301743651e-18, 4.90369045298e-18, 5.90567004539e-18, 8.38298829884e-18, 8.00170353139e-18, 1.76682619011e-17, 2.15852499604e-17, 1.3184869362e-17, 1.53342824673e-17, 1.43104247749e-17, 1.32847811995e-17, 1.7854954911e-17, 2.33861875901e-17, 1.419564023e-17, 1.48447784875e-17, 1.52952511229e-17, 1.57351259204e-17, 1.08190029428e-17, 6.98731374824e-18, 2.91230420666e-18, 1.28508257065e-18, 4.23674077383e-19, 4.3847742441e-20],
        "var": [0.0802785903215, 4.74572896957, 26.0878715515, 60.8919372559, 92.4631729126, 86.6264038086, 529.667053223, 235.763076782, 476.680908203, 192.545425415, 1933.81311035, 4371.21582031, 5097.62841797, 24267.6347656, 2545.16821289, 1787.3223877, 1596.22790527, 1498.91125488, 7478.39404297, 6092.04394531, 2961.96899414, 3414.04174805, 1214.60852051, 252.165542603, 159.369995117, 526.82989502, 212.159301758, 116.558357239, 70.457824707, 53.7291870117, 30.9325790405, 17.2035942078, 8.60607147217, 1.91305482388, 0.843230187893, 0.267217546701, 0.00956850964576, 3.86118290407e-06, 6.68027144712e-09, 6.21439510962e-10]
    },
    "gfcc": {
        "mean": [30.0242347717, 87.1342849731, -133.871871948, 44.5866012573, -51.0433273315, 19.7423439026, -43.1533813477, 17.0820865631, -29.1401863098, 0.210794791579, -25.2102203369, -4.00671339035, -8.73460674286],
        "cov": [[6861.19433594, -691.338989258, 199.500030518, 46.443397522, -610.709533691, 97.9073944092, -306.268005371, -2.25436091423, -356.175292969, 275.629364014, -149.323959351, 351.669006348, -115.590339661], [-691.338989258, 972.541503906, -310.450378418, 72.1517181396, 246.696472168, -265.893188477, 234.669647217, -46.8098907471, 180.283691406, -174.447250366, 115.025260925, -171.665435791, 83.5915222168], [199.500030518, -310.450378418, 580.147338867, 97.5655441284, -2.88612008095, 156.87828064, -118.177536011, 18.0278205872, -140.557815552, 96.01953125, -34.3104057312, 93.6586608887, -47.9168014526], [46.443397522, 72.1517181396, 97.5655441284, 191.145614624, 35.6856994629, 29.1022605896, 9.38682556152, -12.2035675049, 45.3926010132, -18.3163013458, 33.355884552, -16.523311615, 7.49205827713], [-610.709533691, 246.696472168, -2.88612008095, 35.6856994629, 257.162261963, 7.54498147964, 100.681587219, 30.8878498077, 35.4393310547, -39.469165802, 22.6837558746, -52.2033500671, 17.2166366577], [97.9073944092, -265.893188477, 156.87828064, 29.1022605896, 7.54498147964, 252.897109985, -31.2831478119, 26.7879066467, -45.0204811096, 29.0589962006, -28.7917404175, 23.9414520264, -13.9493484497], [-306.268005371, 234.669647217, -118.177536011, 9.38682556152, 100.681587219, -31.2831478119, 173.322769165, 25.799785614, 72.9089508057, -45.9725227356, 24.1635055542, -34.9002761841, 18.2815933228], [-2.25436091423, -46.8098907471, 18.0278205872, -12.2035675049, 30.8878498077, 26.7879066467, 25.799785614, 118.007064819, 23.4694232941, 19.8126049042, -5.98223686218, -0.554482936859, 0.687377631664], [-356.175292969, 180.283691406, -140.557815552, 45.3926010132, 35.4393310547, -45.0204811096, 72.9089508057, 23.4694232941, 155.856948853, -26.2527751923, 40.1000099182, -48.6817054749, 28.7166614532], [275.629364014, -174.447250366, 96.01953125, -18.3163013458, -39.469165802, 29.0589962006, -45.9725227356, 19.8126049042, -26.2527751923, 114.914825439, -4.48433923721, 64.8088150024, -19.9112129211], [-149.323959351, 115.025260925, -34.3104057312, 33.355884552, 22.6837558746, -28.7917404175, 24.1635055542, -5.98223686218, 40.1000099182, -4.48433923721, 75.3432846069, -9.28384971619, 17.0744342804], [351.669006348, -171.665435791, 93.6586608887, -16.523311615, -52.2033500671, 23.9414520264, -34.9002761841, -0.554482936859, -48.6817054749, 64.8088150024, -9.28384971619, 100.712722778, -5.23537635803], [-115.590339661, 83.5915222168, -47.9168014526, 7.49205827713, 17.2166366577, -13.9493484497, 18.2815933228, 0.687377631664, 28.7166614532, -19.9112129211, 17.0744342804, -5.23537635803, 58.530796051]],
        "icov": [[0.000371886300854, -0.000828708522022, 0.000647658889648, -0.000963340338785, 0.00104882055894, -0.000605768233072, 0.000474411499454, -0.000842083769385, 0.00122023094445, -0.00074902077904, 0.000921780185308, -0.0014292813139, 0.000730088155251], [-0.000828708522022, 0.00738000776619, -0.00204227445647, 0.00187611056026, -0.00486542657018, 0.00567549932748, -0.00467543536797, 0.00434137368575, -0.00332468166016, 0.00327108893543, -0.00514780450612, 0.00776846008375, -0.00495489826426], [0.000647658889648, -0.00204227445647, 0.00539033999667, -0.00474139954895, 0.00106305547524, -0.00244964752346, 0.0026490194723, -0.00286952522583, 0.00520686758682, -0.00293790386058, 0.00245214207098, -0.00471696024761, 0.00283400341868], [-0.000963340338785, 0.00187611056026, -0.00474139954895, 0.0114786280319, -0.00282370927744, 0.000590486684814, -0.000834426784422, 0.00402259314433, -0.00786977913231, 0.004389135167, -0.00507667474449, 0.00380498263985, -0.0015725241974], [0.00104882055894, -0.00486542657018, 0.00106305547524, -0.00282370927744, 0.0102804321796, -0.00386350858025, -0.000771317223553, -0.0042998213321, 0.00484176212922, -0.00323633360676, 0.00302594830282, -0.00264506973326, 0.00200255750678], [-0.000605768233072, 0.00567549932748, -0.00244964752346, 0.000590486684814, -0.00386350858025, 0.00941193010658, -0.00356599059887, 0.00227360683493, -0.00178733863868, 0.00203570979647, -0.00240590795875, 0.00609201844782, -0.00410003587604], [0.000474411499454, -0.00467543536797, 0.0026490194723, -0.000834426784422, -0.000771317223553, -0.00356599059887, 0.0136757828295, -0.00424341484904, -0.00130792462733, 0.00148629315663, 0.00250587589107, -0.00817435048521, 0.00473011098802], [-0.000842083769385, 0.00434137368575, -0.00286952522583, 0.00402259314433, -0.0042998213321, 0.00227360683493, -0.00424341484904, 0.0137403076515, -0.00602238066494, -0.000113097754365, -0.00195501185954, 0.00629351241514, -0.00370709039271], [0.00122023094445, -0.00332468166016, 0.00520686758682, -0.00786977913231, 0.00484176212922, -0.00178733863868, -0.00130792462733, -0.00602238066494, 0.0185929257423, -0.00658224243671, 0.000960573903285, -0.000333299365593, -0.00061428261688], [-0.00074902077904, 0.00327108893543, -0.00293790386058, 0.004389135167, -0.00323633360676, 0.00203570979647, 0.00148629315663, -0.000113097754365, -0.00658224243671, 0.019991748035, -0.00523027125746, -0.00638459902257, 0.00284134503454], [0.000921780185308, -0.00514780450612, 0.00245214207098, -0.00507667474449, 0.00302594830282, -0.00240590795875, 0.00250587589107, -0.00195501185954, 0.000960573903285, -0.00523027125746, 0.0218453984708, -0.00624259375036, 0.000424810481491], [-0.0014292813139, 0.00776846008375, -0.00471696024761, 0.00380498263985, -0.00264506973326, 0.00609201844782, -0.00817435048521, 0.00629351241514, -0.000333299365593, -0.00638459902257, -0.00624259375036, 0.030353570357, -0.0110290152952], [0.000730088155251, -0.00495489826426, 0.00283400341868, -0.0015725241974, 0.00200255750678, -0.00410003587604, 0.00473011098802, -0.00370709039271, -0.00061428261688, 0.00284134503454, 0.000424810481491, -0.0110290152952, 0.0252820905298]]
    },
    "melbands": {
        "dmean": [0.00101182539947, 0.00146047596354, 0.000704404723365, 0.000364680512575, 0.000313110504067, 0.00012794045324, 9.7764088423e-05, 7.35170033295e-05, 0.000130080094095, 0.000100848512375, 0.000110455031972, 0.000120485841762, 4.91192040499e-05, 4.00444441766e-05, 4.21849472332e-05, 2.83046483673e-05, 3.29037502524e-05, 5.28781711182e-05, 3.83135775337e-05, 4.14222085965e-05, 2.65258149739e-05, 2.83194058284e-05, 2.12104205275e-05, 1.34996889756e-05, 8.2610777099e-06, 5.49268179384e-06, 6.60228215565e-06, 6.70620511301e-06, 3.90687364415e-06, 3.00098690786e-06, 2.55116492553e-06, 1.88293654446e-06, 1.56195540058e-06, 1.49124946347e-06, 1.21104881146e-06, 8.94651009276e-07, 7.69640166709e-07, 5.98433928189e-07, 4.87480576794e-07, 4.05149506832e-07],
        "dmean2": [0.00159683113452, 0.002557359403, 0.0011874223128, 0.000613010139205, 0.00051210494712, 0.000209367324715, 0.000155284724315, 0.000118787982501, 0.00021041011496, 0.000158031994943, 0.000172998494236, 0.000194070293219, 7.79549300205e-05, 6.6488806624e-05, 6.81708770571e-05, 4.66288911412e-05, 5.36059451406e-05, 8.76064950717e-05, 6.33622330497e-05, 6.77172865835e-05, 4.33254717791e-05, 4.74439802929e-05, 3.48361500073e-05, 2.2760246793e-05, 1.39037392728e-05, 9.33783576329e-06, 1.12790557978e-05, 1.12874449769e-05, 6.51132359053e-06, 5.06442165715e-06, 4.21483628088e-06, 3.10446739604e-06, 2.6155175874e-06, 2.48474475484e-06, 2.01926832233e-06, 1.4601462226e-06, 1.25421706798e-06, 9.54238544182e-07, 7.9045446455e-07, 6.3235847847e-07],
        "dvar": [5.11383314006e-06, 9.54036386247e-06, 8.94737695489e-07, 3.07383828613e-07, 2.73549318308e-07, 5.91071547262e-08, 2.89420736266e-08, 1.88846716043e-08, 5.86418344994e-08, 5.68436604453e-08, 5.53063443931e-08, 1.25993651068e-07, 1.03901225401e-08, 4.94603336065e-09, 6.80120004759e-09, 2.81723111506e-09, 3.94711108243e-09, 9.50028500313e-09, 3.67434660475e-09, 4.6682675503e-09, 1.52386592234e-09, 1.73806302683e-09, 9.97292470828e-10, 2.29355340275e-10, 9.80820077934e-11, 3.88087235959e-11, 5.95192437003e-11, 1.0637347253e-10, 3.67154154302e-11, 2.47148673055e-11, 1.600050821e-11, 9.61744659606e-12, 5.77705895274e-12, 6.14942818888e-12, 5.69354762989e-12, 3.70344943948e-12, 2.75040732377e-12, 2.11237234302e-12, 8.82529455331e-13, 4.73815756595e-13],
        "dvar2": [1.01668356365e-05, 2.72765064437e-05, 2.57821170635e-06, 8.7845080543e-07, 7.00680004684e-07, 1.54489129045e-07, 7.4226811364e-08, 4.83672302209e-08, 1.42250144108e-07, 1.24396748902e-07, 1.33196721208e-07, 3.12851256012e-07, 2.01048813153e-08, 1.2152005624e-08, 1.5999663816e-08, 7.34321847773e-09, 9.68143165636e-09, 2.31105801163e-08, 9.14119357986e-09, 1.117465942e-08, 3.88991283629e-09, 4.54070292477e-09, 2.38067099367e-09, 6.17375928158e-10, 2.68481209487e-10, 1.08750779215e-10, 1.67749522606e-10, 2.75849482145e-10, 9.0086445248e-11, 6.45407199906e-11, 3.85842746642e-11, 2.40151457748e-11, 1.48151439033e-11, 1.51132942966e-11, 1.29862622392e-11, 7.74519944707e-12, 6.05286524027e-12, 4.87204287331e-12, 2.20705181561e-12, 1.11626745174e-12],
        "max": [0.0162735171616, 0.0253717880696, 0.010028664954, 0.0060902023688, 0.00764580443501, 0.00399399222806, 0.00327431829646, 0.00212478311732, 0.00423403456807, 0.00486501399428, 0.00427079340443, 0.00792733579874, 0.0024686625693, 0.0016171754105, 0.00165277428459, 0.00101656839252, 0.00182650331408, 0.00136205879971, 0.00130457920022, 0.00130401761271, 0.000621063576546, 0.000771983759478, 0.00112898333464, 0.000345952081261, 0.000110892236989, 6.43485909677e-05, 9.64147111517e-05, 0.000246920419158, 0.000119619828183, 0.000100316960015, 7.20125681255e-05, 5.91601310589e-05, 3.08220442093e-05, 4.2326253606e-05, 4.3290976464e-05, 4.05388163927e-05, 3.14732860716e-05, 3.5884881072e-05, 2.58971213043e-05, 1.69143186213e-05],
        "mean": [0.00129692244809, 0.00188966549467, 0.00142452388536, 0.00069488940062, 0.00053997815121, 0.000236959735048, 0.000190410835785, 0.000124767640955, 0.00023585393501, 0.00018786972214, 0.000211956750718, 0.000271326280199, 9.21353348531e-05, 7.39968163543e-05, 7.36860092729e-05, 5.20556313859e-05, 5.94384073338e-05, 9.36891665333e-05, 7.3067676567e-05, 8.47857736517e-05, 5.72100361751e-05, 6.05124405411e-05, 4.78221081721e-05, 3.09482893499e-05, 1.83827887668e-05, 1.32815284815e-05, 1.63208205777e-05, 1.61371626746e-05, 9.12235282158e-06, 6.83973303239e-06, 5.51067432752e-06, 4.29897909271e-06, 3.73308898816e-06, 3.26640906678e-06, 2.47243633567e-06, 1.82521193892e-06, 1.66297195392e-06, 1.3964252048e-06, 1.08102244667e-06, 9.71796453086e-07],
        "median": [0.000455214176327, 0.00120956299361, 0.0011486064177, 0.000560738611966, 0.000278838298982, 0.000121089309687, 8.54989411891e-05, 7.7177741332e-05, 0.000127750114189, 7.07304861862e-05, 9.23601110117e-05, 6.14989039605e-05, 4.51351406809e-05, 4.45612495241e-05, 3.3932250517e-05, 3.12508600473e-05, 3.39311045536e-05, 4.01319703087e-05, 4.90465208713e-05, 5.02377079101e-05, 4.17428527726e-05, 3.92777910747e-05, 3.65048399544e-05, 2.64296759269e-05, 1.60102445079e-05, 1.18424459288e-05, 1.38542754939e-05, 1.1380991964e-05, 6.28436919214e-06, 4.99747829963e-06, 3.76986713491e-06, 2.59115222434e-06, 2.29674333241e-06, 1.98855036615e-06, 1.6222065824e-06, 1.28138754008e-06, 1.2347846905e-06, 9.90491116681e-07, 7.96532162894e-07, 6.77970319884e-07],
        "min": [5.00655109449e-24, 1.19858287428e-23, 3.55620862656e-24, 9.39395603004e-24, 1.62911199634e-23, 4.34601395606e-23, 1.35825060919e-23, 8.20858839031e-24, 1.23769988333e-23, 8.14549213966e-24, 1.54899086519e-23, 9.87542308405e-24, 5.30477483211e-24, 5.07365751954e-24, 5.8024514e-24, 5.72717079824e-24, 1.1524306459e-23, 6.8134863017e-24, 8.68407745637e-24, 9.42266346724e-24, 8.90343048626e-24, 7.13423793463e-24, 1.12536214612e-23, 1.769993561e-23, 1.82516002405e-23, 1.19699229403e-23, 7.33658864542e-24, 1.09993076937e-23, 9.10064650143e-24, 8.35124284096e-24, 7.8940190603e-24, 1.03862452301e-23, 1.08326655606e-23, 1.36583235135e-23, 7.74900197123e-24, 8.51306345617e-24, 8.89915407129e-24, 9.86679925663e-24, 1.25777213351e-23, 1.38153289217e-23],
        "var": [6.43060684524e-06, 7.31318141334e-06, 1.69612462741e-06, 4.12541709238e-07, 5.36892912351e-07, 1.2209262934e-07, 8.67159783979e-08, 2.58870862524e-08, 1.23072013025e-07, 1.67989725242e-07, 1.50550761191e-07, 4.94471066759e-07, 3.22076267878e-08, 1.06114326215e-08, 1.83508621632e-08, 5.6422333472e-09, 6.69497390859e-09, 2.22500045055e-08, 7.25080573361e-09, 1.47331231659e-08, 3.41299588591e-09, 5.09793052217e-09, 3.02813529807e-09, 5.70954894474e-10, 1.69831954056e-10, 8.44914277431e-11, 1.42997558239e-10, 3.47703948966e-10, 1.01220878901e-10, 5.50982315328e-11, 3.82479325989e-11, 2.5697548256e-11, 1.97972298277e-11, 1.63126682301e-11, 1.10438533318e-11, 8.74212941621e-12, 6.25919715364e-12, 5.18512186312e-12, 2.2430707465e-12, 1.26960768287e-12]
    },
    "mfcc": {
        "mean": [-603.172424316, 109.932159424, -16.9802131653, 27.4024906158, 12.1135387421, 4.88663244247, 1.92951726913, 6.38362026215, 6.33952856064, 2.80581212044, -5.03806591034, -3.52442264557, -3.954839468],
        "cov": [[4787.93115234, -539.740478516, 390.289031982, -51.5763664246, -340.728942871, -18.5714225769, -170.254211426, -121.506759644, -166.06602478, -158.341156006, -76.5315093994, -18.5183639526, 76.2844009399], [-539.740478516, 793.699829102, -346.363006592, 225.101486206, 8.29488945007, -91.9100570679, 59.0444793701, 42.8488006592, 59.7722816467, 36.7053260803, 11.4450340271, 29.5124073029, -4.93259048462], [390.289031982, -346.363006592, 516.058898926, -28.2329807281, 83.9943084717, 95.5573272705, 15.5027494431, -37.8168754578, -63.9729995728, -46.3538322449, 1.37821960449, -22.8158035278, -2.97815179825], [-51.5763664246, 225.101486206, -28.2329807281, 224.051040649, 17.3994216919, -23.0187320709, 2.85232329369, 17.3373737335, 8.96947193146, 11.0131931305, 10.9675254822, 27.6593589783, 21.2326812744], [-340.728942871, 8.29488945007, 83.9943084717, 17.3994216919, 185.279785156, 46.9885253906, 65.1875457764, 17.8541660309, 20.9330005646, 17.0162467957, 2.74100756645, 6.13913536072, -2.17362141609], [-18.5714225769, -91.9100570679, 95.5573272705, -23.0187320709, 46.9885253906, 149.009124756, 34.982219696, 13.933465004, -6.20781373978, 1.91936135292, 0.440745353699, -12.2701091766, -10.4221248627], [-170.254211426, 59.0444793701, 15.5027494431, 2.85232329369, 65.1875457764, 34.982219696, 128.097213745, 36.0054244995, 16.566078186, 3.31322741508, 5.44861698151, -2.80457043648, -7.38534212112], [-121.506759644, 42.8488006592, -37.8168754578, 17.3373737335, 17.8541660309, 13.933465004, 36.0054244995, 95.5659942627, 43.2877540588, 39.8200187683, 3.93660855293, 4.69380187988, -3.52455496788], [-166.06602478, 59.7722816467, -63.9729995728, 8.96947193146, 20.9330005646, -6.20781373978, 16.566078186, 43.2877540588, 88.0086212158, 38.5081558228, 12.7964000702, 5.16830015182, -3.44749569893], [-158.341156006, 36.7053260803, -46.3538322449, 11.0131931305, 17.0162467957, 1.91936135292, 3.31322741508, 39.8200187683, 38.5081558228, 76.3958816528, 23.4396057129, 10.4996471405, -2.21379113197], [-76.5315093994, 11.4450340271, 1.37821960449, 10.9675254822, 2.74100756645, 0.440745353699, 5.44861698151, 3.93660855293, 12.7964000702, 23.4396057129, 52.3724136353, 18.9701843262, 7.43600797653], [-18.5183639526, 29.5124073029, -22.8158035278, 27.6593589783, 6.13913536072, -12.2701091766, -2.80457043648, 4.69380187988, 5.16830015182, 10.4996471405, 18.9701843262, 56.4370574951, 28.429479599], [76.2844009399, -4.93259048462, -2.97815179825, 21.2326812744, -2.17362141609, -10.4221248627, -7.38534212112, -3.52455496788, -3.44749569893, -2.21379113197, 7.43600797653, 28.429479599, 51.4691505432]],
