{
"lowlevel": {
    "average_loudness": 0.677067041397,
    "barkbands_crest": {
        "dmean": 1.83092463017,
        "dmean2": 2.99842429161,
        "dvar": 4.20981502533,
        "dvar2": 11.1557817459,
        "max": 26.1959877014,
        "mean": 9.06990909576,
        "median": 7.99985790253,
        "min": 2.11895680428,
        "var": 17.2762088776
    },
    "barkbands_flatness_db": {
        "dmean": 0.0154861398041,
        "dmean2": 0.0235788077116,
        "dvar": 0.000298019003822,
        "dvar2": 0.000649277179036,
        "max": 0.358130186796,
        "mean": 0.14003752172,
        "median": 0.110115326941,
        "min": 0.0183407906443,
        "var": 0.00566460099071
    },
    "barkbands_kurtosis": {
        "dmean": 2.66226434708,
        "dmean2": 4.15504789352,
        "dvar": 92.8267593384,
        "dvar2": 183.748504639,
        "max": 318.510345459,
        "mean": 5.69420433044,
        "median": 1.10839080811,
        "min": -1.67873728275,
        "var": 201.80897522
    },
    "barkbands_skewness": {
        "dmean": 0.412281185389,
        "dmean2": 0.635731101036,
        "dvar": 0.354166209698,
        "dvar2": 0.765662372112,
        "max": 15.4684724808,
        "mean": 1.60935294628,
        "median": 1.26279807091,
        "min": -2.39558649063,
        "var": 1.78642201424
    },
    "barkbands_spread": {
        "dmean": 3.57975530624,
        "dmean2": 5.63834905624,
        "dvar": 27.9727325439,
        "dvar2": 71.6152267456,
        "max": 105.300956726,
        "mean": 20.3789920807,
        "median": 21.9245910645,
        "min": 0.656020522118,
        "var": 166.317871094
    },
    "dissonance": {
        "dmean": 0.0165993738919,
        "dmean2": 0.0281082522124,
        "dvar": 0.000239624627284,
        "dvar2": 0.000665915373247,
        "max": 0.499999940395,
        "mean": 0.462992280722,
        "median": 0.470728904009,
        "min": 0.290832459927,
        "var": 0.000814065511804
    },
    "dynamic_complexity": 6.54636669159,
    "erbbands_crest": {
        "dmean": 2.06779646873,
        "dmean2": 3.24036478996,
        "dvar": 4.05361032486,
        "dvar2": 9.75200939178,
        "max": 29.500541687,
        "mean": 8.98483085632,
        "median": 8.00879669189,
        "min": 2.53081250191,
        "var": 16.6372718811
    },
    "erbbands_flatness_db": {
        "dmean": 0.0127543341368,
        "dmean2": 0.0183983035386,
        "dvar": 0.000179353883141,
        "dvar2": 0.000358842225978,
        "max": 0.314590752125,
        "mean": 0.156652376056,
        "median": 0.151517257094,
        "min": 0.0322494655848,
        "var": 0.00164920650423
    },
    "erbbands_kurtosis": {
        "dmean": 0.662804961205,
        "dmean2": 1.05188691616,
        "dvar": 2.03875398636,
        "dvar2": 3.82566332817,
        "max": 50.6085166931,
        "mean": 0.333787351847,
        "median": -0.18043756485,
        "min": -1.63588345051,
        "var": 4.40132045746
    },
    "erbbands_skewness": {
        "dmean": 0.268432945013,
        "dmean2": 0.407272964716,
        "dvar": 0.0924833118916,
        "dvar2": 0.199280425906,
        "max": 6.7984290123,
        "mean": 0.314774274826,
        "median": 0.187467306852,
        "min": -2.69124722481,
        "var": 0.594825923443
    },
    "erbbands_spread": {
        "dmean": 5.5097784996,
        "dmean2": 8.82700061798,
        "dvar": 48.7537002563,
        "dvar2": 114.923744202,
        "max": 150.926742554,
        "mean": 32.9871711731,
        "median": 32.2204437256,
        "min": 6.88867473602,
        "var": 152.501602173
    },
    "hfc": {
        "dmean": 3.85727405548,
        "dmean2": 5.60170507431,
        "dvar": 67.4822235107,
        "dvar2": 147.155960083,
        "max": 130.954437256,
        "mean": 17.0468654633,
        "median": 14.704744339,
        "min": 1.1084635122e-16,
        "var": 380.534057617
    },
    "melbands_crest": {
        "dmean": 2.39566493034,
        "dmean2": 3.83479261398,
        "dvar": 6.61616706848,
        "dvar2": 15.775645256,
        "max": 37.4152412415,
        "mean": 13.9142360687,
        "median": 13.2672624588,
        "min": 1.80192482471,
        "var": 29.8891410828
    },
    "melbands_flatness_db": {
        "dmean": 0.0193758904934,
        "dmean2": 0.0296040475368,
        "dvar": 0.000519199005794,
        "dvar2": 0.00115338980686,
        "max": 0.498719364405,
        "mean": 0.221207171679,
        "median": 0.18675327301,
        "min": 0.00472015887499,
        "var": 0.00957655347884
    },
    "melbands_kurtosis": {
        "dmean": 5.49322223663,
        "dmean2": 8.82346153259,
        "dvar": 212.491409302,
        "dvar2": 445.549499512,
        "max": 416.695800781,
        "mean": 12.8613624573,
        "median": 6.00379276276,
        "min": -1.67641472816,
        "var": 574.475036621
    },
    "melbands_skewness": {
        "dmean": 0.560643196106,
        "dmean2": 0.887454688549,
        "dvar": 0.562725961208,
        "dvar2": 1.34970271587,
        "max": 14.0342569351,
        "mean": 2.51011705399,
        "median": 2.25819253922,
        "min": -0.818285524845,
        "var": 2.31986379623
    },
    "melbands_spread": {
        "dmean": 4.9582028389,
        "dmean2": 7.77555418015,
        "dvar": 71.374961853,
        "dvar2": 158.821609497,
        "max": 184.686325073,
        "mean": 22.4740619659,
        "median": 22.273771286,
        "min": 0.533631324768,
        "var": 314.14364624
    },
    "pitch_salience": {
        "dmean": 0.0561407469213,
        "dmean2": 0.0905785560608,
        "dvar": 0.0030791608151,
        "dvar2": 0.00792751926929,
        "max": 0.82469779253,
        "mean": 0.547521233559,
        "median": 0.558318018913,
        "min": 0.081320181489,
        "var": 0.0123936133459
    },
    "silence_rate_20dB": {
        "dmean": 0,
        "dmean2": 0,
        "dvar": 0,
        "dvar2": 0,
        "max": 1,
        "mean": 1,
        "median": 1,
        "min": 1,
        "var": 0
    },
    "silence_rate_30dB": {
        "dmean": 0.00232198135927,
        "dmean2": 0.00464576063678,
        "dvar": 0.00231656944379,
        "dvar2": 0.00694690784439,
        "max": 1,
        "mean": 0.998839437962,
        "median": 1,
        "min": 0,
        "var": 0.00115921068937
    },
    "silence_rate_60dB": {
        "dmean": 0.0166408661753,
        "dmean2": 0.0332946181297,
        "dvar": 0.0163649339229,
        "dvar2": 0.0329589508474,
        "max": 1,
        "mean": 0.310251444578,
        "median": 0,
        "min": 0,
        "var": 0.213991552591
    },
    "spectral_centroid": {
        "dmean": 153.587295532,
        "dmean2": 241.555435181,
        "dvar": 61367.3046875,
        "dvar2": 127753.132812,
        "max": 11452.2587891,
        "mean": 1255.76318359,
        "median": 1385.97680664,
        "min": 164.785858154,
        "var": 785249
    },
    "spectral_complexity": {
        "dmean": 2.45704340935,
        "dmean2": 3.82075095177,
        "dvar": 9.1127910614,
        "dvar2": 19.9132938385,
        "max": 52,
        "mean": 18.3992271423,
        "median": 20,
        "min": 0,
        "var": 184.227661133
    },
    "spectral_decrease": {
        "dmean": 1.60363322621e-09,
        "dmean2": 2.59297117111e-09,
        "dvar": 1.17280901524e-17,
        "dvar2": 2.99594263042e-17,
        "max": 1.12264322203e-28,
        "mean": -4.96822805118e-09,
        "median": -4.46766001971e-09,
        "min": -4.06442701717e-08,
        "var": 2.55786198775e-17
    },
    "spectral_energy": {
        "dmean": 0.00633860100061,
        "dmean2": 0.0101864440367,
        "dvar": 0.000178491478437,
        "dvar2": 0.000452888401924,
        "max": 0.15727648139,
        "mean": 0.0202974360436,
        "median": 0.0183693934232,
        "min": 1.02924589202e-20,
        "var": 0.000422317389166
    },
    "spectral_energyband_high": {
        "dmean": 0.000194254025701,
        "dmean2": 0.000302003783872,
        "dvar": 4.39343011749e-07,
        "dvar2": 1.12389500373e-06,
        "max": 0.00821223016828,
        "mean": 0.000484916410642,
        "median": 0.000268522417173,
        "min": 7.43192457472e-21,
        "var": 6.96416577739e-07
    },
    "spectral_energyband_low": {
        "dmean": 0.00407724408433,
        "dmean2": 0.00682263774797,
        "dvar": 0.000131978915306,
        "dvar2": 0.000351384020178,
        "max": 0.13196644187,
        "mean": 0.00700985314324,
        "median": 0.00359748583287,
        "min": 2.30283249933e-23,
        "var": 0.000135071284603
    },
    "spectral_energyband_middle_high": {
        "dmean": 0.00144871114753,
        "dmean2": 0.0021199292969,
        "dvar": 8.16023657535e-06,
        "dvar2": 1.4775143427e-05,
        "max": 0.0669197067618,
        "mean": 0.00604657130316,
        "median": 0.00434133363888,
        "min": 1.37383380538e-21,
        "var": 7.1500253398e-05
    },
    "spectral_energyband_middle_low": {
        "dmean": 0.00264237145893,
        "dmean2": 0.0043201027438,
        "dvar": 2.97018686979e-05,
        "dvar2": 7.79251349741e-05,
        "max": 0.0681102797389,
        "mean": 0.00738158961758,
        "median": 0.00618778914213,
        "min": 1.72385242401e-22,
        "var": 5.7222408941e-05
    },
    "spectral_entropy": {
        "dmean": 0.12026385963,
        "dmean2": 0.180677741766,
        "dvar": 0.022844389081,
        "dvar2": 0.0444638840854,
        "max": 9.81379985809,
        "mean": 7.33049917221,
        "median": 7.5063533783,
        "min": 5.5458278656,
        "var": 0.385211348534
    },
    "spectral_flux": {
        "dmean": 0.0165854152292,
        "dmean2": 0.0256627555937,
        "dvar": 0.000768730242271,
        "dvar2": 0.00157853926066,
        "max": 0.294056504965,
        "mean": 0.0600129514933,
        "median": 0.0523623339832,
        "min": 6.3809763029e-11,
        "var": 0.00290489918552
    },
    "spectral_kurtosis": {
        "dmean": 2.39482426643,
        "dmean2": 4.14832496643,
        "dvar": 12.3454713821,
        "dvar2": 35.5625076294,
        "max": 51.0202064514,
        "mean": 8.58182907104,
        "median": 5.55253887177,
        "min": -1.24217116833,
        "var": 63.8469161987
    },
    "spectral_rms": {
        "dmean": 0.0005300132907,
        "dmean2": 0.000823828566354,
        "dvar": 7.99472388735e-07,
        "dvar2": 1.95197571884e-06,
        "max": 0.0123871089891,
        "mean": 0.00379907316528,
        "median": 0.00423336261883,
        "min": 3.16882045777e-12,
        "var": 5.36942798135e-06
    },
    "spectral_rolloff": {
        "dmean": 315.865234375,
        "dmean2": 518.531433105,
        "dvar": 482911.5625,
        "dvar2": 1195628.75,
        "max": 18949.21875,
        "mean": 1339.54492188,
        "median": 1119.7265625,
        "min": 21.533203125,
        "var": 2210125.5
    },
    "spectral_skewness": {
        "dmean": 0.248712778091,
        "dmean2": 0.419646531343,
        "dvar": 0.0883097723126,
        "dvar2": 0.232315629721,
        "max": 5.56515312195,
        "mean": 2.0515639782,
        "median": 1.72203755379,
        "min": -0.0663066133857,
        "var": 0.802181124687
    },
    "spectral_spread": {
        "dmean": 377398.625,
        "dmean2": 571290.5625,
        "dvar": 654232780800,
        "dvar2": 1.18930774426e+12,
        "max": 42499720,
        "mean": 3975863.25,
        "median": 3802839,
        "min": 1412416.75,
        "var": 6.30089790259e+12
    },
    "spectral_strongpeak": {
        "dmean": 0.358998537064,
        "dmean2": 0.603739738464,
        "dvar": 0.63607442379,
        "dvar2": 1.55493927002,
        "max": 10.6871700287,
        "mean": 0.619115054607,
        "median": 0.29969021678,
        "min": 0,
        "var": 1.12217009068
    },
    "zerocrossingrate": {
        "dmean": 0.00675071496516,
        "dmean2": 0.00819492060691,
        "dvar": 0.000127242863527,
        "dvar2": 0.000150076841237,
        "max": 0.517578125,
        "mean": 0.0521289817989,
        "median": 0.05224609375,
        "min": 0,
        "var": 0.00174770317972
    },
    "barkbands": {
        "dmean": [6.67827480356e-05, 0.00236676889472, 0.00183795741759, 0.000719245988876, 0.0011199216824, 0.00040166528197, 0.000529240991455, 0.000526482821442, 0.00060552440118, 0.000491657236125, 0.000538281630725, 0.000380060868338, 0.000256806204561, 0.000274414924206, 0.000316385063343, 0.000282882916508, 0.000229697863688, 0.00017118290998, 0.000144313991768, 7.2419483331e-05, 6.3339342887e-05, 6.20930295554e-05, 4.62793941551e-05, 1.77899619302e-05, 1.18382331493e-05, 1.6971533114e-05, 4.90850516144e-06],
        "dmean2": [0.000104164137156, 0.00402288138866, 0.00317638600245, 0.00124940008391, 0.00192141334992, 0.000661410507746, 0.000848827185109, 0.000884283450432, 0.00096015445888, 0.000771736958995, 0.000863225432113, 0.000596978934482, 0.000414729438489, 0.000455251079984, 0.000493682338856, 0.000444751814939, 0.000369429064449, 0.000275868456811, 0.000236110499827, 0.000118505689898, 0.000106993800728, 0.00010507965635, 7.84078365541e-05, 2.77187245956e-05, 1.50700161612e-05, 2.4103497708e-05, 8.01870464784e-06],
        "dvar": [2.9370937682e-08, 4.50169281976e-05, 2.92851709673e-05, 3.12225347443e-06, 7.32476200938e-06, 8.63247350935e-07, 1.22188475871e-06, 1.84504790468e-06, 3.99907912652e-06, 3.908144663e-06, 1.91684694073e-06, 1.47472371737e-06, 4.40111648459e-07, 5.21407628185e-07, 9.14923703021e-07, 5.70827410229e-07, 2.45321132297e-07, 7.7482013694e-08, 5.06928188315e-08, 2.27058389868e-08, 3.80684817003e-08, 4.41870291468e-08, 2.90854202945e-08, 3.1112441512e-09, 8.29194657381e-10, 2.39195507845e-09, 3.63258173541e-10],
        "dvar2": [6.46414335392e-08, 0.000120945267554, 8.4158476966e-05, 8.65464880917e-06, 2.08328201552e-05, 2.32924526244e-06, 2.85377132059e-06, 4.90651336804e-06, 1.04450646177e-05, 9.61043770076e-06, 4.3473291953e-06, 3.03067190544e-06, 1.06689651602e-06, 1.31785452595e-06, 1.82236135515e-06, 1.13675991997e-06, 6.00348528224e-07, 1.8945307545e-07, 1.37085450547e-07, 5.86313895212e-08, 1.02260976576e-07, 1.19520564112e-07, 8.0344968012e-08, 8.01869326494e-09, 1.40288691775e-09, 4.61265514673e-09, 8.72955763231e-10],
        "max": [0.00241872831248, 0.0900054126978, 0.075954079628, 0.026951789856, 0.0325153544545, 0.0184757914394, 0.0217313878238, 0.0160190947354, 0.040285564959, 0.0446864105761, 0.0322080589831, 0.0290738549083, 0.0187027454376, 0.0198379661888, 0.025175627321, 0.020986488089, 0.0122008062899, 0.00536119937897, 0.0033768620342, 0.00206715008244, 0.00250000343658, 0.00269861123525, 0.00231297593564, 0.000820197805297, 0.000618455407675, 0.000904863118194, 0.000324241991621],
        "mean": [9.00371887838e-05, 0.00346104241908, 0.00291395001113, 0.00127721810713, 0.00217549805529, 0.000811572128441, 0.00104095402639, 0.000716009293683, 0.00119202455971, 0.000806483265478, 0.00103545782622, 0.000723696546629, 0.000505047850311, 0.000477024295833, 0.000573650060687, 0.000582804321311, 0.000518738874234, 0.000418577576056, 0.000385852326872, 0.000169690567418, 0.000110928478534, 0.000118995449157, 9.10093367565e-05, 3.53246687155e-05, 2.8266606023e-05, 3.26638946717e-05, 4.93226662002e-06],
        "median": [1.27785224322e-05, 0.00100323127117, 0.00147694465704, 0.000613763579167, 0.00136352726258, 0.000387970241718, 0.000281563290628, 0.000240281660808, 0.000347751163645, 0.000129758991534, 0.000125519669382, 0.000212798360735, 0.000176798028406, 0.000198544774321, 0.000171358173247, 0.000229158511502, 0.000198680500034, 0.000251915364061, 0.0002624746121, 0.000103065824078, 4.95396270708e-05, 5.99483428232e-05, 4.58632930531e-05, 1.07262139863e-05, 9.71305416897e-06, 8.90220781002e-06, 4.71439705052e-07],
        "min": [7.40765791324e-24, 3.7049451948e-24, 1.42964374385e-24, 2.13877723839e-24, 2.52704349244e-23, 1.581198636e-23, 1.79598589674e-23, 4.04702289343e-24, 9.79154902602e-24, 2.82570891329e-23, 3.16434733615e-23, 1.8958706757e-23, 4.63589446409e-23, 5.28280521367e-23, 7.85618118921e-23, 6.25025160606e-23, 6.896453643e-23, 9.00075083619e-23, 2.37560778929e-22, 2.11083464128e-22, 2.54490768941e-22, 4.51019168765e-22, 4.12847009977e-22, 5.70726703296e-22, 1.00643848689e-21, 1.46290768739e-21, 2.17620798626e-21],
        "var": [4.49315606943e-08, 4.56123234471e-05, 2.41821489908e-05, 3.68693577002e-06, 8.09622724773e-06, 1.54238875893e-06, 3.16413365908e-06, 1.87950627151e-06, 6.51222762826e-06, 5.89933370065e-06, 5.40226619705e-06, 4.45129671789e-06, 9.31524539283e-07, 9.87815155895e-07, 2.21715959015e-06, 1.74452998181e-06, 8.55065195537e-07, 2.66749680122e-07, 2.00077494128e-07, 5.17359595165e-08, 4.40948930702e-08, 5.21072003323e-08, 3.25179705385e-08, 5.09672393179e-09, 3.01209834852e-09, 5.30384491881e-09, 3.66956937059e-10]
    },
    "erbbands": {
        "dmean": [0.0571069791913, 0.59408301115, 1.92207193375, 2.38067364693, 3.45971536636, 3.83665442467, 2.70212578773, 4.06758451462, 4.29603719711, 13.1048002243, 8.7385559082, 12.4302272797, 15.8753118515, 17.260187149, 19.0804920197, 12.4254493713, 11.3147230148, 13.9458837509, 12.705915451, 16.5818157196, 15.4669437408, 12.7878036499, 9.03361797333, 6.78868913651, 6.18628025055, 3.36980986595, 2.58692359924, 2.40704584122, 2.18465065956, 2.23735761642, 1.05015790462, 0.453372061253, 0.289029568434, 0.135547637939, 0.0814183503389, 0.0730338618159, 0.0319922491908, 0.00901499204338, 0.000892153999303, 2.42661280936e-05],
        "dmean2": [0.0982176214457, 1.01143956184, 3.28422045708, 4.22516822815, 5.94179344177, 6.62144756317, 4.32262897491, 6.74249219894, 6.93826389313, 21.0331268311, 14.3040981293, 19.262298584, 25.8876514435, 27.0830402374, 30.3865470886, 19.6009979248, 18.094543457, 22.8904857635, 20.0774936676, 25.6650390625, 24.2105979919, 20.3893260956, 14.3133153915, 11.1726970673, 9.98380756378, 5.53025817871, 4.30255651474, 4.07420539856, 3.6889398098, 3.8271818161, 1.76981914043, 0.751482784748, 0.427454471588, 0.188038796186, 0.104738369584, 0.102308250964, 0.0471729971468, 0.0138872833923, 0.00145506416447, 3.85170314985e-05],
        "dvar": [0.0290745832026, 2.82468962669, 29.7934074402, 49.1794166565, 54.1207504272, 99.6755599976, 23.676235199, 104.550224304, 96.091835022, 852.483642578, 489.63659668, 1232.38745117, 7488.29199219, 2472.38256836, 2255.69677734, 1652.2734375, 753.185913086, 1487.17431641, 1346.1932373, 3026.68676758, 1552.42370605, 708.607910156, 241.454772949, 117.783485413, 109.075889587, 48.4157524109, 50.2603874207, 68.3966140747, 50.3941459656, 71.9016113281, 15.1233587265, 3.08408284187, 0.575661540031, 0.115879781544, 0.0412662997842, 0.0416155159473, 0.00901299715042, 0.000769045727793, 1.45528219946e-05, 8.48119263708e-09],
        "dvar2": [0.0791917294264, 7.66037464142, 84.5038146973, 138.982376099, 157.910766602, 290.416412354, 62.3829727173, 285.648681641, 209.619003296, 2179.35742188, 1276.39135742, 2909.07128906, 19974.0136719, 6185.04101562, 5212.5390625, 3170.3293457, 1743.67114258, 3633.64257812, 2772.16943359, 6305.77636719, 3234.96069336, 1718.76794434, 582.812316895, 311.846099854, 287.997009277, 126.407432556, 131.206375122, 185.855224609, 135.837921143, 199.78364563, 41.9645957947, 8.42465591431, 1.34114766121, 0.226778164506, 0.0657117143273, 0.0750168263912, 0.0195793248713, 0.00167971034534, 3.54299263563e-05, 2.07838191102e-08],
        "max": [2.15237784386, 21.3574047089, 77.3210449219, 89.8360595703, 107.174125671, 163.960494995, 78.2864608765, 218.585678101, 209.158996582, 650.718383789, 225.342697144, 780.90447998, 2008.49609375, 1227.92089844, 1020.31842041, 1176.81835938, 644.928955078, 1141.56420898, 921.417297363, 1601.60766602, 1011.97412109, 668.261901855, 353.644836426, 159.574798584, 157.63117981, 99.0209655762, 104.46697998, 116.591934204, 79.9897766113, 134.044677734, 49.6912002563, 23.694890976, 11.065161705, 5.31412029266, 4.22935295105, 4.09171581268, 1.74065983295, 0.416508823633, 0.0604481436312, 0.00219717319123],
        "mean": [0.0684179216623, 0.888791143894, 3.24872374535, 3.81617879868, 6.6393828392, 6.1799030304, 6.80022287369, 7.66882991791, 8.58692169189, 24.4894008636, 14.5324811935, 24.6090660095, 25.8789405823, 36.4837646484, 38.9045257568, 25.8907299042, 24.3585395813, 25.4916648865, 25.2241363525, 32.0176200867, 35.0531654358, 31.3803501129, 23.8565044403, 18.586555481, 17.3845424652, 8.36889839172, 5.16527366638, 3.8209502697, 4.04324197769, 4.4517159462, 2.01005673409, 0.813305616379, 0.594739794731, 0.315355211496, 0.189760953188, 0.15185418725, 0.0540767163038, 0.012615699321, 0.000835119979456, 4.28004059358e-05],
        "median": [0.0231771115214, 0.259506285191, 1.55713510513, 2.00521159172, 3.47799992561, 3.38568973541, 3.75348925591, 3.16134786606, 4.53570175171, 6.22410011292, 6.82251930237, 6.91091346741, 6.51095485687, 8.05450153351, 10.3864831924, 9.9490776062, 8.92008590698, 11.7944955826, 8.44231987, 10.4782171249, 14.847366333, 16.2728424072, 15.3897418976, 14.3064212799, 11.6422510147, 5.35788917542, 2.68492484093, 1.34853947163, 1.98896884918, 2.50064086914, 0.985983669758, 0.243390873075, 0.189010694623, 0.106005653739, 0.0651079937816, 0.0428104661405, 0.0137529606, 0.00241399556398, 7.8537625086e-05, 2.62791527348e-05],
        "min": [1.88212897116e-22, 9.63021400203e-22, 1.06735894556e-21, 7.36835606777e-21, 1.64918084496e-20, 8.87335771637e-20, 1.33868041053e-19, 1.31130202472e-19, 2.21340297029e-19, 3.44151880123e-19, 1.37152697717e-19, 2.20093193009e-19, 9.22035584744e-19, 9.67554713467e-19, 1.32381995573e-18, 1.31561970072e-18, 2.27961195409e-18, 3.23162776956e-18, 3.45488877997e-18, 3.33931324363e-18, 6.87893985311e-18, 4.28884420853e-18, 5.64265887064e-18, 8.91621621866e-18, 9.79575984553e-18, 1.12509550043e-17, 9.27797125185e-18, 1.39513622146e-17, 1.56821003344e-17, 1.04583174541e-17, 1.2994804764e-17, 9.82074152721e-18, 1.06634938148e-17, 1.02292190301e-17, 7.89140809569e-18, 5.04138541928e-18, 2.43145605157e-18, 9.88758661289e-19, 2.79135458127e-19, 3.31958533498e-20],
        "var": [0.0247763358057, 2.92389059067, 28.200138092, 41.9727020264, 80.5232315063, 94.1869354248, 80.9998855591, 168.32723999, 208.744628906, 1828.81433105, 563.002685547, 2785.48461914, 7221.33984375, 5838.14697266, 7033.85009766, 5457.59960938, 2221.71972656, 2842.27441406, 3507.85571289, 7509.30371094, 5854.16113281, 2757.10058594, 884.23248291, 443.843505859, 457.009338379, 115.855056763, 71.8304672241, 70.5177230835, 60.5416717529, 76.4810562134, 16.9039039612, 3.54755949974, 1.26211583614, 0.345338493586, 0.143728196621, 0.110746175051, 0.0156478527933, 0.00111700990237, 1.35963991852e-05, 8.87765061464e-09]
    },
    "gfcc": {
        "mean": [-60.1837234497, 106.534492493, -109.512283325, 24.7653903961, -43.1942481995, 11.4282808304, -34.7479858398, 6.9751329422, -23.5786819458, -0.523098468781, -18.810628891, 2.3897998333, -16.3546714783],
        "cov": [[26358.9726562, -2689.8203125, -3135.82421875, 1132.23706055, -906.885925293, 39.0378417969, 157.029067993, 949.477722168, -403.682037354, 109.029891968, -633.622314453, 598.123657227, -898.424133301], [-2689.8203125, 1803.26159668, 402.649597168, -232.341430664, 270.899505615, -60.3683776855, -10.7032346725, -217.587554932, 115.748497009, -173.809951782, 91.6806640625, -191.011367798, 182.086181641], [-3135.82421875, 402.649597168, 776.852722168, -156.145904541, 171.032363892, 26.8402633667, -31.1879768372, -112.788032532, 32.8365097046, -0.11471747607, 67.7129211426, -97.618850708, 108.853340149], [1132.23706055, -232.341430664, -156.145904541, 260.34854126, -28.66173172, 26.0440235138, 25.8649768829, 57.0486297607, 7.98760175705, 10.0804185867, -23.0357875824, 24.7921733856, -45.6530647278], [-906.885925293, 270.899505615, 171.032363892, -28.66173172, 256.802185059, 13.2588376999, 46.9705505371, -3.88318324089, 34.542591095, -10.7061128616, 18.7609481812, -19.7686195374, 18.8981266022], [39.0378417969, -60.3683776855, 26.8402633667, 26.0440235138, 13.2588376999, 139.602172852, 49.5327377319, 38.1728248596, 12.7144584656, 12.1267232895, 6.93422651291, -7.03763866425, 0.264672607183], [157.029067993, -10.7032346725, -31.1879768372, 25.8649768829, 46.9705505371, 49.5327377319, 130.193252563, 41.7272338867, 16.7379455566, -10.0871562958, 5.22044181824, 12.3645381927, -19.4050502777], [949.477722168, -217.587554932, -112.788032532, 57.0486297607, -3.88318324089, 38.1728248596, 41.7272338867, 146.23223877, 14.4570446014, 30.9713859558, -30.2539901733, 35.0252113342, -59.4456329346], [-403.682037354, 115.748497009, 32.8365097046, 7.98760175705, 34.542591095, 12.7144584656, 16.7379455566, 14.4570446014, 107.76574707, 24.8354682922, 17.872341156, -21.038236618, 18.8462047577], [109.029891968, -173.809951782, -0.11471747607, 10.0804185867, -10.7061128616, 12.1267232895, -10.0871562958, 30.9713859558, 24.8354682922, 93.9895477295, 18.7891044617, 25.7358837128, -19.0136241913], [-633.622314453, 91.6806640625, 67.7129211426, -23.0357875824, 18.7609481812, 6.93422651291, 5.22044181824, -30.2539901733, 17.872341156, 18.7891044617, 71.4083557129, 3.75308728218, 30.7671794891], [598.123657227, -191.011367798, -97.618850708, 24.7921733856, -19.7686195374, -7.03763866425, 12.3645381927, 35.0252113342, -21.038236618, 25.7358837128, 3.75308728218, 85.9434509277, -16.422416687], [-898.424133301, 182.086181641, 108.853340149, -45.6530647278, 18.8981266022, 0.264672607183, -19.4050502777, -59.4456329346, 18.8462047577, -19.0136241913, 30.7671794891, -16.422416687, 102.089805603]],
        "icov": [[0.000135831753141, -0.000151617365191, 0.000285105517833, -0.000271348602837, 0.000238726264797, -0.000126005135826, 1.46271358972e-05, -0.000286484893877, 0.000356789038051, -0.00028023327468, 0.000697029579896, -0.000499075453263, 0.000424144003773], [-0.000151617365191, 0.00166006013751, -0.000158646478667, 0.000979795120656, -0.0013615351636, 0.000560422078706, 0.000274906895356, 0.000856271479279, -0.00180567486677, 0.00279317609966, -0.00235317274928, 0.00226714485325, -0.000958974764217], [0.000285105517833, -0.000158646478667, 0.00292118778452, 0.00017252631369, -0.000932902505156, -0.000754413136747, 0.000483151176013, -7.0519890869e-05, 0.00122765661217, -0.0014208087232, 0.00046999938786, 0.00123290868942, -0.000454727356555], [-0.000271348602837, 0.000979795120656, 0.00017252631369, 0.00559402350336, -0.000885255634785, -0.000491264450829, 9.96962480713e-05, 0.000491747108754, -0.0022584379185, 0.00196268502623, -0.00159715441987, 0.00113787828013, 9.93721259874e-05], [0.000238726264797, -0.0013615351636, -0.000932902505156, -0.000885255634785, 0.00652228621766, 5.888871965e-05, -0.00219314778224, -0.00132352451328, 0.000353926123353, -0.00133062549867, 0.0021450270433, -0.00247759814374, 0.00137490569614], [-0.000126005135826, 0.000560422078706, -0.000754413136747, -0.000491264450829, 5.888871965e-05, 0.0100780781358, -0.00379799562506, -0.00269275531173, 0.000795729050878, -0.00106802233495, -0.00198389776051, 0.0039241570048, -0.00296730874106], [1.46271358972e-05, 0.000274906895356, 0.000483151176013, 9.96962480713e-05, -0.00219314778224, -0.00379799562506, 0.0120042096823, -0.00156043190509, -0.00250509893522, 0.00501834554598, -0.00306814117357, -0.00230367761105, 0.00290794111788], [-0.000286484893877, 0.000856271479279, -7.0519890869e-05, 0.000491747108754, -0.00132352451328, -0.00269275531173, -0.00156043190509, 0.0143185593188, -0.00450820615515, -0.000746113131754, 0.00319350580685, -0.00274896621704, 0.00382822542451], [0.000356789038051, -0.00180567486677, 0.00122765661217, -0.0022584379185, 0.000353926123353, 0.000795729050878, -0.00250509893522, -0.00450820615515, 0.0162642076612, -0.00862383376807, 0.00120330334175, 0.00373684987426, -0.00349740847014], [-0.00028023327468, 0.00279317609966, -0.0014208087232, 0.00196268502623, -0.00133062549867, -0.00106802233495, 0.00501834554598, -0.000746113131754, -0.00862383376807, 0.0223725456744, -0.00963550619781, -0.00246257102117, 0.00397961400449], [0.000697029579896, -0.00235317274928, 0.00046999938786, -0.00159715441987, 0.0021450270433, -0.00198389776051, -0.00306814117357, 0.00319350580685, 0.00120330334175, -0.00963550619781, 0.0266699157655, -0.00785192009062, -0.00131713517476], [-0.000499075453263, 0.00226714485325, 0.00123290868942, 0.00113787828013, -0.00247759814374, 0.0039241570048, -0.00230367761105, -0.00274896621704, 0.00373684987426, -0.00246257102117, -0.00785192009062, 0.0232971459627, -0.00586601626128], [0.000424144003773, -0.000958974764217, -0.000454727356555, 9.93721259874e-05, 0.00137490569614, -0.00296730874106, 0.00290794111788, 0.00382822542451, -0.00349740847014, 0.00397961400449, -0.00131713517476, -0.00586601626128, 0.0191428009421]]
    },
    "melbands": {
        "dmean": [0.000580647203606, 0.000922518258449, 0.000411934393924, 0.000262882764218, 0.000108281536086, 8.5401115939e-05, 7.61623814469e-05, 0.000145081503433, 6.8180685048e-05, 8.4089297161e-05, 8.12121725176e-05, 7.0587011578e-05, 7.43351120036e-05, 4.33970344602e-05, 3.20379222103e-05, 2.78201441688e-05, 2.61264467554e-05, 2.22988055611e-05, 2.20111724047e-05, 2.04539246624e-05, 1.87846617337e-05, 1.66672580235e-05, 9.12478481041e-06, 8.85635381564e-06, 5.82564007345e-06, 7.02471879777e-06, 3.11055077873e-06, 2.26650831792e-06, 1.76444882527e-06, 1.67535722539e-06, 1.38972063723e-06, 1.28596934701e-06, 1.38113955472e-06, 1.3371576415e-06, 6.84091730818e-07, 4.38056616758e-07, 2.2524810106e-07, 2.43346562456e-07, 1.75507153699e-07, 1.0765982239e-07],
        "dmean2": [0.000995730166323, 0.00155832676683, 0.000720934651326, 0.000453614105936, 0.000177287060069, 0.00014154886594, 0.000122759884107, 0.000234141814872, 0.000110634478915, 0.000132951157866, 0.00013177053188, 0.000110010216304, 0.000117669180327, 6.81430465193e-05, 4.78217953059e-05, 4.5657830924e-05, 4.30134496128e-05, 3.53129180439e-05, 3.40887672792e-05, 3.22255618812e-05, 2.98445884255e-05, 2.67504638032e-05, 1.47043338075e-05, 1.4324094991e-05, 9.60798479355e-06, 1.14237354865e-05, 5.12893029736e-06, 3.71826672563e-06, 2.90714388029e-06, 2.86783824777e-06, 2.36880578086e-06, 2.18997115553e-06, 2.34580306824e-06, 2.2794627057e-06, 1.16551200335e-06, 7.48881177515e-07, 3.66844204791e-07, 3.69104782294e-07, 2.60473967728e-07, 1.53081217036e-07],
        "dvar": [2.9123659715e-06, 6.72657915857e-06, 1.14042086352e-06, 4.31177426208e-07, 4.58163604833e-08, 4.43004353201e-08, 2.5492933986e-08, 1.02552135672e-07, 2.61276902336e-08, 6.98695288293e-08, 1.85109982453e-07, 4.17579819612e-08, 3.64037688882e-08, 2.03048760028e-08, 9.02685215465e-09, 5.76022296528e-09, 5.20120302383e-09, 4.09916411925e-09, 4.86557016899e-09, 3.85666032443e-09, 2.15000861559e-09, 1.4357794953e-09, 2.67411204291e-10, 2.15533563219e-10, 9.11962103056e-11, 1.44882911224e-10, 3.37895787739e-11, 2.30451161626e-11, 1.89277638701e-11, 2.73683072732e-11, 2.2096775798e-11, 1.61990056785e-11, 2.18590163331e-11, 2.2842736383e-11, 5.24618889997e-12, 3.34221365861e-12, 6.27679603172e-13, 3.71880938587e-13, 2.21558855247e-13, 6.7542895105e-14],
        "dvar2": [7.86686268839e-06, 1.85893768503e-05, 3.22111918649e-06, 1.22637800359e-06, 1.27862506361e-07, 1.20352481758e-07, 5.74648417739e-08, 2.67776385954e-07, 6.55320633314e-08, 1.74296232558e-07, 4.88713453706e-07, 1.04402388956e-07, 8.30060571388e-08, 4.29070219354e-08, 1.52192285441e-08, 1.44763978582e-08, 1.28431327795e-08, 8.51628279008e-09, 9.36579880317e-09, 7.95755905614e-09, 4.79214667948e-09, 3.60647955944e-09, 6.65541122213e-10, 5.49404854944e-10, 2.41224540343e-10, 3.82470083382e-10, 8.9146620641e-11, 5.993397445e-11, 4.90554645516e-11, 7.27183105398e-11, 6.06363223521e-11, 4.42665591682e-11, 5.93795082549e-11, 6.38337369074e-11, 1.45066554255e-11, 9.3321652489e-12, 1.67918814704e-12, 8.95756125524e-13, 4.90245647897e-13, 1.35856929005e-13],
        "max": [0.0233612470329, 0.0335846096277, 0.0143572427332, 0.00846952293068, 0.00395815540105, 0.00436030933633, 0.00332921277732, 0.00645037740469, 0.00208536698483, 0.00549136660993, 0.00986695475876, 0.00466490490362, 0.00458487728611, 0.00409099599347, 0.00333873485215, 0.00211410108022, 0.0019817140419, 0.00149171112571, 0.00190590450075, 0.00174532190431, 0.00101656897459, 0.000939546327572, 0.000310828967486, 0.000197675195523, 0.000134970978252, 0.000190667022252, 7.39644601708e-05, 6.18733538431e-05, 6.34218522464e-05, 8.67861162988e-05, 6.77416755934e-05, 5.03220471728e-05, 6.82216705172e-05, 7.98697656137e-05, 3.30662805936e-05, 2.91140531772e-05, 1.12265006464e-05, 1.066747609e-05, 8.31732813822e-06, 3.52614506482e-06],
        "mean": [0.000780781556387, 0.00158084358554, 0.000791463535279, 0.000452658481663, 0.000258339452557, 0.000161960429978, 0.000155837798957, 0.00025463689235, 0.000118348616525, 0.000162565222126, 0.000128371219034, 0.000143824814586, 0.000144789810292, 8.13977239886e-05, 6.11692885286e-05, 5.29788812855e-05, 4.42244054284e-05, 3.93886148231e-05, 3.94225025957e-05, 4.10468492191e-05, 3.93802110921e-05, 3.55603224307e-05, 2.15799318539e-05, 1.99185178644e-05, 1.37927872856e-05, 1.71109968505e-05, 7.59450631449e-06, 4.75185561299e-06, 3.36145512847e-06, 2.60761498794e-06, 2.05593346436e-06, 2.17173123929e-06, 2.54083283835e-06, 2.49344657277e-06, 1.23837367028e-06, 6.79170568674e-07, 3.92199666521e-07, 4.44548959422e-07, 3.56329792339e-07, 2.33182632314e-07],
        "median": [0.000255459570326, 0.000715416681487, 0.000460862269392, 0.00025147627457, 0.000151071275468, 6.59967772663e-05, 7.36494839657e-05, 7.12763066986e-05, 4.63037576992e-05, 4.25178841397e-05, 2.78419574897e-05, 2.79629912256e-05, 2.71085209533e-05, 2.45937153522e-05, 1.68062651937e-05, 2.09074860322e-05, 1.81817522389e-05, 1.02669573607e-05, 1.29886184368e-05, 1.50417354234e-05, 1.39842240969e-05, 1.02864569271e-05, 1.03939864857e-05, 1.21812645375e-05, 8.46746297611e-06, 1.01811147033e-05, 4.66236315333e-06, 2.52716108662e-06, 1.60438560215e-06, 8.83377197169e-07, 6.30436034044e-07, 9.7575343716e-07, 1.18550769912e-06, 1.34492995585e-06, 5.86570763517e-07, 2.09501934023e-07, 1.02855814532e-07, 1.36553865104e-07, 1.07498614454e-07, 7.8255126823e-08],
        "min": [3.64152156688e-24, 7.6599922315e-25, 1.38069364278e-24, 4.22794380331e-24, 6.10018328284e-24, 2.82099874315e-24, 3.71139137169e-24, 3.25719050601e-24, 1.12712574328e-24, 1.44048860914e-24, 4.52956398156e-24, 2.8658699403e-24, 4.04105239967e-24, 1.81409806423e-24, 4.2144862307e-24, 5.31576090351e-24, 5.00734074425e-24, 4.40068619775e-24, 5.43583381632e-24, 4.21449333045e-24, 6.88989221354e-24, 3.20289439319e-24, 5.91734307438e-24, 3.97954530932e-24, 7.78850023675e-24, 8.34039521466e-24, 4.57038674455e-24, 6.76511098441e-24, 5.5078520838e-24, 5.29316358845e-24, 9.36258303184e-24, 8.57298217509e-24, 6.16501542191e-24, 4.34014033442e-24, 6.77232590625e-24, 6.85065269439e-24, 5.77972116187e-24, 6.39248938039e-24, 7.75973442385e-24, 8.00571703131e-24],
        "var": [2.65084804596e-06, 6.89616899763e-06, 1.1996946796e-06, 4.43644921688e-07, 1.12698522514e-07, 7.32804252834e-08, 6.0368506638e-08, 1.85104738648e-07, 3.79435967091e-08, 1.29163865381e-07, 1.85322704738e-07, 9.69775086901e-08, 1.07529238846e-07, 5.02380572698e-08, 3.35884138281e-08, 1.02929069712e-08, 9.21808407384e-09, 9.48075395968e-09, 1.1076970452e-08, 1.13297762283e-08, 7.41399963644e-09, 4.55368454055e-09, 9.08498054564e-10, 6.23535389987e-10, 2.94917229526e-10, 4.8913728623e-10, 9.21922121977e-11, 4.61732561907e-11, 3.01334616981e-11, 3.05560021729e-11, 2.17791860935e-11, 1.84342263676e-11, 2.49399875751e-11, 2.40459475248e-11, 6.15058828521e-12, 3.07550859779e-12, 8.03171494156e-13, 7.24132830521e-13, 5.09325654569e-13, 1.8856627143e-13]
    },
    "mfcc": {
        "mean": [-702.123474121, 139.833755493, -2.2946369648, 20.7454814911, 9.30188941956, 7.52510643005, 0.250320583582, 7.87650585175, -2.69950890541, 0.999893665314, 2.03259372711, -6.20601081848, 0.942437112331],
        "cov": [[21313.2167969, -2644.91137695, -2551.14331055, 934.501159668, -1042.09118652, -234.524169922, -113.626533508, 832.807006836, 50.880695343, -8.37184906006, 187.818069458, 90.8645553589, 588.616271973], [-2644.91137695, 1642.96948242, 418.203308105, -117.501670837, 293.520751953, 53.4974136353, 38.7598114014, -75.7711715698, 0.877197921276, -12.7645215988, -30.6722640991, -73.4820175171, -115.897460938], [-2551.14331055, 418.203308105, 594.021789551, -118.129508972, 157.901016235, 56.7895469666, 23.3661880493, -125.657180786, 5.52068376541, 8.63734054565, -22.3687667847, 2.17129063606, -109.283836365], [934.501159668, -117.501670837, -118.129508972, 210.750213623, -6.97619199753, 2.8418200016, -8.1503276825, 51.4402046204, -5.41192102432, 12.1864051819, 15.7984695435, -6.39468383789, 41.3617362976], [-1042.09118652, 293.520751953, 157.901016235, -6.97619199753, 195.467224121, 37.258140564, 19.1068210602, -28.9968852997, 22.3939285278, 23.1563358307, -6.42161417007, -1.13917207718, -29.6241436005], [-234.524169922, 53.4974136353, 56.7895469666, 2.8418200016, 37.258140564, 98.8605575562, 36.8139762878, 9.78809547424, 11.3614206314, 15.1712760925, 8.05641365051, 0.891089916229, -16.7866077423], [-113.626533508, 38.7598114014, 23.3661880493, -8.1503276825, 19.1068210602, 36.8139762878, 108.677223206, 41.0126647949, 7.02216911316, -3.44514322281, 14.7049207687, -2.29752707481, -11.4877986908], [832.807006836, -75.7711715698, -125.657180786, 51.4402046204, -28.9968852997, 9.78809547424, 41.0126647949, 139.202529907, 34.4801826477, 12.9888296127, 20.96733284, 2.33127450943, 28.8980617523], [50.880695343, 0.877197921276, 5.52068376541, -5.41192102432, 22.3939285278, 11.3614206314, 7.02216911316, 34.4801826477, 78.5527496338, 31.494348526, 1.15908658504, 19.9339122772, 4.58566904068], [-8.37184906006, -12.7645215988, 8.63734054565, 12.1864051819, 23.1563358307, 15.1712760925, -3.44514322281, 12.9888296127, 31.494348526, 75.032661438, 27.7281837463, 12.4721879959, -2.96262526512], [187.818069458, -30.6722640991, -22.3687667847, 15.7984695435, -6.42161417007, 8.05641365051, 14.7049207687, 20.96733284, 1.15908658504, 27.7281837463, 77.4714431763, 30.4893493652, 4.86172676086], [90.8645553589, -73.4820175171, 2.17129063606, -6.39468383789, -1.13917207718, 0.891089916229, -2.29752707481, 2.33127450943, 19.9339122772, 12.4721879959, 30.4893493652, 81.9323043823, 35.3874397278], [588.616271973, -115.897460938, -109.283836365, 41.3617362976, -29.6241436005, -16.7866077423, -11.4877986908, 28.8980617523, 4.58566904068, -2.96262526512, 4.86172676086, 35.3874397278, 101.576576233]],
