{
"lowlevel": {
    "average_loudness": 0.490440905094,
    "barkbands_crest": {
        "dmean": 1.77852761745,
        "dmean2": 2.77794957161,
        "dvar": 3.29302358627,
        "dvar2": 7.97802352905,
        "max": 25.164144516,
        "mean": 10.4617710114,
        "median": 9.88798332214,
        "min": 3.84178757668,
        "var": 12.3094129562
    },
    "barkbands_flatness_db": {
        "dmean": 0.0152276754379,
        "dmean2": 0.0225055720657,
        "dvar": 0.000239576998865,
        "dvar2": 0.000470305996714,
        "max": 0.381688028574,
        "mean": 0.21811285615,
        "median": 0.213474556804,
        "min": 0.0610410906374,
        "var": 0.00488703278825
    },
    "barkbands_kurtosis": {
        "dmean": 1.99535655975,
        "dmean2": 2.95370602608,
        "dvar": 13.6966152191,
        "dvar2": 26.3844032288,
        "max": 96.1964569092,
        "mean": 4.96497821808,
        "median": 3.07076740265,
        "min": -1.8578286171,
        "var": 52.7779388428
    },
    "barkbands_skewness": {
        "dmean": 0.344730973244,
        "dmean2": 0.501048266888,
        "dvar": 0.171681314707,
        "dvar2": 0.338759213686,
        "max": 8.58873558044,
        "mean": 1.47062325478,
        "median": 1.36038434505,
        "min": -2.10770988464,
        "var": 1.1299366951
    },
    "barkbands_spread": {
        "dmean": 2.45005464554,
        "dmean2": 3.49226546288,
        "dvar": 19.0963344574,
        "dvar2": 30.3957023621,
        "max": 87.0513076782,
        "mean": 12.8419942856,
        "median": 9.50280761719,
        "min": 1.16877055168,
        "var": 101.228889465
    },
    "dissonance": {
        "dmean": 0.0252718534321,
        "dmean2": 0.0421376563609,
        "dvar": 0.000537433836143,
        "dvar2": 0.00139119615778,
        "max": 0.499779701233,
        "mean": 0.429898768663,
        "median": 0.433571666479,
        "min": 0.233629629016,
        "var": 0.00164057011716
    },
    "dynamic_complexity": 3.35857200623,
    "erbbands_crest": {
        "dmean": 2.53800463676,
        "dmean2": 3.8946685791,
        "dvar": 5.8318810463,
        "dvar2": 13.4243869781,
        "max": 29.2215690613,
        "mean": 11.8538799286,
        "median": 10.8608074188,
        "min": 2.86592578888,
        "var": 24.1437282562
    },
    "erbbands_flatness_db": {
        "dmean": 0.0138552803546,
        "dmean2": 0.0193766057491,
        "dvar": 0.000223697701585,
        "dvar2": 0.000426084327046,
        "max": 0.374277234077,
        "mean": 0.222468227148,
        "median": 0.213798284531,
        "min": 0.0526931919158,
        "var": 0.00371856475249
    },
    "erbbands_kurtosis": {
        "dmean": 1.19378244877,
        "dmean2": 1.84677326679,
        "dvar": 2.7392783165,
        "dvar2": 6.23125267029,
        "max": 23.4286403656,
        "mean": 1.59115159512,
        "median": 0.865445613861,
        "min": -1.80485582352,
        "var": 7.12582206726
    },
    "erbbands_skewness": {
        "dmean": 0.326309382915,
        "dmean2": 0.482645779848,
        "dvar": 0.117440097034,
        "dvar2": 0.238647148013,
        "max": 4.15120697021,
        "mean": 0.836117327213,
        "median": 0.834486722946,
        "min": -1.74780714512,
        "var": 0.687836706638
    },
    "erbbands_spread": {
        "dmean": 5.29321622849,
        "dmean2": 7.89279222488,
        "dvar": 64.5156326294,
        "dvar2": 131.210357666,
        "max": 131.110778809,
        "mean": 26.250629425,
        "median": 22.1111412048,
        "min": 4.73389291763,
        "var": 256.519622803
    },
    "hfc": {
        "dmean": 2.44614481926,
        "dmean2": 3.66160345078,
        "dvar": 26.9207172394,
        "dvar2": 71.2848205566,
        "max": 115.572799683,
        "mean": 12.3721866608,
        "median": 5.6275267601,
        "min": 1.10607395285e-16,
        "var": 289.724029541
    },
    "melbands_crest": {
        "dmean": 1.93353879452,
        "dmean2": 2.99891638756,
        "dvar": 3.85026216507,
        "dvar2": 9.17602443695,
        "max": 28.5150527954,
        "mean": 13.1375284195,
        "median": 12.5993785858,
        "min": 1.81980550289,
        "var": 17.4946727753
    },
    "melbands_flatness_db": {
        "dmean": 0.0167576409876,
        "dmean2": 0.0234217308462,
        "dvar": 0.000390852248529,
        "dvar2": 0.000661454745568,
        "max": 0.506832361221,
        "mean": 0.281617730856,
        "median": 0.280713587999,
        "min": 0.00359894288704,
        "var": 0.00922046601772
    },
    "melbands_kurtosis": {
        "dmean": 3.47877144814,
        "dmean2": 5.2041759491,
        "dvar": 41.9226150513,
        "dvar2": 92.2801055908,
        "max": 116.860069275,
        "mean": 9.44128704071,
        "median": 5.74748897552,
        "min": -1.46900725365,
        "var": 160.355911255
    },
    "melbands_skewness": {
        "dmean": 0.432515323162,
        "dmean2": 0.631209015846,
        "dvar": 0.274299114943,
        "dvar2": 0.601147651672,
        "max": 8.79427146912,
        "mean": 2.00684738159,
        "median": 1.75382375717,
        "min": -0.692995607853,
        "var": 1.54482936859
    },
    "melbands_spread": {
        "dmean": 2.97350716591,
        "dmean2": 4.36076116562,
        "dvar": 32.2651824951,
        "dvar2": 62.2098693848,
        "max": 153.792861938,
        "mean": 15.732542038,
        "median": 10.7431707382,
        "min": 1.30578267574,
        "var": 249.371536255
    },
    "pitch_salience": {
        "dmean": 0.0465867556632,
        "dmean2": 0.0733164176345,
        "dvar": 0.00200771447271,
        "dvar2": 0.00477663287893,
        "max": 0.825465381145,
        "mean": 0.527278602123,
        "median": 0.522076070309,
        "min": 0.222909137607,
        "var": 0.00887407083064
    },
    "silence_rate_20dB": {
        "dmean": 0,
        "dmean2": 0,
        "dvar": 0,
        "dvar2": 0,
        "max": 1,
        "mean": 1,
        "median": 1,
        "min": 1,
        "var": 0
    },
    "silence_rate_30dB": {
        "dmean": 0.00464396271855,
        "dmean2": 0.00929152127355,
        "dvar": 0.00462239980698,
        "dvar2": 0.0123023157939,
        "max": 1,
        "mean": 0.996905207634,
        "median": 1,
        "min": 0,
        "var": 0.00308519555256
    },
    "silence_rate_60dB": {
        "dmean": 0.0143188852817,
        "dmean2": 0.0286488570273,
        "dvar": 0.0141139840707,
        "dvar2": 0.0317005850375,
        "max": 1,
        "mean": 0.0348162464797,
        "median": 0,
        "min": 0,
        "var": 0.0336049459875
    },
    "spectral_centroid": {
        "dmean": 108.761489868,
        "dmean2": 154.337814331,
        "dvar": 50431.3359375,
        "dvar2": 80450.796875,
        "max": 11715.8710938,
        "mean": 853.530578613,
        "median": 607.844299316,
        "min": 204.941299438,
        "var": 1002042.4375
    },
    "spectral_complexity": {
        "dmean": 1.75116097927,
        "dmean2": 2.83352684975,
        "dvar": 4.43073511124,
        "dvar2": 10.287437439,
        "max": 53,
        "mean": 12.7806577682,
        "median": 10,
        "min": 0,
        "var": 65.5498886108
    },
    "spectral_decrease": {
        "dmean": 9.59622048491e-10,
        "dmean2": 1.46948586632e-09,
        "dvar": 4.17931763721e-18,
        "dvar2": 9.97823092557e-18,
        "max": 9.64199613659e-29,
        "mean": -4.75263650657e-09,
        "median": -3.23627991072e-09,
        "min": -4.3500087088e-08,
        "var": 1.98860522374e-17
    },
    "spectral_energy": {
        "dmean": 0.00379901914857,
        "dmean2": 0.00581064261496,
        "dvar": 6.4116633439e-05,
        "dvar2": 0.00015412265202,
        "max": 0.173168256879,
        "mean": 0.0190597325563,
        "median": 0.012853467837,
        "min": 1.02730694512e-20,
        "var": 0.000329967297148
    },
    "spectral_energyband_high": {
        "dmean": 9.82632409432e-05,
        "dmean2": 0.000140890973853,
        "dvar": 8.30477944191e-08,
        "dvar2": 1.7546210529e-07,
        "max": 0.00852587167174,
        "mean": 0.000360230536899,
        "median": 3.85729472328e-05,
        "min": 7.27777171276e-21,
        "var": 5.56103771032e-07
    },
    "spectral_energyband_low": {
        "dmean": 0.00131618638989,
        "dmean2": 0.00213063135743,
        "dvar": 2.77466861007e-05,
        "dvar2": 6.42772065476e-05,
        "max": 0.108392864466,
        "mean": 0.00519873946905,
        "median": 0.00292334472761,
        "min": 2.55170501984e-23,
        "var": 5.12179212819e-05
    },
    "spectral_energyband_middle_high": {
        "dmean": 0.00118142354768,
        "dmean2": 0.00181278400123,
        "dvar": 8.58449129737e-06,
        "dvar2": 2.29405304708e-05,
        "max": 0.0625121667981,
        "mean": 0.00427695550025,
        "median": 0.000861568551045,
        "min": 1.20529262537e-21,
        "var": 6.93708207109e-05
    },
    "spectral_energyband_middle_low": {
        "dmean": 0.00271341041662,
        "dmean2": 0.00409769499674,
        "dvar": 2.92742224701e-05,
        "dvar2": 7.04660778865e-05,
        "max": 0.103806272149,
        "mean": 0.0100047439337,
        "median": 0.00761342095211,
        "min": 1.78693681018e-22,
        "var": 8.55285034049e-05
    },
    "spectral_entropy": {
        "dmean": 0.139718875289,
        "dmean2": 0.198762178421,
        "dvar": 0.0282717403024,
        "dvar2": 0.0485826097429,
        "max": 9.81774330139,
        "mean": 6.83923244476,
        "median": 6.78722858429,
        "min": 5.36202573776,
        "var": 0.469956725836
    },
    "spectral_flux": {
        "dmean": 0.0132200773805,
        "dmean2": 0.0211648847908,
        "dvar": 0.000329462287482,
        "dvar2": 0.00078908202704,
        "max": 0.312609285116,
        "mean": 0.0474410653114,
        "median": 0.0366748347878,
        "min": 6.64302779452e-11,
        "var": 0.00134247972164
    },
    "spectral_kurtosis": {
        "dmean": 6.21336126328,
        "dmean2": 10.4346666336,
        "dvar": 88.6267623901,
        "dvar2": 255.203125,
        "max": 115.032180786,
        "mean": 14.6391897202,
        "median": 7.39743041992,
        "min": -1.24654352665,
        "var": 320.214599609
    },
    "spectral_rms": {
        "dmean": 0.000370595837012,
        "dmean2": 0.000548566284124,
        "dvar": 2.66927600023e-07,
        "dvar2": 5.98421593168e-07,
        "max": 0.0129978703335,
        "mean": 0.00393249420449,
        "median": 0.0035411817953,
        "min": 3.16583434815e-12,
        "var": 3.1303304695e-06
    },
    "spectral_rolloff": {
        "dmean": 179.039627075,
        "dmean2": 302.958587646,
        "dvar": 381488.125,
        "dvar2": 700900.0625,
        "max": 19250.6835938,
        "mean": 986.306945801,
        "median": 581.396484375,
        "min": 150.732421875,
        "var": 3117293
    },
    "spectral_skewness": {
        "dmean": 0.464250773191,
        "dmean2": 0.750762879848,
        "dvar": 0.312619060278,
        "dvar2": 0.873848974705,
        "max": 8.37038707733,
        "mean": 2.4314455986,
        "median": 2.17086291313,
        "min": -0.0768804252148,
        "var": 1.73599815369
    },
    "spectral_spread": {
        "dmean": 358595.625,
        "dmean2": 532462.875,
        "dvar": 619192909824,
        "dvar2": 1.05000488141e+12,
        "max": 42531460,
        "mean": 3499519.75,
        "median": 3412850.25,
        "min": 589353.5,
        "var": 1.27749660344e+13
    },
    "spectral_strongpeak": {
        "dmean": 0.4727191329,
        "dmean2": 0.798163950443,
        "dvar": 1.11537349224,
        "dvar2": 2.8450820446,
        "max": 12.7228775024,
        "mean": 1.14164912701,
        "median": 0.57500654459,
        "min": 0,
        "var": 2.90568399429
    },
    "zerocrossingrate": {
        "dmean": 0.00501149659976,
        "dmean2": 0.00604973454028,
        "dvar": 0.00013584975386,
        "dvar2": 0.000212424492929,
        "max": 0.51806640625,
        "mean": 0.0394907146692,
        "median": 0.029296875,
        "min": 0.00634765625,
        "var": 0.00220238813199
    },
    "barkbands": {
        "dmean": [2.68934581982e-05, 0.000544984999578, 0.000824810471386, 0.00057682703482, 0.00111216004007, 0.00112469028682, 0.000594880024437, 0.000343124935171, 0.000510940793902, 0.00043317998643, 0.000212697195821, 0.000140319709317, 0.000133799054311, 0.000601155159529, 0.000146422346006, 9.95267037069e-05, 9.9692006188e-05, 3.94585913455e-05, 2.83529170702e-05, 3.96297109546e-05, 3.74124028895e-05, 2.94885794574e-05, 2.40001299971e-05, 1.17461922855e-05, 8.10884012026e-06, 2.21302934733e-06, 2.22821405771e-09],
        "dmean2": [4.41232077719e-05, 0.000893703429028, 0.00136156973895, 0.000965468352661, 0.0017394827446, 0.00167384371161, 0.000857684121002, 0.000495522515848, 0.00074034644058, 0.000658266479149, 0.000322785053868, 0.000227512195124, 0.000211415535887, 0.000975435774308, 0.0002333294251, 0.000158971495694, 0.000158704584464, 6.58698045299e-05, 4.56879897683e-05, 6.22796796961e-05, 5.94384255237e-05, 4.58239410364e-05, 3.65536288882e-05, 1.74485521711e-05, 1.12031175377e-05, 3.18095362672e-06, 4.00477473406e-09],
        "dvar": [3.32743468334e-08, 7.35489584258e-06, 1.07398918772e-05, 2.87193415716e-06, 9.01743260329e-06, 5.24422421222e-06, 1.32422678689e-06, 6.89015735134e-07, 1.42299779782e-06, 2.38292955146e-06, 3.42095916039e-07, 1.69165730313e-07, 2.08790041256e-07, 6.59154738969e-06, 3.02642746419e-07, 9.33386772317e-08, 6.98804285548e-08, 1.31098110145e-08, 8.79686545829e-09, 1.19031948742e-08, 9.43022282485e-09, 6.23489659901e-09, 6.9636914013e-09, 3.34737904062e-09, 2.38511876915e-09, 1.02619135411e-10, 3.76356352572e-16],
        "dvar2": [8.0126895341e-08, 1.61173702509e-05, 2.93402481475e-05, 7.94825791672e-06, 2.16885928239e-05, 1.23695072034e-05, 2.9196653486e-06, 1.64569803474e-06, 3.094540034e-06, 5.73172201257e-06, 8.87338330813e-07, 4.3501168534e-07, 5.5007615174e-07, 1.84278032975e-05, 7.3249094612e-07, 2.18477865133e-07, 1.77817256031e-07, 3.67976547011e-08, 2.116757436e-08, 3.00572793321e-08, 2.47959395239e-08, 1.52200563264e-08, 1.52609285209e-08, 4.9469286445e-09, 4.00583566318e-09, 2.10440012638e-10, 8.99884838548e-16],
        "max": [0.00447077956051, 0.0579986646771, 0.0584426522255, 0.0324473977089, 0.0582228824496, 0.0366835184395, 0.0196522511542, 0.0152784613892, 0.0254210568964, 0.0530809536576, 0.018857948482, 0.00832104869187, 0.0141409691423, 0.0501317977905, 0.0147778950632, 0.0076364534907, 0.00905847828835, 0.00218416145071, 0.00255021592602, 0.00219738576561, 0.00187588715926, 0.00162477197591, 0.00259481230751, 0.00268298992887, 0.00253808381967, 0.000284373119939, 5.17981050052e-07],
        "mean": [4.11881919717e-05, 0.00164840335492, 0.00287654832937, 0.00119951472152, 0.00263020233251, 0.00274521205574, 0.00136756559368, 0.000661186117213, 0.00116720714141, 0.00140122079756, 0.000490164093208, 0.000274496240309, 0.000231420766795, 0.00105319847353, 0.00028338492848, 0.000194922205992, 0.000233149941778, 8.51137956488e-05, 6.70560766594e-05, 9.89077307167e-05, 0.000103521291749, 9.07865614863e-05, 5.93006334384e-05, 3.25102228089e-05, 1.95756310859e-05, 3.99022383135e-06, 1.60232171975e-09],
        "median": [4.21943559559e-06, 0.000780187197961, 0.00165956479032, 0.000434231449617, 0.00130375893787, 0.0013675839873, 0.000673885166179, 0.000208057303098, 0.000353446201188, 9.97748647933e-05, 9.00291779544e-05, 6.21113867965e-05, 5.84460867685e-05, 5.87613285461e-05, 2.84215293505e-05, 4.54335167888e-05, 4.11282489949e-05, 1.48502167576e-05, 5.8762284425e-06, 6.75199135003e-06, 1.05258923213e-05, 8.38918367663e-06, 5.21866604686e-06, 2.34208778238e-06, 1.28462363591e-06, 3.32178842655e-07, 1.99170749338e-10],
        "min": [9.08079876105e-25, 6.13784310803e-24, 2.67146897528e-24, 2.57286668693e-24, 9.82376216109e-24, 1.38543081168e-23, 4.72502083691e-24, 1.69911046436e-23, 3.24682053498e-23, 2.62226941667e-23, 3.49951256222e-23, 4.05236805716e-23, 3.60766823222e-23, 3.06949722526e-23, 4.26379571707e-23, 9.75573868523e-23, 7.75271482397e-23, 1.1931511094e-22, 1.6201807025e-22, 2.14429483922e-22, 2.46665470709e-22, 3.24873670967e-22, 4.91566720268e-22, 5.54914699582e-22, 1.0058722236e-21, 1.32756238012e-21, 2.03521630293e-21],
        "var": [5.99328160433e-08, 1.130416058e-05, 1.7021136955e-05, 4.28253588325e-06, 1.65077944985e-05, 1.5013058146e-05, 4.43508133685e-06, 1.35857783334e-06, 5.8616460592e-06, 2.28286226047e-05, 2.03915919883e-06, 4.47298248218e-07, 2.77970059415e-07, 1.7131522327e-05, 7.82963525126e-07, 2.15254985392e-07, 3.52845063389e-07, 4.13057854587e-08, 3.46382407201e-08, 4.5860499398e-08, 4.33945537281e-08, 3.44300623567e-08, 2.33312729137e-08, 2.0085584751e-08, 1.10797016006e-08, 2.29557997611e-10, 2.5753226786e-16]
    },
    "erbbands": {
        "dmean": [0.0133196990937, 0.138839632273, 0.779120504856, 1.4474260807, 2.7160115242, 4.14933872223, 7.43959617615, 9.19183444977, 8.56157684326, 8.08598995209, 7.66793489456, 11.856803894, 12.9206943512, 10.2662181854, 6.75910949707, 5.00966501236, 6.06327724457, 13.786318779, 22.3343219757, 7.2304148674, 4.66759967804, 5.54389381409, 2.65405750275, 1.28877913952, 1.61067128181, 1.87278199196, 1.63409781456, 1.42346334457, 1.01193535328, 1.00739884377, 0.600313603878, 0.335435718298, 0.161678403616, 0.117712318897, 0.041337158531, 0.0168347582221, 0.00242109457031, 5.2056977438e-05, 3.70012730855e-06, 4.43585713583e-06],
        "dmean2": [0.0222627837211, 0.234219118953, 1.28969013691, 2.34969305992, 4.42100143433, 6.62466812134, 11.3745203018, 13.5069322586, 12.6285190582, 11.784614563, 10.9537878036, 16.7560710907, 19.0485858917, 14.9481344223, 10.0312776566, 8.07718849182, 9.50718593597, 22.0702800751, 36.3020629883, 11.1354017258, 7.35729551315, 9.00056171417, 4.31049060822, 2.0730073452, 2.52798390388, 2.88831162453, 2.50926613808, 2.28607964516, 1.55949068069, 1.51025032997, 0.929049134254, 0.502947628498, 0.231721818447, 0.170954898, 0.056265052408, 0.0240513384342, 0.00345165119506, 7.41041294532e-05, 5.22624759469e-06, 6.72601299812e-06],
        "dvar": [0.0087868431583, 0.37793931365, 10.2463035583, 21.0573863983, 99.5928039551, 88.4804382324, 320.450042725, 366.317779541, 328.951538086, 272.473602295, 317.691436768, 719.171386719, 2090.88769531, 925.054870605, 262.657623291, 259.812896729, 300.476165771, 2241.80493164, 8917.43554688, 538.379699707, 202.128601074, 243.940765381, 55.0918083191, 16.5746459961, 23.4280223846, 27.0154590607, 16.9610042572, 15.6833686829, 7.76038217545, 7.06084012985, 6.57195425034, 2.91354417801, 0.638700604439, 0.588932871819, 0.0419434010983, 0.00669772922993, 0.000116323630209, 5.34315240941e-08, 1.48088957763e-10, 8.97408050649e-11],
        "dvar2": [0.0223377794027, 0.827493309975, 27.76978302, 57.4565658569, 216.651443481, 240.319229126, 777.172546387, 888.609069824, 747.183776855, 586.047058105, 732.545227051, 1585.21569824, 4971.38525391, 2087.58276367, 599.80255127, 640.797851562, 748.142578125, 6032.63916016, 25003.4726562, 1137.02307129, 497.429534912, 631.820922852, 153.920333862, 41.6588172913, 52.7503204346, 65.7280502319, 40.6248970032, 42.8006782532, 19.8207168579, 15.8709154129, 15.0309762955, 4.95949459076, 0.90393525362, 1.08534133434, 0.054004624486, 0.0135325770825, 0.000230145698879, 1.05242641268e-07, 2.97571411956e-10, 2.18066842361e-10],
        "max": [1.95982170105, 12.742269516, 59.7113685608, 104.447296143, 218.511306763, 151.011322021, 336.33996582, 388.598815918, 357.196868896, 291.433502197, 327.042205811, 672.447387695, 1269.48669434, 836.123413086, 521.838439941, 386.242431641, 510.054229736, 836.254333496, 1892.66845703, 963.345214844, 322.99697876, 590.740356445, 155.879043579, 120.461746216, 119.667350769, 125.437416077, 74.763420105, 82.5128936768, 69.8831558228, 54.2639808655, 87.5854568481, 79.7896270752, 37.6219367981, 36.7966651917, 10.1999597549, 2.56030249596, 0.307203561068, 0.00696453033015, 0.000423009187216, 0.000213688355871],
        "mean": [0.0338812097907, 0.459458351135, 2.76947450638, 4.0179681778, 5.3465681076, 9.35055541992, 16.9077739716, 23.3430690765, 20.0963134766, 18.2826576233, 16.3673362732, 25.3924350739, 37.473323822, 34.2624702454, 16.6379127502, 10.9081001282, 12.6695203781, 25.0076828003, 42.7498779297, 16.1851768494, 10.6156291962, 13.1639976501, 6.46290779114, 3.27160406113, 3.9842672348, 4.87096261978, 4.22508811951, 3.98316955566, 3.18613958359, 2.72481846809, 1.45042979717, 0.864213883877, 0.454863399267, 0.280668824911, 0.0970352962613, 0.031879555434, 0.00422687642276, 9.72521593212e-05, 1.51314015966e-05, 2.29547767958e-05],
        "median": [0.0111896833405, 0.249741703272, 1.78655588627, 1.69582140446, 2.34608268738, 4.4809513092, 7.90948104858, 12.0801706314, 9.62693977356, 8.60787963867, 6.57293510437, 8.79668331146, 4.2887377739, 4.07175827026, 4.59973239899, 2.96550154686, 3.30617260933, 2.63319849968, 2.18380212784, 2.46868824959, 2.64319849014, 2.53556776047, 1.16172945499, 0.438496381044, 0.365444988012, 0.314096689224, 0.369539856911, 0.386802434921, 0.296626925468, 0.274629712105, 0.100656248629, 0.0455308035016, 0.0329716540873, 0.0149759799242, 0.00736180413514, 0.00264766789041, 0.000347623572452, 9.74071735982e-06, 7.46288196751e-06, 1.48584122144e-05],
        "min": [1.8339092488e-22, 1.60393481266e-21, 4.49314936385e-21, 6.32579749543e-21, 1.76934159207e-20, 2.96805005364e-20, 3.35152290768e-20, 1.02357513271e-19, 8.43536364332e-20, 3.33637328863e-19, 5.08714680853e-19, 6.98772971669e-19, 9.77154454668e-19, 9.56941365822e-19, 1.40990133335e-18, 1.51520473405e-18, 1.87778022701e-18, 1.78113968207e-18, 1.88160883248e-18, 3.14737632224e-18, 4.39507529229e-18, 5.05588879055e-18, 5.51094028426e-18, 5.16269848715e-18, 9.52997844291e-18, 8.85117997017e-18, 1.01803913857e-17, 9.26275691884e-18, 1.26609000748e-17, 1.2676518072e-17, 1.42606913677e-17, 1.09651980171e-17, 1.07353534761e-17, 1.01324819118e-17, 7.54592205079e-18, 4.23285442082e-18, 2.29465464712e-18, 1.15077335799e-18, 2.89166599868e-19, 2.87384387539e-20],
        "var": [0.00942947156727, 0.620330989361, 13.9416799545, 36.8276290894, 131.256973267, 173.941146851, 716.75769043, 1030.14660645, 1029.86437988, 958.452636719, 740.276977539, 2261.65576172, 14813.7207031, 9734.63085938, 1507.94665527, 666.041625977, 675.690551758, 5755.04394531, 25023.8710938, 2030.58105469, 641.081481934, 1231.39135742, 206.476501465, 74.5241622925, 92.8060760498, 115.72278595, 74.050491333, 69.5805130005, 44.1853408813, 30.4779472351, 17.6561317444, 13.9890108109, 4.00679779053, 2.61697816849, 0.191843450069, 0.0161045491695, 0.000268577132374, 1.34222517545e-07, 6.52267018175e-10, 5.3097393149e-10]
    },
    "gfcc": {
        "mean": [-86.6876831055, 157.733612061, -120.896408081, 24.8295783997, -56.1631546021, 3.18000364304, -36.0436668396, -3.51001977921, -13.0677509308, -3.69212770462, -13.7212600708, -4.57555437088, -2.16405534744],
        "cov": [[17300.1015625, -2758.32739258, -1599.64147949, 1619.56921387, -1988.23803711, 1422.56665039, -847.802734375, 154.059844971, -425.398376465, 296.667724609, -874.898498535, 40.7479667664, -16.9336357117], [-2758.32739258, 3046.90991211, -108.825332642, -876.20715332, 1011.53186035, -889.402587891, 456.312805176, -134.564620972, 248.24180603, -272.99005127, 439.929870605, -97.9096832275, -5.53228235245], [-1599.64147949, -108.825332642, 690.948669434, -27.8587379456, 53.2686195374, 54.1352500916, -97.3267669678, 76.9214172363, -8.77304935455, 42.123374939, 6.79363298416, 2.49295854568, -42.0318565369], [1619.56921387, -876.20715332, -27.8587379456, 555.655517578, -329.394256592, 237.506210327, -110.444396973, 9.93778324127, -41.9459991455, 83.6198196411, -138.911254883, 20.0859642029, 2.91787028313], [-1988.23803711, 1011.53186035, 53.2686195374, -329.394256592, 584.744873047, -317.196502686, 203.413391113, -3.0142095089, 77.1511306763, -92.8514404297, 181.24911499, -39.0701255798, 1.60414719582], [1422.56665039, -889.402587891, 54.1352500916, 237.506210327, -317.196502686, 517.197753906, -101.661209106, 75.6659851074, -80.5094299316, 75.0120925903, -174.430801392, 13.7213640213, 4.98006677628], [-847.802734375, 456.312805176, -97.3267669678, -110.444396973, 203.413391113, -101.661209106, 302.105804443, -19.7455558777, 33.714679718, -68.8287963867, 82.6979522705, -10.2304315567, 11.0500688553], [154.059844971, -134.564620972, 76.9214172363, 9.93778324127, -3.0142095089, 75.6659851074, -19.7455558777, 171.831314087, 21.9414844513, 31.5353851318, -31.6969032288, -4.42955780029, 2.03411364555], [-425.398376465, 248.24180603, -8.77304935455, -41.9459991455, 77.1511306763, -80.5094299316, 33.714679718, 21.9414844513, 197.238540649, 13.596534729, 20.8886108398, 0.0234487205744, 4.96498298645], [296.667724609, -272.99005127, 42.123374939, 83.6198196411, -92.8514404297, 75.0120925903, -68.8287963867, 31.5353851318, 13.596534729, 146.52532959, -5.3032579422, 11.3153991699, -12.8109388351], [-874.898498535, 439.929870605, 6.79363298416, -138.911254883, 181.24911499, -174.430801392, 82.6979522705, -31.6969032288, 20.8886108398, -5.3032579422, 194.408309937, 4.63257646561, -8.51484680176], [40.7479667664, -97.9096832275, 2.49295854568, 20.0859642029, -39.0701255798, 13.7213640213, -10.2304315567, -4.42955780029, 0.0234487205744, 11.3153991699, 4.63257646561, 71.524848938, 9.93332576752], [-16.9336357117, -5.53228235245, -42.0318565369, 2.91787028313, 1.60414719582, 4.98006677628, 11.0500688553, 2.03411364555, 4.96498298645, -12.8109388351, -8.51484680176, 9.93332576752, 73.7922286987]],
        "icov": [[0.000579007843044, -0.00131275574677, 0.00152070308104, -0.00150995189324, 0.00134483142756, -0.00135027500801, 0.00146093335934, -0.00124531902838, 0.00137264467776, -0.000656305172015, 0.00104321807157, -0.000712293491233, 0.000847759947646], [-0.00131275574677, 0.00466099660844, -0.00332773197442, 0.00449063116685, -0.00402718735859, 0.00406016269699, -0.00378660066053, 0.00333447963931, -0.00417209370062, 0.00251622265205, -0.00320316851139, 0.00272382237017, -0.00175491860136], [0.00152070308104, -0.00332773197442, 0.00577946612611, -0.00385555811226, 0.00282850768417, -0.00384093774483, 0.0046096839942, -0.00383196328767, 0.00364875444211, -0.00179492018651, 0.00249778246507, -0.00215685507283, 0.00317842769437], [-0.00150995189324, 0.00449063116685, -0.00385555811226, 0.00752587523311, -0.0029977245722, 0.00386308226734, -0.00433092936873, 0.00383911863901, -0.00420571118593, 0.00141328072641, -0.00238335249014, 0.00251144496724, -0.00224111997522], [0.00134483142756, -0.00402718735859, 0.00282850768417, -0.0029977245722, 0.00821339804679, -0.00240483414382, 0.00201443070546, -0.0040155001916, 0.0032762947958, -0.00117339775898, 0.00128745951224, -0.00063310918631, 0.00133874791209], [-0.00135027500801, 0.00406016269699, -0.00384093774483, 0.00386308226734, -0.00240483414382, 0.00774265965447, -0.00449046073481, 0.00201218947768, -0.00265798275359, 0.00101584510412, -0.000781265145633, 0.00226120743901, -0.00223863800056], [0.00146093335934, -0.00378660066053, 0.0046096839942, -0.00433092936873, 0.00201443070546, -0.00449046073481, 0.00899320282042, -0.00322443339974, 0.00321781518869, -0.000266612565611, 0.00141984876245, -0.00224771793, 0.00205334485509], [-0.00124531902838, 0.00333447963931, -0.00383196328767, 0.00383911863901, -0.0040155001916, 0.00201218947768, -0.00322443339974, 0.0100123686716, -0.00422413693741, 0.00036197679583, -0.00141221226659, 0.00226845755242, -0.00233318074606], [0.00137264467776, -0.00417209370062, 0.00364875444211, -0.00420571118593, 0.0032762947958, -0.00265798275359, 0.00321781518869, -0.00422413693741, 0.00990632921457, -0.00377091299742, 0.00395450368524, -0.00281260977499, 0.00150329852477], [-0.000656305172015, 0.00251622265205, -0.00179492018651, 0.00141328072641, -0.00117339775898, 0.00101584510412, -0.000266612565611, 0.00036197679583, -0.00377091299742, 0.0112195797265, -0.0046920189634, 0.00109889009036, 0.000458866008557], [0.00104321807157, -0.00320316851139, 0.00249778246507, -0.00238335249014, 0.00128745951224, -0.000781265145633, 0.00141984876245, -0.00141221226659, 0.00395450368524, -0.0046920189634, 0.0121950702742, -0.00378291564994, 0.00220303586684], [-0.000712293491233, 0.00272382237017, -0.00215685507283, 0.00251144496724, -0.00063310918631, 0.00226120743901, -0.00224771793, 0.00226845755242, -0.00281260977499, 0.00109889009036, -0.00378291564994, 0.0170841217041, -0.00350809842348], [0.000847759947646, -0.00175491860136, 0.00317842769437, -0.00224111997522, 0.00133874791209, -0.00223863800056, 0.00205334485509, -0.00233318074606, 0.00150329852477, 0.000458866008557, 0.00220303586684, -0.00350809842348, 0.0160973463207]]
    },
    "melbands": {
        "dmean": [0.000131127875648, 0.000320143764839, 0.000278044957668, 0.000233566315728, 0.000242928785156, 0.000208038341952, 0.000124081692775, 8.61219959916e-05, 6.78342257743e-05, 7.32875487301e-05, 6.66367486701e-05, 4.59419788967e-05, 2.86236627289e-05, 1.22012515931e-05, 1.97248446057e-05, 9.88437659544e-06, 3.36635785061e-05, 5.05316238559e-05, 1.16905512186e-05, 7.93918206909e-06, 5.84454028285e-06, 6.31490820524e-06, 4.43504495706e-06, 1.78677737495e-06, 1.11591566565e-06, 1.18274920169e-06, 1.4655618088e-06, 1.36112896598e-06, 1.10652740659e-06, 9.97469555841e-07, 8.75981584159e-07, 6.24979065833e-07, 6.16791567154e-07, 6.14795510501e-07, 3.79772188808e-07, 3.04053287437e-07, 1.88374627896e-07, 1.2466639987e-07, 1.25324106648e-07, 9.92237119135e-08],
        "dmean2": [0.000210234051337, 0.000521160080098, 0.000453954649856, 0.000365523097571, 0.000368367589545, 0.000307633075863, 0.000181690629688, 0.00012491265079, 9.74310169113e-05, 0.000104317012301, 9.88721076283e-05, 6.69608198223e-05, 4.29066967627e-05, 1.91955386981e-05, 3.1311334169e-05, 1.52282673298e-05, 5.42792768101e-05, 8.16473839222e-05, 1.85139870155e-05, 1.23993240777e-05, 9.32437797019e-06, 1.02584708657e-05, 7.17721741239e-06, 2.94790129374e-06, 1.83771237516e-06, 1.94758536054e-06, 2.34870799432e-06, 2.07787002182e-06, 1.72218005901e-06, 1.59203432304e-06, 1.41705299939e-06, 9.80458708e-07, 9.71882059275e-07, 9.23456013879e-07, 5.94007019572e-07, 4.69226051791e-07, 2.87489001494e-07, 1.8339790131e-07, 1.85122871699e-07, 1.46343182905e-07],
        "dvar": [5.71200132526e-07, 1.71913347913e-06, 7.18993476312e-07, 4.96717802889e-07, 2.88393181336e-07, 1.73998373043e-07, 6.08224723919e-08, 3.01378726419e-08, 2.2142407019e-08, 3.2557000651e-08, 5.64228948008e-08, 1.95199376662e-08, 5.29496757551e-09, 1.56868229517e-09, 4.05984668106e-09, 6.37980779317e-10, 1.52888173233e-08, 5.06748882856e-08, 2.39481257047e-09, 5.55920531831e-10, 2.93895824344e-10, 3.53559487243e-10, 1.83311588131e-10, 2.69548758314e-11, 1.39916741387e-11, 1.40071496069e-11, 1.58660948962e-11, 1.56652243261e-11, 8.87104539132e-12, 6.58103909909e-12, 6.05001682433e-12, 2.95325265978e-12, 3.29136002307e-12, 2.65690442737e-12, 2.01752373488e-12, 3.05293897801e-12, 8.70213352332e-13, 3.65333441667e-13, 5.56586569368e-13, 3.86696859429e-13],
        "dvar2": [1.32389368446e-06, 4.44416355094e-06, 1.88219530628e-06, 1.17554748158e-06, 7.19540707905e-07, 4.17045640688e-07, 1.37128722599e-07, 6.7308107532e-08, 4.9210040487e-08, 7.26409723484e-08, 1.35253301892e-07, 4.26560049505e-08, 1.32685471499e-08, 3.81150622175e-09, 9.35283406278e-09, 1.56446167132e-09, 4.17649879125e-08, 1.4211732946e-07, 6.19187101591e-09, 1.23089571868e-09, 7.43968275874e-10, 9.30352961337e-10, 4.85203655032e-10, 7.44359920923e-11, 3.53792481422e-11, 3.43059573804e-11, 3.87222476306e-11, 3.7962313848e-11, 2.12587308868e-11, 1.72636367007e-11, 1.65220372106e-11, 7.63579303953e-12, 8.33934137023e-12, 5.9303408538e-12, 4.69758520277e-12, 6.84856685251e-12, 1.54815927873e-12, 6.34466166671e-13, 1.0973753373e-12, 6.74354018806e-13],
        "max": [0.0161116980016, 0.0244554858655, 0.0160509496927, 0.0139148309827, 0.00901034194976, 0.00797755643725, 0.00454145763069, 0.00264508510008, 0.00275393179618, 0.00438524689525, 0.00701699638739, 0.00395218562335, 0.00246587838046, 0.0012553515844, 0.00190048501827, 0.000534856517334, 0.00221579079516, 0.00449894275516, 0.00153045961633, 0.000696023285855, 0.000367764179828, 0.000825671188068, 0.000290905183647, 0.000111141278467, 0.000107352119812, 0.000102204154246, 6.04688721069e-05, 0.000102433470602, 6.43548773951e-05, 4.93202351208e-05, 5.30529432581e-05, 4.36351074313e-05, 3.90290624637e-05, 3.72067297576e-05, 3.89085507777e-05, 7.4575706094e-05, 4.76558489027e-05, 2.8946544262e-05, 4.01138495363e-05, 3.02213811665e-05],
        "mean": [0.000386066007195, 0.00117772852536, 0.000737810274586, 0.000534377002623, 0.000575258221943, 0.000531845842488, 0.000290388445137, 0.000186752193258, 0.000144804085721, 0.000155981077114, 0.000194991211174, 0.000154231427587, 6.7344524723e-05, 2.20242000069e-05, 4.09631975344e-05, 1.93047089851e-05, 5.73039615119e-05, 9.07798166736e-05, 2.28931512538e-05, 1.5853160221e-05, 1.12661882667e-05, 1.40419679155e-05, 9.74114027485e-06, 3.64503125638e-06, 2.42816236096e-06, 2.71006501862e-06, 3.17820263263e-06, 3.19147125083e-06, 2.5334604743e-06, 2.51454343925e-06, 2.25694702749e-06, 1.81945847544e-06, 1.64315451912e-06, 1.48115816501e-06, 8.48245974794e-07, 6.61343733555e-07, 4.65189458509e-07, 3.1986374438e-07, 2.76069499705e-07, 2.24154263151e-07],
        "median": [0.000161766918609, 0.000726231315639, 0.000324769091094, 0.000260760978563, 0.000282196037006, 0.000283114699414, 0.000141536875162, 8.38750929688e-05, 5.68136165384e-05, 4.82346513309e-05, 1.80633105629e-05, 1.53911423695e-05, 1.56051883096e-05, 6.41832139081e-06, 7.70912902226e-06, 5.58961210118e-06, 4.44049783255e-06, 3.31892920258e-06, 2.26401675718e-06, 2.92718141282e-06, 2.83952635982e-06, 2.48710693995e-06, 1.47286152696e-06, 6.2878763174e-07, 2.68790415703e-07, 2.48062974606e-07, 2.19035456439e-07, 1.9023833886e-07, 1.8938274593e-07, 2.51725708722e-07, 1.94114221586e-07, 1.49952370521e-07, 1.48175914205e-07, 1.46201259099e-07, 5.44265645885e-08, 2.1500962788e-08, 2.59749270981e-08, 2.09855350874e-08, 1.25710641896e-08, 1.092638513e-08],
        "min": [1.93806952764e-24, 2.24448578298e-24, 1.41925503737e-24, 2.09039738515e-24, 1.57974149157e-24, 3.15677995126e-24, 1.09916890723e-24, 4.47036943696e-24, 4.04070056771e-24, 4.56967361429e-24, 4.36163127206e-24, 3.43697190631e-24, 4.73186499412e-24, 4.47545364549e-24, 4.38716788285e-24, 3.18746171009e-24, 2.36261237873e-24, 2.83165329575e-24, 3.75463672651e-24, 5.29941609998e-24, 2.80152590892e-24, 4.73494312938e-24, 3.39676129939e-24, 5.72737195777e-24, 3.3515386647e-24, 6.76934953406e-24, 6.36609172792e-24, 5.54562589939e-24, 5.70111590583e-24, 5.81327299389e-24, 4.84530595331e-24, 6.35081977522e-24, 6.33309052081e-24, 6.61884512853e-24, 7.84084904643e-24, 6.37911661032e-24, 5.30923229066e-24, 6.51331565537e-24, 7.13258211559e-24, 8.34819704901e-24],
        "var": [8.09135372037e-07, 2.43212343776e-06, 1.18069374366e-06, 7.92977743913e-07, 6.9965591365e-07, 5.11829796324e-07, 1.96722439227e-07, 9.41010682709e-08, 5.99142992996e-08, 1.06637052966e-07, 4.29287155157e-07, 2.18178868749e-07, 3.18134887323e-08, 3.57351548352e-09, 1.17729079818e-08, 1.69181568754e-09, 3.64541250519e-08, 1.38197137289e-07, 6.73211486557e-09, 1.57349722141e-09, 7.61966656437e-10, 1.74546688214e-09, 6.42740805024e-10, 7.1476706498e-11, 5.0703406751e-11, 5.11502576406e-11, 5.26994281547e-11, 5.54772408567e-11, 2.95098008529e-11, 2.67539983223e-11, 2.36459862107e-11, 1.54237594918e-11, 1.32804670039e-11, 1.0088441367e-11, 5.25981948968e-12, 8.30608932328e-12, 4.02558411952e-12, 1.8912582004e-12, 2.21222237577e-12, 1.68094021775e-12]
    },
    "mfcc": {
        "mean": [-716.970336914, 172.274490356, 4.08201885223, 19.5914764404, 2.60210800171, 5.74938249588, -11.4799728394, -0.379620492458, 1.42103779316, -5.09776449203, -2.41704964638, -0.11734560132, -1.1818767786],
        "cov": [[9744.62402344, -3095.63012695, -263.332427979, 257.622039795, -733.523620605, 807.61517334, -273.038909912, -57.4566459656, 326.364562988, 246.108673096, -217.261779785, -364.845825195, -306.057525635], [-3095.63012695, 2754.77319336, -214.932693481, -118.095397949, 402.273132324, -461.204925537, 160.069976807, 84.2038803101, -134.120071411, -134.430038452, 182.820220947, 160.801742554, 150.650344849], [-263.332427979, -214.932693481, 496.873443604, -19.6615505219, 57.2679786682, 54.6642875671, -34.9311447144, -4.83675909042, 9.36588096619, 14.3355236053, -6.8347158432, 23.2440776825, 6.93543958664], [257.622039795, -118.095397949, -19.6615505219, 291.847137451, -15.5473136902, -10.0491104126, -15.1163139343, -33.6475410461, -15.6742591858, 5.35868406296, -19.1201858521, 27.6919078827, 6.73232078552], [-733.523620605, 402.273132324, 57.2679786682, -15.5473136902, 278.234619141, -125.492233276, 15.9254741669, 9.87983703613, -11.033665657, -4.82747411728, 29.1069316864, 53.4494285583, 36.9396972656], [807.61517334, -461.204925537, 54.6642875671, -10.0491104126, -125.492233276, 280.504638672, -16.1894264221, 12.749083519, 56.5985679626, 28.2234325409, -27.0087928772, -64.5313110352, -53.6493644714], [-273.038909912, 160.069976807, -34.9311447144, -15.1163139343, 15.9254741669, -16.1894264221, 243.188415527, 42.2210159302, -50.9259147644, -2.8640332222, 17.573392868, -0.0774455741048, -11.9507713318], [-57.4566459656, 84.2038803101, -4.83675909042, -33.6475410461, 9.87983703613, 12.749083519, 42.2210159302, 150.881851196, 41.5422592163, 21.1658229828, -8.06574344635, -15.9542779922, -4.67723608017], [326.364562988, -134.120071411, 9.36588096619, -15.6742591858, -11.033665657, 56.5985679626, -50.9259147644, 41.5422592163, 173.563247681, 42.6035461426, -13.7470884323, -4.39116287231, -3.76803159714], [246.108673096, -134.430038452, 14.3355236053, 5.35868406296, -4.82747411728, 28.2234325409, -2.8640332222, 21.1658229828, 42.6035461426, 112.643081665, 12.5636529922, -14.289475441, -9.40776443481], [-217.261779785, 182.820220947, -6.8347158432, -19.1201858521, 29.1069316864, -27.0087928772, 17.573392868, -8.06574344635, -13.7470884323, 12.5636529922, 128.909301758, 40.1964187622, 9.62427330017], [-364.845825195, 160.801742554, 23.2440776825, 27.6919078827, 53.4494285583, -64.5313110352, -0.0774455741048, -15.9542779922, -4.39116287231, -14.289475441, 40.1964187622, 121.278442383, 43.1766281128], [-306.057525635, 150.650344849, 6.93543958664, 6.73232078552, 36.9396972656, -53.6493644714, -11.9507713318, -4.67723608017, -3.76803159714, -9.40776443481, 9.62427330017, 43.1766281128, 88.9510803223]],
