{
"lowlevel": {
    "average_loudness": 0.842411994934,
    "barkbands_crest": {
        "dmean": 1.91936838627,
        "dmean2": 3.13557648659,
        "dvar": 3.98423147202,
        "dvar2": 10.8223323822,
        "max": 24.9093093872,
        "mean": 11.2158060074,
        "median": 10.7342891693,
        "min": 3.56648445129,
        "var": 14.7354888916
    },
    "barkbands_flatness_db": {
        "dmean": 0.0176592618227,
        "dmean2": 0.0262006055564,
        "dvar": 0.000358810066245,
        "dvar2": 0.000767503108364,
        "max": 0.394526153803,
        "mean": 0.183216482401,
        "median": 0.175345808268,
        "min": 0.044180162251,
        "var": 0.00452998420224
    },
    "barkbands_kurtosis": {
        "dmean": 2.89587903023,
        "dmean2": 4.48630142212,
        "dvar": 22.5430755615,
        "dvar2": 51.4312820435,
        "max": 98.4306411743,
        "mean": 5.77982139587,
        "median": 2.52345848083,
        "min": -1.88935852051,
        "var": 103.149299622
    },
    "barkbands_skewness": {
        "dmean": 0.495286345482,
        "dmean2": 0.758990108967,
        "dvar": 0.261011779308,
        "dvar2": 0.579013764858,
        "max": 9.0406036377,
        "mean": 1.92515766621,
        "median": 1.77652096748,
        "min": -2.83551716805,
        "var": 2.07006692886
    },
    "barkbands_spread": {
        "dmean": 4.03476810455,
        "dmean2": 6.13580131531,
        "dvar": 26.5007762909,
        "dvar2": 57.0716171265,
        "max": 107.460159302,
        "mean": 17.7849140167,
        "median": 16.0635967255,
        "min": 1.20655667782,
        "var": 112.887550354
    },
    "dissonance": {
        "dmean": 0.0156423058361,
        "dmean2": 0.0261786617339,
        "dvar": 0.000237911066506,
        "dvar2": 0.000658400706016,
        "max": 0.499761521816,
        "mean": 0.464587420225,
        "median": 0.472068607807,
        "min": 0.328675150871,
        "var": 0.000784043397289
    },
    "dynamic_complexity": 4.18223905563,
    "erbbands_crest": {
        "dmean": 2.16452336311,
        "dmean2": 3.48010730743,
        "dvar": 4.46845531464,
        "dvar2": 10.7846622467,
        "max": 31.0227603912,
        "mean": 8.83652973175,
        "median": 7.96363449097,
        "min": 2.79815530777,
        "var": 14.0467014313
    },
    "erbbands_flatness_db": {
        "dmean": 0.014593119733,
        "dmean2": 0.021014360711,
        "dvar": 0.000265273090918,
        "dvar2": 0.000488819670863,
        "max": 0.396697729826,
        "mean": 0.18214648962,
        "median": 0.16324429214,
        "min": 0.036261357367,
        "var": 0.00443953229114
    },
    "erbbands_kurtosis": {
        "dmean": 0.789306282997,
        "dmean2": 1.22087872028,
        "dvar": 1.5785048008,
        "dvar2": 3.49801635742,
        "max": 30.9697532654,
        "mean": 0.154499575496,
        "median": -0.317692279816,
        "min": -1.7451184988,
        "var": 3.87129211426
    },
    "erbbands_skewness": {
        "dmean": 0.320041120052,
        "dmean2": 0.484989136457,
        "dvar": 0.0942511036992,
        "dvar2": 0.204250454903,
        "max": 2.79789233208,
        "mean": -0.333884567022,
        "median": -0.290413767099,
        "min": -4.36952352524,
        "var": 0.612585425377
    },
    "erbbands_spread": {
        "dmean": 6.73389291763,
        "dmean2": 10.4900388718,
        "dvar": 48.5298576355,
        "dvar2": 114.71018219,
        "max": 103.994171143,
        "mean": 37.244644165,
        "median": 35.8013267517,
        "min": 2.7433385849,
        "var": 217.135131836
    },
    "hfc": {
        "dmean": 4.73841905594,
        "dmean2": 7.00819349289,
        "dvar": 116.855979919,
        "dvar2": 268.182891846,
        "max": 191.728851318,
        "mean": 16.6642551422,
        "median": 11.0411529541,
        "min": 1.16559092141e-16,
        "var": 347.570007324
    },
    "melbands_crest": {
        "dmean": 2.41469526291,
        "dmean2": 3.95678067207,
        "dvar": 6.46235942841,
        "dvar2": 17.2254943848,
        "max": 34.875164032,
        "mean": 17.3980464935,
        "median": 16.9916915894,
        "min": 1.70685577393,
        "var": 35.989238739
    },
    "melbands_flatness_db": {
        "dmean": 0.0212876666337,
        "dmean2": 0.0318075716496,
        "dvar": 0.000553543504793,
        "dvar2": 0.00119912310038,
        "max": 0.501150488853,
        "mean": 0.270811110735,
        "median": 0.265936434269,
        "min": 0.00501939980313,
        "var": 0.00625412818044
    },
    "melbands_kurtosis": {
        "dmean": 7.37893342972,
        "dmean2": 11.5186958313,
        "dvar": 117.449028015,
        "dvar2": 282.878875732,
        "max": 301.933624268,
        "mean": 18.6328907013,
        "median": 11.3903713226,
        "min": -1.69065415859,
        "var": 563.534362793
    },
    "melbands_skewness": {
        "dmean": 0.702320516109,
        "dmean2": 1.07860410213,
        "dvar": 0.49341288209,
        "dvar2": 1.18249690533,
        "max": 14.3397922516,
        "mean": 3.37758135796,
        "median": 3.17115473747,
        "min": -1.83099210262,
        "var": 3.77524328232
    },
    "melbands_spread": {
        "dmean": 4.29684352875,
        "dmean2": 6.63623094559,
        "dvar": 28.7065410614,
        "dvar2": 59.6114616394,
        "max": 165.085800171,
        "mean": 17.4445285797,
        "median": 14.531370163,
        "min": 0.838060557842,
        "var": 205.429641724
    },
    "pitch_salience": {
        "dmean": 0.0588901750743,
        "dmean2": 0.0967365726829,
        "dvar": 0.00338415126316,
        "dvar2": 0.00876593030989,
        "max": 0.876428663731,
        "mean": 0.476509481668,
        "median": 0.473084151745,
        "min": 0.100117534399,
        "var": 0.0169796422124
    },
    "silence_rate_20dB": {
        "dmean": 0,
        "dmean2": 0,
        "dvar": 0,
        "dvar2": 0,
        "max": 1,
        "mean": 1,
        "median": 1,
        "min": 1,
        "var": 0
    },
    "silence_rate_30dB": {
        "dmean": 0.0278637763113,
        "dmean2": 0.055749129504,
        "dvar": 0.027087630704,
        "dvar2": 0.0665786713362,
        "max": 1,
        "mean": 0.973694384098,
        "median": 1,
        "min": 0,
        "var": 0.0256136190146
    },
    "silence_rate_60dB": {
        "dmean": 0.00580495363101,
        "dmean2": 0.0116144018248,
        "dvar": 0.00577104697004,
        "dvar2": 0.0114798313007,
        "max": 1,
        "mean": 0.133462280035,
        "median": 0,
        "min": 0,
        "var": 0.11565618217
    },
    "spectral_centroid": {
        "dmean": 191.871109009,
        "dmean2": 285.273498535,
        "dvar": 62967.3789062,
        "dvar2": 111323.851562,
        "max": 11393.6435547,
        "mean": 1114.19848633,
        "median": 999.143554688,
        "min": 187.579315186,
        "var": 678733.375
    },
    "spectral_complexity": {
        "dmean": 2.66176462173,
        "dmean2": 4.109562397,
        "dvar": 9.92200279236,
        "dvar2": 20.3243370056,
        "max": 54,
        "mean": 17.5025138855,
        "median": 17,
        "min": 0,
        "var": 98.9471969604
    },
    "spectral_decrease": {
        "dmean": 2.54282372936e-09,
        "dmean2": 4.05735978148e-09,
        "dvar": 1.91438727046e-17,
        "dvar2": 4.64923348381e-17,
        "max": 1.46988032617e-28,
        "mean": -9.1480405473e-09,
        "median": -8.32509883253e-09,
        "min": -6.07543242381e-08,
        "var": 5.51715605026e-17
    },
    "spectral_energy": {
        "dmean": 0.00989806931466,
        "dmean2": 0.0157673042268,
        "dvar": 0.000288361043204,
        "dvar2": 0.000697105540894,
        "max": 0.235051542521,
        "mean": 0.0360382981598,
        "median": 0.032899197191,
        "min": 1.06261172452e-20,
        "var": 0.000852897239383
    },
    "spectral_energyband_high": {
        "dmean": 0.000310923001962,
        "dmean2": 0.000482072267914,
        "dvar": 1.40599411225e-06,
        "dvar2": 3.44673753716e-06,
        "max": 0.0192810501903,
        "mean": 0.000519719207659,
        "median": 7.68663958297e-05,
        "min": 7.3024409205e-21,
        "var": 2.04602838494e-06
    },
    "spectral_energyband_low": {
        "dmean": 0.00785918999463,
        "dmean2": 0.0127130402252,
        "dvar": 0.000226157339057,
        "dvar2": 0.00057188217761,
        "max": 0.195351526141,
        "mean": 0.0229762513191,
        "median": 0.0195321142673,
        "min": 3.16173336665e-23,
        "var": 0.000454025575891
    },
    "spectral_energyband_middle_high": {
        "dmean": 0.00133345776703,
        "dmean2": 0.00198941957206,
        "dvar": 5.09413985128e-06,
        "dvar2": 1.17319650599e-05,
        "max": 0.0465443916619,
        "mean": 0.00458755809814,
        "median": 0.00293127074838,
        "min": 1.22883778836e-21,
        "var": 2.65685230261e-05
    },
    "spectral_energyband_middle_low": {
        "dmean": 0.0038343006745,
        "dmean2": 0.0060734283179,
        "dvar": 5.10512727487e-05,
        "dvar2": 0.000128492349177,
        "max": 0.147444024682,
        "mean": 0.0098840277642,
        "median": 0.00616640131921,
        "min": 2.13490600605e-22,
        "var": 0.000124811427668
    },
    "spectral_entropy": {
        "dmean": 0.140780508518,
        "dmean2": 0.205564707518,
        "dvar": 0.0251842979342,
        "dvar2": 0.0501094385982,
        "max": 9.81154251099,
        "mean": 7.21240854263,
        "median": 7.25630474091,
        "min": 5.48856830597,
        "var": 0.297913223505
    },
    "spectral_flux": {
        "dmean": 0.0195874851197,
        "dmean2": 0.0313362963498,
        "dvar": 0.000755163375288,
        "dvar2": 0.00179543974809,
        "max": 0.406454116106,
        "mean": 0.0692729949951,
        "median": 0.0598092973232,
        "min": 6.4846711334e-11,
        "var": 0.00278378184885
    },
    "spectral_kurtosis": {
        "dmean": 4.18724584579,
        "dmean2": 7.31370687485,
        "dvar": 41.0521621704,
        "dvar2": 128.539810181,
        "max": 66.5478286743,
        "mean": 9.91270160675,
        "median": 6.81105136871,
        "min": -1.24081432819,
        "var": 96.33644104
    },
    "spectral_rms": {
        "dmean": 0.000697106472217,
        "dmean2": 0.00109110958874,
        "dvar": 9.31537499582e-07,
        "dvar2": 2.19441176341e-06,
        "max": 0.0151432687417,
        "mean": 0.0053434628062,
        "median": 0.00566540192813,
        "min": 3.21977383991e-12,
        "var": 6.6067714215e-06
    },
    "spectral_rolloff": {
        "dmean": 300.773376465,
        "dmean2": 511.670166016,
        "dvar": 340937.6875,
        "dvar2": 717109.5,
        "max": 19509.0820312,
        "mean": 997.748840332,
        "median": 645.99609375,
        "min": 21.533203125,
        "var": 2145474.75
    },
    "spectral_skewness": {
        "dmean": 0.379628777504,
        "dmean2": 0.650515079498,
        "dvar": 0.21570764482,
        "dvar2": 0.663795650005,
        "max": 5.81016778946,
        "mean": 1.98514676094,
        "median": 1.86272597313,
        "min": -0.0411258637905,
        "var": 0.559443116188
    },
    "spectral_spread": {
        "dmean": 397639.625,
        "dmean2": 588430.5,
        "dvar": 540607348736,
        "dvar2": 1.01624886067e+12,
        "max": 41577844,
        "mean": 3564080.5,
        "median": 3422293,
        "min": 919722.8125,
        "var": 7.73386770842e+12
    },
    "spectral_strongpeak": {
        "dmean": 0.205074682832,
        "dmean2": 0.352435350418,
        "dvar": 0.151666417718,
        "dvar2": 0.388187766075,
        "max": 6.12327194214,
        "mean": 0.568343043327,
        "median": 0.498159259558,
        "min": 0,
        "var": 0.18790088594
    },
    "zerocrossingrate": {
        "dmean": 0.00610805070028,
        "dmean2": 0.00742894504219,
        "dvar": 0.000109668428195,
        "dvar2": 0.000145281737787,
        "max": 0.5234375,
        "mean": 0.0399432964623,
        "median": 0.03466796875,
        "min": 0.00390625,
        "var": 0.00148304062895
    },
    "barkbands": {
        "dmean": [0.000143708661199, 0.00382731528953, 0.00455955322832, 0.00173592369538, 0.00171126029454, 0.000902507163119, 0.000529694661964, 0.000506544427481, 0.000602552609053, 0.000256445578998, 0.00021587201627, 0.000266493414529, 0.000163120261277, 0.000478611327708, 0.000359442696208, 0.000298829312669, 0.000171124891494, 0.000114337359264, 9.44996063481e-05, 8.14904997242e-05, 9.88144311123e-05, 7.97200846137e-05, 6.09138369327e-05, 3.28383030137e-05, 2.55655431829e-05, 1.20731428979e-05, 4.82117229694e-06],
        "dmean2": [0.000200313254027, 0.00608320394531, 0.00760395592079, 0.00283493706957, 0.00276080821641, 0.00148681830615, 0.000870276300702, 0.000795186962932, 0.000947865017224, 0.000412296329159, 0.000348587258486, 0.000431764376117, 0.000259004737018, 0.00074741471326, 0.000572104414459, 0.000471398030641, 0.000274904887192, 0.000185759388842, 0.000148885752424, 0.000126399972942, 0.000162918338901, 0.00013510104327, 9.99423282337e-05, 5.12018559675e-05, 3.66696112906e-05, 1.6955742467e-05, 7.86062446423e-06],
        "dvar": [2.41480847762e-07, 8.57923078001e-05, 8.16737228888e-05, 9.48603610595e-06, 1.64705197676e-05, 4.3300769903e-06, 2.16190255742e-06, 1.42411624893e-06, 2.07825814869e-06, 6.77378409364e-07, 3.11178666834e-07, 4.25261418968e-07, 1.10083256288e-07, 1.11901738364e-06, 4.27901625244e-07, 2.85964830482e-07, 3.02729404211e-07, 5.64802569158e-08, 8.53342356777e-08, 6.72070044061e-08, 1.47953016949e-07, 1.34501377147e-07, 8.50102708227e-08, 1.612432321e-08, 8.7203462229e-09, 1.72903547035e-09, 5.6263882442e-10],
        "dvar2": [4.22866634153e-07, 0.000211519465665, 0.00022385524062, 2.50713474088e-05, 4.30623585999e-05, 1.0196364201e-05, 6.06954836258e-06, 3.48355274582e-06, 4.67013160232e-06, 1.76741673386e-06, 8.55984580994e-07, 1.09096799861e-06, 2.77114139635e-07, 2.78298853118e-06, 1.06900802166e-06, 7.09909897978e-07, 8.28677627851e-07, 1.42291099792e-07, 1.96916431605e-07, 1.42642960554e-07, 3.6450185803e-07, 3.74241892587e-07, 2.26888275279e-07, 3.75379549666e-08, 1.69415930173e-08, 3.12720183082e-09, 1.38395239713e-09],
        "max": [0.00652696192265, 0.142998948693, 0.165913954377, 0.0484119094908, 0.0811760798097, 0.0547394938767, 0.0307248737663, 0.0221240520477, 0.0392389930785, 0.0245492402464, 0.00939209200442, 0.0119406543672, 0.00575263751671, 0.0187870431691, 0.0108047053218, 0.00947814248502, 0.0117987450212, 0.00343519379385, 0.00766533333808, 0.00699700741097, 0.00904821138829, 0.00717167323455, 0.00513852620497, 0.00320539018139, 0.00208351644687, 0.00103189377114, 0.000532822043169],
        "mean": [0.000220270245336, 0.0103451600298, 0.0105417203158, 0.00284705031663, 0.00291655655019, 0.00143465935253, 0.000747720419895, 0.000785775424447, 0.00102835637517, 0.000410001550335, 0.000359000143362, 0.000455190922366, 0.000341245497111, 0.000901579973288, 0.000735770678148, 0.000631871051155, 0.00033303105738, 0.000235189669183, 0.000175964800292, 0.000141828830238, 0.000145473823068, 0.000110695960757, 8.08960176073e-05, 4.97146102134e-05, 4.18542113039e-05, 1.77684160008e-05, 3.99699729314e-06],
        "median": [6.29604037385e-05, 0.00717886257917, 0.00771872838959, 0.00133154098876, 0.00142429966945, 0.000548912212253, 0.000224331117352, 0.000173292675754, 0.000362088991096, 9.27170476643e-05, 0.000118888958241, 0.000182036412298, 0.000158165261382, 0.000325413391693, 0.000326005654642, 0.000329333473928, 0.000119358766824, 8.58681887621e-05, 6.44843894406e-05, 2.40918016061e-05, 1.88064459508e-05, 1.31844253701e-05, 6.46583930575e-06, 4.55080316897e-06, 5.03313503941e-06, 2.07607286029e-06, 1.06259179233e-07],
        "min": [3.04940138813e-24, 5.62800743258e-24, 8.60239998154e-25, 1.39218783921e-24, 1.37371212516e-23, 1.37602522311e-23, 7.77111137582e-24, 9.70171749044e-24, 2.75641190039e-23, 1.99111663699e-23, 1.02502527097e-23, 4.04981277891e-23, 4.47561906962e-23, 7.49819358606e-23, 7.70759765999e-23, 4.47782567135e-23, 1.1124271623e-22, 1.90274563004e-22, 1.4279438827e-22, 2.07528642319e-22, 3.13797205577e-22, 4.01892900069e-22, 4.40319741023e-22, 7.14903567148e-22, 1.07976796741e-21, 1.54041780255e-21, 2.20565731243e-21],
        "var": [3.86521975315e-07, 0.00014200048463, 0.00014941234258, 1.73340868059e-05, 2.26122956519e-05, 7.84574967838e-06, 2.65507833319e-06, 2.73215664492e-06, 4.12262988903e-06, 1.18440107144e-06, 5.08720972903e-07, 7.72900818902e-07, 2.79768443079e-07, 2.35715788222e-06, 1.15364639441e-06, 7.31439513402e-07, 3.87329777141e-07, 1.43487909554e-07, 1.86018993986e-07, 1.29771592583e-07, 2.20661462436e-07, 1.26739948314e-07, 8.4751967222e-08, 2.41179947125e-08, 1.97069525143e-08, 3.35822236686e-09, 4.7924758606e-10]
    },
    "erbbands": {
        "dmean": [0.092262737453, 0.975577712059, 4.45283460617, 5.86005735397, 5.70093488693, 5.54318761826, 7.2316493988, 7.37020778656, 7.51692962646, 8.20444965363, 11.9496564865, 10.7816543579, 11.3290662766, 7.56896257401, 8.49739265442, 8.84207248688, 7.11594247818, 20.5151996613, 16.1925182343, 18.2962303162, 15.6140871048, 9.42967128754, 6.49063444138, 4.48877000809, 4.5926322937, 3.89108347893, 3.85069847107, 3.77590346336, 2.79630804062, 2.46816706657, 1.67771458626, 0.808714389801, 0.513625264168, 0.36483925581, 0.145145580173, 0.0651124343276, 0.0199058204889, 0.00500782066956, 0.000890542229172, 4.59893708467e-05],
        "dmean2": [0.142109811306, 1.59345376492, 7.44821023941, 9.4236574173, 9.39234447479, 9.284532547, 11.3997573853, 12.1741952896, 12.4338779449, 13.22935009, 18.354719162, 16.9687900543, 18.3895072937, 12.2615661621, 13.4632968903, 14.2457561493, 11.1976051331, 31.432062149, 25.2489280701, 29.0649471283, 24.8702507019, 14.9595918655, 10.5264320374, 7.11188936234, 7.02730226517, 6.11561489105, 6.14595985413, 6.32899045944, 4.62980508804, 4.24542856216, 2.75979876518, 1.28499042988, 0.783436894417, 0.537555098534, 0.206119805574, 0.0921086743474, 0.0280462894589, 0.00741477590054, 0.00146801082883, 7.56272202125e-05],
        "dvar": [0.0958512201905, 4.76153373718, 78.1797561646, 112.783729553, 170.451187134, 214.874542236, 265.422058105, 304.119689941, 422.831115723, 582.305297852, 607.76965332, 482.598724365, 1441.76098633, 481.021972656, 414.492126465, 448.105834961, 193.583435059, 2833.89770508, 876.901977539, 946.030761719, 1105.83093262, 619.225280762, 171.79119873, 137.945541382, 206.007659912, 169.653594971, 226.588882446, 199.216873169, 119.911132812, 212.430053711, 62.9394645691, 11.2306594849, 3.79987835884, 1.99936294556, 0.259430378675, 0.054659947753, 0.00455552805215, 0.000277746788925, 2.15204981941e-05, 4.50172201738e-08],
        "dvar2": [0.221092134714, 12.4140863419, 217.779205322, 298.400512695, 425.72744751, 599.527770996, 652.493103027, 787.321716309, 1242.64978027, 1481.38696289, 1464.20068359, 1139.3638916, 3446.0324707, 1255.51013184, 1078.05859375, 1117.9263916, 479.570129395, 7006.26953125, 2160.69042969, 2358.93139648, 2853.99511719, 1648.89257812, 436.180999756, 341.409057617, 393.332885742, 372.721160889, 536.860046387, 508.637298584, 322.873199463, 605.027282715, 166.483200073, 27.7323856354, 8.51239395142, 3.98985362053, 0.515360474586, 0.101139187813, 0.00853193644434, 0.000598907470703, 5.31553851033e-05, 1.14792065631e-07],
        "max": [3.97889852524, 31.2863922119, 153.885055542, 185.722488403, 187.004211426, 282.805023193, 376.945159912, 280.928588867, 551.758239746, 474.709289551, 414.918060303, 416.865661621, 1005.54510498, 425.04510498, 430.355560303, 434.709411621, 268.511688232, 1086.31628418, 535.053466797, 463.25769043, 638.703369141, 538.170837402, 193.0703125, 268.123718262, 408.446350098, 308.839813232, 424.050750732, 269.292480469, 193.831802368, 313.233917236, 136.280563354, 67.9945907593, 51.0274391174, 31.0262489319, 11.0377054214, 6.06801891327, 1.6932669878, 0.412146747112, 0.086374156177, 0.00440965173766],
        "mean": [0.194384634495, 2.74157166481, 11.7214679718, 11.2882471085, 9.12291908264, 8.9213514328, 11.6109638214, 11.532160759, 11.2787179947, 12.2866792679, 20.4212169647, 18.6886100769, 18.4885387421, 14.0119800568, 15.6111116409, 16.2637519836, 16.7329235077, 38.4778556824, 36.1213188171, 41.8285942078, 33.0987052917, 20.5099544525, 14.277469635, 9.17692279816, 8.64088916779, 6.68189287186, 6.05197143555, 5.34882116318, 4.08041381836, 3.00644993782, 2.25292563438, 1.19105517864, 0.777485430241, 0.596242666245, 0.220968782902, 0.0904087349772, 0.0302067082375, 0.00622285949066, 0.000724349229131, 6.84887709212e-05],
        "median": [0.126147255301, 2.00096774101, 8.53554153442, 6.88888263702, 4.44548368454, 4.23924016953, 3.58406329155, 4.17265844345, 3.97408342361, 2.66742253304, 6.71661901474, 7.0734629631, 4.47731924057, 3.40447020531, 5.76225137711, 7.27575778961, 8.47419452667, 13.4977655411, 15.9077138901, 21.4045467377, 17.02435112, 8.3454914093, 5.37417984009, 4.42742347717, 2.30104088783, 1.09709692001, 0.770392894745, 0.678534805775, 0.508141756058, 0.329526424408, 0.15538264811, 0.0881186947227, 0.0838720053434, 0.0673914849758, 0.0260889250785, 0.00934188906103, 0.00355507270433, 0.000622313527856, 3.45203807228e-05, 3.95733222831e-05],
        "min": [2.49442816454e-22, 1.14099276231e-21, 1.67637289299e-21, 8.64277158866e-21, 1.29901881268e-20, 7.63003481611e-20, 1.4055261683e-19, 9.66147020085e-20, 1.5058695097e-19, 3.69019746921e-19, 3.71651964877e-19, 8.94281090253e-19, 5.10915705065e-19, 1.21508820158e-18, 8.37406167587e-19, 1.71855044064e-18, 2.28783640412e-18, 2.93810913984e-18, 3.78780478149e-18, 5.11194392553e-18, 3.33517217068e-18, 7.46663265317e-18, 8.52788966265e-18, 7.79407788892e-18, 8.84415555241e-18, 8.91354277092e-18, 1.42376295722e-17, 1.28572462825e-17, 1.30522292964e-17, 1.16142701001e-17, 1.27650661022e-17, 1.20111819637e-17, 1.04968483542e-17, 9.81542027432e-18, 8.50580890338e-18, 5.06149087125e-18, 3.00332240497e-18, 1.04173709798e-18, 2.74415772347e-19, 3.27315723816e-20],
        "var": [0.116275005043, 8.42378234863, 155.956314087, 203.014465332, 241.122024536, 242.190139771, 545.298095703, 468.298126221, 500.722808838, 843.43963623, 1260.60095215, 997.946838379, 2524.29858398, 1111.07189941, 766.829772949, 854.231262207, 567.723999023, 5490.17285156, 2758.36352539, 2864.50195312, 2465.85473633, 1107.23583984, 495.6847229, 289.672393799, 492.062103271, 320.125976562, 393.059997559, 260.898223877, 139.041275024, 153.574417114, 66.3000640869, 14.4007463455, 6.26718473434, 4.33432579041, 0.531457364559, 0.100651733577, 0.00879431702197, 0.000368294276996, 1.79584149009e-05, 3.63286360994e-08]
    },
    "gfcc": {
        "mean": [-46.1489982605, 131.566421509, -119.696853638, 32.7186813354, -25.7351093292, 13.5385656357, -34.7231483459, 4.4386472702, -13.0207805634, 0.0598832927644, -17.7917938232, -7.50381040573, -8.80040740967],
        "cov": [[19144.4199219, -3123.1796875, 1358.2689209, 1627.23120117, -1188.03845215, 1321.89807129, -355.421813965, 732.684204102, -524.800537109, 751.418518066, -582.02947998, 570.15246582, -626.776489258], [-3123.1796875, 1978.93493652, -734.012817383, -541.069091797, 528.626220703, -407.494445801, 59.8219451904, -259.872009277, 178.43510437, -306.875396729, 184.881881714, -228.176498413, 184.251663208], [1358.2689209, -734.012817383, 983.475402832, 357.444854736, -109.872619629, 367.402923584, 48.8515129089, 159.989013672, -67.0752792358, 149.792358398, -49.6407051086, 113.442169189, -97.8571777344], [1627.23120117, -541.069091797, 357.444854736, 598.867675781, -170.939102173, 187.997360229, 71.6273727417, 111.108551025, 18.3489780426, 85.9355621338, -48.0237693787, 28.5222911835, -75.9603652954], [-1188.03845215, 528.626220703, -109.872619629, -170.939102173, 488.889373779, -50.8701972961, -32.7971343994, -91.715171814, 10.831278801, -77.3445510864, 63.5386886597, -36.6221923828, 83.1999511719], [1321.89807129, -407.494445801, 367.402923584, 187.997360229, -50.8701972961, 314.143768311, 41.3929138184, 101.616470337, -37.0564727783, 86.4012756348, -43.6529579163, 50.7968673706, -69.2693786621], [-355.421813965, 59.8219451904, 48.8515129089, 71.6273727417, -32.7971343994, 41.3929138184, 225.267059326, 60.2782402039, 85.8547897339, -23.7623443604, 15.9703369141, -43.4204177856, -34.7572288513], [732.684204102, -259.872009277, 159.989013672, 111.108551025, -91.715171814, 101.616470337, 60.2782402039, 184.340393066, 30.7007064819, 52.9833297729, -29.572385788, 35.3312530518, -51.4344329834], [-524.800537109, 178.43510437, -67.0752792358, 18.3489780426, 10.831278801, -37.0564727783, 85.8547897339, 30.7007064819, 166.557403564, -14.663775444, 13.8413763046, -56.8492279053, -3.87691712379], [751.418518066, -306.875396729, 149.792358398, 85.9355621338, -77.3445510864, 86.4012756348, -23.7623443604, 52.9833297729, -14.663775444, 135.056945801, -22.6608734131, 41.6722373962, -39.0257644653], [-582.02947998, 184.881881714, -49.6407051086, -48.0237693787, 63.5386886597, -43.6529579163, 15.9703369141, -29.572385788, 13.8413763046, -22.6608734131, 88.5465698242, -10.8798332214, 16.0941257477], [570.15246582, -228.176498413, 113.442169189, 28.5222911835, -36.6221923828, 50.7968673706, -43.4204177856, 35.3312530518, -56.8492279053, 41.6722373962, -10.8798332214, 116.821075439, -5.88579082489], [-626.776489258, 184.251663208, -97.8571777344, -75.9603652954, 83.1999511719, -69.2693786621, -34.7572288513, -51.4344329834, -3.87691712379, -39.0257644653, 16.0941257477, -5.88579082489, 91.5006790161]],
        "icov": [[0.000195743981749, -0.00026777657331, 0.000224405972403, -0.000429049367085, 0.000230344594456, -0.000558586791158, 0.000437552982476, -0.000337771401973, 0.000482787261717, -0.000411234679632, 0.000717315531801, -0.000523240189068, 0.000793121405877], [-0.00026777657331, 0.00222871056758, -5.17681146448e-05, 0.00122198672034, -0.00125376018696, 0.00108094955795, -0.000842715846375, 0.000974766851868, -0.00177780550439, 0.0021624295041, -0.00247334805317, 0.00198496226221, -0.00176719867159], [0.000224405972403, -5.17681146448e-05, 0.00240921019576, -0.000984637998044, 7.83782525104e-06, -0.00227703596465, 0.00020953391504, -0.000601879844908, 0.000825625960715, -0.000873642391525, 0.000357568904292, -0.00124939938542, 0.000930027686991], [-0.000429049367085, 0.00122198672034, -0.000984637998044, 0.00366181042045, -0.000264493661234, 0.000726975209545, -0.00128684355877, 0.000825148192234, -0.00195380067453, 0.00118266092613, -0.00172521022614, 0.00179167848546, -0.00180659827311], [0.000230344594456, -0.00125376018696, 7.83782525104e-06, -0.000264493661234, 0.00373530667275, -0.00184482824989, 0.00120109028649, -9.42126862356e-05, 0.000556880957447, -0.000306952104438, 2.01339189516e-05, -0.000718688126653, -0.000655545620248], [-0.000558586791158, 0.00108094955795, -0.00227703596465, 0.000726975209545, -0.00184482824989, 0.00890726875514, -0.00253246794455, -0.000154204550199, 6.92977118888e-05, -0.000167459365912, -0.000490498438012, 0.00155553815421, -0.000344894448062], [0.000437552982476, -0.000842715846375, 0.00020953391504, -0.00128684355877, 0.00120109028649, -0.00253246794455, 0.00844018440694, -0.00249929004349, -0.00161555153318, 0.00160129368305, -0.000297478487482, 0.000483041687403, 0.00333974370733], [-0.000337771401973, 0.000974766851868, -0.000601879844908, 0.000825148192234, -9.42126862356e-05, -0.000154204550199, -0.00249929004349, 0.0099690426141, -0.00360362208448, 0.000132540269988, -2.65592007054e-05, -0.0017651822418, 0.00018306633865], [0.000482787261717, -0.00177780550439, 0.000825625960715, -0.00195380067453, 0.000556880957447, 6.92977118888e-05, -0.00161555153318, -0.00360362208448, 0.01156339515, -0.00332753546536, 0.00221349275671, 0.00159335171338, 0.00183862389531], [-0.000411234679632, 0.0021624295041, -0.000873642391525, 0.00118266092613, -0.000306952104438, -0.000167459365912, 0.00160129368305, 0.000132540269988, -0.00332753546536, 0.0140121756122, -0.0030343097169, 0.000427180086263, 0.000107716005004], [0.000717315531801, -0.00247334805317, 0.000357568904292, -0.00172521022614, 2.01339189516e-05, -0.000490498438012, -0.000297478487482, -2.65592007054e-05, 0.00221349275671, -0.0030343097169, 0.0179225802422, -0.00412525096908, 0.00370857887901], [-0.000523240189068, 0.00198496226221, -0.00124939938542, 0.00179167848546, -0.000718688126653, 0.00155553815421, 0.000483041687403, -0.0017651822418, 0.00159335171338, 0.000427180086263, -0.00412525096908, 0.0155940270051, -0.00442931754515], [0.000793121405877, -0.00176719867159, 0.000930027686991, -0.00180659827311, -0.000655545620248, -0.000344894448062, 0.00333974370733, 0.00018306633865, 0.00183862389531, 0.000107716005004, 0.00370857887901, -0.00442931754515, 0.0203082822263]]
    },
    "melbands": {
        "dmean": [0.00091311725555, 0.00189160520677, 0.000972823181655, 0.000385988882044, 0.00024720095098, 0.000164931654581, 0.000111446373921, 9.68757012743e-05, 9.96125527308e-05, 7.32430125936e-05, 5.77917016926e-05, 3.18773963954e-05, 2.72616434813e-05, 3.21314946632e-05, 2.06360909942e-05, 2.02715109481e-05, 4.21741788159e-05, 2.98482864309e-05, 3.50124355464e-05, 2.07007651625e-05, 1.83632873814e-05, 1.12561765491e-05, 7.13514782547e-06, 5.256707027e-06, 3.74540172743e-06, 3.94241715185e-06, 3.18759634865e-06, 2.642450454e-06, 2.38132156483e-06, 2.5998062938e-06, 2.19953631131e-06, 1.65176243172e-06, 1.55111308686e-06, 1.33772175559e-06, 1.06496361241e-06, 7.1663066592e-07, 4.2287339852e-07, 3.62279791943e-07, 3.64212667137e-07, 3.08964587248e-07],
        "dmean2": [0.00142357626464, 0.00315358466469, 0.00157314655371, 0.000636550365016, 0.000391811365262, 0.000272655423032, 0.000183115334949, 0.000155024710693, 0.000152228793013, 0.000116627263196, 9.43468839978e-05, 5.16596301168e-05, 4.31078951806e-05, 5.26745243405e-05, 3.23336571455e-05, 3.28824426106e-05, 6.46215848974e-05, 4.66643286927e-05, 5.57816420041e-05, 3.25676228385e-05, 2.96612288366e-05, 1.79724884219e-05, 1.15592247312e-05, 8.42429381009e-06, 5.99364102527e-06, 6.22923789706e-06, 5.00289979755e-06, 4.20998867412e-06, 3.73508692064e-06, 4.34666299043e-06, 3.73724788005e-06, 2.72256443168e-06, 2.72529632639e-06, 2.28911994782e-06, 1.76538230789e-06, 1.17769957342e-06, 6.73700299103e-07, 5.62904062917e-07, 5.50387085241e-07, 4.57751269778e-07],
        "dvar": [6.6050206442e-06, 1.3756417502e-05, 2.70775581157e-06, 9.55926793722e-07, 2.65595389237e-07, 1.49722694687e-07, 8.57995203773e-08, 6.42974669063e-08, 3.69950647894e-08, 2.90444450712e-08, 3.72187223263e-08, 8.50772252647e-09, 4.49773507327e-09, 7.35385174977e-09, 2.15309881035e-09, 2.53701637476e-09, 1.17126779386e-08, 3.80461795402e-09, 4.42888392627e-09, 1.28860278004e-09, 1.9646662075e-09, 1.13583642491e-09, 2.40819392205e-10, 1.27070562406e-10, 1.01068535485e-10, 1.83185702718e-10, 1.09333861409e-10, 8.15130393739e-11, 7.45901396204e-11, 1.14858386691e-10, 6.74248920585e-11, 3.54693982518e-11, 7.67096039467e-11, 6.04074568145e-11, 2.60966508819e-11, 9.56829494109e-12, 3.06426065078e-12, 2.01773558799e-12, 1.70751889191e-12, 1.65477625092e-12],
        "dvar2": [1.58098755492e-05, 3.76392963517e-05, 7.18527007848e-06, 2.51840629062e-06, 6.46665910153e-07, 3.78851865435e-07, 2.49444809697e-07, 1.60526369086e-07, 8.96423912877e-08, 6.74128770584e-08, 8.97615350937e-08, 2.21882068274e-08, 1.15655742761e-08, 1.93103737445e-08, 5.14595743795e-09, 6.68158062211e-09, 2.84290084807e-08, 9.62773238911e-09, 1.11990585694e-08, 3.25382565336e-09, 5.25897991821e-09, 3.08041991914e-09, 6.30115237765e-10, 3.07456976545e-10, 2.54044035808e-10, 4.32718416654e-10, 2.26899235511e-10, 1.87739837565e-10, 1.75311432038e-10, 3.00080599258e-10, 1.72765399209e-10, 9.32003987875e-11, 2.21508353326e-10, 1.70498989926e-10, 6.91564999711e-11, 2.49110333056e-11, 7.35355873416e-12, 4.65971098512e-12, 3.68559609915e-12, 3.34773983708e-12],
        "max": [0.0379286669195, 0.0578291267157, 0.027191631496, 0.0199837926775, 0.0100775742903, 0.0072895847261, 0.00739750359207, 0.00433861557394, 0.00271708704531, 0.0042036389932, 0.00500614009798, 0.00173117942177, 0.00125492364168, 0.00176745723002, 0.00113920879085, 0.000901064777281, 0.00242681289092, 0.00110455509275, 0.00117378449067, 0.000488320365548, 0.000908613437787, 0.000729523599148, 0.000268387084361, 0.000189577287529, 0.000220916510443, 0.000359001656761, 0.000319327111356, 0.000189360856893, 0.000220860922127, 0.000272381090326, 0.000158183291205, 8.88219365152e-05, 0.000188618345419, 0.000167786274687, 8.98503421922e-05, 5.47443087271e-05, 4.35144720541e-05, 3.76830830646e-05, 3.24315406033e-05, 2.95707905025e-05],
        "mean": [0.00227555073798, 0.00541731528938, 0.00194107147399, 0.000635822594631, 0.000405602768296, 0.000263084075414, 0.000166733385413, 0.000145729805809, 0.00017248664517, 0.00012216444884, 9.16966018849e-05, 5.56235427212e-05, 4.89568810735e-05, 5.2256964409e-05, 3.85235798603e-05, 4.11582950619e-05, 7.64107317082e-05, 5.58840292797e-05, 6.83045509504e-05, 4.43798962806e-05, 3.52129063685e-05, 2.1368097805e-05, 1.45937056004e-05, 1.10121436592e-05, 6.93270976626e-06, 6.90041224516e-06, 5.53484369448e-06, 4.10579104937e-06, 3.65769960808e-06, 3.53175596501e-06, 3.00539545606e-06, 2.43057820626e-06, 1.86291674709e-06, 1.59260343935e-06, 1.38331245125e-06, 9.86954546534e-07, 6.16911847828e-07, 5.20382229752e-07, 5.58162525977e-07, 4.90652212193e-07],
        "median": [0.00155136408284, 0.00430580880493, 0.00127595872618, 0.000307110254653, 0.000134216505103, 9.77890158538e-05, 5.55799415451e-05, 2.80382701021e-05, 5.81390922889e-05, 4.37143862655e-05, 2.05290525628e-05, 1.29690815811e-05, 1.75321383722e-05, 1.80139977601e-05, 1.67407470144e-05, 1.79034905159e-05, 2.49245058512e-05, 2.0344823497e-05, 2.98343165923e-05, 2.47281914199e-05, 1.58894181368e-05, 7.48867341827e-06, 4.72693636766e-06, 3.66540461982e-06, 3.22842060996e-06, 1.88904868992e-06, 1.15690090752e-06, 5.23939036157e-07, 4.83094254378e-07, 4.17985802414e-07, 3.54289966253e-07, 2.99032762996e-07, 1.96793862983e-07, 1.58743901579e-07, 8.93956979553e-08, 6.28860377105e-08, 4.50744970237e-08, 4.66070382288e-08, 6.52811351642e-08, 5.12449247481e-08],
        "min": [2.1328012226e-24, 9.78168787028e-25, 2.83039032944e-24, 2.74773821696e-24, 4.47826554019e-24, 2.16917540173e-24, 2.04991757944e-24, 3.81828360207e-24, 2.96236636446e-24, 5.37881573895e-24, 2.3169320075e-24, 5.70961114892e-24, 2.4158549678e-24, 3.2124713618e-24, 3.72763322886e-24, 3.97376138117e-24, 5.29152118004e-24, 5.67706550899e-24, 5.76318229856e-24, 4.48667676959e-24, 4.13593422277e-24, 7.89404745929e-24, 5.96140292809e-24, 6.55253466413e-24, 5.64084377723e-24, 5.81005917457e-24, 6.21450224422e-24, 4.43561656421e-24, 7.90941368086e-24, 6.69553266371e-24, 7.96265626994e-24, 5.68169533364e-24, 6.77888055151e-24, 5.92590458179e-24, 5.62647507027e-24, 7.64493859606e-24, 7.27199513678e-24, 6.66775608238e-24, 8.14316263341e-24, 8.05297768814e-24],
        "var": [9.07600406208e-06, 2.78277166217e-05, 5.05409479956e-06, 1.21414564092e-06, 5.57014971037e-07, 2.38780387463e-07, 1.0779249493e-07, 1.06351372153e-07, 8.03581770015e-08, 5.67371181148e-08, 6.40596766743e-08, 1.87304571853e-08, 8.0247533063e-09, 1.25266037543e-08, 4.77496353568e-09, 5.55811396907e-09, 2.24948273342e-08, 8.66259863841e-09, 1.07482449607e-08, 3.15469628198e-09, 3.7054943558e-09, 1.53132606595e-09, 6.13560424689e-10, 3.6531369596e-10, 1.89179935606e-10, 3.60188573412e-10, 2.01291344704e-10, 1.43875106273e-10, 1.40006839455e-10, 1.48513187859e-10, 8.35245553277e-11, 4.77503522833e-11, 5.41704077428e-11, 4.46885861649e-11, 2.70008980452e-11, 1.07337810515e-11, 4.08281871853e-12, 3.09311322215e-12, 3.27376038604e-12, 3.38643197685e-12]
    },
    "mfcc": {
        "mean": [-682.94744873, 154.658691406, -11.8158531189, 24.9116287231, 25.6210346222, 14.8892335892, -0.767007410526, 3.87697005272, 6.90515136719, 4.90772199631, 3.1602704525, -4.1368803978, 0.161108464003],
        "cov": [[11441.5, -1900.26464844, 867.181335449, 822.354003906, -384.611877441, 419.513244629, 284.408843994, 68.4804000854, 221.19052124, 102.253120422, 65.4945602417, 231.905090332, 5.71009349823], [-1900.26464844, 1579.81323242, -465.322662354, -223.074523926, 316.976196289, -38.71692276, -5.97448253632, 17.7785205841, -15.5707387924, -49.3855323792, 25.1492786407, -54.8947296143, 3.01024246216], [867.181335449, -465.322662354, 620.099243164, 187.025527954, -161.281692505, 114.831054688, 75.4825820923, 48.2518348694, 41.8064613342, 56.4094734192, 21.1614990234, 53.1422271729, 44.4708824158], [822.354003906, -223.074523926, 187.025527954, 448.80581665, -17.3328113556, 97.7105178833, 67.4370956421, 65.8805999756, 48.5920677185, 71.8523635864, 37.5304336548, 34.4590072632, 31.4160480499], [-384.611877441, 316.976196289, -161.281692505, -17.3328113556, 313.129241943, 48.2751197815, 17.5445976257, -38.1475982666, -13.3458166122, -34.8185386658, -57.3139343262, -0.56558316946, -8.92049026489], [419.513244629, -38.71692276, 114.831054688, 97.7105178833, 48.2751197815, 197.200805664, 78.7089691162, 13.5913028717, 24.7403907776, 31.2856693268, 0.442523598671, 23.4358444214, -0.376810401678], [284.408843994, -5.97448253632, 75.4825820923, 67.4370956421, 17.5445976257, 78.7089691162, 155.255630493, 49.8866691589, 22.9575500488, 18.373167038, 20.033996582, 16.404548645, 10.6273641586], [68.4804000854, 17.7785205841, 48.2518348694, 65.8805999756, -38.1475982666, 13.5913028717, 49.8866691589, 159.846313477, 36.7513504028, 37.6278877258, 50.2166290283, 2.01410150528, 12.4735774994], [221.19052124, -15.5707387924, 41.8064613342, 48.5920677185, -13.3458166122, 24.7403907776, 22.9575500488, 36.7513504028, 125.01700592, 46.3536834717, 29.7045402527, 4.05723381042, 7.67545604706], [102.253120422, -49.3855323792, 56.4094734192, 71.8523635864, -34.8185386658, 31.2856693268, 18.373167038, 37.6278877258, 46.3536834717, 123.204841614, 57.5900611877, -1.17317640781, 9.37466621399], [65.4945602417, 25.1492786407, 21.1614990234, 37.5304336548, -57.3139343262, 0.442523598671, 20.033996582, 50.2166290283, 29.7045402527, 57.5900611877, 143.050338745, 11.5015945435, -0.114752709866], [231.905090332, -54.8947296143, 53.1422271729, 34.4590072632, -0.56558316946, 23.4358444214, 16.404548645, 2.01410150528, 4.05723381042, -1.17317640781, 11.5015945435, 67.20262146, 17.2444782257], [5.71009349823, 3.01024246216, 44.4708824158, 31.4160480499, -8.92049026489, -0.376810401678, 10.6273641586, 12.4735774994, 7.67545604706, 9.37466621399, -0.114752709866, 17.2444782257, 72.0132064819]],
