{
"lowlevel": {
    "average_loudness": 0.976787924767,
    "barkbands_crest": {
        "dmean": 2.07256221771,
        "dmean2": 3.41302585602,
        "dvar": 4.26799726486,
        "dvar2": 11.1228284836,
        "max": 22.4400310516,
        "mean": 8.84983921051,
        "median": 8.3478975296,
        "min": 2.70097327232,
        "var": 9.90924835205
    },
    "barkbands_flatness_db": {
        "dmean": 0.0169748514891,
        "dmean2": 0.0263902582228,
        "dvar": 0.000274458841886,
        "dvar2": 0.000633519433904,
        "max": 0.31477060914,
        "mean": 0.138117194176,
        "median": 0.133240774274,
        "min": 0.0604835674167,
        "var": 0.00127685966436
    },
    "barkbands_kurtosis": {
        "dmean": 2.07493710518,
        "dmean2": 3.23445248604,
        "dvar": 11.3077888489,
        "dvar2": 25.6878814697,
        "max": 45.223739624,
        "mean": 3.5054063797,
        "median": 1.68987894058,
        "min": -1.78852021694,
        "var": 38.0179176331
    },
    "barkbands_skewness": {
        "dmean": 0.419343113899,
        "dmean2": 0.644224464893,
        "dvar": 0.223072767258,
        "dvar2": 0.503682494164,
        "max": 5.83838176727,
        "mean": 1.59992551804,
        "median": 1.49594569206,
        "min": -2.24320960045,
        "var": 0.973476529121
    },
    "barkbands_spread": {
        "dmean": 4.63276195526,
        "dmean2": 7.03593969345,
        "dvar": 35.2435379028,
        "dvar2": 70.6489562988,
        "max": 84.9633255005,
        "mean": 23.6792087555,
        "median": 22.5611190796,
        "min": 1.88928604126,
        "var": 128.115432739
    },
    "dissonance": {
        "dmean": 0.0136766657233,
        "dmean2": 0.0229751821607,
        "dvar": 0.000205322183319,
        "dvar2": 0.000548828800675,
        "max": 0.500000119209,
        "mean": 0.470150142908,
        "median": 0.475070774555,
        "min": 0.294266134501,
        "var": 0.000477953115478
    },
    "dynamic_complexity": 1.93332982063,
    "erbbands_crest": {
        "dmean": 2.17058825493,
        "dmean2": 3.45452618599,
        "dvar": 4.64643955231,
        "dvar2": 10.9795122147,
        "max": 26.1889152527,
        "mean": 8.038813591,
        "median": 7.06188821793,
        "min": 2.62412214279,
        "var": 14.3971376419
    },
    "erbbands_flatness_db": {
        "dmean": 0.0121987145394,
        "dmean2": 0.0176189932972,
        "dvar": 0.000161703879712,
        "dvar2": 0.000311346026137,
        "max": 0.249293848872,
        "mean": 0.144938498735,
        "median": 0.143974214792,
        "min": 0.0682081133127,
        "var": 0.000808828277513
    },
    "erbbands_kurtosis": {
        "dmean": 0.621798694134,
        "dmean2": 0.953971505165,
        "dvar": 0.726823329926,
        "dvar2": 1.64621555805,
        "max": 14.7524185181,
        "mean": 0.0332852229476,
        "median": -0.41438627243,
        "min": -1.79823899269,
        "var": 2.18341994286
    },
    "erbbands_skewness": {
        "dmean": 0.288070261478,
        "dmean2": 0.43471160531,
        "dvar": 0.0824516043067,
        "dvar2": 0.179318442941,
        "max": 3.07551932335,
        "mean": 0.0843419879675,
        "median": 0.0657787024975,
        "min": -2.58996677399,
        "var": 0.524577260017
    },
    "erbbands_spread": {
        "dmean": 7.41230964661,
        "dmean2": 11.3067455292,
        "dvar": 84.0639877319,
        "dvar2": 179.874267578,
        "max": 153.773986816,
        "mean": 43.2288551331,
        "median": 40.4230880737,
        "min": 7.88708877563,
        "var": 297.098022461
    },
    "hfc": {
        "dmean": 5.86682224274,
        "dmean2": 9.04435157776,
        "dvar": 70.8790664673,
        "dvar2": 169.11416626,
        "max": 108.335021973,
        "mean": 25.6132984161,
        "median": 23.09765625,
        "min": 1.18402632881e-16,
        "var": 195.681777954
    },
    "melbands_crest": {
        "dmean": 2.68321442604,
        "dmean2": 4.34421682358,
        "dvar": 6.61887359619,
        "dvar2": 16.6275863647,
        "max": 31.9566745758,
        "mean": 13.9715166092,
        "median": 13.5068302155,
        "min": 1.5752415657,
        "var": 19.8865814209
    },
    "melbands_flatness_db": {
        "dmean": 0.0202250275761,
        "dmean2": 0.0304536167532,
        "dvar": 0.000490470090881,
        "dvar2": 0.00102854380384,
        "max": 0.392551034689,
        "mean": 0.186132416129,
        "median": 0.181810930371,
        "min": 0.00542985694483,
        "var": 0.00243097217754
    },
    "melbands_kurtosis": {
        "dmean": 5.74842977524,
        "dmean2": 9.10426807404,
        "dvar": 99.1491317749,
        "dvar2": 240.129745483,
        "max": 154.352218628,
        "mean": 13.3005285263,
        "median": 8.45895385742,
        "min": -1.47390186787,
        "var": 287.004425049
    },
    "melbands_skewness": {
        "dmean": 0.612165391445,
        "dmean2": 0.949850320816,
        "dvar": 0.542667984962,
        "dvar2": 1.25871658325,
        "max": 10.3897781372,
        "mean": 2.83642244339,
        "median": 2.60155940056,
        "min": -0.424816280603,
        "var": 1.99988305569
    },
    "melbands_spread": {
        "dmean": 5.5018992424,
        "dmean2": 8.49367618561,
        "dvar": 64.7869567871,
        "dvar2": 130.928222656,
        "max": 196.055175781,
        "mean": 22.9612026215,
        "median": 19.7382621765,
        "min": 1.86189055443,
        "var": 220.517089844
    },
    "pitch_salience": {
        "dmean": 0.0604439601302,
        "dmean2": 0.0981486812234,
        "dvar": 0.003253207542,
        "dvar2": 0.0082586184144,
        "max": 0.945200562477,
        "mean": 0.569321453571,
        "median": 0.572613477707,
        "min": 0.244841381907,
        "var": 0.00866208132356
    },
    "silence_rate_20dB": {
        "dmean": 0,
        "dmean2": 0,
        "dvar": 0,
        "dvar2": 0,
        "max": 1,
        "mean": 1,
        "median": 1,
        "min": 1,
        "var": 0
    },
    "silence_rate_30dB": {
        "dmean": 0.0030959751457,
        "dmean2": 0.0061943475157,
        "dvar": 0.00308634713292,
        "dvar2": 0.00847866013646,
        "max": 1,
        "mean": 0.998065769672,
        "median": 1,
        "min": 0,
        "var": 0.00193055183627
    },
    "silence_rate_60dB": {
        "dmean": 0.00116099067964,
        "dmean2": 0.00232288031839,
        "dvar": 0.00115969055332,
        "dvar2": 0.00231740367599,
        "max": 1,
        "mean": 0.0282398443669,
        "median": 0,
        "min": 0,
        "var": 0.027445839718
    },
    "spectral_centroid": {
        "dmean": 204.93737793,
        "dmean2": 313.825256348,
        "dvar": 70743.8359375,
        "dvar2": 115483.640625,
        "max": 10833.3291016,
        "mean": 1312.23181152,
        "median": 1253.95532227,
        "min": 253.315322876,
        "var": 309759.3125
    },
    "spectral_complexity": {
        "dmean": 3.92685747147,
        "dmean2": 6.30816888809,
        "dvar": 17.7945709229,
        "dvar2": 39.7936706543,
        "max": 57,
        "mean": 25.4750480652,
        "median": 26,
        "min": 0,
        "var": 97.5002441406
    },
    "spectral_decrease": {
        "dmean": 2.61149746272e-09,
        "dmean2": 4.2148831092e-09,
        "dvar": 1.54297424187e-17,
        "dvar2": 3.95023674945e-17,
        "max": 5.23879290934e-21,
        "mean": -9.40652089554e-09,
        "median": -8.87975470931e-09,
        "min": -4.30778968052e-08,
        "var": 2.26480480074e-17
    },
    "spectral_energy": {
        "dmean": 0.0101958904415,
        "dmean2": 0.0164496824145,
        "dvar": 0.00023193321249,
        "dvar2": 0.000592822907493,
        "max": 0.165959984064,
        "mean": 0.0378255620599,
        "median": 0.0358994714916,
        "min": 1.07791488897e-20,
        "var": 0.000346075830748
    },
    "spectral_energyband_high": {
        "dmean": 0.000419520132709,
        "dmean2": 0.000646569184028,
        "dvar": 6.53979896015e-07,
        "dvar2": 1.50879202465e-06,
        "max": 0.0100123025477,
        "mean": 0.00103220995516,
        "median": 0.00066757784225,
        "min": 7.69036439398e-21,
        "var": 1.35001823764e-06
    },
    "spectral_energyband_low": {
        "dmean": 0.00637813378125,
        "dmean2": 0.0105170411989,
        "dvar": 0.000157354836119,
        "dvar2": 0.000414430280216,
        "max": 0.124182567,
        "mean": 0.014771444723,
        "median": 0.0124684069306,
        "min": 1.40752488081e-22,
        "var": 0.000177290989086
    },
    "spectral_energyband_middle_high": {
        "dmean": 0.00159246637486,
        "dmean2": 0.00245596561581,
        "dvar": 4.69610085929e-06,
        "dvar2": 1.06613488242e-05,
        "max": 0.0400160327554,
        "mean": 0.00624423287809,
        "median": 0.00530940061435,
        "min": 1.43297560359e-21,
        "var": 2.18789391511e-05
    },
    "spectral_energyband_middle_low": {
        "dmean": 0.00581956002861,
        "dmean2": 0.00935409218073,
        "dvar": 6.74237380736e-05,
        "dvar2": 0.000171032763319,
        "max": 0.103517509997,
        "mean": 0.0177225619555,
        "median": 0.0157021731138,
        "min": 4.63267439699e-22,
        "var": 0.000125313454191
    },
    "spectral_entropy": {
        "dmean": 0.120249897242,
        "dmean2": 0.175874978304,
        "dvar": 0.0206530522555,
        "dvar2": 0.0384037196636,
        "max": 9.79853725433,
        "mean": 7.65957689285,
        "median": 7.69375610352,
        "min": 5.96106290817,
        "var": 0.095613963902
    },
    "spectral_flux": {
        "dmean": 0.022813918069,
        "dmean2": 0.0345051474869,
        "dvar": 0.000855744350702,
        "dvar2": 0.00171215459704,
        "max": 0.344931989908,
        "mean": 0.0882469564676,
        "median": 0.0778851807117,
        "min": 1.0382267962e-10,
        "var": 0.0020308715757
    },
    "spectral_kurtosis": {
        "dmean": 1.11348330975,
        "dmean2": 1.81453931332,
        "dvar": 1.64028012753,
        "dvar2": 3.76253271103,
        "max": 31.124584198,
        "mean": 3.69423651695,
        "median": 3.36443519592,
        "min": -1.14510440826,
        "var": 4.12075996399
    },
    "spectral_rms": {
        "dmean": 0.000753251370043,
        "dmean2": 0.00119341351092,
        "dvar": 9.14740155622e-07,
        "dvar2": 2.22660628424e-06,
        "max": 0.0127244712785,
        "mean": 0.00586456106976,
        "median": 0.00591809721664,
        "min": 3.24287580296e-12,
        "var": 2.51000119533e-06
    },
    "spectral_rolloff": {
        "dmean": 399.457489014,
        "dmean2": 667.029968262,
        "dvar": 686755,
        "dvar2": 1478443.75,
        "max": 20822.6074219,
        "mean": 1375.45703125,
        "median": 1055.12695312,
        "min": 107.666015625,
        "var": 1443143.75
    },
    "spectral_skewness": {
        "dmean": 0.168987348676,
        "dmean2": 0.264709413052,
        "dvar": 0.0337636694312,
        "dvar2": 0.0700712054968,
        "max": 3.98302006721,
        "mean": 1.44416725636,
        "median": 1.41433417797,
        "min": 0.0130910342559,
        "var": 0.129181280732
    },
    "spectral_spread": {
        "dmean": 437014.15625,
        "dmean2": 628523.5,
        "dvar": 738595241984,
        "dvar2": 946159419392,
        "max": 40544484,
        "mean": 4629932,
        "median": 4382740.5,
        "min": 2033679.125,
        "var": 1.9117071401e+12
    },
    "spectral_strongpeak": {
        "dmean": 0.404119193554,
        "dmean2": 0.702544212341,
        "dvar": 0.686456441879,
        "dvar2": 1.74276483059,
        "max": 10.3286800385,
        "mean": 0.794336438179,
        "median": 0.536414504051,
        "min": 1.39242195552e-09,
        "var": 0.999469697475
    },
    "zerocrossingrate": {
        "dmean": 0.00881513953209,
        "dmean2": 0.0104830181226,
        "dvar": 0.000193748594029,
        "dvar2": 0.00030275224708,
        "max": 0.50244140625,
        "mean": 0.057890702039,
        "median": 0.0537109375,
        "min": 0.0078125,
        "var": 0.000820464920253
    },
    "barkbands": {
        "dmean": [6.47208580631e-05, 0.00285652722232, 0.00407986948267, 0.00195630243979, 0.00357927032746, 0.000937012955546, 0.00105073978193, 0.000801680900622, 0.000881295243744, 0.00046391194337, 0.000292963115498, 0.000281354325125, 0.000224774194066, 0.00042354373727, 0.000345925567672, 0.000278308201814, 0.000345710432157, 0.000262508896412, 0.0001715352264, 0.000140583622851, 0.000140654054121, 8.95020566531e-05, 7.53125932533e-05, 7.06721984898e-05, 4.42721357103e-05, 2.4779492378e-05, 1.37195108607e-08],
        "dmean2": [0.000101478268334, 0.00472456775606, 0.00701314304024, 0.00334148132242, 0.0058661326766, 0.00149332277942, 0.00160115526523, 0.00121430039871, 0.0013112812303, 0.000723118777387, 0.000429817970144, 0.00044993267511, 0.000351683382178, 0.00066350470297, 0.000553248100914, 0.0004529398866, 0.000561598862987, 0.000431569846114, 0.000292369484669, 0.000229425291764, 0.000231007114053, 0.000146513499203, 0.000121833298181, 0.000108615779027, 6.60994264763e-05, 3.61455749953e-05, 2.1515349502e-08],
        "dvar": [3.49672966138e-08, 4.89809171995e-05, 7.53222484491e-05, 1.06222050817e-05, 3.02955977531e-05, 2.79734763353e-06, 4.29084730058e-06, 2.417705673e-06, 1.52458392222e-06, 5.53376423795e-07, 8.37251150188e-07, 2.64911165004e-07, 2.21431690761e-07, 1.01771263417e-06, 4.19524468498e-07, 1.74524984686e-07, 3.36143699542e-07, 1.75104432287e-07, 8.70056240387e-08, 5.06557071844e-08, 6.50338805031e-08, 2.37082886656e-08, 4.34697682294e-08, 4.98148260419e-08, 1.59735566996e-08, 3.40497008366e-09, 5.56664326993e-14],
        "dvar2": [7.50161532892e-08, 0.000126770450152, 0.000208083874895, 3.00532537949e-05, 7.78011890361e-05, 7.29086059437e-06, 9.00871964404e-06, 5.42187444807e-06, 3.32755348609e-06, 1.22489700516e-06, 1.6907480358e-06, 6.03431942636e-07, 4.72870198109e-07, 2.45307160185e-06, 1.08409494715e-06, 4.42741935558e-07, 8.95066420981e-07, 4.57724667058e-07, 2.33549187101e-07, 1.24377180555e-07, 1.67031956266e-07, 6.20246609628e-08, 9.02390553392e-08, 1.08747087779e-07, 3.92332211163e-08, 7.27483495666e-09, 5.76087775032e-14],
        "max": [0.00193234416656, 0.0712402909994, 0.0859672874212, 0.0365709662437, 0.0728551000357, 0.0326675251126, 0.0349722951651, 0.0306514203548, 0.0218232125044, 0.014493140392, 0.0237788110971, 0.0126981139183, 0.010381123051, 0.0245778840035, 0.0151517428458, 0.00663771899417, 0.00934260990471, 0.00625294214115, 0.00362748163752, 0.00390222016722, 0.00329432729632, 0.00181594700553, 0.00474679842591, 0.00433119526133, 0.00392527878284, 0.000691347348038, 1.1910464309e-05],
        "mean": [6.10176684859e-05, 0.00438839104027, 0.0084458803758, 0.00334962108172, 0.00688047427684, 0.00187493057456, 0.00193593744189, 0.00156909809448, 0.00193764222786, 0.000841600704007, 0.000522332033142, 0.000473769498058, 0.000410038832342, 0.000806186813861, 0.000828053802252, 0.000610489456449, 0.000887774105649, 0.000516222266015, 0.000323416636093, 0.000288939161692, 0.000291053438559, 0.0001910962892, 0.000131511798827, 0.000134434812935, 8.71284210007e-05, 3.85497733078e-05, 1.0661638683e-08],
        "median": [7.52576170271e-06, 0.00224003847688, 0.00693991780281, 0.00241084233858, 0.00472277216613, 0.00125922460575, 0.000867211143486, 0.00077184435213, 0.00131406215951, 0.000528063043021, 0.000194488151465, 0.000271513184998, 0.000208925979678, 0.000410876004025, 0.000348685221979, 0.00034964302904, 0.000511975202244, 0.000328972266288, 0.000209693345823, 0.000199162270292, 0.000194160224055, 0.000121136239613, 5.75529738853e-05, 5.99164231971e-05, 4.35946276411e-05, 1.16200062621e-05, 7.62597929249e-10],
        "min": [2.36218402726e-23, 9.06054712389e-23, 1.50642440406e-23, 5.17527305933e-23, 8.17902093695e-23, 9.46151186915e-23, 3.46660191634e-23, 4.55670734425e-23, 1.30086747855e-22, 5.1683960855e-23, 9.87113136518e-23, 6.16159626209e-23, 1.48852562343e-22, 1.6009075053e-22, 1.19888202611e-22, 9.43655609665e-23, 1.78511157538e-22, 1.74260484679e-22, 1.7645510834e-22, 2.89456239704e-22, 4.40870504774e-22, 4.55806759288e-22, 5.87109160731e-22, 1.06813170108e-21, 1.30638728345e-21, 1.59141825329e-21, 2.51796949051e-21],
        "var": [3.78273377066e-08, 5.01150716445e-05, 7.01129465597e-05, 1.16994142445e-05, 5.07141849084e-05, 4.5552528718e-06, 1.24176403915e-05, 6.3492393565e-06, 4.44887245976e-06, 1.05475328382e-06, 2.06416871151e-06, 5.19810100741e-07, 5.1462131978e-07, 3.00136093756e-06, 1.67814312135e-06, 6.16653210272e-07, 1.52701613843e-06, 3.13892513759e-07, 1.3463659343e-07, 9.96700464384e-08, 9.91281297047e-08, 4.46730865633e-08, 9.8161308415e-08, 9.19899321161e-08, 2.46074343124e-08, 5.92700510893e-09, 5.5421985767e-14]
    },
    "erbbands": {
        "dmean": [0.0506784468889, 0.77981710434, 4.06094837189, 5.53728342056, 9.2918806076, 13.4762506485, 10.9007511139, 7.81490755081, 13.4353113174, 15.6953821182, 17.0509662628, 19.4365177155, 13.8126392365, 14.4361228943, 11.8719882965, 8.6461019516, 9.40527534485, 16.3001556396, 20.0802059174, 15.5334720612, 16.3815555573, 20.1224155426, 13.9539775848, 10.2605285645, 7.33719301224, 6.5168094635, 6.52143144608, 4.90105962753, 3.11977601051, 2.36060333252, 2.35262084007, 1.83581125736, 0.987102389336, 0.59512591362, 0.269110590219, 0.165956929326, 0.0311182867736, 0.000637082441244, 2.86426293314e-05, 1.30542402985e-05],
        "dmean2": [0.0873161703348, 1.28108048439, 6.87552165985, 9.34478664398, 15.4026918411, 22.4999446869, 17.3163700104, 12.3889713287, 20.6415882111, 24.2374534607, 25.7844734192, 29.0420970917, 21.3101234436, 22.505777359, 17.2679843903, 13.6595420837, 14.4131994247, 24.9442367554, 31.7925834656, 24.7353572845, 26.6644897461, 32.3756980896, 22.7965908051, 17.3973503113, 12.2206497192, 10.704460144, 10.713517189, 8.00411891937, 5.08639860153, 3.85564684868, 3.82565045357, 2.89946985245, 1.4938724041, 0.905274868011, 0.393476843834, 0.243349194527, 0.0466168560088, 0.000946387066506, 4.18400923081e-05, 2.07253560802e-05],
        "dvar": [0.0225928965956, 3.17105937004, 75.018119812, 101.06918335, 316.493164062, 435.841583252, 376.872619629, 207.357894897, 735.624450684, 1163.20007324, 1025.92980957, 865.802612305, 582.682067871, 708.39855957, 1191.94006348, 292.103515625, 445.115264893, 874.960998535, 2016.17590332, 709.303161621, 596.379821777, 1318.47814941, 465.594177246, 370.259643555, 157.884170532, 102.462135315, 162.024597168, 67.7034606934, 28.9772949219, 20.2959632874, 51.4943962097, 39.2639350891, 8.93458271027, 4.23941898346, 0.347170442343, 0.147180497646, 0.0059224111028, 2.39148562287e-06, 4.55327775484e-09, 3.52955470406e-10],
        "dvar2": [0.0621620751917, 8.12859535217, 205.683670044, 278.851806641, 808.780883789, 1166.3338623, 923.852294922, 543.711791992, 1548.92138672, 2123.11206055, 2387.96533203, 1824.03479004, 1255.96325684, 1581.82470703, 2261.02563477, 665.702026367, 905.120117188, 1898.01281738, 5028.84326172, 1720.63378906, 1550.15722656, 3654.58544922, 1240.109375, 1002.4185791, 405.22064209, 261.828369141, 411.638793945, 172.131027222, 76.4289550781, 50.7027702332, 113.665527344, 84.440612793, 19.8467197418, 10.6276302338, 0.788396120071, 0.309837311506, 0.0129614379257, 5.18403294336e-06, 8.74610517343e-09, 8.77891093154e-10],
        "max": [1.55951225758, 17.0677909851, 94.3473129272, 105.912910461, 201.40852356, 310.319091797, 324.586364746, 400.650817871, 464.397888184, 1046.73095703, 664.07824707, 515.82220459, 470.91519165, 589.182861328, 853.895263672, 373.761657715, 521.861633301, 566.122070312, 1010.97253418, 601.161132812, 414.935211182, 633.819763184, 357.669006348, 277.319702148, 243.48008728, 139.818939209, 166.783828735, 101.657814026, 66.2360687256, 58.3738861084, 175.926528931, 132.720184326, 60.840965271, 67.1072616577, 12.6970443726, 4.69547748566, 0.881074488163, 0.0177150480449, 0.00171593413688, 0.000198905647267],
        "mean": [0.0594357810915, 1.32452654839, 8.52985191345, 11.3321485519, 15.8433885574, 24.5483798981, 19.9641342163, 16.0267791748, 25.2298316956, 31.0237751007, 37.8110389709, 41.6958427429, 29.2084903717, 27.5812797546, 24.0215969086, 16.6982879639, 18.9860515594, 33.5592155457, 41.4318771362, 42.1033821106, 40.2366600037, 53.0010528564, 30.7076244354, 20.2850971222, 15.171500206, 13.8304433823, 12.992061615, 10.2629489899, 6.8551030159, 4.6900677681, 3.91201448441, 3.29026007652, 1.95407855511, 1.1497951746, 0.505410790443, 0.272206008434, 0.0448403097689, 0.000943443970755, 6.10749484622e-05, 4.91194368806e-05],
        "median": [0.0238008983433, 0.822555541992, 7.11844491959, 9.48275756836, 11.1099100113, 15.3381910324, 11.8035573959, 10.3704452515, 11.500087738, 16.0576934814, 21.3950309753, 27.6907176971, 20.1055679321, 16.9380931854, 11.8764429092, 9.57592487335, 10.254740715, 18.7111473083, 20.9656391144, 17.9587688446, 24.5094776154, 28.914478302, 20.6998214722, 13.5789413452, 10.0390348434, 9.6922416687, 8.59213352203, 7.13269710541, 4.46591711044, 2.6895005703, 1.61812019348, 1.3683886528, 0.911241233349, 0.541317343712, 0.248003274202, 0.092793315649, 0.01105843205, 0.000257041159784, 3.46476481354e-05, 4.59802467958e-05],
        "min": [2.64574385355e-21, 1.98096880477e-20, 2.67104455391e-20, 9.63481365938e-20, 2.78963585506e-19, 2.35874067187e-19, 3.18116241096e-19, 9.75360920305e-19, 4.97985010935e-19, 7.07196668835e-19, 1.26571517059e-18, 2.50285021703e-18, 2.69141885896e-18, 1.92159577727e-18, 4.6973576938e-18, 2.39135640342e-18, 6.50676482574e-18, 8.18789030675e-18, 5.84932126129e-18, 7.04760032565e-18, 7.39940603043e-18, 9.14303741442e-18, 9.01044201659e-18, 8.11827644076e-18, 1.18214275584e-17, 1.35183331639e-17, 1.72740441648e-17, 1.76629298949e-17, 1.68864885411e-17, 1.60138576626e-17, 1.66271045534e-17, 2.00105809699e-17, 1.71081712909e-17, 1.07522527761e-17, 1.21608437519e-17, 5.65419390429e-18, 2.63290472282e-18, 1.50861965259e-18, 3.09919449913e-19, 3.54637305579e-20],
        "var": [0.0177589394152, 3.42108201981, 72.7232971191, 108.785308838, 347.024963379, 814.754638672, 633.549926758, 385.652984619, 2204.86547852, 3726.77905273, 2682.71508789, 2427.18896484, 1283.96203613, 1346.02441406, 3258.50146484, 676.033630371, 1076.50256348, 2487.7175293, 5639.43115234, 4099.95800781, 2192.67822266, 5656.43652344, 982.905395508, 507.665863037, 326.69418335, 209.754302979, 233.522750854, 119.215766907, 56.225025177, 35.7578315735, 107.463478088, 74.2709732056, 16.7298488617, 5.97334003448, 0.629541695118, 0.265889167786, 0.00950885098428, 3.88163562093e-06, 7.06928959815e-09, 5.58950774554e-10]
    },
    "gfcc": {
        "mean": [29.3914890289, 100.285247803, -121.27885437, 46.06690979, -62.8590240479, 15.2259063721, -47.1636886597, 12.2720174789, -26.2048721313, -1.14642286301, -25.2312412262, -7.27929210663, -9.26370334625],
        "cov": [[7088.05712891, -215.725418091, 168.506011963, 227.418945312, -216.694320679, 228.578659058, -23.0916481018, 133.42074585, -154.58480835, -59.4309997559, -265.896118164, -36.9850959778, -111.163818359], [-215.725418091, 619.701049805, -89.8345108032, -34.8782730103, 60.7665061951, -66.7539215088, 91.1348419189, -69.7268753052, 89.5822982788, -78.5468902588, 63.9531974792, -81.085105896, 54.7504005432], [168.506011963, -89.8345108032, 507.58706665, 36.9810142517, -32.1839027405, 69.719543457, -19.2726650238, -2.76739239693, -53.671421051, 6.33761453629, 0.758730590343, 58.015045166, -70.417098999], [227.418945312, -34.8782730103, 36.9810142517, 224.790924072, 28.9890499115, 3.4399189949, 7.45451211929, 3.51013970375, 17.8207969666, -43.5277175903, -0.180401101708, -11.7033758163, 27.7713088989], [-216.694320679, 60.7665061951, -32.1839027405, 28.9890499115, 192.84375, 13.4021682739, 16.9300060272, 21.2462387085, 8.36650753021, 14.011218071, -5.19538450241, -2.21197080612, 10.6118183136], [228.578659058, -66.7539215088, 69.719543457, 3.4399189949, 13.4021682739, 144.382492065, 54.8205604553, 3.44777393341, -19.9483032227, 8.02400016785, 2.26271271706, 6.74593639374, -17.994550705], [-23.0916481018, 91.1348419189, -19.2726650238, 7.45451211929, 16.9300060272, 54.8205604553, 143.508865356, 13.2755632401, -1.5237082243, -17.4191570282, 14.5957756042, -13.2652711868, -8.61832809448], [133.42074585, -69.7268753052, -2.76739239693, 3.51013970375, 21.2462387085, 3.44777393341, 13.2755632401, 100.651481628, 17.1347103119, 10.0875139236, -23.3134727478, -1.3638535738, -10.1677770615], [-154.58480835, 89.5822982788, -53.671421051, 17.8207969666, 8.36650753021, -19.9483032227, -1.5237082243, 17.1347103119, 103.27406311, 2.55775785446, 4.28548288345, -27.8302955627, 17.1834793091], [-59.4309997559, -78.5468902588, 6.33761453629, -43.5277175903, 14.011218071, 8.02400016785, -17.4191570282, 10.0875139236, 2.55775785446, 83.7359924316, 9.42850112915, 19.9187698364, -23.3012161255], [-265.896118164, 63.9531974792, 0.758730590343, -0.180401101708, -5.19538450241, 2.26271271706, 14.5957756042, -23.3134727478, 4.28548288345, 9.42850112915, 84.3489532471, 15.5932254791, 8.2382440567], [-36.9850959778, -81.085105896, 58.015045166, -11.7033758163, -2.21197080612, 6.74593639374, -13.2652711868, -1.3638535738, -27.8302955627, 19.9187698364, 15.5932254791, 77.1669616699, -1.52247154713], [-111.163818359, 54.7504005432, -70.417098999, 27.7713088989, 10.6118183136, -17.994550705, -8.61832809448, -10.1677770615, 17.1834793091, -23.3012161255, 8.2382440567, -1.52247154713, 76.3438339233]],
        "icov": [[0.000301643041894, -0.000904931919649, 0.000351243535988, -0.000973677437287, 0.000937303469982, -0.00115906680003, 0.000914924487006, -0.00100855482742, 0.00115583732259, -0.000756836147048, 0.00135327945463, -0.000598176498897, 0.000682728830725], [-0.000904931919649, 0.00866270437837, -0.00252060359344, 0.00636716559529, -0.00588073581457, 0.00735843554139, -0.00720698432997, 0.00733361905441, -0.00812609214336, 0.00727552641183, -0.00779918767512, 0.00628809956834, -0.00443965941668], [0.000351243535988, -0.00252060359344, 0.00372966658324, -0.0028493560385, 0.00219650240615, -0.00368056725711, 0.00321289873682, -0.00220810552128, 0.00282642524689, -0.00116755929776, 0.00232395646162, -0.00388103304431, 0.00437080580741], [-0.000973677437287, 0.00636716559529, -0.0028493560385, 0.0106903882697, -0.00580567587167, 0.00583401555195, -0.0054372115992, 0.00538762146607, -0.00736503256485, 0.00802332069725, -0.00687042577192, 0.00502859614789, -0.00526691041887], [0.000937303469982, -0.00588073581457, 0.00219650240615, -0.00580567587167, 0.0102831255645, -0.0060245944187, 0.00446559209377, -0.0062554855831, 0.0061649363488, -0.00682769808918, 0.00666059413925, -0.00409877533093, 0.00226970342919], [-0.00115906680003, 0.00735843554139, -0.00368056725711, 0.00583401555195, -0.0060245944187, 0.0163486003876, -0.010449051857, 0.00708018010482, -0.0063111372292, 0.00423415517434, -0.00696762464941, 0.0055064917542, -0.00445314310491], [0.000914924487006, -0.00720698432997, 0.00321289873682, -0.0054372115992, 0.00446559209377, -0.010449051857, 0.0159668847919, -0.00809993315488, 0.00718498323113, -0.00259126280434, 0.00395092181861, -0.00414805673063, 0.00616503274068], [-0.00100855482742, 0.00733361905441, -0.00220810552128, 0.00538762146607, -0.0062554855831, 0.00708018010482, -0.00809993315488, 0.018498532474, -0.0098180603236, 0.00464970432222, -0.00322030833922, 0.00369466003031, -0.0025865661446], [0.00115583732259, -0.00812609214336, 0.00282642524689, -0.00736503256485, 0.0061649363488, -0.0063111372292, 0.00718498323113, -0.0098180603236, 0.0206603128463, -0.00923899561167, 0.00631994986907, -0.000842477951664, 0.00178695470095], [-0.000756836147048, 0.00727552641183, -0.00116755929776, 0.00802332069725, -0.00682769808918, 0.00423415517434, -0.00259126280434, 0.00464970432222, -0.00923899561167, 0.0239000804722, -0.00926663912833, 0.000865307636559, 0.00234993454069], [0.00135327945463, -0.00779918767512, 0.00232395646162, -0.00687042577192, 0.00666059413925, -0.00696762464941, 0.00395092181861, -0.00322030833922, 0.00631994986907, -0.00926663912833, 0.0231077857316, -0.00885767396539, 0.00273449998349], [-0.000598176498897, 0.00628809956834, -0.00388103304431, 0.00502859614789, -0.00409877533093, 0.0055064917542, -0.00414805673063, 0.00369466003031, -0.000842477951664, 0.000865307636559, -0.00885767396539, 0.0228373408318, -0.00703309709206], [0.000682728830725, -0.00443965941668, 0.00437080580741, -0.00526691041887, 0.00226970342919, -0.00445314310491, 0.00616503274068, -0.0025865661446, 0.00178695470095, 0.00234993454069, 0.00273449998349, -0.00703309709206, 0.0220901407301]]
    },
    "melbands": {
        "dmean": [0.000621742859948, 0.00166703062132, 0.00100036791991, 0.000834127771668, 0.000426848593634, 0.000173063512193, 0.000209156889468, 0.000172834756086, 0.000142566277646, 0.000120362201415, 7.09693558747e-05, 6.25361135462e-05, 4.11100154452e-05, 3.60971534974e-05, 2.06654058275e-05, 2.48184915108e-05, 3.26819463226e-05, 3.71436763089e-05, 2.48565029324e-05, 1.7842012312e-05, 2.05931919481e-05, 2.41771795118e-05, 1.56860878633e-05, 1.28324791149e-05, 8.72314194567e-06, 6.40599500912e-06, 4.79580376123e-06, 4.60798082713e-06, 4.63303877041e-06, 3.78669460588e-06, 2.94805545309e-06, 2.00049839805e-06, 1.6394362774e-06, 1.2305938526e-06, 1.4006712945e-06, 1.39928624776e-06, 1.09954282834e-06, 7.26919722638e-07, 6.38668893771e-07, 4.901252737e-07],
        "dmean2": [0.00103731802665, 0.00278503983282, 0.00168382038828, 0.001367739751, 0.000688213156536, 0.000274396938039, 0.000319880986353, 0.00026689862716, 0.000216356420424, 0.000179985756404, 0.000109472573968, 9.78849056992e-05, 5.98102051299e-05, 5.76422316954e-05, 3.18997263093e-05, 3.90161512769e-05, 5.01917129441e-05, 5.90817071497e-05, 4.00285352953e-05, 2.84194702544e-05, 3.39047619491e-05, 3.92932997784e-05, 2.56456278294e-05, 2.13777329918e-05, 1.49337784023e-05, 1.0776828276e-05, 7.90394187788e-06, 7.58537271395e-06, 7.61872479416e-06, 6.30884096608e-06, 4.8462943596e-06, 3.32283275384e-06, 2.66719030151e-06, 2.01905277208e-06, 2.2956671728e-06, 2.25451049118e-06, 1.73632452061e-06, 1.10586472601e-06, 9.8647615232e-07, 7.45380646094e-07],
        "dvar": [2.75873799183e-06, 1.18981324704e-05, 3.13689020004e-06, 1.88883086594e-06, 4.67951849714e-07, 9.61001518363e-08, 1.68681282275e-07, 1.2286110973e-07, 6.26284233363e-08, 3.08784855463e-08, 1.49548355921e-08, 1.19834684398e-08, 1.71223693002e-08, 4.61906735083e-09, 2.46349873834e-09, 2.13726325526e-09, 3.75361608462e-09, 8.92051676971e-09, 2.50319964756e-09, 8.66485438955e-10, 1.01777097861e-09, 2.09962469633e-09, 5.85003046005e-10, 4.12355566359e-10, 2.87174450886e-10, 1.07759107193e-10, 7.33627117389e-11, 5.31082851307e-11, 7.97359678284e-11, 4.84804453527e-11, 2.41751983016e-11, 1.14431528489e-11, 7.84203518095e-12, 6.40338086375e-12, 1.60398621468e-11, 2.24986227565e-11, 1.4974714177e-11, 4.43664896488e-12, 3.94364879294e-12, 2.88754567132e-12],
        "dvar2": [7.35564344723e-06, 3.17760095641e-05, 8.54830523167e-06, 4.8634160521e-06, 1.19933736187e-06, 2.51090114034e-07, 3.5780374219e-07, 2.33165806662e-07, 1.44824653603e-07, 6.70554882731e-08, 3.26646301119e-08, 2.6603363068e-08, 3.38475558692e-08, 9.60737001066e-09, 5.12063769165e-09, 4.79352069149e-09, 8.27639290435e-09, 2.20294538167e-08, 6.51926379547e-09, 2.0650581245e-09, 2.67087352235e-09, 5.86267923097e-09, 1.52561929756e-09, 1.10001707743e-09, 7.87704179661e-10, 2.77285111538e-10, 1.85427034838e-10, 1.35251532196e-10, 2.00333374889e-10, 1.27519064752e-10, 6.18272863462e-11, 3.08535523519e-11, 2.03511773406e-11, 1.60761629703e-11, 3.7409797482e-11, 4.47665897407e-11, 3.46521387973e-11, 9.71282342749e-12, 9.29311749082e-12, 7.37806950951e-12],
        "max": [0.0177934132516, 0.0373203754425, 0.0193890221417, 0.0174562297761, 0.0106477588415, 0.00785973947495, 0.00653676036745, 0.0108905425295, 0.00506465183571, 0.0028793476522, 0.00228519085795, 0.00230342592113, 0.00370138604194, 0.00169088633265, 0.00135226361454, 0.000741556345019, 0.00106840115041, 0.00232873926871, 0.00143100996502, 0.000600248167757, 0.000591895775869, 0.00083979399642, 0.000316333491355, 0.000268812611466, 0.00024077850685, 0.000133527122671, 0.000234583494603, 0.000122985351481, 0.000127731793327, 0.000101242592791, 8.68790521054e-05, 4.29310784966e-05, 3.46034648828e-05, 4.23358542321e-05, 9.7956690297e-05, 0.000104445731267, 9.07450303202e-05, 4.1174240323e-05, 4.75890483358e-05, 5.82555003348e-05],
        "mean": [0.00086247024592, 0.00359723949805, 0.00209121732041, 0.00152228458319, 0.00079825281864, 0.000347091990989, 0.000396985298721, 0.000346344109857, 0.000319133978337, 0.000255213933997, 0.000142768301885, 0.000113813919597, 7.93482686277e-05, 6.04983979429e-05, 3.57112767233e-05, 4.68303478556e-05, 6.40025536995e-05, 6.87781721354e-05, 6.12881922279e-05, 4.4339485612e-05, 4.53486172773e-05, 6.02206600888e-05, 3.2194355299e-05, 2.47041880357e-05, 1.54191584443e-05, 1.18847392514e-05, 9.49387776927e-06, 9.09695154405e-06, 8.45230988489e-06, 6.99610836818e-06, 5.64262336411e-06, 3.98951306124e-06, 3.27411908074e-06, 2.22982953346e-06, 2.13690850615e-06, 2.32406569012e-06, 1.89928198324e-06, 1.39416067668e-06, 1.18004152228e-06, 9.0117862328e-07],
        "median": [0.00038592366036, 0.00300401821733, 0.00179502542596, 0.00103220052551, 0.000476808985695, 0.000227013297263, 0.000185899640201, 0.000185395678272, 0.000180093833478, 0.000172716041561, 9.50313624344e-05, 6.75063565723e-05, 3.47363820765e-05, 3.39350372087e-05, 1.67807156686e-05, 2.4941875381e-05, 3.42458042724e-05, 3.18754973705e-05, 2.44356306212e-05, 2.12208196899e-05, 2.79546693491e-05, 2.93825396511e-05, 2.02767841984e-05, 1.54188328452e-05, 9.86551276583e-06, 7.41538588045e-06, 6.08478285358e-06, 5.96886002313e-06, 5.11033840667e-06, 4.76510149383e-06, 3.77208834834e-06, 2.53754183177e-06, 2.00192698685e-06, 1.18911157188e-06, 8.53285996527e-07, 9.30373232677e-07, 7.85827921845e-07, 6.37557718619e-07, 5.39407892575e-07, 4.20148353442e-07],
        "min": [2.6159978147e-23, 1.84629139889e-23, 2.23206962509e-23, 1.99958521658e-23, 1.1547179481e-23, 2.02122982432e-23, 7.72075601766e-24, 7.89421548666e-24, 1.13658700571e-23, 1.71834257768e-23, 1.30287194255e-23, 6.39609565802e-24, 1.66090671958e-23, 6.55387572767e-24, 6.0792725524e-24, 1.95731741819e-23, 1.47694972074e-23, 1.04562495356e-23, 9.17482072576e-24, 7.8102412433e-24, 9.00454904368e-24, 1.07529038345e-23, 7.22004154643e-24, 7.99792702987e-24, 6.27702696513e-24, 7.37098455861e-24, 1.09375627618e-23, 7.80719939565e-24, 9.51392678537e-24, 1.14309747476e-23, 1.03872147401e-23, 9.49352842008e-24, 8.19536234837e-24, 1.01376925138e-23, 1.04114643243e-23, 7.87235062895e-24, 1.46716232349e-23, 1.37463004371e-23, 8.08419764733e-24, 9.19954441539e-24],
        "var": [2.50078437602e-06, 1.22952378661e-05, 3.34013134307e-06, 2.86832346319e-06, 8.67542553351e-07, 1.72997800973e-07, 5.1521669775e-07, 3.99672586582e-07, 1.74052644297e-07, 8.45115835091e-08, 3.25806261969e-08, 2.2753241069e-08, 4.41689280706e-08, 9.69245306237e-09, 5.01548091947e-09, 5.39397060351e-09, 1.05620525659e-08, 2.52598510997e-08, 1.09159152828e-08, 3.85711684814e-09, 3.069029475e-09, 9.17079390206e-09, 1.32765654026e-09, 7.29387827914e-10, 3.49845236114e-10, 1.89511212279e-10, 1.57434773551e-10, 1.14722176203e-10, 1.17849910386e-10, 6.38697775224e-11, 4.33736241368e-11, 2.06744499992e-11, 1.45841377169e-11, 1.01366840269e-11, 3.04173561338e-11, 4.85960056917e-11, 2.42390760241e-11, 8.44934365529e-12, 6.66470394498e-12, 3.80172239176e-12]
    },
    "mfcc": {
        "mean": [-605.347106934, 118.847366333, 2.39339327812, 28.4759521484, 7.33955430984, 2.90544986725, -5.06645679474, 2.12899374962, 5.39600372314, -0.359330207109, -2.53903079033, -2.28413009644, -8.51830291748],
        "cov": [[5206.1796875, 106.280883789, -28.132183075, 159.223495483, -43.9431381226, 9.84656429291, 54.5493240356, 97.856590271, 167.766220093, 16.6715526581, -24.1552600861, -8.3594789505, -104.223381042], [106.280883789, 657.106201172, -85.9057235718, 14.3354110718, -17.5439853668, 14.7010450363, 0.156841427088, 8.08244514465, -1.42663609982, 5.59408998489, 33.3004875183, -11.0808916092, -5.16721343994], [-28.132183075, -85.9057235718, 439.962310791, 9.20821762085, -2.76590704918, 37.4282531738, 6.65733766556, 30.3021392822, -56.4148483276, -27.2948131561, -28.1902370453, 40.6377487183, 5.07848644257], [159.223495483, 14.3354110718, 9.20821762085, 194.705123901, 49.2231445312, -8.3399553299, -4.97012901306, 26.1757411957, 14.1367864609, 5.6815776825, -18.1576499939, -21.1445007324, 8.52724552155], [-43.9431381226, -17.5439853668, -2.76590704918, 49.2231445312, 159.76612854, 5.59145784378, -10.9082860947, -11.1639118195, 24.3487815857, -3.81658577919, -4.55128765106, -2.45486855507, 9.31406879425], [9.84656429291, 14.7010450363, 37.4282531738, -8.3399553299, 5.59145784378, 130.121917725, 51.509311676, 17.3617744446, -11.5431013107, -3.72090220451, 11.2491025925, 5.20089960098, -1.25739490986], [54.5493240356, 0.156841427088, 6.65733766556, -4.97012901306, -10.9082860947, 51.509311676, 135.961776733, 40.4259109497, -5.85950231552, -2.08236432076, 18.3711414337, -2.70174336433, -0.80797624588], [97.856590271, 8.08244514465, 30.3021392822, 26.1757411957, -11.1639118195, 17.3617744446, 40.4259109497, 92.7789001465, 22.0402202606, 11.8144798279, 0.674397945404, 7.74181318283, -1.45745420456], [167.766220093, -1.42663609982, -56.4148483276, 14.1367864609, 24.3487815857, -11.5431013107, -5.85950231552, 22.0402202606, 104.304046631, 24.4783782959, -4.28355407715, -6.32073068619, -4.46831846237], [16.6715526581, 5.59408998489, -27.2948131561, 5.6815776825, -3.81658577919, -3.72090220451, -2.08236432076, 11.8144798279, 24.4783782959, 83.1749572754, 29.0652370453, -7.36198139191, -13.3924407959], [-24.1552600861, 33.3004875183, -28.1902370453, -18.1576499939, -4.55128765106, 11.2491025925, 18.3711414337, 0.674397945404, -4.28355407715, 29.0652370453, 75.7682723999, 15.1808166504, -4.54070472717], [-8.3594789505, -11.0808916092, 40.6377487183, -21.1445007324, -2.45486855507, 5.20089960098, -2.70174336433, 7.74181318283, -6.32073068619, -7.36198139191, 15.1808166504, 67.4716186523, 9.24237442017], [-104.223381042, -5.16721343994, 5.07848644257, 8.52724552155, 9.31406879425, -1.25739490986, -0.80797624588, -1.45745420456, -4.46831846237, -13.3924407959, -4.54070472717, 9.24237442017, 60.3973426819]],
