{
"lowlevel": {
    "average_loudness": 0.826188921928,
    "barkbands_crest": {
        "dmean": 2.11238408089,
        "dmean2": 3.42484998703,
        "dvar": 5.36592388153,
        "dvar2": 13.1430883408,
        "max": 26.3648719788,
        "mean": 10.1748819351,
        "median": 8.96803188324,
        "min": 2.4584543705,
        "var": 22.3770694733
    },
    "barkbands_flatness_db": {
        "dmean": 0.0183560922742,
        "dmean2": 0.0280847549438,
        "dvar": 0.000408180261729,
        "dvar2": 0.0008465765859,
        "max": 0.514371871948,
        "mean": 0.148060813546,
        "median": 0.147160947323,
        "min": 0.012910570018,
        "var": 0.00275198742747
    },
    "barkbands_kurtosis": {
        "dmean": 3.7040746212,
        "dmean2": 6.04587459564,
        "dvar": 820.641235352,
        "dvar2": 2091.32202148,
        "max": 1455.14611816,
        "mean": 5.63339710236,
        "median": 2.15459108353,
        "min": -1.87922489643,
        "var": 1243.2052002
    },
    "barkbands_skewness": {
        "dmean": 0.494149982929,
        "dmean2": 0.76138061285,
        "dvar": 0.631885647774,
        "dvar2": 1.26795804501,
        "max": 35.7701454163,
        "mean": 1.67955374718,
        "median": 1.53318321705,
        "min": -2.1544907093,
        "var": 2.42648553848
    },
    "barkbands_spread": {
        "dmean": 4.63357210159,
        "dmean2": 7.13055181503,
        "dvar": 56.5105934143,
        "dvar2": 119.007583618,
        "max": 102.445495605,
        "mean": 19.754776001,
        "median": 15.9315786362,
        "min": 0.345244914293,
        "var": 214.221664429
    },
    "dissonance": {
        "dmean": 0.0159047152847,
        "dmean2": 0.0267471503466,
        "dvar": 0.000266796560027,
        "dvar2": 0.00073122192407,
        "max": 0.499999940395,
        "mean": 0.46184194088,
        "median": 0.466676265001,
        "min": 0.233085602522,
        "var": 0.000706174294464
    },
    "dynamic_complexity": 3.09666609764,
    "erbbands_crest": {
        "dmean": 1.88984811306,
        "dmean2": 3.0526664257,
        "dvar": 4.14705991745,
        "dvar2": 10.4405870438,
        "max": 28.1347923279,
        "mean": 8.21613407135,
        "median": 7.35909795761,
        "min": 2.50775718689,
        "var": 13.2896537781
    },
    "erbbands_flatness_db": {
        "dmean": 0.0143091157079,
        "dmean2": 0.0204182043672,
        "dvar": 0.000293262040941,
        "dvar2": 0.000530294259079,
        "max": 0.30359479785,
        "mean": 0.165400326252,
        "median": 0.163986861706,
        "min": 0.0297090448439,
        "var": 0.00221749371849
    },
    "erbbands_kurtosis": {
        "dmean": 0.588335990906,
        "dmean2": 0.935672044754,
        "dvar": 1.0949357748,
        "dvar2": 2.36764287949,
        "max": 19.4716396332,
        "mean": -0.0623741000891,
        "median": -0.464452981949,
        "min": -1.71992015839,
        "var": 2.76543045044
    },
    "erbbands_skewness": {
        "dmean": 0.286095738411,
        "dmean2": 0.440058887005,
        "dvar": 0.0907256528735,
        "dvar2": 0.185093551874,
        "max": 3.70483660698,
        "mean": 0.152461707592,
        "median": 0.132786676288,
        "min": -3.30116271973,
        "var": 0.438508629799
    },
    "erbbands_spread": {
        "dmean": 6.29753828049,
        "dmean2": 9.91160106659,
        "dvar": 79.9635238647,
        "dvar2": 179.496109009,
        "max": 171.777511597,
        "mean": 37.5075683594,
        "median": 34.6219520569,
        "min": 4.4546546936,
        "var": 249.961746216
    },
    "hfc": {
        "dmean": 9.44195079803,
        "dmean2": 13.6815128326,
        "dvar": 713.148620605,
        "dvar2": 1431.01867676,
        "max": 556.158691406,
        "mean": 22.7677536011,
        "median": 9.58927154541,
        "min": 1.14132660384e-16,
        "var": 2085.13598633
    },
    "melbands_crest": {
        "dmean": 2.55847477913,
        "dmean2": 4.16182518005,
        "dvar": 7.08345508575,
        "dvar2": 17.5291366577,
        "max": 39.1946525574,
        "mean": 14.2598075867,
        "median": 13.0815572739,
        "min": 2.0561466217,
        "var": 30.8131561279
    },
    "melbands_flatness_db": {
        "dmean": 0.0222725570202,
        "dmean2": 0.0336454547942,
        "dvar": 0.000683763006236,
        "dvar2": 0.00146032357588,
        "max": 0.5309278965,
        "mean": 0.224046111107,
        "median": 0.228404894471,
        "min": 0.00381058477797,
        "var": 0.00457173259929
    },
    "melbands_kurtosis": {
        "dmean": 9.00163650513,
        "dmean2": 14.771314621,
        "dvar": 7562.99902344,
        "dvar2": 19970.1679688,
        "max": 4093.80224609,
        "mean": 15.2984161377,
        "median": 7.25772190094,
        "min": -1.79795193672,
        "var": 8887.87304688
    },
    "melbands_skewness": {
        "dmean": 0.638470411301,
        "dmean2": 0.997747540474,
        "dvar": 1.58644151688,
        "dvar2": 3.68394231796,
        "max": 59.0325126648,
        "mean": 2.72385621071,
        "median": 2.43746256828,
        "min": -0.471943378448,
        "var": 4.38457107544
    },
    "melbands_spread": {
        "dmean": 6.40378761292,
        "dmean2": 9.38800907135,
        "dvar": 167.49067688,
        "dvar2": 280.680084229,
        "max": 252.657958984,
        "mean": 22.8507633209,
        "median": 15.7303094864,
        "min": 0.210274249315,
        "var": 732.849731445
    },
    "pitch_salience": {
        "dmean": 0.0580190047622,
        "dmean2": 0.0967378690839,
        "dvar": 0.00352509389631,
        "dvar2": 0.00924003310502,
        "max": 0.891565859318,
        "mean": 0.542574584484,
        "median": 0.551255941391,
        "min": 0.035657800734,
        "var": 0.0126164359972
    },
    "silence_rate_20dB": {
        "dmean": 0,
        "dmean2": 0,
        "dvar": 0,
        "dvar2": 0,
        "max": 1,
        "mean": 1,
        "median": 1,
        "min": 1,
        "var": 0
    },
    "silence_rate_30dB": {
        "dmean": 0.0232198145241,
        "dmean2": 0.0464576072991,
        "dvar": 0.0226804949343,
        "dvar2": 0.0605594702065,
        "max": 1,
        "mean": 0.98413926363,
        "median": 1,
        "min": 0,
        "var": 0.0156093062833
    },
    "silence_rate_60dB": {
        "dmean": 0.0135448919609,
        "dmean2": 0.027100270614,
        "dvar": 0.0133610907942,
        "dvar2": 0.0302356295288,
        "max": 1,
        "mean": 0.0468085110188,
        "median": 0,
        "min": 0,
        "var": 0.0446162261069
    },
    "spectral_centroid": {
        "dmean": 196.023178101,
        "dmean2": 296.06829834,
        "dvar": 99770.125,
        "dvar2": 191570.21875,
        "max": 11367.8779297,
        "mean": 1101.12280273,
        "median": 906.631958008,
        "min": 253.174224854,
        "var": 784552.1875
    },
    "spectral_complexity": {
        "dmean": 3.05766248703,
        "dmean2": 4.71273708344,
        "dvar": 15.6673774719,
        "dvar2": 31.9336471558,
        "max": 59,
        "mean": 18.2591876984,
        "median": 17,
        "min": 0,
        "var": 78.39402771
    },
    "spectral_decrease": {
        "dmean": 2.44485010015e-09,
        "dmean2": 3.97683885822e-09,
        "dvar": 2.92987240617e-17,
        "dvar2": 7.48284853647e-17,
        "max": 9.341355463e-29,
        "mean": -6.45040598712e-09,
        "median": -4.68713068358e-09,
        "min": -5.55138086611e-08,
        "var": 4.0297635479e-17
    },
    "spectral_energy": {
        "dmean": 0.00993772223592,
        "dmean2": 0.0160121060908,
        "dvar": 0.000449512532214,
        "dvar2": 0.00114392815158,
        "max": 0.21385140717,
        "mean": 0.0264103990048,
        "median": 0.0189649853855,
        "min": 1.02526451987e-20,
        "var": 0.000652426329907
    },
    "spectral_energyband_high": {
        "dmean": 0.000824115762953,
        "dmean2": 0.00117753527593,
        "dvar": 9.54115239438e-06,
        "dvar2": 1.87709065358e-05,
        "max": 0.0648317486048,
        "mean": 0.00140938127879,
        "median": 0.000106602936285,
        "min": 7.38465895753e-21,
        "var": 2.60228916886e-05
    },
    "spectral_energyband_low": {
        "dmean": 0.00555499456823,
        "dmean2": 0.00955623015761,
        "dvar": 0.000331100571202,
        "dvar2": 0.000882289023139,
        "max": 0.182603985071,
        "mean": 0.00842886976898,
        "median": 0.00456105731428,
        "min": 2.00221275448e-23,
        "var": 0.000282719702227
    },
    "spectral_energyband_middle_high": {
        "dmean": 0.00142969831359,
        "dmean2": 0.00216954969801,
        "dvar": 1.11953931992e-05,
        "dvar2": 2.72053403023e-05,
        "max": 0.080762565136,
        "mean": 0.00402269698679,
        "median": 0.00244398764335,
        "min": 1.165392167e-21,
        "var": 2.63251840806e-05
    },
    "spectral_energyband_middle_low": {
        "dmean": 0.00475651910529,
        "dmean2": 0.00766183808446,
        "dvar": 7.95431842562e-05,
        "dvar2": 0.000193993531866,
        "max": 0.11814583838,
        "mean": 0.013709988445,
        "median": 0.0101321507245,
        "min": 2.57591282599e-22,
        "var": 0.000178770002094
    },
    "spectral_entropy": {
        "dmean": 0.151417523623,
        "dmean2": 0.222356960177,
        "dvar": 0.0339646264911,
        "dvar2": 0.0648004636168,
        "max": 9.81156253815,
        "mean": 7.3295211792,
        "median": 7.28303575516,
        "min": 5.92182970047,
        "var": 0.288841843605
    },
    "spectral_flux": {
        "dmean": 0.0224501099437,
        "dmean2": 0.0346571132541,
        "dvar": 0.00141264975537,
        "dvar2": 0.00269275601022,
        "max": 0.401968687773,
        "mean": 0.0691906884313,
        "median": 0.0507831610739,
        "min": 6.69063415781e-11,
        "var": 0.00355384941213
    },
    "spectral_kurtosis": {
        "dmean": 2.51162242889,
        "dmean2": 4.29121828079,
        "dvar": 10.2351083755,
        "dvar2": 31.0715274811,
        "max": 42.9026908875,
        "mean": 7.14958143234,
        "median": 5.99240875244,
        "min": -1.439468503,
        "var": 28.9106807709
    },
    "spectral_rms": {
        "dmean": 0.000759056536481,
        "dmean2": 0.00117756554391,
        "dvar": 1.48623155383e-06,
        "dvar2": 3.51513631358e-06,
        "max": 0.0144442208111,
        "mean": 0.00463055167347,
        "median": 0.00430144462734,
        "min": 3.1626856082e-12,
        "var": 4.324249403e-06
    },
    "spectral_rolloff": {
        "dmean": 447.806945801,
        "dmean2": 725.293273926,
        "dvar": 1187674.25,
        "dvar2": 2463322.75,
        "max": 19143.0175781,
        "mean": 1447.62792969,
        "median": 925.927734375,
        "min": 21.533203125,
        "var": 4312502
    },
    "spectral_skewness": {
        "dmean": 0.2726367414,
        "dmean2": 0.448484063148,
        "dvar": 0.0850847661495,
        "dvar2": 0.227031096816,
        "max": 4.76326370239,
        "mean": 1.89391183853,
        "median": 1.85017669201,
        "min": -0.0685735866427,
        "var": 0.381989777088
    },
    "spectral_spread": {
        "dmean": 519098.6875,
        "dmean2": 742510.8125,
        "dvar": 988407267328,
        "dvar2": 1.80155252736e+12,
        "max": 41820152,
        "mean": 4269297.5,
        "median": 3807314.5,
        "min": 1282094.375,
        "var": 8.22835255706e+12
    },
    "spectral_strongpeak": {
        "dmean": 0.355382680893,
        "dmean2": 0.612019300461,
        "dvar": 0.760078430176,
        "dvar2": 2.02167844772,
        "max": 18.0444850922,
        "mean": 0.769526362419,
        "median": 0.517195880413,
        "min": 0,
        "var": 0.958880007267
    },
    "zerocrossingrate": {
        "dmean": 0.00965942721814,
        "dmean2": 0.0111215841025,
        "dvar": 0.000306634698063,
        "dvar2": 0.000307325506583,
        "max": 0.52001953125,
        "mean": 0.055769842118,
        "median": 0.04052734375,
        "min": 0,
        "var": 0.00309382635169
    },
    "barkbands": {
        "dmean": [0.000115953283967, 0.00297924084589, 0.00262899603695, 0.00138838973362, 0.00281466171145, 0.000357735727448, 0.00103773525916, 0.000478846224723, 0.000392007059418, 0.000257702340605, 0.000236467894865, 0.000270391406957, 0.000302255648421, 0.000304896297166, 0.000331855670083, 0.000230952457059, 0.000133449328132, 0.000110749060696, 0.000109638604044, 0.000120464028441, 0.000142467819387, 0.000147728220327, 0.000172224259586, 0.000194972992176, 0.000166280995472, 4.12774243159e-05, 2.02448190976e-05],
        "dmean2": [0.000181829178473, 0.0052100662142, 0.00474131340161, 0.002330618212, 0.00460891798139, 0.000593957258388, 0.00162878469564, 0.000766353972722, 0.000625734217465, 0.000434658664744, 0.000380345300073, 0.000420295255026, 0.000488000543555, 0.000502347247675, 0.000533918500878, 0.000365315616364, 0.000213350082049, 0.000178245551069, 0.000177019974217, 0.000192431980395, 0.00023055060592, 0.00023521942785, 0.000256102270214, 0.000284029112663, 0.000245229166467, 6.06095818512e-05, 3.11314470309e-05],
        "dvar": [1.20557785976e-07, 0.000116037488624, 7.42638731026e-05, 9.23661082197e-06, 3.6300974898e-05, 4.39334968405e-07, 8.52708672028e-06, 8.11273184809e-06, 2.84870679934e-06, 4.13009320255e-06, 3.89065604622e-07, 5.04246145283e-07, 1.01668740626e-06, 5.31167302142e-07, 6.68760890221e-07, 3.01458982221e-07, 1.08560776368e-07, 8.38152303118e-08, 1.19105834528e-07, 1.89687710872e-07, 3.66505247484e-07, 3.59387314575e-07, 5.41225119832e-07, 1.41107534546e-06, 5.23934829744e-07, 2.51198493117e-08, 1.00298951367e-08],
        "dvar2": [2.5104631618e-07, 0.000310051662382, 0.000212619896047, 2.61164077529e-05, 9.24339983612e-05, 1.1198832226e-06, 2.12151244341e-05, 2.01621023734e-05, 7.11893972039e-06, 1.1324249499e-05, 1.00934119018e-06, 1.03703644072e-06, 2.61039872385e-06, 1.4247383433e-06, 1.7454775616e-06, 7.05075194674e-07, 2.42533815253e-07, 2.17221952425e-07, 2.95708474596e-07, 4.13975129732e-07, 8.90127410003e-07, 8.73516853517e-07, 1.14370504889e-06, 2.70489363174e-06, 1.09494351364e-06, 5.04762347475e-08, 2.24629843615e-08],
        "max": [0.00454597594216, 0.107345417142, 0.0957922637463, 0.0400432907045, 0.091971680522, 0.0126832323149, 0.0574922822416, 0.0617767050862, 0.0631143301725, 0.0667439997196, 0.0139519833028, 0.0252849981189, 0.0311499517411, 0.0146105308086, 0.0226607229561, 0.0181180350482, 0.0114032896236, 0.00759746367112, 0.00982628017664, 0.0123897576705, 0.0128773506731, 0.013707944192, 0.0143682444468, 0.0379981137812, 0.0221131518483, 0.00433236779645, 0.00205471133813],
        "mean": [0.000201503338758, 0.00365281943232, 0.00345674552955, 0.00261164736003, 0.00630066310987, 0.000702174729668, 0.00241064373404, 0.000650206580758, 0.000946985150222, 0.000353302253643, 0.00043758560787, 0.000550643773749, 0.000474903237773, 0.000550637603737, 0.000571184558794, 0.000443037162768, 0.000223605238716, 0.000194740001461, 0.000182927658898, 0.000180938252015, 0.000200465103262, 0.000207827877603, 0.000238968787016, 0.000312338379445, 0.000277357350569, 5.82841130381e-05, 1.82645217137e-05],
        "median": [3.5639579437e-05, 0.00165169534739, 0.00130874069873, 0.00166331324726, 0.0029635974206, 0.000400299264584, 0.00115005660336, 0.000227267533774, 0.000329020607751, 0.000120405078633, 0.000186686273082, 0.000260715431068, 0.000204877200304, 0.00018802456907, 0.000266963703325, 0.000246606126893, 9.13062467589e-05, 5.51267585251e-05, 7.88639736129e-05, 3.35139848175e-05, 2.78853713098e-05, 1.59942173923e-05, 9.81951779977e-06, 1.04384334918e-05, 9.4995202744e-06, 1.91820049622e-06, 5.98717520006e-08],
        "min": [4.58480948848e-24, 6.21996116168e-24, 1.54540947612e-24, 1.41871506208e-24, 1.17061112875e-23, 3.12085112356e-23, 1.61325242116e-23, 3.14167957581e-23, 2.71833263786e-23, 4.07587579659e-23, 1.742671048e-23, 4.84662729532e-23, 4.8784887562e-23, 6.3861351058e-23, 5.76451965446e-23, 8.64048121622e-23, 1.01567810544e-22, 1.00531909958e-22, 1.72343085674e-22, 1.98293655961e-22, 2.27597579292e-22, 3.75000341509e-22, 3.89835849019e-22, 8.15707621496e-22, 1.04121854379e-21, 1.63118916177e-21, 1.90588653338e-21],
        "var": [1.83144905463e-07, 9.15182536119e-05, 5.78745130042e-05, 1.19702290249e-05, 8.32831865409e-05, 1.00411614312e-06, 1.69275117514e-05, 8.39225049276e-06, 1.0517706869e-05, 2.87637271867e-06, 7.10516417257e-07, 1.12553755116e-06, 1.26197858208e-06, 1.42027170114e-06, 9.58378677751e-07, 4.81294023302e-07, 2.26173369811e-07, 1.82125532433e-07, 1.58520251148e-07, 3.03874202245e-07, 5.88327168316e-07, 6.18790863882e-07, 1.01544526387e-06, 3.72044519281e-06, 1.40067425036e-06, 5.62367503676e-08, 1.11952713766e-08]
    },
    "erbbands": {
        "dmean": [0.0793261900544, 0.727364301682, 2.59568953514, 4.09974098206, 8.06066036224, 10.6245346069, 3.76470971107, 3.42063641548, 10.8489351273, 14.8493204117, 9.45559120178, 8.60343456268, 9.18010997772, 7.91450548172, 9.2312669754, 9.84883499146, 12.8676214218, 12.4646892548, 16.6578063965, 14.5153102875, 10.8580093384, 7.75301504135, 5.8163561821, 5.33925437927, 5.61330938339, 5.70925474167, 4.76399850845, 6.57282781601, 5.14798307419, 5.26936769485, 4.68387508392, 4.37638759613, 3.33830022812, 2.11714482307, 1.16166508198, 0.22181007266, 0.0707193240523, 0.0264386367053, 0.00333991879597, 0.000154857494636],
        "dmean2": [0.133387923241, 1.29821240902, 4.6779961586, 7.18094873428, 13.0116643906, 17.402173996, 6.04827690125, 5.73927927017, 16.8789768219, 23.6285610199, 15.1391887665, 12.9262456894, 15.0721197128, 12.3346557617, 14.665397644, 15.1947317123, 20.6396579742, 19.7261543274, 27.023645401, 22.632232666, 17.0173149109, 12.288485527, 9.29580688477, 8.64850330353, 8.98160743713, 9.0837059021, 7.73501300812, 10.4311761856, 8.21686935425, 8.52354335785, 6.84698009491, 6.4405670166, 4.77782297134, 3.07884120941, 1.71790575981, 0.326750695705, 0.107227429748, 0.037461861968, 0.00527478707954, 0.000250533310464],
        "dvar": [0.0743648633361, 7.54531097412, 81.4414825439, 118.366294861, 302.265319824, 587.149597168, 98.5852813721, 33.4817657471, 1289.45825195, 3597.16210938, 2910.45776367, 1759.69311523, 4611.42236328, 592.183105469, 537.434204102, 969.249389648, 1694.41809082, 1015.36175537, 1677.4597168, 1586.45141602, 1021.77276611, 439.353485107, 227.861938477, 174.286743164, 523.675415039, 437.820678711, 355.912475586, 878.907226562, 400.014526367, 486.899871826, 456.565307617, 929.953857422, 388.608123779, 123.010749817, 21.3919849396, 0.582281589508, 0.0873569920659, 0.0174236018211, 0.000280676817056, 6.40198436486e-07],
        "dvar2": [0.198347121477, 20.5954761505, 231.782089233, 338.811737061, 708.477722168, 1545.00671387, 227.195770264, 92.9598846436, 3182.70849609, 9196.18261719, 7209.04785156, 3893.38208008, 13085.2207031, 1387.55908203, 1342.2689209, 2149.3762207, 4256.97558594, 2695.66796875, 4518.85791016, 3999.06079102, 2298.43969727, 989.245666504, 593.781555176, 446.631530762, 1245.80627441, 907.62512207, 873.492736816, 2128.69848633, 942.193481445, 1197.43505859, 935.452209473, 2050.93530273, 820.745544434, 256.115142822, 47.9484367371, 1.22429311275, 0.190447732806, 0.0323364064097, 0.000663026992697, 1.54012377607e-06],
        "max": [2.98792648315, 28.982963562, 94.9923629761, 140.200531006, 246.931518555, 304.304107666, 214.738449097, 119.838386536, 972.04119873, 1283.42822266, 1441.35522461, 1494.97155762, 1816.81030273, 811.290893555, 552.65032959, 1288.30078125, 1328.97900391, 783.627075195, 913.639526367, 1580.10302734, 1208.26025391, 762.476501465, 449.678955078, 175.446762085, 829.320495605, 638.014343262, 364.878631592, 672.397155762, 395.779663086, 320.208007812, 497.189147949, 910.118225098, 722.546081543, 412.574066162, 69.3724517822, 14.0356712341, 9.26310062408, 4.65148544312, 0.291874468327, 0.0134832328185],
        "mean": [0.113928623497, 0.81146478653, 3.32863044739, 6.95813274384, 18.5203819275, 20.8478908539, 7.40699291229, 7.10077953339, 24.5931243896, 30.8754043579, 15.7350530624, 19.0459022522, 16.8138923645, 15.427854538, 18.5326442719, 20.3264884949, 22.3626651764, 23.9319820404, 31.5112419128, 27.8949375153, 21.3782482147, 13.9051027298, 10.893456459, 9.56966495514, 8.8646736145, 8.70114517212, 6.9784822464, 8.98055744171, 7.38876390457, 7.00982141495, 6.5743470192, 6.2144370079, 5.30774974823, 3.56549835205, 1.7721003294, 0.323872476816, 0.0973199754953, 0.0322711020708, 0.00291115348227, 0.000150274543557],
        "median": [0.0586226917803, 0.296898156404, 1.2385699749, 4.22046756744, 10.553771019, 7.54923343658, 3.34855699539, 4.29677391052, 11.5944852829, 14.3080883026, 6.4995059967, 7.13883686066, 5.16306352615, 7.01671171188, 8.5240316391, 9.60978221893, 10.433221817, 8.83081436157, 13.9299917221, 15.466299057, 11.405005455, 5.31894350052, 3.3635532856, 4.01294708252, 3.46056604385, 1.54761683941, 1.06165194511, 1.06851160526, 0.592537343502, 0.410765737295, 0.240957379341, 0.193976387382, 0.1782861799, 0.111606761813, 0.0617137812078, 0.0118947811425, 0.00319953262806, 0.000433582346886, 2.35012266785e-05, 2.46741074079e-05],
        "min": [1.68691984969e-22, 1.28908242674e-21, 2.55390115811e-21, 1.05627595724e-20, 2.74720833972e-20, 3.29429299528e-20, 1.84351584695e-19, 3.29929879508e-19, 1.71503776647e-19, 4.26952762837e-19, 9.96071454892e-19, 7.01117615116e-19, 1.16605583e-18, 1.6746063672e-18, 1.31279705028e-18, 2.59661196665e-18, 2.42604360203e-18, 2.89990146055e-18, 3.04423744641e-18, 3.74178996478e-18, 3.25246961907e-18, 5.23361681697e-18, 6.93074203897e-18, 6.95292454146e-18, 9.07002549048e-18, 8.72321926532e-18, 1.09952982924e-17, 1.12066776805e-17, 1.37812938806e-17, 1.57007929618e-17, 1.20000737552e-17, 1.35284164956e-17, 1.47071918819e-17, 9.719401976e-18, 7.43318312356e-18, 5.61267357344e-18, 3.03064976408e-18, 1.15226311027e-18, 2.35982065956e-19, 2.84998811577e-20],
        "var": [0.0614176467061, 5.59420442581, 60.4023323059, 113.272171021, 652.633666992, 1230.23120117, 284.177276611, 78.6912460327, 2639.32080078, 4376.78466797, 3261.62158203, 4798.47949219, 5196.16113281, 852.553466797, 1219.39318848, 1964.3404541, 2390.56347656, 2605.9934082, 2592.89746094, 2394.68383789, 1564.90063477, 934.799621582, 586.534301758, 286.920532227, 606.175415039, 767.588256836, 570.065979004, 1360.0682373, 760.429382324, 683.353637695, 892.817382812, 1551.49084473, 1105.6574707, 332.254150391, 47.1760864258, 1.33533215523, 0.182291701436, 0.0386618040502, 0.000269854033832, 5.68698965253e-07]
    },
    "gfcc": {
        "mean": [-21.5394306183, 112.336494446, -116.714447021, 24.3520030975, -45.3388710022, 10.4687213898, -42.6084861755, 3.17953181267, -24.675163269, 3.38945913315, -19.5245933533, -7.05000543594, -11.423500061],
        "cov": [[11946.3564453, -1641.01318359, 102.262985229, 722.671630859, -791.103149414, 750.478942871, -403.850372314, 232.563735962, -177.574478149, 72.7918395996, -264.356292725, 156.805114746, -143.706329346], [-1641.01318359, 2119.3762207, -670.507019043, -269.055297852, 420.119140625, -405.680084229, 149.918457031, -121.401954651, 124.403625488, -89.6505813599, 99.9773864746, -125.190452576, 26.841791153], [102.262985229, -670.507019043, 809.442504883, 131.722213745, -48.0597000122, 211.287811279, -30.8712482452, 60.3384895325, -21.4596309662, 10.6550388336, -15.7439908981, 76.0365447998, 14.1701936722], [722.671630859, -269.055297852, 131.722213745, 384.862030029, -47.1386642456, 145.426574707, 20.3903141022, 39.6195259094, 2.23110389709, 10.895942688, -23.9688129425, 21.9194869995, 33.6651916504], [-791.103149414, 420.119140625, -48.0597000122, -47.1386642456, 317.101928711, -91.9901351929, 108.862564087, -10.3010807037, 66.8897247314, 1.80470597744, 26.9764499664, 3.51610469818, 8.38448047638], [750.478942871, -405.680084229, 211.287811279, 145.426574707, -91.9901351929, 276.601745605, -14.3903617859, 71.7789077759, 0.924189805984, 5.63930702209, -18.578004837, 46.3725013733, -13.7720003128], [-403.850372314, 149.918457031, -30.8712482452, 20.3903141022, 108.862564087, -14.3903617859, 200.845321655, 22.5343894958, 59.291179657, 17.5016002655, 14.9068307877, 20.8337211609, -5.63757610321], [232.563735962, -121.401954651, 60.3384895325, 39.6195259094, -10.3010807037, 71.7789077759, 22.5343894958, 120.427062988, 43.1099739075, 17.5357494354, 6.50092983246, 32.8449668884, -20.4668617249], [-177.574478149, 124.403625488, -21.4596309662, 2.23110389709, 66.8897247314, 0.924189805984, 59.291179657, 43.1099739075, 148.191925049, 24.0394649506, 28.7420578003, 23.213766098, -14.6513004303], [72.7918395996, -89.6505813599, 10.6550388336, 10.895942688, 1.80470597744, 5.63930702209, 17.5016002655, 17.5357494354, 24.0394649506, 96.1166687012, 20.2809925079, 17.516658783, -13.7724733353], [-264.356292725, 99.9773864746, -15.7439908981, -23.9688129425, 26.9764499664, -18.578004837, 14.9068307877, 6.50092983246, 28.7420578003, 20.2809925079, 98.4225158691, 9.57947158813, -9.03392028809], [156.805114746, -125.190452576, 76.0365447998, 21.9194869995, 3.51610469818, 46.3725013733, 20.8337211609, 32.8449668884, 23.213766098, 17.516658783, 9.57947158813, 86.8544387817, 4.66960763931], [-143.706329346, 26.841791153, 14.1701936722, 33.6651916504, 8.38448047638, -13.7720003128, -5.63757610321, -20.4668617249, -14.6513004303, -13.7724733353, -9.03392028809, 4.66960763931, 85.3755950928]],
        "icov": [[0.000144949313835, -3.05432004097e-05, 0.000111125176772, -0.000215549152927, 0.000181563955266, -0.000220490284846, 0.000247666233918, -9.16297285585e-05, 0.000105886152596, -0.000137181050377, 0.000319120386848, -0.000315383658744, 0.000308184447931], [-3.05432004097e-05, 0.00122951692902, 0.000598395825364, 0.000240203051362, -0.0010951270815, 0.000569352530874, -0.000257175095612, 0.000311252224492, -0.000695383409038, 0.00117517251056, -0.000929496833123, 0.00100318540353, -0.000457959540654], [0.000111125176772, 0.000598395825364, 0.00205211248249, -0.000169965540408, -0.000668660737574, -0.00100056291558, 0.000407999381423, -7.69333710195e-05, 0.000151693937369, 0.000359882949851, -0.000160646523, -0.000680780038238, -0.000257575593423], [-0.000215549152927, 0.000240203051362, -0.000169965540408, 0.00396414007992, -0.000203569579753, -0.00145013467409, -0.00108884915244, -0.00010447067325, -0.000358155288268, -0.000199767993763, -0.000132568355184, 0.00124981324188, -0.00246021035127], [0.000181563955266, -0.0010951270815, -0.000668660737574, -0.000203569579753, 0.00578141398728, 0.000615021970589, -0.00163811107632, 7.44454810047e-05, -0.000760574301239, -0.000629863527138, 0.000706983264536, -0.00122515612748, 0.000191970466403], [-0.000220490284846, 0.000569352530874, -0.00100056291558, -0.00145013467409, 0.000615021970589, 0.00743016134948, -0.000309710565489, -0.00195580767468, -0.000432542321505, 0.00141296291258, -0.000256753904978, -0.000912909337785, 0.00101306871511], [0.000247666233918, -0.000257175095612, 0.000407999381423, -0.00108884915244, -0.00163811107632, -0.000309710565489, 0.00732780294493, -0.000773116538767, -0.000986776896752, -0.000922090664972, 0.000819578941446, -0.00183575390838, 0.00113786046859], [-9.16297285585e-05, 0.000311252224492, -7.69333710195e-05, -0.00010447067325, 7.44454810047e-05, -0.00195580767468, -0.000773116538767, 0.0121416021138, -0.00304915383458, -0.000125877122628, -0.00040571228601, -0.00187166547403, 0.00185456185136], [0.000105886152596, -0.000695383409038, 0.000151693937369, -0.000358155288268, -0.000760574301239, -0.000432542321505, -0.000986776896752, -0.00304915383458, 0.00996947661042, -0.0017343548825, -0.000859950203449, -0.00186690175906, 0.0011638981523], [-0.000137181050377, 0.00117517251056, 0.000359882949851, -0.000199767993763, -0.000629863527138, 0.00141296291258, -0.000922090664972, -0.000125877122628, -0.0017343548825, 0.0130584510043, -0.00297804945149, -0.000686583342031, 0.00114872481208], [0.000319120386848, -0.000929496833123, -0.000160646523, -0.000132568355184, 0.000706983264536, -0.000256753904978, 0.000819578941446, -0.00040571228601, -0.000859950203449, -0.00297804945149, 0.0128047857434, -0.00234487187117, 0.00160952250008], [-0.000315383658744, 0.00100318540353, -0.000680780038238, 0.00124981324188, -0.00122515612748, -0.000912909337785, -0.00183575390838, -0.00187166547403, -0.00186690175906, -0.000686583342031, -0.00234487187117, 0.0165739189833, -0.00340870860964], [0.000308184447931, -0.000457959540654, -0.000257575593423, -0.00246021035127, 0.000191970466403, 0.00101306871511, 0.00113786046859, 0.00185456185136, 0.0011638981523, 0.00114872481208, 0.00160952250008, -0.00340870860964, 0.0147946160287]]
    },
    "melbands": {
        "dmean": [0.000770046841353, 0.00122044468299, 0.000763931660913, 0.00071471062256, 0.00018560315948, 7.5986929005e-05, 0.000182103787665, 0.000153037850396, 7.27779261069e-05, 5.49723263248e-05, 4.73884247185e-05, 3.25478686136e-05, 3.01371510432e-05, 3.06038127746e-05, 2.90579155262e-05, 3.10370996885e-05, 2.39378568949e-05, 2.87988732453e-05, 2.80441672658e-05, 1.75816821866e-05, 1.2142477317e-05, 8.83562643139e-06, 5.77690934733e-06, 5.3886369642e-06, 4.45810792371e-06, 4.44311763204e-06, 4.2516535359e-06, 3.93482378058e-06, 3.09416031996e-06, 3.17839840136e-06, 4.16598959418e-06, 2.99275507132e-06, 2.95850372822e-06, 3.15930174111e-06, 2.79424898508e-06, 3.00378792417e-06, 2.59604576058e-06, 2.2792778509e-06, 2.33331275012e-06, 1.66508721122e-06],
        "dmean2": [0.00131315807812, 0.0021755900234, 0.00129185139667, 0.00117243849672, 0.000299111648928, 0.000126748578623, 0.00028449005913, 0.000243224072619, 0.000115082882985, 8.49973075674e-05, 7.80136178946e-05, 5.11217294843e-05, 4.85839009343e-05, 4.79058617202e-05, 4.59855473309e-05, 4.99320703966e-05, 3.83481674362e-05, 4.75031120004e-05, 4.4525728299e-05, 2.78939405689e-05, 1.91609979083e-05, 1.42055168908e-05, 9.28526242205e-06, 8.74030956766e-06, 7.31678665034e-06, 7.22559207134e-06, 6.92582898409e-06, 6.33131048744e-06, 5.16071622769e-06, 5.07839877173e-06, 6.71787665851e-06, 4.84613701701e-06, 4.84394195155e-06, 5.17907346875e-06, 4.21813183493e-06, 4.40090570919e-06, 3.84145596399e-06, 3.39724806508e-06, 3.45956846104e-06, 2.51706751442e-06],
        "dvar": [7.27497717889e-06, 1.85045173566e-05, 2.98700183521e-06, 2.40728536482e-06, 2.012503586e-07, 1.85379391837e-08, 2.89228808015e-07, 4.19794247364e-07, 1.46168062543e-07, 6.51164953069e-08, 1.24202472307e-07, 1.34242315042e-08, 7.02130487085e-09, 5.05721509114e-09, 9.58862411693e-09, 7.46405071084e-09, 4.13346290529e-09, 5.55126966617e-09, 4.13544265498e-09, 1.67499181192e-09, 1.49994106025e-09, 5.94378435359e-10, 2.59500310129e-10, 2.08059555695e-10, 1.18263759896e-10, 2.30372651511e-10, 3.30774518886e-10, 2.16436382705e-10, 1.608538025e-10, 1.93353444367e-10, 3.89975801651e-10, 1.35819758218e-10, 1.58180663012e-10, 1.74266698294e-10, 1.3575462976e-10, 3.68247321525e-10, 3.47505607623e-10, 1.92391963472e-10, 2.09093145576e-10, 8.15939468768e-11],
        "dvar2": [1.94263175217e-05, 5.16573709319e-05, 8.3143449956e-06, 6.27095641903e-06, 4.91325579333e-07, 4.85422724239e-08, 7.06649586846e-07, 1.06636662167e-06, 3.58043337201e-07, 1.47010354112e-07, 3.50720767983e-07, 3.19780042446e-08, 1.81134893751e-08, 1.1895811447e-08, 2.21796891964e-08, 1.95053448948e-08, 1.10434754674e-08, 1.47050620569e-08, 1.05493116465e-08, 4.07125666513e-09, 3.40615025074e-09, 1.39287181788e-09, 6.54206355755e-10, 5.38478317491e-10, 3.05510089449e-10, 5.92618121242e-10, 7.58096918574e-10, 4.62913790633e-10, 4.23295898333e-10, 4.45019049389e-10, 9.68281010927e-10, 3.24456878031e-10, 4.06350564308e-10, 4.32455127264e-10, 2.97989077858e-10, 7.75210950987e-10, 7.68348218383e-10, 4.17035683764e-10, 4.51996912121e-10, 1.82860560027e-10],
        "max": [0.0270702987909, 0.0422545522451, 0.0218071918935, 0.0226637776941, 0.00698203314096, 0.00287714740261, 0.0135291814804, 0.0133556202054, 0.00993646029383, 0.0100569855422, 0.00973732769489, 0.00420116679743, 0.00201937952079, 0.00235867802985, 0.0027051998768, 0.00241994159296, 0.00176594790537, 0.00152298377361, 0.00183359498624, 0.00132973166183, 0.00145821878687, 0.000855169899296, 0.000445343030151, 0.000252817379078, 0.000156819354743, 0.000419812946348, 0.000701127049979, 0.000369711691746, 0.000246537150815, 0.0004076276673, 0.000560690939892, 0.000280947890133, 0.000274459365755, 0.000179677532287, 0.000248704134719, 0.000476276618429, 0.00062217831146, 0.000441116746515, 0.000536215608008, 0.000318096077535],
        "mean": [0.0010059166234, 0.00154075038154, 0.00153141433839, 0.0015868882183, 0.000356333825039, 0.000153363173013, 0.00043170931167, 0.000302018568618, 0.000120617274661, 0.00012806810264, 8.25928000268e-05, 5.98980259383e-05, 5.72981407458e-05, 6.37805715087e-05, 4.8428439186e-05, 5.06880278408e-05, 4.34047105955e-05, 5.09188648721e-05, 4.70375853183e-05, 3.27578854922e-05, 2.16508487938e-05, 1.44614714372e-05, 1.0358146028e-05, 9.15353302844e-06, 7.53755148253e-06, 7.08757397661e-06, 6.01123247179e-06, 5.72593398829e-06, 4.2517658585e-06, 4.30916543337e-06, 5.59697946301e-06, 4.18518857259e-06, 3.86743067793e-06, 4.00893350161e-06, 3.70115435544e-06, 4.10959410146e-06, 3.59551427209e-06, 3.47111927113e-06, 3.86155397791e-06, 2.70281134362e-06],
        "median": [0.000500817841385, 0.000589856354054, 0.00106200855225, 0.000755221641157, 0.000146859907545, 8.91806121217e-05, 0.000204215466511, 0.00014203088358, 4.20421674789e-05, 4.64704571641e-05, 2.3588343538e-05, 2.65490361926e-05, 2.55328413914e-05, 3.12446136377e-05, 1.76939793164e-05, 2.22835442401e-05, 1.40349648063e-05, 1.9814224288e-05, 2.1783673219e-05, 1.8262071535e-05, 1.02584008346e-05, 5.61914794162e-06, 2.68781559498e-06, 2.75829370366e-06, 3.02080184156e-06, 3.03852721117e-06, 1.4681745597e-06, 7.51577488245e-07, 6.20362698101e-07, 5.33400054792e-07, 6.54257860333e-07, 3.58299018899e-07, 1.94989709712e-07, 2.17524032564e-07, 1.34825498321e-07, 1.05110437687e-07, 1.10981233092e-07, 1.21735695302e-07, 1.05686069674e-07, 8.55332231708e-08],
        "min": [2.17068705644e-24, 1.75128245086e-24, 2.76779638598e-24, 2.0703997612e-24, 5.58036457264e-24, 8.06109033369e-24, 3.07841450893e-24, 5.27839571787e-24, 7.53086773144e-24, 4.41268871643e-24, 5.65557969894e-24, 6.19284367363e-24, 4.0660545572e-24, 4.17149962225e-24, 5.02678695443e-24, 3.75420285301e-24, 5.01194769194e-24, 4.39177759155e-24, 4.35254753874e-24, 4.14008126455e-24, 2.08859957115e-24, 4.68220738343e-24, 6.50855330208e-24, 4.51322193905e-24, 5.57744105413e-24, 6.28356977748e-24, 6.07544539372e-24, 4.5045030539e-24, 6.83676716474e-24, 4.92227156196e-24, 6.09921811153e-24, 6.75735253741e-24, 5.66722565248e-24, 8.05860463298e-24, 6.76451460557e-24, 6.52858445262e-24, 8.9247115869e-24, 9.97218791813e-24, 7.48074035408e-24, 8.40498635672e-24],
        "var": [5.85120596952e-06, 1.38009354487e-05, 3.55821498488e-06, 5.65893287785e-06, 4.68449314894e-07, 4.38755520804e-08, 6.23688492851e-07, 4.85197574562e-07, 1.82607067245e-07, 2.16876898662e-07, 1.34508496785e-07, 1.62664832715e-08, 1.33100090949e-08, 1.21468675118e-08, 1.93497555756e-08, 9.16176734478e-09, 1.12206492986e-08, 8.88779183583e-09, 6.89037404911e-09, 2.51406717666e-09, 2.12929318621e-09, 1.05275066442e-09, 7.29033888813e-10, 3.7490779925e-10, 1.90961038649e-10, 2.69236105632e-10, 3.91008475598e-10, 3.71357777862e-10, 2.1459105326e-10, 3.01970920491e-10, 5.9424493104e-10, 2.4680574251e-10, 2.40740843926e-10, 2.22993276622e-10, 2.3397542237e-10, 6.78491374195e-10, 5.61798552123e-10, 4.71694405757e-10, 6.1623756098e-10, 1.74518510754e-10]
    },
    "mfcc": {
        "mean": [-663.9140625, 146.211990356, -8.58790206909, 19.1532211304, 12.0329694748, 6.77225255966, -1.25576210022, -5.55805253983, 0.949159443378, -0.572093188763, -0.640856981277, -4.70536184311, 0.0869556069374],
        "cov": [[6446.95898438, -1950.85217285, 883.958679199, 14.5809869766, 23.284740448, 336.98614502, -19.6008358002, 275.083587646, 44.0221557617, 101.235992432, 25.6400718689, 14.9107704163, -54.0677261353], [-1950.85217285, 2109.9753418, -770.835388184, 119.391433716, 58.1453094482, -125.934104919, -17.2019996643, -64.1903991699, 1.46522128582, -63.7207145691, 47.9531898499, 57.0774765015, 42.0801887512], [883.958679199, -770.835388184, 759.721191406, -61.921131134, 59.5514144897, 86.8976821899, 28.2535018921, 62.4511413574, 1.1759968996, 18.7679386139, -49.6510925293, -8.88322257996, 0.206984132528], [14.5809869766, 119.391433716, -61.921131134, 272.732055664, 12.5392866135, 55.9869499207, 22.4035434723, 18.0660629272, 43.8914985657, 12.1740636826, 10.7797698975, -13.7239122391, 17.1056251526], [23.284740448, 58.1453094482, 59.5514144897, 12.5392866135, 166.496887207, 15.9268903732, 1.21967983246, 15.9376735687, -2.03176355362, 8.91987037659, -8.12002372742, 5.69983005524, 13.6147956848], [336.98614502, -125.934104919, 86.8976821899, 55.9869499207, 15.9268903732, 164.905197144, 24.5512256622, 59.4596176147, 30.0574092865, 22.4219665527, 15.8173360825, 1.37235438824, 15.1978979111], [-19.6008358002, -17.2019996643, 28.2535018921, 22.4035434723, 1.21967983246, 24.5512256622, 119.450630188, 0.436617404222, 7.40582132339, -6.20695066452, 0.600655972958, -3.56696867943, -1.80044698715], [275.083587646, -64.1903991699, 62.4511413574, 18.0660629272, 15.9376735687, 59.4596176147, 0.436617404222, 184.721221924, 32.8556861877, 40.9988098145, 36.5022315979, 24.5214881897, 25.8486747742], [44.0221557617, 1.46522128582, 1.1759968996, 43.8914985657, -2.03176355362, 30.0574092865, 7.40582132339, 32.8556861877, 101.566444397, 13.884057045, 3.47201943398, -13.1881351471, 13.2662324905], [101.235992432, -63.7207145691, 18.7679386139, 12.1740636826, 8.91987037659, 22.4219665527, -6.20695066452, 40.9988098145, 13.884057045, 96.6883621216, 34.8927536011, 9.46043109894, 9.36136627197], [25.6400718689, 47.9531898499, -49.6510925293, 10.7797698975, -8.12002372742, 15.8173360825, 0.600655972958, 36.5022315979, 3.47201943398, 34.8927536011, 119.145507812, 37.3547401428, 3.72025632858], [14.9107704163, 57.0774765015, -8.88322257996, -13.7239122391, 5.69983005524, 1.37235438824, -3.56696867943, 24.5214881897, -13.1881351471, 9.46043109894, 37.3547401428, 118.983322144, 38.4018363953], [-54.0677261353, 42.0801887512, 0.206984132528, 17.1056251526, 13.6147956848, 15.1978979111, -1.80044698715, 25.8486747742, 13.2662324905, 9.36136627197, 3.72025632858, 38.4018363953, 93.99243927]],
