{
"lowlevel": {
    "average_loudness": 0.934371709824,
    "barkbands_crest": {
        "dmean": 2.03118824959,
        "dmean2": 3.23446273804,
        "dvar": 5.68373775482,
        "dvar2": 11.5523452759,
        "max": 24.8355731964,
        "mean": 8.01776790619,
        "median": 6.81244182587,
        "min": 1.8368575573,
        "var": 18.7114295959
    },
    "barkbands_flatness_db": {
        "dmean": 0.0173284299672,
        "dmean2": 0.0278119817376,
        "dvar": 0.000418030569563,
        "dvar2": 0.000875849160366,
        "max": 0.30734488368,
        "mean": 0.130253881216,
        "median": 0.120584093034,
        "min": 0.030160991475,
        "var": 0.00188885384705
    },
    "barkbands_kurtosis": {
        "dmean": 1.67352044582,
        "dmean2": 2.69965219498,
        "dvar": 15.4087791443,
        "dvar2": 35.3872451782,
        "max": 57.2323760986,
        "mean": 1.70143139362,
        "median": -0.0741438865662,
        "min": -1.80746340752,
        "var": 27.455953598
    },
    "barkbands_skewness": {
        "dmean": 0.407630175352,
        "dmean2": 0.626640796661,
        "dvar": 0.28511723876,
        "dvar2": 0.574598193169,
        "max": 7.06177902222,
        "mean": 1.05156123638,
        "median": 0.782728850842,
        "min": -2.4088704586,
        "var": 1.27430653572
    },
    "barkbands_spread": {
        "dmean": 4.58646774292,
        "dmean2": 7.15810537338,
        "dvar": 26.0416259766,
        "dvar2": 56.0750350952,
        "max": 69.373374939,
        "mean": 26.1730442047,
        "median": 24.7901287079,
        "min": 2.79674315453,
        "var": 116.085273743
    },
    "dissonance": {
        "dmean": 0.0117632718757,
        "dmean2": 0.0201483760029,
        "dvar": 0.000160507828696,
        "dvar2": 0.000452763051726,
        "max": 0.500000059605,
        "mean": 0.47965747118,
        "median": 0.483759373426,
        "min": 0.315627753735,
        "var": 0.000271773460554
    },
    "dynamic_complexity": 2.40903234482,
    "erbbands_crest": {
        "dmean": 1.9243183136,
        "dmean2": 3.22292995453,
        "dvar": 3.61788129807,
        "dvar2": 9.46323204041,
        "max": 23.1843357086,
        "mean": 6.73199701309,
        "median": 5.95559358597,
        "min": 2.49357748032,
        "var": 8.89818477631
    },
    "erbbands_flatness_db": {
        "dmean": 0.0139660257846,
        "dmean2": 0.0206388812512,
        "dvar": 0.000242063164478,
        "dvar2": 0.000465580757009,
        "max": 0.327648490667,
        "mean": 0.16384242475,
        "median": 0.157177820802,
        "min": 0.0782805010676,
        "var": 0.00193841813598
    },
    "erbbands_kurtosis": {
        "dmean": 0.519719958305,
        "dmean2": 0.816454350948,
        "dvar": 0.474309384823,
        "dvar2": 1.07709312439,
        "max": 19.4882946014,
        "mean": -0.111928157508,
        "median": -0.325856685638,
        "min": -1.55359327793,
        "var": 1.34675586224
    },
    "erbbands_skewness": {
        "dmean": 0.256591707468,
        "dmean2": 0.40438491106,
        "dvar": 0.0516797043383,
        "dvar2": 0.121467888355,
        "max": 1.48558878899,
        "mean": -0.154953047633,
        "median": -0.124134629965,
        "min": -2.31695151329,
        "var": 0.285864472389
    },
    "erbbands_spread": {
        "dmean": 6.29415845871,
        "dmean2": 9.89354228973,
        "dvar": 44.4896087646,
        "dvar2": 108.178436279,
        "max": 91.7980804443,
        "mean": 37.5155029297,
        "median": 35.0955581665,
        "min": 3.64562153816,
        "var": 210.034011841
    },
    "hfc": {
        "dmean": 6.08664894104,
        "dmean2": 9.64274406433,
        "dvar": 75.0308837891,
        "dvar2": 188.051483154,
        "max": 105.613052368,
        "mean": 25.6377868652,
        "median": 23.0547218323,
        "min": 1.0783722697e-16,
        "var": 287.25289917
    },
    "melbands_crest": {
        "dmean": 2.78486251831,
        "dmean2": 4.27147340775,
        "dvar": 7.46479845047,
        "dvar2": 15.4840393066,
        "max": 32.1716766357,
        "mean": 12.2859916687,
        "median": 11.3195390701,
        "min": 1.52882516384,
        "var": 33.2351951599
    },
    "melbands_flatness_db": {
        "dmean": 0.0202312674373,
        "dmean2": 0.0309717450291,
        "dvar": 0.000713426794391,
        "dvar2": 0.00131161301397,
        "max": 0.43010944128,
        "mean": 0.158337011933,
        "median": 0.140672519803,
        "min": 0.00355301634409,
        "var": 0.00456188200042
    },
    "melbands_kurtosis": {
        "dmean": 4.94754457474,
        "dmean2": 7.89680099487,
        "dvar": 123.821655273,
        "dvar2": 289.954193115,
        "max": 171.661315918,
        "mean": 9.1486415863,
        "median": 2.97943878174,
        "min": -1.69568443298,
        "var": 239.256332397
    },
    "melbands_skewness": {
        "dmean": 0.577426671982,
        "dmean2": 0.896666824818,
        "dvar": 0.640697360039,
        "dvar2": 1.32714164257,
        "max": 10.8938350677,
        "mean": 2.23651075363,
        "median": 1.69691717625,
        "min": -0.591728568077,
        "var": 2.8538107872
    },
    "melbands_spread": {
        "dmean": 6.50729179382,
        "dmean2": 10.0816431046,
        "dvar": 53.6821975708,
        "dvar2": 106.431411743,
        "max": 148.519287109,
        "mean": 31.9949989319,
        "median": 30.554063797,
        "min": 1.9532585144,
        "var": 319.347351074
    },
    "pitch_salience": {
        "dmean": 0.0613415725529,
        "dmean2": 0.0981136709452,
        "dvar": 0.0038069402799,
        "dvar2": 0.00790017191321,
        "max": 0.919789195061,
        "mean": 0.613044679165,
        "median": 0.632653474808,
        "min": 0.164057537913,
        "var": 0.015131955035
    },
    "silence_rate_20dB": {
        "dmean": 0,
        "dmean2": 0,
        "dvar": 0,
        "dvar2": 0,
        "max": 1,
        "mean": 1,
        "median": 1,
        "min": 1,
        "var": 0
    },
    "silence_rate_30dB": {
        "dmean": 0,
        "dmean2": 0,
        "dvar": 0,
        "dvar2": 0,
        "max": 1,
        "mean": 1,
        "median": 1,
        "min": 1,
        "var": 0
    },
    "silence_rate_60dB": {
        "dmean": 0.00270897825249,
        "dmean2": 0.00542005430907,
        "dvar": 0.00270148040727,
        "dvar2": 0.00771330529824,
        "max": 1,
        "mean": 0.00696324929595,
        "median": 0,
        "min": 0,
        "var": 0.00691410060972
    },
    "spectral_centroid": {
        "dmean": 217.342056274,
        "dmean2": 338.921325684,
        "dvar": 63743.015625,
        "dvar2": 127341.195312,
        "max": 11508.1416016,
        "mean": 1817.41955566,
        "median": 1722.53942871,
        "min": 356.816619873,
        "var": 695963.5625
    },
    "spectral_complexity": {
        "dmean": 4.09558820724,
        "dmean2": 6.41656970978,
        "dvar": 16.048330307,
        "dvar2": 33.3493995667,
        "max": 58,
        "mean": 28.8027076721,
        "median": 30,
        "min": 0,
        "var": 136.910354614
    },
    "spectral_decrease": {
        "dmean": 2.04557704109e-09,
        "dmean2": 3.38610117723e-09,
        "dvar": 1.30893572982e-17,
        "dvar2": 3.38021500881e-17,
        "max": 1.03715241389e-21,
        "mean": -6.71431976684e-09,
        "median": -6.11588735211e-09,
        "min": -3.52632198997e-08,
        "var": 1.99163899135e-17
    },
    "spectral_energy": {
        "dmean": 0.00810405425727,
        "dmean2": 0.0133818117902,
        "dvar": 0.000196470224182,
        "dvar2": 0.000508524070028,
        "max": 0.135753557086,
        "mean": 0.0276668202132,
        "median": 0.0253287237138,
        "min": 1.0132261339e-20,
        "var": 0.000312668504193
    },
    "spectral_energyband_high": {
        "dmean": 0.000372002017684,
        "dmean2": 0.000586224137805,
        "dvar": 4.58274598714e-07,
        "dvar2": 1.01349235138e-06,
        "max": 0.0150336977094,
        "mean": 0.00107015692629,
        "median": 0.000781392096542,
        "min": 7.13539728879e-21,
        "var": 1.29662237214e-06
    },
    "spectral_energyband_low": {
        "dmean": 0.00484245736152,
        "dmean2": 0.00795553158969,
        "dvar": 0.000148556777276,
        "dvar2": 0.000380572746508,
        "max": 0.120502404869,
        "mean": 0.00935623515397,
        "median": 0.0061714570038,
        "min": 2.55816957718e-23,
        "var": 0.000187605488463
    },
    "spectral_energyband_middle_high": {
        "dmean": 0.00227699172683,
        "dmean2": 0.00360525585711,
        "dvar": 1.13971809697e-05,
        "dvar2": 2.81094835373e-05,
        "max": 0.0629533454776,
        "mean": 0.00818486418575,
        "median": 0.00661240518093,
        "min": 1.36585118935e-21,
        "var": 4.63791839138e-05
    },
    "spectral_energyband_middle_low": {
        "dmean": 0.00376693648286,
        "dmean2": 0.00625174259767,
        "dvar": 3.8970127207e-05,
        "dvar2": 0.000105021194031,
        "max": 0.0703729093075,
        "mean": 0.0104708662257,
        "median": 0.00832454394549,
        "min": 2.06450439855e-22,
        "var": 7.09985542926e-05
    },
    "spectral_entropy": {
        "dmean": 0.0949845165014,
        "dmean2": 0.145756319165,
        "dvar": 0.014464372769,
        "dvar2": 0.0282811708748,
        "max": 9.81480026245,
        "mean": 7.81050443649,
        "median": 7.85768508911,
        "min": 6.62151575089,
        "var": 0.105618201196
    },
    "spectral_flux": {
        "dmean": 0.0220361724496,
        "dmean2": 0.0349606387317,
        "dvar": 0.00106663187034,
        "dvar2": 0.00220543378964,
        "max": 0.335166871548,
        "mean": 0.0866864621639,
        "median": 0.0800922363997,
        "min": 6.61761756504e-11,
        "var": 0.00204655504785
    },
    "spectral_kurtosis": {
        "dmean": 1.38447296619,
        "dmean2": 2.41954231262,
        "dvar": 2.69059371948,
        "dvar2": 7.73724460602,
        "max": 21.0532932281,
        "mean": 3.58108496666,
        "median": 3.03783273697,
        "min": -1.24749350548,
        "var": 4.85122919083
    },
    "spectral_rms": {
        "dmean": 0.000671579386108,
        "dmean2": 0.00107928912621,
        "dvar": 9.3288736025e-07,
        "dvar2": 2.24813379646e-06,
        "max": 0.011508366093,
        "mean": 0.0049343733117,
        "median": 0.00497101107612,
        "min": 3.14406313484e-12,
        "var": 2.64395839622e-06
    },
    "spectral_rolloff": {
        "dmean": 413.998596191,
        "dmean2": 651.757873535,
        "dvar": 440134.15625,
        "dvar2": 782848.3125,
        "max": 19745.9472656,
        "mean": 2035.32592773,
        "median": 1894.921875,
        "min": 64.599609375,
        "var": 3121096.75
    },
    "spectral_skewness": {
        "dmean": 0.178171753883,
        "dmean2": 0.296594411135,
        "dvar": 0.0334828421474,
        "dvar2": 0.0902975425124,
        "max": 3.29139208794,
        "mean": 1.23185372353,
        "median": 1.22788441181,
        "min": -0.0453366786242,
        "var": 0.0939929783344
    },
    "spectral_spread": {
        "dmean": 387293.65625,
        "dmean2": 568435.9375,
        "dvar": 619515478016,
        "dvar2": 1.14610890342e+12,
        "max": 41805448,
        "mean": 4083106,
        "median": 3827532.75,
        "min": 1754198.25,
        "var": 7.44774225101e+12
    },
    "spectral_strongpeak": {
        "dmean": 0.472728163004,
        "dmean2": 0.799503922462,
        "dvar": 0.686436116695,
        "dvar2": 1.73845386505,
        "max": 11.4791316986,
        "mean": 0.853855550289,
        "median": 0.446060359478,
        "min": 0,
        "var": 1.26885092258
    },
    "zerocrossingrate": {
        "dmean": 0.00870138313621,
        "dmean2": 0.0098987063393,
        "dvar": 0.000145643483847,
        "dvar2": 0.000157470145496,
        "max": 0.52099609375,
        "mean": 0.0726917609572,
        "median": 0.068359375,
        "min": 0.00390625,
        "var": 0.00201864936389
    },
    "barkbands": {
        "dmean": [0.000115738934255, 0.00352846994065, 0.00171262526419, 0.00120569742285, 0.00129877089057, 0.000668017892167, 0.00110982300248, 0.000709522224497, 0.000835287792142, 0.000748672464397, 0.000554642465431, 0.000525968323927, 0.000594060635194, 0.000499560206663, 0.000392931455281, 0.000399744487368, 0.000356610544259, 0.000247238727752, 0.000215332824155, 0.000201348113478, 0.000132419314468, 0.000102279736893, 6.67405474815e-05, 4.35091169493e-05, 4.04986967624e-05, 1.37337929118e-05, 5.7854512292e-09],
        "dmean2": [0.000191843821085, 0.00573395797983, 0.00306179863401, 0.00199587969109, 0.00216574384831, 0.00110995653085, 0.00190702592954, 0.0011692851549, 0.00134721409995, 0.0012547140941, 0.000909429742023, 0.000852745375596, 0.000945133331697, 0.000821086810902, 0.000642959028482, 0.000657891505398, 0.000592974189203, 0.00040582215297, 0.000347470690031, 0.00032899947837, 0.000217078748392, 0.00016921616043, 0.000109496097139, 6.85674167471e-05, 5.87394715694e-05, 2.01609418582e-05, 1.08241851038e-08],
        "dvar": [1.00351734034e-07, 8.8479326223e-05, 2.1427142201e-05, 4.02702471547e-06, 5.35985100214e-06, 1.56369833348e-06, 6.73612839819e-06, 1.66480072039e-06, 2.27812597586e-06, 2.25191411118e-06, 9.16791748296e-07, 1.06407173917e-06, 2.40696931542e-06, 1.26838256165e-06, 5.80171274578e-07, 3.85796226965e-07, 2.29882843428e-07, 1.32074205794e-07, 1.00301292605e-07, 9.79277317015e-08, 5.0380673855e-08, 3.63666785574e-08, 1.33476261155e-08, 5.74626124461e-09, 1.08083080264e-08, 1.58986945831e-09, 5.15058818248e-16],
        "dvar2": [2.35715745589e-07, 0.000213280349271, 6.1788567109e-05, 1.11354947876e-05, 1.48084209286e-05, 4.2235183173e-06, 1.82833027793e-05, 4.28494922744e-06, 5.35608296559e-06, 5.80610594625e-06, 2.29373563343e-06, 2.48626884058e-06, 5.14197881785e-06, 3.32440345119e-06, 1.51239760271e-06, 9.29984992126e-07, 6.05094726325e-07, 3.33995814117e-07, 2.22617103418e-07, 2.37836346173e-07, 1.18285470307e-07, 8.62569962123e-08, 3.00950162568e-08, 1.36150521968e-08, 2.19907168031e-08, 3.37306582665e-09, 1.48066706076e-15],
        "max": [0.00420672539622, 0.088259242475, 0.053924228996, 0.0232630837709, 0.0320134311914, 0.0136711867526, 0.0282520856708, 0.0209679454565, 0.0243504326791, 0.0355634540319, 0.0140882292762, 0.0300231985748, 0.0446742624044, 0.0318065099418, 0.0105219287798, 0.0105251185596, 0.0075371270068, 0.00626470288262, 0.010470350273, 0.00499517470598, 0.00483685079962, 0.00350443227217, 0.00259415921755, 0.00126079330221, 0.00138599879574, 0.000612223520875, 3.0873982837e-07],
        "mean": [0.00014064538118, 0.00547386705875, 0.00251627038233, 0.0025447756052, 0.00236119353212, 0.00109331135172, 0.00142214528751, 0.00122097483836, 0.00144068337977, 0.00114259344991, 0.00092180777574, 0.000900119135622, 0.0010033500148, 0.000829427153803, 0.000721904449165, 0.000784347299486, 0.000781007402111, 0.000519426830579, 0.000522133661434, 0.000452703767223, 0.00031902603223, 0.000219997818931, 0.000144166813698, 9.59121243795e-05, 7.17957373126e-05, 2.32603379118e-05, 3.68558628061e-09],
        "median": [9.03757427295e-06, 0.00188043224625, 0.000964701932389, 0.00153540784959, 0.00170792534482, 0.00054643175099, 0.00052305025747, 0.000526904652361, 0.000685854000039, 0.000520106521435, 0.00040368954069, 0.000387835374568, 0.000428297324106, 0.0004346689675, 0.000331932009431, 0.000492700200994, 0.000579174316954, 0.00037319996045, 0.000379789504223, 0.000295420060866, 0.000222563001444, 0.000139901472721, 8.75649566296e-05, 4.96476022818e-05, 2.27480559261e-05, 4.03787771575e-06, 4.65121635651e-10],
        "min": [1.09261298007e-24, 1.25039794066e-23, 5.77726780446e-24, 2.08850254125e-24, 8.89780117484e-24, 1.02922903185e-23, 2.09855365471e-23, 9.89474780964e-24, 3.58460257044e-23, 2.00091807596e-23, 1.6132918642e-23, 2.58486084368e-23, 5.0845161899e-23, 3.46264215014e-23, 5.99197349698e-23, 1.06249390783e-22, 1.07538692425e-22, 1.35811669216e-22, 1.90481837784e-22, 2.158621563e-22, 2.52741921112e-22, 3.59476215227e-22, 4.23157964745e-22, 5.57434207717e-22, 1.04794655543e-21, 1.42881263944e-21, 2.10895917181e-21],
        "var": [1.61162347467e-07, 0.000116011135106, 1.95416760107e-05, 8.72252257977e-06, 6.61512331135e-06, 2.38547318077e-06, 6.70623603582e-06, 4.48456512459e-06, 4.76386640003e-06, 3.42072189596e-06, 1.95220400201e-06, 2.37468930209e-06, 4.79916252516e-06, 2.13084035749e-06, 1.27165253616e-06, 9.46578950334e-07, 5.35061019491e-07, 2.81753898435e-07, 3.55400345597e-07, 2.46798805392e-07, 1.23843193478e-07, 7.74166935003e-08, 3.39040688857e-08, 1.41091440753e-08, 2.18583693368e-08, 3.04739766754e-09, 2.94028826445e-16]
    },
    "erbbands": {
        "dmean": [0.0948863103986, 0.861449897289, 1.94602060318, 2.93109536171, 4.42469501495, 4.55531930923, 4.47960042953, 5.94063997269, 11.2689390182, 16.5984668732, 18.3448905945, 16.9711761475, 25.8575305939, 21.9581375122, 17.9366607666, 20.8694877625, 22.7833213806, 25.3873710632, 22.7742977142, 18.8269958496, 20.6571388245, 18.1923866272, 12.9542980194, 10.8730115891, 10.9670152664, 9.51376056671, 6.03436088562, 4.76023006439, 3.88291192055, 2.86662554741, 1.79182338715, 1.09600973129, 0.630103707314, 0.501752495766, 0.26104876399, 0.102143973112, 0.0165191739798, 0.000355128198862, 1.78827522177e-05, 1.03756847238e-05],
        "dmean2": [0.142793804407, 1.4622746706, 3.45775914192, 5.02875518799, 7.40265321732, 7.7046661377, 7.32553529739, 9.86646366119, 18.8519706726, 28.9056415558, 29.8777217865, 27.6470832825, 43.0929870605, 35.7676353455, 28.64727211, 33.953742981, 36.4396400452, 40.6344032288, 37.4786872864, 30.4674549103, 33.8682937622, 29.6508331299, 21.2498188019, 17.9638633728, 17.5207462311, 15.5591945648, 9.76489448547, 7.93001031876, 6.4338555336, 4.79688978195, 2.93510842323, 1.78156018257, 0.964417278767, 0.759208321571, 0.378349691629, 0.149082362652, 0.0251208990812, 0.000540799461305, 2.68405110546e-05, 1.68096339621e-05],
        "dvar": [0.0783921852708, 5.36721611023, 29.2657794952, 34.4671554565, 67.0807647705, 54.0123786926, 62.1919746399, 120.596206665, 643.041870117, 1737.80517578, 1031.28649902, 1037.66394043, 2555.47631836, 1713.58496094, 943.980651855, 1488.12512207, 2495.76733398, 3250.57885742, 2644.46264648, 1335.84191895, 731.157409668, 649.094116211, 357.093231201, 209.863388062, 376.696838379, 219.210235596, 115.751502991, 66.2910842896, 51.6029243469, 27.6604728699, 9.96974945068, 3.83999562263, 1.26645028591, 1.51405310631, 0.495986551046, 0.0892779678106, 0.00206712912768, 9.13528765523e-07, 1.63181701485e-09, 2.70829664251e-10],
        "dvar2": [0.149975970387, 14.6348390579, 85.2144393921, 98.8716430664, 185.987197876, 150.069732666, 166.743453979, 313.755096436, 1636.87182617, 4877.34716797, 2633.88745117, 2543.47900391, 6523.25830078, 4386.13867188, 2345.49243164, 3605.26831055, 5771.296875, 7957.9296875, 6730.10742188, 3310.54248047, 1805.96655273, 1760.39624023, 904.512268066, 507.475860596, 902.87890625, 537.477233887, 278.287445068, 149.742980957, 123.088279724, 65.7266845703, 22.8756542206, 9.69367980957, 2.69910693169, 3.23610687256, 1.00215005875, 0.184287682176, 0.00454951031134, 1.99780583898e-06, 3.48065065658e-09, 6.97373381264e-10],
        "max": [2.89357662201, 22.7284889221, 61.090259552, 79.5431289673, 128.421768188, 103.350532532, 94.149810791, 139.661361694, 494.761871338, 501.351989746, 578.043273926, 534.189880371, 1055.28991699, 712.445495605, 468.440155029, 872.555480957, 1165.61242676, 1053.46618652, 1378.37744141, 645.124633789, 359.910308838, 529.940124512, 288.714691162, 292.70715332, 510.706481934, 233.552185059, 194.476272583, 224.400665283, 135.577407837, 103.381813049, 72.8074798584, 32.8695297241, 18.1041870117, 18.8802223206, 8.65431213379, 3.87898373604, 0.791227757931, 0.0160558484495, 0.000632986135315, 0.000150601175847],
        "mean": [0.137678280473, 1.28219544888, 2.94515657425, 6.04606485367, 8.33985328674, 8.0414390564, 7.48627138138, 9.77573871613, 16.1509990692, 21.5671577454, 33.6256332397, 28.8698673248, 39.866481781, 37.7171440125, 33.0456237793, 39.221408844, 42.5219955444, 44.7143058777, 42.5382843018, 37.8109207153, 45.7502098083, 42.2561721802, 29.5437660217, 27.4250202179, 25.8502693176, 21.6239643097, 13.9619903564, 11.6507425308, 8.380610466, 6.02984333038, 3.82703137398, 2.32413363457, 1.36385393143, 0.89265614748, 0.458634018898, 0.179736226797, 0.0252895280719, 0.000557563500479, 4.18257950514e-05, 3.69556801161e-05],
        "median": [0.0290891341865, 0.497809529305, 1.39510309696, 4.52983236313, 6.18534803391, 5.44753646851, 3.97297382355, 4.86099529266, 6.207508564, 8.26550292969, 16.024471283, 14.2156524658, 18.4405403137, 19.7446689606, 13.7620820999, 17.9211139679, 20.7184257507, 21.4474830627, 21.6552619934, 20.1472988129, 33.2013015747, 31.1251525879, 20.6067523956, 21.9864788055, 17.9154949188, 14.5340480804, 9.70288467407, 7.70577430725, 5.21503353119, 3.66403388977, 2.21055817604, 1.18952023983, 0.683775484562, 0.319359362125, 0.125340476632, 0.0333089493215, 0.00418169703335, 0.000108457847091, 2.58179461525e-05, 3.47569475707e-05],
        "min": [3.35255964004e-22, 1.8815168151e-21, 4.86293827565e-21, 8.09793744597e-21, 1.3502060253e-20, 3.85843501981e-20, 4.70480751504e-20, 1.01087784568e-19, 2.46496177776e-19, 4.02961293899e-19, 2.67500154685e-19, 8.20315633854e-19, 8.46821706005e-19, 7.54028584889e-19, 1.0101037468e-18, 1.13509208153e-18, 2.06017148413e-18, 2.12216701668e-18, 3.42696729839e-18, 5.22374193481e-18, 5.90571512674e-18, 6.29759194193e-18, 7.72300653069e-18, 8.64824113305e-18, 9.38810704169e-18, 9.89684876101e-18, 1.04405860105e-17, 1.04491034893e-17, 1.03918452201e-17, 1.30298954199e-17, 1.30406140263e-17, 1.12654257019e-17, 9.88545682961e-18, 9.54434574297e-18, 7.85012764722e-18, 4.96063232557e-18, 2.53976914893e-18, 1.14692479679e-18, 2.72301886442e-19, 3.1468073383e-20],
        "var": [0.124814346433, 5.6464266777, 24.5827617645, 42.1850013733, 80.1468887329, 82.8938903809, 94.4444503784, 200.184997559, 847.575744629, 1631.03186035, 2826.43798828, 1828.73095703, 4213.18554688, 3082.21972656, 2358.50708008, 3732.00317383, 5374.49658203, 6839.28515625, 4986.97900391, 3318.23242188, 1917.42163086, 1581.80029297, 881.698242188, 584.263061523, 1094.9564209, 532.524353027, 262.789825439, 175.134078979, 112.728424072, 60.463432312, 24.03166008, 8.44004058838, 3.31538772583, 2.84895896912, 1.01263105869, 0.181544706225, 0.0035049461294, 1.58038903919e-06, 3.19595283571e-09, 4.85433471198e-10]
    },
    "gfcc": {
        "mean": [10.9003715515, 96.2151794434, -149.493469238, 47.1480674744, -62.3330154419, 15.4704046249, -36.9382629395, 10.6771116257, -22.8176231384, -4.00081968307, -17.0214061737, -8.91272926331, -7.28355503082],
        "cov": [[10084, -219.012390137, -356.525695801, 222.144348145, -756.948913574, 443.718017578, -564.914367676, 64.8997039795, -427.872528076, 227.623306274, -286.352172852, 293.725982666, -185.827102661], [-219.012390137, 1439.86010742, -20.8551216125, 209.851226807, 383.039825439, -112.322975159, 287.494689941, -124.921150208, 220.381118774, -201.24987793, 201.59413147, -150.394729614, 141.127441406], [-356.525695801, -20.8551216125, 1110.46899414, 343.483306885, 285.699066162, 197.858978271, -10.2139720917, 135.427139282, -30.3664588928, 95.0561904907, -56.0324821472, 165.695159912, -44.1995697021], [222.144348145, 209.851226807, 343.483306885, 425.477081299, 218.13571167, 52.2754516602, 49.4312057495, 68.8483657837, 64.2498016357, -2.05571603775, 27.214931488, 17.8440666199, 1.6062554121], [-756.948913574, 383.039825439, 285.699066162, 218.13571167, 398.530853271, 45.6505775452, 158.535873413, 61.1321716309, 110.934066772, -25.2449970245, 64.1620101929, -40.0320701599, 10.5541000366], [443.718017578, -112.322975159, 197.858978271, 52.2754516602, 45.6505775452, 199.998428345, 25.9045448303, 52.1386489868, -35.5799407959, 53.9863204956, -27.6299228668, 53.8318367004, -43.7233963013], [-564.914367676, 287.494689941, -10.2139720917, 49.4312057495, 158.535873413, 25.9045448303, 203.832168579, 20.482755661, 88.9856109619, -48.8610916138, 70.3575897217, -57.588054657, 22.783788681], [64.8997039795, -124.921150208, 135.427139282, 68.8483657837, 61.1321716309, 52.1386489868, 20.482755661, 139.367507935, 29.1672801971, 48.1236763, -33.6622962952, 10.7433843613, -27.7413806915], [-427.872528076, 220.381118774, -30.3664588928, 64.2498016357, 110.934066772, -35.5799407959, 88.9856109619, 29.1672801971, 164.570388794, -1.40611338615, 63.1553688049, -56.4204902649, 35.3745422363], [227.623306274, -201.24987793, 95.0561904907, -2.05571603775, -25.2449970245, 53.9863204956, -48.8610916138, 48.1236763, -1.40611338615, 109.750991821, -6.06856822968, 44.2197036743, -33.1239509583], [-286.352172852, 201.59413147, -56.0324821472, 27.214931488, 64.1620101929, -27.6299228668, 70.3575897217, -33.6622962952, 63.1553688049, -6.06856822968, 117.630813599, -1.5671877861, 34.9298400879], [293.725982666, -150.394729614, 165.695159912, 17.8440666199, -40.0320701599, 53.8318367004, -57.588054657, 10.7433843613, -56.4204902649, 44.2197036743, -1.5671877861, 122.60042572, 8.60083389282], [-185.827102661, 141.127441406, -44.1995697021, 1.6062554121, 10.5541000366, -43.7233963013, 22.783788681, -27.7413806915, 35.3745422363, -33.1239509583, 34.9298400879, 8.60083389282, 80.717956543]],
        "icov": [[0.000555364589673, -0.00138092238922, 0.00111742806621, -0.00106816727202, 0.00124157196842, -0.00154160975944, 0.00136436859611, -0.00121756189037, 0.000805018178653, -0.00132085464429, 0.00141151342541, -0.00176922976971, 0.00120799452998], [-0.00138092238922, 0.00553675787523, -0.00318593136035, 0.00235019461252, -0.00388816767372, 0.00359440711327, -0.00372500391677, 0.00454730307683, -0.00277811195701, 0.00533706042916, -0.0052118790336, 0.00611864076927, -0.00457017822191], [0.00111742806621, -0.00318593136035, 0.00480916630477, -0.00310226716101, 0.000650054251309, -0.00303045543842, 0.00239871651866, -0.00219515198842, 0.00158875610214, -0.0041903462261, 0.00582985579967, -0.00770430918783, 0.00356217077933], [-0.00106816727202, 0.00235019461252, -0.00310226716101, 0.00631984183565, -0.00347081152722, 0.0021610322874, -0.000593850389123, 0.000503895047586, -0.00261905859224, 0.00478515354916, -0.00444651255384, 0.0034450867679, -0.00175892875995], [0.00124157196842, -0.00388816767372, 0.000650054251309, -0.00347081152722, 0.0100195985287, -0.00403905427083, 0.00106427050196, -0.00468510203063, 0.00122890074272, -0.00211197696626, 0.000713087094482, -0.00104095577262, 0.00306994793937], [-0.00154160975944, 0.00359440711327, -0.00303045543842, 0.0021610322874, -0.00403905427083, 0.0147109758109, -0.0101000871509, 0.00474678911269, -0.000508202880155, -0.00183473457582, 0.00123912433628, -0.000642074912321, 0.000445112294983], [0.00136436859611, -0.00372500391677, 0.00239871651866, -0.000593850389123, 0.00106427050196, -0.0101000871509, 0.0191045235842, -0.00857500452548, -3.75569288735e-05, 0.00536298705265, -0.00604305043817, 0.0013645720901, 0.00171625777148], [-0.00121756189037, 0.00454730307683, -0.00219515198842, 0.000503895047586, -0.00468510203063, 0.00474678911269, -0.00857500452548, 0.0187006760389, -0.00623559206724, -0.00284672225825, 0.00569878425449, 0.00039965135511, -0.000878385035321], [0.000805018178653, -0.00277811195701, 0.00158875610214, -0.00261905859224, 0.00122890074272, -0.000508202880155, -3.75569288735e-05, -0.00623559206724, 0.0174507182091, -0.00885930843651, -0.00251723011024, 0.00564666371793, -0.00573147973046], [-0.00132085464429, 0.00533706042916, -0.0041903462261, 0.00478515354916, -0.00211197696626, -0.00183473457582, 0.00536298705265, -0.00284672225825, -0.00885930843651, 0.0282974764705, -0.0134071428329, 0.00289647839963, 0.00301629980095], [0.00141151342541, -0.0052118790336, 0.00582985579967, -0.00444651255384, 0.000713087094482, 0.00123912433628, -0.00604305043817, 0.00569878425449, -0.00251723011024, -0.0134071428329, 0.028825679794, -0.0169484894723, 0.00481835193932], [-0.00176922976971, 0.00611864076927, -0.00770430918783, 0.0034450867679, -0.00104095577262, -0.000642074912321, 0.0013645720901, 0.00039965135511, 0.00564666371793, 0.00289647839963, -0.0169484894723, 0.0328880436718, -0.0169738214463], [0.00120799452998, -0.00457017822191, 0.00356217077933, -0.00175892875995, 0.00306994793937, 0.000445112294983, 0.00171625777148, -0.000878385035321, -0.00573147973046, 0.00301629980095, 0.00481835193932, -0.0169738214463, 0.0276724454015]]
    },
    "melbands": {
        "dmean": [0.000901267922018, 0.00103082880378, 0.000535495753866, 0.000328524620272, 0.000152451946633, 0.000131096545374, 0.000189613972907, 0.000163454387803, 0.000155214365805, 0.00011216798157, 0.000131114458782, 9.17106881388e-05, 6.80127486703e-05, 5.46690971532e-05, 6.39721474727e-05, 5.58772444492e-05, 4.80369999423e-05, 4.09985150327e-05, 2.74739413726e-05, 2.8052874768e-05, 2.68457915809e-05, 2.21953450819e-05, 1.57446302183e-05, 1.09499742393e-05, 9.7683068816e-06, 9.16951557883e-06, 8.56858787301e-06, 6.27534018349e-06, 4.27303393735e-06, 3.3761305076e-06, 2.99836210615e-06, 2.38882989834e-06, 1.96037944988e-06, 1.62932417425e-06, 1.21913103612e-06, 8.01116186722e-07, 6.57970645079e-07, 4.55054077975e-07, 4.80234803035e-07, 4.45779306801e-07],
        "dmean2": [0.00141775747761, 0.00180564553011, 0.000907281471882, 0.000560403452255, 0.00024743314134, 0.00021719680808, 0.000320017687045, 0.000282639608486, 0.000251517398283, 0.00018294005713, 0.000218836110434, 0.000149334679008, 0.000110480759759, 8.89197472134e-05, 0.000103074635263, 8.92936513992e-05, 7.78471221565e-05, 6.80852826918e-05, 4.51965279353e-05, 4.60107876279e-05, 4.42579876108e-05, 3.66936073988e-05, 2.56915755017e-05, 1.82352177944e-05, 1.63276508829e-05, 1.47875634866e-05, 1.38686700666e-05, 1.02794247141e-05, 6.9458692451e-06, 5.57804560231e-06, 5.01063141201e-06, 4.01692204832e-06, 3.24972802446e-06, 2.75338857136e-06, 1.9965498268e-06, 1.33505170652e-06, 1.07602329535e-06, 7.19592378573e-07, 7.36186848371e-07, 6.91269747222e-07],
        "dvar": [6.24984249953e-06, 8.03389139037e-06, 9.83379550235e-07, 3.84486298799e-07, 5.70304301561e-08, 5.9103509642e-08, 1.79003194489e-07, 1.52508150109e-07, 6.7382195823e-08, 4.56989681652e-08, 6.54429115343e-08, 2.95183628651e-08, 1.36945992324e-08, 1.45301477517e-08, 1.99181453553e-08, 2.60773482808e-08, 1.05387547578e-08, 1.00896091482e-08, 2.52401788359e-09, 2.9550764058e-09, 1.11946441006e-09, 1.02109831701e-09, 5.96813876097e-10, 2.71299649413e-10, 1.75099282296e-10, 2.48564363536e-10, 1.96371682804e-10, 9.94630905415e-11, 5.79022871317e-11, 3.13981063371e-11, 2.68710453194e-11, 1.86783141037e-11, 1.52633392037e-11, 8.08322853096e-12, 4.24142101649e-12, 2.26695767193e-12, 1.27313513464e-12, 6.31903437995e-13, 9.00083339025e-13, 1.41452398839e-12],
        "dvar2": [1.34599940793e-05, 2.32771417359e-05, 2.81110555989e-06, 1.07204425603e-06, 1.50599603899e-07, 1.54520861884e-07, 4.67816704486e-07, 4.25585028552e-07, 1.73245766177e-07, 1.11246464485e-07, 1.66740690588e-07, 7.49945385792e-08, 3.41368640022e-08, 3.306093177e-08, 3.88349405966e-08, 5.77070018437e-08, 2.68256759028e-08, 2.52177905224e-08, 6.11680084361e-09, 7.07211178508e-09, 2.77147216288e-09, 2.77770895174e-09, 1.56115675942e-09, 6.81828149496e-10, 4.52384518734e-10, 6.07994321555e-10, 4.76832517915e-10, 2.40649028482e-10, 1.41720440938e-10, 7.3612671514e-11, 6.4588244475e-11, 4.51506956822e-11, 3.89280656321e-11, 1.932655945e-11, 1.01000310546e-11, 5.57198861703e-12, 3.19577502482e-12, 1.45204584034e-12, 1.9517050736e-12, 3.13539016798e-12],
        "max": [0.0236279014498, 0.0293921269476, 0.0130783151835, 0.00854439567775, 0.00255163479596, 0.00302644213662, 0.00663159461692, 0.00466897431761, 0.00453180447221, 0.00294979265891, 0.00529444916174, 0.00287601305172, 0.00167461065575, 0.00454917456955, 0.00294773979113, 0.00513925589621, 0.00208062957972, 0.00315123517066, 0.000782804330811, 0.00097481359262, 0.000504598312546, 0.00056047301041, 0.000405068509281, 0.000399017269956, 0.000253786332905, 0.000433082430391, 0.00030888771289, 0.000170180734131, 0.000157774644322, 0.000100853911135, 0.000147265032865, 7.84490111982e-05, 7.63171410654e-05, 5.38401181984e-05, 4.47886886832e-05, 3.16258810926e-05, 1.53093697008e-05, 1.46372512972e-05, 1.40450174513e-05, 1.91741801245e-05],
        "mean": [0.00139433739241, 0.00165230641142, 0.00114947475959, 0.000605110486504, 0.000278733670712, 0.000218974499148, 0.000259587890469, 0.00022737076506, 0.000280489883153, 0.000184253309271, 0.000198561465368, 0.000150414925884, 0.000119504496979, 9.34030977078e-05, 0.000112690453534, 9.21858954825e-05, 7.99327244749e-05, 6.98410440236e-05, 5.15628817084e-05, 4.98598201375e-05, 5.57950152142e-05, 4.66913115815e-05, 3.20147482853e-05, 2.27946256928e-05, 2.19830308197e-05, 1.98537509277e-05, 1.78224363481e-05, 1.32344102894e-05, 8.85243298399e-06, 7.38946437195e-06, 6.58974477119e-06, 4.8211536523e-06, 3.80485766982e-06, 3.19999799103e-06, 2.36847677115e-06, 1.5571657741e-06, 1.34675701702e-06, 9.52019036049e-07, 8.43534678552e-07, 7.33454157853e-07],
        "median": [0.000418803276261, 0.000838712148834, 0.000910684873816, 0.000459462142317, 0.000166039113537, 0.000110981251055, 0.000101103687484, 8.48125127959e-05, 0.000133617955726, 8.70224394021e-05, 8.93145261216e-05, 7.47196027078e-05, 4.99047200719e-05, 3.98160009354e-05, 4.75472079415e-05, 3.99026394007e-05, 3.69292356481e-05, 3.29522881657e-05, 2.49785243795e-05, 2.62801040662e-05, 4.22080811404e-05, 3.46441993315e-05, 1.96270702872e-05, 1.71355186467e-05, 1.72258442035e-05, 1.29560849018e-05, 1.11585695777e-05, 8.90044157131e-06, 5.6753942772e-06, 5.28218743057e-06, 4.14362921219e-06, 2.96590519611e-06, 2.27083205573e-06, 1.94141762222e-06, 1.33592891416e-06, 8.18558817173e-07, 6.85175905346e-07, 4.74123538652e-07, 3.56695238679e-07, 2.2820543677e-07],
        "min": [5.54373973296e-24, 3.65428612519e-24, 1.63935235752e-24, 2.06052598368e-24, 1.78338948413e-24, 2.15808697563e-24, 4.20056678003e-24, 3.82376815751e-24, 2.52604976436e-24, 5.25122064298e-24, 4.2710566295e-24, 3.26308014153e-24, 3.96464017695e-24, 2.71209787569e-24, 3.23450306359e-24, 4.31509242296e-24, 2.29681033518e-24, 3.62997185437e-24, 4.59598133662e-24, 6.01939958741e-24, 7.10160197012e-24, 5.71637602561e-24, 6.53915597761e-24, 6.8123542863e-24, 6.25473651696e-24, 6.54038423404e-24, 6.75379871903e-24, 6.18835111078e-24, 5.5874217223e-24, 5.73567314108e-24, 5.56755228825e-24, 3.61927056176e-24, 4.76007426566e-24, 6.6333720021e-24, 6.76859538303e-24, 7.13469705167e-24, 6.12005981664e-24, 6.26521258979e-24, 7.70820760724e-24, 7.56047131463e-24],
        "var": [9.18049772736e-06, 7.09067217031e-06, 1.35001607759e-06, 4.34655987647e-07, 1.02755208786e-07, 9.83057830695e-08, 2.13425309425e-07, 1.66535116364e-07, 1.77848079375e-07, 8.25603336807e-08, 1.08475774141e-07, 5.14952027686e-08, 3.25594378126e-08, 3.06736964717e-08, 5.2686242924e-08, 4.22902353137e-08, 2.1653185911e-08, 1.71763954171e-08, 6.00281202523e-09, 6.68717214936e-09, 2.61186361428e-09, 2.03845917923e-09, 1.43250555862e-09, 5.23285526022e-10, 4.06986305768e-10, 7.08766878521e-10, 4.98857177789e-10, 2.21665963362e-10, 1.30240415674e-10, 6.63761684505e-11, 6.43568393022e-11, 3.89088240793e-11, 2.67150988831e-11, 1.75738850555e-11, 9.58692500386e-12, 4.40710445568e-12, 2.85222496663e-12, 1.61010018252e-12, 1.77779394938e-12, 2.39287734592e-12]
    },
    "mfcc": {
        "mean": [-610.65423584, 109.857276917, -21.5561904907, 27.2977581024, -0.737108290195, 4.29130458832, -0.897587001324, 5.91666412354, 2.25770735741, 1.91988635063, -2.37798881531, -0.360188364983, -3.36297941208],
        "cov": [[4340.42626953, -376.066101074, 344.602661133, -333.883392334, -146.705352783, 133.401443481, -123.388626099, -90.6948471069, -151.986740112, -130.174194336, -96.9468612671, -79.1003799438, 32.133769989], [-376.066101074, 1145.70629883, -84.3056793213, 257.855377197, 123.309402466, 107.998184204, 104.750396729, 108.05191803, 46.8240509033, 34.7516021729, 10.3099346161, 45.9642410278, 13.5821809769], [344.602661133, -84.3056793213, 670.487182617, 190.305862427, 233.872756958, 130.674880981, 61.7407112122, 77.319519043, 38.8286628723, -29.3734397888, -25.6474647522, 25.4775428772, 84.6156158447], [-333.883392334, 257.855377197, 190.305862427, 433.85836792, 241.549819946, 65.3491973877, 67.6158294678, 99.2103500366, 66.1724853516, 43.7900657654, 21.3872470856, 50.5029335022, 48.74974823], [-146.705352783, 123.309402466, 233.872756958, 241.549819946, 282.721252441, 94.4238433838, 70.3041152954, 78.0103607178, 62.1354255676, 42.5650749207, 37.1566467285, 38.3707962036, 42.8880310059], [133.401443481, 107.998184204, 130.674880981, 65.3491973877, 94.4238433838, 157.285415649, 82.2886123657, 57.9242019653, 7.0320019722, 11.0254669189, 23.2843761444, 25.2432117462, 14.9953231812], [-123.388626099, 104.750396729, 61.7407112122, 67.6158294678, 70.3041152954, 82.2886123657, 146.099502563, 81.4205932617, 26.4603004456, 13.565993309, 35.5568161011, 28.4347343445, 9.57704925537], [-90.6948471069, 108.05191803, 77.319519043, 99.2103500366, 78.0103607178, 57.9242019653, 81.4205932617, 117.548591614, 53.1766471863, 24.231803894, 14.6597251892, 20.8818035126, 22.3075389862], [-151.986740112, 46.8240509033, 38.8286628723, 66.1724853516, 62.1354255676, 7.0320019722, 26.4603004456, 53.1766471863, 101.736274719, 57.477935791, 20.1108074188, 12.4716463089, 10.9896821976], [-130.174194336, 34.7516021729, -29.3734397888, 43.7900657654, 42.5650749207, 11.0254669189, 13.565993309, 24.231803894, 57.477935791, 105.782806396, 64.4083633423, 21.139377594, -1.5969350338], [-96.9468612671, 10.3099346161, -25.6474647522, 21.3872470856, 37.1566467285, 23.2843761444, 35.5568161011, 14.6597251892, 20.1108074188, 64.4083633423, 96.9270477295, 41.591255188, -1.5944378376], [-79.1003799438, 45.9642410278, 25.4775428772, 50.5029335022, 38.3707962036, 25.2432117462, 28.4347343445, 20.8818035126, 12.4716463089, 21.139377594, 41.591255188, 72.1072158813, 31.5150203705], [32.133769989, 13.5821809769, 84.6156158447, 48.74974823, 42.8880310059, 14.9953231812, 9.57704925537, 22.3075389862, 10.9896821976, -1.5969350338, -1.5944378376, 31.5150203705, 79.3063659668]],
