{
"lowlevel": {
    "average_loudness": 0.967050075531,
    "barkbands_crest": {
        "dmean": 2.97800636292,
        "dmean2": 4.99376010895,
        "dvar": 7.4667840004,
        "dvar2": 20.8224563599,
        "max": 26.5468940735,
        "mean": 8.14782905579,
        "median": 7.12124729156,
        "min": 2.38121247292,
        "var": 14.7561092377
    },
    "barkbands_flatness_db": {
        "dmean": 0.0227946769446,
        "dmean2": 0.037578817457,
        "dvar": 0.000609015172813,
        "dvar2": 0.00152008770965,
        "max": 0.466473639011,
        "mean": 0.120002746582,
        "median": 0.114996761084,
        "min": 0.021832279861,
        "var": 0.00281200930476
    },
    "barkbands_kurtosis": {
        "dmean": 4.53812074661,
        "dmean2": 7.83032608032,
        "dvar": 1180.9239502,
        "dvar2": 3138.48193359,
        "max": 1529.07495117,
        "mean": 4.59475660324,
        "median": -0.445516109467,
        "min": -1.74293518066,
        "var": 1791.79589844
    },
    "barkbands_skewness": {
        "dmean": 0.618327975273,
        "dmean2": 1.01665329933,
        "dvar": 0.907472193241,
        "dvar2": 2.19414567947,
        "max": 35.9708099365,
        "mean": 1.15226435661,
        "median": 0.74946719408,
        "min": -1.90604138374,
        "var": 3.29004025459
    },
    "barkbands_spread": {
        "dmean": 5.35945034027,
        "dmean2": 9.05007171631,
        "dvar": 32.7929878235,
        "dvar2": 83.2024078369,
        "max": 95.0699539185,
        "mean": 27.7074050903,
        "median": 28.2849578857,
        "min": 0.294415920973,
        "var": 103.997146606
    },
    "dissonance": {
        "dmean": 0.0131840733811,
        "dmean2": 0.0226241406053,
        "dvar": 0.000173202017322,
        "dvar2": 0.000471726292744,
        "max": 0.499939054251,
        "mean": 0.478086471558,
        "median": 0.482866168022,
        "min": 0.347984224558,
        "var": 0.000340068596415
    },
    "dynamic_complexity": 1.50325500965,
    "erbbands_crest": {
        "dmean": 2.30538392067,
        "dmean2": 3.80470442772,
        "dvar": 4.62044143677,
        "dvar2": 11.79413414,
        "max": 23.5853385925,
        "mean": 7.75631284714,
        "median": 6.87637758255,
        "min": 2.48057818413,
        "var": 12.1632661819
    },
    "erbbands_flatness_db": {
        "dmean": 0.0160754453391,
        "dmean2": 0.0256140902638,
        "dvar": 0.00027829784085,
        "dvar2": 0.000620465551037,
        "max": 0.284594804049,
        "mean": 0.161977156997,
        "median": 0.162994399667,
        "min": 0.0280343983322,
        "var": 0.00131615204737
    },
    "erbbands_kurtosis": {
        "dmean": 0.684768676758,
        "dmean2": 1.11044633389,
        "dvar": 0.612723708153,
        "dvar2": 1.55266320705,
        "max": 8.98960399628,
        "mean": 0.388825535774,
        "median": 0.147242307663,
        "min": -1.72816455364,
        "var": 1.66334831715
    },
    "erbbands_skewness": {
        "dmean": 0.288077563047,
        "dmean2": 0.466957330704,
        "dvar": 0.0727421045303,
        "dvar2": 0.183869808912,
        "max": 1.73262524605,
        "mean": -0.106603376567,
        "median": -0.152166545391,
        "min": -2.19899368286,
        "var": 0.206912562251
    },
    "erbbands_spread": {
        "dmean": 7.98768615723,
        "dmean2": 12.999124527,
        "dvar": 79.7550354004,
        "dvar2": 195.305755615,
        "max": 114.634529114,
        "mean": 34.5244483948,
        "median": 29.584815979,
        "min": 7.42678976059,
        "var": 293.697143555
    },
    "hfc": {
        "dmean": 8.55847549438,
        "dmean2": 14.2693710327,
        "dvar": 207.488586426,
        "dvar2": 568.434814453,
        "max": 142.758514404,
        "mean": 27.486700058,
        "median": 25.6477909088,
        "min": 1.1314356413e-16,
        "var": 318.666931152
    },
    "melbands_crest": {
        "dmean": 4.11256456375,
        "dmean2": 6.88067054749,
        "dvar": 11.5445194244,
        "dvar2": 32.1786270142,
        "max": 39.5108184814,
        "mean": 13.1158742905,
        "median": 12.3367414474,
        "min": 1.93337786198,
        "var": 27.6871013641
    },
    "melbands_flatness_db": {
        "dmean": 0.0313410200179,
        "dmean2": 0.0515009872615,
        "dvar": 0.000975675531663,
        "dvar2": 0.00240669026971,
        "max": 0.481964617968,
        "mean": 0.17851395905,
        "median": 0.171571016312,
        "min": 0.00378638226539,
        "var": 0.00474151689559
    },
    "melbands_kurtosis": {
        "dmean": 10.2187538147,
        "dmean2": 17.6254863739,
        "dvar": 2181.93310547,
        "dvar2": 7034.71777344,
        "max": 1488.86535645,
        "mean": 12.9660406113,
        "median": 2.61946487427,
        "min": -1.40627253056,
        "var": 2795.78295898
    },
    "melbands_skewness": {
        "dmean": 0.863714337349,
        "dmean2": 1.4234815836,
        "dvar": 1.36018013954,
        "dvar2": 3.82844758034,
        "max": 31.3874073029,
        "mean": 2.29517793655,
        "median": 1.73800563812,
        "min": -0.170794844627,
        "var": 4.40385580063
    },
    "melbands_spread": {
        "dmean": 8.41821479797,
        "dmean2": 13.8790540695,
        "dvar": 59.7713088989,
        "dvar2": 150.339111328,
        "max": 144.868896484,
        "mean": 32.5803413391,
        "median": 32.5151863098,
        "min": 0.325948625803,
        "var": 278.214630127
    },
    "pitch_salience": {
        "dmean": 0.0830505788326,
        "dmean2": 0.141668766737,
        "dvar": 0.00549701880664,
        "dvar2": 0.0158899296075,
        "max": 0.958700239658,
        "mean": 0.575248897076,
        "median": 0.586479187012,
        "min": 0.0287373922765,
        "var": 0.0108277462423
    },
    "silence_rate_20dB": {
        "dmean": 0,
        "dmean2": 0,
        "dvar": 0,
        "dvar2": 0,
        "max": 1,
        "mean": 1,
        "median": 1,
        "min": 1,
        "var": 0
    },
    "silence_rate_30dB": {
        "dmean": 0,
        "dmean2": 0,
        "dvar": 0,
        "dvar2": 0,
        "max": 1,
        "mean": 1,
        "median": 1,
        "min": 1,
        "var": 0
    },
    "silence_rate_60dB": {
        "dmean": 0.000386996893212,
        "dmean2": 0.000774293439463,
        "dvar": 0.000386875937693,
        "dvar2": 0.000773690466303,
        "max": 1,
        "mean": 0.00851063802838,
        "median": 0,
        "min": 0,
        "var": 0.00843825563788
    },
    "spectral_centroid": {
        "dmean": 270.912963867,
        "dmean2": 457.334533691,
        "dvar": 92278.078125,
        "dvar2": 224082.703125,
        "max": 11305.4677734,
        "mean": 1677.71875,
        "median": 1697.94506836,
        "min": 269.069854736,
        "var": 575257.875
    },
    "spectral_complexity": {
        "dmean": 4.73026323318,
        "dmean2": 7.56058835983,
        "dvar": 22.5227241516,
        "dvar2": 51.6340026855,
        "max": 59,
        "mean": 29.9423599243,
        "median": 33,
        "min": 0,
        "var": 145.184020996
    },
    "spectral_decrease": {
        "dmean": 3.51518125719e-09,
        "dmean2": 5.87022475074e-09,
        "dvar": 2.03121528233e-17,
        "dvar2": 5.39317921267e-17,
        "max": 4.79566396451e-29,
        "mean": -7.90902099368e-09,
        "median": -6.89160284395e-09,
        "min": -3.2710712361e-08,
        "var": 2.23970665203e-17
    },
    "spectral_energy": {
        "dmean": 0.0138535927981,
        "dmean2": 0.0231313854456,
        "dvar": 0.000323794578435,
        "dvar2": 0.000860150903463,
        "max": 0.136406034231,
        "mean": 0.0323436111212,
        "median": 0.0286096595228,
        "min": 1.02946326927e-20,
        "var": 0.000356975418981
    },
    "spectral_energyband_high": {
        "dmean": 0.000605214678217,
        "dmean2": 0.00104331388138,
        "dvar": 1.82558926554e-06,
        "dvar2": 5.04163517689e-06,
        "max": 0.0145923411474,
        "mean": 0.000992567162029,
        "median": 0.000418786949012,
        "min": 7.25430530964e-21,
        "var": 2.26375777856e-06
    },
    "spectral_energyband_low": {
        "dmean": 0.00849288422614,
        "dmean2": 0.0142817022279,
        "dvar": 0.000133086854476,
        "dvar2": 0.000352819770342,
        "max": 0.0911644399166,
        "mean": 0.0122438725084,
        "median": 0.00839014537632,
        "min": 2.59540128755e-23,
        "var": 0.000152343942318
    },
    "spectral_energyband_middle_high": {
        "dmean": 0.00246821995825,
        "dmean2": 0.00406642910093,
        "dvar": 6.95383323546e-06,
        "dvar2": 1.81925097422e-05,
        "max": 0.0302795600146,
        "mean": 0.0100435744971,
        "median": 0.0108378194273,
        "min": 1.40565552028e-21,
        "var": 2.91786382149e-05
    },
    "spectral_energyband_middle_low": {
        "dmean": 0.00666790641844,
        "dmean2": 0.0116368280724,
        "dvar": 0.00015165489458,
        "dvar2": 0.000413035624661,
        "max": 0.0938349664211,
        "mean": 0.0105530880392,
        "median": 0.00782483071089,
        "min": 1.76466152392e-22,
        "var": 0.00011860896484
    },
    "spectral_entropy": {
        "dmean": 0.129224255681,
        "dmean2": 0.21203315258,
        "dvar": 0.0225806310773,
        "dvar2": 0.0531640127301,
        "max": 9.81032085419,
        "mean": 7.74706220627,
        "median": 7.74175310135,
        "min": 6.59135913849,
        "var": 0.092397108674
    },
    "spectral_flux": {
        "dmean": 0.031158875674,
        "dmean2": 0.0481707043946,
        "dvar": 0.00119800621178,
        "dvar2": 0.00227734982036,
        "max": 0.299232363701,
        "mean": 0.108357876539,
        "median": 0.0988803580403,
        "min": 6.6277511257e-11,
        "var": 0.00206571235321
    },
    "spectral_kurtosis": {
        "dmean": 1.74784624577,
        "dmean2": 3.04307222366,
        "dvar": 3.36492156982,
        "dvar2": 9.74042415619,
        "max": 18.9583511353,
        "mean": 3.76422715187,
        "median": 3.2734336853,
        "min": -1.23944115639,
        "var": 5.16889858246
    },
    "spectral_rms": {
        "dmean": 0.0011123183649,
        "dmean2": 0.00180368614383,
        "dvar": 1.48514050125e-06,
        "dvar2": 3.83592259823e-06,
        "max": 0.0115359891206,
        "mean": 0.00539381755516,
        "median": 0.00528316805139,
        "min": 3.16915504256e-12,
        "var": 2.46147214966e-06
    },
    "spectral_rolloff": {
        "dmean": 440.906829834,
        "dmean2": 738.782592773,
        "dvar": 369542.625,
        "dvar2": 812572.75,
        "max": 19336.8164062,
        "mean": 1729.91174316,
        "median": 1571.92382812,
        "min": 21.533203125,
        "var": 2091551.75
    },
    "spectral_skewness": {
        "dmean": 0.232268795371,
        "dmean2": 0.399437218904,
        "dvar": 0.057622294873,
        "dvar2": 0.155496060848,
        "max": 3.04050683975,
        "mean": 1.24446094036,
        "median": 1.1886715889,
        "min": -0.0322217233479,
        "var": 0.121032387018
    },
    "spectral_spread": {
        "dmean": 407150.875,
        "dmean2": 638757.9375,
        "dvar": 612071964672,
        "dvar2": 1.17332639744e+12,
        "max": 41533156,
        "mean": 3856072.75,
        "median": 3425030.75,
        "min": 1865323.125,
        "var": 6.08215289037e+12
    },
    "spectral_strongpeak": {
        "dmean": 0.715240120888,
        "dmean2": 1.28760838509,
        "dvar": 1.13311064243,
        "dvar2": 3.02528190613,
        "max": 6.33229351044,
        "mean": 0.777165651321,
        "median": 0.321064978838,
        "min": 0,
        "var": 1.1967458725
    },
    "zerocrossingrate": {
        "dmean": 0.00840376596898,
        "dmean2": 0.0100739430636,
        "dvar": 0.000115105285659,
        "dvar2": 0.000145188518218,
        "max": 0.5224609375,
        "mean": 0.0638598203659,
        "median": 0.05859375,
        "min": 0,
        "var": 0.00150330422912
    },
    "barkbands": {
        "dmean": [0.00029440165963, 0.00553609104827, 0.00347646954469, 0.00217309989966, 0.00411459058523, 0.000655270472635, 0.000567659386434, 0.000361281330697, 0.000554983504117, 0.000713179004379, 0.000682284939103, 0.000775111548137, 0.000739609648008, 0.000681206467561, 0.000306339148665, 0.000396371120587, 0.000289548799628, 0.000275597383734, 0.000372580805561, 0.000230873731198, 0.00018062867457, 0.000174572356627, 0.000128388928715, 4.63386131742e-05, 2.41180332523e-05, 1.84619857464e-05, 2.62814592134e-06],
        "dmean2": [0.000426028709626, 0.00923880841583, 0.00616460200399, 0.00382533576339, 0.00731240399182, 0.00112644047476, 0.000973048910964, 0.000603769498412, 0.000888144946657, 0.00117840839084, 0.00108645344153, 0.00123571394943, 0.00118930987082, 0.00111983669922, 0.000519432651345, 0.000664978928398, 0.000495080137625, 0.000466085475637, 0.000638805737253, 0.00040415165131, 0.000320872524753, 0.000310170667944, 0.00022203491244, 7.49429964344e-05, 3.97709663957e-05, 2.76486116491e-05, 4.21853337684e-06],
        "dvar": [1.72881044591e-07, 5.71472046431e-05, 3.53055438609e-05, 9.08826496016e-06, 9.85881488305e-05, 8.59533599851e-07, 7.33009642317e-07, 3.64764673577e-07, 8.31204772567e-07, 1.30457738123e-06, 8.04646106189e-07, 9.6204428246e-07, 1.03264881091e-06, 9.18635123526e-07, 2.26272391046e-07, 2.59322177953e-07, 2.13517893144e-07, 1.240322689e-07, 2.58377639284e-07, 1.25301880871e-07, 1.21157128774e-07, 2.37673049241e-07, 9.17087987773e-08, 1.22679022496e-08, 4.40865743911e-09, 5.76557113163e-09, 3.0079505553e-10],
        "dvar2": [3.10598437636e-07, 0.000152186054038, 9.95454684016e-05, 2.45894771069e-05, 0.0002719379263, 2.34618164541e-06, 1.97544000002e-06, 9.89913473859e-07, 1.7860902517e-06, 3.41789063896e-06, 1.88310468729e-06, 2.32457341554e-06, 2.48961373472e-06, 2.35734069065e-06, 6.16987563262e-07, 7.00683074228e-07, 6.02530064953e-07, 3.38061823868e-07, 7.15139208296e-07, 3.42734665537e-07, 3.35542097218e-07, 6.78269941545e-07, 2.52345444096e-07, 3.22626902971e-08, 1.16018217255e-08, 1.22388481572e-08, 6.92174262351e-10],
        "max": [0.00391322327778, 0.0660995468497, 0.0608797632158, 0.0277105383575, 0.0802678614855, 0.00900103244931, 0.0101913725957, 0.00879027321935, 0.0138688217849, 0.0158024188131, 0.011895489879, 0.0160852205008, 0.0153293190524, 0.0125732757151, 0.00838862266392, 0.0053980788216, 0.00710188178346, 0.00413742708042, 0.0065707876347, 0.00499114720151, 0.00360666424967, 0.00633947504684, 0.00338142341934, 0.00149179133587, 0.00106864830013, 0.00145594589412, 0.000403962039854],
        "mean": [0.000462961063022, 0.00663972692564, 0.00378672685474, 0.00255362410098, 0.00423973845318, 0.0010255780071, 0.000847919145599, 0.000599403167143, 0.00103104591835, 0.00122310174629, 0.00116019253619, 0.00148171174806, 0.00150496338028, 0.00140010856558, 0.000551201694179, 0.000742061762139, 0.000518979737535, 0.000565904774703, 0.000785652955528, 0.000394020375097, 0.000230539764743, 0.000229780329391, 0.000214965984924, 8.05303570814e-05, 3.92735564674e-05, 3.14024109684e-05, 2.4892581223e-06],
        "median": [0.00021236189059, 0.00392984878272, 0.00200352957472, 0.00164609658532, 0.00223518861458, 0.000623461732175, 0.000550743425265, 0.000297816761304, 0.000556101440452, 0.000669181870762, 0.000727898674086, 0.00101583835203, 0.00100877415389, 0.000776199740358, 0.000353593670297, 0.000579773157369, 0.000421572825871, 0.000495759304613, 0.000703258963767, 0.000287410337478, 8.64297471708e-05, 9.21292376006e-05, 9.39452002058e-05, 1.45352141772e-05, 5.28967711944e-06, 1.04524519884e-06, 1.84099810951e-08],
        "min": [1.68560031417e-24, 1.01442266486e-23, 5.03860409079e-24, 1.94844778171e-24, 2.0554670187e-23, 1.00965344849e-23, 1.22987327874e-23, 1.03417668856e-23, 4.09475828676e-23, 1.64941554055e-23, 1.5137101656e-23, 4.14679028989e-23, 5.36746450384e-23, 4.56896908261e-23, 8.34143098903e-23, 6.10441457497e-23, 1.13332049047e-22, 1.55012821328e-22, 1.6173924263e-22, 2.45668703935e-22, 3.3504432209e-22, 3.31939441297e-22, 4.53524843436e-22, 5.74795710954e-22, 9.24271542797e-22, 1.17794638975e-21, 2.25114962079e-21],
        "var": [3.50628425849e-07, 6.37993070995e-05, 2.96407652058e-05, 8.97442077985e-06, 6.60912264721e-05, 1.37796178024e-06, 8.77664092513e-07, 7.07196875283e-07, 2.46940976467e-06, 2.71338217317e-06, 1.75860509444e-06, 2.67609698312e-06, 2.9673485642e-06, 3.11856979351e-06, 4.83013138819e-07, 5.00772785017e-07, 2.55999623278e-07, 2.13171745145e-07, 3.99230060566e-07, 1.72440337565e-07, 1.33513239575e-07, 1.9917852967e-07, 1.20929016134e-07, 2.4834211132e-08, 7.44752925996e-09, 1.11252331791e-08, 2.97220997814e-10]
    },
    "erbbands": {
        "dmean": [0.151847183704, 1.36901009083, 3.68193626404, 5.98287630081, 11.3167066574, 14.925163269, 6.93827152252, 5.6199760437, 7.48994493484, 9.61403274536, 5.81828069687, 11.7731571198, 20.0222549438, 18.1541900635, 30.6168003082, 30.1694984436, 30.7293434143, 33.1580314636, 21.8175029755, 16.191028595, 19.9932956696, 14.9468698502, 14.0494356155, 18.5314064026, 16.5764789581, 10.7132978439, 7.99635076523, 6.68607902527, 5.67796897888, 6.09123849869, 3.16504669189, 1.31494617462, 0.648483514786, 0.331168085337, 0.145196720958, 0.0975321978331, 0.0305579602718, 0.00556482374668, 0.000481113413116, 2.95956870104e-05],
        "dmean2": [0.241880506277, 2.35654354095, 6.53924322128, 10.4325828552, 19.9639568329, 26.9847202301, 12.2820091248, 9.68733024597, 12.8870201111, 16.2508335114, 9.63533115387, 18.8487434387, 32.6241149902, 29.811920166, 48.8170204163, 48.7212142944, 49.3339195251, 54.037311554, 35.2723503113, 27.3085823059, 33.437286377, 25.4518642426, 23.8116893768, 31.5072135925, 28.8350582123, 18.5966053009, 14.2363042831, 11.8809309006, 10.0404109955, 10.7843370438, 5.44942808151, 2.16266989708, 1.06391310692, 0.544643044472, 0.237958654761, 0.150475800037, 0.0461603179574, 0.00885150022805, 0.000766550481785, 4.89948288305e-05],
        "dvar": [0.045145817101, 3.79935193062, 39.2026939392, 73.0118484497, 509.417388916, 1346.15917969, 175.679077148, 66.1235656738, 117.339324951, 282.06918335, 72.6525268555, 406.152374268, 791.441833496, 583.625732422, 1788.47180176, 1807.69470215, 1660.82666016, 2212.99267578, 1188.90930176, 489.44329834, 742.314941406, 428.287139893, 295.664825439, 596.213012695, 537.023010254, 305.326019287, 223.08895874, 188.400558472, 224.515167236, 311.880493164, 55.8067626953, 9.63566684723, 2.79794692993, 0.792135238647, 0.174358338118, 0.131746068597, 0.0176025982946, 0.000828070158605, 1.19845717563e-05, 1.05026645159e-08],
        "dvar2": [0.110217429698, 10.5114459991, 111.277610779, 198.649078369, 1391.4342041, 3789.51489258, 497.723052979, 179.417617798, 321.805267334, 756.358276367, 191.531295776, 898.22869873, 1901.30773926, 1538.19775391, 4416.25830078, 4460.04443359, 4008.46069336, 5580.28515625, 2822.33422852, 1304.40368652, 2054.36108398, 1209.3067627, 823.213806152, 1598.61254883, 1492.05334473, 839.783569336, 617.912780762, 522.638183594, 638.236816406, 898.941223145, 152.84375, 25.2041549683, 7.54691982269, 2.12041306496, 0.446397095919, 0.290931224823, 0.0386414639652, 0.00194100744557, 2.69562060566e-05, 2.47848408463e-08],
        "max": [1.90494263172, 16.7674407959, 55.9926719666, 71.376663208, 169.004837036, 312.777557373, 125.774276733, 82.5838699341, 156.465881348, 162.196578979, 113.766593933, 325.28616333, 394.729003906, 309.909118652, 560.77935791, 809.780517578, 630.059143066, 656.59979248, 477.171569824, 308.318237305, 332.876525879, 261.573944092, 188.589828491, 288.071899414, 354.754821777, 327.764404297, 181.850769043, 143.59815979, 231.682830811, 247.284484863, 76.3705749512, 43.2810821533, 25.6363334656, 13.840461731, 6.36088132858, 8.02506065369, 2.05048298836, 0.508410930634, 0.0817415565252, 0.00266791461036],
        "mean": [0.181695014238, 1.50937891006, 4.19198322296, 7.20214653015, 12.2024393082, 14.7307195663, 8.68416023254, 8.40842628479, 11.5237035751, 15.0408096313, 10.2471055984, 21.3312416077, 37.8326950073, 34.0984115601, 57.3759498596, 63.7588539124, 68.9119338989, 70.9900131226, 44.1446609497, 32.3784065247, 39.4432106018, 29.5921268463, 29.9776802063, 38.0569190979, 35.1501197815, 18.3755207062, 10.675447464, 8.45256137848, 7.43700361252, 9.13327217102, 5.16147089005, 2.26193618774, 1.08272707462, 0.533561050892, 0.233734592795, 0.164512559772, 0.0495706945658, 0.0073527446948, 0.00046573751024, 5.29975914105e-05],
        "median": [0.0865377113223, 0.86962723732, 2.37658524513, 4.72221946716, 6.88443517685, 7.1122713089, 4.61783647537, 5.23325061798, 7.47583436966, 8.6430015564, 7.08847761154, 12.4682283401, 23.5895709991, 23.2185001373, 37.6050949097, 44.177570343, 50.4043922424, 46.6443443298, 28.9252338409, 25.1882209778, 31.9907531738, 25.6537685394, 26.8446350098, 34.0974235535, 31.0220451355, 13.4583520889, 5.14946603775, 2.69525623322, 2.77843260765, 4.46147155762, 1.96787202358, 0.481008559465, 0.174115329981, 0.078761100769, 0.0255781095475, 0.00766565091908, 0.00147993862629, 0.000132532761199, 2.35278312175e-05, 3.8048823626e-05],
        "min": [2.44887542312e-22, 1.83827259623e-21, 6.9241503853e-21, 9.1621456937e-21, 3.18693399906e-20, 6.14023148035e-20, 1.0019985788e-19, 1.14723863429e-19, 1.7796878767e-19, 2.80993176536e-19, 4.26783113264e-19, 7.95293058433e-19, 6.80127596879e-19, 8.17638205308e-19, 1.02456648283e-18, 2.03294855658e-18, 2.53735998539e-18, 2.51196347264e-18, 4.27545629032e-18, 6.20247113457e-18, 4.54888580488e-18, 6.01228659532e-18, 9.14591517578e-18, 8.82880804333e-18, 8.84155820529e-18, 1.23956571668e-17, 9.97602235334e-18, 1.09379879108e-17, 1.16861057732e-17, 1.3619617294e-17, 1.34100659751e-17, 1.10062046687e-17, 1.12495760942e-17, 9.87206642985e-18, 6.92673724403e-18, 4.77476153321e-18, 2.39417564175e-18, 1.09843164358e-18, 2.77676931912e-19, 3.3173532398e-20],
        "var": [0.0577663742006, 3.6409637928, 32.9327392578, 68.6961135864, 366.288452148, 872.723815918, 153.088043213, 87.6834487915, 157.615188599, 376.035827637, 114.099708557, 948.570495605, 1856.30944824, 1298.76171875, 4052.89550781, 5301.72851562, 5130.50390625, 6277.90673828, 2869.41503906, 975.63885498, 1308.19067383, 640.1875, 543.48046875, 940.267333984, 848.08203125, 412.910797119, 227.767074585, 209.570281982, 198.84526062, 270.907989502, 74.5994796753, 19.9392948151, 4.5783572197, 1.28361225128, 0.306517481804, 0.25804066658, 0.0305553972721, 0.00101162330247, 1.19716523841e-05, 1.0454950683e-08]
    },
    "gfcc": {
        "mean": [15.6067066193, 109.632347107, -140.365951538, 47.1968193054, -48.2906150818, 20.8379707336, -25.8093986511, 1.34577286243, -23.0223903656, -5.96127653122, -9.8645734787, -0.686494231224, -14.8452882767],
        "cov": [[12067.5185547, -332.315246582, -1446.00964355, 47.136844635, -429.986541748, 181.724624634, -615.505737305, 7.7111620903, -523.22076416, 56.0641136169, -272.555175781, 103.283424377, -252.217300415], [-332.315246582, 1373.63586426, -375.05871582, 168.607086182, 268.865203857, -87.8613052368, 365.470092773, -82.4160003662, 223.684204102, -217.632034302, 210.223251343, -101.286094666, 59.6241188049], [-1446.00964355, -375.05871582, 669.751342773, -4.39661884308, -110.303222656, 0.946851015091, -56.0714492798, 36.5058822632, 24.7763805389, 103.182128906, -77.2658996582, -13.408867836, 18.2994003296], [47.136844635, 168.607086182, -4.39661884308, 236.814682007, -14.3300943375, 11.0092144012, 52.9929389954, -24.4156036377, 39.8202362061, -29.2256793976, 38.4545898438, -22.8216495514, 40.4344482422], [-429.986541748, 268.865203857, -110.303222656, -14.3300943375, 283.59854126, 14.2688312531, 141.121017456, -13.5482654572, 50.0749282837, -44.5009002686, 68.1524734497, -6.84555864334, -6.46154308319], [181.724624634, -87.8613052368, 0.946851015091, 11.0092144012, 14.2688312531, 104.213043213, 11.4233493805, 11.914940834, -31.5646324158, 7.43030118942, 0.714189112186, 10.6118869781, 3.03662419319], [-615.505737305, 365.470092773, -56.0714492798, 52.9929389954, 141.121017456, 11.4233493805, 212.7159729, -2.18915724754, 77.0524597168, -75.5261306763, 77.0211715698, -24.3043498993, 27.4970340729], [7.7111620903, -82.4160003662, 36.5058822632, -24.4156036377, -13.5482654572, 11.914940834, -2.18915724754, 76.4326705933, 23.3858737946, 25.53373909, -20.4624118805, 11.2997074127, 0.149212539196], [-523.22076416, 223.684204102, 24.7763805389, 39.8202362061, 50.0749282837, -31.5646324158, 77.0524597168, 23.3858737946, 130.177612305, -0.66294914484, 36.1904945374, -24.6955375671, 23.2572422028], [56.0641136169, -217.632034302, 103.182128906, -29.2256793976, -44.5009002686, 7.43030118942, -75.5261306763, 25.53373909, -0.66294914484, 99.359085083, -20.0670948029, 15.9203424454, -17.7465438843], [-272.555175781, 210.223251343, -77.2658996582, 38.4545898438, 68.1524734497, 0.714189112186, 77.0211715698, -20.4624118805, 36.1904945374, -20.0670948029, 97.7980499268, 7.10297584534, 16.7219219208], [103.283424377, -101.286094666, -13.408867836, -22.8216495514, -6.84555864334, 10.6118869781, -24.3043498993, 11.2997074127, -24.6955375671, 15.9203424454, 7.10297584534, 53.8669700623, 11.4494447708], [-252.217300415, 59.6241188049, 18.2994003296, 40.4344482422, -6.46154308319, 3.03662419319, 27.4970340729, 0.149212539196, 23.2572422028, -17.7465438843, 16.7219219208, 11.4494447708, 60.0721549988]],
        "icov": [[0.000325169967255, -0.00067749543814, 0.000723858654965, -0.000552074750885, 0.000318654696457, -0.000651304551866, 0.000636734010186, -0.000530759396497, 0.00115889997687, -0.00113302457612, 0.00156972825062, -0.000920202117413, 0.000920888094697], [-0.00067749543814, 0.00504719093442, -0.000458149210317, 0.00105779024307, -0.00078932318138, 0.00272570317611, -0.00293007539585, 0.00270814052783, -0.00612961128354, 0.00610202830285, -0.00658107502386, 0.00534447329119, -0.00232563377358], [0.000723858654965, -0.000458149210317, 0.00418775388971, -0.00117787939962, 0.00121147511527, -0.000872938078828, -0.00046311452752, -0.000204866373679, 0.00154059065972, -0.00481858476996, 0.00468863639981, -5.14122948516e-05, 8.26684990898e-05], [-0.000552074750885, 0.00105779024307, -0.00117787939962, 0.00690426724032, 0.000820401939563, -0.000520137429703, -0.00138526002411, 0.0026753176935, -0.00323078548536, 0.00218586437404, -0.00423941761255, 0.00411408394575, -0.00462175160646], [0.000318654696457, -0.00078932318138, 0.00121147511527, 0.000820401939563, 0.00683624623343, -0.00200463854708, -0.00347674824297, 0.00165873824153, -0.000751677376684, -0.00141631881706, 0.00111690885387, -0.00296968244947, 0.00375174614601], [-0.000651304551866, 0.00272570317611, -0.000872938078828, -0.000520137429703, -0.00200463854708, 0.0150878177956, -0.00500006275252, -0.00240708538331, 0.00377197866328, -0.000550778408069, -0.00446025794372, 0.00444502523169, -0.00473621208221], [0.000636734010186, -0.00293007539585, -0.00046311452752, -0.00138526002411, -0.00347674824297, -0.00500006275252, 0.0180262532085, -0.00578286405653, -0.000649808265734, 0.00684181600809, -0.00331723573618, 0.000268002215307, 0.0014421219239], [-0.000530759396497, 0.00270814052783, -0.000204866373679, 0.0026753176935, 0.00165873824153, -0.00240708538331, -0.00578286405653, 0.0233579315245, -0.0120012443513, -0.000394635804696, 0.00446031149477, -0.0057361847721, 0.000615827040747], [0.00115889997687, -0.00612961128354, 0.00154059065972, -0.00323078548536, -0.000751677376684, 0.00377197866328, -0.000649808265734, -0.0120012443513, 0.0275076273829, -0.0149784050882, 0.00459966482595, 0.00402171816677, -0.00441086664796], [-0.00113302457612, 0.00610202830285, -0.00481858476996, 0.00218586437404, -0.00141631881706, -0.000550778408069, 0.00684181600809, -0.000394635804696, -0.0149784050882, 0.0322147831321, -0.0141912763938, 0.000886212743353, 0.00502500589937], [0.00156972825062, -0.00658107502386, 0.00468863639981, -0.00423941761255, 0.00111690885387, -0.00446025794372, -0.00331723573618, 0.00446031149477, 0.00459966482595, -0.0141912763938, 0.0327344834805, -0.0163815896958, 0.00443778652698], [-0.000920202117413, 0.00534447329119, -5.14122948516e-05, 0.00411408394575, -0.00296968244947, 0.00444502523169, 0.000268002215307, -0.0057361847721, 0.00402171816677, 0.000886212743353, -0.0163815896958, 0.0395000353456, -0.0168378986418], [0.000920888094697, -0.00232563377358, 8.26684990898e-05, -0.00462175160646, 0.00375174614601, -0.00473621208221, 0.0014421219239, 0.000615827040747, -0.00441086664796, 0.00502500589937, 0.00443778652698, -0.0168378986418, 0.0310544632375]]
    },
    "melbands": {
        "dmean": [0.00141529727262, 0.00184567051474, 0.0010925832903, 0.00103178643622, 0.000306421425194, 0.000125116392155, 0.000112318055471, 0.000101472061942, 4.75035085401e-05, 8.34934398881e-05, 0.000107414962258, 8.18807384348e-05, 9.07013818505e-05, 8.31397119327e-05, 9.8884855106e-05, 6.54229879729e-05, 6.89842418069e-05, 4.40241310571e-05, 2.32531710935e-05, 2.9588723919e-05, 2.41938196268e-05, 1.87270525203e-05, 1.18087755254e-05, 1.46636957652e-05, 1.68632232089e-05, 1.48391845869e-05, 1.0356173334e-05, 7.12026030669e-06, 5.33450020157e-06, 4.64419008495e-06, 3.86687770515e-06, 3.15841180054e-06, 3.81334098165e-06, 3.36391235578e-06, 2.08902429222e-06, 1.2908045619e-06, 6.5244802272e-07, 5.08178573e-07, 3.49844157199e-07, 2.66849724539e-07],
        "dmean2": [0.002315051388, 0.00322547578253, 0.00190261180978, 0.00183421827387, 0.000555083155632, 0.000215440013562, 0.000193290616153, 0.000171686682734, 7.91140410001e-05, 0.000132662826218, 0.000175650042365, 0.000134745627292, 0.000145672951476, 0.000135435533593, 0.000159423827427, 0.000105853934656, 0.000112528112368, 6.99792653904e-05, 3.94459821109e-05, 4.94792730024e-05, 4.0788003389e-05, 3.20086473948e-05, 2.01271141123e-05, 2.49735294346e-05, 2.85968053504e-05, 2.56426828855e-05, 1.80026054295e-05, 1.2367427189e-05, 9.45714236877e-06, 8.30449880596e-06, 6.87136707711e-06, 5.62869354326e-06, 6.77743310007e-06, 5.95707024331e-06, 3.61752654499e-06, 2.17376828004e-06, 1.07842640773e-06, 8.42244958221e-07, 5.75052354179e-07, 4.48266860076e-07],
        "dvar": [3.73295847567e-06, 8.39442600409e-06, 2.08668575397e-06, 5.959012924e-06, 4.49093562338e-07, 3.14982919747e-08, 2.61441552851e-08, 3.21400968062e-08, 5.14303089005e-09, 2.03701233659e-08, 2.32782415566e-08, 1.35858897465e-08, 1.50263677057e-08, 1.08875672922e-08, 2.25589218417e-08, 7.75153985444e-09, 1.01879535919e-08, 5.59353319218e-09, 1.40845879404e-09, 1.67694647057e-09, 1.32144040155e-09, 8.20366330423e-10, 1.88871626672e-10, 3.64044627776e-10, 4.94690899355e-10, 4.09091260867e-10, 2.28837476746e-10, 1.55609178321e-10, 1.01722213985e-10, 7.41734729193e-11, 7.25315363326e-11, 7.08201691735e-11, 1.29536797955e-10, 8.04960750833e-11, 2.37436875716e-11, 9.89986478211e-12, 2.36820242236e-12, 1.87395520108e-12, 8.19952612752e-13, 5.33440425079e-13],
        "dvar2": [9.56848180067e-06, 2.35718453041e-05, 5.60796843274e-06, 1.63992535818e-05, 1.28616500206e-06, 8.57659543385e-08, 7.16902235354e-08, 8.68554295153e-08, 1.35047208971e-08, 4.41339018664e-08, 5.64414364135e-08, 3.61854297637e-08, 3.58017437918e-08, 2.72246900579e-08, 5.69728229038e-08, 1.88926545519e-08, 2.55881626998e-08, 1.24510153299e-08, 3.89383680854e-09, 4.47035253259e-09, 3.64462837688e-09, 2.32626429231e-09, 5.27680343865e-10, 9.95090676525e-10, 1.33541366854e-09, 1.13537967916e-09, 6.38174901813e-10, 4.28876406611e-10, 2.84938295181e-10, 2.04521524716e-10, 2.04557523698e-10, 2.02032515717e-10, 3.72981395769e-10, 2.30045468785e-10, 6.53844756116e-11, 2.62203557477e-11, 6.23358005838e-12, 5.11743208573e-12, 2.19658167523e-12, 1.41976133541e-12],
        "max": [0.0161590091884, 0.0247744210064, 0.0122540118173, 0.0189538989216, 0.00637148600072, 0.00173216650728, 0.00217170640826, 0.00182449060958, 0.00108650908805, 0.00224476633593, 0.00191167532466, 0.00162687397096, 0.00170929532032, 0.00172956171446, 0.00234670937061, 0.00110075448174, 0.00143247609958, 0.000965464336332, 0.000570562377106, 0.000493627856486, 0.000480410613818, 0.000394329399569, 0.000161534291692, 0.000232849779422, 0.000266357092187, 0.000277176499367, 0.000217898661504, 0.000257148669334, 0.000137428360176, 8.46199473017e-05, 9.45954889175e-05, 0.000131741311634, 0.000151672691572, 0.000124622238218, 5.59681902814e-05, 5.17985099577e-05, 2.4223483706e-05, 2.44048060267e-05, 1.13834412332e-05, 1.23371828522e-05],
        "mean": [0.00175114674494, 0.00220371503383, 0.00137318472844, 0.00105913018342, 0.000356628006557, 0.000194254345843, 0.0001737751154, 0.000163104821695, 7.84657968325e-05, 0.000149952087668, 0.000197781002498, 0.000142651857459, 0.000162818832905, 0.000163423042977, 0.000196119348402, 0.000130881628138, 0.000136413815198, 7.915491733e-05, 4.14165042457e-05, 5.14466482855e-05, 4.35452930105e-05, 3.23709391523e-05, 2.32716556638e-05, 2.83830577246e-05, 3.11286421493e-05, 2.94770852634e-05, 1.92335064639e-05, 1.05013814391e-05, 6.75138244333e-06, 5.5506930039e-06, 4.69326141683e-06, 3.90193372368e-06, 4.96172151543e-06, 5.19086006534e-06, 3.22463210978e-06, 2.05636752071e-06, 1.06441848402e-06, 8.04919579878e-07, 5.60199509891e-07, 4.09931686818e-07],
        "median": [0.00100000202656, 0.00133994652424, 0.0009368560859, 0.000559329811949, 0.000189135142136, 0.000125826059957, 0.000114627211588, 8.86489142431e-05, 5.29084354639e-05, 8.05495947134e-05, 0.000117505427625, 8.88915019459e-05, 0.000108810949314, 0.000121145974845, 0.000109936401714, 8.58647035784e-05, 7.79226684244e-05, 4.36721129518e-05, 2.60712840827e-05, 3.77751202905e-05, 3.4358472476e-05, 2.60609667748e-05, 2.04121715797e-05, 2.45382252615e-05, 2.66623210337e-05, 2.54370170296e-05, 1.57316862897e-05, 6.76769241181e-06, 3.35515210281e-06, 1.80777294645e-06, 1.43562044741e-06, 1.34055915169e-06, 2.16396438191e-06, 2.66860752163e-06, 1.34432889354e-06, 3.9967903831e-07, 2.02981155439e-07, 1.18087292833e-07, 8.26329156212e-08, 5.60991786358e-08],
        "min": [3.24017221249e-24, 2.70175255657e-24, 2.69277946099e-24, 3.78459095837e-24, 3.37485581534e-24, 1.88208978844e-24, 2.76389527159e-24, 3.49051860126e-24, 3.99188743262e-24, 5.59447177221e-24, 3.03402116428e-24, 3.39833349917e-24, 2.54648303674e-24, 5.06304339606e-24, 4.15684613651e-24, 5.84694473277e-24, 3.63605397195e-24, 7.32450881838e-24, 6.82447513411e-24, 5.06829681526e-24, 4.99069420143e-24, 4.4563336293e-24, 6.41974255251e-24, 5.64331370072e-24, 6.99632138257e-24, 6.79271007204e-24, 6.39229334845e-24, 8.26059246776e-24, 4.3494630926e-24, 7.76856651054e-24, 5.50681709829e-24, 5.89685083465e-24, 7.62656602557e-24, 7.19130492137e-24, 7.62082390705e-24, 6.71532912813e-24, 6.38607909667e-24, 7.44058970059e-24, 7.38076564498e-24, 7.98855536232e-24],
        "var": [4.53997336081e-06, 7.48588308852e-06, 2.00820250029e-06, 4.01056058763e-06, 3.19507790891e-07, 4.38226273047e-08, 3.39027295126e-08, 4.76574619768e-08, 7.34641547595e-09, 5.26443599824e-08, 5.42233564715e-08, 2.862067916e-08, 3.32358105481e-08, 2.78086460526e-08, 6.35861212572e-08, 2.1912899939e-08, 2.91649744355e-08, 1.25223156289e-08, 2.85214185602e-09, 2.93993140943e-09, 1.90139637368e-09, 9.9606733972e-10, 3.49681811285e-10, 5.77930425738e-10, 7.21816828531e-10, 6.15910600299e-10, 3.34576394367e-10, 1.92855828529e-10, 9.51967948915e-11, 8.30274599073e-11, 7.42980676982e-11, 5.98764648974e-11, 1.03396312345e-10, 7.6475770161e-11, 2.78523541036e-11, 1.98993443251e-11, 4.39482521555e-12, 2.78207925447e-12, 1.30641797293e-12, 8.42981988467e-13]
    },
    "mfcc": {
        "mean": [-610.613342285, 126.356567383, -21.538898468, 30.7577190399, 1.28676044941, 19.4819412231, 5.64335584641, 15.4354419708, -9.78940105438, 3.73661136627, 0.808860003948, -5.60211420059, 3.97694325447],
        "cov": [[5465.57763672, -363.760681152, -479.136993408, -208.534805298, 13.1719312668, -64.843460083, -46.1198120117, -93.6498031616, -200.456283569, -90.762550354, -73.298828125, -170.078308105, -58.9251594543], [-363.760681152, 1116.12060547, -352.097106934, 230.562545776, -11.2670431137, 102.639320374, 76.5094833374, 217.695098877, -15.6530828476, 67.2643051147, 82.9442672729, -24.1453037262, 136.222122192], [-479.136993408, -352.097106934, 618.120910645, -8.54724884033, -24.5473003387, -44.0385971069, -68.0434875488, -132.237930298, 94.1901702881, -20.8400268555, -40.0505752563, 97.7954940796, -112.744216919], [-208.534805298, 230.562545776, -8.54724884033, 221.462310791, -2.57873725891, 52.9048461914, 6.24061250687, 53.6507415771, 12.3433179855, 25.0117225647, 20.6080417633, -0.14927379787, 35.7933692932], [13.1719312668, -11.2670431137, -24.5473003387, -2.57873725891, 85.9665374756, 23.6986503601, 11.6093206406, -5.17114686966, -0.440790653229, 14.5020132065, 7.97890424728, 3.48306012154, 0.359547227621], [-64.843460083, 102.639320374, -44.0385971069, 52.9048461914, 23.6986503601, 100.674621582, 60.2025566101, 38.2165641785, -7.45234251022, 5.99773025513, 3.17017793655, 4.55566310883, 21.7035942078], [-46.1198120117, 76.5094833374, -68.0434875488, 6.24061250687, 11.6093206406, 60.2025566101, 116.465530396, 62.8196640015, -14.1750793457, -6.77189397812, -3.24766469002, 3.12898540497, 17.8381938934], [-93.6498031616, 217.695098877, -132.237930298, 53.6507415771, -5.17114686966, 38.2165641785, 62.8196640015, 126.768081665, 12.1565961838, 12.6752119064, 9.95077323914, -14.7518472672, 47.6393547058], [-200.456283569, -15.6530828476, 94.1901702881, 12.3433179855, -0.440790653229, -7.45234251022, -14.1750793457, 12.1565961838, 86.9492263794, 26.0174655914, -4.35450935364, 22.8221530914, -16.6411533356], [-90.762550354, 67.2643051147, -20.8400268555, 25.0117225647, 14.5020132065, 5.99773025513, -6.77189397812, 12.6752119064, 26.0174655914, 64.2403411865, 28.611989975, 6.10964202881, 3.06265544891], [-73.298828125, 82.9442672729, -40.0505752563, 20.6080417633, 7.97890424728, 3.17017793655, -3.24766469002, 9.95077323914, -4.35450935364, 28.611989975, 59.9313621521, 12.0174951553, 19.7382049561], [-170.078308105, -24.1453037262, 97.7954940796, -0.14927379787, 3.48306012154, 4.55566310883, 3.12898540497, -14.7518472672, 22.8221530914, 6.10964202881, 12.0174951553, 71.1028137207, -5.20517444611], [-58.9251594543, 136.222122192, -112.744216919, 35.7933692932, 0.359547227621, 21.7035942078, 17.8381938934, 47.6393547058, -16.6411533356, 3.06265544891, 19.7382049561, -5.20517444611, 83.5426330566]],
