{
"lowlevel": {
    "average_loudness": 0.969058871269,
    "barkbands_crest": {
        "dmean": 1.98193585873,
        "dmean2": 3.21068716049,
        "dvar": 4.57642698288,
        "dvar2": 11.8703508377,
        "max": 21.7937393188,
        "mean": 9.30672550201,
        "median": 8.766497612,
        "min": 3.53072881699,
        "var": 8.21658802032
    },
    "barkbands_flatness_db": {
        "dmean": 0.0229302849621,
        "dmean2": 0.033306017518,
        "dvar": 0.000452025124105,
        "dvar2": 0.00100532488432,
        "max": 0.386862158775,
        "mean": 0.170403048396,
        "median": 0.165578052402,
        "min": 0.0499674640596,
        "var": 0.00168396579102
    },
    "barkbands_kurtosis": {
        "dmean": 2.35443305969,
        "dmean2": 3.69856381416,
        "dvar": 14.7236852646,
        "dvar2": 33.894618988,
        "max": 74.4499511719,
        "mean": 4.79328250885,
        "median": 3.23564577103,
        "min": -1.7266099453,
        "var": 33.1484642029
    },
    "barkbands_skewness": {
        "dmean": 0.417388737202,
        "dmean2": 0.636066496372,
        "dvar": 0.229019805789,
        "dvar2": 0.515755951405,
        "max": 6.97032928467,
        "mean": 1.86957299709,
        "median": 1.80320727825,
        "min": -2.18259143829,
        "var": 0.940279722214
    },
    "barkbands_spread": {
        "dmean": 3.40297651291,
        "dmean2": 5.06984710693,
        "dvar": 19.3081912994,
        "dvar2": 44.7299156189,
        "max": 128.541183472,
        "mean": 16.1577148438,
        "median": 15.1406602859,
        "min": 1.40676021576,
        "var": 58.2621307373
    },
    "dissonance": {
        "dmean": 0.0162965543568,
        "dmean2": 0.0275354273617,
        "dvar": 0.000293241522741,
        "dvar2": 0.000781663751695,
        "max": 0.499913692474,
        "mean": 0.453477054834,
        "median": 0.457479000092,
        "min": 0.291343092918,
        "var": 0.000664328341372
    },
    "dynamic_complexity": 2.11116099358,
    "erbbands_crest": {
        "dmean": 2.27498626709,
        "dmean2": 3.60891914368,
        "dvar": 5.50216007233,
        "dvar2": 13.264714241,
        "max": 29.1314220428,
        "mean": 9.14712715149,
        "median": 8.19215583801,
        "min": 2.88873910904,
        "var": 15.5288743973
    },
    "erbbands_flatness_db": {
        "dmean": 0.0182604212314,
        "dmean2": 0.0251568928361,
        "dvar": 0.000371783942683,
        "dvar2": 0.000686334038619,
        "max": 0.315945476294,
        "mean": 0.173717752099,
        "median": 0.171721160412,
        "min": 0.0878687426448,
        "var": 0.00126228365116
    },
    "erbbands_kurtosis": {
        "dmean": 0.565323650837,
        "dmean2": 0.884048402309,
        "dvar": 0.728563249111,
        "dvar2": 1.66264379025,
        "max": 11.820224762,
        "mean": -0.321144014597,
        "median": -0.755913496017,
        "min": -1.81655728817,
        "var": 1.90131354332
    },
    "erbbands_skewness": {
        "dmean": 0.3018245399,
        "dmean2": 0.459797382355,
        "dvar": 0.0807729586959,
        "dvar2": 0.191242322326,
        "max": 2.25107526779,
        "mean": 0.243004068732,
        "median": 0.267809778452,
        "min": -2.19672179222,
        "var": 0.435975760221
    },
    "erbbands_spread": {
        "dmean": 5.67443084717,
        "dmean2": 8.42145633698,
        "dvar": 34.8825759888,
        "dvar2": 71.3241424561,
        "max": 122.237159729,
        "mean": 41.0069007874,
        "median": 40.2794418335,
        "min": 6.2695069313,
        "var": 214.609039307
    },
    "hfc": {
        "dmean": 3.39673447609,
        "dmean2": 5.00213289261,
        "dvar": 19.7474594116,
        "dvar2": 41.9122390747,
        "max": 69.9296875,
        "mean": 14.4317121506,
        "median": 13.2166185379,
        "min": 1.11688546815e-16,
        "var": 71.2246932983
    },
    "melbands_crest": {
        "dmean": 2.78702878952,
        "dmean2": 4.50812578201,
        "dvar": 8.20137405396,
        "dvar2": 20.2114982605,
        "max": 35.5129394531,
        "mean": 15.127158165,
        "median": 14.4060525894,
        "min": 1.82508277893,
        "var": 24.4384288788
    },
    "melbands_flatness_db": {
        "dmean": 0.0225129555911,
        "dmean2": 0.0322011746466,
        "dvar": 0.000521847803611,
        "dvar2": 0.00108345365152,
        "max": 0.502675533295,
        "mean": 0.236391797662,
        "median": 0.234887197614,
        "min": 0.00350234145299,
        "var": 0.00281948433258
    },
    "melbands_kurtosis": {
        "dmean": 5.50359106064,
        "dmean2": 8.38577461243,
        "dvar": 78.1767807007,
        "dvar2": 173.882110596,
        "max": 183.083450317,
        "mean": 15.3597755432,
        "median": 11.061958313,
        "min": -1.53713846207,
        "var": 251.14906311
    },
    "melbands_skewness": {
        "dmean": 0.577130973339,
        "dmean2": 0.874463796616,
        "dvar": 0.428811311722,
        "dvar2": 0.931532204151,
        "max": 10.9214572906,
        "mean": 3.06203937531,
        "median": 2.95541405678,
        "min": -0.30682015419,
        "var": 1.96204435825
    },
    "melbands_spread": {
        "dmean": 3.87740206718,
        "dmean2": 5.83624219894,
        "dvar": 36.921787262,
        "dvar2": 87.103302002,
        "max": 183.454101562,
        "mean": 16.2864379883,
        "median": 13.5830154419,
        "min": 0.956541419029,
        "var": 210.614837646
    },
    "pitch_salience": {
        "dmean": 0.0635008588433,
        "dmean2": 0.105034686625,
        "dvar": 0.00438611023128,
        "dvar2": 0.0115387570113,
        "max": 0.900110721588,
        "mean": 0.549538135529,
        "median": 0.553344488144,
        "min": 0.190364465117,
        "var": 0.0113082742319
    },
    "silence_rate_20dB": {
        "dmean": 0,
        "dmean2": 0,
        "dvar": 0,
        "dvar2": 0,
        "max": 1,
        "mean": 1,
        "median": 1,
        "min": 1,
        "var": 0
    },
    "silence_rate_30dB": {
        "dmean": 0.00696594407782,
        "dmean2": 0.013937282376,
        "dvar": 0.00691736582667,
        "dvar2": 0.0207117348909,
        "max": 1,
        "mean": 0.996518373489,
        "median": 1,
        "min": 0,
        "var": 0.00346951722167
    },
    "silence_rate_60dB": {
        "dmean": 0.00425696605816,
        "dmean2": 0.00851722806692,
        "dvar": 0.00423884252086,
        "dvar2": 0.0099932141602,
        "max": 1,
        "mean": 0.0266924556345,
        "median": 0,
        "min": 0,
        "var": 0.0259773917496
    },
    "spectral_centroid": {
        "dmean": 167.776397705,
        "dmean2": 250.897399902,
        "dvar": 72805.84375,
        "dvar2": 148395.453125,
        "max": 11442.3789062,
        "mean": 1064.11572266,
        "median": 935.970397949,
        "min": 204.298553467,
        "var": 847494.3125
    },
    "spectral_complexity": {
        "dmean": 2.85835909843,
        "dmean2": 4.11343383789,
        "dvar": 8.36606693268,
        "dvar2": 14.3591508865,
        "max": 40,
        "mean": 17.1137332916,
        "median": 17,
        "min": 0,
        "var": 41.7054748535
    },
    "spectral_decrease": {
        "dmean": 2.54023579949e-09,
        "dmean2": 4.00336785944e-09,
        "dvar": 1.60583053857e-17,
        "dvar2": 3.78197332361e-17,
        "max": 1.71266931423e-28,
        "mean": -8.04150968037e-09,
        "median": -6.82624134996e-09,
        "min": -3.79046447563e-08,
        "var": 2.67026772662e-17
    },
    "spectral_energy": {
        "dmean": 0.00983165483922,
        "dmean2": 0.0154675515369,
        "dvar": 0.000238791180891,
        "dvar2": 0.000561439199373,
        "max": 0.146299034357,
        "mean": 0.0316595323384,
        "median": 0.0270224679261,
        "min": 9.89669257897e-21,
        "var": 0.000404860766139
    },
    "spectral_energyband_high": {
        "dmean": 8.40818538563e-05,
        "dmean2": 0.000113519679871,
        "dvar": 1.68655098776e-08,
        "dvar2": 3.15844559395e-08,
        "max": 0.00249013560824,
        "mean": 0.000225490875891,
        "median": 0.000156423047883,
        "min": 7.14678879367e-21,
        "var": 5.83013495259e-08
    },
    "spectral_energyband_low": {
        "dmean": 0.00466262409464,
        "dmean2": 0.00741452071816,
        "dvar": 7.92229402578e-05,
        "dvar2": 0.000192777224584,
        "max": 0.0924543887377,
        "mean": 0.0118920151144,
        "median": 0.0103638162836,
        "min": 2.29543077523e-23,
        "var": 0.000108318025013
    },
    "spectral_energyband_middle_high": {
        "dmean": 0.00089202815434,
        "dmean2": 0.00124201842118,
        "dvar": 1.24675136703e-06,
        "dvar2": 2.63720926341e-06,
        "max": 0.0207848530263,
        "mean": 0.00342191150412,
        "median": 0.00296528218314,
        "min": 1.22154664363e-21,
        "var": 5.84671488468e-06
    },
    "spectral_energyband_middle_low": {
        "dmean": 0.00679605314508,
        "dmean2": 0.010987829417,
        "dvar": 0.000169006729266,
        "dvar2": 0.000405200116802,
        "max": 0.131248265505,
        "mean": 0.0175822488964,
        "median": 0.0133023401722,
        "min": 1.57594302376e-22,
        "var": 0.000267953204457
    },
    "spectral_entropy": {
        "dmean": 0.160498484969,
        "dmean2": 0.220843747258,
        "dvar": 0.0265038516372,
        "dvar2": 0.0491257049143,
        "max": 9.81908035278,
        "mean": 7.29194784164,
        "median": 7.3014383316,
        "min": 5.69527053833,
        "var": 0.141383394599
    },
    "spectral_flux": {
        "dmean": 0.0284489635378,
        "dmean2": 0.0436369925737,
        "dvar": 0.00124046497513,
        "dvar2": 0.00285650650039,
        "max": 0.315656960011,
        "mean": 0.0727549418807,
        "median": 0.0593948327005,
        "min": 6.34209768036e-11,
        "var": 0.00244877487421
    },
    "spectral_kurtosis": {
        "dmean": 2.08188676834,
        "dmean2": 3.53407764435,
        "dvar": 7.20598459244,
        "dvar2": 19.8020763397,
        "max": 42.3158340454,
        "mean": 5.531229496,
        "median": 5.16084766388,
        "min": -1.2726457119,
        "var": 12.0565719604
    },
    "spectral_rms": {
        "dmean": 0.000773312698584,
        "dmean2": 0.00119195668958,
        "dvar": 1.13092767151e-06,
        "dvar2": 2.5286744858e-06,
        "max": 0.0119469985366,
        "mean": 0.00529064564034,
        "median": 0.00513452850282,
        "min": 3.10729935706e-12,
        "var": 2.89647459795e-06
    },
    "spectral_rolloff": {
        "dmean": 239.132034302,
        "dmean2": 404.363037109,
        "dvar": 295358.84375,
        "dvar2": 619845.5625,
        "max": 19401.4160156,
        "mean": 981.960266113,
        "median": 602.9296875,
        "min": 107.666015625,
        "var": 3213845.25
    },
    "spectral_skewness": {
        "dmean": 0.235784694552,
        "dmean2": 0.384913474321,
        "dvar": 0.0624635070562,
        "dvar2": 0.15896371007,
        "max": 5.07575893402,
        "mean": 1.63413572311,
        "median": 1.65782034397,
        "min": -0.0448477603495,
        "var": 0.205928504467
    },
    "spectral_spread": {
        "dmean": 434121.625,
        "dmean2": 626605.125,
        "dvar": 1.55307579802e+12,
        "dvar2": 2.96318664704e+12,
        "max": 46644656,
        "mean": 3941023.5,
        "median": 3546983.5,
        "min": 1256874.75,
        "var": 1.09633486193e+13
    },
    "spectral_strongpeak": {
        "dmean": 0.363460272551,
        "dmean2": 0.641048908234,
        "dvar": 0.385603100061,
        "dvar2": 1.00372898579,
        "max": 6.79112768173,
        "mean": 0.783904314041,
        "median": 0.503434598446,
        "min": 0,
        "var": 0.556378424168
    },
    "zerocrossingrate": {
        "dmean": 0.00593458255753,
        "dmean2": 0.00740474835038,
        "dvar": 0.000102144484117,
        "dvar2": 0.000178568836418,
        "max": 0.525390625,
        "mean": 0.0419776439667,
        "median": 0.03564453125,
        "min": 0.0048828125,
        "var": 0.0021075096447
    },
    "barkbands": {
        "dmean": [6.081439642e-05, 0.00281156226993, 0.00221226946451, 0.00137499358971, 0.00399563228711, 0.00194182840642, 0.000681020901538, 0.0010387202492, 0.000505953270476, 0.00035608370672, 9.16451681405e-05, 0.000108224077849, 8.49514181027e-05, 9.17703728192e-05, 0.000218063345528, 0.000249555334449, 0.000362000457244, 9.08283473109e-05, 4.75828201161e-05, 4.29325227742e-05, 3.03512606479e-05, 1.92378629436e-05, 1.44795731103e-05, 8.61989246914e-06, 6.1925979935e-06, 3.21842117046e-06, 3.25577929061e-07],
        "dmean2": [0.000107229818241, 0.00459287362173, 0.00374657497741, 0.0023878631182, 0.00640141218901, 0.00323484302498, 0.00107844208833, 0.00158750754781, 0.000736469984986, 0.000536950945389, 0.00013107972336, 0.000167632999364, 0.000119898744742, 0.000144602774526, 0.000335179938702, 0.000385352090234, 0.000532298348844, 0.000142482560477, 7.30082247173e-05, 6.62713791826e-05, 4.44889483333e-05, 2.81498942059e-05, 2.0857407435e-05, 1.23666486616e-05, 8.25124425319e-06, 4.50309426014e-06, 5.81800009058e-07],
        "dvar": [1.88651299027e-08, 3.4164673707e-05, 1.8180529878e-05, 5.6309613683e-06, 0.000110027773189, 1.09245929707e-05, 2.65313769887e-06, 6.54949371892e-06, 2.2907577204e-06, 9.80387767413e-07, 1.48954226731e-08, 2.25581544555e-08, 2.15227107248e-08, 2.31723724653e-08, 7.21359043609e-08, 1.74941149567e-07, 2.95855699051e-07, 1.06027693292e-08, 2.94395041678e-09, 4.92976948152e-09, 3.58289531377e-09, 1.40424361028e-09, 7.16692982738e-10, 1.5118191421e-10, 7.65557686688e-11, 2.16850270379e-11, 8.11513074621e-13],
        "dvar2": [5.49431646846e-08, 8.50369106047e-05, 4.79476293549e-05, 1.57140148076e-05, 0.000254148588283, 2.9871622246e-05, 6.94803838996e-06, 1.69064114743e-05, 4.92215895065e-06, 2.35080483435e-06, 3.02283496012e-08, 5.39167821501e-08, 4.07964577676e-08, 5.61732882431e-08, 1.72233882267e-07, 4.06024241784e-07, 6.19365778221e-07, 2.37753141619e-08, 6.71210242942e-09, 1.18198606458e-08, 7.37564365139e-09, 2.63800492561e-09, 1.34586453093e-09, 3.32190330798e-10, 1.70813668765e-10, 4.99240024321e-11, 2.33754595541e-12],
        "max": [0.0012032892555, 0.0611689537764, 0.0470193363726, 0.0252552591264, 0.107137516141, 0.0326914824545, 0.0439962111413, 0.0487557724118, 0.0300759263337, 0.0245502702892, 0.00194619758986, 0.00254955817945, 0.00363609124906, 0.0021627175156, 0.00336566986516, 0.00708278128877, 0.0100171696395, 0.00139330129605, 0.000851257354952, 0.00144676270429, 0.00160744320601, 0.000955424155109, 0.000517664186191, 0.000178542439244, 0.000179989729077, 4.11720793636e-05, 1.05457402242e-05],
        "mean": [5.56357990718e-05, 0.00595324067399, 0.00460353773087, 0.00269080814905, 0.00619579199702, 0.00360111659393, 0.0013444526121, 0.00228104949929, 0.0010636812076, 0.000829846074339, 0.0001862472418, 0.000189756858163, 0.000192697014427, 0.000158461130923, 0.00046834978275, 0.00052600260824, 0.000718321069144, 0.000208858618862, 0.000115386741527, 0.000101848345366, 6.2705752498e-05, 4.63658470835e-05, 3.17878075293e-05, 1.84952405107e-05, 1.09230923044e-05, 3.9375677261e-06, 2.5759746336e-07],
        "median": [1.02530466393e-05, 0.00481230625883, 0.00306721497327, 0.0014532499481, 0.00331012206152, 0.0019130416913, 0.000706905382685, 0.000950941583142, 0.000231857469771, 0.000271014170721, 0.00011387498671, 0.000111437955638, 8.96263372852e-05, 8.10239798739e-05, 0.000300359301036, 0.000282394816168, 0.000412507652072, 0.000168232800206, 9.51553374762e-05, 6.40351936454e-05, 3.91936082451e-05, 3.05994435621e-05, 1.84482050827e-05, 1.36758035296e-05, 6.82398649587e-06, 9.48501792664e-07, 2.82677632413e-08],
        "min": [3.06436489621e-24, 6.34062256473e-24, 4.28056319227e-24, 1.34063597627e-24, 1.32380531331e-23, 1.34342759724e-23, 1.01010104817e-23, 4.91082006263e-24, 2.72056669194e-23, 8.45172399877e-24, 2.30312169574e-23, 4.25563637096e-23, 3.14934257064e-23, 5.44386726024e-23, 5.35795589004e-23, 5.14722179663e-23, 7.04725229365e-23, 1.1856256288e-22, 9.81935747734e-23, 1.89671671324e-22, 3.51187950307e-22, 3.13775874778e-22, 4.40537087979e-22, 6.4449092822e-22, 9.84111981468e-22, 1.45454975028e-21, 2.20020369611e-21],
        "var": [1.63318230051e-08, 4.12754270656e-05, 2.35178504226e-05, 9.84580856311e-06, 0.000116456452815, 2.0926921934e-05, 4.88997011416e-06, 1.21677603602e-05, 6.94321488481e-06, 3.07992058879e-06, 4.84093405362e-08, 4.72131205242e-08, 8.61350812897e-08, 4.87508060587e-08, 2.43088805973e-07, 5.69337601064e-07, 7.98083533482e-07, 2.85434609282e-08, 8.28562729538e-09, 1.2339747002e-08, 9.30951848943e-09, 4.63692328978e-09, 2.18599871538e-09, 3.61699087348e-10, 1.77990275296e-10, 3.17647019799e-11, 4.91784943931e-13]
    },
    "erbbands": {
        "dmean": [0.050059132278, 0.756093323231, 2.60716056824, 3.2087123394, 12.9761047363, 10.7476882935, 18.2796821594, 10.1498394012, 8.8159570694, 14.7357988358, 21.7370262146, 12.1107521057, 11.294262886, 6.43058395386, 3.51792097092, 4.94069623947, 3.77351903915, 4.58383750916, 8.05208206177, 13.3183546066, 16.6476612091, 14.8658599854, 5.33780050278, 2.98879170418, 2.40601825714, 2.23174905777, 1.48963701725, 0.922063291073, 0.750053167343, 0.55695950985, 0.363409131765, 0.231199890375, 0.120288863778, 0.0752729177475, 0.0422661565244, 0.0191683582962, 0.00459762988612, 0.000821194495074, 4.29940664617e-05, 1.2407680515e-05],
        "dmean2": [0.0811777412891, 1.2417293787, 4.36127138138, 5.51497554779, 20.893579483, 17.6928901672, 30.6495933533, 17.1954116821, 14.1608695984, 22.1005401611, 33.5421981812, 17.6080207825, 17.1652336121, 9.4698343277, 5.11622905731, 7.51263952255, 5.27591228485, 7.12010002136, 12.6931667328, 19.8471927643, 24.678976059, 21.9356861115, 8.19832897186, 4.61601638794, 3.78534412384, 3.45412397385, 2.22719717026, 1.31869852543, 1.10533368587, 0.807902276516, 0.528132677078, 0.342047959566, 0.167115569115, 0.10478130728, 0.05565771088, 0.0266142785549, 0.00660185422748, 0.00132679322269, 7.388323138e-05, 1.9675344447e-05],
        "dvar": [0.0141386203468, 2.48795676231, 26.2955532074, 31.3460960388, 1067.23205566, 856.559020996, 983.057739258, 241.006607056, 335.546630859, 1108.91723633, 3746.2578125, 1381.56835938, 1262.8536377, 249.610824585, 21.5506820679, 49.4524040222, 44.7841300964, 51.1548881531, 111.479270935, 336.997772217, 696.821289062, 408.183349609, 35.9548034668, 11.7460069656, 7.89055681229, 15.0679998398, 6.2798166275, 5.18936300278, 2.17017865181, 0.990007817745, 0.492961734533, 0.138204500079, 0.0246646162122, 0.0127350334078, 0.00361155346036, 0.000795395288151, 4.45091100119e-05, 1.91285630535e-06, 1.46237439935e-08, 4.56140181182e-10],
        "dvar2": [0.0345603451133, 6.36737203598, 68.5444717407, 84.5451965332, 2460.8527832, 2135.02294922, 2857.640625, 661.147705078, 833.417541504, 2594.68066406, 9951.3046875, 3095.63793945, 2890.61132812, 566.736083984, 44.2757835388, 115.105331421, 83.6583480835, 121.312171936, 284.053070068, 776.524047852, 1523.39575195, 874.184204102, 78.5248413086, 28.1437740326, 18.9500980377, 35.916557312, 14.5932207108, 10.081246376, 4.15343809128, 1.9786850214, 0.93522298336, 0.275948345661, 0.0519102290273, 0.0307328552008, 0.00770921166986, 0.00179186486639, 0.000104630104033, 5.10485824634e-06, 4.22784722787e-08, 1.13389020395e-09],
        "max": [1.11748027802, 17.4809112549, 61.3449821472, 72.8798446655, 374.525817871, 330.161254883, 287.706115723, 161.722900391, 382.458404541, 616.545959473, 1367.52563477, 832.247375488, 853.884277344, 358.656738281, 72.2275543213, 126.550704956, 187.516220093, 98.2119903564, 133.943405151, 245.675384521, 469.509643555, 364.788726807, 94.8682174683, 51.7293128967, 35.0222358704, 87.2401351929, 43.8677024841, 62.74477005, 40.8425216675, 20.6529846191, 15.8406934738, 6.59416389465, 1.78686034679, 2.59867072105, 1.46624028683, 0.256841003895, 0.061722215265, 0.00994124170393, 0.00154543865938, 0.000224762203288],
        "mean": [0.0691171437502, 1.68437421322, 6.02321720123, 6.85725736618, 20.1869792938, 15.2834634781, 30.7391147614, 19.093082428, 17.5354576111, 37.1059799194, 44.2522697449, 27.0968818665, 26.5363788605, 15.9312200546, 8.08900165558, 9.4330997467, 9.27650547028, 9.08091545105, 15.3378219604, 29.9396095276, 38.5586509705, 32.3158683777, 12.7611675262, 7.55927371979, 5.67813968658, 5.25979614258, 3.29513239861, 1.94334483147, 1.77115607262, 1.25847554207, 0.805581331253, 0.499051868916, 0.248172983527, 0.137673124671, 0.0702929645777, 0.0251278933138, 0.00545958569273, 0.00086197105702, 4.91831597174e-05, 3.78217700927e-05],
        "median": [0.0329939983785, 1.40902912617, 4.45579767227, 3.7272913456, 10.6049051285, 8.00397872925, 16.1930294037, 11.1549739838, 11.2447834015, 13.5100917816, 20.6359786987, 8.55319690704, 9.12712287903, 4.89685583115, 5.41919088364, 5.8931221962, 4.65219593048, 5.21707439423, 10.7397012711, 17.9491291046, 22.2979831696, 21.0701942444, 10.5545654297, 6.24242162704, 4.56563663483, 3.19127869606, 2.31679177284, 1.02918660641, 1.15897214413, 0.764765262604, 0.507798850536, 0.340229958296, 0.187791928649, 0.0919846817851, 0.0357707329094, 0.00769500574097, 0.00112046767026, 0.000154017063323, 1.95964039449e-05, 3.1569506973e-05],
        "min": [9.15117020251e-23, 1.35454470474e-21, 3.80150035596e-21, 1.0256396592e-20, 1.84884415026e-20, 4.43804887608e-20, 6.70519971613e-20, 1.07479402699e-19, 1.1570128072e-19, 2.78800243184e-19, 1.19709151734e-19, 4.95881594035e-19, 3.26784008241e-19, 5.09163684829e-19, 1.19649948866e-18, 2.09860084782e-18, 2.34566770268e-18, 2.63821108645e-18, 1.88764663057e-18, 3.21422905935e-18, 2.94512569939e-18, 4.52839116443e-18, 6.3930580972e-18, 6.27077433288e-18, 5.70488808172e-18, 1.03949099243e-17, 1.12482807294e-17, 1.33555465009e-17, 1.28506073309e-17, 1.34784903553e-17, 1.01200791657e-17, 1.30975538309e-17, 1.09096660738e-17, 9.73240525523e-18, 6.28283752135e-18, 4.86971070059e-18, 2.63845655229e-18, 1.03140240681e-18, 2.66215594893e-19, 3.11776360528e-20],
        "var": [0.0145876780152, 3.03181624413, 37.0081977844, 60.9582214355, 1136.25415039, 819.337646484, 1537.45703125, 453.104736328, 517.659362793, 4320.703125, 5130.33642578, 3715.17480469, 4424.4375, 1200.88256836, 75.5800323486, 108.751899719, 183.497695923, 129.124313354, 240.36907959, 1120.45227051, 2347.94091797, 1186.5916748, 97.8334274292, 35.8087654114, 19.7675132751, 35.6903800964, 14.5164413452, 13.317527771, 6.87629032135, 3.39167332649, 1.37793123722, 0.387543410063, 0.0589496530592, 0.0269549041986, 0.0083169862628, 0.00120493222494, 6.31649963907e-05, 1.79495077646e-06, 9.23233223205e-09, 6.46272757532e-10]
    },
    "gfcc": {
        "mean": [-20.0456695557, 127.774772644, -121.542175293, 45.8841056824, -52.396697998, 0.804558038712, -45.1267356873, 6.92449998856, -12.9605102539, -7.93109416962, -15.3900251389, -7.12867593765, -4.58716249466],
        "cov": [[13580.7519531, 730.45690918, -933.633911133, 179.658554077, -518.533325195, 164.532058716, -683.393615723, 259.765686035, -263.871551514, 148.771408081, -451.765380859, 68.0419921875, -217.002426147], [730.45690918, 1033.24047852, -209.326385498, 69.2373886108, 94.0502624512, -100.629066467, 168.835830688, -24.3124694824, 159.249053955, -174.230773926, 142.615692139, -205.320022583, 40.5270118713], [-933.633911133, -209.326385498, 617.101013184, 12.6575479507, 144.526199341, 67.2948074341, 99.354637146, 50.7113189697, -54.836391449, 116.904144287, -46.3101158142, 77.9719619751, -80.8915939331], [179.658554077, 69.2373886108, 12.6575479507, 407.594482422, -29.3490352631, 53.5768547058, 23.2457008362, -62.0892372131, 33.0820808411, -44.4468154907, 83.5899429321, -21.3135375977, 50.293800354], [-518.533325195, 94.0502624512, 144.526199341, -29.3490352631, 248.624206543, 24.8608608246, 41.7122573853, 24.9228916168, 23.3385429382, 35.9164352417, 10.0262088776, 9.94080257416, -15.275305748], [164.532058716, -100.629066467, 67.2948074341, 53.5768547058, 24.8608608246, 167.867828369, 18.0387306213, 42.2436752319, 5.5804066658, 38.3563957214, -17.7264556885, 24.7649517059, 8.71400737762], [-683.393615723, 168.835830688, 99.354637146, 23.2457008362, 41.7122573853, 18.0387306213, 226.891082764, 47.2405891418, 53.8410606384, -25.3667755127, 48.1249084473, -52.0095977783, 8.48023700714], [259.765686035, -24.3124694824, 50.7113189697, -62.0892372131, 24.9228916168, 42.2436752319, 47.2405891418, 154.303649902, 34.255065918, 58.1993103027, -40.3495941162, -3.70386195183, -27.7331829071], [-263.871551514, 159.249053955, -54.836391449, 33.0820808411, 23.3385429382, 5.5804066658, 53.8410606384, 34.255065918, 134.590591431, -18.5385437012, 40.8101615906, -68.4864196777, 22.4511852264], [148.771408081, -174.230773926, 116.904144287, -44.4468154907, 35.9164352417, 38.3563957214, -25.3667755127, 58.1993103027, -18.5385437012, 129.858810425, -34.6400299072, 43.5803718567, -45.2891426086], [-451.765380859, 142.615692139, -46.3101158142, 83.5899429321, 10.0262088776, -17.7264556885, 48.1249084473, -40.3495941162, 40.8101615906, -34.6400299072, 121.374855042, -25.0314655304, 30.3988513947], [68.0419921875, -205.320022583, 77.9719619751, -21.3135375977, 9.94080257416, 24.7649517059, -52.0095977783, -3.70386195183, -68.4864196777, 43.5803718567, -25.0314655304, 119.61151886, -2.23455691338], [-217.002426147, 40.5270118713, -80.8915939331, 50.293800354, -15.275305748, 8.71400737762, 8.48023700714, -27.7331829071, 22.4511852264, -45.2891426086, 30.3988513947, -2.23455691338, 86.3980407715]],
        "icov": [[0.000582665088587, -0.00189839839004, 0.00100633641705, -0.00111830316018, 0.00138444453478, -0.000995401409455, 0.00134483899456, -0.00114615459461, 0.0014406334376, -0.001795440563, 0.00264722714201, -0.00174407637678, 0.0015003454173], [-0.00189839839004, 0.00849087163806, -0.00281722377986, 0.00354552874342, -0.00584943266585, 0.00391168100759, -0.00496740825474, 0.00327335530892, -0.00500345462933, 0.00788376200944, -0.00982824061066, 0.00786747317761, -0.00424868008122], [0.00100633641705, -0.00281722377986, 0.00517444079742, -0.00280355196446, 0.000793433806393, -0.00166420976166, -0.000314618693665, -0.00110904523171, 0.00288977031596, -0.00461255153641, 0.00595845049247, -0.00449939398095, 0.00492710527033], [-0.00111830316018, 0.00354552874342, -0.00280355196446, 0.00577267352492, -0.00177679897752, 0.000188096615602, -0.00186175666749, 0.00313233816996, -0.00318174110726, 0.00404200982302, -0.00736666982993, 0.00406454876065, -0.00395942153409], [0.00138444453478, -0.00584943266585, 0.000793433806393, -0.00177679897752, 0.00922176241875, -0.00325094419532, 0.00359204947017, -0.00226296437904, 0.00210034335032, -0.00579134654254, 0.00583511637524, -0.00567211350426, 0.00309624499641], [-0.000995401409455, 0.00391168100759, -0.00166420976166, 0.000188096615602, -0.00325094419532, 0.00997339747846, -0.00325766950846, 0.000196020439034, -0.00289622880518, 0.00167162402067, -0.00295315403491, 0.00222507328726, -0.00447515398264], [0.00134483899456, -0.00496740825474, -0.000314618693665, -0.00186175666749, 0.00359204947017, -0.00325766950846, 0.0115867396817, -0.00631451234221, 0.00356012186967, -0.00135767413303, 0.00225484813564, -0.00116065633483, 0.00183631863911], [-0.00114615459461, 0.00327335530892, -0.00110904523171, 0.00313233816996, -0.00226296437904, 0.000196020439034, -0.00631451234221, 0.0147092826664, -0.0071560582146, -0.00162610935513, -0.000491693092044, 0.00178042706102, -0.0011282293126], [0.0014406334376, -0.00500345462933, 0.00288977031596, -0.00318174110726, 0.00210034335032, -0.00289622880518, 0.00356012186967, -0.0071560582146, 0.0180518422276, -0.00543608982116, 0.00312363868579, 0.00286242063157, -2.53904890997e-05], [-0.001795440563, 0.00788376200944, -0.00461255153641, 0.00404200982302, -0.00579134654254, 0.00167162402067, -0.00135767413303, -0.00162610935513, -0.00543608982116, 0.0226406995207, -0.0108034368604, 0.00416692299768, 0.000729275459889], [0.00264722714201, -0.00982824061066, 0.00595845049247, -0.00736666982993, 0.00583511637524, -0.00295315403491, 0.00225484813564, -0.000491693092044, 0.00312363868579, -0.0108034368604, 0.0271808896214, -0.0109612876549, 0.00575464684516], [-0.00174407637678, 0.00786747317761, -0.00449939398095, 0.00406454876065, -0.00567211350426, 0.00222507328726, -0.00116065633483, 0.00178042706102, 0.00286242063157, 0.00416692299768, -0.0109612876549, 0.0237294305116, -0.0092805903405], [0.0015003454173, -0.00424868008122, 0.00492710527033, -0.00395942153409, 0.00309624499641, -0.00447515398264, 0.00183631863911, -0.0011282293126, -2.53904890997e-05, 0.000729275459889, 0.00575464684516, -0.0092805903405, 0.0228340495378]]
    },
    "melbands": {
        "dmean": [0.00061412632931, 0.0012077188585, 0.000761058880016, 0.0010015910957, 0.000526164541952, 0.000259125314187, 0.000134303525556, 0.000173588370671, 0.000170003040694, 6.95363851264e-05, 5.68195537198e-05, 2.80801850749e-05, 1.26639988594e-05, 1.29791133077e-05, 8.8270926426e-06, 8.95427183423e-06, 9.10546714294e-06, 1.23164627439e-05, 1.3781218513e-05, 1.99463411263e-05, 2.38992415689e-05, 2.1350751922e-05, 6.11292671238e-06, 4.65924267701e-06, 2.50670473179e-06, 2.00932458938e-06, 1.49659865656e-06, 1.58688010288e-06, 9.54474671744e-07, 9.39454423587e-07, 4.82920370359e-07, 4.52514058225e-07, 3.76527594881e-07, 3.42306833545e-07, 2.1551332452e-07, 2.06572707384e-07, 1.30837278789e-07, 1.01343410108e-07, 6.27818437238e-08, 6.54061196315e-08],
        "dmean2": [0.000987707520835, 0.00200538686477, 0.00127537513617, 0.00160492048599, 0.000894243770745, 0.000434050220065, 0.000214743602555, 0.000260559696471, 0.000259112042841, 0.000101555742731, 8.61926164362e-05, 4.16266775574e-05, 1.809024252e-05, 2.01346301765e-05, 1.28820638565e-05, 1.28955362015e-05, 1.42891321957e-05, 1.9517070541e-05, 2.09304180316e-05, 3.02232147078e-05, 3.51127710019e-05, 3.17442718369e-05, 9.57441989158e-06, 7.37986374588e-06, 3.92080801248e-06, 3.26688927998e-06, 2.30704995374e-06, 2.46834292739e-06, 1.46438424053e-06, 1.39107828545e-06, 6.91239392836e-07, 6.73613328672e-07, 5.67054371459e-07, 5.02749742282e-07, 3.15830448017e-07, 3.16072487294e-07, 1.9445081989e-07, 1.45452119682e-07, 8.78538131133e-08, 9.36648021366e-08],
        "dvar": [1.67407665685e-06, 5.9251174207e-06, 1.66922052358e-06, 7.65033382777e-06, 7.73434408075e-07, 1.63053528013e-07, 8.80434640749e-08, 1.4370947099e-07, 2.25772197382e-07, 4.64404799061e-08, 3.18317390224e-08, 5.40059819087e-09, 2.78599504577e-10, 2.97235847047e-10, 1.29017560524e-10, 2.92133123247e-10, 2.1258741989e-10, 2.72022959713e-10, 3.00981128909e-10, 8.40765623789e-10, 1.44048084572e-09, 9.22656173685e-10, 5.34844286915e-11, 3.39274129624e-11, 8.60744808762e-12, 5.82437830604e-12, 3.54636654244e-12, 9.5923486168e-12, 2.85642039535e-12, 4.04966468345e-12, 1.683222897e-12, 9.95239914786e-13, 3.39890089815e-13, 4.39741342298e-13, 1.63847830702e-13, 2.08218506456e-13, 3.51386163276e-14, 1.78782176915e-14, 7.19520522671e-15, 1.23893213736e-14],
        "dvar2": [4.01454144594e-06, 1.53100445459e-05, 4.23212077294e-06, 1.78727168532e-05, 2.27883606385e-06, 4.39678501607e-07, 2.24802832349e-07, 3.3601912719e-07, 5.86740668496e-07, 1.03795450457e-07, 7.32014484583e-08, 1.21649419427e-08, 5.73201264231e-10, 7.32034655115e-10, 2.8560703802e-10, 5.6938997961e-10, 5.16926224048e-10, 6.89322876557e-10, 7.03722469186e-10, 1.95473393028e-09, 3.10201664355e-09, 1.95584837215e-09, 1.34159988674e-10, 8.24666376853e-11, 2.11118934834e-11, 1.42974130798e-11, 8.29506775768e-12, 2.30852784805e-11, 7.14785088757e-12, 8.75917914589e-12, 3.45589095535e-12, 1.93414945518e-12, 7.05968269954e-13, 9.70721550017e-13, 3.06361517101e-13, 4.75069473777e-13, 7.97524549114e-14, 3.93830340518e-14, 1.51795825801e-14, 3.16040494827e-14],
        "max": [0.0113622015342, 0.0281317662448, 0.0131915807724, 0.0276468470693, 0.00944642350078, 0.00382384750992, 0.00738236587495, 0.0067404913716, 0.0108356000856, 0.00505880638957, 0.00413326360285, 0.0015595885925, 0.000300009298371, 0.000280185049633, 0.000164915210917, 0.000464937038487, 0.000198765614186, 0.000230838792049, 0.000220672154683, 0.000484263553517, 0.000585781468544, 0.000565192196518, 9.13015101105e-05, 8.7304491899e-05, 4.5923741709e-05, 3.00904775941e-05, 2.68464427791e-05, 7.82697243267e-05, 2.5136374461e-05, 4.55608642369e-05, 3.41023041983e-05, 2.74474950857e-05, 1.31693286676e-05, 1.57782469614e-05, 9.78764455795e-06, 1.00972774817e-05, 3.47494051312e-06, 1.88386684385e-06, 1.23757990877e-06, 3.05948083223e-06],
        "mean": [0.00112620473374, 0.00292654032819, 0.00156654964667, 0.00143474596553, 0.000895672186743, 0.000499323999975, 0.000265556271188, 0.000430798128946, 0.000343374616932, 0.000151764994371, 0.000129438602016, 6.66373016429e-05, 2.67142113444e-05, 2.33749888139e-05, 1.98283851205e-05, 1.96876917471e-05, 1.59630508278e-05, 2.14683659578e-05, 3.03695469484e-05, 4.33088025602e-05, 4.89199701406e-05, 4.29218343925e-05, 1.20045206131e-05, 9.96016842691e-06, 5.55919541512e-06, 4.21325330535e-06, 3.54056192009e-06, 3.4901224808e-06, 1.98206089408e-06, 1.77625247488e-06, 9.27330063405e-07, 9.92766899799e-07, 8.7079166633e-07, 6.72597764151e-07, 4.63546626861e-07, 3.98790973577e-07, 2.67303107648e-07, 1.98098391024e-07, 1.15158364622e-07, 1.15050404759e-07],
        "median": [0.000792132341303, 0.00237914384343, 0.00114170170855, 0.000701682874933, 0.000495112268254, 0.000282051507384, 0.000162351279869, 0.000160317853442, 0.000145630241605, 3.91977337131e-05, 4.26825499744e-05, 1.69582872331e-05, 1.69377235579e-05, 1.53325345309e-05, 1.35401942316e-05, 1.01118857856e-05, 8.30870067148e-06, 1.38067034641e-05, 1.89343081729e-05, 2.7297575798e-05, 2.48741707765e-05, 2.54838741967e-05, 9.06605964701e-06, 7.77827153797e-06, 4.43750241175e-06, 3.27983275383e-06, 2.66184679276e-06, 1.89914123894e-06, 1.33976129746e-06, 1.04269793155e-06, 4.44251327281e-07, 6.14333657722e-07, 6.09458993495e-07, 3.5223422401e-07, 3.04978755139e-07, 2.05861994118e-07, 2.02978981179e-07, 1.48793489529e-07, 7.98155284087e-08, 7.32574534368e-08],
        "min": [1.78869200992e-24, 3.19261928269e-24, 1.94001406977e-24, 2.61157747206e-24, 2.85499233728e-24, 2.41575872677e-24, 1.77358177371e-24, 2.88993059234e-24, 6.54866323063e-25, 2.70773133337e-24, 1.56413052591e-24, 1.72215178978e-24, 3.38851651964e-24, 4.21002482785e-24, 5.18787945102e-24, 2.61642028916e-24, 4.06799042187e-24, 2.0705577306e-24, 4.74591381798e-24, 4.83767096304e-24, 3.07879197888e-24, 3.03366223256e-24, 4.6687845207e-24, 5.41735632734e-24, 4.23935191529e-24, 3.51834409197e-24, 5.03444955483e-24, 6.6656127473e-24, 6.35864251439e-24, 7.58463885732e-24, 6.34226181769e-24, 6.82554246292e-24, 4.32207620855e-24, 7.436333796e-24, 5.4457639974e-24, 6.49018230932e-24, 7.04075476191e-24, 7.17396575867e-24, 7.96827848161e-24, 7.11422453346e-24],
        "var": [1.94400013243e-06, 8.0648196672e-06, 2.26361339628e-06, 7.77795685281e-06, 1.15454156457e-06, 3.28433571894e-07, 1.29461994902e-07, 5.35098934051e-07, 3.38743660677e-07, 1.23071373537e-07, 1.08352402606e-07, 2.48657467949e-08, 9.34823551901e-10, 5.99865990214e-10, 4.31232299869e-10, 1.02185959694e-09, 4.70347649717e-10, 5.45526401829e-10, 1.04545549995e-09, 2.84150392105e-09, 4.33055102889e-09, 2.54895327068e-09, 1.15768679365e-10, 7.89906126619e-11, 2.30541141732e-11, 1.28975189903e-11, 9.91774457698e-12, 2.13880545219e-11, 5.33052508384e-12, 9.48926874578e-12, 3.84774156981e-12, 2.79693455896e-12, 1.15491806656e-12, 1.24649411886e-12, 4.45216129588e-13, 4.82817128292e-13, 8.14274185188e-14, 4.05160558152e-14, 1.52873709107e-14, 2.46001796814e-14]
    },
    "mfcc": {
        "mean": [-651.34375, 144.760131836, -3.38628578186, 39.5731887817, 14.4806051254, -1.10932731628, -13.3860359192, 4.12926387787, 1.84092891216, 1.59144794941, -7.10798311234, 0.667847633362, 1.4905372858],
        "cov": [[4179.77148438, 322.414550781, 4.17104530334, -80.8781051636, 131.470367432, -25.8142471313, -162.300033569, -27.0501556396, 81.7655715942, -13.786359787, -12.882147789, 14.9770841599, -21.3157215118], [322.414550781, 1018.65100098, -109.652526855, 63.3170585632, 47.3714027405, -72.5733795166, 57.1138267517, 78.5284957886, 10.3029060364, 177.115585327, 5.85197210312, 10.6754465103, -0.381644129753], [4.17104530334, -109.652526855, 339.892242432, 120.968353271, -5.28187465668, 87.3105239868, 60.1197929382, 27.625295639, 16.4301357269, -4.28167200089, 33.7846908569, 21.1194133759, -18.0479240417], [-80.8781051636, 63.3170585632, 120.968353271, 280.320129395, 34.9748420715, 51.3205528259, 43.713558197, 23.6276092529, -17.6028213501, -3.61000132561, 11.1478843689, 11.7751655579, 20.4451465607], [131.470367432, 47.3714027405, -5.28187465668, 34.9748420715, 185.321762085, 55.2480583191, -2.63329029083, -10.4898834229, 12.2971782684, -20.8829727173, 7.17879199982, 22.1283473969, 40.8945960999], [-25.8142471313, -72.5733795166, 87.3105239868, 51.3205528259, 55.2480583191, 141.892684937, 40.7337837219, 10.3079366684, 4.96672773361, -26.3589267731, -1.86135625839, 14.3111743927, 8.1171131134], [-162.300033569, 57.1138267517, 60.1197929382, 43.713558197, -2.63329029083, 40.7337837219, 125.80921936, 42.4518203735, 12.256652832, 27.7978115082, 17.1637802124, 15.8949632645, -0.452620327473], [-27.0501556396, 78.5284957886, 27.625295639, 23.6276092529, -10.4898834229, 10.3079366684, 42.4518203735, 97.1045684814, 39.2000846863, 35.7301559448, 5.81893587112, 9.37483406067, 2.28569746017], [81.7655715942, 10.3029060364, 16.4301357269, -17.6028213501, 12.2971782684, 4.96672773361, 12.256652832, 39.2000846863, 107.226806641, 63.363986969, 11.3320436478, 10.9363136292, 0.32720258832], [-13.786359787, 177.115585327, -4.28167200089, -3.61000132561, -20.8829727173, -26.3589267731, 27.7978115082, 35.7301559448, 63.363986969, 188.361801147, 19.7006511688, 27.4555187225, -3.59210562706], [-12.882147789, 5.85197210312, 33.7846908569, 11.1478843689, 7.17879199982, -1.86135625839, 17.1637802124, 5.81893587112, 11.3320436478, 19.7006511688, 93.5333633423, 32.6202430725, -3.17052769661], [14.9770841599, 10.6754465103, 21.1194133759, 11.7751655579, 22.1283473969, 14.3111743927, 15.8949632645, 9.37483406067, 10.9363136292, 27.4555187225, 32.6202430725, 72.6399688721, 25.321264267], [-21.3157215118, -0.381644129753, -18.0479240417, 20.4451465607, 40.8945960999, 8.1171131134, -0.452620327473, 2.28569746017, 0.32720258832, -3.59210562706, -3.17052769661, 25.321264267, 74.4876480103]],
