{
"lowlevel": {
    "average_loudness": 0.941039085388,
    "barkbands_crest": {
        "dmean": 2.78200793266,
        "dmean2": 4.66870164871,
        "dvar": 7.13833332062,
        "dvar2": 20.1338367462,
        "max": 23.6334285736,
        "mean": 8.73457622528,
        "median": 7.88781547546,
        "min": 2.16533875465,
        "var": 12.8284139633
    },
    "barkbands_flatness_db": {
        "dmean": 0.0184645224363,
        "dmean2": 0.0293195173144,
        "dvar": 0.000302887172438,
        "dvar2": 0.000729357532691,
        "max": 0.370691865683,
        "mean": 0.139354094863,
        "median": 0.126345276833,
        "min": 0.031139921397,
        "var": 0.00361491343938
    },
    "barkbands_kurtosis": {
        "dmean": 1.36076045036,
        "dmean2": 2.25148677826,
        "dvar": 3.12815690041,
        "dvar2": 8.47564411163,
        "max": 26.4230709076,
        "mean": 1.03822386265,
        "median": 0.399821043015,
        "min": -1.81842374802,
        "var": 5.88891601562
    },
    "barkbands_skewness": {
        "dmean": 0.453159213066,
        "dmean2": 0.721036314964,
        "dvar": 0.195427551866,
        "dvar2": 0.485054075718,
        "max": 4.824634552,
        "mean": 0.920925438404,
        "median": 0.8710719347,
        "min": -2.10646080971,
        "var": 0.642697811127
    },
    "barkbands_spread": {
        "dmean": 4.93247699738,
        "dmean2": 7.79841279984,
        "dvar": 38.5532302856,
        "dvar2": 79.8974304199,
        "max": 99.9758300781,
        "mean": 22.8797359467,
        "median": 20.4413299561,
        "min": 2.25872516632,
        "var": 164.475326538
    },
    "dissonance": {
        "dmean": 0.0212993826717,
        "dmean2": 0.0360337197781,
        "dvar": 0.000366169289919,
        "dvar2": 0.000988899031654,
        "max": 0.499999970198,
        "mean": 0.458021402359,
        "median": 0.464109003544,
        "min": 0.318373352289,
        "var": 0.000822087633424
    },
    "dynamic_complexity": 2.22675895691,
    "erbbands_crest": {
        "dmean": 2.34542679787,
        "dmean2": 3.79254937172,
        "dvar": 4.39911222458,
        "dvar2": 10.7747983932,
        "max": 23.1324195862,
        "mean": 8.47316074371,
        "median": 7.73273277283,
        "min": 2.7577188015,
        "var": 11.9968118668
    },
    "erbbands_flatness_db": {
        "dmean": 0.0170579943806,
        "dmean2": 0.0246879048645,
        "dvar": 0.000292433076538,
        "dvar2": 0.00057757209288,
        "max": 0.453136742115,
        "mean": 0.192750781775,
        "median": 0.171840757132,
        "min": 0.0816299244761,
        "var": 0.0059589613229
    },
    "erbbands_kurtosis": {
        "dmean": 0.71643525362,
        "dmean2": 1.11459577084,
        "dvar": 0.622621357441,
        "dvar2": 1.44234228134,
        "max": 16.8706150055,
        "mean": 0.409886032343,
        "median": 0.0883073806763,
        "min": -1.53690195084,
        "var": 2.03185534477
    },
    "erbbands_skewness": {
        "dmean": 0.322657674551,
        "dmean2": 0.49447619915,
        "dvar": 0.0763362795115,
        "dvar2": 0.172851338983,
        "max": 3.29081487656,
        "mean": 0.0824494734406,
        "median": 0.0959224253893,
        "min": -2.56138324738,
        "var": 0.427294492722
    },
    "erbbands_spread": {
        "dmean": 6.09595632553,
        "dmean2": 9.27194309235,
        "dvar": 45.6210212708,
        "dvar2": 92.7335128784,
        "max": 110.71282959,
        "mean": 30.3007335663,
        "median": 28.6554737091,
        "min": 4.77850484848,
        "var": 202.796127319
    },
    "hfc": {
        "dmean": 7.39110422134,
        "dmean2": 10.9765119553,
        "dvar": 256.381347656,
        "dvar2": 431.303863525,
        "max": 293.30670166,
        "mean": 26.4282360077,
        "median": 19.2515678406,
        "min": 1.17790929509e-16,
        "var": 827.72467041
    },
    "melbands_crest": {
        "dmean": 3.4746029377,
        "dmean2": 5.70260572433,
        "dvar": 10.8269376755,
        "dvar2": 27.748046875,
        "max": 31.461812973,
        "mean": 12.5119304657,
        "median": 11.6092424393,
        "min": 1.00119066238,
        "var": 24.5810966492
    },
    "melbands_flatness_db": {
        "dmean": 0.0250894390047,
        "dmean2": 0.0387205854058,
        "dvar": 0.000605683075264,
        "dvar2": 0.00140802341048,
        "max": 0.390915542841,
        "mean": 0.190877556801,
        "median": 0.190948396921,
        "min": 4.27119744018e-07,
        "var": 0.00376241258346
    },
    "melbands_kurtosis": {
        "dmean": 3.48864102364,
        "dmean2": 5.71034526825,
        "dvar": 25.7746772766,
        "dvar2": 70.0243453979,
        "max": 61.8338165283,
        "mean": 5.19943571091,
        "median": 3.17018556595,
        "min": -1.4186116457,
        "var": 42.9491729736
    },
    "melbands_skewness": {
        "dmean": 0.604363441467,
        "dmean2": 0.961815595627,
        "dvar": 0.388946592808,
        "dvar2": 0.982258081436,
        "max": 6.94729614258,
        "mean": 1.78248214722,
        "median": 1.6722779274,
        "min": -0.980591714382,
        "var": 1.23126780987
    },
    "melbands_spread": {
        "dmean": 7.67328596115,
        "dmean2": 12.0434608459,
        "dvar": 126.137168884,
        "dvar2": 231.894546509,
        "max": 199.173522949,
        "mean": 28.6950378418,
        "median": 23.4671459198,
        "min": 3.31427741051,
        "var": 466.485839844
    },
    "pitch_salience": {
        "dmean": 0.0735289230943,
        "dmean2": 0.122315749526,
        "dvar": 0.00451193470508,
        "dvar2": 0.0125064207241,
        "max": 0.995959639549,
        "mean": 0.549153268337,
        "median": 0.546532392502,
        "min": 0.213510751724,
        "var": 0.0100528253242
    },
    "silence_rate_20dB": {
        "dmean": 0,
        "dmean2": 0,
        "dvar": 0,
        "dvar2": 0,
        "max": 1,
        "mean": 1,
        "median": 1,
        "min": 1,
        "var": 0
    },
    "silence_rate_30dB": {
        "dmean": 0.00541795650497,
        "dmean2": 0.0108401086181,
        "dvar": 0.00538865430281,
        "dvar2": 0.0153683545068,
        "max": 1,
        "mean": 0.996905207634,
        "median": 1,
        "min": 0,
        "var": 0.00308517692611
    },
    "silence_rate_60dB": {
        "dmean": 0.00270897825249,
        "dmean2": 0.00542005430907,
        "dvar": 0.00270145642571,
        "dvar2": 0.00616515427828,
        "max": 1,
        "mean": 0.00967117957771,
        "median": 0,
        "min": 0,
        "var": 0.00957757700235
    },
    "spectral_centroid": {
        "dmean": 221.732437134,
        "dmean2": 340.87890625,
        "dvar": 86798.7109375,
        "dvar2": 155592.9375,
        "max": 11486.5664062,
        "mean": 1537.22546387,
        "median": 1421.12634277,
        "min": 374.701782227,
        "var": 668009.4375
    },
    "spectral_complexity": {
        "dmean": 3.38544893265,
        "dmean2": 5.35075473785,
        "dvar": 14.9179296494,
        "dvar2": 32.3686408997,
        "max": 51,
        "mean": 21.6765956879,
        "median": 21,
        "min": 0,
        "var": 67.1386642456
    },
    "spectral_decrease": {
        "dmean": 2.74486500196e-09,
        "dmean2": 4.45954784212e-09,
        "dvar": 1.63607226176e-17,
        "dvar2": 4.06971173928e-17,
        "max": 1.04437439205e-28,
        "mean": -7.37277128238e-09,
        "median": -6.19442230843e-09,
        "min": -3.79499169867e-08,
        "var": 2.88119613585e-17
    },
    "spectral_energy": {
        "dmean": 0.0107739772648,
        "dmean2": 0.017395099625,
        "dvar": 0.000243409682298,
        "dvar2": 0.000603109307121,
        "max": 0.152918875217,
        "mean": 0.0302236415446,
        "median": 0.0261770840734,
        "min": 1.05203180984e-20,
        "var": 0.000448201521067
    },
    "spectral_energyband_high": {
        "dmean": 0.000544208509382,
        "dmean2": 0.000777365930844,
        "dvar": 3.5972338992e-06,
        "dvar2": 5.57351677344e-06,
        "max": 0.0373755656183,
        "mean": 0.00118135672528,
        "median": 0.000305214896798,
        "min": 7.6542980268e-21,
        "var": 1.17969511848e-05
    },
    "spectral_energyband_low": {
        "dmean": 0.00663457252085,
        "dmean2": 0.0115396492183,
        "dvar": 0.000138193572639,
        "dvar2": 0.000387091131415,
        "max": 0.0850391089916,
        "mean": 0.00938545167446,
        "median": 0.00607596337795,
        "min": 2.8263349533e-23,
        "var": 0.000146766804392
    },
    "spectral_energyband_middle_high": {
        "dmean": 0.00222538667731,
        "dmean2": 0.00340287899598,
        "dvar": 5.68049608773e-06,
        "dvar2": 1.22187011584e-05,
        "max": 0.0416741855443,
        "mean": 0.00804952904582,
        "median": 0.00710106035694,
        "min": 1.3455271032e-21,
        "var": 2.07236153074e-05
    },
    "spectral_energyband_middle_low": {
        "dmean": 0.00559328030795,
        "dmean2": 0.00883258040994,
        "dvar": 0.000101396464743,
        "dvar2": 0.0002347700065,
        "max": 0.103815168142,
        "mean": 0.0134875932708,
        "median": 0.00854066945612,
        "min": 2.38242657674e-22,
        "var": 0.00020427662821
    },
    "spectral_entropy": {
        "dmean": 0.147044554353,
        "dmean2": 0.21373334527,
        "dvar": 0.0296665113419,
        "dvar2": 0.0578215122223,
        "max": 9.81087970734,
        "mean": 7.46261501312,
        "median": 7.51725530624,
        "min": 5.20887422562,
        "var": 0.28592684865
    },
    "spectral_flux": {
        "dmean": 0.0265515279025,
        "dmean2": 0.040898244828,
        "dvar": 0.000976954121143,
        "dvar2": 0.00201068189926,
        "max": 0.326159566641,
        "mean": 0.0917193070054,
        "median": 0.0787108913064,
        "min": 6.54424084368e-11,
        "var": 0.00256607704796
    },
    "spectral_kurtosis": {
        "dmean": 2.44264292717,
        "dmean2": 4.14901065826,
        "dvar": 11.7705183029,
        "dvar2": 33.5295944214,
        "max": 49.734287262,
        "mean": 5.49245834351,
        "median": 4.36469125748,
        "min": -1.24067437649,
        "var": 21.6429653168
    },
    "spectral_rms": {
        "dmean": 0.000867590657435,
        "dmean2": 0.00136498000938,
        "dvar": 1.09520499336e-06,
        "dvar2": 2.61201535068e-06,
        "max": 0.012214301154,
        "mean": 0.00511053670198,
        "median": 0.00505357468501,
        "min": 3.20370487951e-12,
        "var": 3.3688829717e-06
    },
    "spectral_rolloff": {
        "dmean": 501.305969238,
        "dmean2": 837.161315918,
        "dvar": 890939.4375,
        "dvar2": 1677003.625,
        "max": 19336.8164062,
        "mean": 1854.19628906,
        "median": 1485.79101562,
        "min": 129.19921875,
        "var": 3327471.25
    },
    "spectral_skewness": {
        "dmean": 0.27763196826,
        "dmean2": 0.459558844566,
        "dvar": 0.104001864791,
        "dvar2": 0.282814204693,
        "max": 4.83069133759,
        "mean": 1.56625282764,
        "median": 1.5339653492,
        "min": -0.0626744180918,
        "var": 0.267631977797
    },
    "spectral_spread": {
        "dmean": 520220.1875,
        "dmean2": 760623.125,
        "dvar": 789879259136,
        "dvar2": 1.44399060173e+12,
        "max": 41490916,
        "mean": 4039284.25,
        "median": 3798967.75,
        "min": 1303599.75,
        "var": 6.8536107008e+12
    },
    "spectral_strongpeak": {
        "dmean": 0.657614052296,
        "dmean2": 1.12566685677,
        "dvar": 0.803772270679,
        "dvar2": 1.98428046703,
        "max": 10.7646484375,
        "mean": 1.23901069164,
        "median": 0.75628131628,
        "min": 0,
        "var": 1.56789064407
    },
    "zerocrossingrate": {
        "dmean": 0.0100485030562,
        "dmean2": 0.0118155367672,
        "dvar": 0.00030192558188,
        "dvar2": 0.000369305635104,
        "max": 0.51513671875,
        "mean": 0.0676366835833,
        "median": 0.05712890625,
        "min": 0.0166015625,
        "var": 0.00213609216735
    },
    "barkbands": {
        "dmean": [0.000288360810373, 0.00478611933067, 0.00165484915487, 0.00290713505819, 0.0016481752973, 0.00109757797327, 0.00100093672518, 0.000945191539358, 0.000896075216588, 0.00111172557808, 0.000656996970065, 0.00042612379184, 0.000359317462426, 0.000620488252025, 0.000269290467259, 0.000451723200968, 0.000242026988417, 0.000182798146852, 0.000168549566297, 0.000108279047708, 0.000114239097456, 0.000108632775664, 0.000136884016683, 0.000142032367876, 9.27166256588e-05, 1.07145733637e-05, 3.67094799003e-07],
        "dmean2": [0.000478277856018, 0.00865195598453, 0.00291593000293, 0.00467845145613, 0.00279658543877, 0.0017579398118, 0.00159969285596, 0.00146073207725, 0.00137606670614, 0.0017560768174, 0.000999947427772, 0.000702644407284, 0.000565694703255, 0.000988298212178, 0.000443432567408, 0.000699853466358, 0.000399057462346, 0.000295005098451, 0.000261898094323, 0.000167473990587, 0.000177731824806, 0.000162625554367, 0.000186994453543, 0.000210182886804, 0.000143274257425, 1.54570680024e-05, 6.01414342327e-07],
        "dvar": [4.75251624721e-07, 9.98223258648e-05, 1.09858347059e-05, 4.40285693912e-05, 1.42854978549e-05, 6.42723944111e-06, 3.84364329875e-06, 4.89638887302e-06, 4.58177783003e-06, 2.18329591917e-06, 1.21902166939e-06, 4.27790808999e-07, 1.96088933535e-07, 5.17601563388e-07, 1.20846337381e-07, 2.94620491559e-07, 1.00546877491e-07, 4.519593233e-07, 1.39500087926e-07, 7.28907920688e-08, 1.31600188524e-07, 7.88703289345e-08, 2.78111201624e-07, 5.22851905771e-07, 1.97619101527e-07, 1.33857003259e-09, 1.2382694696e-12],
        "dvar2": [1.20593108477e-06, 0.000298444181681, 3.08263297484e-05, 0.000103835540358, 3.76519274141e-05, 1.61800271599e-05, 8.8893721113e-06, 1.05237731987e-05, 9.91067554423e-06, 5.00150918015e-06, 2.35184188568e-06, 1.08716346858e-06, 4.51462767614e-07, 1.37291488045e-06, 3.1188389471e-07, 6.77420189277e-07, 2.58930100472e-07, 9.09050072551e-07, 3.42934356468e-07, 1.48334194705e-07, 2.60002593677e-07, 1.32388393581e-07, 4.06050730817e-07, 9.30879821226e-07, 4.01790344995e-07, 2.21075069362e-09, 3.07836351895e-12],
        "max": [0.00503565790132, 0.074999153614, 0.036630641669, 0.0745348185301, 0.0443648062646, 0.0560901165009, 0.0306108836085, 0.0389889925718, 0.0439543873072, 0.0277454126626, 0.0252275373787, 0.00965807493776, 0.00725429691374, 0.0112145775929, 0.00488210376352, 0.00856954418123, 0.00617291824892, 0.0257973000407, 0.0122146969661, 0.00735490443185, 0.0121636362746, 0.00679169641808, 0.0159289967269, 0.0176363624632, 0.00836244504899, 0.000718749710359, 3.11801122734e-05],
        "mean": [0.0002911912743, 0.00495488382876, 0.00239696842618, 0.00378685770556, 0.00264139962383, 0.00180456775706, 0.00167398154736, 0.00146827520803, 0.00184258201625, 0.00201674900018, 0.00111475179438, 0.000701597542502, 0.000635213800706, 0.00110718992073, 0.000446666817879, 0.000894181197509, 0.000454986671684, 0.00034326853347, 0.000340829079505, 0.000213461942622, 0.000215882231714, 0.000208274417673, 0.000258735148236, 0.000241045840085, 0.000152076259837, 1.76018129423e-05, 4.4454858994e-07],
        "median": [4.58202121081e-05, 0.00211181794293, 0.00116110616364, 0.00166987418197, 0.00123879441526, 0.000534370774403, 0.000653543858789, 0.000335656426614, 0.000381672318326, 0.00119651982095, 0.000616878503934, 0.000368434935808, 0.00044315282139, 0.000860643689521, 0.000305402441882, 0.000628720154054, 0.000364201201592, 0.000222235452384, 0.000222672359087, 9.91072520264e-05, 5.09878736921e-05, 6.15727840341e-05, 7.13654662832e-05, 2.55429404206e-05, 1.98214183911e-05, 2.24947871175e-06, 1.01094002503e-07],
        "min": [1.69002345726e-24, 3.1489288131e-24, 1.63373349851e-24, 1.41048980664e-24, 1.5568535996e-23, 4.48159642647e-23, 6.48301669129e-24, 1.30129769173e-23, 3.23006639153e-23, 3.65001712551e-23, 1.74250144291e-23, 3.86390603146e-23, 2.87103528318e-23, 6.06725354653e-23, 7.88323533172e-23, 8.03349881913e-23, 1.10774978511e-22, 1.22823673946e-22, 1.37330169661e-22, 2.37402830043e-22, 2.58696849069e-22, 4.12377757645e-22, 4.79384940843e-22, 6.74595526438e-22, 1.0989969884e-21, 1.52837945697e-21, 2.43926737497e-21],
        "var": [4.8293418331e-07, 8.34917736938e-05, 1.22917053886e-05, 5.58414976695e-05, 1.8282320525e-05, 1.04165792436e-05, 9.06894365471e-06, 1.07546666186e-05, 1.55260840984e-05, 7.05168258719e-06, 3.23758104059e-06, 9.10317567104e-07, 4.01745637646e-07, 8.88738270532e-07, 2.03938043342e-07, 7.18236663033e-07, 1.59121086085e-07, 6.14472469351e-07, 2.18151399167e-07, 1.77268375978e-07, 3.74535289893e-07, 2.43692596769e-07, 7.29067210159e-07, 1.37528354571e-06, 4.01454258281e-07, 4.18023837767e-09, 1.59277398128e-12]
    },
    "erbbands": {
        "dmean": [0.155637040734, 1.02164447308, 1.72992014885, 5.92331218719, 8.0780544281, 4.97076511383, 5.47530412674, 10.5595359802, 13.8999481201, 15.947177887, 20.3741855621, 19.3762283325, 27.8608055115, 28.5327987671, 23.035358429, 14.2025642395, 13.7441148758, 27.0851402283, 17.4887924194, 22.8938007355, 18.8175010681, 13.6113700867, 9.72171592712, 7.3355345726, 8.26283550262, 5.25667190552, 4.15393686295, 5.20745182037, 4.19836139679, 3.57565665245, 3.86083936691, 2.72171425819, 2.71788048744, 1.45070815086, 0.453537851572, 0.0883132666349, 0.0121425623074, 0.00102546939161, 7.77134337113e-05, 1.53324926941e-05],
        "dmean2": [0.282629400492, 1.84260070324, 2.98319768906, 9.8017578125, 13.0886764526, 8.14293003082, 9.16814041138, 16.6806755066, 22.2487831116, 24.2801437378, 31.2470569611, 30.0844726562, 42.4056549072, 42.4385223389, 35.4727592468, 22.9801864624, 21.4922103882, 43.7931137085, 27.4096164703, 36.7906112671, 29.4143714905, 22.3387908936, 15.6503505707, 11.8080501556, 12.7724752426, 8.08128166199, 6.52121448517, 8.02927780151, 6.32746887207, 5.20719099045, 5.39930343628, 3.87362504005, 4.10301065445, 2.23299837112, 0.685605108738, 0.129563227296, 0.0176309011877, 0.00154883321375, 0.000124864018289, 2.39687706198e-05],
        "dvar": [0.101454049349, 5.1051197052, 11.8014974594, 146.917602539, 340.627502441, 126.854148865, 218.635162354, 646.311889648, 969.173950195, 824.348876953, 2420.55859375, 2031.72717285, 2157.74487305, 2023.46069336, 1162.109375, 405.650939941, 324.421112061, 1058.84838867, 633.065185547, 731.572143555, 510.68359375, 306.986877441, 820.932922363, 850.934326172, 279.845123291, 166.960983276, 100.329536438, 356.730224609, 136.123733521, 111.20136261, 219.199401855, 167.047073364, 225.215896606, 55.9224815369, 4.49857616425, 0.108637191355, 0.00147950823884, 8.00014277047e-06, 5.27110870507e-08, 6.12922324006e-10],
        "dvar2": [0.31002497673, 15.0010662079, 32.3068771362, 365.965362549, 827.122131348, 308.900299072, 572.507568359, 1596.09436035, 2319.07397461, 1638.35021973, 5257.51171875, 4565.015625, 4313.33349609, 4120.06152344, 2109.76318359, 996.882385254, 735.450317383, 2745.15869141, 1593.78039551, 1809.72241211, 1236.48864746, 781.545898438, 1633.64831543, 1893.22802734, 657.155639648, 347.798278809, 221.721542358, 702.468811035, 247.696624756, 184.052322388, 316.549285889, 278.716461182, 418.41317749, 114.878982544, 9.05320739746, 0.186409816146, 0.00249110348523, 1.46839129229e-05, 1.24861557538e-07, 1.31047117602e-09],
        "max": [2.06695556641, 17.7786235809, 34.1355895996, 126.212303162, 210.53276062, 180.041137695, 319.773773193, 620.166381836, 454.890014648, 481.693634033, 840.018310547, 872.00012207, 846.6640625, 881.572814941, 931.894165039, 299.477264404, 293.547851562, 378.841583252, 412.560821533, 514.030639648, 395.401550293, 329.79095459, 1088.19592285, 1279.91149902, 399.477905273, 344.918945312, 260.040252686, 648.784118652, 326.736938477, 371.055114746, 416.368988037, 329.783508301, 314.056884766, 145.463851929, 52.5200576782, 5.88366556168, 0.835591435432, 0.0516079925001, 0.0062030851841, 0.000503465533257],
        "mean": [0.148907765746, 1.08042657375, 2.60619139671, 8.22756481171, 11.6960201263, 8.36214542389, 7.63342142105, 17.9057846069, 22.4828357697, 27.553653717, 34.3155899048, 39.0367774963, 55.621887207, 58.1700439453, 41.8316383362, 25.720993042, 27.2413978577, 47.5576934814, 33.9131813049, 44.63331604, 38.4331970215, 27.228887558, 20.9667434692, 14.2193908691, 17.3403224945, 10.8018865585, 7.91501379013, 9.32686424255, 7.83517980576, 6.82401227951, 7.27242279053, 4.63655281067, 4.47303199768, 2.38986158371, 0.721982002258, 0.148477196693, 0.0202659275383, 0.00157728698105, 0.000118082200061, 4.36805275967e-05],
        "median": [0.0422304645181, 0.491085499525, 1.6075656414, 4.66705465317, 5.22478818893, 3.62883996964, 2.99910736084, 5.063393116, 7.56384038925, 13.1869735718, 9.08113479614, 9.81565189362, 29.1021022797, 31.850687027, 26.9591846466, 15.3000125885, 20.4736766815, 33.882522583, 21.5977191925, 32.8101921082, 29.7046108246, 22.1293468475, 14.6937456131, 9.13282394409, 10.8704071045, 5.45617389679, 2.20138978958, 1.98443245888, 2.13333821297, 2.12006878853, 1.88250625134, 0.646117866039, 0.367324262857, 0.290159195662, 0.0967532545328, 0.0199038386345, 0.00265964330174, 0.000221368973143, 3.98634620069e-05, 3.44163636328e-05],
        "min": [1.45807698089e-22, 1.10542510669e-21, 2.253038848e-21, 1.18657782557e-20, 7.801942496e-21, 4.59459862312e-20, 1.33391016333e-19, 4.02842929523e-19, 2.34958093906e-19, 2.02223804106e-19, 3.349839789e-19, 9.65082270616e-19, 1.13421072059e-18, 5.84980785029e-19, 1.32592502699e-18, 1.61760845312e-18, 1.58907806321e-18, 2.18374068712e-18, 3.08892670618e-18, 4.44361425063e-18, 5.57277947968e-18, 6.3361079528e-18, 6.68669108463e-18, 8.40241049963e-18, 1.09940012732e-17, 1.23282783428e-17, 9.8439646229e-18, 1.3448861573e-17, 1.44938471126e-17, 1.23368421437e-17, 1.37836017145e-17, 1.2920487549e-17, 1.17786623207e-17, 9.83224595516e-18, 8.38201553444e-18, 5.07373769381e-18, 3.0158992726e-18, 1.2746956637e-18, 2.8799831065e-19, 3.26175054676e-20],
        "var": [0.088004656136, 4.00547409058, 12.7434444427, 174.703567505, 420.713195801, 245.855941772, 242.882537842, 1100.86462402, 1799.77868652, 2287.00488281, 5512.93554688, 6273.22802734, 7409.88720703, 7572.21972656, 3267.29638672, 936.990234375, 658.621643066, 1939.63562012, 1287.74377441, 1519.49194336, 1087.65759277, 481.464996338, 1194.07653809, 1163.3404541, 521.243713379, 403.381896973, 266.660491943, 980.541687012, 382.547637939, 297.143859863, 595.165649414, 412.228973389, 568.574462891, 114.956466675, 8.63815021515, 0.317482948303, 0.00481204641983, 2.11286387639e-05, 8.44762126917e-08, 1.54850621215e-09]
    },
    "gfcc": {
        "mean": [-3.17734718323, 97.8929138184, -154.327011108, 24.6976890564, -55.4750061035, 16.40467453, -34.240272522, 7.83214330673, -14.7694272995, -4.67584323883, -13.0472726822, -3.60026073456, -8.49276447296],
        "cov": [[11188.7783203, 616.159667969, 2588.11206055, 1699.58862305, -687.244445801, 1163.26635742, -918.113891602, 463.601928711, -759.14654541, -128.938934326, -736.957336426, -105.136741638, -125.871261597], [616.159667969, 1572.85852051, 464.581176758, 188.747695923, 511.899078369, -73.9153747559, 69.5931549072, 56.9353904724, -55.3163757324, -130.259094238, 29.3168926239, -74.6164474487, 18.4048995972], [2588.11206055, 464.581176758, 2530.65991211, 1028.89025879, 62.7087783813, 695.401245117, -500.369720459, 322.037353516, -460.25579834, -92.1159439087, -382.682250977, -52.1087036133, -37.3566131592], [1699.58862305, 188.747695923, 1028.89025879, 778.194824219, 86.3623199463, 362.019561768, -174.844711304, 82.2309646606, -206.013793945, -56.0716018677, -171.750640869, -48.9782409668, -9.50414848328], [-687.244445801, 511.899078369, 62.7087783813, 86.3623199463, 537.942932129, -35.2318954468, 165.75579834, 31.1427211761, -11.8665962219, 7.4972486496, 95.5000228882, -22.3134098053, 13.0647764206], [1163.26635742, -73.9153747559, 695.401245117, 362.019561768, -35.2318954468, 418.69152832, -125.438941956, 112.059776306, -102.083648682, -30.2092075348, -143.704315186, 14.4053325653, 1.08155024052], [-918.113891602, 69.5931549072, -500.369720459, -174.844711304, 165.75579834, -125.438941956, 326.091827393, -12.897646904, 114.117721558, 28.4283504486, 107.527763367, -1.20504248142, 12.3657331467], [463.601928711, 56.9353904724, 322.037353516, 82.2309646606, 31.1427211761, 112.059776306, -12.897646904, 175.598205566, -50.2735824585, 26.7393054962, -28.4407291412, -8.40285873413, -2.89678239822], [-759.14654541, -55.3163757324, -460.25579834, -206.013793945, -11.8665962219, -102.083648682, 114.117721558, -50.2735824585, 236.004501343, 28.4623165131, 82.4325866699, 36.6593170166, 15.6198949814], [-128.938934326, -130.259094238, -92.1159439087, -56.0716018677, 7.4972486496, -30.2092075348, 28.4283504486, 26.7393054962, 28.4623165131, 105.079139709, 48.3427467346, 3.41409230232, -3.97163176537], [-736.957336426, 29.3168926239, -382.682250977, -171.750640869, 95.5000228882, -143.704315186, 107.527763367, -28.4407291412, 82.4325866699, 48.3427467346, 160.230422974, 14.4829387665, 14.3902015686], [-105.136741638, -74.6164474487, -52.1087036133, -48.9782409668, -22.3134098053, 14.4053325653, -1.20504248142, -8.40285873413, 36.6593170166, 3.41409230232, 14.4829387665, 76.35105896, 20.2339687347], [-125.871261597, 18.4048995972, -37.3566131592, -9.50414848328, 13.0647764206, 1.08155024052, 12.3657331467, -2.89678239822, 15.6198949814, -3.97163176537, 14.3902015686, 20.2339687347, 62.9309043884]],
        "icov": [[0.0005149654462, -0.000899227394257, 0.00101897423156, -0.0011530026095, 0.00109748449177, -0.000992178102024, 0.000878952327184, -0.00119142746553, 0.00119032501243, -0.0012971929973, 0.00115551403724, -0.00079420756083, 0.000899213657249], [-0.000899227394257, 0.00301018706523, -0.00235292012803, 0.00206591072492, -0.00306114577688, 0.00272570759989, -0.00154123699758, 0.00166706461459, -0.0027504528407, 0.00437105307356, -0.00242206291296, 0.00229324353859, -0.00202037603594], [0.00101897423156, -0.00235292012803, 0.0043722060509, -0.00351218390279, 0.00180055282544, -0.00298768724315, 0.00358031713404, -0.0043844236061, 0.0035233120434, -0.00318265007809, 0.00401761149988, -0.00243645627052, 0.00235273479484], [-0.0011530026095, 0.00206591072492, -0.00351218390279, 0.00631763646379, -0.00298452819698, 0.000408543797676, -0.00232203071937, 0.00459816167131, -0.00228748749942, 0.00279623456299, -0.00254735373892, 0.00376426428556, -0.00264419591986], [0.00109748449177, -0.00306114577688, 0.00180055282544, -0.00298452819698, 0.00651330547407, -0.00243615591899, -0.000333043542923, -0.00196180376224, 0.00340222078376, -0.00378086906858, -8.75893601915e-05, -0.00198860815726, 0.00194965663832], [-0.000992178102024, 0.00272570759989, -0.00298768724315, 0.000408543797676, -0.00243615591899, 0.00884644128382, -0.0021138524171, -3.72065223928e-05, -0.00347725534812, 0.00398012017831, -9.38354132813e-05, -0.000767451419961, -0.002343645785], [0.000878952327184, -0.00154123699758, 0.00358031713404, -0.00232203071937, -0.000333043542923, -0.0021138524171, 0.0082989661023, -0.00433871522546, 0.000955814379267, -0.00191992800683, 0.00235321559012, -0.000620173173957, 0.00156135309953], [-0.00119142746553, 0.00166706461459, -0.0043844236061, 0.00459816167131, -0.00196180376224, -3.72065223928e-05, -0.00433871522546, 0.0132779646665, -0.00212241662666, -0.000815948063973, -0.00363922468387, 0.00321629550308, -0.00263378815725], [0.00119032501243, -0.0027504528407, 0.0035233120434, -0.00228748749942, 0.00340222078376, -0.00347725534812, 0.000955814379267, -0.00212241662666, 0.0104539031163, -0.00456567807123, 0.00198838161305, -0.00442450167611, 0.0020842209924], [-0.0012971929973, 0.00437105307356, -0.00318265007809, 0.00279623456299, -0.00378086906858, 0.00398012017831, -0.00191992800683, -0.000815948063973, -0.00456567807123, 0.0189313273877, -0.00795711390674, 0.00330373458564, -0.00119838770479], [0.00115551403724, -0.00242206291296, 0.00401761149988, -0.00254735373892, -8.75893601915e-05, -9.38354132813e-05, 0.00235321559012, -0.00363922468387, 0.00198838161305, -0.00795711390674, 0.0183166079223, -0.00427132518962, 0.000598870567046], [-0.00079420756083, 0.00229324353859, -0.00243645627052, 0.00376426428556, -0.00198860815726, -0.000767451419961, -0.000620173173957, 0.00321629550308, -0.00442450167611, 0.00330373458564, -0.00427132518962, 0.0193850286305, -0.00639048917219], [0.000899213657249, -0.00202037603594, 0.00235273479484, -0.00264419591986, 0.00194965663832, -0.002343645785, 0.00156135309953, -0.00263378815725, 0.0020842209924, -0.00119838770479, 0.000598870567046, -0.00639048917219, 0.019809467718]]
    },
    "melbands": {
        "dmean": [0.00137386796996, 0.000978513620794, 0.00111520942301, 0.00043435007683, 0.0001864793594, 0.000229774872423, 0.000204666750506, 0.000185082841199, 0.000160094044986, 0.0001248017943, 0.000150270934682, 0.000130385524244, 9.1365633125e-05, 4.67356258014e-05, 4.38713832409e-05, 4.21749900852e-05, 5.07681106683e-05, 3.7144527596e-05, 1.94809490495e-05, 4.08229643654e-05, 2.08244855457e-05, 1.59027058544e-05, 1.11267245302e-05, 1.00242459666e-05, 5.69592702959e-06, 7.83284667705e-06, 4.89190233566e-06, 3.38800737154e-06, 2.82301471088e-06, 2.68118083113e-06, 3.29735007654e-06, 2.63740321316e-06, 2.03790841624e-06, 2.23580696002e-06, 2.46075683208e-06, 2.06295112548e-06, 1.63666413755e-06, 2.06045888262e-06, 1.64339962794e-06, 1.19572575841e-06],
        "dmean2": [0.00248897448182, 0.00171022268478, 0.00181300984696, 0.000711405999027, 0.000307019799948, 0.00036640977487, 0.000325146596879, 0.000283657893306, 0.00024451003992, 0.000194274514797, 0.000229795768973, 0.000196979090106, 0.000139919706271, 7.68460013205e-05, 6.89151565894e-05, 6.79538570694e-05, 8.22555375635e-05, 5.81948479521e-05, 3.21084444295e-05, 6.44266037853e-05, 3.32559284288e-05, 2.61714485532e-05, 1.82271269296e-05, 1.6353033061e-05, 9.2386489996e-06, 1.20379954751e-05, 7.75080388848e-06, 5.27761449121e-06, 4.45021714768e-06, 4.25494317824e-06, 5.09903475177e-06, 4.04671436627e-06, 3.08614266942e-06, 3.32595163854e-06, 3.57818817065e-06, 2.89493959826e-06, 2.49130789598e-06, 3.06107699544e-06, 2.59576768258e-06, 1.89212744317e-06],
        "dvar": [7.83792893344e-06, 4.17643877881e-06, 5.5230302678e-06, 8.99553015188e-07, 2.12664460264e-07, 2.87296131773e-07, 1.87358992321e-07, 1.11365132227e-07, 1.30933685227e-07, 9.35987785056e-08, 5.84328212483e-08, 3.77362248116e-08, 2.02681089689e-08, 8.38011793292e-09, 4.22812762579e-09, 2.88518653413e-09, 3.52429307959e-09, 3.27452664983e-09, 6.66833643859e-10, 2.65967958768e-09, 7.82107545394e-10, 4.27271606984e-10, 2.89029244982e-10, 1.7646251127e-09, 5.31363286704e-10, 2.0356688557e-10, 1.65968516708e-10, 6.79604220122e-11, 4.05028371953e-11, 9.35900384968e-11, 1.24959445569e-10, 5.83093642814e-11, 2.14438380247e-11, 5.42123360092e-11, 7.48196365974e-11, 1.22710008821e-10, 6.59278812098e-11, 1.30282770683e-10, 7.88158011078e-11, 3.79372852577e-11],
        "dvar2": [2.38148895733e-05, 1.13773139674e-05, 1.3215782019e-05, 2.26637484957e-06, 5.38306494491e-07, 7.04459807821e-07, 4.40243496769e-07, 2.26162157446e-07, 2.85362176555e-07, 2.08862203976e-07, 1.1731651739e-07, 7.97790136176e-08, 3.77912563465e-08, 2.18584137457e-08, 9.11210129573e-09, 6.86855194942e-09, 9.30339094651e-09, 8.29944823977e-09, 1.70934055799e-09, 5.987976337e-09, 1.92961002732e-09, 1.09417208627e-09, 7.43039130224e-10, 3.4595921683e-09, 1.23201648883e-09, 4.86883755535e-10, 3.74338282594e-10, 1.46669190682e-10, 9.51640224955e-11, 1.98258395812e-10, 2.36947961252e-10, 1.09736185416e-10, 4.30835367382e-11, 9.54552825672e-11, 1.178238479e-10, 1.92813862099e-10, 1.35164573978e-10, 2.3890217582e-10, 1.58679874795e-10, 8.33562940894e-11],
        "max": [0.019715346396, 0.0170904025435, 0.0254815369844, 0.0107416016981, 0.00933362171054, 0.0130940843374, 0.00663763936609, 0.00550269056112, 0.00602211849764, 0.00578243657947, 0.00408058846369, 0.00363083393313, 0.00335773685947, 0.00127701892052, 0.00107889052015, 0.000797807122581, 0.000657894008327, 0.000917512283195, 0.000409044936532, 0.000877734157257, 0.000435051013483, 0.000326451321598, 0.000284691690467, 0.00162116915453, 0.00102499616332, 0.000291842210572, 0.000324378488585, 0.000188240985153, 0.000117713389045, 0.000351261813194, 0.00035606676829, 0.000197417641175, 0.000103681559267, 0.000270243384875, 0.000263408554019, 0.000449183717137, 0.000233348386246, 0.000244451599428, 0.000169621329405, 0.000131578679429],
        "mean": [0.00136878981721, 0.00141221249942, 0.00160490476992, 0.000712675740942, 0.000284670706606, 0.000396463670768, 0.000340157159371, 0.00031203366234, 0.00027138410951, 0.00025207886938, 0.000289315619739, 0.000253721926128, 0.000159425151651, 7.59164468036e-05, 7.04117119312e-05, 7.19142408343e-05, 8.80613224581e-05, 6.50894580758e-05, 3.21725310641e-05, 7.65989389038e-05, 3.79039192921e-05, 2.88072533294e-05, 2.19146058953e-05, 1.74219112523e-05, 9.68520180322e-06, 1.58484526764e-05, 9.19404828892e-06, 6.33364652458e-06, 4.96361690239e-06, 4.72461715617e-06, 5.67144752495e-06, 4.64834920422e-06, 3.50850427822e-06, 4.064957011e-06, 4.53655184174e-06, 3.37226174452e-06, 2.54009682976e-06, 3.2948153148e-06, 2.56559837908e-06, 1.84634723155e-06],
        "median": [0.000521413458046, 0.000897713704035, 0.000926360371523, 0.000336317025358, 0.000122157769511, 0.000116239039926, 0.000120404416521, 0.000133750028908, 6.64445033181e-05, 5.23015587532e-05, 0.000154340741574, 0.000140266100061, 9.61196856224e-05, 2.59999251284e-05, 4.20303003921e-05, 4.85971286253e-05, 6.4699248469e-05, 3.72483191313e-05, 2.19070716412e-05, 5.01368558616e-05, 2.70514010481e-05, 2.27143355005e-05, 1.55887300934e-05, 1.05727958726e-05, 5.28003783984e-06, 9.58823966357e-06, 4.55164263258e-06, 2.67423297373e-06, 1.32543891596e-06, 9.23468292058e-07, 1.16232990877e-06, 1.17725608106e-06, 1.11045937956e-06, 1.19633773465e-06, 1.14950466923e-06, 5.05765001435e-07, 3.04410121998e-07, 2.30032753734e-07, 2.2554688428e-07, 2.38776067363e-07],
        "min": [1.29908667239e-24, 2.27553199555e-24, 2.27552154314e-24, 2.71724795411e-24, 6.692389053e-24, 8.86029557196e-24, 4.06042919009e-24, 2.52053799322e-24, 1.94659001428e-24, 5.45624322566e-24, 5.41080049878e-24, 2.1783167219e-24, 3.42967454851e-24, 4.33345828812e-24, 3.46552551563e-24, 2.85393447481e-24, 3.90883615651e-24, 4.28717976312e-24, 5.34117997403e-24, 5.06456984191e-24, 6.26762689859e-24, 6.55517734816e-24, 5.73866962923e-24, 5.68380435327e-24, 6.41933786687e-24, 5.51480076509e-24, 7.11621167408e-24, 8.46665398026e-24, 5.56232766247e-24, 5.62456918233e-24, 6.29338044613e-24, 7.15168911557e-24, 7.75767234144e-24, 6.47151825473e-24, 7.33710140501e-24, 6.67556422762e-24, 8.12653738983e-24, 7.695516413e-24, 7.29950192769e-24, 7.60586158226e-24],
        "var": [6.70534518576e-06, 4.11209612139e-06, 6.95462176736e-06, 1.24906364363e-06, 2.92931389367e-07, 4.93368020216e-07, 3.75871962888e-07, 2.86701236973e-07, 3.28775030312e-07, 3.0133276141e-07, 1.93749116306e-07, 1.33581195882e-07, 5.42320712782e-08, 1.68278528889e-08, 8.16462186748e-09, 5.47591927358e-09, 6.29654950401e-09, 6.46411546512e-09, 1.11104614398e-09, 6.45969366886e-09, 1.47875767187e-09, 6.5180483233e-10, 5.51320489262e-10, 2.33933428184e-09, 7.13433812027e-10, 4.01045641141e-10, 3.0818364527e-10, 1.57961435598e-10, 9.64469962228e-11, 2.35387431768e-10, 3.55084794901e-10, 1.54460028101e-10, 5.27934779226e-11, 1.28926008758e-10, 1.98451172162e-10, 2.60833854515e-10, 1.38124900406e-10, 3.33384153617e-10, 1.69243133397e-10, 6.67487662365e-11]
    },
    "mfcc": {
        "mean": [-631.971496582, 121.894683838, -30.9424991608, 9.7442483902, 0.577766537666, 5.28025388718, -4.99692964554, 8.93616294861, -1.2865601778, 3.46211123466, -0.934040367603, -5.2112455368, 4.20084095001],
        "cov": [[6179.79003906, -17.2155647278, 2835.17675781, 628.731628418, 639.554016113, 338.46395874, 152.217147827, 257.114959717, 373.683807373, -192.521835327, -77.2746887207, -5.78167104721, -593.217224121], [-17.2155647278, 1632.72595215, 10.601190567, 305.404327393, 335.514892578, -48.974647522, 176.908691406, 131.61366272, 33.4227256775, 14.5231847763, 75.7797164917, -42.4624023438, -16.4854564667], [2835.17675781, 10.601190567, 2170.74902344, 409.896728516, 625.472290039, 180.779037476, 142.2237854, 179.510864258, 248.467544556, -150.261306763, -37.37865448, -3.1607863903, -422.938812256], [628.731628418, 305.404327393, 409.896728516, 442.406341553, 279.358306885, 115.965118408, 149.601119995, 57.9048576355, 60.462852478, 5.04674625397, -13.4317541122, 3.1428027153, -90.681312561], [639.554016113, 335.514892578, 625.472290039, 279.358306885, 490.619689941, 98.250869751, 162.433273315, 84.7208099365, 82.9761428833, -17.9075717926, 7.11978673935, 4.15907907486, -112.044166565], [338.46395874, -48.974647522, 180.779037476, 115.965118408, 98.250869751, 233.516296387, 20.4754619598, 83.7713699341, 53.8801345825, -15.9634723663, -16.993932724, 19.42927742, -45.4792366028], [152.217147827, 176.908691406, 142.2237854, 149.601119995, 162.433273315, 20.4754619598, 263.414825439, 44.2039642334, 57.2316970825, 39.3645553589, 28.4738197327, 1.0572104454, -27.1133899689], [257.114959717, 131.61366272, 179.510864258, 57.9048576355, 84.7208099365, 83.7713699341, 44.2039642334, 157.503814697, 68.5727386475, -5.85456609726, 14.063703537, 5.45734977722, -42.762676239], [373.683807373, 33.4227256775, 248.467544556, 60.462852478, 82.9761428833, 53.8801345825, 57.2316970825, 68.5727386475, 137.200958252, 10.6654891968, 14.8257923126, 15.8753700256, -40.2245864868], [-192.521835327, 14.5231847763, -150.261306763, 5.04674625397, -17.9075717926, -15.9634723663, 39.3645553589, -5.85456609726, 10.6654891968, 102.816299438, 36.6764411926, 15.4680118561, 42.7538719177], [-77.2746887207, 75.7797164917, -37.37865448, -13.4317541122, 7.11978673935, -16.993932724, 28.4738197327, 14.063703537, 14.8257923126, 36.6764411926, 91.7825622559, 24.7585525513, 15.6181325912], [-5.78167104721, -42.4624023438, -3.1607863903, 3.1428027153, 4.15907907486, 19.42927742, 1.0572104454, 5.45734977722, 15.8753700256, 15.4680118561, 24.7585525513, 74.8346176147, 29.2681980133], [-593.217224121, -16.4854564667, -422.938812256, -90.681312561, -112.044166565, -45.4792366028, -27.1133899689, -42.762676239, -40.2245864868, 42.7538719177, 15.6181325912, 29.2681980133, 164.000320435]],
