{
"lowlevel": {
    "average_loudness": 0.964963138103,
    "barkbands_crest": {
        "dmean": 2.7661960125,
        "dmean2": 4.55834150314,
        "dvar": 12.5977458954,
        "dvar2": 30.2442531586,
        "max": 26.3683319092,
        "mean": 8.78556537628,
        "median": 7.22167158127,
        "min": 2.70260381699,
        "var": 23.7478160858
    },
    "barkbands_flatness_db": {
        "dmean": 0.0335736684501,
        "dmean2": 0.0492642186582,
        "dvar": 0.00130616873503,
        "dvar2": 0.00263744452968,
        "max": 0.475686520338,
        "mean": 0.135533154011,
        "median": 0.129439771175,
        "min": 0.0303997900337,
        "var": 0.00390402902849
    },
    "barkbands_kurtosis": {
        "dmean": 8.00904273987,
        "dmean2": 12.6711301804,
        "dvar": 2302.67407227,
        "dvar2": 4913.42285156,
        "max": 1050.54284668,
        "mean": 8.72553825378,
        "median": -0.452044487,
        "min": -1.85561478138,
        "var": 3553.16943359
    },
    "barkbands_skewness": {
        "dmean": 0.696129322052,
        "dmean2": 1.09853923321,
        "dvar": 2.20926094055,
        "dvar2": 4.65520811081,
        "max": 28.6117706299,
        "mean": 1.33047914505,
        "median": 0.839489340782,
        "min": -2.14079833031,
        "var": 6.18213415146
    },
    "barkbands_spread": {
        "dmean": 6.68422317505,
        "dmean2": 10.8225908279,
        "dvar": 75.6774291992,
        "dvar2": 189.601135254,
        "max": 98.4732437134,
        "mean": 27.9708385468,
        "median": 29.6176891327,
        "min": 0.228183954954,
        "var": 159.004196167
    },
    "dissonance": {
        "dmean": 0.00929699931294,
        "dmean2": 0.0147803639993,
        "dvar": 9.54356364673e-05,
        "dvar2": 0.000227367214393,
        "max": 0.500000119209,
        "mean": 0.481709718704,
        "median": 0.487492322922,
        "min": 0.373840719461,
        "var": 0.000305214431137
    },
    "dynamic_complexity": 2.04013204575,
    "erbbands_crest": {
        "dmean": 1.81788039207,
        "dmean2": 2.88616514206,
        "dvar": 3.39871954918,
        "dvar2": 7.87871646881,
        "max": 25.2644062042,
        "mean": 7.06614112854,
        "median": 6.40264177322,
        "min": 2.64258527756,
        "var": 8.3469877243
    },
    "erbbands_flatness_db": {
        "dmean": 0.0281081479043,
        "dmean2": 0.0370810441673,
        "dvar": 0.00077996175969,
        "dvar2": 0.0012508899672,
        "max": 0.300603449345,
        "mean": 0.170489743352,
        "median": 0.181800276041,
        "min": 0.068131454289,
        "var": 0.00194332341198
    },
    "erbbands_kurtosis": {
        "dmean": 0.720514476299,
        "dmean2": 1.1365429163,
        "dvar": 0.778936684132,
        "dvar2": 1.73638784885,
        "max": 8.55250072479,
        "mean": 0.351742476225,
        "median": 0.0490565299988,
        "min": -1.74946129322,
        "var": 1.78934645653
    },
    "erbbands_skewness": {
        "dmean": 0.308775693178,
        "dmean2": 0.474222660065,
        "dvar": 0.100907810032,
        "dvar2": 0.227567017078,
        "max": 2.41702818871,
        "mean": -0.488834172487,
        "median": -0.596887350082,
        "min": -2.08792352676,
        "var": 0.411866098642
    },
    "erbbands_spread": {
        "dmean": 7.21396636963,
        "dmean2": 11.3279972076,
        "dvar": 106.316635132,
        "dvar2": 212.976196289,
        "max": 127.545539856,
        "mean": 33.988193512,
        "median": 30.6473140717,
        "min": 8.4944229126,
        "var": 251.171646118
    },
    "hfc": {
        "dmean": 5.92642211914,
        "dmean2": 8.78292751312,
        "dvar": 37.0240859985,
        "dvar2": 80.5374526978,
        "max": 77.4831924438,
        "mean": 25.4142169952,
        "median": 24.1563816071,
        "min": 1.12405785198e-16,
        "var": 219.266830444
    },
    "melbands_crest": {
        "dmean": 3.50541162491,
        "dmean2": 5.54796743393,
        "dvar": 15.7334804535,
        "dvar2": 36.2933044434,
        "max": 32.8284378052,
        "mean": 13.6859951019,
        "median": 12.2103748322,
        "min": 1.76815640926,
        "var": 38.4093856812
    },
    "melbands_flatness_db": {
        "dmean": 0.0364761948586,
        "dmean2": 0.0555657334626,
        "dvar": 0.00192462478299,
        "dvar2": 0.0040266700089,
        "max": 0.587446808815,
        "mean": 0.196718990803,
        "median": 0.18206474185,
        "min": 0.00426200963557,
        "var": 0.00626841606572
    },
    "melbands_kurtosis": {
        "dmean": 11.6869001389,
        "dmean2": 18.9965705872,
        "dvar": 1813.55859375,
        "dvar2": 3757.77319336,
        "max": 741.231201172,
        "mean": 19.969045639,
        "median": 3.47489881516,
        "min": -1.66897404194,
        "var": 5523.47412109
    },
    "melbands_skewness": {
        "dmean": 0.884707331657,
        "dmean2": 1.4225268364,
        "dvar": 2.79824328423,
        "dvar2": 5.88042449951,
        "max": 19.6125965118,
        "mean": 2.64435219765,
        "median": 2.00337314606,
        "min": -1.1857585907,
        "var": 7.13572978973
    },
    "melbands_spread": {
        "dmean": 10.1062765121,
        "dmean2": 16.1913394928,
        "dvar": 239.666381836,
        "dvar2": 612.798156738,
        "max": 185.644622803,
        "mean": 33.8198242188,
        "median": 32.2048606873,
        "min": 0.261826485395,
        "var": 550.882080078
    },
    "pitch_salience": {
        "dmean": 0.0821247771382,
        "dmean2": 0.133250057697,
        "dvar": 0.00985820125788,
        "dvar2": 0.0247392002493,
        "max": 0.903466880322,
        "mean": 0.574788570404,
        "median": 0.603118181229,
        "min": 0.0675029084086,
        "var": 0.018148213625
    },
    "silence_rate_20dB": {
        "dmean": 0,
        "dmean2": 0,
        "dvar": 0,
        "dvar2": 0,
        "max": 1,
        "mean": 1,
        "median": 1,
        "min": 1,
        "var": 0
    },
    "silence_rate_30dB": {
        "dmean": 0.00464396271855,
        "dmean2": 0.00929152127355,
        "dvar": 0.00462244218215,
        "dvar2": 0.0138511555269,
        "max": 1,
        "mean": 0.997678935528,
        "median": 1,
        "min": 0,
        "var": 0.00231565744616
    },
    "silence_rate_60dB": {
        "dmean": 0.0212848298252,
        "dmean2": 0.0425861403346,
        "dvar": 0.0208326335996,
        "dvar2": 0.0461946092546,
        "max": 1,
        "mean": 0.0642166361213,
        "median": 0,
        "min": 0,
        "var": 0.0600894764066
    },
    "spectral_centroid": {
        "dmean": 269.694763184,
        "dmean2": 413.144226074,
        "dvar": 130214.242188,
        "dvar2": 267426.875,
        "max": 11631.8720703,
        "mean": 1776.05493164,
        "median": 1745.05151367,
        "min": 193.65612793,
        "var": 1076897.25
    },
    "spectral_complexity": {
        "dmean": 4.44117641449,
        "dmean2": 6.62795209885,
        "dvar": 20.7860126495,
        "dvar2": 45.1599121094,
        "max": 58,
        "mean": 29.3234043121,
        "median": 33,
        "min": 0,
        "var": 155.94128418
    },
    "spectral_decrease": {
        "dmean": 2.52091281183e-09,
        "dmean2": 4.1074428303e-09,
        "dvar": 2.12394388335e-17,
        "dvar2": 5.41052618273e-17,
        "max": 5.46871549523e-22,
        "mean": -8.41434655285e-09,
        "median": -7.81629960755e-09,
        "min": -4.19417283126e-08,
        "var": 2.5733481323e-17
    },
    "spectral_energy": {
        "dmean": 0.00973892584443,
        "dmean2": 0.0157216582447,
        "dvar": 0.000303162349155,
        "dvar2": 0.000766100711189,
        "max": 0.162573724985,
        "mean": 0.0340628661215,
        "median": 0.0317344553769,
        "min": 1.01542220149e-20,
        "var": 0.000388006505091
    },
    "spectral_energyband_high": {
        "dmean": 0.000377631717129,
        "dmean2": 0.000565304828342,
        "dvar": 2.49934288377e-07,
        "dvar2": 5.10914333063e-07,
        "max": 0.00823638122529,
        "mean": 0.000542870082427,
        "median": 0.000244635040872,
        "min": 7.30564786096e-21,
        "var": 4.15032502588e-07
    },
    "spectral_energyband_low": {
        "dmean": 0.00866075698286,
        "dmean2": 0.0144124990329,
        "dvar": 0.000351292372216,
        "dvar2": 0.000908695277758,
        "max": 0.149394467473,
        "mean": 0.0151039687917,
        "median": 0.0103849619627,
        "min": 2.93843871437e-23,
        "var": 0.000335406424711
    },
    "spectral_energyband_middle_high": {
        "dmean": 0.00200569233857,
        "dmean2": 0.00298770936206,
        "dvar": 4.18279887526e-06,
        "dvar2": 9.56067106017e-06,
        "max": 0.0413864850998,
        "mean": 0.00873573124409,
        "median": 0.00848435144871,
        "min": 1.30947467047e-21,
        "var": 3.76498646801e-05
    },
    "spectral_energyband_middle_low": {
        "dmean": 0.00332739693113,
        "dmean2": 0.00522785494104,
        "dvar": 1.87779569387e-05,
        "dvar2": 4.56170419056e-05,
        "max": 0.0463067106903,
        "mean": 0.0113469073549,
        "median": 0.0106502063572,
        "min": 1.99945442344e-22,
        "var": 4.74699227198e-05
    },
    "spectral_entropy": {
        "dmean": 0.210955947638,
        "dmean2": 0.27987203002,
        "dvar": 0.0561581142247,
        "dvar2": 0.0875067859888,
        "max": 9.8249874115,
        "mean": 7.60497665405,
        "median": 7.59629297256,
        "min": 5.68307828903,
        "var": 0.18775101006
    },
    "spectral_flux": {
        "dmean": 0.0308489985764,
        "dmean2": 0.0448065362871,
        "dvar": 0.00131068960764,
        "dvar2": 0.002747382503,
        "max": 0.349134981632,
        "mean": 0.088133983314,
        "median": 0.0796434655786,
        "min": 6.52983500604e-11,
        "var": 0.00254865316674
    },
    "spectral_kurtosis": {
        "dmean": 2.51915717125,
        "dmean2": 4.3129863739,
        "dvar": 8.50685119629,
        "dvar2": 23.5997409821,
        "max": 51.2256965637,
        "mean": 5.47928476334,
        "median": 4.68425703049,
        "min": -1.24818336964,
        "var": 10.7846012115
    },
    "spectral_rms": {
        "dmean": 0.00076474994421,
        "dmean2": 0.00117125140969,
        "dvar": 1.29489899336e-06,
        "dvar2": 2.92171012006e-06,
        "max": 0.0125939873978,
        "mean": 0.00546076195315,
        "median": 0.00556421093643,
        "min": 3.14746839702e-12,
        "var": 3.41215809385e-06
    },
    "spectral_rolloff": {
        "dmean": 567.780639648,
        "dmean2": 947.702697754,
        "dvar": 1200505.625,
        "dvar2": 2928867.5,
        "max": 19767.4804688,
        "mean": 2020.01452637,
        "median": 2002.58789062,
        "min": 43.06640625,
        "var": 4243471.5
    },
    "spectral_skewness": {
        "dmean": 0.281219929457,
        "dmean2": 0.464834779501,
        "dvar": 0.0726222321391,
        "dvar2": 0.188635379076,
        "max": 5.18242073059,
        "mean": 1.40613722801,
        "median": 1.40660464764,
        "min": -0.142901867628,
        "var": 0.155908703804
    },
    "spectral_spread": {
        "dmean": 683603.25,
        "dmean2": 978469.9375,
        "dvar": 918597271552,
        "dvar2": 1.78773229568e+12,
        "max": 42011196,
        "mean": 3566859,
        "median": 2823320.25,
        "min": 915157.875,
        "var": 1.16548194796e+13
    },
    "spectral_strongpeak": {
        "dmean": 0.415807396173,
        "dmean2": 0.726286530495,
        "dvar": 0.903252959251,
        "dvar2": 2.29829955101,
        "max": 10.6709003448,
        "mean": 0.670872092247,
        "median": 0.357705593109,
        "min": 0,
        "var": 1.49534201622
    },
    "zerocrossingrate": {
        "dmean": 0.0112070376053,
        "dmean2": 0.0137813268229,
        "dvar": 0.000233632788877,
        "dvar2": 0.000315468176268,
        "max": 0.52685546875,
        "mean": 0.064174130559,
        "median": 0.05859375,
        "min": 0.00244140625,
        "var": 0.00260949274525
    },
    "barkbands": {
        "dmean": [0.000441561540356, 0.00748314289376, 0.00163872539997, 0.00174527068157, 0.00150147976819, 0.000520388886798, 0.000344118248904, 0.000345251726685, 0.000577074941248, 0.000560395827051, 0.000237141255639, 0.000234435035964, 0.000307184556732, 0.000543611939065, 0.000504651630763, 0.000555643055122, 0.000650930567645, 0.000389225897379, 0.000264652422629, 0.000190677004866, 0.000106743034848, 8.73094759299e-05, 5.64030233363e-05, 2.56626026385e-05, 4.63791911898e-05, 2.1591757104e-05, 3.75655918106e-06],
        "dmean2": [0.00072115677176, 0.0126202786341, 0.00272638606839, 0.00279827904887, 0.00246554636396, 0.000828931399155, 0.000547498289961, 0.000530223886017, 0.000884664710611, 0.000846341252327, 0.000368206150597, 0.000372962793335, 0.000505625503138, 0.000844010792207, 0.000817655061837, 0.000903436506633, 0.00106917286757, 0.000619641912635, 0.000401767669246, 0.000301140680676, 0.000163240765687, 0.000131488981424, 8.75729092513e-05, 3.88459156966e-05, 7.23627526895e-05, 3.38701247529e-05, 6.27071631243e-06],
        "dvar": [7.95407117948e-07, 0.000307315262035, 6.75254068483e-06, 1.23919717225e-05, 3.9712472244e-06, 4.852115012e-07, 4.70702246957e-07, 2.53435388231e-07, 2.24266455007e-06, 6.52215874197e-07, 2.61886469843e-07, 8.64251887833e-08, 2.00531815153e-07, 1.11804979497e-06, 5.72131170884e-07, 4.74421142371e-07, 5.57475289042e-07, 2.39292404558e-07, 9.46358156284e-08, 7.14652443889e-08, 3.09670156184e-08, 1.22699210792e-08, 6.32336982775e-09, 1.29680977068e-09, 4.98483343492e-09, 1.25692822817e-09, 6.01483307605e-11],
        "dvar2": [2.07788434636e-06, 0.000801711576059, 1.86727120308e-05, 2.8713606298e-05, 1.09033235276e-05, 1.27289899865e-06, 1.18469392874e-06, 5.9266091057e-07, 5.48862044525e-06, 1.52864913616e-06, 6.1566106524e-07, 2.15613098931e-07, 5.08892640028e-07, 2.24497307499e-06, 1.51514666413e-06, 1.18739535537e-06, 1.4335942069e-06, 5.57747853236e-07, 2.17661565216e-07, 1.56521750228e-07, 6.16021083033e-08, 2.45965559031e-08, 1.36973383746e-08, 2.9207454233e-09, 1.18252820869e-08, 3.0991336164e-09, 1.52738557913e-10],
        "max": [0.00844349619001, 0.130674913526, 0.0286471601576, 0.0311128795147, 0.0252933111042, 0.0126712536439, 0.0166134890169, 0.00998851191252, 0.0329361781478, 0.0208649002016, 0.012598018162, 0.00386902806349, 0.00934978853911, 0.0295769535005, 0.0181175973266, 0.0137494076043, 0.00922257266939, 0.00951784849167, 0.00517209293321, 0.00479914154857, 0.00454531703144, 0.000838580308482, 0.000566972594243, 0.000267689465545, 0.000426293117926, 0.000265541340923, 6.95376220392e-05],
        "mean": [0.000440615025582, 0.00974884349853, 0.00355866109021, 0.00294138933532, 0.00384346349165, 0.00122534646653, 0.000760395720135, 0.000742516946048, 0.00122004037257, 0.00114766019396, 0.000451949163107, 0.000457595306216, 0.000547206727788, 0.00111196562648, 0.00105876731686, 0.0012629913399, 0.00137911515776, 0.000822695437819, 0.000559853331652, 0.000365899992175, 0.000141484008054, 0.000124522513943, 6.35125106783e-05, 2.60409196926e-05, 3.99465716328e-05, 1.7671212845e-05, 2.72794773082e-06],
        "median": [0.000116439914564, 0.0051744133234, 0.00238855858333, 0.00184636563063, 0.00299256108701, 0.00097717915196, 0.000555963313673, 0.000515982625075, 0.00054460024694, 0.000906896137167, 0.000210436221096, 0.000356660515536, 0.000383701990359, 0.000572807737626, 0.00080195767805, 0.00104669190478, 0.00119244493544, 0.000624175183475, 0.000446936464868, 0.000202187089599, 4.98405897815e-05, 6.72055030009e-05, 1.90971040865e-05, 4.9336426855e-06, 1.52047266511e-06, 5.0745217095e-07, 2.4442535107e-08],
        "min": [5.49285771154e-25, 4.9103767228e-24, 2.44437781155e-24, 2.22238288649e-24, 1.32552613449e-23, 1.21002435507e-23, 1.55458483564e-23, 1.66292099702e-23, 2.75194852538e-23, 2.0471050931e-23, 1.83332221006e-23, 2.11450426444e-23, 4.14193911087e-23, 5.06855027627e-23, 5.79031477497e-23, 7.99255315161e-23, 7.26526694212e-23, 1.22197734906e-22, 1.19085205318e-22, 2.15894796209e-22, 3.11829369961e-22, 3.86108588527e-22, 4.33600463646e-22, 6.3999434533e-22, 1.06670241134e-21, 1.26710488814e-21, 2.03733716494e-21],
        "var": [7.25685424641e-07, 0.000270048069069, 1.36440075948e-05, 1.53260825755e-05, 1.24262869576e-05, 1.19892501971e-06, 9.64883497545e-07, 6.42441364107e-07, 4.65637276648e-06, 1.52114910179e-06, 1.0303496083e-06, 1.78061640099e-07, 3.97585978362e-07, 4.45113573733e-06, 1.68484757523e-06, 1.68167571246e-06, 1.36713458687e-06, 7.29129851607e-07, 2.49628016036e-07, 2.36518033603e-07, 5.35319095718e-08, 1.79937451605e-08, 7.56229479038e-09, 1.49374146385e-09, 4.94040675036e-09, 1.16177234499e-09, 4.80490994215e-11]
    },
    "erbbands": {
        "dmean": [0.257171452045, 1.56578207016, 2.18599009514, 3.36595249176, 6.4812541008, 4.42356824875, 3.90311765671, 4.27576589584, 5.40648126602, 6.03287124634, 7.11316871643, 12.8211927414, 21.0428256989, 10.7468900681, 9.49309635162, 10.1197071075, 13.5535068512, 22.4002113342, 25.1319198608, 23.707649231, 32.0075721741, 28.1451931, 21.8685474396, 14.7426862717, 12.3949480057, 8.10472679138, 4.66377210617, 3.89919400215, 3.06856179237, 2.88823318481, 1.20474755764, 0.514535963535, 0.496623545885, 0.527788639069, 0.328719228506, 0.109640389681, 0.03836190328, 0.00628368323669, 0.000606232613791, 4.80429916934e-05],
        "dmean2": [0.429659903049, 2.67996907234, 3.7222468853, 5.42986726761, 10.4153575897, 7.22683477402, 6.15432882309, 6.83779239655, 8.44501399994, 9.62699985504, 10.6565771103, 19.426990509, 31.1802444458, 16.7752952576, 14.4759988785, 16.2424926758, 22.1778583527, 33.1747627258, 41.1983566284, 38.6435813904, 51.9330711365, 45.1251792908, 34.4486312866, 22.9069538116, 18.5757408142, 12.8835430145, 7.23689365387, 5.84550333023, 4.65849924088, 4.4014339447, 1.8387067318, 0.777117788792, 0.765669584274, 0.831890881062, 0.513105452061, 0.169751748443, 0.0608268305659, 0.0101146176457, 0.0010174436029, 7.77403038228e-05],
        "dvar": [0.398501604795, 12.7138614655, 15.9356555939, 31.9904994965, 116.163505554, 35.6879615784, 29.9565391541, 37.1707725525, 91.5556335449, 111.773254395, 129.616775513, 1227.50756836, 1081.54943848, 459.97479248, 394.17074585, 145.861984253, 337.28527832, 2139.62451172, 1491.90686035, 1167.73059082, 1483.89794922, 1013.32891846, 790.51348877, 278.63381958, 239.932632446, 144.393447876, 96.3333969116, 30.8342075348, 15.9645643234, 14.0474014282, 2.78789401054, 0.491137385368, 0.542736232281, 0.654207706451, 0.253716140985, 0.0287541840225, 0.0043835719116, 0.000127633582451, 1.65483186265e-06, 8.40699687643e-09],
        "dvar2": [1.03227698803, 33.7138671875, 44.9541091919, 79.8574523926, 301.03918457, 95.0729751587, 81.7853546143, 91.4628067017, 223.694763184, 239.835189819, 313.453094482, 2925.60888672, 2629.1784668, 1178.09887695, 924.60144043, 366.463470459, 876.214172363, 3662.65185547, 3984.15454102, 2848.68554688, 3698.12353516, 2621.9675293, 1744.79150391, 678.648071289, 520.853881836, 312.064422607, 214.299194336, 61.0222015381, 31.259098053, 29.3941783905, 5.77944946289, 1.05988669395, 1.27057826519, 1.56272065639, 0.608025670052, 0.0688219070435, 0.0109351081774, 0.000321650441037, 4.22976972914e-06, 2.11277537687e-08],
        "max": [4.53340911865, 28.9502983093, 40.5610809326, 51.9539604187, 127.643440247, 84.4577102661, 94.0334014893, 130.979522705, 187.652832031, 232.672790527, 280.932281494, 756.952819824, 638.44519043, 701.640197754, 459.865875244, 115.166320801, 266.511962891, 1678.93115234, 959.87097168, 1024.74108887, 858.953308105, 374.779724121, 643.875915527, 246.977386475, 292.3934021, 266.399810791, 317.4269104, 74.5564422607, 31.7905731201, 24.7138881683, 12.7850866318, 5.3317732811, 5.77127981186, 5.0737862587, 3.42954468727, 1.23552012444, 0.53462857008, 0.100807026029, 0.0110020954162, 0.000819225911982],
        "mean": [0.292865872383, 2.11921334267, 4.53541278839, 7.03382730484, 13.7314872742, 10.9277801514, 8.50388526917, 9.79105377197, 11.9768075943, 13.1344623566, 16.7740268707, 27.7448978424, 42.1818199158, 23.6446208954, 20.1163597107, 20.5755767822, 27.203332901, 50.5136604309, 54.0168266296, 57.1496429443, 80.6614532471, 66.4853286743, 50.3017234802, 33.7232017517, 25.9068145752, 16.0371685028, 7.13278007507, 5.21520185471, 4.27423667908, 3.70546221733, 1.46305799484, 0.588479042053, 0.464267909527, 0.454428762197, 0.278884232044, 0.0920706018806, 0.0310266278684, 0.0049465354532, 0.000453822605778, 6.93306064932e-05],
        "median": [0.0971797928214, 1.23787307739, 2.80288863182, 5.2628455162, 8.35417842865, 8.53326034546, 6.70442152023, 7.40324497223, 8.75763225555, 8.89907455444, 11.6212158203, 14.0883464813, 28.7867889404, 16.9403858185, 11.456199646, 17.0247573853, 19.2851448059, 25.9325218201, 42.4836654663, 47.7291412354, 70.955581665, 60.1989326477, 40.6636962891, 28.1474704742, 18.6825370789, 9.07345676422, 3.25965666771, 2.1790034771, 2.008010149, 1.78935396671, 0.534339249134, 0.186832100153, 0.0555945187807, 0.0236782822758, 0.00812749285251, 0.00279428786598, 0.000896698969882, 0.000124575410155, 2.54062015301e-05, 4.27181221312e-05],
        "min": [1.44643919994e-22, 1.00941217696e-21, 5.05875955318e-21, 8.38471385576e-21, 1.97530714122e-20, 4.02066937174e-20, 5.93277329025e-20, 8.60855199914e-20, 1.88912710292e-19, 2.92275428953e-19, 3.67347368668e-19, 6.47671200992e-19, 4.01268985763e-19, 1.2182234229e-18, 1.38140516805e-18, 9.60355760596e-19, 1.94898290017e-18, 2.14035589117e-18, 3.01013982079e-18, 4.28127012925e-18, 5.19931942723e-18, 5.01817390411e-18, 7.36767124623e-18, 7.18431921883e-18, 7.43129632459e-18, 1.01371869152e-17, 1.1056607265e-17, 1.32368775159e-17, 1.47235353164e-17, 1.08386857054e-17, 1.32415320612e-17, 1.16244990156e-17, 1.12580092005e-17, 9.60476218773e-18, 7.29703663936e-18, 4.66588843458e-18, 2.56039386353e-18, 1.00341723232e-18, 2.86488938676e-19, 2.90214443833e-20],
        "var": [0.350315093994, 10.9731502533, 23.8973751068, 45.5622787476, 260.360626221, 102.145805359, 63.2236404419, 94.6818084717, 202.310379028, 337.264373779, 300.121490479, 2495.84838867, 2569.87768555, 897.266662598, 1483.32348633, 304.823852539, 832.168457031, 11544.7695312, 3080.13745117, 3887.32495117, 6246.93701172, 2949.14990234, 2595.47143555, 802.047058105, 740.843811035, 444.799072266, 168.673919678, 50.2518844604, 23.4719638824, 18.6347579956, 3.54025220871, 0.610199391842, 0.570639133453, 0.640124678612, 0.247245714068, 0.0283027403057, 0.00390748865902, 0.000110345041321, 1.29757609102e-06, 6.94943746993e-09]
    },
    "gfcc": {
        "mean": [-7.22789287567, 112.459716797, -138.365615845, 48.9457626343, -34.5281982422, 7.40543603897, -30.1657314301, 6.96623086929, -12.853263855, -7.22628974915, -17.4150848389, -3.00393247604, -9.65338230133],
        "cov": [[19488.9414062, 1776.93823242, -1785.20080566, -378.916931152, -597.463439941, -62.2616233826, -383.166351318, 144.576507568, -357.816192627, -51.580947876, -242.907608032, 56.6739501953, -150.221237183], [1776.93823242, 3252.62158203, -969.33380127, -264.272521973, -53.4888076782, -397.366424561, 313.112121582, -331.025177002, 285.041625977, -525.471191406, 357.30871582, -241.003387451, 53.7651062012], [-1785.20080566, -969.33380127, 1028.69934082, 39.5476570129, 95.9977722168, 180.042358398, -4.32042360306, 140.541122437, -118.332130432, 197.778793335, -117.306549072, 98.0225982666, -29.8805809021], [-378.916931152, -264.272521973, 39.5476570129, 277.695953369, 62.5373954773, 79.3961181641, -3.27358150482, 26.7871456146, 39.0365028381, 41.1893959045, -6.96408653259, 7.78347349167, 23.0394306183], [-597.463439941, -53.4888076782, 95.9977722168, 62.5373954773, 159.144271851, 55.120967865, 45.2539520264, 29.7587890625, 49.9089698792, 25.4403934479, 23.8038234711, 14.3989620209, 17.6809577942], [-62.2616233826, -397.366424561, 180.042358398, 79.3961181641, 55.120967865, 177.558731079, -16.5672912598, 97.3682785034, -11.9456129074, 99.4300231934, -42.6805458069, 62.2899017334, 2.30602502823], [-383.166351318, 313.112121582, -4.32042360306, -3.27358150482, 45.2539520264, -16.5672912598, 146.123672485, -2.90419149399, 69.5928573608, -42.7323608398, 63.0148506165, -32.6050682068, 26.689201355], [144.576507568, -331.025177002, 140.541122437, 26.7871456146, 29.7587890625, 97.3682785034, -2.90419149399, 141.216033936, -19.5379505157, 98.4817657471, -35.1320381165, 54.5587692261, -0.723825395107], [-357.816192627, 285.041625977, -118.332130432, 39.0365028381, 49.9089698792, -11.9456129074, 69.5928573608, -19.5379505157, 142.026367188, -33.6786384583, 71.4430541992, -27.6263790131, 31.4836730957], [-51.580947876, -525.471191406, 197.778793335, 41.1893959045, 25.4403934479, 99.4300231934, -42.7323608398, 98.4817657471, -33.6786384583, 164.642608643, -40.8334503174, 63.2307395935, -4.19223690033], [-242.907608032, 357.30871582, -117.306549072, -6.96408653259, 23.8038234711, -42.6805458069, 63.0148506165, -35.1320381165, 71.4430541992, -40.8334503174, 102.686286926, -15.9076452255, 28.8095760345], [56.6739501953, -241.003387451, 98.0225982666, 7.78347349167, 14.3989620209, 62.2899017334, -32.6050682068, 54.5587692261, -27.6263790131, 63.2307395935, -15.9076452255, 78.2543258667, 8.93928527832], [-150.221237183, 53.7651062012, -29.8805809021, 23.0394306183, 17.6809577942, 2.30602502823, 26.689201355, -0.723825395107, 31.4836730957, -4.19223690033, 28.8095760345, 8.93928527832, 46.6174850464]],
        "icov": [[0.000117869982205, -0.000235142098973, 0.00025060569169, -4.08913801948e-05, 0.000163724980666, -9.45200372371e-05, 9.80021068244e-05, -0.000243383896304, 0.000318833976053, -0.000471124949399, 0.000693003472406, -0.000238127729972, 7.42463962524e-05], [-0.000235142098973, 0.00168657745235, -0.000153436587425, 0.000737396476325, -0.000141207536217, 0.000108706080937, -0.00103812944144, 0.000468851358164, -0.000998726696707, 0.00328534655273, -0.00370835373178, 0.000835474696942, 0.000585616857279], [0.00025060569169, -0.000153436587425, 0.00239054788835, 0.00014956650557, -0.000519680732395, -0.000596540805418, -0.00180681422353, 0.000221023394261, 0.00172878336161, -0.00193925807253, 0.00239600613713, -0.00146870547906, 0.00116630794946], [-4.08913801948e-05, 0.000737396476325, 0.00014956650557, 0.00530149368569, -0.0011157116387, -0.00236543384381, 0.000775940017775, 0.000560197688174, -0.00141464767512, 0.000754593522288, -0.000779293943197, 0.00261323014274, -0.0023980892729], [0.000163724980666, -0.000141207536217, -0.000519680732395, -0.0011157116387, 0.00973546504974, -0.00205373181961, -0.00147216615733, -0.000444720499218, -0.00225807982497, -8.89337388799e-05, -0.000940184749197, -0.00122345611453, 0.000486504548462], [-9.45200372371e-05, 0.000108706080937, -0.000596540805418, -0.00236543384381, -0.00205373181961, 0.0137589788064, -0.00104824989103, -0.00358010898344, -0.00204149656929, -0.0017362027429, 0.00370507896878, -0.00581341609359, 0.00104724639095], [9.80021068244e-05, -0.00103812944144, -0.00180681422353, 0.000775940017775, -0.00147216615733, -0.00104824989103, 0.0159738324583, -0.00571329519153, -0.00167431263253, 0.00238676578738, -0.00512826396152, 0.00774220936, -0.00562221882865], [-0.000243383896304, 0.000468851358164, 0.000221023394261, 0.000560197688174, -0.000444720499218, -0.00358010898344, -0.00571329519153, 0.0174493659288, -0.000835112587083, -0.00598810100928, 0.00311406655237, -0.0053273094818, 0.00155000120867], [0.000318833976053, -0.000998726696707, 0.00172878336161, -0.00141464767512, -0.00225807982497, -0.00204149656929, -0.00167431263253, -0.000835112587083, 0.0158987659961, -0.00241668429226, -0.00399039313197, 0.00372648774646, -0.00331371626817], [-0.000471124949399, 0.00328534655273, -0.00193925807253, 0.000754593522288, -8.89337388799e-05, -0.0017362027429, 0.00238676578738, -0.00598810100928, -0.00241668429226, 0.0213478114456, -0.00917111709714, -0.000710664840881, 0.00109292531852], [0.000693003472406, -0.00370835373178, 0.00239600613713, -0.000779293943197, -0.000940184749197, 0.00370507896878, -0.00512826396152, 0.00311406655237, -0.00399039313197, -0.00917111709714, 0.0319749414921, -0.00890411622822, -0.00459416117519], [-0.000238127729972, 0.000835474696942, -0.00146870547906, 0.00261323014274, -0.00122345611453, -0.00581341609359, 0.00774220936, -0.0053273094818, 0.00372648774646, -0.000710664840881, -0.00890411622822, 0.0301866810769, -0.010593929328], [7.42463962524e-05, 0.000585616857279, 0.00116630794946, -0.0023980892729, 0.000486504548462, 0.00104724639095, -0.00562221882865, 0.00155000120867, -0.00331371626817, 0.00109292531852, -0.00459416117519, -0.010593929328, 0.0331612378359]]
    },
    "melbands": {
        "dmean": [0.00219592452049, 0.00138371600769, 0.000677748292219, 0.000387921609217, 0.000136031158036, 9.79868564173e-05, 8.04866067483e-05, 6.64130784571e-05, 6.30617869319e-05, 8.5442312411e-05, 0.000105366460048, 4.56021043647e-05, 3.57272510882e-05, 2.60879678535e-05, 2.71407006949e-05, 3.16971527354e-05, 4.67414720333e-05, 4.47232123406e-05, 3.98689480789e-05, 3.95313072659e-05, 4.09831700381e-05, 3.44503569067e-05, 2.9094000638e-05, 1.76553276106e-05, 1.29580184876e-05, 9.67954292719e-06, 9.0877765615e-06, 4.97100290886e-06, 3.28873602484e-06, 2.50976586358e-06, 2.28043063544e-06, 1.50134428623e-06, 2.27991222346e-06, 1.50175685576e-06, 7.26629878045e-07, 4.69615940801e-07, 2.59454850493e-07, 3.34776558475e-07, 3.7834618638e-07, 4.7196090236e-07],
        "dmean2": [0.00368067715317, 0.00234383414499, 0.00109427375719, 0.000629041343927, 0.000218525761738, 0.000155185451149, 0.000125342950923, 0.000106096937088, 9.49387685978e-05, 0.000129200998344, 0.000156547219376, 7.17803777661e-05, 5.49241012777e-05, 4.09380663768e-05, 4.43150602223e-05, 5.1384766266e-05, 7.00425589457e-05, 7.36120491638e-05, 6.42315571895e-05, 6.48522473057e-05, 6.70471054036e-05, 5.63669782423e-05, 4.66661113023e-05, 2.86053200398e-05, 2.03886847885e-05, 1.48234421431e-05, 1.4101367924e-05, 7.96600397734e-06, 5.22442724105e-06, 3.86316696677e-06, 3.42583962265e-06, 2.32710317505e-06, 3.47788113686e-06, 2.35951983996e-06, 1.11866938823e-06, 7.26419386865e-07, 3.94801048742e-07, 5.18585125064e-07, 5.91411833284e-07, 7.48806883166e-07],
        "dvar": [2.78396655631e-05, 7.87437784311e-06, 1.41556017752e-06, 2.72265907597e-07, 3.01430134186e-08, 1.8262202417e-08, 2.15434834416e-08, 1.30333432935e-08, 1.28619390694e-08, 5.38160058738e-08, 2.77342984134e-08, 8.70917471474e-09, 6.22433748987e-09, 1.18291432205e-09, 1.22856580465e-09, 2.12410822265e-09, 1.06281339285e-08, 5.99658234179e-09, 4.66798244503e-09, 2.38318986767e-09, 2.43036790692e-09, 1.64104385636e-09, 1.36740641032e-09, 5.18393106219e-10, 2.3302526575e-10, 1.46144388258e-10, 1.66314739758e-10, 6.1254966377e-11, 6.6246640118e-11, 1.61247612485e-11, 1.11450822529e-11, 3.72963769243e-12, 1.00877249262e-11, 4.22692436608e-12, 1.04420281016e-12, 4.58842274072e-13, 1.232192923e-13, 2.54112079686e-13, 3.26231554791e-13, 5.36878159117e-13],
        "dvar2": [7.25529098418e-05, 2.15209238377e-05, 3.38936592925e-06, 7.42886811622e-07, 8.1883925418e-08, 4.59763462857e-08, 5.40585851638e-08, 2.84956467311e-08, 3.16438182324e-08, 1.29832599782e-07, 6.74194495787e-08, 2.20793463512e-08, 1.42242617684e-08, 2.964157364e-09, 3.13905168525e-09, 4.89220663979e-09, 1.81132637778e-08, 1.6017997595e-08, 1.27941151007e-08, 6.01954930346e-09, 6.10631278875e-09, 4.27991064811e-09, 3.51345996741e-09, 1.1406491307e-09, 5.70791525156e-10, 3.41467437659e-10, 3.64273250453e-10, 1.32381439144e-10, 1.65583491363e-10, 3.04872654899e-11, 2.41403771972e-11, 7.4053610466e-12, 2.2192312224e-11, 9.27490896585e-12, 2.22643561573e-12, 1.00797527876e-12, 2.68965405503e-13, 5.90957350329e-13, 7.78790009912e-13, 1.28345055937e-12],
        "max": [0.0387612506747, 0.0279931686819, 0.0114886779338, 0.00684133265167, 0.00271063973196, 0.00283983396366, 0.0032541018445, 0.00218178029172, 0.00305611244403, 0.00482152355835, 0.00336398882791, 0.00306493160315, 0.00200986186974, 0.000481509836391, 0.000468074169476, 0.00143454852514, 0.00382585241459, 0.00185677083209, 0.00171881052665, 0.000902026018593, 0.00105755135883, 0.000536565668881, 0.000695008726325, 0.000602942483965, 0.000225328883971, 0.00019403679471, 0.000209921301575, 0.000184866541531, 0.000269480573479, 9.89832042251e-05, 4.24394092988e-05, 1.65158908203e-05, 2.51521014434e-05, 1.33264757096e-05, 7.7664917626e-06, 6.6773072831e-06, 2.22064181798e-06, 4.23748952016e-06, 4.44158786195e-06, 4.46372860097e-06],
        "mean": [0.00266644801013, 0.00254732300527, 0.0014408325078, 0.00095724494895, 0.000310950068524, 0.000227012089454, 0.000180400311365, 0.000142657750985, 0.00014205397747, 0.000180018992978, 0.000207291217521, 9.33310220717e-05, 7.02556571923e-05, 5.10762620252e-05, 5.37987216376e-05, 6.37086559436e-05, 9.77428426268e-05, 8.46971161081e-05, 8.22959191282e-05, 8.58078128658e-05, 9.69710745267e-05, 7.26150319679e-05, 5.88855109527e-05, 3.61113270628e-05, 2.64879963652e-05, 1.89034944924e-05, 1.72717373061e-05, 8.94765253179e-06, 4.85886630486e-06, 3.09556935463e-06, 2.97058204524e-06, 2.0875249902e-06, 2.90630850941e-06, 1.75350203335e-06, 8.49009666126e-07, 5.46381841104e-07, 2.90382899948e-07, 3.14329327011e-07, 3.34568369453e-07, 4.01718835974e-07],
        "median": [0.00121068675071, 0.00170828111004, 0.00112131831702, 0.000747193116695, 0.0002537171531, 0.000174868386239, 0.000132028319058, 9.64558275882e-05, 0.000100048768218, 8.69515861268e-05, 0.00013795371342, 6.40312719042e-05, 3.46363121935e-05, 3.85832827305e-05, 4.28463426942e-05, 4.08728592447e-05, 4.69521401101e-05, 6.23900996288e-05, 5.70968841203e-05, 7.12132896297e-05, 8.39499552967e-05, 6.26488399575e-05, 4.41312404291e-05, 2.86639296974e-05, 2.16448825086e-05, 1.37068582262e-05, 1.0634085811e-05, 4.45484693046e-06, 2.05083824767e-06, 8.07647552392e-07, 1.40527754411e-06, 9.92262584987e-07, 1.48468700445e-06, 7.15021542419e-07, 2.90059830377e-07, 2.07045758316e-07, 8.9373379808e-08, 3.80477906958e-08, 2.87231198826e-08, 1.62105884272e-08],
        "min": [2.25319224358e-24, 2.36014561068e-24, 1.74960138827e-24, 2.11163411236e-24, 2.49460675476e-24, 2.43804187798e-24, 3.32441999337e-24, 3.02943867128e-24, 3.03769567837e-24, 3.34738491761e-24, 2.01257152368e-24, 4.77308021541e-24, 3.36220603629e-24, 3.18905126481e-24, 4.20802940419e-24, 3.29236502491e-24, 3.75225278885e-24, 4.50719385844e-24, 5.05185103754e-24, 5.21913648667e-24, 5.39106359337e-24, 3.47266667898e-24, 6.83633644668e-24, 5.03153471379e-24, 5.41612452103e-24, 4.11933067287e-24, 6.46196633246e-24, 6.1072767201e-24, 6.83676400929e-24, 6.17583741024e-24, 5.78278785864e-24, 7.99206658221e-24, 7.49577288749e-24, 4.81038978635e-24, 6.43283646025e-24, 7.6293783147e-24, 5.74220845925e-24, 7.85486000496e-24, 6.8645129805e-24, 7.29205429188e-24],
        "var": [2.42137721216e-05, 8.33353897178e-06, 1.96149835574e-06, 7.75694047661e-07, 7.28096338776e-08, 4.73505181731e-08, 4.58142039861e-08, 3.6987959362e-08, 2.44007161143e-08, 1.06661133259e-07, 6.44505604441e-08, 1.66562479365e-08, 2.50240876909e-08, 2.44074271905e-09, 2.58498511485e-09, 8.75454730931e-09, 4.76288413154e-08, 9.534672607e-09, 1.49926808746e-08, 6.68833477491e-09, 9.23824128307e-09, 3.82861475856e-09, 3.81583964426e-09, 1.47875311995e-09, 5.57072332708e-10, 3.69560909652e-10, 5.30282429079e-10, 1.68678876422e-10, 1.0041306675e-10, 2.82387030426e-11, 1.58267444289e-11, 5.70162840552e-12, 1.22542314837e-11, 5.0839597289e-12, 1.28051096202e-12, 5.39725978754e-13, 1.50976033433e-13, 2.67601045489e-13, 3.27191046609e-13, 5.17871878193e-13]
    },
    "mfcc": {
        "mean": [-635.312072754, 132.426498413, -29.5352878571, 41.4006500244, 14.6389684677, 10.3589839935, -4.76488876343, 14.1599941254, 3.01986074448, 4.76943492889, 2.29328870773, -7.53299236298, 0.0598487704992],
        "cov": [[11479.7939453, 1828.43212891, -963.369384766, -237.849822998, -410.785461426, -273.044586182, -213.16178894, 1.2684315443, -145.28742981, -80.1882858276, -35.4447517395, -129.675048828, 53.6612014771], [1828.43212891, 2556.00878906, -503.256591797, 33.7508621216, -270.954193115, -121.232681274, -105.906867981, 191.010452271, -248.276382446, 30.9239940643, -3.76153707504, -60.657913208, -0.911971449852], [-963.369384766, -503.256591797, 599.742919922, 16.8769168854, 102.913467407, 63.4028739929, 121.538215637, -34.7821044922, 105.766906738, -29.3819503784, 30.5387973785, 12.2455797195, 11.880320549], [-237.849822998, 33.7508621216, 16.8769168854, 161.252639771, 34.7214813232, 38.0117416382, 10.1860876083, 17.3770942688, 11.2251005173, 27.8242282867, -3.75235486031, 9.93438243866, 0.380136191845], [-410.785461426, -270.954193115, 102.913467407, 34.7214813232, 164.023529053, 64.9284820557, 31.4525089264, 10.164185524, 55.8235054016, 9.1858549118, 22.0864028931, 19.0945339203, 16.3061656952], [-273.044586182, -121.232681274, 63.4028739929, 38.0117416382, 64.9284820557, 99.1011962891, 19.3704280853, 14.4774894714, 35.2705154419, 14.819691658, 17.0155200958, 20.1492195129, -4.61450433731], [-213.16178894, -105.906867981, 121.538215637, 10.1860876083, 31.4525089264, 19.3704280853, 104.869522095, 12.002661705, 41.5637321472, 8.83217906952, 12.582903862, 11.2419538498, 19.2654457092], [1.2684315443, 191.010452271, -34.7821044922, 17.3770942688, 10.164185524, 14.4774894714, 12.002661705, 90.2972717285, 11.1930875778, 18.6632785797, 11.2134580612, 4.72838544846, 12.6599597931], [-145.28742981, -248.276382446, 105.766906738, 11.2251005173, 55.8235054016, 35.2705154419, 41.5637321472, 11.1930875778, 98.8634414673, 25.4151000977, 19.3074092865, 24.4536323547, 12.5871486664], [-80.1882858276, 30.9239940643, -29.3819503784, 27.8242282867, 9.1858549118, 14.819691658, 8.83217906952, 18.6632785797, 25.4151000977, 68.6286315918, 25.8580684662, 14.793384552, 8.01926136017], [-35.4447517395, -3.76153707504, 30.5387973785, -3.75235486031, 22.0864028931, 17.0155200958, 12.582903862, 11.2134580612, 19.3074092865, 25.8580684662, 50.2420921326, 18.1790485382, 7.87662601471], [-129.675048828, -60.657913208, 12.2455797195, 9.93438243866, 19.0945339203, 20.1492195129, 11.2419538498, 4.72838544846, 24.4536323547, 14.793384552, 18.1790485382, 51.432144165, 17.7845401764], [53.6612014771, -0.911971449852, 11.880320549, 0.380136191845, 16.3061656952, -4.61450433731, 19.2654457092, 12.6599597931, 12.5871486664, 8.01926136017, 7.87662601471, 17.7845401764, 56.8695411682]],
