{
"lowlevel": {
    "average_loudness": 0.703929185867,
    "barkbands_crest": {
        "dmean": 1.87924218178,
        "dmean2": 3.06005167961,
        "dvar": 2.83561682701,
        "dvar2": 7.1338262558,
        "max": 23.1068153381,
        "mean": 8.60416126251,
        "median": 7.89896297455,
        "min": 2.65099573135,
        "var": 10.9836359024
    },
    "barkbands_flatness_db": {
        "dmean": 0.0141675565392,
        "dmean2": 0.0225203726441,
        "dvar": 0.000171157065779,
        "dvar2": 0.00040619057836,
        "max": 0.267487108707,
        "mean": 0.145083785057,
        "median": 0.137566804886,
        "min": 0.0423390828073,
        "var": 0.00239757238887
    },
    "barkbands_kurtosis": {
        "dmean": 1.09514117241,
        "dmean2": 1.79766476154,
        "dvar": 2.03108453751,
        "dvar2": 5.31364345551,
        "max": 18.1376094818,
        "mean": 1.27878117561,
        "median": 0.601510047913,
        "min": -1.87488043308,
        "var": 5.40667629242
    },
    "barkbands_skewness": {
        "dmean": 0.33286395669,
        "dmean2": 0.527200043201,
        "dvar": 0.120672799647,
        "dvar2": 0.272315263748,
        "max": 4.14911222458,
        "mean": 0.80536955595,
        "median": 1.05527889729,
        "min": -2.62446284294,
        "var": 1.20950198174
    },
    "barkbands_spread": {
        "dmean": 4.20257854462,
        "dmean2": 6.60905265808,
        "dvar": 37.8389968872,
        "dvar2": 79.8059997559,
        "max": 99.7970199585,
        "mean": 22.3577346802,
        "median": 18.4289398193,
        "min": 4.07422494888,
        "var": 196.378646851
    },
    "dissonance": {
        "dmean": 0.0128967594355,
        "dmean2": 0.0214618444443,
        "dvar": 0.000146598758874,
        "dvar2": 0.000401737837819,
        "max": 0.499972641468,
        "mean": 0.471219658852,
        "median": 0.475664466619,
        "min": 0.370442539454,
        "var": 0.000374239112716
    },
    "dynamic_complexity": 4.25598239899,
    "erbbands_crest": {
        "dmean": 1.86890780926,
        "dmean2": 2.99100995064,
        "dvar": 2.97354006767,
        "dvar2": 6.84145212173,
        "max": 24.8336029053,
        "mean": 8.24407482147,
        "median": 7.61438846588,
        "min": 2.50731682777,
        "var": 11.1751976013
    },
    "erbbands_flatness_db": {
        "dmean": 0.0109365675598,
        "dmean2": 0.0162760931998,
        "dvar": 0.000112633722892,
        "dvar2": 0.000227914060815,
        "max": 0.385486453772,
        "mean": 0.204294517636,
        "median": 0.182298853993,
        "min": 0.0767057612538,
        "var": 0.00716167408973
    },
    "erbbands_kurtosis": {
        "dmean": 0.505877315998,
        "dmean2": 0.780556380749,
        "dvar": 0.380577683449,
        "dvar2": 0.856533944607,
        "max": 7.64774227142,
        "mean": -0.0977711379528,
        "median": -0.418673276901,
        "min": -1.55391478539,
        "var": 1.25264060497
    },
    "erbbands_skewness": {
        "dmean": 0.252233833075,
        "dmean2": 0.378241300583,
        "dvar": 0.0531562492251,
        "dvar2": 0.111870124936,
        "max": 2.39693689346,
        "mean": -0.0810072794557,
        "median": -0.168677538633,
        "min": -2.25684785843,
        "var": 0.457031339407
    },
    "erbbands_spread": {
        "dmean": 5.1761302948,
        "dmean2": 8.1907491684,
        "dvar": 42.4625434875,
        "dvar2": 101.615707397,
        "max": 93.60572052,
        "mean": 34.1953048706,
        "median": 33.7601242065,
        "min": 6.62246608734,
        "var": 339.940490723
    },
    "hfc": {
        "dmean": 6.9812412262,
        "dmean2": 10.3866662979,
        "dvar": 302.299041748,
        "dvar2": 573.035705566,
        "max": 321.462463379,
        "mean": 25.0468788147,
        "median": 17.8162002563,
        "min": 1.0913160581e-16,
        "var": 1085.96203613
    },
    "melbands_crest": {
        "dmean": 2.56640791893,
        "dmean2": 4.11017179489,
        "dvar": 6.34799766541,
        "dvar2": 16.1871967316,
        "max": 31.6676120758,
        "mean": 12.4566869736,
        "median": 11.5748901367,
        "min": 1.74953365326,
        "var": 33.7477226257
    },
    "melbands_flatness_db": {
        "dmean": 0.0166072025895,
        "dmean2": 0.0259008277208,
        "dvar": 0.000308322545607,
        "dvar2": 0.000716976996046,
        "max": 0.311798363924,
        "mean": 0.177659392357,
        "median": 0.185112044215,
        "min": 0.00253566144966,
        "var": 0.00181078130845
    },
    "melbands_kurtosis": {
        "dmean": 2.93707323074,
        "dmean2": 4.89463567734,
        "dvar": 22.8237342834,
        "dvar2": 61.5660820007,
        "max": 72.9544372559,
        "mean": 6.60335445404,
        "median": 5.00637054443,
        "min": -1.73991239071,
        "var": 59.9236831665
    },
    "melbands_skewness": {
        "dmean": 0.436998397112,
        "dmean2": 0.699663162231,
        "dvar": 0.257276833057,
        "dvar2": 0.66118401289,
        "max": 7.60578203201,
        "mean": 1.79065489769,
        "median": 1.9933013916,
        "min": -0.991297602654,
        "var": 2.33030438423
    },
    "melbands_spread": {
        "dmean": 6.34620809555,
        "dmean2": 9.85387325287,
        "dvar": 111.509254456,
        "dvar2": 210.581756592,
        "max": 188.728363037,
        "mean": 28.9525718689,
        "median": 24.6589031219,
        "min": 5.12474632263,
        "var": 450.853302002
    },
    "pitch_salience": {
        "dmean": 0.0533046722412,
        "dmean2": 0.0857780948281,
        "dvar": 0.00258537451737,
        "dvar2": 0.00669947033748,
        "max": 0.884836852551,
        "mean": 0.61332565546,
        "median": 0.623564183712,
        "min": 0.206122562289,
        "var": 0.0134855350479
    },
    "silence_rate_20dB": {
        "dmean": 0,
        "dmean2": 0,
        "dvar": 0,
        "dvar2": 0,
        "max": 1,
        "mean": 1,
        "median": 1,
        "min": 1,
        "var": 0
    },
    "silence_rate_30dB": {
        "dmean": 0.0030959751457,
        "dmean2": 0.0061943475157,
        "dvar": 0.00308636855334,
        "dvar2": 0.00847875885665,
        "max": 1,
        "mean": 0.998065769672,
        "median": 1,
        "min": 0,
        "var": 0.00193052692339
    },
    "silence_rate_60dB": {
        "dmean": 0.000386996893212,
        "dmean2": 0.000774293439463,
        "dvar": 0.000386868137866,
        "dvar2": 0.000773691455834,
        "max": 1,
        "mean": 0.27659574151,
        "median": 0,
        "min": 0,
        "var": 0.200091868639
    },
    "spectral_centroid": {
        "dmean": 196.374252319,
        "dmean2": 308.28503418,
        "dvar": 78826.8515625,
        "dvar2": 144559.375,
        "max": 11234.3544922,
        "mean": 1799.1307373,
        "median": 1728.93688965,
        "min": 519.186584473,
        "var": 980749
    },
    "spectral_complexity": {
        "dmean": 3.25890088081,
        "dmean2": 5.1308555603,
        "dvar": 12.5649175644,
        "dvar2": 28.1723804474,
        "max": 56,
        "mean": 21.5268859863,
        "median": 21,
        "min": 0,
        "var": 125.662162781
    },
    "spectral_decrease": {
        "dmean": 1.96741400948e-09,
        "dmean2": 3.26443605481e-09,
        "dvar": 1.43963886929e-17,
        "dvar2": 3.89846748538e-17,
        "max": 1.0153489426e-28,
        "mean": -6.34894492535e-09,
        "median": -5.53922330226e-09,
        "min": -4.57261286613e-08,
        "var": 3.6585808064e-17
    },
    "spectral_energy": {
        "dmean": 0.00784186180681,
        "dmean2": 0.0129725290462,
        "dvar": 0.000219389374251,
        "dvar2": 0.000589985807892,
        "max": 0.178012222052,
        "mean": 0.0262341871858,
        "median": 0.023535951972,
        "min": 1.0127807973e-20,
        "var": 0.000592792814132
    },
    "spectral_energyband_high": {
        "dmean": 0.000678637123201,
        "dmean2": 0.000981244491413,
        "dvar": 4.86284397994e-06,
        "dvar2": 9.02499959921e-06,
        "max": 0.0405206009746,
        "mean": 0.0015912943054,
        "median": 0.000330137612764,
        "min": 7.14925094846e-21,
        "var": 1.51234316945e-05
    },
    "spectral_energyband_low": {
        "dmean": 0.0044078011997,
        "dmean2": 0.00747619383037,
        "dvar": 0.00011232617544,
        "dvar2": 0.000315657322062,
        "max": 0.132478043437,
        "mean": 0.0091154621914,
        "median": 4.34045505244e-05,
        "min": 2.65407455287e-23,
        "var": 0.000180892646313
    },
    "spectral_energyband_middle_high": {
        "dmean": 0.001085677417,
        "dmean2": 0.00171199662145,
        "dvar": 2.26257202485e-06,
        "dvar2": 5.63982848689e-06,
        "max": 0.0290592201054,
        "mean": 0.00481179030612,
        "median": 0.00424808589742,
        "min": 1.19765210992e-21,
        "var": 1.30942862597e-05
    },
    "spectral_energyband_middle_low": {
        "dmean": 0.00500482879579,
        "dmean2": 0.00824802741408,
        "dvar": 8.96647543414e-05,
        "dvar2": 0.000242291309405,
        "max": 0.111486665905,
        "mean": 0.0126599455252,
        "median": 0.00902992207557,
        "min": 1.79809130338e-22,
        "var": 0.000189392856555
    },
    "spectral_entropy": {
        "dmean": 0.111969418824,
        "dmean2": 0.170729473233,
        "dvar": 0.0155267165974,
        "dvar2": 0.0322036966681,
        "max": 9.82242965698,
        "mean": 7.53291845322,
        "median": 7.57590913773,
        "min": 6.26211071014,
        "var": 0.286917984486
    },
    "spectral_flux": {
        "dmean": 0.0182795058936,
        "dmean2": 0.0280066691339,
        "dvar": 0.000736369926017,
        "dvar2": 0.00149723992217,
        "max": 0.324784427881,
        "mean": 0.0673606991768,
        "median": 0.0590623430908,
        "min": 6.44200665034e-11,
        "var": 0.00275460560806
    },
    "spectral_kurtosis": {
        "dmean": 2.84764885902,
        "dmean2": 5.03908348083,
        "dvar": 18.004737854,
        "dvar2": 55.2526931763,
        "max": 35.2595977783,
        "mean": 6.16539478302,
        "median": 4.06732940674,
        "min": -1.24126768112,
        "var": 37.9576721191
    },
    "spectral_rms": {
        "dmean": 0.000603505293839,
        "dmean2": 0.00096831395058,
        "dvar": 8.03643501968e-07,
        "dvar2": 2.08722508432e-06,
        "max": 0.0131784090772,
        "mean": 0.00439104065299,
        "median": 0.00479185814038,
        "min": 3.14337206438e-12,
        "var": 6.31308876109e-06
    },
    "spectral_rolloff": {
        "dmean": 427.014282227,
        "dmean2": 714.088745117,
        "dvar": 828470.1875,
        "dvar2": 1687655.25,
        "max": 19336.8164062,
        "mean": 2229.01464844,
        "median": 2024.12109375,
        "min": 150.732421875,
        "var": 4268741.5
    },
    "spectral_skewness": {
        "dmean": 0.286783546209,
        "dmean2": 0.493853539228,
        "dvar": 0.122648283839,
        "dvar2": 0.364690363407,
        "max": 3.37995648384,
        "mean": 1.39167487621,
        "median": 1.3644605875,
        "min": -0.0390836447477,
        "var": 0.265787512064
    },
    "spectral_spread": {
        "dmean": 346496.21875,
        "dmean2": 521459.3125,
        "dvar": 612665720832,
        "dvar2": 1.06013851648e+12,
        "max": 42162736,
        "mean": 4058030,
        "median": 4049965.5,
        "min": 1266488.375,
        "var": 1.21999070331e+13
    },
    "spectral_strongpeak": {
        "dmean": 0.446574598551,
        "dmean2": 0.751323163509,
        "dvar": 0.473977863789,
        "dvar2": 1.19245827198,
        "max": 13.8772144318,
        "mean": 1.12945914268,
        "median": 0.845777094364,
        "min": 0,
        "var": 0.927698135376
    },
    "zerocrossingrate": {
        "dmean": 0.00904416292906,
        "dmean2": 0.0103520164266,
        "dvar": 0.000247062183917,
        "dvar2": 0.000283772591501,
        "max": 0.52392578125,
        "mean": 0.0803852602839,
        "median": 0.072265625,
        "min": 0.01806640625,
        "var": 0.00275861774571
    },
    "barkbands": {
        "dmean": [7.33513952582e-05, 0.00185078894719, 0.00205653719604, 0.00273707765155, 0.00161748717073, 0.000972626090515, 0.000739207142033, 0.000527915195562, 0.000652339251246, 0.000349247507984, 0.000281530694338, 0.000173726599314, 0.000159414877999, 0.000145558122313, 0.000259415217442, 0.000228244360187, 0.000268240517471, 0.000179524940904, 0.000147596336319, 0.000124306010548, 0.000108829386591, 0.000182194460649, 0.000253660633462, 0.000152468492161, 6.61967787892e-05, 1.01835994428e-05, 3.63720772611e-07],
        "dmean2": [0.000120199525554, 0.00315611180849, 0.00354285351932, 0.00457336241379, 0.00272504216991, 0.00152303907089, 0.00111392396502, 0.00081463198876, 0.00101739226375, 0.000548598065507, 0.000434658722952, 0.000270736403763, 0.000254722428508, 0.000228442935622, 0.000412407505792, 0.000357045442797, 0.000432382250438, 0.000287325761747, 0.000244952767389, 0.000199706686544, 0.000172731786733, 0.000279525062069, 0.000366255000699, 0.000224125440582, 9.32548064156e-05, 1.40037282108e-05, 6.1333304302e-07],
        "dvar": [2.44036595376e-08, 1.82592193596e-05, 3.16160876537e-05, 4.1150549805e-05, 1.3014499018e-05, 4.75067645311e-06, 3.05516118715e-06, 1.80216761692e-06, 2.2974611511e-06, 5.22015113802e-07, 2.38064089331e-07, 8.60030695549e-08, 5.85903912054e-08, 5.36618358637e-08, 1.27730501731e-07, 9.70340607864e-08, 1.40918430702e-07, 1.03891245828e-07, 8.28316117918e-08, 6.64822579211e-08, 6.55357865753e-08, 4.97391397403e-07, 1.2157644278e-06, 4.95485267038e-07, 6.81950140802e-08, 1.3321996839e-09, 1.5803072826e-12],
        "dvar2": [6.56733689652e-08, 5.0733309763e-05, 8.94161712495e-05, 0.000111231835035, 3.51366215909e-05, 1.06239904198e-05, 6.81174151396e-06, 4.57667783849e-06, 5.67181541555e-06, 1.1465284615e-06, 5.53638756173e-07, 1.88895043607e-07, 1.4511491031e-07, 1.43626067484e-07, 3.3762108842e-07, 2.27939551678e-07, 3.55711165412e-07, 2.68653508328e-07, 2.12398688859e-07, 1.57014255819e-07, 1.54736767399e-07, 1.13734847673e-06, 2.56739394899e-06, 9.86562668004e-07, 1.27379536252e-07, 2.09143413699e-09, 4.36783638771e-12],
        "max": [0.00147664931137, 0.0579933896661, 0.0726182162762, 0.08420868963, 0.0372946634889, 0.0322924554348, 0.0330375172198, 0.0240197088569, 0.0383794307709, 0.0196923408657, 0.0119513552636, 0.00885137170553, 0.00335421133786, 0.00425555603579, 0.00470422394574, 0.00457509979606, 0.00523298606277, 0.00713195558637, 0.00547872763127, 0.00505625363439, 0.00613533239812, 0.0253499746323, 0.0296348948032, 0.0148519072682, 0.00507722282782, 0.000882079766598, 2.12985250982e-05],
        "mean": [9.65424333117e-05, 0.00388271757402, 0.00330720795318, 0.00346008362249, 0.00272879912518, 0.00200613983907, 0.00172867486253, 0.000989666790701, 0.00147377210669, 0.000776593340561, 0.00055363989668, 0.000387112406315, 0.00032131394255, 0.000293135992251, 0.000591805030126, 0.00054703396745, 0.0006295919884, 0.000399443990318, 0.000323642685544, 0.000243662929279, 0.000244438269874, 0.000351118156686, 0.000470690982183, 0.000276501436019, 0.000129646956339, 2.08067449421e-05, 4.35821533529e-07],
        "median": [5.356098427e-07, 1.42198014146e-05, 1.7791557184e-05, 0.000126693383208, 0.00123980664648, 0.000378788303351, 0.000453688349808, 0.000317728059599, 0.000511291378643, 0.000419307820266, 0.000315407087328, 0.000225175055675, 0.000211196122109, 0.000195332846488, 0.000425951438956, 0.000385375431506, 0.000451971834991, 0.000263589114184, 0.000163835793501, 0.000112761685159, 4.48132886959e-05, 6.25935426797e-05, 7.17089642421e-05, 5.68237155676e-05, 2.12659961107e-05, 2.50141670222e-06, 2.69727067348e-08],
        "min": [2.10898492023e-24, 4.89336099307e-24, 1.1332576577e-24, 2.84196469386e-24, 9.92391988592e-24, 3.76958879611e-24, 1.31099831428e-23, 2.73950124693e-23, 2.04557549181e-23, 1.92898847645e-23, 4.31298908312e-23, 5.53377720859e-23, 5.13329587729e-23, 3.64973471331e-23, 7.64720814888e-23, 8.2003921255e-23, 4.77412687606e-23, 1.32398085064e-22, 1.75101170591e-22, 2.31172747402e-22, 3.41808709689e-22, 3.42382116903e-22, 4.86137842627e-22, 6.22362988554e-22, 1.0208719404e-21, 1.52088909014e-21, 2.06433019282e-21],
        "var": [3.98103203736e-08, 3.57145509042e-05, 3.81578574888e-05, 5.14083876624e-05, 1.96914370463e-05, 1.61343905347e-05, 1.22111441669e-05, 4.7828048082e-06, 9.43936902331e-06, 2.38553298004e-06, 5.56832617349e-07, 3.61496205414e-07, 1.2650444603e-07, 1.10262320163e-07, 3.61524683967e-07, 2.87538398425e-07, 3.56213718078e-07, 2.59528491142e-07, 2.36936543274e-07, 1.55608319119e-07, 2.06882077691e-07, 1.03467380086e-06, 2.83864142148e-06, 1.08880885819e-06, 1.79658584898e-07, 4.98037788788e-09, 1.53733156847e-12]
    },
    "erbbands": {
        "dmean": [0.0358165092766, 0.500987887383, 2.1747572422, 5.93759918213, 7.49428892136, 4.71562099457, 5.20208501816, 9.09598445892, 10.7290496826, 9.99514007568, 12.6494007111, 14.2496795654, 12.5246677399, 11.9778871536, 8.12793540955, 6.95220899582, 7.16511487961, 8.26307582855, 6.74042129517, 16.5453662872, 14.7624521255, 13.5402994156, 10.2362613678, 5.63957309723, 8.38104629517, 5.52074623108, 4.08839941025, 5.13235187531, 6.32812166214, 6.30212306976, 7.62369632721, 3.94607186317, 2.39540958405, 1.01599824429, 0.36141744256, 0.0866547599435, 0.0110811991617, 0.000984786311164, 6.75624105497e-05, 1.19010010167e-05],
        "dmean2": [0.0604550912976, 0.854877471924, 3.7152531147, 10.0317611694, 13.1325778961, 7.6303768158, 8.10871315002, 14.1441078186, 16.2215938568, 15.0784006119, 19.2731647491, 21.9334583282, 19.7257614136, 19.170255661, 12.5850086212, 11.0758008957, 11.4004039764, 12.9726905823, 10.8537187576, 26.3545722961, 23.1397457123, 21.7894096375, 16.2306175232, 9.25811386108, 13.8600101471, 8.92454433441, 6.71519470215, 7.94958782196, 9.56947803497, 9.33141422272, 11.2476263046, 5.65269374847, 3.46052050591, 1.50663948059, 0.497166067362, 0.119339719415, 0.0159375108778, 0.00148388487287, 0.00010898916662, 1.89720212802e-05],
        "dvar": [0.00610893033445, 1.44279289246, 35.1553001404, 192.224258423, 340.389556885, 103.196327209, 172.319793701, 507.570953369, 571.833251953, 637.372314453, 865.922607422, 1238.50109863, 912.128601074, 563.49029541, 181.987762451, 115.554359436, 116.720321655, 139.618621826, 129.727615356, 580.762756348, 372.239837646, 402.96484375, 337.393249512, 137.102813721, 264.968475342, 151.435470581, 79.0459365845, 197.038238525, 661.339904785, 464.851165771, 1247.13293457, 360.653381348, 153.393173218, 22.238992691, 1.68310022354, 0.102482490242, 0.00125869282056, 7.22445929568e-06, 5.91583670939e-08, 5.69295444119e-10],
        "dvar2": [0.0172789040953, 4.01843500137, 98.4210739136, 525.051025391, 982.832824707, 250.618026733, 380.127532959, 1127.43505859, 1195.52490234, 1455.14624023, 2016.67578125, 2980.19995117, 1979.08557129, 1302.37219238, 445.874420166, 287.133666992, 287.674926758, 365.592590332, 345.586364746, 1484.51330566, 895.24420166, 1037.65625, 898.776611328, 345.830291748, 656.105957031, 362.676086426, 202.8881073, 442.619781494, 1580.35913086, 813.358520508, 2740.78369141, 668.207641602, 354.657043457, 47.432964325, 2.99871563911, 0.162484899163, 0.00199451041408, 1.55966099555e-05, 1.55328024221e-07, 1.33602517938e-09],
        "max": [0.779077410698, 17.1608276367, 79.9714126587, 172.107955933, 190.648376465, 204.506973267, 252.329162598, 356.405303955, 368.959259033, 491.715423584, 634.165344238, 920.663452148, 884.109680176, 645.971740723, 326.022979736, 256.488128662, 155.327880859, 174.99331665, 293.854675293, 384.105407715, 298.348388672, 336.161804199, 440.449493408, 236.539382935, 337.339904785, 272.176300049, 112.42250061, 490.545196533, 1001.09240723, 611.227661133, 964.840270996, 423.382171631, 305.689361572, 105.356407166, 30.6906299591, 6.54583358765, 0.811178028584, 0.0594663508236, 0.00426388066262, 0.000304193876218],
        "mean": [0.0602557472885, 1.05341124535, 4.06282091141, 7.96118688583, 10.3723497391, 8.44539546967, 10.2395563126, 18.0620574951, 24.7808513641, 22.086315155, 26.9842910767, 33.3394508362, 27.9558029175, 27.525434494, 18.5103206635, 16.1381835938, 16.3698863983, 17.5844898224, 15.8421001434, 37.1341705322, 36.6892471313, 34.9645614624, 23.91522789, 13.3099851608, 18.3097610474, 11.2371320724, 8.52410125732, 10.9798555374, 12.2870063782, 12.786283493, 13.6378192902, 7.31692552567, 4.02348184586, 1.86549937725, 0.70600861311, 0.177654609084, 0.0227869246155, 0.00178039690945, 0.000107275656774, 3.88788357668e-05],
        "median": [0.000353853625711, 0.00409969547763, 0.0226514004171, 0.40026473999, 3.23451447487, 2.96335291862, 2.02570366859, 3.68082594872, 6.15036392212, 7.57669258118, 10.9270248413, 12.0576343536, 13.8350133896, 14.9014081955, 11.9842615128, 10.4855594635, 11.0772733688, 12.1529254913, 12.3507471085, 26.8691768646, 26.8415870667, 24.1328315735, 16.7840080261, 8.01522922516, 9.21363067627, 4.64735221863, 1.6268478632, 2.02075624466, 2.10237765312, 2.02649974823, 2.03634953499, 1.29569590092, 0.725484251976, 0.296840161085, 0.116422921419, 0.0236433353275, 0.00274457922205, 0.000198106368771, 2.57465162576e-05, 3.06676665787e-05],
        "min": [1.90428662249e-22, 1.08358499397e-21, 1.70593763267e-21, 7.47166397925e-21, 2.358255091e-20, 2.17452583693e-20, 2.83098105626e-20, 5.6274932379e-20, 2.03687758694e-19, 2.99132032448e-19, 7.13191143337e-19, 6.02195292456e-19, 7.69414454475e-19, 9.08254962534e-19, 1.7596224396e-18, 2.51713852134e-18, 2.32542059603e-18, 2.9602159553e-18, 3.48472911377e-18, 5.41319690077e-18, 5.1607550263e-18, 3.43925982268e-18, 7.0919620219e-18, 7.95345325908e-18, 8.21573403335e-18, 1.11344358617e-17, 1.20590600047e-17, 1.17640154336e-17, 1.01906219556e-17, 1.14545117453e-17, 1.3269638004e-17, 1.17027809072e-17, 1.14555432395e-17, 9.82963041007e-18, 7.1441678719e-18, 5.07039712491e-18, 2.76312466472e-18, 1.04923580043e-18, 2.80228215415e-19, 3.01362899786e-20],
        "var": [0.00994272902608, 2.72512221336, 49.0462760925, 235.895401001, 351.308685303, 270.107452393, 755.23236084, 1531.8145752, 2232.74487305, 2304.23583984, 3025.48168945, 5072.87255859, 3117.39306641, 2992.74267578, 562.65435791, 359.92288208, 284.094787598, 334.327789307, 251.547393799, 1651.59204102, 1132.47827148, 1101.04675293, 801.554870605, 328.195251465, 839.675720215, 355.009124756, 207.435882568, 580.018859863, 1306.56506348, 1534.58740234, 2552.33666992, 852.160949707, 256.261566162, 45.0091667175, 4.99687051773, 0.375155210495, 0.00501318275928, 1.90218979697e-05, 7.50219157908e-08, 1.74410053067e-09]
    },
    "gfcc": {
        "mean": [-41.2267875671, 88.0152053833, -166.685623169, 23.8738956451, -57.6668930054, 3.17091608047, -38.1002349854, 7.47370815277, -19.1960010529, -8.52003288269, -15.7302360535, -2.19065356255, -6.76967096329],
        "cov": [[21841.2011719, -503.599609375, 4441.91162109, 2701.33154297, -2572.01879883, 2453.78149414, -1837.36499023, 719.508300781, -79.0819854736, 162.528488159, -925.694091797, -478.592773438, -611.94921875], [-503.599609375, 899.53302002, -587.455200195, -106.551437378, 311.963653564, -259.590576172, 294.560913086, -63.1557617188, 89.6640167236, -30.2064151764, 96.768951416, -23.0689525604, 49.7740058899], [4441.91162109, -587.455200195, 2974.99658203, 1141.35388184, -756.980773926, 1136.4128418, -619.220092773, 332.5262146, 67.8659515381, 172.745452881, -328.141662598, -162.489715576, -237.443908691], [2701.33154297, -106.551437378, 1141.35388184, 952.207641602, -130.309371948, 624.050170898, 4.94335603714, 121.069282532, 116.819274902, 88.7443618774, -142.264572144, -73.917388916, -111.141571045], [-2572.01879883, 311.963653564, -756.980773926, -130.309371948, 671.195373535, -249.764785767, 524.057006836, -96.5166625977, 70.5859832764, 27.8442153931, 139.385864258, 108.332748413, 91.2824935913], [2453.78149414, -259.590576172, 1136.4128418, 624.050170898, -249.764785767, 652.829772949, -117.169845581, 161.128768921, 63.0833930969, 81.6520004272, -147.096450806, -61.8526496887, -111.421157837], [-1837.36499023, 294.560913086, -619.220092773, 4.94335603714, 524.057006836, -117.169845581, 600.538269043, -43.5772132874, 114.407966614, 29.9473266602, 111.917282104, 63.534412384, 47.1903305054], [719.508300781, -63.1557617188, 332.5262146, 121.069282532, -96.5166625977, 161.128768921, -43.5772132874, 131.809494019, 32.462638855, 37.9947738647, -35.8454742432, -32.0576400757, -31.2181301117], [-79.0819854736, 89.6640167236, 67.8659515381, 116.819274902, 70.5859832764, 63.0833930969, 114.407966614, 32.462638855, 120.1092453, 43.07970047, 14.5697565079, 2.35142374039, -12.0897502899], [162.528488159, -30.2064151764, 172.745452881, 88.7443618774, 27.8442153931, 81.6520004272, 29.9473266602, 37.9947738647, 43.07970047, 93.0607070923, 10.0409069061, 11.0930137634, -15.1518192291], [-925.694091797, 96.768951416, -328.141662598, -142.264572144, 139.385864258, -147.096450806, 111.917282104, -35.8454742432, 14.5697565079, 10.0409069061, 107.870033264, 41.8374481201, 36.3673057556], [-478.592773438, -23.0689525604, -162.489715576, -73.917388916, 108.332748413, -61.8526496887, 63.534412384, -32.0576400757, 2.35142374039, 11.0930137634, 41.8374481201, 95.0215835571, 31.2522468567], [-611.94921875, 49.7740058899, -237.443908691, -111.141571045, 91.2824935913, -111.421157837, 47.1903305054, -31.2181301117, -12.0897502899, -15.1518192291, 36.3673057556, 31.2522468567, 69.2453308105]],
        "icov": [[0.00057170400396, -0.00110627780668, 0.00114399765152, -0.0016005091602, 0.00178988289554, -0.00138196104672, 0.0011121747084, -0.00132750114426, 0.00160528800916, -0.00163813878316, 0.00173841032665, -0.0017761135241, 0.0010723057203], [-0.00110627780668, 0.00394114619121, -0.00221086409874, 0.00283761206083, -0.00399988517165, 0.00341358268633, -0.00224094628356, 0.00263903988525, -0.0044762827456, 0.00396848702803, -0.00396708166227, 0.00513317016885, -0.0023000636138], [0.00114399765152, -0.00221086409874, 0.00407189363614, -0.00392827717587, 0.003308969317, -0.00438232347369, 0.00388178555295, -0.00345535716042, 0.00297374487855, -0.00446027331054, 0.00401668390259, -0.00347750936635, 0.00274316011928], [-0.0016005091602, 0.00283761206083, -0.00392827717587, 0.00830970332026, -0.00528013613075, 0.00104793463834, -0.00395392207429, 0.00568622816354, -0.0058534797281, 0.0046229576692, -0.00396415498108, 0.00599001161754, -0.00304384320043], [0.00178988289554, -0.00399988517165, 0.003308969317, -0.00528013613075, 0.0128780659288, -0.00296332454309, -0.00216434779577, -0.00265987287275, 0.00640793098137, -0.00752707058564, 0.00569186359644, -0.00836911611259, 0.000355521100573], [-0.00138196104672, 0.00341358268633, -0.00438232347369, 0.00104793463834, -0.00296332454309, 0.0121315941215, -0.00483436696231, 0.000331341841957, -0.00332971476018, 0.00355697772466, -0.00190976425074, 0.00269803963602, -0.00115844653919], [0.0011121747084, -0.00224094628356, 0.00388178555295, -0.00395392207429, -0.00216434779577, -0.00483436696231, 0.0105840442702, -0.00391843821853, -0.000122354729683, -0.00221539591439, 0.00182126893196, -0.00234522647224, 0.00409463653341], [-0.00132750114426, 0.00263903988525, -0.00345535716042, 0.00568622816354, -0.00265987287275, 0.000331341841957, -0.00391843821853, 0.0169985685498, -0.00627336557955, 0.000772708386648, -0.00377042405307, 0.0071642389521, -0.00415646471083], [0.00160528800916, -0.0044762827456, 0.00297374487855, -0.0058534797281, 0.00640793098137, -0.00332971476018, -0.000122354729683, -0.00627336557955, 0.0197652094066, -0.00866468250751, 0.00352827087045, -0.00640596356243, 0.00424933200702], [-0.00163813878316, 0.00396848702803, -0.00446027331054, 0.0046229576692, -0.00752707058564, 0.00355697772466, -0.00221539591439, 0.000772708386648, -0.00866468250751, 0.0229101572186, -0.0101089533418, 0.0034598573111, -0.000451775209513], [0.00173841032665, -0.00396708166227, 0.00401668390259, -0.00396415498108, 0.00569186359644, -0.00190976425074, 0.00182126893196, -0.00377042405307, 0.00352827087045, -0.0101089533418, 0.0251525081694, -0.00908784382045, 0.00140366237611], [-0.0017761135241, 0.00513317016885, -0.00347750936635, 0.00599001161754, -0.00836911611259, 0.00269803963602, -0.00234522647224, 0.0071642389521, -0.00640596356243, 0.0034598573111, -0.00908784382045, 0.0230362005532, -0.00747951027006], [0.0010723057203, -0.0023000636138, 0.00274316011928, -0.00304384320043, 0.000355521100573, -0.00115844653919, 0.00409463653341, -0.00415646471083, 0.00424933200702, -0.000451775209513, 0.00140366237611, -0.00747951027006, 0.0263764914125]]
    },
    "melbands": {
        "dmean": [0.000398038304411, 0.000954476592597, 0.00106892944314, 0.000409963191487, 0.00018214553711, 0.000199142261408, 0.000163082309882, 0.000106139355921, 0.000106002567918, 9.12322211661e-05, 6.22618172201e-05, 4.99827219755e-05, 3.55670636054e-05, 1.77765068656e-05, 1.832455564e-05, 1.64727462106e-05, 1.55903726409e-05, 9.78778462013e-06, 2.06111380976e-05, 1.74157394213e-05, 2.03564595722e-05, 1.70422117662e-05, 1.38619352583e-05, 7.0402052188e-06, 4.6615186875e-06, 6.73306158205e-06, 5.77197624807e-06, 3.54573785444e-06, 2.94391020361e-06, 2.43210001827e-06, 3.55059160029e-06, 3.69747067452e-06, 4.09358426623e-06, 3.73023317479e-06, 4.95360836794e-06, 3.74501451006e-06, 2.03524200515e-06, 1.89875856904e-06, 1.29602005927e-06, 7.56589656703e-07],
        "dmean2": [0.000680670433212, 0.00162635568995, 0.00182293669786, 0.000704911828507, 0.000281312153675, 0.0003100244503, 0.000245049304795, 0.000161165269674, 0.000160195690114, 0.000142087737913, 9.76687879302e-05, 8.04980882094e-05, 5.48694260942e-05, 2.8029355235e-05, 2.87725797534e-05, 2.57778501691e-05, 2.45625597017e-05, 1.59814226208e-05, 3.28109017573e-05, 2.7712314477e-05, 3.21518164128e-05, 2.72494326055e-05, 2.17503238673e-05, 1.1693927263e-05, 7.69103007769e-06, 1.11999543151e-05, 9.37856202654e-06, 5.8205946516e-06, 4.89657395519e-06, 3.88418538932e-06, 5.57279690838e-06, 5.80053892918e-06, 6.467168987e-06, 5.67916004002e-06, 7.67563506088e-06, 5.48814705326e-06, 3.00007195619e-06, 2.76863625004e-06, 1.97543090508e-06, 1.11793917767e-06],
        "dvar": [7.82924132636e-07, 6.5594872467e-06, 6.17695968685e-06, 8.56605538502e-07, 1.73773059942e-07, 2.17730530494e-07, 1.24196134266e-07, 6.43841246983e-08, 5.07653368231e-08, 5.21239407192e-08, 2.20178186794e-08, 1.05445376875e-08, 3.41653261238e-09, 1.21513821227e-09, 6.05676786503e-10, 5.87859150247e-10, 4.88634521734e-10, 3.94435289985e-10, 8.1166751098e-10, 5.73394109971e-10, 6.60855981049e-10, 5.64083113552e-10, 5.50265444321e-10, 2.19263190937e-10, 9.72326663629e-11, 1.77794376444e-10, 1.22360135912e-10, 6.5575878061e-11, 4.46652090313e-11, 3.4263245019e-11, 9.68272406698e-11, 2.51417830999e-10, 2.56941690147e-10, 1.7513952788e-10, 5.15055720296e-10, 3.96317589857e-10, 9.07375494186e-11, 9.79781464294e-11, 5.81141801348e-11, 9.87404255581e-12],
        "dvar2": [2.17921251533e-06, 1.83937081601e-05, 1.71017036337e-05, 2.38860957325e-06, 3.84667941944e-07, 4.88223861339e-07, 2.6515300533e-07, 1.50216294514e-07, 1.13476296804e-07, 1.29300133267e-07, 4.65830822804e-08, 2.47832154798e-08, 8.46922887376e-09, 2.60648769235e-09, 1.55423574011e-09, 1.47837830866e-09, 1.27959898233e-09, 1.07777486935e-09, 2.12956852153e-09, 1.4653918079e-09, 1.59009516665e-09, 1.42228462341e-09, 1.45821776876e-09, 5.94144955457e-10, 2.428723056e-10, 4.60856824924e-10, 2.7190127927e-10, 1.64671207226e-10, 1.18091980639e-10, 8.3643890425e-11, 2.22544427331e-10, 6.36535990584e-10, 5.76724445978e-10, 3.31898369899e-10, 1.21891841065e-09, 7.75484731985e-10, 1.69304709141e-10, 2.34771452279e-10, 1.45294318243e-10, 1.95630473626e-11],
        "max": [0.0103154424578, 0.0363220125437, 0.0323898121715, 0.0100668109953, 0.00745516130701, 0.00735198846087, 0.00560378096998, 0.00456283148378, 0.00456786435097, 0.00654074642807, 0.0042989961803, 0.00256414315663, 0.00106936355587, 0.00126223301049, 0.000328346941387, 0.000395106704673, 0.000321681785863, 0.000560393906198, 0.000380915473215, 0.000407921994338, 0.000356913078576, 0.000316249119351, 0.000564397312701, 0.000293273478746, 0.000206938944757, 0.000239258253714, 0.000267079012701, 0.00016080372734, 8.31357683637e-05, 0.00015042614541, 0.00033247040119, 0.000608454633038, 0.000446303834906, 0.000323297135765, 0.000600532919634, 0.000457684102003, 0.000251618912444, 0.000257420499111, 0.000225155250519, 6.34235693724e-05],
        "mean": [0.000800234498456, 0.00190952047706, 0.00149599148426, 0.00065259373514, 0.000363143684808, 0.000407614192227, 0.000384111132007, 0.000224477727897, 0.000225361101911, 0.000207738004974, 0.000134748552227, 0.000109603606688, 7.27075530449e-05, 3.88669250242e-05, 4.26541446359e-05, 3.44114050677e-05, 3.11870862788e-05, 1.97481494979e-05, 4.59801849502e-05, 4.07767147408e-05, 4.40455369244e-05, 3.88936241507e-05, 2.97650349239e-05, 1.42837143358e-05, 9.85843325907e-06, 1.36526241477e-05, 1.17789186334e-05, 6.33196077615e-06, 5.43616442883e-06, 4.8724982662e-06, 6.94162690706e-06, 6.69947394272e-06, 7.22361437511e-06, 7.15745636626e-06, 8.51849654282e-06, 6.17747946308e-06, 3.75798458663e-06, 2.94832489089e-06, 2.1617127004e-06, 1.35312336624e-06],
        "median": [3.41798249792e-06, 7.89734258433e-06, 0.000176318426384, 0.000323712854879, 7.03839541529e-05, 7.7984885138e-05, 9.94205329334e-05, 7.97461616457e-05, 9.47078151512e-05, 7.372496475e-05, 6.436604599e-05, 5.73327524762e-05, 4.34083231085e-05, 2.17914821405e-05, 3.01208438032e-05, 2.29149427469e-05, 2.09201043617e-05, 1.39885924e-05, 3.24912107317e-05, 3.06739093503e-05, 3.06643269141e-05, 2.54903279711e-05, 2.05129217647e-05, 8.93794458534e-06, 5.71113696424e-06, 6.51101481708e-06, 6.25715574643e-06, 2.1167156774e-06, 8.26882683214e-07, 1.12202314995e-06, 1.08598135284e-06, 1.00271608972e-06, 1.25464634948e-06, 8.85458973698e-07, 1.1941331195e-06, 8.3562662212e-07, 7.60760656249e-07, 4.82627740439e-07, 3.35934771556e-07, 2.10082745866e-07],
        "min": [1.9609725263e-24, 9.87202822114e-25, 3.01325814804e-24, 2.03134917424e-24, 1.38756195886e-24, 1.15206834181e-24, 3.1700811322e-24, 3.97860380383e-24, 5.55622858438e-24, 3.22010063283e-24, 3.40386775285e-24, 3.02793214416e-24, 5.8767210765e-24, 5.6855895455e-24, 4.34412763186e-24, 5.67581398116e-24, 4.8523855855e-24, 4.17342641501e-24, 5.97829717324e-24, 4.63736142983e-24, 5.57859949637e-24, 2.61605484934e-24, 5.55215214566e-24, 5.7087923113e-24, 5.9743319639e-24, 7.67683776448e-24, 4.03980560501e-24, 5.74003159758e-24, 6.0855712123e-24, 7.34168784232e-24, 6.2088224457e-24, 4.99234489288e-24, 6.98221970502e-24, 5.43860350696e-24, 6.65485583999e-24, 7.10342108336e-24, 6.94867891706e-24, 7.67795084722e-24, 7.26563849561e-24, 7.8426413384e-24],
        "var": [1.48298227032e-06, 9.62116064329e-06, 7.58760143071e-06, 1.05578499188e-06, 7.5933928656e-07, 7.07639628672e-07, 5.05798084305e-07, 2.0995760508e-07, 1.91033464603e-07, 1.94304078605e-07, 7.64955458976e-08, 5.31519361857e-08, 8.30388824369e-09, 5.64519941904e-09, 1.5983893098e-09, 1.31691035854e-09, 1.14103793081e-09, 5.59192248062e-10, 2.24482299416e-09, 1.70588343451e-09, 1.79565939895e-09, 1.5385603902e-09, 1.19211318594e-09, 4.40429359649e-10, 1.99028862835e-10, 4.66802485555e-10, 3.8588315876e-10, 1.271862754e-10, 9.801584544e-11, 9.12461564639e-11, 2.53443960263e-10, 4.06906092154e-10, 5.32552280053e-10, 5.39802647026e-10, 9.39814337464e-10, 8.34787294846e-10, 2.08062594931e-10, 1.53757617749e-10, 7.91836873848e-11, 2.30896048808e-11]
    },
    "mfcc": {
        "mean": [-660.558959961, 109.839302063, -41.8813209534, 10.8174448013, -0.400281906128, -7.41069889069, -7.15909862518, 6.12868309021, -0.265156745911, -3.11652803421, -5.49320030212, -1.15245628357, -1.96600556374],
        "cov": [[12386.8789062, -1029.92773438, 5494, 808.273132324, 458.760162354, 1145.27648926, -776.054931641, 398.195068359, 112.580879211, 811.641662598, -114.289451599, -384.810668945, 211.40977478], [-1029.92773438, 927.857299805, -807.315856934, -35.0264091492, -90.3661422729, -209.576431274, 57.9148483276, -53.1610145569, -8.18327236176, -72.2984542847, 14.9580545425, 37.7153778076, -6.92135715485], [5494, -807.315856934, 3284.06347656, 392.976989746, 347.717010498, 644.178710938, -387.795898438, 205.087677002, 72.2602462769, 477.192687988, -27.2452297211, -204.447418213, 147.593353271], [808.273132324, -35.0264091492, 392.976989746, 391.766052246, 104.759811401, 288.473266602, 76.7412338257, 115.328605652, 114.721725464, 110.918945312, 58.1780052185, 31.8530387878, 44.9441871643], [458.760162354, -90.3661422729, 347.717010498, 104.759811401, 165.304336548, 135.801269531, 23.6665420532, 39.552520752, 46.7465744019, 47.488067627, 20.4998092651, 5.18564796448, 25.2464237213], [1145.27648926, -209.576431274, 644.178710938, 288.473266602, 135.801269531, 436.090362549, 94.0059890747, 154.46987915, 143.790405273, 123.667984009, 86.2654876709, 36.8442077637, 38.0371742249], [-776.054931641, 57.9148483276, -387.795898438, 76.7412338257, 23.6665420532, 94.0059890747, 270.985351562, 68.8293380737, 98.5386505127, -14.6282577515, 82.9395294189, 69.2870941162, 0.370299726725], [398.195068359, -53.1610145569, 205.087677002, 115.328605652, 39.552520752, 154.46987915, 68.8293380737, 141.615341187, 82.366394043, 68.2061538696, 43.2647399902, 26.2366161346, 22.0363750458], [112.580879211, -8.18327236176, 72.2602462769, 114.721725464, 46.7465744019, 143.790405273, 98.5386505127, 82.366394043, 151.454864502, 53.0106468201, 69.1228179932, 45.1229667664, 16.7932109833], [811.641662598, -72.2984542847, 477.192687988, 110.918945312, 47.488067627, 123.667984009, -14.6282577515, 68.2061538696, 53.0106468201, 183.517105103, 28.1899452209, -21.3334636688, 41.6157646179], [-114.289451599, 14.9580545425, -27.2452297211, 58.1780052185, 20.4998092651, 86.2654876709, 82.9395294189, 43.2647399902, 69.1228179932, 28.1899452209, 117.746604919, 50.3516120911, 12.6743488312], [-384.810668945, 37.7153778076, -204.447418213, 31.8530387878, 5.18564796448, 36.8442077637, 69.2870941162, 26.2366161346, 45.1229667664, -21.3334636688, 50.3516120911, 116.037948608, 14.1467018127], [211.40977478, -6.92135715485, 147.593353271, 44.9441871643, 25.2464237213, 38.0371742249, 0.370299726725, 22.0363750458, 16.7932109833, 41.6157646179, 12.6743488312, 14.1467018127, 72.4199447632]],
