{
"lowlevel": {
    "average_loudness": 0.95970338583,
    "barkbands_crest": {
        "dmean": 2.30568647385,
        "dmean2": 3.64527606964,
        "dvar": 4.15061807632,
        "dvar2": 10.1927986145,
        "max": 21.8744850159,
        "mean": 8.07448768616,
        "median": 7.37603902817,
        "min": 2.05684185028,
        "var": 11.337972641
    },
    "barkbands_flatness_db": {
        "dmean": 0.0162930991501,
        "dmean2": 0.0249661318958,
        "dvar": 0.000225146228331,
        "dvar2": 0.000514004961587,
        "max": 0.255646675825,
        "mean": 0.0978111773729,
        "median": 0.0926634073257,
        "min": 0.0273519847542,
        "var": 0.00138807680923
    },
    "barkbands_kurtosis": {
        "dmean": 1.27198421955,
        "dmean2": 2.03785037994,
        "dvar": 4.51822757721,
        "dvar2": 11.2911138535,
        "max": 39.9203720093,
        "mean": 0.756237924099,
        "median": -0.166360378265,
        "min": -1.76149892807,
        "var": 9.35536670685
    },
    "barkbands_skewness": {
        "dmean": 0.427224218845,
        "dmean2": 0.650389611721,
        "dvar": 0.182097002864,
        "dvar2": 0.437241315842,
        "max": 5.52380990982,
        "mean": 0.901166200638,
        "median": 0.809806466103,
        "min": -3.80585741997,
        "var": 0.710886716843
    },
    "barkbands_spread": {
        "dmean": 5.59899520874,
        "dmean2": 8.73440647125,
        "dvar": 31.5632858276,
        "dvar2": 75.6871414185,
        "max": 84.4709701538,
        "mean": 30.3373031616,
        "median": 29.2511482239,
        "min": 2.69993758202,
        "var": 131.118209839
    },
    "dissonance": {
        "dmean": 0.0116730332375,
        "dmean2": 0.0198967587203,
        "dvar": 0.000155716450536,
        "dvar2": 0.000425099919084,
        "max": 0.5,
        "mean": 0.478942841291,
        "median": 0.483407706022,
        "min": 0.3282520473,
        "var": 0.000314021541271
    },
    "dynamic_complexity": 1.69606590271,
    "erbbands_crest": {
        "dmean": 2.60235786438,
        "dmean2": 4.26083469391,
        "dvar": 6.64112997055,
        "dvar2": 17.7579212189,
        "max": 28.9739551544,
        "mean": 8.45845222473,
        "median": 7.16005992889,
        "min": 2.46985697746,
        "var": 18.7536563873
    },
    "erbbands_flatness_db": {
        "dmean": 0.0141572318971,
        "dmean2": 0.021046128124,
        "dvar": 0.000184165677638,
        "dvar2": 0.000413937668782,
        "max": 0.322429835796,
        "mean": 0.150639340281,
        "median": 0.141957759857,
        "min": 0.0535849928856,
        "var": 0.00208252249286
    },
    "erbbands_kurtosis": {
        "dmean": 0.734349489212,
        "dmean2": 1.16535639763,
        "dvar": 0.907174050808,
        "dvar2": 2.19320273399,
        "max": 18.1204338074,
        "mean": 0.213710099459,
        "median": -0.163323402405,
        "min": -1.62977862358,
        "var": 2.46199822426
    },
    "erbbands_skewness": {
        "dmean": 0.311998724937,
        "dmean2": 0.483097761869,
        "dvar": 0.0796532854438,
        "dvar2": 0.1935261935,
        "max": 3.36846184731,
        "mean": -0.105056874454,
        "median": -0.136692807078,
        "min": -3.43129920959,
        "var": 0.459532618523
    },
    "erbbands_spread": {
        "dmean": 6.92476081848,
        "dmean2": 10.6978769302,
        "dvar": 49.1105957031,
        "dvar2": 112.683456421,
        "max": 106.454795837,
        "mean": 36.1301956177,
        "median": 33.6366844177,
        "min": 4.13088798523,
        "var": 218.059112549
    },
    "hfc": {
        "dmean": 6.6971154213,
        "dmean2": 10.0635185242,
        "dvar": 71.4608917236,
        "dvar2": 140.088592529,
        "max": 196.713348389,
        "mean": 30.6553153992,
        "median": 30.3671875,
        "min": 1.17236824378e-16,
        "var": 315.908050537
    },
    "melbands_crest": {
        "dmean": 3.70223879814,
        "dmean2": 5.71885204315,
        "dvar": 11.1736068726,
        "dvar2": 24.3491706848,
        "max": 33.4324035645,
        "mean": 13.6788015366,
        "median": 12.8746738434,
        "min": 1.75705862045,
        "var": 30.9241046906
    },
    "melbands_flatness_db": {
        "dmean": 0.022374631837,
        "dmean2": 0.033637765795,
        "dvar": 0.000461557297967,
        "dvar2": 0.00100872991607,
        "max": 0.3617400527,
        "mean": 0.157465785742,
        "median": 0.151474624872,
        "min": 0.00251337792724,
        "var": 0.0024652753491
    },
    "melbands_kurtosis": {
        "dmean": 3.79401063919,
        "dmean2": 6.09843444824,
        "dvar": 38.6922454834,
        "dvar2": 98.6879043579,
        "max": 101.140167236,
        "mean": 6.26612949371,
        "median": 3.49571418762,
        "min": -1.88691818714,
        "var": 84.3367843628
    },
    "melbands_skewness": {
        "dmean": 0.600591242313,
        "dmean2": 0.927210628986,
        "dvar": 0.383907735348,
        "dvar2": 0.91957783699,
        "max": 8.33565711975,
        "mean": 2.01860165596,
        "median": 1.80852973461,
        "min": -1.18363189697,
        "var": 1.44596195221
    },
    "melbands_spread": {
        "dmean": 8.79470825195,
        "dmean2": 13.542098999,
        "dvar": 118.686401367,
        "dvar2": 259.273986816,
        "max": 250.359039307,
        "mean": 35.5250167847,
        "median": 32.7743225098,
        "min": 2.60153579712,
        "var": 450.003234863
    },
    "pitch_salience": {
        "dmean": 0.0666220337152,
        "dmean2": 0.106693588197,
        "dvar": 0.00340319448151,
        "dvar2": 0.00882155261934,
        "max": 0.941877901554,
        "mean": 0.569202780724,
        "median": 0.562524318695,
        "min": 0.269206672907,
        "var": 0.0113364225253
    },
    "silence_rate_20dB": {
        "dmean": 0,
        "dmean2": 0,
        "dvar": 0,
        "dvar2": 0,
        "max": 1,
        "mean": 1,
        "median": 1,
        "min": 1,
        "var": 0
    },
    "silence_rate_30dB": {
        "dmean": 0,
        "dmean2": 0,
        "dvar": 0,
        "dvar2": 0,
        "max": 1,
        "mean": 1,
        "median": 1,
        "min": 1,
        "var": 0
    },
    "silence_rate_60dB": {
        "dmean": 0.00735294120386,
        "dmean2": 0.0147115755826,
        "dvar": 0.00729851843789,
        "dvar2": 0.0160441435874,
        "max": 1,
        "mean": 0.0243713725358,
        "median": 0,
        "min": 0,
        "var": 0.0237784255296
    },
    "spectral_centroid": {
        "dmean": 251.040252686,
        "dmean2": 388.708374023,
        "dvar": 78149.5390625,
        "dvar2": 160815.671875,
        "max": 11272.0703125,
        "mean": 1830.07653809,
        "median": 1823.06884766,
        "min": 307.053955078,
        "var": 403464.21875
    },
    "spectral_complexity": {
        "dmean": 4.17492246628,
        "dmean2": 6.26403427124,
        "dvar": 16.8889980316,
        "dvar2": 31.9396133423,
        "max": 56,
        "mean": 28.7160549164,
        "median": 30,
        "min": 0,
        "var": 90.0734176636
    },
    "spectral_decrease": {
        "dmean": 2.36537478493e-09,
        "dmean2": 3.64948293807e-09,
        "dvar": 8.48573157555e-18,
        "dvar2": 1.94463346043e-17,
        "max": 9.86157622437e-29,
        "mean": -7.67322205775e-09,
        "median": -6.86723033994e-09,
        "min": -2.49188438772e-08,
        "var": 1.87553062662e-17
    },
    "spectral_energy": {
        "dmean": 0.00929484702647,
        "dmean2": 0.0143013298512,
        "dvar": 0.000126754312078,
        "dvar2": 0.000290535681415,
        "max": 0.100001528859,
        "mean": 0.0317410081625,
        "median": 0.0289402138442,
        "min": 1.07201322995e-20,
        "var": 0.000290891941404
    },
    "spectral_energyband_high": {
        "dmean": 0.000419812800828,
        "dmean2": 0.000600187457167,
        "dvar": 6.77547177474e-07,
        "dvar2": 1.1346288602e-06,
        "max": 0.0252791959792,
        "mean": 0.00138261145912,
        "median": 0.0011096369708,
        "min": 7.71639958064e-21,
        "var": 2.91580022349e-06
    },
    "spectral_energyband_low": {
        "dmean": 0.00506409071386,
        "dmean2": 0.00781745370477,
        "dvar": 5.87616377743e-05,
        "dvar2": 0.000119660042401,
        "max": 0.0738772526383,
        "mean": 0.0110571859404,
        "median": 0.00793627277017,
        "min": 5.60782663513e-23,
        "var": 0.0001304342004
    },
    "spectral_energyband_middle_high": {
        "dmean": 0.00256203138269,
        "dmean2": 0.00397817417979,
        "dvar": 9.29928864934e-06,
        "dvar2": 2.28672161029e-05,
        "max": 0.0473322272301,
        "mean": 0.00869036931545,
        "median": 0.00820458773524,
        "min": 1.51249247991e-21,
        "var": 2.97984606732e-05
    },
    "spectral_energyband_middle_low": {
        "dmean": 0.00549691729248,
        "dmean2": 0.00871945917606,
        "dvar": 7.69671387388e-05,
        "dvar2": 0.000193719708477,
        "max": 0.0783868655562,
        "mean": 0.0120803238824,
        "median": 0.00867651123554,
        "min": 3.07512849305e-22,
        "var": 0.000122397250379
    },
    "spectral_entropy": {
        "dmean": 0.105945199728,
        "dmean2": 0.159947544336,
        "dvar": 0.0118097420782,
        "dvar2": 0.0243635457009,
        "max": 9.7976102829,
        "mean": 7.79608631134,
        "median": 7.82080936432,
        "min": 6.3378200531,
        "var": 0.07616674155
    },
    "spectral_flux": {
        "dmean": 0.0242441948503,
        "dmean2": 0.0377982519567,
        "dvar": 0.000719466304872,
        "dvar2": 0.00159916491248,
        "max": 0.268964409828,
        "mean": 0.093991369009,
        "median": 0.0876375883818,
        "min": 6.79986830732e-11,
        "var": 0.00156063807663
    },
    "spectral_kurtosis": {
        "dmean": 1.29843974113,
        "dmean2": 2.19848513603,
        "dvar": 4.16817808151,
        "dvar2": 12.1798849106,
        "max": 39.4897842407,
        "mean": 3.68067264557,
        "median": 3.1501698494,
        "min": -1.2215359211,
        "var": 7.09519100189
    },
    "spectral_rms": {
        "dmean": 0.000768749974668,
        "dmean2": 0.00116212468129,
        "dvar": 6.81814583459e-07,
        "dvar2": 1.4752287143e-06,
        "max": 0.00987737160176,
        "mean": 0.00534025905654,
        "median": 0.00531360087916,
        "min": 3.23398599567e-12,
        "var": 2.44846023634e-06
    },
    "spectral_rolloff": {
        "dmean": 509.014221191,
        "dmean2": 828.190856934,
        "dvar": 524136.625,
        "dvar2": 1135812.625,
        "max": 19487.5488281,
        "mean": 2056.35864258,
        "median": 1981.0546875,
        "min": 107.666015625,
        "var": 1845984.625
    },
    "spectral_skewness": {
        "dmean": 0.177668005228,
        "dmean2": 0.292275220156,
        "dvar": 0.0417176447809,
        "dvar2": 0.111179485917,
        "max": 3.9401705265,
        "mean": 1.26254999638,
        "median": 1.25465726852,
        "min": -0.011870267801,
        "var": 0.113046683371
    },
    "spectral_spread": {
        "dmean": 385194.8125,
        "dmean2": 556015.875,
        "dvar": 549250924544,
        "dvar2": 1.02488316314e+12,
        "max": 40877744,
        "mean": 4312474.5,
        "median": 4326750,
        "min": 1377031.375,
        "var": 3.13443090432e+12
    },
    "spectral_strongpeak": {
        "dmean": 0.730595469475,
        "dmean2": 1.2721914053,
        "dvar": 1.4620039463,
        "dvar2": 3.73986124992,
        "max": 13.0290756226,
        "mean": 1.08508074284,
        "median": 0.411008328199,
        "min": 0,
        "var": 2.14839625359
    },
    "zerocrossingrate": {
        "dmean": 0.0099655482918,
        "dmean2": 0.0116561790928,
        "dvar": 0.000182466974366,
        "dvar2": 0.00028622490936,
        "max": 0.5263671875,
        "mean": 0.074687384069,
        "median": 0.07080078125,
        "min": 0.00927734375,
        "var": 0.00128194165882
    },
    "barkbands": {
        "dmean": [0.00075656134868, 0.00311271171086, 0.00204360159114, 0.00257032481022, 0.00181919359602, 0.000840680790134, 0.000525285315234, 0.000827386102173, 0.00133138615638, 0.000506209675223, 0.000739888113458, 0.000492224411573, 0.000612586096395, 0.000420571770519, 0.000531967030838, 0.000397255789721, 0.000603870605119, 0.000333721720381, 0.000349773123162, 0.000162352167536, 0.000149926534505, 0.000135440015583, 0.000113083369797, 5.61876659049e-05, 4.32618217019e-05, 1.75307086465e-05, 3.74818523596e-06],
        "dmean2": [0.00104356196243, 0.00454491144046, 0.00351014989428, 0.00420957012102, 0.00310613308102, 0.00140022428241, 0.000824840855785, 0.0013539333595, 0.002041550586, 0.000830256729387, 0.0011461781105, 0.00079646857921, 0.00100174907129, 0.000692944100592, 0.00085252703866, 0.000637666380499, 0.000965426675975, 0.00053687178297, 0.000568761897739, 0.000264703121502, 0.000241297573666, 0.000203399526072, 0.000171807943843, 8.26467585284e-05, 6.5517553594e-05, 2.52063928201e-05, 5.41919780517e-06],
        "dvar": [2.61235913968e-06, 2.7547512218e-05, 1.05086701296e-05, 2.14808205783e-05, 1.82460571523e-05, 1.81650193554e-06, 8.58523719671e-07, 3.75166678168e-06, 8.53056099004e-06, 1.44303839988e-06, 2.41591237682e-06, 1.01070759229e-06, 1.64315906659e-06, 5.19679304034e-07, 1.25364817904e-06, 3.45377060285e-07, 8.00076804808e-07, 2.58539444076e-07, 2.10649560017e-07, 4.5572296159e-08, 3.51702063028e-08, 7.52480957544e-08, 1.43419754295e-07, 4.35722036229e-08, 1.44055531948e-08, 3.79688280816e-09, 5.40279383732e-11],
        "dvar2": [4.83562007503e-06, 5.03477131133e-05, 2.96464368148e-05, 5.11301004735e-05, 4.98259687447e-05, 4.97190922033e-06, 2.0987690732e-06, 9.58735654422e-06, 1.87551959243e-05, 3.83956876249e-06, 5.77943364988e-06, 2.50927064371e-06, 4.29291912951e-06, 1.30224486838e-06, 3.20776530316e-06, 7.92286869e-07, 2.13812427319e-06, 6.88130228355e-07, 5.38921085536e-07, 1.16186704702e-07, 9.04349732878e-08, 1.39867395887e-07, 2.68497444722e-07, 7.50994999521e-08, 3.07377874265e-08, 7.31841476309e-09, 1.10631413752e-10],
        "max": [0.0135795790702, 0.0599554404616, 0.0307433120906, 0.0443913713098, 0.0396363772452, 0.0190569609404, 0.0134447291493, 0.0339534394443, 0.0502359978855, 0.0186850111932, 0.0379073731601, 0.0187309980392, 0.0228115413338, 0.0106692360714, 0.0260243192315, 0.0102104097605, 0.0126995835453, 0.00992891471833, 0.00594130437821, 0.00293647754006, 0.00203944579698, 0.00998565740883, 0.0148209268227, 0.00830262806267, 0.00290304189548, 0.00274395896122, 0.000120256459923],
        "mean": [0.000992064015009, 0.00534866563976, 0.00336366915144, 0.00328351091594, 0.00220003933646, 0.00143821374513, 0.000964543258306, 0.00147473427933, 0.00249374774285, 0.000773272826336, 0.00119260128122, 0.000780403497629, 0.000955119146965, 0.000680363737047, 0.00083301711129, 0.000784423318692, 0.00117397017311, 0.000654569244944, 0.000772772007622, 0.000365232059266, 0.000348678528098, 0.000339716556482, 0.000261646928266, 0.000134505782626, 9.28299486986e-05, 3.15317338391e-05, 6.79170443618e-06],
        "median": [0.00010845966608, 0.00235787499696, 0.0025477479212, 0.00153685174882, 0.00113043317106, 0.00100343744271, 0.00053435441805, 0.000419680727646, 0.000718485971447, 0.000362779101124, 0.000444246747065, 0.000451633473858, 0.000532811041921, 0.000432200584328, 0.000489697151352, 0.000552421843167, 0.000783448747825, 0.000428139144788, 0.000597099366132, 0.000308218615828, 0.000275997852441, 0.000238361724769, 0.000158130394993, 7.64799842727e-05, 4.75139058835e-05, 1.20240110846e-05, 2.57206988863e-06],
        "min": [1.46930273978e-24, 9.84407375167e-24, 2.38100908835e-23, 2.34718265385e-24, 2.70826330172e-23, 2.35455732002e-23, 2.86087412363e-23, 3.30019801927e-23, 4.36177981457e-23, 7.55741495194e-23, 1.51116593141e-23, 3.74525251607e-23, 7.68583014771e-23, 8.2349581171e-23, 8.82885047188e-23, 1.09866336966e-22, 1.38716709453e-22, 2.09748686233e-22, 1.82040836772e-22, 2.64404163055e-22, 3.81009214931e-22, 3.70788960235e-22, 3.52647582796e-22, 9.03373822246e-22, 9.25622072666e-22, 1.8236858639e-21, 2.30881275288e-21],
        "var": [4.43219914814e-06, 5.96642312303e-05, 1.27761140902e-05, 2.70182463282e-05, 1.46395132106e-05, 2.21343793783e-06, 1.8058394744e-06, 1.04573136923e-05, 3.16920450132e-05, 2.04979687624e-06, 6.87856481818e-06, 1.51051222019e-06, 2.27995519708e-06, 8.06331343028e-07, 1.72295779066e-06, 7.73073224991e-07, 1.5554797983e-06, 5.46217506781e-07, 4.96736902278e-07, 9.72534479615e-08, 9.04425832005e-08, 2.54309782122e-07, 4.0488194486e-07, 1.61940263865e-07, 3.33564642574e-08, 1.00361861044e-08, 1.12482537173e-10]
    },
    "erbbands": {
        "dmean": [0.159315943718, 0.604608356953, 2.18589925766, 4.90098714828, 9.24247741699, 4.47579431534, 6.16859674454, 6.72015142441, 7.02870941162, 8.37921619415, 25.5932998657, 34.1879882812, 12.0334005356, 20.4452857971, 24.2208042145, 22.5924472809, 28.1374778748, 19.2980422974, 18.2561721802, 34.4962768555, 24.4710559845, 28.0690155029, 20.0903778076, 15.7427606583, 16.3020935059, 7.26734447479, 6.6715426445, 6.24084329605, 4.95290327072, 4.31978034973, 2.86917829514, 1.44337940216, 0.905032813549, 0.524980843067, 0.321220159531, 0.116686567664, 0.0246147066355, 0.00389417889528, 0.000600325409323, 5.02241273352e-05],
        "dmean2": [0.20560207963, 1.01506865025, 3.77932214737, 8.26669788361, 15.2278690338, 7.7469086647, 10.2046098709, 11.2351970673, 11.4681568146, 13.0362644196, 41.0143966675, 51.4694213867, 19.5385532379, 33.1811599731, 37.4711456299, 36.1564559937, 45.840133667, 31.4183177948, 29.314081192, 54.9419212341, 38.2508010864, 45.0730667114, 32.1721191406, 25.3627700806, 26.572593689, 11.7492074966, 10.8619174957, 9.8353061676, 7.43561649323, 6.4661026001, 4.36019897461, 2.15711688995, 1.33056616783, 0.802517533302, 0.492586642504, 0.170379847288, 0.0355936363339, 0.00568635761738, 0.000872235337738, 7.22530967323e-05],
        "dvar": [0.091460339725, 1.13024640083, 12.922328949, 54.9471855164, 495.919372559, 86.4791107178, 112.326965332, 125.190559387, 138.909194946, 244.770950317, 2960.71582031, 6229.58251953, 732.649169922, 2084.90161133, 2754.35595703, 2052.8269043, 3827.74145508, 806.336975098, 1735.11035156, 4666.71484375, 1144.7010498, 1996.59619141, 850.576538086, 474.260070801, 435.733154297, 97.6666030884, 77.4563446045, 67.9557876587, 86.8339004517, 176.491821289, 117.209098816, 41.5009689331, 7.85059118271, 1.9971268177, 0.845730781555, 0.159715890884, 0.00638241739944, 7.35318317311e-05, 1.3220414985e-06, 8.88418139056e-09],
        "dvar2": [0.142460390925, 3.03473711014, 36.6405830383, 139.866271973, 1261.45825195, 237.212814331, 303.765899658, 348.424407959, 352.243743896, 590.058044434, 7522.97265625, 13447.0214844, 2006.70861816, 5481.11914062, 6423.20507812, 5066.61816406, 9958.4140625, 1993.33508301, 4228.60839844, 12062.9316406, 2691.17626953, 5667.43359375, 2299.83520508, 1193.57299805, 1135.58068848, 253.158737183, 206.739501953, 166.916488647, 153.107910156, 401.088409424, 219.655456543, 70.1385192871, 15.533408165, 4.40412521362, 1.81451761723, 0.320644557476, 0.011573664844, 0.000145928555867, 2.70344366982e-06, 1.81011099443e-08],
        "max": [3.18115592003, 10.6455316544, 36.3039131165, 70.0978393555, 213.321746826, 87.3511962891, 141.218917847, 218.989120483, 146.664016724, 261.990814209, 920.45123291, 1409.60742188, 708.563293457, 717.054016113, 1700.09423828, 915.096801758, 1211.5748291, 562.893798828, 1147.17724609, 1280.08898926, 507.756561279, 611.80645752, 592.280029297, 423.595123291, 229.146743774, 149.091659546, 138.950912476, 104.4741745, 329.550537109, 481.23260498, 503.364959717, 306.05947876, 112.065681458, 38.8812294006, 22.7346496582, 16.4510478973, 3.50291252136, 0.262785047293, 0.0172163173556, 0.0017070089234],
        "mean": [0.222389012575, 0.93896907568, 3.64975643158, 7.41949129105, 10.6307373047, 5.79067659378, 9.3372926712, 11.3810577393, 12.5955657959, 15.5477485657, 48.8740310669, 65.7806854248, 22.271944046, 32.6328239441, 43.1985321045, 37.9453620911, 45.7777481079, 34.8671951294, 32.1979293823, 55.9523887634, 50.7866592407, 56.4715423584, 42.4312896729, 34.0498886108, 36.8205871582, 17.301984787, 15.0175895691, 14.4619922638, 12.1503210068, 10.3407649994, 6.58595943451, 3.39922475815, 1.98586833477, 1.13367068768, 0.621374130249, 0.210947558284, 0.0449180305004, 0.00696663185954, 0.00111845368519, 0.000121453296742],
        "median": [0.0511512719095, 0.558328390121, 2.70449614525, 4.96615076065, 4.56542205811, 3.06866598129, 5.53631162643, 7.73107290268, 7.72477722168, 8.48165416718, 14.2752838135, 17.7303981781, 12.4179382324, 15.9583730698, 19.6550617218, 23.4562702179, 27.198890686, 24.3625888824, 21.3881931305, 29.4377059937, 36.6703300476, 39.236831665, 31.4861793518, 24.6386241913, 29.1031703949, 14.7656059265, 12.1758289337, 11.0829772949, 8.59381008148, 6.64568662643, 3.98421692848, 1.83127319813, 1.13276302814, 0.617337286472, 0.290312588215, 0.0816763564944, 0.0176586899906, 0.00270868162625, 0.000463691772893, 7.66148950788e-05],
        "min": [3.24664553408e-22, 2.52741461679e-21, 2.0820961583e-20, 1.91028589831e-20, 2.46801388035e-20, 7.89940747505e-20, 2.54243370448e-19, 1.49850488806e-19, 3.37857061511e-19, 6.23254483671e-19, 5.53885101249e-19, 1.01462108353e-18, 2.57546178556e-18, 1.06445013343e-18, 1.05273405063e-18, 1.80697211901e-18, 3.37593790602e-18, 3.71116732492e-18, 4.14795839301e-18, 6.19244860068e-18, 5.65376914704e-18, 8.87564962706e-18, 1.21720470861e-17, 9.35284929526e-18, 8.59291184906e-18, 1.42748560085e-17, 1.19776025667e-17, 1.31957732569e-17, 1.14934248029e-17, 1.53426601526e-17, 9.51380623475e-18, 1.63278802386e-17, 1.3305640213e-17, 1.10949173079e-17, 6.03736257559e-18, 5.62873080349e-18, 2.89458703191e-18, 1.17946484132e-18, 3.32290135989e-19, 3.47690087032e-20],
        "var": [0.187779054046, 1.38949894905, 15.1395654678, 72.217590332, 456.276245117, 79.3589324951, 137.998092651, 148.741744995, 268.976715088, 496.00982666, 8875.10839844, 23806.0117188, 1113.12072754, 3212.08911133, 8607.97167969, 2997.61230469, 5259.3828125, 1469.33825684, 2340.57958984, 7730.12548828, 2677.29321289, 3703.87768555, 1806.97680664, 1189.14526367, 1023.93481445, 215.103897095, 166.351577759, 189.885772705, 304.09387207, 382.307617188, 339.343261719, 162.420776367, 19.3441467285, 4.15388154984, 1.97609198093, 0.412655442953, 0.0185989234596, 0.000187611745787, 2.83990380012e-06, 1.87692972275e-08]
    },
    "gfcc": {
        "mean": [37.0497207642, 83.3991622925, -131.895294189, 38.9918823242, -48.9874000549, 11.8097810745, -28.9680099487, 6.41577672958, -18.384677887, -1.6518034935, -15.5249347687, -1.44553506374, -13.1589279175],
        "cov": [[5955.05859375, -1375.3996582, 564.551635742, 454.027923584, -490.06161499, 601.432922363, -364.162139893, 322.950775146, -148.347839355, 122.776145935, -247.873962402, 34.8340492249, -107.418190002], [-1375.3996582, 1526.08459473, -627.276000977, -130.980758667, 272.559295654, -390.886322021, 257.516265869, -215.659362793, 69.1604385376, -111.539833069, 140.347625732, -53.9829978943, 53.2464866638], [564.551635742, -627.276000977, 923.192626953, 100.785133362, -64.0901107788, 293.435333252, -127.974990845, 127.513595581, -53.4257888794, 116.186058044, -48.2898750305, 44.4150695801, -54.2319641113], [454.027923584, -130.980758667, 100.785133362, 342.366851807, -13.1025571823, 42.7390899658, -51.0756950378, 6.40866708755, -2.08350038528, -3.11086940765, 10.5241794586, 11.262887001, 16.6000099182], [-490.06161499, 272.559295654, -64.0901107788, -13.1025571823, 268.318267822, -44.5485420227, 69.4622573853, 2.84690141678, 15.808262825, 2.16943907738, 39.7132606506, 3.28877449036, 25.4848022461], [601.432922363, -390.886322021, 293.435333252, 42.7390899658, -44.5485420227, 287.961334229, -21.3765068054, 93.4938049316, -26.3039474487, 54.3534202576, -36.3636322021, 26.4651584625, -11.3388185501], [-364.162139893, 257.516265869, -127.974990845, -51.0756950378, 69.4622573853, -21.3765068054, 156.343109131, 5.49795436859, 28.5537414551, -14.4278011322, 28.0835342407, -6.18418884277, 19.8823165894], [322.950775146, -215.659362793, 127.513595581, 6.40866708755, 2.84690141678, 93.4938049316, 5.49795436859, 182.566131592, 38.6603775024, 43.0128097534, -23.8950252533, -4.07799530029, -13.5721855164], [-148.347839355, 69.1604385376, -53.4257888794, -2.08350038528, 15.808262825, -26.3039474487, 28.5537414551, 38.6603775024, 95.4220504761, 25.9267940521, 10.9921760559, -11.9996347427, 6.09077978134], [122.776145935, -111.539833069, 116.186058044, -3.11086940765, 2.16943907738, 54.3534202576, -14.4278011322, 43.0128097534, 25.9267940521, 78.2055282593, 14.9327793121, 7.13156604767, -10.3413963318], [-247.873962402, 140.347625732, -48.2898750305, 10.5241794586, 39.7132606506, -36.3636322021, 28.0835342407, -23.8950252533, 10.9921760559, 14.9327793121, 97.7661361694, 36.0809593201, 12.6720819473], [34.8340492249, -53.9829978943, 44.4150695801, 11.262887001, 3.28877449036, 26.4651584625, -6.18418884277, -4.07799530029, -11.9996347427, 7.13156604767, 36.0809593201, 73.8099136353, 27.1167907715], [-107.418190002, 53.2464866638, -54.2319641113, 16.6000099182, 25.4848022461, -11.3388185501, 19.8823165894, -13.5721855164, 6.09077978134, -10.3413963318, 12.6720819473, 27.1167907715, 65.9698181152]],
        "icov": [[0.000410498119891, -0.000276344246231, 0.000369795539882, -0.000586210400797, 0.000574905250687, -0.000616280187387, 0.00064753514016, -0.000784125819337, 0.000897645717487, -0.00101496721618, 0.00113369291648, -0.000831372803077, 0.000540451670531], [-0.000276344246231, 0.00243009557016, -0.000247527001193, 0.000721247924957, -0.00154322199523, 0.00169299973641, -0.00257628411055, 0.00219406327233, -0.0016486144159, 0.00226131337695, -0.00283713475801, 0.0024476852268, -0.000635797914583], [0.000369795539882, -0.000247527001193, 0.00256415526383, -0.000996316433884, 0.000323171523632, -0.00170599098783, 0.00133652344812, -0.00114345783368, 0.00198197271675, -0.00333711807616, 0.00207886099815, -0.00216609612107, 0.00188935361803], [-0.000586210400797, 0.000721247924957, -0.000996316433884, 0.00439562927932, -0.0010284857126, 0.00025644962443, 0.000399371812819, 0.00130704347976, -0.00236717471853, 0.00372989708558, -0.00378841045313, 0.00281725730747, -0.00249892030843], [0.000574905250687, -0.00154322199523, 0.000323171523632, -0.0010284857126, 0.00599853554741, -0.00066926429281, 0.000223958442803, -0.00253145047463, 0.00249018426985, -0.00294981221668, 0.00130741985049, -0.00126392324455, -0.000738387461752], [-0.000616280187387, 0.00169299973641, -0.00170599098783, 0.00025644962443, -0.00066926429281, 0.0087225632742, -0.00430403836071, 1.25561509776e-05, 0.00102290313225, -0.00139975966886, 0.000270218093647, -0.000413375353673, -0.000975272501819], [0.00064753514016, -0.00257628411055, 0.00133652344812, 0.000399371812819, 0.000223958442803, -0.00430403836071, 0.0130801517516, -0.0035704371985, -0.000166068653925, 0.000668332329951, -0.000232937527471, -0.000185730736121, -0.00112981302664], [-0.000784125819337, 0.00219406327233, -0.00114345783368, 0.00130704347976, -0.00253145047463, 1.25561509776e-05, -0.0035704371985, 0.0112277437001, -0.00646425038576, 0.00157390045933, -0.00143536005635, 0.0023111468181, 0.00021876374376], [0.000897645717487, -0.0016486144159, 0.00198197271675, -0.00236717471853, 0.00249018426985, 0.00102290313225, -0.000166068653925, -0.00646425038576, 0.019334429875, -0.0112526975572, 0.00355226011015, -0.000406655744882, -0.00111301534344], [-0.00101496721618, 0.00226131337695, -0.00333711807616, 0.00372989708558, -0.00294981221668, -0.00139975966886, 0.000668332329951, 0.00157390045933, -0.0112526975572, 0.0284323748201, -0.0121974525973, 0.00601818691939, -0.000773222185671], [0.00113369291648, -0.00283713475801, 0.00207886099815, -0.00378841045313, 0.00130741985049, 0.000270218093647, -0.000232937527471, -0.00143536005635, 0.00355226011015, -0.0121974525973, 0.0244640782475, -0.0158268082887, 0.00568073103204], [-0.000831372803077, 0.0024476852268, -0.00216609612107, 0.00281725730747, -0.00126392324455, -0.000413375353673, -0.000185730736121, 0.0023111468181, -0.000406655744882, 0.00601818691939, -0.0158268082887, 0.0286484826356, -0.0126250553876], [0.000540451670531, -0.000635797914583, 0.00188935361803, -0.00249892030843, -0.000738387461752, -0.000975272501819, -0.00112981302664, 0.00021876374376, -0.00111301534344, -0.000773222185671, 0.00568073103204, -0.0126250553876, 0.0233166124672]]
    },
    "melbands": {
        "dmean": [0.00107120501343, 0.000983941368759, 0.00102741888259, 0.000470938975923, 0.000196964421775, 0.000152500724653, 0.00010540321091, 9.55395807978e-05, 0.000243482092628, 0.000188935358892, 5.82790744375e-05, 8.23737645987e-05, 0.000104153819848, 5.06679571117e-05, 6.97548239259e-05, 5.33578677278e-05, 3.77640972147e-05, 3.26358422171e-05, 3.88337030017e-05, 3.62830796803e-05, 3.43432475347e-05, 3.17584417644e-05, 3.03154847643e-05, 1.64516677614e-05, 1.36492171805e-05, 1.47618475239e-05, 8.28501742944e-06, 4.68845291834e-06, 5.18068964084e-06, 3.2033676689e-06, 4.3066879698e-06, 3.17182048093e-06, 2.6187574349e-06, 2.71218641501e-06, 2.00514932658e-06, 1.21307607515e-06, 8.64441176418e-07, 6.76089484841e-07, 5.86766191191e-07, 4.56622984757e-07],
        "dmean2": [0.00141476211138, 0.00169737893157, 0.00169143918902, 0.000788246048614, 0.00032614171505, 0.000254674407188, 0.000170084938873, 0.000151019863551, 0.00038531012251, 0.000287100701826, 9.49028835748e-05, 0.000134180139867, 0.000160375493579, 8.27657495392e-05, 0.000110659355414, 8.68981951498e-05, 6.15705139353e-05, 5.30650431756e-05, 6.1965896748e-05, 5.85028574278e-05, 5.35987092007e-05, 5.09975252498e-05, 4.86350145366e-05, 2.69115353149e-05, 2.2125965188e-05, 2.41283942159e-05, 1.35955078804e-05, 7.68924201111e-06, 8.53539495438e-06, 5.16522550242e-06, 6.79445338392e-06, 4.86857970827e-06, 4.03842386731e-06, 4.14882060795e-06, 3.05464322992e-06, 1.85521639651e-06, 1.35852349104e-06, 1.01518003248e-06, 8.99124358966e-07, 7.14700377102e-07],
        "dvar": [3.57084354619e-06, 2.79166692962e-06, 3.37096935255e-06, 1.2315741742e-06, 1.12286933529e-07, 6.05124981234e-08, 3.09337409021e-08, 3.06088701052e-08, 2.21643503551e-07, 1.94880470872e-07, 1.81003532163e-08, 3.6563402972e-08, 4.99687580202e-08, 1.26321229033e-08, 1.63170099654e-08, 1.10223687955e-08, 3.30076610489e-09, 5.55227019916e-09, 7.22204696046e-09, 4.27095558919e-09, 2.52733589612e-09, 3.4344347366e-09, 2.00251348836e-09, 5.92134175026e-10, 4.04069167015e-10, 4.31302521475e-10, 1.1465199623e-10, 4.09861034001e-11, 5.25194818191e-11, 1.54993136381e-11, 3.67685604186e-11, 3.55126067442e-11, 3.64938565478e-11, 6.97849347753e-11, 4.66472971361e-11, 3.96967146654e-11, 1.19035111629e-11, 5.63405745668e-12, 1.83514271487e-12, 1.69804437438e-12],
        "dvar2": [5.60294893148e-06, 7.89108435129e-06, 8.22857600724e-06, 3.26341341861e-06, 3.02792813045e-07, 1.6835365102e-07, 7.70251489257e-08, 7.59133982342e-08, 5.47436684428e-07, 4.27542943271e-07, 4.96817413875e-08, 9.59458645866e-08, 1.16850266352e-07, 3.16008801349e-08, 4.07091569343e-08, 2.93223116898e-08, 8.14086575929e-09, 1.35164155424e-08, 1.81208292815e-08, 1.0567290154e-08, 5.91022475405e-09, 1.00620116683e-08, 5.20079312949e-09, 1.64585156615e-09, 1.02202912799e-09, 1.16824072638e-09, 2.78979256363e-10, 1.07204738142e-10, 1.40589859199e-10, 3.98245984801e-11, 9.12889000504e-11, 6.77266714932e-11, 6.95815349783e-11, 1.63978997048e-10, 9.44987144091e-11, 6.87145410017e-11, 2.12970075603e-11, 1.19217075448e-11, 3.88264030302e-12, 4.01733464203e-12],
        "max": [0.0216752663255, 0.0179463401437, 0.0168936029077, 0.0100652584806, 0.00421265652403, 0.00433423509821, 0.00227187620476, 0.00331036932766, 0.00676383404061, 0.00761190289631, 0.00348952994682, 0.00311450241134, 0.00611055502668, 0.00238518393598, 0.00248762755655, 0.00216526398435, 0.00106536410749, 0.00157087284606, 0.00176503416151, 0.00103261263575, 0.000811886682641, 0.000870512332767, 0.000701067678165, 0.000365194224287, 0.000417836155975, 0.000313686818117, 0.00012422495638, 9.06978166313e-05, 0.000122126642964, 4.02057121391e-05, 7.90049962234e-05, 0.000210866768612, 0.000205480508157, 0.00028427367215, 0.000306726753479, 0.000316322984872, 0.000138435250847, 9.98616524157e-05, 3.15261495416e-05, 3.91669418605e-05],
        "mean": [0.00168295367621, 0.00167833163869, 0.00148929539137, 0.000567372480873, 0.000305522524286, 0.000263881491264, 0.000192866180441, 0.000170589977643, 0.000472006620839, 0.000356658973033, 9.78589960141e-05, 0.000125166741782, 0.000174085434992, 7.95839077909e-05, 0.000113763082481, 8.43655070639e-05, 6.32334777038e-05, 5.18218621437e-05, 6.0890957684e-05, 6.19990823907e-05, 6.45423060632e-05, 5.98713959334e-05, 5.28520795342e-05, 3.09286078846e-05, 2.61182103714e-05, 3.03276192426e-05, 1.86971392395e-05, 9.58098735282e-06, 1.0300982467e-05, 7.21739615983e-06, 8.93476226338e-06, 7.05471620677e-06, 5.98666065343e-06, 5.77467653784e-06, 4.21129288952e-06, 2.50959442383e-06, 1.87334080692e-06, 1.37833274039e-06, 1.1815761809e-06, 8.88233842034e-07],
        "median": [0.000563919602428, 0.00131858396344, 0.00092584855156, 0.000279366911855, 0.000189476704691, 0.000187276629731, 0.000115539798571, 8.86069392436e-05, 0.000131498512928, 0.00010003214993, 5.40886030649e-05, 6.09180096944e-05, 6.63027676637e-05, 4.36422997154e-05, 7.07305516698e-05, 5.14262028446e-05, 4.1148665332e-05, 3.14930039167e-05, 3.42843450198e-05, 3.69450899598e-05, 3.99981254304e-05, 3.83331644116e-05, 3.33505231538e-05, 1.99865244213e-05, 1.69305258169e-05, 2.2754424208e-05, 1.50857085828e-05, 7.56490362619e-06, 7.68013615016e-06, 5.63499997952e-06, 6.46614580546e-06, 4.79111440654e-06, 3.90594414057e-06, 3.35103800353e-06, 2.60289539256e-06, 1.2327506056e-06, 9.89326395029e-07, 7.69956216118e-07, 6.42619454538e-07, 4.72810910424e-07],
        "min": [3.74618487077e-24, 9.22397385991e-24, 3.66082893754e-24, 2.96314418131e-24, 9.83123898475e-24, 3.50648869586e-24, 5.86911054092e-24, 7.29381108512e-24, 5.18616998944e-24, 6.41845000392e-24, 1.30823572339e-23, 4.34814056729e-24, 2.62597004206e-24, 5.18308948761e-24, 4.2559866252e-24, 9.34551997046e-24, 6.4037243374e-24, 4.78876198134e-24, 7.33651685908e-24, 7.26262741353e-24, 6.56751079398e-24, 9.40834011979e-24, 9.34965596819e-24, 1.00637904464e-23, 7.46674201732e-24, 6.16204772718e-24, 7.61847310155e-24, 9.68361076608e-24, 6.32050503392e-24, 7.85106006198e-24, 6.96767468765e-24, 5.00519938133e-24, 9.38958810721e-24, 8.47280315102e-24, 5.21085818033e-24, 5.70123739041e-24, 1.17189555208e-23, 9.85244277702e-24, 7.79006612565e-24, 9.6341436653e-24],
        "var": [8.03213788458e-06, 3.19195078191e-06, 4.03688864026e-06, 1.0597069604e-06, 1.39842740055e-07, 7.46463229007e-08, 6.33421848306e-08, 5.85674619913e-08, 7.39485301438e-07, 7.06590185473e-07, 2.61320654005e-08, 5.35306377003e-08, 1.55898845833e-07, 1.91329370125e-08, 2.56916994346e-08, 1.46632714859e-08, 5.80420511653e-09, 7.64912400086e-09, 1.04059276751e-08, 7.9694055799e-09, 5.53940981973e-09, 5.92143623024e-09, 3.53192786129e-09, 1.21142329501e-09, 9.22165288575e-10, 9.25685639253e-10, 2.73482847479e-10, 7.82863981974e-11, 1.01006800146e-10, 4.11874805095e-11, 8.73550468072e-11, 1.09243482316e-10, 1.03656319639e-10, 1.36796948769e-10, 1.19788901021e-10, 1.19032284029e-10, 4.41714789745e-11, 1.11430266056e-11, 4.15915695981e-12, 2.95182086239e-12]
    },
    "mfcc": {
        "mean": [-598.420898438, 109.507301331, -17.2573566437, 28.6314067841, 2.7789068222, 9.78673267365, -0.761188745499, 8.80910587311, 0.208352342248, 0.803032159805, 2.86702632904, -0.27778878808, 1.19158828259],
        "cov": [[3504.76049805, -1098.97888184, 587.982299805, 14.3765449524, 40.3070983887, 94.9663162231, -40.827911377, 64.0389709473, 128.789855957, 28.9634132385, -13.4636650085, 37.9492149353, -54.1514015198], [-1098.97888184, 1283.98864746, -568.935791016, 92.0095443726, -100.492248535, -50.1183738708, 56.0771408081, -19.7460365295, -62.3125648499, -19.2807655334, 3.29116487503, -15.3469610214, 39.0305213928], [587.982299805, -568.935791016, 828.036193848, -80.9491271973, 126.948287964, 89.8704223633, 25.0378818512, -1.41798782349, 31.0781135559, -1.44340658188, 46.6050224304, 33.8157730103, -14.0160951614], [14.3765449524, 92.0095443726, -80.9491271973, 278.315155029, 25.0856132507, 1.08772778511, -12.4713878632, -1.43712222576, -21.1428432465, -7.5900144577, -35.7443847656, 12.3449964523, 8.74755764008], [40.3070983887, -100.492248535, 126.948287964, 25.0856132507, 202.406860352, 21.6112365723, 38.6574554443, 5.96163415909, 24.0145397186, 21.5017032623, 7.5732717514, 14.5690097809, 11.4952316284], [94.9663162231, -50.1183738708, 89.8704223633, 1.08772778511, 21.6112365723, 137.13079834, 33.116268158, 5.33604001999, -1.46655249596, -14.7183523178, -3.03718543053, -4.20461988449, 5.10177850723], [-40.827911377, 56.0771408081, 25.0378818512, -12.4713878632, 38.6574554443, 33.116268158, 119.714080811, 33.3815193176, 11.0747642517, 6.05295562744, 7.91912221909, 11.5210199356, 8.31931495667], [64.0389709473, -19.7460365295, -1.41798782349, -1.43712222576, 5.96163415909, 5.33604001999, 33.3815193176, 87.5397491455, 34.4203948975, 14.9222345352, 5.77029561996, 6.63814496994, 8.81136894226], [128.789855957, -62.3125648499, 31.0781135559, -21.1428432465, 24.0145397186, -1.46655249596, 11.0747642517, 34.4203948975, 110.949440002, 53.008972168, 3.04140043259, 6.18678617477, 1.04962337017], [28.9634132385, -19.2807655334, -1.44340658188, -7.5900144577, 21.5017032623, -14.7183523178, 6.05295562744, 14.9222345352, 53.008972168, 105.541725159, 29.1284217834, 4.6874871254, 4.27116107941], [-13.4636650085, 3.29116487503, 46.6050224304, -35.7443847656, 7.5732717514, -3.03718543053, 7.91912221909, 5.77029561996, 3.04140043259, 29.1284217834, 83.5507659912, 24.7946929932, 5.0637178421], [37.9492149353, -15.3469610214, 33.8157730103, 12.3449964523, 14.5690097809, -4.20461988449, 11.5210199356, 6.63814496994, 6.18678617477, 4.6874871254, 24.7946929932, 77.0189971924, 18.8395938873], [-54.1514015198, 39.0305213928, -14.0160951614, 8.74755764008, 11.4952316284, 5.10177850723, 8.31931495667, 8.81136894226, 1.04962337017, 4.27116107941, 5.0637178421, 18.8395938873, 54.5645332336]],
