{
"lowlevel": {
    "average_loudness": 0.942625582218,
    "barkbands_crest": {
        "dmean": 2.19159126282,
        "dmean2": 3.59430265427,
        "dvar": 5.074614048,
        "dvar2": 13.714430809,
        "max": 21.0603065491,
        "mean": 9.15073394775,
        "median": 8.3719701767,
        "min": 2.63948917389,
        "var": 11.5754852295
    },
    "barkbands_flatness_db": {
        "dmean": 0.018591882661,
        "dmean2": 0.0275084655732,
        "dvar": 0.000367703847587,
        "dvar2": 0.000901989056729,
        "max": 0.328418403864,
        "mean": 0.130848377943,
        "median": 0.120234005153,
        "min": 0.0461600795388,
        "var": 0.00231894245371
    },
    "barkbands_kurtosis": {
        "dmean": 1.55100488663,
        "dmean2": 2.60287714005,
        "dvar": 7.48350572586,
        "dvar2": 20.1709060669,
        "max": 26.5465641022,
        "mean": 0.79054749012,
        "median": -0.2294921875,
        "min": -1.89682126045,
        "var": 9.21784877777
    },
    "barkbands_skewness": {
        "dmean": 0.500986754894,
        "dmean2": 0.782060086727,
        "dvar": 0.355974495411,
        "dvar2": 0.918920457363,
        "max": 4.94123601913,
        "mean": 0.922190070152,
        "median": 0.832541108131,
        "min": -2.00676298141,
        "var": 0.911135911942
    },
    "barkbands_spread": {
        "dmean": 4.70861625671,
        "dmean2": 7.1944770813,
        "dvar": 32.3310928345,
        "dvar2": 74.6427688599,
        "max": 138.110427856,
        "mean": 24.2323665619,
        "median": 23.3480453491,
        "min": 4.1625084877,
        "var": 89.4513473511
    },
    "dissonance": {
        "dmean": 0.0138239841908,
        "dmean2": 0.0218787454069,
        "dvar": 0.000225719675655,
        "dvar2": 0.000508397468366,
        "max": 0.499832212925,
        "mean": 0.468768358231,
        "median": 0.476464182138,
        "min": 0.325850516558,
        "var": 0.000735129520763
    },
    "dynamic_complexity": 2.86766576767,
    "erbbands_crest": {
        "dmean": 2.08344936371,
        "dmean2": 3.27346348763,
        "dvar": 4.26065778732,
        "dvar2": 10.2546930313,
        "max": 25.0617218018,
        "mean": 8.27220630646,
        "median": 7.62086725235,
        "min": 2.88777637482,
        "var": 10.499089241
    },
    "erbbands_flatness_db": {
        "dmean": 0.0158874243498,
        "dmean2": 0.0217156317085,
        "dvar": 0.000283891306026,
        "dvar2": 0.00052015815163,
        "max": 0.388100624084,
        "mean": 0.179620981216,
        "median": 0.168798699975,
        "min": 0.0797751173377,
        "var": 0.00257019884884
    },
    "erbbands_kurtosis": {
        "dmean": 0.684808373451,
        "dmean2": 1.03184223175,
        "dvar": 0.643950641155,
        "dvar2": 1.43754315376,
        "max": 7.82125663757,
        "mean": -0.0533045046031,
        "median": -0.466007471085,
        "min": -1.79505836964,
        "var": 1.68925249577
    },
    "erbbands_skewness": {
        "dmean": 0.311130195856,
        "dmean2": 0.441070795059,
        "dvar": 0.0800383836031,
        "dvar2": 0.160965368152,
        "max": 1.75360548496,
        "mean": -0.348231077194,
        "median": -0.334227859974,
        "min": -2.3884832859,
        "var": 0.395648300648
    },
    "erbbands_spread": {
        "dmean": 6.95749521255,
        "dmean2": 10.8355884552,
        "dvar": 73.1320114136,
        "dvar2": 179.792480469,
        "max": 122.956542969,
        "mean": 35.8865737915,
        "median": 33.264755249,
        "min": 9.35521316528,
        "var": 222.907058716
    },
    "hfc": {
        "dmean": 5.24441242218,
        "dmean2": 7.38039875031,
        "dvar": 40.6049957275,
        "dvar2": 78.1645965576,
        "max": 74.4267120361,
        "mean": 19.9667034149,
        "median": 17.409910202,
        "min": 1.10344470964e-16,
        "var": 222.512329102
    },
    "melbands_crest": {
        "dmean": 2.9388859272,
        "dmean2": 4.77091550827,
        "dvar": 9.41253662109,
        "dvar2": 24.1938667297,
        "max": 32.4325218201,
        "mean": 12.6258964539,
        "median": 12.0871715546,
        "min": 1.54476082325,
        "var": 22.4151802063
    },
    "melbands_flatness_db": {
        "dmean": 0.0245846454054,
        "dmean2": 0.0354040004313,
        "dvar": 0.000746789912228,
        "dvar2": 0.00192114862148,
        "max": 0.395373910666,
        "mean": 0.178081005812,
        "median": 0.16842135787,
        "min": 0.00455897767097,
        "var": 0.00357362674549
    },
    "melbands_kurtosis": {
        "dmean": 4.85977697372,
        "dmean2": 8.23341941833,
        "dvar": 98.4820480347,
        "dvar2": 267.234283447,
        "max": 115.710319519,
        "mean": 6.27617502213,
        "median": 2.78252983093,
        "min": -1.72309911251,
        "var": 108.188117981
    },
    "melbands_skewness": {
        "dmean": 0.695771515369,
        "dmean2": 1.10723316669,
        "dvar": 0.918737530708,
        "dvar2": 2.41553211212,
        "max": 10.0126848221,
        "mean": 2.03527379036,
        "median": 1.75000691414,
        "min": -0.685169935226,
        "var": 1.86273801327
    },
    "melbands_spread": {
        "dmean": 8.40872764587,
        "dmean2": 12.7234096527,
        "dvar": 105.264793396,
        "dvar2": 269.619781494,
        "max": 207.667449951,
        "mean": 31.9971504211,
        "median": 29.3744106293,
        "min": 2.84217977524,
        "var": 336.862487793
    },
    "pitch_salience": {
        "dmean": 0.0654609724879,
        "dmean2": 0.104115068913,
        "dvar": 0.00416690390557,
        "dvar2": 0.0103341275826,
        "max": 0.971491336823,
        "mean": 0.606236994267,
        "median": 0.609571158886,
        "min": 0.235943749547,
        "var": 0.012176187709
    },
    "silence_rate_20dB": {
        "dmean": 0,
        "dmean2": 0,
        "dvar": 0,
        "dvar2": 0,
        "max": 1,
        "mean": 1,
        "median": 1,
        "min": 1,
        "var": 0
    },
    "silence_rate_30dB": {
        "dmean": 0,
        "dmean2": 0,
        "dvar": 0,
        "dvar2": 0,
        "max": 1,
        "mean": 1,
        "median": 1,
        "min": 1,
        "var": 0
    },
    "silence_rate_60dB": {
        "dmean": 0.0290247686207,
        "dmean2": 0.0580720081925,
        "dvar": 0.0281802471727,
        "dvar2": 0.0601195879281,
        "max": 1,
        "mean": 0.104061894119,
        "median": 0,
        "min": 0,
        "var": 0.0932371839881
    },
    "spectral_centroid": {
        "dmean": 228.196762085,
        "dmean2": 338.74041748,
        "dvar": 71427.671875,
        "dvar2": 157126.765625,
        "max": 11456.1757812,
        "mean": 1616.78845215,
        "median": 1539.16638184,
        "min": 432.844177246,
        "var": 905689.375
    },
    "spectral_complexity": {
        "dmean": 4.4845199585,
        "dmean2": 6.22919082642,
        "dvar": 20.4353408813,
        "dvar2": 34.3762664795,
        "max": 55,
        "mean": 23.1802711487,
        "median": 23,
        "min": 0,
        "var": 109.378829956
    },
    "spectral_decrease": {
        "dmean": 2.34173636038e-09,
        "dmean2": 3.95183530344e-09,
        "dvar": 1.83349479682e-17,
        "dvar2": 5.05714139015e-17,
        "max": 1.21512818352e-28,
        "mean": -5.40052402798e-09,
        "median": -4.52704895793e-09,
        "min": -3.64464511904e-08,
        "var": 2.11887475512e-17
    },
    "spectral_energy": {
        "dmean": 0.00921145267785,
        "dmean2": 0.0154123175889,
        "dvar": 0.000271947210422,
        "dvar2": 0.000747313024476,
        "max": 0.142066672444,
        "mean": 0.0221938714385,
        "median": 0.0187429003417,
        "min": 1.02751220547e-20,
        "var": 0.00033659755718
    },
    "spectral_energyband_high": {
        "dmean": 0.000154129069415,
        "dmean2": 0.000215028572711,
        "dvar": 6.63910384446e-08,
        "dvar2": 1.37595449701e-07,
        "max": 0.00452145654708,
        "mean": 0.000479430425912,
        "median": 0.000399625045247,
        "min": 7.25689348023e-21,
        "var": 2.75430835472e-07
    },
    "spectral_energyband_low": {
        "dmean": 0.00482262019068,
        "dmean2": 0.0087377410382,
        "dvar": 0.00020201492589,
        "dvar2": 0.000570116913877,
        "max": 0.0994692146778,
        "mean": 0.00431419909,
        "median": 0.00103331077844,
        "min": 1.0611450819e-23,
        "var": 0.000129703708808
    },
    "spectral_energyband_middle_high": {
        "dmean": 0.00201757671311,
        "dmean2": 0.00279238563962,
        "dvar": 5.71994451093e-06,
        "dvar2": 1.08602826003e-05,
        "max": 0.0331048518419,
        "mean": 0.00680884998292,
        "median": 0.00489231804386,
        "min": 1.3793343747e-21,
        "var": 3.7028996303e-05
    },
    "spectral_energyband_middle_low": {
        "dmean": 0.00452230544761,
        "dmean2": 0.0074828248471,
        "dvar": 5.49471551494e-05,
        "dvar2": 0.000147058774019,
        "max": 0.0765465646982,
        "mean": 0.0118220457807,
        "median": 0.00991062726825,
        "min": 2.16601034978e-22,
        "var": 0.000100177712739
    },
    "spectral_entropy": {
        "dmean": 0.108985841274,
        "dmean2": 0.146030679345,
        "dvar": 0.0148254595697,
        "dvar2": 0.0262219328433,
        "max": 9.81462192535,
        "mean": 7.57062768936,
        "median": 7.6394610405,
        "min": 6.09404468536,
        "var": 0.141082823277
    },
    "spectral_flux": {
        "dmean": 0.0287239272147,
        "dmean2": 0.0439057610929,
        "dvar": 0.00170628237538,
        "dvar2": 0.00329369469546,
        "max": 0.315753996372,
        "mean": 0.078334659338,
        "median": 0.0670466795564,
        "min": 6.62981405886e-11,
        "var": 0.00312799564563
    },
    "spectral_kurtosis": {
        "dmean": 2.37841749191,
        "dmean2": 4.1876411438,
        "dvar": 16.240940094,
        "dvar2": 49.4899368286,
        "max": 50.8666763306,
        "mean": 5.94725227356,
        "median": 4.65933847427,
        "min": -1.23540139198,
        "var": 20.234210968
    },
    "spectral_rms": {
        "dmean": 0.000841345405206,
        "dmean2": 0.0013374426635,
        "dvar": 1.65341293723e-06,
        "dvar2": 4.37681728727e-06,
        "max": 0.0117729194462,
        "mean": 0.00425881380215,
        "median": 0.00427618483081,
        "min": 3.1661505015e-12,
        "var": 3.51506719198e-06
    },
    "spectral_rolloff": {
        "dmean": 448.514282227,
        "dmean2": 741.09942627,
        "dvar": 480036.0625,
        "dvar2": 1182007.5,
        "max": 19487.5488281,
        "mean": 2016.29492188,
        "median": 2088.72070312,
        "min": 107.666015625,
        "var": 3234112
    },
    "spectral_skewness": {
        "dmean": 0.247702732682,
        "dmean2": 0.420428484678,
        "dvar": 0.115319430828,
        "dvar2": 0.341793179512,
        "max": 5.19644212723,
        "mean": 1.49740338326,
        "median": 1.45192229748,
        "min": -0.067977540195,
        "var": 0.18133983016
    },
    "spectral_spread": {
        "dmean": 351118.59375,
        "dmean2": 485144.21875,
        "dvar": 429996081152,
        "dvar2": 727208296448,
        "max": 41663600,
        "mean": 3785822.25,
        "median": 3604370.5,
        "min": 1050906.625,
        "var": 1.11402549248e+13
    },
    "spectral_strongpeak": {
        "dmean": 0.566440165043,
        "dmean2": 0.999170601368,
        "dvar": 1.05387592316,
        "dvar2": 2.73839974403,
        "max": 8.48822879791,
        "mean": 0.992898404598,
        "median": 0.583911836147,
        "min": 0,
        "var": 1.45287489891
    },
    "zerocrossingrate": {
        "dmean": 0.00852942653,
        "dmean2": 0.00948490574956,
        "dvar": 0.000102555233752,
        "dvar2": 0.000130668209749,
        "max": 0.5205078125,
        "mean": 0.0689725130796,
        "median": 0.0634765625,
        "min": 0.0126953125,
        "var": 0.0021861048881
    },
    "barkbands": {
        "dmean": [2.25078001677e-05, 0.00245634349994, 0.00190104194917, 0.0013609577436, 0.00253734667785, 0.000626903900411, 0.000569853698835, 0.000707085535396, 0.000515432853717, 0.000364979554433, 0.000294493598631, 0.000374759634724, 0.00038021869841, 0.000388531276258, 0.000374365277821, 0.000424856087193, 0.000652458809782, 0.00024232303258, 0.00017060378741, 0.000123360849102, 5.7890163589e-05, 3.1454841519e-05, 3.16584919346e-05, 1.63985660038e-05, 1.23441786855e-05, 9.09265054361e-06, 7.37212076274e-07],
        "dmean2": [3.65734958905e-05, 0.00438634119928, 0.00358272320591, 0.00240995152853, 0.0043639303185, 0.00100298423786, 0.000965978950262, 0.00106770812999, 0.000732604588848, 0.000539334898349, 0.000440294883447, 0.000578045845032, 0.000560387095902, 0.000587168033235, 0.000553844729438, 0.00065039092442, 0.000967201660387, 0.00036754674511, 0.000260170490947, 0.000194541484234, 9.07598951017e-05, 4.66103920189e-05, 4.60443843622e-05, 2.34315139096e-05, 1.53661967488e-05, 1.2235673239e-05, 1.11100393951e-06],
        "dvar": [3.19865489651e-09, 5.82441716688e-05, 3.54300573235e-05, 6.4561659201e-06, 2.61550721916e-05, 1.27058342514e-06, 1.76532319074e-06, 2.0621675958e-06, 1.59691421686e-06, 7.52212883981e-07, 5.68703114823e-07, 7.81184553489e-07, 1.07228186152e-06, 1.06138452338e-06, 4.85211785417e-07, 3.7183593804e-07, 6.98316569014e-07, 1.40386077874e-07, 6.02176086772e-08, 3.47107231846e-08, 1.07775761649e-08, 2.34345853833e-09, 4.19151069408e-09, 2.22433738095e-09, 6.09623462822e-10, 3.37777944504e-10, 2.55183482852e-12],
        "dvar2": [7.81048559162e-09, 0.000160680734552, 0.000103421603853, 1.91050257854e-05, 7.42445336073e-05, 3.07872483063e-06, 4.63108017357e-06, 5.11482448928e-06, 2.93600351142e-06, 1.47339426348e-06, 1.18360992474e-06, 1.76308697064e-06, 2.10087364394e-06, 2.25128565035e-06, 9.66074480857e-07, 8.36521223846e-07, 1.67019095443e-06, 3.30120371927e-07, 1.34408011832e-07, 7.79406121865e-08, 2.65532769106e-08, 5.22064702579e-09, 1.02410622205e-08, 4.08581479761e-09, 1.02690578263e-09, 7.15073666946e-10, 5.09813502178e-12],
        "max": [0.000509325182065, 0.0526868253946, 0.0441194474697, 0.0326279662549, 0.0574169307947, 0.014079480432, 0.0131765082479, 0.0182752087712, 0.0210475474596, 0.0228719003499, 0.0137497689575, 0.0197484642267, 0.024610389024, 0.0229741334915, 0.0142182856798, 0.00875514559448, 0.0112438909709, 0.00636002281681, 0.00418570823967, 0.00386387272738, 0.00187286559958, 0.000821458292194, 0.00152542092837, 0.00175182975363, 0.000686272862367, 0.00023301767942, 4.94285050081e-05],
        "mean": [1.929082282e-05, 0.00169939373154, 0.00157003605273, 0.00225653592497, 0.00547253899276, 0.00105685682502, 0.000687950756401, 0.00110629026312, 0.000883187982254, 0.000849638250656, 0.000502302602399, 0.000550571363419, 0.000579513609409, 0.000635895237792, 0.00067663640948, 0.00078872544691, 0.00132340495475, 0.000481369788758, 0.00039171660319, 0.000281257322058, 0.000129859399749, 8.47310147947e-05, 7.81479539e-05, 4.27990999015e-05, 2.98637060041e-05, 1.43948327604e-05, 9.57858787842e-07],
        "median": [1.51894073497e-06, 0.000100591933005, 0.000345953681972, 0.00117702886928, 0.0035888988059, 0.000601941603236, 0.0002750257554, 0.000433498091297, 0.000267578609055, 0.000322337145917, 0.000163823919138, 0.00014245705097, 0.000143437369843, 0.000158226772328, 0.000333560805302, 0.000507426913828, 0.000896460434888, 0.00030357632204, 0.000229862998822, 0.000172364569153, 0.000106296225567, 7.35337744118e-05, 5.98211154283e-05, 3.01802028844e-05, 1.9262328351e-05, 6.16744000581e-06, 2.56710677604e-07],
        "min": [1.14400075994e-24, 6.23145841494e-24, 2.82287524603e-24, 2.09668480378e-25, 1.77637639235e-23, 1.48583024349e-23, 1.41075056461e-23, 7.18621361309e-24, 1.18173028099e-23, 2.44462330507e-23, 2.40090147826e-23, 4.48629929965e-23, 3.64908690073e-23, 4.00327093214e-23, 5.91614881786e-23, 6.32851039439e-23, 8.91366564096e-23, 1.06760042535e-22, 1.28756551664e-22, 2.01824370181e-22, 3.12140244267e-22, 3.32113848977e-22, 4.70543135382e-22, 6.10195547465e-22, 8.35001669868e-22, 1.1959710915e-21, 2.12355478987e-21],
        "var": [2.9087479092e-09, 3.80804885936e-05, 2.03038107429e-05, 9.23745483306e-06, 3.55040465365e-05, 1.77118329248e-06, 1.61732771176e-06, 3.1824247344e-06, 3.96254154111e-06, 4.23308574682e-06, 1.39989117542e-06, 1.86635372756e-06, 2.42986925514e-06, 2.42987471211e-06, 1.47961463881e-06, 8.31307545468e-07, 1.79709911663e-06, 3.2465780464e-07, 1.90234260344e-07, 1.22681683479e-07, 2.16268070119e-08, 7.50528084126e-09, 1.00491082122e-08, 7.00921054531e-09, 2.03247019215e-09, 5.10818720656e-10, 4.66126312895e-12]
    },
    "erbbands": {
        "dmean": [0.0475689247251, 0.645587742329, 2.10625171661, 3.45825123787, 7.24975728989, 9.23617267609, 5.10190010071, 5.14654350281, 8.08615398407, 11.3295793533, 14.2378759384, 12.560256958, 10.9545850754, 11.0109500885, 12.4060125351, 14.9376783371, 16.0858325958, 18.2465457916, 17.5042037964, 19.2401275635, 24.88139534, 30.0417404175, 14.8107347488, 10.4352111816, 7.02206468582, 6.18841123581, 2.73701262474, 2.0436797142, 1.19004333019, 1.31805801392, 0.670906722546, 0.426737636328, 0.240053042769, 0.148169845343, 0.0925274044275, 0.0459158830345, 0.0155158881098, 0.00239249458537, 0.000112160028948, 1.25254464365e-05],
        "dmean2": [0.0804276615381, 1.18211114407, 3.99073123932, 6.29401922226, 12.2651948929, 16.3032112122, 8.05856132507, 8.42485237122, 14.1593122482, 17.3641872406, 21.3113651276, 17.6586551666, 16.3591117859, 15.6709117889, 18.6674461365, 22.7575511932, 23.4335193634, 27.4345779419, 26.2035541534, 28.9863319397, 37.2653923035, 44.1192245483, 21.9721641541, 15.7959527969, 11.0859975815, 9.72325325012, 4.31348562241, 3.20959734917, 1.79697740078, 1.94310152531, 0.992909133434, 0.610806524754, 0.34292152524, 0.196986198425, 0.115656554699, 0.0601976588368, 0.0218593366444, 0.00339205516502, 0.000166994825122, 1.99652113224e-05],
        "dvar": [0.0186510998756, 4.27914714813, 46.1762275696, 60.3666992188, 129.432861328, 473.889312744, 81.5882263184, 87.2964553833, 380.370635986, 520.962890625, 927.601074219, 1130.54187012, 533.157775879, 899.15032959, 851.125305176, 1359.89819336, 2176.57714844, 1909.0189209, 1591.20422363, 812.003173828, 1091.38818359, 1531.15612793, 490.165008545, 239.706878662, 104.962608337, 92.1184844971, 21.026391983, 15.781908989, 3.17791199684, 5.00705432892, 3.30454945564, 1.73283100128, 0.331510961056, 0.12352900207, 0.0304356329143, 0.00757106998935, 0.00113131804392, 2.37049898715e-05, 6.7902668377e-08, 4.29631746846e-10],
        "dvar2": [0.0475588440895, 12.0745916367, 134.362518311, 178.220474243, 367.492340088, 1348.44836426, 196.078704834, 220.119018555, 1050.99365234, 1317.68774414, 2179.30102539, 2121.55737305, 1112.02966309, 1761.11437988, 1820.86083984, 3041.47045898, 4222.33349609, 4406.29248047, 3167.81665039, 1708.80029297, 2594.63720703, 3472.24121094, 1125.36816406, 511.057983398, 245.785568237, 207.726547241, 49.5317878723, 40.3668937683, 6.83217430115, 12.512383461, 8.09465026855, 3.17853140831, 0.6168872118, 0.240071162581, 0.0478309690952, 0.0144130121917, 0.00254807225429, 5.17501102877e-05, 1.46041045923e-07, 1.12932441176e-09],
        "max": [0.943949580193, 14.2708711624, 46.2146224976, 100.86151886, 120.285583496, 245.90965271, 109.266487122, 125.447631836, 163.770782471, 380.817230225, 459.16506958, 624.985595703, 593.800354004, 879.911071777, 606.612915039, 953.51940918, 1308.9666748, 632.364746094, 647.534606934, 537.122558594, 427.923553467, 578.207885742, 433.151733398, 197.466567993, 209.65927124, 241.134307861, 80.1616516113, 78.6235046387, 31.1659126282, 53.0357398987, 44.2338409424, 47.6885032654, 19.9379997253, 9.45646381378, 6.04509067535, 1.1581017971, 0.446013957262, 0.0832595899701, 0.00741357682273, 0.000196428212803],
        "mean": [0.0362630598247, 0.435011148453, 1.59700381756, 5.24809122086, 17.5214824677, 15.3212785721, 8.90486907959, 8.3517036438, 9.87993717194, 17.4351825714, 22.1761112213, 22.1256408691, 24.5292453766, 22.8234367371, 21.9994335175, 23.4889888763, 26.76653862, 33.0484313965, 32.9653434753, 39.4877815247, 51.9212417603, 62.6064453125, 32.6111717224, 23.3161678314, 16.9228744507, 13.9645462036, 6.40956830978, 4.41430664062, 3.08970236778, 3.30883049965, 1.70584583282, 1.05235314369, 0.637155354023, 0.362808823586, 0.198024347425, 0.080745279789, 0.0228027440608, 0.00354467728175, 0.000150507767103, 3.1124047382e-05],
        "median": [0.00169294083025, 0.03558312729, 0.367288053036, 2.65535211563, 14.1367998123, 7.93852567673, 5.16432189941, 4.66817855835, 4.73751449585, 8.45338058472, 7.20883369446, 7.664041996, 10.6913471222, 6.91108179092, 7.32028150558, 7.26176118851, 7.20167732239, 8.01649665833, 14.0015878677, 24.5738201141, 36.6858596802, 42.6727714539, 21.4007854462, 13.0018806458, 11.0405521393, 8.63824462891, 4.95756435394, 3.54122853279, 2.63674521446, 2.63583827019, 1.30873715878, 0.724895715714, 0.468129128218, 0.249873131514, 0.112489506602, 0.0379506498575, 0.00967720896006, 0.00138383312151, 4.84271331516e-05, 2.64123991656e-05],
        "min": [9.69221771187e-23, 1.74375751773e-21, 3.34293412336e-21, 5.22996938021e-21, 6.39567244676e-21, 3.57804308725e-20, 5.92105705235e-20, 1.13251481938e-19, 1.82292460732e-19, 2.16114803229e-19, 2.94874404588e-19, 3.78508516673e-19, 7.33659779293e-19, 6.67725988148e-19, 1.21948383936e-18, 1.7554579988e-18, 2.11088303235e-18, 2.2598402695e-18, 3.13652226504e-18, 2.79276502761e-18, 4.52414069686e-18, 5.74222949611e-18, 6.39927642745e-18, 9.0012172984e-18, 7.21588525819e-18, 9.29319551102e-18, 1.17923232085e-17, 1.33128565367e-17, 9.76540562577e-18, 1.29599448914e-17, 1.24371493735e-17, 1.16735863947e-17, 1.18508884231e-17, 8.65708534816e-18, 6.60295021455e-18, 4.11002099499e-18, 2.29751875999e-18, 8.36259798655e-19, 2.69501673274e-19, 2.71679297322e-20],
        "var": [0.0144770722836, 2.62992048264, 26.0432510376, 58.7046318054, 331.277740479, 467.425628662, 118.148475647, 111.450881958, 298.834320068, 672.885192871, 1700.4597168, 2654.54541016, 2509.8918457, 3661.01074219, 2075.15405273, 3001.57910156, 5011.07324219, 5328.96435547, 3989.78442383, 2478.96191406, 2572.30761719, 3994.22436523, 1313.44299316, 724.983886719, 315.759246826, 313.803771973, 56.7275619507, 26.096124649, 10.2281742096, 13.210146904, 6.58543586731, 5.07996273041, 1.13542985916, 0.351980924606, 0.0980161726475, 0.0143864788115, 0.00146692642011, 3.53377326974e-05, 1.03861012235e-07, 6.46583842023e-10]
    },
    "gfcc": {
        "mean": [-20.5438804626, 94.9151992798, -144.476379395, 27.2706050873, -51.5649108887, -6.86165380478, -50.4484901428, 3.80756282806, -28.7133979797, -10.9229917526, -26.3396854401, -3.94613265991, -13.3696918488],
        "cov": [[17600.015625, -1601.77355957, -318.027313232, 1172.71887207, -1126.60241699, 973.13659668, -721.466491699, 175.039550781, -838.697631836, 271.182159424, -594.646606445, 105.815429688, -504.669250488], [-1601.77355957, 1977.9362793, -674.188659668, -397.863739014, 403.254119873, -547.577209473, 211.376693726, -93.2486572266, 267.906555176, -252.804443359, 187.976196289, -144.655990601, 171.372390747], [-318.027313232, -674.188659668, 863.426452637, 335.682525635, -1.46713733673, 335.588592529, 46.8340492249, 69.9259414673, -76.6005401611, 126.683372498, -63.1845550537, 71.4559936523, -46.7769317627], [1172.71887207, -397.863739014, 335.682525635, 470.398223877, -38.6256637573, 227.728912354, -31.385219574, 20.8317947388, -87.6668548584, 46.6856689453, -46.834487915, -3.25024986267, -45.4739532471], [-1126.60241699, 403.254119873, -1.46713733673, -38.6256637573, 375.392822266, -87.7317199707, 98.3513336182, 45.6786994934, 140.19493103, -6.37586164474, 53.5435295105, 9.81136894226, 64.2724533081], [973.13659668, -547.577209473, 335.588592529, 227.728912354, -87.7317199707, 372.636077881, 35.033493042, 63.2581253052, -103.609184265, 84.5301895142, -58.875328064, 45.1307754517, -55.4357032776], [-721.466491699, 211.376693726, 46.8340492249, -31.385219574, 98.3513336182, 35.033493042, 194.898925781, 31.196428299, 48.2553100586, -16.3516273499, 52.2234916687, -11.9262084961, 30.2202110291], [175.039550781, -93.2486572266, 69.9259414673, 20.8317947388, 45.6786994934, 63.2581253052, 31.196428299, 140.540206909, 50.7233657837, 51.4241790771, -19.3826637268, 46.1785087585, 2.76331758499], [-838.697631836, 267.906555176, -76.6005401611, -87.6668548584, 140.19493103, -103.609184265, 48.2553100586, 50.7233657837, 166.536590576, 17.1627616882, 42.361869812, 2.25366163254, 47.7576293945], [271.182159424, -252.804443359, 126.683372498, 46.6856689453, -6.37586164474, 84.5301895142, -16.3516273499, 51.4241790771, 17.1627616882, 128.033065796, -1.54738724232, 38.7041244507, -27.2039451599], [-594.646606445, 187.976196289, -63.1845550537, -46.834487915, 53.5435295105, -58.875328064, 52.2234916687, -19.3826637268, 42.361869812, -1.54738724232, 90.1002960205, 0.137381210923, 25.500579834], [105.815429688, -144.655990601, 71.4559936523, -3.25024986267, 9.81136894226, 45.1307754517, -11.9262084961, 46.1785087585, 2.25366163254, 38.7041244507, 0.137381210923, 95.1071929932, 15.9860029221], [-504.669250488, 171.372390747, -46.7769317627, -45.4739532471, 64.2724533081, -55.4357032776, 30.2202110291, 2.76331758499, 47.7576293945, -27.2039451599, 25.500579834, 15.9860029221, 69.3320083618]],
        "icov": [[0.000390615023207, -0.000806839379948, 0.000957514275797, -0.00114038202446, 0.000665083818603, -0.000712088483851, 0.000451486906968, -0.000506928830873, 0.00140745216049, -0.00162673403975, 0.00203932099976, -0.00144922675099, 0.00134947290644], [-0.000806839379948, 0.00358929112554, -0.00143500952981, 0.00241330452263, -0.00233824388124, 0.00258572888561, -0.00206073443405, 0.00115489261225, -0.00362902088091, 0.00513852806762, -0.00523736001924, 0.00431955745444, -0.00359659991227], [0.000957514275797, -0.00143500952981, 0.00486207660288, -0.00394936092198, 0.00101873208769, -0.00208796537481, -0.000557371822651, -0.000288289273158, 0.00341071211733, -0.00503404438496, 0.00635514082387, -0.00466978270561, 0.00326203252189], [-0.00114038202446, 0.00241330452263, -0.00394936092198, 0.00742038153112, -0.00262341089547, -0.000150625011884, 0.00103090656921, 0.0004783331824, -0.00327992998064, 0.00553834717721, -0.00757390866056, 0.00701048504561, -0.00461881002411], [0.000665083818603, -0.00233824388124, 0.00101873208769, -0.00262341089547, 0.00618912652135, -0.000827022537123, -0.000234608000028, -0.00103830290027, -0.000235028594034, -0.0032175432425, 0.00389305804856, -0.00389896286651, 0.00169884518255], [-0.000712088483851, 0.00258572888561, -0.00208796537481, -0.000150625011884, -0.000827022537123, 0.0103453043848, -0.00597949419171, -0.00023087374575, 0.000799497589469, 0.000434665096691, -0.000856310303789, 0.00091921526473, -0.00170530134346], [0.000451486906968, -0.00206073443405, -0.000557371822651, 0.00103090656921, -0.000234608000028, -0.00597949419171, 0.0126359658316, -0.00443079462275, 0.00128070311621, 0.00127148220781, -0.00509153679013, 0.00294221821241, -0.000403505691793], [-0.000506928830873, 0.00115489261225, -0.000288289273158, 0.0004783331824, -0.00103830290027, -0.00023087374575, -0.00443079462275, 0.0152679840103, -0.00811052508652, -0.000324938737322, 0.0042167911306, -0.00500429840758, 0.000737482798286], [0.00140745216049, -0.00362902088091, 0.00341071211733, -0.00327992998064, -0.000235028594034, 0.000799497589469, 0.00128070311621, -0.00811052508652, 0.0218981448561, -0.0123028727248, 0.00570855103433, -0.00124528014567, -0.00173680228181], [-0.00162673403975, 0.00513852806762, -0.00503404438496, 0.00553834717721, -0.0032175432425, 0.000434665096691, 0.00127148220781, -0.000324938737322, -0.0123028727248, 0.024679524824, -0.0148426918313, 0.00411588326097, 0.00115119945258], [0.00203932099976, -0.00523736001924, 0.00635514082387, -0.00757390866056, 0.00389305804856, -0.000856310303789, -0.00509153679013, 0.0042167911306, 0.00570855103433, -0.0148426918313, 0.0322982557118, -0.0131438784301, 0.00626255525276], [-0.00144922675099, 0.00431955745444, -0.00466978270561, 0.00701048504561, -0.00389896286651, 0.00091921526473, 0.00294221821241, -0.00500429840758, -0.00124528014567, 0.00411588326097, -0.0131438784301, 0.0261435844004, -0.0152328554541], [0.00134947290644, -0.00359659991227, 0.00326203252189, -0.00461881002411, 0.00169884518255, -0.00170530134346, -0.000403505691793, 0.000737482798286, -0.00173680228181, 0.00115119945258, 0.00626255525276, -0.0152328554541, 0.0323725901544]]
    },
    "melbands": {
        "dmean": [0.000561789318454, 0.00103939825203, 0.000663914252073, 0.000643062638119, 0.000204791358556, 0.000119342614198, 0.00011858738435, 0.000131028777105, 0.000117833253171, 7.47475860408e-05, 5.54891375941e-05, 4.61641939182e-05, 4.04735474149e-05, 4.35094443674e-05, 3.71850765077e-05, 3.66384192603e-05, 3.79075900128e-05, 3.00585015793e-05, 2.84584693873e-05, 3.29259128193e-05, 3.27961133735e-05, 3.71759124391e-05, 2.3508684535e-05, 1.13996939035e-05, 9.11769075174e-06, 5.65703157918e-06, 5.44852218809e-06, 3.94870949094e-06, 1.97677854885e-06, 1.62997002917e-06, 1.15142711365e-06, 7.38352298413e-07, 6.35126070847e-07, 9.25133122109e-07, 4.23163754704e-07, 3.3603626548e-07, 2.56829878253e-07, 2.01312076342e-07, 1.36842572829e-07, 1.29015916173e-07],
        "dmean2": [0.000973949790932, 0.00196066079661, 0.00118529400788, 0.00112166744657, 0.000331567280227, 0.000195391010493, 0.000205794975045, 0.00020019900694, 0.000175540830242, 0.00010600592941, 8.29727650853e-05, 6.56456686556e-05, 6.03994412813e-05, 6.78661162965e-05, 5.60811677133e-05, 5.36132865818e-05, 5.76408165216e-05, 4.57232745248e-05, 4.25755752076e-05, 5.08431076014e-05, 4.99233028677e-05, 5.5508895457e-05, 3.63647268387e-05, 1.75257628143e-05, 1.40319598358e-05, 9.04443641048e-06, 8.49399293656e-06, 6.2733311097e-06, 3.17235662806e-06, 2.64917844106e-06, 1.82756548384e-06, 1.13154146675e-06, 9.63551769928e-07, 1.39569260682e-06, 6.48640650525e-07, 5.0342009672e-07, 3.7756257143e-07, 3.00399250364e-07, 1.93111944213e-07, 1.7638986094e-07],
        "dvar": [2.82961059384e-06, 1.14219465104e-05, 1.66098755017e-06, 1.69785164417e-06, 1.4459034503e-07, 4.660576991e-08, 8.03627457913e-08, 6.95399506867e-08, 6.29963139431e-08, 3.99464283873e-08, 1.47589220845e-08, 1.63643285589e-08, 1.05212007995e-08, 1.11355396015e-08, 8.88643381103e-09, 1.09137072712e-08, 8.92512552753e-09, 6.00995164746e-09, 2.78475353888e-09, 2.31502328418e-09, 2.00929650696e-09, 2.51284260067e-09, 1.13031295434e-09, 3.41921879699e-10, 1.96158339572e-10, 6.0850387229e-11, 6.40600003599e-11, 4.60620951104e-11, 1.24580632269e-11, 9.04055389578e-12, 4.31044739832e-12, 1.2701301599e-12, 1.00887603393e-12, 2.44898762727e-12, 1.29674157696e-12, 8.54674512586e-13, 6.34932644655e-13, 2.05576658127e-13, 1.19986662207e-13, 9.69069930638e-14],
        "dvar2": [7.58146052249e-06, 3.29764152411e-05, 4.86884664497e-06, 4.88539626531e-06, 3.57266486617e-07, 1.16335087341e-07, 2.18726512458e-07, 1.76225952941e-07, 1.386485593e-07, 7.57758584768e-08, 3.10127568071e-08, 3.1319387972e-08, 2.14354294314e-08, 2.49298111044e-08, 1.8996168194e-08, 2.20604690071e-08, 2.02302725683e-08, 1.20736984854e-08, 5.80336800837e-09, 4.94345808733e-09, 4.96794649862e-09, 5.81220094276e-09, 2.70641886679e-09, 8.20632894971e-10, 4.31867958062e-10, 1.44540240887e-10, 1.48410783662e-10, 1.0270803652e-10, 2.97258259674e-11, 2.33214402651e-11, 1.07410105116e-11, 2.77933145248e-12, 2.49570893465e-12, 6.00317495367e-12, 3.2703065516e-12, 1.71457151862e-12, 1.16309739617e-12, 4.14781517509e-13, 2.54418041539e-13, 1.91646286514e-13],
        "max": [0.0113929789513, 0.0231984313577, 0.0160668641329, 0.0140011655167, 0.00425567384809, 0.00259161111899, 0.00240155286156, 0.00450163846835, 0.00393089046702, 0.00379862682894, 0.0031016508583, 0.00368562829681, 0.00201617204584, 0.00251409900375, 0.00196566875093, 0.00209268322214, 0.00150926958304, 0.00163115188479, 0.00121516163927, 0.00085930788191, 0.000634796509985, 0.00082400982501, 0.000493081402965, 0.000315440149279, 0.000177272231667, 0.000160619078088, 0.000125088365166, 0.000212635088246, 6.90479719196e-05, 5.11697362526e-05, 4.25740181527e-05, 2.22510170715e-05, 2.21462451009e-05, 2.97208334814e-05, 2.81576794805e-05, 3.13105083478e-05, 2.55482045759e-05, 1.63402892213e-05, 1.00935940281e-05, 8.62196884555e-06],
        "mean": [0.000405189144658, 0.000761303293984, 0.00124375335872, 0.00132803898305, 0.000358856312232, 0.000196040273295, 0.000144938705489, 0.000203589181183, 0.00018534733681, 0.000128960193251, 0.000120131029689, 9.15976343094e-05, 6.99556694599e-05, 6.71510861139e-05, 5.61820925213e-05, 5.66113230889e-05, 6.33777017356e-05, 5.1154907851e-05, 5.11584257765e-05, 6.09305789112e-05, 6.31442526355e-05, 7.21521792002e-05, 4.43167446065e-05, 2.21593072638e-05, 1.86387733265e-05, 1.21285002024e-05, 1.21784896692e-05, 8.21476987767e-06, 3.94367134504e-06, 3.36215475727e-06, 2.26758197641e-06, 1.71614647115e-06, 1.56248779604e-06, 2.04091384148e-06, 9.56593680712e-07, 7.50673621042e-07, 5.96328050051e-07, 4.92321021284e-07, 3.27986356297e-07, 2.93325911116e-07],
        "median": [2.15919208131e-05, 0.000134584595799, 0.00097014795756, 0.000889839255251, 0.000221910770051, 0.00011292432464, 6.82441168465e-05, 9.56896692514e-05, 5.7201126765e-05, 4.3293559429e-05, 4.87875113322e-05, 2.44800121436e-05, 2.21408099605e-05, 1.9124323444e-05, 1.76085486601e-05, 1.18987791211e-05, 1.35525096994e-05, 1.9695953597e-05, 2.52109311987e-05, 3.88690023101e-05, 4.26058613812e-05, 4.77683315694e-05, 2.69985175692e-05, 1.3391219909e-05, 9.6184303402e-06, 8.10933670436e-06, 7.3368591984e-06, 4.93131437906e-06, 2.70153805104e-06, 2.69044107881e-06, 1.68550218405e-06, 1.36895528158e-06, 1.28656756715e-06, 1.46992954342e-06, 6.87008935074e-07, 4.95014205626e-07, 3.94221018496e-07, 3.54744628339e-07, 2.24304528729e-07, 1.92954516365e-07],
        "min": [1.55718924019e-24, 2.02426145622e-24, 1.22831194552e-24, 2.44527711299e-24, 1.75697566001e-24, 2.85927861301e-24, 2.67087161036e-24, 1.88961098553e-24, 2.35862882837e-24, 1.89919327894e-24, 3.28953833907e-24, 1.90110508335e-24, 3.56045545925e-24, 4.63824298189e-24, 5.0105612689e-24, 3.45172163308e-24, 3.71854752339e-24, 4.72866971303e-24, 4.37012138755e-24, 2.44498838989e-24, 5.26152789956e-24, 4.66890206097e-24, 4.15052854395e-24, 5.01977082554e-24, 6.63819983084e-24, 4.9330316247e-24, 4.46848327053e-24, 5.6825263986e-24, 5.19559017194e-24, 6.52300128956e-24, 7.34244514878e-24, 4.50513374819e-24, 5.77562224061e-24, 6.85092327368e-24, 5.55834667591e-24, 8.08514191383e-24, 5.19495789992e-24, 7.58609746114e-24, 7.99753338828e-24, 6.56161050884e-24],
        "var": [1.99279020308e-06, 6.56055954096e-06, 1.89574132037e-06, 2.30297655435e-06, 1.8578462857e-07, 6.04041900942e-08, 6.62905250692e-08, 9.34501045435e-08, 1.26019415347e-07, 9.13361830612e-08, 6.83581973249e-08, 7.01049671648e-08, 2.64271449169e-08, 2.71820344011e-08, 1.81146084799e-08, 2.49321026047e-08, 2.37060433506e-08, 1.22623271537e-08, 8.82257911172e-09, 5.44754952259e-09, 4.23274837402e-09, 5.90430504488e-09, 2.74195022243e-09, 7.11282699406e-10, 5.31837296425e-10, 1.63623017913e-10, 1.99426392067e-10, 1.49435783192e-10, 2.93713664501e-11, 1.49318630377e-11, 7.45453178352e-12, 3.59840564464e-12, 2.61086313159e-12, 5.92252418982e-12, 2.18695894727e-12, 2.3378397742e-12, 1.78974749517e-12, 6.66064263206e-13, 2.87038757563e-13, 2.61383173135e-13]
    },
    "mfcc": {
        "mean": [-647.573059082, 122.438270569, -30.4799385071, 25.7046699524, 8.59515571594, -9.20143508911, -12.8858375549, 1.34849905968, -4.15839004517, -7.03372144699, -10.8738679886, -9.02478790283, -4.44947624207],
        "cov": [[7391.90332031, -1499.40942383, 696.20904541, 392.123596191, -198.264022827, 624.002319336, 238.65322876, 9.56384277344, -80.2939987183, 13.6638536453, 17.4321327209, 84.74193573, -138.153823853], [-1499.40942383, 1587.33300781, -553.873291016, -64.7296981812, 122.96231842, -309.39654541, -83.0539245605, 30.8529148102, 45.0553627014, 9.12239837646, -6.34918165207, -52.4864616394, 63.9909858704], [696.20904541, -553.873291016, 624.518005371, 124.951301575, -34.805355072, 235.589279175, 118.938766479, 31.1698532104, 1.92446660995, 1.21963655949, -1.93224036694, 36.6239509583, -26.49741745], [392.123596191, -64.7296981812, 124.951301575, 273.176239014, 98.6296920776, 83.7952423096, 45.7816848755, 16.8907165527, 29.0066795349, 38.1401062012, 1.64364516735, 11.2616662979, 21.5737552643], [-198.264022827, 122.96231842, -34.805355072, 98.6296920776, 221.089736938, 6.37313985825, -19.2232551575, 28.8400249481, 51.5669136047, 20.5456218719, 7.109582901, -2.86723995209, 24.8754749298], [624.002319336, -309.39654541, 235.589279175, 83.7952423096, 6.37313985825, 235.374099731, 119.391311646, 26.9697303772, 15.7119035721, 26.764793396, 23.5097579956, 30.1456623077, -22.795173645], [238.65322876, -83.0539245605, 118.938766479, 45.7816848755, -19.2232551575, 119.391311646, 161.529129028, 59.8545379639, 5.34299468994, 17.2977561951, 13.0705060959, 21.4333400726, -8.03594398499], [9.56384277344, 30.8529148102, 31.1698532104, 16.8907165527, 28.8400249481, 26.9697303772, 59.8545379639, 108.444488525, 63.4478340149, 10.8318490982, 8.99110507965, 13.2269964218, 15.2322177887], [-80.2939987183, 45.0553627014, 1.92446660995, 29.0066795349, 51.5669136047, 15.7119035721, 5.34299468994, 63.4478340149, 110.850906372, 45.2882843018, 20.8558807373, 11.864947319, 26.0467414856], [13.6638536453, 9.12239837646, 1.21963655949, 38.1401062012, 20.5456218719, 26.764793396, 17.2977561951, 10.8318490982, 45.2882843018, 84.5999069214, 38.165763855, 11.1536855698, 8.47315883636], [17.4321327209, -6.34918165207, -1.93224036694, 1.64364516735, 7.109582901, 23.5097579956, 13.0705060959, 8.99110507965, 20.8558807373, 38.165763855, 67.9083023071, 36.9348754883, 11.9596881866], [84.74193573, -52.4864616394, 36.6239509583, 11.2616662979, -2.86723995209, 30.1456623077, 21.4333400726, 13.2269964218, 11.864947319, 11.1536855698, 36.9348754883, 69.1185913086, 31.9963989258], [-138.153823853, 63.9909858704, -26.49741745, 21.5737552643, 24.8754749298, -22.795173645, -8.03594398499, 15.2322177887, 26.0467414856, 8.47315883636, 11.9596881866, 31.9963989258, 74.8210449219]],
