{
"lowlevel": {
    "average_loudness": 0.980906784534,
    "barkbands_crest": {
        "dmean": 2.46137547493,
        "dmean2": 4.20326662064,
        "dvar": 5.0447974205,
        "dvar2": 14.606051445,
        "max": 23.5405254364,
        "mean": 9.60178661346,
        "median": 8.72452831268,
        "min": 3.27941894531,
        "var": 12.7894220352
    },
    "barkbands_flatness_db": {
        "dmean": 0.0225313529372,
        "dmean2": 0.0346644446254,
        "dvar": 0.000623553059995,
        "dvar2": 0.00148575275671,
        "max": 0.443897098303,
        "mean": 0.168686166406,
        "median": 0.160162195563,
        "min": 0.026015881449,
        "var": 0.00412854133174
    },
    "barkbands_kurtosis": {
        "dmean": 4.72290086746,
        "dmean2": 8.04628372192,
        "dvar": 160.394302368,
        "dvar2": 478.137451172,
        "max": 225.609146118,
        "mean": 7.20960235596,
        "median": 0.876913309097,
        "min": -1.91045796871,
        "var": 384.674957275
    },
    "barkbands_skewness": {
        "dmean": 0.616411209106,
        "dmean2": 1.00203537941,
        "dvar": 0.550775885582,
        "dvar2": 1.570723176,
        "max": 11.7612133026,
        "mean": 1.64140248299,
        "median": 1.2536444664,
        "min": -2.41544723511,
        "var": 2.4272339344
    },
    "barkbands_spread": {
        "dmean": 5.10150337219,
        "dmean2": 7.67428636551,
        "dvar": 47.1690711975,
        "dvar2": 81.072303772,
        "max": 100.447013855,
        "mean": 20.9031295776,
        "median": 18.3806324005,
        "min": 0.407204777002,
        "var": 221.421615601
    },
    "dissonance": {
        "dmean": 0.0225375629961,
        "dmean2": 0.0381024628878,
        "dvar": 0.000380906480132,
        "dvar2": 0.0010369035881,
        "max": 0.499999910593,
        "mean": 0.452393382788,
        "median": 0.456650227308,
        "min": 0.300171554089,
        "var": 0.000824591843411
    },
    "dynamic_complexity": 2.1479306221,
    "erbbands_crest": {
        "dmean": 2.68401432037,
        "dmean2": 4.31593608856,
        "dvar": 6.10077810287,
        "dvar2": 14.2129592896,
        "max": 28.2993869781,
        "mean": 9.07917022705,
        "median": 8.23489189148,
        "min": 2.82878422737,
        "var": 14.4096984863
    },
    "erbbands_flatness_db": {
        "dmean": 0.0193605814129,
        "dmean2": 0.0284603983164,
        "dvar": 0.000382196973078,
        "dvar2": 0.000816265644971,
        "max": 0.351890593767,
        "mean": 0.179359599948,
        "median": 0.18136498332,
        "min": 0.0469850040972,
        "var": 0.00201955228113
    },
    "erbbands_kurtosis": {
        "dmean": 1.14456892014,
        "dmean2": 1.84481954575,
        "dvar": 3.21046590805,
        "dvar2": 8.34948158264,
        "max": 32.5663490295,
        "mean": 0.955307543278,
        "median": 0.155994653702,
        "min": -1.87074708939,
        "var": 7.53095626831
    },
    "erbbands_skewness": {
        "dmean": 0.397656559944,
        "dmean2": 0.603657245636,
        "dvar": 0.162393897772,
        "dvar2": 0.389643281698,
        "max": 4.97151422501,
        "mean": 0.0277220550925,
        "median": -0.0593100972474,
        "min": -2.70853447914,
        "var": 0.880893170834
    },
    "erbbands_spread": {
        "dmean": 7.62791395187,
        "dmean2": 11.7655210495,
        "dvar": 75.2500305176,
        "dvar2": 168.230545044,
        "max": 158.795059204,
        "mean": 32.3504066467,
        "median": 27.8959636688,
        "min": 4.60824108124,
        "var": 357.029632568
    },
    "hfc": {
        "dmean": 8.36434268951,
        "dmean2": 12.3383922577,
        "dvar": 268.424255371,
        "dvar2": 487.338806152,
        "max": 287.464752197,
        "mean": 28.0341815948,
        "median": 24.1029911041,
        "min": 1.15110242285e-16,
        "var": 822.102233887
    },
    "melbands_crest": {
        "dmean": 3.3974442482,
        "dmean2": 5.71748590469,
        "dvar": 9.69978141785,
        "dvar2": 26.9726886749,
        "max": 34.9317970276,
        "mean": 14.9984827042,
        "median": 14.3627500534,
        "min": 1.82519745827,
        "var": 23.919216156
    },
    "melbands_flatness_db": {
        "dmean": 0.0290238428861,
        "dmean2": 0.0442297048867,
        "dvar": 0.000979569973424,
        "dvar2": 0.00222105276771,
        "max": 0.607225000858,
        "mean": 0.26096111536,
        "median": 0.253754198551,
        "min": 0.00446301000193,
        "var": 0.00738077657297
    },
    "melbands_kurtosis": {
        "dmean": 8.74377536774,
        "dmean2": 14.5241737366,
        "dvar": 464.919250488,
        "dvar2": 1179.02819824,
        "max": 495.73260498,
        "mean": 17.0200653076,
        "median": 5.63474655151,
        "min": -1.44197118282,
        "var": 1646.02209473
    },
    "melbands_skewness": {
        "dmean": 0.772393882275,
        "dmean2": 1.24804127216,
        "dvar": 0.770190119743,
        "dvar2": 1.97334647179,
        "max": 17.9792499542,
        "mean": 2.71458029747,
        "median": 2.25754475594,
        "min": -1.1008849144,
        "var": 3.66725087166
    },
    "melbands_spread": {
        "dmean": 6.77840423584,
        "dmean2": 10.6242675781,
        "dvar": 97.776473999,
        "dvar2": 224.667388916,
        "max": 156.235092163,
        "mean": 21.2575283051,
        "median": 18.8413639069,
        "min": 0.5169724226,
        "var": 304.010314941
    },
    "pitch_salience": {
        "dmean": 0.0742560252547,
        "dmean2": 0.123594030738,
        "dvar": 0.00491322251037,
        "dvar2": 0.0130262486637,
        "max": 0.898361325264,
        "mean": 0.478194147348,
        "median": 0.46523013711,
        "min": 0.156697258353,
        "var": 0.0102793639526
    },
    "silence_rate_20dB": {
        "dmean": 0,
        "dmean2": 0,
        "dvar": 0,
        "dvar2": 0,
        "max": 1,
        "mean": 1,
        "median": 1,
        "min": 1,
        "var": 0
    },
    "silence_rate_30dB": {
        "dmean": 0.0030959751457,
        "dmean2": 0.0061943475157,
        "dvar": 0.00308635574766,
        "dvar2": 0.00925299338996,
        "max": 1,
        "mean": 0.998452603817,
        "median": 1,
        "min": 0,
        "var": 0.00154498708434
    },
    "silence_rate_60dB": {
        "dmean": 0.0119969043881,
        "dmean2": 0.0240030977875,
        "dvar": 0.0118521591648,
        "dvar2": 0.0265274252743,
        "max": 1,
        "mean": 0.0270793028176,
        "median": 0,
        "min": 0,
        "var": 0.0263451822102
    },
    "spectral_centroid": {
        "dmean": 220.159851074,
        "dmean2": 330.511352539,
        "dvar": 92178.5625,
        "dvar2": 178584.5,
        "max": 11321.2265625,
        "mean": 1067.80053711,
        "median": 928.283081055,
        "min": 131.580703735,
        "var": 669941.8125
    },
    "spectral_complexity": {
        "dmean": 3.56269359589,
        "dmean2": 5.45257472992,
        "dvar": 17.0316390991,
        "dvar2": 31.7856121063,
        "max": 51,
        "mean": 17.2193431854,
        "median": 17,
        "min": 0,
        "var": 70.8776397705
    },
    "spectral_decrease": {
        "dmean": 3.89707555115e-09,
        "dmean2": 6.52509513088e-09,
        "dvar": 2.00806894899e-17,
        "dvar2": 5.29824534812e-17,
        "max": 1.75160519184e-20,
        "mean": -1.17849223713e-08,
        "median": -1.13823022119e-08,
        "min": -4.20186445638e-08,
        "var": 3.17439328182e-17
    },
    "spectral_energy": {
        "dmean": 0.0151412924752,
        "dmean2": 0.0252695214003,
        "dvar": 0.000298959610518,
        "dvar2": 0.00078707881039,
        "max": 0.163418352604,
        "mean": 0.0470217987895,
        "median": 0.0458638109267,
        "min": 1.07506612418e-20,
        "var": 0.000488257268444
    },
    "spectral_energyband_high": {
        "dmean": 0.000520006171428,
        "dmean2": 0.000700642238371,
        "dvar": 3.78066260964e-06,
        "dvar2": 6.63635319142e-06,
        "max": 0.033095613122,
        "mean": 0.000962655351032,
        "median": 0.000120188087749,
        "min": 7.65283834383e-21,
        "var": 1.02467929537e-05
    },
    "spectral_energyband_low": {
        "dmean": 0.0110102817416,
        "dmean2": 0.0187265574932,
        "dvar": 0.000164158365806,
        "dvar2": 0.000454562105006,
        "max": 0.125163733959,
        "mean": 0.0236785765737,
        "median": 0.0217911526561,
        "min": 4.00699845769e-23,
        "var": 0.000208147233934
    },
    "spectral_energyband_middle_high": {
        "dmean": 0.00284073734656,
        "dmean2": 0.00435564434156,
        "dvar": 8.93621654541e-06,
        "dvar2": 2.05086871574e-05,
        "max": 0.0421123951674,
        "mean": 0.00922063738108,
        "median": 0.00929559674114,
        "min": 1.35213111854e-21,
        "var": 3.46473243553e-05
    },
    "spectral_energyband_middle_low": {
        "dmean": 0.00826752092689,
        "dmean2": 0.0135988285765,
        "dvar": 0.000133192588692,
        "dvar2": 0.000338158599334,
        "max": 0.112186670303,
        "mean": 0.0168061349541,
        "median": 0.0142760826275,
        "min": 2.22630002265e-22,
        "var": 0.000215042513446
    },
    "spectral_entropy": {
        "dmean": 0.202662229538,
        "dmean2": 0.30135628581,
        "dvar": 0.0553547814488,
        "dvar2": 0.119083948433,
        "max": 9.81238651276,
        "mean": 7.2139954567,
        "median": 7.12313699722,
        "min": 5.23899841309,
        "var": 0.304161071777
    },
    "spectral_flux": {
        "dmean": 0.0315169654787,
        "dmean2": 0.0493776351213,
        "dvar": 0.00121870276053,
        "dvar2": 0.00262365839444,
        "max": 0.294459760189,
        "mean": 0.104655340314,
        "median": 0.0959446653724,
        "min": 6.64778440629e-11,
        "var": 0.0022837696597
    },
    "spectral_kurtosis": {
        "dmean": 3.00259375572,
        "dmean2": 5.02138471603,
        "dvar": 12.1385059357,
        "dvar2": 34.5553779602,
        "max": 36.229259491,
        "mean": 8.04936981201,
        "median": 7.42083072662,
        "min": -1.25793373585,
        "var": 33.1970214844
    },
    "spectral_rms": {
        "dmean": 0.00106930476613,
        "dmean2": 0.00175319903065,
        "dvar": 1.31455988139e-06,
        "dvar2": 3.37000415129e-06,
        "max": 0.0126266600564,
        "mean": 0.00652518728748,
        "median": 0.00668918387964,
        "min": 3.23858756653e-12,
        "var": 3.29682461597e-06
    },
    "spectral_rolloff": {
        "dmean": 433.974273682,
        "dmean2": 723.708618164,
        "dvar": 856223.375,
        "dvar2": 1838521,
        "max": 20133.5449219,
        "mean": 1321.03613281,
        "median": 968.994140625,
        "min": 64.599609375,
        "var": 3290548.75
    },
    "spectral_skewness": {
        "dmean": 0.327649176121,
        "dmean2": 0.516425430775,
        "dvar": 0.109941229224,
        "dvar2": 0.274565249681,
        "max": 4.82581233978,
        "mean": 2.00527119637,
        "median": 2.05776071548,
        "min": -0.0292743239552,
        "var": 0.517347812653
    },
    "spectral_spread": {
        "dmean": 553204.75,
        "dmean2": 808003.5625,
        "dvar": 858284687360,
        "dvar2": 1.57264406118e+12,
        "max": 42796420,
        "mean": 3894702.25,
        "median": 3394638,
        "min": 1395019.375,
        "var": 7.56555081318e+12
    },
    "spectral_strongpeak": {
        "dmean": 0.446796238422,
        "dmean2": 0.799292385578,
        "dvar": 0.656857132912,
        "dvar2": 1.78293979168,
        "max": 7.65147304535,
        "mean": 0.659746408463,
        "median": 0.407410949469,
        "min": 0,
        "var": 0.666242301464
    },
    "zerocrossingrate": {
        "dmean": 0.00882628839463,
        "dmean2": 0.0101703517139,
        "dvar": 0.000228378339671,
        "dvar2": 0.000305253546685,
        "max": 0.50244140625,
        "mean": 0.0465257428586,
        "median": 0.03759765625,
        "min": 0.00244140625,
        "var": 0.00200606649742
    },
    "barkbands": {
        "dmean": [0.000533702841494, 0.00589858368039, 0.00429688021541, 0.00525213684887, 0.00235677557066, 0.00198879325762, 0.00111241568811, 0.000356495205779, 0.000686342769768, 0.000423343502916, 0.00137095327955, 0.00107799749821, 0.000558088649996, 0.000470045721158, 0.000752841355279, 0.000502731709275, 0.000190242237295, 0.000134618298034, 7.67429373809e-05, 9.93888897938e-05, 8.79168292158e-05, 9.00586237549e-05, 0.000115569251648, 0.000131416265504, 0.000108146909042, 2.83152967313e-05, 6.59366037326e-07],
        "dmean2": [0.000800376350526, 0.0101143196225, 0.00721533223987, 0.00903676636517, 0.0040246816352, 0.00310023571365, 0.00168638268951, 0.000572191085666, 0.00100474874489, 0.000657787139062, 0.00202199281193, 0.00172793737147, 0.000924180378206, 0.000729179009795, 0.00112699018791, 0.000741864496376, 0.000299459905364, 0.000213960302062, 0.000112619294669, 0.000146201782627, 0.00012254336616, 0.00012995506404, 0.000168673752341, 0.00019174614863, 0.000153292960022, 3.78413642466e-05, 1.00483782717e-06],
        "dvar": [1.04178104721e-06, 7.63405842008e-05, 2.91377273243e-05, 6.73703107168e-05, 1.31893921207e-05, 1.07093528641e-05, 3.91575440517e-06, 8.72734290169e-07, 1.15488455776e-06, 4.49930496416e-07, 2.87176908387e-06, 2.25668122766e-06, 5.59245847853e-07, 4.90051263569e-07, 9.9882709037e-07, 3.77203150492e-07, 1.12154268095e-07, 2.43378451614e-07, 4.22846895276e-08, 1.1778006126e-07, 9.26883814145e-08, 1.00840864548e-07, 1.71633274704e-07, 4.72863035839e-07, 3.56928779865e-07, 2.21807248124e-08, 6.30196415885e-12],
        "dvar2": [2.19898947762e-06, 0.000223628230742, 7.75781081757e-05, 0.00017852736346, 3.55962110916e-05, 2.43767008214e-05, 7.89915975474e-06, 2.02561091101e-06, 2.49022423304e-06, 1.05367291781e-06, 5.59818545298e-06, 4.97319069837e-06, 1.42001215409e-06, 1.09643087853e-06, 2.04906632462e-06, 7.32503167455e-07, 2.82667286911e-07, 6.58952046706e-07, 8.26090342798e-08, 2.67395137143e-07, 1.99969349524e-07, 2.08403051261e-07, 3.32621567622e-07, 9.31093154577e-07, 6.98148369338e-07, 4.38611316156e-08, 1.23545106437e-11],
        "max": [0.0103624705225, 0.0978166759014, 0.0497820824385, 0.0656718313694, 0.044825784862, 0.0381675064564, 0.0352209024131, 0.0200582724065, 0.0186802502722, 0.0143513968214, 0.0206082221121, 0.0199357178062, 0.00867053680122, 0.0126164425164, 0.0142973726615, 0.00927509646863, 0.00955695752054, 0.0131353959441, 0.00442679319531, 0.0079775871709, 0.00876231491566, 0.00682620937005, 0.00840815063566, 0.013575239107, 0.0182259026915, 0.00371764646843, 0.000111549597932],
        "mean": [0.000730090716388, 0.0119612086564, 0.00741564761847, 0.00560032622889, 0.00303711928427, 0.00373121118173, 0.00222123228014, 0.000563483743463, 0.00146460090764, 0.000913150550332, 0.0022740883287, 0.00155548541807, 0.000791461206973, 0.000760840019211, 0.00125613075215, 0.000995483947918, 0.000361885060556, 0.00020535614749, 0.000129179359647, 0.000155887697474, 0.000135836235131, 0.000150725696585, 0.000189717698959, 0.000205338481464, 0.000169007267687, 4.62807802251e-05, 1.06881236661e-06],
        "median": [0.000189856407815, 0.0106162149459, 0.00568131264299, 0.00293589173816, 0.00142093910836, 0.00121108954772, 0.000678775075357, 0.000143215307617, 0.000659088371322, 0.00041797949234, 0.00132293673232, 0.000830672681332, 0.000497250177432, 0.000323488464346, 0.00079113652464, 0.000707593921106, 0.00025855153217, 0.000119956210256, 5.68180257687e-05, 3.85238308809e-05, 1.89683505596e-05, 2.14735773625e-05, 2.1025110982e-05, 7.21056130715e-06, 8.82718813955e-06, 1.22967617244e-06, 3.63001049664e-07],
        "min": [2.88532778618e-24, 2.05993844008e-23, 2.40328289156e-24, 2.10344080579e-24, 1.42821689168e-23, 1.95630862286e-23, 2.61713645653e-23, 1.64741072944e-23, 1.06344808243e-23, 5.43540877807e-23, 2.18342372851e-23, 5.96809499292e-23, 4.78889498329e-23, 8.16976412754e-23, 3.86282497647e-23, 9.56517576517e-23, 1.1542938407e-22, 1.42454723697e-22, 1.04312888722e-22, 1.67411808871e-22, 3.48445213469e-22, 4.46194167303e-22, 5.17774017448e-22, 8.06256689198e-22, 1.25494981639e-21, 1.48390214122e-21, 2.11321240689e-21],
        "var": [1.82177200259e-06, 9.14748961804e-05, 4.37012240582e-05, 6.23112064204e-05, 1.62975757121e-05, 2.88101618935e-05, 1.38070472531e-05, 1.74837600753e-06, 4.3573709263e-06, 1.73340390575e-06, 7.41992244002e-06, 4.28024350185e-06, 8.74348586422e-07, 1.20424761008e-06, 2.22808148465e-06, 1.16699504815e-06, 1.82632788892e-07, 2.11607655842e-07, 7.64179972634e-08, 2.03542455779e-07, 1.82697064588e-07, 2.15579632368e-07, 3.43987721863e-07, 1.0998636526e-06, 6.95729227118e-07, 5.63373312445e-08, 1.99791346661e-11]
    },
    "erbbands": {
        "dmean": [0.187576308846, 1.34321975708, 4.00375461578, 13.392288208, 9.89428901672, 7.51068162918, 13.4759159088, 16.3224105835, 15.387752533, 12.9611291885, 9.09074878693, 11.6533670425, 16.8479270935, 41.1912536621, 27.7651138306, 36.1901626587, 28.9030418396, 17.8653259277, 24.2365226746, 37.682094574, 28.2198810577, 10.1889944077, 8.2667427063, 3.70832633972, 4.53717088699, 4.4403924942, 3.62826943398, 3.58697867393, 3.36148524284, 3.24384307861, 3.35745096207, 2.95397138596, 1.99556612968, 1.51916527748, 0.592735886574, 0.206035390496, 0.0331722162664, 0.00227113906294, 0.000135110531119, 2.12367358472e-05],
        "dmean2": [0.325563967228, 2.28768730164, 6.72420787811, 22.804107666, 17.2021617889, 12.7318191528, 21.6279525757, 25.4748439789, 23.1885814667, 20.4289112091, 13.8407526016, 17.5104503632, 25.0433750153, 59.5397071838, 43.8241462708, 58.3679237366, 47.1979064941, 29.2874927521, 36.3719825745, 55.8762207031, 40.9847183228, 15.8695955276, 13.1247463226, 5.60676002502, 6.67245817184, 6.45487833023, 5.13791322708, 5.01992845535, 4.82382535934, 4.57361268997, 4.9081287384, 4.34702777863, 2.88865232468, 2.18533420563, 0.84627610445, 0.273522913456, 0.0451645180583, 0.00312204402871, 0.000202876210096, 3.38871650456e-05],
        "dvar": [0.0803490877151, 4.23360919952, 26.2840042114, 382.606689453, 202.315383911, 204.492263794, 655.077636719, 864.052368164, 827.995361328, 721.801635742, 426.343841553, 406.896240234, 560.937316895, 3560.51586914, 1219.34924316, 2794.46044922, 1466.20593262, 684.350158691, 971.353149414, 2150.14404297, 1469.06176758, 340.536895752, 1025.87194824, 79.2356567383, 212.632110596, 215.703277588, 182.744338989, 124.284454346, 127.849662781, 136.431152344, 144.001373291, 269.847320557, 95.0148086548, 93.0755157471, 7.42799425125, 1.15283763409, 0.0270901340991, 9.5816081739e-05, 2.94165005243e-07, 9.92796400645e-10],
        "dvar2": [0.23915438354, 12.0194072723, 70.1429748535, 1012.57073975, 549.872070312, 537.52130127, 1613.11230469, 1908.68908691, 1577.51574707, 1731.86804199, 864.638671875, 932.080993652, 1190.56201172, 6641.59326172, 2992.42797852, 6228.30664062, 3483.29931641, 1826.17089844, 2058.09741211, 4309.67626953, 2701.72949219, 861.640441895, 2812.29394531, 166.438140869, 450.819396973, 454.716705322, 426.080322266, 265.350799561, 264.040008545, 272.856719971, 283.102752686, 558.214172363, 184.963485718, 185.835220337, 14.5952377319, 2.37101745605, 0.0429237410426, 0.000161798147019, 5.70180020532e-07, 2.06668437919e-09],
        "max": [2.82588672638, 22.5777492523, 51.3385467529, 187.917129517, 159.590637207, 185.293243408, 327.341522217, 435.732818604, 492.702087402, 449.220489502, 413.62789917, 458.992370605, 562.400695801, 789.345214844, 421.980499268, 706.937072754, 402.798187256, 397.549438477, 540.344482422, 664.725280762, 607.905883789, 555.235717773, 965.941223145, 181.119308472, 308.667388916, 296.66204834, 375.354766846, 214.413116455, 239.363479614, 273.214630127, 221.97795105, 323.040924072, 171.639724731, 323.993011475, 53.6796531677, 27.2509784698, 4.78517389297, 0.273135066032, 0.0233901832253, 0.00065520539647],
        "mean": [0.320445299149, 2.77814269066, 7.89826154709, 16.20545578, 12.1365203857, 9.21287059784, 22.3411750793, 29.7284793854, 31.5255069733, 23.0055923462, 17.5629043579, 23.6171646118, 40.3208465576, 76.3223342896, 50.448184967, 54.5747718811, 44.7149887085, 29.5407619476, 45.691986084, 68.7905883789, 56.3482780457, 21.8634853363, 13.9862957001, 6.74980592728, 7.62859582901, 7.07582569122, 5.49331712723, 5.46055459976, 5.49769878387, 5.45735549927, 5.48478078842, 4.49516630173, 3.14677381516, 2.26987361908, 0.939995527267, 0.337896585464, 0.0579306520522, 0.00396630447358, 0.000244904658757, 6.77278803778e-05],
        "median": [0.234831750393, 2.49306201935, 6.14391231537, 10.0685901642, 6.81792783737, 3.46769070625, 6.13171863556, 8.91831874847, 9.39821815491, 8.19316959381, 4.69023323059, 11.7900810242, 24.5028858185, 43.0423812866, 36.7557296753, 29.0558567047, 28.0711250305, 20.4523696899, 31.216588974, 50.1976661682, 37.2640686035, 17.3773555756, 9.47545528412, 3.66056752205, 2.92681121826, 1.49042451382, 0.908265888691, 0.661933898926, 0.809292376041, 0.66180318594, 0.640694200993, 0.237310037017, 0.0970604419708, 0.0940141603351, 0.0521368682384, 0.0116095393896, 0.00154321652371, 0.000201413829927, 8.67395647219e-05, 5.91603056819e-05],
        "min": [3.28674869814e-22, 1.89733523068e-21, 5.90758378267e-21, 7.03172990917e-21, 2.18820242826e-20, 4.62307334635e-20, 1.14038027303e-19, 1.01971620591e-19, 3.42799362274e-19, 2.25846053224e-19, 5.377638164e-19, 3.04133399076e-19, 1.53127850772e-18, 1.68394730427e-18, 1.37721818658e-18, 2.49828293928e-18, 2.7224823861e-18, 3.65662179455e-18, 1.66754979279e-18, 3.35130260622e-18, 4.51533990873e-18, 5.99907858888e-18, 7.67482987745e-18, 9.2074681667e-18, 6.81850024729e-18, 8.93248437976e-18, 1.29511412081e-17, 1.24291571544e-17, 1.39586033537e-17, 1.37263351736e-17, 1.59216237156e-17, 1.55562663109e-17, 1.46019927059e-17, 1.00258814919e-17, 7.24658441226e-18, 5.16316336265e-18, 2.53929434726e-18, 1.0472956483e-18, 2.7213215932e-19, 3.15744242529e-20],
        "var": [0.105958670378, 4.79434490204, 44.778553009, 369.011444092, 216.017089844, 230.778900146, 1250.31860352, 2213.11181641, 3209.10498047, 1579.31359863, 1443.33874512, 1279.82910156, 2553.89135742, 9602.50683594, 2701.39233398, 5339.83837891, 2623.05932617, 1117.19775391, 2523.43432617, 5008.59619141, 4703.66699219, 571.097351074, 852.188110352, 128.127456665, 353.835357666, 444.199890137, 330.995758057, 249.073471069, 270.514556885, 291.186035156, 284.744262695, 545.531494141, 235.826904297, 165.771682739, 16.4361000061, 2.74865484238, 0.0933192074299, 0.000350681715645, 8.43948669171e-07, 2.70879296771e-09]
    },
    "gfcc": {
        "mean": [-1.58635866642, 127.743919373, -114.644042969, 30.1197872162, -33.2802467346, 24.7723140717, -30.9830207825, 3.85179638863, -13.743139267, -5.25337743759, -14.2210712433, 0.548504292965, -4.91505813599],
        "cov": [[10518.0400391, -596.384887695, -1515.734375, 11.7159032822, -859.923583984, 646.860961914, -909.127624512, 308.208953857, -351.414398193, 119.620635986, -164.237716675, 209.280258179, 97.2416305542], [-596.384887695, 1600.21948242, -319.506317139, -425.289581299, 498.607635498, -295.375854492, 215.595809937, -101.408348083, 203.967849731, -159.502059937, 99.0459289551, -75.8566055298, 92.8582763672], [-1515.734375, -319.506317139, 924.191833496, 245.888641357, -123.774612427, -81.9345703125, 0.366511136293, -9.95037746429, -38.5130233765, 115.889091492, 24.935295105, -26.0440635681, -81.3475570679], [11.7159032822, -425.289581299, 245.888641357, 493.390136719, -157.516647339, 20.1050281525, 45.4520454407, -114.240455627, -21.0534057617, -1.9731798172, 0.54168343544, 16.0299930573, -61.2187995911], [-859.923583984, 498.607635498, -123.774612427, -157.516647339, 468.100128174, -50.9667854309, 206.406570435, 1.13324451447, 51.942325592, -70.6885223389, 18.5323696136, -50.985874176, 54.8588600159], [646.860961914, -295.375854492, -81.9345703125, 20.1050281525, -50.9667854309, 245.742141724, -32.2605438232, 70.584602356, -45.2948036194, 8.48813915253, -12.677863121, 13.507434845, 16.8943653107], [-909.127624512, 215.595809937, 0.366511136293, 45.4520454407, 206.406570435, -32.2605438232, 345.920074463, -51.4501075745, 90.3645401001, -73.6429290771, -23.3199481964, -32.7161331177, -36.2678413391], [308.208953857, -101.408348083, -9.95037746429, -114.240455627, 1.13324451447, 70.584602356, -51.4501075745, 180.380477905, -13.7712497711, 44.1945381165, -24.7335700989, 1.25188469887, 31.1773147583], [-351.414398193, 203.967849731, -38.5130233765, -21.0534057617, 51.942325592, -45.2948036194, 90.3645401001, -13.7712497711, 140.931762695, -23.5160961151, 2.50919222832, 0.177531898022, -6.16718006134], [119.620635986, -159.502059937, 115.889091492, -1.9731798172, -70.6885223389, 8.48813915253, -73.6429290771, 44.1945381165, -23.5160961151, 112.465278625, 8.11966896057, 11.2079372406, -12.7624807358], [-164.237716675, 99.0459289551, 24.935295105, 0.54168343544, 18.5323696136, -12.677863121, -23.3199481964, -24.7335700989, 2.50919222832, 8.11966896057, 99.0459289551, 12.7706575394, 20.6247081757], [209.280258179, -75.8566055298, -26.0440635681, 16.0299930573, -50.985874176, 13.507434845, -32.7161331177, 1.25188469887, 0.177531898022, 11.2079372406, 12.7706575394, 79.2542877197, 9.92966747284], [97.2416305542, 92.8582763672, -81.3475570679, -61.2187995911, 54.8588600159, 16.8943653107, -36.2678413391, 31.1773147583, -6.16718006134, -12.7624807358, 20.6247081757, 9.92966747284, 100.86807251]],
        "icov": [[0.000577493570745, -0.00121939682867, 0.00112787587568, -0.00144306325819, 0.000968691660091, -0.00142552377656, 0.00100072880741, -0.00115891685709, 0.00151219835971, -0.00132617738564, 0.00151549442671, -0.000883681641426, 0.000731340667699], [-0.00121939682867, 0.00505427550524, -0.00220250547864, 0.00472529185936, -0.00306126591749, 0.00487504294142, -0.00220598094165, 0.00349938357249, -0.0050797960721, 0.00442766817287, -0.00512960506603, 0.0031270806212, -0.00242149899714], [0.00112787587568, -0.00220250547864, 0.00394783029333, -0.00360665214248, 0.00199622754008, -0.00178406131454, 0.00155401451048, -0.00289769703522, 0.00332195241936, -0.00406511267647, 0.00208609155379, -0.000796214386355, 0.00194329151418], [-0.00144306325819, 0.00472529185936, -0.00360665214248, 0.00832457002252, -0.00184568483382, 0.00381442927755, -0.00362383481115, 0.00589074380696, -0.00459327269346, 0.00482743466273, -0.00488329771906, 0.0024641493801, -0.00248814420775], [0.000968691660091, -0.00306126591749, 0.00199622754008, -0.00184568483382, 0.00667899800465, -0.0024648187682, -0.00147426337935, -0.00258809584193, 0.00407296372578, -0.00241293525323, 0.00194319733419, -0.000163613949553, -0.00101324811112], [-0.00142552377656, 0.00487504294142, -0.00178406131454, 0.00381442927755, -0.0024648187682, 0.0105975270271, -0.00325951329432, 0.00072117272066, -0.00329778902233, 0.00467792712152, -0.00567454053089, 0.00293546752073, -0.00280516641214], [0.00100072880741, -0.00220598094165, 0.00155401451048, -0.00362383481115, -0.00147426337935, -0.00325951329432, 0.0083334017545, -0.00160577625502, -0.000355979427695, -0.000195246524527, 0.00427355477586, -0.00162425194867, 0.00419996026903], [-0.00115891685709, 0.00349938357249, -0.00289769703522, 0.00589074380696, -0.00258809584193, 0.00072117272066, -0.00160577625502, 0.0126834642142, -0.00461462233216, -9.0002809884e-05, -0.000597974751145, 0.00229480420239, -0.00447403918952], [0.00151219835971, -0.0050797960721, 0.00332195241936, -0.00459327269346, 0.00407296372578, -0.00329778902233, -0.000355979427695, -0.00461462233216, 0.014965726994, -0.00439690519124, 0.00432649254799, -0.00416458956897, 0.00262946053408], [-0.00132617738564, 0.00442766817287, -0.00406511267647, 0.00482743466273, -0.00241293525323, 0.00467792712152, -0.000195246524527, -9.0002809884e-05, -0.00439690519124, 0.0183579940349, -0.00633283657953, 0.00136342237238, 0.000554918136913], [0.00151549442671, -0.00512960506603, 0.00208609155379, -0.00488329771906, 0.00194319733419, -0.00567454053089, 0.00427355477586, -0.000597974751145, 0.00432649254799, -0.00633283657953, 0.0181227568537, -0.0052656927146, -0.000129103922518], [-0.000883681641426, 0.0031270806212, -0.000796214386355, 0.0024641493801, -0.000163613949553, 0.00293546752073, -0.00162425194867, 0.00229480420239, -0.00416458956897, 0.00136342237238, -0.0052656927146, 0.0169811062515, -0.00354651501402], [0.000731340667699, -0.00242149899714, 0.00194329151418, -0.00248814420775, -0.00101324811112, -0.00280516641214, 0.00419996026903, -0.00447403918952, 0.00262946053408, 0.000554918136913, -0.000129103922518, -0.00354651501402, 0.0160156358033]]
    },
    "melbands": {
        "dmean": [0.00162099837326, 0.00187814084347, 0.00211257860065, 0.000544600770809, 0.000433888082625, 0.000363464525435, 0.000234022139921, 0.000124453843455, 8.34823877085e-05, 8.06268581073e-05, 8.66371992743e-05, 0.00015530193923, 0.00013407827646, 8.35222163005e-05, 0.000122176948935, 5.3197836678e-05, 3.16485784424e-05, 3.48881367245e-05, 7.82968345447e-05, 2.98008744721e-05, 3.65979030903e-05, 1.0952005141e-05, 9.11683673621e-06, 6.81424307913e-06, 2.81861616713e-06, 3.19651030622e-06, 4.21101458414e-06, 2.84524094241e-06, 2.33048672271e-06, 2.05101423489e-06, 2.26510292123e-06, 2.05500236916e-06, 1.74783588136e-06, 2.11128167393e-06, 2.37173480855e-06, 1.38110465286e-06, 2.11902511182e-06, 1.71732438048e-06, 1.14299780307e-06, 1.32223249238e-06],
        "dmean2": [0.00278109963983, 0.0031670446042, 0.00358742033131, 0.000947752268985, 0.000700523145497, 0.00056496122852, 0.000353702693246, 0.000197316432605, 0.00012741710816, 0.000119407195598, 0.000129163017846, 0.000225145937293, 0.000204497628147, 0.000136974733323, 0.000194166204892, 8.88852737262e-05, 5.17138032592e-05, 5.21693509654e-05, 0.000116087743663, 4.59905531898e-05, 5.28489217686e-05, 1.7296135411e-05, 1.45897383845e-05, 1.07924834083e-05, 4.31749049312e-06, 4.71167641081e-06, 6.31277316643e-06, 4.18987656303e-06, 3.42147245647e-06, 2.96245593745e-06, 3.31082105731e-06, 3.00549163512e-06, 2.58204909187e-06, 3.02348644254e-06, 3.65817959391e-06, 2.05454693969e-06, 3.1219833545e-06, 2.49963773058e-06, 1.63706783951e-06, 1.91493518287e-06],
        "dvar": [5.69993289901e-06, 6.0440861489e-06, 9.42420774663e-06, 6.30332181117e-07, 6.7904647949e-07, 3.80436205205e-07, 1.71606885147e-07, 7.03467506469e-08, 3.39084245127e-08, 1.61902615758e-08, 1.48339305284e-08, 4.93207927832e-08, 2.61066475105e-08, 1.745836542e-08, 5.80503645153e-08, 7.76633513055e-09, 2.3242829883e-09, 3.57392671013e-09, 1.15140652568e-08, 1.91533500171e-09, 2.69940048092e-09, 2.80769379968e-10, 1.23184695777e-09, 5.72421887668e-10, 3.96095135857e-11, 8.32007379659e-11, 3.21213805554e-10, 9.03578323275e-11, 7.11929820651e-11, 6.00354974067e-11, 5.3961172336e-11, 5.12173185807e-11, 4.22995909133e-11, 6.01120889177e-11, 6.18642637118e-11, 5.32956005717e-11, 1.41181719093e-10, 7.59578303033e-11, 6.56349488648e-11, 5.84671269732e-11],
        "dvar2": [1.69469039975e-05, 1.6601092284e-05, 2.50031771429e-05, 1.7048718064e-06, 1.70703981439e-06, 8.43420139063e-07, 3.33393529672e-07, 1.71722632558e-07, 6.78405882582e-08, 3.60760026297e-08, 3.15837489495e-08, 9.25946395114e-08, 5.8525376545e-08, 4.21413943741e-08, 1.30247912011e-07, 2.02801349047e-08, 6.09697847764e-09, 7.37343786028e-09, 2.30798100631e-08, 4.0258001377e-09, 4.82816941982e-09, 6.88491041956e-10, 3.35730487855e-09, 1.56532364848e-09, 8.21518478245e-11, 1.55170293281e-10, 8.09931288703e-10, 1.86910931177e-10, 1.72650824193e-10, 1.31385111124e-10, 1.22239537936e-10, 1.0954344376e-10, 9.69488725411e-11, 1.24356483444e-10, 1.29885532885e-10, 1.14853085376e-10, 2.91865753788e-10, 1.60255447801e-10, 1.40855452302e-10, 1.11494757871e-10],
        "max": [0.0268325675279, 0.0251408237964, 0.0272172763944, 0.00816245377064, 0.0100071849301, 0.00845308788121, 0.00798202492297, 0.00523374974728, 0.00399517221376, 0.0024490004871, 0.00287501700222, 0.0029176438693, 0.00195662328042, 0.00184299168177, 0.0030986557249, 0.00115522416309, 0.000735291512683, 0.00122566265054, 0.00155977229588, 0.000681855657604, 0.000835927610751, 0.000392995687434, 0.0011624438921, 0.000615586002823, 0.000149166560732, 0.000213780396734, 0.000504230032675, 0.000217159147724, 0.000194884793018, 0.000254213780863, 0.000164269658853, 0.000169851016835, 0.000164177647093, 0.000169699313119, 0.000146191465319, 0.000173175401869, 0.000265223585302, 0.000173924912815, 0.000302659726003, 0.000221654816414],
        "mean": [0.00316329300404, 0.00409362837672, 0.00268787727691, 0.00069023121614, 0.000705362297595, 0.000690750079229, 0.000479940761579, 0.000209950158023, 0.000156853770022, 0.000167174745002, 0.000198628753424, 0.000289987190627, 0.000230824094615, 0.000116931420052, 0.000178444111953, 7.75391890784e-05, 4.97700530104e-05, 6.04462074989e-05, 0.00012888047786, 5.6213400967e-05, 6.72506648698e-05, 2.03356139536e-05, 1.52750963025e-05, 1.02384246929e-05, 4.68300004286e-06, 5.36714333066e-06, 6.13936344962e-06, 4.22231505581e-06, 3.35762297254e-06, 2.97236442748e-06, 3.36131506629e-06, 3.17313129017e-06, 2.77524304693e-06, 3.29930344378e-06, 3.8069990751e-06, 1.91861340681e-06, 3.12868473884e-06, 2.52502491094e-06, 1.65022038345e-06, 1.94807967091e-06],
        "median": [0.00269254529849, 0.00361516978592, 0.00176663114689, 0.000337472942192, 0.000209193443879, 0.000223456634558, 0.00014452211326, 6.98131480021e-05, 3.72098074877e-05, 7.77752429713e-05, 0.000111686444143, 0.000169326871401, 0.00015537024592, 6.24792010058e-05, 2.7940786822e-05, 3.72339054593e-05, 2.80143412965e-05, 2.50686280197e-05, 7.49746031943e-05, 3.3914559026e-05, 3.695912892e-05, 1.3951683286e-05, 9.42178576224e-06, 5.88549073655e-06, 2.22290532292e-06, 2.26959150496e-06, 1.81257087206e-06, 6.76779222886e-07, 6.030133477e-07, 3.22994054613e-07, 4.04777921403e-07, 4.43243777681e-07, 3.59845529374e-07, 3.54693526106e-07, 4.21300001108e-07, 1.43680495057e-07, 1.04487362762e-07, 6.08420620551e-08, 4.95691878655e-08, 8.29749993159e-08],
        "min": [5.01411429842e-24, 1.95365840521e-24, 1.32593160899e-24, 2.53228393488e-24, 4.17456355801e-24, 2.2832859066e-24, 6.32539360495e-24, 2.55926968316e-24, 5.20375685446e-24, 1.53487798582e-24, 8.1249399465e-24, 6.74090242095e-24, 3.39350685372e-24, 7.19201726277e-24, 3.78653234506e-24, 5.11660941811e-24, 7.56134931682e-24, 2.22085939887e-24, 3.22189134708e-24, 5.82471699905e-24, 4.11092417663e-24, 6.33046558614e-24, 6.02950450118e-24, 6.18800006767e-24, 6.78147748161e-24, 3.87852812054e-24, 6.0488217326e-24, 5.54362850358e-24, 7.34516040802e-24, 7.17779646723e-24, 6.4913529789e-24, 7.30349750817e-24, 6.74289192816e-24, 7.25622028526e-24, 8.93227124096e-24, 6.63811147842e-24, 9.08529605707e-24, 9.47709171426e-24, 7.4634130243e-24, 8.27768392814e-24],
        "var": [7.46127079765e-06, 8.29697546578e-06, 9.13665644475e-06, 7.70131634908e-07, 1.15901934805e-06, 1.04751984509e-06, 6.50673769087e-07, 1.36729596534e-07, 1.2114308845e-07, 5.63046818058e-08, 6.59173480244e-08, 1.34604860591e-07, 6.33429735331e-08, 2.7311248374e-08, 1.14569893128e-07, 1.28402684041e-08, 3.93810983823e-09, 9.84574555218e-09, 2.60752202053e-08, 4.92559015797e-09, 8.77868711058e-09, 5.36596544976e-10, 1.07847675235e-09, 4.81600925806e-10, 6.51403375684e-11, 1.60236657276e-10, 3.74675346304e-10, 1.86645116029e-10, 1.21001250686e-10, 1.07774476843e-10, 9.50490450236e-11, 9.92171761416e-11, 7.63755239608e-11, 1.13833178994e-10, 1.16770912384e-10, 8.31387458877e-11, 2.99979124874e-10, 1.70928077248e-10, 1.04580753779e-10, 1.09865186393e-10]
    },
    "mfcc": {
        "mean": [-646.336425781, 157.947097778, -7.50967502594, 21.1455039978, 17.2897663116, 19.5254192352, 0.733225107193, 14.2932949066, 5.21280431747, 1.73005926609, -4.90296077728, -3.99185323715, 7.52908086777],
        "cov": [[7312.21582031, -1191.52075195, -442.066802979, -835.486938477, 17.8667697906, -200.678497314, -233.127655029, -73.5543746948, -66.0411300659, -156.668838501, -261.719726562, -103.444778442, 55.3672523499], [-1191.52075195, 2004.9498291, -647.654052734, -30.6398544312, 117.381072998, -106.986465454, 19.8668498993, 74.8218460083, 106.53377533, 17.9453659058, 40.7290115356, 1.05916678905, 65.0061569214], [-442.066802979, -647.654052734, 887.547119141, 173.267929077, -31.9248600006, 8.99157333374, -46.1447792053, -133.626022339, -105.891571045, -1.50807642937, 70.3144302368, 44.9832191467, -25.446685791], [-835.486938477, -30.6398544312, 173.267929077, 443.752380371, -73.2227172852, 137.731826782, 0.404842615128, 21.8104610443, -51.2284736633, 11.4826059341, 40.9711914062, 8.1518611908, -26.2797355652], [17.8667697906, 117.381072998, -31.9248600006, -73.2227172852, 208.40133667, -56.7705955505, 67.0644454956, -46.7101135254, 20.4871826172, -18.6154766083, -28.0541381836, 10.4859981537, 16.9720401764], [-200.678497314, -106.986465454, 8.99157333374, 137.731826782, -56.7705955505, 210.427993774, 36.6831283569, 72.9918060303, -15.5316839218, 21.3354454041, 5.02986097336, -4.86310815811, -12.9934711456], [-233.127655029, 19.8668498993, -46.1447792053, 0.404842615128, 67.0644454956, 36.6831283569, 198.256988525, 27.2358627319, 55.3334388733, 9.65770244598, -15.4658441544, 11.9398012161, -14.630947113], [-73.5543746948, 74.8218460083, -133.626022339, 21.8104610443, -46.7101135254, 72.9918060303, 27.2358627319, 169.544281006, 50.5489349365, 30.2971134186, 2.23398733139, -13.0194044113, 4.65885257721], [-66.0411300659, 106.53377533, -105.891571045, -51.2284736633, 20.4871826172, -15.5316839218, 55.3334388733, 50.5489349365, 146.816574097, 33.8935775757, -3.20328330994, -3.65357160568, 1.71449244022], [-156.668838501, 17.9453659058, -1.50807642937, 11.4826059341, -18.6154766083, 21.3354454041, 9.65770244598, 30.2971134186, 33.8935775757, 85.9962844849, 24.6966362, 3.76657366753, -9.58443641663], [-261.719726562, 40.7290115356, 70.3144302368, 40.9711914062, -28.0541381836, 5.02986097336, -15.4658441544, 2.23398733139, -3.20328330994, 24.6966362, 98.7742843628, 14.4995174408, 1.60420930386], [-103.444778442, 1.05916678905, 44.9832191467, 8.1518611908, 10.4859981537, -4.86310815811, 11.9398012161, -13.0194044113, -3.65357160568, 3.76657366753, 14.4995174408, 57.534992218, 12.6093502045], [55.3672523499, 65.0061569214, -25.446685791, -26.2797355652, 16.9720401764, -12.9934711456, -14.630947113, 4.65885257721, 1.71449244022, -9.58443641663, 1.60420930386, 12.6093502045, 66.1512756348]],
