{
"lowlevel": {
    "average_loudness": 0.866493821144,
    "barkbands_crest": {
        "dmean": 2.03570961952,
        "dmean2": 3.40531849861,
        "dvar": 4.27036523819,
        "dvar2": 11.5557956696,
        "max": 24.637134552,
        "mean": 9.92598438263,
        "median": 9.36053848267,
        "min": 3.65896296501,
        "var": 9.31275367737
    },
    "barkbands_flatness_db": {
        "dmean": 0.0276804212481,
        "dmean2": 0.0366246812046,
        "dvar": 0.000683186284732,
        "dvar2": 0.00148153188638,
        "max": 0.428626060486,
        "mean": 0.174185097218,
        "median": 0.169684648514,
        "min": 0.0356852002442,
        "var": 0.00289235357195
    },
    "barkbands_kurtosis": {
        "dmean": 5.00261878967,
        "dmean2": 8.16114044189,
        "dvar": 62.1097793579,
        "dvar2": 161.325561523,
        "max": 97.2029571533,
        "mean": 10.2660932541,
        "median": 6.92655181885,
        "min": -1.7431344986,
        "var": 112.827125549
    },
    "barkbands_skewness": {
        "dmean": 0.587213695049,
        "dmean2": 0.937292456627,
        "dvar": 0.509370625019,
        "dvar2": 1.30222535133,
        "max": 8.08945941925,
        "mean": 2.57926869392,
        "median": 2.45237898827,
        "min": -2.17723989487,
        "var": 1.30979096889
    },
    "barkbands_spread": {
        "dmean": 3.97981142998,
        "dmean2": 5.94890117645,
        "dvar": 26.6895618439,
        "dvar2": 58.1810455322,
        "max": 78.7040939331,
        "mean": 13.0448970795,
        "median": 11.2370691299,
        "min": 0.729810118675,
        "var": 71.3247909546
    },
    "dissonance": {
        "dmean": 0.0169077813625,
        "dmean2": 0.0274359583855,
        "dvar": 0.000233934522839,
        "dvar2": 0.000601760752033,
        "max": 0.500000059605,
        "mean": 0.460964620113,
        "median": 0.464233696461,
        "min": 0.338389188051,
        "var": 0.000533309823368
    },
    "dynamic_complexity": 1.80028295517,
    "erbbands_crest": {
        "dmean": 2.06032919884,
        "dmean2": 3.24443292618,
        "dvar": 3.70737481117,
        "dvar2": 9.20317268372,
        "max": 22.6578655243,
        "mean": 8.47505283356,
        "median": 7.9666557312,
        "min": 2.76518082619,
        "var": 9.79249477386
    },
    "erbbands_flatness_db": {
        "dmean": 0.0252703372389,
        "dmean2": 0.0301870834082,
        "dvar": 0.000690255663358,
        "dvar2": 0.00120955181774,
        "max": 0.334652245045,
        "mean": 0.162248253822,
        "median": 0.158571258187,
        "min": 0.0666861310601,
        "var": 0.00207221717574
    },
    "erbbands_kurtosis": {
        "dmean": 0.731650650501,
        "dmean2": 1.10497403145,
        "dvar": 1.79679298401,
        "dvar2": 3.61986875534,
        "max": 30.9670410156,
        "mean": -0.0939335376024,
        "median": -0.624389886856,
        "min": -1.78591573238,
        "var": 4.35561561584
    },
    "erbbands_skewness": {
        "dmean": 0.322188287973,
        "dmean2": 0.477171778679,
        "dvar": 0.109877467155,
        "dvar2": 0.231565847993,
        "max": 4.50455904007,
        "mean": 0.630337178707,
        "median": 0.595318138599,
        "min": -1.57156670094,
        "var": 0.416003197432
    },
    "erbbands_spread": {
        "dmean": 8.40006732941,
        "dmean2": 11.8285226822,
        "dvar": 75.1651535034,
        "dvar2": 134.633148193,
        "max": 119.053367615,
        "mean": 46.5700569153,
        "median": 44.5298271179,
        "min": 4.46980714798,
        "var": 286.29788208
    },
    "hfc": {
        "dmean": 3.84765553474,
        "dmean2": 5.7548532486,
        "dvar": 31.0131492615,
        "dvar2": 75.4354171753,
        "max": 63.2665901184,
        "mean": 13.0061712265,
        "median": 10.7331752777,
        "min": 1.07980964491e-16,
        "var": 73.6946105957
    },
    "melbands_crest": {
        "dmean": 2.6413166523,
        "dmean2": 4.44506311417,
        "dvar": 7.36971950531,
        "dvar2": 20.0837574005,
        "max": 32.2243843079,
        "mean": 14.4971017838,
        "median": 14.1073408127,
        "min": 1.00090658665,
        "var": 17.0630817413
    },
    "melbands_flatness_db": {
        "dmean": 0.030129943043,
        "dmean2": 0.0419117435813,
        "dvar": 0.000907928973902,
        "dvar2": 0.00201510521583,
        "max": 0.559652328491,
        "mean": 0.262703090906,
        "median": 0.261305510998,
        "min": -2.6748784876e-07,
        "var": 0.00484700454399
    },
    "melbands_kurtosis": {
        "dmean": 10.7532300949,
        "dmean2": 17.6380062103,
        "dvar": 285.131835938,
        "dvar2": 746.868286133,
        "max": 246.36819458,
        "mean": 25.7432670593,
        "median": 19.5956497192,
        "min": -1.3606454134,
        "var": 496.605041504
    },
    "melbands_skewness": {
        "dmean": 0.785367965698,
        "dmean2": 1.24229443073,
        "dvar": 0.837473571301,
        "dvar2": 2.14119029045,
        "max": 12.0814800262,
        "mean": 3.82615041733,
        "median": 3.67036628723,
        "min": -0.26944437623,
        "var": 2.23045897484
    },
    "melbands_spread": {
        "dmean": 3.36577630043,
        "dmean2": 5.2798871994,
        "dvar": 25.7005367279,
        "dvar2": 60.0628700256,
        "max": 157.879470825,
        "mean": 11.8818178177,
        "median": 9.58760356903,
        "min": 0.704312324524,
        "var": 181.060760498
    },
    "pitch_salience": {
        "dmean": 0.0622589550912,
        "dmean2": 0.103154674172,
        "dvar": 0.0038989095483,
        "dvar2": 0.0108613520861,
        "max": 0.996093392372,
        "mean": 0.589384913445,
        "median": 0.596458733082,
        "min": 0.175381779671,
        "var": 0.00784064643085
    },
    "silence_rate_20dB": {
        "dmean": 0,
        "dmean2": 0,
        "dvar": 0,
        "dvar2": 0,
        "max": 1,
        "mean": 1,
        "median": 1,
        "min": 1,
        "var": 0
    },
    "silence_rate_30dB": {
        "dmean": 0.0247678011656,
        "dmean2": 0.0495547801256,
        "dvar": 0.024154573679,
        "dvar2": 0.0532937459648,
        "max": 1,
        "mean": 0.974081218243,
        "median": 1,
        "min": 0,
        "var": 0.0252468213439
    },
    "silence_rate_60dB": {
        "dmean": 0.00116099067964,
        "dmean2": 0.00232288031839,
        "dvar": 0.00115967274178,
        "dvar2": 0.00309173134156,
        "max": 1,
        "mean": 0.0100580267608,
        "median": 0,
        "min": 0,
        "var": 0.00995678734034
    },
    "spectral_centroid": {
        "dmean": 185.124542236,
        "dmean2": 276.913146973,
        "dvar": 66635.8046875,
        "dvar2": 140772.515625,
        "max": 11431.3349609,
        "mean": 899.514709473,
        "median": 759.551086426,
        "min": 166.568023682,
        "var": 935509
    },
    "spectral_complexity": {
        "dmean": 3.07391643524,
        "dmean2": 4.61440181732,
        "dvar": 9.9754858017,
        "dvar2": 19.3015556335,
        "max": 42,
        "mean": 15.605802536,
        "median": 15,
        "min": 0,
        "var": 40.4561233521
    },
    "spectral_decrease": {
        "dmean": 4.03414102124e-09,
        "dmean2": 7.06227520908e-09,
        "dvar": 8.45980707341e-17,
        "dvar2": 2.42619246972e-16,
        "max": 9.84787864949e-29,
        "mean": -9.01935504061e-09,
        "median": -6.48388054358e-09,
        "min": -1.05715109555e-07,
        "var": 7.61071543904e-17
    },
    "spectral_energy": {
        "dmean": 0.0154933128506,
        "dmean2": 0.0270612761378,
        "dvar": 0.00123301253188,
        "dvar2": 0.00353549397551,
        "max": 0.404731661081,
        "mean": 0.0352208539844,
        "median": 0.0254596807063,
        "min": 1.04072334614e-20,
        "var": 0.00111991353333
    },
    "spectral_energyband_high": {
        "dmean": 0.000228508710279,
        "dmean2": 0.000300114741549,
        "dvar": 2.01359867447e-07,
        "dvar2": 3.82170441071e-07,
        "max": 0.00466698268428,
        "mean": 0.000349866662873,
        "median": 0.000128913976368,
        "min": 7.42829435043e-21,
        "var": 3.6153753058e-07
    },
    "spectral_energyband_low": {
        "dmean": 0.0113977445289,
        "dmean2": 0.020686853677,
        "dvar": 0.00104677130003,
        "dvar2": 0.00301588932052,
        "max": 0.348810642958,
        "mean": 0.0150445830077,
        "median": 0.00829757098109,
        "min": 3.34169020962e-23,
        "var": 0.000692991830874
    },
    "spectral_energyband_middle_high": {
        "dmean": 0.000627724395599,
        "dmean2": 0.00090425030794,
        "dvar": 9.27435166886e-07,
        "dvar2": 2.07699963539e-06,
        "max": 0.0245113763958,
        "mean": 0.00221951911226,
        "median": 0.00159903988242,
        "min": 1.20877623513e-21,
        "var": 4.18441732108e-06
    },
    "spectral_energyband_middle_low": {
        "dmean": 0.00646421732381,
        "dmean2": 0.0104431258515,
        "dvar": 9.91365595837e-05,
        "dvar2": 0.000263535039267,
        "max": 0.169169872999,
        "mean": 0.0208664685488,
        "median": 0.0159792490304,
        "min": 1.87785940351e-22,
        "var": 0.000278272549622
    },
    "spectral_entropy": {
        "dmean": 0.239942520857,
        "dmean2": 0.295722454786,
        "dvar": 0.0575106367469,
        "dvar2": 0.0907143577933,
        "max": 9.81862831116,
        "mean": 7.14277458191,
        "median": 7.13399124146,
        "min": 4.90936374664,
        "var": 0.296761840582
    },
    "spectral_flux": {
        "dmean": 0.0356237590313,
        "dmean2": 0.0560266301036,
        "dvar": 0.00307811843231,
        "dvar2": 0.00569334020838,
        "max": 0.492898494005,
        "mean": 0.079996958375,
        "median": 0.0599880851805,
        "min": 6.36357008754e-11,
        "var": 0.00454856874421
    },
    "spectral_kurtosis": {
        "dmean": 2.80648589134,
        "dmean2": 4.55759048462,
        "dvar": 19.3079719543,
        "dvar2": 51.4980392456,
        "max": 84.4637756348,
        "mean": 6.68102264404,
        "median": 5.70096206665,
        "min": -1.26458966732,
        "var": 28.8241596222
    },
    "spectral_rms": {
        "dmean": 0.00106336141471,
        "dmean2": 0.00178303848952,
        "dvar": 3.16659361488e-06,
        "dvar2": 8.77885031514e-06,
        "max": 0.0198710896075,
        "mean": 0.0054503348656,
        "median": 0.00498384516686,
        "min": 3.18643982727e-12,
        "var": 4.65567563879e-06
    },
    "spectral_rolloff": {
        "dmean": 222.323318481,
        "dmean2": 382.372009277,
        "dvar": 347047.53125,
        "dvar2": 765472.375,
        "max": 18884.6191406,
        "mean": 762.299255371,
        "median": 495.263671875,
        "min": 107.666015625,
        "var": 3072086.25
    },
    "spectral_skewness": {
        "dmean": 0.300439417362,
        "dmean2": 0.456142395735,
        "dvar": 0.117543235421,
        "dvar2": 0.287968188524,
        "max": 7.7240319252,
        "mean": 1.80147051811,
        "median": 1.78777956963,
        "min": -0.0506694316864,
        "var": 0.355331748724
    },
    "spectral_spread": {
        "dmean": 729410.25,
        "dmean2": 923954.5625,
        "dvar": 917255880704,
        "dvar2": 1.6875430871e+12,
        "max": 42051020,
        "mean": 4330292,
        "median": 3870146,
        "min": 1163344.625,
        "var": 1.22117695734e+13
    },
    "spectral_strongpeak": {
        "dmean": 0.297254115343,
        "dmean2": 0.518458545208,
        "dvar": 0.150785043836,
        "dvar2": 0.39427369833,
        "max": 4.00906944275,
        "mean": 0.591259837151,
        "median": 0.400815427303,
        "min": 0,
        "var": 0.275736063719
    },
    "zerocrossingrate": {
        "dmean": 0.0085065625608,
        "dmean2": 0.0100193116814,
        "dvar": 0.00013612350449,
        "dvar2": 0.00019225491269,
        "max": 0.51708984375,
        "mean": 0.0450497530401,
        "median": 0.037109375,
        "min": 0.005859375,
        "var": 0.0021456326358
    },
    "barkbands": {
        "dmean": [0.000179221024155, 0.00577914435416, 0.0047809178941, 0.00356926233508, 0.00320721790195, 0.000621251296252, 0.000600276049227, 0.000636269513052, 0.000358803314157, 0.000230187550187, 0.00010096605547, 0.000111779212602, 9.58217860898e-05, 9.9247750768e-05, 9.81385965133e-05, 7.98175533419e-05, 0.000199229238206, 7.78742978582e-05, 7.59928880143e-05, 7.31983309379e-05, 6.82133177179e-05, 5.23858179804e-05, 2.77168110188e-05, 2.30841214943e-05, 2.39764303842e-05, 1.32738277898e-05, 2.32372576647e-06],
        "dmean2": [0.000310926843667, 0.0106943063438, 0.0087712854147, 0.00592996086925, 0.0051944795996, 0.000996144255623, 0.000922218954656, 0.00100834376644, 0.000526716350578, 0.000348870293237, 0.000156116118887, 0.000165231060237, 0.000147137441672, 0.000159421208082, 0.000152693144628, 0.000125461010612, 0.000315038225381, 0.000119120115414, 0.000115596376418, 0.000106369843706, 9.30312089622e-05, 7.19176023267e-05, 3.8546120777e-05, 3.21785300912e-05, 3.29637805407e-05, 1.89573111129e-05, 3.66649192074e-06],
        "dvar": [1.64975617167e-07, 0.000280308508081, 0.000218840301386, 4.19115749537e-05, 2.15307682083e-05, 1.15683405966e-06, 9.96567109723e-07, 1.74552064891e-06, 5.95343976784e-07, 4.8030653943e-07, 6.57194618725e-08, 7.74811681481e-08, 6.30465422091e-08, 5.71540326177e-08, 4.72484416036e-08, 1.58885864465e-08, 8.26230177609e-08, 1.3671738408e-08, 1.02344648312e-08, 1.48871865946e-08, 2.35166641716e-08, 1.38051676757e-08, 3.25836957416e-09, 1.93624338785e-09, 1.85060244906e-09, 4.80610939935e-10, 2.46740943649e-11],
        "dvar2": [4.48268707487e-07, 0.00080463651102, 0.000640345329884, 0.000111255707452, 5.22008231201e-05, 2.79224400401e-06, 2.15103568735e-06, 4.72842111776e-06, 1.26172631099e-06, 1.14324552669e-06, 1.37758291885e-07, 1.53706068318e-07, 1.39056496096e-07, 1.3035413815e-07, 1.14460902978e-07, 3.72060426912e-08, 2.070878935e-07, 3.07617362694e-08, 2.43220785734e-08, 3.18514921105e-08, 4.79587853874e-08, 2.71033897548e-08, 6.64139720996e-09, 3.87047993655e-09, 3.91208887507e-09, 1.06824971091e-09, 5.97484908771e-11],
        "max": [0.005358512979, 0.177277594805, 0.203735545278, 0.124526411295, 0.0812303572893, 0.0175248533487, 0.0154480477795, 0.020939193666, 0.0143245700747, 0.0187345352024, 0.00587188918144, 0.00539583386853, 0.00542833469808, 0.00442741764709, 0.00481257634237, 0.00164941768162, 0.00372336502187, 0.00210830010474, 0.00232598232105, 0.00143694505095, 0.00167431111913, 0.00146667147055, 0.000572997087147, 0.000657752214465, 0.000410091714002, 0.00019339955179, 4.46247540822e-05],
        "mean": [0.000182462084922, 0.00557860126719, 0.00610833289102, 0.00704494817182, 0.00891371816397, 0.00133006984834, 0.00132481998298, 0.00135235884227, 0.000749619561248, 0.000461405201349, 0.000171714680619, 0.00020221255545, 0.000178277376108, 0.000170226485352, 0.000176544024725, 0.000145723621245, 0.000388360815123, 0.000149155719555, 0.000167528763996, 0.000143574579852, 9.19198355405e-05, 6.65021507302e-05, 3.89801498386e-05, 3.49623624061e-05, 3.18113343383e-05, 1.49677425725e-05, 2.03370359486e-06],
        "median": [5.09811470693e-05, 0.00203156610951, 0.00318055134267, 0.00410531461239, 0.00605828175321, 0.00079391640611, 0.000741291092709, 0.000835215963889, 0.000257948588114, 0.000174037690158, 7.39021488698e-05, 6.39795907773e-05, 5.24983952346e-05, 8.99154620129e-05, 9.00065715541e-05, 9.4715054729e-05, 0.000280815758742, 9.7368072602e-05, 0.000124507583678, 6.5136453486e-05, 1.62197738973e-05, 9.59107910603e-06, 1.21592947835e-05, 1.31952892843e-05, 9.67729010881e-06, 3.19173091157e-06, 2.48634449918e-07],
        "min": [2.89736126764e-24, 1.00677315955e-23, 1.06914712915e-24, 1.63166500661e-24, 1.04466467318e-23, 1.28744837079e-23, 1.02186722411e-23, 7.24415939088e-24, 1.09593747658e-23, 1.43441623399e-23, 2.2872233086e-23, 3.33626568649e-23, 2.61374167251e-23, 6.20846027966e-23, 5.01481275586e-23, 7.34022008772e-23, 6.01431340673e-23, 1.03752545044e-22, 1.81018031277e-22, 2.07158003911e-22, 2.98050103027e-22, 3.58715753314e-22, 4.85597933602e-22, 6.66026250331e-22, 1.03754510254e-21, 1.41587360403e-21, 2.03138150492e-21],
        "var": [1.6564088412e-07, 0.000176877147169, 0.000139236813993, 8.16707106424e-05, 7.95199521235e-05, 2.70686632575e-06, 2.77028971141e-06, 2.72353440778e-06, 2.01208990802e-06, 1.1376286011e-06, 1.51775864765e-07, 2.2220646656e-07, 1.96766393401e-07, 1.13118943545e-07, 8.91313760576e-08, 3.10255714453e-08, 1.42454865681e-07, 2.84169825449e-08, 2.66170516738e-08, 3.4709948693e-08, 3.74057798069e-08, 2.21402345346e-08, 5.39341060701e-09, 3.75497455352e-09, 2.98451552361e-09, 6.50419440529e-10, 2.24459097142e-11]
    },
    "erbbands": {
        "dmean": [0.124471873045, 1.48968827724, 5.12229919434, 8.36169815063, 12.2555475235, 11.1049547195, 7.45727157593, 4.82501220703, 6.61003398895, 15.5085430145, 8.32014656067, 8.31142139435, 7.24423646927, 5.42186689377, 4.74085283279, 3.92043805122, 4.37364721298, 4.61932897568, 5.57428455353, 3.57768893242, 5.2942276001, 9.71017742157, 4.88081073761, 2.86209464073, 4.23626613617, 3.21886062622, 3.2982108593, 2.26347017288, 1.99259412289, 1.00602769852, 0.822260797024, 0.645043492317, 0.318769723177, 0.244147360325, 0.182907387614, 0.0825714468956, 0.0189257226884, 0.00456706061959, 0.000302974658553, 2.12209306483e-05],
        "dmean2": [0.223965659738, 2.77027010918, 9.5391960144, 14.3262796402, 19.9535865784, 17.6745853424, 11.9539299011, 7.74240732193, 10.1059942245, 24.8520622253, 13.0941810608, 12.1622753143, 11.2034635544, 8.18848705292, 7.18592023849, 5.71329975128, 6.46313095093, 7.25136184692, 8.71123981476, 5.41786718369, 8.33363246918, 15.1075115204, 7.487844944, 4.31227445602, 6.49289512634, 4.60987997055, 4.60843038559, 3.0698390007, 2.76547932625, 1.38993835449, 1.15163290501, 0.909935295582, 0.442801237106, 0.336797773838, 0.257376879454, 0.117769256234, 0.0271854437888, 0.00682497909293, 0.000479627517052, 3.52508650394e-05],
        "dvar": [0.104281708598, 19.9041194916, 260.289581299, 327.14654541, 405.105926514, 269.871063232, 109.598922729, 95.931930542, 189.899215698, 658.909545898, 338.35067749, 377.358581543, 340.860137939, 234.220367432, 110.431541443, 107.255744934, 113.60774231, 116.937339783, 191.384063721, 38.4169120789, 67.2783050537, 191.148284912, 53.1724243164, 13.3477516174, 34.3310775757, 30.6806316376, 54.4063529968, 24.5023937225, 20.4056777954, 4.45987033844, 3.0880355835, 1.67805242538, 0.362883895636, 0.198535174131, 0.112568989396, 0.0225125066936, 0.000907562382054, 6.45953332423e-05, 4.26110034368e-07, 1.62266000636e-09],
        "dvar2": [0.295067161322, 57.4962120056, 761.277282715, 918.488586426, 1085.5012207, 630.359130859, 271.73324585, 240.11781311, 432.568908691, 1714.74353027, 852.665588379, 796.313293457, 759.366210938, 530.645996094, 237.53692627, 199.08996582, 230.44682312, 248.839385986, 452.856994629, 82.7131347656, 166.169006348, 476.278442383, 115.688842773, 29.4689502716, 80.4556732178, 65.1575927734, 112.916290283, 46.8552055359, 39.8256340027, 8.61905193329, 6.52879619598, 3.47039794922, 0.720099270344, 0.405037373304, 0.247203320265, 0.0497261844575, 0.00207913760096, 0.000153621134814, 1.03295701592e-06, 4.4980468239e-09],
        "max": [2.55919337273, 49.0557060242, 189.925537109, 254.227111816, 283.312164307, 344.213928223, 160.897064209, 193.733810425, 281.715576172, 412.308349609, 362.750091553, 361.522857666, 418.804534912, 403.823455811, 247.027114868, 271.670684814, 204.026657104, 252.428955078, 340.75970459, 103.542175293, 101.783447266, 167.837661743, 148.05406189, 46.5380172729, 136.155487061, 80.2718658447, 78.0801315308, 49.6268692017, 51.4256629944, 24.9731731415, 18.3197517395, 16.6162014008, 10.0101909637, 6.00554704666, 3.48699378967, 1.39455878735, 0.268005400896, 0.0622545480728, 0.0066767828539, 0.000460085255327],
        "mean": [0.117348916829, 1.4376257658, 6.18514490128, 16.2988605499, 29.0270366669, 30.1611995697, 16.056728363, 10.4866247177, 14.3640623093, 35.2957839966, 18.0607872009, 18.1062316895, 14.516658783, 12.0555648804, 9.19471645355, 7.66631793976, 9.06674289703, 8.69150161743, 9.97464370728, 7.77708244324, 10.5648117065, 19.6331005096, 10.7285394669, 6.42856025696, 9.49105548859, 6.7124876976, 4.89438152313, 2.96781826019, 2.49880838394, 1.42447698116, 1.12696731091, 0.939601004124, 0.478952825069, 0.341059535742, 0.230052649975, 0.0943832620978, 0.0210606921464, 0.00456978101283, 0.000277257699054, 4.56084781035e-05],
        "median": [0.0395183898509, 0.546979665756, 3.27004599571, 10.3850955963, 18.7282772064, 19.8562793732, 11.184967041, 5.6612610817, 7.40571117401, 27.1197795868, 13.1429176331, 6.57117652893, 6.11904859543, 4.3122253418, 3.75065636635, 2.78113436699, 2.75633788109, 4.48438596725, 5.36980295181, 4.29618167877, 7.3228096962, 14.2279777527, 7.75819396973, 4.94943189621, 6.92756414413, 3.17437767982, 1.11872184277, 0.492934882641, 0.335684597492, 0.378215461969, 0.33102157712, 0.301832407713, 0.175995498896, 0.114285349846, 0.0612509138882, 0.0190489664674, 0.00501936860383, 0.00102944509126, 4.83811163576e-05, 3.3719046769e-05],
        "min": [3.83653931069e-22, 1.6117405219e-21, 2.98410050792e-21, 1.02950721324e-20, 1.06755501726e-20, 5.40067126665e-20, 5.86214757557e-20, 1.18088381796e-19, 2.01892298551e-19, 2.99216146376e-19, 2.28554087453e-19, 4.33839222383e-19, 7.65340434862e-19, 8.69081032892e-19, 1.0515068248e-18, 1.37949469102e-18, 1.6348459665e-18, 3.66377938839e-18, 2.93529672576e-18, 3.02909942081e-18, 4.88045040008e-18, 4.03894301931e-18, 7.59829416409e-18, 6.77089807099e-18, 1.0298351477e-17, 1.05274027517e-17, 1.05439868958e-17, 1.17074346253e-17, 1.35465954439e-17, 1.39414674801e-17, 1.15992443643e-17, 1.08256319682e-17, 1.27642620826e-17, 9.91820904596e-18, 7.75848099844e-18, 5.00235614285e-18, 2.55002660211e-18, 9.80115140876e-19, 2.75412524985e-19, 2.82818253622e-20],
        "var": [0.0733665153384, 12.1308670044, 157.749008179, 377.389404297, 1003.18017578, 1131.47607422, 256.222137451, 224.007354736, 474.142028809, 1408.13464355, 514.620605469, 1210.80957031, 1085.8605957, 708.132568359, 324.318878174, 271.17666626, 452.992614746, 299.659729004, 317.554443359, 135.744384766, 116.917442322, 337.515533447, 116.138069153, 32.5482559204, 95.1446151733, 72.1000747681, 88.0830917358, 41.6831588745, 32.4857902527, 7.75605678558, 4.85009813309, 2.95022988319, 0.692629218102, 0.34058663249, 0.164734423161, 0.03072905913, 0.00115094019566, 6.60156001686e-05, 3.82857535897e-07, 1.58899737812e-09]
    },
    "gfcc": {
        "mean": [-23.1280193329, 122.262863159, -100.115745544, 37.2934989929, -44.84192276, -6.31104040146, -42.7869148254, 11.3678665161, -27.4949684143, -6.94525575638, -18.4469127655, -10.1384592056, -14.4484462738],
        "cov": [[13693.6298828, -410.537963867, -563.565429688, 527.212280273, -947.915466309, 519.54095459, -534.466064453, 188.508071899, -419.244781494, 154.445343018, -474.980987549, 173.889419556, -219.598999023], [-410.537963867, 1763.00622559, -560.602844238, -107.958312988, 481.618804932, -449.239013672, 182.262084961, -9.29934215546, 112.669021606, -238.734710693, 269.262664795, -254.206848145, 92.4397277832], [-563.565429688, -560.602844238, 748.346923828, 59.9453010559, 6.15076255798, 244.847625732, 21.2719631195, 39.4158172607, -2.35712170601, 59.0852890015, -114.535179138, 120.086578369, -44.018497467], [527.212280273, -107.958312988, 59.9453010559, 248.484695435, -40.8877029419, 42.4042015076, -18.7614135742, -6.23519134521, 23.4484481812, 22.8477344513, -44.0951004028, -11.9768457413, 2.86316633224], [-947.915466309, 481.618804932, 6.15076255798, -40.8877029419, 421.075744629, -161.659194946, 111.898658752, 63.516998291, 76.7224960327, -52.5557327271, 80.7905654907, -47.92420578, 20.1047821045], [519.54095459, -449.239013672, 244.847625732, 42.4042015076, -161.659194946, 304.289215088, -6.19395875931, 3.92044496536, -45.2985305786, 38.012638092, -81.6881942749, 85.5511779785, -26.5359325409], [-534.466064453, 182.262084961, 21.2719631195, -18.7614135742, 111.898658752, -6.19395875931, 162.226760864, 23.3078804016, 36.5207481384, -29.8877162933, 20.6764640808, -20.6394691467, 15.2619028091], [188.508071899, -9.29934215546, 39.4158172607, -6.23519134521, 63.516998291, 3.92044496536, 23.3078804016, 122.009719849, 30.9322090149, 12.8525152206, -13.2566041946, 15.347782135, -11.9282398224], [-419.244781494, 112.669021606, -2.35712170601, 23.4484481812, 76.7224960327, -45.2985305786, 36.5207481384, 30.9322090149, 102.166481018, 6.58261156082, 28.8685913086, -27.0660972595, 8.51268291473], [154.445343018, -238.734710693, 59.0852890015, 22.8477344513, -52.5557327271, 38.012638092, -29.8877162933, 12.8525152206, 6.58261156082, 109.877952576, -20.3682842255, 32.3664131165, -22.0282249451], [-474.980987549, 269.262664795, -114.535179138, -44.0951004028, 80.7905654907, -81.6881942749, 20.6764640808, -13.2566041946, 28.8685913086, -20.3682842255, 123.615249634, -30.3965625763, 20.8796577454], [173.889419556, -254.206848145, 120.086578369, -11.9768457413, -47.92420578, 85.5511779785, -20.6394691467, 15.347782135, -27.0660972595, 32.3664131165, -30.3965625763, 111.208686829, -4.20704317093], [-219.598999023, 92.4397277832, -44.018497467, 2.86316633224, 20.1047821045, -26.5359325409, 15.2619028091, -11.9282398224, 8.51268291473, -22.0282249451, 20.8796577454, -4.20704317093, 70.8433303833]],
        "icov": [[0.000299050239846, -0.000762005685829, 0.000386778847314, -0.000673282891512, 0.000500774593093, -0.000683570222463, 0.000778839108534, -0.000919859623536, 0.000968412554357, -0.000785952608567, 0.00123560149223, -0.000858098152094, 0.000692117901053], [-0.000762005685829, 0.00440700352192, -0.000285532616545, 0.00166091602296, -0.00251142191701, 0.00259265815839, -0.00286121782847, 0.00226620677859, -0.00249247346073, 0.00479535013437, -0.00534932361916, 0.0042898543179, -0.00205329200253], [0.000386778847314, -0.000285532616545, 0.00317116640508, -0.00106520147528, -0.000934490468353, -0.002425492974, 0.000762015231885, -0.000632586190477, 0.000413612666307, -0.000606229237746, 0.00250490265898, -0.00208340608515, 0.00157077040058], [-0.000673282891512, 0.00166091602296, -0.00106520147528, 0.00648811738938, -0.0011069412576, 0.000747550104279, -0.000884639448486, 0.00272375298664, -0.00414344016463, 0.000962331600022, -0.000776013883296, 0.0035033733584, -0.00270113511942], [0.000500774593093, -0.00251142191701, -0.000934490468353, -0.0011069412576, 0.00655904505402, 0.0012743253028, -0.000537068932317, -0.00362750305794, 0.00100381788798, -0.00131641165353, 0.00110900017899, -0.00240262667648, 0.00141476362478], [-0.000683570222463, 0.00259265815839, -0.002425492974, 0.000747550104279, 0.0012743253028, 0.00919269304723, -0.00420818757266, 0.00135254149791, -0.000840769789647, 0.00310490233824, -0.003282509977, 0.000169639606611, -0.000779237481765], [0.000778839108534, -0.00286121782847, 0.000762015231885, -0.000884639448486, -0.000537068932317, -0.00420818757266, 0.0111584961414, -0.00266900332645, 0.00042217792361, -0.00171072687954, 0.00421416852623, -0.00146092253271, 0.000468307873234], [-0.000919859623536, 0.00226620677859, -0.000632586190477, 0.00272375298664, -0.00362750305794, 0.00135254149791, -0.00266900332645, 0.0138125047088, -0.00653393240646, 0.00150902778842, -0.000998370815068, 0.000275616301224, -0.000309840252157], [0.000968412554357, -0.00249247346073, 0.000413612666307, -0.00414344016463, 0.00100381788798, -0.000840769789647, 0.00042217792361, -0.00653393240646, 0.018265530467, -0.00532701285556, 0.000846199691296, 0.000212345345062, 0.000799707311671], [-0.000785952608567, 0.00479535013437, -0.000606229237746, 0.000962331600022, -0.00131641165353, 0.00310490233824, -0.00171072687954, 0.00150902778842, -0.00532701285556, 0.0173544883728, -0.00600788975134, 0.00151338835713, 0.000947105116211], [0.00123560149223, -0.00534932361916, 0.00250490265898, -0.000776013883296, 0.00110900017899, -0.003282509977, 0.00421416852623, -0.000998370815068, 0.000846199691296, -0.00600788975134, 0.0200102794915, -0.0055415420793, 0.00158119667321], [-0.000858098152094, 0.0042898543179, -0.00208340608515, 0.0035033733584, -0.00240262667648, 0.000169639606611, -0.00146092253271, 0.000275616301224, 0.000212345345062, 0.00151338835713, -0.0055415420793, 0.0191852301359, -0.0053694746457], [0.000692117901053, -0.00205329200253, 0.00157077040058, -0.00270113511942, 0.00141476362478, -0.000779237481765, 0.000468307873234, -0.000309840252157, 0.000799707311671, 0.000947105116211, 0.00158119667321, -0.0053694746457, 0.0185925401747]]
    },
    "melbands": {
        "dmean": [0.00136681389995, 0.00247968616895, 0.0015887664631, 0.000813396181911, 0.000298778119031, 0.000108349238872, 0.000104816070234, 0.000170349550899, 6.54342293274e-05, 5.15372921654e-05, 3.67104912584e-05, 2.37959484366e-05, 1.49579327626e-05, 1.37921697387e-05, 1.07918731374e-05, 8.39469430503e-06, 9.71414010564e-06, 9.45553347265e-06, 5.95034134676e-06, 6.03851412961e-06, 7.54422990212e-06, 1.20348749988e-05, 7.88581473898e-06, 3.25330984197e-06, 2.476005875e-06, 3.02980993183e-06, 2.95802260553e-06, 2.19313710659e-06, 2.33183232012e-06, 1.65607934832e-06, 1.26345832996e-06, 1.27709984099e-06, 8.19708589006e-07, 4.56839046592e-07, 4.07248819556e-07, 5.63968853839e-07, 3.58016876589e-07, 2.30640338827e-07, 2.08172693306e-07, 2.08230815701e-07],
        "dmean2": [0.00250809080899, 0.00461511453614, 0.00269393646158, 0.0013059838675, 0.000475029577501, 0.000173318752786, 0.000159148257808, 0.000272446661256, 0.000101498044387, 7.56012232159e-05, 5.65883237869e-05, 3.60102239938e-05, 2.27363780141e-05, 2.00553222385e-05, 1.63071472343e-05, 1.25956448755e-05, 1.53268683789e-05, 1.50707046487e-05, 9.23623974813e-06, 9.40977406572e-06, 1.21089287859e-05, 1.89941074495e-05, 1.23933887153e-05, 4.91961918669e-06, 3.86084957427e-06, 4.65600351163e-06, 4.5703845899e-06, 3.18618731399e-06, 3.31763703798e-06, 2.31649960369e-06, 1.73977946361e-06, 1.81938821697e-06, 1.13879752917e-06, 6.48212505894e-07, 5.78315507482e-07, 8.1269263319e-07, 5.12640042416e-07, 3.3145983025e-07, 2.9445939731e-07, 2.92988232786e-07],
        "dvar": [1.43974193634e-05, 5.98476435698e-05, 9.9030248748e-06, 1.52815721322e-06, 1.4921015179e-07, 4.51248602928e-08, 3.99601134404e-08, 8.99636631857e-08, 2.26629612854e-08, 1.3405308863e-08, 9.34178956413e-09, 5.1461608308e-09, 1.18859255771e-09, 1.14587350719e-09, 6.3721089516e-10, 6.41128317103e-10, 5.03147357112e-10, 6.61712074024e-10, 1.4608866894e-10, 1.11840176009e-10, 1.53562426664e-10, 3.53008344778e-10, 1.29253302505e-10, 2.63914168297e-11, 1.05020393423e-11, 1.84953025117e-11, 1.70264653071e-11, 1.70228848378e-11, 2.70571533928e-11, 1.54190063495e-11, 7.29229610724e-12, 8.71351775455e-12, 3.64661773e-12, 7.78583415188e-13, 6.90467160443e-13, 1.69452494571e-12, 4.93988259586e-13, 1.98226431472e-13, 1.583233734e-13, 1.47847622274e-13],
        "dvar2": [4.11271139455e-05, 0.00017428972933, 2.7439371479e-05, 3.75490503757e-06, 3.67283632841e-07, 1.10956271726e-07, 9.05760941805e-08, 2.41721267003e-07, 5.48094014619e-08, 2.79257310609e-08, 2.10160653324e-08, 1.18963328077e-08, 2.33720087728e-09, 2.17961049209e-09, 1.34398858709e-09, 1.36608035994e-09, 1.08898978723e-09, 1.58481017198e-09, 3.39306499564e-10, 2.69132077735e-10, 3.83785642155e-10, 8.9753965371e-10, 3.15428211328e-10, 5.31691080052e-11, 2.44769291641e-11, 4.38712711992e-11, 3.79346241919e-11, 3.71488534379e-11, 5.75086436805e-11, 3.24033612442e-11, 1.44977268038e-11, 1.77289346398e-11, 7.37875906209e-12, 1.54483381382e-12, 1.4805932088e-12, 3.71915475847e-12, 1.00842674055e-12, 4.03469141777e-13, 3.31210807478e-13, 3.04320235461e-13],
        "max": [0.036950673908, 0.0850756317377, 0.0483565814793, 0.0232999902219, 0.0050388793461, 0.00383375422098, 0.00368478801101, 0.00422648945823, 0.00296387518756, 0.002377089113, 0.00215630745515, 0.00198257737793, 0.00077987316763, 0.00068068492692, 0.000488688529003, 0.000627766945399, 0.000462389405584, 0.000623570522293, 0.000249852862908, 0.000168672078871, 0.000165656529134, 0.00025039963657, 0.000193623185623, 0.000126783415908, 3.86835126847e-05, 8.98271755432e-05, 6.96577626513e-05, 6.71347297612e-05, 5.91932221141e-05, 3.72331232938e-05, 3.14701428579e-05, 3.30246984959e-05, 2.5507164537e-05, 1.05177341538e-05, 1.07057921923e-05, 1.43056649904e-05, 1.20291442727e-05, 7.80428126745e-06, 5.71161990592e-06, 5.57866542295e-06],
        "mean": [0.00130129698664, 0.00284820375964, 0.00325312907808, 0.00231925211847, 0.00068611750612, 0.000231387559325, 0.000229035838856, 0.000385169143556, 0.000133997746161, 0.000108813233965, 7.04044141457e-05, 5.01426766277e-05, 2.79872547253e-05, 2.52837362495e-05, 2.03314866667e-05, 1.53753408085e-05, 1.65488036146e-05, 1.58786078828e-05, 1.08477124741e-05, 1.09201946543e-05, 1.30868183987e-05, 2.24044742936e-05, 1.5108579646e-05, 6.29971873423e-06, 4.80182825413e-06, 6.53980259813e-06, 6.30042359262e-06, 4.07729658036e-06, 3.4487609355e-06, 2.1055277557e-06, 1.57537488121e-06, 1.52980157964e-06, 1.06805157429e-06, 6.58681528876e-07, 5.66375604194e-07, 7.28402483219e-07, 5.31051455255e-07, 3.39466225796e-07, 2.89169861389e-07, 2.86397465743e-07],
        "median": [0.000472241052194, 0.00143210066017, 0.00205598748289, 0.00156675314065, 0.000489944999572, 0.000124526457512, 0.000119857708341, 0.000285034329863, 8.36410035845e-05, 3.74624542019e-05, 2.82239616354e-05, 1.61135922099e-05, 1.15737566375e-05, 8.15341081761e-06, 7.40739005778e-06, 4.52455833511e-06, 8.45409795147e-06, 8.34198817756e-06, 5.58318242838e-06, 6.56295378576e-06, 8.30820954434e-06, 1.4757361896e-05, 1.05479739432e-05, 4.16402508563e-06, 3.50470622834e-06, 4.49095978183e-06, 4.13015777667e-06, 1.57807869527e-06, 6.80891105276e-07, 3.23917561218e-07, 2.28761678045e-07, 1.80528431315e-07, 1.80086374257e-07, 2.16785295493e-07, 1.78017714347e-07, 1.70007197653e-07, 1.78103817916e-07, 1.23220388559e-07, 9.61466568583e-08, 9.57926928891e-08],
        "min": [3.25945335352e-24, 2.32487031479e-24, 1.80637629926e-24, 2.1583755015e-24, 2.0974401381e-24, 2.61047760274e-24, 2.56169483879e-24, 3.07065902016e-24, 1.91694047994e-24, 1.97260684415e-24, 2.78678347911e-24, 2.73134549013e-24, 3.09940116724e-24, 3.8320898512e-24, 3.24787110049e-24, 3.61658370151e-24, 6.75397857932e-24, 5.03894132883e-24, 4.12326196119e-24, 5.20428618013e-24, 4.53593758325e-24, 3.90955125893e-24, 4.87887316812e-24, 5.12569591245e-24, 4.63209026126e-24, 7.08000690284e-24, 6.21421352112e-24, 6.35520189755e-24, 5.55609053373e-24, 6.63930896927e-24, 6.29561016148e-24, 6.34296114288e-24, 5.17035056728e-24, 6.96364124185e-24, 5.25792122751e-24, 6.93299320682e-24, 5.35555380858e-24, 8.19253822633e-24, 7.08022936161e-24, 8.04676619738e-24],
        "var": [9.41573216551e-06, 3.62286264135e-05, 1.42188118843e-05, 5.82516349823e-06, 4.1916371174e-07, 1.06497118679e-07, 1.03164971677e-07, 1.70380289433e-07, 3.75399906716e-08, 4.36303189133e-08, 2.81535079694e-08, 1.40398244142e-08, 3.41660033598e-09, 3.53040641166e-09, 2.03540140298e-09, 1.5733204739e-09, 1.18504661639e-09, 9.39852085047e-10, 3.05745539997e-10, 2.26881236021e-10, 2.40507835869e-10, 5.52507539719e-10, 2.38191882884e-10, 5.86498280497e-11, 2.12936855648e-11, 4.93909878274e-11, 5.03722133449e-11, 3.42653648511e-11, 4.46774006679e-11, 2.2889598203e-11, 1.21160590241e-11, 1.29752788375e-11, 5.69630453917e-12, 1.38417868747e-12, 1.12237931622e-12, 2.34645202574e-12, 9.56184025187e-13, 3.62825302571e-13, 2.75724999473e-13, 2.41016489535e-13]
    },
    "mfcc": {
        "mean": [-667.657836914, 151.612564087, 4.19124603271, 41.3589744568, 15.9473981857, -9.90844154358, -0.429977715015, 2.18351221085, -3.37808346748, 2.60752010345, -6.17072486877, -1.94529736042, -3.52154397964],
        "cov": [[4870.53955078, -835.349914551, 458.787261963, -112.5779953, -212.75592041, 255.745040894, -94.6711578369, 27.4812602997, 67.0516662598, -59.7270050049, -57.4761810303, -8.90905761719, -62.0525283813], [-835.349914551, 1740.97558594, -611.375671387, 256.912841797, 239.375366211, -299.53125, 169.422225952, 71.6544570923, -70.7348403931, 114.180496216, -10.1683950424, -5.57580327988, 79.3481140137], [458.787261963, -611.375671387, 665.230529785, -98.721282959, -49.4760894775, 227.447998047, -32.2627105713, 47.1981620789, 74.6240539551, -66.2973937988, 19.3276863098, -3.86351895332, -47.1295890808], [-112.5779953, 256.912841797, -98.721282959, 272.777282715, 105.156616211, -52.4102210999, 9.46645545959, -3.08939218521, 32.1809806824, 51.6646690369, -1.58584260941, 4.72306346893, 34.7651939392], [-212.75592041, 239.375366211, -49.4760894775, 105.156616211, 195.415176392, -40.5353088379, 22.3640670776, 32.8844337463, 8.76959991455, 39.5614051819, 9.93906211853, -7.65717077255, 38.7364959717], [255.745040894, -299.53125, 227.447998047, -52.4102210999, -40.5353088379, 194.287109375, 8.29707717896, 14.5740118027, 30.8723754883, -42.7185668945, 19.4261302948, 3.75333380699, -34.7474136353], [-94.6711578369, 169.422225952, -32.2627105713, 9.46645545959, 22.3640670776, 8.29707717896, 111.749359131, 42.2033233643, 11.1657657623, 5.65418386459, -0.519678473473, 6.19777774811, 8.09945011139], [27.4812602997, 71.6544570923, 47.1981620789, -3.08939218521, 32.8844337463, 14.5740118027, 42.2033233643, 129.539291382, 39.9483909607, 2.83628106117, 12.6078224182, -10.7003536224, 15.0530824661], [67.0516662598, -70.7348403931, 74.6240539551, 32.1809806824, 8.76959991455, 30.8723754883, 11.1657657623, 39.9483909607, 119.503059387, 13.5810022354, 2.56128239632, 0.193742409348, -4.35931921005], [-59.7270050049, 114.180496216, -66.2973937988, 51.6646690369, 39.5614051819, -42.7185668945, 5.65418386459, 2.83628106117, 13.5810022354, 111.240394592, 13.6346492767, 0.108537986875, 29.4975147247], [-57.4761810303, -10.1683950424, 19.3276863098, -1.58584260941, 9.93906211853, 19.4261302948, -0.519678473473, 12.6078224182, 2.56128239632, 13.6346492767, 81.7701873779, 14.0881071091, -5.25856781006], [-8.90905761719, -5.57580327988, -3.86351895332, 4.72306346893, -7.65717077255, 3.75333380699, 6.19777774811, -10.7003536224, 0.193742409348, 0.108537986875, 14.0881071091, 55.492351532, 12.9383497238], [-62.0525283813, 79.3481140137, -47.1295890808, 34.7651939392, 38.7364959717, -34.7474136353, 8.09945011139, 15.0530824661, -4.35931921005, 29.4975147247, -5.25856781006, 12.9383497238, 76.3042907715]],
