{
"lowlevel": {
    "average_loudness": 0.868647813797,
    "barkbands_crest": {
        "dmean": 1.65864336491,
        "dmean2": 2.67416810989,
        "dvar": 2.69075703621,
        "dvar2": 6.83829975128,
        "max": 22.4857711792,
        "mean": 8.45514392853,
        "median": 7.47982501984,
        "min": 2.07543683052,
        "var": 15.7202186584
    },
    "barkbands_flatness_db": {
        "dmean": 0.0173116065562,
        "dmean2": 0.0235546045005,
        "dvar": 0.000341644510627,
        "dvar2": 0.00064894836396,
        "max": 0.627523243427,
        "mean": 0.135126277804,
        "median": 0.0907951667905,
        "min": 0.0254634860903,
        "var": 0.0146258035675
    },
    "barkbands_kurtosis": {
        "dmean": 1.47941756248,
        "dmean2": 2.24895858765,
        "dvar": 9.67468452454,
        "dvar2": 18.0549030304,
        "max": 125.535827637,
        "mean": 5.44897031784,
        "median": 0.479715585709,
        "min": -1.62182569504,
        "var": 244.300598145
    },
    "barkbands_skewness": {
        "dmean": 0.352515995502,
        "dmean2": 0.538902163506,
        "dvar": 0.143355756998,
        "dvar2": 0.310918450356,
        "max": 9.27303218842,
        "mean": 1.46489989758,
        "median": 1.11513292789,
        "min": -2.27320098877,
        "var": 2.1889128685
    },
    "barkbands_spread": {
        "dmean": 4.83645868301,
        "dmean2": 7.33817577362,
        "dvar": 36.5824890137,
        "dvar2": 87.9653701782,
        "max": 84.2831726074,
        "mean": 24.4009513855,
        "median": 25.1770839691,
        "min": 0.726173460484,
        "var": 139.953964233
    },
    "dissonance": {
        "dmean": 0.0135944960639,
        "dmean2": 0.0231067202985,
        "dvar": 0.000172334039235,
        "dvar2": 0.000450095772976,
        "max": 0.500000119209,
        "mean": 0.4696585536,
        "median": 0.476461052895,
        "min": 0.241496548057,
        "var": 0.000706319115125
    },
    "dynamic_complexity": 2.07933664322,
    "erbbands_crest": {
        "dmean": 1.80875682831,
        "dmean2": 2.86903524399,
        "dvar": 3.33974027634,
        "dvar2": 8.32341861725,
        "max": 29.2858543396,
        "mean": 7.75074720383,
        "median": 6.90601491928,
        "min": 2.43689227104,
        "var": 11.05427742
    },
    "erbbands_flatness_db": {
        "dmean": 0.0176470335573,
        "dmean2": 0.021603403613,
        "dvar": 0.000447207974503,
        "dvar2": 0.0007120546652,
        "max": 0.501283466816,
        "mean": 0.156572014093,
        "median": 0.126292034984,
        "min": 0.0538755320013,
        "var": 0.00624592043459
    },
    "erbbands_kurtosis": {
        "dmean": 0.448614478111,
        "dmean2": 0.689975500107,
        "dvar": 0.736463963985,
        "dvar2": 1.69542574883,
        "max": 31.2967071533,
        "mean": 0.225656151772,
        "median": -0.400455713272,
        "min": -1.69098889828,
        "var": 6.32336997986
    },
    "erbbands_skewness": {
        "dmean": 0.255709677935,
        "dmean2": 0.393699645996,
        "dvar": 0.0688365846872,
        "dvar2": 0.161598280072,
        "max": 5.20374488831,
        "mean": 0.162271887064,
        "median": -0.0179554522038,
        "min": -1.69055402279,
        "var": 0.63749229908
    },
    "erbbands_spread": {
        "dmean": 5.80627727509,
        "dmean2": 8.37457275391,
        "dvar": 37.3315925598,
        "dvar2": 80.7119064331,
        "max": 105.334342957,
        "mean": 37.8225898743,
        "median": 37.2174377441,
        "min": 2.22376799583,
        "var": 209.855636597
    },
    "hfc": {
        "dmean": 6.60347938538,
        "dmean2": 10.1245088577,
        "dvar": 108.230636597,
        "dvar2": 266.056213379,
        "max": 127.837722778,
        "mean": 23.3013057709,
        "median": 19.776222229,
        "min": 1.08663917892e-16,
        "var": 264.819976807
    },
    "melbands_crest": {
        "dmean": 2.30230784416,
        "dmean2": 3.80692791939,
        "dvar": 6.11944293976,
        "dvar2": 15.5724067688,
        "max": 31.3917350769,
        "mean": 11.8519763947,
        "median": 10.7900094986,
        "min": 1.52734816074,
        "var": 29.716501236
    },
    "melbands_flatness_db": {
        "dmean": 0.0196080431342,
        "dmean2": 0.0282098185271,
        "dvar": 0.000474670872791,
        "dvar2": 0.000974868540652,
        "max": 0.764094114304,
        "mean": 0.198353439569,
        "median": 0.15296779573,
        "min": 0.00356866465881,
        "var": 0.018724007532
    },
    "melbands_kurtosis": {
        "dmean": 3.59809303284,
        "dmean2": 5.42716789246,
        "dvar": 38.9280509949,
        "dvar2": 72.9477615356,
        "max": 252.396179199,
        "mean": 12.8938875198,
        "median": 5.06643199921,
        "min": -1.40327143669,
        "var": 664.195861816
    },
    "melbands_skewness": {
        "dmean": 0.461489975452,
        "dmean2": 0.699295401573,
        "dvar": 0.279301077127,
        "dvar2": 0.60793620348,
        "max": 11.562245369,
        "mean": 2.43576550484,
        "median": 2.1153845787,
        "min": -0.415608793497,
        "var": 2.64980173111
    },
    "melbands_spread": {
        "dmean": 5.88842248917,
        "dmean2": 9.28217220306,
        "dvar": 46.8044204712,
        "dvar2": 108.443008423,
        "max": 158.954742432,
        "mean": 26.8767204285,
        "median": 27.2770671844,
        "min": 0.654702007771,
        "var": 265.119110107
    },
    "pitch_salience": {
        "dmean": 0.0512066520751,
        "dmean2": 0.0836016312242,
        "dvar": 0.00236998242326,
        "dvar2": 0.00635404372588,
        "max": 0.832495689392,
        "mean": 0.578291296959,
        "median": 0.59786438942,
        "min": 0.0894492045045,
        "var": 0.0129880569875
    },
    "silence_rate_20dB": {
        "dmean": 0,
        "dmean2": 0,
        "dvar": 0,
        "dvar2": 0,
        "max": 1,
        "mean": 1,
        "median": 1,
        "min": 1,
        "var": 0
    },
    "silence_rate_30dB": {
        "dmean": 0.00154798757285,
        "dmean2": 0.00309717375785,
        "dvar": 0.00154557928909,
        "dvar2": 0.00386181985959,
        "max": 1,
        "mean": 0.998452603817,
        "median": 1,
        "min": 0,
        "var": 0.00154498429038
    },
    "silence_rate_60dB": {
        "dmean": 0.00270897825249,
        "dmean2": 0.00542005430907,
        "dvar": 0.00270146247931,
        "dvar2": 0.00539085781202,
        "max": 1,
        "mean": 0.0170212760568,
        "median": 0,
        "min": 0,
        "var": 0.0167317483574
    },
    "spectral_centroid": {
        "dmean": 201.266693115,
        "dmean2": 311.872039795,
        "dvar": 68248.875,
        "dvar2": 134909.84375,
        "max": 11721.8417969,
        "mean": 1450.62182617,
        "median": 1492.42565918,
        "min": 179.527450562,
        "var": 969200.875
    },
    "spectral_complexity": {
        "dmean": 3.8188855648,
        "dmean2": 5.74216032028,
        "dvar": 17.6405124664,
        "dvar2": 37.7555351257,
        "max": 56,
        "mean": 24.6224365234,
        "median": 25,
        "min": 0,
        "var": 106.596626282
    },
    "spectral_decrease": {
        "dmean": 2.10904316233e-09,
        "dmean2": 3.56721807648e-09,
        "dvar": 1.37773358214e-17,
        "dvar2": 3.71203288671e-17,
        "max": 2.22150169073e-28,
        "mean": -6.90316026564e-09,
        "median": -5.69028690833e-09,
        "min": -4.07851246109e-08,
        "var": 2.53088200315e-17
    },
    "spectral_energy": {
        "dmean": 0.00838926434517,
        "dmean2": 0.0141221759841,
        "dvar": 0.00021709210705,
        "dvar2": 0.000584331981372,
        "max": 0.159892261028,
        "mean": 0.0281676147133,
        "median": 0.0234359689057,
        "min": 1.03204489673e-20,
        "var": 0.000397979863919
    },
    "spectral_energyband_high": {
        "dmean": 0.000431494088843,
        "dmean2": 0.000619201164227,
        "dvar": 6.86012754159e-07,
        "dvar2": 1.53977021e-06,
        "max": 0.0129677411169,
        "mean": 0.000917840341572,
        "median": 0.000629458576441,
        "min": 7.36656599722e-21,
        "var": 1.34762569814e-06
    },
    "spectral_energyband_low": {
        "dmean": 0.00366770848632,
        "dmean2": 0.0061954241246,
        "dvar": 7.479062333e-05,
        "dvar2": 0.000195280110347,
        "max": 0.121350422502,
        "mean": 0.00896684546024,
        "median": 0.00449546799064,
        "min": 2.32195117446e-23,
        "var": 0.000179352238774
    },
    "spectral_energyband_middle_high": {
        "dmean": 0.00170792255085,
        "dmean2": 0.0026578635443,
        "dvar": 4.96545180795e-06,
        "dvar2": 1.27116727526e-05,
        "max": 0.0279661305249,
        "mean": 0.00591104477644,
        "median": 0.00542723899707,
        "min": 1.24632005674e-21,
        "var": 1.54380377353e-05
    },
    "spectral_energyband_middle_low": {
        "dmean": 0.00534018175676,
        "dmean2": 0.00914805755019,
        "dvar": 9.4111164799e-05,
        "dvar2": 0.00026253570104,
        "max": 0.10256754607,
        "mean": 0.0141390208155,
        "median": 0.0111052794382,
        "min": 1.6757539969e-22,
        "var": 0.000139233277878
    },
    "spectral_entropy": {
        "dmean": 0.148862197995,
        "dmean2": 0.190588131547,
        "dvar": 0.0307423491031,
        "dvar2": 0.0512266382575,
        "max": 9.81765842438,
        "mean": 7.46982955933,
        "median": 7.74730825424,
        "min": 3.78275203705,
        "var": 0.747135043144
    },
    "spectral_flux": {
        "dmean": 0.0240541659296,
        "dmean2": 0.0368741862476,
        "dvar": 0.00111819512676,
        "dvar2": 0.0021535307169,
        "max": 0.314035564661,
        "mean": 0.0755150914192,
        "median": 0.06528224051,
        "min": 6.56770818286e-11,
        "var": 0.00260250340216
    },
    "spectral_kurtosis": {
        "dmean": 3.25681710243,
        "dmean2": 5.43242406845,
        "dvar": 88.2323760986,
        "dvar2": 211.868301392,
        "max": 419.424255371,
        "mean": 10.2064447403,
        "median": 4.54842567444,
        "min": -1.25872755051,
        "var": 814.040893555
    },
    "spectral_rms": {
        "dmean": 0.000698761839885,
        "dmean2": 0.00114355236292,
        "dvar": 1.13378564492e-06,
        "dvar2": 2.93678863272e-06,
        "max": 0.0124896941707,
        "mean": 0.00492866989225,
        "median": 0.00478166900575,
        "min": 3.17312647512e-12,
        "var": 3.18881848216e-06
    },
    "spectral_rolloff": {
        "dmean": 417.256591797,
        "dmean2": 696.174499512,
        "dvar": 566167.3125,
        "dvar2": 1332121.375,
        "max": 19509.0820312,
        "mean": 1830.89831543,
        "median": 1981.0546875,
        "min": 129.19921875,
        "var": 3184496.25
    },
    "spectral_skewness": {
        "dmean": 0.28313562274,
        "dmean2": 0.461474686861,
        "dvar": 0.232881039381,
        "dvar2": 0.579801797867,
        "max": 17.1963119507,
        "mean": 1.93459451199,
        "median": 1.67343759537,
        "min": -0.0435730107129,
        "var": 1.94441437721
    },
    "spectral_spread": {
        "dmean": 614873.9375,
        "dmean2": 786881.9375,
        "dvar": 831200231424,
        "dvar2": 1.43986039194e+12,
        "max": 42773744,
        "mean": 4618549.5,
        "median": 4726504.5,
        "min": 309880.71875,
        "var": 1.23748032184e+13
    },
    "spectral_strongpeak": {
        "dmean": 0.511875092983,
        "dmean2": 0.887198507786,
        "dvar": 0.570529818535,
        "dvar2": 1.38136184216,
        "max": 5.78461313248,
        "mean": 0.927143454552,
        "median": 0.673470377922,
        "min": 3.59428736774e-10,
        "var": 0.783287286758
    },
    "zerocrossingrate": {
        "dmean": 0.0105485003442,
        "dmean2": 0.0124221546575,
        "dvar": 0.000171475447132,
        "dvar2": 0.000242980589974,
        "max": 0.5185546875,
        "mean": 0.0722142457962,
        "median": 0.0712890625,
        "min": 0.00439453125,
        "var": 0.00240911194123
    },
    "barkbands": {
        "dmean": [1.86903034773e-05, 0.00139973149635, 0.00201534293592, 0.0014736216981, 0.00209272373468, 0.00139864091761, 0.00149669137318, 0.000788515317254, 0.000593891309109, 0.000508322438691, 0.000225646086619, 0.000242892681854, 0.00034703273559, 0.000290063064313, 0.000371193920728, 0.000444557837909, 0.000286464288365, 0.00022559487843, 0.000153226879775, 0.000165359131643, 9.36105279834e-05, 8.11201316537e-05, 7.83608847996e-05, 6.096924335e-05, 5.66584312764e-05, 5.68774194107e-05, 1.6005427824e-05],
        "dmean2": [3.09816277877e-05, 0.00223097880371, 0.0035282666795, 0.00256969034672, 0.00341379269958, 0.00238556903787, 0.00260008731857, 0.00127379642799, 0.000894301279914, 0.000783601368312, 0.000367894419469, 0.000402763602324, 0.000567128823604, 0.000478112429846, 0.000575353158638, 0.000718444003724, 0.000443397584604, 0.000342985615134, 0.000250211538514, 0.000267075985903, 0.000150412350195, 0.000127557534142, 0.000118181495054, 9.10611706786e-05, 8.0383157183e-05, 8.28558477224e-05, 2.36259529629e-05],
        "dvar": [3.18270387822e-09, 1.13909909487e-05, 2.81985503534e-05, 6.40879989078e-06, 1.28771871459e-05, 9.04181615624e-06, 1.98944853764e-05, 3.60777721653e-06, 1.69481427292e-06, 6.46547903216e-07, 2.17254097379e-07, 1.75191530616e-07, 3.58611373485e-07, 3.61884673339e-07, 2.90472343067e-07, 3.21159348005e-07, 1.16098370029e-07, 8.73834693493e-08, 5.03091293069e-08, 7.32874596565e-08, 2.663444576e-08, 3.59027261254e-08, 3.3821390133e-08, 6.59743832898e-08, 1.65585447576e-08, 8.70714078616e-09, 6.90517254487e-10],
        "dvar2": [7.16395609501e-09, 2.62613848463e-05, 7.54672073526e-05, 1.84000073205e-05, 3.27195084537e-05, 2.45876926783e-05, 5.49314245291e-05, 9.16769295145e-06, 3.58055990546e-06, 1.50734695126e-06, 5.28008229139e-07, 4.27595608699e-07, 9.28289921376e-07, 9.0506887318e-07, 6.77315654229e-07, 8.17806665054e-07, 2.72005650004e-07, 1.95272690462e-07, 1.37665224997e-07, 1.94252478991e-07, 6.69988509117e-08, 9.06621409058e-08, 7.57803704232e-08, 1.62921494962e-07, 3.84428666678e-08, 2.11409378892e-08, 1.59995805493e-09],
        "max": [0.000736652815249, 0.0398007370532, 0.0983865559101, 0.0363186262548, 0.0503886006773, 0.0258250199258, 0.0411689318717, 0.0266954321414, 0.0189694389701, 0.0145538458601, 0.0117748612538, 0.00838762894273, 0.00927399564534, 0.00886812340468, 0.0079789487645, 0.00702383555472, 0.00390764977783, 0.00355908763595, 0.00269197439775, 0.00492286123335, 0.00209149695002, 0.00347551051527, 0.00356381945312, 0.00693766679615, 0.00353234540671, 0.00131736986805, 0.000380326237064],
        "mean": [1.87032928807e-05, 0.00285361078568, 0.00453127874061, 0.00262472778559, 0.00516529660672, 0.00198267027736, 0.00162590527907, 0.001251909649, 0.00114979606587, 0.00093110994203, 0.000399724696763, 0.000388701417251, 0.000570612959564, 0.000455055298517, 0.000730083731469, 0.000942204613239, 0.000611135561485, 0.000514105719049, 0.000311330135446, 0.000318758247886, 0.000181910785614, 0.000145184181747, 0.000148217019159, 0.000107471823867, 0.000103404665424, 8.30234930618e-05, 2.17017004616e-05],
        "median": [1.31366869027e-06, 0.000493151252158, 0.00126859103329, 0.00136137194932, 0.00307423435152, 0.000845554866828, 0.00078501063399, 0.000634250754956, 0.000582074455451, 0.000621220620815, 0.000260283180978, 0.000225911702728, 0.000351570284693, 0.000269240117632, 0.000495544518344, 0.000743673008401, 0.000488016143208, 0.000402133766329, 0.000225150113693, 0.000193067302462, 0.000110832625069, 7.78861358413e-05, 8.75080440892e-05, 6.08586669841e-05, 6.36724216747e-05, 4.72725441796e-05, 7.71612212702e-06],
        "min": [6.50077888064e-25, 8.92272286856e-24, 1.5083864589e-24, 1.14123501361e-24, 1.37913838378e-23, 8.06367937518e-24, 1.55824799014e-23, 8.24982136096e-24, 1.64094601432e-23, 8.32602295782e-24, 2.54454342499e-23, 3.2225961943e-23, 4.36092532044e-23, 2.15904051125e-23, 7.50144937279e-23, 1.17116170634e-22, 8.2687466074e-23, 1.23622253618e-22, 1.64291277078e-22, 1.46896073702e-22, 2.61186342625e-22, 3.15621506374e-22, 4.04091638428e-22, 6.62208062576e-22, 9.07737018223e-22, 1.37749220147e-21, 1.99833931491e-21],
        "var": [3.97846600109e-09, 2.24950345e-05, 9.33208211791e-05, 1.13808710012e-05, 3.41970589943e-05, 9.91726119537e-06, 1.39825142469e-05, 4.52555741504e-06, 4.17631326854e-06, 1.38311997944e-06, 3.75613325332e-07, 3.67728006267e-07, 5.58284341423e-07, 4.68414867782e-07, 6.61724811835e-07, 7.57897453241e-07, 2.76923827869e-07, 2.52075864182e-07, 9.8882445343e-08, 1.50100731844e-07, 5.00356662769e-08, 4.91214322551e-08, 5.56985852995e-08, 6.7317103003e-08, 2.67019473199e-08, 1.20804655168e-08, 1.03879560509e-09]
    },
    "erbbands": {
        "dmean": [0.0325888060033, 0.370816200972, 1.89680159092, 3.88916420937, 5.94242763519, 7.95878314972, 6.30920505524, 14.3104352951, 25.557182312, 13.0449094772, 15.588719368, 14.9898643494, 12.5903072357, 13.6300897598, 8.96890068054, 11.0516014099, 15.664855957, 13.5244321823, 15.8348054886, 24.8185443878, 20.4026279449, 12.7188844681, 12.4274177551, 8.92906951904, 6.87637329102, 8.24175262451, 4.35101985931, 3.6842007637, 2.97159600258, 2.89587163925, 1.98006081581, 1.41613471508, 0.98004090786, 0.628116548061, 0.430767863989, 0.229649499059, 0.107968300581, 0.0253345407546, 0.00304213352501, 0.000124106663861],
        "dmean2": [0.0490208640695, 0.605256855488, 3.30264854431, 6.80372428894, 9.71095085144, 13.2432508469, 10.3812894821, 24.6104221344, 44.8883628845, 21.5186252594, 24.7043685913, 22.0841522217, 18.9148540497, 21.6223602295, 14.6332101822, 18.176738739, 25.6056919098, 22.134853363, 25.5593967438, 37.9597167969, 32.1106262207, 19.9127082825, 18.884305954, 14.3913507462, 10.9879112244, 13.5310697556, 6.9818406105, 6.08284902573, 4.65538740158, 4.39341592789, 3.00628352165, 2.16945505142, 1.46521544456, 0.903784751892, 0.617722868919, 0.332304745913, 0.160206794739, 0.0379654318094, 0.00453128339723, 0.000182945921551],
        "dvar": [0.00633266894147, 0.833212673664, 26.5689373016, 62.2396469116, 83.7982177734, 244.705154419, 145.868011475, 1118.43273926, 6765.48242188, 696.717712402, 1767.01293945, 1065.88989258, 608.229797363, 525.71673584, 327.567687988, 340.657836914, 781.831359863, 902.51574707, 777.537414551, 1008.84075928, 626.039611816, 254.871780396, 273.640960693, 145.906738281, 120.281166077, 202.456298828, 58.6780357361, 49.0855369568, 45.9322433472, 46.394859314, 24.8131160736, 36.5187797546, 11.7659769058, 2.74312496185, 0.871294021606, 0.141585052013, 0.0326756797731, 0.00185821927153, 2.52989993896e-05, 4.49268178215e-08],
        "dvar2": [0.0127720432356, 2.0277659893, 69.3190536499, 178.101165771, 212.638427734, 631.111816406, 366.898254395, 3035.46264648, 18880.8554688, 1784.82519531, 4308.28857422, 2157.07714844, 1304.89135742, 1303.42358398, 768.565551758, 823.547424316, 1994.27783203, 2260.17553711, 1864.77331543, 2607.22045898, 1583.81420898, 598.60949707, 622.364379883, 384.68762207, 312.912322998, 551.871582031, 145.260940552, 129.01234436, 118.70879364, 113.873550415, 54.2109107971, 89.019317627, 28.8371143341, 6.22624015808, 2.080098629, 0.31759878993, 0.0816288739443, 0.00464731920511, 5.95425954089e-05, 9.89511192984e-08],
        "max": [1.01807892323, 10.3155574799, 102.556060791, 130.871658325, 139.251678467, 227.56137085, 149.143096924, 294.326629639, 775.373168945, 322.585693359, 645.055480957, 585.085571289, 563.471923828, 494.932067871, 463.481445312, 406.446166992, 497.447052002, 484.923034668, 515.373962402, 371.377349854, 278.172454834, 191.724121094, 205.786026001, 172.174972534, 128.936462402, 283.085388184, 128.079864502, 77.757019043, 145.902648926, 127.844650269, 101.50189209, 160.701568604, 82.2966842651, 52.0818710327, 29.1303062439, 8.29968833923, 2.16173410416, 0.493668049574, 0.0657586157322, 0.00397644750774],
        "mean": [0.0560926944017, 0.793634593487, 4.28081226349, 8.27032566071, 13.16547966, 18.5443401337, 12.1735658646, 19.1426010132, 26.4432220459, 20.3983764648, 26.7666912079, 30.7746124268, 25.9144153595, 24.7670879364, 16.9516849518, 18.8921146393, 26.525138855, 22.9600257874, 28.9619808197, 54.0552101135, 46.5734329224, 29.8073959351, 29.5664234161, 20.1129779816, 14.7302179337, 15.456993103, 8.60890197754, 6.54354286194, 5.23023557663, 5.26535511017, 3.77353429794, 2.44610238075, 1.72118067741, 1.1666264534, 0.741577088833, 0.360024601221, 0.151077017188, 0.0344264879823, 0.0040111229755, 0.000184750548215],
        "median": [0.0115311332047, 0.188846111298, 1.2871427536, 4.45438241959, 7.79154491425, 10.202996254, 6.95446872711, 7.6888885498, 12.0804224014, 13.0682163239, 13.0702371597, 16.6246128082, 13.7258672714, 16.7093200684, 11.0770645142, 12.2159538269, 16.0206279755, 14.3840646744, 18.9712333679, 43.4452323914, 39.1892280579, 24.0833148956, 24.4312801361, 15.6847324371, 9.11106395721, 9.78202056885, 5.05236148834, 3.78924560547, 2.81540989876, 2.94864320755, 2.21975302696, 1.34479248524, 0.959943652153, 0.713210105896, 0.442425131798, 0.217711880803, 0.0819824710488, 0.0172343906015, 0.00136539025698, 8.02704016678e-05],
        "min": [2.47873399771e-22, 1.54927101809e-21, 2.36527469593e-21, 6.64988063941e-21, 1.69453877686e-20, 6.96174267453e-20, 8.15095374557e-20, 8.09816023544e-20, 1.28578608776e-19, 1.93355536136e-19, 5.34438550337e-19, 2.78235821663e-19, 4.08471841893e-19, 6.45053691341e-19, 1.22055865716e-18, 1.45034343427e-18, 2.87946368877e-18, 1.82989577533e-18, 3.97103645411e-18, 3.4508215329e-18, 7.07831602333e-18, 4.9775266624e-18, 5.86485075011e-18, 6.84215223614e-18, 9.69432185983e-18, 7.04464067342e-18, 1.00921088805e-17, 1.23159789943e-17, 1.16124933162e-17, 1.07796655416e-17, 1.12523719647e-17, 1.30271533162e-17, 1.1332763994e-17, 8.74504442578e-18, 7.04974272343e-18, 4.50814550535e-18, 2.49676692401e-18, 9.65720440459e-19, 2.88122749633e-19, 2.8865152484e-20],
        "var": [0.0101547073573, 1.8061068058, 100.316619873, 107.323959351, 232.63230896, 586.411499023, 264.936584473, 1193.72827148, 4508.62451172, 827.945068359, 2530.63061523, 2779.47436523, 1617.11657715, 943.75793457, 714.129516602, 714.525756836, 1239.37573242, 1154.5925293, 1385.07434082, 2350.74536133, 1453.99328613, 638.568481445, 762.889709473, 367.645141602, 263.523590088, 364.491943359, 119.935409546, 72.5554428101, 61.5704612732, 66.464302063, 40.6548538208, 37.1655006409, 13.368139267, 4.27932691574, 1.32920897007, 0.241020694375, 0.0409006848931, 0.00222809053957, 3.66848762496e-05, 7.23905202449e-08]
    },
    "gfcc": {
        "mean": [4.96590328217, 90.1715393066, -116.177009583, 18.3542709351, -41.2786140442, -6.75210952759, -42.3342666626, 5.10002565384, -25.7652587891, -3.6970911026, -24.1180515289, -3.65550041199, -12.7742214203],
        "cov": [[20324.125, -4541.29589844, -930.947753906, 378.249755859, -1988.66796875, 1764.00061035, -861.426086426, 664.326293945, -212.516464233, 721.474914551, -521.528259277, 627.98828125, -625.16986084], [-4541.29589844, 3722.3425293, -175.936553955, 196.513031006, 1080.54638672, -1040.76379395, 402.739227295, -350.575439453, -16.1040267944, -452.65246582, 223.138977051, -414.450744629, 339.440063477], [-930.947753906, -175.936553955, 1072.41967773, 196.678787231, 186.506393433, 156.736206055, 62.5756263733, -48.5208511353, 56.6162796021, -9.83086681366, 27.6718349457, 47.6558189392, 40.3507957458], [378.249755859, 196.513031006, 196.678787231, 412.740722656, 69.1599349976, 75.3877258301, 52.2327079773, 3.35796833038, -4.98046445847, -11.5851449966, 34.0011482239, -11.4732704163, 47.0841560364], [-1988.66796875, 1080.54638672, 186.506393433, 69.1599349976, 581.564208984, -322.551757812, 187.053833008, -96.9184494019, 36.5599746704, -139.51385498, 80.8445587158, -109.231170654, 132.141067505], [1764.00061035, -1040.76379395, 156.736206055, 75.3877258301, -322.551757812, 503.926513672, -74.1093063354, 151.208023071, 12.7686090469, 152.438232422, -51.8991737366, 134.759979248, -96.8510131836], [-861.426086426, 402.739227295, 62.5756263733, 52.2327079773, 187.053833008, -74.1093063354, 180.060028076, -11.2358016968, 23.828453064, -44.6771888733, 38.3380737305, -43.3325195312, 48.9329452515], [664.326293945, -350.575439453, -48.5208511353, 3.35796833038, -96.9184494019, 151.208023071, -11.2358016968, 148.537399292, 22.7154884338, 64.6550064087, -17.9212341309, 46.5236854553, -31.4604530334], [-212.516464233, -16.1040267944, 56.6162796021, -4.98046445847, 36.5599746704, 12.7686090469, 23.828453064, 22.7154884338, 60.9965896606, 21.3586120605, 14.841050148, 3.09280943871, 8.79061603546], [721.474914551, -452.65246582, -9.83086681366, -11.5851449966, -139.51385498, 152.438232422, -44.6771888733, 64.6550064087, 21.3586120605, 120.813270569, -2.76232767105, 62.7377357483, -48.6200714111], [-521.528259277, 223.138977051, 27.6718349457, 34.0011482239, 80.8445587158, -51.8991737366, 38.3380737305, -17.9212341309, 14.841050148, -2.76232767105, 72.5429534912, -5.14085960388, 31.0088710785], [627.98828125, -414.450744629, 47.6558189392, -11.4732704163, -109.231170654, 134.759979248, -43.3325195312, 46.5236854553, 3.09280943871, 62.7377357483, -5.14085960388, 96.7976226807, -21.837677002], [-625.16986084, 339.440063477, 40.3507957458, 47.0841560364, 132.141067505, -96.8510131836, 48.9329452515, -31.4604530334, 8.79061603546, -48.6200714111, 31.0088710785, -21.837677002, 75.8115539551]],
        "icov": [[0.000138448172947, -0.000117139657959, 0.000137056980748, -0.000301378895529, 4.55667031929e-05, -0.000172199564986, 0.00026887076092, -7.5481213571e-05, 9.18586883927e-05, -0.000278560939478, 0.000791384489276, -0.000709455343895, 0.000558768864721], [-0.000117139657959, 0.00189109053463, 0.000342182145687, -0.000203886680538, -0.00113439827692, 0.00103028374724, -0.000761452596635, 0.000450257852208, 0.000620516308118, 0.0017308894312, -0.00304599408992, 0.00359325762838, -0.00219780486077], [0.000137056980748, 0.000342182145687, 0.0018283710815, -0.000886575202458, -0.00123957241885, -0.00125114154071, 0.00031000180752, 0.00159825768787, -0.00137177470606, 0.00100568903144, 0.000387466541724, -0.00118941022083, 0.00050393701531], [-0.000301378895529, -0.000203886680538, -0.000886575202458, 0.00435785250738, 0.000116185103252, -0.00157334003597, -0.000567312643398, -0.000253255566349, 0.00185237440746, -0.000364339357475, -0.00263575091958, 0.00332019594498, -0.00417242245749], [4.55667031929e-05, -0.00113439827692, -0.00123957241885, 0.000116185103252, 0.00614487100393, 0.00179275707342, -0.00221277703531, -0.00104545033537, -0.00167595711537, 0.000102840203908, 0.000552992918529, -0.000926781562157, -0.00161626259796], [-0.000172199564986, 0.00103028374724, -0.00125114154071, -0.00157334003597, 0.00179275707342, 0.00836835987866, -0.00217309268191, -0.00315267872065, 0.000140505988384, -0.00128195155412, 0.000178705173312, -0.00188107579015, 0.00181694352068], [0.00026887076092, -0.000761452596635, 0.00031000180752, -0.000567312643398, -0.00221277703531, -0.00217309268191, 0.0102715892717, -0.00137954403181, -0.00147596525494, 0.000419799616793, -0.000236387873883, 0.000405750615755, 0.000346232496668], [-7.5481213571e-05, 0.000450257852208, 0.00159825768787, -0.000253255566349, -0.00104545033537, -0.00315267872065, -0.00137954403181, 0.0126107027754, -0.00434422725812, -0.00106552231591, 0.00129128282424, -0.0010673670331, -0.000428797065979], [9.18586883927e-05, 0.000620516308118, -0.00137177470606, 0.00185237440746, -0.00167595711537, 0.000140505988384, -0.00147596525494, -0.00434422725812, 0.0255240574479, -0.00815453007817, -0.0026014810428, 0.00532317953184, -0.0057824216783], [-0.000278560939478, 0.0017308894312, 0.00100568903144, -0.000364339357475, 0.000102840203908, -0.00128195155412, 0.000419799616793, -0.00106552231591, -0.00815453007817, 0.0246881917119, -0.00961374957114, -0.00342800933868, 0.00683745834976], [0.000791384489276, -0.00304599408992, 0.000387466541724, -0.00263575091958, 0.000552992918529, 0.000178705173312, -0.000236387873883, 0.00129128282424, -0.0026014810428, -0.00961374957114, 0.028994705528, -0.0110304299742, 0.000647016160656], [-0.000709455343895, 0.00359325762838, -0.00118941022083, 0.00332019594498, -0.000926781562157, -0.00188107579015, 0.000405750615755, -0.0010673670331, 0.00532317953184, -0.00342800933868, -0.0110304299742, 0.031876694411, -0.0139823434874], [0.000558768864721, -0.00219780486077, 0.00050393701531, -0.00417242245749, -0.00161626259796, 0.00181694352068, 0.000346232496668, -0.000428797065979, -0.0057824216783, 0.00683745834976, 0.000647016160656, -0.0139823434874, 0.0354622453451]]
    },
    "melbands": {
        "dmean": [0.00034242705442, 0.000803298258688, 0.000679147196934, 0.000528253847733, 0.000228488250286, 0.000322202598909, 0.000361493992386, 0.000143503857544, 0.000122242621728, 9.20954480534e-05, 6.4407242462e-05, 5.91569623793e-05, 3.01301097352e-05, 2.64119717031e-05, 3.42870844179e-05, 3.34284559358e-05, 2.66927345365e-05, 2.72672314168e-05, 2.47070165642e-05, 4.08938212786e-05, 2.49419808824e-05, 1.59990268003e-05, 1.33016174004e-05, 1.11368253783e-05, 7.62365789342e-06, 5.34048467671e-06, 5.87227123106e-06, 5.62781224289e-06, 3.00820920529e-06, 2.65232438323e-06, 2.14487795347e-06, 1.81118002729e-06, 1.60198203503e-06, 1.75198385932e-06, 1.22475194075e-06, 1.05004210127e-06, 8.76368233094e-07, 7.54809775572e-07, 6.13664440152e-07, 5.32433887201e-07],
        "dmean2": [0.000528594304342, 0.00138378108386, 0.00117541092914, 0.000866999325808, 0.000370881898561, 0.000556721235625, 0.000632085488178, 0.000234859486227, 0.00019007861556, 0.000137318711495, 9.69415414147e-05, 9.39848250709e-05, 4.90579004691e-05, 4.2732579459e-05, 5.73183278902e-05, 5.45060065633e-05, 4.41895972472e-05, 4.46499652753e-05, 3.83166734537e-05, 6.47407650831e-05, 3.85245693906e-05, 2.51023157034e-05, 2.04335810849e-05, 1.67043726833e-05, 1.25217175082e-05, 8.70242092788e-06, 9.4049355539e-06, 9.36621745495e-06, 4.90652473673e-06, 4.33743161921e-06, 3.59678210771e-06, 2.89992112812e-06, 2.5214865218e-06, 2.70203327091e-06, 1.89341608348e-06, 1.64663185842e-06, 1.36407743412e-06, 1.16598391742e-06, 9.1902808208e-07, 7.75136584252e-07],
        "dvar": [6.7069203169e-07, 4.54396786154e-06, 1.57735826178e-06, 8.61832631927e-07, 1.63310829748e-07, 5.90588285831e-07, 1.25628878322e-06, 8.12819536122e-08, 9.99009444058e-08, 4.00015842672e-08, 1.55501158616e-08, 1.00213490839e-08, 4.28207558301e-09, 2.01185201831e-09, 3.39094285984e-09, 3.82437459479e-09, 3.77674513885e-09, 2.27981766798e-09, 1.33742950048e-09, 2.53065723932e-09, 9.82517289749e-10, 4.00730892913e-10, 3.2101132863e-10, 2.33749297696e-10, 1.10799286412e-10, 7.17009784879e-11, 8.29649265954e-11, 1.09087634759e-10, 3.05756288344e-11, 2.16258087826e-11, 1.71382023156e-11, 1.76731962398e-11, 1.51238830487e-11, 1.56689453079e-11, 8.67665661541e-12, 9.82290030566e-12, 2.19213189268e-11, 8.01189236482e-12, 2.93855694986e-12, 1.99245893222e-12],
        "dvar2": [1.44369744248e-06, 1.18309108075e-05, 4.48239279649e-06, 2.19456342165e-06, 4.19446934075e-07, 1.63418974353e-06, 3.49321476278e-06, 2.0431826897e-07, 2.30933636658e-07, 8.21031491682e-08, 3.34787948475e-08, 2.45785702901e-08, 1.04708783866e-08, 4.41268399598e-09, 9.0924210383e-09, 9.60356061341e-09, 9.41947675415e-09, 5.56207258029e-09, 3.11075121218e-09, 6.33853280974e-09, 2.34687602685e-09, 9.70672431322e-10, 7.27839177816e-10, 4.93782903455e-10, 2.97542296357e-10, 1.89963711428e-10, 2.17803136637e-10, 2.98050251146e-10, 7.66564034471e-11, 5.6927216413e-11, 4.5542077054e-11, 4.66998766047e-11, 3.83204024068e-11, 3.86896764626e-11, 1.87658135559e-11, 2.23191257143e-11, 5.72027841761e-11, 2.00647276571e-11, 7.19024492724e-12, 4.3649827676e-12],
        "max": [0.0107510639355, 0.0372859314084, 0.0195899307728, 0.0127751752734, 0.00507569685578, 0.00675194524229, 0.0104246567935, 0.00345804658718, 0.00495528709143, 0.00366849941202, 0.00280190678313, 0.00211008591577, 0.0017404097598, 0.00110995350406, 0.000774219690356, 0.00102607405279, 0.00109658401925, 0.000869614596013, 0.000523296184838, 0.00059029541444, 0.000323638872942, 0.000253020232776, 0.000250474578934, 0.000211517282878, 0.00013954253518, 0.000117123483506, 0.000112864392577, 0.000222750706598, 0.000108860680484, 6.52728704154e-05, 5.37933119631e-05, 9.13643889362e-05, 8.44494206831e-05, 8.29341006465e-05, 5.71974887862e-05, 5.81053354836e-05, 0.000144765566802, 7.14794878149e-05, 3.11913572659e-05, 5.28235541424e-05],
        "mean": [0.000665625499096, 0.00186725170352, 0.00152160786092, 0.00125007075258, 0.000492173305247, 0.000421284377808, 0.000383378675906, 0.000227470838581, 0.000214583516936, 0.0001850175031, 0.000126458398881, 0.000102583988337, 5.42688721907e-05, 4.54877663287e-05, 5.34279788553e-05, 5.60700318601e-05, 4.10990360251e-05, 4.59590046376e-05, 4.90157071908e-05, 8.55982070789e-05, 5.09025448991e-05, 3.35288932547e-05, 2.75865422736e-05, 2.43831073021e-05, 1.5519624867e-05, 9.7675165307e-06, 1.19795422506e-05, 9.54372444539e-06, 5.31863088327e-06, 4.73198906548e-06, 3.48923254023e-06, 2.8782087611e-06, 2.88147043648e-06, 2.95846098197e-06, 2.19086655306e-06, 1.83140662102e-06, 1.36784160532e-06, 1.22162907701e-06, 1.07425080387e-06, 9.57260226642e-07],
        "median": [0.000121637880511, 0.000718622934073, 0.00103425083216, 0.000618045625743, 0.000305366585962, 0.000175781053258, 0.000182837597094, 0.000142819568282, 0.000100073353678, 9.67148589552e-05, 6.58237186144e-05, 6.60162768327e-05, 3.32405252266e-05, 2.90901134576e-05, 3.1420502637e-05, 3.57059907401e-05, 2.37490785366e-05, 2.92010445264e-05, 3.40630213032e-05, 6.79188888171e-05, 4.10076900152e-05, 2.67080104095e-05, 2.02559785976e-05, 1.69140021171e-05, 1.15045504572e-05, 5.65530626773e-06, 7.6898104453e-06, 5.4958813962e-06, 2.73185332844e-06, 2.74752164842e-06, 1.79107496479e-06, 1.433855914e-06, 1.56082478497e-06, 1.61692344136e-06, 1.23399138374e-06, 1.04764569642e-06, 7.1391872325e-07, 6.33042702702e-07, 6.19514878508e-07, 5.86837586525e-07],
        "min": [3.0561102557e-24, 2.12407247669e-24, 1.59229719896e-24, 2.83412657191e-24, 3.13656617942e-24, 1.74797850417e-24, 2.01163849845e-24, 1.66129748183e-24, 4.86823498438e-24, 2.05863883118e-24, 1.61129780133e-24, 2.0705577306e-24, 4.51613914668e-24, 2.57878491866e-24, 3.60262796324e-24, 4.35525530379e-24, 2.86697710658e-24, 5.55407183867e-24, 3.73865322128e-24, 6.45401895327e-24, 7.17044191701e-24, 4.47739542661e-24, 4.16967617027e-24, 6.36089628999e-24, 4.40349454258e-24, 6.17377414454e-24, 5.52705926912e-24, 4.21164672587e-24, 6.19816217386e-24, 5.37904963621e-24, 6.67904389307e-24, 7.31263646176e-24, 4.61039895295e-24, 5.02179149275e-24, 6.51890039614e-24, 5.51519322339e-24, 6.6701849851e-24, 7.29034719688e-24, 8.42256138882e-24, 6.74075648168e-24],
        "var": [1.21785319607e-06, 1.48158314914e-05, 2.6228169645e-06, 2.30293312597e-06, 3.36090863584e-07, 5.65209063552e-07, 8.53010249102e-07, 1.03867606072e-07, 1.59583521508e-07, 1.07427780449e-07, 4.06308586776e-08, 1.77971770654e-08, 7.76025466109e-09, 4.8469583902e-09, 5.00701125006e-09, 5.66309266148e-09, 4.58403315307e-09, 3.8436973604e-09, 2.94821922431e-09, 6.00712857235e-09, 2.09632489145e-09, 9.02597940833e-10, 7.73977548718e-10, 6.60337784453e-10, 2.45846037972e-10, 1.33548921921e-10, 1.87200005497e-10, 1.73329628428e-10, 5.68842473125e-11, 3.55847989963e-11, 2.31073441631e-11, 2.11094145636e-11, 2.03587008363e-11, 2.1909874956e-11, 1.44224181209e-11, 1.29906025173e-11, 1.82461337705e-11, 8.38220898941e-12, 3.73135073187e-12, 3.24413434484e-12]
    },
    "mfcc": {
        "mean": [-634.526916504, 126.158561707, -13.1036949158, 23.0013828278, 11.5414409637, -6.08478879929, -7.5785279274, -0.963768005371, -1.12001538277, -1.85295259953, -8.4989233017, -5.91140842438, -2.5074763298],
        "cov": [[10283.6210938, -2629.65527344, -88.4900741577, -621.738220215, -588.257324219, 535.609375, -104.144508362, 174.331588745, 213.509094238, 269.909912109, 470.422180176, 264.719207764, 171.83795166], [-2629.65527344, 1883.89855957, -299.867004395, 412.026855469, 313.553375244, -253.430679321, 129.485183716, -47.185634613, -70.3470993042, -80.4693908691, -205.049880981, -90.6471405029, -47.3062973022], [-88.4900741577, -299.867004395, 914.667114258, 166.354492188, 164.296951294, 230.562942505, 29.6467227936, 61.6909637451, 20.8486480713, -29.6832065582, 20.3896369934, -5.14845848083, -34.5723457336], [-621.738220215, 412.026855469, 166.354492188, 353.87890625, 190.728744507, -2.45005345345, 88.6125793457, 16.5031452179, -16.1138439178, -14.4231176376, -57.0826301575, -29.2054538727, -14.4212064743], [-588.257324219, 313.553375244, 164.296951294, 190.728744507, 264.675323486, 20.2581748962, 53.5468940735, 32.1356430054, 8.84909725189, -6.82691955566, -37.135684967, -25.5475730896, -7.35668849945], [535.609375, -253.430679321, 230.562942505, -2.45005345345, 20.2581748962, 182.835494995, 34.3775405884, 34.4647865295, 35.1579437256, 14.0550136566, 54.4955177307, 33.1941719055, 8.67284965515], [-104.144508362, 129.485183716, 29.6467227936, 88.6125793457, 53.5468940735, 34.3775405884, 120.945579529, 52.2406082153, 23.7542743683, 20.8904972076, 1.40385484695, 17.8317546844, 11.1643466949], [174.331588745, -47.185634613, 61.6909637451, 16.5031452179, 32.1356430054, 34.4647865295, 52.2406082153, 89.0056686401, 46.6204338074, 23.8702316284, 18.3068847656, 15.7556390762, 16.2035064697], [213.509094238, -70.3470993042, 20.8486480713, -16.1138439178, 8.84909725189, 35.1579437256, 23.7542743683, 46.6204338074, 81.5146789551, 38.6653366089, 30.7121562958, 18.1801185608, 14.3900899887], [269.909912109, -80.4693908691, -29.6832065582, -14.4231176376, -6.82691955566, 14.0550136566, 20.8904972076, 23.8702316284, 38.6653366089, 78.5967330933, 40.3539619446, 24.8472442627, 16.723154068], [470.422180176, -205.049880981, 20.3896369934, -57.0826301575, -37.135684967, 54.4955177307, 1.40385484695, 18.3068847656, 30.7121562958, 40.3539619446, 87.8930206299, 40.4934616089, 22.4164028168], [264.719207764, -90.6471405029, -5.14845848083, -29.2054538727, -25.5475730896, 33.1941719055, 17.8317546844, 15.7556390762, 18.1801185608, 24.8472442627, 40.4934616089, 67.8098983765, 37.5640525818], [171.83795166, -47.3062973022, -34.5723457336, -14.4212064743, -7.35668849945, 8.67284965515, 11.1643466949, 16.2035064697, 14.3900899887, 16.723154068, 22.4164028168, 37.5640525818, 61.1392478943]],
