{
"lowlevel": {
    "average_loudness": 0.904928565025,
    "barkbands_crest": {
        "dmean": 2.41018652916,
        "dmean2": 3.91306447983,
        "dvar": 5.27606534958,
        "dvar2": 13.21733284,
        "max": 25.694852829,
        "mean": 8.86785316467,
        "median": 8.11079025269,
        "min": 2.70987176895,
        "var": 14.4595155716
    },
    "barkbands_flatness_db": {
        "dmean": 0.0181621108204,
        "dmean2": 0.0274617057294,
        "dvar": 0.000352877250407,
        "dvar2": 0.00075162795838,
        "max": 0.321648567915,
        "mean": 0.135927200317,
        "median": 0.130676388741,
        "min": 0.0212150774896,
        "var": 0.00256456318311
    },
    "barkbands_kurtosis": {
        "dmean": 1.68927419186,
        "dmean2": 2.62461805344,
        "dvar": 9.53847885132,
        "dvar2": 18.9212379456,
        "max": 61.0611724854,
        "mean": 1.82203781605,
        "median": 0.26238155365,
        "min": -1.90695881844,
        "var": 30.300195694
    },
    "barkbands_skewness": {
        "dmean": 0.47152453661,
        "dmean2": 0.71767860651,
        "dvar": 0.309495985508,
        "dvar2": 0.597882211208,
        "max": 7.33809185028,
        "mean": 0.710039794445,
        "median": 0.678976893425,
        "min": -5.05027103424,
        "var": 1.54304730892
    },
    "barkbands_spread": {
        "dmean": 5.24404716492,
        "dmean2": 8.06275081635,
        "dvar": 58.5730438232,
        "dvar2": 122.710571289,
        "max": 101.733688354,
        "mean": 23.0323085785,
        "median": 21.5447025299,
        "min": 1.42708718777,
        "var": 196.012924194
    },
    "dissonance": {
        "dmean": 0.0149365505204,
        "dmean2": 0.0246855653822,
        "dvar": 0.000301375694107,
        "dvar2": 0.000792369130068,
        "max": 0.499870181084,
        "mean": 0.470888435841,
        "median": 0.479593187571,
        "min": 0.258529603481,
        "var": 0.000831221870612
    },
    "dynamic_complexity": 3.31444382668,
    "erbbands_crest": {
        "dmean": 2.33478045464,
        "dmean2": 3.66505265236,
        "dvar": 5.48988771439,
        "dvar2": 13.1682882309,
        "max": 31.9654712677,
        "mean": 9.07678794861,
        "median": 7.97513484955,
        "min": 2.65783786774,
        "var": 20.761806488
    },
    "erbbands_flatness_db": {
        "dmean": 0.0158246718347,
        "dmean2": 0.0230928044766,
        "dvar": 0.000286256603431,
        "dvar2": 0.000545797985978,
        "max": 0.367022663355,
        "mean": 0.194335237145,
        "median": 0.180705845356,
        "min": 0.065272539854,
        "var": 0.00474934978411
    },
    "erbbands_kurtosis": {
        "dmean": 0.850328564644,
        "dmean2": 1.30500304699,
        "dvar": 1.56094872952,
        "dvar2": 2.95312452316,
        "max": 31.2175788879,
        "mean": 0.865345656872,
        "median": 0.170992612839,
        "min": -1.72945916653,
        "var": 7.30132246017
    },
    "erbbands_skewness": {
        "dmean": 0.332452744246,
        "dmean2": 0.504677772522,
        "dvar": 0.126922398806,
        "dvar2": 0.252667635679,
        "max": 5.19480609894,
        "mean": -0.138765603304,
        "median": -0.171083033085,
        "min": -3.2867732048,
        "var": 0.695474803448
    },
    "erbbands_spread": {
        "dmean": 6.06135177612,
        "dmean2": 9.35081672668,
        "dvar": 71.0386657715,
        "dvar2": 172.549636841,
        "max": 118.952461243,
        "mean": 29.0999546051,
        "median": 26.1753120422,
        "min": 3.94107532501,
        "var": 329.060882568
    },
    "hfc": {
        "dmean": 7.42961549759,
        "dmean2": 10.9006271362,
        "dvar": 194.960647583,
        "dvar2": 370.847473145,
        "max": 210.728179932,
        "mean": 27.4563140869,
        "median": 22.0543498993,
        "min": 1.12434332855e-16,
        "var": 646.406433105
    },
    "melbands_crest": {
        "dmean": 3.21593260765,
        "dmean2": 5.01201343536,
        "dvar": 9.29148769379,
        "dvar2": 22.5351314545,
        "max": 34.3646697998,
        "mean": 13.0736083984,
        "median": 12.3770313263,
        "min": 1.41564059258,
        "var": 30.7920207977
    },
    "melbands_flatness_db": {
        "dmean": 0.0236277151853,
        "dmean2": 0.034938428551,
        "dvar": 0.000629744201433,
        "dvar2": 0.00132890488021,
        "max": 0.435499042273,
        "mean": 0.183591589332,
        "median": 0.184367179871,
        "min": 0.00386631814763,
        "var": 0.00287533598021
    },
    "melbands_kurtosis": {
        "dmean": 4.11557197571,
        "dmean2": 6.485704422,
        "dvar": 60.2071533203,
        "dvar2": 130.860076904,
        "max": 144.748199463,
        "mean": 6.60742855072,
        "median": 2.55242347717,
        "min": -1.82322919369,
        "var": 151.54914856
    },
    "melbands_skewness": {
        "dmean": 0.61301201582,
        "dmean2": 0.936242878437,
        "dvar": 0.543707549572,
        "dvar2": 1.19630336761,
        "max": 10.5117511749,
        "mean": 1.65664064884,
        "median": 1.5180259943,
        "min": -3.77638435364,
        "var": 2.84937429428
    },
    "melbands_spread": {
        "dmean": 8.35372257233,
        "dmean2": 13.1768817902,
        "dvar": 188.080825806,
        "dvar2": 445.906555176,
        "max": 210.823410034,
        "mean": 30.5197048187,
        "median": 26.7482814789,
        "min": 1.50907766819,
        "var": 436.160797119
    },
    "pitch_salience": {
        "dmean": 0.066442899406,
        "dmean2": 0.105499342084,
        "dvar": 0.00373938283883,
        "dvar2": 0.00954895932227,
        "max": 0.849594056606,
        "mean": 0.574227273464,
        "median": 0.577688753605,
        "min": 0.119043670595,
        "var": 0.0126602528617
    },
    "silence_rate_20dB": {
        "dmean": 0,
        "dmean2": 0,
        "dvar": 0,
        "dvar2": 0,
        "max": 1,
        "mean": 1,
        "median": 1,
        "min": 1,
        "var": 0
    },
    "silence_rate_30dB": {
        "dmean": 0.000773993786424,
        "dmean2": 0.00154858687893,
        "dvar": 0.000773392966948,
        "dvar2": 0.00232047378086,
        "max": 1,
        "mean": 0.999613165855,
        "median": 1,
        "min": 0,
        "var": 0.000386715226341
    },
    "silence_rate_60dB": {
        "dmean": 0.0135448919609,
        "dmean2": 0.027100270614,
        "dvar": 0.0133610982448,
        "dvar2": 0.0286876242608,
        "max": 1,
        "mean": 0.0839458405972,
        "median": 0,
        "min": 0,
        "var": 0.076901383698
    },
    "spectral_centroid": {
        "dmean": 247.115936279,
        "dmean2": 376.930145264,
        "dvar": 147454.953125,
        "dvar2": 270960.28125,
        "max": 11476.5068359,
        "mean": 1735.74816895,
        "median": 1663.21203613,
        "min": 275.225036621,
        "var": 811466
    },
    "spectral_complexity": {
        "dmean": 3.67763161659,
        "dmean2": 5.47425460815,
        "dvar": 17.0388946533,
        "dvar2": 33.4440612793,
        "max": 54,
        "mean": 22.7059955597,
        "median": 24,
        "min": 0,
        "var": 135.612457275
    },
    "spectral_decrease": {
        "dmean": 2.3851991493e-09,
        "dmean2": 3.83392295689e-09,
        "dvar": 1.58866356301e-17,
        "dvar2": 4.06118019844e-17,
        "max": 1.51264066539e-28,
        "mean": -7.18952586354e-09,
        "median": -6.25932550236e-09,
        "min": -3.39481829315e-08,
        "var": 3.53849668077e-17
    },
    "spectral_energy": {
        "dmean": 0.00939721800387,
        "dmean2": 0.0150299351662,
        "dvar": 0.000237598389504,
        "dvar2": 0.000608250498772,
        "max": 0.133909493685,
        "mean": 0.0296252816916,
        "median": 0.0261001475155,
        "min": 1.01601988795e-20,
        "var": 0.00055271142628
    },
    "spectral_energyband_high": {
        "dmean": 0.000567534007132,
        "dmean2": 0.000802745576948,
        "dvar": 2.82004725705e-06,
        "dvar2": 4.95158565172e-06,
        "max": 0.0253338310868,
        "mean": 0.00118443975225,
        "median": 0.000263442256255,
        "min": 7.19089674581e-21,
        "var": 8.55917915032e-06
    },
    "spectral_energyband_low": {
        "dmean": 0.00616757804528,
        "dmean2": 0.0102492114529,
        "dvar": 0.000136295784614,
        "dvar2": 0.000349600799382,
        "max": 0.106556020677,
        "mean": 0.0109210452065,
        "median": 0.00724664051086,
        "min": 3.63949308995e-23,
        "var": 0.000221082853386
    },
    "spectral_energyband_middle_high": {
        "dmean": 0.00222703255713,
        "dmean2": 0.0032942739781,
        "dvar": 9.29601992539e-06,
        "dvar2": 2.11999522435e-05,
        "max": 0.0504191443324,
        "mean": 0.00880862120539,
        "median": 0.00728268455714,
        "min": 1.31547233575e-21,
        "var": 5.84696790611e-05
    },
    "spectral_energyband_middle_low": {
        "dmean": 0.00465353485197,
        "dmean2": 0.00756613211706,
        "dvar": 8.97499485291e-05,
        "dvar2": 0.000238338368945,
        "max": 0.103785157204,
        "mean": 0.0103220148012,
        "median": 0.00737084448338,
        "min": 2.19346876773e-22,
        "var": 0.000129295702209
    },
    "spectral_entropy": {
        "dmean": 0.131906747818,
        "dmean2": 0.184255480766,
        "dvar": 0.0266624987125,
        "dvar2": 0.0418928749859,
        "max": 9.81455898285,
        "mean": 7.56156635284,
        "median": 7.51751375198,
        "min": 5.8013086319,
        "var": 0.23125462234
    },
    "spectral_flux": {
        "dmean": 0.0236151330173,
        "dmean2": 0.035489898175,
        "dvar": 0.000792774721049,
        "dvar2": 0.00151100498624,
        "max": 0.285641700029,
        "mean": 0.0881947055459,
        "median": 0.0817928165197,
        "min": 6.50765205612e-11,
        "var": 0.00294954213314
    },
    "spectral_kurtosis": {
        "dmean": 2.49583148956,
        "dmean2": 4.30300951004,
        "dvar": 10.847946167,
        "dvar2": 32.4911117554,
        "max": 38.1573753357,
        "mean": 6.99828577042,
        "median": 5.64942073822,
        "min": -1.25403320789,
        "var": 32.2728233337
    },
    "spectral_rms": {
        "dmean": 0.000731029896997,
        "dmean2": 0.00112972420175,
        "dvar": 9.31311205932e-07,
        "dvar2": 2.27701821132e-06,
        "max": 0.0114299347624,
        "mean": 0.00487520173192,
        "median": 0.00504614273086,
        "min": 3.14839473936e-12,
        "var": 5.1351462389e-06
    },
    "spectral_rolloff": {
        "dmean": 527.805419922,
        "dmean2": 856.885009766,
        "dvar": 1217305.375,
        "dvar2": 2626435,
        "max": 19444.4824219,
        "mean": 2130.55126953,
        "median": 1894.921875,
        "min": 107.666015625,
        "var": 3987892.25
    },
    "spectral_skewness": {
        "dmean": 0.273209780455,
        "dmean2": 0.453513234854,
        "dvar": 0.085281573236,
        "dvar2": 0.224252730608,
        "max": 4.45672655106,
        "mean": 1.67614877224,
        "median": 1.65888249874,
        "min": -0.0703440234065,
        "var": 0.365889757872
    },
    "spectral_spread": {
        "dmean": 450282.25,
        "dmean2": 633742.5,
        "dvar": 711772995584,
        "dvar2": 991805702144,
        "max": 42327104,
        "mean": 3829754.5,
        "median": 3426139.5,
        "min": 1107038.625,
        "var": 7.74270877696e+12
    },
    "spectral_strongpeak": {
        "dmean": 0.595579981804,
        "dmean2": 0.975691020489,
        "dvar": 1.05704307556,
        "dvar2": 2.33042025566,
        "max": 13.5586109161,
        "mean": 1.30264890194,
        "median": 0.558114111423,
        "min": 0,
        "var": 2.63524723053
    },
    "zerocrossingrate": {
        "dmean": 0.0111541273072,
        "dmean2": 0.0122943660244,
        "dvar": 0.000404209829867,
        "dvar2": 0.000445455079898,
        "max": 0.50390625,
        "mean": 0.0742344260216,
        "median": 0.0625,
        "min": 0.0068359375,
        "var": 0.00316168600693
    },
    "barkbands": {
        "dmean": [0.000693376059644, 0.00409251078963, 0.0020076574292, 0.00229069846682, 0.00144580623601, 0.000700909062289, 0.000685615406837, 0.000747434562072, 0.00073624891229, 0.000787867582403, 0.000654230010696, 0.000463869306259, 0.000471925828606, 0.000456386856968, 0.000570025353227, 0.000360426260158, 0.000422081473516, 0.000261713808868, 0.000135230249725, 0.000115589347843, 0.000105275030364, 0.000155464163981, 0.000155884292326, 0.000128611238324, 6.62708771415e-05, 2.15460113395e-05, 1.30759326566e-06],
        "dmean2": [0.00110207591206, 0.00680607184768, 0.00353225972503, 0.00393350655213, 0.00246546696872, 0.00112225336488, 0.00104510283563, 0.00113587651867, 0.00114728836343, 0.0012217228068, 0.00096590409521, 0.000717404298484, 0.000758398266044, 0.000720244133845, 0.000898945843801, 0.00057484221179, 0.000673112284858, 0.000418344076024, 0.000215599444346, 0.000185268159839, 0.000165363948327, 0.000235212370171, 0.000224283445277, 0.000181068506208, 9.3028837e-05, 3.08479466185e-05, 2.14420265365e-06],
        "dvar": [2.70505574917e-06, 5.81068306929e-05, 1.98540838028e-05, 3.54658659489e-05, 1.08653421194e-05, 2.2305348466e-06, 3.4459417293e-06, 3.04710192722e-06, 3.74564137928e-06, 3.61639104085e-06, 2.1687201297e-06, 9.77174067884e-07, 6.6865794679e-07, 5.65565244415e-07, 1.14580598165e-06, 3.00749036342e-07, 4.08008531849e-07, 1.58824349228e-07, 5.25804573215e-08, 5.26219885444e-08, 5.03292625353e-08, 2.30844278803e-07, 3.33885367354e-07, 3.26663837313e-07, 7.06735434619e-08, 7.26384197236e-09, 3.30800768722e-11],
        "dvar2": [6.21624167252e-06, 0.000144555786392, 5.68091563764e-05, 9.41165853874e-05, 3.06636502501e-05, 5.26253506905e-06, 7.72270232119e-06, 6.49926641927e-06, 8.70195162861e-06, 8.43387988425e-06, 4.48622313343e-06, 2.20864239964e-06, 1.60382080594e-06, 1.39885685257e-06, 2.66776396529e-06, 7.37458947242e-07, 9.65509684647e-07, 3.595540079e-07, 1.25657606986e-07, 1.35696026859e-07, 1.17842049008e-07, 4.89350782118e-07, 6.30795113921e-07, 6.6188567871e-07, 1.32600234792e-07, 1.48540015843e-08, 8.13012435152e-11],
        "max": [0.0122402114794, 0.0711887925863, 0.0463526472449, 0.0499106608331, 0.0336339324713, 0.0242445021868, 0.0473808124661, 0.0414907969534, 0.0355532765388, 0.0369633324444, 0.034235060215, 0.0203816816211, 0.0176129918545, 0.0128787867725, 0.0211039669812, 0.00832469481975, 0.0128330029547, 0.00724286260083, 0.00400479976088, 0.0035855860915, 0.00334503944032, 0.00792496837676, 0.0149205029011, 0.0117249377072, 0.00562776252627, 0.00163038843311, 0.000165944395121],
        "mean": [0.000709879444912, 0.00615460472181, 0.00278672412969, 0.00240951008163, 0.00208112201653, 0.00121344719082, 0.00132898055017, 0.00143635494169, 0.00119926768821, 0.00162109930534, 0.00120634329505, 0.000934293027967, 0.000836683204398, 0.000829133496154, 0.00105345773045, 0.000756833935156, 0.000930912967306, 0.000565850990824, 0.000275222642813, 0.000200122696697, 0.000191827915842, 0.000267219555099, 0.000277102168184, 0.000213909981539, 0.000111309498607, 3.2666586776e-05, 1.42377803058e-06],
        "median": [7.57426169002e-05, 0.00271638482809, 0.00146377296187, 0.000763410469517, 0.00114456145093, 0.000448478647741, 0.000350805581547, 0.000418652954977, 0.000378421042114, 0.000512266822625, 0.000404514605179, 0.000462449592305, 0.00045345997205, 0.000516600790434, 0.000650586385746, 0.000558334460948, 0.00062489771517, 0.000333732605213, 0.000186715245945, 9.28404988372e-05, 2.83742119791e-05, 5.3320054576e-05, 3.08088565362e-05, 2.03016224987e-05, 1.0320291949e-05, 3.95715233026e-06, 2.17154720872e-07],
        "min": [4.41040397803e-25, 5.35001284958e-24, 5.13524073497e-24, 3.40994908157e-24, 1.65265507674e-23, 1.39600580766e-23, 2.44232314444e-23, 6.61168384923e-24, 2.94237860127e-23, 8.34160927159e-24, 3.25483788613e-23, 4.20391738784e-23, 4.33842574524e-23, 6.08385938413e-23, 4.39362770703e-23, 6.81553355352e-23, 9.71180418152e-23, 1.18189980719e-22, 1.30566968509e-22, 2.84349217312e-22, 3.27846275563e-22, 4.67763164308e-22, 4.1928878502e-22, 7.96647075952e-22, 1.01940094831e-21, 1.46104885342e-21, 1.96006989272e-21],
        "var": [3.08951803163e-06, 9.12409013836e-05, 1.91426388483e-05, 3.03846791212e-05, 1.09977327156e-05, 4.64210688733e-06, 8.28722386359e-06, 1.08941349026e-05, 7.70116639615e-06, 1.1276350051e-05, 6.98448639014e-06, 2.67378572971e-06, 1.76040180122e-06, 1.12571319733e-06, 2.68387043434e-06, 6.8948969556e-07, 1.28296687762e-06, 5.36560435194e-07, 9.75802123548e-08, 8.73601777585e-08, 1.17031703439e-07, 5.00690987337e-07, 9.11986887786e-07, 6.67649771913e-07, 1.65275039876e-07, 1.71615290867e-08, 3.4721447939e-11]
    },
    "erbbands": {
        "dmean": [0.160472273827, 0.950401544571, 2.28984212875, 4.95152902603, 6.94061565399, 4.11485671997, 4.48373365402, 6.10775089264, 9.27369976044, 11.9274778366, 17.0365085602, 15.8216638565, 24.4200706482, 21.4657363892, 21.3497333527, 19.053194046, 20.5397586823, 25.3439311981, 19.6220741272, 33.0705871582, 18.4635448456, 18.7228851318, 15.9154672623, 7.26314878464, 6.85104608536, 5.33419513702, 4.28954458237, 4.42295360565, 5.2624373436, 5.99434041977, 3.98356318474, 3.05870294571, 1.92667448521, 0.895190894604, 0.426425755024, 0.141194343567, 0.0310730766505, 0.00350384530611, 0.000221597700147, 1.76946741703e-05],
        "dmean2": [0.239159464836, 1.67764925957, 4.06988525391, 8.57330131531, 12.0039806366, 6.92218065262, 7.1436882019, 9.92806053162, 14.4798974991, 17.615858078, 25.9711780548, 24.5982456207, 37.3848800659, 32.1504402161, 31.4701480865, 29.4844074249, 32.4794387817, 40.3082733154, 31.128320694, 52.6289329529, 28.9794178009, 29.3773593903, 25.3112812042, 11.380648613, 10.9019937515, 8.50843524933, 6.90237188339, 6.67713785172, 8.00275421143, 8.86629009247, 5.67649269104, 4.38945770264, 2.79993486404, 1.29586434364, 0.59408634901, 0.200957193971, 0.0464307591319, 0.00524057168514, 0.000351832219167, 2.74790108961e-05],
        "dvar": [0.0935017168522, 3.51813435555, 26.8865737915, 121.750862122, 379.807342529, 77.2766342163, 99.3066940308, 211.128875732, 626.026123047, 986.045288086, 1673.67419434, 2015.94482422, 3200.84106445, 3330.64624023, 2075.87817383, 1525.25769043, 1298.80529785, 1618.39099121, 1136.74035645, 5440.03662109, 660.492858887, 769.768127441, 536.496948242, 137.901260376, 176.310577393, 108.563674927, 72.5982513428, 108.919876099, 227.441207886, 547.213928223, 204.234283447, 171.787261963, 83.905128479, 15.2746181488, 2.47941112518, 0.339730173349, 0.0137784900144, 0.000203528921702, 8.23695359031e-07, 1.27480093148e-09],
        "dvar2": [0.199545875192, 10.084022522, 77.8871002197, 326.609649658, 1061.97265625, 207.889343262, 232.575759888, 497.44744873, 1481.55334473, 1924.42565918, 3721.83203125, 4773.73046875, 7581.23095703, 7820.95800781, 4544.36572266, 3105.92504883, 3272.45141602, 4004.5222168, 2449.3581543, 13530.1015625, 1579.08947754, 1745.91210938, 1252.69848633, 329.959442139, 436.667297363, 274.808288574, 183.634063721, 239.829238892, 475.856506348, 1122.95227051, 382.318847656, 323.499816895, 192.542816162, 31.6775875092, 4.46358776093, 0.657329559326, 0.0295527800918, 0.000437626120402, 2.05086848837e-06, 3.02650637884e-09],
        "max": [2.93303275108, 18.0812606812, 48.4511489868, 91.6565322876, 198.003753662, 143.991455078, 194.593322754, 287.218017578, 547.725219727, 748.00579834, 872.128479004, 903.07434082, 1373.37329102, 1274.1126709, 1046.79199219, 1001.49249268, 685.186218262, 738.843933105, 753.916931152, 1779.50732422, 349.089202881, 681.009643555, 413.263641357, 214.668151855, 255.102111816, 157.86781311, 100.256698608, 183.986160278, 274.492675781, 543.788696289, 379.856689453, 277.257507324, 212.977035522, 88.4285507202, 35.9676818848, 13.8830509186, 2.80537390709, 0.489209324121, 0.027216726914, 0.000603495922405],
        "mean": [0.218743547797, 1.20661973953, 3.22903442383, 6.10218763351, 7.67878389359, 6.05773162842, 8.53124237061, 9.36643314362, 16.0598640442, 26.0107326508, 31.8757667542, 27.5174179077, 47.8907699585, 49.1391143799, 45.7085571289, 40.0640945435, 40.5881538391, 49.1143608093, 38.6886863708, 62.9014205933, 42.9509353638, 45.5420074463, 37.9139556885, 16.7137966156, 13.4478874207, 9.41158771515, 7.77544879913, 7.8444314003, 9.12174320221, 10.2087316513, 7.22291898727, 5.20786428452, 3.02044010162, 1.42348778248, 0.70936614275, 0.224325656891, 0.0454505868256, 0.00454299570993, 0.000272806326393, 4.88797704747e-05],
        "median": [0.0575620159507, 0.616837620735, 1.81122159958, 2.73414373398, 3.31504464149, 3.04199433327, 2.66728878021, 3.36671757698, 4.89933729172, 6.74754953384, 10.2439699173, 10.2049341202, 16.6283836365, 15.5315904617, 18.6034088135, 22.3175106049, 23.7737751007, 32.4990310669, 25.3346424103, 38.8017463684, 33.6547775269, 32.8528327942, 24.212726593, 11.7531042099, 8.07304096222, 4.37271881104, 1.41141891479, 1.29788458347, 1.86298203468, 1.53410661221, 0.782854497433, 0.476944029331, 0.285415738821, 0.132523298264, 0.0629827752709, 0.0245341751724, 0.00617779465392, 0.000540760287549, 5.93352851865e-05, 3.84122213291e-05],
        "min": [1.91167881715e-22, 1.34790484357e-21, 5.41564275106e-21, 9.23594732957e-21, 5.49471330124e-20, 4.90961581912e-20, 5.31698579182e-20, 1.29246776841e-19, 2.7513629836e-19, 2.78888984154e-19, 2.91262546293e-19, 5.08338830662e-19, 2.64303902949e-19, 1.09347176522e-18, 1.62722463453e-18, 1.7565376763e-18, 2.86164932031e-18, 3.6938796637e-18, 3.29285278337e-18, 4.62133772755e-18, 4.3776118552e-18, 6.78033413383e-18, 7.91086007498e-18, 8.61701671929e-18, 6.94660074567e-18, 1.55816127792e-17, 1.14611887472e-17, 1.10311358924e-17, 1.62190067264e-17, 1.62030818452e-17, 1.19014597642e-17, 1.41841523456e-17, 9.02235259023e-18, 1.05162647647e-17, 7.04204167193e-18, 4.70716143842e-18, 2.49279480271e-18, 1.07743314674e-18, 2.73559381919e-19, 3.16882585223e-20],
        "var": [0.161753877997, 3.6040263176, 25.0068798065, 116.645065308, 285.29486084, 104.875160217, 304.867828369, 329.051605225, 1180.94055176, 4194.97119141, 5060.93945312, 3923.15014648, 8204.82226562, 12919.4501953, 7729.28955078, 4151.28369141, 3443.22949219, 3565.89746094, 2848.74511719, 12164.3183594, 1762.71838379, 2734.79492188, 2098.24682617, 319.531433105, 300.567993164, 190.039581299, 163.404724121, 246.303161621, 505.26159668, 1232.81494141, 571.198425293, 375.608184814, 144.982589722, 30.2980442047, 6.18870544434, 0.794198989868, 0.0305327400565, 0.000352916686097, 8.80508594037e-07, 2.33658981053e-09]
    },
    "gfcc": {
        "mean": [-18.201292038, 82.9578552246, -149.999526978, 19.479593277, -46.5331497192, 13.6368045807, -38.0493469238, 8.46684741974, -17.8452777863, -5.44760131836, -16.3467597961, -0.13378739357, -12.3108663559],
        "cov": [[15244.6474609, 1144.85559082, 1625.93847656, 2206.39550781, -1234.91723633, 1388.96398926, -260.985870361, 552.542236328, -157.28326416, 437.484558105, -348.930908203, 131.595932007, -183.246078491], [1144.85559082, 1944.53540039, 21.8587532043, 303.918273926, 454.300506592, 0.907787144184, 354.742004395, -5.934071064, 160.213546753, -28.8838500977, 85.1396102905, -96.2886810303, 28.869228363], [1625.93847656, 21.8587532043, 1820.37939453, 948.805847168, -267.317779541, 496.380279541, -61.1552505493, 214.601898193, 2.06526064873, 202.333648682, -36.2454223633, 67.2088699341, -50.9502296448], [2206.39550781, 303.918273926, 948.805847168, 1061.64672852, -85.8689346313, 337.152160645, 84.56224823, 105.556053162, 39.2301940918, 158.407196045, 9.55731010437, 14.0037918091, 14.0910844803], [-1234.91723633, 454.300506592, -267.317779541, -85.8689346313, 513.621643066, -94.6325454712, 234.464584351, -59.1500511169, 69.294883728, -42.0367164612, 70.4957885742, -27.49908638, 65.2222900391], [1388.96398926, 0.907787144184, 496.380279541, 337.152160645, -94.6325454712, 510.051940918, 158.758865356, 82.5899200439, 19.7559871674, 90.4624710083, -55.3556137085, 29.2377223969, -18.3169555664], [-260.985870361, 354.742004395, -61.1552505493, 84.56224823, 234.464584351, 158.758865356, 429.314483643, -21.1205787659, 91.1256866455, 25.6590461731, 9.39260864258, -23.837097168, 17.904718399], [552.542236328, -5.934071064, 214.601898193, 105.556053162, -59.1500511169, 82.5899200439, -21.1205787659, 166.774337769, 39.3805465698, 48.1619644165, 2.65702748299, 14.4096727371, -15.8295040131], [-157.28326416, 160.213546753, 2.06526064873, 39.2301940918, 69.294883728, 19.7559871674, 91.1256866455, 39.3805465698, 146.184234619, 30.3230857849, 31.236623764, -23.2477169037, -9.62519836426], [437.484558105, -28.8838500977, 202.333648682, 158.407196045, -42.0367164612, 90.4624710083, 25.6590461731, 48.1619644165, 30.3230857849, 123.425285339, 15.836730957, -1.15912675858, -3.19613337517], [-348.930908203, 85.1396102905, -36.2454223633, 9.55731010437, 70.4957885742, -55.3556137085, 9.39260864258, 2.65702748299, 31.236623764, 15.836730957, 112.805580139, 3.05406570435, 16.2858333588], [131.595932007, -96.2886810303, 67.2088699341, 14.0037918091, -27.49908638, 29.2377223969, -23.837097168, 14.4096727371, -23.2477169037, -1.15912675858, 3.05406570435, 96.0837173462, 22.3941326141], [-183.246078491, 28.869228363, -50.9502296448, 14.0910844803, 65.2222900391, -18.3169555664, 17.904718399, -15.8295040131, -9.62519836426, -3.19613337517, 16.2858333588, 22.3941326141, 93.3776779175]],
        "icov": [[0.000395497743739, -0.000555978098419, 0.000699041527696, -0.000836351769976, 0.000704235455487, -0.000884194101673, 0.000682701123878, -0.000747803482227, 0.000725188525394, -0.000848658266477, 0.000876737176441, -0.000715582864359, 0.000597049540374], [-0.000555978098419, 0.00159691646695, -0.00101421307772, 0.000837892061099, -0.00146851211321, 0.00137921015266, -0.0013030039845, 0.000904488435481, -0.00135427515488, 0.00185327045619, -0.00145761505701, 0.00156916573178, -0.000763427233323], [0.000699041527696, -0.00101421307772, 0.00267479312606, -0.00245763082057, 0.00114070309792, -0.00224976474419, 0.00182688864879, -0.001932731946, 0.00151873112191, -0.00209954194725, 0.00173247826751, -0.00187215849292, 0.00183120998554], [-0.000836351769976, 0.000837892061099, -0.00245763082057, 0.00396301783621, -0.0011475434294, 0.00153515441343, -0.0016563157551, 0.00185487000272, -0.00153199990746, 0.000823092123028, -0.00218977755867, 0.00188811891712, -0.00230526993982], [0.000704235455487, -0.00146851211321, 0.00114070309792, -0.0011475434294, 0.00536309182644, -0.000748992431909, -0.000841556873638, -0.00102950213477, 0.000896360317711, -0.000555667851586, 0.00012507440988, -0.000918488716707, -0.00100265047513], [-0.000884194101673, 0.00137921015266, -0.00224976474419, 0.00153515441343, -0.000748992431909, 0.00613037962466, -0.00381110073067, 0.000891196308658, -0.00127802614588, 0.0012282874668, -0.000522735121194, 0.000786097836681, -0.00120030157268], [0.000682701123878, -0.0013030039845, 0.00182688864879, -0.0016563157551, -0.000841556873638, -0.00381110073067, 0.00634347647429, -0.000178394606337, -0.000500067195389, -0.00248303776607, 0.002280108165, -0.00129839277361, 0.00136018265039], [-0.000747803482227, 0.000904488435481, -0.001932731946, 0.00185487000272, -0.00102950213477, 0.000891196308658, -0.000178394606337, 0.00991214066744, -0.00412676529959, 3.03503657051e-05, -0.00168534577824, 0.000118315372674, -0.000631966569927], [0.000725188525394, -0.00135427515488, 0.00151873112191, -0.00153199990746, 0.000896360317711, -0.00127802614588, -0.000500067195389, -0.00412676529959, 0.0115787088871, -0.00319528137334, -0.000291051022941, 0.000134832342155, 0.00252377381548], [-0.000848658266477, 0.00185327045619, -0.00209954194725, 0.000823092123028, -0.000555667851586, 0.0012282874668, -0.00248303776607, 3.03503657051e-05, -0.00319528137334, 0.0146874524653, -0.0045581557788, 0.00328031508252, -0.00221622409299], [0.000876737176441, -0.00145761505701, 0.00173247826751, -0.00218977755867, 0.00012507440988, -0.000522735121194, 0.002280108165, -0.00168534577824, -0.000291051022941, -0.0045581557788, 0.0136343110353, -0.00327584263869, 0.000755786371883], [-0.000715582864359, 0.00156916573178, -0.00187215849292, 0.00188811891712, -0.000918488716707, 0.000786097836681, -0.00129839277361, 0.000118315372674, 0.000134832342155, 0.00328031508252, -0.00327584263869, 0.0144719425589, -0.00490428227931], [0.000597049540374, -0.000763427233323, 0.00183120998554, -0.00230526993982, -0.00100265047513, -0.00120030157268, 0.00136018265039, -0.000631966569927, 0.00252377381548, -0.00221622409299, 0.000755786371883, -0.00490428227931, 0.014789506793]]
    },
    "melbands": {
        "dmean": [0.00119348894805, 0.00120051193517, 0.000927718589082, 0.000380845449399, 0.000149737054016, 0.000139071067679, 0.000138028728543, 0.000131938024424, 0.00014060542162, 0.000102895020973, 0.000123882229673, 8.92802490853e-05, 8.90547162271e-05, 5.10126301378e-05, 4.46947233286e-05, 5.25776522409e-05, 4.88028526888e-05, 3.17522935802e-05, 3.90519307985e-05, 3.6263038055e-05, 2.46466915996e-05, 2.02824976441e-05, 2.34169747273e-05, 1.13189171316e-05, 5.9308258642e-06, 5.50453432879e-06, 4.82157929582e-06, 3.50512073055e-06, 2.8783902053e-06, 2.4052774279e-06, 2.88349542643e-06, 3.06326091959e-06, 3.28186501974e-06, 3.57214207725e-06, 2.54300198321e-06, 2.01553166335e-06, 1.94686163013e-06, 1.56364319537e-06, 9.41311952829e-07, 7.31273360088e-07],
        "dmean2": [0.00189404224511, 0.00215634307824, 0.00159288127907, 0.000651114678476, 0.000240885230596, 0.000225021431106, 0.000213942155824, 0.000196101318579, 0.000215807856875, 0.000159709379659, 0.000188480014913, 0.000134247296955, 0.000131639200845, 7.82875431469e-05, 6.81311794324e-05, 8.42567824293e-05, 7.73019928602e-05, 5.06921423948e-05, 6.13807424088e-05, 5.79122679483e-05, 3.96666328015e-05, 3.21891020576e-05, 3.77259093511e-05, 1.76096673385e-05, 9.41232337937e-06, 8.82002859726e-06, 7.69095822761e-06, 5.68743826079e-06, 4.70503891847e-06, 3.87233876609e-06, 4.43004728368e-06, 4.69309725304e-06, 5.06025071445e-06, 5.25147243025e-06, 3.74049182028e-06, 2.90520802082e-06, 2.73539762929e-06, 2.30834302783e-06, 1.3949473896e-06, 1.05990682187e-06],
        "dvar": [4.95192898597e-06, 7.02192619428e-06, 5.15762303621e-06, 8.47491833156e-07, 1.01013966969e-07, 9.97663534008e-08, 1.3969635404e-07, 1.08993035042e-07, 1.12481814085e-07, 7.97143329123e-08, 8.17198539949e-08, 5.91175322029e-08, 3.63347680832e-08, 1.36987372557e-08, 6.96594026905e-09, 7.00248481422e-09, 6.1288560893e-09, 3.09459524672e-09, 5.79761971764e-09, 5.1470046003e-09, 1.21435717038e-09, 8.86744511153e-10, 1.32905664252e-09, 3.40708267155e-10, 9.87480375247e-11, 9.53772963386e-11, 1.20303642048e-10, 4.64894303609e-11, 3.56072810126e-11, 2.81457582935e-11, 4.90827517519e-11, 7.80757056229e-11, 1.24915564004e-10, 2.16560464006e-10, 8.02211214124e-11, 6.11101516612e-11, 7.34998450991e-11, 6.0027434412e-11, 1.71182304443e-11, 1.08141603311e-11],
        "dvar2": [1.09067113954e-05, 2.04796415346e-05, 1.3922508515e-05, 2.38284997067e-06, 2.40290660258e-07, 2.36227108985e-07, 3.28262046878e-07, 2.1110800219e-07, 2.4949540034e-07, 1.86877883834e-07, 1.91518552128e-07, 1.40045528951e-07, 7.99578643296e-08, 3.09801322373e-08, 1.42670808501e-08, 1.71794702908e-08, 1.49830530205e-08, 7.0214136727e-09, 1.33193500673e-08, 1.27298891428e-08, 2.94600877027e-09, 2.03896921569e-09, 3.19754067668e-09, 6.7850508545e-10, 2.40507586069e-10, 2.369526797e-10, 2.96261154498e-10, 1.21739285319e-10, 9.19593845516e-11, 6.81585066165e-11, 1.09240859414e-10, 1.67951527685e-10, 2.71721006806e-10, 4.5614609312e-10, 1.53292101235e-10, 1.28314331382e-10, 1.39097219853e-10, 1.42961822935e-10, 3.7794233021e-11, 2.29794395318e-11],
        "max": [0.0206168368459, 0.0240152217448, 0.0191637966782, 0.00942711625248, 0.00542657077312, 0.00567453633994, 0.00912462174892, 0.00911654066294, 0.00702436547726, 0.00525420997292, 0.00689429230988, 0.00490725645795, 0.00471988553181, 0.0024005798623, 0.00201777252369, 0.00162184273358, 0.00127422693186, 0.00122468092013, 0.00156476104166, 0.00168838363606, 0.000460846757051, 0.000571701908484, 0.000668082968332, 0.000570398522541, 0.000191122395336, 0.000169867824297, 0.000243159389356, 8.79054568941e-05, 9.00526210899e-05, 7.23361081327e-05, 0.000131424836582, 0.000202494265977, 0.000200209673494, 0.000359391327947, 0.000258899264736, 0.000150793959619, 0.000170840168721, 0.000196204564418, 0.000101794750663, 6.7652319558e-05],
        "mean": [0.00180843123235, 0.00167623255402, 0.00112657097634, 0.000485610362375, 0.000286686816253, 0.000225217780098, 0.000251189456321, 0.000283791887341, 0.000248815544182, 0.000173045293195, 0.000237651882344, 0.0001955737971, 0.000171880077687, 0.000105621111288, 8.78076461959e-05, 9.43288541748e-05, 8.8968910859e-05, 5.60667467653e-05, 7.39160677767e-05, 7.04401463736e-05, 5.04738018208e-05, 4.50856750831e-05, 4.9251710152e-05, 2.54505412158e-05, 1.17251092888e-05, 1.04503697003e-05, 8.34068578115e-06, 5.63887897442e-06, 4.90216734761e-06, 4.17190267399e-06, 4.73724821859e-06, 5.04444324179e-06, 5.40695691598e-06, 5.8653713495e-06, 4.48039600087e-06, 3.23111112266e-06, 3.14063981932e-06, 2.33816444961e-06, 1.4375898445e-06, 1.10584346658e-06],
        "median": [0.000687522639055, 0.00108603667468, 0.000586387352087, 0.000243939415668, 0.000101695441117, 8.01971473265e-05, 7.43956989027e-05, 7.72150015109e-05, 7.33101551305e-05, 5.93731165281e-05, 7.78050598456e-05, 5.51440753043e-05, 6.28188136034e-05, 4.8150854127e-05, 5.09892852278e-05, 5.7627192291e-05, 5.59768704989e-05, 3.42713065038e-05, 4.42691962235e-05, 4.52480453532e-05, 3.79213852284e-05, 3.15456309181e-05, 3.15944307658e-05, 1.42374983625e-05, 7.88118541095e-06, 6.1345863287e-06, 4.16713919549e-06, 2.17340834752e-06, 8.10398944395e-07, 5.45687385056e-07, 7.59821546126e-07, 9.67610276348e-07, 1.01803186681e-06, 7.43252826396e-07, 4.58882055909e-07, 2.96043310755e-07, 2.56180783254e-07, 1.99744704332e-07, 1.23080269532e-07, 9.54998355951e-08],
        "min": [2.01930977632e-24, 2.42032130103e-24, 3.89301910093e-24, 4.4250474058e-24, 2.33729349354e-24, 3.00396083062e-24, 5.44075985824e-24, 3.47857524716e-24, 2.72058641346e-24, 3.93434239616e-24, 1.09234950053e-24, 3.73072319703e-24, 5.27137998341e-24, 4.53478466303e-24, 5.70021029351e-24, 3.53332811044e-24, 5.90543324687e-24, 4.09507753877e-24, 4.41535506629e-24, 5.27733312223e-24, 4.92711911222e-24, 6.27959944055e-24, 8.12294412841e-24, 5.81913975245e-24, 6.7945410182e-24, 3.40756159404e-24, 7.27874147524e-24, 1.05739767706e-23, 6.22529228368e-24, 8.53802853724e-24, 4.51197238338e-24, 8.29898001713e-24, 9.84743824343e-24, 7.97180153441e-24, 6.92352608709e-24, 5.38253206268e-24, 8.17317484655e-24, 5.66304666184e-24, 7.54715849799e-24, 7.67035884987e-24],
        "var": [8.88251088327e-06, 6.43871044304e-06, 4.55519102616e-06, 7.41667292914e-07, 2.9595577189e-07, 1.76449859168e-07, 2.68574979145e-07, 4.74035488196e-07, 3.10349520305e-07, 1.61926692499e-07, 2.14281001831e-07, 2.26907104661e-07, 1.18546637395e-07, 4.16326102481e-08, 1.85061814761e-08, 1.81670554156e-08, 1.28555965873e-08, 6.88963108786e-09, 1.40639739854e-08, 1.19113057195e-08, 2.82114620553e-09, 2.78231437889e-09, 3.92420806961e-09, 1.65633651239e-09, 1.82970111284e-10, 1.72764053064e-10, 1.85032295041e-10, 7.40957850631e-11, 7.15271591956e-11, 6.01559357882e-11, 1.02094090126e-10, 1.59158269897e-10, 2.51588611055e-10, 4.83542483831e-10, 2.21555898627e-10, 1.29673077831e-10, 1.52407253484e-10, 9.42368197365e-11, 3.22363767624e-11, 1.946187482e-11]
    },
    "mfcc": {
        "mean": [-649.597045898, 114.72353363, -36.5460357666, 7.80794477463, 7.90149736404, 3.23771953583, -6.2154955864, 11.1499643326, -1.40596330166, 0.0316114351153, 1.11633813381, -2.81004810333, -1.0648034811],
        "cov": [[10290.7480469, 432.026062012, 2258.07617188, 1161.07067871, -76.3826446533, 880.564819336, 184.988311768, 284.229400635, 363.457489014, 259.394134521, 48.9156723022, 302.962921143, 94.4384231567], [432.026062012, 1648.24414062, -405.803985596, 225.360488892, 91.0442657471, 72.5266799927, 117.090026855, 92.9627304077, 82.7377548218, 42.0938072205, 56.0429382324, 15.5667247772, 56.7396278381], [2258.07617188, -405.803985596, 2034.60473633, 563.337524414, 168.725769043, 360.991424561, 79.7891921997, 109.57673645, 101.191360474, 135.90486145, 45.1354293823, 173.593490601, 42.5265922546], [1161.07067871, 225.360488892, 563.337524414, 698.684448242, 135.239303589, 189.113021851, 106.975463867, 19.5433197021, 92.9489517212, 31.6709709167, 18.2572746277, 134.199981689, 50.1320762634], [-76.3826446533, 91.0442657471, 168.725769043, 135.239303589, 250.858627319, -19.4190540314, 20.4359798431, -1.02727746964, 3.74155926704, 9.55830669403, -11.5716114044, 53.375415802, 11.9499473572], [880.564819336, 72.5266799927, 360.991424561, 189.113021851, -19.4190540314, 436.709259033, 181.665252686, 105.13394928, 138.225296021, 75.117729187, 31.0082359314, 52.278968811, 25.6562347412], [184.988311768, 117.090026855, 79.7891921997, 106.975463867, 20.4359798431, 181.665252686, 215.515090942, 58.9041290283, 83.3682632446, 36.716003418, 17.4424819946, 43.9127883911, 16.5939598083], [284.229400635, 92.9627304077, 109.57673645, 19.5433197021, -1.02727746964, 105.13394928, 58.9041290283, 167.486328125, 56.571346283, 41.291343689, 29.8319644928, 14.2699623108, 17.7425670624], [363.457489014, 82.7377548218, 101.191360474, 92.9489517212, 3.74155926704, 138.225296021, 83.3682632446, 56.571346283, 163.270370483, 58.7067451477, 15.6771011353, 40.6302146912, 14.7099428177], [259.394134521, 42.0938072205, 135.90486145, 31.6709709167, 9.55830669403, 75.117729187, 36.716003418, 41.291343689, 58.7067451477, 133.098831177, 49.7946281433, 44.2605018616, 29.8460960388], [48.9156723022, 56.0429382324, 45.1354293823, 18.2572746277, -11.5716114044, 31.0082359314, 17.4424819946, 29.8319644928, 15.6771011353, 49.7946281433, 104.37437439, 23.600851059, 28.9665336609], [302.962921143, 15.5667247772, 173.593490601, 134.199981689, 53.375415802, 52.278968811, 43.9127883911, 14.2699623108, 40.6302146912, 44.2605018616, 23.600851059, 122.70124054, 30.5941791534], [94.4384231567, 56.7396278381, 42.5265922546, 50.1320762634, 11.9499473572, 25.6562347412, 16.5939598083, 17.7425670624, 14.7099428177, 29.8460960388, 28.9665336609, 30.5941791534, 93.9777984619]],
