{
"lowlevel": {
    "average_loudness": 0.90868806839,
    "barkbands_crest": {
        "dmean": 2.03291726112,
        "dmean2": 3.26440262794,
        "dvar": 3.21752786636,
        "dvar2": 7.86645030975,
        "max": 19.2860908508,
        "mean": 7.87398815155,
        "median": 7.29262685776,
        "min": 2.52353072166,
        "var": 8.78499031067
    },
    "barkbands_flatness_db": {
        "dmean": 0.014558234252,
        "dmean2": 0.0228292290121,
        "dvar": 0.000243852337007,
        "dvar2": 0.000533839396667,
        "max": 0.281190216541,
        "mean": 0.136528238654,
        "median": 0.119867369533,
        "min": 0.02142095007,
        "var": 0.00349450437352
    },
    "barkbands_kurtosis": {
        "dmean": 0.840424835682,
        "dmean2": 1.34269165993,
        "dvar": 1.86824584007,
        "dvar2": 5.09933280945,
        "max": 36.3158111572,
        "mean": 0.409435153008,
        "median": 0.0648508071899,
        "min": -1.73404455185,
        "var": 2.84854507446
    },
    "barkbands_skewness": {
        "dmean": 0.344945728779,
        "dmean2": 0.539843261242,
        "dvar": 0.131107732654,
        "dvar2": 0.301964253187,
        "max": 3.0600001812,
        "mean": 0.586035609245,
        "median": 0.65806800127,
        "min": -5.2569899559,
        "var": 0.595375180244
    },
    "barkbands_spread": {
        "dmean": 3.72383546829,
        "dmean2": 5.69930839539,
        "dvar": 24.6175632477,
        "dvar2": 44.9315338135,
        "max": 88.43800354,
        "mean": 22.3676528931,
        "median": 21.1063251495,
        "min": 3.31829452515,
        "var": 172.354629517
    },
    "dissonance": {
        "dmean": 0.0139893824235,
        "dmean2": 0.0234977286309,
        "dvar": 0.000195540327695,
        "dvar2": 0.000523593625985,
        "max": 0.499969750643,
        "mean": 0.470768630505,
        "median": 0.476756989956,
        "min": 0.319696724415,
        "var": 0.000479474692838
    },
    "dynamic_complexity": 2.24060606956,
    "erbbands_crest": {
        "dmean": 1.9734749794,
        "dmean2": 3.18461561203,
        "dvar": 3.55022525787,
        "dvar2": 8.85359191895,
        "max": 25.7748394012,
        "mean": 8.01397514343,
        "median": 7.25428390503,
        "min": 2.7337679863,
        "var": 10.6313009262
    },
    "erbbands_flatness_db": {
        "dmean": 0.0138295143843,
        "dmean2": 0.0196111649275,
        "dvar": 0.000223347553401,
        "dvar2": 0.000393964146497,
        "max": 0.41771876812,
        "mean": 0.20260129869,
        "median": 0.174922376871,
        "min": 0.0622475631535,
        "var": 0.00608792342246
    },
    "erbbands_kurtosis": {
        "dmean": 0.590632200241,
        "dmean2": 0.932008326054,
        "dvar": 0.455953776836,
        "dvar2": 1.07132816315,
        "max": 9.2607088089,
        "mean": 0.192366912961,
        "median": -0.0682408809662,
        "min": -1.544480443,
        "var": 1.3058655262
    },
    "erbbands_skewness": {
        "dmean": 0.268712460995,
        "dmean2": 0.406964659691,
        "dvar": 0.0621141679585,
        "dvar2": 0.138082534075,
        "max": 2.09155273438,
        "mean": -0.182059109211,
        "median": -0.233513146639,
        "min": -1.81550991535,
        "var": 0.327391058207
    },
    "erbbands_spread": {
        "dmean": 4.56465053558,
        "dmean2": 7.0483417511,
        "dvar": 26.5225734711,
        "dvar2": 55.6573982239,
        "max": 94.1594848633,
        "mean": 26.9839363098,
        "median": 26.6381778717,
        "min": 3.5750412941,
        "var": 175.013473511
    },
    "hfc": {
        "dmean": 5.9924249649,
        "dmean2": 8.64867687225,
        "dvar": 96.5758666992,
        "dvar2": 181.104797363,
        "max": 183.591720581,
        "mean": 27.5909118652,
        "median": 23.6068592072,
        "min": 1.14786133068e-16,
        "var": 469.777709961
    },
    "melbands_crest": {
        "dmean": 2.76827263832,
        "dmean2": 4.43640041351,
        "dvar": 6.37499713898,
        "dvar2": 15.7249231339,
        "max": 28.6535377502,
        "mean": 11.4165334702,
        "median": 10.8029527664,
        "min": 1.68513512611,
        "var": 17.3769340515
    },
    "melbands_flatness_db": {
        "dmean": 0.0189131312072,
        "dmean2": 0.0293244943023,
        "dvar": 0.000444482488092,
        "dvar2": 0.000909768394195,
        "max": 0.327698707581,
        "mean": 0.187498882413,
        "median": 0.183889806271,
        "min": 0.00429696496576,
        "var": 0.00384788098745
    },
    "melbands_kurtosis": {
        "dmean": 1.92255246639,
        "dmean2": 3.10748434067,
        "dvar": 7.2629199028,
        "dvar2": 18.4734554291,
        "max": 34.0023612976,
        "mean": 3.04164791107,
        "median": 1.99926805496,
        "min": -1.53559422493,
        "var": 13.7798128128
    },
    "melbands_skewness": {
        "dmean": 0.423406779766,
        "dmean2": 0.673512101173,
        "dvar": 0.200141862035,
        "dvar2": 0.472623348236,
        "max": 5.30121040344,
        "mean": 1.34004950523,
        "median": 1.44260692596,
        "min": -1.55777466297,
        "var": 1.10383188725
    },
    "melbands_spread": {
        "dmean": 6.76864862442,
        "dmean2": 10.4285364151,
        "dvar": 89.2754821777,
        "dvar2": 172.457382202,
        "max": 170.378555298,
        "mean": 30.190530777,
        "median": 25.6734485626,
        "min": 6.77170419693,
        "var": 366.145080566
    },
    "pitch_salience": {
        "dmean": 0.0546834357083,
        "dmean2": 0.0896055996418,
        "dvar": 0.00249447696842,
        "dvar2": 0.00640482129529,
        "max": 0.995921909809,
        "mean": 0.595960736275,
        "median": 0.594007253647,
        "min": 0.321116328239,
        "var": 0.00682413764298
    },
    "silence_rate_20dB": {
        "dmean": 0,
        "dmean2": 0,
        "dvar": 0,
        "dvar2": 0,
        "max": 1,
        "mean": 1,
        "median": 1,
        "min": 1,
        "var": 0
    },
    "silence_rate_30dB": {
        "dmean": 0.000773993786424,
        "dmean2": 0.00154858687893,
        "dvar": 0.000773393257987,
        "dvar2": 0.00232047541067,
        "max": 1,
        "mean": 0.999613165855,
        "median": 1,
        "min": 0,
        "var": 0.000386712519685
    },
    "silence_rate_60dB": {
        "dmean": 0.00735294120386,
        "dmean2": 0.0147115755826,
        "dvar": 0.00729846348986,
        "dvar2": 0.0152699584141,
        "max": 1,
        "mean": 0.029787234962,
        "median": 0,
        "min": 0,
        "var": 0.0288977939636
    },
    "spectral_centroid": {
        "dmean": 190.390594482,
        "dmean2": 288.02230835,
        "dvar": 64716.5429688,
        "dvar2": 108198.023438,
        "max": 11523.8515625,
        "mean": 1540.61853027,
        "median": 1477.3638916,
        "min": 542.688110352,
        "var": 544094.5625
    },
    "spectral_complexity": {
        "dmean": 3.125,
        "dmean2": 4.93612098694,
        "dvar": 9.59234714508,
        "dvar2": 20.0288619995,
        "max": 54,
        "mean": 25.8390712738,
        "median": 26,
        "min": 0,
        "var": 91.5685119629
    },
    "spectral_decrease": {
        "dmean": 1.73068781528e-09,
        "dmean2": 2.82632828252e-09,
        "dvar": 6.95180536609e-18,
        "dvar2": 1.83983182749e-17,
        "max": 1.44700629627e-22,
        "mean": -6.67442678903e-09,
        "median": -5.89809401319e-09,
        "min": -2.78125504849e-08,
        "var": 2.06577621181e-17
    },
    "spectral_energy": {
        "dmean": 0.00686973333359,
        "dmean2": 0.0111576700583,
        "dvar": 0.000103760212369,
        "dvar2": 0.000275668717222,
        "max": 0.109567336738,
        "mean": 0.0276933889836,
        "median": 0.0249865688384,
        "min": 1.05123605239e-20,
        "var": 0.000333655072609
    },
    "spectral_energyband_high": {
        "dmean": 0.000361077080015,
        "dmean2": 0.000509778736159,
        "dvar": 1.23384756989e-06,
        "dvar2": 2.06017011806e-06,
        "max": 0.0186574812979,
        "mean": 0.000912910269108,
        "median": 0.000249108765274,
        "min": 7.35694113687e-21,
        "var": 4.48815444543e-06
    },
    "spectral_energyband_low": {
        "dmean": 0.00325893214904,
        "dmean2": 0.00556892901659,
        "dvar": 4.85103737446e-05,
        "dvar2": 0.000136912305607,
        "max": 0.0732868239284,
        "mean": 0.00653319759294,
        "median": 0.0024219728075,
        "min": 2.30345270177e-23,
        "var": 8.09563862276e-05
    },
    "spectral_energyband_middle_high": {
        "dmean": 0.00216510682367,
        "dmean2": 0.00325092836283,
        "dvar": 6.31623561276e-06,
        "dvar2": 1.43338147609e-05,
        "max": 0.0391458831728,
        "mean": 0.0091862026602,
        "median": 0.00853190105408,
        "min": 1.27062020379e-21,
        "var": 2.82114815491e-05
    },
    "spectral_energyband_middle_low": {
        "dmean": 0.00433449912816,
        "dmean2": 0.00703321723267,
        "dvar": 5.00403584738e-05,
        "dvar2": 0.000125826481963,
        "max": 0.0927851498127,
        "mean": 0.0123846838251,
        "median": 0.0108582368121,
        "min": 2.78192997295e-22,
        "var": 0.00011241757602
    },
    "spectral_entropy": {
        "dmean": 0.110571198165,
        "dmean2": 0.160774931312,
        "dvar": 0.0169933382422,
        "dvar2": 0.028547141701,
        "max": 9.81742668152,
        "mean": 7.47327184677,
        "median": 7.53014993668,
        "min": 6.46970462799,
        "var": 0.230572894216
    },
    "spectral_flux": {
        "dmean": 0.0193729400635,
        "dmean2": 0.0298927854747,
        "dvar": 0.000510608602781,
        "dvar2": 0.00109187886119,
        "max": 0.262505382299,
        "mean": 0.078447394073,
        "median": 0.0743690133095,
        "min": 6.59844123785e-11,
        "var": 0.00177589489613
    },
    "spectral_kurtosis": {
        "dmean": 3.72879719734,
        "dmean2": 6.32797813416,
        "dvar": 34.1276321411,
        "dvar2": 101.894699097,
        "max": 67.9467010498,
        "mean": 10.8460388184,
        "median": 6.25669193268,
        "min": -1.27101993561,
        "var": 122.62713623
    },
    "spectral_rms": {
        "dmean": 0.000589257047977,
        "dmean2": 0.000929587113205,
        "dvar": 4.82683674363e-07,
        "dvar2": 1.21815060083e-06,
        "max": 0.010339002125,
        "mean": 0.00487887626514,
        "median": 0.00493732141331,
        "min": 3.20249295832e-12,
        "var": 3.21447419083e-06
    },
    "spectral_rolloff": {
        "dmean": 398.023529053,
        "dmean2": 648.856994629,
        "dvar": 765430.125,
        "dvar2": 1394411.75,
        "max": 19982.8125,
        "mean": 2089.90527344,
        "median": 1873.38867188,
        "min": 193.798828125,
        "var": 2851559.75
    },
    "spectral_skewness": {
        "dmean": 0.320868253708,
        "dmean2": 0.536781311035,
        "dvar": 0.15915876627,
        "dvar2": 0.459487080574,
        "max": 5.62292337418,
        "mean": 2.02912402153,
        "median": 1.79307818413,
        "min": -0.0663451179862,
        "var": 0.655161619186
    },
    "spectral_spread": {
        "dmean": 441387.4375,
        "dmean2": 613731.625,
        "dvar": 813529104384,
        "dvar2": 1.44367144141e+12,
        "max": 42533376,
        "mean": 3537031,
        "median": 3336367.25,
        "min": 861503.625,
        "var": 7.18342560154e+12
    },
    "spectral_strongpeak": {
        "dmean": 0.568867743015,
        "dmean2": 0.980516374111,
        "dvar": 0.844024658203,
        "dvar2": 2.08896708488,
        "max": 13.4923715591,
        "mean": 1.18614292145,
        "median": 0.886140346527,
        "min": 7.69118324584e-10,
        "var": 1.27665805817
    },
    "zerocrossingrate": {
        "dmean": 0.00893645361066,
        "dmean2": 0.0101716751233,
        "dvar": 0.000274987425655,
        "dvar2": 0.000370278808987,
        "max": 0.5283203125,
        "mean": 0.0705954581499,
        "median": 0.06201171875,
        "min": 0.01611328125,
        "var": 0.00191460980568
    },
    "barkbands": {
        "dmean": [0.000167398204212, 0.00189175014384, 0.0012923697941, 0.00209725205787, 0.00165023712907, 0.00111168134026, 0.000635602336843, 0.00066125713056, 0.00090383249335, 0.000516372732818, 0.00048379204236, 0.000549744407181, 0.000451259576948, 0.000578658131417, 0.000576288497541, 0.000409775006119, 0.000430272193626, 0.000233424754697, 0.00016668922035, 9.69655957306e-05, 7.48501624912e-05, 7.28359591449e-05, 9.39691453823e-05, 9.21645041672e-05, 6.79329168634e-05, 1.59701066877e-05, 1.21060588754e-06],
        "dmean2": [0.000224153496674, 0.00331729953177, 0.0021819123067, 0.00342042511329, 0.00269794091582, 0.00175136246253, 0.00094368023565, 0.00102128414437, 0.00142145599239, 0.000798259919975, 0.000754171458539, 0.000889110320713, 0.000740568269975, 0.0009266884299, 0.000918353674933, 0.000618993421085, 0.000680681725498, 0.000369982648408, 0.000265358306933, 0.000155027591973, 0.000117865267384, 0.000109966043965, 0.000136918664793, 0.000130539163365, 9.32730690693e-05, 2.45294140768e-05, 1.8616348143e-06],
        "dvar": [2.02529818694e-07, 2.21849259106e-05, 7.10713447916e-06, 1.85954650078e-05, 1.19362466648e-05, 3.33390494234e-06, 1.41216264637e-06, 2.37556923821e-06, 2.65485596174e-06, 8.44887779294e-07, 7.05415573066e-07, 4.97283394907e-07, 4.48030817779e-07, 5.10864822445e-07, 5.39667325938e-07, 3.58522186161e-07, 3.11993176183e-07, 1.65688888387e-07, 9.01455550206e-08, 4.22043520132e-08, 4.59747404591e-08, 3.63889718358e-08, 1.61201526794e-07, 1.54964780563e-07, 8.51138679536e-08, 4.62956073477e-09, 1.04668556808e-11],
        "dvar2": [3.27296788782e-07, 6.32695664535e-05, 1.97632180061e-05, 4.56275338365e-05, 3.18471247738e-05, 7.67538404034e-06, 2.72160264103e-06, 5.45632292415e-06, 7.06159062247e-06, 2.01158150048e-06, 1.75635432242e-06, 1.2813260355e-06, 1.22432163607e-06, 1.25826989006e-06, 1.41203145176e-06, 7.01942042269e-07, 7.68144104768e-07, 4.02292130275e-07, 2.17169898065e-07, 1.02899775811e-07, 8.84680773083e-08, 7.83225360124e-08, 3.25381307675e-07, 2.79030103911e-07, 1.47341211232e-07, 1.17066978333e-08, 2.26603874554e-11],
        "max": [0.00546169746667, 0.0535276979208, 0.0292781442404, 0.0537204444408, 0.0408446714282, 0.0273425150663, 0.0204027872533, 0.0265458226204, 0.031953509897, 0.0150813907385, 0.0227366238832, 0.00890034902841, 0.0129436310381, 0.00914147216827, 0.0117625808343, 0.0156400799751, 0.00848897360265, 0.00911944266409, 0.00569692021236, 0.00343396677636, 0.00671348534524, 0.00637457147241, 0.0110045615584, 0.00744118914008, 0.00853772368282, 0.00209549115971, 7.83251889516e-05],
        "mean": [0.000219376030145, 0.00281893392093, 0.00226448755711, 0.00301631027833, 0.00260955980048, 0.00230958778411, 0.0012678464409, 0.00122648314573, 0.00177785160486, 0.000985575141385, 0.000958368007559, 0.00107837340329, 0.00090622191783, 0.0010833182605, 0.00128262117505, 0.000982198747806, 0.000961117213592, 0.000514098850545, 0.000371361500584, 0.000211900231079, 0.000166140103829, 0.000168151513208, 0.000200066599064, 0.000162153315614, 0.000123875885038, 2.55923350778e-05, 1.84581699614e-06],
        "median": [2.62966273112e-06, 0.000193873420358, 0.000547218136489, 0.00132248003501, 0.00134867988527, 0.000994919682853, 0.000397678173613, 0.000285450892989, 0.000994961359538, 0.000490261416417, 0.000559803738724, 0.000833630911075, 0.000689366366714, 0.000781478767749, 0.000981246354058, 0.000637828779873, 0.000702349294443, 0.000285804679152, 0.000193884610781, 7.62520503486e-05, 4.11667424487e-05, 4.61579911644e-05, 5.22802001797e-05, 2.49740569416e-05, 1.67627549672e-05, 3.57309522769e-06, 2.20769962311e-07],
        "min": [2.77778297061e-24, 1.05723099075e-23, 6.11568361077e-24, 5.60456564192e-24, 2.22572418574e-23, 1.05035094036e-23, 2.07717867962e-23, 2.77919735877e-23, 5.61970435601e-23, 2.86643874846e-23, 1.99696304293e-23, 4.61681822968e-23, 4.59063625178e-23, 7.24777884249e-23, 8.68388686758e-23, 8.24249773409e-23, 1.15595953628e-22, 1.51765617407e-22, 1.88946007643e-22, 2.41007558348e-22, 3.44862144128e-22, 3.69992904918e-22, 4.99832366968e-22, 5.79559017183e-22, 9.61541825311e-22, 1.42285102194e-21, 1.96904851822e-21],
        "var": [3.77372771254e-07, 2.74219037237e-05, 1.15156444735e-05, 2.65461330855e-05, 1.53243381646e-05, 1.03368993223e-05, 5.34488071935e-06, 6.68406073601e-06, 6.16992792857e-06, 2.33061200561e-06, 2.09159225051e-06, 8.41007135932e-07, 7.29791338472e-07, 1.08106507923e-06, 1.30786281716e-06, 1.45456681366e-06, 8.82618166997e-07, 4.18403999447e-07, 3.05744691786e-07, 1.18735648869e-07, 1.65187557855e-07, 1.37233499231e-07, 3.98257526513e-07, 3.62252450259e-07, 2.29990419598e-07, 8.17265988218e-09, 1.6941694575e-11]
    },
    "erbbands": {
        "dmean": [0.0533561073244, 0.45424246788, 1.37231850624, 3.98351025581, 7.52425479889, 4.54492378235, 5.28427696228, 11.1315412521, 9.59335899353, 10.3236970901, 16.7227554321, 20.1165599823, 15.1865596771, 13.7574586868, 17.884355545, 18.6688461304, 20.0606002808, 20.6541404724, 25.7302532196, 36.7888565063, 20.9412345886, 23.1377620697, 13.9634799957, 8.29926395416, 8.57927703857, 4.42253684998, 2.66477155685, 3.32598400116, 2.62200093269, 2.63135719299, 2.73460865021, 2.11057591438, 1.46660125256, 1.01653838158, 0.392703056335, 0.11122161895, 0.0213671084493, 0.00228059641086, 0.000227754790103, 1.46179554577e-05],
        "dmean2": [0.0890562534332, 0.802374541759, 2.35098981857, 6.60597610474, 12.5448007584, 7.25137615204, 8.29923057556, 17.4563522339, 14.2494869232, 15.2933139801, 25.2467899323, 31.129442215, 23.5746078491, 21.4166545868, 28.4415283203, 30.521112442, 32.1651916504, 33.2571334839, 41.2416801453, 57.1874923706, 32.4612045288, 36.828994751, 21.754940033, 13.1290149689, 13.6526174545, 7.09162521362, 4.26228809357, 5.10139226913, 3.95247960091, 4.02559232712, 3.91345691681, 3.06513476372, 2.08664798737, 1.41915798187, 0.54999345541, 0.168621346354, 0.0333686992526, 0.00351982540451, 0.00035853459849, 2.29421129916e-05],
        "dvar": [0.0134513843805, 1.56539261341, 9.9461479187, 59.5752754211, 278.294433594, 105.155342102, 109.745948792, 387.319061279, 302.53314209, 465.993560791, 1243.23291016, 1342.37768555, 931.236328125, 361.946014404, 928.151916504, 653.833496094, 915.242736816, 586.64251709, 1042.47302246, 2149.76733398, 767.105773926, 910.881286621, 432.326538086, 203.288619995, 288.948608398, 85.2089080811, 40.4297561646, 112.850570679, 49.7366333008, 79.1593933105, 130.339981079, 96.4657669067, 44.3724479675, 25.622882843, 2.37220907211, 0.175767675042, 0.0133679024875, 4.96176435263e-05, 3.86358067317e-07, 7.54856732677e-10],
        "dvar2": [0.0345910191536, 4.43809223175, 28.1125240326, 157.441741943, 708.396789551, 268.288726807, 267.788482666, 882.477478027, 625.240478516, 987.747009277, 2967.8125, 3459.03125, 2320.96020508, 829.879699707, 2383.34155273, 1739.34411621, 2442.41357422, 1464.5012207, 2597.29614258, 5039.43603516, 1837.95043945, 2254.72949219, 1076.43713379, 462.074127197, 693.20123291, 210.902557373, 86.3156433105, 217.659194946, 99.4213027954, 173.312591553, 253.140396118, 197.645187378, 82.6656951904, 50.2914276123, 4.34421205521, 0.38214468956, 0.0377991944551, 0.000111842738988, 8.88603153726e-07, 1.67373559457e-09],
        "max": [1.07519721985, 13.92146492, 30.4488582611, 83.1734619141, 179.378234863, 199.532333374, 148.012237549, 317.326812744, 321.090698242, 325.196838379, 642.214111328, 708.429138184, 603.951721191, 373.686767578, 815.608154297, 355.705230713, 597.604797363, 269.158660889, 446.914215088, 587.782775879, 398.464996338, 428.034210205, 406.427276611, 249.595306396, 396.006256104, 192.170822144, 210.225204468, 353.324462891, 219.702194214, 249.419326782, 306.338409424, 202.663070679, 170.236907959, 177.323944092, 44.9266548157, 9.19015979767, 4.05029439926, 0.153365463018, 0.0148364985362, 0.000632050738204],
        "mean": [0.0833885744214, 0.628651201725, 2.31973648071, 6.52331066132, 11.2781276703, 7.60507440567, 8.943983078, 22.2939300537, 20.6298789978, 18.9622268677, 34.0276489258, 40.379535675, 31.824344635, 29.9702606201, 41.2048606873, 39.3376541138, 43.5057449341, 45.0045890808, 54.3769760132, 82.0400314331, 51.908946991, 52.5752944946, 33.6708679199, 20.3308200836, 19.654296875, 9.91358852386, 5.84112787247, 7.36601638794, 5.95179986954, 5.94663381577, 5.52980947495, 3.68338704109, 2.54161977768, 1.6693559885, 0.720388412476, 0.192381531, 0.0328281000257, 0.00390658667311, 0.000351117982063, 4.91562605021e-05],
        "median": [0.00350129161961, 0.0610189735889, 0.655279815197, 3.34894943237, 5.79608631134, 2.97661519051, 3.51310920715, 9.22630500793, 7.58060312271, 6.34770822525, 11.9473142624, 22.9204521179, 16.16198349, 19.4268779755, 28.8047561646, 31.401889801, 33.6688499451, 36.2590904236, 40.530254364, 58.3034820557, 39.2165336609, 40.3926010132, 21.7759227753, 12.3388977051, 8.39597415924, 3.60209083557, 1.53975105286, 1.98384571075, 1.59166455269, 1.58943676949, 1.44075238705, 0.566841006279, 0.392313808203, 0.211608797312, 0.11169565469, 0.0283628478646, 0.00439814478159, 0.000551901350264, 5.75447593292e-05, 4.01434881496e-05],
        "min": [3.91822263888e-22, 2.32418284302e-21, 6.13820965383e-21, 1.71592188037e-20, 3.31324803289e-20, 5.89182655746e-20, 6.31774831721e-20, 1.20786011644e-19, 4.92814304926e-19, 5.37695884192e-19, 6.97949823562e-19, 9.91632390135e-19, 6.19306454004e-19, 7.37877521538e-19, 1.54512354662e-18, 1.99566028854e-18, 1.8725201855e-18, 4.00260249346e-18, 5.78693405873e-18, 3.90610029448e-18, 5.44288524014e-18, 6.14117581041e-18, 6.89934433087e-18, 9.09966171746e-18, 9.33048812176e-18, 1.28615443129e-17, 1.61899032037e-17, 1.12434938352e-17, 1.42236254045e-17, 1.51864967247e-17, 1.43415896316e-17, 9.73810866555e-18, 1.26149956867e-17, 9.05918280701e-18, 7.89276632626e-18, 4.30528276885e-18, 2.69673246042e-18, 1.10529589849e-18, 2.62291579314e-19, 3.00675435149e-20],
        "var": [0.0244919545949, 1.54696249962, 12.7820100784, 86.2727127075, 328.279083252, 198.372360229, 217.944107056, 1098.38427734, 1252.7689209, 1141.74743652, 3800.92651367, 3155.16894531, 2324.12304688, 1114.203125, 2617.25561523, 980.264709473, 1530.8092041, 1295.92248535, 2298.37963867, 6079.80419922, 2290.28735352, 2409.97241211, 1343.68432617, 582.916809082, 1036.79003906, 243.490112305, 130.578689575, 414.116088867, 187.027679443, 224.179214478, 326.781951904, 197.052001953, 89.3649749756, 50.5326118469, 6.93714094162, 0.422818988562, 0.0167006459087, 8.41980872792e-05, 5.75185936214e-07, 1.97566163429e-09]
    },
    "gfcc": {
        "mean": [-6.73096084595, 98.5480194092, -153.301437378, 3.76984524727, -43.1051063538, 10.3775806427, -50.1663742065, 6.53559017181, -23.7644195557, -11.2511510849, -18.3041191101, -5.52818155289, -15.2330379486],
        "cov": [[12553.4238281, -1211.06079102, 1647.10559082, 3004.5246582, -1421.51708984, 966.632080078, -8.29761505127, 224.020874023, 74.8993911743, 560.471374512, -281.311279297, 270.444213867, 23.9281978607], [-1211.06079102, 1373.18847656, -623.210205078, -557.549377441, 469.391693115, -415.166931152, -36.1061172485, -112.585792542, 45.1147232056, -211.957763672, 100.223747253, -114.392150879, -37.2225418091], [1647.10559082, -623.210205078, 1096.48205566, 935.440856934, -414.544464111, 364.650604248, 30.2829666138, 85.0709686279, 61.0036811829, 213.996353149, -42.8830223083, 122.282798767, 23.0609760284], [3004.5246582, -557.549377441, 935.440856934, 1500.40087891, -332.095031738, 423.724212646, 224.913406372, 73.9528427124, 111.112228394, 277.474060059, -36.139591217, 143.252563477, 102.905525208], [-1421.51708984, 469.391693115, -414.544464111, -332.095031738, 615.938293457, -131.069580078, 171.500442505, 8.0535993576, 19.8265609741, -52.5525093079, 31.1734466553, -29.837770462, 51.3657112122], [966.632080078, -415.166931152, 364.650604248, 423.724212646, -131.069580078, 316.203979492, 97.5389480591, 89.2353591919, 38.0468521118, 112.646286011, -39.5996742249, 61.0668296814, 37.0803756714], [-8.29761505127, -36.1061172485, 30.2829666138, 224.913406372, 171.500442505, 97.5389480591, 338.156616211, 78.6103973389, 93.9374237061, 91.8398590088, -27.0941390991, 46.6507911682, 57.3629112244], [224.020874023, -112.585792542, 85.0709686279, 73.9528427124, 8.0535993576, 89.2353591919, 78.6103973389, 133.365570068, 41.5767173767, 57.5926780701, -3.67737317085, 15.7116937637, 6.60244750977], [74.8993911743, 45.1147232056, 61.0036811829, 111.112228394, 19.8265609741, 38.0468521118, 93.9374237061, 41.5767173767, 115.221374512, 48.895866394, 2.27434802055, 21.2617778778, 0.788567483425], [560.471374512, -211.957763672, 213.996353149, 277.474060059, -52.5525093079, 112.646286011, 91.8398590088, 57.5926780701, 48.895866394, 140.543273926, -5.44781112671, 49.6695518494, 28.4407138824], [-281.311279297, 100.223747253, -42.8830223083, -36.139591217, 31.1734466553, -39.5996742249, -27.0941390991, -3.67737317085, 2.27434802055, -5.44781112671, 89.8665466309, 7.07883548737, 5.30169820786], [270.444213867, -114.392150879, 122.282798767, 143.252563477, -29.837770462, 61.0668296814, 46.6507911682, 15.7116937637, 21.2617778778, 49.6695518494, 7.07883548737, 82.013885498, 30.2276992798], [23.9281978607, -37.2225418091, 23.0609760284, 102.905525208, 51.3657112122, 37.0803756714, 57.3629112244, 6.60244750977, 0.788567483425, 28.4407138824, 5.30169820786, 30.2276992798, 76.8932418823]],
        "icov": [[0.000425416306825, -0.000553839548957, 0.000837653875351, -0.00111549929716, 0.000691508932505, -0.000648606393952, 0.00081401161151, -0.000897882389836, 0.000937256554607, -0.00104578316677, 0.00153148709796, -0.00109212019015, 0.000862761924509], [-0.000553839548957, 0.00285585643724, -0.00103138713166, 0.0010127115529, -0.00209249858744, 0.00265336013399, -0.000736224639695, 0.00148311129306, -0.00349331647158, 0.00349427177571, -0.00310195889324, 0.00237523089163, -0.000927471322939], [0.000837653875351, -0.00103138713166, 0.00457610329613, -0.00350885768421, 0.00175542780198, -0.00226316065527, 0.00279252184555, -0.00229933834635, 0.00172245816793, -0.00310309440829, 0.00357165839523, -0.00367216812447, 0.00292382598855], [-0.00111549929716, 0.0010127115529, -0.00350885768421, 0.00523110292852, -0.000996142625809, 0.000474748376291, -0.00338284019381, 0.00372275407426, -0.00245162821375, 0.00118957599625, -0.00440866360441, 0.00342384492978, -0.0039274035953], [0.000691508932505, -0.00209249858744, 0.00175542780198, -0.000996142625809, 0.0050828885287, -0.00149932643399, -0.0010492206784, -0.00176585430745, 0.00270105991513, -0.00231342972256, 0.00207347190008, -0.00129835179541, -0.00096412061248], [-0.000648606393952, 0.00265336013399, -0.00226316065527, 0.000474748376291, -0.00149932643399, 0.0100634945557, -0.00153687037528, -0.00183738803025, -0.00256353663281, 0.00310023920611, -0.00116750923917, 0.0014248349471, -0.0026174406521], [0.00081401161151, -0.000736224639695, 0.00279252184555, -0.00338284019381, -0.0010492206784, -0.00153687037528, 0.00902869738638, -0.00347826443613, -0.00182139885146, -0.00347588025033, 0.00571164861321, -0.00376359187067, 0.000475245295092], [-0.000897882389836, 0.00148311129306, -0.00229933834635, 0.00372275407426, -0.00176585430745, -0.00183738803025, -0.00347826443613, 0.0140665667132, -0.00402310490608, -0.00083838053979, -0.00497018545866, 0.00424565188587, -0.000817514315713], [0.000937256554607, -0.00349331647158, 0.00172245816793, -0.00245162821375, 0.00270105991513, -0.00256353663281, -0.00182139885146, -0.00402310490608, 0.0176964458078, -0.00645326636732, 0.00307157775387, -0.00460412539542, 0.0057213595137], [-0.00104578316677, 0.00349427177571, -0.00310309440829, 0.00118957599625, -0.00231342972256, 0.00310023920611, -0.00347588025033, -0.00083838053979, -0.00645326636732, 0.0206497944891, -0.00552991172299, 0.000763460528105, -0.00341948261485], [0.00153148709796, -0.00310195889324, 0.00357165839523, -0.00440866360441, 0.00207347190008, -0.00116750923917, 0.00571164861321, -0.00497018545866, 0.00307157775387, -0.00552991172299, 0.0196679383516, -0.00748016824946, 0.00179279234726], [-0.00109212019015, 0.00237523089163, -0.00367216812447, 0.00342384492978, -0.00129835179541, 0.0014248349471, -0.00376359187067, 0.00424565188587, -0.00460412539542, 0.000763460528105, -0.00748016824946, 0.0227300710976, -0.00802269205451], [0.000862761924509, -0.000927471322939, 0.00292382598855, -0.0039274035953, -0.00096412061248, -0.0026174406521, 0.000475245295092, -0.000817514315713, 0.0057213595137, -0.00341948261485, 0.00179279234726, -0.00802269205451, 0.0225249473006]]
    },
    "melbands": {
        "dmean": [0.000486380420625, 0.000654133036733, 0.000821403926238, 0.000411578657804, 0.000182084098924, 0.000235552783124, 0.000140897042002, 0.000121368422697, 0.00014933302009, 0.000117401126772, 8.02561407909e-05, 6.08436021139e-05, 6.73990216455e-05, 5.62626373721e-05, 5.93738513999e-05, 4.67400132038e-05, 4.08351734222e-05, 5.03078372276e-05, 4.55426998087e-05, 4.06727995141e-05, 2.54804290307e-05, 2.55467512034e-05, 2.08323745028e-05, 1.2928151591e-05, 6.63492892272e-06, 7.19881154509e-06, 5.35025719728e-06, 2.70379700851e-06, 1.70662713117e-06, 1.81336724836e-06, 2.23560550694e-06, 1.6973011725e-06, 1.34682466069e-06, 1.71911426605e-06, 1.76669527718e-06, 1.47709056364e-06, 1.36025880693e-06, 1.13372072974e-06, 9.03118461792e-07, 8.99003453014e-07],
        "dmean2": [0.000847157789394, 0.0011327144457, 0.0013594457414, 0.000670339504723, 0.000284519075649, 0.000370675930753, 0.000208835990634, 0.00017912783369, 0.000227166427067, 0.000183324184036, 0.000124202080769, 9.43013437791e-05, 0.000105558763607, 8.98555517779e-05, 9.74286376731e-05, 7.48667516746e-05, 6.5889886173e-05, 8.06379975984e-05, 7.26995058358e-05, 6.11377545283e-05, 4.0172613808e-05, 4.10751308664e-05, 3.30913098878e-05, 2.05924534384e-05, 1.06016959762e-05, 1.15611819638e-05, 8.37532843434e-06, 4.42038935944e-06, 2.8057434065e-06, 2.85847363557e-06, 3.53417522092e-06, 2.63045876636e-06, 2.07230073102e-06, 2.66457664111e-06, 2.60473188973e-06, 2.23986603487e-06, 1.98933253159e-06, 1.6491999304e-06, 1.31950696414e-06, 1.27992359467e-06],
        "dvar": [1.22880794606e-06, 2.6589900699e-06, 2.7339378903e-06, 7.48355830638e-07, 1.26666847677e-07, 1.57686855573e-07, 6.05946439691e-08, 6.23621119189e-08, 8.43710452614e-08, 4.33690878765e-08, 2.49007321429e-08, 7.02769664684e-09, 1.54959796106e-08, 6.14076034466e-09, 6.58288090705e-09, 5.54899726168e-09, 2.26729190977e-09, 4.3746992695e-09, 4.08631661841e-09, 3.48193784916e-09, 1.12371700833e-09, 1.19584531166e-09, 9.95642457369e-10, 5.34979671674e-10, 1.40089287393e-10, 1.9154394737e-10, 1.28974081415e-10, 3.284873068e-11, 1.74779652556e-11, 2.55242545849e-11, 5.44007686121e-11, 2.38135865194e-11, 1.15779486692e-11, 4.1692743008e-11, 4.52496130843e-11, 7.82645476205e-11, 4.01893900104e-11, 3.01245695056e-11, 1.4200690103e-11, 2.45036786001e-11],
        "dvar2": [3.42637326867e-06, 7.49424634705e-06, 6.92630965204e-06, 1.96412861442e-06, 3.0863608913e-07, 3.61027474582e-07, 1.23129439089e-07, 1.35336122753e-07, 2.08101809562e-07, 1.11846560458e-07, 6.13216926126e-08, 1.6012352333e-08, 3.99201240953e-08, 1.49116132775e-08, 1.89695796848e-08, 1.55161075099e-08, 5.68840841098e-09, 1.08103925811e-08, 1.0825311314e-08, 6.32040642046e-09, 2.79629652766e-09, 2.95435675923e-09, 2.48778109224e-09, 1.26277766022e-09, 3.22425142141e-10, 4.79572215273e-10, 3.04923974959e-10, 8.30086138714e-11, 4.1290748598e-11, 4.65618307799e-11, 1.17426193769e-10, 5.36133255846e-11, 2.56965178302e-11, 9.14573555777e-11, 8.77330916249e-11, 1.84712148354e-10, 8.65577262643e-11, 5.7505798734e-11, 2.96266657041e-11, 4.7014468707e-11],
        "max": [0.0114958398044, 0.0166989006102, 0.0194170642644, 0.00954427197576, 0.00730492826551, 0.00629655783996, 0.00481380335987, 0.00370396976359, 0.00467149075121, 0.00383784202859, 0.00301761855371, 0.00142099743243, 0.00359598686919, 0.00106576259714, 0.00126949732658, 0.00143387482967, 0.00053615757497, 0.000865564274136, 0.00110472331289, 0.0016467688838, 0.000448770384537, 0.000460079929326, 0.000475608248962, 0.000439019990154, 0.000210613157833, 0.000252837256994, 0.000206250668271, 0.000131749242428, 0.000137020790135, 0.000174605171196, 0.000244331225986, 0.000167632781086, 8.92448078957e-05, 0.000183246389497, 0.000158729133545, 0.000329308735672, 0.000159012211952, 0.000129041247419, 0.000107422471046, 0.000186032193596],
        "mean": [0.00075969559839, 0.00110159127507, 0.0013626057189, 0.000672038411722, 0.000315672135912, 0.000491236743983, 0.000302182190353, 0.000219689536607, 0.000304827815853, 0.000233757673413, 0.000159762741532, 0.000124900878291, 0.000141056952998, 0.00011366479157, 0.000108944848762, 9.23052139115e-05, 8.28031552373e-05, 9.10668604774e-05, 9.80138283921e-05, 9.05140623217e-05, 5.50163968001e-05, 5.41261870239e-05, 4.26882361353e-05, 2.69702941296e-05, 1.45641442941e-05, 1.50623072841e-05, 1.19397273011e-05, 5.14488147019e-06, 3.28974488184e-06, 3.76760726795e-06, 4.60144974568e-06, 3.46353749592e-06, 2.91414835374e-06, 3.53443397216e-06, 3.43157921634e-06, 2.4637918159e-06, 2.19082039621e-06, 1.83513941465e-06, 1.49201434851e-06, 1.41063469528e-06],
        "median": [4.32422712038e-05, 0.000266736460617, 0.000762314593885, 0.000366510445019, 0.000123142119264, 0.000212185346754, 0.00011458627705, 6.05909262958e-05, 0.000123510457342, 0.000132729255711, 7.57499728934e-05, 7.73368228693e-05, 8.7897919002e-05, 8.42037043185e-05, 8.31679208204e-05, 6.8525900133e-05, 6.48922650726e-05, 6.05223212915e-05, 7.1162248787e-05, 5.53402278456e-05, 4.11579094362e-05, 4.02993828175e-05, 2.84371508315e-05, 1.26461573018e-05, 8.86933048605e-06, 6.65245488563e-06, 4.19663774665e-06, 1.72456452674e-06, 7.22245033558e-07, 9.10000608201e-07, 1.16884837098e-06, 8.76430590324e-07, 7.98428175131e-07, 8.98959058304e-07, 9.38550272167e-07, 4.10622760683e-07, 3.24002002117e-07, 2.77717020936e-07, 2.2208791961e-07, 1.55729935614e-07],
        "min": [3.82643569066e-24, 3.06333937703e-24, 4.58035991854e-24, 3.46317510457e-24, 2.05280126048e-24, 2.80880117862e-24, 6.62470715392e-24, 5.30810382513e-24, 5.9371718821e-24, 6.30452192312e-24, 2.68912466841e-24, 3.15055268327e-24, 3.9323753715e-24, 5.29121510201e-24, 3.5904522896e-24, 5.71323438706e-24, 6.6428738317e-24, 8.73142252132e-24, 5.19498984879e-24, 4.62461974849e-24, 6.24884688145e-24, 6.46895366793e-24, 5.67811863829e-24, 7.0816098682e-24, 7.01995644415e-24, 6.15076149421e-24, 6.6762284485e-24, 8.30932435018e-24, 8.01226694341e-24, 7.12974537177e-24, 6.17034299403e-24, 6.8216746779e-24, 7.9825466088e-24, 8.37761524989e-24, 8.51602089571e-24, 5.95997035669e-24, 6.15894040408e-24, 6.9935240818e-24, 8.16152810415e-24, 7.25027542948e-24],
        "var": [1.8864576532e-06, 3.16034129355e-06, 3.88258604289e-06, 9.65289700616e-07, 2.65890776063e-07, 4.79752827687e-07, 2.52538598033e-07, 1.59837142633e-07, 2.56832208834e-07, 1.03888311287e-07, 6.28613534559e-08, 2.06702157612e-08, 4.14963317041e-08, 1.08551114764e-08, 9.57396473211e-09, 9.24232423927e-09, 4.93102358945e-09, 9.03265018337e-09, 1.03754382863e-08, 1.46505687582e-08, 2.82276690911e-09, 2.79503420408e-09, 2.49140108544e-09, 1.47746725965e-09, 3.2755051449e-10, 5.41127975762e-10, 4.37658354002e-10, 7.54311335616e-11, 4.30415564301e-11, 8.44010139556e-11, 1.85123430474e-10, 7.12932768376e-11, 3.78019456015e-11, 1.01799117747e-10, 1.15576236082e-10, 1.18388909787e-10, 7.72178293529e-11, 5.64048842355e-11, 2.65816674228e-11, 4.74567954378e-11]
    },
    "mfcc": {
        "mean": [-639.540710449, 136.856826782, -43.1729011536, -4.83957576752, 14.625287056, -4.46418762207, -8.71673679352, 6.81354475021, -8.09876728058, -3.01987838745, -3.85884165764, -8.18042373657, -4.24226903915],
        "cov": [[8409.90136719, -2290.51904297, 2729.72436523, 1884.5690918, -286.331817627, 960.334838867, 85.7398376465, 131.904464722, 456.896514893, 269.934906006, 179.280654907, 154.943649292, 185.093765259], [-2290.51904297, 1858.19152832, -1248.96569824, -511.916442871, 208.503875732, -436.505615234, -129.722686768, -32.7869262695, -255.406997681, -99.6846542358, -44.6296463013, -111.301231384, -63.7046203613], [2729.72436523, -1248.96569824, 1597.10742188, 664.462280273, -143.800720215, 384.57611084, -17.9807052612, 33.9897880554, 135.722396851, 95.7204818726, 60.618522644, 80.8536758423, 96.7541656494], [1884.5690918, -511.916442871, 664.462280273, 821.731506348, -19.1066303253, 367.341094971, 111.614524841, 67.4516601562, 182.823928833, 96.8500289917, 81.6879577637, 67.6936187744, 79.2008285522], [-286.331817627, 208.503875732, -143.800720215, -19.1066303253, 204.815689087, -15.7228441238, 49.7186851501, -3.33493447304, -11.45561409, -13.4876718521, -5.71421957016, -4.79182004929, -2.89858841896], [960.334838867, -436.505615234, 384.57611084, 367.341094971, -15.7228441238, 338.664489746, 111.402267456, 76.9334564209, 184.329376221, 62.6632156372, 60.8020401001, 52.6670608521, 39.4614753723], [85.7398376465, -129.722686768, -17.9807052612, 111.614524841, 49.7186851501, 111.402267456, 191.914230347, 53.705368042, 124.826591492, 37.8685417175, 29.8802585602, 32.0668983459, 12.2511024475], [131.904464722, -32.7869262695, 33.9897880554, 67.4516601562, -3.33493447304, 76.9334564209, 53.705368042, 123.205299377, 86.3044509888, 47.9302253723, 49.826625824, 21.0047187805, 18.1726570129], [456.896514893, -255.406997681, 135.722396851, 182.823928833, -11.45561409, 184.329376221, 124.826591492, 86.3044509888, 248.027236938, 69.9211807251, 74.0382156372, 49.3503646851, 25.1457538605], [269.934906006, -99.6846542358, 95.7204818726, 96.8500289917, -13.4876718521, 62.6632156372, 37.8685417175, 47.9302253723, 69.9211807251, 112.727844238, 45.3054656982, 34.5846328735, 20.70470047], [179.280654907, -44.6296463013, 60.618522644, 81.6879577637, -5.71421957016, 60.8020401001, 29.8802585602, 49.826625824, 74.0382156372, 45.3054656982, 98.5434799194, 36.0916252136, 25.4411773682], [154.943649292, -111.301231384, 80.8536758423, 67.6936187744, -4.79182004929, 52.6670608521, 32.0668983459, 21.0047187805, 49.3503646851, 34.5846328735, 36.0916252136, 87.5272598267, 27.6190776825], [185.093765259, -63.7046203613, 96.7541656494, 79.2008285522, -2.89858841896, 39.4614753723, 12.2511024475, 18.1726570129, 25.1457538605, 20.70470047, 25.4411773682, 27.6190776825, 77.1250228882]],
