{
"lowlevel": {
    "average_loudness": 0.965320289135,
    "barkbands_crest": {
        "dmean": 2.71073365211,
        "dmean2": 4.39688301086,
        "dvar": 6.51173067093,
        "dvar2": 17.0737247467,
        "max": 25.9173870087,
        "mean": 12.0537376404,
        "median": 11.4880723953,
        "min": 2.61487817764,
        "var": 19.2084217072
    },
    "barkbands_flatness_db": {
        "dmean": 0.0311833582819,
        "dmean2": 0.0453105308115,
        "dvar": 0.00127266801428,
        "dvar2": 0.0025702342391,
        "max": 0.57064384222,
        "mean": 0.2102984339,
        "median": 0.175636053085,
        "min": 0.0183441080153,
        "var": 0.0131852822378
    },
    "barkbands_kurtosis": {
        "dmean": 11.4213047028,
        "dmean2": 17.6620807648,
        "dvar": 1573.97387695,
        "dvar2": 3567.42382812,
        "max": 1223.68859863,
        "mean": 19.6403388977,
        "median": 5.83452606201,
        "min": -1.95956981182,
        "var": 2895.74755859
    },
    "barkbands_skewness": {
        "dmean": 0.849273383617,
        "dmean2": 1.28890025616,
        "dvar": 1.59169614315,
        "dvar2": 3.48009181023,
        "max": 25.4058322906,
        "mean": 2.58327841759,
        "median": 2.12528562546,
        "min": -3.13608193398,
        "var": 5.3196387291
    },
    "barkbands_spread": {
        "dmean": 6.25913381577,
        "dmean2": 9.09567070007,
        "dvar": 116.682662964,
        "dvar2": 203.684936523,
        "max": 118.30316925,
        "mean": 18.8362464905,
        "median": 12.0429430008,
        "min": 0.144354507327,
        "var": 489.818023682
    },
    "dissonance": {
        "dmean": 0.0229801163077,
        "dmean2": 0.0372234582901,
        "dvar": 0.000793758488726,
        "dvar2": 0.00199258723296,
        "max": 0.500000178814,
        "mean": 0.452107220888,
        "median": 0.467366486788,
        "min": 0.159104555845,
        "var": 0.00234089698642
    },
    "dynamic_complexity": 2.90532183647,
    "erbbands_crest": {
        "dmean": 2.49523973465,
        "dmean2": 3.90163946152,
        "dvar": 6.45063829422,
        "dvar2": 14.4581003189,
        "max": 27.6119823456,
        "mean": 9.85979652405,
        "median": 8.83242225647,
        "min": 2.63614702225,
        "var": 22.1983642578
    },
    "erbbands_flatness_db": {
        "dmean": 0.0191122069955,
        "dmean2": 0.0268695615232,
        "dvar": 0.000425427773735,
        "dvar2": 0.000785241485573,
        "max": 0.382439941168,
        "mean": 0.171286523342,
        "median": 0.161378219724,
        "min": 0.0473401993513,
        "var": 0.00402680505067
    },
    "erbbands_kurtosis": {
        "dmean": 1.81747686863,
        "dmean2": 2.71492147446,
        "dvar": 9.23166847229,
        "dvar2": 18.3770637512,
        "max": 61.0894012451,
        "mean": 2.86058068275,
        "median": 0.728463888168,
        "min": -1.88506555557,
        "var": 35.5213356018
    },
    "erbbands_skewness": {
        "dmean": 0.472558379173,
        "dmean2": 0.672897040844,
        "dvar": 0.320020467043,
        "dvar2": 0.581107318401,
        "max": 5.97294282913,
        "mean": 0.600733816624,
        "median": 0.456265151501,
        "min": -5.54343032837,
        "var": 1.83995556831
    },
    "erbbands_spread": {
        "dmean": 10.0450410843,
        "dmean2": 15.3363952637,
        "dvar": 204.587661743,
        "dvar2": 460.093414307,
        "max": 197.367080688,
        "mean": 36.5961799622,
        "median": 32.4795837402,
        "min": 1.7872954607,
        "var": 610.469055176
    },
    "hfc": {
        "dmean": 10.9480714798,
        "dmean2": 15.3053588867,
        "dvar": 680.331298828,
        "dvar2": 1163.10302734,
        "max": 387.039398193,
        "mean": 28.3364601135,
        "median": 14.343870163,
        "min": 1.14528979159e-16,
        "var": 2196.73583984
    },
    "melbands_crest": {
        "dmean": 3.45077061653,
        "dmean2": 5.51017141342,
        "dvar": 11.1105384827,
        "dvar2": 29.2789669037,
        "max": 35.0296363831,
        "mean": 18.175151825,
        "median": 17.9323005676,
        "min": 2.22009038925,
        "var": 32.0089454651
    },
    "melbands_flatness_db": {
        "dmean": 0.0387695655227,
        "dmean2": 0.0560036785901,
        "dvar": 0.00198050728068,
        "dvar2": 0.00402017682791,
        "max": 0.754008710384,
        "mean": 0.311399370432,
        "median": 0.272450655699,
        "min": 0.0064501077868,
        "var": 0.0219078660011
    },
    "melbands_kurtosis": {
        "dmean": 15.6296224594,
        "dmean2": 24.8408756256,
        "dvar": 847.17755127,
        "dvar2": 2078.26464844,
        "max": 434.581970215,
        "mean": 30.9120140076,
        "median": 16.1432342529,
        "min": -1.92937302589,
        "var": 1855.0859375
    },
    "melbands_skewness": {
        "dmean": 1.01657581329,
        "dmean2": 1.5969619751,
        "dvar": 1.61185669899,
        "dvar2": 3.90552258492,
        "max": 18.4484901428,
        "mean": 3.62347650528,
        "median": 3.22157049179,
        "min": -0.448835015297,
        "var": 4.63190031052
    },
    "melbands_spread": {
        "dmean": 6.80061292648,
        "dmean2": 10.1032762527,
        "dvar": 227.779312134,
        "dvar2": 423.027435303,
        "max": 283.128509521,
        "mean": 16.6644763947,
        "median": 9.79437065125,
        "min": 0.266149610281,
        "var": 626.258178711
    },
    "pitch_salience": {
        "dmean": 0.0813105925918,
        "dmean2": 0.130946159363,
        "dvar": 0.0067791598849,
        "dvar2": 0.0175604317337,
        "max": 0.97584104538,
        "mean": 0.471489667892,
        "median": 0.468802303076,
        "min": 0.0860144048929,
        "var": 0.0176822654903
    },
    "silence_rate_20dB": {
        "dmean": 0,
        "dmean2": 0,
        "dvar": 0,
        "dvar2": 0,
        "max": 1,
        "mean": 1,
        "median": 1,
        "min": 1,
        "var": 0
    },
    "silence_rate_30dB": {
        "dmean": 0.039473682642,
        "dmean2": 0.0789779350162,
        "dvar": 0.0379148945212,
        "dvar2": 0.104487344623,
        "max": 1,
        "mean": 0.97601544857,
        "median": 1,
        "min": 0,
        "var": 0.0234095342457
    },
    "silence_rate_60dB": {
        "dmean": 0.0174148604274,
        "dmean2": 0.0348432064056,
        "dvar": 0.0171129014343,
        "dvar2": 0.0351769253612,
        "max": 1,
        "mean": 0.0429400391877,
        "median": 0,
        "min": 0,
        "var": 0.0410981550813
    },
    "spectral_centroid": {
        "dmean": 256.42388916,
        "dmean2": 376.25692749,
        "dvar": 171955.453125,
        "dvar2": 304717.6875,
        "max": 11171.4160156,
        "mean": 992.974853516,
        "median": 749.443725586,
        "min": 99.2907943726,
        "var": 858397.5
    },
    "spectral_complexity": {
        "dmean": 4.28560352325,
        "dmean2": 6.52535820007,
        "dvar": 31.5525379181,
        "dvar2": 68.8161621094,
        "max": 53,
        "mean": 15.8441009521,
        "median": 13,
        "min": 0,
        "var": 131.046676636
    },
    "spectral_decrease": {
        "dmean": 3.75599329416e-09,
        "dmean2": 5.98382987604e-09,
        "dvar": 2.4908249548e-17,
        "dvar2": 6.27645921436e-17,
        "max": 5.28008439655e-29,
        "mean": -1.15784866139e-08,
        "median": -1.06689599377e-08,
        "min": -4.45995702592e-08,
        "var": 5.05131770777e-17
    },
    "spectral_energy": {
        "dmean": 0.0146434297785,
        "dmean2": 0.0232391897589,
        "dvar": 0.000370082940208,
        "dvar2": 0.000933239818551,
        "max": 0.169963285327,
        "mean": 0.0462700203061,
        "median": 0.0423038229346,
        "min": 1.01888375848e-20,
        "var": 0.000784572737757
    },
    "spectral_energyband_high": {
        "dmean": 0.00104159745388,
        "dmean2": 0.00136064027902,
        "dvar": 1.03234424387e-05,
        "dvar2": 1.66354930116e-05,
        "max": 0.0499080494046,
        "mean": 0.0019452458946,
        "median": 0.000156662601512,
        "min": 7.73408137403e-21,
        "var": 3.23740314343e-05
    },
    "spectral_energyband_low": {
        "dmean": 0.0117108942941,
        "dmean2": 0.0188840329647,
        "dvar": 0.000246378855081,
        "dvar2": 0.000643779407255,
        "max": 0.159944593906,
        "mean": 0.0290415454656,
        "median": 0.0282121151686,
        "min": 5.932573533e-23,
        "var": 0.000464718585135
    },
    "spectral_energyband_middle_high": {
        "dmean": 0.00149229797535,
        "dmean2": 0.00235618650913,
        "dvar": 5.63838966627e-06,
        "dvar2": 1.36863282023e-05,
        "max": 0.0491081736982,
        "mean": 0.00426340987906,
        "median": 0.00206424132921,
        "min": 1.16526352588e-21,
        "var": 2.89639974653e-05
    },
    "spectral_energyband_middle_low": {
        "dmean": 0.00599066959694,
        "dmean2": 0.00919639132917,
        "dvar": 0.00011218610598,
        "dvar2": 0.000262325425865,
        "max": 0.12985175848,
        "mean": 0.0136931855232,
        "median": 0.0104410741478,
        "min": 2.70080376989e-22,
        "var": 0.000190358885447
    },
    "spectral_entropy": {
        "dmean": 0.248819127679,
        "dmean2": 0.346883624792,
        "dvar": 0.102671906352,
        "dvar2": 0.191325455904,
        "max": 9.80623149872,
        "mean": 7.13303613663,
        "median": 7.30056905746,
        "min": 4.21301698685,
        "var": 0.877560198307
    },
    "spectral_flux": {
        "dmean": 0.0328758582473,
        "dmean2": 0.0502124205232,
        "dvar": 0.00134212046396,
        "dvar2": 0.00290893437341,
        "max": 0.337773412466,
        "mean": 0.0956388637424,
        "median": 0.0870351567864,
        "min": 6.85007398027e-11,
        "var": 0.00352575047873
    },
    "spectral_kurtosis": {
        "dmean": 5.05852222443,
        "dmean2": 8.07735919952,
        "dvar": 119.032699585,
        "dvar2": 276.567352295,
        "max": 157.811355591,
        "mean": 14.1865177155,
        "median": 5.46445941925,
        "min": -1.20059752464,
        "var": 635.45300293
    },
    "spectral_rms": {
        "dmean": 0.00102503586095,
        "dmean2": 0.0015842881985,
        "dvar": 1.40279212246e-06,
        "dvar2": 3.25053315464e-06,
        "max": 0.0128770275041,
        "mean": 0.00634063547477,
        "median": 0.00642433064058,
        "min": 3.15282869257e-12,
        "var": 4.9378058975e-06
    },
    "spectral_rolloff": {
        "dmean": 472.6980896,
        "dmean2": 771.403686523,
        "dvar": 1370829.5,
        "dvar2": 2536806.75,
        "max": 18647.7539062,
        "mean": 1179.26928711,
        "median": 430.6640625,
        "min": 64.599609375,
        "var": 4153252.5
    },
    "spectral_skewness": {
        "dmean": 0.480043590069,
        "dmean2": 0.740138173103,
        "dvar": 0.563887476921,
        "dvar2": 1.28313529491,
        "max": 10.276304245,
        "mean": 2.38329768181,
        "median": 1.85645639896,
        "min": -0.267102301121,
        "var": 3.40982651711
    },
    "spectral_spread": {
        "dmean": 713863.125,
        "dmean2": 999804,
        "dvar": 1.31243402854e+12,
        "dvar2": 2.2679584768e+12,
        "max": 41131688,
        "mean": 4492207,
        "median": 4110253.5,
        "min": 658320.6875,
        "var": 6.72874050355e+12
    },
    "spectral_strongpeak": {
        "dmean": 0.304146498442,
        "dmean2": 0.523158550262,
        "dvar": 0.392045259476,
        "dvar2": 1.01864778996,
        "max": 10.729804039,
        "mean": 0.616483747959,
        "median": 0.459515601397,
        "min": 0,
        "var": 0.512576401234
    },
    "zerocrossingrate": {
        "dmean": 0.0120435776189,
        "dmean2": 0.012925747782,
        "dvar": 0.00038630553172,
        "dvar2": 0.000381748308428,
        "max": 0.5087890625,
        "mean": 0.0460691936314,
        "median": 0.029296875,
        "min": 0.0029296875,
        "var": 0.0029155020602
    },
    "barkbands": {
        "dmean": [0.000874639546964, 0.00818620622158, 0.00437712622806, 0.00348413665779, 0.00188971916214, 0.00116063538007, 0.00083409040235, 0.000627660192549, 0.000727255013771, 0.000357874843758, 0.000307135225739, 0.000396856572479, 0.000263049121713, 0.000263303169049, 0.000266038638074, 0.000172273532371, 0.000143022669363, 0.000156694150064, 0.00013784483599, 0.000104437291157, 0.00012057798449, 0.000193770451006, 0.000327152578393, 0.000302642933093, 0.000182577874511, 4.99392481288e-05, 7.03278237779e-06],
        "dmean2": [0.00139935873449, 0.0133489044383, 0.00704462500289, 0.00567079428583, 0.00314356153831, 0.00184962106869, 0.00131999631412, 0.000965445535257, 0.00111624528654, 0.000572902034037, 0.000457641144749, 0.000639069883619, 0.000405449070968, 0.000414843932958, 0.00043735318468, 0.000279058935121, 0.000234331120737, 0.00026429258287, 0.000222733142436, 0.000172890766407, 0.000180667295353, 0.000282129592961, 0.000465771649033, 0.000398791104089, 0.000261516834144, 7.12372930138e-05, 1.02120411611e-05],
        "dvar": [4.01162014896e-06, 0.000138005576446, 4.27087543358e-05, 4.4760916353e-05, 1.71305455297e-05, 4.18261743107e-06, 3.0782275644e-06, 1.97975168703e-06, 2.82574933408e-06, 9.62032459029e-07, 7.86817395237e-07, 5.05857599364e-07, 2.20776158244e-07, 2.73918260518e-07, 2.55588815889e-07, 1.63642909001e-07, 7.96802481773e-08, 1.01073368342e-07, 1.10643583184e-07, 4.55784174846e-08, 7.40240650998e-08, 1.28213332573e-06, 1.82523604053e-06, 1.83546399057e-06, 6.12574126535e-07, 2.97173983199e-08, 9.52952605715e-10],
        "dvar2": [1.01549549072e-05, 0.000360586098395, 0.000115280992759, 0.000102010926639, 4.67775098514e-05, 1.01828527477e-05, 6.57307191432e-06, 4.23322399001e-06, 5.71635382585e-06, 2.39586870521e-06, 1.58821762852e-06, 1.18283560369e-06, 4.75413003187e-07, 6.26341318366e-07, 6.4434379965e-07, 3.89200806694e-07, 1.87557645859e-07, 2.54667952504e-07, 2.76351130424e-07, 1.18624463141e-07, 1.60067727961e-07, 2.91941614705e-06, 3.7283614347e-06, 3.21036054629e-06, 1.31728927499e-06, 6.15399500248e-08, 2.1501047609e-09],
        "max": [0.016221165657, 0.12290585041, 0.0613465830684, 0.0815012007952, 0.0607228167355, 0.02757239528, 0.0349795483053, 0.0192511081696, 0.0307859349996, 0.0311657041311, 0.0253718793392, 0.00986387580633, 0.0085569312796, 0.00980505440384, 0.00682703685015, 0.0132892010733, 0.00575545011088, 0.00775424670428, 0.00583240715787, 0.00263514299877, 0.00531307933852, 0.039255220443, 0.0246831551194, 0.0289883371443, 0.0237841587514, 0.00384607212618, 0.000524643110111],
        "mean": [0.00125970644876, 0.0166179761291, 0.00857515726238, 0.00464714597911, 0.00298202247359, 0.0021759797819, 0.00145273644011, 0.000917749945074, 0.00135536049493, 0.00060644565383, 0.000561596185435, 0.000620529986918, 0.000463677104563, 0.000499156711157, 0.000520134228282, 0.000272969802609, 0.000252605474088, 0.000236647130805, 0.000227702257689, 0.00015640129277, 0.000199951580726, 0.00031309350743, 0.000531150086317, 0.000476571614854, 0.000270981865469, 6.9051689934e-05, 7.57361613068e-06],
        "median": [0.000199563699425, 0.0140667259693, 0.00518589559942, 0.00256205908954, 0.00163156574126, 0.000755608547479, 0.000374285969883, 0.000199721514946, 0.000299461127724, 0.000117412404506, 7.31673135306e-05, 0.000113761947432, 0.000105600222014, 0.000115617775009, 9.10510570975e-05, 7.11139655323e-05, 8.28601478133e-05, 8.37744883029e-05, 5.55494661967e-05, 2.79268424492e-05, 1.99727237487e-05, 2.11447768379e-05, 3.52345487045e-05, 1.55451853061e-05, 1.22353667393e-05, 2.17510205403e-06, 3.61786021585e-07],
        "min": [4.02974510412e-23, 1.46483108174e-23, 5.2895454779e-24, 3.067681583e-23, 1.68509335271e-23, 3.12505291228e-23, 2.30188002867e-23, 6.54796360961e-24, 5.11210896665e-23, 1.54553581219e-23, 7.11193951896e-23, 5.91638800049e-23, 5.73044591206e-23, 5.15033527285e-23, 1.14815334741e-22, 6.64247451031e-23, 1.41934340557e-22, 9.38612516561e-23, 2.28228440824e-22, 2.8845144548e-22, 2.74532556477e-22, 5.82269719958e-22, 4.67009391936e-22, 8.2513982308e-22, 1.34850796244e-21, 1.58230765452e-21, 2.27847727716e-21],
        "var": [6.98167104929e-06, 0.000234722625464, 7.80505797593e-05, 5.482380584e-05, 1.86227789527e-05, 1.09463162516e-05, 7.78925732448e-06, 4.54862811239e-06, 8.82151289261e-06, 3.02969715449e-06, 2.7848902846e-06, 1.19065646231e-06, 6.80880816617e-07, 8.07769936273e-07, 7.61418448292e-07, 2.73245206017e-07, 1.69611595879e-07, 1.66462385209e-07, 1.98395753159e-07, 8.09920592815e-08, 1.96866238866e-07, 2.10477219298e-06, 4.24027575718e-06, 4.35363199358e-06, 1.04219179775e-06, 5.435871131e-08, 1.05960762387e-09]
    },
    "erbbands": {
        "dmean": [0.284183055162, 1.82512497902, 4.97021913528, 8.06155776978, 9.35399723053, 5.54170036316, 6.58904647827, 10.5913600922, 11.2250852585, 12.2517232895, 13.8588352203, 16.16655159, 12.7326335907, 10.5436573029, 12.8577451706, 15.0848426819, 12.2932214737, 11.1911697388, 11.7471780777, 14.5642356873, 9.02595043182, 7.35199928284, 8.13183879852, 6.92939281464, 6.66860961914, 5.17312288284, 4.61536645889, 5.17983865738, 5.86564540863, 10.0737771988, 9.44278907776, 7.20225429535, 4.49811553955, 2.33038544655, 1.18304145336, 0.334788888693, 0.0745736956596, 0.0117594245821, 0.00121982523706, 6.28536581644e-05],
        "dmean2": [0.44442564249, 3.04108810425, 8.0592212677, 13.0370454788, 15.2020998001, 8.86994934082, 10.0791006088, 17.0848865509, 17.6090717316, 19.176864624, 21.3742523193, 24.5255832672, 19.6643104553, 16.2004852295, 19.7383956909, 24.2439117432, 18.8319759369, 17.9498958588, 18.4911174774, 24.1722068787, 14.6392879486, 12.1509952545, 13.6810359955, 11.3939676285, 10.6932706833, 8.62674045563, 7.05193424225, 7.79701042175, 8.48259925842, 13.562256813, 13.4160032272, 9.68719482422, 6.25611257553, 3.19007015228, 1.77512478828, 0.481433153152, 0.105503097177, 0.0166947878897, 0.00179979449604, 9.41207035794e-05],
        "dvar": [0.290391534567, 5.86427259445, 53.1073799133, 159.658538818, 545.49407959, 121.857322693, 151.673843384, 433.866546631, 572.516967773, 783.905761719, 1128.47705078, 1435.80664062, 911.056762695, 1198.05822754, 843.214172363, 798.017578125, 510.349365234, 443.397247314, 485.272888184, 1037.48535156, 371.990600586, 230.876953125, 310.047302246, 223.873931885, 271.470977783, 113.771720886, 95.3683319092, 180.784011841, 551.52355957, 3383.47094727, 1525.63085938, 1103.7800293, 421.547607422, 117.380027771, 20.0698013306, 1.43660843372, 0.0557574704289, 0.00181451812387, 2.95139561786e-05, 4.95533321043e-08],
        "dvar2": [0.705361843109, 16.1044216156, 143.262649536, 391.980895996, 1393.6328125, 313.496368408, 333.731292725, 1079.80908203, 1247.50585938, 1777.25354004, 2396.08276367, 3005.8815918, 1886.9473877, 2834.58203125, 1922.9005127, 1890.48022461, 1063.73303223, 1060.81445312, 1139.57727051, 2660.51660156, 883.150146484, 560.374511719, 760.686279297, 578.63067627, 681.09564209, 298.059875488, 221.346588135, 368.596405029, 924.531188965, 5818.90478516, 3185.71337891, 1936.34997559, 776.227233887, 237.467651367, 47.0920143127, 3.00298643112, 0.112931877375, 0.0039575221017, 6.7248904088e-05, 1.15005107659e-07],
        "max": [5.9102139473, 25.2124938965, 67.5456008911, 149.165908813, 311.42956543, 186.711074829, 181.150299072, 293.365936279, 366.014923096, 562.818237305, 524.839477539, 753.659423828, 773.629211426, 1579.84985352, 624.873474121, 426.176879883, 433.39440918, 309.527893066, 344.482635498, 655.071960449, 528.473632812, 294.391082764, 463.435455322, 298.722076416, 364.511260986, 112.871902466, 125.141662598, 377.450714111, 838.626464844, 2322.25366211, 833.704101562, 615.921081543, 418.810424805, 304.435882568, 125.883468628, 28.4133834839, 3.33156442642, 0.640260517597, 0.0957369804382, 0.0038664075546],
        "mean": [0.476286768913, 3.68581914902, 10.72585392, 12.6604976654, 12.3430528641, 9.27253627777, 13.1928195953, 18.4875717163, 21.0117225647, 19.2522373199, 22.0607185364, 30.2563648224, 23.1855754852, 20.5771484375, 25.1802921295, 24.7428894043, 22.7644710541, 21.9814186096, 25.2897567749, 25.268989563, 15.8982486725, 13.0917282104, 12.992890358, 11.7685508728, 11.0617389679, 7.66647863388, 7.20268821716, 8.76806735992, 9.97215747833, 15.3317213058, 15.0944042206, 10.9543104172, 7.23154306412, 3.48537874222, 1.7057839632, 0.482476830482, 0.0998907983303, 0.0142588661984, 0.00134426727891, 0.00011090622138],
        "median": [0.259210824966, 3.31530690193, 6.75565958023, 8.95185661316, 6.49584007263, 4.01002407074, 3.71581554413, 6.05726242065, 7.17061185837, 6.0061879158, 5.46460151672, 6.89899349213, 5.76449966431, 4.7065076828, 5.8487443924, 6.3746638298, 5.38470697403, 6.32571792603, 5.53184747696, 4.78741025925, 4.42335891724, 4.76634550095, 5.17713212967, 3.5273706913, 2.42416644096, 1.42153203487, 0.809772014618, 0.822031676769, 0.73211312294, 0.887793898582, 1.00607454777, 0.394499838352, 0.214390471578, 0.13777422905, 0.0716341361403, 0.0175884086639, 0.00332295894623, 0.000405004539061, 8.65858746693e-05, 5.59160871489e-05],
        "min": [6.79435825491e-22, 1.72432341815e-21, 6.15866298694e-21, 6.65495237132e-20, 4.75536602193e-20, 7.74740140527e-20, 3.07453702055e-19, 1.7400448581e-19, 2.83666908619e-19, 1.91248022107e-19, 2.89799858325e-19, 9.72166865767e-19, 1.09756124278e-18, 1.76703852738e-18, 3.57291442528e-18, 2.61744099486e-18, 2.6271969698e-18, 2.95754354154e-18, 4.26065761557e-18, 4.54970223215e-18, 3.65868643736e-18, 7.58357365791e-18, 6.39167174249e-18, 9.02040706143e-18, 1.12121734684e-17, 1.1893173896e-17, 1.65329052252e-17, 1.32282326513e-17, 1.87055546611e-17, 1.65739002964e-17, 1.11794187705e-17, 1.39271109334e-17, 1.53324990659e-17, 1.18359958633e-17, 8.83639990699e-18, 6.154274629e-18, 3.29268465891e-18, 1.07127623464e-18, 2.80270168982e-19, 3.19065178818e-20],
        "var": [0.497296452522, 9.18625164032, 106.161132812, 201.372558594, 516.213928223, 201.997940063, 519.287597656, 972.499206543, 1489.44104004, 1542.22277832, 2521.71289062, 4030.57299805, 3278.55004883, 4397.12841797, 2808.28295898, 1872.64953613, 1656.64038086, 1174.70983887, 1712.22070312, 2184.72875977, 723.139587402, 443.643341064, 511.873657227, 398.281188965, 508.701293945, 190.845703125, 216.905410767, 506.619354248, 1729.11914062, 6095.97705078, 3456.98828125, 2406.51245117, 1021.85882568, 221.106811523, 31.4153957367, 2.63473725319, 0.105344742537, 0.00250405049883, 3.21373845509e-05, 5.45978444677e-08]
    },
    "gfcc": {
        "mean": [-33.5450897217, 119.09967041, -79.8914871216, 35.213924408, -40.3586349487, 20.0611228943, -28.6680431366, 8.22289276123, -14.5293273926, -2.04671192169, -8.59114456177, -2.8603951931, -13.462594986],
        "cov": [[15875.7246094, -3868.42993164, -3107.54174805, 1137.16394043, -1947.11584473, 1066.90551758, -1338.69104004, 486.301330566, -514.289123535, 582.63885498, -691.869812012, 282.162231445, -36.2778205872], [-3868.42993164, 3316.38378906, 520.647399902, -796.45111084, 889.760070801, -603.989807129, 604.538818359, -249.780426025, 293.423522949, -335.690948486, 313.094055176, -182.967025757, 46.9540367126], [-3107.54174805, 520.647399902, 1727.42163086, -111.606437683, 215.751358032, -145.698181152, 178.439743042, -14.9016771317, 84.3960647583, -120.647445679, 141.678604126, -46.7934837341, -59.907333374], [1137.16394043, -796.45111084, -111.606437683, 644.416625977, -147.283706665, 83.1541366577, -151.872955322, 4.23905134201, -36.158115387, 82.425163269, -35.1237831116, 35.6998062134, 35.0047721863], [-1947.11584473, 889.760070801, 215.751358032, -147.283706665, 692.007568359, -198.782333374, 266.569091797, -97.2652359009, 97.20652771, -65.462562561, 120.598480225, -52.0671386719, 40.8233070374], [1066.90551758, -603.989807129, -145.698181152, 83.1541366577, -198.782333374, 312.91583252, -95.6879196167, 88.9373703003, -54.573600769, 51.6675453186, -52.131729126, 40.7843170166, -20.4352245331], [-1338.69104004, 604.538818359, 178.439743042, -151.872955322, 266.569091797, -95.6879196167, 340.466278076, -52.0239257812, 62.9408569336, -78.4110565186, 71.5893859863, -40.2087593079, -7.05184173584], [486.301330566, -249.780426025, -14.9016771317, 4.23905134201, -97.2652359009, 88.9373703003, -52.0239257812, 145.157058716, -2.31797885895, 21.0757465363, -25.115480423, 12.1711502075, -16.0902481079], [-514.289123535, 293.423522949, 84.3960647583, -36.158115387, 97.20652771, -54.573600769, 62.9408569336, -2.31797885895, 119.297615051, -20.6186122894, 34.8071708679, -19.4413070679, 8.09409427643], [582.63885498, -335.690948486, -120.647445679, 82.425163269, -65.462562561, 51.6675453186, -78.4110565186, 21.0757465363, -20.6186122894, 124.548782349, -29.0698204041, 13.4754333496, 15.2548084259], [-691.869812012, 313.094055176, 141.678604126, -35.1237831116, 120.598480225, -52.131729126, 71.5893859863, -25.115480423, 34.8071708679, -29.0698204041, 120.35647583, -4.73733377457, 6.03428792953], [282.162231445, -182.967025757, -46.7934837341, 35.6998062134, -52.0671386719, 40.7843170166, -40.2087593079, 12.1711502075, -19.4413070679, 13.4754333496, -4.73733377457, 82.0713882446, 6.78493833542], [-36.2778205872, 46.9540367126, -59.907333374, 35.0047721863, 40.8233070374, -20.4352245331, -7.05184173584, -16.0902481079, 8.09409427643, 15.2548084259, 6.03428792953, 6.78493833542, 74.4921188354]],
        "icov": [[0.000278643041383, -0.000312806980219, 0.000324346619891, -0.000453497603303, 0.000332783703925, -0.000418209383497, 0.000407997285947, -0.000496413907968, 0.000513035687618, -0.000614373362623, 0.000705249782186, -0.000357812619768, 0.000486645527417], [-0.000312806980219, 0.00191012723371, -0.000233985760133, 0.00170436582994, -0.000769214122556, 0.0015641595237, -0.000858620216604, 0.00134999863803, -0.00202383939177, 0.00254604779184, -0.00241058110259, 0.0016637701774, -0.0015422104625], [0.000324346619891, -0.000233985760133, 0.00109795678873, -0.00048228027299, 0.000311919953674, -0.00020663907344, 0.000366321037291, -0.000713353510946, 0.000336990808137, -0.000206653377973, 6.19883576292e-05, -0.00018755075871, 0.00108579418156], [-0.000453497603303, 0.00170436582994, -0.00048228027299, 0.00353882997297, -0.00068393512629, 0.0012170013506, -0.000441273208708, 0.00187070143875, -0.00197635754012, 0.00169718114194, -0.00242463871837, 0.00131814426277, -0.00233144499362], [0.000332783703925, -0.000769214122556, 0.000311919953674, -0.00068393512629, 0.00316082453355, -0.000116660274216, -0.000819105014671, -0.00027331156889, 0.000391194451367, -0.00146358425263, 0.000101215809991, -0.000308898655931, -0.000404473015806], [-0.000418209383497, 0.0015641595237, -0.00020663907344, 0.0012170013506, -0.000116660274216, 0.00633646547794, -0.00118822720833, -0.000968668900896, -0.000665011757519, 0.00137180648744, -0.00195275037549, 0.00016325773322, -0.000512528815307], [0.000407997285947, -0.000858620216604, 0.000366321037291, -0.000441273208708, -0.000819105014671, -0.00118822720833, 0.00583762023598, -0.000228671749937, 0.000222104834393, 0.000188965801499, 0.000697288487572, -3.4332388168e-05, 0.00175182730891], [-0.000496413907968, 0.00134999863803, -0.000713353510946, 0.00187070143875, -0.00027331156889, -0.000968668900896, -0.000228671749937, 0.0104485992342, -0.0034373733215, 0.00140420894604, -0.0014188576024, 0.0010420428589, -0.000320190738421], [0.000513035687618, -0.00202383939177, 0.000336990808137, -0.00197635754012, 0.000391194451367, -0.000665011757519, 0.000222104834393, -0.0034373733215, 0.0129776438698, -0.00259837275371, 0.00127669831272, -0.000507683202159, 0.000671802496072], [-0.000614373362623, 0.00254604779184, -0.000206653377973, 0.00169718114194, -0.00146358425263, 0.00137180648744, 0.000188965801499, 0.00140420894604, -0.00259837275371, 0.0141460420564, -0.00271103065461, 0.00244115805253, -0.00398544641212], [0.000705249782186, -0.00241058110259, 6.19883576292e-05, -0.00242463871837, 0.000101215809991, -0.00195275037549, 0.000697288487572, -0.0014188576024, 0.00127669831272, -0.00271103065461, 0.0149387801066, -0.00365769886412, 0.00175997626502], [-0.000357812619768, 0.0016637701774, -0.00018755075871, 0.00131814426277, -0.000308898655931, 0.00016325773322, -3.4332388168e-05, 0.0010420428589, -0.000507683202159, 0.00244115805253, -0.00365769886412, 0.0155207468197, -0.00311943283305], [0.000486645527417, -0.0015422104625, 0.00108579418156, -0.00233144499362, -0.000404473015806, -0.000512528815307, 0.00175182730891, -0.000320190738421, 0.000671802496072, -0.00398544641212, 0.00175997626502, -0.00311943283305, 0.0176645629108]]
    },
    "melbands": {
        "dmean": [0.00229835207574, 0.00241959351115, 0.00142675486859, 0.000507194490638, 0.000207405348192, 0.000227179916692, 0.000172501851921, 0.000131031847559, 0.000116224822705, 0.000103110382042, 6.4523803303e-05, 4.36705777247e-05, 4.61691161036e-05, 4.89996527904e-05, 3.02129810734e-05, 2.35776460613e-05, 2.23287715926e-05, 2.11363767448e-05, 2.06626446015e-05, 1.53176169988e-05, 1.0970195035e-05, 7.50895333113e-06, 9.13725671126e-06, 7.86683722254e-06, 5.66957078263e-06, 5.81669246458e-06, 3.97854637413e-06, 3.52267170456e-06, 2.97008205052e-06, 2.76316836789e-06, 3.33593015966e-06, 3.32377317136e-06, 4.24978406954e-06, 6.28432962912e-06, 5.927813163e-06, 4.84713928017e-06, 4.51347204944e-06, 3.35865843226e-06, 2.75695856544e-06, 1.79065023076e-06],
        "dmean2": [0.0036839870736, 0.00397862028331, 0.00230099796318, 0.000828092335723, 0.000320097489748, 0.000363997591194, 0.00027374207275, 0.000204693686101, 0.00018005509628, 0.000157753835083, 9.91871347651e-05, 6.7272594606e-05, 6.94309273968e-05, 7.87375975051e-05, 4.76769600937e-05, 3.66146668966e-05, 3.58144643542e-05, 3.31636656483e-05, 3.38346580975e-05, 2.49649147008e-05, 1.7784335796e-05, 1.2443212654e-05, 1.53229757416e-05, 1.32784116431e-05, 9.38005450735e-06, 9.37715321925e-06, 6.53182269161e-06, 6.00595376454e-06, 4.69432461614e-06, 4.29136980529e-06, 5.14075509273e-06, 5.0519679462e-06, 6.17320711171e-06, 8.75325622474e-06, 8.77721322468e-06, 6.68802476866e-06, 6.31545026408e-06, 4.63275273432e-06, 3.97276517106e-06, 2.57769920609e-06],
        "dvar": [1.42412127389e-05, 1.12110219561e-05, 6.37759467281e-06, 1.26182953863e-06, 1.31367428935e-07, 1.83052662805e-07, 1.32577000045e-07, 8.48916243967e-08, 8.07904427802e-08, 5.90094124675e-08, 2.35604833421e-08, 2.15385274061e-08, 1.55176902439e-08, 7.85548159854e-09, 2.95686408691e-09, 1.75178538342e-09, 1.88760784781e-09, 1.79178005766e-09, 1.63541613585e-09, 1.27190347143e-09, 5.43902978212e-10, 2.25105725726e-10, 4.1870434897e-10, 2.64211735823e-10, 1.69388794657e-10, 2.20500132042e-10, 9.19027076662e-11, 5.42810935089e-11, 4.28950486242e-11, 4.15115615493e-11, 8.79171804802e-11, 1.57768464959e-10, 6.88053225506e-10, 1.11467590713e-09, 6.15682227423e-10, 5.16661990968e-10, 4.79008110954e-10, 2.31135791062e-10, 1.67874977808e-10, 8.30431695631e-11],
        "dvar2": [3.59910336556e-05, 3.06163638015e-05, 1.51654821821e-05, 3.32707122652e-06, 2.90611325227e-07, 4.54999451449e-07, 2.86689243012e-07, 1.92962403389e-07, 1.70646828224e-07, 1.20878709708e-07, 4.82232316301e-08, 5.21717034019e-08, 3.43531461056e-08, 1.83593336089e-08, 6.64538513107e-09, 4.03107858205e-09, 4.55423299073e-09, 4.06382394402e-09, 3.91423071733e-09, 3.18610782202e-09, 1.30116872832e-09, 5.37649536003e-10, 1.05846298393e-09, 6.5907479474e-10, 4.46950060295e-10, 5.45524347917e-10, 2.36201391779e-10, 1.46919601485e-10, 1.07756754908e-10, 8.90319762359e-11, 1.90816668022e-10, 2.81486445264e-10, 1.4364809342e-09, 1.98025307263e-09, 1.34980271405e-09, 9.74245573104e-10, 9.06616948182e-10, 4.2392958588e-10, 3.3430938573e-10, 1.8254198153e-10],
        "max": [0.0422135554254, 0.0311123784631, 0.0271225720644, 0.0161478053778, 0.00473518483341, 0.00583718670532, 0.00665257312357, 0.00528950523585, 0.00501204375178, 0.00479810731485, 0.00378920021467, 0.00647468864918, 0.00275036203675, 0.0012276006164, 0.000794157385826, 0.000561676337384, 0.000651292561088, 0.00081603549188, 0.00050978170475, 0.000938492245041, 0.000612394884229, 0.000311698851874, 0.000398106611101, 0.000419222662458, 0.0002745554375, 0.000317525205901, 0.00024490134092, 7.11333486834e-05, 8.86422058102e-05, 7.99378394731e-05, 0.000266351009486, 0.000409382977523, 0.000924317340832, 0.0011366608087, 0.000537210842595, 0.000582364329603, 0.000473077205243, 0.000311509065796, 0.000285578687908, 0.000291702715913],
        "mean": [0.00439574336633, 0.00545075908303, 0.00224368763156, 0.000781818875112, 0.000426252838224, 0.000406770792324, 0.00032065162668, 0.000203973759199, 0.000187562574865, 0.000190255959751, 0.000113790432806, 8.20248751552e-05, 8.82158856257e-05, 7.7075594163e-05, 5.09950186824e-05, 4.33746135968e-05, 4.15565446019e-05, 4.11467008234e-05, 3.94942471758e-05, 2.36446867348e-05, 1.80698461918e-05, 1.2763194718e-05, 1.37134620672e-05, 1.16341097964e-05, 8.9846598712e-06, 9.26110442379e-06, 6.15645421931e-06, 4.77185494674e-06, 4.26932592745e-06, 4.50364086646e-06, 5.35246863365e-06, 5.22645268575e-06, 6.73328122502e-06, 9.2043510449e-06, 9.19080957829e-06, 7.17754801371e-06, 6.46596254228e-06, 5.20028061146e-06, 4.19621346737e-06, 2.47433376899e-06],
        "median": [0.00309589947574, 0.00479996809736, 0.00157293293159, 0.00040428826469, 0.000146884049173, 0.000136461254442, 0.000103719576146, 5.98055667069e-05, 4.23149795097e-05, 4.18483214162e-05, 2.55177001236e-05, 1.71212559508e-05, 1.6052455976e-05, 1.4334480511e-05, 1.04217870103e-05, 1.04716309579e-05, 1.06059997051e-05, 8.66831487656e-06, 6.48471586828e-06, 5.52673145648e-06, 4.65996754428e-06, 4.48520040663e-06, 5.05447223986e-06, 3.78707954951e-06, 2.47428420153e-06, 1.94288236344e-06, 1.17608419714e-06, 7.96837241523e-07, 4.52489956615e-07, 4.43788394477e-07, 4.56063503407e-07, 3.88572004795e-07, 3.97370655492e-07, 5.05605271428e-07, 6.20011235242e-07, 2.88432062234e-07, 1.87002797247e-07, 1.36447852128e-07, 1.17050817039e-07, 9.75619443011e-08],
        "min": [7.50990690833e-24, 3.39490077094e-24, 1.07605747179e-23, 3.63572817239e-24, 9.69045807874e-24, 4.35813070179e-24, 4.62619510372e-24, 1.453781014e-24, 2.72680184854e-24, 6.74070915003e-24, 5.29218303434e-24, 6.00421440942e-24, 1.2515693991e-23, 6.54128195775e-24, 5.97579017328e-24, 3.93242191429e-24, 5.25916013356e-24, 5.53696420665e-24, 9.66249059307e-24, 4.82184877986e-24, 3.93799127228e-24, 7.42834342389e-24, 7.1064471538e-24, 5.46078075359e-24, 7.5367889214e-24, 8.1203211659e-24, 8.64782377575e-24, 7.99868433634e-24, 9.56886148109e-24, 8.78940853102e-24, 7.93605903566e-24, 9.2028655198e-24, 8.78013625994e-24, 9.86307109999e-24, 6.39190877876e-24, 6.0833304529e-24, 9.95234964408e-24, 9.92611055265e-24, 1.03328385579e-23, 9.65612921873e-24],
        "var": [2.43652029894e-05, 2.00755221158e-05, 7.65283584769e-06, 1.4657975953e-06, 4.48174859002e-07, 4.32497813563e-07, 3.51587431169e-07, 1.79537664735e-07, 1.83248118901e-07, 1.70716447201e-07, 8.39470857272e-08, 7.51606918925e-08, 5.14940659002e-08, 1.85380457651e-08, 8.21196621814e-09, 5.04137354085e-09, 4.71381333966e-09, 5.83621284633e-09, 4.94434537757e-09, 2.31134644757e-09, 1.01363761829e-09, 4.38105302036e-10, 6.87878920491e-10, 4.34806551874e-10, 2.62938892881e-10, 4.03502065094e-10, 1.59533969368e-10, 7.82599332561e-11, 7.92356458224e-11, 1.0069649975e-10, 2.1693326302e-10, 4.33871938377e-10, 1.23177146261e-09, 2.06577754902e-09, 1.25206300883e-09, 1.09459996622e-09, 9.39667677002e-10, 5.51855283693e-10, 3.55702967081e-10, 1.25981128307e-10]
    },
    "mfcc": {
        "mean": [-684.692321777, 147.263305664, 26.9068336487, 26.2739181519, 17.4489765167, 14.047580719, 4.40117502213, 13.0986833572, -1.5082167387, 5.64203119278, 5.82539892197, 2.24476146698, 0.927141189575],
        "cov": [[15265.4179688, -4107.15185547, -2321.0612793, -306.174835205, -711.171508789, 34.1531028748, -687.757568359, -333.033050537, -39.2574119568, 171.772689819, -337.791229248, -374.027801514, -19.4810752869], [-4107.15185547, 3383.25463867, 112.24622345, -83.7004394531, 155.948181152, -134.057434082, 193.005584717, 166.401428223, 8.08784484863, -67.2886581421, 151.567550659, 103.243629456, 25.8933334351], [-2321.0612793, 112.24622345, 1428.54882812, 52.6987838745, 128.471359253, -58.3252716064, 66.0026016235, 80.1491394043, -32.7087783813, -3.0786716938, 43.0027160645, 75.7302703857, 1.21375226974], [-306.174835205, -83.7004394531, 52.6987838745, 458.762298584, 96.8661270142, 62.9383583069, 7.17496585846, -46.6699256897, 8.33574962616, -20.2228221893, -16.4714565277, 30.2542114258, 12.3098964691], [-711.171508789, 155.948181152, 128.471359253, 96.8661270142, 297.807098389, 16.9331626892, 46.0659751892, -2.27171182632, 10.9028148651, 1.0689522028, 20.0358810425, 32.2307701111, 18.3900222778], [34.1531028748, -134.057434082, -58.3252716064, 62.9383583069, 16.9331626892, 175.671081543, 37.4727249146, 2.15339255333, 7.14834547043, 5.65641403198, -3.26665377617, -3.80982089043, 1.97279155254], [-687.757568359, 193.005584717, 66.0026016235, 7.17496585846, 46.0659751892, 37.4727249146, 184.181640625, 44.48828125, 14.2341785431, 3.28533840179, 26.5956878662, 30.2123851776, 3.15388178825], [-333.033050537, 166.401428223, 80.1491394043, -46.6699256897, -2.27171182632, 2.15339255333, 44.48828125, 159.524719238, 1.89844298363, 6.79188871384, 18.4031600952, 12.4859352112, 11.4859371185], [-39.2574119568, 8.08784484863, -32.7087783813, 8.33574962616, 10.9028148651, 7.14834547043, 14.2341785431, 1.89844298363, 107.250892639, 19.3246955872, 10.5628557205, 0.0925007238984, -6.45460557938], [171.772689819, -67.2886581421, -3.0786716938, -20.2228221893, 1.0689522028, 5.65641403198, 3.28533840179, 6.79188871384, 19.3246955872, 87.8006591797, 12.9650659561, -4.60132074356, 6.66952371597], [-337.791229248, 151.567550659, 43.0027160645, -16.4714565277, 20.0358810425, -3.26665377617, 26.5956878662, 18.4031600952, 10.5628557205, 12.9650659561, 75.9946136475, 22.8636436462, -2.93445706367], [-374.027801514, 103.243629456, 75.7302703857, 30.2542114258, 32.2307701111, -3.80982089043, 30.2123851776, 12.4859352112, 0.0925007238984, -4.60132074356, 22.8636436462, 75.820274353, 12.5607433319], [-19.4810752869, 25.8933334351, 1.21375226974, 12.3098964691, 18.3900222778, 1.97279155254, 3.15388178825, 11.4859371185, -6.45460557938, 6.66952371597, -2.93445706367, 12.5607433319, 64.5327072144]],
