{
"lowlevel": {
    "average_loudness": 0.942628502846,
    "barkbands_crest": {
        "dmean": 1.80286133289,
        "dmean2": 2.98854136467,
        "dvar": 2.71100211143,
        "dvar2": 7.32756185532,
        "max": 25.2552566528,
        "mean": 7.86289596558,
        "median": 7.40770483017,
        "min": 3.09425020218,
        "var": 6.90570735931
    },
    "barkbands_flatness_db": {
        "dmean": 0.015135535039,
        "dmean2": 0.0228513162583,
        "dvar": 0.000212359314901,
        "dvar2": 0.00046548093087,
        "max": 0.312122166157,
        "mean": 0.100526317954,
        "median": 0.0911703109741,
        "min": 0.0360618419945,
        "var": 0.00153431179933
    },
    "barkbands_kurtosis": {
        "dmean": 1.44937860966,
        "dmean2": 2.21259903908,
        "dvar": 7.4436917305,
        "dvar2": 13.2600231171,
        "max": 124.818351746,
        "mean": 1.94882845879,
        "median": 1.27364730835,
        "min": -1.75141465664,
        "var": 19.2579689026
    },
    "barkbands_skewness": {
        "dmean": 0.357546269894,
        "dmean2": 0.550625443459,
        "dvar": 0.131248697639,
        "dvar2": 0.29617112875,
        "max": 10.1338644028,
        "mean": 1.43494772911,
        "median": 1.4154869318,
        "min": -2.06902217865,
        "var": 0.526551246643
    },
    "barkbands_spread": {
        "dmean": 4.59214544296,
        "dmean2": 6.89766311646,
        "dvar": 24.5088043213,
        "dvar2": 49.3163337708,
        "max": 77.6245727539,
        "mean": 26.018945694,
        "median": 24.691701889,
        "min": 1.17981922626,
        "var": 94.3493499756
    },
    "dissonance": {
        "dmean": 0.0134981479496,
        "dmean2": 0.02283385396,
        "dvar": 0.00016593602777,
        "dvar2": 0.000469266524306,
        "max": 0.5,
        "mean": 0.472965806723,
        "median": 0.476794213057,
        "min": 0.343022733927,
        "var": 0.000324983091559
    },
    "dynamic_complexity": 2.26926612854,
    "erbbands_crest": {
        "dmean": 1.76947760582,
        "dmean2": 2.80625677109,
        "dvar": 2.8967499733,
        "dvar2": 7.15783023834,
        "max": 22.8754749298,
        "mean": 6.92030954361,
        "median": 6.29852867126,
        "min": 2.50205779076,
        "var": 7.19774103165
    },
    "erbbands_flatness_db": {
        "dmean": 0.0129165528342,
        "dmean2": 0.0175573211163,
        "dvar": 0.00017459790979,
        "dvar2": 0.000297533842968,
        "max": 0.317452132702,
        "mean": 0.129472404718,
        "median": 0.120289854705,
        "min": 0.0518585592508,
        "var": 0.00183562177699
    },
    "erbbands_kurtosis": {
        "dmean": 0.345204412937,
        "dmean2": 0.542266309261,
        "dvar": 0.178434997797,
        "dvar2": 0.411516994238,
        "max": 10.4356231689,
        "mean": -0.574598014355,
        "median": -0.723244428635,
        "min": -1.64578843117,
        "var": 0.43054920435
    },
    "erbbands_skewness": {
        "dmean": 0.25247579813,
        "dmean2": 0.372495800257,
        "dvar": 0.0484935939312,
        "dvar2": 0.108858041465,
        "max": 3.31933879852,
        "mean": 0.0905691608787,
        "median": 0.101624257863,
        "min": -1.7091063261,
        "var": 0.209485575557
    },
    "erbbands_spread": {
        "dmean": 6.10818958282,
        "dmean2": 9.12366199493,
        "dvar": 36.7771072388,
        "dvar2": 80.3855209351,
        "max": 109.855377197,
        "mean": 46.5032424927,
        "median": 45.5507698059,
        "min": 15.2899398804,
        "var": 187.915527344
    },
    "hfc": {
        "dmean": 5.53420591354,
        "dmean2": 8.16898059845,
        "dvar": 55.439743042,
        "dvar2": 121.827041626,
        "max": 128.208953857,
        "mean": 24.620174408,
        "median": 23.5113525391,
        "min": 1.09042707055e-16,
        "var": 221.53527832
    },
    "melbands_crest": {
        "dmean": 2.61166119576,
        "dmean2": 4.27485513687,
        "dvar": 5.24566936493,
        "dvar2": 13.7954235077,
        "max": 33.0562133789,
        "mean": 12.4343938828,
        "median": 12.0133371353,
        "min": 1.65484964848,
        "var": 15.7505912781
    },
    "melbands_flatness_db": {
        "dmean": 0.0183914937079,
        "dmean2": 0.0286480542272,
        "dvar": 0.000323397398461,
        "dvar2": 0.000765160890296,
        "max": 0.381965130568,
        "mean": 0.165163382888,
        "median": 0.158404737711,
        "min": 0.00376312853768,
        "var": 0.00209117191844
    },
    "melbands_kurtosis": {
        "dmean": 3.83140230179,
        "dmean2": 5.97763156891,
        "dvar": 40.8581733704,
        "dvar2": 82.9549026489,
        "max": 247.427856445,
        "mean": 9.46090316772,
        "median": 7.60222148895,
        "min": -1.37455832958,
        "var": 115.155212402
    },
    "melbands_skewness": {
        "dmean": 0.481521785259,
        "dmean2": 0.759435236454,
        "dvar": 0.258382886648,
        "dvar2": 0.616867125034,
        "max": 12.651093483,
        "mean": 2.59812045097,
        "median": 2.53187704086,
        "min": -0.160675033927,
        "var": 1.00786685944
    },
    "melbands_spread": {
        "dmean": 5.61498022079,
        "dmean2": 8.68100452423,
        "dvar": 43.7658805847,
        "dvar2": 91.9720687866,
        "max": 174.745407104,
        "mean": 25.0867462158,
        "median": 22.4485359192,
        "min": 0.994275212288,
        "var": 218.558776855
    },
    "pitch_salience": {
        "dmean": 0.0592798516154,
        "dmean2": 0.0964352190495,
        "dvar": 0.00268118805252,
        "dvar2": 0.0069181388244,
        "max": 0.816325187683,
        "mean": 0.615073442459,
        "median": 0.616566240788,
        "min": 0.17292124033,
        "var": 0.00713607762009
    },
    "silence_rate_20dB": {
        "dmean": 0,
        "dmean2": 0,
        "dvar": 0,
        "dvar2": 0,
        "max": 1,
        "mean": 1,
        "median": 1,
        "min": 1,
        "var": 0
    },
    "silence_rate_30dB": {
        "dmean": 0,
        "dmean2": 0,
        "dvar": 0,
        "dvar2": 0,
        "max": 1,
        "mean": 1,
        "median": 1,
        "min": 1,
        "var": 0
    },
    "silence_rate_60dB": {
        "dmean": 0.0143188852817,
        "dmean2": 0.0286488570273,
        "dvar": 0.0141145689413,
        "dvar2": 0.0301536526531,
        "max": 1,
        "mean": 0.0425531901419,
        "median": 0,
        "min": 0,
        "var": 0.0407401546836
    },
    "spectral_centroid": {
        "dmean": 196.130737305,
        "dmean2": 300.649993896,
        "dvar": 52084.5390625,
        "dvar2": 105305.507812,
        "max": 11883.0410156,
        "mean": 1366.03271484,
        "median": 1262.20288086,
        "min": 269.114715576,
        "var": 801449.6875
    },
    "spectral_complexity": {
        "dmean": 3.78018569946,
        "dmean2": 5.80100679398,
        "dvar": 13.5492315292,
        "dvar2": 28.5959606171,
        "max": 48,
        "mean": 23.9779491425,
        "median": 25,
        "min": 0,
        "var": 72.5011138916
    },
    "spectral_decrease": {
        "dmean": 1.84506931955e-09,
        "dmean2": 3.01772451472e-09,
        "dvar": 5.42078793725e-18,
        "dvar2": 1.41897705564e-17,
        "max": 1.38200635387e-20,
        "mean": -6.87035806024e-09,
        "median": -6.27072926918e-09,
        "min": -3.55701601507e-08,
        "var": 1.76190876681e-17
    },
    "spectral_energy": {
        "dmean": 0.00729846442118,
        "dmean2": 0.0119069255888,
        "dvar": 8.46860057209e-05,
        "dvar2": 0.000220433576033,
        "max": 0.138673976064,
        "mean": 0.0281634517014,
        "median": 0.0260335449129,
        "min": 9.98897330047e-21,
        "var": 0.000283464120002
    },
    "spectral_energyband_high": {
        "dmean": 0.000328899710439,
        "dmean2": 0.000448270177003,
        "dvar": 4.19410071117e-07,
        "dvar2": 7.80946777468e-07,
        "max": 0.0131891164929,
        "mean": 0.00101766525768,
        "median": 0.000798180990387,
        "min": 6.93769466004e-21,
        "var": 1.16426076602e-06
    },
    "spectral_energyband_low": {
        "dmean": 0.00286111468449,
        "dmean2": 0.00494810007513,
        "dvar": 2.1037471015e-05,
        "dvar2": 6.46466723992e-05,
        "max": 0.0784445405006,
        "mean": 0.00611759489402,
        "median": 0.00407607154921,
        "min": 2.43424315773e-23,
        "var": 4.4742879254e-05
    },
    "spectral_energyband_middle_high": {
        "dmean": 0.00144844152965,
        "dmean2": 0.0022109108977,
        "dvar": 3.73899274564e-06,
        "dvar2": 8.59334795678e-06,
        "max": 0.0510031171143,
        "mean": 0.00560063868761,
        "median": 0.00470051076263,
        "min": 1.25894637506e-21,
        "var": 1.70959283423e-05
    },
    "spectral_energyband_middle_low": {
        "dmean": 0.00550837628543,
        "dmean2": 0.00886644795537,
        "dvar": 4.89897829539e-05,
        "dvar2": 0.000127114559291,
        "max": 0.0861301124096,
        "mean": 0.0177360903472,
        "median": 0.0157645288855,
        "min": 2.09947428694e-22,
        "var": 0.000134315836476
    },
    "spectral_entropy": {
        "dmean": 0.112010598183,
        "dmean2": 0.157853886485,
        "dvar": 0.0135920159519,
        "dvar2": 0.0241941027343,
        "max": 9.80868625641,
        "mean": 7.73081684113,
        "median": 7.74994564056,
        "min": 6.25037527084,
        "var": 0.112879514694
    },
    "spectral_flux": {
        "dmean": 0.0193489976227,
        "dmean2": 0.0295292008668,
        "dvar": 0.000472364365123,
        "dvar2": 0.00103427818976,
        "max": 0.275529354811,
        "mean": 0.0759369879961,
        "median": 0.0732457190752,
        "min": 6.40719560741e-11,
        "var": 0.0012748768786
    },
    "spectral_kurtosis": {
        "dmean": 1.1957937479,
        "dmean2": 1.94261932373,
        "dvar": 4.22447061539,
        "dvar2": 12.2353038788,
        "max": 24.5740394592,
        "mean": 4.38801431656,
        "median": 3.89199590683,
        "min": -1.25716030598,
        "var": 7.3449921608
    },
    "spectral_rms": {
        "dmean": 0.000655820127577,
        "dmean2": 0.00103951722849,
        "dvar": 5.43666658359e-07,
        "dvar2": 1.33034666305e-06,
        "max": 0.0116314953193,
        "mean": 0.00496031576768,
        "median": 0.00503970030695,
        "min": 3.12175263938e-12,
        "var": 2.87182615466e-06
    },
    "spectral_rolloff": {
        "dmean": 509.972320557,
        "dmean2": 823.939147949,
        "dvar": 565931.3125,
        "dvar2": 1066454.5,
        "max": 19702.8808594,
        "mean": 1798.32727051,
        "median": 1550.390625,
        "min": 172.265625,
        "var": 3557448.5
    },
    "spectral_skewness": {
        "dmean": 0.152969151735,
        "dmean2": 0.240410834551,
        "dvar": 0.0343019217253,
        "dvar2": 0.0933301448822,
        "max": 3.12318539619,
        "mean": 1.58898794651,
        "median": 1.59482526779,
        "min": -0.0848136916757,
        "var": 0.109466433525
    },
    "spectral_spread": {
        "dmean": 526217.1875,
        "dmean2": 739478.25,
        "dvar": 692524023808,
        "dvar2": 1.21246148198e+12,
        "max": 42320084,
        "mean": 5400593.5,
        "median": 5154520,
        "min": 1521744.875,
        "var": 1.13474053079e+13
    },
    "spectral_strongpeak": {
        "dmean": 0.358300209045,
        "dmean2": 0.621769785881,
        "dvar": 0.308358550072,
        "dvar2": 0.816974103451,
        "max": 6.65875005722,
        "mean": 0.711194097996,
        "median": 0.54502415657,
        "min": 2.00210993617e-11,
        "var": 0.414138019085
    },
    "zerocrossingrate": {
        "dmean": 0.0102533390746,
        "dmean2": 0.0124057084322,
        "dvar": 0.000178753383807,
        "dvar2": 0.000250403973041,
        "max": 0.5341796875,
        "mean": 0.0757060721517,
        "median": 0.068359375,
        "min": 0.00830078125,
        "var": 0.00229070964269
    },
    "barkbands": {
        "dmean": [1.87066889339e-05, 0.000671838701237, 0.00157017330639, 0.00224658870138, 0.00240514846519, 0.00101245159749, 0.00173280667514, 0.000679193646647, 0.000709976884536, 0.000444775156211, 0.000173676395207, 0.000215996813495, 0.000213900653762, 0.000215817883145, 0.000345615117112, 0.000387911306461, 0.000357649609214, 0.000192324892851, 9.80280165095e-05, 9.95873924694e-05, 6.71301677357e-05, 5.10602767463e-05, 5.49040596525e-05, 7.66480079619e-05, 6.99679876561e-05, 5.46882874914e-05, 1.3625264728e-05],
        "dmean2": [3.25534783769e-05, 0.00111593410838, 0.00278438790701, 0.00375037128106, 0.00395258562639, 0.00157819350716, 0.00286593590863, 0.00107199337799, 0.00105185084976, 0.000694230489898, 0.000279078434687, 0.000341166567523, 0.000335919030476, 0.000336125900503, 0.000556978979148, 0.00061376648955, 0.000558459898457, 0.000303502340103, 0.000157015238074, 0.000155319925398, 0.000104047328932, 7.38519302104e-05, 8.15923922346e-05, 0.000107896841655, 9.93722278508e-05, 8.51455915836e-05, 2.1008288968e-05],
        "dvar": [1.28318911052e-09, 1.67113455518e-06, 8.62128308654e-06, 7.98656856205e-06, 1.00374963949e-05, 1.57616148044e-06, 1.07614923763e-05, 3.16291948366e-06, 2.54142446465e-06, 1.14070496693e-06, 1.06165117586e-07, 1.84871865372e-07, 3.39620100931e-07, 1.57835586378e-07, 2.13142442362e-07, 1.9585708344e-07, 1.83560260325e-07, 5.61704496249e-08, 1.55398875989e-08, 2.42781972304e-08, 1.11414726334e-08, 1.42360985222e-08, 1.38551117246e-08, 4.38717115969e-08, 2.67090918271e-08, 1.10813616061e-08, 6.85447532067e-10],
        "dvar2": [3.6964213912e-09, 4.7449975682e-06, 2.65617236437e-05, 2.16867683775e-05, 2.64249938482e-05, 3.91279490941e-06, 2.84746765828e-05, 7.30505780666e-06, 5.16757427249e-06, 2.50206790042e-06, 2.69226035243e-07, 4.76431296192e-07, 8.07817229997e-07, 3.51774360752e-07, 5.0570389476e-07, 4.79384482333e-07, 4.35842366642e-07, 1.28913242747e-07, 3.61274032912e-08, 5.48384235799e-08, 2.44422206919e-08, 2.68780713242e-08, 2.85130354882e-08, 8.60215365606e-08, 4.92914509209e-08, 2.71710476341e-08, 1.62975322127e-09],
        "max": [0.00049259403022, 0.0185153409839, 0.0528468564153, 0.0326373465359, 0.0439745485783, 0.0150390770286, 0.0470617413521, 0.0440104231238, 0.0360077992082, 0.0287437271327, 0.00611036876217, 0.00774941686541, 0.015190416947, 0.00756140751764, 0.00818158965558, 0.00605285400525, 0.00652959244326, 0.00390897225589, 0.00234695780091, 0.00292938295752, 0.00247901957482, 0.00326578901149, 0.00324967480265, 0.00472390605137, 0.00316914217547, 0.00119093537796, 0.000311791925924],
        "mean": [2.60978795268e-05, 0.00107790820766, 0.0027906387113, 0.00450580473989, 0.0049530332908, 0.00258905626833, 0.0027543308679, 0.00117928476539, 0.00159386370797, 0.000983301433735, 0.000333688629325, 0.000352302799001, 0.000349401379935, 0.000445353216492, 0.000727008853573, 0.000843360961881, 0.000809803663287, 0.000454519875348, 0.000246194802457, 0.000262240559096, 0.000167418227647, 0.000121925426356, 0.00014012317115, 0.000181499141036, 0.000164435099578, 8.91451054486e-05, 2.17240685743e-05],
        "median": [1.19272554002e-05, 0.000613223935943, 0.00119074806571, 0.0031534822192, 0.00382329011336, 0.00198827800341, 0.00156096799765, 0.000566826725844, 0.000684400903992, 0.000488212594064, 0.000179888302227, 0.000136971153552, 0.000153326720465, 0.000241308443947, 0.000530695775524, 0.000694757094607, 0.000677888572682, 0.000347261870047, 0.000201844901312, 0.000160980082001, 0.000136379792821, 8.93194956006e-05, 0.000101829282357, 0.000116899820569, 0.000105530278233, 4.45587502327e-05, 7.66827179177e-06],
        "min": [3.60425666519e-25, 5.35240191483e-24, 5.49365416523e-24, 6.11617073238e-25, 1.58546700458e-23, 6.29463828484e-24, 7.57988675923e-24, 2.83062067683e-23, 3.7712227637e-23, 2.46791426552e-23, 3.458874866e-23, 4.10675402123e-23, 6.64223217224e-23, 5.04960720158e-23, 4.78022382422e-23, 8.01291586039e-23, 8.08173797903e-23, 9.09171470271e-23, 1.69088270823e-22, 1.47079808874e-22, 2.85411364878e-22, 3.3143671602e-22, 4.65175801513e-22, 6.37536027557e-22, 9.30879799045e-22, 1.34054443053e-21, 2.11606391818e-21],
        "var": [1.83058290748e-09, 1.99152827918e-06, 1.83258234756e-05, 1.97233312065e-05, 2.14707833948e-05, 4.6717668738e-06, 1.34823167173e-05, 4.88210480398e-06, 7.43046030038e-06, 3.55357428816e-06, 3.43618751231e-07, 3.52016400029e-07, 6.29395685792e-07, 4.47438566198e-07, 6.0653150058e-07, 4.67989110575e-07, 4.35185683045e-07, 1.78136502882e-07, 4.42310899018e-08, 9.31549806182e-08, 2.59694719063e-08, 3.16224166852e-08, 3.17719148768e-08, 9.23645515627e-08, 5.98929474904e-08, 1.51678616334e-08, 1.09346021127e-09]
    },
    "erbbands": {
        "dmean": [0.0153481448069, 0.175416618586, 1.19810056686, 5.08088064194, 8.4901342392, 8.16745090485, 8.16611480713, 9.08578300476, 24.8399791718, 17.1683349609, 13.6302938461, 16.4183368683, 13.871131897, 10.0194997787, 8.16725349426, 7.41428565979, 9.60311985016, 9.28084754944, 18.0374851227, 15.0588436127, 23.9001216888, 17.2839450836, 11.9792718887, 5.89196681976, 5.15975379944, 4.33617162704, 3.2698905468, 2.45664381981, 1.85375952721, 1.68108654022, 1.5637383461, 1.70678007603, 1.26959812641, 0.850689470768, 0.485539287329, 0.246564954519, 0.108878299594, 0.0199717711657, 0.00245666713454, 0.000102662197605],
        "dmean2": [0.0235091224313, 0.296842992306, 2.08674025536, 8.72488975525, 14.1146154404, 13.3003892899, 12.9732570648, 14.4198713303, 41.8347702026, 27.2571525574, 21.2324409485, 24.7344398499, 21.3847999573, 15.4140367508, 13.1129150391, 11.7786808014, 15.0500144958, 14.5697727203, 28.8871955872, 23.7071971893, 37.6861610413, 26.577835083, 18.619644165, 9.17448329926, 8.11981678009, 6.63859415054, 5.0297203064, 3.78838539124, 2.73721933365, 2.536911726, 2.26382780075, 2.42752695084, 1.81300997734, 1.22200059891, 0.706435859203, 0.37032532692, 0.174408197403, 0.0312142018229, 0.00380645901896, 0.000162066004123],
        "dvar": [0.000690752232913, 0.129469931126, 5.67281293869, 43.2831535339, 139.446655273, 144.255813599, 114.785377502, 151.903640747, 2617.61938477, 1005.70898438, 1165.33361816, 1396.05761719, 1511.44519043, 404.233551025, 208.234329224, 253.842391968, 760.029296875, 268.98248291, 603.002868652, 486.711547852, 803.736022949, 437.236114502, 217.492553711, 42.9962615967, 54.9145584106, 42.1325798035, 26.0874767303, 16.7003955841, 18.9558753967, 11.3332996368, 12.4024429321, 19.9387626648, 12.909034729, 4.59691381454, 1.1255505085, 0.212314784527, 0.0462016686797, 0.00140866427682, 2.24494215217e-05, 3.59144038953e-08],
        "dvar2": [0.00166096247267, 0.376946181059, 16.6636753082, 130.128890991, 382.406524658, 374.52822876, 287.144287109, 381.697143555, 7010.56445312, 2279.15722656, 2821.30981445, 3024.71508789, 3345.89672852, 880.450439453, 504.281799316, 653.549194336, 1810.55725098, 619.385925293, 1423.52392578, 1069.23132324, 1979.86242676, 1030.7532959, 528.576599121, 104.185310364, 122.814788818, 95.533493042, 57.9423522949, 35.1750793457, 34.6555213928, 25.071062088, 24.2674160004, 39.2206878662, 26.4294605255, 8.39622592926, 2.2292599678, 0.491693466902, 0.116623565555, 0.00339374411851, 5.31711229996e-05, 8.36250464431e-08],
        "max": [0.352503150702, 5.62495136261, 45.5558586121, 71.1680755615, 217.101409912, 193.030288696, 134.066421509, 183.803405762, 811.555664062, 606.177612305, 848.467956543, 893.527648926, 904.258972168, 542.513366699, 271.768341064, 377.813598633, 706.698486328, 279.037963867, 338.58303833, 536.742797852, 414.561279297, 322.073822021, 227.374923706, 173.997528076, 149.58039856, 110.353096008, 116.313575745, 83.8984222412, 128.80355835, 84.5392227173, 87.574005127, 104.029449463, 87.6227493286, 44.9574775696, 20.078327179, 5.99095106125, 2.14742064476, 0.336254835129, 0.0532085113227, 0.00278829340823],
        "mean": [0.0304866656661, 0.286209821701, 2.40314817429, 10.2466840744, 15.9203519821, 16.2285900116, 19.8240814209, 20.9450969696, 38.6649398804, 32.2247085571, 27.2838916779, 35.5585479736, 30.0314826965, 24.9888725281, 17.1992149353, 12.795331955, 16.7703781128, 20.728269577, 36.5257911682, 37.1357002258, 51.346572876, 41.1344261169, 29.1828613281, 15.8255033493, 13.7438774109, 11.6742086411, 8.59814167023, 5.69174146652, 4.40519428253, 4.21166229248, 3.90517711639, 3.99511146545, 2.86654520035, 1.94569826126, 1.08369064331, 0.443301200867, 0.160962969065, 0.0318630710244, 0.00381772569381, 0.000183164913324],
        "median": [0.0165180433542, 0.16822437942, 1.11599314213, 7.28397417068, 12.0977668762, 11.0563030243, 14.2999944687, 15.0638065338, 21.8013458252, 17.7025985718, 14.6227874756, 16.0074195862, 12.8777265549, 14.1294164658, 10.1639213562, 5.36467504501, 7.60472249985, 11.7743501663, 25.788640976, 27.1778316498, 41.1151733398, 35.3988189697, 23.2563591003, 13.5829639435, 10.3234186172, 7.32548618317, 6.77504014969, 4.51579666138, 3.24666452408, 3.20102190971, 2.72784280777, 2.42773509026, 1.88033783436, 1.27127480507, 0.684295296669, 0.245657265186, 0.0670579820871, 0.0126796877012, 0.00130340200849, 9.07998037292e-05],
        "min": [6.537165366e-23, 1.5068365113e-21, 5.92572319111e-21, 1.08083223544e-20, 2.06371384633e-20, 7.00377766681e-20, 8.397703661e-20, 6.73841877254e-20, 1.24042169351e-19, 6.32451904902e-19, 4.3433382469e-19, 6.5102779652e-19, 8.08669137625e-19, 1.07864703429e-18, 1.6348931158e-18, 1.98294879728e-18, 3.04780817832e-18, 2.10783114948e-18, 3.86270350441e-18, 4.11820305202e-18, 5.45803877537e-18, 5.22320798973e-18, 6.21511831255e-18, 8.05380681099e-18, 8.96029336478e-18, 8.00361183706e-18, 8.7936909176e-18, 1.32887599382e-17, 1.16030105176e-17, 9.48634383841e-18, 1.24421248649e-17, 1.3050752779e-17, 9.14203735306e-18, 9.19410589108e-18, 6.74022414593e-18, 4.7899895147e-18, 2.50169898842e-18, 1.04130934221e-18, 2.76897443432e-19, 2.92982170776e-20],
        "var": [0.00142623332795, 0.146159604192, 11.9403791428, 100.469993591, 269.164031982, 301.483795166, 352.62487793, 363.270080566, 3002.00219727, 2238.04711914, 1834.9708252, 3619.61865234, 3850.88012695, 1601.40795898, 595.79107666, 457.623687744, 1418.95202637, 810.593322754, 1644.97790527, 1624.12219238, 1837.65844727, 1070.42932129, 637.008239746, 171.632034302, 182.605575562, 169.497116089, 70.2819595337, 37.4451370239, 41.476940155, 24.8567180634, 29.741317749, 44.0144958496, 24.2098941803, 9.616314888, 2.50419139862, 0.364306747913, 0.0550719164312, 0.00201516458765, 3.48016365024e-05, 6.06744521292e-08]
    },
    "gfcc": {
        "mean": [26.9138202667, 78.1431732178, -110.412620544, 25.1072177887, -54.3714294434, -1.58544802666, -53.641204834, 8.39104938507, -23.8832817078, -4.56738758087, -24.631193161, -3.55178689957, -10.842300415],
        "cov": [[16150.5771484, -1298.18908691, -43.5971260071, -40.5428886414, -752.486999512, 326.572021484, -817.328674316, 295.342254639, -422.287963867, 260.933319092, -507.685424805, 66.8287734985, -347.149230957], [-1298.18908691, 1876.27319336, -847.839660645, 71.042137146, 293.041046143, -171.485977173, 357.809295654, 27.7519798279, 194.512283325, -182.637481689, 235.161743164, -113.27583313, 123.456245422], [-43.5971260071, -847.839660645, 655.404296875, -41.4698791504, -10.5037155151, 104.470420837, -113.021888733, 8.08404445648, -46.6423110962, 95.6424026489, -94.2240753174, 76.6363220215, -41.3056564331], [-40.5428886414, 71.042137146, -41.4698791504, 248.105895996, -92.6252593994, 68.1290969849, -58.9377975464, 19.9867515564, -11.0722198486, 3.23384428024, 16.3872718811, -24.4447898865, 9.59484863281], [-752.486999512, 293.041046143, -10.5037155151, -92.6252593994, 289.902984619, -61.848575592, 134.979721069, 2.18583393097, 79.7821426392, -34.1037521362, 46.9547195435, 7.29317378998, 36.0287857056], [326.572021484, -171.485977173, 104.470420837, 68.1290969849, -61.848575592, 163.681625366, -15.9047756195, 51.5518760681, -29.7445602417, 30.6459217072, -18.858543396, 8.5421295166, -28.270822525], [-817.328674316, 357.809295654, -113.021888733, -58.9377975464, 134.979721069, -15.9047756195, 218.851806641, 22.493844986, 68.3921051025, -35.6694755554, 67.3395080566, -21.3449058533, 23.7447185516], [295.342254639, 27.7519798279, 8.08404445648, 19.9867515564, 2.18583393097, 51.5518760681, 22.493844986, 96.0324707031, 31.7731533051, 19.5539035797, 6.93636608124, -2.59098792076, -3.49006438255], [-422.287963867, 194.512283325, -46.6423110962, -11.0722198486, 79.7821426392, -29.7445602417, 68.3921051025, 31.7731533051, 91.360496521, -1.3948174715, 39.3635368347, -13.0752573013, 28.9194297791], [260.933319092, -182.637481689, 95.6424026489, 3.23384428024, -34.1037521362, 30.6459217072, -35.6694755554, 19.5539035797, -1.3948174715, 71.461517334, -8.45483779907, 11.9048318863, -20.7774353027], [-507.685424805, 235.161743164, -94.2240753174, 16.3872718811, 46.9547195435, -18.858543396, 67.3395080566, 6.93636608124, 39.3635368347, -8.45483779907, 82.0980529785, -6.68689966202, 23.7608566284], [66.8287734985, -113.27583313, 76.6363220215, -24.4447898865, 7.29317378998, 8.5421295166, -21.3449058533, -2.59098792076, -13.0752573013, 11.9048318863, -6.68689966202, 64.676612854, 11.0790510178], [-347.149230957, 123.456245422, -41.3056564331, 9.59484863281, 36.0287857056, -28.270822525, 23.7447185516, -3.49006438255, 28.9194297791, -20.7774353027, 23.7608566284, 11.0790510178, 63.9230422974]],
        "icov": [[0.000134743764647, -8.52241937537e-05, 0.00022329382773, 0.000215010426473, 4.60192222818e-06, -7.43736454751e-05, 0.000430012703873, -0.000611010473222, 0.000426781101851, -0.000423266203143, 0.000640102080069, -0.000155495479703, 0.000238150023506], [-8.52241937537e-05, 0.00313884415664, 0.00264874659479, -0.00145538186189, -0.00173874921165, 0.00044664365123, -0.00150447478518, -0.000195996675757, -0.00168478442356, 0.00259924330749, -0.00261374516413, 0.000505103729665, -0.000378179451218], [0.00022329382773, 0.00264874659479, 0.00583073776215, -0.000558715604711, -0.00269319512881, -0.0015202841023, 0.000286415888695, -0.000529512471985, -0.000982980709523, -0.00158375245519, 0.00166182417888, -0.0019214526983, 0.000304140907247], [0.000215010426473, -0.00145538186189, -0.000558715604711, 0.00786930415779, 0.00183578475844, -0.00407774886116, 0.00445960042998, -0.000748840044253, 0.00071772543015, -0.000489362922963, -0.00171543762553, 0.00312221795321, -0.00248656701297], [4.60192222818e-06, -0.00173874921165, -0.00269319512881, 0.00183578475844, 0.00782368518412, 0.00093061447842, -0.00188307487406, 0.000798238033894, -0.00326092075557, 0.00158218457364, 0.000264946604148, -0.00173474894837, 0.000303971435642], [-7.43736454751e-05, 0.00044664365123, -0.0015202841023, -0.00407774886116, 0.00093061447842, 0.0129300476983, -0.00403518555686, -0.0064284815453, 0.00494211772457, -0.000631141418125, 0.000367728527635, -0.00153940788005, 0.00239417538978], [0.000430012703873, -0.00150447478518, 0.000286415888695, 0.00445960042998, -0.00188307487406, -0.00403518555686, 0.0127151207998, -0.00216244743206, -0.00119501166046, 0.00128871016204, -0.00307289208286, 0.00216804933734, 0.000918125733733], [-0.000611010473222, -0.000195996675757, -0.000529512471985, -0.000748840044253, 0.000798238033894, -0.0064284815453, -0.00216244743206, 0.0204020887613, -0.0110376738012, -0.00110322225373, -0.000552167242859, -0.000660409859847, 0.000409389351262], [0.000426781101851, -0.00168478442356, -0.000982980709523, 0.00071772543015, -0.00326092075557, 0.00494211772457, -0.00119501166046, -0.0110376738012, 0.028770795092, -0.00854873564094, -0.000877544051036, 0.00554716819897, -0.00773648126051], [-0.000423266203143, 0.00259924330749, -0.00158375245519, -0.000489362922963, 0.00158218457364, -0.000631141418125, 0.00128871016204, -0.00110322225373, -0.00854873564094, 0.0272175166756, -0.0088747004047, -0.00177464366425, 0.00634227041155], [0.000640102080069, -0.00261374516413, 0.00166182417888, -0.00171543762553, 0.000264946604148, 0.000367728527635, -0.00307289208286, -0.000552167242859, -0.000877544051036, -0.0088747004047, 0.02783260867, -0.00445234589279, -0.0010814559646], [-0.000155495479703, 0.000505103729665, -0.0019214526983, 0.00312221795321, -0.00173474894837, -0.00153940788005, 0.00216804933734, -0.000660409859847, 0.00554716819897, -0.00177464366425, -0.00445234589279, 0.0236858315766, -0.00961132161319], [0.000238150023506, -0.000378179451218, 0.000304140907247, -0.00248656701297, 0.000303971435642, 0.00239417538978, 0.000918125733733, 0.000409389351262, -0.00773648126051, 0.00634227041155, -0.0010814559646, -0.00961132161319, 0.0264354795218]]
    },
    "melbands": {
        "dmean": [0.000162851254572, 0.000490894773975, 0.000947572581936, 0.000605100183748, 0.000272634963039, 0.000200575537747, 0.000370303139789, 0.000175027555088, 0.000110187545943, 0.000101093603007, 7.15878777555e-05, 4.57057867607e-05, 2.69038700935e-05, 2.60915330728e-05, 2.10145608435e-05, 1.9816288841e-05, 1.82386338565e-05, 2.92568820441e-05, 2.09644804272e-05, 2.27272012125e-05, 3.03110846289e-05, 1.6778923964e-05, 2.11680344364e-05, 9.23031620914e-06, 4.79523851027e-06, 4.33437980973e-06, 3.61794627679e-06, 3.04978584609e-06, 2.50654647971e-06, 1.71337455868e-06, 1.55325176365e-06, 1.11510200895e-06, 1.08746257865e-06, 1.02498540855e-06, 8.96568622011e-07, 1.11907434075e-06, 1.13124713153e-06, 9.56562189458e-07, 8.58552994032e-07, 7.19401839433e-07],
        "dmean2": [0.000261298788246, 0.000858380168211, 0.00160859292373, 0.000984264886938, 0.000436719565187, 0.000317071971949, 0.000621455721557, 0.000275242084172, 0.000169438106241, 0.00015219123452, 0.000110401990241, 7.00317395967e-05, 4.31236767326e-05, 4.15613721998e-05, 3.39307334798e-05, 3.09826900775e-05, 2.88084193016e-05, 4.66494711873e-05, 3.39288671967e-05, 3.56634081982e-05, 4.77203611808e-05, 2.59976750385e-05, 3.31630544679e-05, 1.49030320244e-05, 7.64911601436e-06, 6.9059492489e-06, 5.6764083638e-06, 4.70806071462e-06, 3.92262882087e-06, 2.65283210865e-06, 2.45992441705e-06, 1.68224619301e-06, 1.60040519859e-06, 1.62997332609e-06, 1.33856826778e-06, 1.6257331481e-06, 1.65768676652e-06, 1.39169549129e-06, 1.25344763546e-06, 1.06404422695e-06],
        "dvar": [8.66526690402e-08, 9.56592771217e-07, 1.41885323046e-06, 6.52497021747e-07, 1.22302324712e-07, 7.33324654334e-08, 5.50618437956e-07, 1.21071352055e-07, 6.43609325834e-08, 5.79850691906e-08, 3.87638650068e-08, 8.83880701963e-09, 2.36119945818e-09, 2.84324364053e-09, 2.72355515918e-09, 3.3979268288e-09, 1.05488173752e-09, 1.80744508249e-09, 8.68098704032e-10, 7.72000074978e-10, 1.30159460987e-09, 4.21156637342e-10, 7.58854701299e-10, 1.2173834163e-10, 3.03176303507e-11, 3.52874951481e-11, 4.53269678735e-11, 1.98129811169e-11, 1.6755151086e-11, 7.61367271312e-12, 6.39468946545e-12, 6.68834302178e-12, 6.73111046068e-12, 3.44569099815e-12, 3.51947876225e-12, 7.20761948389e-12, 9.27669746575e-12, 6.84869782414e-12, 6.0050762106e-12, 2.69158458542e-12],
        "dvar2": [2.32046204474e-07, 2.84317229671e-06, 4.07592870033e-06, 1.71449835307e-06, 3.14695569159e-07, 1.83782788099e-07, 1.47757862123e-06, 2.68504805945e-07, 1.53289391847e-07, 1.22722212836e-07, 8.50004866493e-08, 1.85846822376e-08, 5.92131943478e-09, 7.2371046933e-09, 6.58868293257e-09, 7.63555174643e-09, 2.42502595782e-09, 4.08004652286e-09, 1.96640925765e-09, 1.78190429079e-09, 3.18411808031e-09, 9.74240577101e-10, 1.97187244311e-09, 2.93022078823e-10, 7.45628073173e-11, 8.29058627305e-11, 1.02384864475e-10, 4.45143540084e-11, 3.77654713057e-11, 1.70834162788e-11, 1.39464420915e-11, 1.25167133602e-11, 1.40288301809e-11, 8.43851290927e-12, 7.187174033e-12, 1.44950900241e-11, 1.88204538759e-11, 1.46179457428e-11, 1.17052539536e-11, 4.93165707924e-12],
        "max": [0.00422646664083, 0.0187566708773, 0.0149495955557, 0.0095551405102, 0.0045498739928, 0.00363409915008, 0.0109783671796, 0.00679000047967, 0.00560029968619, 0.00622124643996, 0.00444517796859, 0.0023879786022, 0.0010471373098, 0.000963338708971, 0.0011746045202, 0.00170859938953, 0.000558230502065, 0.000710791675374, 0.000621681509074, 0.000423089513788, 0.000557104707696, 0.000379587145289, 0.000392497924622, 0.000177763446118, 0.000142566626891, 0.000113790571049, 0.000157883769134, 5.85454690736e-05, 0.000113044901809, 6.80238445057e-05, 4.50889310741e-05, 8.07800824987e-05, 7.75562002673e-05, 4.88483383378e-05, 4.75993801956e-05, 6.54951945762e-05, 7.21162796253e-05, 6.65872939862e-05, 5.00871028635e-05, 3.59753648809e-05],
        "mean": [0.000285251648165, 0.000943749910221, 0.00195439066738, 0.00122549396474, 0.000664034043439, 0.000473201391287, 0.000584873661865, 0.000331517745508, 0.000228430057177, 0.000217488079215, 0.000151780768647, 0.000110403227154, 5.59253021493e-05, 4.3099240429e-05, 3.3215041185e-05, 3.58866418537e-05, 3.74388619093e-05, 5.64052716072e-05, 4.53725224361e-05, 5.29974349774e-05, 6.11955329077e-05, 3.9267608372e-05, 4.15071190218e-05, 1.97649696929e-05, 1.16273367894e-05, 1.00388060673e-05, 9.2503905762e-06, 7.45915576772e-06, 6.03672697252e-06, 3.88749549529e-06, 3.13717760037e-06, 2.39627524934e-06, 2.39183987105e-06, 2.35664379034e-06, 2.08490132536e-06, 2.47254638452e-06, 2.45686169364e-06, 2.0770833089e-06, 1.76009734787e-06, 1.59502030783e-06],
        "median": [0.000164209821378, 0.000446704390924, 0.00141789810732, 0.000903305539396, 0.000512803380843, 0.000355114869308, 0.000343709019944, 0.00017363592633, 0.000114119393402, 9.56663425313e-05, 6.2408442318e-05, 6.10099450569e-05, 3.23276726704e-05, 1.67332236742e-05, 1.23042882478e-05, 1.70205312315e-05, 2.01542661671e-05, 3.70438210666e-05, 3.35990589519e-05, 4.17248265876e-05, 4.73811487609e-05, 3.28156420437e-05, 3.20583276334e-05, 1.51242447828e-05, 9.70635574049e-06, 7.88626039139e-06, 5.5337759477e-06, 4.56491306977e-06, 4.33357718066e-06, 3.17327157973e-06, 2.31108265325e-06, 1.69174973053e-06, 1.71004865024e-06, 1.7677929236e-06, 1.45638398408e-06, 1.51211088451e-06, 1.43674878927e-06, 1.36792971261e-06, 1.05053311472e-06, 1.06439563297e-06],
        "min": [1.377707114e-24, 3.05458282377e-24, 2.20435879532e-24, 2.97777538173e-24, 3.84786351943e-24, 1.76219989136e-24, 1.80003563252e-24, 5.83881276013e-24, 2.95993864502e-24, 4.56363567292e-24, 3.55077929138e-24, 3.96038032806e-24, 4.78534897464e-24, 4.51387787689e-24, 2.80519766201e-24, 5.29039350338e-24, 2.85326177367e-24, 4.82896903839e-24, 4.39490936935e-24, 5.6034916078e-24, 5.80643238655e-24, 4.77329872988e-24, 3.98494703437e-24, 4.19712103559e-24, 5.865055007e-24, 5.8314231056e-24, 3.19221203325e-24, 5.07658577122e-24, 4.63086082154e-24, 4.9161275188e-24, 5.56472619406e-24, 5.72859863648e-24, 7.63517249805e-24, 4.30721130808e-24, 6.77415921899e-24, 4.59519681445e-24, 8.16279028159e-24, 5.03949550361e-24, 7.77326417723e-24, 7.08534749116e-24],
        "var": [1.28891556983e-07, 1.84852706298e-06, 3.30792840941e-06, 1.39690166634e-06, 3.33554339704e-07, 1.77440227844e-07, 6.35609467281e-07, 2.53433199759e-07, 1.19564816714e-07, 1.53309670736e-07, 1.03633695403e-07, 3.48873498979e-08, 8.19611667424e-09, 5.45293987742e-09, 5.10404607468e-09, 6.54790310861e-09, 3.01685765258e-09, 5.06685715607e-09, 2.45687470368e-09, 2.26537655301e-09, 2.95874258427e-09, 1.04558739444e-09, 1.55021862014e-09, 3.45870582175e-10, 1.06400520339e-10, 9.0165583333e-11, 1.43226250304e-10, 7.54494661193e-11, 4.42208492046e-11, 1.6295787636e-11, 1.3100786081e-11, 1.36801438233e-11, 1.35414639571e-11, 6.8226882477e-12, 8.0616763265e-12, 1.65971368593e-11, 1.85450908102e-11, 1.2216529871e-11, 1.1583144166e-11, 5.60250804083e-12]
    },
    "mfcc": {
        "mean": [-614.214782715, 114.091201782, -1.6953676939, 21.6774425507, 13.4193906784, -10.3648386002, -13.4798250198, -2.11281991005, 0.316776752472, -2.59072899818, -9.28790092468, -5.53788661957, -5.63621044159],
        "cov": [[6609.66308594, -649.049560547, 518.152893066, -179.515579224, 38.5242156982, 4.5662446022, -90.2580184937, -73.1889724731, 43.6017341614, 58.7579956055, -43.1776771545, 96.6473922729, -26.934337616], [-649.049560547, 1332.24719238, -576.61730957, 118.344909668, 29.1729030609, -82.4185409546, 129.336776733, 155.483734131, 49.3303527832, 73.8592453003, 76.2407836914, -3.66226959229, 52.9215354919], [518.152893066, -576.61730957, 442.76083374, -33.2591819763, 30.3776416779, 58.25522995, -55.1574172974, -55.4799804688, -1.54871988297, -25.1276283264, -31.5885276794, 13.6796798706, -22.2092227936], [-179.515579224, 118.344909668, -33.2591819763, 122.255874634, 32.6933517456, -5.29334831238, -0.642924189568, 4.6548743248, -1.03589737415, 14.7628917694, -6.12845516205, -7.10974597931, 19.7845439911], [38.5242156982, 29.1729030609, 30.3776416779, 32.6933517456, 136.37171936, 5.89314603806, -11.8917961121, 9.1051607132, 22.824300766, 1.03784751892, -2.67649912834, 0.286150425673, 6.66011857986], [4.5662446022, -82.4185409546, 58.25522995, -5.29334831238, 5.89314603806, 79.9302902222, 22.8564777374, 5.31653881073, -1.35552561283, -12.7780752182, 7.22262430191, 7.90824174881, -2.81327557564], [-90.2580184937, 129.336776733, -55.1574172974, -0.642924189568, -11.8917961121, 22.8564777374, 94.6714553833, 50.9369850159, 8.43268871307, 26.9641094208, 24.2763442993, 14.6939716339, 10.9048280716], [-73.1889724731, 155.483734131, -55.4799804688, 4.6548743248, 9.1051607132, 5.31653881073, 50.9369850159, 93.7883834839, 32.2005195618, 19.876373291, 21.7416248322, 10.4766206741, 11.8142127991], [43.6017341614, 49.3303527832, -1.54871988297, -1.03589737415, 22.824300766, -1.35552561283, 8.43268871307, 32.2005195618, 70.2050170898, 23.8408641815, 11.9317331314, 6.38111019135, 2.72708487511], [58.7579956055, 73.8592453003, -25.1276283264, 14.7628917694, 1.03784751892, -12.7780752182, 26.9641094208, 19.876373291, 23.8408641815, 88.4827423096, 26.3266048431, 14.1233034134, 12.418513298], [-43.1776771545, 76.2407836914, -31.5885276794, -6.12845516205, -2.67649912834, 7.22262430191, 24.2763442993, 21.7416248322, 11.9317331314, 26.3266048431, 58.2623977661, 22.0997714996, 3.31518220901], [96.6473922729, -3.66226959229, 13.6796798706, -7.10974597931, 0.286150425673, 7.90824174881, 14.6939716339, 10.4766206741, 6.38111019135, 14.1233034134, 22.0997714996, 48.9768753052, 15.9832077026], [-26.934337616, 52.9215354919, -22.2092227936, 19.7845439911, 6.66011857986, -2.81327557564, 10.9048280716, 11.8142127991, 2.72708487511, 12.418513298, 3.31518220901, 15.9832077026, 49.122428894]],
