{
"lowlevel": {
    "average_loudness": 0.91702246666,
    "barkbands_crest": {
        "dmean": 1.86886227131,
        "dmean2": 3.05812501907,
        "dvar": 3.69134616852,
        "dvar2": 9.40626239777,
        "max": 21.359003067,
        "mean": 7.83674669266,
        "median": 7.0397195816,
        "min": 2.45322012901,
        "var": 11.0382022858
    },
    "barkbands_flatness_db": {
        "dmean": 0.0250465516001,
        "dmean2": 0.0327078551054,
        "dvar": 0.000720821612049,
        "dvar2": 0.00140886101872,
        "max": 0.432522416115,
        "mean": 0.133874818683,
        "median": 0.123015113175,
        "min": 0.0321967117488,
        "var": 0.00294510810636
    },
    "barkbands_kurtosis": {
        "dmean": 1.76381134987,
        "dmean2": 2.67612099648,
        "dvar": 38.0241165161,
        "dvar2": 86.7871246338,
        "max": 206.206451416,
        "mean": 1.57141327858,
        "median": -0.790400505066,
        "min": -1.91092419624,
        "var": 107.818992615
    },
    "barkbands_skewness": {
        "dmean": 0.453922659159,
        "dmean2": 0.680659890175,
        "dvar": 0.305989384651,
        "dvar2": 0.74563318491,
        "max": 10.8615751266,
        "mean": 0.752968966961,
        "median": 0.593097269535,
        "min": -3.36562538147,
        "var": 1.32280659676
    },
    "barkbands_spread": {
        "dmean": 5.0953950882,
        "dmean2": 7.44968891144,
        "dvar": 43.3665885925,
        "dvar2": 95.2037353516,
        "max": 142.198165894,
        "mean": 27.5121002197,
        "median": 27.6686859131,
        "min": 0.398860901594,
        "var": 137.195755005
    },
    "dissonance": {
        "dmean": 0.0115197747946,
        "dmean2": 0.0182430837303,
        "dvar": 0.000208638812182,
        "dvar2": 0.000480900285766,
        "max": 0.5,
        "mean": 0.473991453648,
        "median": 0.480742096901,
        "min": 0.327781289816,
        "var": 0.000534518156201
    },
    "dynamic_complexity": 2.80693054199,
    "erbbands_crest": {
        "dmean": 1.93103969097,
        "dmean2": 2.95039105415,
        "dvar": 3.51767706871,
        "dvar2": 7.24621915817,
        "max": 29.5904254913,
        "mean": 8.0921831131,
        "median": 7.10592842102,
        "min": 2.62636780739,
        "var": 15.0994005203
    },
    "erbbands_flatness_db": {
        "dmean": 0.0234087109566,
        "dmean2": 0.0294680558145,
        "dvar": 0.000642731669359,
        "dvar2": 0.00114355806727,
        "max": 0.35734167695,
        "mean": 0.184046834707,
        "median": 0.18104198575,
        "min": 0.069502145052,
        "var": 0.0021012078505
    },
    "erbbands_kurtosis": {
        "dmean": 0.924169421196,
        "dmean2": 1.38855242729,
        "dvar": 8.69681167603,
        "dvar2": 23.0660839081,
        "max": 88.6947860718,
        "mean": 0.59433054924,
        "median": -0.21057844162,
        "min": -1.80499649048,
        "var": 19.8342151642
    },
    "erbbands_skewness": {
        "dmean": 0.303190171719,
        "dmean2": 0.428583532572,
        "dvar": 0.108043283224,
        "dvar2": 0.232920646667,
        "max": 7.76962327957,
        "mean": -0.50584757328,
        "median": -0.627513766289,
        "min": -2.62433934212,
        "var": 0.734623610973
    },
    "erbbands_spread": {
        "dmean": 5.85077428818,
        "dmean2": 8.88869667053,
        "dvar": 43.0770606995,
        "dvar2": 94.0490875244,
        "max": 121.360778809,
        "mean": 33.6197814941,
        "median": 32.9960250854,
        "min": 2.00062179565,
        "var": 151.878921509
    },
    "hfc": {
        "dmean": 5.52512550354,
        "dmean2": 8.02310752869,
        "dvar": 52.7227363586,
        "dvar2": 118.193099976,
        "max": 90.8165664673,
        "mean": 21.3429584503,
        "median": 19.7973098755,
        "min": 1.0873799357e-16,
        "var": 209.939437866
    },
    "melbands_crest": {
        "dmean": 2.92335867882,
        "dmean2": 4.80177021027,
        "dvar": 9.08966255188,
        "dvar2": 23.1933860779,
        "max": 35.7627334595,
        "mean": 12.6229419708,
        "median": 12.1692886353,
        "min": 1.79707562923,
        "var": 23.6037502289
    },
    "melbands_flatness_db": {
        "dmean": 0.0289734434336,
        "dmean2": 0.0398432835937,
        "dvar": 0.000980664393865,
        "dvar2": 0.0022250872571,
        "max": 0.555382430553,
        "mean": 0.17434194684,
        "median": 0.163532435894,
        "min": 0.00426512630656,
        "var": 0.00492439465597
    },
    "melbands_kurtosis": {
        "dmean": 4.42249202728,
        "dmean2": 7.0079665184,
        "dvar": 205.020080566,
        "dvar2": 514.000610352,
        "max": 448.787780762,
        "mean": 6.4599852562,
        "median": 1.98928260803,
        "min": -1.75579953194,
        "var": 338.828857422
    },
    "melbands_skewness": {
        "dmean": 0.591729223728,
        "dmean2": 0.922082662582,
        "dvar": 0.575841784477,
        "dvar2": 1.4490146637,
        "max": 13.4499359131,
        "mean": 1.88297379017,
        "median": 1.68626594543,
        "min": -1.72348499298,
        "var": 1.84881436825
    },
    "melbands_spread": {
        "dmean": 9.11481666565,
        "dmean2": 13.8480234146,
        "dvar": 121.548362732,
        "dvar2": 303.595977783,
        "max": 203.449249268,
        "mean": 38.5289573669,
        "median": 36.9029541016,
        "min": 0.395950615406,
        "var": 494.442810059
    },
    "pitch_salience": {
        "dmean": 0.0623760633171,
        "dmean2": 0.101929724216,
        "dvar": 0.00400911970064,
        "dvar2": 0.0104567306116,
        "max": 0.925377011299,
        "mean": 0.586756169796,
        "median": 0.592718660831,
        "min": 0.0649122223258,
        "var": 0.00980590283871
    },
    "silence_rate_20dB": {
        "dmean": 0,
        "dmean2": 0,
        "dvar": 0,
        "dvar2": 0,
        "max": 1,
        "mean": 1,
        "median": 1,
        "min": 1,
        "var": 0
    },
    "silence_rate_30dB": {
        "dmean": 0,
        "dmean2": 0,
        "dvar": 0,
        "dvar2": 0,
        "max": 1,
        "mean": 1,
        "median": 1,
        "min": 1,
        "var": 0
    },
    "silence_rate_60dB": {
        "dmean": 0.0189628489316,
        "dmean2": 0.0379403792322,
        "dvar": 0.0186027660966,
        "dvar2": 0.0403738357127,
        "max": 1,
        "mean": 0.064603485167,
        "median": 0,
        "min": 0,
        "var": 0.0604351460934
    },
    "spectral_centroid": {
        "dmean": 260.368041992,
        "dmean2": 374.682006836,
        "dvar": 162254.171875,
        "dvar2": 331047,
        "max": 11300.3115234,
        "mean": 1862.17468262,
        "median": 1884.35205078,
        "min": 191.969055176,
        "var": 789146
    },
    "spectral_complexity": {
        "dmean": 4.40479898453,
        "dmean2": 6.23035240173,
        "dvar": 22.8367118835,
        "dvar2": 44.4011077881,
        "max": 60,
        "mean": 24.4282398224,
        "median": 26,
        "min": 0,
        "var": 134.062194824
    },
    "spectral_decrease": {
        "dmean": 1.89416660135e-09,
        "dmean2": 3.19075033062e-09,
        "dvar": 1.10022614988e-17,
        "dvar2": 3.01990770713e-17,
        "max": 4.13124644951e-18,
        "mean": -4.9119659451e-09,
        "median": -4.26344248794e-09,
        "min": -2.46755824662e-08,
        "var": 1.37570500441e-17
    },
    "spectral_energy": {
        "dmean": 0.00754118943587,
        "dmean2": 0.0125904679298,
        "dvar": 0.000167781385244,
        "dvar2": 0.000458297407022,
        "max": 0.0950733572245,
        "mean": 0.0204747859389,
        "median": 0.0180181972682,
        "min": 1.00109856752e-20,
        "var": 0.000223921480938
    },
    "spectral_energyband_high": {
        "dmean": 0.000294372846838,
        "dmean2": 0.000403872632887,
        "dvar": 2.35291892636e-07,
        "dvar2": 4.25741205845e-07,
        "max": 0.00706750294194,
        "mean": 0.000553630758077,
        "median": 0.000252317433478,
        "min": 7.07907145895e-21,
        "var": 6.34346918105e-07
    },
    "spectral_energyband_low": {
        "dmean": 0.00436714151874,
        "dmean2": 0.00786504149437,
        "dvar": 0.000118988078611,
        "dvar2": 0.000337054283591,
        "max": 0.0820520967245,
        "mean": 0.00495819374919,
        "median": 0.00221037934534,
        "min": 3.08338654145e-23,
        "var": 8.5314080934e-05
    },
    "spectral_energyband_middle_high": {
        "dmean": 0.0017270881217,
        "dmean2": 0.00264816405252,
        "dvar": 5.05550815433e-06,
        "dvar2": 1.21055536511e-05,
        "max": 0.0278987027705,
        "mean": 0.00685980124399,
        "median": 0.00650051608682,
        "min": 1.19903000379e-21,
        "var": 2.30091845879e-05
    },
    "spectral_energyband_middle_low": {
        "dmean": 0.00311624491587,
        "dmean2": 0.00512457219884,
        "dvar": 2.62298781308e-05,
        "dvar2": 7.06355713191e-05,
        "max": 0.0581363625824,
        "mean": 0.00934178102762,
        "median": 0.00806815363467,
        "min": 2.05309860582e-22,
        "var": 5.18120505149e-05
    },
    "spectral_entropy": {
        "dmean": 0.197515264153,
        "dmean2": 0.245854377747,
        "dvar": 0.0544151552022,
        "dvar2": 0.0946846306324,
        "max": 9.81960391998,
        "mean": 7.49374485016,
        "median": 7.51235532761,
        "min": 4.56541538239,
        "var": 0.236206829548
    },
    "spectral_flux": {
        "dmean": 0.0260590706021,
        "dmean2": 0.0390025861561,
        "dvar": 0.00128076714464,
        "dvar2": 0.00234115775675,
        "max": 0.274428099394,
        "mean": 0.0709097906947,
        "median": 0.0588446818292,
        "min": 6.61323495965e-11,
        "var": 0.00239297188818
    },
    "spectral_kurtosis": {
        "dmean": 2.48561358452,
        "dmean2": 4.1925945282,
        "dvar": 8.62275218964,
        "dvar2": 24.6807575226,
        "max": 41.1658439636,
        "mean": 6.06585693359,
        "median": 5.4167547226,
        "min": -1.27062666416,
        "var": 14.7552814484
    },
    "spectral_rms": {
        "dmean": 0.000729056075215,
        "dmean2": 0.00117609859444,
        "dvar": 1.20524452996e-06,
        "dvar2": 3.17545118378e-06,
        "max": 0.00963091384619,
        "mean": 0.00414118589833,
        "median": 0.00419269921258,
        "min": 3.12519042762e-12,
        "var": 2.82594123746e-06
    },
    "spectral_rolloff": {
        "dmean": 475.982086182,
        "dmean2": 749.727355957,
        "dvar": 455999.0625,
        "dvar2": 957966.5625,
        "max": 19982.8125,
        "mean": 2380.52636719,
        "median": 2390.18554688,
        "min": 129.19921875,
        "var": 3157969
    },
    "spectral_skewness": {
        "dmean": 0.267294764519,
        "dmean2": 0.435717016459,
        "dvar": 0.0786628499627,
        "dvar2": 0.207981944084,
        "max": 5.42864084244,
        "mean": 1.43183588982,
        "median": 1.40716409683,
        "min": -0.0240718182176,
        "var": 0.215230122209
    },
    "spectral_spread": {
        "dmean": 555074.5,
        "dmean2": 787509.4375,
        "dvar": 2.27064990925e+12,
        "dvar2": 4.3883453481e+12,
        "max": 47290068,
        "mean": 3507948.75,
        "median": 3106912.25,
        "min": 1466467.875,
        "var": 7.91575946854e+12
    },
    "spectral_strongpeak": {
        "dmean": 0.422440141439,
        "dmean2": 0.720574915409,
        "dvar": 0.664659559727,
        "dvar2": 1.58355724812,
        "max": 8.47420406342,
        "mean": 0.85550236702,
        "median": 0.521186590195,
        "min": 0,
        "var": 1.14976525307
    },
    "zerocrossingrate": {
        "dmean": 0.00993871502578,
        "dmean2": 0.0105867991224,
        "dvar": 0.000157205955475,
        "dvar2": 0.000213967112359,
        "max": 0.5185546875,
        "mean": 0.0751764252782,
        "median": 0.06982421875,
        "min": 0.00830078125,
        "var": 0.00222980533727
    },
    "barkbands": {
        "dmean": [2.77633662336e-05, 0.00235372548923, 0.00182051910087, 0.00104430306237, 0.00122994475532, 0.000874301127624, 0.000661508471239, 0.000287352857413, 0.00033151183743, 0.000267523777438, 0.000184937787708, 0.000133036053739, 0.000241935296799, 0.000439162628027, 0.000361841113772, 0.000493790779728, 0.000560905202292, 0.000267718511168, 0.000339115184033, 0.000141676224303, 8.78420178196e-05, 9.52965419856e-05, 3.24467873725e-05, 2.56886560237e-05, 2.16474909394e-05, 1.44739333336e-05, 7.19091133305e-07],
        "dmean2": [4.24420431955e-05, 0.00435556331649, 0.00334494188428, 0.00170827237889, 0.00201779091731, 0.00144841731526, 0.0011352308793, 0.000472028943477, 0.00052057026187, 0.000438883609604, 0.000296548620099, 0.000219859997742, 0.000395683047827, 0.000719832954928, 0.000602474843618, 0.000787915894762, 0.000865349313244, 0.000424842350185, 0.000503374030814, 0.000211490390939, 0.000125508522615, 0.00014191181981, 4.65821576654e-05, 3.58773977496e-05, 3.0336139389e-05, 2.15728923649e-05, 1.13569626592e-06],
        "dvar": [3.29090843465e-09, 4.31241205661e-05, 2.0940138711e-05, 2.8667773222e-06, 4.28066368841e-06, 2.99127373182e-06, 3.50084405909e-06, 1.60837075214e-07, 2.31916104099e-07, 2.02994840492e-07, 1.14703006204e-07, 5.79543879553e-08, 1.63399249686e-07, 4.34726302956e-07, 5.002939929e-07, 4.08985357581e-07, 4.52461250688e-07, 1.34442942112e-07, 1.96916559503e-07, 6.23831866164e-08, 2.94785120758e-08, 2.52476208829e-08, 3.63340313392e-09, 7.67548069547e-09, 3.02136315966e-09, 6.10777040055e-10, 2.29918731623e-12],
        "dvar2": [7.1503749588e-09, 0.00012160128972, 6.03567277722e-05, 7.74370346335e-06, 1.07190408016e-05, 8.38040250528e-06, 9.98768973659e-06, 4.29610338415e-07, 5.87078659464e-07, 5.54315704449e-07, 2.80991400814e-07, 1.49087512114e-07, 4.27844980777e-07, 1.13365126708e-06, 1.34542710839e-06, 9.85865312941e-07, 1.09980351226e-06, 3.21406730563e-07, 4.12100462199e-07, 1.38235492386e-07, 5.9173157041e-08, 5.45297673682e-08, 7.3362640407e-09, 1.40528744197e-08, 6.47353060046e-09, 1.40039557728e-09, 5.09272788871e-12],
        "max": [0.00042710598791, 0.0432361215353, 0.0376303195953, 0.0160534121096, 0.0332784876227, 0.0224119089544, 0.0223092064261, 0.0052082259208, 0.00681845610961, 0.00554105453193, 0.00736741535366, 0.00320832035504, 0.00611418252811, 0.00943305995315, 0.0099666165188, 0.0123765096068, 0.0098813502118, 0.00699830567464, 0.00572505127639, 0.00467829313129, 0.00300266314298, 0.00166159973014, 0.00111501675565, 0.00246268440969, 0.00104540900793, 0.000387901789509, 3.81277714041e-05],
        "mean": [3.03252727463e-05, 0.00172284350265, 0.00212057889439, 0.00212774053216, 0.0028429524973, 0.00183811539318, 0.000952385365963, 0.000561366847251, 0.000747636950109, 0.000565556401853, 0.000331953167915, 0.000210703161429, 0.000507930759341, 0.000777157605626, 0.000620944891125, 0.00103830685839, 0.00136216636747, 0.000616757257376, 0.000733660010155, 0.000346014596289, 0.000147904123878, 0.000130976171931, 5.13965424034e-05, 4.23916244472e-05, 3.06463916786e-05, 1.55761154019e-05, 7.85770794209e-07],
        "median": [1.21295920508e-06, 4.33456661995e-05, 0.000393003952922, 0.00101352203637, 0.00140480790287, 0.00107349397149, 0.000529342447408, 0.000390962057281, 0.000509829260409, 0.000384061480872, 0.0001527879067, 0.000104312755866, 0.000263079040451, 0.000408712367062, 0.000324442546116, 0.00075797183672, 0.00106710020918, 0.000435821391875, 0.000454701541457, 0.000163889519172, 5.05557727593e-05, 3.35960394295e-05, 2.04739008041e-05, 1.28411174956e-05, 9.36613105296e-06, 3.89047772842e-06, 1.22190357388e-07],
        "min": [2.63111302073e-24, 3.28837121936e-24, 3.61360732932e-24, 2.15455780915e-24, 1.97963476651e-23, 1.52402657298e-23, 1.85944549671e-23, 2.8205603337e-24, 2.93157751776e-23, 2.26462780792e-23, 3.71811759419e-23, 2.45381621674e-23, 2.38898983636e-23, 2.90581521386e-23, 6.11053171797e-23, 1.13634290059e-22, 9.74483347207e-23, 9.90642563317e-23, 1.70320648262e-22, 1.84946003227e-22, 2.72662261934e-22, 3.19887464201e-22, 4.3058688877e-22, 7.55098617732e-22, 8.87406065833e-22, 1.40103160893e-21, 1.95724887564e-21],
        "var": [4.57125759468e-09, 2.76716546068e-05, 1.59785922733e-05, 7.06639730197e-06, 1.4364697563e-05, 4.75166416436e-06, 2.69231850325e-06, 3.94078284671e-07, 6.06568448802e-07, 3.96824077598e-07, 2.57379440427e-07, 1.11097087085e-07, 5.40834093954e-07, 1.16509511372e-06, 7.80702521297e-07, 1.14686736197e-06, 1.60312288244e-06, 4.18868864926e-07, 6.20179889665e-07, 2.09557200037e-07, 7.31041467361e-08, 4.60777798139e-08, 7.23964976856e-09, 1.47760657043e-08, 5.42481970456e-09, 8.45047309905e-10, 3.93438970639e-12]
    },
    "erbbands": {
        "dmean": [0.047440096736, 0.613587915897, 1.9927726984, 2.68295478821, 4.18980312347, 3.84918880463, 4.08950567245, 8.32931137085, 11.4097309113, 6.99179458618, 4.84338378906, 8.10020160675, 8.5360212326, 6.95516729355, 7.15610647202, 5.41604042053, 10.945728302, 21.2958145142, 17.769613266, 18.3212337494, 28.4593009949, 28.5953884125, 15.187538147, 15.2323503494, 14.9218568802, 6.69257640839, 3.97847700119, 3.53056907654, 3.86750531197, 1.76016902924, 0.825939059258, 0.564164102077, 0.429517000914, 0.281986474991, 0.134560897946, 0.0648377090693, 0.0275980364531, 0.00378560624085, 0.000120004253404, 1.43554771057e-05],
        "dmean2": [0.0825399979949, 1.15575742722, 3.71188259125, 4.55971956253, 6.87305688858, 6.4099612236, 6.39294052124, 13.9962663651, 19.8014698029, 11.8640422821, 7.72396755219, 12.6122655869, 13.5649662018, 11.4179029465, 11.4970235825, 8.91196918488, 17.895072937, 35.394443512, 28.7310962677, 29.6123218536, 44.4882392883, 43.7005577087, 23.7606906891, 22.7328777313, 22.5176830292, 9.97424316406, 5.71977329254, 5.0099978447, 5.84925317764, 2.47828054428, 1.19839978218, 0.788538038731, 0.599452972412, 0.403698712587, 0.194382861257, 0.0951515138149, 0.041974812746, 0.0057602385059, 0.000184364442248, 2.3014819817e-05],
        "dvar": [0.0145194903016, 3.06799983978, 28.1869163513, 20.6076469421, 50.8456497192, 54.8763198853, 64.0372924805, 321.478057861, 1100.10559082, 155.332885742, 58.1252250671, 142.133972168, 186.07371521, 139.716125488, 138.986160278, 95.4841003418, 323.519989014, 1162.88500977, 880.387023926, 1101.12194824, 1399.67956543, 1218.79321289, 395.305633545, 446.593414307, 415.361114502, 147.401947021, 65.8628311157, 43.4458312988, 43.6002426147, 7.95298910141, 3.17786478996, 3.75367069244, 1.88720023632, 0.579069435596, 0.118284799159, 0.0147739872336, 0.00220911111683, 4.29133906437e-05, 7.90518512872e-08, 6.31666052797e-10],
        "dvar2": [0.038512494415, 8.78800010681, 81.3153533936, 57.72864151, 129.533859253, 137.097579956, 146.900863647, 905.656494141, 3153.89404297, 447.824829102, 145.588119507, 356.421905518, 481.579620361, 385.71395874, 349.022094727, 250.41746521, 850.426025391, 3110.27001953, 2229.84399414, 2948.24462891, 3242.71557617, 2889.02954102, 909.955871582, 961.592346191, 961.848632812, 335.422668457, 140.297332764, 84.8344039917, 99.3577804565, 16.2449359894, 6.58861064911, 6.84823703766, 3.61259460449, 1.1962801218, 0.270564287901, 0.0323824100196, 0.00518680177629, 0.000101488491055, 1.61742477189e-07, 1.63242075413e-09],
        "max": [0.813658237457, 12.0895271301, 45.6923179626, 43.7625427246, 91.0996932983, 142.122146606, 191.963668823, 218.182113647, 381.537902832, 129.534744263, 102.117080688, 177.88949585, 209.795700073, 235.409225464, 205.831771851, 123.773452759, 295.914520264, 536.712890625, 399.567016602, 431.308532715, 731.317565918, 454.013763428, 362.86895752, 403.717163086, 299.718353271, 230.105010986, 153.557373047, 102.455352783, 65.7249069214, 32.7661056519, 38.5780181885, 52.5116844177, 36.9810371399, 15.348695755, 10.4447641373, 3.1995036602, 0.649995565414, 0.0935094282031, 0.009621148929, 0.000473679276183],
        "mean": [0.0386501960456, 0.445460259914, 2.10077905655, 5.29732751846, 8.8143529892, 9.08111190796, 10.4078779221, 15.9539318085, 16.3131008148, 12.545542717, 10.4837055206, 18.9093284607, 18.789691925, 14.0120477676, 14.1313667297, 9.88143253326, 25.1768856049, 39.1112136841, 33.3070144653, 37.9530944824, 65.5867538452, 73.1227035522, 38.7495803833, 35.7520866394, 33.3247261047, 16.6565952301, 7.32730674744, 5.67160606384, 5.1406955719, 2.62610292435, 1.32031548023, 0.949613273144, 0.66105812788, 0.41844856739, 0.174501612782, 0.073646299541, 0.0289491992444, 0.00395052134991, 0.00014316875604, 3.23282620229e-05],
        "median": [0.00132005661726, 0.0243362952024, 0.463912338018, 3.00017952919, 5.28431034088, 3.12444925308, 5.11181306839, 8.57164096832, 8.13123321533, 9.12365150452, 6.73004245758, 12.6282615662, 13.8953638077, 9.95200920105, 8.40510463715, 5.83929586411, 12.9727544785, 19.9658432007, 18.8850002289, 27.3146629333, 50.8422622681, 56.1199150085, 29.6497917175, 23.3969764709, 21.5713367462, 8.44621276855, 3.17451739311, 1.76697397232, 1.37212967873, 0.881370186806, 0.517242491245, 0.287080526352, 0.191143900156, 0.130697071552, 0.0498866066337, 0.0190293230116, 0.00653774337843, 0.000901477877051, 3.3859119867e-05, 2.5727222237e-05],
        "min": [2.10971774046e-22, 7.92364406895e-22, 3.30317512984e-21, 1.07043148937e-20, 9.28641504045e-21, 5.58576843834e-20, 8.44047342231e-20, 1.24006678133e-19, 3.15670965959e-19, 1.51010234799e-19, 4.9667025905e-19, 7.03121666945e-19, 1.00025512764e-18, 1.95623996248e-18, 1.86483360966e-18, 1.27520417298e-18, 1.29826152237e-18, 1.49857519842e-18, 2.93506387442e-18, 5.08984000521e-18, 5.53261076195e-18, 5.8589632921e-18, 6.34289042023e-18, 6.92258107505e-18, 8.59992468629e-18, 9.46721445957e-18, 9.75762020184e-18, 1.03390959124e-17, 1.10641197193e-17, 1.56110372479e-17, 1.25914590896e-17, 1.47458543037e-17, 1.25132830771e-17, 1.01012897581e-17, 6.46633389176e-18, 4.35076322688e-18, 2.53817827382e-18, 1.05543789726e-18, 2.74149782081e-19, 2.92493455668e-20],
        "var": [0.0115098906681, 1.85651922226, 19.4094638824, 37.8900566101, 120.739135742, 203.304473877, 228.735076904, 420.0652771, 834.966918945, 187.377059937, 150.860092163, 398.135559082, 418.339447021, 252.771255493, 312.070526123, 179.209106445, 1237.6348877, 3255.06005859, 1939.56420898, 1806.1340332, 4243.45361328, 4565.1015625, 1435.25927734, 1383.31518555, 1266.11242676, 459.793518066, 143.869308472, 109.372520447, 71.8632049561, 16.4937038422, 5.8898100853, 7.33704519272, 3.49215006828, 1.08461332321, 0.17518697679, 0.021999899298, 0.00290383701213, 5.50391123397e-05, 1.43244250239e-07, 8.80572781359e-10]
    },
    "gfcc": {
        "mean": [-25.7926464081, 93.2679519653, -148.662460327, 33.3491592407, -47.8740882874, -9.5054359436, -49.2456283569, 4.35849285126, -27.4287624359, -5.31874465942, -22.9427490234, -6.93301057816, -14.4823541641],
        "cov": [[19196.0742188, -676.879089355, -1653.48046875, 33.2257881165, -499.227600098, 391.250915527, -611.513427734, 533.756164551, -298.649810791, 220.422088623, -221.059143066, 280.980285645, -406.675262451], [-676.879089355, 1764.53369141, -289.097869873, -40.0070228577, 293.942138672, -332.886779785, 123.661369324, -129.854949951, 22.0069713593, -285.00680542, 198.968292236, -208.424606323, 137.580780029], [-1653.48046875, -289.097869873, 1024.44506836, 227.297409058, 130.55821228, 265.794586182, 94.8012084961, 3.86876010895, 11.907160759, 147.970794678, -78.7522354126, 131.996887207, 16.3867301941], [33.2257881165, -40.0070228577, 227.297409058, 320.527252197, 71.2841110229, 125.430557251, 41.8882598877, -23.6239452362, 30.9055976868, 82.2568054199, -21.0472602844, 15.8403348923, 25.0125598907], [-499.227600098, 293.942138672, 130.55821228, 71.2841110229, 330.627868652, 17.7559432983, 122.563858032, 39.1676979065, 49.3646278381, 41.0846939087, 42.9042434692, 5.36451292038, 17.2559738159], [391.250915527, -332.886779785, 265.794586182, 125.430557251, 17.7559432983, 277.755279541, 53.0224952698, 72.4219436646, 15.3901414871, 97.4329528809, -26.7646942139, 83.2035675049, -23.6839008331], [-611.513427734, 123.661369324, 94.8012084961, 41.8882598877, 122.563858032, 53.0224952698, 158.024398804, 19.4085597992, 44.2956123352, 20.172170639, 30.0853633881, 13.0386047363, 14.740735054], [533.756164551, -129.854949951, 3.86876010895, -23.6239452362, 39.1676979065, 72.4219436646, 19.4085597992, 167.514068604, 10.8284511566, 8.13384056091, 19.2581043243, 49.571346283, -23.4910621643], [-298.649810791, 22.0069713593, 11.907160759, 30.9055976868, 49.3646278381, 15.3901414871, 44.2956123352, 10.8284511566, 79.3711013794, 39.8028755188, 11.80717659, -1.74037742615, 16.1639671326], [220.422088623, -285.00680542, 147.970794678, 82.2568054199, 41.0846939087, 97.4329528809, 20.172170639, 8.13384056091, 39.8028755188, 189.069641113, -52.7403678894, 65.5668258667, -24.3015956879], [-221.059143066, 198.968292236, -78.7522354126, -21.0472602844, 42.9042434692, -26.7646942139, 30.0853633881, 19.2581043243, 11.80717659, -52.7403678894, 112.558555603, -21.4533653259, 28.5051422119], [280.980285645, -208.424606323, 131.996887207, 15.8403348923, 5.36451292038, 83.2035675049, 13.0386047363, 49.571346283, -1.74037742615, 65.5668258667, -21.4533653259, 118.917510986, -15.8712692261], [-406.675262451, 137.580780029, 16.3867301941, 25.0125598907, 17.2559738159, -23.6839008331, 14.740735054, -23.4910621643, 16.1639671326, -24.3015956879, 28.5051422119, -15.8712692261, 69.0625305176]],
        "icov": [[0.000162618656759, -0.000293049699394, 0.000433975859778, -0.000219428984565, 0.000161743810168, -0.000550161581486, 0.000617016223259, -0.000521938141901, 0.000533532467671, -0.00047764959163, 0.000359104742529, -0.000428104336606, 0.000440011557657], [-0.000293049699394, 0.00218137050979, -0.000657997385133, 0.000135115653393, -0.00174730655272, 0.00197756802663, -0.001745773945, 0.0018818222452, -0.0009380975971, 0.00261949189007, -0.0015606158413, 0.00135853362735, -0.00173887994606], [0.000433975859778, -0.000657997385133, 0.00289659202099, -0.000953970826231, -0.000360222154995, -0.00266017066315, 0.00134513666853, -0.000647362438031, 0.00205166544765, -0.00111805438064, 0.00194922287483, -0.00226939795539, -4.73208365293e-06], [-0.000219428984565, 0.000135115653393, -0.000953970826231, 0.00532646104693, -0.000910821312573, -0.00181583198719, -0.000223146766075, 0.0018121501198, -0.00107866770122, -0.00071601831587, 9.9224918813e-05, 0.00173013960011, -0.00263797980733], [0.000161743810168, -0.00174730655272, -0.000360222154995, -0.000910821312573, 0.00668531190604, 0.000557492021471, -0.00229101441801, -0.00312023167498, 0.000417918490712, -0.00349613977596, -0.000376168114599, 2.00602007681e-05, 0.00162892451044], [-0.000550161581486, 0.00197756802663, -0.00266017066315, -0.00181583198719, 0.000557492021471, 0.01062353421, -0.00485785957426, -0.000902951520402, -0.00115396850742, 0.000862985034473, -0.00239650928415, 0.000488899357151, 1.85100834642e-05], [0.000617016223259, -0.001745773945, 0.00134513666853, -0.000223146766075, -0.00229101441801, -0.00485785957426, 0.0136767150834, -0.00105054711457, -0.00248213671148, -0.000914144970011, 0.000230756311794, -0.00275981402956, 0.00203255028464], [-0.000521938141901, 0.0018818222452, -0.000647362438031, 0.0018121501198, -0.00312023167498, -0.000902951520402, -0.00105054711457, 0.0117542361841, -0.00411187158898, 0.00473816599697, -0.00318553508259, -0.00214135739952, 0.000819684879389], [0.000533532467671, -0.0009380975971, 0.00205166544765, -0.00107866770122, 0.000417918490712, -0.00115396850742, -0.00248213671148, -0.00411187158898, 0.0216511562467, -0.00788310542703, 0.000279642059468, 0.00192020426039, -0.00397006515414], [-0.00047764959163, 0.00261949189007, -0.00111805438064, -0.00071601831587, -0.00349613977596, 0.000862985034473, -0.000914144970011, 0.00473816599697, -0.00788310542703, 0.0143427578732, 0.0011726312805, -0.00291555607691, 0.00120779115241], [0.000359104742529, -0.0015606158413, 0.00194922287483, 9.9224918813e-05, -0.000376168114599, -0.00239650928415, 0.000230756311794, -0.00318553508259, 0.000279642059468, 0.0011726312805, 0.0148999150842, -0.00114596716594, -0.00320158572868], [-0.000428104336606, 0.00135853362735, -0.00226939795539, 0.00173013960011, 2.00602007681e-05, 0.000488899357151, -0.00275981402956, -0.00214135739952, 0.00192020426039, -0.00291555607691, -0.00114596716594, 0.0160228591412, -0.00261219334789], [0.000440011557657, -0.00173887994606, -4.73208365293e-06, -0.00263797980733, 0.00162892451044, 1.85100834642e-05, 0.00203255028464, 0.000819684879389, -0.00397006515414, 0.00120779115241, -0.00320158572868, -0.00261219334789, 0.0230108611286]]
    },
    "melbands": {
        "dmean": [0.000545446877368, 0.000985555700026, 0.000504314666614, 0.00030144531047, 0.00013871822739, 0.000186636665603, 0.000164488519658, 7.29824387236e-05, 3.94877351937e-05, 5.19880413776e-05, 4.29406100011e-05, 2.91961696348e-05, 2.66992283287e-05, 1.52426209752e-05, 1.91671842913e-05, 2.59798889601e-05, 4.39598625235e-05, 2.97984406643e-05, 2.64763384621e-05, 3.28513124259e-05, 3.51657181454e-05, 3.68344080925e-05, 2.14410029002e-05, 1.24310663523e-05, 1.35707568916e-05, 1.45874018926e-05, 6.93712627253e-06, 4.3907939471e-06, 2.77264484794e-06, 2.20191031985e-06, 2.18051923184e-06, 2.53231701208e-06, 1.43617558024e-06, 8.52525261053e-07, 5.02242528455e-07, 3.77022359999e-07, 3.50734211452e-07, 3.00247251062e-07, 2.98161751289e-07, 2.21009912593e-07],
        "dmean2": [0.000988955842331, 0.00183368031867, 0.000844837457407, 0.000494277861435, 0.000221079259063, 0.000313855940476, 0.000284474983346, 0.000123210949823, 6.22141087661e-05, 8.13374499558e-05, 6.8463930802e-05, 4.80632988911e-05, 4.25031612394e-05, 2.52333102253e-05, 3.13069285767e-05, 4.27121631219e-05, 7.32231201255e-05, 4.79251793877e-05, 4.44851575594e-05, 5.18935848959e-05, 5.47293529962e-05, 5.66299677303e-05, 3.4448596125e-05, 1.96538385353e-05, 2.05306951102e-05, 2.23061997531e-05, 1.05754079414e-05, 6.68359052725e-06, 4.10804113926e-06, 3.17781541526e-06, 3.22952587339e-06, 3.93840764445e-06, 2.0965251224e-06, 1.22615824694e-06, 7.55099279104e-07, 5.44792044366e-07, 4.9859494311e-07, 4.33479698358e-07, 4.2663862132e-07, 3.20859101066e-07],
        "dvar": [2.17326191887e-06, 7.18028422853e-06, 5.91652280946e-07, 2.85265116418e-07, 6.33365928593e-08, 1.63314382462e-07, 2.23254971843e-07, 1.3562510226e-08, 3.67933572498e-09, 5.84989967578e-09, 4.83038586907e-09, 2.57741605836e-09, 2.32999219918e-09, 7.77553299525e-10, 9.80610814771e-10, 2.03569183732e-09, 5.07361130886e-09, 2.43490250185e-09, 2.94171309534e-09, 1.71829239726e-09, 2.16420814603e-09, 2.04634487133e-09, 9.74069269688e-10, 2.88426005302e-10, 3.76154635218e-10, 3.89115517585e-10, 1.40798428472e-10, 7.42011938004e-11, 3.48259199257e-11, 1.94365114281e-11, 1.72582104857e-11, 1.95696167604e-11, 5.58678710932e-12, 1.91586330134e-12, 1.09132516392e-12, 1.24870047028e-12, 1.686576768e-12, 1.01295642881e-12, 8.56200798195e-13, 3.11212291831e-13],
        "dvar2": [6.02724367127e-06, 2.06844688364e-05, 1.63395554864e-06, 7.01555904925e-07, 1.50371036511e-07, 4.61924202e-07, 6.39634606614e-07, 3.88720629019e-08, 9.13232511834e-09, 1.49329810739e-08, 1.25911627791e-08, 7.17810122453e-09, 5.65617908066e-09, 2.03154848499e-09, 2.54973087088e-09, 5.21960208388e-09, 1.36327011901e-08, 6.0319935713e-09, 8.05684230443e-09, 4.37899760897e-09, 5.03995467582e-09, 4.81656714513e-09, 2.40932451767e-09, 7.1990879924e-10, 8.39933955721e-10, 8.5927309712e-10, 3.35432764897e-10, 1.75947936776e-10, 7.72300209895e-11, 3.92764397394e-11, 3.66759018988e-11, 4.59008248077e-11, 1.19445477814e-11, 4.15136978613e-12, 2.34244286294e-12, 2.48772747194e-12, 3.2130140562e-12, 2.02348337738e-12, 1.71865104613e-12, 6.54703884422e-13],
        "max": [0.00986138917506, 0.0217650383711, 0.00652897357941, 0.00960556510836, 0.00532617047429, 0.0047618788667, 0.00546868517995, 0.0012354280334, 0.00084914494073, 0.00119339476805, 0.00104764208663, 0.000980229116976, 0.0010317186825, 0.000378529308364, 0.000546913710423, 0.000663628685288, 0.00113713508472, 0.000739194452763, 0.000773971783929, 0.000533834507223, 0.000964211067185, 0.000620094244368, 0.000499248562846, 0.000329434376908, 0.000358877499821, 0.000267648982117, 0.000223435505177, 0.00017633313837, 0.000111668923637, 7.94273582869e-05, 7.23859047866e-05, 4.44161923951e-05, 2.72836623481e-05, 1.83959364222e-05, 2.28992375924e-05, 2.00744234462e-05, 3.79395569325e-05, 2.41845609708e-05, 2.12790509977e-05, 1.1369222193e-05],
        "mean": [0.000413336616475, 0.000936303520575, 0.00101960939355, 0.000696175266057, 0.000359228171874, 0.000357666780474, 0.000237249521888, 0.000134918416734, 8.48436538945e-05, 0.000119665332022, 9.144681826e-05, 5.54234429728e-05, 5.03088740516e-05, 2.535456224e-05, 3.88625921914e-05, 5.44705180801e-05, 7.62618146837e-05, 5.18819579156e-05, 4.47620659543e-05, 6.65697079967e-05, 7.56022054702e-05, 8.54497702676e-05, 4.59785878775e-05, 2.76320224657e-05, 2.84888265014e-05, 2.94173423754e-05, 1.63391432579e-05, 9.65223898675e-06, 4.79110576634e-06, 3.50501136381e-06, 3.2060893318e-06, 3.20916865348e-06, 1.97019721782e-06, 1.24329335449e-06, 7.76651404522e-07, 6.01199189987e-07, 5.644347425e-07, 4.53453623095e-07, 4.40400555135e-07, 3.19350903055e-07],
        "median": [1.00672659755e-05, 0.000161522053531, 0.000721676799003, 0.000323268934153, 0.000208584373468, 0.000201521077543, 0.000123011166579, 9.80564727797e-05, 5.29490571353e-05, 7.86125019658e-05, 6.64180915919e-05, 3.58220022463e-05, 2.41791058215e-05, 1.47637756527e-05, 2.05289179576e-05, 3.05780667986e-05, 3.69730114471e-05, 2.79738360405e-05, 2.38267166424e-05, 5.10978679813e-05, 5.43740643479e-05, 6.38718120172e-05, 3.07728550979e-05, 1.96101973415e-05, 1.70239763975e-05, 1.78410082299e-05, 9.00595296116e-06, 4.35880974692e-06, 1.9050011133e-06, 1.10416135612e-06, 9.03656427909e-07, 7.79840149789e-07, 5.3272100331e-07, 4.62659670575e-07, 3.14013647085e-07, 1.98896984216e-07, 1.50994566184e-07, 1.25597324541e-07, 1.2207135569e-07, 1.00204310627e-07],
        "min": [2.6241325878e-24, 2.94000235501e-24, 2.58575529362e-24, 1.34194775334e-24, 3.11163639988e-24, 2.81849470142e-24, 5.20233296053e-24, 1.16145322278e-24, 3.93039533062e-24, 4.5017909501e-24, 4.33131021988e-24, 7.02960736846e-24, 6.15581493717e-24, 3.49875233696e-24, 3.11796424763e-24, 2.06144954259e-24, 2.8033726323e-24, 4.0396253503e-24, 5.41239202566e-24, 6.85989262217e-24, 5.96661295994e-24, 5.91849836118e-24, 5.11704210832e-24, 4.84671604218e-24, 4.87619143547e-24, 5.24159062348e-24, 5.38586026684e-24, 6.13406801417e-24, 5.82042086256e-24, 5.5906028039e-24, 6.39278993639e-24, 5.98673995708e-24, 6.06479537707e-24, 7.06623102485e-24, 6.49515094973e-24, 7.03158030959e-24, 7.02889581593e-24, 7.55865614569e-24, 8.16974093503e-24, 7.48129650102e-24],
        "var": [1.49219158629e-06, 4.65558923679e-06, 1.09832546968e-06, 1.04194816686e-06, 2.09629206438e-07, 2.0841385151e-07, 1.72238344476e-07, 1.99081195973e-08, 9.33506871803e-09, 1.60335869026e-08, 1.05597299793e-08, 4.43386838356e-09, 5.48890488616e-09, 1.29907196111e-09, 3.41008909999e-09, 5.87118487161e-09, 1.35067974583e-08, 5.32698063438e-09, 3.88864274115e-09, 3.92416277251e-09, 6.61132837365e-09, 6.82836676091e-09, 2.59354027143e-09, 8.31802682288e-10, 9.93414905892e-10, 1.08823039469e-09, 4.50825432541e-10, 1.82283799166e-10, 6.92930712809e-11, 4.47495408784e-11, 3.74928768587e-11, 2.97232169433e-11, 1.02822949807e-11, 3.65159985583e-12, 1.8882373963e-12, 2.34335771274e-12, 3.03463287485e-12, 1.73691258858e-12, 1.56148672551e-12, 5.74590613804e-13]
    },
    "mfcc": {
        "mean": [-652.762145996, 118.795204163, -37.5059013367, 32.5951042175, 8.95519256592, -9.04223251343, -11.1861400604, -3.96872806549, -5.45951080322, -3.64689207077, -4.78434991837, -10.3928604126, -5.25753307343],
        "cov": [[10077.5292969, 128.143508911, -733.484924316, -213.660095215, -103.616798401, -208.778396606, -82.9957046509, 215.802200317, -39.5219154358, 90.7196273804, 43.3356552124, 48.3272781372, 135.753173828], [128.143508911, 1492.75036621, -462.613433838, 155.061080933, 121.932006836, -193.126190186, 90.0839157104, 51.5535507202, -120.657073975, 21.0630569458, -67.2763366699, -63.9641723633, -21.6833286285], [-733.484924316, -462.613433838, 791.302307129, 69.2142791748, 91.78956604, 278.177337646, 49.4588470459, 2.13213419914, 103.753204346, -45.8886184692, 41.4335632324, 18.5202903748, -1.12104737759], [-213.660095215, 155.061080933, 69.2142791748, 257.640167236, 108.970733643, 111.011405945, 44.0900535583, -30.3351154327, 62.1719970703, 13.7744731903, 46.0399971008, 7.00511026382, 13.8951635361], [-103.616798401, 121.932006836, 91.78956604, 108.970733643, 180.53553772, 62.3009986877, 74.9556045532, 42.3264160156, 33.2684135437, 39.0424232483, 27.7669410706, 17.0922203064, 18.9712295532], [-208.778396606, -193.126190186, 278.177337646, 111.011405945, 62.3009986877, 303.8097229, 59.8872032166, -24.0128688812, 119.806694031, -1.73982810974, 108.917945862, 31.7079315186, 17.0831432343], [-82.9957046509, 90.0839157104, 49.4588470459, 44.0900535583, 74.9556045532, 59.8872032166, 136.760131836, 73.3485107422, 20.3149986267, 35.6297340393, 28.0338916779, 31.3585071564, 26.0484294891], [215.802200317, 51.5535507202, 2.13213419914, -30.3351154327, 42.3264160156, -24.0128688812, 73.3485107422, 161.389984131, 1.49012744427, 17.3872833252, 10.3955192566, 17.2821426392, 39.0728721619], [-39.5219154358, -120.657073975, 103.753204346, 62.1719970703, 33.2684135437, 119.806694031, 20.3149986267, 1.49012744427, 134.807342529, 16.8328914642, 69.1741714478, 22.0580444336, 19.3957366943], [90.7196273804, 21.0630569458, -45.8886184692, 13.7744731903, 39.0424232483, -1.73982810974, 35.6297340393, 17.3872833252, 16.8328914642, 94.7422637939, 16.1591434479, 27.5222454071, 13.0438156128], [43.3356552124, -67.2763366699, 41.4335632324, 46.0399971008, 27.7669410706, 108.917945862, 28.0338916779, 10.3955192566, 69.1741714478, 16.1591434479, 124.850364685, 21.7633590698, 19.5160598755], [48.3272781372, -63.9641723633, 18.5202903748, 7.00511026382, 17.0922203064, 31.7079315186, 31.3585071564, 17.2821426392, 22.0580444336, 27.5222454071, 21.7633590698, 67.9659118652, 32.1688270569], [135.753173828, -21.6833286285, -1.12104737759, 13.8951635361, 18.9712295532, 17.0831432343, 26.0484294891, 39.0728721619, 19.3957366943, 13.0438156128, 19.5160598755, 32.1688270569, 78.7988891602]],
