{
"lowlevel": {
    "average_loudness": 0.95804309845,
    "barkbands_crest": {
        "dmean": 2.53607082367,
        "dmean2": 4.34038686752,
        "dvar": 5.57075738907,
        "dvar2": 16.0415325165,
        "max": 25.3215274811,
        "mean": 9.32147407532,
        "median": 8.33368587494,
        "min": 2.47542214394,
        "var": 20.1615791321
    },
    "barkbands_flatness_db": {
        "dmean": 0.0232131984085,
        "dmean2": 0.0383018888533,
        "dvar": 0.000619306403678,
        "dvar2": 0.00171046727337,
        "max": 0.374472975731,
        "mean": 0.134041771293,
        "median": 0.110740832984,
        "min": 0.0409601889551,
        "var": 0.00436789961532
    },
    "barkbands_kurtosis": {
        "dmean": 7.7859377861,
        "dmean2": 13.5961818695,
        "dvar": 516.292785645,
        "dvar2": 1664.44946289,
        "max": 333.180511475,
        "mean": 11.1855201721,
        "median": 0.623076200485,
        "min": -1.87640762329,
        "var": 955.900878906
    },
    "barkbands_skewness": {
        "dmean": 0.760192453861,
        "dmean2": 1.26436984539,
        "dvar": 1.07308375835,
        "dvar2": 3.11609983444,
        "max": 16.6894035339,
        "mean": 2.00223565102,
        "median": 1.29891383648,
        "min": -2.08456730843,
        "var": 5.30796194077
    },
    "barkbands_spread": {
        "dmean": 6.62703323364,
        "dmean2": 10.4831762314,
        "dvar": 67.7388534546,
        "dvar2": 153.67288208,
        "max": 100.33984375,
        "mean": 30.6432323456,
        "median": 31.5379066467,
        "min": 0.645177364349,
        "var": 351.321533203
    },
    "dissonance": {
        "dmean": 0.0109522612765,
        "dmean2": 0.0186069905758,
        "dvar": 0.00013655127259,
        "dvar2": 0.000376464886358,
        "max": 0.499999940395,
        "mean": 0.48017346859,
        "median": 0.484629571438,
        "min": 0.365189433098,
        "var": 0.000255408260273
    },
    "dynamic_complexity": 3.85060548782,
    "erbbands_crest": {
        "dmean": 2.10788750648,
        "dmean2": 3.49435544014,
        "dvar": 4.93290758133,
        "dvar2": 12.5908279419,
        "max": 23.9815235138,
        "mean": 6.84925746918,
        "median": 5.96221733093,
        "min": 2.28686547279,
        "var": 10.1568183899
    },
    "erbbands_flatness_db": {
        "dmean": 0.0127291707322,
        "dmean2": 0.0204637385905,
        "dvar": 0.000168856160599,
        "dvar2": 0.000381894671591,
        "max": 0.232473865151,
        "mean": 0.140684217215,
        "median": 0.141725584865,
        "min": 0.0455607101321,
        "var": 0.000747125188354
    },
    "erbbands_kurtosis": {
        "dmean": 0.747480154037,
        "dmean2": 1.23583817482,
        "dvar": 1.05828380585,
        "dvar2": 2.72763538361,
        "max": 11.2742834091,
        "mean": 0.0468365475535,
        "median": -0.295921325684,
        "min": -1.78970503807,
        "var": 2.01181101799
    },
    "erbbands_skewness": {
        "dmean": 0.348321646452,
        "dmean2": 0.550347685814,
        "dvar": 0.130095779896,
        "dvar2": 0.30933251977,
        "max": 2.64377999306,
        "mean": -0.16770118475,
        "median": -0.260379761457,
        "min": -2.71050882339,
        "var": 0.556858241558
    },
    "erbbands_spread": {
        "dmean": 9.71875953674,
        "dmean2": 15.6652431488,
        "dvar": 108.119338989,
        "dvar2": 267.503509521,
        "max": 167.510620117,
        "mean": 50.546421051,
        "median": 45.0505447388,
        "min": 8.97389984131,
        "var": 533.726867676
    },
    "hfc": {
        "dmean": 6.81408977509,
        "dmean2": 10.5474863052,
        "dvar": 109.252464294,
        "dvar2": 245.924865723,
        "max": 193.291931152,
        "mean": 27.0837249756,
        "median": 22.9491558075,
        "min": 1.10750285772e-16,
        "var": 527.313659668
    },
    "melbands_crest": {
        "dmean": 3.76308846474,
        "dmean2": 6.48304653168,
        "dvar": 10.9838542938,
        "dvar2": 31.3791160583,
        "max": 36.4168014526,
        "mean": 15.7277574539,
        "median": 14.6803855896,
        "min": 1.79702222347,
        "var": 34.3101196289
    },
    "melbands_flatness_db": {
        "dmean": 0.0315555594862,
        "dmean2": 0.0514693967998,
        "dvar": 0.000965343904682,
        "dvar2": 0.00251910090446,
        "max": 0.502636313438,
        "mean": 0.192170128226,
        "median": 0.166331499815,
        "min": 0.00398503383622,
        "var": 0.00827595405281
    },
    "melbands_kurtosis": {
        "dmean": 20.7860717773,
        "dmean2": 36.1123275757,
        "dvar": 3019.45239258,
        "dvar2": 9616.69824219,
        "max": 991.099060059,
        "mean": 38.2705612183,
        "median": 9.05426120758,
        "min": -1.69863688946,
        "var": 8456.66894531
    },
    "melbands_skewness": {
        "dmean": 1.07685780525,
        "dmean2": 1.79297840595,
        "dvar": 1.79958212376,
        "dvar2": 5.14337205887,
        "max": 26.1209621429,
        "mean": 3.87255096436,
        "median": 2.88763976097,
        "min": -0.640255868435,
        "var": 10.6779737473
    },
    "melbands_spread": {
        "dmean": 10.1552066803,
        "dmean2": 16.4931621552,
        "dvar": 184.911727905,
        "dvar2": 455.128326416,
        "max": 175.9584198,
        "mean": 31.4018344879,
        "median": 26.0054931641,
        "min": 0.40830540657,
        "var": 659.678344727
    },
    "pitch_salience": {
        "dmean": 0.0765728354454,
        "dmean2": 0.128587394953,
        "dvar": 0.00496739987284,
        "dvar2": 0.0144698349759,
        "max": 0.839000284672,
        "mean": 0.551603198051,
        "median": 0.568406939507,
        "min": 0.0661700367928,
        "var": 0.0170253906399
    },
    "silence_rate_20dB": {
        "dmean": 0,
        "dmean2": 0,
        "dvar": 0,
        "dvar2": 0,
        "max": 1,
        "mean": 1,
        "median": 1,
        "min": 1,
        "var": 0
    },
    "silence_rate_30dB": {
        "dmean": 0,
        "dmean2": 0,
        "dvar": 0,
        "dvar2": 0,
        "max": 1,
        "mean": 1,
        "median": 1,
        "min": 1,
        "var": 0
    },
    "silence_rate_60dB": {
        "dmean": 0.0166408661753,
        "dmean2": 0.0332946181297,
        "dvar": 0.0163652747869,
        "dvar2": 0.0345070883632,
        "max": 1,
        "mean": 0.0882011577487,
        "median": 0,
        "min": 0,
        "var": 0.0804239138961
    },
    "spectral_centroid": {
        "dmean": 321.811462402,
        "dmean2": 520.489868164,
        "dvar": 145900.796875,
        "dvar2": 323637.625,
        "max": 11384.2324219,
        "mean": 1737.0357666,
        "median": 1736.16577148,
        "min": 165.007873535,
        "var": 1003319.4375
    },
    "spectral_complexity": {
        "dmean": 4.65325069427,
        "dmean2": 7.28261709213,
        "dvar": 30.958694458,
        "dvar2": 66.6732940674,
        "max": 61,
        "mean": 24.7945842743,
        "median": 24,
        "min": 0,
        "var": 281.252044678
    },
    "spectral_decrease": {
        "dmean": 2.29255125994e-09,
        "dmean2": 3.87550924685e-09,
        "dvar": 7.55951676416e-18,
        "dvar2": 1.92620519987e-17,
        "max": 1.31907278929e-28,
        "mean": -6.33088825808e-09,
        "median": -6.24226093038e-09,
        "min": -2.7114237966e-08,
        "var": 1.44074067386e-17
    },
    "spectral_energy": {
        "dmean": 0.008998433128,
        "dmean2": 0.0151456119493,
        "dvar": 0.000115997019748,
        "dvar2": 0.00029439406353,
        "max": 0.109688080847,
        "mean": 0.0263507775962,
        "median": 0.0260003153235,
        "min": 1.04256487313e-20,
        "var": 0.000246065377723
    },
    "spectral_energyband_high": {
        "dmean": 0.00070333777694,
        "dmean2": 0.00108738976996,
        "dvar": 1.72153090716e-06,
        "dvar2": 3.72761701328e-06,
        "max": 0.0271732117981,
        "mean": 0.00194719433784,
        "median": 0.00124265730847,
        "min": 7.24816365515e-21,
        "var": 5.23814060216e-06
    },
    "spectral_energyband_low": {
        "dmean": 0.00582116609439,
        "dmean2": 0.0101585621014,
        "dvar": 5.95505880483e-05,
        "dvar2": 0.00016520889767,
        "max": 0.0717444270849,
        "mean": 0.0103432191536,
        "median": 0.00864029955119,
        "min": 2.57439455274e-23,
        "var": 7.82767529017e-05
    },
    "spectral_energyband_middle_high": {
        "dmean": 0.00154979643412,
        "dmean2": 0.00241373223253,
        "dvar": 3.77069977731e-06,
        "dvar2": 8.60517320689e-06,
        "max": 0.0286197457463,
        "mean": 0.00603206176311,
        "median": 0.0043032434769,
        "min": 1.39657884884e-21,
        "var": 3.00333886116e-05
    },
    "spectral_energyband_middle_low": {
        "dmean": 0.00476019224152,
        "dmean2": 0.00780434394255,
        "dvar": 4.34787070844e-05,
        "dvar2": 0.000103766207758,
        "max": 0.0688529983163,
        "mean": 0.00954029988497,
        "median": 0.00778955826536,
        "min": 2.21576664697e-22,
        "var": 6.69674045639e-05
    },
    "spectral_entropy": {
        "dmean": 0.145238056779,
        "dmean2": 0.228564798832,
        "dvar": 0.029541676864,
        "dvar2": 0.0707016810775,
        "max": 9.82011032104,
        "mean": 7.81570529938,
        "median": 7.90299654007,
        "min": 6.33337450027,
        "var": 0.122846052051
    },
    "spectral_flux": {
        "dmean": 0.0231627225876,
        "dmean2": 0.0364804714918,
        "dvar": 0.00059225485893,
        "dvar2": 0.00124177266844,
        "max": 0.258659273386,
        "mean": 0.0877624899149,
        "median": 0.0904344990849,
        "min": 6.54258730526e-11,
        "var": 0.0018758905353
    },
    "spectral_kurtosis": {
        "dmean": 1.02369976044,
        "dmean2": 1.75179243088,
        "dvar": 1.27270805836,
        "dvar2": 3.43130421638,
        "max": 17.6468849182,
        "mean": 2.31049466133,
        "median": 2.04292154312,
        "min": -1.23610782623,
        "var": 2.33076620102
    },
    "spectral_rms": {
        "dmean": 0.000841612229124,
        "dmean2": 0.00139468885027,
        "dvar": 7.93766048446e-07,
        "dvar2": 1.97051235773e-06,
        "max": 0.0103446971625,
        "mean": 0.00474335439503,
        "median": 0.00503648305312,
        "min": 3.18925766872e-12,
        "var": 3.20866934089e-06
    },
    "spectral_rolloff": {
        "dmean": 606.56439209,
        "dmean2": 1014.18670654,
        "dvar": 890511.4375,
        "dvar2": 2026710.25,
        "max": 19358.3496094,
        "mean": 1945.84545898,
        "median": 1679.58984375,
        "min": 43.06640625,
        "var": 3571607.75
    },
    "spectral_skewness": {
        "dmean": 0.185126960278,
        "dmean2": 0.304584562778,
        "dvar": 0.0378071516752,
        "dvar2": 0.0939856246114,
        "max": 3.06304311752,
        "mean": 1.04144334793,
        "median": 0.975432872772,
        "min": -0.0572465583682,
        "var": 0.11766961962
    },
    "spectral_spread": {
        "dmean": 447045.90625,
        "dmean2": 682530.125,
        "dvar": 666550403072,
        "dvar2": 1.33232826778e+12,
        "max": 42270984,
        "mean": 4699977.5,
        "median": 4196659.5,
        "min": 2013692,
        "var": 5.73487290778e+12
    },
    "spectral_strongpeak": {
        "dmean": 0.371597588062,
        "dmean2": 0.672702908516,
        "dvar": 0.622140288353,
        "dvar2": 1.60337853432,
        "max": 7.42330694199,
        "mean": 0.499595880508,
        "median": 0.279201120138,
        "min": 0,
        "var": 0.636497855186
    },
    "zerocrossingrate": {
        "dmean": 0.0110150501132,
        "dmean2": 0.0129406815395,
        "dvar": 0.000185754455742,
        "dvar2": 0.000224642135436,
        "max": 0.515625,
        "mean": 0.0680184289813,
        "median": 0.06591796875,
        "min": 0.00244140625,
        "var": 0.00218698265962
    },
    "barkbands": {
        "dmean": [0.000251840392593, 0.00332423998043, 0.00250864773989, 0.00282214651816, 0.00196213880554, 0.000561060500331, 0.000329838105245, 0.000346917542629, 0.000474475440569, 0.000264559552306, 0.00019828430959, 0.000326998153469, 0.000317054829793, 0.000379747740226, 0.000289559771772, 0.000322938954923, 0.000395585404476, 0.000295135891065, 0.000267770839855, 0.000197301778826, 0.00031441700412, 0.000220403788262, 0.000120138756756, 9.39610545174e-05, 3.58261168003e-05, 5.85073075854e-06, 3.0430589959e-07],
        "dmean2": [0.000355201744242, 0.00571874016896, 0.00444467924535, 0.00468843430281, 0.00332885584794, 0.000910672184546, 0.000544376322068, 0.000564891961403, 0.000789448153228, 0.000421058008214, 0.000313624303089, 0.00052248663269, 0.000517270469572, 0.00060962641146, 0.000461409596028, 0.000514658284374, 0.000652656308375, 0.000480310525745, 0.000450025952887, 0.000331400573486, 0.000520488771144, 0.000342584506143, 0.000188912134035, 0.000139446696267, 5.32097292307e-05, 8.85378449311e-06, 5.440726909e-07],
        "dvar": [1.16830548791e-07, 1.84675827768e-05, 1.71935644175e-05, 1.79291328095e-05, 7.64702508604e-06, 1.00079751064e-06, 4.87155489282e-07, 6.31706996046e-07, 8.99156077594e-07, 2.83974657123e-07, 1.76688885745e-07, 3.73781631424e-07, 3.17833837471e-07, 5.72409419419e-07, 2.8736906188e-07, 3.337707426e-07, 3.88865430523e-07, 2.14431722156e-07, 1.54892973114e-07, 9.57227683784e-08, 2.53317637089e-07, 3.44533958696e-07, 4.19574632815e-08, 9.68735491824e-08, 1.73234386835e-08, 4.97448526815e-10, 1.1750859617e-12],
        "dvar2": [2.19736961071e-07, 5.14025923621e-05, 4.81173592561e-05, 4.44572797278e-05, 2.08332930924e-05, 2.42694341068e-06, 1.12327415991e-06, 1.45270632856e-06, 2.38458301283e-06, 5.93916581693e-07, 3.9463824919e-07, 8.87196904387e-07, 7.9098418837e-07, 1.36643166115e-06, 6.41887879738e-07, 7.82889003403e-07, 1.00155580185e-06, 5.23062112734e-07, 4.282846362e-07, 2.57356020938e-07, 6.41816484404e-07, 7.38916639875e-07, 9.49690104335e-08, 2.37422170812e-07, 4.29735571572e-08, 1.15003073731e-09, 3.38369740213e-12],
        "max": [0.00359585275874, 0.0370919778943, 0.0425220727921, 0.0434640645981, 0.0271197520196, 0.0243087150156, 0.0142388446257, 0.0115444045514, 0.0183369256556, 0.0101900352165, 0.0108155952767, 0.00848958268762, 0.0127169648185, 0.0139144165441, 0.0126465493813, 0.00974369700998, 0.00709360465407, 0.00903283897787, 0.00499763898551, 0.0046331519261, 0.00708124227822, 0.0165213979781, 0.00301633263007, 0.00842240545899, 0.00272434158251, 0.000504393246956, 2.08643377846e-05],
        "mean": [0.000398364471039, 0.00479531288147, 0.00369520648383, 0.00333805894479, 0.00340979895554, 0.000891333445907, 0.000461566756712, 0.000548731593881, 0.000778976303991, 0.000427364051575, 0.000346295390045, 0.000620249833446, 0.000580258085392, 0.000725414138287, 0.000516385247465, 0.000626287655905, 0.000813346647192, 0.000663259997964, 0.000593034375925, 0.000408455380239, 0.000682251295075, 0.000494699808769, 0.000282867986243, 0.00018552664551, 5.81757303735e-05, 9.33038609219e-06, 2.56620182881e-07],
        "median": [0.000135481590405, 0.00346468389034, 0.00231529655866, 0.00174800970126, 0.00242642010562, 0.000437571492512, 0.000170032988535, 0.000133557245135, 0.00029283305048, 0.00014290571562, 0.000116198636533, 0.000273573619779, 0.000303905340843, 0.000315919809509, 0.000271141238045, 0.000275642203633, 0.000338838348398, 0.000385021499824, 0.000257354113273, 0.000278111809166, 0.000347183056874, 0.000327207206283, 0.000167807695107, 8.42686131364e-05, 2.14696701732e-05, 2.96858070215e-06, 4.5235402979e-08],
        "min": [8.12726787503e-24, 6.98016156692e-24, 3.82449864271e-24, 7.76467742628e-24, 1.91182081211e-23, 1.97929224311e-23, 1.67184064727e-23, 4.93935063721e-23, 1.23823875421e-23, 1.94908691682e-23, 2.7777237666e-23, 2.15039128251e-23, 6.36840151265e-23, 3.59547843797e-23, 1.0347070713e-22, 8.92406535205e-23, 9.00102662196e-23, 1.4952122609e-22, 9.43813571172e-23, 2.51468762719e-22, 3.36336211195e-22, 2.92518181219e-22, 4.45630327393e-22, 7.57291524831e-22, 9.94202231887e-22, 1.35825116455e-21, 2.14173761722e-21],
        "var": [2.87241306296e-07, 2.53762864304e-05, 2.00991053134e-05, 1.89232232515e-05, 1.17680774565e-05, 1.54293672949e-06, 9.12617508675e-07, 1.57904287335e-06, 1.82977794339e-06, 8.80834704731e-07, 6.14144937572e-07, 1.03790932826e-06, 6.70734209507e-07, 1.50580774516e-06, 6.58463306991e-07, 8.31613249375e-07, 1.05152344076e-06, 5.73595002606e-07, 4.98002179938e-07, 2.01480091278e-07, 7.06270327555e-07, 7.44628835037e-07, 1.16132142125e-07, 1.25295429143e-07, 2.28216006093e-08, 7.84123321829e-10, 7.34360001194e-13]
    },
    "erbbands": {
        "dmean": [0.102667108178, 0.802627146244, 2.74063062668, 5.91069459915, 9.4147195816, 6.01181983948, 4.38384628296, 4.51674461365, 4.26410913467, 6.45215988159, 6.84885406494, 9.62567234039, 10.2412843704, 6.82947731018, 10.7323617935, 10.1300697327, 12.7257852554, 17.9614086151, 14.3846521378, 15.5427570343, 17.0952568054, 22.2595863342, 16.5435409546, 11.1426706314, 13.8083000183, 8.94418811798, 15.4348020554, 9.0967092514, 8.72835636139, 5.34173965454, 3.00619459152, 2.26792836189, 1.51604294777, 0.590947091579, 0.160108759999, 0.0428479276597, 0.00731685804203, 0.000842227018438, 5.78867911827e-05, 1.2002821677e-05],
        "dmean2": [0.166891619563, 1.40359067917, 4.78528642654, 9.99169921875, 15.6546211243, 10.3009281158, 7.41214418411, 7.24950933456, 7.19280576706, 10.6676473618, 11.0075731277, 15.9675264359, 16.887140274, 10.7958250046, 16.8740310669, 16.4683189392, 20.6798877716, 28.9801616669, 23.2587776184, 24.8860569, 26.9388904572, 36.27085495, 27.0636138916, 18.2164001465, 22.9832744598, 15.173377037, 25.7820243835, 14.6908311844, 13.7039690018, 8.22755336761, 4.64761304855, 3.44768261909, 2.24594569206, 0.873286664486, 0.234278172255, 0.0648101717234, 0.0111279422417, 0.00138443498872, 0.000101717014331, 1.99442893063e-05],
        "dvar": [0.0199658088386, 1.23503518105, 19.5056056976, 67.1131668091, 218.327453613, 72.9764862061, 53.5002708435, 72.1048812866, 72.737991333, 254.087020874, 219.209609985, 384.373779297, 421.557373047, 215.991363525, 384.360839844, 357.702728271, 510.793487549, 1178.5925293, 815.046142578, 938.489562988, 858.048583984, 1288.65649414, 711.62677002, 312.074035645, 408.983856201, 211.117355347, 661.926940918, 250.839981079, 520.382263184, 166.755859375, 27.8097305298, 34.2315406799, 34.4776420593, 5.49505186081, 0.203244656324, 0.0288562308997, 0.000679615011904, 5.91935076955e-06, 4.13502192487e-08, 2.55528181947e-10],
        "dvar2": [0.0501930676401, 3.53271651268, 54.1482391357, 172.815643311, 542.394714355, 212.176895142, 140.487609863, 168.275299072, 168.132751465, 605.198852539, 515.321350098, 959.16998291, 1176.71582031, 424.879455566, 909.125915527, 861.088256836, 1305.28283691, 2902.57788086, 1990.01452637, 1986.53210449, 2048.08496094, 3353.91064453, 1723.28161621, 845.432556152, 1116.02453613, 573.153930664, 1695.12365723, 618.961425781, 1144.0670166, 350.895751953, 63.7413063049, 85.1106185913, 85.0053329468, 13.7211761475, 0.472123116255, 0.0682184249163, 0.00153929786757, 1.48183116835e-05, 1.17661151933e-07, 6.40161201826e-10],
        "max": [1.33555471897, 9.92160415649, 42.7629928589, 67.8618087769, 193.127578735, 95.2036361694, 95.3444671631, 233.118026733, 192.497192383, 323.766845703, 227.92024231, 342.849487305, 293.393096924, 389.850128174, 401.764801025, 366.626586914, 350.943572998, 795.524353027, 630.654663086, 695.484741211, 522.770812988, 404.0234375, 535.983825684, 318.585144043, 290.746368408, 198.605056763, 421.704864502, 420.385955811, 668.354919434, 260.810577393, 92.3965072632, 161.570129395, 152.517669678, 53.8981018066, 7.70984649658, 3.62234902382, 0.589279949665, 0.0449918918312, 0.00402046088129, 0.000203154166229],
        "mean": [0.140990331769, 1.06411659718, 4.12259483337, 7.77028751373, 13.8191728592, 9.95234489441, 6.51653242111, 7.59339857101, 6.22330188751, 10.4672794342, 10.7424249649, 15.0735778809, 18.16639328, 12.6485996246, 20.9569339752, 20.7470302582, 25.4703788757, 36.6780662537, 29.4177017212, 31.2443656921, 35.9289093018, 46.5689239502, 38.398815155, 27.0633106232, 30.979309082, 19.7244358063, 31.3581027985, 20.3793849945, 19.3606872559, 12.0686120987, 7.0809173584, 4.91375875473, 2.62126421928, 0.941910386086, 0.273011207581, 0.0707845538855, 0.0115762585774, 0.00112300552428, 7.13803165127e-05, 3.67891188944e-05],
        "median": [0.0703463554382, 0.742019712925, 2.81704425812, 4.84321498871, 7.35524702072, 6.30945110321, 3.71364712715, 3.54592418671, 3.14451527596, 2.80153632164, 3.88484978676, 6.30002641678, 6.51147556305, 5.15063238144, 9.42000865936, 11.0315999985, 13.6250076294, 17.0497779846, 16.8988170624, 15.7991390228, 16.644821167, 20.3766880035, 22.3391819, 14.286939621, 14.5322742462, 13.6371135712, 15.2531356812, 12.6445035934, 12.7565288544, 7.85626411438, 4.1353969574, 2.16949224472, 1.11137259007, 0.339029401541, 0.114667534828, 0.0249710772187, 0.00361571554095, 0.000354198273271, 3.30352486344e-05, 3.51359012711e-05],
        "min": [2.57438912537e-22, 9.51133405201e-22, 6.77777819097e-21, 2.05616889286e-20, 2.72546124443e-20, 3.62632135446e-20, 1.14811350703e-19, 1.93295914508e-19, 2.40157053303e-19, 4.55565896653e-19, 1.13648453669e-18, 6.59092600697e-19, 4.61005229566e-19, 1.11520469505e-18, 1.28610744743e-18, 1.04982806175e-18, 2.96634019376e-18, 2.01123837422e-18, 4.47291174716e-18, 6.00589745226e-18, 5.19873585131e-18, 5.66590305945e-18, 8.10300916819e-18, 7.64724257684e-18, 8.59218806602e-18, 1.14665182719e-17, 1.22909063227e-17, 1.32026553996e-17, 1.03437430131e-17, 1.17265822021e-17, 1.28412800423e-17, 1.51143665753e-17, 9.84401094502e-18, 9.91154858767e-18, 7.68452857013e-18, 4.59694954796e-18, 2.77699007295e-18, 1.09784713708e-18, 2.96829290869e-19, 3.18419719446e-20],
        "var": [0.0312298983335, 1.36503398418, 20.9428749084, 80.4356918335, 295.678955078, 117.5365448, 73.0387191772, 128.792633057, 108.018547058, 565.058837891, 480.851501465, 648.641174316, 956.278503418, 672.91607666, 1150.66296387, 908.407714844, 1099.14990234, 3046.45849609, 2308.90893555, 2313.96801758, 2512.2644043, 3339.56665039, 1914.0625, 916.754272461, 1347.11767578, 438.203765869, 1606.68701172, 624.015014648, 1130.16638184, 363.745422363, 73.0763473511, 53.5657997131, 40.697265625, 6.89183855057, 0.31626778841, 0.0433250516653, 0.00110993266571, 6.75986120768e-06, 2.85801196043e-08, 5.7315924229e-10]
    },
    "gfcc": {
        "mean": [-12.8296861649, 89.2736740112, -121.517295837, 67.5055923462, -54.3704299927, 24.4570484161, -32.7961921692, 1.32158732414, -20.5717754364, -3.92520356178, -16.1908493042, -4.74084234238, -9.56226348877],
        "cov": [[17375.5390625, -387.036560059, -3415.84472656, 380.464111328, -841.198242188, 176.85508728, -613.358215332, -28.273891449, -462.858795166, -284.437896729, -230.222518921, -134.957519531, -232.967849731], [-387.036560059, 1049.1361084, -39.8168525696, -152.092269897, 124.511947632, -197.867034912, 117.054977417, -173.305404663, 62.108745575, -130.890899658, 40.4694290161, -51.9015350342, 49.6261291504], [-3415.84472656, -39.8168525696, 1115.85131836, 19.8853187561, 126.719322205, 33.5493164062, 49.0215606689, 50.2617263794, 67.6205215454, 119.111816406, 25.9379634857, 35.6170196533, 34.6752510071], [380.464111328, -152.092269897, 19.8853187561, 234.914794922, 22.3160762787, 65.6759109497, -8.1825170517, 15.131819725, -13.6125860214, 3.52368402481, 17.3804111481, -7.06205654144, 1.96328008175], [-841.198242188, 124.511947632, 126.719322205, 22.3160762787, 243.927856445, 43.5499420166, 79.2584915161, 19.7089004517, 54.4157142639, 14.0472888947, 29.8104629517, 6.04946994781, 13.6443090439], [176.85508728, -197.867034912, 33.5493164062, 65.6759109497, 43.5499420166, 172.358459473, 15.9995355606, 74.8301620483, 3.65601491928, 40.5271034241, 13.7908372879, 18.8621139526, 0.473043352365], [-613.358215332, 117.054977417, 49.0215606689, -8.1825170517, 79.2584915161, 15.9995355606, 158.537017822, 23.2677211761, 44.9761428833, -3.59080815315, 20.3698425293, 1.33422863483, 8.30808734894], [-28.273891449, -173.305404663, 50.2617263794, 15.131819725, 19.7089004517, 74.8301620483, 23.2677211761, 138.812850952, 49.5285148621, 56.3951911926, 4.16081953049, 17.4756851196, -9.76722621918], [-462.858795166, 62.108745575, 67.6205215454, -13.6125860214, 54.4157142639, 3.65601491928, 44.9761428833, 49.5285148621, 98.2022018433, 41.0692977905, 14.322221756, -1.02999579906, 4.20093393326], [-284.437896729, -130.890899658, 119.111816406, 3.52368402481, 14.0472888947, 40.5271034241, -3.59080815315, 56.3951911926, 41.0692977905, 102.580688477, 16.4605560303, 15.4979305267, -10.8262710571], [-230.222518921, 40.4694290161, 25.9379634857, 17.3804111481, 29.8104629517, 13.7908372879, 20.3698425293, 4.16081953049, 14.322221756, 16.4605560303, 69.9624404907, 23.9972629547, 8.39461803436], [-134.957519531, -51.9015350342, 35.6170196533, -7.06205654144, 6.04946994781, 18.8621139526, 1.33422863483, 17.4756851196, -1.02999579906, 15.4979305267, 23.9972629547, 59.9443817139, 16.8797798157], [-232.967849731, 49.6261291504, 34.6752510071, 1.96328008175, 13.6443090439, 0.473043352365, 8.30808734894, -9.76722621918, 4.20093393326, -10.8262710571, 8.39461803436, 16.8797798157, 55.9829521179]],
        "icov": [[0.00047398134484, -0.000955649709795, 0.00134210684337, -0.00122695730533, 0.000932112976443, -0.00102604157291, 0.0011798327323, -0.00120057398453, 0.00149056199007, -0.00104813859798, 0.00152732525021, -0.00077993812738, 0.00111984368414], [-0.000955649709795, 0.00466871447861, -0.00274708634242, 0.00386181566864, -0.00281215598807, 0.00332909147255, -0.00317416479811, 0.00482656713575, -0.00562969315797, 0.00486920075491, -0.00544480560347, 0.00369059061632, -0.00351119972765], [0.00134210684337, -0.00274708634242, 0.00494077708572, -0.00364041817375, 0.00215062336065, -0.00260665593669, 0.00310896337032, -0.0033350281883, 0.00443906383589, -0.00462675048038, 0.00472206017002, -0.00249746465124, 0.00235934951343], [-0.00122695730533, 0.00386181566864, -0.00364041817375, 0.00905225146562, -0.00316094467416, 0.00125907186884, -0.00276367249899, 0.00399316381663, -0.00419792672619, 0.00467001460493, -0.00708574708551, 0.00532890344039, -0.00405134959146], [0.000932112976443, -0.00281215598807, 0.00215062336065, -0.00316094467416, 0.00809411425143, -0.00425883522257, 0.000784668896813, -0.00185610284097, 0.000763787713367, -0.00189125770703, 0.00270281801932, -0.00225910334848, 0.00262632244267], [-0.00102604157291, 0.00332909147255, -0.00260665593669, 0.00125907186884, -0.00425883522257, 0.0128319226205, -0.00368698034436, -0.0016308039194, 3.19573737215e-05, 0.000615857366938, -0.00454568583518, 0.0020881081, -0.00428956095129], [0.0011798327323, -0.00317416479811, 0.00310896337032, -0.00276367249899, 0.000784668896813, -0.00368698034436, 0.0119526665658, -0.00459451135248, 0.00115866004489, -0.000234205726883, 0.00253919418901, -0.00195794878528, 0.00323662720621], [-0.00120057398453, 0.00482656713575, -0.0033350281883, 0.00399316381663, -0.00185610284097, -0.0016308039194, -0.00459451135248, 0.0194659419358, -0.0129599729553, 0.00220751552843, -0.00284655275755, -0.000352424947778, -0.000872256408911], [0.00149056199007, -0.00562969315797, 0.00443906383589, -0.00419792672619, 0.000763787713367, 3.19573737215e-05, 0.00115866004489, -0.0129599729553, 0.0273509528488, -0.0127836298198, 0.00475256331265, 0.000743480632082, 0.000510135665536], [-0.00104813859798, 0.00486920075491, -0.00462675048038, 0.00467001460493, -0.00189125770703, 0.000615857366938, -0.000234205726883, 0.00220751552843, -0.0127836298198, 0.0235011540353, -0.00860199332237, 0.00129518471658, 0.00130298151635], [0.00152732525021, -0.00544480560347, 0.00472206017002, -0.00708574708551, 0.00270281801932, -0.00454568583518, 0.00253919418901, -0.00284655275755, 0.00475256331265, -0.00860199332237, 0.0264565497637, -0.0126319853589, 0.00483376113698], [-0.00077993812738, 0.00369059061632, -0.00249746465124, 0.00532890344039, -0.00225910334848, 0.0020881081, -0.00195794878528, -0.000352424947778, 0.000743480632082, 0.00129518471658, -0.0126319853589, 0.0276854485273, -0.0106538916007], [0.00111984368414, -0.00351119972765, 0.00235934951343, -0.00405134959146, 0.00262632244267, -0.00428956095129, 0.00323662720621, -0.000872256408911, 0.000510135665536, 0.00130298151635, 0.00483376113698, -0.0106538916007, 0.0257807765156]]
    },
    "melbands": {
        "dmean": [0.000859392399434, 0.00127587094903, 0.00115643406752, 0.000518036948051, 0.000162279771757, 0.000101463483588, 6.47297420073e-05, 7.42383417673e-05, 5.51877710677e-05, 6.60410441924e-05, 5.19846544194e-05, 2.93428838631e-05, 3.20945910062e-05, 3.88828011637e-05, 2.69768261205e-05, 3.54135881935e-05, 3.46225788235e-05, 2.55213981291e-05, 2.34524959524e-05, 2.23550741794e-05, 2.10332527786e-05, 2.44139646384e-05, 2.23420120165e-05, 1.41659638757e-05, 9.31708837015e-06, 1.21031625895e-05, 8.19933120511e-06, 6.40163671051e-06, 1.22848841784e-05, 6.91362902216e-06, 5.67358756598e-06, 5.39440088687e-06, 4.31672378909e-06, 2.9012799132e-06, 1.86910074262e-06, 1.70991529558e-06, 1.41831924338e-06, 1.23019708553e-06, 7.23060395558e-07, 4.52399575579e-07],
        "dmean2": [0.0014627838973, 0.00222852616571, 0.0019247145392, 0.000877401791513, 0.00027491551009, 0.00016276378301, 0.000107808373286, 0.000122145778732, 8.90476803761e-05, 0.000110015287646, 8.53640594869e-05, 4.63258038508e-05, 5.04819545313e-05, 6.21098952251e-05, 4.39514114987e-05, 5.76955535507e-05, 5.579849676e-05, 4.15300419263e-05, 3.74761220883e-05, 3.5821536585e-05, 3.32704767061e-05, 4.03378398914e-05, 3.69061999663e-05, 2.32909296756e-05, 1.5434996385e-05, 2.04401749215e-05, 1.35595491884e-05, 1.09856082418e-05, 2.05978230952e-05, 1.13474388854e-05, 9.31892554945e-06, 8.621633242e-06, 6.83741927787e-06, 4.60353749077e-06, 2.9652194371e-06, 2.65886865236e-06, 2.19521825784e-06, 1.86870374819e-06, 1.05677361262e-06, 6.89929493092e-07],
        "dvar": [1.24646385302e-06, 3.86588044421e-06, 2.67120731223e-06, 5.19063007687e-07, 6.08839556548e-08, 3.38748016304e-08, 1.63145674748e-08, 2.9741313412e-08, 1.26758727959e-08, 1.83664621289e-08, 1.06959863189e-08, 4.35297975443e-09, 4.13031475688e-09, 5.77571546145e-09, 4.22356594143e-09, 4.01274569128e-09, 4.40456471296e-09, 3.43482220444e-09, 2.42469955225e-09, 1.80216253032e-09, 1.2271075267e-09, 1.71086034229e-09, 1.35600830564e-09, 4.70585181933e-10, 2.34574470959e-10, 3.36909583565e-10, 1.55322227302e-10, 1.12034527489e-10, 4.27971630357e-10, 1.42811928949e-10, 1.13713531646e-10, 1.79184431182e-10, 1.63143568099e-10, 3.21998157304e-11, 9.38532671718e-12, 1.43656371521e-11, 1.41257136196e-11, 2.35706003326e-11, 8.52945752222e-12, 3.05728337611e-12],
        "dvar2": [3.28748319589e-06, 1.08149524749e-05, 6.63922946842e-06, 1.37570975767e-06, 1.59192779847e-07, 7.82677034294e-08, 3.73259148034e-08, 6.9992061924e-08, 3.03145668568e-08, 4.66821532541e-08, 2.9342832164e-08, 8.57829451917e-09, 9.55872181407e-09, 1.39301352675e-08, 1.01152348719e-08, 9.94420013001e-09, 1.08232756091e-08, 8.17030443301e-09, 5.43217648641e-09, 4.14328438225e-09, 2.95442093012e-09, 4.53142012802e-09, 3.39986172548e-09, 1.15880860463e-09, 6.44467923472e-10, 9.2342644642e-10, 4.04996397529e-10, 3.09916592389e-10, 1.12302545041e-09, 3.53029022682e-10, 2.95227453595e-10, 3.95499549777e-10, 3.67872066143e-10, 7.03922614642e-11, 2.25519655034e-11, 3.63095699341e-11, 3.56198716356e-11, 5.93131099791e-11, 2.11649586745e-11, 7.70669118799e-12],
        "max": [0.0107651948929, 0.0182312149554, 0.0166965164244, 0.0074992547743, 0.00276053859852, 0.00495005212724, 0.00303846155293, 0.00317580415867, 0.0018614649307, 0.00274873012677, 0.00150155241136, 0.00167600158602, 0.00175868452061, 0.00105720688589, 0.00193273613695, 0.00134475145023, 0.00147800648119, 0.00133799214382, 0.00123455282301, 0.000878033810295, 0.000630707130767, 0.000494421983603, 0.000468621379696, 0.000389985216316, 0.000278092455119, 0.000262592569925, 0.000207167628105, 0.000145481928485, 0.000281105661998, 0.0001861826604, 0.000317276222631, 0.00038558212691, 0.000334704847774, 9.73704518401e-05, 3.70273555745e-05, 9.66999214143e-05, 0.000100999932329, 0.000125316597405, 7.47247468098e-05, 3.60669728252e-05],
        "mean": [0.00126325862948, 0.00192499195691, 0.00160838838201, 0.000880297680851, 0.000260447151959, 0.000169328282936, 9.50079556787e-05, 0.000122676981846, 8.34556703921e-05, 0.00010514351743, 9.16896533454e-05, 5.0796490541e-05, 6.13344673184e-05, 7.29769672034e-05, 4.66878991574e-05, 6.70873996569e-05, 6.65559055051e-05, 4.83024086861e-05, 4.15088616137e-05, 4.13349443988e-05, 4.09217573178e-05, 4.76835084555e-05, 4.32093656855e-05, 3.01206218865e-05, 1.99563946808e-05, 2.56662206084e-05, 1.62746637216e-05, 1.17659847092e-05, 2.27634554903e-05, 1.28643814605e-05, 1.14224831123e-05, 1.11731924335e-05, 8.84098790266e-06, 6.15635053691e-06, 4.14164469476e-06, 3.52010488314e-06, 2.76253990705e-06, 1.99802639145e-06, 1.13175042316e-06, 6.73314957567e-07],
        "median": [0.000816011219285, 0.00138659228105, 0.00101886433549, 0.000610250455793, 0.000157709539053, 8.10334386188e-05, 4.66535784653e-05, 2.95483205264e-05, 3.15586803481e-05, 3.80577912438e-05, 3.00655647152e-05, 1.72165164258e-05, 2.37218227994e-05, 3.19828832289e-05, 2.29941870202e-05, 3.18631864502e-05, 2.89394774882e-05, 2.32938655245e-05, 2.0305864382e-05, 1.86897523236e-05, 1.75821951416e-05, 1.87445166375e-05, 2.22003473027e-05, 1.72243708221e-05, 1.0122794265e-05, 1.03385191323e-05, 9.34761374083e-06, 7.94425068307e-06, 1.04417022158e-05, 6.76822446621e-06, 7.03965088178e-06, 7.02306942912e-06, 5.25259429196e-06, 3.78673530577e-06, 2.39764403887e-06, 1.64993457474e-06, 1.13370390409e-06, 8.00013651769e-07, 3.89748123553e-07, 2.20348482571e-07],
        "min": [2.70650662681e-24, 3.84210167938e-24, 4.09435178673e-24, 2.80130897217e-24, 4.59594071028e-24, 3.85002539274e-24, 3.94782245131e-24, 6.16803084272e-24, 9.03685289774e-24, 2.32194226033e-24, 2.14839621384e-24, 4.27586592001e-24, 4.16852443335e-24, 3.92020758646e-24, 4.47002470474e-24, 5.28882998106e-24, 2.33457448722e-24, 6.36371804545e-24, 8.10330464731e-24, 6.6688391884e-24, 6.20116970606e-24, 5.3286276193e-24, 4.66968816087e-24, 7.81712721014e-24, 5.606618258e-24, 2.82362170566e-24, 6.75163960673e-24, 6.90194048614e-24, 7.56148973406e-24, 7.93506901522e-24, 6.88721403077e-24, 5.26789755694e-24, 6.2503279678e-24, 6.58655823497e-24, 7.15907364251e-24, 4.81989595469e-24, 9.70910122851e-24, 6.149608574e-24, 6.4723027769e-24, 7.7587546586e-24],
        "var": [1.88587296179e-06, 4.11403516409e-06, 3.11720327772e-06, 8.03953412287e-07, 9.6923571391e-08, 5.98816569664e-08, 2.6111219853e-08, 7.2839817733e-08, 2.5766770051e-08, 3.41656551939e-08, 2.56274592658e-08, 1.33525404067e-08, 1.46269432122e-08, 1.61052611247e-08, 7.35868477264e-09, 9.64868362985e-09, 1.07047029019e-08, 9.25128063045e-09, 5.10575182133e-09, 4.01965172259e-09, 3.59416119089e-09, 3.92868182431e-09, 2.99627145317e-09, 1.25214572044e-09, 5.5027360446e-10, 1.02482256015e-09, 4.0245839994e-10, 1.804704719e-10, 9.45816758247e-10, 2.87310814029e-10, 2.17302537076e-10, 3.81585013587e-10, 3.10139691706e-10, 7.43084968557e-11, 2.45269759364e-11, 2.40777970478e-11, 2.00919853671e-11, 2.57942851106e-11, 1.08290130335e-11, 3.62355002774e-12]
    },
    "mfcc": {
        "mean": [-642.033569336, 98.1094589233, 2.4384970665, 40.9761772156, 8.48108005524, 22.8043785095, 1.18604314327, 9.29116725922, 0.0644898861647, 1.09588992596, -0.803055226803, 0.137347921729, -5.60930490494],
        "cov": [[15526.0634766, -1259.55065918, -2246.22729492, -385.387451172, -474.416168213, -208.499450684, -272.004943848, 23.5192832947, -390.407409668, -180.596221924, -282.788970947, 30.411485672, -361.167724609], [-1259.55065918, 1124.54785156, -9.73708057404, 70.5941696167, -31.4226455688, 15.4986953735, -26.5990562439, -3.96159243584, 10.0624227524, -43.6141471863, -2.17271161079, -65.9772644043, 65.8458099365], [-2246.22729492, -9.73708057404, 739.010620117, 75.9350814819, 121.764305115, 27.8234272003, 47.3044013977, -49.7985916138, 59.653263092, 17.6137428284, 66.3530044556, -11.5520801544, 43.7795944214], [-385.387451172, 70.5941696167, 75.9350814819, 172.95880127, 37.6449279785, 35.0637741089, 20.9292850494, 5.3873500824, 1.60478210449, 6.44711732864, -2.09817886353, 2.54917669296, 5.47315597534], [-474.416168213, -31.4226455688, 121.764305115, 37.6449279785, 197.804016113, 51.9849319458, 42.6194534302, 11.4538564682, 34.831401825, 22.7359657288, 42.8929214478, 25.7018909454, 0.668307304382], [-208.499450684, 15.4986953735, 27.8234272003, 35.0637741089, 51.9849319458, 103.045288086, 51.4168930054, 20.9528331757, 10.9351997375, 12.8925027847, 11.9930343628, 8.69034004211, 0.0219533573836], [-272.004943848, -26.5990562439, 47.3044013977, 20.9292850494, 42.6194534302, 51.4168930054, 100.571838379, 44.6739234924, 14.8331546783, 17.1042842865, 11.0500965118, 23.0954933167, 4.93239545822], [23.5192832947, -3.96159243584, -49.7985916138, 5.3873500824, 11.4538564682, 20.9528331757, 44.6739234924, 96.1778411865, 28.7948951721, 21.3856315613, 3.72978329659, 24.8318309784, 5.05580329895], [-390.407409668, 10.0624227524, 59.653263092, 1.60478210449, 34.831401825, 10.9351997375, 14.8331546783, 28.7948951721, 90.4828109741, 48.9617919922, 25.9685115814, 11.1354522705, 5.91540622711], [-180.596221924, -43.6141471863, 17.6137428284, 6.44711732864, 22.7359657288, 12.8925027847, 17.1042842865, 21.3856315613, 48.9617919922, 88.3918609619, 42.9222450256, 29.2979335785, -2.51197838783], [-282.788970947, -2.17271161079, 66.3530044556, -2.09817886353, 42.8929214478, 11.9930343628, 11.0500965118, 3.72978329659, 25.9685115814, 42.9222450256, 81.4087142944, 35.9300422668, 5.83845424652], [30.411485672, -65.9772644043, -11.5520801544, 2.54917669296, 25.7018909454, 8.69034004211, 23.0954933167, 24.8318309784, 11.1354522705, 29.2979335785, 35.9300422668, 84.779800415, 17.696056366], [-361.167724609, 65.8458099365, 43.7795944214, 5.47315597534, 0.668307304382, 0.0219533573836, 4.93239545822, 5.05580329895, 5.91540622711, -2.51197838783, 5.83845424652, 17.696056366, 68.300743103]],
