{
"lowlevel": {
    "average_loudness": 0.933650612831,
    "barkbands_crest": {
        "dmean": 2.55861639977,
        "dmean2": 4.31846618652,
        "dvar": 4.79075717926,
        "dvar2": 14.6597280502,
        "max": 21.3822364807,
        "mean": 8.70635795593,
        "median": 8.37205219269,
        "min": 2.85070562363,
        "var": 8.17425727844
    },
    "barkbands_flatness_db": {
        "dmean": 0.0242067985237,
        "dmean2": 0.0369849577546,
        "dvar": 0.000579721934628,
        "dvar2": 0.00132703001145,
        "max": 0.320553004742,
        "mean": 0.183855444193,
        "median": 0.187708541751,
        "min": 0.069018624723,
        "var": 0.00147218152415
    },
    "barkbands_kurtosis": {
        "dmean": 1.98668277264,
        "dmean2": 3.15651011467,
        "dvar": 7.25633478165,
        "dvar2": 16.2018642426,
        "max": 32.3141517639,
        "mean": 1.90161693096,
        "median": 0.56088924408,
        "min": -1.86780190468,
        "var": 16.1917381287
    },
    "barkbands_skewness": {
        "dmean": 0.553512513638,
        "dmean2": 0.853858232498,
        "dvar": 0.279074400663,
        "dvar2": 0.631665170193,
        "max": 4.7863779068,
        "mean": 1.34032046795,
        "median": 1.32371687889,
        "min": -3.04303240776,
        "var": 0.963108301163
    },
    "barkbands_spread": {
        "dmean": 4.76183176041,
        "dmean2": 7.52920675278,
        "dvar": 26.2914485931,
        "dvar2": 56.9348678589,
        "max": 139.54699707,
        "mean": 21.0736083984,
        "median": 20.5759429932,
        "min": 2.10582637787,
        "var": 103.835662842
    },
    "dissonance": {
        "dmean": 0.0105623984709,
        "dmean2": 0.0180300809443,
        "dvar": 0.000104371669295,
        "dvar2": 0.000304867862724,
        "max": 0.499999910593,
        "mean": 0.481697231531,
        "median": 0.483887076378,
        "min": 0.350713849068,
        "var": 0.000139054551255
    },
    "dynamic_complexity": 2.25427603722,
    "erbbands_crest": {
        "dmean": 1.9503852129,
        "dmean2": 3.25933909416,
        "dvar": 3.75949764252,
        "dvar2": 9.71512699127,
        "max": 26.1902236938,
        "mean": 6.82616519928,
        "median": 6.14931917191,
        "min": 2.71496343613,
        "var": 7.41316127777
    },
    "erbbands_flatness_db": {
        "dmean": 0.0196194108576,
        "dmean2": 0.0272290613502,
        "dvar": 0.000521285983268,
        "dvar2": 0.000973138434347,
        "max": 0.340500563383,
        "mean": 0.220852702856,
        "median": 0.233407348394,
        "min": 0.0864823237062,
        "var": 0.00219091936015
    },
    "erbbands_kurtosis": {
        "dmean": 0.728760540485,
        "dmean2": 1.17814850807,
        "dvar": 1.14735376835,
        "dvar2": 2.92660260201,
        "max": 12.4676017761,
        "mean": -0.24766151607,
        "median": -0.756635665894,
        "min": -1.72115027905,
        "var": 1.90432178974
    },
    "erbbands_skewness": {
        "dmean": 0.320681542158,
        "dmean2": 0.494265824556,
        "dvar": 0.103579081595,
        "dvar2": 0.232268661261,
        "max": 2.29625153542,
        "mean": -0.522146582603,
        "median": -0.539290010929,
        "min": -2.89282393456,
        "var": 0.328598380089
    },
    "erbbands_spread": {
        "dmean": 6.95284175873,
        "dmean2": 11.04159832,
        "dvar": 42.5377731323,
        "dvar2": 102.110649109,
        "max": 82.5796737671,
        "mean": 37.0894203186,
        "median": 38.9731674194,
        "min": 5.14356613159,
        "var": 134.718887329
    },
    "hfc": {
        "dmean": 5.14993619919,
        "dmean2": 7.06036710739,
        "dvar": 43.1202430725,
        "dvar2": 87.0458831787,
        "max": 137.361373901,
        "mean": 15.3793878555,
        "median": 12.1450405121,
        "min": 1.13679418348e-16,
        "var": 154.410095215
    },
    "melbands_crest": {
        "dmean": 3.74075627327,
        "dmean2": 6.26335525513,
        "dvar": 10.1424217224,
        "dvar2": 29.8548812866,
        "max": 36.2348175049,
        "mean": 14.6229314804,
        "median": 14.2655181885,
        "min": 1.81338262558,
        "var": 20.5837993622
    },
    "melbands_flatness_db": {
        "dmean": 0.0312802344561,
        "dmean2": 0.0484417937696,
        "dvar": 0.000970467575826,
        "dvar2": 0.00226592086256,
        "max": 0.430746495724,
        "mean": 0.245024472475,
        "median": 0.244583204389,
        "min": 0.00385691644624,
        "var": 0.00237632240169
    },
    "melbands_kurtosis": {
        "dmean": 5.10844516754,
        "dmean2": 8.06334781647,
        "dvar": 40.6237258911,
        "dvar2": 93.7425918579,
        "max": 115.436286926,
        "mean": 9.01814174652,
        "median": 6.40838432312,
        "min": -1.73752450943,
        "var": 93.62890625
    },
    "melbands_skewness": {
        "dmean": 0.723941624165,
        "dmean2": 1.11964952946,
        "dvar": 0.452398896217,
        "dvar2": 1.0724619627,
        "max": 8.47530841827,
        "mean": 2.59538006783,
        "median": 2.56953239441,
        "min": -0.785994887352,
        "var": 1.4727101326
    },
    "melbands_spread": {
        "dmean": 7.82240867615,
        "dmean2": 12.3920164108,
        "dvar": 76.559463501,
        "dvar2": 184.707260132,
        "max": 186.977981567,
        "mean": 24.3306274414,
        "median": 21.085735321,
        "min": 1.58714151382,
        "var": 239.621566772
    },
    "pitch_salience": {
        "dmean": 0.0720323547721,
        "dmean2": 0.119509056211,
        "dvar": 0.00386031204835,
        "dvar2": 0.0100704059005,
        "max": 0.896768391132,
        "mean": 0.607582867146,
        "median": 0.609767138958,
        "min": 0.2592702806,
        "var": 0.0076506161131
    },
    "silence_rate_20dB": {
        "dmean": 0,
        "dmean2": 0,
        "dvar": 0,
        "dvar2": 0,
        "max": 1,
        "mean": 1,
        "median": 1,
        "min": 1,
        "var": 0
    },
    "silence_rate_30dB": {
        "dmean": 0,
        "dmean2": 0,
        "dvar": 0,
        "dvar2": 0,
        "max": 1,
        "mean": 1,
        "median": 1,
        "min": 1,
        "var": 0
    },
    "silence_rate_60dB": {
        "dmean": 0.025928793475,
        "dmean2": 0.0518776625395,
        "dvar": 0.0252556335181,
        "dvar2": 0.049961168319,
        "max": 1,
        "mean": 0.059574469924,
        "median": 0,
        "min": 0,
        "var": 0.0560300424695
    },
    "spectral_centroid": {
        "dmean": 271.152038574,
        "dmean2": 428.007537842,
        "dvar": 122468.445312,
        "dvar2": 239008.015625,
        "max": 11301.9990234,
        "mean": 1274.12219238,
        "median": 1198.51049805,
        "min": 235.350097656,
        "var": 491310.5
    },
    "spectral_complexity": {
        "dmean": 4.6068110466,
        "dmean2": 6.35307788849,
        "dvar": 17.8571052551,
        "dvar2": 33.2203636169,
        "max": 59,
        "mean": 23.8684711456,
        "median": 25,
        "min": 0,
        "var": 102.451339722
    },
    "spectral_decrease": {
        "dmean": 2.2587796078e-09,
        "dmean2": 3.54904772237e-09,
        "dvar": 7.83527313778e-18,
        "dvar2": 1.89891932388e-17,
        "max": 3.96529706143e-18,
        "mean": -5.82211168165e-09,
        "median": -5.3492907881e-09,
        "min": -2.57620715871e-08,
        "var": 1.55472136462e-17
    },
    "spectral_energy": {
        "dmean": 0.00888799782842,
        "dmean2": 0.0138687388971,
        "dvar": 0.000120150878502,
        "dvar2": 0.000289025629172,
        "max": 0.104821808636,
        "mean": 0.0233689304441,
        "median": 0.0214521922171,
        "min": 1.02244006966e-20,
        "var": 0.000247354997555
    },
    "spectral_energyband_high": {
        "dmean": 0.000124954240164,
        "dmean2": 0.000180707953405,
        "dvar": 3.21264508329e-07,
        "dvar2": 5.94030041157e-07,
        "max": 0.0179093834013,
        "mean": 0.00017369328998,
        "median": 2.69484626187e-05,
        "min": 7.31990945638e-21,
        "var": 6.3888768409e-07
    },
    "spectral_energyband_low": {
        "dmean": 0.00403036689386,
        "dmean2": 0.00693570170552,
        "dvar": 2.66007318714e-05,
        "dvar2": 7.43415002944e-05,
        "max": 0.0483727157116,
        "mean": 0.00721495365724,
        "median": 0.00635129213333,
        "min": 1.4040906853e-23,
        "var": 3.66818858311e-05
    },
    "spectral_energyband_middle_high": {
        "dmean": 0.00180545600597,
        "dmean2": 0.0024807357695,
        "dvar": 4.18539775637e-06,
        "dvar2": 8.1904572653e-06,
        "max": 0.0276916455477,
        "mean": 0.00529340514913,
        "median": 0.00423486251384,
        "min": 1.30305473109e-21,
        "var": 1.71001338458e-05
    },
    "spectral_energyband_middle_low": {
        "dmean": 0.00657714903355,
        "dmean2": 0.0108478637412,
        "dvar": 7.30606043362e-05,
        "dvar2": 0.000197139612283,
        "max": 0.0834464356303,
        "mean": 0.0139295672998,
        "median": 0.012075535953,
        "min": 2.28590155637e-22,
        "var": 0.000120016738947
    },
    "spectral_entropy": {
        "dmean": 0.143564209342,
        "dmean2": 0.217360541224,
        "dvar": 0.0232390034944,
        "dvar2": 0.0524137169123,
        "max": 9.80250358582,
        "mean": 7.34707450867,
        "median": 7.30801010132,
        "min": 6.32531356812,
        "var": 0.0673438161612
    },
    "spectral_flux": {
        "dmean": 0.0243120063096,
        "dmean2": 0.033403698355,
        "dvar": 0.000673362694215,
        "dvar2": 0.00119636545423,
        "max": 0.2596090734,
        "mean": 0.0786091312766,
        "median": 0.0704272761941,
        "min": 6.46451225883e-11,
        "var": 0.00178642605897
    },
    "spectral_kurtosis": {
        "dmean": 4.52117347717,
        "dmean2": 7.96905040741,
        "dvar": 19.8853111267,
        "dvar2": 57.8944778442,
        "max": 33.8773536682,
        "mean": 7.11940717697,
        "median": 5.6967010498,
        "min": -1.22529160976,
        "var": 24.6657619476
    },
    "spectral_rms": {
        "dmean": 0.000866511079948,
        "dmean2": 0.0013095382601,
        "dvar": 8.30629460324e-07,
        "dvar2": 1.93420441974e-06,
        "max": 0.0101126246154,
        "mean": 0.00446571689099,
        "median": 0.0045748190023,
        "min": 3.15832646494e-12,
        "var": 2.85635519504e-06
    },
    "spectral_rolloff": {
        "dmean": 450.573638916,
        "dmean2": 738.232666016,
        "dvar": 309634.59375,
        "dvar2": 664944.5,
        "max": 19724.4140625,
        "mean": 1481.76721191,
        "median": 1464.2578125,
        "min": 129.19921875,
        "var": 2283046
    },
    "spectral_skewness": {
        "dmean": 0.407403230667,
        "dmean2": 0.708097398281,
        "dvar": 0.13194681704,
        "dvar2": 0.3883908391,
        "max": 3.58938980103,
        "mean": 1.30452263355,
        "median": 1.30361175537,
        "min": -0.423587977886,
        "var": 0.241549760103
    },
    "spectral_spread": {
        "dmean": 332010.96875,
        "dmean2": 492937.21875,
        "dvar": 1.15740311552e+12,
        "dvar2": 1.95674505216e+12,
        "max": 40702180,
        "mean": 2474988.5,
        "median": 2160451,
        "min": 1235633.75,
        "var": 4.02594149171e+12
    },
    "spectral_strongpeak": {
        "dmean": 0.312891066074,
        "dmean2": 0.554643273354,
        "dvar": 0.396680384874,
        "dvar2": 1.08418929577,
        "max": 15.5384292603,
        "mean": 0.510738432407,
        "median": 0.387685507536,
        "min": 0,
        "var": 0.362686961889
    },
    "zerocrossingrate": {
        "dmean": 0.00691492436454,
        "dmean2": 0.0085215754807,
        "dvar": 9.20815436984e-05,
        "dvar2": 0.000153879198479,
        "max": 0.51416015625,
        "mean": 0.0487268790603,
        "median": 0.04443359375,
        "min": 0.01025390625,
        "var": 0.00145951961167
    },
    "barkbands": {
        "dmean": [3.32745294145e-05, 0.00119958212599, 0.00170518551022, 0.00339284143411, 0.00351963168941, 0.00097666925285, 0.000449015409686, 0.000328086025547, 0.000323306012433, 0.00022038971656, 0.000204100739211, 0.000257725070696, 0.000254929967923, 0.000440603907919, 0.000413714995375, 0.000361432728823, 0.000395878771087, 0.000143882265547, 0.00023070955649, 0.000164377124747, 5.33028542122e-05, 1.34909250846e-05, 6.15395629211e-06, 3.03377760247e-06, 1.10547262011e-06, 3.15635389825e-07, 3.97120132334e-08],
        "dmean2": [5.76245256525e-05, 0.00205287267454, 0.00298082758673, 0.00596044398844, 0.00588151207194, 0.0015961631434, 0.000704611360561, 0.000523909809999, 0.000522408692632, 0.000348538946128, 0.000320415943861, 0.000421138858655, 0.00039081115392, 0.000707651895937, 0.000646869710181, 0.000569352472667, 0.000590513111092, 0.000224916220759, 0.000354814808816, 0.000244958879193, 7.54293141654e-05, 2.08095189009e-05, 9.18683235795e-06, 4.44534862254e-06, 1.57199963269e-06, 4.54764403912e-07, 6.91802384267e-08],
        "dvar": [6.63372556886e-09, 5.99715667704e-06, 6.44731335342e-06, 1.69542709045e-05, 3.60327539966e-05, 3.17815306516e-06, 7.09600726623e-07, 6.15113435742e-07, 5.39431198376e-07, 2.31399255313e-07, 6.42386410732e-08, 1.25208345025e-07, 1.02606037444e-07, 5.15255067057e-07, 4.84682516344e-07, 2.04704761586e-07, 3.11660812713e-07, 3.3884695938e-08, 2.35986675534e-07, 3.53354664639e-07, 1.00770876088e-07, 9.38049971033e-10, 1.72837952284e-10, 4.5000971699e-11, 6.56495561038e-12, 8.49857781805e-13, 9.3007598964e-14],
        "dvar2": [1.81197687965e-08, 1.6044899894e-05, 1.80164752237e-05, 5.27326956217e-05, 9.81560515356e-05, 7.75968692324e-06, 1.73522687419e-06, 1.40150450534e-06, 1.43532497532e-06, 4.73488512398e-07, 1.59100565611e-07, 3.16583026461e-07, 2.52702136549e-07, 1.30075829929e-06, 1.15257466859e-06, 5.09390702064e-07, 6.8967341349e-07, 7.73603616722e-08, 5.41521444575e-07, 7.42960480693e-07, 1.82123883974e-07, 2.2696162727e-09, 4.25608798205e-10, 1.08367884111e-10, 1.52231491302e-11, 2.16764952342e-12, 2.73068948096e-13],
        "max": [0.000633660703897, 0.0207367874682, 0.0267443023622, 0.0388297140598, 0.0563547499478, 0.0237735249102, 0.0148686412722, 0.0155610423535, 0.0120278364047, 0.0165825132281, 0.00350131234154, 0.00515217985958, 0.00513503607363, 0.0106451008469, 0.017178574577, 0.00720975873992, 0.00954154785722, 0.00236422359012, 0.0099277663976, 0.0200776457787, 0.0110368393362, 0.000536802865099, 0.000159374307259, 0.000104343445855, 3.05529902107e-05, 1.54591143655e-05, 8.29073087516e-06],
        "mean": [2.7310272344e-05, 0.00143328483682, 0.00256019853987, 0.00498947780579, 0.00549270072952, 0.00146126840264, 0.000938326644246, 0.000511898542754, 0.000441948301159, 0.00039614943671, 0.00037231890019, 0.000382311904104, 0.000449137063697, 0.000645655905828, 0.000705784012098, 0.000678621989209, 0.000786808494013, 0.000283080822555, 0.000433659093687, 0.00027615315048, 7.25205609342e-05, 1.66658373928e-05, 7.77141303843e-06, 3.96202040065e-06, 1.52208178861e-06, 4.08407515806e-07, 3.23603508434e-08],
        "median": [4.14484156863e-06, 0.000620522187091, 0.0020349372644, 0.00391877582297, 0.00398313906044, 0.000779961002991, 0.000655233103316, 0.000238279491896, 0.000221880967729, 0.000286892143777, 0.000259087013546, 0.000253714446444, 0.00030855400837, 0.000402150937589, 0.000422752695158, 0.000496205408126, 0.000496809778269, 0.000212225073483, 0.000221087451791, 3.83227707061e-05, 1.05572680695e-05, 2.16893613469e-06, 9.60575448516e-07, 3.71095268292e-07, 9.70880762452e-08, 2.12638653352e-08, 1.24360854947e-09],
        "min": [7.21334017304e-25, 6.50608850618e-24, 1.53679629832e-24, 4.65885473405e-24, 1.96992925302e-23, 2.98089236839e-23, 2.81460616936e-23, 2.09717299035e-23, 1.10144554008e-23, 2.24730300249e-23, 2.14520041998e-23, 5.64930431044e-23, 8.84154040394e-23, 6.68277962277e-23, 6.83758379355e-23, 6.64534975054e-23, 1.06378246479e-22, 1.00136621224e-22, 1.77654404107e-22, 2.01859458714e-22, 3.51687823064e-22, 3.9648138999e-22, 4.50561402249e-22, 8.0126008209e-22, 8.78418453633e-22, 1.85669554022e-21, 1.94514974359e-21],
        "var": [5.17123055488e-09, 5.22108211953e-06, 6.76122181176e-06, 2.09302634175e-05, 3.76945899916e-05, 4.21461163569e-06, 1.34864512802e-06, 1.0283051779e-06, 6.44822080176e-07, 3.28500902924e-07, 1.4777629076e-07, 1.67619063518e-07, 2.0310170612e-07, 6.65623474561e-07, 1.03290938114e-06, 4.27221181099e-07, 8.21154685582e-07, 6.71161544119e-08, 5.05914101723e-07, 7.17575062481e-07, 1.97996470774e-07, 1.22693821769e-09, 2.24628898815e-10, 6.32751559482e-11, 9.92715284975e-12, 9.47549547506e-13, 5.12341498437e-14]
    },
    "erbbands": {
        "dmean": [0.0283380895853, 0.305282711983, 1.53991127014, 7.39558124542, 10.3338260651, 13.7560739517, 8.14177894592, 9.7754573822, 6.0596613884, 6.24419546127, 6.98697805405, 7.28780269623, 6.51673841476, 7.08284759521, 9.37021350861, 10.7182235718, 12.1768321991, 17.2471103668, 23.8162879944, 17.2040786743, 20.9775657654, 20.5039539337, 9.56422519684, 8.78162384033, 11.8808240891, 6.18379211426, 3.35398983955, 1.36423110962, 0.544692993164, 0.251975953579, 0.173406511545, 0.0875448733568, 0.0398595109582, 0.017426231876, 0.00552997738123, 0.00175475666765, 0.000530991877895, 9.91803099168e-05, 9.11104143597e-06, 1.02068916021e-05],
        "dmean2": [0.0482378490269, 0.527061760426, 2.69088363647, 12.9584999084, 17.0622653961, 23.8679065704, 13.7938432693, 16.0746669769, 9.6186132431, 9.53987026215, 11.316824913, 11.7468471527, 10.3182678223, 11.1468343735, 14.6840143204, 17.4082241058, 18.4518890381, 27.7044143677, 36.3817176819, 26.4735889435, 32.7105827332, 30.9393596649, 14.3395366669, 13.6027870178, 17.3055973053, 9.08741950989, 4.87124061584, 1.94225978851, 0.830790221691, 0.384827464819, 0.261604905128, 0.131207481027, 0.0578763559461, 0.0252907164395, 0.00769079755992, 0.00241836020723, 0.000792231818195, 0.000153041270096, 1.45268468259e-05, 1.56961559696e-05],
        "dvar": [0.00355384335853, 0.383417457342, 6.20131492615, 78.6169586182, 159.74546814, 788.468444824, 221.709747314, 363.915710449, 124.595977783, 147.138000488, 281.780914307, 299.661621094, 126.969612122, 138.945098877, 129.897186279, 212.154418945, 232.16204834, 666.39050293, 1802.64953613, 455.819030762, 791.305603027, 836.498352051, 147.993789673, 143.638534546, 986.886047363, 434.930541992, 422.578216553, 59.5114898682, 1.69488716125, 0.29649323225, 0.138803482056, 0.0382843650877, 0.00770765729249, 0.00156996492296, 0.000180513074156, 2.20410329348e-05, 2.65199855676e-06, 1.31627444944e-07, 2.59017318704e-09, 1.59175908565e-10],
        "dvar2": [0.00919970311224, 1.04212069511, 17.1806030273, 242.209228516, 428.288421631, 2194.38378906, 584.694274902, 886.046264648, 316.953399658, 333.216400146, 639.530090332, 782.654663086, 287.70135498, 315.445037842, 328.98840332, 534.047790527, 541.654846191, 1718.25720215, 3967.46972656, 1108.77587891, 1933.0423584, 1828.77490234, 331.9659729, 331.915527344, 1866.90393066, 904.406188965, 778.592041016, 121.731117249, 3.947026968, 0.737030804157, 0.343677014112, 0.0938942953944, 0.0182574186474, 0.00373599189334, 0.000410559878219, 5.31188015884e-05, 6.98083567841e-06, 3.60731974069e-07, 7.59460316857e-09, 3.77962605658e-10],
        "max": [0.469367384911, 5.18241405487, 23.8194770813, 77.6087188721, 153.044219971, 266.985290527, 147.391479492, 226.009643555, 149.377212524, 285.656646729, 393.397033691, 369.421478271, 283.917297363, 325.547515869, 166.050079346, 215.821426392, 167.40284729, 314.574768066, 1080.32287598, 360.897491455, 477.83505249, 534.912231445, 163.854507446, 194.693130493, 666.748901367, 677.48815918, 655.811218262, 236.491149902, 21.9920043945, 6.027531147, 4.22999286652, 3.13234615326, 0.961712121964, 0.443561792374, 0.201421290636, 0.0745146721601, 0.0256182122976, 0.00790528766811, 0.00120436889119, 0.000138506060466],
        "mean": [0.0288636293262, 0.384972840548, 2.35422849655, 12.3216152191, 17.9132537842, 17.6727485657, 11.7808923721, 12.5821332932, 12.849357605, 12.9030990601, 10.7652893066, 10.1687698364, 10.7902545929, 13.7125654221, 17.4902839661, 17.4508113861, 21.6118488312, 28.436832428, 38.9678039551, 33.2871551514, 42.1234970093, 41.3002319336, 19.8267021179, 18.0172710419, 23.8550224304, 11.2197914124, 4.67645692825, 1.81441521645, 0.672216773033, 0.31725987792, 0.216353148222, 0.111956954002, 0.0530474558473, 0.0229039490223, 0.00791945122182, 0.00244180858135, 0.000655658601318, 0.000109937238449, 1.6675068764e-05, 2.74930625892e-05],
        "median": [0.0122073907405, 0.171691194177, 1.70986163616, 9.97246074677, 14.5602588654, 9.52730369568, 6.73436880112, 5.17253732681, 8.867395401, 7.46950006485, 5.48606348038, 5.14307403564, 7.59219789505, 9.79816627502, 13.0924568176, 12.4805116653, 14.1742229462, 20.1299552917, 22.468914032, 23.5803890228, 31.8553028107, 26.7914028168, 14.727889061, 13.1104841232, 7.34157514572, 1.87617850304, 0.718935728073, 0.244970709085, 0.0882354751229, 0.0468579307199, 0.0250761900097, 0.0120010087267, 0.0046258517541, 0.00159082352184, 0.00049941445468, 0.000149401108501, 4.49494909844e-05, 7.59055546951e-06, 1.20089716802e-05, 2.49051336141e-05],
        "min": [1.07144261972e-22, 1.65318376501e-21, 2.63505593686e-21, 2.34345421259e-20, 7.1520737023e-20, 5.30826808364e-20, 1.37579057624e-19, 2.37662173177e-19, 3.1859605755e-19, 6.54719400196e-19, 6.17302505573e-19, 3.94035653198e-19, 6.73884037616e-19, 9.87232409661e-19, 8.04676285109e-19, 2.88429504394e-18, 4.27023843501e-18, 4.64298256264e-18, 3.29910730277e-18, 6.16589775738e-18, 3.43054195941e-18, 7.11329997298e-18, 6.47596806436e-18, 8.3181042516e-18, 9.7801666638e-18, 1.05448223482e-17, 1.18684362326e-17, 1.41158106834e-17, 1.53010430416e-17, 1.41644290511e-17, 1.23118265476e-17, 1.42215591073e-17, 1.46031689567e-17, 8.11197332449e-18, 6.82133582243e-18, 4.81720044813e-18, 3.33061502589e-18, 1.16578482495e-18, 2.90778076948e-19, 2.98220162758e-20],
        "var": [0.00300611415878, 0.338580489159, 6.46601629257, 118.604301453, 240.958709717, 672.135009766, 239.054733276, 452.388824463, 225.729156494, 374.392547607, 395.801635742, 381.566741943, 169.675186157, 243.022781372, 247.673141479, 295.656768799, 485.420654297, 911.912658691, 3681.34082031, 1090.12011719, 1722.22644043, 2095.90234375, 337.745422363, 315.434234619, 2933.33276367, 987.509643555, 814.994750977, 97.8160247803, 2.39118456841, 0.36451125145, 0.179381266236, 0.0511498749256, 0.0111792748794, 0.0022378587164, 0.000279497675365, 2.94422843581e-05, 2.64174241238e-06, 1.05303392672e-07, 1.51311629892e-09, 3.47143924717e-10]
    },
    "gfcc": {
        "mean": [-61.2186546326, 166.325454712, -161.756652832, 38.6261177063, -23.5088825226, -11.3231344223, -33.6791229248, -9.17061042786, -21.0138721466, -18.2665271759, -8.95148468018, -14.9831466675, -6.58229875565],
        "cov": [[12380.4130859, 363.287139893, -879.444274902, 370.16607666, -844.576721191, -266.035614014, -493.404174805, 86.4898147583, -360.944213867, 24.5460643768, -226.243545532, -74.6029663086, -271.423461914], [363.287139893, 1142.68493652, -583.312927246, -190.030807495, 439.391693115, -286.12701416, 139.884185791, -131.55607605, 75.8490371704, -172.159103394, 124.396560669, -139.953277588, 22.6370792389], [-879.444274902, -583.312927246, 742.383483887, 152.827636719, -252.218841553, 230.706756592, -82.4238128662, 111.665718079, -4.7272195816, 108.400566101, -90.8445205688, 110.53768158, -32.4498291016], [370.16607666, -190.030807495, 152.827636719, 181.70111084, -123.128448486, 62.5027694702, -40.5073852539, 17.5417385101, -12.1393623352, 42.4374351501, -31.0905418396, 10.3339595795, -0.128176242113], [-844.576721191, 439.391693115, -252.218841553, -123.128448486, 365.669921875, -97.1164169312, 108.00012207, -59.4777412415, 60.2733230591, -82.9092025757, 74.159614563, -56.7011947632, 20.6972637177], [-266.035614014, -286.12701416, 230.706756592, 62.5027694702, -97.1164169312, 299.134857178, -16.0098209381, 41.2699279785, 16.0042743683, 49.0697021484, -35.2294464111, 82.3845672607, 14.1848831177], [-493.404174805, 139.884185791, -82.4238128662, -40.5073852539, 108.00012207, -16.0098209381, 111.122398376, -11.3423681259, 34.0338401794, -15.8195962906, 32.9955444336, -21.1334266663, 21.7482872009], [86.4898147583, -131.55607605, 111.665718079, 17.5417385101, -59.4777412415, 41.2699279785, -11.3423681259, 86.497795105, 12.3101539612, 33.5655593872, -19.6733913422, 30.064453125, -22.2637557983], [-360.944213867, 75.8490371704, -4.7272195816, -12.1393623352, 60.2733230591, 16.0042743683, 34.0338401794, 12.3101539612, 65.2895584106, 5.04371118546, 19.7681751251, -4.17664670944, 5.73135662079], [24.5460643768, -172.159103394, 108.400566101, 42.4374351501, -82.9092025757, 49.0697021484, -15.8195962906, 33.5655593872, 5.04371118546, 74.0557785034, -9.18252754211, 24.5565643311, -4.24671030045], [-226.243545532, 124.396560669, -90.8445205688, -31.0905418396, 74.159614563, -35.2294464111, 32.9955444336, -19.6733913422, 19.7681751251, -9.18252754211, 62.1944770813, -10.471247673, 11.648774147], [-74.6029663086, -139.953277588, 110.53768158, 10.3339595795, -56.7011947632, 82.3845672607, -21.1334266663, 30.064453125, -4.17664670944, 24.5565643311, -10.471247673, 73.0423049927, 10.2883300781], [-271.423461914, 22.6370792389, -32.4498291016, -0.128176242113, 20.6972637177, 14.1848831177, 21.7482872009, -22.2637557983, 5.73135662079, -4.24671030045, 11.648774147, 10.2883300781, 58.7707214355]],
        "icov": [[0.000557342020329, -0.00127528014127, 0.00158481614199, -0.00147944060154, 0.00147187453695, -0.000430021522334, 0.00112709752284, -0.00140260905027, 0.00216998718679, -0.00128892809153, 0.00166156480554, -0.00103544851299, 0.00212121126242], [-0.00127528014127, 0.00578169291839, -0.00289384112693, 0.00347351236269, -0.0043402928859, 0.00197924859822, -0.00283149350435, 0.00424839649349, -0.00753694307059, 0.00608980981633, -0.00494959251955, 0.00291923503391, -0.0043538287282], [0.00158481614199, -0.00289384112693, 0.00752956466749, -0.00538158835843, 0.00416681636125, -0.00164830579888, 0.0031125000678, -0.00439583603293, 0.00478792143986, -0.00413058372214, 0.00649010902271, -0.00522730220109, 0.00755620049313], [-0.00147944060154, 0.00347351236269, -0.00538158835843, 0.0124964397401, -0.00210969918407, 0.000150431587826, -0.00162359443493, 0.00414128741249, -0.00596224563196, 0.00164136127569, -0.00434679863974, 0.00713945366442, -0.0079265460372], [0.00147187453695, -0.0043402928859, 0.00416681636125, -0.00210969918407, 0.011573927477, -0.00117694120854, 3.15834986395e-05, -0.00219008512795, 0.00181404373143, 0.000460615992779, 0.00188239652198, -0.0022246891167, 0.00600493745878], [-0.000430021522334, 0.00197924859822, -0.00164830579888, 0.000150431587826, -0.00117694120854, 0.00679386919364, -0.00220234529115, 0.00288446713239, -0.00529299909249, 0.0015138417948, 0.000841503497213, -0.00503521831706, -0.00163548009004], [0.00112709752284, -0.00283149350435, 0.0031125000678, -0.00162359443493, 3.15834986395e-05, -0.00220234529115, 0.0178312342614, -0.00586495455354, 0.00225485675037, -0.00379333249293, 0.00038132458576, 0.00298034772277, -0.00138021621387], [-0.00140260905027, 0.00424839649349, -0.00439583603293, 0.00414128741249, -0.00219008512795, 0.00288446713239, -0.00586495455354, 0.0252931900322, -0.0133602917194, 0.00032336631557, 7.59258618928e-05, -0.00565543398261, 0.00359614146873], [0.00216998718679, -0.00753694307059, 0.00478792143986, -0.00596224563196, 0.00181404373143, -0.00529299909249, 0.00225485675037, -0.0133602917194, 0.0360540337861, -0.0117847714573, 0.00227086478844, 0.000491949147545, 0.00539467576891], [-0.00128892809153, 0.00608980981633, -0.00413058372214, 0.00164136127569, 0.000460615992779, 0.0015138417948, -0.00379333249293, 0.00032336631557, -0.0117847714573, 0.0303249545395, -0.0102250706404, 0.0021000476554, -0.00457726139575], [0.00166156480554, -0.00494959251955, 0.00649010902271, -0.00434679863974, 0.00188239652198, 0.000841503497213, 0.00038132458576, 7.59258618928e-05, 0.00227086478844, -0.0102250706404, 0.0324278064072, -0.00908429827541, 0.0063783111982], [-0.00103544851299, 0.00291923503391, -0.00522730220109, 0.00713945366442, -0.0022246891167, -0.00503521831706, 0.00298034772277, -0.00565543398261, 0.000491949147545, 0.0021000476554, -0.00908429827541, 0.0322275869548, -0.0137610351667], [0.00212121126242, -0.0043538287282, 0.00755620049313, -0.0079265460372, 0.00600493745878, -0.00163548009004, -0.00138021621387, 0.00359614146873, 0.00539467576891, -0.00457726139575, 0.0063783111982, -0.0137610351667, 0.0330845303833]]
    },
    "melbands": {
        "dmean": [0.000293574441457, 0.000651291396935, 0.00127944524866, 0.00086425896734, 0.000342242128681, 0.000199866961339, 9.34218842303e-05, 6.71193920425e-05, 5.59084292036e-05, 4.73751497339e-05, 3.28522510245e-05, 2.97925653285e-05, 3.01772743114e-05, 2.7586316719e-05, 3.02199532598e-05, 2.20125621126e-05, 3.6834509956e-05, 4.15820722992e-05, 3.10189570882e-05, 2.24824725592e-05, 2.74092417385e-05, 2.35767329286e-05, 1.52673965204e-05, 6.83091639075e-06, 7.70092083258e-06, 8.44570877234e-06, 8.89437797014e-06, 3.38794507115e-06, 2.47280058829e-06, 1.31759009037e-06, 6.24263520876e-07, 3.33592993229e-07, 1.98640606186e-07, 1.2030146479e-07, 1.07845188779e-07, 7.68683889874e-08, 4.62061962025e-08, 3.00137976694e-08, 2.06415826653e-08, 1.30088153583e-08],
        "dmean2": [0.000498147157487, 0.00113406137098, 0.0022181107197, 0.00143439357635, 0.000588462629821, 0.000328176247422, 0.000147182843648, 0.000103500417026, 8.88340146048e-05, 7.6792355685e-05, 5.22089721926e-05, 4.73627951578e-05, 4.67601166747e-05, 4.47158636234e-05, 4.69631886517e-05, 3.43958126905e-05, 5.95383826294e-05, 6.41273436486e-05, 4.98869994772e-05, 3.51433809556e-05, 4.3176663894e-05, 3.58268116543e-05, 2.34665276366e-05, 1.09919210445e-05, 1.21978800962e-05, 1.26770073621e-05, 1.29207419377e-05, 5.16017416885e-06, 3.6831665966e-06, 1.81909672392e-06, 9.60167312769e-07, 5.2249657756e-07, 3.1360039543e-07, 1.84187229024e-07, 1.63854920743e-07, 1.18909831315e-07, 6.92305022199e-08, 4.44890382312e-08, 3.05284970636e-08, 1.93000921911e-08],
        "dvar": [3.60495675977e-07, 1.24718576444e-06, 2.25833196055e-06, 1.86353452136e-06, 4.92516903705e-07, 1.47882161627e-07, 2.84657826199e-08, 1.74795005137e-08, 1.82724733122e-08, 1.15334586326e-08, 3.70517261317e-09, 3.13985015765e-09, 1.37171274339e-09, 1.09913766977e-09, 1.70608294159e-09, 8.0831868976e-10, 3.28834115493e-09, 6.11156991681e-09, 2.34535590948e-09, 7.66636365501e-10, 1.45451417577e-09, 1.29200827814e-09, 4.75686379175e-10, 8.13866404825e-11, 1.14867920731e-10, 3.33203575842e-10, 8.40002456481e-10, 1.64388405666e-10, 2.60566679344e-10, 7.94619647859e-11, 1.07568346591e-11, 6.3544915857e-13, 2.10811999368e-13, 6.69378086488e-14, 5.27928666495e-14, 2.94265920496e-14, 1.09215200021e-14, 4.35835254944e-15, 2.17126689282e-15, 9.21616951117e-16],
        "dvar2": [9.52218840666e-07, 3.44473983205e-06, 6.80299081068e-06, 5.00614441989e-06, 1.33414073389e-06, 3.59976155551e-07, 7.13824377385e-08, 3.94112653623e-08, 4.17992644941e-08, 3.03274276803e-08, 8.15192269243e-09, 6.87840540081e-09, 3.38058159244e-09, 2.686253886e-09, 4.18313339523e-09, 2.07692418819e-09, 8.50288373044e-09, 1.3795994569e-08, 5.99469185403e-09, 1.90360860408e-09, 3.55799301133e-09, 2.83843215598e-09, 1.14448073241e-09, 1.91829080398e-10, 2.77086215084e-10, 7.0559641463e-10, 1.57949675561e-09, 3.40318856429e-10, 4.8901288574e-10, 1.37209313356e-10, 2.58894728572e-11, 1.51378909408e-12, 5.47427066785e-13, 1.64902650996e-13, 1.31229947156e-13, 7.3787628568e-14, 2.68412662295e-14, 1.03972193133e-14, 5.23295218396e-15, 2.21485774938e-15],
        "max": [0.00506356824189, 0.0102629419416, 0.0134649220854, 0.0134853506461, 0.00645462376997, 0.0047192601487, 0.00218041101471, 0.00310592236929, 0.0039241570048, 0.00208824244328, 0.0017083059065, 0.00172820978332, 0.000537351705134, 0.00039318355266, 0.000633101328276, 0.000534601975232, 0.000704370031599, 0.00176759064198, 0.000699679367244, 0.000381237623515, 0.000567483075429, 0.000695150287356, 0.000298066646792, 0.000114879389002, 0.000191081824596, 0.000312258285703, 0.000603479507845, 0.000442506890977, 0.000588468159549, 0.000360106903827, 0.000107202286017, 1.44349351103e-05, 5.44906606592e-06, 3.56602049578e-06, 2.61568538917e-06, 2.00894123736e-06, 1.77159313353e-06, 7.62029628731e-07, 4.96410905271e-07, 3.28015914874e-07],
        "mean": [0.000323061452946, 0.000980730284937, 0.00217909086496, 0.00139415659942, 0.0004440532648, 0.000267741386779, 0.000200551206945, 0.000134262314532, 8.21104404167e-05, 6.42282393528e-05, 5.36381048732e-05, 5.49732430954e-05, 5.63990615774e-05, 4.52992171631e-05, 5.05754069309e-05, 3.81063800887e-05, 5.68498217035e-05, 6.29617279628e-05, 5.16620821145e-05, 4.19046446041e-05, 5.10434219905e-05, 4.51127780252e-05, 2.75008824246e-05, 1.30971538965e-05, 1.44123659993e-05, 1.58730235853e-05, 1.72093205038e-05, 5.1115594033e-06, 3.25897576658e-06, 1.74057834101e-06, 7.94077777755e-07, 4.01173963382e-07, 2.28784500678e-07, 1.51976550455e-07, 1.3127939269e-07, 9.37488806585e-08, 5.84635984069e-08, 3.93060695103e-08, 2.62804107365e-08, 1.68294675973e-08],
        "median": [0.000148527571582, 0.000667286512908, 0.00187666679267, 0.00102128018625, 0.000243767077336, 0.000121469834994, 0.000140189527883, 7.18701849109e-05, 4.0619095671e-05, 3.20436120091e-05, 3.76434109057e-05, 3.8121961552e-05, 3.96589421143e-05, 3.4085012885e-05, 3.46268498106e-05, 2.76276186923e-05, 3.84603517887e-05, 3.39557445841e-05, 3.17807134707e-05, 2.9777718737e-05, 3.6164004996e-05, 2.81947377516e-05, 1.80386632564e-05, 1.01450004877e-05, 1.02648891698e-05, 6.71948691888e-06, 2.78980337498e-06, 7.65095364841e-07, 4.78226809264e-07, 2.03775030627e-07, 1.10268871367e-07, 4.85110724924e-08, 2.88440613616e-08, 2.20915428173e-08, 1.48349883489e-08, 1.03964712395e-08, 5.86011061898e-09, 3.34101568633e-09, 1.91665527893e-09, 1.06169872893e-09],
        "min": [1.49388542052e-24, 1.70958227733e-24, 5.45570403923e-24, 5.21241105302e-24, 4.60245946237e-24, 5.50556399275e-24, 5.64501330155e-24, 5.94327569335e-24, 4.88597449399e-24, 1.98617544893e-24, 3.17955791547e-24, 3.42893183596e-24, 2.44574116041e-24, 5.92355495958e-24, 9.84047970139e-24, 7.92604523533e-24, 8.62085183254e-24, 5.29838229776e-24, 5.09477453711e-24, 6.92329889515e-24, 3.30144994153e-24, 6.25195538784e-24, 6.17294150185e-24, 5.34071099622e-24, 5.85200212004e-24, 4.04969121545e-24, 7.52010056895e-24, 6.33226813331e-24, 7.22464376095e-24, 5.64853083232e-24, 7.00444191672e-24, 8.70905594808e-24, 6.39765010843e-24, 8.72706012052e-24, 6.37644513287e-24, 7.62750634777e-24, 8.08846301824e-24, 9.11011125457e-24, 9.71433689834e-24, 5.69907393938e-24],
        "var": [3.0451772659e-07, 1.24330608742e-06, 3.1882273106e-06, 2.21372897613e-06, 4.28424101528e-07, 1.86772908251e-07, 5.43926148566e-08, 4.5253369052e-08, 2.53412792972e-08, 1.39950175893e-08, 4.8834443156e-09, 5.10977304913e-09, 3.22951643206e-09, 1.6924441848e-09, 2.68306799001e-09, 1.38710465336e-09, 4.17782652917e-09, 1.10630473671e-08, 4.28638857741e-09, 1.66495683906e-09, 2.97660407433e-09, 2.98587243819e-09, 9.17792286614e-10, 1.41937184228e-10, 2.1580011389e-10, 8.56260229387e-10, 2.46386777647e-09, 3.13687881226e-10, 4.87038187558e-10, 1.4815873528e-10, 1.32719338991e-11, 8.40641195977e-13, 2.18314854584e-13, 8.36867467685e-14, 6.71616286348e-14, 3.66635602358e-14, 1.44222250109e-14, 6.16895535441e-15, 2.97925098593e-15, 1.26391302362e-15]
    },
    "mfcc": {
        "mean": [-682.687316895, 181.497344971, -54.4281539917, 42.7651290894, 18.4201755524, 2.36420559883, 0.81344217062, 1.59788608551, -7.74760627747, -1.91723966599, -8.53479099274, -6.40999746323, -3.9992878437],
        "cov": [[5813.03515625, -169.1353302, -34.3920021057, 400.152740479, -414.620849609, -186.82144165, -244.141784668, -66.5155487061, -194.676971436, 63.9254837036, -110.009864807, -1.11643517017, -58.2765045166], [-169.1353302, 1154.29589844, -683.085693359, 92.3912124634, 179.464645386, -120.6876297, 102.758430481, -3.38073468208, -30.6733512878, -8.77366924286, 5.18626928329, -35.6920928955, 40.7559127808], [-34.3920021057, -683.085693359, 857.969726562, -44.2503128052, -79.6279983521, 118.032409668, -91.6335220337, 43.2481193542, 64.2635650635, -23.6509342194, 47.8614311218, 40.9209785461, -45.5841598511], [400.152740479, 92.3912124634, -44.2503128052, 192.412719727, -24.3946323395, -54.3220367432, -22.7429275513, -34.6035385132, -23.6011295319, 20.0289859772, -22.4889621735, 0.939437448978, 8.22709655762], [-414.620849609, 179.464645386, -79.6279983521, -24.3946323395, 152.442687988, 24.4365558624, 30.7745075226, 29.0144481659, 15.3112211227, -10.8409500122, 21.2463970184, -4.33862781525, 9.56359481812], [-186.82144165, -120.6876297, 118.032409668, -54.3220367432, 24.4365558624, 146.573776245, 17.8097305298, 27.2395362854, 26.0989131927, -6.20578765869, 10.6695728302, 12.2986373901, -15.9267244339], [-244.141784668, 102.758430481, -91.6335220337, -22.7429275513, 30.7745075226, 17.8097305298, 74.0080566406, 9.26608943939, 11.4365491867, -0.335615634918, 1.78330361843, -2.43669247627, 9.39935874939], [-66.5155487061, -3.38073468208, 43.2481193542, -34.6035385132, 29.0144481659, 27.2395362854, 9.26608943939, 71.1761169434, 21.632806778, -7.1327624321, 23.684803009, 7.15534067154, -2.27578830719], [-194.676971436, -30.6733512878, 64.2635650635, -23.6011295319, 15.3112211227, 26.0989131927, 11.4365491867, 21.632806778, 70.0977859497, 1.84914696217, 16.1853618622, 10.7058887482, -5.19360589981], [63.9254837036, -8.77366924286, -23.6509342194, 20.0289859772, -10.8409500122, -6.20578765869, -0.335615634918, -7.1327624321, 1.84914696217, 60.6836585999, 5.90397882462, 0.473412573338, 12.6214408875], [-110.009864807, 5.18626928329, 47.8614311218, -22.4889621735, 21.2463970184, 10.6695728302, 1.78330361843, 23.684803009, 16.1853618622, 5.90397882462, 57.0614547729, 21.2928333282, -0.263275891542], [-1.11643517017, -35.6920928955, 40.9209785461, 0.939437448978, -4.33862781525, 12.2986373901, -2.43669247627, 7.15534067154, 10.7058887482, 0.473412573338, 21.2928333282, 42.1253547668, 9.9052772522], [-58.2765045166, 40.7559127808, -45.5841598511, 8.22709655762, 9.56359481812, -15.9267244339, 9.39935874939, -2.27578830719, -5.19360589981, 12.6214408875, -0.263275891542, 9.9052772522, 43.9191551208]],
