{
"lowlevel": {
    "average_loudness": 0.907770097256,
    "barkbands_crest": {
        "dmean": 2.29443025589,
        "dmean2": 3.87095046043,
        "dvar": 4.67794561386,
        "dvar2": 12.3306770325,
        "max": 26.2904491425,
        "mean": 9.58021259308,
        "median": 8.52991962433,
        "min": 2.58594322205,
        "var": 20.9971961975
    },
    "barkbands_flatness_db": {
        "dmean": 0.0209630951285,
        "dmean2": 0.031883250922,
        "dvar": 0.000480652728584,
        "dvar2": 0.00102472503204,
        "max": 0.405426055193,
        "mean": 0.151953607798,
        "median": 0.140798568726,
        "min": 0.0300068166107,
        "var": 0.00528797600418
    },
    "barkbands_kurtosis": {
        "dmean": 4.05062198639,
        "dmean2": 6.63054704666,
        "dvar": 76.5260391235,
        "dvar2": 191.744567871,
        "max": 230.908615112,
        "mean": 8.89663982391,
        "median": 1.33998584747,
        "min": -1.95078408718,
        "var": 432.442749023
    },
    "barkbands_skewness": {
        "dmean": 0.628133833408,
        "dmean2": 0.995380699635,
        "dvar": 0.503504872322,
        "dvar2": 1.12524449825,
        "max": 9.94836235046,
        "mean": 1.5888556242,
        "median": 1.13234722614,
        "min": -2.35792708397,
        "var": 2.79942202568
    },
    "barkbands_spread": {
        "dmean": 6.11910200119,
        "dmean2": 9.73247528076,
        "dvar": 91.7212295532,
        "dvar2": 188.135162354,
        "max": 112.459274292,
        "mean": 23.9522857666,
        "median": 22.3128662109,
        "min": 0.229144632816,
        "var": 325.686004639
    },
    "dissonance": {
        "dmean": 0.0194422136992,
        "dmean2": 0.0326271504164,
        "dvar": 0.000527812284417,
        "dvar2": 0.00143178342842,
        "max": 0.500000119209,
        "mean": 0.460086941719,
        "median": 0.474864274263,
        "min": 0.156468629837,
        "var": 0.0018700332148
    },
    "dynamic_complexity": 2.40388178825,
    "erbbands_crest": {
        "dmean": 2.52244186401,
        "dmean2": 4.10159635544,
        "dvar": 5.84700536728,
        "dvar2": 14.1925582886,
        "max": 33.7380065918,
        "mean": 10.0298852921,
        "median": 8.33104896545,
        "min": 2.53392672539,
        "var": 40.5328178406
    },
    "erbbands_flatness_db": {
        "dmean": 0.0175339896232,
        "dmean2": 0.0251895617694,
        "dvar": 0.000372701673768,
        "dvar2": 0.000667440821417,
        "max": 0.445672631264,
        "mean": 0.174252867699,
        "median": 0.153861194849,
        "min": 0.0606828294694,
        "var": 0.00589283090085
    },
    "erbbands_kurtosis": {
        "dmean": 1.75969612598,
        "dmean2": 2.7033097744,
        "dvar": 15.337975502,
        "dvar2": 39.2568855286,
        "max": 159.197967529,
        "mean": 4.17797851562,
        "median": 0.14809513092,
        "min": -1.80146384239,
        "var": 269.946655273
    },
    "erbbands_skewness": {
        "dmean": 0.4421017766,
        "dmean2": 0.675869464874,
        "dvar": 0.225648015738,
        "dvar2": 0.475052088499,
        "max": 8.50094890594,
        "mean": 0.465301066637,
        "median": 0.144484266639,
        "min": -4.43332958221,
        "var": 2.63701319695
    },
    "erbbands_spread": {
        "dmean": 9.58935928345,
        "dmean2": 14.431517601,
        "dvar": 159.448287964,
        "dvar2": 336.484893799,
        "max": 159.731033325,
        "mean": 39.9820098877,
        "median": 32.2112960815,
        "min": 0.513469159603,
        "var": 766.873718262
    },
    "hfc": {
        "dmean": 7.00704622269,
        "dmean2": 11.1149845123,
        "dvar": 142.158660889,
        "dvar2": 313.552307129,
        "max": 182.220687866,
        "mean": 22.627620697,
        "median": 17.2456436157,
        "min": 1.12389837156e-16,
        "var": 531.397155762
    },
    "melbands_crest": {
        "dmean": 3.32455205917,
        "dmean2": 5.55571269989,
        "dvar": 9.61443042755,
        "dvar2": 24.352558136,
        "max": 34.2587242126,
        "mean": 14.6006479263,
        "median": 13.7608785629,
        "min": 1.57348573208,
        "var": 34.2840652466
    },
    "melbands_flatness_db": {
        "dmean": 0.026162436232,
        "dmean2": 0.0403743907809,
        "dvar": 0.000803656352218,
        "dvar2": 0.00165496778209,
        "max": 0.476700633764,
        "mean": 0.215515330434,
        "median": 0.206117212772,
        "min": 0.00134098588023,
        "var": 0.00794538483024
    },
    "melbands_kurtosis": {
        "dmean": 9.91411113739,
        "dmean2": 15.7393712997,
        "dvar": 355.03137207,
        "dvar2": 756.93347168,
        "max": 475.262237549,
        "mean": 21.0635414124,
        "median": 6.47365283966,
        "min": -1.78681886196,
        "var": 1145.11657715
    },
    "melbands_skewness": {
        "dmean": 0.879062354565,
        "dmean2": 1.38396751881,
        "dvar": 0.997398912907,
        "dvar2": 2.20045280457,
        "max": 18.2892913818,
        "mean": 2.75912022591,
        "median": 2.14612627029,
        "min": -3.54258298874,
        "var": 5.81503295898
    },
    "melbands_spread": {
        "dmean": 8.6953868866,
        "dmean2": 13.8786993027,
        "dvar": 226.302658081,
        "dvar2": 434.342132568,
        "max": 239.603591919,
        "mean": 26.8722229004,
        "median": 21.0623569489,
        "min": 0.533767342567,
        "var": 733.809570312
    },
    "pitch_salience": {
        "dmean": 0.0672662705183,
        "dmean2": 0.112206943333,
        "dvar": 0.00365371303633,
        "dvar2": 0.00992270000279,
        "max": 0.907218933105,
        "mean": 0.538335442543,
        "median": 0.550380825996,
        "min": 0.0596596337855,
        "var": 0.0144264800474
    },
    "silence_rate_20dB": {
        "dmean": 0,
        "dmean2": 0,
        "dvar": 0,
        "dvar2": 0,
        "max": 1,
        "mean": 1,
        "median": 1,
        "min": 1,
        "var": 0
    },
    "silence_rate_30dB": {
        "dmean": 0,
        "dmean2": 0,
        "dvar": 0,
        "dvar2": 0,
        "max": 1,
        "mean": 1,
        "median": 1,
        "min": 1,
        "var": 0
    },
    "silence_rate_60dB": {
        "dmean": 0.00348297203891,
        "dmean2": 0.006968641188,
        "dvar": 0.00347077148035,
        "dvar2": 0.00691990973428,
        "max": 1,
        "mean": 0.0460348166525,
        "median": 0,
        "min": 0,
        "var": 0.0439172126353
    },
    "spectral_centroid": {
        "dmean": 275.78137207,
        "dmean2": 433.378387451,
        "dvar": 162981.578125,
        "dvar2": 313237.28125,
        "max": 11358.3476562,
        "mean": 1442.32739258,
        "median": 1441.75134277,
        "min": 184.115280151,
        "var": 975835.375
    },
    "spectral_complexity": {
        "dmean": 3.91292572021,
        "dmean2": 6.28261709213,
        "dvar": 22.8217830658,
        "dvar2": 51.2976722717,
        "max": 60,
        "mean": 18.7589950562,
        "median": 17,
        "min": 0,
        "var": 169.006195068
    },
    "spectral_decrease": {
        "dmean": 2.83011547531e-09,
        "dmean2": 4.91100404787e-09,
        "dvar": 2.09941036813e-17,
        "dvar2": 5.77595671025e-17,
        "max": 1.02976079675e-28,
        "mean": -6.47042464053e-09,
        "median": -5.58996715583e-09,
        "min": -3.91766619146e-08,
        "var": 2.29518234699e-17
    },
    "spectral_energy": {
        "dmean": 0.0111080296338,
        "dmean2": 0.0192392189056,
        "dvar": 0.000316640391247,
        "dvar2": 0.000872915843502,
        "max": 0.150232940912,
        "mean": 0.0264732725918,
        "median": 0.0228016395122,
        "min": 1.02436835368e-20,
        "var": 0.000362846156349
    },
    "spectral_energyband_high": {
        "dmean": 0.000544934824575,
        "dmean2": 0.000813941645902,
        "dvar": 1.94549625121e-06,
        "dvar2": 3.80985579795e-06,
        "max": 0.0252899881452,
        "mean": 0.00121480063535,
        "median": 0.00039061694406,
        "min": 7.27674500713e-21,
        "var": 6.47058368486e-06
    },
    "spectral_energyband_low": {
        "dmean": 0.00687145674601,
        "dmean2": 0.0121835898608,
        "dvar": 0.000141860960866,
        "dvar2": 0.000404209480621,
        "max": 0.138162001967,
        "mean": 0.0108761852607,
        "median": 0.00807150639594,
        "min": 1.62254188941e-23,
        "var": 0.00013871131523
    },
    "spectral_energyband_middle_high": {
        "dmean": 0.00168469629716,
        "dmean2": 0.00269981776364,
        "dvar": 6.15158432993e-06,
        "dvar2": 1.58976545208e-05,
        "max": 0.0495402105153,
        "mean": 0.00580400601029,
        "median": 0.00358202890493,
        "min": 1.25110704142e-21,
        "var": 4.38850001956e-05
    },
    "spectral_energyband_middle_low": {
        "dmean": 0.00592728937045,
        "dmean2": 0.0100200017914,
        "dvar": 0.000130984524731,
        "dvar2": 0.000348397763446,
        "max": 0.106216542423,
        "mean": 0.0103934155777,
        "median": 0.00779012218118,
        "min": 1.77092558438e-22,
        "var": 0.000127131206682
    },
    "spectral_entropy": {
        "dmean": 0.166800901294,
        "dmean2": 0.24216260016,
        "dvar": 0.0410716235638,
        "dvar2": 0.075835481286,
        "max": 9.8246088028,
        "mean": 7.5190448761,
        "median": 7.65591716766,
        "min": 4.74187755585,
        "var": 0.430703669786
    },
    "spectral_flux": {
        "dmean": 0.0273412168026,
        "dmean2": 0.0428866744041,
        "dvar": 0.0012950921664,
        "dvar2": 0.00252829259261,
        "max": 0.312122732401,
        "mean": 0.0848238095641,
        "median": 0.0748787894845,
        "min": 6.54979612214e-11,
        "var": 0.00267285387963
    },
    "spectral_kurtosis": {
        "dmean": 2.06828665733,
        "dmean2": 3.52657699585,
        "dvar": 8.98402118683,
        "dvar2": 24.6224422455,
        "max": 42.0580291748,
        "mean": 5.01963949203,
        "median": 3.16979074478,
        "min": -1.25784242153,
        "var": 36.9058189392
    },
    "spectral_rms": {
        "dmean": 0.000931559246965,
        "dmean2": 0.00156671041623,
        "dvar": 1.54635552008e-06,
        "dvar2": 4.15947943111e-06,
        "max": 0.0121065573767,
        "mean": 0.00476918322966,
        "median": 0.00471651367843,
        "min": 3.16130303359e-12,
        "var": 3.08248218062e-06
    },
    "spectral_rolloff": {
        "dmean": 507.957275391,
        "dmean2": 866.156188965,
        "dvar": 1290037.75,
        "dvar2": 2648618.25,
        "max": 19121.484375,
        "mean": 1719.84472656,
        "median": 1248.92578125,
        "min": 86.1328125,
        "var": 4087094.25
    },
    "spectral_skewness": {
        "dmean": 0.267065793276,
        "dmean2": 0.434090405703,
        "dvar": 0.0981600359082,
        "dvar2": 0.242362573743,
        "max": 5.36406230927,
        "mean": 1.48468732834,
        "median": 1.31432449818,
        "min": -0.132490634918,
        "var": 0.590249240398
    },
    "spectral_spread": {
        "dmean": 579408.1875,
        "dmean2": 803253.125,
        "dvar": 873622863872,
        "dvar2": 1.59047902822e+12,
        "max": 41626056,
        "mean": 4782429,
        "median": 4490257,
        "min": 1324435.875,
        "var": 8.94402717286e+12
    },
    "spectral_strongpeak": {
        "dmean": 0.519132852554,
        "dmean2": 0.917330443859,
        "dvar": 0.793829083443,
        "dvar2": 2.13281846046,
        "max": 7.8076581955,
        "mean": 0.868416965008,
        "median": 0.384319037199,
        "min": 0,
        "var": 1.18977189064
    },
    "zerocrossingrate": {
        "dmean": 0.0113767264411,
        "dmean2": 0.0130106257275,
        "dvar": 0.000308142829454,
        "dvar2": 0.000385985476896,
        "max": 0.52197265625,
        "mean": 0.0652237981558,
        "median": 0.05712890625,
        "min": 0.00537109375,
        "var": 0.00257554394193
    },
    "barkbands": {
        "dmean": [0.00049999949988, 0.00312804291025, 0.00280531053431, 0.00336045888253, 0.00181025522761, 0.000807458243798, 0.000412773224525, 0.00038646926987, 0.00097108958289, 0.000620552978944, 0.000445594138, 0.000277654646197, 0.000226684162044, 0.000209349847864, 0.000438222894445, 0.000260533182882, 0.000396561459638, 0.000197568588192, 0.00018450456264, 0.000156717360369, 0.000132193803438, 0.000158731651027, 0.000149953077198, 9.63147394941e-05, 5.88041184528e-05, 1.03732891148e-05, 3.9905788185e-07],
        "dmean2": [0.000715862785, 0.00549941835925, 0.00504951365292, 0.00578552763909, 0.00319680687971, 0.00129586586263, 0.000677457253914, 0.000618690683041, 0.00161890755408, 0.000988334533758, 0.000719894189388, 0.000460308743641, 0.000373585673515, 0.000333129399223, 0.000731422798708, 0.000441506679635, 0.000662647769786, 0.000331870804075, 0.00030577040161, 0.000263720314251, 0.000210469370359, 0.000251522811595, 0.000222511749598, 0.000137891300255, 8.56864498928e-05, 1.54457920871e-05, 6.50193896945e-07],
        "dvar": [7.53804158649e-07, 3.0139402952e-05, 3.03919914586e-05, 5.47618583369e-05, 1.80025399459e-05, 2.36061487158e-06, 5.17748105722e-07, 7.6075502875e-07, 3.97347639591e-06, 1.98297902898e-06, 1.04444893623e-06, 2.60243240291e-07, 1.44786568512e-07, 1.51026057438e-07, 6.21951073754e-07, 2.16749199922e-07, 6.43577379833e-07, 2.75878392131e-07, 1.61442201829e-07, 8.5747906553e-08, 9.70618287965e-08, 2.9614449204e-07, 3.60264436949e-07, 1.06840239766e-07, 3.03224467757e-08, 4.49961595761e-10, 6.96325213202e-13],
        "dvar2": [1.40748818467e-06, 8.49408170325e-05, 8.77603379195e-05, 0.00014289538376, 5.20636313013e-05, 5.63205503568e-06, 1.21150344512e-06, 1.90607761397e-06, 1.16564715427e-05, 5.1437714319e-06, 2.46843978857e-06, 7.03282296399e-07, 3.82418846812e-07, 3.55772442617e-07, 1.63654556218e-06, 5.69364885905e-07, 1.81118502951e-06, 7.26057862721e-07, 4.28616971249e-07, 2.21562828528e-07, 2.04404116744e-07, 6.66074924993e-07, 7.37340428714e-07, 2.04939979653e-07, 6.82764564885e-08, 1.05209729817e-09, 1.79786567578e-12],
        "max": [0.00645447755232, 0.0537147074938, 0.0634715929627, 0.0756340846419, 0.0514083206654, 0.024991478771, 0.013990434818, 0.01613907516, 0.0284236185253, 0.0182496793568, 0.023218177259, 0.00889096502215, 0.00454899528995, 0.00548109458759, 0.0104862246662, 0.00545726437122, 0.0111925192177, 0.0139596741647, 0.0067927967757, 0.00399146042764, 0.0108364922926, 0.0147896204144, 0.0199349094182, 0.00638018129393, 0.00296686636284, 0.000387314765248, 1.33534922497e-05],
        "mean": [0.000658637320157, 0.00470796832815, 0.00378422089852, 0.0033312921878, 0.00249247043394, 0.00136758561712, 0.000659521203488, 0.000755865883548, 0.00161303882487, 0.0011390785221, 0.000753589090891, 0.000464804819785, 0.000381542806281, 0.00038788470556, 0.000699852360412, 0.000469846563647, 0.000724069832359, 0.00033851704211, 0.000349596724845, 0.000272939563729, 0.000243506583502, 0.000295352045214, 0.000282558379695, 0.000178889778908, 0.000103261954791, 1.69028971868e-05, 4.85422219754e-07],
        "median": [0.000153417611727, 0.00284484773874, 0.00262118759565, 0.0012748906156, 0.00136274308898, 0.000631009286735, 0.000306698435452, 0.000161201518495, 0.00048443232663, 0.000266736838967, 0.00020481471438, 0.000186048302567, 0.000153618864715, 0.000112036941573, 0.000234258652199, 0.000173803258804, 0.000213573221117, 0.000180706818355, 0.00015632782015, 0.000112799069029, 8.30285644042e-05, 7.88730176282e-05, 6.26169130555e-05, 3.75032541342e-05, 2.32357178902e-05, 3.58264696843e-06, 4.29279616299e-08],
        "min": [6.3684657062e-25, 2.42217098264e-24, 6.42590750048e-24, 5.84034670016e-24, 9.15668086925e-24, 1.39097413726e-23, 1.68494993779e-23, 1.09839848595e-23, 2.89498510026e-23, 2.94083085618e-23, 1.07900244733e-23, 5.1991588209e-23, 4.98724112059e-23, 6.79278532937e-23, 6.45165031952e-23, 9.50828500995e-23, 7.76824591747e-23, 1.24190927667e-22, 1.41670267791e-22, 1.64053230411e-22, 2.40309422758e-22, 3.54809591791e-22, 4.87575159818e-22, 5.30463949513e-22, 1.05448251416e-21, 1.53448879971e-21, 2.13011407364e-21],
        "var": [1.35932145895e-06, 3.47841778421e-05, 2.37777785514e-05, 4.43121098215e-05, 1.45505446199e-05, 4.57085889138e-06, 1.10893995497e-06, 1.97825488613e-06, 7.95437426859e-06, 5.90048557569e-06, 3.32452145813e-06, 5.08374625952e-07, 2.95487836866e-07, 4.44125845434e-07, 1.24537268675e-06, 4.9723888651e-07, 1.40004306104e-06, 3.31413758659e-07, 3.56753190545e-07, 1.88580557392e-07, 2.0135659895e-07, 8.45809609018e-07, 1.12382213047e-06, 2.69408417353e-07, 5.60510216019e-08, 7.74759811861e-10, 8.4840804087e-13]
    },
    "erbbands": {
        "dmean": [0.107927709818, 0.737468719482, 2.82715058327, 7.71025276184, 8.85069561005, 5.31722688675, 5.77434062958, 7.21064043045, 5.53575706482, 6.67540502548, 11.0169057846, 17.5215587616, 19.2995853424, 20.1722431183, 9.86188602448, 9.25498008728, 9.78316879272, 10.6895303726, 11.472743988, 20.2951393127, 14.3657073975, 21.4533786774, 13.3398361206, 10.1501913071, 8.20660305023, 6.84041595459, 5.74043226242, 5.06775045395, 5.5971493721, 5.92508459091, 4.20623016357, 2.24195742607, 1.61286723614, 0.818920850754, 0.341841638088, 0.0824912488461, 0.0119221061468, 0.0011223583715, 7.51501793275e-05, 1.50359092004e-05],
        "dmean2": [0.168491050601, 1.34387981892, 5.11690187454, 13.3720188141, 15.4019508362, 9.26416683197, 9.71137332916, 11.4224214554, 9.07178115845, 11.0041999817, 17.8089771271, 29.4997673035, 30.803609848, 32.6148490906, 16.143404007, 15.3425912857, 16.0942993164, 16.9847488403, 18.8361930847, 33.9869117737, 24.1373138428, 35.8809928894, 22.3782672882, 17.1569862366, 13.2799816132, 11.4787273407, 9.56997776031, 7.95501089096, 9.11237812042, 8.77615833282, 6.24340963364, 3.18940615654, 2.32046079636, 1.20369744301, 0.504830241203, 0.123270578682, 0.0172493364662, 0.00161921617109, 0.000122174169519, 2.54021797446e-05],
        "dvar": [0.0288535133004, 2.24833893776, 32.7717208862, 238.961257935, 426.491546631, 144.704055786, 169.310958862, 200.460250854, 87.4696273804, 148.963119507, 728.376403809, 1762.00488281, 1183.85620117, 2366.55419922, 440.461303711, 241.692718506, 244.352874756, 413.242218018, 335.25869751, 1224.9317627, 733.936523438, 1724.06518555, 1240.35131836, 556.546447754, 233.467102051, 179.48374939, 129.816207886, 204.615997314, 320.190032959, 533.471679688, 398.107086182, 53.3268432617, 34.8842163086, 7.81159543991, 0.849591135979, 0.0285709109157, 0.000575006997678, 4.85953250973e-06, 2.34711254876e-08, 5.50293643986e-10],
        "dvar2": [0.0623358860612, 6.58986854553, 95.3230209351, 632.983093262, 1185.60412598, 407.142242432, 442.870941162, 465.664550781, 208.9243927, 340.583129883, 1838.99572754, 5190.03271484, 2923.20239258, 5441.29736328, 1104.93908691, 617.06036377, 625.31072998, 959.73248291, 865.379699707, 3242.16040039, 1892.2578125, 4692.42089844, 3373, 1544.99633789, 563.731384277, 463.604095459, 306.46572876, 444.90737915, 770.223937988, 1084.71887207, 902.895751953, 94.9675674438, 71.767906189, 17.0023403168, 2.06936073303, 0.067184522748, 0.00129693676718, 1.08953809104e-05, 6.07192660596e-08, 1.49951928652e-09],
        "max": [1.62327086926, 15.8198719025, 67.7523574829, 161.069778442, 187.365509033, 128.112731934, 238.784393311, 202.994766235, 240.199584961, 211.29876709, 508.789031982, 658.903747559, 695.89630127, 1202.578125, 512.221679688, 231.179367065, 187.710494995, 289.029663086, 243.769943237, 518.295959473, 376.795349121, 526.48236084, 964.837646484, 416.465362549, 266.357696533, 196.53503418, 208.331695557, 568.932373047, 430.784210205, 704.020019531, 704.835754395, 168.838623047, 110.643096924, 47.323677063, 24.8210773468, 2.4024977684, 0.515818059444, 0.0376255959272, 0.00168763147667, 0.000216371525312],
        "mean": [0.16108161211, 0.972113192081, 3.98161530495, 8.45012187958, 10.450969696, 7.48929452896, 8.07924556732, 11.8055076599, 9.95699977875, 10.4743423462, 23.3054618835, 30.0027141571, 37.4023590088, 42.4580688477, 18.9142017365, 16.6524276733, 18.1874961853, 21.4433078766, 20.7524776459, 35.4894447327, 28.7570991516, 40.2697639465, 25.1851387024, 18.8016662598, 16.4394607544, 12.1685695648, 9.98258018494, 9.20767974854, 9.97133350372, 11.1133918762, 7.43680095673, 4.18817090988, 2.80259871483, 1.44593250751, 0.579815089703, 0.136287331581, 0.0197411347181, 0.00189090427011, 0.000110038934508, 3.78886215913e-05],
        "median": [0.0711479112506, 0.648122370243, 2.74912214279, 4.44773197174, 5.74692344666, 4.06252861023, 3.1357986927, 5.58070850372, 5.33594608307, 5.67924261093, 4.63095092773, 9.76025104523, 15.3118371964, 11.3824930191, 7.94901800156, 7.51470804214, 8.20882034302, 7.56954956055, 10.2407464981, 14.193614006, 10.2249946594, 13.2176837921, 11.7627620697, 8.50249481201, 8.8199968338, 4.75672006607, 3.34900403023, 2.98563814163, 2.84006643295, 2.3530356884, 1.59837210178, 0.970259606838, 0.554887890816, 0.334078729153, 0.132562622428, 0.0312390793115, 0.00390244158916, 0.000316454126732, 2.86488120764e-05, 3.08868584398e-05],
        "min": [1.17894782658e-22, 5.79160976903e-22, 4.60981939262e-21, 1.88034066767e-20, 3.98635914777e-20, 3.47432659378e-20, 1.13238324597e-19, 1.19783003453e-19, 2.63029295173e-19, 4.70946596361e-19, 4.07447068512e-19, 5.38560598125e-19, 6.14698230812e-19, 5.70917163652e-19, 1.01464041887e-18, 2.61581517136e-18, 2.87991739734e-18, 3.78534143762e-18, 3.52126195911e-18, 3.39199741081e-18, 5.88156310721e-18, 3.87659476203e-18, 6.98063674634e-18, 7.70626108637e-18, 7.56548983536e-18, 7.72784057419e-18, 8.36787488187e-18, 1.2610792782e-17, 1.07868512595e-17, 1.30262864309e-17, 1.30985141876e-17, 1.11369165763e-17, 1.00570314594e-17, 1.28784957252e-17, 6.47375370186e-18, 5.15841410517e-18, 2.69744941922e-18, 1.14422674043e-18, 2.71296861998e-19, 3.19562747343e-20],
        "var": [0.0533148534596, 1.75868785381, 25.2112884521, 194.801803589, 321.65814209, 144.962997437, 213.344940186, 374.807800293, 220.155319214, 289.596466064, 1996.78320312, 3268.26586914, 3121.47607422, 10466.2871094, 1246.98156738, 550.066467285, 563.668029785, 1295.8449707, 787.691955566, 2599.81469727, 1999.8190918, 3847.12719727, 1657.37231445, 1075.64355469, 633.246948242, 417.24899292, 259.331756592, 384.168212891, 744.173217773, 1665.40307617, 917.211486816, 150.123641968, 74.6368560791, 15.4717769623, 1.28209745884, 0.050120908767, 0.00105965521652, 9.65137678577e-06, 3.06430507635e-08, 7.90613019497e-10]
    },
    "gfcc": {
        "mean": [-20.1760349274, 98.7397537231, -118.832008362, 42.9185714722, -58.3724021912, 17.9122486115, -31.9491329193, 12.3710975647, -19.1736927032, -5.01256275177, -17.6494541168, -4.09313249588, -8.4152803421],
        "cov": [[13237.0419922, -1108.7232666, -504.680053711, 1609.78283691, -376.813781738, 856.524108887, -824.336669922, -104.098442078, -635.942504883, 219.088623047, -206.645370483, 331.195831299, 144.31288147], [-1108.7232666, 1694.51525879, -429.004638672, -361.072021484, 370.803955078, -287.920593262, 265.35748291, -94.1714630127, 229.9712677, -206.16343689, 156.023574829, -90.1053314209, 76.5064620972], [-504.680053711, -429.004638672, 2221.09619141, 584.386047363, -383.630432129, 437.006866455, -249.308029175, 70.8635559082, -128.43157959, 159.198974609, -26.3367290497, -32.9470443726, -159.942245483], [1609.78283691, -361.072021484, 584.386047363, 853.023620605, -23.6286029816, 257.317474365, -214.945602417, -128.131973267, -117.129562378, 63.7293434143, 48.8276977539, 60.072883606, 56.8551597595], [-376.813781738, 370.803955078, -383.630432129, -23.6286029816, 416.508270264, -74.3341751099, 66.1990890503, -52.519947052, 58.0727005005, -54.9100646973, 54.2640533447, 42.801322937, 105.652320862], [856.524108887, -287.920593262, 437.006866455, 257.317474365, -74.3341751099, 328.376098633, -89.4913864136, 17.0810852051, -106.450019836, 34.8011169434, -32.678894043, 32.526927948, -4.69499206543], [-824.336669922, 265.35748291, -249.308029175, -214.945602417, 66.1990890503, -89.4913864136, 245.60635376, 32.8501205444, 81.5306015015, -57.1726608276, 13.9130182266, -43.7005805969, -15.2056570053], [-104.098442078, -94.1714630127, 70.8635559082, -128.131973267, -52.519947052, 17.0810852051, 32.8501205444, 177.696182251, 38.8084487915, 12.9532003403, -46.0598831177, -25.0237979889, -49.3934364319], [-635.942504883, 229.9712677, -128.43157959, -117.129562378, 58.0727005005, -106.450019836, 81.5306015015, 38.8084487915, 146.201660156, -9.82738304138, 34.2972869873, -42.6701583862, -5.8677277565], [219.088623047, -206.16343689, 159.198974609, 63.7293434143, -54.9100646973, 34.8011169434, -57.1726608276, 12.9532003403, -9.82738304138, 129.590438843, 16.7318572998, 11.8250255585, -16.4373722076], [-206.645370483, 156.023574829, -26.3367290497, 48.8276977539, 54.2640533447, -32.678894043, 13.9130182266, -46.0598831177, 34.2972869873, 16.7318572998, 112.394020081, 14.0670833588, 31.5316181183], [331.195831299, -90.1053314209, -32.9470443726, 60.072883606, 42.801322937, 32.526927948, -43.7005805969, -25.0237979889, -42.6701583862, 11.8250255585, 14.0670833588, 107.688186646, 51.1596679688], [144.31288147, 76.5064620972, -159.942245483, 56.8551597595, 105.652320862, -4.69499206543, -15.2056570053, -49.3934364319, -5.8677277565, -16.4373722076, 31.5316181183, 51.1596679688, 110.748512268]],
        "icov": [[0.000439645111328, -0.000792046485003, 0.000954014074523, -0.00124325032812, 0.000897661084309, -0.000900129845832, 0.000901450286619, -0.00103039760143, 0.00116252794396, -0.00134480849374, 0.00120600219816, -0.000857813574839, 0.000674892100506], [-0.000792046485003, 0.00297971558757, -0.00207307608798, 0.00289315218106, -0.00246202899143, 0.00182023958769, -0.00185796478763, 0.00273572653532, -0.00315527920611, 0.00436970544979, -0.00378672312945, 0.00258760736324, -0.00175040785689], [0.000954014074523, -0.00207307608798, 0.00303796748631, -0.00322927627712, 0.0024721773807, -0.00277170212939, 0.0023664473556, -0.00268584582955, 0.00257870508358, -0.00358012248762, 0.00260003097355, -0.00192587822676, 0.00263995258138], [-0.00124325032812, 0.00289315218106, -0.00322927627712, 0.00617885403335, -0.00307195703499, 0.00133779551834, -0.00151262851432, 0.0046564633958, -0.00380879710428, 0.00451673427597, -0.00484835868701, 0.0031256605871, -0.00295284832828], [0.000897661084309, -0.00246202899143, 0.0024721773807, -0.00307195703499, 0.00619261385873, -0.0020973617211, 0.00137930095661, -0.00222525489517, 0.00145814090502, -0.00302767194808, 0.00294549157843, -0.00320625468157, -0.000850826851092], [-0.000900129845832, 0.00182023958769, -0.00277170212939, 0.00133779551834, -0.0020973617211, 0.00806452520192, -0.00257795420475, 0.000259668100625, 0.000906447065063, 0.00281124794856, -0.00184693397023, 0.0015350492904, -0.00238756835461], [0.000901450286619, -0.00185796478763, 0.0023664473556, -0.00151262851432, 0.00137930095661, -0.00257795420475, 0.00877009611577, -0.00254809856415, 0.000654605450109, -0.000913061725441, 0.00112797517795, -0.000702695571817, 0.002848186763], [-0.00103039760143, 0.00273572653532, -0.00268584582955, 0.0046564633958, -0.00222525489517, 0.000259668100625, -0.00254809856415, 0.0122276423499, -0.0075091579929, 0.00305002531968, -0.000171644001966, 0.00142842333298, -0.000135223410325], [0.00116252794396, -0.00315527920611, 0.00257870508358, -0.00380879710428, 0.00145814090502, 0.000906447065063, 0.000654605450109, -0.0075091579929, 0.0178934317082, -0.00550180533901, 2.19697376451e-05, 0.00150452682283, 0.00116272666492], [-0.00134480849374, 0.00436970544979, -0.00358012248762, 0.00451673427597, -0.00302767194808, 0.00281124794856, -0.000913061725441, 0.00305002531968, -0.00550180533901, 0.0167002398521, -0.00852205790579, 0.00246150651947, -0.00103652605321], [0.00120600219816, -0.00378672312945, 0.00260003097355, -0.00484835868701, 0.00294549157843, -0.00184693397023, 0.00112797517795, -0.000171644001966, 2.19697376451e-05, -0.00852205790579, 0.0187525544316, -0.00521213980392, 0.000283362111077], [-0.000857813574839, 0.00258760736324, -0.00192587822676, 0.0031256605871, -0.00320625468157, 0.0015350492904, -0.000702695571817, 0.00142842333298, 0.00150452682283, 0.00246150651947, -0.00521213980392, 0.0171230603009, -0.00737222796306], [0.000674892100506, -0.00175040785689, 0.00263995258138, -0.00295284832828, -0.000850826851092, -0.00238756835461, 0.002848186763, -0.000135223410325, 0.00116272666492, -0.00103652605321, 0.000283362111077, -0.00737222796306, 0.0189615990967]]
    },
    "melbands": {
        "dmean": [0.000865350302774, 0.00128565682098, 0.00138190807775, 0.000477422872791, 0.000199063317268, 0.000155001733219, 8.45034373924e-05, 7.33363849577e-05, 0.000110191700514, 0.000115615453979, 0.000102734993561, 8.7302090833e-05, 4.41691117885e-05, 2.75542461168e-05, 2.80199728877e-05, 2.70929467661e-05, 1.89350030269e-05, 1.38434052133e-05, 4.29214487667e-05, 1.78244354174e-05, 1.72481322807e-05, 2.04391908483e-05, 2.24338637054e-05, 9.97414736048e-06, 8.85408007889e-06, 6.59044235363e-06, 6.63626315145e-06, 4.13429870605e-06, 3.75472723135e-06, 3.30914053848e-06, 3.04452919409e-06, 3.2599300539e-06, 3.61777188118e-06, 3.38467816619e-06, 2.74845410786e-06, 1.70138127942e-06, 1.36293510877e-06, 1.29734553411e-06, 8.84977453097e-07, 6.70881206588e-07],
        "dmean2": [0.00145061605144, 0.00234606070444, 0.00239245011471, 0.00083762651775, 0.000336039462127, 0.000246204435825, 0.000138440387673, 0.000120271775813, 0.000180224640644, 0.000193512794795, 0.000164161043358, 0.00014097559324, 7.19835661585e-05, 4.66883539048e-05, 4.47787060693e-05, 4.42011078121e-05, 3.03159540636e-05, 2.25421681534e-05, 7.15653950465e-05, 3.02039752569e-05, 2.90030729957e-05, 3.38657555403e-05, 3.7615893234e-05, 1.67335274455e-05, 1.51671210915e-05, 1.07653931991e-05, 1.11612325782e-05, 6.98763597029e-06, 6.35027436147e-06, 5.33055481355e-06, 4.84630390929e-06, 5.41262352272e-06, 5.70584279558e-06, 5.13691611559e-06, 4.12176495956e-06, 2.52757308772e-06, 2.00487374968e-06, 1.92775564756e-06, 1.2934959841e-06, 1.01498039839e-06],
        "dvar": [1.88261776657e-06, 7.13314602763e-06, 8.08156346466e-06, 1.20668551062e-06, 1.84970971873e-07, 8.57527169273e-08, 1.97302227889e-08, 1.8555946113e-08, 8.51546175795e-08, 5.81250461096e-08, 3.45277442193e-08, 4.12673308858e-08, 8.67419114314e-09, 3.38569194902e-09, 2.74912337339e-09, 2.42795006322e-09, 1.34123157025e-09, 6.40690944742e-10, 6.84429402042e-09, 1.04578168347e-09, 1.18238396851e-09, 1.39660361054e-09, 3.074898558e-09, 5.3269633149e-10, 5.01983121737e-10, 1.7789834883e-10, 1.47624967806e-10, 7.03540073421e-11, 5.29201300836e-11, 7.18220830032e-11, 7.64287869104e-11, 1.00691691096e-10, 2.08870046259e-10, 1.79374362586e-10, 1.59525059829e-10, 5.56916700256e-11, 2.02788150855e-11, 2.49732335506e-11, 1.023143896e-11, 5.15939721502e-12],
        "dvar2": [4.77402863908e-06, 2.08171222766e-05, 2.14515039261e-05, 3.42452062796e-06, 4.95050585414e-07, 1.99890990871e-07, 4.75015937695e-08, 4.40132801316e-08, 2.28023864679e-07, 1.69197832633e-07, 8.54585024967e-08, 9.8385299907e-08, 2.23058869153e-08, 9.64720570096e-09, 6.60150334397e-09, 6.09973271892e-09, 3.13518566664e-09, 1.53450652185e-09, 1.79902226449e-08, 2.88048895847e-09, 3.06561021013e-09, 3.70340669242e-09, 8.81606343484e-09, 1.36975908394e-09, 1.40533573667e-09, 4.343494453e-10, 3.6853881058e-10, 1.82525286552e-10, 1.3273057653e-10, 1.50786799713e-10, 1.73921446689e-10, 2.55976434493e-10, 4.70763983351e-10, 3.64969360289e-10, 3.51948081789e-10, 1.25452120914e-10, 3.79881889834e-11, 5.36672858931e-11, 2.13395030813e-11, 1.16789208512e-11],
        "max": [0.0120979752392, 0.0319758057594, 0.028320485726, 0.0122288642451, 0.00689134607092, 0.00405460456386, 0.00323947216384, 0.00230901874602, 0.00499143404886, 0.00354600488208, 0.00351660512388, 0.00452046236023, 0.00185539876111, 0.00117740244605, 0.000714322726708, 0.000613254494965, 0.000496631953865, 0.000480051443446, 0.00115910766181, 0.000448805367341, 0.000471710955026, 0.000464616256068, 0.00111245701555, 0.000563643989153, 0.000407530838856, 0.000261973473243, 0.00019769858045, 0.000122207944514, 0.000105693907244, 0.000267577212071, 0.00035070933518, 0.000244317488978, 0.000375323696062, 0.000358634744771, 0.000429138366599, 0.000267268245807, 0.000101223718957, 0.00010889027908, 5.82668508287e-05, 4.07579827879e-05],
        "mean": [0.00135567819234, 0.00182449538261, 0.00156634824816, 0.000648536137305, 0.000279759493424, 0.000262855086476, 0.000148908206029, 0.000116825343866, 0.000216845175601, 0.000194888125407, 0.000191914805328, 0.000178289046744, 7.93080762378e-05, 4.18987474404e-05, 4.67114296043e-05, 4.7519319196e-05, 3.60277626896e-05, 2.34023736994e-05, 6.66197374812e-05, 3.12739030051e-05, 3.1853778637e-05, 3.75055060431e-05, 3.77540090994e-05, 1.66684076248e-05, 1.50013884195e-05, 1.24450461954e-05, 1.19452952276e-05, 6.76522586218e-06, 5.96162544753e-06, 5.67588040212e-06, 5.24897041032e-06, 5.25448740518e-06, 6.37848688712e-06, 6.09222388448e-06, 4.63543847218e-06, 2.94687765745e-06, 2.41275597546e-06, 2.09320910471e-06, 1.50943913013e-06, 1.12520660878e-06],
        "median": [0.000737183436286, 0.0013604949927, 0.000863006920554, 0.000344797357684, 0.000130507221911, 0.000127973980852, 8.0713594798e-05, 5.53298887098e-05, 3.54934454663e-05, 5.92801407038e-05, 7.01945391484e-05, 4.23691162723e-05, 2.73059977189e-05, 1.68569731613e-05, 1.42369717651e-05, 1.38292780321e-05, 1.18499065138e-05, 1.00761235444e-05, 1.90292339539e-05, 1.26788027046e-05, 9.05252727534e-06, 1.24567623061e-05, 1.09255570351e-05, 8.0525633166e-06, 5.47078116142e-06, 6.08458822171e-06, 5.59340924156e-06, 2.09386871575e-06, 1.78173206677e-06, 2.02433079721e-06, 1.54529800511e-06, 1.56489477376e-06, 1.40971394558e-06, 1.24936946122e-06, 9.17674753964e-07, 6.98761198237e-07, 5.24147651504e-07, 3.87698065651e-07, 3.10607049414e-07, 2.47232975426e-07],
        "min": [1.19397204145e-24, 2.54314871891e-24, 4.5998084953e-24, 2.79131252678e-24, 3.01554742238e-24, 3.16717220761e-24, 3.80050662157e-24, 4.14425946633e-24, 2.89036387419e-24, 3.24746030117e-24, 2.75829041486e-24, 2.22559749468e-24, 1.98113245838e-24, 4.45815747571e-24, 5.29354973586e-24, 5.89500253355e-24, 7.0409385665e-24, 5.10433000926e-24, 4.81120112979e-24, 5.14904658967e-24, 6.32483311928e-24, 3.63543984373e-24, 4.4904136037e-24, 4.43109323578e-24, 5.49370228575e-24, 4.20785664365e-24, 3.20080410901e-24, 5.92918269328e-24, 5.21053277521e-24, 5.80009112817e-24, 5.38794325406e-24, 5.4606241647e-24, 6.63274012452e-24, 6.34261246636e-24, 7.00458785599e-24, 5.5377108635e-24, 6.45586133792e-24, 7.38688405016e-24, 7.85213133509e-24, 9.73866694638e-24],
        "var": [2.99242947222e-06, 5.27691099705e-06, 6.50409219816e-06, 1.00941883829e-06, 2.10990592109e-07, 1.66848337813e-07, 4.63416363061e-08, 3.6900122069e-08, 2.02191259291e-07, 1.13533943136e-07, 9.01185828184e-08, 1.75606743369e-07, 2.56113068531e-08, 5.32296606792e-09, 6.58387833141e-09, 5.62532731507e-09, 3.92138144178e-09, 1.47739165346e-09, 1.32461295266e-08, 2.11175921194e-09, 2.96538416045e-09, 3.33184679846e-09, 4.74783146132e-09, 7.32731431086e-10, 8.78732253629e-10, 4.06246258855e-10, 3.59529489513e-10, 1.4300759188e-10, 9.28089757823e-11, 1.29754484934e-10, 1.36970434994e-10, 1.77446446425e-10, 5.57486889985e-10, 5.25472831914e-10, 3.91669058297e-10, 1.11987683016e-10, 5.10073545901e-11, 4.81727852053e-11, 1.99446535676e-11, 9.35119169598e-12]
    },
    "mfcc": {
        "mean": [-655.964233398, 118.912490845, 2.04791665077, 27.1074256897, 2.91460967064, 6.4568939209, 0.481509923935, 12.2253789902, 4.36376333237, 2.38108706474, -0.405996710062, -3.5878033638, -1.90625226498],
        "cov": [[9557.23730469, -1788.57214355, -87.4924697876, 483.339538574, 442.308776855, 664.119567871, 100.088218689, -112.01184845, -177.477096558, -239.973327637, -368.16696167, -203.113082886, -77.3649902344], [-1788.57214355, 1866.17138672, -696.3046875, -99.4939193726, -87.1727523804, -170.453369141, -16.4170379639, 145.939941406, 59.8749809265, 5.96253442764, 100.52583313, 10.9717416763, 24.5079689026], [-87.4924697876, -696.3046875, 2366.87255859, 190.073638916, 236.850204468, 230.18939209, 51.0875091553, -59.1370697021, -110.72895813, 148.325271606, -11.6165246964, 97.4093704224, -5.15596437454], [483.339538574, -99.4939193726, 190.073638916, 398.13848877, 160.617675781, 145.126617432, -1.73944664001, -42.3529396057, -59.0695762634, -35.3986358643, -38.7354393005, 16.333026886, 30.3801631927], [442.308776855, -87.1727523804, 236.850204468, 160.617675781, 316.225372314, 122.843650818, 18.6941204071, -7.45269870758, -15.3270530701, -30.9162788391, -54.8219261169, 5.41357374191, 11.415769577], [664.119567871, -170.453369141, 230.18939209, 145.126617432, 122.843650818, 249.266540527, 60.5610237122, -13.14793396, -53.732749939, -34.6909637451, -59.9311943054, -23.3340568542, 0.384369373322], [100.088218689, -16.4170379639, 51.0875091553, -1.73944664001, 18.6941204071, 60.5610237122, 108.426300049, 32.8140182495, 5.83342075348, 7.16755247116, -9.73652267456, -10.3860425949, -2.20299434662], [-112.01184845, 145.939941406, -59.1370697021, -42.3529396057, -7.45269870758, -13.14793396, 32.8140182495, 149.200820923, 48.5361061096, 17.8137283325, 0.368302464485, -6.20769786835, -11.5184726715], [-177.477096558, 59.8749809265, -110.72895813, -59.0695762634, -15.3270530701, -53.732749939, 5.83342075348, 48.5361061096, 113.143814087, 31.1049633026, 17.9889698029, 4.03522872925, -13.3515415192], [-239.973327637, 5.96253442764, 148.325271606, -35.3986358643, -30.9162788391, -34.6909637451, 7.16755247116, 17.8137283325, 31.1049633026, 115.884780884, 57.217540741, 22.9940509796, -5.16429042816], [-368.16696167, 100.52583313, -11.6165246964, -38.7354393005, -54.8219261169, -59.9311943054, -9.73652267456, 0.368302464485, 17.9889698029, 57.217540741, 103.072257996, 35.4398117065, 7.0771818161], [-203.113082886, 10.9717416763, 97.4093704224, 16.333026886, 5.41357374191, -23.3340568542, -10.3860425949, -6.20769786835, 4.03522872925, 22.9940509796, 35.4398117065, 78.9682693481, 26.0520153046], [-77.3649902344, 24.5079689026, -5.15596437454, 30.3801631927, 11.415769577, 0.384369373322, -2.20299434662, -11.5184726715, -13.3515415192, -5.16429042816, 7.0771818161, 26.0520153046, 67.8070907593]],
