{
"lowlevel": {
    "average_loudness": 0.785983204842,
    "barkbands_crest": {
        "dmean": 2.29140782356,
        "dmean2": 3.71038556099,
        "dvar": 4.28574562073,
        "dvar2": 11.4544382095,
        "max": 24.1518554688,
        "mean": 9.74868297577,
        "median": 8.88670253754,
        "min": 2.81805896759,
        "var": 17.4928417206
    },
    "barkbands_flatness_db": {
        "dmean": 0.0183931086212,
        "dmean2": 0.0274648722261,
        "dvar": 0.000322428619256,
        "dvar2": 0.000743293843698,
        "max": 0.369384407997,
        "mean": 0.145713925362,
        "median": 0.122675895691,
        "min": 0.0269036255777,
        "var": 0.00566635699943
    },
    "barkbands_kurtosis": {
        "dmean": 1.97212731838,
        "dmean2": 3.1602909565,
        "dvar": 10.3414297104,
        "dvar2": 26.7385692596,
        "max": 48.0271072388,
        "mean": 2.47281932831,
        "median": 1.34869098663,
        "min": -1.82438147068,
        "var": 17.3740463257
    },
    "barkbands_skewness": {
        "dmean": 0.460539400578,
        "dmean2": 0.720961093903,
        "dvar": 0.251451522112,
        "dvar2": 0.632427215576,
        "max": 5.55216407776,
        "mean": 1.2041413784,
        "median": 1.28254532814,
        "min": -2.9524102211,
        "var": 1.26672649384
    },
    "barkbands_spread": {
        "dmean": 4.46534442902,
        "dmean2": 6.82537174225,
        "dvar": 32.5432167053,
        "dvar2": 81.271774292,
        "max": 121.320137024,
        "mean": 21.2858066559,
        "median": 19.7185115814,
        "min": 2.89578580856,
        "var": 115.656745911
    },
    "dissonance": {
        "dmean": 0.0129879796878,
        "dmean2": 0.021679835394,
        "dvar": 0.000178792251972,
        "dvar2": 0.000469515827717,
        "max": 0.500000059605,
        "mean": 0.470859229565,
        "median": 0.475613981485,
        "min": 0.345144331455,
        "var": 0.000469075777801
    },
    "dynamic_complexity": 6.27848577499,
    "erbbands_crest": {
        "dmean": 2.09703469276,
        "dmean2": 3.38256025314,
        "dvar": 4.59842824936,
        "dvar2": 11.7448396683,
        "max": 28.2059402466,
        "mean": 9.01465797424,
        "median": 7.43979215622,
        "min": 2.36421608925,
        "var": 25.4631233215
    },
    "erbbands_flatness_db": {
        "dmean": 0.0138418134302,
        "dmean2": 0.0195922739804,
        "dvar": 0.000229418510571,
        "dvar2": 0.000403079087846,
        "max": 0.42018660903,
        "mean": 0.183455362916,
        "median": 0.147450014949,
        "min": 0.0460555143654,
        "var": 0.00815313216299
    },
    "erbbands_kurtosis": {
        "dmean": 0.600410759449,
        "dmean2": 0.934840142727,
        "dvar": 0.633154451847,
        "dvar2": 1.52348470688,
        "max": 11.4418725967,
        "mean": 0.0728140249848,
        "median": -0.469661474228,
        "min": -1.80324018002,
        "var": 2.65638613701
    },
    "erbbands_skewness": {
        "dmean": 0.297462135553,
        "dmean2": 0.440406620502,
        "dvar": 0.0935870856047,
        "dvar2": 0.192972868681,
        "max": 2.68528032303,
        "mean": -0.00986297056079,
        "median": 0.0287681799382,
        "min": -3.21763634682,
        "var": 0.610081970692
    },
    "erbbands_spread": {
        "dmean": 5.94211578369,
        "dmean2": 9.24693870544,
        "dvar": 38.4515304565,
        "dvar2": 88.6979675293,
        "max": 113.579849243,
        "mean": 37.251991272,
        "median": 36.3824195862,
        "min": 5.63790845871,
        "var": 262.547332764
    },
    "hfc": {
        "dmean": 4.23941898346,
        "dmean2": 6.0871796608,
        "dvar": 44.9183540344,
        "dvar2": 91.6866989136,
        "max": 87.1253814697,
        "mean": 16.2002906799,
        "median": 14.2781124115,
        "min": 1.09747590669e-16,
        "var": 202.158813477
    },
    "melbands_crest": {
        "dmean": 3.02405023575,
        "dmean2": 4.97550106049,
        "dvar": 7.42495965958,
        "dvar2": 19.1555709839,
        "max": 27.2849292755,
        "mean": 13.110414505,
        "median": 12.540763855,
        "min": 1.60353040695,
        "var": 19.0914897919
    },
    "melbands_flatness_db": {
        "dmean": 0.0229670554399,
        "dmean2": 0.0343122556806,
        "dvar": 0.000576633960009,
        "dvar2": 0.00139441760257,
        "max": 0.390295982361,
        "mean": 0.203726574779,
        "median": 0.197066918015,
        "min": 0.00446978304535,
        "var": 0.00425933487713
    },
    "melbands_kurtosis": {
        "dmean": 4.75040006638,
        "dmean2": 7.73055410385,
        "dvar": 66.4747085571,
        "dvar2": 172.935287476,
        "max": 105.812820435,
        "mean": 8.79920101166,
        "median": 5.72926139832,
        "min": -1.72739970684,
        "var": 114.387329102
    },
    "melbands_skewness": {
        "dmean": 0.605268001556,
        "dmean2": 0.964082717896,
        "dvar": 0.480738580227,
        "dvar2": 1.20585858822,
        "max": 8.50464057922,
        "mean": 2.21917629242,
        "median": 2.19528508186,
        "min": -1.51435184479,
        "var": 2.02392482758
    },
    "melbands_spread": {
        "dmean": 6.43805027008,
        "dmean2": 9.87292385101,
        "dvar": 55.7069396973,
        "dvar2": 122.892539978,
        "max": 169.754119873,
        "mean": 26.8112678528,
        "median": 21.2193622589,
        "min": 2.04736590385,
        "var": 378.464355469
    },
    "pitch_salience": {
        "dmean": 0.0619658008218,
        "dmean2": 0.100635439157,
        "dvar": 0.00322080333717,
        "dvar2": 0.0084746722132,
        "max": 0.852196276188,
        "mean": 0.601550281048,
        "median": 0.613899886608,
        "min": 0.204770892859,
        "var": 0.0143336709589
    },
    "silence_rate_20dB": {
        "dmean": 0,
        "dmean2": 0,
        "dvar": 0,
        "dvar2": 0,
        "max": 1,
        "mean": 1,
        "median": 1,
        "min": 1,
        "var": 0
    },
    "silence_rate_30dB": {
        "dmean": 0.0108359130099,
        "dmean2": 0.0216802172363,
        "dvar": 0.0107185207307,
        "dvar2": 0.0297273490578,
        "max": 1,
        "mean": 0.993036746979,
        "median": 1,
        "min": 0,
        "var": 0.00691478373483
    },
    "silence_rate_60dB": {
        "dmean": 0.00503095984459,
        "dmean2": 0.0100658144802,
        "dvar": 0.00500597059727,
        "dvar2": 0.0115128932521,
        "max": 1,
        "mean": 0.247969046235,
        "median": 0,
        "min": 0,
        "var": 0.186483874917
    },
    "spectral_centroid": {
        "dmean": 207.688400269,
        "dmean2": 315.140258789,
        "dvar": 68513.1640625,
        "dvar2": 153600.03125,
        "max": 11724.4677734,
        "mean": 1456.00939941,
        "median": 1213.98217773,
        "min": 297.363830566,
        "var": 1015153
    },
    "spectral_complexity": {
        "dmean": 3.38428783417,
        "dmean2": 4.87146711349,
        "dvar": 16.3001728058,
        "dvar2": 28.3891105652,
        "max": 52,
        "mean": 18.9288196564,
        "median": 21,
        "min": 0,
        "var": 156.451568604
    },
    "spectral_decrease": {
        "dmean": 2.66722111064e-09,
        "dmean2": 4.33705293901e-09,
        "dvar": 2.79099771488e-17,
        "dvar2": 7.44873428452e-17,
        "max": 2.00240416877e-28,
        "mean": -6.41169295434e-09,
        "median": -5.23682519571e-09,
        "min": -5.58994912581e-08,
        "var": 4.37872755641e-17
    },
    "spectral_energy": {
        "dmean": 0.0103647075593,
        "dmean2": 0.0167818926275,
        "dvar": 0.000411858782172,
        "dvar2": 0.00109513790812,
        "max": 0.214180216193,
        "mean": 0.0256686620414,
        "median": 0.0211716331542,
        "min": 1.04028107916e-20,
        "var": 0.000673876726069
    },
    "spectral_energyband_high": {
        "dmean": 0.000150227293489,
        "dmean2": 0.00019555495237,
        "dvar": 6.1491654435e-08,
        "dvar2": 1.09762495981e-07,
        "max": 0.00578647572547,
        "mean": 0.000451198400697,
        "median": 0.000304182292894,
        "min": 7.22595821779e-21,
        "var": 2.6734170433e-07
    },
    "spectral_energyband_low": {
        "dmean": 0.00643175467849,
        "dmean2": 0.0110165374354,
        "dvar": 0.000335744814947,
        "dvar2": 0.000921084254514,
        "max": 0.18955270946,
        "mean": 0.00753371557221,
        "median": 0.00313681503758,
        "min": 2.7231349075e-23,
        "var": 0.000258232903434
    },
    "spectral_energyband_middle_high": {
        "dmean": 0.00160311046056,
        "dmean2": 0.00232370523736,
        "dvar": 7.79424499342e-06,
        "dvar2": 1.5794117644e-05,
        "max": 0.0539615154266,
        "mean": 0.00495111756027,
        "median": 0.00343185919337,
        "min": 1.14934938676e-21,
        "var": 3.32002600771e-05
    },
    "spectral_energyband_middle_low": {
        "dmean": 0.00478700362146,
        "dmean2": 0.00751864351332,
        "dvar": 5.45569637325e-05,
        "dvar2": 0.000131795692141,
        "max": 0.0961026400328,
        "mean": 0.0140315778553,
        "median": 0.0106587866321,
        "min": 1.49736313749e-22,
        "var": 0.000192832405446
    },
    "spectral_entropy": {
        "dmean": 0.115930683911,
        "dmean2": 0.161987319589,
        "dvar": 0.0157430265099,
        "dvar2": 0.0282707959414,
        "max": 9.81740093231,
        "mean": 7.45337200165,
        "median": 7.61233091354,
        "min": 5.05318593979,
        "var": 0.377121627331
    },
    "spectral_flux": {
        "dmean": 0.0250149387866,
        "dmean2": 0.037596706301,
        "dvar": 0.00155067909509,
        "dvar2": 0.00330087495968,
        "max": 0.404580831528,
        "mean": 0.073417454958,
        "median": 0.0642559826374,
        "min": 6.60530588559e-11,
        "var": 0.00392031809315
    },
    "spectral_kurtosis": {
        "dmean": 2.71965360641,
        "dmean2": 4.82774496078,
        "dvar": 17.4057025909,
        "dvar2": 55.5149307251,
        "max": 38.314704895,
        "mean": 6.61351490021,
        "median": 4.75081253052,
        "min": -1.24339008331,
        "var": 32.9264335632
    },
    "spectral_rms": {
        "dmean": 0.000801415240858,
        "dmean2": 0.00124339398462,
        "dvar": 1.65684014064e-06,
        "dvar2": 4.13174393543e-06,
        "max": 0.0144553212449,
        "mean": 0.00421482231468,
        "median": 0.00454480480403,
        "min": 3.1857626346e-12,
        "var": 7.27784890842e-06
    },
    "spectral_rolloff": {
        "dmean": 369.532501221,
        "dmean2": 601.346923828,
        "dvar": 434423.625,
        "dvar2": 959001.375,
        "max": 19379.8828125,
        "mean": 1697.51586914,
        "median": 1335.05859375,
        "min": 150.732421875,
        "var": 3364583.5
    },
    "spectral_skewness": {
        "dmean": 0.290134996176,
        "dmean2": 0.498852163553,
        "dvar": 0.145711749792,
        "dvar2": 0.466062664986,
        "max": 3.59740376472,
        "mean": 1.51719272137,
        "median": 1.55504405499,
        "min": -0.262672066689,
        "var": 0.242479756474
    },
    "spectral_spread": {
        "dmean": 386130.78125,
        "dmean2": 560794,
        "dvar": 631243341824,
        "dvar2": 1.16613840896e+12,
        "max": 41996432,
        "mean": 4089084.25,
        "median": 3958194.75,
        "min": 1305365.125,
        "var": 1.15633532436e+13
    },
    "spectral_strongpeak": {
        "dmean": 0.39701077342,
        "dmean2": 0.677565515041,
        "dvar": 0.479152113199,
        "dvar2": 1.2811563015,
        "max": 8.00351810455,
        "mean": 0.837645173073,
        "median": 0.536361157894,
        "min": 0,
        "var": 0.830708265305
    },
    "zerocrossingrate": {
        "dmean": 0.00832137838006,
        "dmean2": 0.00969794951379,
        "dvar": 0.000115336602903,
        "dvar2": 0.000148446823005,
        "max": 0.52734375,
        "mean": 0.0680016204715,
        "median": 0.05810546875,
        "min": 0.01025390625,
        "var": 0.00234117521904
    },
    "barkbands": {
        "dmean": [0.000238550201175, 0.00340641126968, 0.00270239729434, 0.0012957144063, 0.0029163279105, 0.00124329642858, 0.000803277420346, 0.000645103631541, 0.00042400995153, 0.000382943893783, 0.000357051118044, 0.000485397526063, 0.000419572053943, 0.000340723228874, 0.000291142117931, 0.000216921049287, 0.00019580379012, 0.000138029325171, 0.000103270649561, 7.05046404619e-05, 4.07104598708e-05, 3.79759221687e-05, 3.19661921822e-05, 1.98620946321e-05, 1.60899162438e-05, 1.76015782927e-05, 3.23860467688e-06],
        "dmean2": [0.000427386345109, 0.0058201700449, 0.0048465365544, 0.00217127799988, 0.00463053537533, 0.00194716127589, 0.0012540819589, 0.00101377919782, 0.000631728908047, 0.000583831977565, 0.000577519589569, 0.000773179577664, 0.000643189123366, 0.000542537018191, 0.000454502413049, 0.000354794756277, 0.00030152394902, 0.000217831737245, 0.000161317424499, 0.000106295847218, 6.01240571996e-05, 5.5708202126e-05, 4.88854784635e-05, 2.74301073659e-05, 2.23029801418e-05, 2.64732079813e-05, 4.97698465551e-06],
        "dvar": [4.60345120246e-07, 0.000101927413198, 5.99033701292e-05, 8.02801423561e-06, 2.2941530915e-05, 4.7561543397e-06, 2.7310841233e-06, 2.97371593661e-06, 1.25519943595e-06, 1.23566451293e-06, 1.16191938559e-06, 1.82359667633e-06, 1.34565084409e-06, 6.43181635951e-07, 4.09847700666e-07, 1.95107006107e-07, 1.17621667073e-07, 7.03222866605e-08, 2.87002208665e-08, 1.82244246361e-08, 4.97484675677e-09, 3.64471208769e-09, 2.56103782625e-09, 3.25176285898e-09, 8.42983349791e-10, 2.4797244258e-09, 7.19956247397e-11],
        "dvar2": [1.24588211747e-06, 0.000274841120699, 0.000172247469891, 2.18122404476e-05, 5.87804643146e-05, 1.11862891572e-05, 6.40635698801e-06, 6.84270344209e-06, 2.65107109954e-06, 2.79617279375e-06, 2.98458144243e-06, 4.22961102231e-06, 2.73537420981e-06, 1.55410930347e-06, 9.40465440635e-07, 5.14488021963e-07, 2.64126754246e-07, 1.63521690411e-07, 7.02086637716e-08, 3.75568127708e-08, 1.00828438931e-08, 7.62256036069e-09, 5.78605696688e-09, 6.49855191881e-09, 1.75330405749e-09, 6.52283205227e-09, 1.76228170945e-10],
        "max": [0.00473020132631, 0.0989461168647, 0.0943149104714, 0.0502582117915, 0.0486412420869, 0.0442075803876, 0.0234633795917, 0.0286684446037, 0.0229966491461, 0.0262763500214, 0.0180891267955, 0.0287505667657, 0.0259455777705, 0.0145068978891, 0.015195642598, 0.00769481388852, 0.00586888473481, 0.00616297591478, 0.00281301676296, 0.00217125494964, 0.00205701333471, 0.00128481746651, 0.00100479356479, 0.00254072318785, 0.000600152823608, 0.000994000118226, 0.000165005854797],
        "mean": [0.000170305924257, 0.00308005604893, 0.00312747596763, 0.00233511230908, 0.00577307259664, 0.00260387756862, 0.00142810912803, 0.000918749079574, 0.000688900239766, 0.000811761012301, 0.000500918016769, 0.000679825025145, 0.000694341142662, 0.000557052670047, 0.000532294274308, 0.000372598413378, 0.000358431425411, 0.000277499377262, 0.000214701489313, 0.000155754445586, 9.48953893385e-05, 9.32679104153e-05, 8.39738786453e-05, 4.43897479272e-05, 3.85165876651e-05, 2.87294278678e-05, 4.03710464525e-06],
        "median": [1.32270288304e-05, 0.00061993021518, 0.000951948284637, 0.000824511051178, 0.00332849705592, 0.00137541652657, 0.000483966519823, 0.000160322597367, 0.000203266899916, 0.000300034298562, 0.000165520410519, 0.000233262719121, 0.00023397669429, 0.000217303182581, 0.00027460893034, 0.00022118067136, 0.000214773521293, 0.000187359662959, 0.000158516224474, 9.59738245001e-05, 6.03960907029e-05, 5.25580799149e-05, 5.27441152371e-05, 1.92838233488e-05, 1.99151018023e-05, 6.36864524495e-06, 3.60150835377e-07],
        "min": [1.72895157357e-24, 7.15167886038e-24, 2.68639816791e-24, 1.50592383237e-24, 4.63433812041e-24, 9.60176486944e-24, 1.16819674107e-23, 6.19085101099e-24, 1.72417399527e-23, 1.35260394283e-23, 3.15146586866e-23, 3.5842608359e-23, 4.87253569626e-23, 6.36793450699e-23, 3.9325766888e-23, 6.70166495284e-23, 7.11183854477e-23, 9.33048144171e-23, 1.99392696974e-22, 1.91999896467e-22, 2.61597257115e-22, 3.5872895569e-22, 4.59856430388e-22, 5.76123420656e-22, 9.44673681994e-22, 1.47239421309e-21, 2.07978086038e-21],
        "var": [3.167988325e-07, 7.50825565774e-05, 4.4724518375e-05, 1.24728667288e-05, 4.97413275298e-05, 1.45720387081e-05, 6.67906442686e-06, 4.83864914713e-06, 2.71379508376e-06, 3.37078563462e-06, 1.66861411799e-06, 3.08740663968e-06, 3.75668537345e-06, 1.25189330902e-06, 7.51906895857e-07, 2.83085171304e-07, 2.37678250414e-07, 1.212382017e-07, 6.10932318068e-08, 4.8290957011e-08, 1.46213503527e-08, 1.2945105432e-08, 9.2323135803e-09, 7.52986117902e-09, 2.5748645438e-09, 3.04794012251e-09, 8.95226393016e-11]
    },
    "erbbands": {
        "dmean": [0.0880938395858, 0.820257127285, 2.89118480682, 3.66809844971, 7.21736097336, 11.240981102, 9.24577140808, 9.09686374664, 10.1862230301, 15.1533184052, 11.3052444458, 9.64517879486, 11.5146656036, 10.8847980499, 13.0455760956, 20.8215637207, 18.4123153687, 16.008600235, 16.4937496185, 12.1294431686, 10.7093687057, 10.3021202087, 7.48156404495, 5.45461273193, 5.55446100235, 3.14974093437, 1.89101326466, 1.56518745422, 1.40890002251, 1.12294232845, 0.923004925251, 0.504275023937, 0.301836550236, 0.170532181859, 0.136857494712, 0.0769378468394, 0.0334016382694, 0.00676592532545, 0.000524086586665, 3.17476806231e-05],
        "dmean2": [0.14848870039, 1.40991926193, 5.14021396637, 6.31636476517, 11.6402359009, 18.0648345947, 14.5958366394, 14.594244957, 15.8477487564, 24.705953598, 16.8475837708, 14.7206830978, 17.1168632507, 16.8581523895, 20.7691764832, 31.9959449768, 27.1508846283, 25.3059444427, 25.5199680328, 18.9404125214, 17.5593204498, 15.7207231522, 11.5461626053, 8.6028175354, 8.74482345581, 4.74393177032, 2.87611937523, 2.32626461983, 2.0743162632, 1.63886511326, 1.41329884529, 0.711267828941, 0.421796411276, 0.231276810169, 0.199478268623, 0.111363872886, 0.0522688962519, 0.0105572659522, 0.000808441778645, 4.86617354909e-05],
        "dvar": [0.0678889602423, 5.8611779213, 68.7658996582, 86.0726394653, 141.8175354, 393.581237793, 290.432189941, 335.776092529, 418.691955566, 1628.95532227, 1102.6541748, 762.821044922, 1076.38745117, 1058.59838867, 1465.26123047, 2926.73046875, 2624.18432617, 1537.82543945, 1403.6138916, 395.290435791, 526.486816406, 359.14666748, 195.484771729, 82.4636306763, 93.1107025146, 37.2432479858, 11.1490516663, 7.8531665802, 5.40456199646, 2.80526018143, 2.20862674713, 1.92860496044, 0.666732430458, 0.102930508554, 0.0604064203799, 0.0328171402216, 0.0109615633264, 0.00040397819248, 1.99343321583e-06, 5.40265210347e-09],
        "dvar2": [0.182972043753, 15.8175010681, 195.888305664, 241.341171265, 367.504974365, 1035.11010742, 695.606140137, 826.235961914, 945.063659668, 4016.59228516, 2301.50732422, 1780.37878418, 2219.6484375, 2495.71630859, 3388.83325195, 6529.79394531, 4892.17724609, 3694.59155273, 3107.30175781, 894.077941895, 1388.34814453, 835.618164062, 429.010986328, 196.435775757, 232.018798828, 73.9141921997, 24.9823856354, 14.6465396881, 11.3978939056, 6.25486135483, 4.93621397018, 3.78470635414, 1.44090723991, 0.206638887525, 0.130777105689, 0.0795054361224, 0.0299724284559, 0.00109323044308, 4.90326556246e-06, 1.29573285435e-08],
        "max": [2.13925743103, 24.1370201111, 88.7722549438, 150.646316528, 138.944290161, 237.451599121, 318.345581055, 370.283721924, 381.799926758, 654.578613281, 910.76940918, 674.48449707, 797.253173828, 1096.22717285, 838.404602051, 1437.25952148, 1410.01379395, 770.091674805, 1051.62841797, 354.439300537, 524.737243652, 335.140563965, 353.012145996, 126.841140747, 173.479171753, 122.137413025, 67.688949585, 91.0963363647, 53.5882110596, 23.2890739441, 29.2463417053, 55.810546875, 33.557636261, 8.89503192902, 4.62624073029, 4.40747117996, 1.99794948101, 0.293087691069, 0.0270056445152, 0.00129963085055],
        "mean": [0.07423941046, 0.774040520191, 3.32370686531, 6.14585781097, 13.6457490921, 21.0349235535, 20.0109214783, 18.8909626007, 19.7157859802, 22.6670093536, 18.1981105804, 16.0456848145, 24.9452114105, 20.3537864685, 21.093629837, 31.2825126648, 32.6078872681, 27.6522789001, 30.8352603912, 24.2508640289, 19.6795978546, 19.5759449005, 15.8784952164, 11.5928277969, 11.4457149506, 7.2972240448, 4.2004904747, 3.6462225914, 3.28226256371, 3.00446438789, 2.27979922295, 1.1328214407, 0.658937573433, 0.395583570004, 0.307379126549, 0.14123865962, 0.0495615750551, 0.00929917860776, 0.000644261075649, 5.48145253561e-05],
        "median": [0.00924113485962, 0.179126605392, 1.0865432024, 2.72599077225, 7.71769332886, 11.079826355, 11.1568937302, 9.48970985413, 7.13136100769, 5.63569116592, 4.1892824173, 5.45763969421, 8.97411346436, 8.20914936066, 8.21126556396, 10.4299783707, 11.784948349, 11.0675029755, 15.3267230988, 14.2371082306, 12.7976484299, 11.8718576431, 10.7307033539, 8.17917728424, 8.26284408569, 4.52738332748, 2.62913060188, 2.42159581184, 1.8691688776, 1.54715275764, 1.46111011505, 0.530057609081, 0.285594046116, 0.178900435567, 0.169577047229, 0.040694411844, 0.0101717356592, 0.00173772976268, 6.51177979307e-05, 3.42731145793e-05],
        "min": [1.32237712797e-22, 1.62940383701e-21, 3.97796043728e-21, 1.04989673066e-20, 1.56446721048e-20, 9.17854390311e-21, 3.9883472893e-20, 1.0364775993e-19, 1.15258338427e-19, 1.44717264419e-19, 2.05707462332e-19, 4.43310543794e-19, 4.50388263007e-19, 1.31923996007e-18, 1.69437846538e-18, 1.57346378838e-18, 2.2851238721e-18, 3.23056980555e-18, 3.68275532524e-18, 2.91030429073e-18, 4.3094873279e-18, 4.60584049878e-18, 6.45512187215e-18, 8.01140635998e-18, 9.60022179334e-18, 9.25807590375e-18, 8.01065114408e-18, 1.13536809102e-17, 1.34003796901e-17, 1.51304006443e-17, 1.23366783619e-17, 1.17155070809e-17, 1.07130543412e-17, 1.04724680328e-17, 6.58753611743e-18, 4.95203254233e-18, 2.53448739392e-18, 1.03028643676e-18, 2.90991644642e-19, 2.874329844e-20],
        "var": [0.0498953387141, 4.33748626709, 50.1585617065, 96.3194274902, 280.206634521, 768.099121094, 900.727050781, 917.528442383, 1442.61535645, 2466.29101562, 2163.08496094, 1278.3067627, 3668.89160156, 1829.86706543, 2333.19799805, 5855.10302734, 7867.93798828, 3055.6081543, 2664.16113281, 962.60723877, 717.262573242, 698.376220703, 392.67288208, 164.942230225, 180.31803894, 108.060073853, 29.8305644989, 22.6510772705, 17.0111026764, 12.851688385, 7.13181877136, 4.29317951202, 1.54716598988, 0.330201417208, 0.16264796257, 0.056477304548, 0.0110850892961, 0.000392337882658, 2.42587020693e-06, 6.9771783906e-09]
    },
    "gfcc": {
        "mean": [-61.9944763184, 105.615737915, -135.379516602, 31.0859565735, -43.3123779297, -3.36473941803, -38.4230766296, -1.44382441044, -28.8002567291, -7.81527662277, -14.097984314, 3.11205077171, -11.4028739929],
        "cov": [[34307.9804688, -3729.63500977, 4341.53173828, -220.522003174, -2701.3190918, 3039.20556641, -2498.66088867, 247.602630615, -659.983337402, 1841.00195312, -1838.32275391, -86.9406509399, -1084.31213379], [-3729.63500977, 1907.89746094, -1241.63513184, 7.44376468658, 511.492156982, -727.585693359, 399.865753174, -54.5286636353, 107.649116516, -398.402313232, 357.380462646, -135.589431763, 199.656890869], [4341.53173828, -1241.63513184, 1774.88452148, 22.1659393311, -442.359039307, 786.617675781, -499.199890137, 95.7324981689, -54.8205528259, 484.920532227, -403.819580078, 14.7589521408, -226.373855591], [-220.522003174, 7.44376468658, 22.1659393311, 312.036773682, 79.7753143311, 44.7856025696, 21.7939929962, 3.82368969917, 16.3291969299, -23.6090431213, 41.3606719971, 16.7475032806, -5.4874663353], [-2701.3190918, 511.492156982, -442.359039307, 79.7753143311, 450.696533203, -295.987213135, 259.337036133, -3.38692879677, 66.3094863892, -147.945922852, 183.612579346, 1.62593495846, 89.4209289551], [3039.20556641, -727.585693359, 786.617675781, 44.7856025696, -295.987213135, 563.538513184, -231.599533081, 63.2176551819, -62.8294487, 230.699249268, -235.723617554, 4.55682468414, -131.897903442], [-2498.66088867, 399.865753174, -499.199890137, 21.7939929962, 259.337036133, -231.599533081, 379.898895264, 16.066570282, 45.004283905, -222.894927979, 170.456985474, 44.8454551697, 98.3590240479], [247.602630615, -54.5286636353, 95.7324981689, 3.82368969917, -3.38692879677, 63.2176551819, 16.066570282, 73.6761779785, 22.9314460754, 37.1748275757, -21.9702110291, 5.97643041611, -13.2159337997], [-659.983337402, 107.649116516, -54.8205528259, 16.3291969299, 66.3094863892, -62.8294487, 45.004283905, 22.9314460754, 83.146446228, 14.2027683258, 49.4202613831, -15.3362808228, 13.1747217178], [1841.00195312, -398.402313232, 484.920532227, -23.6090431213, -147.945922852, 230.699249268, -222.894927979, 37.1748275757, 14.2027683258, 268.216369629, -107.405509949, -15.5183610916, -106.307434082], [-1838.32275391, 357.380462646, -403.819580078, 41.3606719971, 183.612579346, -235.723617554, 170.456985474, -21.9702110291, 49.4202613831, -107.405509949, 198.098983765, 25.8230419159, 68.1212463379], [-86.9406509399, -135.589431763, 14.7589521408, 16.7475032806, 1.62593495846, 4.55682468414, 44.8454551697, 5.97643041611, -15.3362808228, -15.5183610916, 25.8230419159, 119.993057251, 22.6181755066], [-1084.31213379, 199.656890869, -226.373855591, -5.4874663353, 89.4209289551, -131.897903442, 98.3590240479, -13.2159337997, 13.1747217178, -106.307434082, 68.1212463379, 22.6181755066, 104.172294617]],
        "icov": [[0.000150771360495, -0.000235240629991, 0.000213141465792, -8.15516032162e-05, 0.000328491645632, -0.000408314896049, 0.000291815726086, -0.000203099640203, 0.000544415728655, -0.000626261811703, 0.000685990322381, -0.000479880458442, 0.000326485023834], [-0.000235240629991, 0.00194967957214, -0.000132385350298, 0.000173700551386, -0.000975265225861, 0.00143550115172, -5.14276107424e-05, -0.00067320978269, -0.000829318887554, 0.00204055430368, -0.00219108606689, 0.00282372883521, -0.000839019485284], [0.000213141465792, -0.000132385350298, 0.00259677530266, -0.000162979908055, -0.000107125146315, -0.0023473452311, 0.00124376965687, -0.000230464327615, -0.000316056335578, -0.00215680967085, 0.00272893416695, -0.00164301402401, 0.000434102112195], [-8.15516032162e-05, 0.000173700551386, -0.000162979908055, 0.0047816503793, -0.00202489551157, -0.00238589732908, 0.00244342861697, 6.01622450631e-05, -0.0027528393548, 0.00408542715013, -0.00308535154909, -0.000815708714072, 0.00184577773325], [0.000328491645632, -0.000975265225861, -0.000107125146315, -0.00202489551157, 0.00651565613225, 0.00164325907826, -0.00334987230599, -0.000402945326641, 0.00239353161305, -0.00423899805173, 0.00114230217878, 0.000230329169426, -0.00087720551528], [-0.000408314896049, 0.00143550115172, -0.0023473452311, -0.00238589732908, 0.00164325907826, 0.0100660994649, -0.00422929599881, -0.00223014713265, 0.00341704464518, -0.00192355422769, 0.00122943962924, 0.0033683986403, -0.00111346051563], [0.000291815726086, -5.14276107424e-05, 0.00124376965687, 0.00244342861697, -0.00334987230599, -0.00422929599881, 0.0133412405849, -0.00586513150483, -0.00409500207752, 0.00951749831438, -0.00381458736956, -0.00400557043031, 0.00374193303287], [-0.000203099640203, -0.00067320978269, -0.000230464327615, 6.01622450631e-05, -0.000402945326641, -0.00223014713265, -0.00586513150483, 0.0229403264821, -0.00782673992217, -0.00365949724801, 0.00462920079008, -0.00209214654751, -0.000668603286613], [0.000544415728655, -0.000829318887554, -0.000316056335578, -0.0027528393548, 0.00239353161305, 0.00341704464518, -0.00409500207752, -0.00782673992217, 0.0272719301283, -0.0120017919689, -0.00150992383715, 0.00468026427552, -0.0041558672674], [-0.000626261811703, 0.00204055430368, -0.00215680967085, 0.00408542715013, -0.00423899805173, -0.00192355422769, 0.00951749831438, -0.00365949724801, -0.0120017919689, 0.0232780687511, -0.00880374293774, 0.000196427179617, 0.0078387176618], [0.000685990322381, -0.00219108606689, 0.00272893416695, -0.00308535154909, 0.00114230217878, 0.00122943962924, -0.00381458736956, 0.00462920079008, -0.00150992383715, -0.00880374293774, 0.0222703255713, -0.00687693338841, 9.26856773731e-06], [-0.000479880458442, 0.00282372883521, -0.00164301402401, -0.000815708714072, 0.000230329169426, 0.0033683986403, -0.00400557043031, -0.00209214654751, 0.00468026427552, 0.000196427179617, -0.00687693338841, 0.0161675792187, -0.0058412970975], [0.000326485023834, -0.000839019485284, 0.000434102112195, 0.00184577773325, -0.00087720551528, -0.00111346051563, 0.00374193303287, -0.000668603286613, -0.0041558672674, 0.0078387176618, 9.26856773731e-06, -0.0058412970975, 0.0211588740349]]
    },
    "melbands": {
        "dmean": [0.000880047329701, 0.00136150489561, 0.000669032451697, 0.000740117451642, 0.000317965692375, 0.000214199535549, 0.000152827837155, 0.000161498915986, 8.93810429261e-05, 6.03460393904e-05, 5.86765818298e-05, 4.55094595964e-05, 4.92546678288e-05, 5.39941793249e-05, 5.20963330928e-05, 3.74467781512e-05, 3.21096231346e-05, 2.96377493214e-05, 2.04077114176e-05, 1.62440974236e-05, 1.28786805362e-05, 1.19845753943e-05, 8.8566539489e-06, 6.86881185175e-06, 4.55520603282e-06, 4.1879420678e-06, 3.77605215363e-06, 2.02958676709e-06, 1.34765821258e-06, 1.1128895494e-06, 9.74049953584e-07, 8.74013608154e-07, 7.60928287491e-07, 6.5419595785e-07, 6.71354655424e-07, 4.19134863705e-07, 2.99352592492e-07, 2.32526332411e-07, 1.80637741209e-07, 1.45903072735e-07],
        "dmean2": [0.0014882843243, 0.00237410725094, 0.00114059727639, 0.00115612742957, 0.00050931412261, 0.000339253223501, 0.000238096632529, 0.000264781003352, 0.000131286738906, 9.22926192288e-05, 8.74285397003e-05, 6.97255018167e-05, 7.8012868471e-05, 8.63341992954e-05, 8.04120572866e-05, 5.66949602216e-05, 5.17668195243e-05, 4.62539974251e-05, 3.16873920383e-05, 2.57441406575e-05, 2.13843777601e-05, 1.87233508768e-05, 1.3815469174e-05, 1.08421663754e-05, 7.40056520954e-06, 6.69233122608e-06, 5.94619814365e-06, 3.07422487822e-06, 2.09617633118e-06, 1.68145709267e-06, 1.51109281887e-06, 1.33815194658e-06, 1.14217061764e-06, 9.97258666757e-07, 1.06280333512e-06, 6.24063773103e-07, 4.32783593851e-07, 3.38977855563e-07, 2.54996109561e-07, 2.10041122273e-07],
        "dvar": [6.79036565998e-06, 1.54627177835e-05, 2.21906930165e-06, 1.5305688521e-06, 3.14558008085e-07, 1.66687897263e-07, 9.03537014096e-08, 1.89083394275e-07, 7.48810151663e-08, 3.1654767696e-08, 2.76577374336e-08, 1.93507272428e-08, 1.97320026984e-08, 2.68901292344e-08, 2.15372111256e-08, 9.58467882839e-09, 7.09453518155e-09, 4.46693926293e-09, 1.49541434791e-09, 8.88534690269e-10, 7.39259931049e-10, 5.10595121739e-10, 3.12859710361e-10, 1.40140815619e-10, 5.98506730287e-11, 5.27964096053e-11, 4.98185104281e-11, 1.65643592592e-11, 6.09515172709e-12, 3.52366703524e-12, 3.16270425647e-12, 2.22875168841e-12, 1.41651024677e-12, 9.59609236691e-13, 1.06517388226e-12, 8.63307689225e-13, 9.67912490608e-13, 4.78128441787e-13, 1.34753536454e-13, 7.40207184826e-14],
        "dvar2": [1.82178373507e-05, 4.33759014413e-05, 6.20601622359e-06, 3.79261587113e-06, 8.0611988551e-07, 4.06304621947e-07, 2.07562521837e-07, 4.65668676952e-07, 1.55738959506e-07, 7.38762651054e-08, 5.72089469131e-08, 4.43667147465e-08, 4.85487596791e-08, 6.68974777795e-08, 4.48802204289e-08, 1.90430817781e-08, 1.76868475421e-08, 9.79010206237e-09, 3.2715665732e-09, 2.16898876637e-09, 1.94246774221e-09, 1.2017643547e-09, 7.10191405684e-10, 3.21021043082e-10, 1.47901649261e-10, 1.33358227239e-10, 1.17401394162e-10, 3.27961859059e-11, 1.38529387614e-11, 7.99855147393e-12, 6.14652816491e-12, 4.90210823323e-12, 3.14104081287e-12, 2.27528130885e-12, 2.61770141154e-12, 1.88349054235e-12, 2.02953626127e-12, 1.10174109419e-12, 2.79629645177e-13, 1.55996716196e-13],
        "max": [0.0241795033216, 0.0405157990754, 0.0227305274457, 0.0133395353332, 0.00936814490706, 0.00829193461686, 0.00511711789295, 0.00736141949892, 0.00825047399849, 0.00444224616513, 0.00414415867999, 0.0047198603861, 0.00280366791412, 0.00358764501289, 0.00339866196737, 0.00268263602629, 0.00165420491248, 0.0019255845109, 0.000965169630945, 0.000428269006079, 0.000638763536699, 0.000397954223445, 0.000403681973694, 0.000248266151175, 0.000109516804514, 0.000115910501336, 0.000112884335977, 9.04332264327e-05, 4.82716823171e-05, 4.25968428317e-05, 5.80692976655e-05, 3.57764220098e-05, 1.71807714651e-05, 1.5619185433e-05, 1.42921962833e-05, 2.63527726929e-05, 4.39510768047e-05, 2.85222849925e-05, 9.80995355349e-06, 6.62913043925e-06],
        "mean": [0.000767900841311, 0.00150151294656, 0.00121592206415, 0.00140825286508, 0.000715609814506, 0.000450055958936, 0.000291784788715, 0.000234902880038, 0.000142373275594, 9.73295536824e-05, 0.000125838210806, 8.46940311021e-05, 7.20416064723e-05, 7.4275645602e-05, 8.36161198094e-05, 6.06357134529e-05, 5.00942514918e-05, 5.1092079957e-05, 3.72280956071e-05, 2.84870311589e-05, 2.18002296606e-05, 2.09857789741e-05, 1.60978670465e-05, 1.3699253941e-05, 8.67678227223e-06, 8.16422016214e-06, 7.49497712604e-06, 4.2127476263e-06, 2.62986191046e-06, 2.29011334341e-06, 2.07467337532e-06, 1.86240413313e-06, 1.71387580394e-06, 1.68529777511e-06, 1.47683385876e-06, 8.89741386345e-07, 5.9667769392e-07, 4.76785601222e-07, 3.710049441e-07, 3.19100763591e-07],
        "median": [0.000133519512019, 0.000484520394821, 0.000672995229252, 0.000749380560592, 0.000432731525507, 0.000229251585552, 0.000104375605588, 5.22338450537e-05, 3.12544543704e-05, 3.17943340633e-05, 4.2111671064e-05, 3.10450195684e-05, 2.64497957687e-05, 2.39208002313e-05, 2.8083090001e-05, 2.21739956032e-05, 1.86152155948e-05, 2.31616359088e-05, 2.01199964067e-05, 1.66475656442e-05, 1.37973975143e-05, 1.25454207591e-05, 9.20144066185e-06, 9.22020262806e-06, 5.95656092628e-06, 5.76827687837e-06, 5.05719026478e-06, 2.28687167692e-06, 1.49243123815e-06, 1.27442399389e-06, 1.38953055284e-06, 1.05168794562e-06, 8.27860844765e-07, 9.09738503196e-07, 1.00075544651e-06, 4.174175956e-07, 2.41760204744e-07, 1.98703176579e-07, 1.60569015861e-07, 1.4180209007e-07],
        "min": [1.99637640651e-24, 3.70849980204e-24, 1.84075801296e-24, 8.02808754886e-25, 1.13589393224e-24, 2.52312111825e-24, 1.87841665485e-24, 1.40182584592e-24, 7.12780250597e-25, 2.62668573612e-24, 2.17302129586e-24, 5.13203559311e-24, 4.79772225794e-24, 4.70016698523e-24, 4.01399210404e-24, 4.01242463742e-24, 5.0839008784e-24, 4.25306862871e-24, 2.9869257738e-24, 3.43155913721e-24, 4.91692742375e-24, 4.94326985596e-24, 3.55698762671e-24, 4.27639406239e-24, 5.28318765344e-24, 6.75910854178e-24, 5.80655426556e-24, 3.97933034473e-24, 4.83661112841e-24, 5.67921042179e-24, 5.6085170462e-24, 7.53115329909e-24, 5.69364263205e-24, 8.80230798454e-24, 7.31839199092e-24, 5.83210862573e-24, 7.30420906071e-24, 6.23425374356e-24, 8.62647009991e-24, 8.24573742806e-24],
        "var": [5.03164756083e-06, 1.13052565212e-05, 2.85379132947e-06, 3.3826793242e-06, 8.86367729436e-07, 4.76639399949e-07, 2.92813808755e-07, 2.77092965462e-07, 1.42110266665e-07, 5.2964619357e-08, 9.52539522814e-08, 3.49236266572e-08, 2.96760198637e-08, 4.13388718812e-08, 5.40694955475e-08, 2.17627569299e-08, 1.25175718679e-08, 8.37587244007e-09, 3.08644687586e-09, 1.62514957047e-09, 9.78552017195e-10, 8.88540629962e-10, 5.82956960482e-10, 2.78006895282e-10, 1.06151892831e-10, 9.68222099718e-11, 9.55941575898e-11, 4.61952351372e-11, 1.41360742556e-11, 9.13452907064e-12, 7.88192514728e-12, 5.8905953032e-12, 4.75254514562e-12, 4.05971783968e-12, 2.91759151561e-12, 1.91149179818e-12, 1.74860202273e-12, 9.58829695329e-13, 3.63912161039e-13, 2.18510187158e-13]
    },
    "mfcc": {
        "mean": [-688.360229492, 122.466697693, -16.8737449646, 26.5752353668, 11.7305288315, 0.447378575802, -3.29026722908, 3.4594244957, -10.7009353638, -6.67935419083, -7.38021039963, -8.2102432251, -1.33847379684],
        "cov": [[19879.8125, 656.319824219, 2077.52026367, -451.958831787, -834.548278809, 1704.21789551, -754.830383301, -695.092468262, 82.9208679199, 638.342102051, 355.019927979, 108.434333801, -176.899230957], [656.319824219, 935.291687012, -185.692138672, 17.5553855896, -41.9476242065, -77.8829727173, -17.6475486755, 11.3500137329, -29.8967170715, 55.8028869629, -31.1328582764, -37.8955688477, 28.1745014191], [2077.52026367, -185.692138672, 668.563842773, 1.28849744797, -46.4027023315, 314.219482422, -125.305404663, -54.9902534485, 41.5968818665, 74.1959609985, 84.4236373901, 45.6010169983, -16.7226810455], [-451.958831787, 17.5553855896, 1.28849744797, 182.374267578, 94.655380249, -16.8729915619, 32.5864982605, 41.6499214172, 7.16295385361, -15.2041139603, -6.43463659286, 10.3670434952, 18.6873607635], [-834.548278809, -41.9476242065, -46.4027023315, 94.655380249, 211.158843994, -41.6734390259, 38.7444381714, 21.7307262421, -4.44798994064, 1.4519340992, 6.86859798431, 11.7108697891, 29.532365799], [1704.21789551, -77.8829727173, 314.219482422, -16.8729915619, -41.6734390259, 285.321655273, -45.0583953857, -37.2667198181, 30.0158061981, 67.3750610352, 61.1811256409, 13.7067136765, -31.9494113922], [-754.830383301, -17.6475486755, -125.305404663, 32.5864982605, 38.7444381714, -45.0583953857, 155.117614746, 91.9221191406, 25.2713222504, -28.2107868195, -11.9032278061, 2.44892835617, -12.6209611893], [-695.092468262, 11.3500137329, -54.9902534485, 41.6499214172, 21.7307262421, -37.2667198181, 91.9221191406, 125.33682251, 42.4081573486, -34.5680274963, -12.9568328857, -7.50236558914, -8.41047954559], [82.9208679199, -29.8967170715, 41.5968818665, 7.16295385361, -4.44798994064, 30.0158061981, 25.2713222504, 42.4081573486, 79.5315628052, 21.6669044495, 7.18288087845, -4.22550725937, -18.9985313416], [638.342102051, 55.8028869629, 74.1959609985, -15.2041139603, 1.4519340992, 67.3750610352, -28.2107868195, -34.5680274963, 21.6669044495, 109.031478882, 58.7351799011, 17.2621326447, -1.03684031963], [355.019927979, -31.1328582764, 84.4236373901, -6.43463659286, 6.86859798431, 61.1811256409, -11.9032278061, -12.9568328857, 7.18288087845, 58.7351799011, 93.3991088867, 46.8096847534, 6.57647943497], [108.434333801, -37.8955688477, 45.6010169983, 10.3670434952, 11.7108697891, 13.7067136765, 2.44892835617, -7.50236558914, -4.22550725937, 17.2621326447, 46.8096847534, 74.3941574097, 32.780090332], [-176.899230957, 28.1745014191, -16.7226810455, 18.6873607635, 29.532365799, -31.9494113922, -12.6209611893, -8.41047954559, -18.9985313416, -1.03684031963, 6.57647943497, 32.780090332, 76.6879501343]],
