{
"lowlevel": {
    "average_loudness": 0.922826349735,
    "barkbands_crest": {
        "dmean": 2.22377586365,
        "dmean2": 3.45107555389,
        "dvar": 6.61332607269,
        "dvar2": 15.1987133026,
        "max": 26.4996299744,
        "mean": 14.7466592789,
        "median": 14.4884576797,
        "min": 3.40772676468,
        "var": 29.6123218536
    },
    "barkbands_flatness_db": {
        "dmean": 0.03372355178,
        "dmean2": 0.044717296958,
        "dvar": 0.00194869062398,
        "dvar2": 0.00375353801064,
        "max": 0.650823533535,
        "mean": 0.257526278496,
        "median": 0.237701654434,
        "min": 0.0342467390001,
        "var": 0.0139633566141
    },
    "barkbands_kurtosis": {
        "dmean": 20.5957736969,
        "dmean2": 30.3193740845,
        "dvar": 2413.40869141,
        "dvar2": 5272.86230469,
        "max": 771.705932617,
        "mean": 44.8311042786,
        "median": 11.3816318512,
        "min": -1.79114472866,
        "var": 7880.67138672
    },
    "barkbands_skewness": {
        "dmean": 1.15361821651,
        "dmean2": 1.67601108551,
        "dvar": 2.95398736,
        "dvar2": 6.97458219528,
        "max": 23.0483970642,
        "mean": 3.65453004837,
        "median": 2.72367095947,
        "min": -2.94554376602,
        "var": 11.5177145004
    },
    "barkbands_spread": {
        "dmean": 4.28232288361,
        "dmean2": 6.59862947464,
        "dvar": 68.7942352295,
        "dvar2": 165.707229614,
        "max": 96.3833999634,
        "mean": 11.0541477203,
        "median": 6.48318338394,
        "min": 0.143883377314,
        "var": 162.442016602
    },
    "dissonance": {
        "dmean": 0.0277811121196,
        "dmean2": 0.0454685688019,
        "dvar": 0.000828042044304,
        "dvar2": 0.00194983195979,
        "max": 0.499999880791,
        "mean": 0.430810391903,
        "median": 0.444486886263,
        "min": 0.184430196881,
        "var": 0.0027413922362
    },
    "dynamic_complexity": 3.60856151581,
    "erbbands_crest": {
        "dmean": 2.35118937492,
        "dmean2": 3.65671205521,
        "dvar": 5.28369998932,
        "dvar2": 12.1752691269,
        "max": 28.5443954468,
        "mean": 10.4725189209,
        "median": 9.53130531311,
        "min": 2.70852065086,
        "var": 18.4946346283
    },
    "erbbands_flatness_db": {
        "dmean": 0.0274504795671,
        "dmean2": 0.0369956679642,
        "dvar": 0.00127876526676,
        "dvar2": 0.00237126857974,
        "max": 0.42745923996,
        "mean": 0.180781617761,
        "median": 0.175458952785,
        "min": 0.0372849702835,
        "var": 0.00497297057882
    },
    "erbbands_kurtosis": {
        "dmean": 4.64741754532,
        "dmean2": 6.80042219162,
        "dvar": 165.666000366,
        "dvar2": 350.506652832,
        "max": 279.666473389,
        "mean": 8.65789222717,
        "median": 2.35407590866,
        "min": -1.86383259296,
        "var": 506.781585693
    },
    "erbbands_skewness": {
        "dmean": 0.6371935606,
        "dmean2": 0.918567717075,
        "dvar": 0.759854078293,
        "dvar2": 1.6134390831,
        "max": 13.1439714432,
        "mean": 1.45322155952,
        "median": 1.05839645863,
        "min": -3.38534736633,
        "var": 3.87815380096
    },
    "erbbands_spread": {
        "dmean": 12.2294921875,
        "dmean2": 18.1711044312,
        "dvar": 366.218963623,
        "dvar2": 773.491760254,
        "max": 190.171783447,
        "mean": 36.3596000671,
        "median": 26.2249107361,
        "min": 1.15048515797,
        "var": 971.819824219
    },
    "hfc": {
        "dmean": 6.98961591721,
        "dmean2": 10.8228273392,
        "dvar": 225.39781189,
        "dvar2": 550.836730957,
        "max": 227.574707031,
        "mean": 15.61972332,
        "median": 7.27926158905,
        "min": 0.00701790023595,
        "var": 415.144683838
    },
    "melbands_crest": {
        "dmean": 2.36796021461,
        "dmean2": 3.70008349419,
        "dvar": 7.51820325851,
        "dvar2": 17.3931484222,
        "max": 36.2939338684,
        "mean": 18.2334938049,
        "median": 18.6530170441,
        "min": 2.21860575676,
        "var": 33.0402336121
    },
    "melbands_flatness_db": {
        "dmean": 0.0372892208397,
        "dmean2": 0.0492045246065,
        "dvar": 0.00247532385401,
        "dvar2": 0.00489234924316,
        "max": 0.798029959202,
        "mean": 0.352789580822,
        "median": 0.333018392324,
        "min": 0.0155477458611,
        "var": 0.0209237206727
    },
    "melbands_kurtosis": {
        "dmean": 30.6090393066,
        "dmean2": 46.0423355103,
        "dvar": 4928.1875,
        "dvar2": 12241.6826172,
        "max": 835.30267334,
        "mean": 58.2616424561,
        "median": 21.641412735,
        "min": -1.78160691261,
        "var": 9720.60839844
    },
    "melbands_skewness": {
        "dmean": 1.2755368948,
        "dmean2": 1.86403167248,
        "dvar": 3.66882395744,
        "dvar2": 8.54253959656,
        "max": 22.6144599915,
        "mean": 4.1131272316,
        "median": 3.17980051041,
        "min": -1.06745970249,
        "var": 11.2178554535
    },
    "melbands_spread": {
        "dmean": 3.56860542297,
        "dmean2": 5.53260326385,
        "dvar": 84.9974594116,
        "dvar2": 186.757156372,
        "max": 227.677536011,
        "mean": 11.8306446075,
        "median": 4.87813997269,
        "min": 0.267971813679,
        "var": 551.300170898
    },
    "pitch_salience": {
        "dmean": 0.0760260224342,
        "dmean2": 0.116961613297,
        "dvar": 0.00741679919884,
        "dvar2": 0.0167987626046,
        "max": 0.890263915062,
        "mean": 0.405045390129,
        "median": 0.400190860033,
        "min": 0.0475622788072,
        "var": 0.0282365549356
    },
    "silence_rate_20dB": {
        "dmean": 0,
        "dmean2": 0,
        "dvar": 0,
        "dvar2": 0,
        "max": 1,
        "mean": 1,
        "median": 1,
        "min": 1,
        "var": 0
    },
    "silence_rate_30dB": {
        "dmean": 0.0356037169695,
        "dmean2": 0.0712350010872,
        "dvar": 0.0343356691301,
        "dvar2": 0.0715815871954,
        "max": 1,
        "mean": 0.960541605949,
        "median": 1,
        "min": 0,
        "var": 0.0379010811448
    },
    "silence_rate_60dB": {
        "dmean": 0.019736841321,
        "dmean2": 0.0394889675081,
        "dvar": 0.019346896559,
        "dvar2": 0.0410255268216,
        "max": 1,
        "mean": 0.0692456513643,
        "median": 0,
        "min": 0,
        "var": 0.0644476637244
    },
    "spectral_centroid": {
        "dmean": 167.909515381,
        "dmean2": 252.119171143,
        "dvar": 83964.1875,
        "dvar2": 185556.96875,
        "max": 4821.40869141,
        "mean": 746.223205566,
        "median": 486.280456543,
        "min": 87.4482955933,
        "var": 569048.5
    },
    "spectral_complexity": {
        "dmean": 2.07004642487,
        "dmean2": 3.16144013405,
        "dvar": 12.9536962509,
        "dvar2": 27.2558193207,
        "max": 57,
        "mean": 9.24835586548,
        "median": 7,
        "min": 0,
        "var": 65.7045669556
    },
    "spectral_decrease": {
        "dmean": 4.21697343711e-09,
        "dmean2": 7.01124625024e-09,
        "dvar": 1.22284386355e-16,
        "dvar2": 3.33505511636e-16,
        "max": -2.92398863368e-13,
        "mean": -1.15854073002e-08,
        "median": -9.7149195355e-09,
        "min": -1.29778655378e-07,
        "var": 1.18781190434e-16
    },
    "spectral_energy": {
        "dmean": 0.0164321400225,
        "dmean2": 0.0272179283202,
        "dvar": 0.00182063109241,
        "dvar2": 0.00495724473149,
        "max": 0.501335561275,
        "mean": 0.0451427660882,
        "median": 0.0376966148615,
        "min": 1.74012438947e-06,
        "var": 0.00179205322638
    },
    "spectral_energyband_high": {
        "dmean": 0.000386527070077,
        "dmean2": 0.000590750540141,
        "dvar": 8.67298922458e-07,
        "dvar2": 1.91251137949e-06,
        "max": 0.0147715173662,
        "mean": 0.000565286318306,
        "median": 8.12386497273e-05,
        "min": 1.95059399744e-07,
        "var": 1.50395260334e-06
    },
    "spectral_energyband_low": {
        "dmean": 0.0116624701768,
        "dmean2": 0.0198192913085,
        "dvar": 0.0011526561575,
        "dvar2": 0.00314096314833,
        "max": 0.415184140205,
        "mean": 0.0314176157117,
        "median": 0.0253920722753,
        "min": 1.0780334847e-08,
        "var": 0.00108596403152
    },
    "spectral_energyband_middle_high": {
        "dmean": 0.00141315325163,
        "dmean2": 0.00216929800808,
        "dvar": 2.5205717975e-05,
        "dvar2": 6.48896748316e-05,
        "max": 0.137227937579,
        "mean": 0.00358183356002,
        "median": 0.000272439036053,
        "min": 1.23261983731e-07,
        "var": 6.83656908222e-05
    },
    "spectral_energyband_middle_low": {
        "dmean": 0.00669685378671,
        "dmean2": 0.0115057369694,
        "dvar": 0.000254052778473,
        "dvar2": 0.000716956215911,
        "max": 0.208135172725,
        "mean": 0.0104234125465,
        "median": 0.00650393590331,
        "min": 2.88979634888e-07,
        "var": 0.000216775122681
    },
    "spectral_entropy": {
        "dmean": 0.311953097582,
        "dmean2": 0.437271207571,
        "dvar": 0.196626245975,
        "dvar2": 0.378747880459,
        "max": 8.84430027008,
        "mean": 6.8353805542,
        "median": 7.01019096375,
        "min": 3.93931674957,
        "var": 0.904309511185
    },
    "spectral_flux": {
        "dmean": 0.0368753634393,
        "dmean2": 0.055038459599,
        "dvar": 0.00340831954964,
        "dvar2": 0.00608990527689,
        "max": 0.611608862877,
        "mean": 0.0772886127234,
        "median": 0.0539967305958,
        "min": 0.00086801481666,
        "var": 0.0059760697186
    },
    "spectral_kurtosis": {
        "dmean": 3.83666610718,
        "dmean2": 5.9346370697,
        "dvar": 72.0963363647,
        "dvar2": 160.157989502,
        "max": 143.928527832,
        "mean": 8.82245159149,
        "median": 4.94067525864,
        "min": -0.99414563179,
        "var": 163.662399292
    },
    "spectral_rms": {
        "dmean": 0.00104167289101,
        "dmean2": 0.00160242966376,
        "dvar": 3.47400396095e-06,
        "dvar2": 8.43572343001e-06,
        "max": 0.0221157837659,
        "mean": 0.00603762362152,
        "median": 0.00606441963464,
        "min": 4.12029403378e-05,
        "var": 7.588839253e-06
    },
    "spectral_rolloff": {
        "dmean": 222.956680298,
        "dmean2": 379.879608154,
        "dvar": 538930,
        "dvar2": 1349882.5,
        "max": 14276.5136719,
        "mean": 754.312805176,
        "median": 301.46484375,
        "min": 21.533203125,
        "var": 2938558.75
    },
    "spectral_skewness": {
        "dmean": 0.423751085997,
        "dmean2": 0.628520011902,
        "dvar": 0.452081739902,
        "dvar2": 0.91684615612,
        "max": 10.3976106644,
        "mean": 2.2245080471,
        "median": 1.88572764397,
        "min": 0.0651894286275,
        "var": 1.61351811886
    },
    "spectral_spread": {
        "dmean": 1012932.9375,
        "dmean2": 1416597.25,
        "dvar": 2.00381785702e+12,
        "dvar2": 3.83115277107e+12,
        "max": 15290495,
        "mean": 5345450,
        "median": 4665512,
        "min": 978298.6875,
        "var": 6.02745759334e+12
    },
    "spectral_strongpeak": {
        "dmean": 0.240975990891,
        "dmean2": 0.399384796619,
        "dvar": 0.334879219532,
        "dvar2": 0.739486515522,
        "max": 12.9335832596,
        "mean": 0.633978068829,
        "median": 0.585040450096,
        "min": 0,
        "var": 0.610426962376
    },
    "zerocrossingrate": {
        "dmean": 0.00912881828845,
        "dmean2": 0.0111085399985,
        "dvar": 0.000205231452128,
        "dvar2": 0.000281632441329,
        "max": 0.4189453125,
        "mean": 0.0351826958358,
        "median": 0.021484375,
        "min": 0,
        "var": 0.00264558615163
    },
    "barkbands": {
        "dmean": [0.000552664510906, 0.00686686160043, 0.0046612508595, 0.00226797512732, 0.00258773611858, 0.00127252214588, 0.000728020386305, 0.000480728951516, 0.00062470510602, 0.00052947801305, 0.000345597916748, 0.000304183893604, 0.000316583464155, 0.000256255705608, 0.000206961398362, 5.16900072398e-05, 5.73090001126e-05, 7.01039534761e-05, 4.16491020587e-05, 6.35274263914e-05, 4.60277478851e-05, 6.51367372484e-05, 6.31603397778e-05, 6.76009512972e-05, 7.8763368947e-05, 3.99612581532e-05, 3.51106173184e-05],
        "dmean2": [0.000892467098311, 0.0112782008946, 0.00826860591769, 0.004213207867, 0.00457105971873, 0.00208416394889, 0.00114920095075, 0.000744582735933, 0.000907084846403, 0.000843824294861, 0.000552957644686, 0.000466294091893, 0.000515784835443, 0.000389664812246, 0.000331813353114, 8.16212414065e-05, 9.82404744718e-05, 0.00010793619731, 6.71662419336e-05, 9.75665534497e-05, 7.46873483877e-05, 9.86236846074e-05, 9.90559419733e-05, 0.000106903862616, 0.000124048689031, 6.22018415015e-05, 5.61756023671e-05],
        "dvar": [6.87417468725e-06, 0.000328521506162, 0.000212159822695, 6.9093752245e-05, 3.90976783819e-05, 7.74836553319e-06, 4.01833676733e-06, 1.36247444971e-06, 1.9562057787e-06, 7.26470807422e-06, 1.90958212443e-06, 1.05686660845e-06, 2.08956294045e-06, 1.74171645995e-06, 5.38922563464e-07, 3.52554145877e-08, 5.09705202489e-08, 4.68712215707e-08, 1.89092315139e-08, 2.23170140146e-08, 2.133839061e-08, 3.29432481294e-08, 2.60608814528e-08, 3.1109081533e-08, 4.75687578216e-08, 1.2167118868e-08, 1.15136309375e-08],
        "dvar2": [1.85022108781e-05, 0.000862456625327, 0.000614954275079, 0.000200565875275, 0.000110226799734, 2.14504434553e-05, 1.0315741747e-05, 3.27172028847e-06, 4.31657645095e-06, 2.03224863071e-05, 5.19815694133e-06, 2.30476803154e-06, 4.58467093267e-06, 3.01019940707e-06, 1.52108543716e-06, 7.83344304978e-08, 1.39241549846e-07, 1.06914548326e-07, 4.59614497572e-08, 5.09655890824e-08, 5.33361728117e-08, 6.54901057828e-08, 5.95536810977e-08, 7.30257667669e-08, 1.12050862811e-07, 2.78170535495e-08, 2.86481416367e-08],
        "max": [0.0354336872697, 0.247140944004, 0.21094340086, 0.112324848771, 0.074873521924, 0.0345817990601, 0.0435704886913, 0.016544457525, 0.0303814560175, 0.0899719819427, 0.0282597783953, 0.0260044429451, 0.0533454716206, 0.0500729866326, 0.0166130252182, 0.00383979221806, 0.00342818140052, 0.00603552581742, 0.00294466596097, 0.00336757930927, 0.002798412228, 0.00519272405654, 0.00292517454363, 0.00366939348169, 0.00354861072265, 0.00178471417166, 0.00187722023111],
        "mean": [0.000619772181381, 0.0218852926046, 0.00817998405546, 0.00164835667238, 0.0032094581984, 0.0023496102076, 0.00111642223783, 0.000768818543293, 0.00111496273894, 0.000952640315518, 0.00056984112598, 0.000558143074159, 0.000432317669038, 0.000408621999668, 0.000352904666215, 7.95166342868e-05, 7.38292801543e-05, 0.000141517724842, 6.60344012431e-05, 0.000128211264382, 6.97855502949e-05, 0.000102894620795, 7.72027487983e-05, 8.27465773909e-05, 8.5977902927e-05, 3.97105650336e-05, 2.81963257294e-05],
        "median": [0.000217031032662, 0.0147706111893, 0.00687590939924, 0.000275067170151, 0.00161543046124, 0.00152829824947, 0.000215356660192, 8.58604107634e-05, 0.00010444939835, 2.26486317843e-05, 1.5664156308e-05, 1.40499523695e-05, 1.16005958262e-05, 1.09732509372e-05, 1.07404775918e-05, 6.46074249744e-06, 7.5485504567e-06, 1.2133979908e-05, 5.95538676862e-06, 1.5624862499e-05, 1.01381347122e-05, 1.45778440128e-05, 8.33892045193e-06, 7.5258153629e-06, 7.7860768215e-06, 2.28833141591e-06, 1.0602785494e-07],
        "min": [4.22552381973e-10, 1.46302203685e-09, 4.63281857321e-10, 2.83860024375e-09, 1.95806748593e-08, 1.70892970885e-08, 2.11747117618e-08, 1.81802271015e-08, 2.16082263194e-08, 5.51388756875e-09, 4.68963712308e-09, 3.55388074524e-09, 6.34608676719e-09, 6.89726054048e-09, 4.11417300228e-09, 5.72449598835e-09, 6.58636123418e-09, 1.11454889762e-08, 1.27700916508e-08, 1.78423924524e-08, 2.21697309399e-08, 3.22613793458e-08, 3.15503676518e-08, 2.40792221717e-08, 2.06314982876e-08, 1.25441639298e-08, 3.76506736899e-09],
        "var": [4.90421371069e-06, 0.000513970269822, 0.000145207697642, 3.86025421903e-05, 3.19206192216e-05, 1.13311944006e-05, 5.86891746934e-06, 2.52868085227e-06, 5.5846721807e-06, 8.57266149978e-06, 3.53699419975e-06, 3.20404546983e-06, 3.49999140781e-06, 3.77456831302e-06, 1.36820051466e-06, 6.91599737479e-08, 6.10029857739e-08, 1.65526259366e-07, 3.20936273113e-08, 8.27013906246e-08, 3.18969952673e-08, 6.94721009609e-08, 3.96651067547e-08, 4.87175668695e-08, 5.73962140038e-08, 1.38378553061e-08, 9.94956206313e-09]
    },
    "erbbands": {
        "dmean": [0.133989810944, 1.80230414867, 5.10577011108, 7.15031290054, 7.51305341721, 9.42240715027, 11.1790027618, 9.02520942688, 8.56072902679, 11.8462734222, 10.8070268631, 14.4452533722, 13.6430511475, 17.8188667297, 12.8657541275, 11.1179141998, 11.1251029968, 15.352268219, 11.6840810776, 5.22867965698, 2.53590083122, 3.00042414665, 3.78948926926, 2.45805358887, 2.11242413521, 3.18338251114, 1.91559386253, 2.25271701813, 2.40036845207, 2.06085062027, 1.67167055607, 1.3327447176, 1.20381212234, 0.971838414669, 0.495108544827, 0.180320560932, 0.0750619545579, 0.0296732168645, 0.00613808026537, 0.00033161015017],
        "dmean2": [0.208318799734, 3.04516506195, 8.96605491638, 12.9951095581, 13.6849355698, 16.6343975067, 18.1594619751, 14.9919185638, 13.9980306625, 18.5968780518, 16.0389518738, 21.6586532593, 20.6091156006, 28.287197113, 20.2838306427, 17.3915271759, 17.962978363, 24.0419712067, 18.8823986053, 8.26565742493, 4.08909988403, 5.09502983093, 5.82666730881, 3.89722847939, 3.39688849449, 4.86732006073, 3.09787940979, 3.61790847778, 3.66793012619, 3.26621937752, 2.60887980461, 2.1068406105, 1.91383957863, 1.5563120842, 0.775195300579, 0.279375463724, 0.117495819926, 0.0469572544098, 0.00980858318508, 0.000537689134944],
        "dvar": [0.151610940695, 22.9640159607, 220.660354614, 666.368225098, 551.61126709, 477.374420166, 604.635375977, 434.959960938, 501.065643311, 999.311462402, 631.38482666, 1289.38269043, 3326.01000977, 6353.75537109, 1984.53149414, 1387.60205078, 2009.14123535, 6392.55322266, 1688.09790039, 335.075042725, 78.3276138306, 137.366577148, 189.460784912, 48.6292190552, 42.3144836426, 58.9427185059, 32.9706039429, 47.4305496216, 47.6329536438, 29.2222633362, 18.5037345886, 13.4690160751, 9.51793766022, 7.54010248184, 1.86104846001, 0.232116818428, 0.0447187647223, 0.00823778286576, 0.000350991584128, 9.49362515712e-07],
        "dvar2": [0.361968755722, 62.1307029724, 637.187438965, 1932.06799316, 1562.2277832, 1363.92932129, 1679.54821777, 1207.04711914, 1364.53393555, 2371.92431641, 1395.27502441, 2870.5625, 8745.78808594, 18068.7324219, 5256.43945312, 3245.23925781, 4400.21289062, 11879.4765625, 4694.88525391, 827.026245117, 182.23374939, 373.824371338, 441.059326172, 116.271728516, 101.05809021, 139.097473145, 85.3702545166, 111.872848511, 96.5346221924, 64.3230209351, 42.5491905212, 32.0463562012, 22.2564296722, 18.1985168457, 4.32706689835, 0.525478959084, 0.102020382881, 0.0203758701682, 0.000864429690409, 2.35077050093e-06],
        "max": [5.04188585281, 67.080657959, 204.79864502, 306.790863037, 417.348388672, 286.50982666, 315.569732666, 264.863037109, 388.672119141, 627.855102539, 455.994537354, 817.129333496, 1863.55358887, 2189.09130859, 1032.20922852, 824.356262207, 1128.31469727, 2997.25976562, 1054.22131348, 516.475158691, 168.483673096, 148.478668213, 414.545837402, 118.95716095, 115.79410553, 197.285690308, 100.476516724, 143.110107422, 193.213851929, 138.747528076, 70.2229614258, 89.887550354, 56.3176574707, 42.0726165771, 22.8361263275, 8.05360984802, 3.31751823425, 1.67485523224, 0.322467684746, 0.0126079618931],
        "mean": [0.347169280052, 5.72071361542, 11.5276603699, 7.30603027344, 6.54424285889, 12.2852840424, 18.8094291687, 16.4729366302, 13.6923933029, 18.0460643768, 19.2598457336, 25.3619441986, 25.7218570709, 33.8031921387, 25.6606616974, 20.0072193146, 17.7650470734, 25.7879161835, 21.7688694, 9.33425807953, 4.05963659286, 4.38904905319, 7.35368776321, 4.78914546967, 3.71463632584, 6.40318489075, 3.26819682121, 3.36949539185, 3.82419729233, 2.7360022068, 2.10702395439, 1.63378787041, 1.40509319305, 1.06068575382, 0.541276931763, 0.191284656525, 0.0731021761894, 0.0251558143646, 0.00497982511297, 0.000301829422824],
        "median": [0.390713185072, 3.32597303391, 9.39079189301, 2.81826782227, 1.83633112907, 5.67210197449, 11.1774978638, 11.5692720413, 4.95574474335, 3.59290933609, 2.87760257721, 2.48985528946, 1.72191667557, 0.775365412235, 0.641261279583, 0.668909966946, 0.633585035801, 0.678487658501, 0.666856706142, 0.488872200251, 0.373233944178, 0.51084458828, 0.662108421326, 0.386190444231, 0.447555094957, 0.730852782726, 0.459951162338, 0.464155822992, 0.537754952908, 0.37124478817, 0.235927388072, 0.151321411133, 0.12653259933, 0.0931226611137, 0.0472182221711, 0.0157059337944, 0.00289200711995, 0.0004514772736, 4.46808589913e-05, 5.8182678913e-05],
        "min": [6.48211653242e-08, 2.61587956629e-07, 6.34744935724e-07, 9.16377302929e-06, 4.93661937071e-05, 6.38253623038e-05, 0.000136920090881, 0.000139949363074, 0.000432762986748, 0.000391605484765, 0.000444365345174, 0.0006880951114, 0.000512770959176, 0.000381304504117, 0.000294208177365, 0.000182445903192, 0.000425700389314, 0.000380361278076, 0.000343957566656, 0.000246598065132, 0.000288634124445, 0.000423512043199, 0.000696613802575, 0.000528072414454, 0.000855363614392, 0.000801203772426, 0.000769829377532, 0.000962229794823, 0.00121630751528, 0.000952706555836, 0.000924485153519, 0.000579673040193, 0.000381982536055, 0.000246855517616, 0.000127408478875, 6.82101817802e-05, 2.12640825339e-05, 1.20441218314e-05, 6.0540639879e-07, 2.27792220642e-08],
        "var": [0.172513559461, 37.0934677124, 171.791641235, 391.575256348, 350.706726074, 448.919921875, 793.420654297, 584.798217773, 649.53503418, 1583.25524902, 1570.88574219, 3089.10205078, 4129.72167969, 9882.97949219, 5147.65478516, 3535.63671875, 4117.57128906, 15378.4482422, 4802.57226562, 821.03918457, 158.745483398, 177.428665161, 529.231567383, 133.564544678, 79.0441207886, 230.110824585, 59.6674804688, 74.7988510132, 98.016494751, 47.3878364563, 29.7174987793, 20.2038650513, 13.730219841, 8.7792339325, 2.32692193985, 0.281698912382, 0.050213240087, 0.00754929985851, 0.000309355906211, 8.04284923106e-07]
    },
    "gfcc": {
        "mean": [-68.8642196655, 102.903335571, -55.7152633667, 39.034198761, -53.3606185913, 13.6649932861, -27.1067638397, 7.75337743759, -15.7579259872, 5.60476398468, -10.97062397, -1.10911285877, -6.40761089325],
        "cov": [[12596.3935547, -1064.75158691, -2409.52563477, -934.776428223, -421.142700195, 530.580383301, 167.184494019, 251.390869141, -377.044067383, 227.935440063, -156.489532471, 75.5645446777, -112.832481384], [-1064.75158691, 2650.05273438, 318.119628906, 31.6750431061, 295.937561035, -142.89630127, 186.382492065, -119.917663574, 96.8454055786, -133.873687744, 158.476547241, -37.7055969238, 141.436416626], [-2409.52563477, 318.119628906, 2550.81860352, 648.622436523, 314.639434814, -126.045082092, -55.1365509033, -9.21818161011, 288.927459717, -81.1616287231, 13.4288768768, -17.5258331299, -31.8101806641], [-934.776428223, 31.6750431061, 648.622436523, 792.990539551, 398.146697998, 54.321231842, -20.2341823578, 8.70761585236, 112.923843384, -15.158531189, -2.43643331528, -27.3231506348, 14.3612041473], [-421.142700195, 295.937561035, 314.639434814, 398.146697998, 606.757324219, 206.386276245, 155.019805908, -3.51198673248, 67.8388671875, -54.7033195496, 32.8831253052, -37.4871749878, 1.51391720772], [530.580383301, -142.89630127, -126.045082092, 54.321231842, 206.386276245, 399.015136719, 266.160308838, 71.8535614014, -27.1065883636, 23.9253349304, 14.1016016006, -28.0131282806, -46.5338096619], [167.184494019, 186.382492065, -55.1365509033, -20.2341823578, 155.019805908, 266.160308838, 367.942993164, 108.586853027, 9.60550498962, -2.06078243256, 38.7186126709, -39.2289161682, -29.6773719788], [251.390869141, -119.917663574, -9.21818161011, 8.70761585236, -3.51198673248, 71.8535614014, 108.586853027, 196.414749146, 86.4854278564, 22.1833133698, -44.0075836182, -30.3256816864, -38.9397163391], [-377.044067383, 96.8454055786, 288.927459717, 112.923843384, 67.8388671875, -27.1065883636, 9.60550498962, 86.4854278564, 187.487487793, 18.7446956635, -15.8450260162, -26.6994876862, -6.23759222031], [227.935440063, -133.873687744, -81.1616287231, -15.158531189, -54.7033195496, 23.9253349304, -2.06078243256, 22.1833133698, 18.7446956635, 101.10243988, 27.1884708405, -1.21494185925, -14.1763114929], [-156.489532471, 158.476547241, 13.4288768768, -2.43643331528, 32.8831253052, 14.1016016006, 38.7186126709, -44.0075836182, -15.8450260162, 27.1884708405, 103.854187012, 27.6681442261, 4.70285367966], [75.5645446777, -37.7055969238, -17.5258331299, -27.3231506348, -37.4871749878, -28.0131282806, -39.2289161682, -30.3256816864, -26.6994876862, -1.21494185925, 27.6681442261, 83.9998474121, 40.1079559326], [-112.832481384, 141.436416626, -31.8101806641, 14.3612041473, 1.51391720772, -46.5338096619, -29.6773719788, -38.9397163391, -6.23759222031, -14.1763114929, 4.70285367966, 40.1079559326, 99.4949874878]],
        "icov": [[0.00012102288747, -3.38450299751e-05, 6.10717324889e-05, 8.65652618813e-05, -5.02448237967e-05, -0.000154893801664, 9.42991973716e-05, -0.000164197204867, 0.000205240809009, -0.000321852479829, 0.000349213951267, -0.000301754655084, 0.000156719150255], [-3.38450299751e-05, 0.000709936139174, -1.65891924553e-05, 0.000140720629133, -0.000207949036849, 0.000629307818599, -0.000607854919508, 0.000347203604179, -0.0005428334116, 0.00100385688711, -0.00138516933657, 0.00118506513536, -0.00112437980715], [6.10717324889e-05, -1.65891924553e-05, 0.000695434515364, -0.000457677553641, 0.000115092007036, 0.000145364916534, -0.000233820799622, 0.000530693330802, -0.00102239008993, 0.000505715841427, 0.000117662362754, -0.000645199033897, 0.000847923045512], [8.65652618813e-05, 0.000140720629133, -0.000457677553641, 0.00268065417185, -0.00181012053508, -0.00025299997651, 0.0011585803004, -0.000908449408598, 0.000319490558468, -0.000869988754857, -3.65965315723e-05, 0.000723016797565, -0.00112953130156], [-5.02448237967e-05, -0.000207949036849, 0.000115092007036, -0.00181012053508, 0.00427120225504, -0.00222478364594, -0.000194344509509, 0.00125373655465, -0.00181266642176, 0.00296620908193, -0.0015655758325, 0.000963039288763, -0.00014133474906], [-0.000154893801664, 0.000629307818599, 0.000145364916534, -0.00025299997651, -0.00222478364594, 0.00814623199403, -0.0058551444672, 0.00118485291023, 0.00137345597614, -0.0029098726809, 0.00233159656636, -0.00139749702066, 0.00169848406222], [9.42991973716e-05, -0.000607854919508, -0.000233820799622, 0.0011585803004, -0.000194344509509, -0.0058551444672, 0.00984117761254, -0.00582513120025, 0.0012878512498, 0.0027340890374, -0.0055673988536, 0.00371687556617, -0.00211569946259], [-0.000164197204867, 0.000347203604179, 0.000530693330802, -0.000908449408598, 0.00125373655465, 0.00118485291023, -0.00582513120025, 0.0130963027477, -0.00640579266474, -0.00148390675895, 0.00629738299176, -0.00285830721259, 0.00378567213193], [0.000205240809009, -0.0005428334116, -0.00102239008993, 0.000319490558468, -0.00181266642176, 0.00137345597614, 0.0012878512498, -0.00640579266474, 0.0118500282988, -0.00450553186238, 0.00115767132957, 0.00135040143505, -0.00131968630012], [-0.000321852479829, 0.00100385688711, 0.000505715841427, -0.000869988754857, 0.00296620908193, -0.0029098726809, 0.0027340890374, -0.00148390675895, -0.00450553186238, 0.0185174308717, -0.0110825765878, 0.00501041533425, -0.00181606435217], [0.000349213951267, -0.00138516933657, 0.000117662362754, -3.65965315723e-05, -0.0015655758325, 0.00233159656636, -0.0055673988536, 0.00629738299176, 0.00115767132957, -0.0110825765878, 0.0230595786124, -0.0116215618327, 0.00641467049718], [-0.000301754655084, 0.00118506513536, -0.000645199033897, 0.000723016797565, 0.000963039288763, -0.00139749702066, 0.00371687556617, -0.00285830721259, 0.00135040143505, 0.00501041533425, -0.0116215618327, 0.0230364035815, -0.0109541788697], [0.000156719150255, -0.00112437980715, 0.000847923045512, -0.00112953130156, -0.00014133474906, 0.00169848406222, -0.00211569946259, 0.00378567213193, -0.00131968630012, -0.00181606435217, 0.00641467049718, -0.0109541788697, 0.0176791474223]]
    },
    "melbands": {
        "dmean": [0.00155071634799, 0.00261840131134, 0.00123627739958, 0.000606958579738, 0.000384232174838, 0.000209505436942, 0.000138937539305, 0.000121383454825, 8.83680768311e-05, 9.31478425628e-05, 6.96401184541e-05, 7.4418298027e-05, 4.75164342788e-05, 3.8803951611e-05, 2.40431600105e-05, 3.32125382556e-05, 2.7315598345e-05, 1.91370018001e-05, 1.23603922475e-05, 4.49992057838e-06, 3.03652814182e-06, 3.21877155329e-06, 3.58284910362e-06, 3.567442036e-06, 1.99749524654e-06, 1.65817311881e-06, 1.77572576376e-06, 2.46695094575e-06, 1.40990880482e-06, 9.40530014759e-07, 1.62896208167e-06, 1.56187445555e-06, 1.05242531845e-06, 1.30916635044e-06, 1.00324882624e-06, 7.50391222937e-07, 9.04513683508e-07, 8.10949302377e-07, 8.97520294529e-07, 8.01276030415e-07],
        "dmean2": [0.00247508427128, 0.00452818488702, 0.00224432256073, 0.00108348974027, 0.000636993732769, 0.000345885811839, 0.000225619456614, 0.000192043560673, 0.00013108731946, 0.000137674694997, 0.000105713683297, 0.000118737589219, 7.49100727262e-05, 5.91445314058e-05, 4.06289582315e-05, 5.20678950124e-05, 4.25866892328e-05, 3.10749674099e-05, 2.01421134989e-05, 6.97500763636e-06, 4.91582886752e-06, 5.58621104574e-06, 5.70415340917e-06, 5.45541479369e-06, 3.23044241668e-06, 2.68526355285e-06, 2.79708842754e-06, 3.79514813176e-06, 2.27627356253e-06, 1.54288329668e-06, 2.64233176495e-06, 2.42986811827e-06, 1.60365323154e-06, 2.11539440897e-06, 1.58054149324e-06, 1.16975093079e-06, 1.45937224261e-06, 1.27293697005e-06, 1.45718411204e-06, 1.28231351937e-06],
        "dvar": [1.72926775122e-05, 5.38003987458e-05, 1.83790743904e-05, 2.32040270021e-06, 7.06561991137e-07, 2.2380942255e-07, 1.36990436772e-07, 1.01603170322e-07, 4.1323065858e-08, 5.17233118558e-08, 9.32686461397e-08, 1.20309834983e-07, 3.1702228398e-08, 1.86263093838e-08, 1.59227511176e-08, 1.88451814154e-08, 2.32590426918e-08, 4.51516735112e-09, 2.4594957182e-09, 2.79333500774e-10, 1.18308113306e-10, 2.13003226168e-10, 1.34630431803e-10, 1.34191546763e-10, 3.45242584521e-11, 3.81443314434e-11, 2.74330957256e-11, 3.9294911075e-11, 1.62292766032e-11, 1.16576331921e-11, 2.22219829343e-11, 2.19254493034e-11, 8.10341637542e-12, 1.21931631458e-11, 6.69500782938e-12, 3.8560725793e-12, 6.89676657797e-12, 4.36115813601e-12, 5.8314247528e-12, 5.15995883174e-12],
        "dvar2": [4.34352623415e-05, 0.000152358639752, 5.31786281499e-05, 6.54031600789e-06, 1.98525981432e-06, 6.20604168944e-07, 3.68731974731e-07, 2.47731918535e-07, 9.10128363785e-08, 1.13388807677e-07, 2.46783571356e-07, 3.40152752187e-07, 8.39774898509e-08, 3.87606391428e-08, 4.44252776788e-08, 3.75873696612e-08, 4.41083116698e-08, 1.25105641402e-08, 6.85730761063e-09, 6.31377505833e-10, 2.86667467542e-10, 5.98163907295e-10, 2.94030383374e-10, 2.8403268626e-10, 8.31525542866e-11, 9.32473681603e-11, 5.81909347097e-11, 9.75264174974e-11, 4.24055443538e-11, 3.01274907799e-11, 5.13318137996e-11, 4.71576354355e-11, 1.59954115925e-11, 2.87076595135e-11, 1.53172856343e-11, 9.11202970716e-12, 1.69574840281e-11, 9.96043091755e-12, 1.42975241021e-11, 1.24847710295e-11],
        "max": [0.0547631680965, 0.0923064574599, 0.054004855454, 0.0205225590616, 0.0112653933465, 0.00579496845603, 0.00725657586008, 0.00599207030609, 0.00350112863816, 0.00569296767935, 0.01005105488, 0.00995192956179, 0.0040140831843, 0.0039949901402, 0.00370067567565, 0.00547668570653, 0.00602523516864, 0.00162664416712, 0.00161890685558, 0.000369573914213, 0.000212106635445, 0.000181731986231, 0.000305814464809, 0.000380059616873, 9.7858843219e-05, 0.000149302592035, 0.00014165500761, 0.000183110008948, 6.85630075168e-05, 8.52067460073e-05, 8.19735432742e-05, 0.000137289302074, 7.86189048085e-05, 8.21228532004e-05, 4.35212459706e-05, 3.38629470207e-05, 6.59101933707e-05, 4.54209839518e-05, 3.32164308929e-05, 3.53000614268e-05],
        "mean": [0.00473899068311, 0.00708823278546, 0.0012666026596, 0.000661230587866, 0.000643352221232, 0.000385920749977, 0.000219127119635, 0.000182538802619, 0.000156243200763, 0.000162446507602, 0.000127118386445, 0.00013845525973, 8.65939291543e-05, 7.28005979909e-05, 3.03204651573e-05, 5.2592728025e-05, 4.32739252574e-05, 3.41015220329e-05, 2.08914061659e-05, 6.7909122663e-06, 4.30445652455e-06, 4.09107042287e-06, 5.91909338254e-06, 7.16111981092e-06, 3.49067272509e-06, 2.42605892709e-06, 3.20332310366e-06, 4.67147901873e-06, 2.22103676606e-06, 1.38200755373e-06, 2.25615804084e-06, 2.36565506384e-06, 1.66433108006e-06, 1.49802906435e-06, 1.22457504403e-06, 9.70803057498e-07, 1.03422871689e-06, 9.56664962359e-07, 9.60888996815e-07, 8.66454968218e-07],
        "median": [0.00441599357873, 0.00503647187725, 0.000549336138647, 0.00025434003328, 0.000409876171034, 0.000265197682893, 7.44533899706e-05, 3.65484811482e-05, 1.58431685122e-05, 1.493529453e-05, 5.78166827836e-06, 2.3448437787e-06, 2.34139565691e-06, 1.52921461449e-06, 1.50810524246e-06, 1.30181172153e-06, 1.06108075215e-06, 9.59362068897e-07, 7.06395383077e-07, 4.93885522701e-07, 3.74759224542e-07, 4.16852657281e-07, 5.8708241113e-07, 5.17172281889e-07, 2.61535774371e-07, 2.15649052393e-07, 3.83739632071e-07, 4.81006622977e-07, 2.68807468728e-07, 1.96941712716e-07, 2.72703772453e-07, 2.99875267729e-07, 2.58197218272e-07, 1.69233089764e-07, 1.34129223284e-07, 1.00446840179e-07, 8.76757582091e-08, 8.22888992502e-08, 8.55197512806e-08, 7.42451007341e-08],
        "min": [7.19547810224e-10, 3.16429160652e-10, 2.83355117148e-09, 4.83798734408e-09, 5.99617600017e-09, 3.29973182112e-09, 6.04780625579e-09, 4.74697259278e-09, 2.85938694944e-09, 3.5355409711e-09, 6.17215889509e-10, 8.71311189865e-10, 6.32302543657e-10, 3.57248536309e-10, 6.68828603612e-10, 4.85765649927e-10, 5.65621438575e-10, 4.82572704019e-10, 2.27184160373e-10, 4.04403788234e-10, 3.0658689476e-10, 3.17481346768e-10, 6.66881272426e-10, 4.4621542572e-10, 3.7767125538e-10, 5.34731203761e-10, 6.19295503768e-10, 4.92460683343e-10, 3.89309695592e-10, 4.1457462463e-10, 5.17261733446e-10, 6.38463504288e-10, 4.80052442242e-10, 4.92604790292e-10, 5.4545218342e-10, 3.55794033124e-10, 2.99530344972e-10, 2.13783421521e-10, 2.35710756469e-10, 1.93679808302e-10],
        "var": [2.32278380281e-05, 5.40523869859e-05, 1.08276826722e-05, 1.79627500074e-06, 8.15909800167e-07, 3.12312437245e-07, 1.82035165608e-07, 1.49135544802e-07, 1.01213736059e-07, 1.32890775717e-07, 1.10661261488e-07, 1.81747907391e-07, 7.12675145564e-08, 6.15669861759e-08, 1.29108137514e-08, 4.84432476355e-08, 4.94724687883e-08, 1.23736692004e-08, 5.37416955382e-09, 5.47244916049e-10, 2.18453283241e-10, 2.14523121489e-10, 3.3039979086e-10, 5.16357623326e-10, 7.65270000147e-11, 5.65946317588e-11, 7.23455462204e-11, 1.46474429807e-10, 2.84794375582e-11, 1.52587959629e-11, 3.49200182659e-11, 4.05103069145e-11, 1.80081245055e-11, 1.58794730837e-11, 1.05395804931e-11, 6.4642345296e-12, 9.3110831545e-12, 6.54782174661e-12, 6.87961146384e-12, 5.90522856309e-12]
    },
    "mfcc": {
        "mean": [-732.901611328, 137.235534668, 51.3087692261, 35.4947967529, 9.04043960571, 12.0697755814, 4.08779764175, 3.71324491501, 4.2731385231, 4.36579275131, 6.43706989288, 1.10731470585, 0.661823987961],
        "cov": [[14137.375, -999.111633301, -2554.57983398, -1521.89086914, -1052.22106934, -121.572311401, 274.823486328, -19.709318161, -67.7186126709, 76.6569366455, 80.6732025146, -362.153900146, -253.469650269], [-999.111633301, 2209.51757812, 220.1171875, 174.245925903, 38.5280189514, 11.8493146896, 48.6722450256, 53.6686210632, -30.5516700745, -75.3754653931, 2.66035175323, -13.4734392166, 55.6291465759], [-2554.57983398, 220.1171875, 1782.62072754, 602.517333984, 442.295715332, 7.98090267181, -163.381347656, 3.37968659401, 75.6951141357, 11.3403224945, -21.914812088, 151.99671936, 86.0216674805], [-1521.89086914, 174.245925903, 602.517333984, 734.387939453, 481.730010986, 116.76473999, -51.5525970459, 28.4837093353, 66.6974563599, -10.4352197647, -41.2988891602, 86.7303695679, 39.1226081848], [-1052.22106934, 38.5280189514, 442.295715332, 481.730010986, 551.973999023, 185.5574646, -3.02954077721, 57.4739761353, 78.4756088257, -5.64435529709, -24.1384124756, 79.3033065796, 30.2046508789], [-121.572311401, 11.8493146896, 7.98090267181, 116.76473999, 185.5574646, 322.711395264, 229.54699707, 100.824310303, 36.3439750671, 26.4053668976, 24.3539714813, 19.2891178131, 27.297700882], [274.823486328, 48.6722450256, -163.381347656, -51.5525970459, -3.02954077721, 229.54699707, 355.935119629, 155.386611938, 31.048910141, 51.0744056702, 48.1651573181, 1.13307964802, 29.9912567139], [-19.709318161, 53.6686210632, 3.37968659401, 28.4837093353, 57.4739761353, 100.824310303, 155.386611938, 199.681228638, 114.497146606, 52.6640548706, 37.7448921204, 33.6377639771, 34.4602661133], [-67.7186126709, -30.5516700745, 75.6951141357, 66.6974563599, 78.4756088257, 36.3439750671, 31.048910141, 114.497146606, 189.03503418, 87.8306732178, 26.088634491, 30.881029129, 19.7405014038], [76.6569366455, -75.3754653931, 11.3403224945, -10.4352197647, -5.64435529709, 26.4053668976, 51.0744056702, 52.6640548706, 87.8306732178, 154.929672241, 75.8656234741, 14.923163414, 6.09351873398], [80.6732025146, 2.66035175323, -21.914812088, -41.2988891602, -24.1384124756, 24.3539714813, 48.1651573181, 37.7448921204, 26.088634491, 75.8656234741, 131.690765381, 41.9580574036, -1.85556650162], [-362.153900146, -13.4734392166, 151.99671936, 86.7303695679, 79.3033065796, 19.2891178131, 1.13307964802, 33.6377639771, 30.881029129, 14.923163414, 41.9580574036, 119.247062683, 51.5850257874], [-253.469650269, 55.6291465759, 86.0216674805, 39.1226081848, 30.2046508789, 27.297700882, 29.9912567139, 34.4602661133, 19.7405014038, 6.09351873398, -1.85556650162, 51.5850257874, 91.7239761353]],
