{
"lowlevel": {
    "average_loudness": 0.924791634083,
    "barkbands_crest": {
        "dmean": 2.21316623688,
        "dmean2": 3.64307975769,
        "dvar": 4.48614501953,
        "dvar2": 12.2685251236,
        "max": 22.3784980774,
        "mean": 8.75618171692,
        "median": 8.26026058197,
        "min": 2.31384301186,
        "var": 10.2515926361
    },
    "barkbands_flatness_db": {
        "dmean": 0.0215077698231,
        "dmean2": 0.0329974852502,
        "dvar": 0.000484661228256,
        "dvar2": 0.00102091929875,
        "max": 0.285861551762,
        "mean": 0.122132979333,
        "median": 0.122745648026,
        "min": 0.0157516021281,
        "var": 0.0021527451463
    },
    "barkbands_kurtosis": {
        "dmean": 2.66784977913,
        "dmean2": 4.28472280502,
        "dvar": 13.4309425354,
        "dvar2": 31.5245361328,
        "max": 56.4484024048,
        "mean": 4.43714284897,
        "median": 2.33780860901,
        "min": -1.89296734333,
        "var": 36.3862113953
    },
    "barkbands_skewness": {
        "dmean": 0.508167266846,
        "dmean2": 0.787350893021,
        "dvar": 0.263055175543,
        "dvar2": 0.570479869843,
        "max": 7.06267404556,
        "mean": 1.72027814388,
        "median": 1.58652734756,
        "min": -1.5942234993,
        "var": 1.19760000706
    },
    "barkbands_spread": {
        "dmean": 6.14063024521,
        "dmean2": 9.28756904602,
        "dvar": 56.6082305908,
        "dvar2": 115.264762878,
        "max": 98.3287582397,
        "mean": 21.9037208557,
        "median": 18.2007579803,
        "min": 2.73885083199,
        "var": 180.829956055
    },
    "dissonance": {
        "dmean": 0.0160264465958,
        "dmean2": 0.02637151815,
        "dvar": 0.000245780189289,
        "dvar2": 0.000647640845273,
        "max": 0.499999970198,
        "mean": 0.465161830187,
        "median": 0.47144344449,
        "min": 0.295339256525,
        "var": 0.000679047079757
    },
    "dynamic_complexity": 3.58375048637,
    "erbbands_crest": {
        "dmean": 2.06022500992,
        "dmean2": 3.16477918625,
        "dvar": 4.1323723793,
        "dvar2": 9.23250102997,
        "max": 24.491645813,
        "mean": 7.25085306168,
        "median": 6.27774381638,
        "min": 2.33961510658,
        "var": 12.4691534042
    },
    "erbbands_flatness_db": {
        "dmean": 0.0167137365788,
        "dmean2": 0.0225775185972,
        "dvar": 0.000296417856589,
        "dvar2": 0.000532219302841,
        "max": 0.320698291063,
        "mean": 0.14518584311,
        "median": 0.140095517039,
        "min": 0.0471754744649,
        "var": 0.00234888144769
    },
    "erbbands_kurtosis": {
        "dmean": 0.570243000984,
        "dmean2": 0.880677700043,
        "dvar": 0.540506243706,
        "dvar2": 1.12823522091,
        "max": 9.12427139282,
        "mean": -0.198355704546,
        "median": -0.529666423798,
        "min": -1.7031904459,
        "var": 1.49476718903
    },
    "erbbands_skewness": {
        "dmean": 0.307037383318,
        "dmean2": 0.460304498672,
        "dvar": 0.0764310285449,
        "dvar2": 0.168117165565,
        "max": 2.21880197525,
        "mean": 0.256446421146,
        "median": 0.291801482439,
        "min": -2.39618802071,
        "var": 0.291743606329
    },
    "erbbands_spread": {
        "dmean": 8.70183753967,
        "dmean2": 12.9826145172,
        "dvar": 78.3690338135,
        "dvar2": 177.576416016,
        "max": 114.364845276,
        "mean": 44.7443695068,
        "median": 43.5406036377,
        "min": 4.85570383072,
        "var": 300.608123779
    },
    "hfc": {
        "dmean": 9.41967964172,
        "dmean2": 13.5048284531,
        "dvar": 355.804626465,
        "dvar2": 761.930236816,
        "max": 208.727584839,
        "mean": 18.7465629578,
        "median": 9.72034358978,
        "min": 0.0542157255113,
        "var": 639.645141602
    },
    "melbands_crest": {
        "dmean": 2.914041996,
        "dmean2": 4.8375248909,
        "dvar": 7.00740194321,
        "dvar2": 18.2818374634,
        "max": 36.1823310852,
        "mean": 13.0881977081,
        "median": 12.4114398956,
        "min": 4.00643396378,
        "var": 20.7884120941
    },
    "melbands_flatness_db": {
        "dmean": 0.0271230880171,
        "dmean2": 0.0418138578534,
        "dvar": 0.000801858317573,
        "dvar2": 0.00171372119803,
        "max": 0.387913346291,
        "mean": 0.188358932734,
        "median": 0.189884513617,
        "min": 0.0296388380229,
        "var": 0.00353598152287
    },
    "melbands_kurtosis": {
        "dmean": 7.15950012207,
        "dmean2": 11.5682563782,
        "dvar": 103.770339966,
        "dvar2": 244.155349731,
        "max": 196.360687256,
        "mean": 15.1392993927,
        "median": 9.05682373047,
        "min": -1.68482482433,
        "var": 266.860534668
    },
    "melbands_skewness": {
        "dmean": 0.726297020912,
        "dmean2": 1.12284910679,
        "dvar": 0.576025485992,
        "dvar2": 1.31025767326,
        "max": 12.2572555542,
        "mean": 2.95065760612,
        "median": 2.65503668785,
        "min": -0.918478786945,
        "var": 2.45854616165
    },
    "melbands_spread": {
        "dmean": 7.13851928711,
        "dmean2": 11.0681819916,
        "dvar": 114.41394043,
        "dvar2": 230.793548584,
        "max": 174.719314575,
        "mean": 21.8769226074,
        "median": 17.4705200195,
        "min": 2.03994512558,
        "var": 318.478424072
    },
    "pitch_salience": {
        "dmean": 0.0662364512682,
        "dmean2": 0.108089290559,
        "dvar": 0.00338737363927,
        "dvar2": 0.00910635478795,
        "max": 0.873391628265,
        "mean": 0.616930425167,
        "median": 0.625020682812,
        "min": 0.125891163945,
        "var": 0.00873763021082
    },
    "silence_rate_20dB": {
        "dmean": 0,
        "dmean2": 0,
        "dvar": 0,
        "dvar2": 0,
        "max": 1,
        "mean": 1,
        "median": 1,
        "min": 1,
        "var": 0
    },
    "silence_rate_30dB": {
        "dmean": 0.0162538699806,
        "dmean2": 0.0325203239918,
        "dvar": 0.0159896072,
        "dvar2": 0.0469499230385,
        "max": 1,
        "mean": 0.991489350796,
        "median": 1,
        "min": 0,
        "var": 0.00843824725598
    },
    "silence_rate_60dB": {
        "dmean": 0.0383126921952,
        "dmean2": 0.0766550526023,
        "dvar": 0.0368425250053,
        "dvar2": 0.0769723430276,
        "max": 1,
        "mean": 0.133849129081,
        "median": 0,
        "min": 0,
        "var": 0.115931637585
    },
    "spectral_centroid": {
        "dmean": 290.390686035,
        "dmean2": 435.726043701,
        "dvar": 107067.804688,
        "dvar2": 221421.484375,
        "max": 4321.37060547,
        "mean": 1287.17541504,
        "median": 1157.18164062,
        "min": 296.877044678,
        "var": 400470.15625
    },
    "spectral_complexity": {
        "dmean": 5.03444290161,
        "dmean2": 7.31281471252,
        "dvar": 39.1392936707,
        "dvar2": 75.6982650757,
        "max": 62,
        "mean": 18.0487422943,
        "median": 15,
        "min": 0,
        "var": 127.631034851
    },
    "spectral_decrease": {
        "dmean": 2.91167023825e-09,
        "dmean2": 4.45461489917e-09,
        "dvar": 2.53558005815e-17,
        "dvar2": 5.77486946405e-17,
        "max": -9.04139350194e-12,
        "mean": -6.16742612536e-09,
        "median": -4.31218305508e-09,
        "min": -4.88169789037e-08,
        "var": 4.09454833348e-17
    },
    "spectral_energy": {
        "dmean": 0.0116957910359,
        "dmean2": 0.0178136266768,
        "dvar": 0.000408457533922,
        "dvar2": 0.000924261054024,
        "max": 0.190626531839,
        "mean": 0.0249776635319,
        "median": 0.0178137980402,
        "min": 4.66890851385e-05,
        "var": 0.00066243391484
    },
    "spectral_energyband_high": {
        "dmean": 0.000692958128639,
        "dmean2": 0.00101144856308,
        "dvar": 2.29377405958e-06,
        "dvar2": 4.08883715863e-06,
        "max": 0.0191425029188,
        "mean": 0.00109542347491,
        "median": 0.00029028908466,
        "min": 3.17341488199e-07,
        "var": 4.59466309621e-06
    },
    "spectral_energyband_low": {
        "dmean": 0.00624326290563,
        "dmean2": 0.00977470353246,
        "dvar": 0.000171338324435,
        "dvar2": 0.00040446544881,
        "max": 0.131795704365,
        "mean": 0.0102400649339,
        "median": 0.00443083792925,
        "min": 1.94757546979e-07,
        "var": 0.000257122184848
    },
    "spectral_energyband_middle_high": {
        "dmean": 0.00186661502812,
        "dmean2": 0.00278853881173,
        "dvar": 1.45538415381e-05,
        "dvar2": 3.40524420608e-05,
        "max": 0.0671584457159,
        "mean": 0.00412603328004,
        "median": 0.00178368284833,
        "min": 1.31926135509e-05,
        "var": 3.80384881282e-05
    },
    "spectral_energyband_middle_low": {
        "dmean": 0.00617821700871,
        "dmean2": 0.00998162198812,
        "dvar": 0.000122964411275,
        "dvar2": 0.000300193525618,
        "max": 0.0950379371643,
        "mean": 0.0112199438736,
        "median": 0.00780026800931,
        "min": 3.80472329198e-06,
        "var": 0.000152294276631
    },
    "spectral_entropy": {
        "dmean": 0.176891759038,
        "dmean2": 0.249458923936,
        "dvar": 0.0357014723122,
        "dvar2": 0.0712049379945,
        "max": 8.55251216888,
        "mean": 7.61593532562,
        "median": 7.61860466003,
        "min": 6.33017206192,
        "var": 0.157631129026
    },
    "spectral_flux": {
        "dmean": 0.0293762777001,
        "dmean2": 0.0440919324756,
        "dvar": 0.00157544377726,
        "dvar2": 0.00301321828738,
        "max": 0.40033519268,
        "mean": 0.077510073781,
        "median": 0.062218002975,
        "min": 0.00246803206392,
        "var": 0.00354360882193
    },
    "spectral_kurtosis": {
        "dmean": 1.3753336668,
        "dmean2": 2.28506493568,
        "dvar": 2.52556681633,
        "dvar2": 7.34638118744,
        "max": 21.0052146912,
        "mean": 3.51037526131,
        "median": 3.14894151688,
        "min": -1.00756776333,
        "var": 4.3898768425
    },
    "spectral_rms": {
        "dmean": 0.000993516296148,
        "dmean2": 0.00144866784103,
        "dvar": 1.77358197107e-06,
        "dvar2": 3.68629707737e-06,
        "max": 0.0136373424903,
        "mean": 0.00435576355085,
        "median": 0.00416885083541,
        "min": 0.000213425228139,
        "var": 5.39572420166e-06
    },
    "spectral_rolloff": {
        "dmean": 517.973022461,
        "dmean2": 839.003479004,
        "dvar": 697407.375,
        "dvar2": 1434363.5,
        "max": 8505.61523438,
        "mean": 1356.83251953,
        "median": 990.52734375,
        "min": 64.599609375,
        "var": 1715284
    },
    "spectral_skewness": {
        "dmean": 0.212203741074,
        "dmean2": 0.330600351095,
        "dvar": 0.04698747769,
        "dvar2": 0.11167435348,
        "max": 3.53868937492,
        "mean": 1.3866622448,
        "median": 1.38433611393,
        "min": 0.0818526223302,
        "var": 0.140548244119
    },
    "spectral_spread": {
        "dmean": 506643.375,
        "dmean2": 725629.8125,
        "dvar": 440839176192,
        "dvar2": 842308386816,
        "max": 17538018,
        "mean": 4628910,
        "median": 4476886.5,
        "min": 1859394.875,
        "var": 1.60018857984e+12
    },
    "spectral_strongpeak": {
        "dmean": 0.369860589504,
        "dmean2": 0.602320730686,
        "dvar": 0.518553435802,
        "dvar2": 1.06085920334,
        "max": 11.087272644,
        "mean": 0.660021543503,
        "median": 0.308027148247,
        "min": 0,
        "var": 1.2560133934
    },
    "zerocrossingrate": {
        "dmean": 0.0115280859172,
        "dmean2": 0.0133085465059,
        "dvar": 0.000173727545189,
        "dvar2": 0.000204375537578,
        "max": 0.29248046875,
        "mean": 0.0606569983065,
        "median": 0.0517578125,
        "min": 0.00634765625,
        "var": 0.00111846381333
    },
    "barkbands": {
        "dmean": [0.000242613255978, 0.00322311278433, 0.00301198358648, 0.00257705687545, 0.00280675943941, 0.00073841412086, 0.000572443939745, 0.000623576983344, 0.000445689540356, 0.0004019238404, 0.000287123635644, 0.000278334977338, 0.000305590190692, 0.000249359291047, 0.000327309011482, 0.000202187075047, 0.00025201117387, 0.000191988947336, 0.000187824407476, 0.000211123988265, 0.000179594484507, 0.000179779483005, 0.00012817242532, 7.46749065001e-05, 5.28593045601e-05, 3.35035583703e-05, 3.96464383812e-05],
        "dmean2": [0.000354569318006, 0.00533298961818, 0.00519453734159, 0.00437658512965, 0.00467593362555, 0.00109936005902, 0.000928859284613, 0.000918741978239, 0.000731543172151, 0.00059578823857, 0.000436725706095, 0.000445727491751, 0.000463762902655, 0.000391892244807, 0.000524250848684, 0.000325999164488, 0.000425650418038, 0.00030107179191, 0.00030824021087, 0.000334348005708, 0.000271382217761, 0.000266185961664, 0.000177162044565, 0.000109610955406, 7.71710110712e-05, 5.22993832419e-05, 6.35632313788e-05],
        "dvar": [2.91233391181e-07, 6.44809697405e-05, 5.40052569704e-05, 3.16964178637e-05, 3.06861002173e-05, 1.68016015323e-06, 1.44578518757e-06, 1.43839884004e-06, 1.65809728969e-06, 9.4878106438e-07, 8.07205537967e-07, 1.085965323e-06, 7.36610502372e-07, 6.13740610333e-07, 9.46566558468e-07, 2.86140561911e-07, 4.55161369928e-07, 1.50421655576e-07, 1.68475054352e-07, 1.92864433757e-07, 1.72822623767e-07, 1.9949244745e-07, 9.28627557073e-08, 4.17819485676e-08, 1.60764290769e-08, 7.79347164581e-09, 1.14530944728e-08],
        "dvar2": [6.77696846196e-07, 0.000175754292286, 0.000148301391164, 8.41061482788e-05, 7.86240925663e-05, 3.80799087907e-06, 3.5301193293e-06, 3.20229946738e-06, 4.119244295e-06, 1.87139050922e-06, 1.8200530576e-06, 2.79046685137e-06, 1.64260472957e-06, 1.2254010926e-06, 2.01177272174e-06, 7.17483658264e-07, 1.25141718854e-06, 3.49969752733e-07, 4.39134993258e-07, 4.56136149296e-07, 3.66848297517e-07, 3.69500668285e-07, 1.66288842252e-07, 9.0569983513e-08, 3.6053712904e-08, 1.88211739527e-08, 2.80488592352e-08],
        "max": [0.00853984989226, 0.098963662982, 0.0810083895922, 0.0678807124496, 0.0680384859443, 0.0191383194178, 0.0241442061961, 0.0163889992982, 0.0231577046216, 0.0204950738698, 0.0213180445135, 0.0337716601789, 0.0177896283567, 0.0210825204849, 0.0262329019606, 0.00931614823639, 0.0104354862124, 0.00860845297575, 0.00442297570407, 0.00435483688489, 0.00493314256892, 0.0104567185044, 0.00746099930257, 0.00465192226693, 0.00191951787565, 0.000727748789359, 0.000667280924972],
        "mean": [0.000565479451325, 0.00462014926597, 0.00355229433626, 0.0030427754391, 0.00389147410169, 0.00143614702392, 0.000781433831435, 0.00110766955186, 0.000627642031759, 0.000662708072923, 0.000498141045682, 0.00039586389903, 0.000525613198988, 0.000378382217605, 0.000492000079248, 0.000262824905803, 0.000341358914739, 0.000303050561342, 0.000256975006778, 0.000284493813524, 0.000250770477578, 0.000267533643637, 0.000189367696294, 0.000107781219413, 6.98981748428e-05, 3.33789612341e-05, 3.24509273923e-05],
        "median": [0.000189601880265, 0.00109192426316, 0.00118427630514, 0.00102816196159, 0.00196964899078, 0.000746490200981, 0.000357143813744, 0.00053125229897, 0.000147522485349, 0.000228009506827, 0.000200375710847, 0.000159370683832, 0.000127776962472, 0.000101547433587, 0.000146729726112, 8.13757069409e-05, 0.000143130368087, 0.000106943967694, 8.93764517969e-05, 7.04092090018e-05, 6.677685451e-05, 6.41299120616e-05, 4.01592260459e-05, 2.6010638976e-05, 1.20262729979e-05, 3.17723015542e-06, 9.99689788728e-08],
        "min": [2.17670798053e-10, 2.98309954516e-09, 2.1909569714e-09, 1.27981266473e-07, 1.00296870187e-06, 9.25879362512e-07, 5.533884746e-07, 4.82005361846e-07, 5.15584872574e-07, 2.98274699162e-07, 3.53809014086e-07, 4.4322629833e-07, 2.12141202383e-07, 5.19216989403e-08, 2.98990471492e-07, 2.28009398029e-07, 5.48996126781e-07, 5.32216233751e-07, 3.9809521013e-07, 1.43735690017e-07, 1.24031714677e-07, 4.83839741605e-08, 2.77089213796e-08, 9.97781501866e-09, 1.05243713744e-09, 1.59141883699e-11, 1.44561429494e-09],
        "var": [9.23111429074e-07, 7.74980726419e-05, 4.54288820038e-05, 2.91180222121e-05, 3.29873291776e-05, 3.61725255971e-06, 1.92834409063e-06, 3.10443283524e-06, 2.71429507848e-06, 2.77659546555e-06, 1.94704557543e-06, 1.51166875639e-06, 2.21634695663e-06, 1.65658775586e-06, 1.90271703104e-06, 3.79029643227e-07, 4.23174640218e-07, 2.84927949679e-07, 1.99924471644e-07, 2.74756899898e-07, 2.66332591536e-07, 4.13103066421e-07, 2.15401897208e-07, 6.11574861864e-08, 2.31676740015e-08, 7.73013386635e-09, 1.02238431055e-08]
    },
    "erbbands": {
        "dmean": [0.111156247556, 0.684083044529, 2.76238775253, 6.71589231491, 10.4037075043, 8.51875495911, 6.6050620079, 6.48211860657, 8.53015422821, 8.97894763947, 13.2992935181, 11.6159524918, 13.1681785583, 8.83632946014, 11.5426111221, 12.117401123, 14.1561355591, 11.5586538315, 17.5883235931, 11.6660795212, 11.0922212601, 12.5166845322, 10.4136705399, 10.3883275986, 9.06755924225, 9.53445911407, 7.75905942917, 7.00895309448, 6.50506496429, 4.99546861649, 3.45806527138, 1.87625849247, 1.12592589855, 0.700829982758, 0.338709324598, 0.141912922263, 0.0600641928613, 0.0268129277974, 0.00663902796805, 0.000458967668237],
        "dmean2": [0.181248486042, 1.13281714916, 4.69121456146, 11.3391742706, 17.9606266022, 14.0735635757, 10.089261055, 9.97912025452, 13.3623514175, 14.3396081924, 19.1309776306, 18.7357368469, 20.011302948, 13.340174675, 17.1653232574, 18.8430900574, 21.7357234955, 17.8215675354, 27.4571800232, 18.6071281433, 18.1073436737, 20.9859199524, 16.2976398468, 16.7627372742, 14.6539268494, 15.0925884247, 12.1214513779, 10.4694023132, 9.77725410461, 7.09833431244, 4.81122541428, 2.78617572784, 1.66411805153, 1.03362643719, 0.493277579546, 0.213785618544, 0.0955370888114, 0.042886544019, 0.0106161013246, 0.000746910460293],
        "dvar": [0.0918484926224, 2.6198489666, 41.8035049438, 269.771362305, 360.584014893, 407.000823975, 139.472610474, 170.886520386, 294.771148682, 353.936187744, 572.955322266, 969.751281738, 1109.54541016, 507.671295166, 1611.04162598, 1270.80224609, 1539.73083496, 995.615112305, 2999.05664062, 894.809814453, 834.337585449, 1269.43395996, 485.729919434, 476.466094971, 433.938751221, 397.284088135, 270.268951416, 293.045166016, 298.646331787, 135.825912476, 69.2086868286, 31.8872509003, 8.044880867, 3.00516271591, 0.627142727375, 0.120590224862, 0.0265455599874, 0.00544074177742, 0.00032531603938, 1.52143275045e-06],
        "dvar2": [0.25813293457, 6.82649946213, 113.220870972, 724.666503906, 955.877197266, 1023.94726562, 324.452850342, 414.107391357, 713.925415039, 844.320922852, 1168.84228516, 2309.29663086, 2345.03027344, 1034.85412598, 3188.65063477, 2913.00244141, 3614.97802734, 1957.77075195, 6171.19091797, 1972.98083496, 2100.34619141, 3446.67944336, 1141.45397949, 1193.90979004, 1128.79492188, 918.956054688, 589.738098145, 587.192382812, 585.08404541, 221.842453003, 128.583206177, 69.4222106934, 17.0484600067, 6.7335062027, 1.40045773983, 0.272231847048, 0.0658736824989, 0.0132950441912, 0.000803808798082, 3.81001905225e-06],
        "max": [3.45477581024, 20.0920963287, 78.7777023315, 210.113677979, 176.386230469, 277.527526855, 250.247467041, 232.972229004, 354.045196533, 306.83203125, 392.840667725, 489.69720459, 800.676574707, 752.612731934, 1100.27526855, 1047.42016602, 800.598083496, 850.051940918, 1712.75744629, 713.985900879, 417.912414551, 588.288330078, 437.550384521, 264.056945801, 242.492050171, 226.974273682, 181.450256348, 241.058120728, 437.93637085, 264.905181885, 171.840896606, 145.480026245, 60.5241737366, 34.6638183594, 9.17245483398, 3.17990016937, 1.31381464005, 0.502940118313, 0.117859892547, 0.00850979238749],
        "mean": [0.173169404268, 0.891157090664, 3.47788143158, 8.18254089355, 13.1035966873, 11.104139328, 11.4869003296, 11.3911542892, 13.2408075333, 13.2061452866, 24.0925750732, 17.9364414215, 20.9505310059, 16.2361125946, 21.3103713989, 19.5782928467, 24.9989109039, 19.5207920074, 28.9829845428, 17.5791702271, 15.9748878479, 17.1786594391, 17.1893253326, 15.1851291656, 12.3131113052, 13.3371725082, 10.7401275635, 10.1460800171, 9.5837020874, 7.51795959473, 5.0238366127, 2.78896474838, 1.6103951931, 0.923836529255, 0.432667016983, 0.161856546998, 0.0572753846645, 0.0223930086941, 0.0054820869118, 0.000388589367503],
        "median": [0.0277820564806, 0.264921426773, 1.34488725662, 2.41982865334, 6.48318481445, 4.71494293213, 5.03419828415, 5.16514444351, 6.50702190399, 5.27661895752, 12.316485405, 5.33454036713, 7.29202985764, 6.32633638382, 7.98276329041, 7.88352012634, 6.77974319458, 6.38048219681, 6.70382928848, 6.82420396805, 6.29244995117, 6.46812486649, 6.22296619415, 5.39246320724, 4.05900716782, 3.55468058586, 2.72446489334, 2.59908366203, 2.30671215057, 1.63692176342, 1.10197508335, 0.71751755476, 0.373730033636, 0.158377230167, 0.0716155171394, 0.0218451470137, 0.00474915420637, 0.000555596023332, 3.11384501401e-05, 2.75809525192e-05],
        "min": [3.20335033166e-07, 4.56969019069e-06, 3.00132833218e-05, 0.000450651132269, 0.00156984722707, 0.00367613043636, 0.00647530006245, 0.00784440711141, 0.0080856597051, 0.00786180142313, 0.0117256622761, 0.0125530809164, 0.0101516591385, 0.0101098231971, 0.0177593361586, 0.0157740656286, 0.0116093400866, 0.0169624574482, 0.0105321854353, 0.0268746353686, 0.0202224906534, 0.0291577558964, 0.0242366790771, 0.0286120083183, 0.0120986253023, 0.0074228909798, 0.00676879426464, 0.00436263578013, 0.00169095641468, 0.00120861327741, 0.000606862537097, 0.000272480741842, 0.000130134998471, 2.10119469557e-05, 2.96252528642e-06, 4.73631502018e-07, 4.38366242861e-07, 1.00655802271e-06, 1.47424444208e-07, 8.7496523804e-08],
        "var": [0.132619708776, 2.82776522636, 38.2545890808, 235.826324463, 354.103240967, 412.775238037, 289.092834473, 315.505554199, 468.041778564, 587.562194824, 1296.10327148, 1818.06359863, 2502.99633789, 1822.09619141, 4380.12011719, 2677.97729492, 4463.31835938, 2799.82714844, 8363.78320312, 1763.87731934, 952.444396973, 1191.0480957, 948.581054688, 660.432434082, 501.96862793, 599.566162109, 425.52355957, 485.626068115, 561.11517334, 345.15625, 149.985092163, 46.2920684814, 12.2024021149, 4.27876377106, 0.881913542747, 0.142719402909, 0.0248859934509, 0.00483837770298, 0.00028958247276, 1.31391561808e-06]
    },
    "gfcc": {
        "mean": [-14.0666208267, 93.571647644, -122.875679016, 35.0512657166, -64.6737518311, 8.39340019226, -37.1201705933, -1.54603421688, -22.0124206543, -6.12417459488, -15.6126194, -4.6215004921, -11.7690315247],
        "cov": [[7955.6875, -1994.45007324, 1825.87731934, 512.513244629, 696.563781738, 694.621826172, 188.340927124, 598.747802734, -110.439498901, 600.800415039, -249.775375366, 247.967422485, -86.052772522], [-1994.45007324, 1286.74609375, -409.748199463, 21.123872757, -20.2151966095, -61.657875061, 51.8630027771, -107.024009705, 41.1455841064, -183.95111084, 77.8689498901, -123.44380188, 48.8680267334], [1825.87731934, -409.748199463, 1224.28674316, 270.810638428, 431.809997559, 385.960357666, 195.92880249, 269.976623535, -23.3012008667, 222.996582031, -125.663002014, 90.7408599854, -61.5778388977], [512.513244629, 21.123872757, 270.810638428, 370.140441895, 123.477432251, 159.445007324, 59.5895729065, 95.3374481201, 35.7840385437, 54.9155082703, -6.79601097107, 14.6262140274, 16.4742565155], [696.563781738, -20.2151966095, 431.809997559, 123.477432251, 350.687225342, 161.076293945, 136.842651367, 116.366012573, 1.38158416748, 77.0707168579, -36.8778152466, 18.8478927612, -21.54936409], [694.621826172, -61.657875061, 385.960357666, 159.445007324, 161.076293945, 346.912017822, 118.067337036, 145.277099609, -17.3325519562, 115.124984741, -25.4642715454, 43.8853797913, -9.23620510101], [188.340927124, 51.8630027771, 195.92880249, 59.5895729065, 136.842651367, 118.067337036, 179.438339233, 51.2749252319, 19.1652908325, 23.4456214905, 11.7266731262, 0.382440537214, -6.88790035248], [598.747802734, -107.024009705, 269.976623535, 95.3374481201, 116.366012573, 145.277099609, 51.2749252319, 180.648361206, 6.82693004608, 113.338867188, -32.0265274048, 51.4672317505, -0.469837069511], [-110.439498901, 41.1455841064, -23.3012008667, 35.7840385437, 1.38158416748, -17.3325519562, 19.1652908325, 6.82693004608, 93.1261138916, -8.35454750061, 29.7379512787, -16.5769023895, 17.4683265686], [600.800415039, -183.95111084, 222.996582031, 54.9155082703, 77.0707168579, 115.124984741, 23.4456214905, 113.338867188, -8.35454750061, 155.624053955, -7.78370952606, 61.1718330383, 2.46278715134], [-249.775375366, 77.8689498901, -125.663002014, -6.79601097107, -36.8778152466, -25.4642715454, 11.7266731262, -32.0265274048, 29.7379512787, -7.78370952606, 88.8587036133, 9.81449127197, 25.9829540253], [247.967422485, -123.44380188, 90.7408599854, 14.6262140274, 18.8478927612, 43.8853797913, 0.382440537214, 51.4672317505, -16.5769023895, 61.1718330383, 9.81449127197, 93.3079528809, 17.4794311523], [-86.052772522, 48.8680267334, -61.5778388977, 16.4742565155, -21.54936409, -9.23620510101, -6.88790035248, -0.469837069511, 17.4683265686, 2.46278715134, 25.9829540253, 17.4794311523, 62.1102867126]],
        "icov": [[0.000349944224581, 0.000475738575915, -9.35732750804e-05, -0.000219407185796, -0.000329623289872, -0.000104054386611, 5.97254329477e-05, -0.000302001659293, 0.000343696039636, -0.000249786156928, 3.03888064082e-05, 0.000376014126232, -0.000254831917118], [0.000475738575915, 0.00188391027041, 0.00027549272636, -0.000469941500342, -0.000914395786822, -0.000427454593591, -0.000162534459378, -0.000955367053393, 0.000936935073696, 0.000968612497672, -0.000835287559312, 0.00180871132761, -0.00129291706253], [-9.35732750804e-05, 0.00027549272636, 0.00268402392976, -0.000618835212663, -0.00158920511603, -0.000818551925477, -0.000911798095331, 0.000124367463286, -0.000575191574171, -0.000951595895458, 0.00239441310987, -0.00122275983449, 0.00124742672779], [-0.000219407185796, -0.000469941500342, -0.000618835212663, 0.00419291993603, -0.000182942370884, -0.00134451501071, 0.000888600479811, -0.000543176312931, -0.00165664847009, 0.00081481289817, -0.000580361520406, 0.000337430217769, -0.00124743906781], [-0.000329623289872, -0.000914395786822, -0.00158920511603, -0.000182942370884, 0.00669661024585, 0.000709471933078, -0.00292275170796, -0.000777385255788, 9.65908475337e-05, -0.000301018764731, 0.000457797490526, 4.59733964817e-05, 0.000614921213128], [-0.000104054386611, -0.000427454593591, -0.000818551925477, -0.00134451501071, 0.000709471933078, 0.00669906893745, -0.0027491976507, -0.00213642860763, 0.00229203165509, -0.0017619227292, -0.000367190688848, 0.000179322567419, 0.000186927369214], [5.97254329477e-05, -0.000162534459378, -0.000911798095331, 0.000888600479811, -0.00292275170796, -0.0027491976507, 0.0106769185513, -0.000814362603705, -0.00133336614817, 0.00222437502816, -0.00427394965664, 0.0013176354114, 0.000529893906787], [-0.000302001659293, -0.000955367053393, 0.000124367463286, -0.000543176312931, -0.000777385255788, -0.00213642860763, -0.000814362603705, 0.0158880054951, -0.00468922266737, -0.0075100325048, 0.00635900814086, -0.00473624607548, 0.000332407886162], [0.000343696039636, 0.000936935073696, -0.000575191574171, -0.00165664847009, 9.65908475337e-05, 0.00229203165509, -0.00133336614817, -0.00468922266737, 0.0162575133145, 0.00127637700643, -0.00649704737589, 0.0060901013203, -0.00381977460347], [-0.000249786156928, 0.000968612497672, -0.000951595895458, 0.00081481289817, -0.000301018764731, -0.0017619227292, 0.00222437502816, -0.0075100325048, 0.00127637700643, 0.0170205961913, -0.00491396756843, -0.00251530623063, -0.000714629539289], [3.03888064082e-05, -0.000835287559312, 0.00239441310987, -0.000580361520406, 0.000457797490526, -0.000367190688848, -0.00427394965664, 0.00635900814086, -0.00649704737589, -0.00491396756843, 0.0214691665024, -0.00661335280165, -0.00219254242256], [0.000376014126232, 0.00180871132761, -0.00122275983449, 0.000337430217769, 4.59733964817e-05, 0.000179322567419, 0.0013176354114, -0.00473624607548, 0.0060901013203, -0.00251530623063, -0.00661335280165, 0.0204323437065, -0.00664765900001], [-0.000254831917118, -0.00129291706253, 0.00124742672779, -0.00124743906781, 0.000614921213128, 0.000186927369214, 0.000529893906787, 0.000332407886162, -0.00381977460347, -0.000714629539289, -0.00219254242256, -0.00664765900001, 0.0225252956152]]
    },
    "melbands": {
        "dmean": [0.000925269676372, 0.00118424114771, 0.00123089400586, 0.000691209570505, 0.000247120507993, 0.000144071658724, 0.000126778933918, 0.000104534643469, 0.00010452909919, 7.20416283002e-05, 6.64193576085e-05, 3.64546394849e-05, 3.98117663281e-05, 3.28138921759e-05, 3.06537294819e-05, 2.89742820314e-05, 2.28682674788e-05, 2.89344570774e-05, 1.90112859855e-05, 1.54310928338e-05, 1.40328284033e-05, 1.50182413563e-05, 1.02929934656e-05, 9.73714486463e-06, 8.97829522728e-06, 6.63481932861e-06, 7.5175148595e-06, 6.33600802757e-06, 5.25585346622e-06, 4.16285183746e-06, 4.49710341854e-06, 3.87026375392e-06, 3.4102617974e-06, 2.72008901447e-06, 2.05728156288e-06, 1.65335075053e-06, 1.00792374269e-06, 8.23789889637e-07, 6.53425900055e-07, 6.00225405378e-07],
        "dmean2": [0.00152665539645, 0.00191933824681, 0.00207427330315, 0.00116621283814, 0.000381056393962, 0.000218119908823, 0.000199217276531, 0.000166062935023, 0.00014866492711, 0.000117571209557, 0.000100425764685, 5.52424062334e-05, 6.07437905273e-05, 5.18154920428e-05, 4.82985960844e-05, 4.4622218411e-05, 3.56524287781e-05, 4.45558398496e-05, 3.10545037792e-05, 2.47570715146e-05, 2.30104506045e-05, 2.56175826507e-05, 1.66036024893e-05, 1.5210811398e-05, 1.46860811583e-05, 1.08994927359e-05, 1.22114352052e-05, 1.00311008282e-05, 8.3102249846e-06, 6.48517652735e-06, 6.78433343637e-06, 5.95927258473e-06, 5.07845152242e-06, 3.89557408198e-06, 2.89491549665e-06, 2.46087051892e-06, 1.52911684381e-06, 1.23628524307e-06, 9.7085296602e-07, 9.05394813344e-07],
        "dvar": [5.96345353188e-06, 6.81633036947e-06, 7.32752369004e-06, 1.94007839127e-06, 2.2537994937e-07, 7.41802494986e-08, 6.59284609128e-08, 5.06713000448e-08, 3.81775642211e-08, 4.03305229213e-08, 2.83094383491e-08, 9.02570107542e-09, 1.57827990677e-08, 1.96725906676e-08, 8.43914538251e-09, 4.97910335184e-09, 4.71520644751e-09, 8.42336511653e-09, 2.72906830467e-09, 1.67269342821e-09, 1.3351805217e-09, 2.04543715299e-09, 4.46208597848e-10, 4.49159348603e-10, 3.60000501631e-10, 2.90443419315e-10, 2.85620221918e-10, 1.77864681317e-10, 1.25056201505e-10, 9.73731512088e-11, 1.31368971257e-10, 1.04623885944e-10, 7.8726254682e-11, 4.35036798252e-11, 2.55081979844e-11, 1.88820868663e-11, 9.57534572466e-12, 4.19612044764e-12, 2.53077875496e-12, 2.2990429005e-12],
        "dvar2": [1.66548561538e-05, 1.73870521394e-05, 1.95134016394e-05, 5.03805404151e-06, 5.2156417496e-07, 1.75390994173e-07, 1.59828530855e-07, 1.2028583285e-07, 7.81640565606e-08, 9.81857866122e-08, 5.98859060119e-08, 1.76354877368e-08, 3.31981375723e-08, 5.07078183887e-08, 2.02640144664e-08, 1.11854943086e-08, 9.17191655958e-09, 1.69282436957e-08, 6.85401113643e-09, 3.84933773745e-09, 3.37942385187e-09, 5.68784930266e-09, 1.09555109429e-09, 9.67286140074e-10, 9.11777431334e-10, 7.76622655074e-10, 7.33223037841e-10, 4.08647893302e-10, 2.8761487636e-10, 2.18506407412e-10, 2.66331817711e-10, 2.13533551952e-10, 1.47192202871e-10, 7.67360272547e-11, 4.77973043089e-11, 3.90944811246e-11, 2.18016767833e-11, 9.05366753789e-12, 5.41842742549e-12, 5.33795837393e-12],
        "max": [0.0286688543856, 0.0319643802941, 0.0314830392599, 0.0162776019424, 0.01085928455, 0.00461462093517, 0.00548708345741, 0.00364249455743, 0.00404968392104, 0.00367393693887, 0.0039596343413, 0.00334765319712, 0.00285698240623, 0.00467805936933, 0.00202393881045, 0.00163727533072, 0.0019282331923, 0.00293744285591, 0.00119207112584, 0.000970435736235, 0.000517842650879, 0.000741948722862, 0.0003684721014, 0.000698242569342, 0.000250432785833, 0.000242067719228, 0.000208565194043, 0.000186610908713, 0.000141433731187, 0.000132765300805, 0.00018289370928, 0.000231695375987, 0.000230818463024, 0.000180116039701, 0.000118968579045, 8.24861272122e-05, 8.14141531009e-05, 4.4411237468e-05, 3.12877382385e-05, 2.90504631266e-05],
        "mean": [0.00136541726533, 0.00162255368195, 0.00158214697149, 0.000888759328518, 0.000416613736888, 0.000264728267211, 0.000193085332285, 0.000157916016178, 0.000185450582649, 0.00010614029452, 0.000103042490082, 6.35603937553e-05, 7.02329489286e-05, 5.02922448504e-05, 5.39400134585e-05, 4.72498431918e-05, 3.51343478542e-05, 4.72408428323e-05, 2.74957401416e-05, 2.11106489587e-05, 1.88842259377e-05, 1.9032306227e-05, 1.49639245137e-05, 1.56863352458e-05, 1.21389757624e-05, 8.43063389766e-06, 9.3327189461e-06, 8.67102789925e-06, 7.04881722413e-06, 5.58166857445e-06, 6.16928809904e-06, 5.50418371859e-06, 4.89804187964e-06, 3.89463411921e-06, 2.9143645861e-06, 2.41448037741e-06, 1.42287092331e-06, 1.16421460916e-06, 8.90089324912e-07, 7.50793958559e-07],
        "median": [0.000299242092296, 0.000675111659802, 0.00060020777164, 0.000444406585302, 0.000183770986041, 0.000128431041958, 9.34681884246e-05, 6.0956881498e-05, 9.32133189053e-05, 2.65017333732e-05, 3.45223743352e-05, 2.31472276937e-05, 2.75125275948e-05, 1.95504289877e-05, 1.516240809e-05, 1.48203453136e-05, 1.05248691398e-05, 9.59221051744e-06, 9.81934954325e-06, 7.29811836209e-06, 7.84935855336e-06, 7.27025462766e-06, 5.33381808054e-06, 5.46997489437e-06, 4.01672514272e-06, 2.64477830569e-06, 2.53805865214e-06, 2.20735614676e-06, 1.61352488703e-06, 1.51899530465e-06, 1.47214575463e-06, 1.29223599288e-06, 1.07223047507e-06, 7.90806893747e-07, 5.83460405323e-07, 5.98519193318e-07, 3.51398369958e-07, 2.85045928194e-07, 1.67830975784e-07, 1.13109500433e-07],
        "min": [4.6305390633e-09, 1.42829004179e-09, 1.04262909417e-07, 1.86698713378e-07, 9.00537386883e-08, 1.76441304234e-07, 1.20296334671e-07, 8.82285533521e-08, 9.32170820533e-08, 7.7794226172e-08, 4.97494667684e-08, 3.91677978939e-08, 5.59782868947e-08, 5.26379331234e-08, 2.64252264515e-08, 2.8585539269e-08, 1.60494124657e-08, 1.22126371238e-08, 2.38686830301e-08, 2.79838339168e-08, 2.46794282788e-08, 2.67687436661e-08, 1.3116782327e-08, 2.73477560597e-08, 2.42036080067e-08, 8.28761326233e-09, 4.31932400957e-09, 4.88228790729e-09, 3.80877418493e-09, 2.6764233052e-09, 1.89338966727e-09, 8.01636645953e-10, 5.67437652421e-10, 4.82247075606e-10, 3.02006392117e-10, 2.10530107236e-10, 1.36723132815e-10, 1.07593101095e-10, 3.35503430593e-11, 9.00936009823e-12],
        "var": [7.47095646147e-06, 7.47960257286e-06, 6.74956436342e-06, 1.85090630112e-06, 4.25750613431e-07, 1.45744664337e-07, 1.00326552399e-07, 9.09115698278e-08, 8.22860002359e-08, 7.39654879567e-08, 6.36215773397e-08, 3.41666144266e-08, 3.90292278496e-08, 2.4585936842e-08, 2.64876440781e-08, 1.1795444621e-08, 1.30826984801e-08, 2.57009826754e-08, 3.83163722972e-09, 2.86282131334e-09, 1.4053159747e-09, 1.6976885453e-09, 7.09322600656e-10, 9.34511912298e-10, 4.72541061836e-10, 2.9426860948e-10, 3.34512445521e-10, 2.63501720443e-10, 2.03324163062e-10, 1.37753017326e-10, 2.0628555808e-10, 1.84185389163e-10, 1.62448859919e-10, 1.02146006931e-10, 5.46231601617e-11, 3.29409104161e-11, 1.23527715834e-11, 6.19093621854e-12, 3.86083786469e-12, 3.02982226981e-12]
    },
    "mfcc": {
        "mean": [-651.420593262, 117.062705994, -0.709260225296, 23.4008159637, -2.65127921104, 6.09692573547, -6.5818271637, 2.70401287079, -5.15563011169, -2.21272945404, -4.18125295639, -1.7381144762, -3.94309425354],
        "cov": [[6557.23242188, -1307.43371582, 777.406738281, 348.30380249, 454.381469727, 435.199493408, 339.368988037, 160.689208984, 305.19229126, 235.63470459, 257.13192749, 46.8502426147, -1.90183675289], [-1307.43371582, 873.010925293, -146.639541626, -0.989241361618, -4.88445329666, -5.37969589233, 54.1582870483, 32.2226104736, -10.7446231842, -4.20929670334, -27.212146759, -6.35523891449, -19.6676979065], [777.406738281, -146.639541626, 614.581542969, 150.817260742, 215.005325317, 222.885787964, 189.54359436, 115.133430481, 156.864013672, 102.161026001, 84.2878265381, 37.7420310974, 46.3075447083], [348.30380249, -0.989241361618, 150.817260742, 259.61315918, 127.206596375, 77.875617981, 63.8016624451, 53.0654525757, 71.7769241333, 43.0719337463, 24.8128261566, 20.7539749146, 21.1241588593], [454.381469727, -4.88445329666, 215.005325317, 127.206596375, 232.202804565, 120.157859802, 111.404556274, 65.2474060059, 102.862945557, 62.1994895935, 51.298034668, 14.7049703598, 22.3867740631], [435.199493408, -5.37969589233, 222.885787964, 77.875617981, 120.157859802, 218.396987915, 158.396316528, 87.5225372314, 75.4728012085, 66.1543731689, 52.446182251, 19.623960495, 13.2568159103], [339.368988037, 54.1582870483, 189.54359436, 63.8016624451, 111.404556274, 158.396316528, 216.787460327, 85.756439209, 81.8220443726, 66.1060180664, 63.2506332397, 14.8294754028, 20.0611000061], [160.689208984, 32.2226104736, 115.133430481, 53.0654525757, 65.2474060059, 87.5225372314, 85.756439209, 112.327651978, 55.4420051575, 39.7473220825, 30.9894542694, 13.5611391068, 14.6172437668], [305.19229126, -10.7446231842, 156.864013672, 71.7769241333, 102.862945557, 75.4728012085, 81.8220443726, 55.4420051575, 123.088661194, 61.3741836548, 37.6595840454, 12.6624212265, 17.4519119263], [235.63470459, -4.20929670334, 102.161026001, 43.0719337463, 62.1994895935, 66.1543731689, 66.1060180664, 39.7473220825, 61.3741836548, 100.831230164, 47.2293663025, 5.58768033981, 2.63445448875], [257.13192749, -27.212146759, 84.2878265381, 24.8128261566, 51.298034668, 52.446182251, 63.2506332397, 30.9894542694, 37.6595840454, 47.2293663025, 80.102897644, 19.1657104492, 7.54202222824], [46.8502426147, -6.35523891449, 37.7420310974, 20.7539749146, 14.7049703598, 19.623960495, 14.8294754028, 13.5611391068, 12.6624212265, 5.58768033981, 19.1657104492, 59.419593811, 22.1442737579], [-1.90183675289, -19.6676979065, 46.3075447083, 21.1241588593, 22.3867740631, 13.2568159103, 20.0611000061, 14.6172437668, 17.4519119263, 2.63445448875, 7.54202222824, 22.1442737579, 66.5605010986]],
