{
"lowlevel": {
    "average_loudness": 0.955864965916,
    "barkbands_crest": {
        "dmean": 3.22518610954,
        "dmean2": 5.15639162064,
        "dvar": 10.1280927658,
        "dvar2": 23.9498558044,
        "max": 26.8226604462,
        "mean": 10.4848918915,
        "median": 9.52955532074,
        "min": 2.40348863602,
        "var": 22.3804264069
    },
    "barkbands_flatness_db": {
        "dmean": 0.0323705784976,
        "dmean2": 0.0491425693035,
        "dvar": 0.00139508931898,
        "dvar2": 0.00266201747581,
        "max": 0.616808950901,
        "mean": 0.133872717619,
        "median": 0.121669657528,
        "min": 0.0358503833413,
        "var": 0.00377858593129
    },
    "barkbands_kurtosis": {
        "dmean": 12.5741319656,
        "dmean2": 18.3468437195,
        "dvar": 69039.4453125,
        "dvar2": 162050.65625,
        "max": 9936.35839844,
        "mean": 9.49586105347,
        "median": 1.05087089539,
        "min": -1.88784086704,
        "var": 38745.5039062
    },
    "barkbands_skewness": {
        "dmean": 0.89296400547,
        "dmean2": 1.31840932369,
        "dvar": 5.24068832397,
        "dvar2": 10.340177536,
        "max": 90.9017486572,
        "mean": 1.5553123951,
        "median": 1.17960786819,
        "min": -3.03170347214,
        "var": 5.69445562363
    },
    "barkbands_spread": {
        "dmean": 8.66639518738,
        "dmean2": 13.8591909409,
        "dvar": 92.2244110107,
        "dvar2": 216.504501343,
        "max": 133.678390503,
        "mean": 23.3908538818,
        "median": 21.1652011871,
        "min": 0.044645588845,
        "var": 188.741760254
    },
    "dissonance": {
        "dmean": 0.0200248863548,
        "dmean2": 0.0334655232728,
        "dvar": 0.000436603382695,
        "dvar2": 0.00113468815107,
        "max": 0.499988555908,
        "mean": 0.467731922865,
        "median": 0.475574225187,
        "min": 0.260916054249,
        "var": 0.000814960338175
    },
    "dynamic_complexity": 3.28131961823,
    "erbbands_crest": {
        "dmean": 3.49169993401,
        "dmean2": 5.85281038284,
        "dvar": 10.3781528473,
        "dvar2": 26.3858890533,
        "max": 28.7801437378,
        "mean": 9.02388381958,
        "median": 8.02227783203,
        "min": 2.12831759453,
        "var": 17.392578125
    },
    "erbbands_flatness_db": {
        "dmean": 0.0231559555978,
        "dmean2": 0.0364999994636,
        "dvar": 0.000503925140947,
        "dvar2": 0.0011623648461,
        "max": 0.352230668068,
        "mean": 0.165150463581,
        "median": 0.159377112985,
        "min": 0.0401754565537,
        "var": 0.0017782462528
    },
    "erbbands_kurtosis": {
        "dmean": 1.31737864017,
        "dmean2": 2.15111064911,
        "dvar": 7.76672649384,
        "dvar2": 18.7506122589,
        "max": 73.8621749878,
        "mean": 0.443989276886,
        "median": -0.166996240616,
        "min": -1.73641765118,
        "var": 8.17292022705
    },
    "erbbands_skewness": {
        "dmean": 0.521431446075,
        "dmean2": 0.816658496857,
        "dvar": 0.300594091415,
        "dvar2": 0.681100904942,
        "max": 6.90647315979,
        "mean": 0.255082428455,
        "median": 0.218409895897,
        "min": -2.55694174767,
        "var": 0.614934146404
    },
    "erbbands_spread": {
        "dmean": 10.4804363251,
        "dmean2": 16.7677345276,
        "dvar": 135.682159424,
        "dvar2": 340.488616943,
        "max": 179.612945557,
        "mean": 34.6697692871,
        "median": 32.4627571106,
        "min": 2.9411919117,
        "var": 233.594146729
    },
    "hfc": {
        "dmean": 11.6189756393,
        "dmean2": 17.1853637695,
        "dvar": 255.741729736,
        "dvar2": 565.165527344,
        "max": 202.362594604,
        "mean": 18.2567539215,
        "median": 11.5274438858,
        "min": 5.79830214065e-07,
        "var": 390.357147217
    },
    "melbands_crest": {
        "dmean": 4.5604057312,
        "dmean2": 7.00307750702,
        "dvar": 20.0710086823,
        "dvar2": 41.7441940308,
        "max": 39.9546203613,
        "mean": 17.7094287872,
        "median": 16.4376296997,
        "min": 2.65606951714,
        "var": 67.2328414917
    },
    "melbands_flatness_db": {
        "dmean": 0.0420626476407,
        "dmean2": 0.0620327778161,
        "dvar": 0.00213440740481,
        "dvar2": 0.00419212970883,
        "max": 0.708858907223,
        "mean": 0.190443217754,
        "median": 0.178550720215,
        "min": 0.0195581037551,
        "var": 0.00618103006855
    },
    "melbands_kurtosis": {
        "dmean": 22.8629512787,
        "dmean2": 33.4693412781,
        "dvar": 171776.8125,
        "dvar2": 402782.6875,
        "max": 15647.625,
        "mean": 21.0082931519,
        "median": 5.04002285004,
        "min": -1.86628878117,
        "var": 96548.2734375
    },
    "melbands_skewness": {
        "dmean": 1.12060678005,
        "dmean2": 1.66042900085,
        "dvar": 8.84560489655,
        "dvar2": 17.7155647278,
        "max": 115.785926819,
        "mean": 2.61275839806,
        "median": 2.05480694771,
        "min": -1.25770020485,
        "var": 9.46598243713
    },
    "melbands_spread": {
        "dmean": 12.3657388687,
        "dmean2": 19.6096858978,
        "dvar": 272.191253662,
        "dvar2": 585.166564941,
        "max": 280.084350586,
        "mean": 27.7075157166,
        "median": 23.1666431427,
        "min": 0.048645272851,
        "var": 493.12109375
    },
    "pitch_salience": {
        "dmean": 0.0973223373294,
        "dmean2": 0.151883870363,
        "dvar": 0.00886746123433,
        "dvar2": 0.0193625576794,
        "max": 0.889339745045,
        "mean": 0.514953732491,
        "median": 0.532203316689,
        "min": 0.00689921667799,
        "var": 0.0251135695726
    },
    "silence_rate_20dB": {
        "dmean": 0,
        "dmean2": 0,
        "dvar": 0,
        "dvar2": 0,
        "max": 1,
        "mean": 1,
        "median": 1,
        "min": 1,
        "var": 0
    },
    "silence_rate_30dB": {
        "dmean": 0.0239938087761,
        "dmean2": 0.048006195575,
        "dvar": 0.0234183520079,
        "dvar2": 0.0464755818248,
        "max": 1,
        "mean": 0.9558994174,
        "median": 1,
        "min": 0,
        "var": 0.0421561896801
    },
    "silence_rate_60dB": {
        "dmean": 0.0793343633413,
        "dmean2": 0.15873016417,
        "dvar": 0.0730386823416,
        "dvar2": 0.152119204402,
        "max": 1,
        "mean": 0.152030944824,
        "median": 0,
        "min": 0,
        "var": 0.128916844726
    },
    "spectral_centroid": {
        "dmean": 448.388793945,
        "dmean2": 704.292419434,
        "dvar": 252378.78125,
        "dvar2": 529567.6875,
        "max": 10486.2373047,
        "mean": 1608.56774902,
        "median": 1560.18701172,
        "min": 117.542892456,
        "var": 535013.5625
    },
    "spectral_complexity": {
        "dmean": 6.64705896378,
        "dmean2": 9.25551700592,
        "dvar": 50.6781082153,
        "dvar2": 90.3305053711,
        "max": 55,
        "mean": 17.9949703217,
        "median": 17,
        "min": 0,
        "var": 156.192764282
    },
    "spectral_decrease": {
        "dmean": 3.80841846948e-09,
        "dmean2": 5.91850923826e-09,
        "dvar": 5.45642742753e-17,
        "dvar2": 1.3051783777e-16,
        "max": -8.23794767753e-15,
        "mean": -7.34394056678e-09,
        "median": -4.52326798239e-09,
        "min": -7.98821702119e-08,
        "var": 9.57335629054e-17
    },
    "spectral_energy": {
        "dmean": 0.0152990724891,
        "dmean2": 0.0236523989588,
        "dvar": 0.000816113897599,
        "dvar2": 0.00195085641462,
        "max": 0.303162515163,
        "mean": 0.0293736476451,
        "median": 0.0182129517198,
        "min": 3.11445624845e-08,
        "var": 0.00142821902409
    },
    "spectral_energyband_high": {
        "dmean": 0.000444158184109,
        "dmean2": 0.000684213766363,
        "dvar": 5.00906367051e-07,
        "dvar2": 8.64495063979e-07,
        "max": 0.0188987273723,
        "mean": 0.000661826634314,
        "median": 0.000334712909535,
        "min": 2.35676599764e-11,
        "var": 9.85208430393e-07
    },
    "spectral_energyband_low": {
        "dmean": 0.00635461229831,
        "dmean2": 0.00933589506894,
        "dvar": 0.000608867791016,
        "dvar2": 0.00147477153223,
        "max": 0.291941732168,
        "mean": 0.0145589923486,
        "median": 0.00171211152337,
        "min": 8.71729444185e-09,
        "var": 0.00103107921313
    },
    "spectral_energyband_middle_high": {
        "dmean": 0.00413889065385,
        "dmean2": 0.00657302467152,
        "dvar": 4.4859618356e-05,
        "dvar2": 0.00011238209845,
        "max": 0.0539027042687,
        "mean": 0.00577628333122,
        "median": 0.00311612826772,
        "min": 8.49027532307e-12,
        "var": 5.35124672751e-05
    },
    "spectral_energyband_middle_low": {
        "dmean": 0.00683099869639,
        "dmean2": 0.0114534385502,
        "dvar": 0.000138683812111,
        "dvar2": 0.000356077594915,
        "max": 0.0730252787471,
        "mean": 0.00824566558003,
        "median": 0.00451168930158,
        "min": 8.56559441431e-12,
        "var": 0.000124775309814
    },
    "spectral_entropy": {
        "dmean": 0.235622376204,
        "dmean2": 0.357197016478,
        "dvar": 0.07093334198,
        "dvar2": 0.160371229053,
        "max": 9.80435466766,
        "mean": 7.67991781235,
        "median": 7.72998857498,
        "min": 4.53287029266,
        "var": 0.155009314418
    },
    "spectral_flux": {
        "dmean": 0.0386714115739,
        "dmean2": 0.0583128519356,
        "dvar": 0.00264445319772,
        "dvar2": 0.00442098919302,
        "max": 0.480927139521,
        "mean": 0.092472076416,
        "median": 0.0729095339775,
        "min": 0.000392981455661,
        "var": 0.00487404223531
    },
    "spectral_kurtosis": {
        "dmean": 1.98126018047,
        "dmean2": 3.29231381416,
        "dvar": 6.14291763306,
        "dvar2": 17.6880588531,
        "max": 33.6974487305,
        "mean": 4.44445419312,
        "median": 3.93574380875,
        "min": -1.25106942654,
        "var": 7.75938177109
    },
    "spectral_rms": {
        "dmean": 0.0012458547717,
        "dmean2": 0.0017845396651,
        "dvar": 2.53140206041e-06,
        "dvar2": 5.38300491826e-06,
        "max": 0.0171979162842,
        "mean": 0.00452134246007,
        "median": 0.00421529728919,
        "min": 5.51225321033e-06,
        "var": 8.21466619527e-06
    },
    "spectral_rolloff": {
        "dmean": 782.337646484,
        "dmean2": 1291.99121094,
        "dvar": 1551674.375,
        "dvar2": 3462683.5,
        "max": 13544.3847656,
        "mean": 1654.82336426,
        "median": 1313.52539062,
        "min": 21.533203125,
        "var": 2699418
    },
    "spectral_skewness": {
        "dmean": 0.310264527798,
        "dmean2": 0.497878730297,
        "dvar": 0.116107612848,
        "dvar2": 0.308964669704,
        "max": 4.83629465103,
        "mean": 1.50042128563,
        "median": 1.45451211929,
        "min": -0.512417495251,
        "var": 0.189940273762
    },
    "spectral_spread": {
        "dmean": 741186.5,
        "dmean2": 1157233.5,
        "dvar": 1.40675042509e+12,
        "dvar2": 2.61028891853e+12,
        "max": 40773516,
        "mean": 4429498,
        "median": 4106513,
        "min": 1666188.5,
        "var": 3.12494469939e+12
    },
    "spectral_strongpeak": {
        "dmean": 0.440662920475,
        "dmean2": 0.77099686861,
        "dvar": 0.734953165054,
        "dvar2": 1.96291649342,
        "max": 8.09128284454,
        "mean": 0.598774433136,
        "median": 0.310415059328,
        "min": 0,
        "var": 0.713839232922
    },
    "zerocrossingrate": {
        "dmean": 0.014642579481,
        "dmean2": 0.0172429624945,
        "dvar": 0.000368150882423,
        "dvar2": 0.000417959847255,
        "max": 0.451171875,
        "mean": 0.0600837171078,
        "median": 0.05419921875,
        "min": 0,
        "var": 0.00170662358869
    },
    "barkbands": {
        "dmean": [0.00159463484306, 0.00552518852055, 0.000623503816314, 0.000439932802692, 0.00142715778202, 0.00281296879984, 0.0010682613356, 0.00122995243873, 0.00122434017248, 0.000650407979265, 0.000700819538906, 0.000574943784159, 0.000508842116687, 0.000772665487602, 0.000529571028892, 0.0007288568886, 0.000372687820345, 0.000312784191919, 0.000270888005616, 0.000167346923263, 0.000146848688019, 0.000101059049484, 4.3221454689e-05, 5.35676263098e-05, 4.35104084318e-05, 1.82979074452e-05, 1.57000840773e-06],
        "dmean2": [0.00247224071063, 0.00878083985299, 0.00110516208224, 0.000714264577255, 0.00242542824708, 0.00503282388672, 0.00178988825064, 0.0020973472856, 0.00202495139092, 0.00109174789395, 0.00117055792361, 0.000928795314394, 0.000821946887299, 0.00133963022381, 0.000902355357539, 0.00123453035485, 0.000628023175523, 0.000494943815283, 0.000452523090644, 0.000258509535342, 0.000232132035308, 0.000172081112396, 6.87326100888e-05, 7.94405059423e-05, 6.37615812593e-05, 2.65682392637e-05, 2.45930823439e-06],
        "dvar": [2.33803220908e-05, 0.000594638579059, 5.81864060223e-06, 7.19640297575e-07, 6.4074488364e-06, 4.37170238001e-05, 3.6736319089e-06, 6.45329191684e-06, 8.4351595433e-06, 1.3391019138e-06, 2.99760790767e-06, 1.38173413688e-06, 1.13395708468e-06, 3.1927118016e-06, 1.49583115672e-06, 1.94945505427e-06, 4.8055909474e-07, 4.07923067769e-07, 2.45551035505e-07, 6.03781131758e-08, 4.82493582865e-08, 2.77183183073e-08, 5.53991652552e-09, 3.10224379518e-08, 3.86712883937e-08, 1.95114484569e-08, 4.88960746892e-11],
        "dvar2": [5.04783020006e-05, 0.00157581816893, 1.63893455465e-05, 1.67987229815e-06, 1.71482952283e-05, 0.000119721844385, 9.48865090322e-06, 1.69657232618e-05, 2.19113189814e-05, 3.52699612449e-06, 8.02179511084e-06, 3.41096415468e-06, 2.84363591163e-06, 8.5972751549e-06, 3.9858132368e-06, 5.15492683917e-06, 1.20875120047e-06, 1.01703699329e-06, 6.44874432965e-07, 1.3911061103e-07, 9.84326575804e-08, 6.58901839756e-08, 1.1448162418e-08, 4.46743300131e-08, 5.48430314495e-08, 3.73129580566e-08, 9.53429488137e-11],
        "max": [0.0646093636751, 0.261819183826, 0.0331313051283, 0.00717551913112, 0.0248518958688, 0.0485702976584, 0.0243838056922, 0.0231994390488, 0.0327942334116, 0.0111904563382, 0.0182496160269, 0.0119996201247, 0.0188663173467, 0.0119457291439, 0.01281581074, 0.00879274494946, 0.00677360361442, 0.00789653044194, 0.00541352387518, 0.00274843978696, 0.00225975317881, 0.000997250899673, 0.0010408986127, 0.00607958901674, 0.00664856238291, 0.0054293340072, 0.000218495828449],
        "mean": [0.00444760033861, 0.00970122404397, 0.000599446357228, 0.000503541494254, 0.0017909836024, 0.00232395739295, 0.00115790287964, 0.00111036573071, 0.0012417898979, 0.000804719689768, 0.000726948084775, 0.000670181878377, 0.000559078820515, 0.000669297936838, 0.000525829324033, 0.000672406458762, 0.000407163461205, 0.000332177965902, 0.000352564908098, 0.000252150581218, 0.000196986555238, 0.000101505684142, 4.90451166115e-05, 8.51350996527e-05, 6.62525199004e-05, 2.34264480241e-05, 1.98560610443e-06],
        "median": [0.000194453430595, 0.000254886719631, 0.000103313657746, 0.000101088939118, 0.000677560921758, 0.000624937587418, 0.000446512043709, 0.000296749145491, 0.000327934569214, 0.00030706191319, 0.00018201849889, 0.00020632869564, 0.000167966994923, 0.000170495753991, 0.000141266762512, 0.00017627341731, 0.000138049785164, 0.000104308332084, 0.000140577263664, 9.41629259614e-05, 7.46813748265e-05, 3.8001278881e-05, 1.80918268597e-05, 3.36248194799e-05, 1.83799202205e-05, 3.4287102153e-06, 5.1650857813e-07],
        "min": [7.81943310102e-09, 3.06961650542e-10, 2.02162462118e-12, 3.04050881694e-12, 1.92068843469e-12, 5.12088743805e-13, 1.25164960861e-12, 6.65502104379e-13, 4.29910583044e-13, 2.26674988458e-13, 3.32160134901e-13, 3.87429481942e-13, 5.72287172079e-13, 5.69447483958e-13, 2.16036742532e-13, 1.00767365372e-12, 5.12155313818e-13, 6.03170128861e-13, 1.97917767245e-12, 1.77430487837e-12, 1.78823384052e-12, 1.79762476606e-12, 1.88031274578e-12, 1.99134935971e-12, 3.34723459887e-12, 4.66343543643e-12, 8.60863290375e-12],
        "var": [9.12054310902e-05, 0.00063494045753, 4.00806538892e-06, 8.29064788377e-07, 8.11945119494e-06, 2.913829303e-05, 3.58568240699e-06, 5.33506499778e-06, 7.57109546612e-06, 1.72532588749e-06, 2.72503643828e-06, 1.7340219074e-06, 1.33835953875e-06, 2.45387673203e-06, 1.33380774514e-06, 1.72956742972e-06, 5.41618817351e-07, 4.47155628081e-07, 2.82377015992e-07, 1.23225774473e-07, 8.54413357843e-08, 2.66897632883e-08, 7.85958409466e-09, 7.01000431036e-08, 8.26144557209e-08, 2.84365899716e-08, 7.23316961881e-11]
    },
    "erbbands": {
        "dmean": [0.209357395768, 1.12730562687, 0.999611973763, 1.16703748703, 1.56359982491, 5.41801691055, 22.1320571899, 18.5811824799, 12.3870887756, 25.1223697662, 22.7525978088, 28.9641971588, 16.0875167847, 30.8645515442, 21.4186859131, 25.099855423, 22.9346923828, 33.2019004822, 36.0522041321, 18.963306427, 45.2108879089, 21.4464740753, 17.078710556, 15.5831604004, 11.2825965881, 7.99135923386, 6.48934030533, 5.50771570206, 4.12959241867, 1.8461458683, 1.30095529556, 1.03579044342, 0.965052187443, 0.640290498734, 0.227407589555, 0.111131899059, 0.0266035310924, 0.00301127601415, 0.000319428276271, 2.56057592196e-05],
        "dmean2": [0.295787841082, 2.00463986397, 1.78872072697, 1.88978230953, 2.5501332283, 8.97403430939, 40.2459754944, 32.2336425781, 21.1841125488, 42.1221885681, 37.0481033325, 48.6321640015, 25.4622135162, 51.9266586304, 35.9140434265, 40.0272407532, 36.761013031, 56.0554542542, 63.143951416, 30.7242431641, 77.1296157837, 35.008228302, 26.6902999878, 25.6800060272, 18.3626213074, 12.3085317612, 10.0210142136, 8.88323402405, 7.02288246155, 3.00272917747, 2.08438539505, 1.58294200897, 1.42108356953, 0.937544703484, 0.3302038908, 0.161424592137, 0.0389663167298, 0.00446879724041, 0.000499521032907, 3.83396618417e-05],
        "dvar": [0.654599666595, 33.0218467712, 19.2375564575, 6.30575752258, 8.56854820251, 94.549987793, 2962.48852539, 1646.02355957, 498.512542725, 2593.52636719, 1940.84057617, 5828.296875, 1054.82800293, 3616.43896484, 3175.12915039, 2508.66235352, 2201.31542969, 4411.33496094, 7019.0703125, 1611.78479004, 8825.8046875, 1463.35546875, 1279.18383789, 1040.87280273, 268.190429688, 134.317642212, 105.49156189, 71.4901580811, 48.5758209229, 11.2399301529, 4.99013710022, 7.95395851135, 13.8345470428, 8.9025592804, 1.03774273396, 0.672955036163, 0.042136143893, 0.000345545704477, 1.83096653927e-06, 2.70851674422e-09],
        "dvar2": [1.50605356693, 93.7440414429, 54.0971870422, 15.1666965485, 20.8477344513, 233.229415894, 8384.48632812, 4370.77587891, 1329.57568359, 6778.13867188, 4928.65673828, 15566.0244141, 2586.00854492, 9711.46679688, 8599.60253906, 6046.38720703, 5545.93212891, 11479.5761719, 19388.6464844, 4118.03710938, 23507.4648438, 3570.48632812, 3080.01269531, 2776.51831055, 644.001831055, 305.228973389, 223.666885376, 156.851547241, 120.425788879, 24.1980628967, 10.4427537918, 14.78673172, 19.9869785309, 12.9018344879, 1.57612705231, 1.2814116478, 0.0836628228426, 0.000615448865574, 3.53763789462e-06, 5.68536817624e-09],
        "max": [11.3617658615, 58.3841705322, 55.9070701599, 27.9251995087, 29.4430465698, 125.261207581, 434.20425415, 329.667358398, 168.284561157, 626.774658203, 454.584197998, 864.733947754, 388.367828369, 680.938659668, 715.260620117, 583.742919922, 766.541564941, 485.8543396, 879.754821777, 426.828094482, 625.676330566, 416.272247314, 463.369354248, 358.384399414, 204.260513306, 183.058853149, 132.542663574, 99.5186080933, 48.772567749, 27.9037895203, 35.4676856995, 78.9689407349, 153.591064453, 99.8493347168, 33.8012580872, 33.7222595215, 6.95157527924, 0.71574729681, 0.0419621281326, 0.00123585551046],
        "mean": [0.528587341309, 1.21250712872, 0.973650932312, 1.3982770443, 2.06246447563, 7.45294237137, 17.8154659271, 16.292339325, 12.644949913, 24.0803108215, 25.040145874, 28.3735351562, 19.3769874573, 37.9548225403, 24.1333312988, 30.6029129028, 26.0489025116, 32.8090057373, 32.5318374634, 21.4586696625, 40.909362793, 23.7275257111, 18.751121521, 18.3247661591, 16.2973613739, 12.1742992401, 9.46712875366, 6.64614725113, 4.11956262589, 1.94012629986, 1.45395278931, 1.50070297718, 1.53381073475, 0.973961770535, 0.333091288805, 0.141714125872, 0.0351736173034, 0.0040622362867, 0.000411268178141, 4.64266013296e-05],
        "median": [0.010053453967, 0.0540585517883, 0.159758090973, 0.336196929216, 0.908774912357, 2.30522894859, 4.6793513298, 4.29555368423, 5.01866388321, 7.18284702301, 7.6841545105, 7.35994625092, 8.0203666687, 14.224366188, 8.65383529663, 9.81701564789, 8.34965133667, 10.7770586014, 9.03457927704, 7.21739816666, 9.6250038147, 7.62097930908, 6.33561754227, 7.19040822983, 6.23942422867, 4.51014661789, 3.66046953201, 2.6636235714, 1.5387699604, 0.741744935513, 0.494700431824, 0.585491716862, 0.571659326553, 0.272252202034, 0.0930219888687, 0.0248307604343, 0.00460855942219, 0.000884405628312, 0.000116134229756, 2.82015025732e-05],
        "min": [9.56982688649e-08, 1.23437207122e-08, 3.63235752587e-09, 4.58674076498e-09, 9.28659016353e-09, 8.18461831642e-09, 5.92310733794e-09, 5.87597259738e-09, 1.65402642693e-08, 1.51310128871e-08, 1.27602222122e-08, 9.55584500417e-09, 7.66226637694e-09, 7.88154963516e-09, 1.3255579745e-08, 1.66429572346e-08, 2.95773645576e-08, 3.09620880046e-08, 1.77655810063e-08, 3.04494101044e-08, 4.98427468187e-08, 3.07320888737e-08, 3.42624701943e-08, 6.33234904512e-08, 1.17668420785e-07, 8.13147664758e-08, 5.91352709023e-08, 8.94663969575e-08, 6.34366585928e-08, 5.03218196002e-08, 5.40708384733e-08, 5.0114717709e-08, 3.0282848229e-08, 3.57423033392e-08, 2.49960425691e-08, 1.63380029505e-08, 7.26860660549e-09, 3.88181531363e-09, 1.16403409134e-09, 1.58316457166e-10],
        "var": [1.38177275658, 21.9131660461, 12.7292947769, 7.06895494461, 11.7743940353, 181.093612671, 1825.87084961, 1214.62854004, 430.742034912, 2228.30029297, 2101.5378418, 4732.33642578, 1099.07324219, 4334.99951172, 2636.83325195, 3377.88037109, 2576.13989258, 4068.97338867, 5277.30078125, 1633.96984863, 7284.05957031, 1812.70788574, 1471.50561523, 965.207824707, 513.401000977, 298.49307251, 182.870147705, 111.284416199, 43.790927887, 12.7954406738, 7.22129869461, 15.9403076172, 29.052822113, 18.6631317139, 2.07511854172, 0.989655911922, 0.0602704398334, 0.000545062823221, 2.79054984276e-06, 4.56111726166e-09]
    },
    "gfcc": {
        "mean": [-29.4863090515, 81.8491592407, -133.283340454, 24.2071990967, -62.7762947083, 9.27182006836, -37.7962341309, 10.8654794693, -22.8530101776, 7.13529157639, -7.03733205795, 0.412481665611, -0.0652682334185],
        "cov": [[9505.56542969, -489.745056152, -217.939559937, 121.885498047, 183.95980835, 413.618530273, 247.163696289, 404.527435303, 44.3840293884, 227.260498047, 60.307800293, 134.989364624, 169.959381104], [-489.745056152, 1283.72741699, 183.170227051, 124.952667236, 356.668304443, -113.033195496, 185.357345581, -80.094291687, 174.07762146, -52.008895874, 139.341308594, -34.8288383484, 2.42195010185], [-217.939559937, 183.170227051, 1001.30938721, 175.476623535, 267.439544678, 182.460693359, 74.9809417725, 43.9210166931, 56.9006767273, 25.1142177582, -12.5753154755, 81.7321472168, -53.9584274292], [121.885498047, 124.952667236, 175.476623535, 452.195098877, 278.537261963, 93.8397598267, 142.638671875, 93.4527282715, 142.702682495, 36.3609008789, 40.1661148071, 33.5544815063, 4.53202295303], [183.95980835, 356.668304443, 267.439544678, 278.537261963, 506.702972412, 125.860092163, 195.881149292, 106.404640198, 171.866012573, 38.9849205017, 49.6120948792, 44.5660057068, -3.14863348007], [413.618530273, -113.033195496, 182.460693359, 93.8397598267, 125.860092163, 322.979187012, 222.403182983, 88.6540985107, 51.3846321106, 68.8039093018, 16.6475448608, 44.6736679077, 20.2030773163], [247.163696289, 185.357345581, 74.9809417725, 142.638671875, 195.881149292, 222.403182983, 358.59161377, 98.720123291, 134.605697632, 70.7086410522, 70.682800293, 35.2462463379, 25.7364063263], [404.527435303, -80.094291687, 43.9210166931, 93.4527282715, 106.404640198, 88.6540985107, 98.720123291, 236.434448242, 99.9792327881, 38.5186767578, 22.3418388367, 19.8771476746, 38.8097686768], [44.3840293884, 174.07762146, 56.9006767273, 142.702682495, 171.866012573, 51.3846321106, 134.605697632, 99.9792327881, 229.487884521, 42.6723747253, 38.4617767334, 48.1885871887, -9.63816547394], [227.260498047, -52.008895874, 25.1142177582, 36.3609008789, 38.9849205017, 68.8039093018, 70.7086410522, 38.5186767578, 42.6723747253, 97.0705032349, 39.275177002, 18.1964530945, 10.8178911209], [60.307800293, 139.341308594, -12.5753154755, 40.1661148071, 49.6120948792, 16.6475448608, 70.682800293, 22.3418388367, 38.4617767334, 39.275177002, 117.600387573, 14.6787757874, 25.3707542419], [134.989364624, -34.8288383484, 81.7321472168, 33.5544815063, 44.5660057068, 44.6736679077, 35.2462463379, 19.8771476746, 48.1885871887, 18.1964530945, 14.6787757874, 113.660835266, -5.82634162903], [169.959381104, 2.42195010185, -53.9584274292, 4.53202295303, -3.14863348007, 20.2030773163, 25.7364063263, 38.8097686768, -9.63816547394, 10.8178911209, 25.3707542419, -5.82634162903, 111.349853516]],
        "icov": [[0.000128462648718, -4.07906045439e-05, 8.9623623353e-05, -9.8578957477e-06, -3.88276821468e-05, -0.000163170232554, 9.44145649555e-05, -0.00021757443028, 0.000164226366905, -0.000260682951193, 8.80735751707e-05, -0.000180759001523, -5.88270340813e-05], [-4.07906045439e-05, 0.00236841361038, -0.000672267051414, 0.000661985774059, -0.00140846043359, 0.00208247243427, -0.00188355438877, 0.0018479921855, -0.00157181394752, 0.00244039786048, -0.00234744301997, 0.00159864884336, -0.000723018718418], [8.9623623353e-05, -0.000672267051414, 0.00164412730373, -0.000362675607903, -0.000338860350894, -0.00157503341325, 0.00117105210666, -0.000604469096288, 0.000778622983489, -0.00075637298869, 0.000796974287368, -0.00116389547475, 0.00080389843788], [-9.8578957477e-06, 0.000661985774059, -0.000362675607903, 0.00374775147066, -0.00183534366079, 0.000467756704893, -0.000599339080509, 0.000291571603157, -0.0013714467641, 0.000672102440149, -0.000853377860039, 0.000603906868491, -0.000385466613807], [-3.88276821468e-05, -0.00140846043359, -0.000338860350894, -0.00183534366079, 0.00484371744096, -0.00107553473208, 7.53479107516e-05, -0.00123954226729, -0.000444943638286, -0.000755240616854, 0.000944862316828, -0.000668265973218, 0.000531724246684], [-0.000163170232554, 0.00208247243427, -0.00157503341325, 0.000467756704893, -0.00107553473208, 0.00952535774559, -0.00649168016389, 0.00060363765806, 0.000744758988731, -0.000449631130323, 0.00029331332189, 7.87541503087e-05, -0.00100171321537], [9.44145649555e-05, -0.00188355438877, 0.00117105210666, -0.000599339080509, 7.53479107516e-05, -0.00649168016389, 0.00905345566571, -0.00122595741414, -0.00130113738123, -0.00191549013834, -0.000732696324121, -0.000461383868242, 0.00021972473769], [-0.00021757443028, 0.0018479921855, -0.000604469096288, 0.000291571603157, -0.00123954226729, 0.00060363765806, -0.00122595741414, 0.00785438343883, -0.00385663029738, 0.00164620077703, -0.0015055264812, 0.0018579729367, -0.00266516325064], [0.000164226366905, -0.00157181394752, 0.000778622983489, -0.0013714467641, -0.000444943638286, 0.000744758988731, -0.00130113738123, -0.00385663029738, 0.0100038060918, -0.00347099243663, 0.00177120056469, -0.0036673930008, 0.00232151965611], [-0.000260682951193, 0.00244039786048, -0.00075637298869, 0.000672102440149, -0.000755240616854, -0.000449631130323, -0.00191549013834, 0.00164620077703, -0.00347099243663, 0.0174859650433, -0.00665145274252, 0.00168661971111, -0.000515354447998], [8.80735751707e-05, -0.00234744301997, 0.000796974287368, -0.000853377860039, 0.000944862316828, 0.00029331332189, -0.000732696324121, -0.0015055264812, 0.00177120056469, -0.00665145274252, 0.0142283840105, -0.00274499109946, -0.00158086873125], [-0.000180759001523, 0.00159864884336, -0.00116389547475, 0.000603906868491, -0.000668265973218, 7.87541503087e-05, -0.000461383868242, 0.0018579729367, -0.0036673930008, 0.00168661971111, -0.00274499109946, 0.011841788888, -0.000157819653396], [-5.88270340813e-05, -0.000723018718418, 0.00080389843788, -0.000385466613807, 0.000531724246684, -0.00100171321537, 0.00021972473769, -0.00266516325064, 0.00232151965611, -0.000515354447998, -0.00158086873125, -0.000157819653396, 0.0111693302169]]
    },
    "melbands": {
        "dmean": [0.00168832903728, 0.000841138709802, 0.000198756024474, 0.000208682758966, 0.000655126175843, 0.000440663454356, 0.000192733423319, 0.000279883737676, 0.000183801515959, 0.000184686694411, 7.90525082266e-05, 0.000124942496768, 8.23356676847e-05, 5.86982387176e-05, 6.98914736859e-05, 4.48854189017e-05, 6.77442294545e-05, 6.46141925245e-05, 3.59472105629e-05, 2.11344922718e-05, 6.75157425576e-05, 2.54580045294e-05, 1.36727940117e-05, 1.64230550581e-05, 1.30306052597e-05, 9.70251312538e-06, 6.46943226457e-06, 5.51681659999e-06, 4.59390321339e-06, 3.4095837691e-06, 3.24004122376e-06, 2.56737121163e-06, 1.62107744472e-06, 8.04013325251e-07, 7.9937569808e-07, 6.05952379829e-07, 7.00374243934e-07, 7.15372721061e-07, 6.66812297823e-07, 5.27446843535e-07],
        "dmean2": [0.00251065194607, 0.00151589035522, 0.000320943043334, 0.000335458491463, 0.00117951713037, 0.000774469284806, 0.000329139700625, 0.000475000386359, 0.000300894665997, 0.000310380710289, 0.000125925551401, 0.000210694808629, 0.000137508410262, 9.59352328209e-05, 0.000112300091132, 7.34151690267e-05, 0.00011573023221, 0.000114382637548, 6.02488144068e-05, 3.41496343026e-05, 0.000116214781883, 4.21920558438e-05, 2.1912595912e-05, 2.62170160568e-05, 2.18104869418e-05, 1.59923529282e-05, 1.04339205791e-05, 8.6022700998e-06, 7.16264230505e-06, 5.43932401342e-06, 5.21774336448e-06, 4.4137614168e-06, 2.75673073702e-06, 1.30875082505e-06, 1.27984958453e-06, 9.58857185651e-07, 1.08701658519e-06, 1.07171661057e-06, 9.67342543845e-07, 7.94958339156e-07],
        "dvar": [4.65370467282e-05, 1.6984236936e-05, 1.74516443963e-07, 1.38094577551e-07, 2.3949860406e-06, 9.67223400039e-07, 1.153735667e-07, 3.39486149414e-07, 1.36588155897e-07, 2.34721980519e-07, 2.48586022877e-08, 5.67487710157e-08, 4.13886347417e-08, 1.75752923326e-08, 2.86746129063e-08, 6.60052412726e-09, 2.08283559289e-08, 2.45995348536e-08, 6.93596513557e-09, 1.36270572604e-09, 2.29972556554e-08, 2.31024466224e-09, 1.16006237949e-09, 1.36047573207e-09, 9.28710219839e-10, 2.1410907769e-10, 9.25309898148e-11, 7.36748162478e-11, 6.00081512259e-11, 2.84924965566e-11, 2.51809111756e-11, 1.90531410094e-11, 9.44076674475e-12, 2.38306206365e-12, 1.92542271189e-12, 1.74237230546e-12, 4.39854793213e-12, 5.63507877513e-12, 1.06350189072e-11, 5.99480144345e-12],
        "dvar2": [0.000113952162792, 4.76940185763e-05, 4.23342129352e-07, 3.35481189495e-07, 6.74694547342e-06, 2.58650857177e-06, 3.04799101514e-07, 9.00273448678e-07, 3.43554177107e-07, 6.27172312306e-07, 6.13251813775e-08, 1.5215402982e-07, 1.10088308247e-07, 4.66903671281e-08, 6.7439124507e-08, 1.68716063342e-08, 5.4938134042e-08, 6.85760070951e-08, 1.81797030763e-08, 3.34345928721e-09, 6.18216375869e-08, 5.64941160519e-09, 2.97761548751e-09, 3.32357563693e-09, 2.51434650878e-09, 5.44387812607e-10, 2.12203948857e-10, 1.74809000608e-10, 1.34502714522e-10, 5.9371584038e-11, 5.63314048185e-11, 4.82387914336e-11, 2.28179801443e-11, 4.9727795666e-12, 4.26962371708e-12, 3.745309618e-12, 8.41251894534e-12, 9.32354454058e-12, 1.47611818602e-11, 9.5828752919e-12],
        "max": [0.0873284041882, 0.0483019761741, 0.00473402487114, 0.00433236919343, 0.0126855093986, 0.00778013281524, 0.00242158537731, 0.00611437205225, 0.00451627979055, 0.00562975043431, 0.00186137133278, 0.00266005867161, 0.00213755760342, 0.00147452391684, 0.00273774005473, 0.000804695766419, 0.00103272637352, 0.00162728340365, 0.000821254274342, 0.000398588657845, 0.000967477972154, 0.000553730234969, 0.000845717731863, 0.000424642581493, 0.000357645942131, 0.000194663647562, 0.000105365201307, 0.000148146529682, 0.000101236990304, 6.05852183071e-05, 6.97195791872e-05, 3.02268563246e-05, 2.46996914939e-05, 1.74839915417e-05, 1.39318581205e-05, 4.24443132943e-05, 6.28386842436e-05, 9.20168167795e-05, 0.000121794080769, 7.51760671847e-05],
        "mean": [0.00387561065145, 0.000862307613716, 0.000235489700572, 0.000317799451295, 0.000567101349588, 0.000377610267606, 0.00020503133419, 0.000256564409938, 0.000204931231565, 0.000178321424755, 9.35987263802e-05, 0.000153386587044, 8.93068499863e-05, 6.75609117025e-05, 8.1683814642e-05, 4.94388368679e-05, 6.3230691012e-05, 5.39633256267e-05, 3.60761659977e-05, 2.57526589849e-05, 5.61104825465e-05, 2.64820810116e-05, 1.57676458912e-05, 1.71364063135e-05, 1.44984333019e-05, 1.31600527311e-05, 9.22268282011e-06, 7.90711146692e-06, 6.48013747195e-06, 4.30194904766e-06, 3.68767678083e-06, 2.51385222327e-06, 1.51485232891e-06, 8.85472616119e-07, 8.47436240292e-07, 7.28868826627e-07, 1.0144016187e-06, 1.10475002657e-06, 9.99155645331e-07, 7.70662154537e-07],
        "median": [9.96186499833e-05, 9.53007765929e-05, 6.82218596921e-05, 9.78901225608e-05, 0.000178427639185, 9.7029376775e-05, 8.56471815496e-05, 7.29692910681e-05, 5.74466394028e-05, 4.39690302301e-05, 3.71299647668e-05, 5.54638609174e-05, 2.77086855931e-05, 2.26652209676e-05, 2.25740986934e-05, 1.73646112671e-05, 1.85553162737e-05, 1.32392333398e-05, 9.14511565497e-06, 8.52420362207e-06, 1.06903671622e-05, 7.69513280829e-06, 5.84305780649e-06, 5.21085894434e-06, 5.30127454113e-06, 4.99405723531e-06, 3.53614177584e-06, 2.78667607745e-06, 2.19532262236e-06, 1.56115061145e-06, 1.44483271924e-06, 9.08213280582e-07, 4.92711023981e-07, 3.40856729508e-07, 2.80334973013e-07, 2.50462022677e-07, 3.69626206975e-07, 4.15501460793e-07, 3.02854459733e-07, 1.8466650431e-07],
        "min": [1.70143632516e-09, 1.45417239448e-12, 1.16076321732e-12, 5.32837879721e-13, 2.82989181134e-13, 1.48138988056e-13, 2.38414783792e-13, 1.92772664151e-13, 9.57655788979e-14, 5.46781519259e-14, 3.41715791405e-14, 2.74755532995e-14, 3.63155143977e-14, 5.04493501011e-14, 6.27854837348e-14, 5.74254389158e-14, 5.67239228407e-14, 3.22598190023e-14, 1.85411141464e-14, 6.8922298424e-14, 5.47672564038e-14, 2.7964648758e-14, 2.8725292815e-14, 3.24460070085e-14, 4.90996437572e-14, 8.22759693491e-14, 8.00644679678e-14, 4.51961567943e-14, 3.29246517745e-14, 4.83552745913e-14, 5.07821561223e-14, 2.9985511822e-14, 2.20584658937e-14, 2.97685934605e-14, 2.79051921273e-14, 3.4961054505e-14, 2.88945062809e-14, 2.09202331836e-14, 2.49928861786e-14, 3.06408103913e-14],
        "var": [7.73868086981e-05, 1.12164798338e-05, 1.88634757592e-07, 3.08799769755e-07, 1.53379301082e-06, 6.91205855219e-07, 1.04500955445e-07, 2.73343658819e-07, 1.5373021256e-07, 1.88542983892e-07, 2.56523193798e-08, 7.01176929851e-08, 3.76907642874e-08, 1.85724005064e-08, 3.83978431273e-08, 6.96918300847e-09, 1.79060375416e-08, 1.70999960858e-08, 6.44923980886e-09, 1.93883331612e-09, 1.75813141823e-08, 2.58055821156e-09, 1.31632937883e-09, 1.36660971428e-09, 7.83736464616e-10, 3.51841222823e-10, 1.80128745253e-10, 1.43330056157e-10, 9.84082537681e-11, 4.53114420984e-11, 3.846542182e-11, 1.6559699792e-11, 8.61500280835e-12, 2.84423569766e-12, 2.48339803582e-12, 2.80724315321e-12, 8.37294990286e-12, 1.12106825559e-11, 2.16798124592e-11, 1.1712788725e-11]
    },
    "mfcc": {
        "mean": [-665.976135254, 112.244873047, -12.8499803543, 14.0288038254, -1.85148859024, -3.80020546913, 2.39632916451, -5.14323091507, 0.390895217657, 0.225252330303, -0.0764123648405, 3.04868006706, -1.10047328472],
        "cov": [[8878.61132812, -391.994476318, -539.293029785, -16.6809921265, -99.3542327881, 92.3888092041, 266.715637207, 145.22517395, 288.514801025, 182.953384399, 9.63083171844, 199.05506897, 132.964904785], [-391.994476318, 1089.6484375, 66.7018661499, 186.49357605, 151.051849365, 79.9540786743, 38.6470565796, 48.0516624451, -19.0779972076, 2.64308238029, 37.6689071655, 52.7588882446, 69.3865585327], [-539.293029785, 66.7018661499, 670.338439941, 54.3270378113, 135.615829468, 124.533607483, 43.6047859192, 76.4657821655, 13.518040657, -7.27848672867, 55.9305267334, -8.6294708252, 4.23282194138], [-16.6809921265, 186.49357605, 54.3270378113, 430.783569336, 231.170272827, 101.251998901, 22.4537849426, 114.915161133, 72.0034561157, 35.325340271, 70.433555603, 91.8695526123, 63.3830108643], [-99.3542327881, 151.051849365, 135.615829468, 231.170272827, 336.860748291, 67.075881958, 31.9505786896, 100.853874207, 74.434135437, 31.5609912872, 44.9588623047, 59.2833366394, 49.7370033264], [92.3888092041, 79.9540786743, 124.533607483, 101.251998901, 67.075881958, 347.74621582, 107.237037659, 136.011749268, 53.4697113037, 81.3465881348, 72.5885162354, 8.73717594147, 65.5305404663], [266.715637207, 38.6470565796, 43.6047859192, 22.4537849426, 31.9505786896, 107.237037659, 258.314025879, 55.7235031128, 81.1569442749, 79.6877288818, 11.9798116684, 36.8982315063, 26.3413639069], [145.22517395, 48.0516624451, 76.4657821655, 114.915161133, 100.853874207, 136.011749268, 55.7235031128, 243.650390625, 115.480857849, 62.7302932739, 83.7441864014, 72.2226715088, 80.9577178955], [288.514801025, -19.0779972076, 13.518040657, 72.0034561157, 74.434135437, 53.4697113037, 81.1569442749, 115.480857849, 192.753295898, 86.5148391724, 40.1391448975, 67.5056915283, 42.2448196411], [182.953384399, 2.64308238029, -7.27848672867, 35.325340271, 31.5609912872, 81.3465881348, 79.6877288818, 62.7302932739, 86.5148391724, 137.430587769, 52.391784668, 29.3271751404, 27.3583106995], [9.63083171844, 37.6689071655, 55.9305267334, 70.433555603, 44.9588623047, 72.5885162354, 11.9798116684, 83.7441864014, 40.1391448975, 52.391784668, 115.277359009, 60.7724876404, 35.9432106018], [199.05506897, 52.7588882446, -8.6294708252, 91.8695526123, 59.2833366394, 8.73717594147, 36.8982315063, 72.2226715088, 67.5056915283, 29.3271751404, 60.7724876404, 152.830474854, 65.2999572754], [132.964904785, 69.3865585327, 4.23282194138, 63.3830108643, 49.7370033264, 65.5305404663, 26.3413639069, 80.9577178955, 42.2448196411, 27.3583106995, 35.9432106018, 65.2999572754, 104.1798172]],
