{
"lowlevel": {
    "average_loudness": 0.850018501282,
    "barkbands_crest": {
        "dmean": 2.52970790863,
        "dmean2": 3.90838646889,
        "dvar": 6.63050937653,
        "dvar2": 15.4934034348,
        "max": 25.1384124756,
        "mean": 12.4579706192,
        "median": 11.8684835434,
        "min": 2.71077060699,
        "var": 29.706785202
    },
    "barkbands_flatness_db": {
        "dmean": 0.0304224286228,
        "dmean2": 0.0425101965666,
        "dvar": 0.00115619355347,
        "dvar2": 0.00203572004102,
        "max": 0.563550293446,
        "mean": 0.165467664599,
        "median": 0.147993892431,
        "min": 0.02058323659,
        "var": 0.00682341028005
    },
    "barkbands_kurtosis": {
        "dmean": 11.2824869156,
        "dmean2": 17.847492218,
        "dvar": 998.340148926,
        "dvar2": 2644.87426758,
        "max": 645.257080078,
        "mean": 17.3075523376,
        "median": 2.66734600067,
        "min": -1.92412662506,
        "var": 1724.16479492
    },
    "barkbands_skewness": {
        "dmean": 0.88674890995,
        "dmean2": 1.32061481476,
        "dvar": 1.60392153263,
        "dvar2": 3.72615647316,
        "max": 20.2625389099,
        "mean": 2.48715519905,
        "median": 1.67147374153,
        "min": -3.75984883308,
        "var": 6.53527259827
    },
    "barkbands_spread": {
        "dmean": 8.82393074036,
        "dmean2": 13.3881587982,
        "dvar": 173.597824097,
        "dvar2": 372.005554199,
        "max": 127.004562378,
        "mean": 24.8476295471,
        "median": 19.8905925751,
        "min": 0.198893502355,
        "var": 428.941040039
    },
    "dissonance": {
        "dmean": 0.0225558821112,
        "dmean2": 0.0370363369584,
        "dvar": 0.000445484707598,
        "dvar2": 0.00111380021553,
        "max": 0.499877780676,
        "mean": 0.446218520403,
        "median": 0.451526999474,
        "min": 0.259690493345,
        "var": 0.00115453696344
    },
    "dynamic_complexity": 5.27846574783,
    "erbbands_crest": {
        "dmean": 2.61221575737,
        "dmean2": 4.04365777969,
        "dvar": 6.47691631317,
        "dvar2": 15.696267128,
        "max": 27.5591087341,
        "mean": 10.3843040466,
        "median": 9.57341861725,
        "min": 2.47453427315,
        "var": 19.7495326996
    },
    "erbbands_flatness_db": {
        "dmean": 0.0188738740981,
        "dmean2": 0.0277657527477,
        "dvar": 0.000398832431529,
        "dvar2": 0.000810482248198,
        "max": 0.330895751715,
        "mean": 0.145676836371,
        "median": 0.142090648413,
        "min": 0.0448424182832,
        "var": 0.00167194602545
    },
    "erbbands_kurtosis": {
        "dmean": 1.30602824688,
        "dmean2": 2.07799530029,
        "dvar": 8.37058925629,
        "dvar2": 21.4077510834,
        "max": 73.7134628296,
        "mean": 0.815026044846,
        "median": -0.0636806488037,
        "min": -1.80095875263,
        "var": 10.4258756638
    },
    "erbbands_skewness": {
        "dmean": 0.473331421614,
        "dmean2": 0.711390674114,
        "dvar": 0.342305839062,
        "dvar2": 0.75170391798,
        "max": 7.29285907745,
        "mean": 0.357988476753,
        "median": 0.317028164864,
        "min": -4.42995214462,
        "var": 1.04100310802
    },
    "erbbands_spread": {
        "dmean": 12.2246522903,
        "dmean2": 18.663772583,
        "dvar": 259.567626953,
        "dvar2": 597.184570312,
        "max": 180.496414185,
        "mean": 46.7755088806,
        "median": 41.3962898254,
        "min": 3.47810697556,
        "var": 632.051269531
    },
    "hfc": {
        "dmean": 12.9745893478,
        "dmean2": 18.5104961395,
        "dvar": 897.176635742,
        "dvar2": 1635.43286133,
        "max": 861.123474121,
        "mean": 25.6086978912,
        "median": 11.176984787,
        "min": 1.22380643708e-16,
        "var": 2390.25976562
    },
    "melbands_crest": {
        "dmean": 3.63460421562,
        "dmean2": 5.87293577194,
        "dvar": 13.5043554306,
        "dvar2": 32.4024162292,
        "max": 36.5027580261,
        "mean": 18.1466274261,
        "median": 17.7059211731,
        "min": 3.28432893753,
        "var": 52.3611221313
    },
    "melbands_flatness_db": {
        "dmean": 0.038028255105,
        "dmean2": 0.0523861683905,
        "dvar": 0.00182413810398,
        "dvar2": 0.00316284922883,
        "max": 0.713578820229,
        "mean": 0.242428407073,
        "median": 0.224100992084,
        "min": 0.0083923349157,
        "var": 0.0119248479605
    },
    "melbands_kurtosis": {
        "dmean": 24.0948982239,
        "dmean2": 36.9139328003,
        "dvar": 3194.85839844,
        "dvar2": 7319.3984375,
        "max": 861.92980957,
        "mean": 44.1328735352,
        "median": 11.4181089401,
        "min": -1.88089108467,
        "var": 7423.46386719
    },
    "melbands_skewness": {
        "dmean": 1.18061673641,
        "dmean2": 1.74999201298,
        "dvar": 2.77793693542,
        "dvar2": 6.21176481247,
        "max": 24.1241092682,
        "mean": 4.04967355728,
        "median": 2.86728024483,
        "min": -1.25124442577,
        "var": 11.8392429352
    },
    "melbands_spread": {
        "dmean": 9.44042205811,
        "dmean2": 14.1002941132,
        "dvar": 337.692230225,
        "dvar2": 697.111083984,
        "max": 274.256500244,
        "mean": 24.9356231689,
        "median": 17.7856082916,
        "min": 0.274237751961,
        "var": 880.177978516
    },
    "pitch_salience": {
        "dmean": 0.0688181743026,
        "dmean2": 0.104649983346,
        "dvar": 0.0046398807317,
        "dvar2": 0.0106681920588,
        "max": 0.812660157681,
        "mean": 0.441273540258,
        "median": 0.453848451376,
        "min": 0.0906903371215,
        "var": 0.0197332482785
    },
    "silence_rate_20dB": {
        "dmean": 0.0162538699806,
        "dmean2": 0.0325203239918,
        "dvar": 0.0159897673875,
        "dvar2": 0.0430777929723,
        "max": 1,
        "mean": 0.989555120468,
        "median": 1,
        "min": 0,
        "var": 0.0103356223553
    },
    "silence_rate_30dB": {
        "dmean": 0.0503095984459,
        "dmean2": 0.100658148527,
        "dvar": 0.047779545188,
        "dvar2": 0.100591994822,
        "max": 1,
        "mean": 0.899419724941,
        "median": 1,
        "min": 0,
        "var": 0.0904641151428
    },
    "silence_rate_60dB": {
        "dmean": 0.0119969043881,
        "dmean2": 0.0240030977875,
        "dvar": 0.0118524972349,
        "dvar2": 0.0265244916081,
        "max": 1,
        "mean": 0.213926494122,
        "median": 0,
        "min": 0,
        "var": 0.168171182275
    },
    "spectral_centroid": {
        "dmean": 369.925476074,
        "dmean2": 543.151489258,
        "dvar": 287860.84375,
        "dvar2": 538967.9375,
        "max": 10912.3144531,
        "mean": 1461.56542969,
        "median": 1265.11499023,
        "min": 94.6087722778,
        "var": 898850.75
    },
    "spectral_complexity": {
        "dmean": 2.95201230049,
        "dmean2": 4.26596975327,
        "dvar": 23.7182388306,
        "dvar2": 37.9867324829,
        "max": 56,
        "mean": 11.7713737488,
        "median": 8,
        "min": 0,
        "var": 93.3654403687
    },
    "spectral_decrease": {
        "dmean": 5.16050269184e-09,
        "dmean2": 6.87867718341e-09,
        "dvar": 1.26796755858e-16,
        "dvar2": 2.13652070135e-16,
        "max": 6.83539526613e-31,
        "mean": -1.13243388e-08,
        "median": -5.50733503246e-09,
        "min": -1.34651330086e-07,
        "var": 3.41478579828e-16
    },
    "spectral_energy": {
        "dmean": 0.0202814470977,
        "dmean2": 0.0270361434668,
        "dvar": 0.00182894140016,
        "dvar2": 0.0030982918106,
        "max": 0.510856389999,
        "mean": 0.0450634025037,
        "median": 0.0232052933425,
        "min": 1.10977022828e-20,
        "var": 0.00498356157914
    },
    "spectral_energyband_high": {
        "dmean": 0.00132062193006,
        "dmean2": 0.00189626542851,
        "dvar": 1.17618819786e-05,
        "dvar2": 2.03814015549e-05,
        "max": 0.106594651937,
        "mean": 0.00205374066718,
        "median": 0.000407861400163,
        "min": 7.98655159882e-21,
        "var": 3.12467454933e-05
    },
    "spectral_energyband_low": {
        "dmean": 0.0175528321415,
        "dmean2": 0.0235760565847,
        "dvar": 0.00186395808123,
        "dvar2": 0.00314325629734,
        "max": 0.50341296196,
        "mean": 0.0318522043526,
        "median": 0.00991840660572,
        "min": 1.69142039582e-22,
        "var": 0.00454637873918
    },
    "spectral_energyband_middle_high": {
        "dmean": 0.00160108204,
        "dmean2": 0.00239464151673,
        "dvar": 1.63465283549e-05,
        "dvar2": 3.95525130443e-05,
        "max": 0.0440580546856,
        "mean": 0.00322473654523,
        "median": 0.000914192409255,
        "min": 1.66022085867e-21,
        "var": 3.03602282656e-05
    },
    "spectral_energyband_middle_low": {
        "dmean": 0.00341579783708,
        "dmean2": 0.0051654400304,
        "dvar": 5.23520830029e-05,
        "dvar2": 0.000126359766,
        "max": 0.104359060526,
        "mean": 0.00807868968695,
        "median": 0.00302551081404,
        "min": 1.93276058841e-22,
        "var": 0.000134501766297
    },
    "spectral_entropy": {
        "dmean": 0.286018073559,
        "dmean2": 0.407461106777,
        "dvar": 0.105994008482,
        "dvar2": 0.187186121941,
        "max": 9.80417537689,
        "mean": 7.43009328842,
        "median": 7.46624994278,
        "min": 4.58983612061,
        "var": 0.408832222223
    },
    "spectral_flux": {
        "dmean": 0.0337929688394,
        "dmean2": 0.0533772744238,
        "dvar": 0.0023745438084,
        "dvar2": 0.00556857138872,
        "max": 0.521309792995,
        "mean": 0.0897840857506,
        "median": 0.0641276463866,
        "min": 1.05345634993e-10,
        "var": 0.00753068830818
    },
    "spectral_kurtosis": {
        "dmean": 1.56939029694,
        "dmean2": 2.42891812325,
        "dvar": 5.07458782196,
        "dvar2": 10.7331132889,
        "max": 31.6572189331,
        "mean": 3.91742086411,
        "median": 2.42493581772,
        "min": -1.38949131966,
        "var": 17.981628418
    },
    "spectral_rms": {
        "dmean": 0.00111170799937,
        "dmean2": 0.00146612292156,
        "dvar": 2.95438280773e-06,
        "dvar2": 4.86468161398e-06,
        "max": 0.0223247949034,
        "mean": 0.00530101684853,
        "median": 0.00475807860494,
        "min": 3.2904447396e-12,
        "var": 1.58635193657e-05
    },
    "spectral_rolloff": {
        "dmean": 755.704345703,
        "dmean2": 1265.2052002,
        "dvar": 2480290.75,
        "dvar2": 5228185,
        "max": 19143.0175781,
        "mean": 1677.5123291,
        "median": 861.328125,
        "min": 43.06640625,
        "var": 4971106.5
    },
    "spectral_skewness": {
        "dmean": 0.289806693792,
        "dmean2": 0.422112435102,
        "dvar": 0.123081281781,
        "dvar2": 0.220247149467,
        "max": 4.50830507278,
        "mean": 1.53841495514,
        "median": 1.394775033,
        "min": -0.370648354292,
        "var": 0.511971533298
    },
    "spectral_spread": {
        "dmean": 905244.0625,
        "dmean2": 1314371.875,
        "dvar": 1.55213378355e+12,
        "dvar2": 2.71221417574e+12,
        "max": 40966024,
        "mean": 6208895.5,
        "median": 6097587.5,
        "min": 1856140.75,
        "var": 4.85619977421e+12
    },
    "spectral_strongpeak": {
        "dmean": 0.399120360613,
        "dmean2": 0.685786485672,
        "dvar": 1.00885033607,
        "dvar2": 2.66504907608,
        "max": 25.3998985291,
        "mean": 0.657850861549,
        "median": 0.336306601763,
        "min": 0,
        "var": 1.08068799973
    },
    "zerocrossingrate": {
        "dmean": 0.0168526954949,
        "dmean2": 0.0187490172684,
        "dvar": 0.000500533729792,
        "dvar2": 0.000559371255804,
        "max": 0.48876953125,
        "mean": 0.0661044046283,
        "median": 0.05419921875,
        "min": 0.001953125,
        "var": 0.00298506789841
    },
    "barkbands": {
        "dmean": [0.00320656015538, 0.0137898866087, 0.00297675956972, 0.000919904792681, 0.00108358636498, 0.000361850514309, 0.000847183982842, 0.00092996872263, 0.000451332278317, 0.000575873069465, 0.000246563693509, 8.54601457831e-05, 0.000189968428458, 0.000196871813387, 0.000311585783493, 0.000162906027981, 0.000137456401717, 0.000112013723992, 0.00014678153093, 0.000198503403226, 0.000163749165949, 0.000260104832705, 0.000408567662816, 0.000294745725114, 0.000201166141778, 6.19035272393e-05, 8.58521343616e-06],
        "dmean2": [0.00449685566127, 0.019483666867, 0.0052378452383, 0.00165606208611, 0.00151457276661, 0.00057274865685, 0.00134534295648, 0.00138307129964, 0.000694466929417, 0.000931064074393, 0.000374047958758, 0.000127418825286, 0.000310934032314, 0.000306347734295, 0.000487028504722, 0.000258578074863, 0.000223622570047, 0.000174534099642, 0.000225607727771, 0.000305727298837, 0.000251430872595, 0.000401460565627, 0.000621597922873, 0.000442472024588, 0.000303946697386, 9.41469406825e-05, 1.36707321872e-05],
        "dvar": [5.69634939893e-05, 0.0012292683823, 8.46028851811e-05, 1.2876665096e-05, 6.55492704027e-06, 1.29244619984e-06, 1.20989543575e-05, 1.13903806778e-05, 2.95780046145e-06, 2.96612211059e-06, 4.04277017196e-07, 1.08519593311e-07, 7.71093652929e-07, 5.2095464298e-07, 9.04090143194e-07, 2.30178542893e-07, 2.66622350864e-07, 1.02755024045e-07, 8.5495599933e-08, 2.11600323041e-07, 1.1707993508e-07, 4.35386823483e-07, 2.1828145691e-06, 8.05923832559e-07, 4.74444021847e-07, 3.83062150888e-08, 8.13022094093e-10],
        "dvar2": [0.000105089828139, 0.0021817998495, 0.000226267453399, 3.59371588274e-05, 1.11679382826e-05, 3.03195974993e-06, 3.05384637613e-05, 2.74473968602e-05, 6.8635408752e-06, 7.86253349361e-06, 8.85136842044e-07, 2.53923502669e-07, 2.03846980185e-06, 1.20362403777e-06, 2.40301233134e-06, 5.94317384639e-07, 7.0182284162e-07, 2.33980401276e-07, 2.00624384661e-07, 5.20929745562e-07, 2.75601422572e-07, 9.36432797971e-07, 3.76432467419e-06, 1.33081232434e-06, 9.9064970982e-07, 7.79296414066e-08, 1.99831773351e-09],
        "max": [0.0743366926908, 0.426125049591, 0.114772289991, 0.0356807224452, 0.0635057762265, 0.023937523365, 0.0654382929206, 0.0745624005795, 0.0366926528513, 0.0209475792944, 0.012308632955, 0.00983317941427, 0.0242133550346, 0.0134889855981, 0.0200339648873, 0.00798594299704, 0.00714496383443, 0.00441262964159, 0.00439957203344, 0.00514025008306, 0.00489994231611, 0.0136355506256, 0.0619045346975, 0.027179280296, 0.0156117323786, 0.00469952682033, 0.000641846039798],
        "mean": [0.00438306014985, 0.0238504353911, 0.00357622583397, 0.000915359298233, 0.00281383306719, 0.000732940796297, 0.00121419120114, 0.0016263021389, 0.000588673108723, 0.000815557898022, 0.00044801668264, 0.000145023848745, 0.000221114809392, 0.000251409219345, 0.000471733801533, 0.00022506811365, 0.000161252915859, 0.000163691496709, 0.000270770251518, 0.000325591361616, 0.000262580811977, 0.000324212043779, 0.000487409881316, 0.000395622977521, 0.000306198227918, 7.83116993262e-05, 8.87343867362e-06],
        "median": [0.000866331451107, 0.00730918627232, 0.000521019566804, 6.97715076967e-05, 0.000332427502144, 9.31880858843e-05, 0.000179606533493, 0.00027784705162, 4.00957978854e-05, 0.000117737392429, 0.000101998768514, 2.43775939452e-05, 3.58708275598e-05, 1.68962851603e-05, 9.57434240263e-05, 3.09240313072e-05, 2.46586932917e-05, 1.95597531274e-05, 3.5582062992e-05, 4.21016156906e-05, 4.12619410781e-05, 2.48261421802e-05, 3.12229458359e-05, 4.7853547585e-05, 4.78680849483e-05, 8.59476040205e-06, 6.77520290537e-07],
        "min": [1.83801277701e-23, 6.81519781432e-23, 7.51112333184e-23, 4.27928011001e-23, 3.93385906109e-23, 2.76268807775e-23, 2.00862146047e-23, 1.92970791759e-23, 3.3903332663e-23, 1.37961258385e-22, 6.29848508616e-23, 1.15784611291e-22, 8.46783616721e-23, 6.31651339774e-23, 1.41903972568e-22, 1.49398681282e-22, 1.14955676252e-22, 2.6010720615e-22, 3.33294464519e-22, 4.07760636809e-22, 4.58072771705e-22, 5.13008388812e-22, 6.02450927616e-22, 9.65680454677e-22, 1.30610011284e-21, 1.9655099785e-21, 2.27942178979e-21],
        "var": [9.93507055682e-05, 0.00270472280681, 9.19500162126e-05, 9.7233305496e-06, 3.84016057069e-05, 2.70239047495e-06, 1.52942011482e-05, 2.04099524126e-05, 4.06889239457e-06, 3.9607234612e-06, 1.20773302115e-06, 2.36439589685e-07, 7.14850386885e-07, 9.32026011924e-07, 1.39969154134e-06, 3.77913011107e-07, 2.74960910929e-07, 1.80277766049e-07, 2.28905349786e-07, 4.01385676696e-07, 2.14730647485e-07, 8.0840851524e-07, 5.35153913006e-06, 1.87977082078e-06, 1.00687236682e-06, 8.5540058592e-08, 9.34199495539e-10]
    },
    "erbbands": {
        "dmean": [0.729194879532, 2.61568570137, 4.36407852173, 2.72582936287, 2.63768315315, 4.97526073456, 3.32921075821, 2.75038743019, 7.92729234695, 15.8652029037, 21.1660404205, 11.476808548, 12.1938524246, 17.9129943848, 6.34091329575, 4.07889795303, 6.94585084915, 10.6175422668, 15.2578983307, 12.2772808075, 6.53906774521, 7.31180620193, 6.38060092926, 6.10275316238, 7.4552936554, 7.94039726257, 7.93339252472, 5.70676755905, 7.7964348793, 12.5748901367, 10.8340454102, 8.54901790619, 3.95974087715, 2.53286027908, 1.26434576511, 0.414923369884, 0.0827745571733, 0.0143646644428, 0.00169201102108, 6.96862261975e-05],
        "dmean2": [1.05214381218, 4.17408037186, 7.79635190964, 4.42208337784, 4.37346315384, 6.84136533737, 4.75657129288, 4.34401893616, 12.4733228683, 24.3342857361, 32.2656822205, 17.3714847565, 19.4870891571, 27.1745223999, 9.35801792145, 6.00930690765, 11.2016792297, 16.6372871399, 23.2978286743, 19.1853981018, 9.88078784943, 11.8348579407, 9.84532833099, 9.42634487152, 11.1609067917, 12.0485887527, 11.988407135, 8.55402088165, 11.7766466141, 19.444026947, 16.4461078644, 12.8719091415, 5.8532910347, 3.80309271812, 1.89208555222, 0.632478773594, 0.121638663113, 0.0224427953362, 0.00266779167578, 0.000106125837192],
        "dvar": [3.70403647423, 49.4002609253, 166.390899658, 98.9200286865, 68.9477462769, 183.843826294, 56.2560958862, 117.217391968, 1375.17053223, 3288.73876953, 6747.71289062, 1646.99865723, 1394.59448242, 2205.67407227, 288.1612854, 239.73197937, 1477.56018066, 1560.42053223, 2804.0859375, 1113.68688965, 357.932861328, 883.34197998, 370.796936035, 221.185958862, 217.360778809, 363.834442139, 288.856109619, 158.9427948, 386.482910156, 1155.83190918, 1730.71496582, 937.147521973, 126.161270142, 76.885017395, 28.5503425598, 2.07121992111, 0.0579906441271, 0.00247369636782, 2.48492342507e-05, 2.94965261105e-08],
        "dvar2": [6.61599588394, 127.524108887, 488.51864624, 248.277679443, 178.159576416, 291.582702637, 108.517654419, 284.491607666, 3350.62524414, 8094.94873047, 17081.0566406, 3758.51342773, 3425.50024414, 5598.60986328, 640.82043457, 552.958984375, 4005.13867188, 3826.39257812, 7360.28857422, 2797.24487305, 874.390075684, 2349.72119141, 824.952392578, 551.248474121, 467.213317871, 884.392944336, 706.615539551, 360.306945801, 847.36505127, 2465.72631836, 3004.60473633, 1445.15551758, 243.5103302, 160.696533203, 68.1216659546, 4.3239812851, 0.116326317191, 0.00609567575157, 5.95661949774e-05, 7.16963910463e-08],
        "max": [21.7330055237, 75.5729446411, 132.237976074, 98.9565353394, 174.942398071, 336.481048584, 112.707641602, 253.266448975, 991.975036621, 1151.95043945, 1788.44287109, 651.42401123, 624.815490723, 987.76184082, 381.72845459, 475.184661865, 1256.68676758, 829.460388184, 1227.67626953, 519.087524414, 428.7109375, 362.302062988, 267.27331543, 219.518829346, 188.263397217, 300.26663208, 272.037078857, 218.176757812, 333.99520874, 557.649230957, 1742.49902344, 1080.67114258, 337.193115234, 200.819717407, 120.698791504, 33.366569519, 5.04801464081, 1.31650340557, 0.0842273011804, 0.00209565856494],
        "mean": [1.01376247406, 3.98204755783, 5.2313079834, 3.48789286613, 4.26604509354, 13.1007070541, 7.69292211533, 5.39186239243, 12.5245914459, 24.4784851074, 36.5660438538, 16.690448761, 16.7432498932, 29.9176597595, 11.9707336426, 7.37543916702, 8.85157871246, 13.5769538879, 23.8350963593, 18.062412262, 10.6166391373, 8.37993335724, 9.37823104858, 11.0889892578, 14.1990661621, 14.4658880234, 14.4201841354, 8.54992771149, 10.2871313095, 14.5550956726, 13.1397361755, 10.3551940918, 5.77237939835, 3.87029767036, 1.79531264305, 0.536493837833, 0.106110528111, 0.0169044844806, 0.00176250538789, 0.000104941260361],
        "median": [0.279407560825, 1.209430933, 1.1945952177, 0.550093412399, 0.461452454329, 1.12129616737, 1.15713024139, 0.834764242172, 2.22919750214, 5.33035039902, 5.38701486588, 1.70316231251, 2.78938865662, 5.00010871887, 3.41946148872, 1.52121055126, 1.74388647079, 1.40660858154, 3.45577383041, 4.53891611099, 2.16527056694, 1.12142145634, 1.19632506371, 1.30064630508, 2.17531871796, 1.84378969669, 1.97229778767, 1.48433959484, 0.952923595905, 0.922964930534, 0.872819006443, 0.952850878239, 0.766398608685, 0.582379519939, 0.256768345833, 0.0576588325202, 0.014413821511, 0.00225989008322, 0.000157182192197, 4.05815699196e-05],
        "min": [1.70514034041e-21, 1.68055312372e-20, 8.13930083869e-20, 1.06526800826e-19, 1.68608541106e-19, 1.18078145436e-19, 1.53651564667e-19, 2.37756652713e-19, 2.93845727948e-19, 3.01250157653e-19, 4.93032939101e-19, 9.33055284864e-19, 1.67123674358e-18, 5.42137192676e-18, 3.10358848254e-18, 4.14094348783e-18, 4.18125572139e-18, 3.71964923492e-18, 5.2805051364e-18, 7.47602115313e-18, 7.90116634538e-18, 7.79749414485e-18, 1.22322236485e-17, 1.24657971196e-17, 2.09002749301e-17, 2.19010526291e-17, 1.30617038232e-17, 2.42931497727e-17, 1.80982171487e-17, 1.40401732882e-17, 1.95870214829e-17, 2.19554099758e-17, 1.61111010155e-17, 1.29956377348e-17, 9.13118887933e-18, 6.46251686683e-18, 3.94298138286e-18, 1.20466748362e-18, 2.89434994127e-19, 3.77148638208e-20],
        "var": [5.98410987854, 77.7807769775, 171.301254272, 104.691574097, 109.281410217, 1057.18896484, 205.919830322, 196.593475342, 1694.54309082, 4229.76074219, 11184.4775391, 2523.27880859, 1821.91638184, 4509.91650391, 751.117614746, 544.967285156, 1247.61486816, 1944.74316406, 4415.79785156, 1727.07519531, 761.48059082, 814.611633301, 605.460205078, 582.114868164, 608.260192871, 793.032287598, 630.081115723, 265.342010498, 764.710266113, 2114.20385742, 4341.13867188, 2211.6394043, 289.433258057, 157.242233276, 47.0137710571, 4.4823179245, 0.129337966442, 0.00355928158388, 3.03802735289e-05, 3.79652078664e-08]
    },
    "gfcc": {
        "mean": [-34.9049301147, 71.5784759521, -90.136100769, 31.0976276398, -57.3573379517, 24.2966976166, -31.5605144501, 19.6562576294, -14.6248989105, 11.3247652054, -14.6003494263, -2.33247971535, -3.35005712509],
        "cov": [[10529.7128906, -1591.47253418, 391.239013672, 1445.84887695, -701.159606934, 632.200866699, 426.607208252, 418.951080322, -91.4780731201, 394.671783447, 447.814575195, -106.752372742, 167.611450195], [-1591.47253418, 1734.62011719, -49.3327522278, -159.093521118, 486.250671387, -70.321723938, 136.777633667, -58.0956306458, 70.01222229, -86.6184234619, 50.2211761475, -171.989639282, 67.4774169922], [391.239013672, -49.3327522278, 1173.2109375, 416.879882812, 137.548812866, 339.430938721, 175.223175049, 15.1636285782, 83.2803039551, 4.39547014236, 23.7653388977, 17.5815315247, -75.4325027466], [1445.84887695, -159.093521118, 416.879882812, 754.68560791, 31.7192134857, 231.600952148, 198.501113892, 107.982162476, 54.0040206909, 33.1260452271, 127.331184387, -26.7106952667, 34.6188545227], [-701.159606934, 486.250671387, 137.548812866, 31.7192134857, 494.744049072, 123.177886963, 169.191299438, 49.0981445312, 116.516311646, -46.5085983276, -17.3214969635, 8.30394268036, 3.38627767563], [632.200866699, -70.321723938, 339.430938721, 231.600952148, 123.177886963, 408.630126953, 294.36114502, 67.6975021362, 68.3593902588, 50.933265686, 56.791469574, 1.77825760841, -5.33489131927], [426.607208252, 136.777633667, 175.223175049, 198.501113892, 169.191299438, 294.36114502, 411.499816895, 104.940826416, 74.0197982788, 61.7171554565, 85.0627593994, -29.9639358521, 5.73494815826], [418.951080322, -58.0956306458, 15.1636285782, 107.982162476, 49.0981445312, 67.6975021362, 104.940826416, 188.116027832, 62.8601074219, 36.4246940613, 41.0100898743, 9.44944286346, 30.9816665649], [-91.4780731201, 70.01222229, 83.2803039551, 54.0040206909, 116.516311646, 68.3593902588, 74.0197982788, 62.8601074219, 204.276672363, -3.51705884933, -14.9311828613, 43.5970954895, -27.8887081146], [394.671783447, -86.6184234619, 4.39547014236, 33.1260452271, -46.5085983276, 50.933265686, 61.7171554565, 36.4246940613, -3.51705884933, 137.58392334, 67.6137924194, -36.9392929077, 17.2831478119], [447.814575195, 50.2211761475, 23.7653388977, 127.331184387, -17.3214969635, 56.791469574, 85.0627593994, 41.0100898743, -14.9311828613, 67.6137924194, 159.890106201, -25.1680164337, 39.7523536682], [-106.752372742, -171.989639282, 17.5815315247, -26.7106952667, 8.30394268036, 1.77825760841, -29.9639358521, 9.44944286346, 43.5970954895, -36.9392929077, -25.1680164337, 162.085296631, -13.3960199356], [167.611450195, 67.4774169922, -75.4325027466, 34.6188545227, 3.38627767563, -5.33489131927, 5.73494815826, 30.9816665649, -27.8887081146, 17.2831478119, 39.7523536682, -13.3960199356, 132.726837158]],
        "icov": [[0.00018930103397, 6.93974361639e-05, 6.71921952744e-05, -0.000283952656901, 0.000223072827794, -0.000222268368816, 5.08393641212e-05, -0.000213129431359, 6.76859272062e-05, -0.000159796298249, -0.00010481128993, 8.16647516331e-05, -5.44944414287e-05], [6.93974361639e-05, 0.0014451117022, -0.000141854819958, 0.000422578828875, -0.00116345030256, 0.00085873005446, -0.000670478388201, 0.000767499441281, -0.000694354646839, 0.00120523828082, -0.00133080151863, 0.00173195532989, -0.000828598742373], [6.71921952744e-05, -0.000141854819958, 0.00146890908945, -0.000830068660434, -6.16638717474e-05, -0.00135954550933, 0.000655673677102, 0.000136756731081, 9.68913518591e-05, -0.000279829371721, 0.000261289795162, -0.000247710791882, 0.000878806400578], [-0.000283952656901, 0.000422578828875, -0.000830068660434, 0.00285786180757, -0.000377251359168, 0.00024342557299, -0.000535219558515, -0.000127107632579, -0.000735315436032, 0.00166828534566, -0.00172999640927, 0.00099450990092, -0.000754433684051], [0.000223072827794, -0.00116345030256, -6.16638717474e-05, -0.000377251359168, 0.00435453560203, -0.00102898827754, -0.000666129693855, -0.00105274934322, -0.000664518796839, 0.000292226672173, 0.00120527192485, -0.000996088492684, -0.000143999786815], [-0.000222268368816, 0.00085873005446, -0.00135954550933, 0.00024342557299, -0.00102898827754, 0.00757060060278, -0.00476726936176, 0.0013214602368, -0.000663889804855, -6.86084749759e-05, -5.03552255395e-05, 4.65351586172e-05, -0.000874755729456], [5.08393641212e-05, -0.000670478388201, 0.000655673677102, -0.000535219558515, -0.000666129693855, -0.00476726936176, 0.00713898194954, -0.00198312778957, 0.000135683381814, -0.00115780415945, -0.00103834294714, 0.000329720031004, 0.00129226676654], [-0.000213129431359, 0.000767499441281, 0.000136756731081, -0.000127107632579, -0.00105274934322, 0.0013214602368, -0.00198312778957, 0.00839726813138, -0.00244597322308, -0.000470066268463, -0.000758768816013, 8.74231627677e-05, -0.00202129455283], [6.76859272062e-05, -0.000694354646839, 9.68913518591e-05, -0.000735315436032, -0.000664518796839, -0.000663889804855, 0.000135683381814, -0.00244597322308, 0.00754818646237, -0.00144259666558, 0.00171913718805, -0.00253567658365, 0.00207281042822], [-0.000159796298249, 0.00120523828082, -0.000279829371721, 0.00166828534566, 0.000292226672173, -6.86084749759e-05, -0.00115780415945, -0.000470066268463, -0.00144259666558, 0.0123669374734, -0.00499224243686, 0.00363437598571, -0.000907046662178], [-0.00010481128993, -0.00133080151863, 0.000261289795162, -0.00172999640927, 0.00120527192485, -5.03552255395e-05, -0.00103834294714, -0.000758768816013, 0.00171913718805, -0.00499224243686, 0.0114203924313, -0.00191333761904, -0.00100441498216], [8.16647516331e-05, 0.00173195532989, -0.000247710791882, 0.00099450990092, -0.000996088492684, 4.65351586172e-05, 0.000329720031004, 8.74231627677e-05, -0.00253567658365, 0.00363437598571, -0.00191333761904, 0.00949999783188, -0.000865360663738], [-5.44944414287e-05, -0.000828598742373, 0.000878806400578, -0.000754433684051, -0.000143999786815, -0.000874755729456, 0.00129226676654, -0.00202129455283, 0.00207281042822, -0.000907046662178, -0.00100441498216, -0.000865360663738, 0.00987220648676]]
    },
    "melbands": {
        "dmean": [0.00479987030849, 0.00266560376622, 0.000452757201856, 0.000261327048065, 0.000136702161399, 6.63046521368e-05, 0.000139272568049, 0.000178782924195, 0.000163758450071, 6.63242681185e-05, 6.45383042865e-05, 7.85034499131e-05, 2.55153299804e-05, 1.07346659206e-05, 1.23844047266e-05, 2.01256552828e-05, 1.94580097741e-05, 2.41708621616e-05, 2.13998591789e-05, 1.56026235345e-05, 7.11084112481e-06, 9.0268886197e-06, 4.48733135272e-06, 6.01321517024e-06, 5.17022181157e-06, 6.36018330624e-06, 5.77054333917e-06, 5.43951364307e-06, 6.18081685388e-06, 3.89009164792e-06, 3.33119282914e-06, 4.14473925048e-06, 5.76989759793e-06, 7.849247595e-06, 6.22881725576e-06, 6.39136533209e-06, 5.0874164117e-06, 2.78127845377e-06, 2.60275828623e-06, 2.02774936042e-06],
        "dmean2": [0.00637821201235, 0.00450946763158, 0.000741892843507, 0.000372430251446, 0.000192836043425, 0.000105158622318, 0.000218862624024, 0.000269527808996, 0.000250949495239, 0.000100694189314, 0.000104288039438, 0.000120781645819, 3.8413261791e-05, 1.60337367561e-05, 1.92414481717e-05, 3.31244664267e-05, 3.00186056847e-05, 3.68679866369e-05, 3.28944261128e-05, 2.49630302278e-05, 1.11713570732e-05, 1.50252999447e-05, 6.98200892657e-06, 9.33101364353e-06, 8.04628780315e-06, 9.65303479461e-06, 8.63736022438e-06, 8.29348482512e-06, 9.46061300056e-06, 5.87921385886e-06, 5.04475792695e-06, 6.31301418252e-06, 9.11441566132e-06, 1.24546741063e-05, 9.59098451858e-06, 9.43386385188e-06, 7.90182184573e-06, 4.15982776758e-06, 3.94498238165e-06, 3.04437389786e-06],
        "dvar": [0.00014175529941, 5.53344652872e-05, 2.63498372988e-06, 4.28729833857e-07, 1.03843596833e-07, 7.33773077854e-08, 3.36721683425e-07, 3.40264818988e-07, 3.66854521872e-07, 6.17266380232e-08, 4.09365625842e-08, 4.4678277078e-08, 4.14948386762e-09, 1.40709288665e-09, 5.93490634415e-09, 6.76456091142e-09, 5.5951128175e-09, 8.01947752649e-09, 4.03100086643e-09, 2.01034078273e-09, 4.72480277125e-10, 1.42179668039e-09, 1.75555528448e-10, 3.19972881524e-10, 1.81922268916e-10, 1.66131788881e-10, 2.07049072332e-10, 1.57642190968e-10, 1.8464768603e-10, 7.28186538845e-11, 5.52335052695e-11, 1.09131842452e-10, 2.44859993392e-10, 4.60749521869e-10, 4.97283658696e-10, 9.84851533659e-10, 2.89831075806e-10, 6.3525330829e-11, 6.13837730645e-11, 6.02793370774e-11],
        "dvar2": [0.000234062958043, 0.000161447009305, 6.68819484417e-06, 7.68899553805e-07, 1.77822144565e-07, 1.72378761931e-07, 8.19658396267e-07, 7.980289638e-07, 9.26715244987e-07, 1.41579391766e-07, 1.0216902524e-07, 1.15682169621e-07, 8.9059390973e-09, 3.17792614446e-09, 1.48391228194e-08, 1.84906934209e-08, 1.32619986104e-08, 2.06753796306e-08, 1.01430046584e-08, 5.14893239156e-09, 1.10137388099e-09, 3.86643606021e-09, 3.90674936845e-10, 7.29612148476e-10, 4.69609628961e-10, 3.64321434132e-10, 4.86739371031e-10, 3.81884218692e-10, 4.6085660288e-10, 1.67684394148e-10, 1.26274254941e-10, 2.45250375563e-10, 5.25414933783e-10, 1.00201591469e-09, 9.76030478661e-10, 1.43313139134e-09, 5.1255188982e-10, 1.34326411105e-10, 1.19936269249e-10, 1.32376151707e-10],
        "max": [0.151306897402, 0.0674120038748, 0.0161268003285, 0.0173958726227, 0.00611103046685, 0.00712806731462, 0.0130059150979, 0.010298313573, 0.0122427362949, 0.00432163849473, 0.00307773961686, 0.00409495923668, 0.00132168305572, 0.00122681411449, 0.00215681409463, 0.00185886840336, 0.00169444840867, 0.00191266718321, 0.00139395496808, 0.000626096327323, 0.000616144563537, 0.000485249678604, 0.000233549289987, 0.00022079104383, 0.000196375753148, 0.000162739437656, 0.000252059078775, 0.000203612376936, 0.000207507138839, 0.000118859876238, 0.000123286896269, 0.000187774829101, 0.000311587820761, 0.000338780722814, 0.000818897678982, 0.00147113681305, 0.000573030731175, 0.000218683024286, 0.000223915456445, 0.000173957480001],
        "mean": [0.00781119707972, 0.00364257395267, 0.000586791080423, 0.000660553108901, 0.000332049996359, 0.000125982885947, 0.000217155567952, 0.000284363341052, 0.000275415630313, 8.99135338841e-05, 8.30305434647e-05, 0.000124605183373, 4.62574062112e-05, 2.06382828765e-05, 1.65002857102e-05, 2.35523039009e-05, 2.43034883169e-05, 3.57863100362e-05, 3.17516860378e-05, 2.03188319574e-05, 1.11001209007e-05, 9.6680905699e-06, 6.49609864922e-06, 8.52743141877e-06, 8.71370775712e-06, 1.11561939775e-05, 9.31201975618e-06, 9.57473184826e-06, 1.08628237285e-05, 5.75406238568e-06, 4.59675857201e-06, 5.46882802155e-06, 6.721612408e-06, 8.83204756974e-06, 7.42425572753e-06, 7.48655020288e-06, 6.01371539233e-06, 3.93807476939e-06, 3.78857589567e-06, 3.03485603581e-06],
        "median": [0.00233600335196, 0.00107736105565, 0.000104352693597, 5.1044353313e-05, 4.51090054412e-05, 1.6083358787e-05, 3.57177268597e-05, 6.51256559649e-05, 3.26201261487e-05, 7.73036663304e-06, 1.1835800251e-05, 1.91198232642e-05, 1.13111564133e-05, 5.31601426701e-06, 2.81187544715e-06, 3.26109852722e-06, 1.97759459297e-06, 3.73489842787e-06, 7.15120631867e-06, 3.26346525981e-06, 1.89987463273e-06, 1.19413289212e-06, 9.85245264928e-07, 8.38936671244e-07, 7.9456850699e-07, 1.52996983616e-06, 1.36487335567e-06, 1.07435471364e-06, 1.20695199257e-06, 9.66413267633e-07, 6.98788596765e-07, 4.0432396986e-07, 3.73553064037e-07, 5.04132231072e-07, 5.02384239098e-07, 4.43265236072e-07, 5.62630987133e-07, 4.88588113967e-07, 5.23985022483e-07, 4.4615271122e-07],
        "min": [1.7582231252e-23, 3.62314158111e-23, 2.25938125181e-23, 9.83156083999e-24, 4.9271577664e-24, 5.14589666808e-24, 4.78852216763e-24, 3.61897828879e-24, 4.12037946344e-24, 5.70769185034e-24, 9.02959379969e-24, 2.33785413699e-23, 8.88543262471e-24, 1.44704053283e-23, 7.17892848263e-24, 9.39536178017e-24, 6.45498412459e-24, 7.36373650462e-24, 1.03750126396e-23, 8.67448096346e-24, 1.00207162744e-23, 6.85701564645e-24, 1.15881647493e-23, 1.07126127638e-23, 9.3710183215e-24, 1.53117901703e-23, 1.39497587086e-23, 1.47775562104e-23, 7.49715970496e-24, 9.67784103742e-24, 1.53206900991e-23, 9.99340038787e-24, 9.16550901164e-24, 7.06556364852e-24, 9.00037123632e-24, 1.54189253699e-23, 1.22275728006e-23, 1.14718661415e-23, 1.1717950512e-23, 1.036460362e-23],
        "var": [0.000300044834148, 6.86794010107e-05, 2.74390140476e-06, 2.56086173067e-06, 3.83139393989e-07, 1.18969218477e-07, 4.58160002381e-07, 5.10844415658e-07, 6.1020011799e-07, 9.07770854042e-08, 4.95848588855e-08, 8.23632788638e-08, 1.21739409664e-08, 3.56739393581e-09, 6.3883711654e-09, 6.43890141205e-09, 7.4339747691e-09, 1.24933201562e-08, 6.29714369538e-09, 2.90216961574e-09, 1.03636921267e-09, 1.20364695988e-09, 3.09507169893e-10, 5.29370047797e-10, 4.50728204759e-10, 4.15905448969e-10, 3.7375896822e-10, 3.67263330858e-10, 3.85612458631e-10, 1.22651819257e-10, 9.0461915736e-11, 2.25208393601e-10, 4.23404533656e-10, 8.11358980002e-10, 1.1293649349e-09, 2.45011566591e-09, 5.48971590408e-10, 1.32874780623e-10, 1.31726449193e-10, 1.1333090022e-10]
    },
    "mfcc": {
        "mean": [-688.599121094, 106.289611816, 24.5196208954, 16.6567802429, 7.7338886261, 5.6473736763, 3.89399886131, 2.24368405342, 11.5806255341, 14.0976715088, -1.09407055378, 0.892184317112, 6.47320842743],
        "cov": [[9990.72167969, -2371.71533203, 766.91229248, 560.977661133, -379.677215576, 188.899307251, 685.875488281, 10.6140260696, -103.909553528, 556.253845215, 188.783920288, 97.4596939087, 30.9646587372], [-2371.71533203, 1774.88562012, -370.746917725, -73.9207229614, 228.700469971, 22.9250354767, 43.8059005737, -22.5720424652, 88.9757537842, -5.02190065384, -22.758108139, 4.22063159943, -44.1940574646], [766.91229248, -370.746917725, 1004.38702393, 229.817001343, 87.8276443481, 297.575317383, 157.690917969, 126.706375122, -4.65597057343, 92.5473480225, 98.2028656006, 2.20914149284, 93.5986099243], [560.977661133, -73.9207229614, 229.817001343, 411.107086182, 137.848876953, 76.9087524414, 116.690750122, 84.7897491455, 38.9937095642, 39.3240966797, 47.0770378113, 38.9206390381, 25.8549194336], [-379.677215576, 228.700469971, 87.8276443481, 137.848876953, 293.618347168, 62.800201416, 2.86526846886, 101.113899231, 72.163230896, -20.9408016205, 13.9788131714, 14.2994403839, 33.2636604309], [188.899307251, 22.9250354767, 297.575317383, 76.9087524414, 62.800201416, 415.878051758, 186.155776978, 170.205413818, 58.9235267639, 102.156227112, 90.3000183105, -4.04667901993, 78.7921142578], [685.875488281, 43.8059005737, 157.690917969, 116.690750122, 2.86526846886, 186.155776978, 428.845245361, 30.4844799042, 32.2763175964, 179.541244507, 49.3937721252, 26.3453006744, 41.6466941833], [10.6140260696, -22.5720424652, 126.706375122, 84.7897491455, 101.113899231, 170.205413818, 30.4844799042, 321.089599609, 111.487678528, -7.88215494156, 81.5152282715, 32.8114624023, 78.4574356079], [-103.909553528, 88.9757537842, -4.65597057343, 38.9937095642, 72.163230896, 58.9235267639, 32.2763175964, 111.487678528, 170.975250244, 45.1145553589, 34.8516273499, 11.1180400848, 36.1439857483], [556.253845215, -5.02190065384, 92.5473480225, 39.3240966797, -20.9408016205, 102.156227112, 179.541244507, -7.88215494156, 45.1145553589, 225.845031738, 59.5814704895, -4.70396757126, 18.9893131256], [188.783920288, -22.758108139, 98.2028656006, 47.0770378113, 13.9788131714, 90.3000183105, 49.3937721252, 81.5152282715, 34.8516273499, 59.5814704895, 152.906204224, 48.9097976685, 30.3698883057], [97.4596939087, 4.22063159943, 2.20914149284, 38.9206390381, 14.2994403839, -4.04667901993, 26.3453006744, 32.8114624023, 11.1180400848, -4.70396757126, 48.9097976685, 116.924293518, 25.6727371216], [30.9646587372, -44.1940574646, 93.5986099243, 25.8549194336, 33.2636604309, 78.7921142578, 41.6466941833, 78.4574356079, 36.1439857483, 18.9893131256, 30.3698883057, 25.6727371216, 118.710777283]],
