{
"lowlevel": {
    "average_loudness": 0.948309898376,
    "barkbands_crest": {
        "dmean": 2.48963093758,
        "dmean2": 4.09081554413,
        "dvar": 5.30762910843,
        "dvar2": 14.0560941696,
        "max": 23.2514133453,
        "mean": 9.69535732269,
        "median": 9.25873565674,
        "min": 2.18075275421,
        "var": 11.9190721512
    },
    "barkbands_flatness_db": {
        "dmean": 0.0310701746494,
        "dmean2": 0.0426050536335,
        "dvar": 0.00104987772647,
        "dvar2": 0.00184582872316,
        "max": 0.446806877851,
        "mean": 0.149671137333,
        "median": 0.137670457363,
        "min": 0.0118692331016,
        "var": 0.0055520972237
    },
    "barkbands_kurtosis": {
        "dmean": 6.97644662857,
        "dmean2": 10.5959787369,
        "dvar": 109.715667725,
        "dvar2": 239.691207886,
        "max": 107.72240448,
        "mean": 12.2016000748,
        "median": 5.39856719971,
        "min": -1.93074297905,
        "var": 308.813842773
    },
    "barkbands_skewness": {
        "dmean": 0.807851970196,
        "dmean2": 1.20828557014,
        "dvar": 0.685175776482,
        "dvar2": 1.54447793961,
        "max": 9.43465614319,
        "mean": 2.36796760559,
        "median": 2.17402720451,
        "min": -2.67581701279,
        "var": 3.00445055962
    },
    "barkbands_spread": {
        "dmean": 8.45751667023,
        "dmean2": 12.3840484619,
        "dvar": 120.060791016,
        "dvar2": 280.579681396,
        "max": 107.986862183,
        "mean": 22.0538387299,
        "median": 17.6089916229,
        "min": 0.703068614006,
        "var": 316.49597168
    },
    "dissonance": {
        "dmean": 0.0188844632357,
        "dmean2": 0.0311478432268,
        "dvar": 0.000418173411163,
        "dvar2": 0.00110719364602,
        "max": 0.500000059605,
        "mean": 0.462084531784,
        "median": 0.4707262218,
        "min": 0.255170404911,
        "var": 0.000958787451964
    },
    "dynamic_complexity": 3.52955269814,
    "erbbands_crest": {
        "dmean": 2.73477983475,
        "dmean2": 4.2323641777,
        "dvar": 7.00446271896,
        "dvar2": 16.096496582,
        "max": 28.3482246399,
        "mean": 8.9979724884,
        "median": 8.01419448853,
        "min": 2.31411552429,
        "var": 20.6368904114
    },
    "erbbands_flatness_db": {
        "dmean": 0.0243869647384,
        "dmean2": 0.032436080277,
        "dvar": 0.000550961121917,
        "dvar2": 0.000960119941738,
        "max": 0.318305194378,
        "mean": 0.13345259428,
        "median": 0.129461243749,
        "min": 0.0379380956292,
        "var": 0.00234949565493
    },
    "erbbands_kurtosis": {
        "dmean": 1.84411740303,
        "dmean2": 2.80124878883,
        "dvar": 19.3539886475,
        "dvar2": 38.834815979,
        "max": 73.7089233398,
        "mean": 1.37064027786,
        "median": -0.355937004089,
        "min": -1.84237861633,
        "var": 35.0079650879
    },
    "erbbands_skewness": {
        "dmean": 0.541049540043,
        "dmean2": 0.769370079041,
        "dvar": 0.360076963902,
        "dvar2": 0.708121776581,
        "max": 6.70189142227,
        "mean": 0.540572166443,
        "median": 0.405095070601,
        "min": -3.91743350029,
        "var": 1.44310390949
    },
    "erbbands_spread": {
        "dmean": 14.6260547638,
        "dmean2": 21.2539901733,
        "dvar": 266.052276611,
        "dvar2": 583.563720703,
        "max": 162.479217529,
        "mean": 54.3842163086,
        "median": 49.8078613281,
        "min": 2.86246585846,
        "var": 917.17010498
    },
    "hfc": {
        "dmean": 10.0421934128,
        "dmean2": 14.7506227493,
        "dvar": 281.039855957,
        "dvar2": 652.806274414,
        "max": 173.960540771,
        "mean": 18.194311142,
        "median": 8.93438243866,
        "min": 0.00137650500983,
        "var": 525.8203125
    },
    "melbands_crest": {
        "dmean": 3.15146040916,
        "dmean2": 5.1721496582,
        "dvar": 7.87113857269,
        "dvar2": 19.7988758087,
        "max": 34.7217979431,
        "mean": 14.5567512512,
        "median": 14.32442379,
        "min": 4.10807228088,
        "var": 19.9703731537
    },
    "melbands_flatness_db": {
        "dmean": 0.0383162274957,
        "dmean2": 0.053559012711,
        "dvar": 0.00161393918097,
        "dvar2": 0.00297000794671,
        "max": 0.583692610264,
        "mean": 0.232872024179,
        "median": 0.22108258307,
        "min": 0.0311358366162,
        "var": 0.00953221227974
    },
    "melbands_kurtosis": {
        "dmean": 18.9876213074,
        "dmean2": 29.6455211639,
        "dvar": 855.277160645,
        "dvar2": 1946.38110352,
        "max": 359.007751465,
        "mean": 38.8451652527,
        "median": 20.4592647552,
        "min": -1.8658182621,
        "var": 2293.4543457
    },
    "melbands_skewness": {
        "dmean": 1.18503451347,
        "dmean2": 1.78583240509,
        "dvar": 1.68835103512,
        "dvar2": 3.7655274868,
        "max": 13.9638490677,
        "mean": 4.12311887741,
        "median": 3.60737347603,
        "min": -0.74500054121,
        "var": 6.97343969345
    },
    "melbands_spread": {
        "dmean": 8.16854763031,
        "dmean2": 12.0725374222,
        "dvar": 197.07635498,
        "dvar2": 447.069396973,
        "max": 206.394134521,
        "mean": 20.0497589111,
        "median": 12.1322917938,
        "min": 0.55955517292,
        "var": 510.754394531
    },
    "pitch_salience": {
        "dmean": 0.0723207071424,
        "dmean2": 0.118486687541,
        "dvar": 0.0044922651723,
        "dvar2": 0.01160898339,
        "max": 0.929868042469,
        "mean": 0.583158612251,
        "median": 0.595909059048,
        "min": 0.172640442848,
        "var": 0.0109785310924
    },
    "silence_rate_20dB": {
        "dmean": 0,
        "dmean2": 0,
        "dvar": 0,
        "dvar2": 0,
        "max": 1,
        "mean": 1,
        "median": 1,
        "min": 1,
        "var": 0
    },
    "silence_rate_30dB": {
        "dmean": 0.0108359130099,
        "dmean2": 0.0216802172363,
        "dvar": 0.0107185207307,
        "dvar2": 0.025855679065,
        "max": 1,
        "mean": 0.991489350796,
        "median": 1,
        "min": 0,
        "var": 0.00843824911863
    },
    "silence_rate_60dB": {
        "dmean": 0.0402476787567,
        "dmean2": 0.0805265158415,
        "dvar": 0.0386271215975,
        "dvar2": 0.0887538641691,
        "max": 1,
        "mean": 0.0808510631323,
        "median": 0,
        "min": 0,
        "var": 0.0743103772402
    },
    "spectral_centroid": {
        "dmean": 358.39453125,
        "dmean2": 522.781799316,
        "dvar": 187299.90625,
        "dvar2": 430580.8125,
        "max": 4616.66699219,
        "mean": 1192.02587891,
        "median": 1035.56530762,
        "min": 146.349761963,
        "var": 648318.5
    },
    "spectral_complexity": {
        "dmean": 4.94427251816,
        "dmean2": 7.14014720917,
        "dvar": 47.3056335449,
        "dvar2": 84.4429016113,
        "max": 57,
        "mean": 12.9025144577,
        "median": 10,
        "min": 0,
        "var": 123.027511597
    },
    "spectral_decrease": {
        "dmean": 4.18576906469e-09,
        "dmean2": 7.35146654662e-09,
        "dvar": 7.87387070865e-17,
        "dvar2": 2.2228185356e-16,
        "max": -3.01662991462e-12,
        "mean": -6.13449335773e-09,
        "median": -4.06551281529e-09,
        "min": -6.33038936826e-08,
        "var": 5.74591681913e-17
    },
    "spectral_energy": {
        "dmean": 0.0165860727429,
        "dmean2": 0.0288372300565,
        "dvar": 0.00118714710698,
        "dvar2": 0.00334337796085,
        "max": 0.244795307517,
        "mean": 0.0248032864183,
        "median": 0.0163709651679,
        "min": 1.22525325423e-05,
        "var": 0.000896085752174
    },
    "spectral_energyband_high": {
        "dmean": 0.000760706781875,
        "dmean2": 0.00107863917947,
        "dvar": 1.75175830464e-06,
        "dvar2": 3.62873197446e-06,
        "max": 0.0214404687285,
        "mean": 0.0011744427029,
        "median": 0.000351911701728,
        "min": 8.13550684597e-08,
        "var": 4.21386630478e-06
    },
    "spectral_energyband_low": {
        "dmean": 0.0096284719184,
        "dmean2": 0.0173901952803,
        "dvar": 0.000691503344569,
        "dvar2": 0.00196793163195,
        "max": 0.187483072281,
        "mean": 0.0111134424806,
        "median": 0.00728590460494,
        "min": 2.20005563278e-06,
        "var": 0.000438193470472
    },
    "spectral_energyband_middle_high": {
        "dmean": 0.00177198240999,
        "dmean2": 0.00261725322343,
        "dvar": 1.21394687085e-05,
        "dvar2": 2.71654607786e-05,
        "max": 0.0501485690475,
        "mean": 0.00364784407429,
        "median": 0.000873786571901,
        "min": 3.41485097977e-08,
        "var": 4.07591505791e-05
    },
    "spectral_energyband_middle_low": {
        "dmean": 0.00759710464627,
        "dmean2": 0.0133389299735,
        "dvar": 0.000201906281291,
        "dvar2": 0.0005598347052,
        "max": 0.0985186770558,
        "mean": 0.0105202160776,
        "median": 0.00662798108533,
        "min": 1.11570523131e-06,
        "var": 0.000170665603946
    },
    "spectral_entropy": {
        "dmean": 0.284619987011,
        "dmean2": 0.383649379015,
        "dvar": 0.0918547064066,
        "dvar2": 0.162331148982,
        "max": 8.65009498596,
        "mean": 7.5083732605,
        "median": 7.62539052963,
        "min": 4.71471309662,
        "var": 0.396366894245
    },
    "spectral_flux": {
        "dmean": 0.0402953885496,
        "dmean2": 0.0625593364239,
        "dvar": 0.00379271060228,
        "dvar2": 0.0072077200748,
        "max": 0.434405565262,
        "mean": 0.0854307934642,
        "median": 0.0612735785544,
        "min": 0.00100471172482,
        "var": 0.00563888717443
    },
    "spectral_kurtosis": {
        "dmean": 1.64216351509,
        "dmean2": 2.53278660774,
        "dvar": 9.89310073853,
        "dvar2": 22.9391460419,
        "max": 69.4535903931,
        "mean": 3.82986307144,
        "median": 2.64384937286,
        "min": -0.645221471786,
        "var": 18.396062851
    },
    "spectral_rms": {
        "dmean": 0.00131950119976,
        "dmean2": 0.00215126411058,
        "dvar": 4.41936344941e-06,
        "dvar2": 1.19660780911e-05,
        "max": 0.0154539542273,
        "mean": 0.00434932718053,
        "median": 0.00399645743892,
        "min": 0.000109332933789,
        "var": 5.28164673597e-06
    },
    "spectral_rolloff": {
        "dmean": 609.914550781,
        "dmean2": 979.198913574,
        "dvar": 1487913,
        "dvar2": 3430334.5,
        "max": 12704.5898438,
        "mean": 1270.75488281,
        "median": 495.263671875,
        "min": 21.533203125,
        "var": 2680762
    },
    "spectral_skewness": {
        "dmean": 0.285119444132,
        "dmean2": 0.416969686747,
        "dvar": 0.132322847843,
        "dvar2": 0.290167748928,
        "max": 6.77531385422,
        "mean": 1.47716999054,
        "median": 1.33987593651,
        "min": -0.194082558155,
        "var": 0.423620760441
    },
    "spectral_spread": {
        "dmean": 910776.75,
        "dmean2": 1245543.875,
        "dvar": 1.01819999846e+12,
        "dvar2": 2.01927661978e+12,
        "max": 18293432,
        "mean": 5768904.5,
        "median": 5474371.5,
        "min": 1728665.625,
        "var": 3.45024600474e+12
    },
    "spectral_strongpeak": {
        "dmean": 0.456428825855,
        "dmean2": 0.766910195351,
        "dvar": 0.850954055786,
        "dvar2": 2.16516160965,
        "max": 10.575170517,
        "mean": 0.7551907897,
        "median": 0.311218589544,
        "min": 0,
        "var": 1.66179597378
    },
    "zerocrossingrate": {
        "dmean": 0.015832670033,
        "dmean2": 0.0178692415357,
        "dvar": 0.000274955469649,
        "dvar2": 0.000325230939779,
        "max": 0.337890625,
        "mean": 0.0632053166628,
        "median": 0.05517578125,
        "min": 0.00341796875,
        "var": 0.00176266243216
    },
    "barkbands": {
        "dmean": [0.000386946572689, 0.00489914324135, 0.00388670037501, 0.00258562876843, 0.00331757497042, 0.000805786403362, 0.000709077576175, 0.000653798750136, 0.000710354768671, 0.000318507489283, 0.000292881100904, 0.000239057917497, 0.000268269650405, 0.00042195423157, 0.000216346481466, 0.000160695140949, 0.000154046225362, 0.000179205293534, 0.000149909377797, 0.000185739219887, 0.000195072963834, 0.000196587541723, 0.000111933281005, 7.22398399375e-05, 9.06613204279e-05, 5.3390449466e-05, 3.00905649055e-05],
        "dmean2": [0.000591338961385, 0.00885424856097, 0.00725391646847, 0.00470834225416, 0.00595278805122, 0.00134377274662, 0.00115334358998, 0.0011182205053, 0.00107440119609, 0.000486389093567, 0.000396424380597, 0.000364921870641, 0.000436183850979, 0.000637218763586, 0.000325638597133, 0.000238809268922, 0.000249519915087, 0.000284658686724, 0.000236365624005, 0.000282758497633, 0.000304052751744, 0.000303237669868, 0.000157728165505, 0.000103684942587, 0.000135621041409, 8.1890662841e-05, 4.77992070955e-05],
        "dvar": [7.92979619746e-07, 0.000184693533811, 0.000118567986647, 3.02058524539e-05, 4.67984900752e-05, 2.78878201243e-06, 2.54232077168e-06, 3.00745205095e-06, 6.02827276452e-06, 1.28910619424e-06, 1.0953652918e-06, 6.96247866472e-07, 6.69872804338e-07, 1.59299702318e-06, 4.22667625344e-07, 1.54364144578e-07, 1.27100946656e-07, 2.2824235657e-07, 1.54815069209e-07, 1.60090422696e-07, 1.40605337151e-07, 1.74558593358e-07, 4.48566623845e-08, 1.69431615404e-08, 2.96603488437e-08, 1.22207355346e-08, 5.04114261446e-09],
        "dvar2": [1.89317938748e-06, 0.000522217946127, 0.000344375643181, 8.72153832461e-05, 0.000129756168462, 7.06326727595e-06, 6.20406080998e-06, 7.63378739066e-06, 1.20864724522e-05, 2.96083408102e-06, 1.74985723334e-06, 1.41436453305e-06, 1.77359606823e-06, 3.45527314494e-06, 8.33659896671e-07, 3.22028398614e-07, 3.12558540827e-07, 4.80702681216e-07, 3.88482760627e-07, 3.59718683285e-07, 3.26770759784e-07, 3.8441498873e-07, 8.03141162464e-08, 3.45607809038e-08, 6.71236293215e-08, 2.80259726537e-08, 1.17776544073e-08],
        "max": [0.00859321746975, 0.104783833027, 0.0862208902836, 0.053270407021, 0.0573511868715, 0.0248407963663, 0.0255494378507, 0.028188707307, 0.0639988481998, 0.0385673716664, 0.0434403605759, 0.0310075245798, 0.0109419161454, 0.0211772155017, 0.0173168294132, 0.0159523244947, 0.00463449861854, 0.0142377568409, 0.0104960883036, 0.00740406196564, 0.00714288232848, 0.010642753914, 0.00431250967085, 0.0027699645143, 0.00184594746679, 0.000946135725826, 0.000590628711507],
        "mean": [0.000410954817198, 0.00506710028276, 0.00406088214368, 0.00313160824589, 0.00348375597969, 0.00116529664956, 0.000959288561717, 0.000664386316203, 0.000982701661997, 0.000495113199577, 0.000578889274038, 0.000359965692041, 0.000320402061334, 0.00061359629035, 0.000318844220601, 0.000247104791924, 0.000192128049093, 0.000273262994597, 0.000198958165129, 0.000278878200334, 0.000268341129413, 0.000280619249679, 0.000164699566085, 0.000102303893073, 0.000105505663669, 5.29103854205e-05, 2.57734209299e-05],
        "median": [0.000124406273244, 0.00257567455992, 0.0019893583376, 0.00192303711083, 0.00174284749664, 0.000343270396115, 0.000184052390978, 9.36610958888e-05, 9.8535703728e-05, 6.48731074762e-05, 4.78588299302e-05, 4.62501666334e-05, 4.81803981529e-05, 5.0111386372e-05, 4.47042402811e-05, 4.69702135888e-05, 4.19342395617e-05, 5.33023012395e-05, 3.94553717342e-05, 5.63688772672e-05, 6.36504119029e-05, 7.0835929364e-05, 4.20294709329e-05, 2.75946022157e-05, 2.48723226832e-05, 8.40757820697e-06, 6.41125666334e-07],
        "min": [3.1303095227e-08, 6.32382040067e-08, 3.91430603486e-08, 3.26109500293e-07, 4.36524487668e-07, 2.52716940707e-08, 3.67290908798e-09, 4.28146229581e-09, 4.23029611341e-09, 2.53998155841e-09, 6.96972590752e-10, 2.42478037649e-09, 1.92562787937e-09, 1.62133417803e-09, 1.25517218841e-09, 1.89200477507e-09, 2.31207697432e-09, 2.96134650135e-09, 4.91613061371e-09, 7.44271044795e-09, 2.16169180334e-08, 1.20473906406e-08, 1.23403260943e-08, 9.7343209049e-09, 9.38029565134e-09, 4.44540848576e-09, 4.8770361083e-09],
        "var": [7.69087648678e-07, 0.000119262382213, 7.03740297467e-05, 2.12908635149e-05, 3.348368773e-05, 4.87964780405e-06, 4.78586525787e-06, 3.01836303152e-06, 1.428642463e-05, 2.55470899901e-06, 5.37805181011e-06, 2.68914686785e-06, 7.54183020035e-07, 3.3081410038e-06, 1.09837253603e-06, 6.18680360276e-07, 1.88090780284e-07, 4.68374452112e-07, 2.24166996077e-07, 3.22013192999e-07, 2.70731220553e-07, 4.37014961108e-07, 1.24208128227e-07, 3.57794718298e-08, 3.89285652602e-08, 1.31137021242e-08, 4.86864459859e-09]
    },
    "erbbands": {
        "dmean": [0.117706082761, 1.22151517868, 4.039894104, 7.17713117599, 10.4224901199, 11.6197977066, 7.08254528046, 6.4101729393, 9.40478610992, 13.7362375259, 11.7969646454, 17.9494400024, 9.90891361237, 11.1455135345, 10.50847435, 9.15402984619, 12.0476856232, 19.3967895508, 15.5645456314, 7.98670768738, 8.9018535614, 7.98726463318, 9.06644439697, 8.47833919525, 6.92032718658, 9.00869464874, 8.19982814789, 7.9753704071, 7.43170547485, 5.20058631897, 2.67161655426, 1.69711899757, 1.17327105999, 1.12882494926, 0.586372852325, 0.254396051168, 0.0905573740602, 0.0288954172283, 0.0054588932544, 0.000261829874944],
        "dmean2": [0.204430669546, 2.235247612, 7.54839849472, 13.1559476852, 19.1698036194, 20.5708408356, 11.8238325119, 10.7732925415, 15.0515642166, 22.9249153137, 19.9129047394, 26.6256313324, 15.2583599091, 16.4618606567, 14.6827926636, 13.8738851547, 19.314994812, 29.3230228424, 23.5426139832, 12.0089511871, 13.2636756897, 12.8661365509, 14.547077179, 12.8487558365, 10.9835596085, 13.8198404312, 12.5556592941, 12.6174097061, 11.5378732681, 7.60533618927, 3.75429034233, 2.4547097683, 1.69932043552, 1.68807566166, 0.891049206257, 0.386504799128, 0.141992554069, 0.0456082299352, 0.00868852995336, 0.000416898459662],
        "dvar": [0.0947794467211, 12.0808992386, 134.949417114, 290.408813477, 439.232147217, 614.749816895, 153.20513916, 243.076812744, 451.263977051, 1262.98852539, 851.239257812, 4750.30175781, 1384.578125, 1185.77026367, 1204.07055664, 705.024353027, 1237.10437012, 3193.19287109, 1873.29174805, 294.388458252, 560.664001465, 332.905822754, 574.938659668, 565.298278809, 217.645004272, 379.399139404, 301.762420654, 241.636810303, 262.097015381, 106.099212646, 26.7199440002, 10.3280344009, 4.4188079834, 4.68561029434, 1.25140571594, 0.255553334951, 0.0379810221493, 0.00435748090968, 0.000169157618075, 3.63266138947e-07],
        "dvar2": [0.257873684168, 34.6839752197, 391.422210693, 842.298583984, 1239.71875, 1685.41809082, 389.881011963, 627.704406738, 1073.40393066, 3242.15356445, 2021.7355957, 9595.859375, 3017.73950195, 2440.04077148, 2101.95849609, 1343.06518555, 3263.45654297, 6721.69238281, 3835.76953125, 583.006652832, 1186.37268066, 835.28338623, 1167.91186523, 1160.44909668, 517.670715332, 842.885131836, 677.032592773, 596.669616699, 594.951782227, 206.243423462, 51.6394805908, 20.2475261688, 9.45732307434, 10.5978403091, 2.87158441544, 0.580045282841, 0.0882270634174, 0.0101220337674, 0.000398468982894, 8.57311363234e-07],
        "max": [2.27801322937, 25.5261116028, 92.8375167847, 147.324691772, 169.431915283, 207.959869385, 214.401885986, 236.500869751, 290.458190918, 559.430541992, 704.104431152, 1984.09277344, 1076.4934082, 1029.73791504, 899.838928223, 1074.25146484, 574.328430176, 1138.21459961, 970.492614746, 439.053649902, 1070.12939453, 260.659118652, 724.634094238, 677.260314941, 189.394439697, 359.962524414, 332.695648193, 255.986465454, 419.501342773, 236.484436035, 118.457458496, 82.4242095947, 43.4016304016, 23.2550849915, 11.2646884918, 4.22762966156, 1.66986727715, 0.519810080528, 0.1165837273, 0.00527396658435],
        "mean": [0.113112196326, 1.26786029339, 4.39286708832, 8.35623645782, 10.8669214249, 12.0522575378, 9.86472702026, 9.04264354706, 13.338848114, 15.6769962311, 13.8899269104, 24.1947193146, 15.2905263901, 21.346830368, 20.7819843292, 13.5505256653, 15.8405399323, 26.7139816284, 25.1322307587, 13.0464658737, 14.0876131058, 10.9201374054, 14.5307254791, 12.6170511246, 9.44508171082, 13.5742111206, 12.3746051788, 10.3628473282, 10.5154247284, 7.51598596573, 4.01186847687, 2.42488336563, 1.59515893459, 1.3409897089, 0.656480550766, 0.264922887087, 0.0866859927773, 0.0260586645454, 0.00463796732947, 0.000236063075135],
        "median": [0.0415235608816, 0.682752788067, 2.3512544632, 5.11492156982, 6.40549898148, 5.31842803955, 3.80292391777, 2.50768566132, 2.88133335114, 2.96721053123, 2.58561229706, 2.30600333214, 2.07433629036, 2.51982522011, 2.21460056305, 2.2513885498, 2.64789676666, 2.91504812241, 2.49093031883, 2.51695489883, 2.82079315186, 2.50328707695, 2.74487757683, 2.64142465591, 2.0808236599, 2.77476596832, 2.492010355, 2.6375746727, 2.69038915634, 1.79079782963, 1.15446901321, 0.637762606144, 0.408532112837, 0.307131737471, 0.164014369249, 0.05324614048, 0.010174587369, 0.00176333996933, 0.000103770165879, 3.18943821185e-05],
        "min": [1.31883198264e-05, 1.02796238934e-05, 5.56417326152e-05, 0.00114509649575, 0.00168884149753, 0.00129284244031, 0.00048714238801, 0.000144399295095, 0.00011896801152, 0.000200535650947, 0.000125062244479, 6.48321874905e-05, 0.000109423934191, 8.05017407401e-05, 6.26509208814e-05, 0.000114245936857, 0.000107480307634, 0.000122191006085, 6.95725611877e-05, 8.50142168929e-05, 0.000109272448753, 0.000130828469992, 0.000170045081177, 0.000133232053486, 0.000428853119956, 0.000286370690446, 0.000600387109444, 0.000929404981434, 0.00046164446394, 0.000438903603936, 0.000294195400784, 0.000214376341319, 0.00016364545445, 0.000111829554953, 6.22926891083e-05, 1.78632890311e-05, 8.54075005918e-06, 7.86744840298e-06, 2.63315797611e-07, 2.56507277641e-08],
        "var": [0.0684125572443, 7.43742465973, 79.9268112183, 183.554504395, 285.854766846, 460.565002441, 255.610183716, 403.828887939, 939.270996094, 1487.87573242, 1334.64379883, 10486.1503906, 2521.27050781, 4989.17773438, 5231.09228516, 2298.96606445, 1602.83032227, 5357.60986328, 5371.38769531, 920.162353516, 2390.45581055, 512.739379883, 1478.43640137, 983.418457031, 345.132843018, 760.084289551, 666.976379395, 405.560333252, 621.113464355, 306.770507812, 71.8798980713, 23.5373077393, 8.06804561615, 6.41285419464, 1.53851747513, 0.286517739296, 0.0393530838192, 0.00439901649952, 0.00016000897449, 3.41264836834e-07]
    },
    "gfcc": {
        "mean": [-28.1704101562, 77.9519577026, -83.4126815796, 44.5275230408, -53.6056938171, 14.6098566055, -35.2246055603, 1.23196971416, -27.4360618591, 0.269924610853, -21.8218154907, -2.36981320381, -12.354259491],
        "cov": [[9645.78027344, -1507.29541016, -1353.51037598, -509.277130127, -385.780090332, -47.653465271, 0.29795986414, 136.79788208, 167.608139038, 311.98815918, 37.5063171387, -19.9403018951, -168.968780518], [-1507.29541016, 1694.60241699, -87.1708145142, -36.7063179016, 273.738647461, 9.68706893921, 69.8444442749, -37.6933898926, -10.242433548, -128.000930786, 63.0796127319, -61.8375892639, 50.5807571411], [-1353.51037598, -87.1708145142, 1455.1138916, 389.084533691, 326.326385498, 140.292816162, 140.693725586, 2.85775971413, 19.0493755341, -54.606716156, -45.6537094116, 34.4148292542, 7.68492126465], [-509.277130127, -36.7063179016, 389.084533691, 469.659912109, 95.1135864258, 28.1551399231, 30.9330921173, 17.1602611542, -6.30877351761, -27.4142436981, -20.3935413361, -10.2569513321, 25.8096179962], [-385.780090332, 273.738647461, 326.326385498, 95.1135864258, 397.694000244, 85.4131469727, 84.2882919312, 26.7723464966, 15.2432317734, -74.3159866333, 9.38159275055, 13.9168844223, 23.6391334534], [-47.653465271, 9.68706893921, 140.292816162, 28.1551399231, 85.4131469727, 224.268310547, 117.981277466, 14.8066453934, -12.8453044891, -8.86186504364, -9.02520751953, -11.3492660522, -25.8052558899], [0.29795986414, 69.8444442749, 140.693725586, 30.9330921173, 84.2882919312, 117.981277466, 188.09703064, 23.0600833893, -7.75048303604, -10.6202735901, -1.46443033218, -31.1247348785, -30.1657943726], [136.79788208, -37.6933898926, 2.85775971413, 17.1602611542, 26.7723464966, 14.8066453934, 23.0600833893, 120.540771484, 30.9227638245, -9.48062992096, -5.57690191269, 3.11042404175, -7.10980129242], [167.608139038, -10.242433548, 19.0493755341, -6.30877351761, 15.2432317734, -12.8453044891, -7.75048303604, 30.9227638245, 93.7355575562, 35.8372840881, -12.6421852112, -10.8203048706, -0.583463966846], [311.98815918, -128.000930786, -54.606716156, -27.4142436981, -74.3159866333, -8.86186504364, -10.6202735901, -9.48062992096, 35.8372840881, 106.588890076, 13.3363018036, -10.5645313263, -18.8480548859], [37.5063171387, 63.0796127319, -45.6537094116, -20.3935413361, 9.38159275055, -9.02520751953, -1.46443033218, -5.57690191269, -12.6421852112, 13.3363018036, 78.0618362427, 25.511177063, -1.03876495361], [-19.9403018951, -61.8375892639, 34.4148292542, -10.2569513321, 13.9168844223, -11.3492660522, -31.1247348785, 3.11042404175, -10.8203048706, -10.5645313263, 25.511177063, 82.5834960938, 28.0320549011], [-168.968780518, 50.5807571411, 7.68492126465, 25.8096179962, 23.6391334534, -25.8052558899, -30.1657943726, -7.10980129242, -0.583463966846, -18.8480548859, -1.03876495361, 28.0320549011, 65.1358261108]],
        "icov": [[0.00016766563931, 0.000166010955581, 0.000187836398254, 4.40306939709e-05, -0.000114122958621, 4.08959422202e-05, -0.000173673921381, -3.24649918184e-05, -0.000252549856668, -0.000152836728375, -7.64712603996e-05, -4.88439691253e-05, 0.000213375242311], [0.000166010955581, 0.00107640854549, 0.000299282983178, 0.000202440089197, -0.000603163440246, 0.000104559869214, -0.000367909466149, 0.000420132215368, -0.000699098047335, 0.00101983640343, -0.00137484504376, 0.00141896679997, -0.000728710961994], [0.000187836398254, 0.000299282983178, 0.00142897770274, -0.000809184159152, -0.000888055015821, -1.97543959075e-05, -0.000806196359918, 0.000631264410913, -0.000782955263276, -0.000101321631519, 0.000745393219404, -0.00127207639161, 0.000939913385082], [4.40306939709e-05, 0.000202440089197, -0.000809184159152, 0.003040764248, -0.000130340442411, 2.2368691134e-05, 0.000205491043744, -0.000791892234702, 0.000770420127083, -1.45901221913e-05, -0.00041064695688, 0.00188049382996, -0.00190066522919], [-0.000114122958621, -0.000603163440246, -0.000888055015821, -0.000130340442411, 0.00466453609988, -0.00103742443025, -0.000686400919221, -0.000230246994761, -0.0018586673541, 0.00274834851734, -0.00139137764927, -0.00035587392631, -0.00120852689724], [4.08959422202e-05, 0.000104559869214, -1.97543959075e-05, 2.2368691134e-05, -0.00103742443025, 0.00720404135063, -0.00399864558131, -9.96487869998e-05, 0.00125145015772, -0.00097416510107, 0.00156698666979, -0.00125433318317, 0.00168032525107], [-0.000173673921381, -0.000367909466149, -0.000806196359918, 0.000205491043744, -0.000686400919221, -0.00399864558131, 0.00990058854222, -0.00167929194868, 0.00167123775464, -8.8563443569e-05, -0.00119613634888, 0.00351604679599, 0.00137276924215], [-3.24649918184e-05, 0.000420132215368, 0.000631264410913, -0.000791892234702, -0.000230246994761, -9.96487869998e-05, -0.00167929194868, 0.0107003385201, -0.00520357722417, 0.00326192658395, -0.000143297627801, -0.00196605408564, 0.0020042899996], [-0.000252549856668, -0.000699098047335, -0.000782955263276, 0.000770420127083, -0.0018586673541, 0.00125145015772, 0.00167123775464, -0.00520357722417, 0.0175270531327, -0.00836367346346, 0.00412984145805, 0.00174297206104, -0.00189622328617], [-0.000152836728375, 0.00101983640343, -0.000101321631519, -1.45901221913e-05, 0.00274834851734, -0.00097416510107, -8.8563443569e-05, 0.00326192658395, -0.00836367346346, 0.0172036141157, -0.00611704960465, 0.00250288960524, 0.00148948526476], [-7.64712603996e-05, -0.00137484504376, 0.000745393219404, -0.00041064695688, -0.00139137764927, 0.00156698666979, -0.00119613634888, -0.000143297627801, 0.00412984145805, -0.00611704960465, 0.0192888081074, -0.00893589481711, 0.00392041075975], [-4.88439691253e-05, 0.00141896679997, -0.00127207639161, 0.00188049382996, -0.00035587392631, -0.00125433318317, 0.00351604679599, -0.00196605408564, 0.00174297206104, 0.00250288960524, -0.00893589481711, 0.02175889723, -0.0095445420593], [0.000213375242311, -0.000728710961994, 0.000939913385082, -0.00190066522919, -0.00120852689724, 0.00168032525107, 0.00137276924215, 0.0020042899996, -0.00189622328617, 0.00148948526476, 0.00392041075975, -0.0095445420593, 0.0236571561545]]
    },
    "melbands": {
        "dmean": [0.00120707647875, 0.00196420541033, 0.00129505130462, 0.000863075605594, 0.0002710026165, 0.00014783446386, 0.000141205615364, 0.000154046996613, 9.73128044279e-05, 0.000110640998173, 4.77692301502e-05, 4.54664259451e-05, 4.04263555538e-05, 2.45561186603e-05, 2.62052544713e-05, 2.76727678283e-05, 4.0134837036e-05, 2.87795865006e-05, 1.41094833452e-05, 9.81051380222e-06, 1.09408665594e-05, 8.69384257385e-06, 9.30986243475e-06, 8.32384466776e-06, 7.24654864825e-06, 5.42814223081e-06, 5.26730082129e-06, 6.43815064905e-06, 5.53261224923e-06, 4.68972939416e-06, 4.92903791383e-06, 4.57160058431e-06, 3.44905652128e-06, 2.91692117571e-06, 1.62946253113e-06, 1.15529076083e-06, 1.02887645426e-06, 7.98177666184e-07, 9.13748124276e-07, 9.99200892693e-07],
        "dmean2": [0.00213734759018, 0.00364405708387, 0.0023708990775, 0.0015611553099, 0.000457570393337, 0.000247561314609, 0.000226248914259, 0.000258689949987, 0.000160725510796, 0.000165091376402, 7.40910691093e-05, 6.79155054968e-05, 5.4974527302e-05, 3.54285293724e-05, 4.31337612099e-05, 4.37109629274e-05, 6.06998037256e-05, 4.3184561946e-05, 2.11091228266e-05, 1.4896923858e-05, 1.64919529198e-05, 1.42059825521e-05, 1.47008695421e-05, 1.32218156068e-05, 1.11328672574e-05, 8.83860138856e-06, 8.35038463265e-06, 9.8885884654e-06, 8.51536788105e-06, 7.41136500437e-06, 7.95670985099e-06, 7.23681250747e-06, 5.23936614627e-06, 4.30136879004e-06, 2.31438912124e-06, 1.66740449004e-06, 1.53416613102e-06, 1.17489037166e-06, 1.3677924926e-06, 1.51487586209e-06],
        "dvar": [1.05456447272e-05, 3.22406631312e-05, 8.48298623168e-06, 3.33752677761e-06, 2.13279719219e-07, 1.20026342643e-07, 1.00590654029e-07, 1.6499910771e-07, 6.17939335257e-08, 1.79189100891e-07, 3.63921799362e-08, 1.92084534945e-08, 1.85702315747e-08, 1.08557847156e-08, 5.05136243945e-09, 6.69163124911e-09, 1.4155358663e-08, 6.98381574793e-09, 1.78687464825e-09, 4.24126650467e-10, 9.14803843788e-10, 4.2496461905e-10, 6.24982454678e-10, 4.59210752757e-10, 4.8834553068e-10, 1.63181620993e-10, 1.26285482072e-10, 2.21846513382e-10, 1.645896891e-10, 8.67394142623e-11, 1.00956076832e-10, 1.07706323027e-10, 5.20097159784e-11, 3.42378243812e-11, 1.04808436235e-11, 5.64780470655e-12, 3.86374526123e-12, 2.27463447383e-12, 2.93457922892e-12, 3.81512139588e-12],
        "dvar2": [2.91890119115e-05, 9.32623661356e-05, 2.45554947469e-05, 9.22840263229e-06, 5.62194088616e-07, 3.08367276602e-07, 2.41940540491e-07, 4.23978292474e-07, 1.33614022957e-07, 3.63474754295e-07, 7.92353134216e-08, 4.0566504822e-08, 3.06593541666e-08, 2.02406393868e-08, 1.3213102612e-08, 1.67069096335e-08, 2.99709270735e-08, 1.50183137038e-08, 3.62897778494e-09, 8.03083100021e-10, 1.98182203981e-09, 1.10596531933e-09, 1.32621380544e-09, 9.41877353888e-10, 1.03142838714e-09, 3.90549897977e-10, 3.05031389036e-10, 4.88999729598e-10, 3.73496067407e-10, 2.07282968567e-10, 2.59447380246e-10, 2.57854126939e-10, 1.05577803444e-10, 6.77123565551e-11, 2.10067484241e-11, 1.10051663962e-11, 7.88305185018e-12, 5.03551020326e-12, 6.76739914107e-12, 8.74755389652e-12],
        "max": [0.0253914613277, 0.0433116964996, 0.0255150087178, 0.0151289198548, 0.0055911373347, 0.00479983352125, 0.00418546935543, 0.00680963369086, 0.00758011080325, 0.0113145187497, 0.00579887069762, 0.00382980774157, 0.00465895049274, 0.00458482000977, 0.00105487403926, 0.0013200257672, 0.00205286685377, 0.00156363286078, 0.000976892188191, 0.000619999656919, 0.00120405899361, 0.000300521729514, 0.000646145665087, 0.000569491297938, 0.000674515962601, 0.000251398538239, 0.000191243831068, 0.000320872582961, 0.000276784994639, 0.000146586971823, 0.000156774782226, 0.00024979931186, 0.000186974735698, 0.00012093901023, 8.2683058281e-05, 5.76857637498e-05, 4.53551001556e-05, 3.75331183022e-05, 1.7845974071e-05, 2.17301403609e-05],
        "mean": [0.00123921874911, 0.00214666174725, 0.0015256064944, 0.000868997885846, 0.000369934306946, 0.000210954836803, 0.000202566632652, 0.000167721038451, 0.000121128781757, 0.000147162892972, 7.10416861693e-05, 8.37703191792e-05, 7.96421809355e-05, 4.19116113335e-05, 3.27235393343e-05, 3.41333616234e-05, 5.3962758102e-05, 4.53164830105e-05, 2.10628622881e-05, 1.51735093823e-05, 1.63875683938e-05, 1.02700178104e-05, 1.36516828206e-05, 1.24836642499e-05, 1.0127096175e-05, 6.95000835549e-06, 6.95178277965e-06, 9.56250823947e-06, 8.218918083e-06, 6.14661530562e-06, 6.02807631367e-06, 6.17127352598e-06, 4.97144583278e-06, 3.94387961933e-06, 2.37707854467e-06, 1.68510962339e-06, 1.40529482451e-06, 1.08470703708e-06, 1.10759208383e-06, 1.14595650302e-06],
        "median": [0.000570232921746, 0.00131825450808, 0.000993768218905, 0.000453545246273, 0.000164427023265, 5.82426036999e-05, 4.20739524998e-05, 2.97081296594e-05, 1.75664845301e-05, 1.32901423058e-05, 8.83153734321e-06, 9.42384576774e-06, 7.21470087228e-06, 5.00763871969e-06, 5.6597132243e-06, 5.33103957423e-06, 4.82272253066e-06, 3.50237905877e-06, 3.2385405575e-06, 2.98261420539e-06, 3.01685895465e-06, 2.29311535804e-06, 2.30383943745e-06, 2.40649887928e-06, 1.92893594431e-06, 1.3618206367e-06, 1.3655692328e-06, 1.80904828539e-06, 1.32631203087e-06, 1.39219957873e-06, 1.47452101373e-06, 1.53401595071e-06, 1.17567481084e-06, 9.00072450349e-07, 6.44134956929e-07, 4.41330996637e-07, 3.52315879582e-07, 2.64727958665e-07, 2.65470987415e-07, 2.4229100859e-07],
        "min": [2.47989902391e-07, 2.18073612501e-08, 2.49010099651e-07, 8.71003749126e-08, 2.23836131852e-08, 3.27278959489e-09, 1.60174318253e-09, 2.75001110772e-09, 9.3723973027e-10, 4.89101759094e-10, 5.08438402491e-10, 3.09536729581e-10, 2.37518588131e-10, 2.1128564176e-10, 2.13014064721e-10, 1.86664447788e-10, 1.93579818841e-10, 1.18859866394e-10, 9.76550298959e-11, 1.12240085282e-10, 1.16508955261e-10, 1.25878460433e-10, 1.42920092427e-10, 1.29859692444e-10, 8.85168396914e-11, 2.57312088303e-10, 3.01287689242e-10, 1.3531004095e-10, 2.36283104194e-10, 4.18806656022e-10, 5.33271704573e-10, 2.27619936788e-10, 1.67152069963e-10, 2.7701804739e-10, 1.88044330107e-10, 1.18654613912e-10, 1.35179659133e-10, 1.10834875999e-10, 1.051088383e-10, 7.21255694058e-11],
        "var": [7.24908113625e-06, 1.91305971384e-05, 5.40655901204e-06, 2.2743511181e-06, 2.97769958024e-07, 2.02970809937e-07, 2.15409954762e-07, 1.77400963253e-07, 1.37515328902e-07, 3.71120279397e-07, 6.38902903916e-08, 7.83206886013e-08, 8.51858956707e-08, 5.17578193637e-08, 6.3876344214e-09, 8.43291836361e-09, 2.43836133507e-08, 1.97736760299e-08, 4.21272172701e-09, 1.46642187282e-09, 3.5468510351e-09, 4.64766863884e-10, 1.6098666844e-09, 9.35432398208e-10, 7.72137853655e-10, 2.71480171676e-10, 1.93809912563e-10, 4.4616793593e-10, 3.55140861164e-10, 1.49594545085e-10, 1.50014625722e-10, 2.20869336709e-10, 1.57423699076e-10, 8.34776969771e-11, 2.68426964684e-11, 1.2902903572e-11, 8.02765059288e-12, 3.97069052985e-12, 4.20511455518e-12, 4.94816687624e-12]
    },
    "mfcc": {
        "mean": [-681.592224121, 109.112297058, 26.9178104401, 34.433216095, 8.1849193573, 15.1084566116, 2.36351180077, 2.39630031586, 1.26171875, -2.58212709427, -0.744489848614, -4.18869876862, -4.35882282257],
        "cov": [[10307.4248047, -1352.22094727, -1384.17944336, -658.282775879, -686.717407227, -297.974884033, -342.080749512, -263.753479004, -107.848274231, 171.338668823, 250.315505981, 70.739074707, -42.1357345581], [-1352.22094727, 1465.66333008, -127.454154968, -4.8429517746, 161.197738647, 48.0431365967, 106.731544495, 87.4847259521, -8.91832256317, -34.6744918823, -9.88223361969, -27.1743278503, -4.88634538651], [-1384.17944336, -127.454154968, 918.222045898, 293.032897949, 195.525512695, 181.029525757, 123.419616699, 83.8672180176, 88.4754562378, -3.95298743248, -23.9582691193, 27.0622882843, 41.5456619263], [-658.282775879, -4.8429517746, 293.032897949, 392.987762451, 169.407455444, 43.7265357971, 50.3383789062, 34.9486160278, 52.7099952698, -16.568315506, -57.216796875, 21.8115444183, 26.4272899628], [-686.717407227, 161.197738647, 195.525512695, 169.407455444, 314.974151611, 58.3063278198, 61.1572113037, 93.5155715942, 57.5839538574, -24.7864646912, -31.2769145966, -18.8938751221, 14.2512140274], [-297.974884033, 48.0431365967, 181.029525757, 43.7265357971, 58.3063278198, 215.077880859, 109.872886658, 38.5735855103, 33.5033340454, 23.3333969116, 19.7220554352, -16.1583061218, -10.8826828003], [-342.080749512, 106.731544495, 123.419616699, 50.3383789062, 61.1572113037, 109.872886658, 204.476654053, 100.152809143, 10.2393655777, 6.69349384308, 24.3104152679, -15.8644046783, -4.30830287933], [-263.753479004, 87.4847259521, 83.8672180176, 34.9486160278, 93.5155715942, 38.5735855103, 100.152809143, 155.546585083, 43.4068717957, -3.35239005089, 4.10960626602, -26.5402908325, 2.06151032448], [-107.848274231, -8.91832256317, 88.4754562378, 52.7099952698, 57.5839538574, 33.5033340454, 10.2393655777, 43.4068717957, 106.858139038, 36.572933197, 1.64277243614, 0.229306429625, -3.69048142433], [171.338668823, -34.6744918823, -3.95298743248, -16.568315506, -24.7864646912, 23.3333969116, 6.69349384308, -3.35239005089, 36.572933197, 99.8349304199, 40.9272117615, -1.37715768814, -15.9203500748], [250.315505981, -9.88223361969, -23.9582691193, -57.216796875, -31.2769145966, 19.7220554352, 24.3104152679, 4.10960626602, 1.64277243614, 40.9272117615, 97.26197052, 18.592502594, -17.8907260895], [70.739074707, -27.1743278503, 27.0622882843, 21.8115444183, -18.8938751221, -16.1583061218, -15.8644046783, -26.5402908325, 0.229306429625, -1.37715768814, 18.592502594, 85.0927734375, 23.8962402344], [-42.1357345581, -4.88634538651, 41.5456619263, 26.4272899628, 14.2512140274, -10.8826828003, -4.30830287933, 2.06151032448, -3.69048142433, -15.9203500748, -17.8907260895, 23.8962402344, 71.2390136719]],
