{
"lowlevel": {
    "average_loudness": 0.931569039822,
    "barkbands_crest": {
        "dmean": 3.4078874588,
        "dmean2": 5.72203636169,
        "dvar": 11.2409076691,
        "dvar2": 31.3513298035,
        "max": 26.7991008759,
        "mean": 11.5624780655,
        "median": 10.4337100983,
        "min": 2.30011320114,
        "var": 30.6989364624
    },
    "barkbands_flatness_db": {
        "dmean": 0.0310754179955,
        "dmean2": 0.0476903691888,
        "dvar": 0.00149526679888,
        "dvar2": 0.0031091554556,
        "max": 0.657478570938,
        "mean": 0.143536388874,
        "median": 0.113320097327,
        "min": 0.0139388302341,
        "var": 0.00867026578635
    },
    "barkbands_kurtosis": {
        "dmean": 12.6826658249,
        "dmean2": 21.3557720184,
        "dvar": 3858.91723633,
        "dvar2": 10448.2099609,
        "max": 1724.76379395,
        "mean": 14.6625299454,
        "median": 2.62743425369,
        "min": -1.94342124462,
        "var": 3706.82275391
    },
    "barkbands_skewness": {
        "dmean": 1.02045691013,
        "dmean2": 1.61951231956,
        "dvar": 2.82648205757,
        "dvar2": 6.79915380478,
        "max": 37.4384727478,
        "mean": 2.20328140259,
        "median": 1.65824508667,
        "min": -3.51976180077,
        "var": 6.20030975342
    },
    "barkbands_spread": {
        "dmean": 7.33601093292,
        "dmean2": 11.4347343445,
        "dvar": 85.7445068359,
        "dvar2": 198.714904785,
        "max": 119.650856018,
        "mean": 23.4531726837,
        "median": 21.5308074951,
        "min": 0.0837013274431,
        "var": 244.506088257
    },
    "dissonance": {
        "dmean": 0.0184717103839,
        "dmean2": 0.0306903459132,
        "dvar": 0.00046059631859,
        "dvar2": 0.00115859613288,
        "max": 0.499979197979,
        "mean": 0.466386646032,
        "median": 0.475301027298,
        "min": 0.234892711043,
        "var": 0.00104550516699
    },
    "dynamic_complexity": 7.01853370667,
    "erbbands_crest": {
        "dmean": 2.73626208305,
        "dmean2": 4.43903684616,
        "dvar": 7.6400308609,
        "dvar2": 18.8627071381,
        "max": 31.8052043915,
        "mean": 8.22600746155,
        "median": 6.99253559113,
        "min": 2.31344103813,
        "var": 20.0298271179
    },
    "erbbands_flatness_db": {
        "dmean": 0.0178790278733,
        "dmean2": 0.0263943523169,
        "dvar": 0.00041384875658,
        "dvar2": 0.000810623518191,
        "max": 0.455573141575,
        "mean": 0.135495454073,
        "median": 0.119542606175,
        "min": 0.0426286831498,
        "var": 0.00317553477362
    },
    "erbbands_kurtosis": {
        "dmean": 1.49953520298,
        "dmean2": 2.39376211166,
        "dvar": 22.7627048492,
        "dvar2": 58.5640487671,
        "max": 130.732955933,
        "mean": 1.04456794262,
        "median": -0.208063840866,
        "min": -1.71033608913,
        "var": 31.3162937164
    },
    "erbbands_skewness": {
        "dmean": 0.431801378727,
        "dmean2": 0.66950327158,
        "dvar": 0.290226787329,
        "dvar2": 0.705281436443,
        "max": 8.78551006317,
        "mean": 0.404176682234,
        "median": 0.326980859041,
        "min": -1.95281803608,
        "var": 0.851787090302
    },
    "erbbands_spread": {
        "dmean": 8.74403095245,
        "dmean2": 13.5905094147,
        "dvar": 86.2753448486,
        "dvar2": 193.599853516,
        "max": 151.560791016,
        "mean": 40.9652404785,
        "median": 40.3227767944,
        "min": 1.01019394398,
        "var": 342.20526123
    },
    "hfc": {
        "dmean": 7.65066671371,
        "dmean2": 10.3097896576,
        "dvar": 214.736816406,
        "dvar2": 364.003082275,
        "max": 161.865127563,
        "mean": 19.1760234833,
        "median": 12.3402404785,
        "min": 6.13168322161e-06,
        "var": 560.566223145
    },
    "melbands_crest": {
        "dmean": 4.27158260345,
        "dmean2": 6.93683767319,
        "dvar": 18.4999275208,
        "dvar2": 47.0101051331,
        "max": 39.8425636292,
        "mean": 17.9040222168,
        "median": 16.3513965607,
        "min": 2.98807644844,
        "var": 68.3041152954
    },
    "melbands_flatness_db": {
        "dmean": 0.0368204750121,
        "dmean2": 0.0556618236005,
        "dvar": 0.00199727504514,
        "dvar2": 0.00376980402507,
        "max": 0.804372012615,
        "mean": 0.216523334384,
        "median": 0.195873260498,
        "min": 0.0252129100263,
        "var": 0.0110262101516
    },
    "melbands_kurtosis": {
        "dmean": 23.9329376221,
        "dmean2": 40.4201011658,
        "dvar": 15083.2324219,
        "dvar2": 40911.46875,
        "max": 3750.55297852,
        "mean": 30.6226634979,
        "median": 9.85606479645,
        "min": -1.9443281889,
        "var": 12524.5371094
    },
    "melbands_skewness": {
        "dmean": 1.29432857037,
        "dmean2": 2.05153799057,
        "dvar": 4.74463033676,
        "dvar2": 11.1436624527,
        "max": 56.6561126709,
        "mean": 3.39333224297,
        "median": 2.73901581764,
        "min": -2.36405467987,
        "var": 9.27326393127
    },
    "melbands_spread": {
        "dmean": 9.23912525177,
        "dmean2": 14.6512393951,
        "dvar": 224.226303101,
        "dvar2": 522.558959961,
        "max": 217.684814453,
        "mean": 24.5350170135,
        "median": 18.7494316101,
        "min": 0.0729181915522,
        "var": 548.767456055
    },
    "pitch_salience": {
        "dmean": 0.0921902805567,
        "dmean2": 0.153413146734,
        "dvar": 0.00880684517324,
        "dvar2": 0.0232953708619,
        "max": 0.919176340103,
        "mean": 0.498797804117,
        "median": 0.520950078964,
        "min": 0.0185353104025,
        "var": 0.0260494425893
    },
    "silence_rate_20dB": {
        "dmean": 0,
        "dmean2": 0,
        "dvar": 0,
        "dvar2": 0,
        "max": 1,
        "mean": 1,
        "median": 1,
        "min": 1,
        "var": 0
    },
    "silence_rate_30dB": {
        "dmean": 0.0665634647012,
        "dmean2": 0.133178472519,
        "dvar": 0.0621323361993,
        "dvar2": 0.137119159102,
        "max": 1,
        "mean": 0.92843323946,
        "median": 1,
        "min": 0,
        "var": 0.0664453357458
    },
    "silence_rate_60dB": {
        "dmean": 0.022445820272,
        "dmean2": 0.0449090190232,
        "dvar": 0.0219417773187,
        "dvar2": 0.048310264945,
        "max": 1,
        "mean": 0.174081236124,
        "median": 0,
        "min": 0,
        "var": 0.143776535988
    },
    "spectral_centroid": {
        "dmean": 287.590179443,
        "dmean2": 437.761962891,
        "dvar": 111973.179688,
        "dvar2": 217364.34375,
        "max": 4691.33789062,
        "mean": 1526.17431641,
        "median": 1408.49511719,
        "min": 75.8279800415,
        "var": 601634.1875
    },
    "spectral_complexity": {
        "dmean": 3.96904015541,
        "dmean2": 5.62601613998,
        "dvar": 34.2039756775,
        "dvar2": 50.4692955017,
        "max": 62,
        "mean": 17.1071567535,
        "median": 16,
        "min": 0,
        "var": 169.968261719
    },
    "spectral_decrease": {
        "dmean": 4.0975280946e-09,
        "dmean2": 6.34972208147e-09,
        "dvar": 4.96199047342e-17,
        "dvar2": 1.13705980772e-16,
        "max": -6.16283172972e-15,
        "mean": -9.50937462108e-09,
        "median": -5.97880944753e-09,
        "min": -5.55530164092e-08,
        "var": 1.0708004569e-16
    },
    "spectral_energy": {
        "dmean": 0.0159578360617,
        "dmean2": 0.0246010441333,
        "dvar": 0.000722839846276,
        "dvar2": 0.00164570717607,
        "max": 0.211864590645,
        "mean": 0.0376299023628,
        "median": 0.0239908788353,
        "min": 2.38161383947e-08,
        "var": 0.00159113644622
    },
    "spectral_energyband_high": {
        "dmean": 0.000522876100149,
        "dmean2": 0.0006928719813,
        "dvar": 1.59690284818e-06,
        "dvar2": 2.75794809568e-06,
        "max": 0.0143516343087,
        "mean": 0.000985698425211,
        "median": 0.000359749828931,
        "min": 1.35915209643e-10,
        "var": 3.48493995261e-06
    },
    "spectral_energyband_low": {
        "dmean": 0.012928054668,
        "dmean2": 0.0209243688732,
        "dvar": 0.000653121387586,
        "dvar2": 0.00158301764168,
        "max": 0.196971341968,
        "mean": 0.0239562429488,
        "median": 0.0106482692063,
        "min": 5.3687418955e-09,
        "var": 0.0011877422221
    },
    "spectral_energyband_middle_high": {
        "dmean": 0.00222253939137,
        "dmean2": 0.00330830621533,
        "dvar": 2.20394904318e-05,
        "dvar2": 4.80186427012e-05,
        "max": 0.0594056583941,
        "mean": 0.00448929145932,
        "median": 0.00229743728414,
        "min": 3.78432674086e-10,
        "var": 4.40050644102e-05
    },
    "spectral_energyband_middle_low": {
        "dmean": 0.00442890496925,
        "dmean2": 0.00692146224901,
        "dvar": 4.81521783513e-05,
        "dvar2": 0.000121730176033,
        "max": 0.0721914842725,
        "mean": 0.00918353162706,
        "median": 0.00666765728965,
        "min": 8.96347551738e-10,
        "var": 8.71176671353e-05
    },
    "spectral_entropy": {
        "dmean": 0.16781745851,
        "dmean2": 0.243531599641,
        "dvar": 0.0492675043643,
        "dvar2": 0.089870788157,
        "max": 8.74486446381,
        "mean": 7.71054172516,
        "median": 7.78263473511,
        "min": 4.47050571442,
        "var": 0.249729514122
    },
    "spectral_flux": {
        "dmean": 0.0317860022187,
        "dmean2": 0.0494415350258,
        "dvar": 0.00214226078242,
        "dvar2": 0.00451692380011,
        "max": 0.411350518465,
        "mean": 0.0931117013097,
        "median": 0.0778077095747,
        "min": 0.000152793203597,
        "var": 0.00540640344843
    },
    "spectral_kurtosis": {
        "dmean": 1.16267883778,
        "dmean2": 1.88647603989,
        "dvar": 4.24018621445,
        "dvar2": 10.7093420029,
        "max": 42.7589416504,
        "mean": 3.98753857613,
        "median": 3.39070415497,
        "min": -1.39362335205,
        "var": 10.8062419891
    },
    "spectral_rms": {
        "dmean": 0.00110861938447,
        "dmean2": 0.00164527643938,
        "dvar": 2.48976493822e-06,
        "dvar2": 5.01185286339e-06,
        "max": 0.0143769662827,
        "mean": 0.00508958846331,
        "median": 0.00483794743195,
        "min": 4.82029645354e-06,
        "var": 1.08081458166e-05
    },
    "spectral_rolloff": {
        "dmean": 581.756530762,
        "dmean2": 973.589111328,
        "dvar": 989115.8125,
        "dvar2": 2149851.5,
        "max": 11757.1289062,
        "mean": 1366.55725098,
        "median": 818.26171875,
        "min": 21.533203125,
        "var": 2561585.75
    },
    "spectral_skewness": {
        "dmean": 0.187718346715,
        "dmean2": 0.294118732214,
        "dvar": 0.0643386021256,
        "dvar2": 0.147608429193,
        "max": 5.51637268066,
        "mean": 1.50770568848,
        "median": 1.45710062981,
        "min": -0.00921368319541,
        "var": 0.217819675803
    },
    "spectral_spread": {
        "dmean": 490876.84375,
        "dmean2": 744558.75,
        "dvar": 570729693184,
        "dvar2": 1.07434010214e+12,
        "max": 18675140,
        "mean": 5098996.5,
        "median": 5000068,
        "min": 1277249.375,
        "var": 2.3386629079e+12
    },
    "spectral_strongpeak": {
        "dmean": 0.303502440453,
        "dmean2": 0.525849580765,
        "dvar": 0.372866421938,
        "dvar2": 0.963642597198,
        "max": 9.92178535461,
        "mean": 0.462087512016,
        "median": 0.267572075129,
        "min": 0,
        "var": 0.508305370808
    },
    "zerocrossingrate": {
        "dmean": 0.0121046127751,
        "dmean2": 0.0137032549828,
        "dvar": 0.000189571816009,
        "dvar2": 0.000219856083277,
        "max": 0.26171875,
        "mean": 0.0562594458461,
        "median": 0.048828125,
        "min": 0,
        "var": 0.0016066901153
    },
    "barkbands": {
        "dmean": [0.00199627876282, 0.011219130829, 0.00251153088175, 0.00131539197173, 0.00152707169764, 0.000887373171281, 0.000902096624486, 0.000676156661939, 0.00116152444389, 0.000582864042372, 0.000511508318596, 0.000556786428206, 0.000339266582159, 0.000361638900358, 0.000229900193517, 0.000147828861373, 0.000157113667228, 0.000153034823597, 0.000205542237381, 0.000178076734301, 0.000157806600328, 0.000115694252599, 9.36357027967e-05, 5.62285640626e-05, 4.27590566687e-05, 2.82181372313e-05, 1.16799819807e-05],
        "dmean2": [0.00307992636226, 0.0191393103451, 0.0043011312373, 0.00209108460695, 0.00249034492299, 0.00140771677252, 0.00145488267299, 0.00107982044574, 0.00184776319657, 0.000979416654445, 0.00083728984464, 0.00086530088447, 0.000546635244973, 0.000582583714277, 0.000362030637916, 0.000226441479754, 0.000246212875936, 0.000230227495194, 0.000308095157379, 0.000268740113825, 0.000225869021961, 0.000159486240591, 0.000129737163661, 7.91349812062e-05, 6.0168276832e-05, 3.96636751248e-05, 1.56361202244e-05],
        "dvar": [1.92297793546e-05, 0.000579597137403, 3.43617721228e-05, 1.0144431144e-05, 9.43289069255e-06, 2.26347401622e-06, 3.04290983877e-06, 2.25155190492e-06, 5.40092742085e-06, 2.72413058156e-06, 1.28438648517e-06, 2.35436868934e-06, 6.04054150699e-07, 8.22658535071e-07, 2.83959167291e-07, 9.92025803725e-08, 8.31816961977e-08, 9.60772297276e-08, 1.64954954585e-07, 2.45372149266e-07, 1.66454555028e-07, 9.63498507645e-08, 6.5581986064e-08, 2.08953760961e-08, 2.85339876172e-08, 1.69951643869e-08, 1.58620572233e-09],
        "dvar2": [4.30440195487e-05, 0.00159021199215, 9.21896571526e-05, 2.54761835095e-05, 2.44148377533e-05, 5.41560211786e-06, 7.67101482779e-06, 5.38650556337e-06, 1.33524690682e-05, 7.41974145058e-06, 3.1768252029e-06, 4.98235294799e-06, 1.44889691001e-06, 2.10772486753e-06, 6.97146219863e-07, 1.89167593589e-07, 1.92015193079e-07, 2.07779180528e-07, 3.58609298701e-07, 5.86672967984e-07, 3.53702773737e-07, 1.65392762597e-07, 1.23625312654e-07, 3.78210991414e-08, 5.22804164405e-08, 2.84175136755e-08, 3.32981953122e-09],
        "max": [0.0430645421147, 0.181413590908, 0.088219717145, 0.0327290594578, 0.0336228758097, 0.0190968029201, 0.0222299676389, 0.0235169753432, 0.0533696189523, 0.0453286767006, 0.014005404897, 0.0426303446293, 0.00688166497275, 0.0164172835648, 0.0101218698546, 0.0100504579023, 0.00535632949322, 0.00378889776766, 0.00751389376819, 0.0163122303784, 0.00442529749125, 0.0034907606896, 0.00321128615178, 0.00447344267741, 0.0059432471171, 0.00498352525756, 0.000517509935889],
        "mean": [0.002590398537, 0.0168030727655, 0.00376875256188, 0.00176316604484, 0.00218662223779, 0.00129271263722, 0.00118622009177, 0.000865215668455, 0.00156233215239, 0.000741047319025, 0.000662717153318, 0.000729222083464, 0.000415952788899, 0.000511532416567, 0.000312036310788, 0.000230512057897, 0.000259265943896, 0.000256896193605, 0.000374832685338, 0.000300020386931, 0.000241615925916, 0.000170787025127, 0.000122565499623, 0.000121549841424, 9.56139701884e-05, 4.9644298997e-05, 1.56349615281e-05],
        "median": [0.000306762667606, 0.00596924405545, 0.00188480759971, 0.000560661777854, 0.00110549805686, 0.000678484502714, 0.000488906051032, 0.000314588512992, 0.000429519073805, 0.00022660032846, 0.000187409314094, 0.000151463114889, 0.00013765048061, 9.84088765108e-05, 0.000106551495264, 8.04288938525e-05, 9.85258520814e-05, 8.82659442141e-05, 0.00014319717593, 9.36336437007e-05, 7.04174599377e-05, 4.63300202682e-05, 3.41911290889e-05, 4.84112315462e-05, 3.22815794789e-05, 1.25091764858e-05, 2.71808949037e-06],
        "min": [8.00858768191e-10, 1.87158799569e-09, 6.84596213052e-10, 7.63367563605e-11, 4.61405809393e-11, 1.43352447968e-11, 9.13763856247e-12, 6.28167483308e-12, 5.44622298648e-11, 3.39754682721e-11, 2.64569893771e-11, 4.43013160878e-11, 2.96056130999e-11, 2.63153335928e-11, 1.51516924007e-11, 2.06022959109e-11, 1.67337046997e-11, 6.47311327803e-12, 1.55173165983e-11, 1.19847604063e-11, 1.63847095613e-11, 1.45901294518e-11, 9.46221139636e-12, 2.21204218137e-11, 1.98836624249e-11, 2.06555657994e-11, 1.00310376325e-11],
        "var": [2.76226855931e-05, 0.000795308325905, 3.76921889256e-05, 1.28386109282e-05, 1.13430605779e-05, 3.60313720194e-06, 4.01455281462e-06, 2.87422722067e-06, 9.6540843515e-06, 2.9042166716e-06, 1.70115868059e-06, 4.97319751958e-06, 7.26888686131e-07, 1.62601679676e-06, 4.18654622081e-07, 2.4947777888e-07, 1.78815142249e-07, 1.91979651731e-07, 3.64306572465e-07, 4.27329041486e-07, 2.51088920322e-07, 1.71500389001e-07, 1.00282903759e-07, 6.46718305575e-08, 1.09118019509e-07, 5.36984430255e-08, 2.32898189623e-09]
    },
    "erbbands": {
        "dmean": [0.448453247547, 2.30484342575, 3.04474210739, 3.73991203308, 4.30708265305, 5.44122076035, 6.1986656189, 8.21743965149, 12.1573495865, 13.8148126602, 16.4858474731, 25.3971672058, 19.1091079712, 16.207649231, 22.0509490967, 18.861114502, 15.3955287933, 18.568321228, 13.1754922867, 8.50246524811, 7.60898113251, 8.63232135773, 8.28740310669, 10.4911499023, 8.4899263382, 8.24958133698, 7.49533939362, 5.28610467911, 5.21092033386, 2.94380474091, 2.30713653564, 1.47336196899, 0.906771361828, 0.52701818943, 0.293044984341, 0.16205959022, 0.0416531637311, 0.00923097878695, 0.00210167793557, 6.97397845215e-05],
        "dmean2": [0.73315256834, 4.05960226059, 5.22852277756, 5.92927122116, 7.09534168243, 8.72543525696, 9.95657348633, 13.0086727142, 19.7587718964, 21.6236343384, 26.0525188446, 40.8210067749, 31.9151115417, 27.0160293579, 34.884727478, 29.0084991455, 24.5082683563, 29.4686946869, 20.6327705383, 12.9489374161, 11.9596729279, 13.5723495483, 12.1742086411, 15.8924427032, 12.8830213547, 12.5284614563, 10.6863775253, 7.60580301285, 7.1356844902, 4.32659053802, 3.09811663628, 2.03598356247, 1.2672753334, 0.751674294472, 0.401209622622, 0.222618609667, 0.0619789995253, 0.0138185732067, 0.00274805887602, 8.97865538718e-05],
        "dvar": [0.888962864876, 28.0508441925, 51.7041244507, 72.5791320801, 128.604736328, 98.2608642578, 153.416381836, 192.79637146, 665.202880859, 688.101806641, 935.421508789, 2760.88012695, 2375.16577148, 1333.89465332, 3018.60473633, 2661.49169922, 1330.09130859, 2131.43139648, 822.668151855, 344.153381348, 211.372848511, 245.889083862, 269.563018799, 489.102783203, 428.87310791, 458.339019775, 318.036773682, 206.214004517, 207.666244507, 66.671913147, 38.0677490234, 14.9733610153, 5.36898231506, 3.6426460743, 1.55755257607, 0.733526527882, 0.0337019599974, 0.000948304543272, 4.69693550258e-05, 2.84644894322e-08],
        "dvar2": [2.24669027328, 81.662399292, 140.735534668, 184.134078979, 341.625305176, 250.41267395, 385.461120605, 460.3309021, 1633.21289062, 1692.05212402, 2341.77099609, 6764.15087891, 6351.01074219, 3552.45849609, 6921.96923828, 5813.66455078, 3158.71191406, 5566.75, 1944.81958008, 773.042114258, 478.952178955, 587.872070312, 560.677185059, 1030.09899902, 1042.71655273, 1065.63183594, 671.863342285, 439.368713379, 375.174560547, 129.264205933, 67.1996841431, 26.671503067, 9.32607650757, 6.1222615242, 2.99655413628, 1.32631909847, 0.0648318976164, 0.00208447081968, 9.13540570764e-05, 4.18398791169e-08],
        "max": [8.38889312744, 40.2932395935, 86.6834411621, 99.6213989258, 126.077758789, 111.089385986, 142.233779907, 179.141265869, 367.955657959, 388.935180664, 526.659729004, 1028.58068848, 1228.47595215, 508.265625, 1003.49169922, 1129.19824219, 327.843231201, 795.07434082, 396.551574707, 421.956665039, 266.288024902, 266.369812012, 210.238754272, 254.846755981, 721.358459473, 437.36529541, 210.314666748, 172.135177612, 170.718276978, 81.0662384033, 79.2662200928, 90.2749710083, 62.8369255066, 56.1283531189, 50.3723602295, 34.7779808044, 5.7132396698, 0.590726196766, 0.0881360769272, 0.00219615409151],
        "mean": [0.705858707428, 2.84734463692, 4.49897623062, 5.83503580093, 5.50026702881, 7.79320764542, 8.82778358459, 12.0821609497, 16.2688426971, 19.5662384033, 22.5654163361, 33.8715744019, 26.0719928741, 22.1443939209, 28.8696422577, 26.3137626648, 20.1126880646, 26.8891162872, 19.150226593, 13.6175937653, 12.9613103867, 15.0267057419, 14.7985391617, 18.6299648285, 16.5287914276, 13.8399391174, 11.982963562, 8.19508171082, 7.33604955673, 3.81667041779, 3.3119020462, 2.70069670677, 2.00748920441, 1.16538190842, 0.628900468349, 0.297881156206, 0.0725374817848, 0.014621173963, 0.00292175891809, 0.000125712598674],
        "median": [0.168535113335, 1.30715513229, 2.37373828888, 2.39364075661, 2.50114607811, 3.71152043343, 4.03735494614, 5.92693471909, 6.99537038803, 8.99294376373, 8.33799934387, 10.0046167374, 8.50503826141, 8.81075572968, 8.2377576828, 6.20752000809, 6.67530155182, 6.33969688416, 6.76386165619, 5.11948680878, 5.19495916367, 6.10644102097, 5.62358427048, 6.75712347031, 6.19766521454, 4.61399459839, 3.33879733086, 2.49317765236, 1.75616943836, 1.1352905035, 0.979188621044, 1.00557255745, 0.76122045517, 0.411678910255, 0.191226482391, 0.0714433342218, 0.0199462361634, 0.0036305624526, 0.000558263796847, 5.55278056709e-05],
        "min": [2.75450133813e-08, 3.70144022099e-07, 2.07493962989e-06, 1.49063021126e-06, 5.31811735982e-07, 1.754399932e-07, 1.71697806195e-07, 1.55165523097e-07, 2.95667774708e-07, 4.03579292652e-07, 4.46078701088e-07, 1.19181606806e-06, 1.16716876164e-06, 2.40170879806e-06, 1.85349949788e-06, 1.99936857825e-06, 1.34124593387e-06, 1.34151810016e-06, 1.14236888749e-06, 9.57376187216e-07, 1.04011917301e-06, 8.02587692306e-07, 4.41822976427e-07, 4.78243919133e-07, 8.31161685255e-07, 5.57938449219e-07, 7.32931084713e-07, 6.10711026638e-07, 4.05401948456e-07, 4.77977664559e-07, 2.71781658512e-07, 3.87929617318e-07, 4.11421353874e-07, 2.2461263427e-07, 1.50734237536e-07, 1.2524883175e-07, 2.686395284e-08, 7.33744043302e-09, 1.42533307379e-09, 2.24122720383e-10],
        "var": [1.50681567192, 27.361076355, 51.8998718262, 95.0148468018, 116.471954346, 147.430175781, 195.415649414, 307.450927734, 868.857727051, 963.845581055, 1478.0369873, 4515.99560547, 3041.34057617, 1603.73291016, 4532.09814453, 5268.44140625, 1632.42285156, 4026.80664062, 1271.47436523, 751.872070312, 491.779449463, 545.31072998, 598.596069336, 938.098754883, 968.790344238, 822.299987793, 557.38067627, 309.673950195, 354.071105957, 94.5928344727, 66.5038070679, 34.3529090881, 18.8483886719, 14.1039171219, 5.75330352783, 2.25846719742, 0.092138171196, 0.00171867990866, 7.59392351029e-05, 6.01182534865e-08]
    },
    "gfcc": {
        "mean": [-49.0641212463, 73.2091369629, -103.51915741, 34.3694992065, -48.7521057129, 19.5440750122, -25.8193569183, 15.5321807861, -18.907201767, 7.56784725189, -10.0254840851, 0.0774181336164, -8.36186790466],
        "cov": [[35654.2734375, 2552.21044922, 1958.31774902, -991.190002441, -2202.50048828, -1882.70739746, -865.007141113, 219.964324951, -860.389831543, -397.566680908, -130.366012573, -430.070495605, -349.868682861], [2552.21044922, 1500.67358398, 706.235778809, 6.91939592361, 68.4614868164, -208.10395813, 56.6956825256, -3.76936125755, -8.05491542816, -111.804237366, 19.930311203, -169.741027832, 26.8503074646], [1958.31774902, 706.235778809, 1185.53381348, 140.836654663, 13.5842485428, -102.336952209, -24.1998119354, 8.53466415405, -14.6307325363, -65.4527359009, 14.2499046326, -11.3098983765, -49.4717979431], [-991.190002441, 6.91939592361, 140.836654663, 350.764373779, 172.458404541, 72.4531402588, 64.9432830811, 62.8517875671, 36.1077346802, 0.31110304594, 36.2402610779, 25.4641551971, 33.1671829224], [-2202.50048828, 68.4614868164, 13.5842485428, 172.458404541, 546.008850098, 272.329925537, 213.910293579, 30.7022838593, 94.9751586914, 38.3611907959, 14.0981283188, 20.8310508728, 56.5975837708], [-1882.70739746, -208.10395813, -102.336952209, 72.4531402588, 272.329925537, 385.997497559, 157.370498657, -9.5224275589, 59.7589416504, 59.2263221741, 9.13946723938, 26.203332901, 25.6794338226], [-865.007141113, 56.6956825256, -24.1998119354, 64.9432830811, 213.910293579, 157.370498657, 231.236450195, 21.0135002136, 66.2137527466, 16.6400299072, 19.795753479, 1.61353504658, 20.4319648743], [219.964324951, -3.76936125755, 8.53466415405, 62.8517875671, 30.7022838593, -9.5224275589, 21.0135002136, 186.496429443, 9.83361434937, 11.3533687592, -0.597282230854, -3.01148343086, 27.1784114838], [-860.389831543, -8.05491542816, -14.6307325363, 36.1077346802, 94.9751586914, 59.7589416504, 66.2137527466, 9.83361434937, 138.897445679, 27.4259529114, 16.2650375366, 25.1388301849, 1.54330778122], [-397.566680908, -111.804237366, -65.4527359009, 0.31110304594, 38.3611907959, 59.2263221741, 16.6400299072, 11.3533687592, 27.4259529114, 83.0215377808, 25.452495575, 3.54757261276, -0.613530099392], [-130.366012573, 19.930311203, 14.2499046326, 36.2402610779, 14.0981283188, 9.13946723938, 19.795753479, -0.597282230854, 16.2650375366, 25.452495575, 72.2483520508, 24.9958076477, 11.2852420807], [-430.070495605, -169.741027832, -11.3098983765, 25.4641551971, 20.8310508728, 26.203332901, 1.61353504658, -3.01148343086, 25.1388301849, 3.54757261276, 24.9958076477, 125.671653748, 22.0162124634], [-349.868682861, 26.8503074646, -49.4717979431, 33.1671829224, 56.5975837708, 25.6794338226, 20.4319648743, 27.1784114838, 1.54330778122, -0.613530099392, 11.2852420807, 22.0162124634, 105.605033875]],
        "icov": [[5.87842368986e-05, -7.93784929556e-05, -5.21471265529e-05, 9.42929691519e-05, 0.000159584189532, 9.04850166989e-05, -6.45707623335e-05, -0.00013956836483, 0.000237506901613, -5.87102804275e-05, 3.25037144648e-05, -4.83128387714e-05, 0.000104559541796], [-7.93784929556e-05, 0.00196773861535, -0.000944163592067, 0.000617744168267, -0.000939522171393, 0.000944279425312, -0.000476370885735, 0.00040853212704, -0.000899619772099, 0.00207048701122, -0.00191138067748, 0.0029182783328, -0.00151762680616], [-5.21471265529e-05, -0.000944163592067, 0.00159649353009, -0.000891834148206, 4.96783359267e-05, -0.000406417471822, 0.000509504403453, -2.19667344936e-05, 0.000147473445395, -0.000234225706663, 0.000536418461706, -0.00141888239887, 0.00130952766631], [9.42929691519e-05, 0.000617744168267, -0.000891834148206, 0.00453143473715, -0.00119956675917, 0.000243708287599, 8.18134067231e-05, -0.00140163954347, -9.24514388316e-05, 0.0019694652874, -0.00281572225504, 0.000905700027943, -0.000632242416032], [0.000159584189532, -0.000939522171393, 4.96783359267e-05, -0.00119956675917, 0.00483315391466, -0.00175260775723, -0.00209176074713, -0.000300373532809, 5.50247114006e-06, -0.00155322335195, 0.00201387749985, -0.00116219965275, -0.000496508553624], [9.04850166989e-05, 0.000944279425312, -0.000406417471822, 0.000243708287599, -0.00175260775723, 0.00587458675727, -0.00246925908141, 0.00091881112894, 0.000522997172084, -0.00202923850156, 0.000651207461488, 0.000557281251531, -0.000660373363644], [-6.45707623335e-05, -0.000476370885735, 0.000509504403453, 8.18134067231e-05, -0.00209176074713, -0.00246925908141, 0.00853600073606, -0.000811270321719, -0.00215636519715, 0.00196134997532, -0.00226010731421, 0.000626087305136, 0.000552858342417], [-0.00013956836483, 0.00040853212704, -2.19667344936e-05, -0.00140163954347, -0.000300373532809, 0.00091881112894, -0.000811270321719, 0.00664306199178, -0.000686751969624, -0.00163356878329, 0.00138604082167, 0.00064818240935, -0.00203417357989], [0.000237506901613, -0.000899619772099, 0.000147473445395, -9.24514388316e-05, 5.50247114006e-06, 0.000522997172084, -0.00215636519715, -0.000686751969624, 0.0106080006808, -0.00339950947091, 0.000750346982386, -0.00298500340432, 0.00194487732369], [-5.87102804275e-05, 0.00207048701122, -0.000234225706663, 0.0019694652874, -0.00155322335195, -0.00202923850156, 0.00196134997532, -0.00163356878329, -0.00339950947091, 0.020233431831, -0.00965136475861, 0.00479998113587, 0.000115520604595], [3.25037144648e-05, -0.00191138067748, 0.000536418461706, -0.00281572225504, 0.00201387749985, 0.000651207461488, -0.00226010731421, 0.00138604082167, 0.000750346982386, -0.00965136475861, 0.0213746149093, -0.00630665430799, -0.000464213982923], [-4.83128387714e-05, 0.0029182783328, -0.00141888239887, 0.000905700027943, -0.00116219965275, 0.000557281251531, 0.000626087305136, 0.00064818240935, -0.00298500340432, 0.00479998113587, -0.00630665430799, 0.0138882761821, -0.00380170461722], [0.000104559541796, -0.00151762680616, 0.00130952766631, -0.000632242416032, -0.000496508553624, -0.000660373363644, 0.000552858342417, -0.00203417357989, 0.00194487732369, 0.000115520604595, -0.000464213982923, -0.00380170461722, 0.0126711884513]]
    },
    "melbands": {
        "dmean": [0.00339009216987, 0.00202563195489, 0.000644219457172, 0.000338671088684, 0.000224194125622, 0.000183434705832, 0.000184360134881, 0.000155683184857, 0.000165861129062, 0.000151925225509, 9.6285919426e-05, 6.58841672703e-05, 7.00653108652e-05, 7.37308509997e-05, 3.58312390745e-05, 3.50276750396e-05, 3.66666608898e-05, 2.26354932238e-05, 1.66837053257e-05, 1.08075237222e-05, 9.12541327125e-06, 9.97310144157e-06, 7.97130269348e-06, 7.44047792978e-06, 9.42963561101e-06, 7.32572334528e-06, 5.79263223699e-06, 5.94611628912e-06, 5.18851356901e-06, 3.90406967199e-06, 2.88833325612e-06, 3.11214512294e-06, 1.95253505808e-06, 1.69757959156e-06, 1.26083227769e-06, 1.39391022458e-06, 8.63531170125e-07, 7.15492774361e-07, 5.31229488843e-07, 4.44507975317e-07],
        "dmean2": [0.00562236364931, 0.00350513821468, 0.00100599951111, 0.000556017330382, 0.000354685442289, 0.000289865187369, 0.000298603903502, 0.000243417962338, 0.000261053908616, 0.000244783790549, 0.000161626900081, 0.000110531495011, 0.000112701032776, 0.000114694666991, 5.64298425161e-05, 5.62652494409e-05, 5.91495736444e-05, 3.61521815648e-05, 2.65360613412e-05, 1.64770663105e-05, 1.4710672076e-05, 1.5927325876e-05, 1.21633484014e-05, 1.09763414002e-05, 1.45237909237e-05, 1.12601173896e-05, 9.0152670964e-06, 9.15442251426e-06, 7.51111565478e-06, 5.71981763642e-06, 4.32783144788e-06, 4.34432195107e-06, 2.76379114439e-06, 2.64940717898e-06, 1.83074848792e-06, 1.91776848624e-06, 1.28303486235e-06, 1.02801539015e-06, 7.63406717397e-07, 6.3386085003e-07],
        "dvar": [5.06931100972e-05, 2.12936283788e-05, 2.09566928788e-06, 5.69103690395e-07, 1.80486054546e-07, 9.19058180671e-08, 1.36382979576e-07, 9.59387804755e-08, 1.05489021962e-07, 9.29681647222e-08, 6.45756372819e-08, 2.3516422587e-08, 2.59187356022e-08, 4.30815170205e-08, 7.83088527356e-09, 7.63563789974e-09, 9.71882041512e-09, 2.34177122138e-09, 1.60538449201e-09, 6.71642297334e-10, 3.1503072373e-10, 3.42340100712e-10, 2.37757841193e-10, 2.36387798225e-10, 3.99165034359e-10, 2.09409350971e-10, 3.60526580812e-10, 2.60995003387e-10, 1.38921332771e-10, 1.20609161547e-10, 5.91050680621e-11, 7.10959624506e-11, 3.13645741323e-11, 2.36656406277e-11, 1.11464630928e-11, 2.04304351215e-11, 5.92718799389e-12, 3.06576031922e-12, 2.86045818108e-12, 2.89665166853e-12],
        "dvar2": [0.000131199107273, 5.9141573729e-05, 5.27446718479e-06, 1.50419464262e-06, 4.42940745415e-07, 2.17417991166e-07, 3.38691620527e-07, 2.31024429809e-07, 2.62021245589e-07, 2.2802437627e-07, 1.74129482389e-07, 6.38852029056e-08, 6.08015042758e-08, 9.26133836288e-08, 1.8207016339e-08, 1.88882438579e-08, 2.57394283665e-08, 5.48253131782e-09, 3.84468323844e-09, 1.15117249067e-09, 7.64775465179e-10, 8.49452730378e-10, 5.31607480259e-10, 4.91304497086e-10, 8.7122559167e-10, 4.67897998124e-10, 9.99087701459e-10, 6.04461758424e-10, 2.92159990645e-10, 2.62623089942e-10, 1.3464437898e-10, 1.37757860674e-10, 5.22478102449e-11, 5.14253743755e-11, 2.18195548435e-11, 4.09143274815e-11, 1.2783377655e-11, 5.62962610556e-12, 5.57820326388e-12, 5.06081938509e-12],
        "max": [0.0602775774896, 0.0397589616477, 0.0156107321382, 0.00867777969688, 0.00466098869219, 0.00346937659197, 0.00505240308121, 0.0045838849619, 0.00722006428987, 0.00557845830917, 0.00663818465546, 0.00272440351546, 0.00229940586723, 0.00561543833464, 0.00277040246874, 0.000840153719764, 0.00171155692078, 0.000794568797573, 0.000868166796863, 0.0010177687509, 0.000309872382786, 0.000339195685228, 0.000191209634067, 0.000200840004254, 0.00023461515957, 0.000275331869489, 0.000791417493019, 0.000381416961318, 0.00021384426509, 0.000145221347339, 9.12122632144e-05, 9.73688511294e-05, 6.060429223e-05, 5.19709101354e-05, 3.94789822167e-05, 7.3184586654e-05, 7.61882256484e-05, 4.6943918278e-05, 5.23111266375e-05, 5.42172456335e-05],
        "mean": [0.00542481383309, 0.00288771139458, 0.00100202520844, 0.000464097858639, 0.000337119476171, 0.000269280921202, 0.000246773823164, 0.000213479739614, 0.000218724468141, 0.000203342206078, 0.000126785147586, 8.68619827088e-05, 9.17693541851e-05, 9.03554173419e-05, 5.08718949277e-05, 4.10318971262e-05, 5.25780815224e-05, 3.11386211251e-05, 2.29070701607e-05, 1.64274661074e-05, 1.43947727338e-05, 1.60088493431e-05, 1.32260011014e-05, 1.2536178474e-05, 1.55762245413e-05, 1.31254446387e-05, 9.94580841507e-06, 9.13738495001e-06, 8.36555682326e-06, 5.39820484846e-06, 4.446299954e-06, 4.26751012128e-06, 2.75407705885e-06, 1.9765034267e-06, 1.75830859916e-06, 1.97967392523e-06, 1.62145261129e-06, 1.5094652781e-06, 1.11614883735e-06, 9.34199590574e-07],
        "median": [0.00169820210431, 0.00144536455628, 0.000465600576717, 0.000230744015425, 0.000157782895258, 0.000135741109261, 0.00010650655895, 9.68100939645e-05, 6.57310301904e-05, 6.06502580922e-05, 3.86217216146e-05, 3.11585063173e-05, 2.59264525084e-05, 1.85477929335e-05, 1.30524776978e-05, 1.30814714794e-05, 1.02458934634e-05, 1.01951745819e-05, 7.15725718692e-06, 5.62177274332e-06, 5.14571684107e-06, 5.70819383938e-06, 5.18871411259e-06, 4.26086808147e-06, 5.37043069926e-06, 4.49188564744e-06, 3.33733146363e-06, 2.69736506198e-06, 2.20031051867e-06, 1.45224441894e-06, 1.34542540309e-06, 1.00784745882e-06, 7.25214249542e-07, 5.59415525458e-07, 5.31786611191e-07, 5.55303643068e-07, 6.1315131461e-07, 5.56091606541e-07, 4.27594045505e-07, 2.93947209684e-07],
        "min": [5.13834752525e-10, 1.10054965141e-09, 4.2618239493e-10, 1.53318677198e-11, 5.75455221669e-12, 3.37636125655e-12, 2.51092267638e-12, 4.283158897e-12, 2.55832941637e-12, 6.49267141786e-12, 5.23816710493e-12, 1.38236297409e-12, 5.52064340423e-12, 5.53442534856e-12, 3.59735938954e-12, 2.97712700846e-12, 2.34312200718e-12, 2.08805845878e-12, 1.09548123611e-12, 1.70514383863e-12, 1.10512066078e-12, 8.53784111552e-13, 6.44243881333e-13, 2.81799513195e-13, 3.6268725653e-13, 6.1406939646e-13, 4.3025254041e-13, 3.56995140914e-13, 4.89266559125e-13, 4.25747544858e-13, 3.4028728728e-13, 2.13179951122e-13, 3.13167216768e-13, 2.15965307161e-13, 1.24910105588e-13, 2.08550353636e-13, 2.39390186276e-13, 2.86605049589e-13, 2.26564061023e-13, 1.81758931907e-13],
        "var": [8.25651004561e-05, 2.13779421756e-05, 2.62335584011e-06, 5.98315864409e-07, 2.63013589574e-07, 1.53007448489e-07, 1.78115087124e-07, 1.32531283725e-07, 1.82875254495e-07, 1.53404542402e-07, 7.88454030953e-08, 2.61674202306e-08, 3.5892060879e-08, 7.97784664996e-08, 1.57145958468e-08, 8.08997935309e-09, 1.85812822906e-08, 3.77640585469e-09, 2.58596299929e-09, 1.85183413048e-09, 6.12891348784e-10, 7.12359782273e-10, 4.56280957462e-10, 5.00306018836e-10, 7.12937542335e-10, 4.88752094352e-10, 5.70743785566e-10, 4.23063500898e-10, 2.73081418589e-10, 1.57128310363e-10, 8.69149682781e-11, 1.15219535302e-10, 5.3289268831e-11, 2.75665046345e-11, 1.75009191167e-11, 2.98865203419e-11, 1.32823899449e-11, 1.00198469313e-11, 9.12177625101e-12, 1.07214584433e-11]
    },
    "mfcc": {
        "mean": [-688.792480469, 104.026367188, 9.96224212646, 22.1739807129, 5.76364898682, 5.79320812225, 9.0201921463, 5.59648942947, 4.27194738388, 7.176882267, 3.48581385612, 4.81634473801, 0.0554747469723],
        "cov": [[26782.4394531, 3622.97143555, 274.80078125, 531.29864502, -923.520019531, -985.96081543, 17.1491146088, -391.246643066, -380.335144043, -163.168487549, -277.350921631, -276.550750732, -576.952819824], [3622.97143555, 1670.73242188, 448.917633057, 274.276397705, 26.2923221588, -77.9880981445, 68.9970779419, -17.9544773102, -16.281003952, 34.8635826111, -39.3935813904, -84.8341751099, -113.15007019], [274.80078125, 448.917633057, 617.561828613, 215.568130493, 110.779747009, 53.503578186, 58.782913208, 39.8540382385, -2.27010726929, 0.19562356174, 35.7791366577, -8.77079200745, -12.5556697845], [531.29864502, 274.276397705, 215.568130493, 365.140319824, 101.941131592, -67.6628417969, 46.4450111389, 44.4725799561, 29.5954284668, -25.534034729, 13.9296855927, 29.3815784454, -15.4437112808], [-923.520019531, 26.2923221588, 110.779747009, 101.941131592, 250.448913574, 92.3226623535, 80.4969558716, 60.7188148499, 76.487411499, 28.8289222717, 17.9998474121, 19.2066345215, 39.6115379333], [-985.96081543, -77.9880981445, 53.503578186, -67.6628417969, 92.3226623535, 289.41986084, 49.9551887512, 56.7205696106, 16.5558128357, 44.9940071106, 34.707824707, -0.300193786621, 48.1142921448], [17.1491146088, 68.9970779419, 58.782913208, 46.4450111389, 80.4969558716, 49.9551887512, 176.770294189, 36.571472168, 58.7063713074, 39.6674690247, 10.0196504593, -0.697224736214, 10.0494194031], [-391.246643066, -17.9544773102, 39.8540382385, 44.4725799561, 60.7188148499, 56.7205696106, 36.571472168, 128.244720459, 55.2039222717, 8.35606479645, 31.629114151, 20.7560596466, 25.553855896], [-380.335144043, -16.281003952, -2.27010726929, 29.5954284668, 76.487411499, 16.5558128357, 58.7063713074, 55.2039222717, 114.867019653, 48.203918457, 7.14886856079, 8.27992630005, 18.0330162048], [-163.168487549, 34.8635826111, 0.19562356174, -25.534034729, 28.8289222717, 44.9940071106, 39.6674690247, 8.35606479645, 48.203918457, 99.111114502, 28.9449443817, -4.02605628967, -0.0482156164944], [-277.350921631, -39.3935813904, 35.7791366577, 13.9296855927, 17.9998474121, 34.707824707, 10.0196504593, 31.629114151, 7.14886856079, 28.9449443817, 85.3338470459, 33.906288147, 5.32295131683], [-276.550750732, -84.8341751099, -8.77079200745, 29.3815784454, 19.2066345215, -0.300193786621, -0.697224736214, 20.7560596466, 8.27992630005, -4.02605628967, 33.906288147, 70.1466140747, 29.4717197418], [-576.952819824, -113.15007019, -12.5556697845, -15.4437112808, 39.6115379333, 48.1142921448, 10.0494194031, 25.553855896, 18.0330162048, -0.0482156164944, 5.32295131683, 29.4717197418, 82.7308883667]],
