{
"lowlevel": {
    "average_loudness": 0.902181208134,
    "barkbands_crest": {
        "dmean": 2.57993865013,
        "dmean2": 4.16409635544,
        "dvar": 4.72840452194,
        "dvar2": 12.6010513306,
        "max": 23.49335289,
        "mean": 9.47666931152,
        "median": 8.88484764099,
        "min": 3.21128320694,
        "var": 12.502155304
    },
    "barkbands_flatness_db": {
        "dmean": 0.0270614083856,
        "dmean2": 0.0409709811211,
        "dvar": 0.000747536832932,
        "dvar2": 0.00155462929979,
        "max": 0.451781183481,
        "mean": 0.135492399335,
        "median": 0.119195304811,
        "min": 0.0235775392503,
        "var": 0.00548212230206
    },
    "barkbands_kurtosis": {
        "dmean": 5.1167473793,
        "dmean2": 8.06919384003,
        "dvar": 83.7188110352,
        "dvar2": 207.963104248,
        "max": 154.750091553,
        "mean": 9.12191677094,
        "median": 3.15699577332,
        "min": -1.91540455818,
        "var": 246.821517944
    },
    "barkbands_skewness": {
        "dmean": 0.67150503397,
        "dmean2": 1.0336971283,
        "dvar": 0.504716873169,
        "dvar2": 1.14072191715,
        "max": 11.2565450668,
        "mean": 2.14878344536,
        "median": 1.80398023129,
        "min": -3.53054499626,
        "var": 2.55375027657
    },
    "barkbands_spread": {
        "dmean": 6.73990726471,
        "dmean2": 9.75191879272,
        "dvar": 68.2048187256,
        "dvar2": 127.462310791,
        "max": 106.798324585,
        "mean": 22.3516235352,
        "median": 19.5730648041,
        "min": 0.597244918346,
        "var": 264.782409668
    },
    "dissonance": {
        "dmean": 0.0162761062384,
        "dmean2": 0.0272210296243,
        "dvar": 0.000300045823678,
        "dvar2": 0.000811648729723,
        "max": 0.500000119209,
        "mean": 0.470737308264,
        "median": 0.478304773569,
        "min": 0.276789218187,
        "var": 0.000699764699675
    },
    "dynamic_complexity": 4.59531879425,
    "erbbands_crest": {
        "dmean": 2.3022377491,
        "dmean2": 3.6783823967,
        "dvar": 5.41863632202,
        "dvar2": 13.4805021286,
        "max": 29.0972766876,
        "mean": 7.80753231049,
        "median": 6.60357427597,
        "min": 2.21443891525,
        "var": 17.6907615662
    },
    "erbbands_flatness_db": {
        "dmean": 0.0204869583249,
        "dmean2": 0.0286368075758,
        "dvar": 0.000406877370551,
        "dvar2": 0.000754015578423,
        "max": 0.36594709754,
        "mean": 0.12788619101,
        "median": 0.120648659766,
        "min": 0.0347986370325,
        "var": 0.00263090059161
    },
    "erbbands_kurtosis": {
        "dmean": 1.15122354031,
        "dmean2": 1.79951810837,
        "dvar": 6.06539487839,
        "dvar2": 16.0213546753,
        "max": 39.1551971436,
        "mean": 0.832781255245,
        "median": -0.4204621315,
        "min": -1.81041991711,
        "var": 15.0379667282
    },
    "erbbands_skewness": {
        "dmean": 0.370341271162,
        "dmean2": 0.561784803867,
        "dvar": 0.150261923671,
        "dvar2": 0.336618453264,
        "max": 5.41020154953,
        "mean": 0.376230865717,
        "median": 0.203966513276,
        "min": -3.88784241676,
        "var": 0.905006229877
    },
    "erbbands_spread": {
        "dmean": 9.49586391449,
        "dmean2": 13.543299675,
        "dvar": 97.3262557983,
        "dvar2": 201.340881348,
        "max": 143.6875,
        "mean": 46.9919242859,
        "median": 45.7704162598,
        "min": 3.15744161606,
        "var": 536.079223633
    },
    "hfc": {
        "dmean": 8.45090389252,
        "dmean2": 11.4103221893,
        "dvar": 197.389892578,
        "dvar2": 424.463470459,
        "max": 126.868743896,
        "mean": 14.8827667236,
        "median": 6.45542430878,
        "min": 0.0216849446297,
        "var": 390.762695312
    },
    "melbands_crest": {
        "dmean": 3.46518611908,
        "dmean2": 5.63337898254,
        "dvar": 8.6455116272,
        "dvar2": 21.6472625732,
        "max": 36.3288536072,
        "mean": 15.0771970749,
        "median": 14.6602659225,
        "min": 4.54948854446,
        "var": 24.705242157
    },
    "melbands_flatness_db": {
        "dmean": 0.0322850160301,
        "dmean2": 0.048394203186,
        "dvar": 0.00105050904676,
        "dvar2": 0.0021602215711,
        "max": 0.608088135719,
        "mean": 0.227337285876,
        "median": 0.204441770911,
        "min": 0.054984100163,
        "var": 0.00880079995841
    },
    "melbands_kurtosis": {
        "dmean": 13.0563106537,
        "dmean2": 20.3916358948,
        "dvar": 674.616882324,
        "dvar2": 1480.41943359,
        "max": 437.981842041,
        "mean": 28.860786438,
        "median": 12.7518568039,
        "min": -1.78316390514,
        "var": 2494.85595703
    },
    "melbands_skewness": {
        "dmean": 0.932247698307,
        "dmean2": 1.42511570454,
        "dvar": 1.14513540268,
        "dvar2": 2.37182474136,
        "max": 17.6708526611,
        "mean": 3.61350750923,
        "median": 3.06733751297,
        "min": -1.11766326427,
        "var": 6.24214076996
    },
    "melbands_spread": {
        "dmean": 6.50639533997,
        "dmean2": 9.90595054626,
        "dvar": 88.0219726562,
        "dvar2": 168.642532349,
        "max": 216.492385864,
        "mean": 19.1092376709,
        "median": 16.1903038025,
        "min": 0.539300680161,
        "var": 312.871185303
    },
    "pitch_salience": {
        "dmean": 0.0770083814859,
        "dmean2": 0.125223308802,
        "dvar": 0.00461854040623,
        "dvar2": 0.0121711306274,
        "max": 0.894009113312,
        "mean": 0.567650020123,
        "median": 0.574663221836,
        "min": 0.115404881537,
        "var": 0.0102639123797
    },
    "silence_rate_20dB": {
        "dmean": 0,
        "dmean2": 0,
        "dvar": 0,
        "dvar2": 0,
        "max": 1,
        "mean": 1,
        "median": 1,
        "min": 1,
        "var": 0
    },
    "silence_rate_30dB": {
        "dmean": 0.00541795650497,
        "dmean2": 0.0108401086181,
        "dvar": 0.00538868736476,
        "dvar2": 0.0161428470165,
        "max": 1,
        "mean": 0.997292041779,
        "median": 1,
        "min": 0,
        "var": 0.00270056840964
    },
    "silence_rate_60dB": {
        "dmean": 0.0433436520398,
        "dmean2": 0.0867208689451,
        "dvar": 0.0414634756744,
        "dvar2": 0.0939134731889,
        "max": 1,
        "mean": 0.133462280035,
        "median": 0,
        "min": 0,
        "var": 0.115652613342
    },
    "spectral_centroid": {
        "dmean": 269.447235107,
        "dmean2": 402.395050049,
        "dvar": 89973.0625,
        "dvar2": 178668.171875,
        "max": 5168.36621094,
        "mean": 1214.17346191,
        "median": 1150.74145508,
        "min": 133.492599487,
        "var": 440208.34375
    },
    "spectral_complexity": {
        "dmean": 4.54527854919,
        "dmean2": 6.50638771057,
        "dvar": 35.41355896,
        "dvar2": 69.6544342041,
        "max": 56,
        "mean": 14.0309476852,
        "median": 12,
        "min": 0,
        "var": 109.247039795
    },
    "spectral_decrease": {
        "dmean": 2.60673127528e-09,
        "dmean2": 3.91043997183e-09,
        "dvar": 2.0227217918e-17,
        "dvar2": 4.73999670371e-17,
        "max": -6.12655343124e-11,
        "mean": -5.16707920895e-09,
        "median": -3.62164676027e-09,
        "min": -4.65250060699e-08,
        "var": 3.01508458241e-17
    },
    "spectral_energy": {
        "dmean": 0.0104621080682,
        "dmean2": 0.0156068569049,
        "dvar": 0.000324149033986,
        "dvar2": 0.000750751816668,
        "max": 0.182126075029,
        "mean": 0.0208516661078,
        "median": 0.0144387623295,
        "min": 0.000233196900808,
        "var": 0.000494716223329
    },
    "spectral_energyband_high": {
        "dmean": 0.000470965460408,
        "dmean2": 0.000639183504973,
        "dvar": 6.39519214474e-07,
        "dvar2": 1.31374770262e-06,
        "max": 0.0151294479147,
        "mean": 0.000714825990144,
        "median": 0.000215534790186,
        "min": 1.5238313722e-08,
        "var": 1.6306823909e-06
    },
    "spectral_energyband_low": {
        "dmean": 0.00599503330886,
        "dmean2": 0.00968733243644,
        "dvar": 0.000138330389746,
        "dvar2": 0.000356178323273,
        "max": 0.137362673879,
        "mean": 0.00955416355282,
        "median": 0.00643445691094,
        "min": 8.27488111099e-05,
        "var": 0.000143893223139
    },
    "spectral_energyband_middle_high": {
        "dmean": 0.00226344936527,
        "dmean2": 0.00316728022881,
        "dvar": 2.25863368541e-05,
        "dvar2": 4.49504987046e-05,
        "max": 0.0719290822744,
        "mean": 0.00408030068502,
        "median": 0.00133922870737,
        "min": 1.1794708854e-07,
        "var": 5.35419931111e-05
    },
    "spectral_energyband_middle_low": {
        "dmean": 0.00461587216705,
        "dmean2": 0.00716103520244,
        "dvar": 7.4043571658e-05,
        "dvar2": 0.000183330514119,
        "max": 0.102858968079,
        "mean": 0.00784272328019,
        "median": 0.00439750775695,
        "min": 9.05338583834e-06,
        "var": 9.99656040221e-05
    },
    "spectral_entropy": {
        "dmean": 0.19377091527,
        "dmean2": 0.274393469095,
        "dvar": 0.0416683293879,
        "dvar2": 0.0827542990446,
        "max": 8.75815963745,
        "mean": 7.57563829422,
        "median": 7.66670608521,
        "min": 4.83468818665,
        "var": 0.364289462566
    },
    "spectral_flux": {
        "dmean": 0.0266117453575,
        "dmean2": 0.0403271131217,
        "dvar": 0.00119697442278,
        "dvar2": 0.00227947649546,
        "max": 0.310542017221,
        "mean": 0.0749458670616,
        "median": 0.0562101230025,
        "min": 0.00451508630067,
        "var": 0.00303082936443
    },
    "spectral_kurtosis": {
        "dmean": 1.66909492016,
        "dmean2": 2.64059972763,
        "dvar": 8.140666008,
        "dvar2": 21.2301425934,
        "max": 91.3285064697,
        "mean": 5.47691631317,
        "median": 3.78419733047,
        "min": -0.0312054157257,
        "var": 55.0700569153
    },
    "spectral_rms": {
        "dmean": 0.000971338595264,
        "dmean2": 0.00139400339685,
        "dvar": 1.60836953e-06,
        "dvar2": 3.41987674801e-06,
        "max": 0.0133298151195,
        "mean": 0.00398387899622,
        "median": 0.00375321158208,
        "min": 0.000476979214,
        "var": 4.47180991614e-06
    },
    "spectral_rolloff": {
        "dmean": 500.999420166,
        "dmean2": 798.16418457,
        "dvar": 777831.125,
        "dvar2": 1512109.5,
        "max": 9625.34179688,
        "mean": 1126.1048584,
        "median": 796.728515625,
        "min": 43.06640625,
        "var": 1817090.625
    },
    "spectral_skewness": {
        "dmean": 0.222257703543,
        "dmean2": 0.3392560184,
        "dvar": 0.0598268173635,
        "dvar2": 0.138758078218,
        "max": 7.55148792267,
        "mean": 1.64752650261,
        "median": 1.50498235226,
        "min": 0.0957455337048,
        "var": 0.603873968124
    },
    "spectral_spread": {
        "dmean": 708922.125,
        "dmean2": 934824.375,
        "dvar": 570015219712,
        "dvar2": 946574196736,
        "max": 10910574,
        "mean": 5070871,
        "median": 4905367,
        "min": 949142.5,
        "var": 2.97938242765e+12
    },
    "spectral_strongpeak": {
        "dmean": 0.325276464224,
        "dmean2": 0.534276545048,
        "dvar": 0.453956216574,
        "dvar2": 1.095454216,
        "max": 9.04668045044,
        "mean": 0.471888273954,
        "median": 0.190452352166,
        "min": 0,
        "var": 0.783621788025
    },
    "zerocrossingrate": {
        "dmean": 0.0132185518742,
        "dmean2": 0.0148026915267,
        "dvar": 0.000214067214984,
        "dvar2": 0.000230784586165,
        "max": 0.298828125,
        "mean": 0.058212004602,
        "median": 0.0517578125,
        "min": 0.001953125,
        "var": 0.00137793261092
    },
    "barkbands": {
        "dmean": [0.000344521075021, 0.00309033412486, 0.0027128260117, 0.00156778283417, 0.00146593374666, 0.00113451958168, 0.000399977288907, 0.000617611862253, 0.000515174760949, 0.000667394429911, 0.000454100896604, 0.000346255488694, 0.000391001667595, 0.000334437820129, 0.00024178402964, 0.000178331902134, 0.000185473429156, 0.0001946612756, 0.000103705460788, 0.000109164975584, 0.000110008077172, 9.23956613406e-05, 6.01442879997e-05, 5.7822013332e-05, 5.76295387873e-05, 4.98907211295e-05, 3.6057044781e-05],
        "dmean2": [0.000559361535124, 0.00502058630809, 0.00462820380926, 0.00265834550373, 0.00245050131343, 0.00177040905692, 0.000654376461171, 0.00095011619851, 0.000804638140835, 0.000979693606496, 0.000685666513164, 0.000527504191268, 0.000590725336224, 0.000524607836269, 0.00039436283987, 0.000288451439701, 0.000293602060992, 0.000297343998682, 0.000165695382748, 0.000164115292137, 0.000165892502991, 0.000135091147968, 8.456530486e-05, 7.85978991189e-05, 8.30975113786e-05, 7.17487273505e-05, 5.47168892808e-05],
        "dvar": [2.4430630674e-07, 3.00265310216e-05, 4.46455960628e-05, 1.15090533654e-05, 9.08110268938e-06, 7.59332760936e-06, 1.28323063109e-06, 2.55812960859e-06, 2.5512524644e-06, 4.64087270302e-06, 1.96527435037e-06, 7.96800861735e-07, 1.31987803798e-06, 8.15674127352e-07, 3.8955838022e-07, 2.42189997834e-07, 3.55608676728e-07, 2.46918574476e-07, 4.20784758148e-08, 5.66791023004e-08, 4.97968848379e-08, 4.57926354613e-08, 2.20293152609e-08, 9.68596403084e-09, 1.25426344866e-08, 8.35053715065e-09, 5.49059553379e-09],
        "dvar2": [5.36371317139e-07, 7.65972072259e-05, 0.000123477366287, 3.13144591928e-05, 2.38867814915e-05, 1.67909947777e-05, 3.0888929814e-06, 5.65123445995e-06, 5.65552363696e-06, 9.89536511042e-06, 3.89785054722e-06, 1.72813406607e-06, 2.84656471194e-06, 1.87631098925e-06, 1.07279754502e-06, 5.91842194808e-07, 8.08394020169e-07, 5.3652445331e-07, 1.0364387748e-07, 1.21172433865e-07, 1.15964766678e-07, 9.35080350928e-08, 4.07266078639e-08, 1.91558111595e-08, 2.76381886266e-08, 1.71983440822e-08, 1.25010597429e-08],
        "max": [0.00874991901219, 0.0551659017801, 0.079619653523, 0.0463235676289, 0.0479870773852, 0.0437589436769, 0.0271176770329, 0.0254303645343, 0.0270564295352, 0.0406544432044, 0.0252878293395, 0.0162279717624, 0.0267585795373, 0.0146833285689, 0.0114665059373, 0.00899863615632, 0.0122617119923, 0.00749420095235, 0.00284180557355, 0.00576532073319, 0.00326659530401, 0.00776799907908, 0.00522953318432, 0.00148562272079, 0.00108299497515, 0.000723546079826, 0.000490072998218],
        "mean": [0.000528830161784, 0.00454675080255, 0.00329225417227, 0.00202447874472, 0.00194028858095, 0.00164675153792, 0.000472346961033, 0.000858577317558, 0.000679606979247, 0.000926562584937, 0.000600457773544, 0.00047578162048, 0.000497572589666, 0.000414916255977, 0.000301172054606, 0.000209156016354, 0.000231296115089, 0.000261009379756, 0.000150566716911, 0.000158851180458, 0.000154764784384, 0.000143777782796, 9.55894865911e-05, 8.57979248394e-05, 6.94951449987e-05, 5.25141949765e-05, 3.25102373608e-05],
        "median": [0.00031773999217, 0.00281404517591, 0.00167385744862, 0.00102706323378, 0.000954314193223, 0.000501900678501, 0.000161447693245, 0.000163714357768, 8.47232731758e-05, 0.000149884144776, 6.82444224367e-05, 9.82912024483e-05, 9.43431223277e-05, 7.47286758269e-05, 7.16290742275e-05, 6.73069953336e-05, 7.55528380978e-05, 8.40399516164e-05, 6.63206810714e-05, 5.68661453144e-05, 5.5038730352e-05, 3.44192776538e-05, 2.17057040572e-05, 1.62070573424e-05, 1.22690453281e-05, 7.21511651136e-06, 3.87793897971e-06],
        "min": [1.70438170244e-07, 3.14897151839e-05, 1.41320856528e-06, 8.89340242338e-07, 1.61099842444e-06, 2.41836147552e-07, 7.8970543882e-08, 3.44315047585e-08, 5.39759739127e-08, 2.96124991195e-08, 6.99240931823e-09, 1.300146657e-08, 1.1112513576e-08, 1.0495581293e-08, 3.09851522218e-09, 2.12469841721e-09, 8.7486662359e-10, 1.23203991453e-09, 6.83956447034e-10, 9.01244634477e-10, 1.13552711678e-09, 1.23704491095e-09, 1.04752828634e-09, 3.55578622102e-11, 1.82068116139e-09, 2.50360288057e-09, 1.86242621325e-09],
        "var": [4.20857702466e-07, 3.47096793121e-05, 3.35488257406e-05, 1.00698734968e-05, 8.92278330866e-06, 1.33120074679e-05, 1.42356782362e-06, 4.08379264627e-06, 3.83337055609e-06, 9.00279792404e-06, 3.86806959796e-06, 1.32953277898e-06, 2.03559534384e-06, 1.04132379874e-06, 5.680054187e-07, 2.66068667543e-07, 4.03397422133e-07, 3.71567324464e-07, 6.28466167996e-08, 1.00315183715e-07, 8.26799393394e-08, 1.59855403581e-07, 6.4300138547e-08, 2.33843078234e-08, 1.80787882442e-08, 1.07577067254e-08, 5.64495916677e-09]
    },
    "erbbands": {
        "dmean": [0.0934154987335, 0.716645240784, 2.70770835876, 4.70334672928, 5.00810861588, 4.6180896759, 8.48847103119, 8.68498802185, 5.48271656036, 7.94619607925, 14.5708990097, 12.4084882736, 14.4888696671, 21.0353164673, 16.9992256165, 13.3245620728, 18.5295791626, 16.9372081757, 15.5940828323, 7.38703250885, 9.91962814331, 10.8311090469, 10.4348258972, 6.80621433258, 4.95169591904, 5.2092165947, 5.03937673569, 3.75252795219, 3.37569952011, 2.45784330368, 1.66421103477, 1.30175232887, 0.883425295353, 0.58277541399, 0.455293864012, 0.237590283155, 0.0883220657706, 0.0306796114892, 0.00632182974368, 0.000354546267772],
        "dmean2": [0.148554697633, 1.17885673046, 4.57259178162, 7.97718191147, 8.52850532532, 7.69648838043, 13.6627149582, 13.57853508, 8.59461975098, 13.0324678421, 22.3519649506, 19.0138874054, 20.6459350586, 31.2683105469, 25.2778739929, 19.4452514648, 27.545135498, 26.340877533, 25.0594577789, 11.6260309219, 15.8351831436, 16.9317207336, 15.9141607285, 10.7378797531, 7.70593166351, 7.89541816711, 7.90694570541, 5.42035770416, 4.89595270157, 3.4662733078, 2.3936445713, 1.79993402958, 1.22884237766, 0.823430478573, 0.673026204109, 0.34254154563, 0.127853065729, 0.0448129326105, 0.00950255151838, 0.000561956723686],
        "dvar": [0.0212270282209, 1.85478961468, 41.6862945557, 115.725799561, 117.426933289, 83.5209350586, 359.076843262, 470.095336914, 159.156860352, 438.768707275, 1698.92565918, 1401.68518066, 3357.46630859, 3917.02392578, 2524.56176758, 924.764709473, 3199.28808594, 2260.51367188, 1691.07104492, 279.567443848, 837.49786377, 1293.52709961, 737.944091797, 220.655059814, 108.96598053, 108.75504303, 106.398475647, 57.1897506714, 61.1382141113, 45.7396507263, 13.1924657822, 5.88673639297, 2.17750549316, 1.2339206934, 0.852825164795, 0.193220511079, 0.0272381491959, 0.00337893678807, 0.000179762690095, 5.26463566075e-07],
        "dvar2": [0.0528787411749, 4.75138092041, 113.55973053, 314.734649658, 321.030792236, 212.672927856, 877.509765625, 999.238952637, 371.533172607, 1039.47143555, 3772.98217773, 2999.88012695, 6966.81542969, 7439.75390625, 5196.71875, 1953.91052246, 6788.42724609, 5220.82763672, 4344.27832031, 600.057678223, 1967.79309082, 2857.43261719, 1554.25708008, 529.26965332, 252.045654297, 234.218933105, 266.588409424, 118.856384277, 119.912528992, 87.4289245605, 25.7827587128, 11.5569677353, 4.52393341064, 2.75805473328, 1.90607988834, 0.396849393845, 0.0580420717597, 0.00724208820611, 0.000412444525864, 1.22952008041e-06],
        "max": [1.35979664326, 12.9242897034, 71.2658462524, 134.239654541, 149.370574951, 113.766418457, 266.081848145, 366.500213623, 228.498214722, 357.270019531, 711.903625488, 652.683654785, 1176.29577637, 1697.81713867, 1019.0526123, 520.319519043, 1495.31835938, 715.032653809, 914.003234863, 282.165649414, 568.088317871, 705.311218262, 423.946960449, 327.586730957, 235.261291504, 162.428848267, 146.246551514, 199.166503906, 306.844360352, 258.108612061, 112.008743286, 53.619594574, 19.7370071411, 16.6540641785, 8.5299654007, 3.55921292305, 1.25653147697, 0.358122318983, 0.092478774488, 0.00500456197187],
        "mean": [0.140170991421, 0.975732147694, 3.50125837326, 6.23061227798, 6.1950879097, 5.93092918396, 11.2696723938, 12.8344688416, 7.4193572998, 9.94582748413, 20.3832492828, 17.4983730316, 19.7766189575, 31.851858139, 24.0606918335, 20.0573711395, 25.1559200287, 21.7096939087, 20.9669570923, 10.3327436447, 12.1463813782, 13.737238884, 13.9460849762, 9.67694950104, 7.4227104187, 7.46322631836, 6.76457834244, 5.60971784592, 5.25270843506, 3.93762135506, 2.62574744225, 1.98997044563, 1.26025688648, 0.766115188599, 0.50458586216, 0.256583809853, 0.0899288803339, 0.0298590622842, 0.00573451817036, 0.000311792537104],
        "median": [0.0660588592291, 0.549990475178, 1.71417295933, 3.49782776833, 3.5374712944, 2.33682441711, 3.72512888908, 3.61591696739, 2.87032079697, 2.23635554314, 3.79024934769, 2.55857419968, 3.79554367065, 3.82757687569, 3.63425111771, 4.43748760223, 5.13779783249, 4.8740196228, 5.6487159729, 3.12305045128, 4.36949634552, 4.46028470993, 4.64622688293, 3.79438734055, 3.165558815, 2.674523592, 2.3959980011, 2.02070736885, 1.31246888638, 0.910355508327, 0.586481153965, 0.375838190317, 0.252813130617, 0.158129259944, 0.0823731273413, 0.0377163924277, 0.0116007467732, 0.00366323324852, 0.000759971735533, 5.28473829036e-05],
        "min": [0.000453802000266, 0.0062355636619, 0.00473840394989, 0.00987426750362, 0.00827472470701, 0.00445662438869, 0.00195958348922, 0.0011054018978, 0.00114890607074, 0.00117991748266, 0.00159429165069, 0.00126800651196, 0.0011103322031, 0.000984808546491, 0.000626691326033, 0.000765395350754, 0.000660144956782, 0.000712984881829, 0.00026175394305, 0.000189979240531, 0.000103652026155, 7.45731522329e-05, 7.32394837542e-05, 4.52067652077e-05, 4.32589113188e-05, 5.04571216879e-05, 4.91617975058e-05, 5.36582483619e-05, 4.13821653638e-05, 4.12356203014e-05, 3.07608752337e-05, 2.73847690551e-05, 1.94401072804e-05, 1.87516325241e-05, 1.25510514408e-05, 8.65653328219e-06, 5.4762513173e-06, 4.05786431656e-06, 2.89696686195e-07, 2.6760457672e-07],
        "var": [0.030368026346, 1.97695314884, 33.9317169189, 95.7838745117, 101.974060059, 89.1990509033, 513.952392578, 933.280639648, 215.187469482, 544.809997559, 2620.97143555, 2361.00244141, 5675.47998047, 12151.7900391, 5494.23193359, 1851.74609375, 5070.44433594, 2896.24804688, 2337.72485352, 531.576049805, 970.667236328, 1515.68933105, 1082.39465332, 332.735687256, 168.973297119, 187.378143311, 149.963729858, 131.509170532, 215.781402588, 138.818115234, 38.8097038269, 14.8987121582, 4.8720164299, 2.09982967377, 1.06933677197, 0.255077183247, 0.0333212204278, 0.00393979297951, 0.000183382435353, 4.99876819049e-07]
    },
    "gfcc": {
        "mean": [-30.4646129608, 86.7099838257, -90.9128265381, 35.6564598083, -39.7948760986, 12.3914194107, -26.8626995087, 3.70616722107, -22.913110733, 1.92821466923, -15.1024303436, 0.793348491192, -11.8629550934],
        "cov": [[11235.1181641, -2677.94067383, -1029.17114258, -616.171875, -919.797668457, 378.845916748, -52.2867355347, 209.670059204, -61.9968795776, 145.305236816, -83.3040390015, 55.7051391602, -171.341094971], [-2677.94067383, 1794.63525391, -296.574523926, 47.2222595215, 240.934158325, -246.733139038, -7.43680000305, -160.248779297, 29.9152507782, -116.115020752, 77.0496749878, -78.2283859253, 72.6270828247], [-1029.17114258, -296.574523926, 1094.98901367, 36.0554656982, 231.383102417, 62.8717575073, 55.4871444702, 32.8961715698, -39.2986946106, 22.1363296509, -87.8738174438, -15.609752655, -43.6885871887], [-616.171875, 47.2222595215, 36.0554656982, 390.356811523, 68.2067184448, -9.05406093597, -13.1540327072, -6.09140443802, 7.5655579567, -27.4243850708, -38.5956382751, -25.1444664001, 15.9679288864], [-919.797668457, 240.934158325, 231.383102417, 68.2067184448, 347.90411377, -17.4773254395, 63.563709259, -26.0289096832, -1.11789679527, -18.3483886719, -26.189825058, -32.1668701172, 2.847625494], [378.845916748, -246.733139038, 62.8717575073, -9.05406093597, -17.4773254395, 296.521270752, 71.1327590942, 53.7309875488, -28.4684295654, -4.5894651413, -41.4411087036, -47.876159668, -62.088306427], [-52.2867355347, -7.43680000305, 55.4871444702, -13.1540327072, 63.563709259, 71.1327590942, 191.327194214, 27.805803299, -15.894493103, -16.3353729248, -24.5899829865, -25.4286231995, -26.6172142029], [209.670059204, -160.248779297, 32.8961715698, -6.09140443802, -26.0289096832, 53.7309875488, 27.805803299, 105.127174377, 3.74538516998, 13.4599666595, -20.5902557373, 8.26132583618, -5.14754343033], [-61.9968795776, 29.9152507782, -39.2986946106, 7.5655579567, -1.11789679527, -28.4684295654, -15.894493103, 3.74538516998, 71.5785217285, 25.779094696, 18.4408092499, 0.732831895351, 8.4530134201], [145.305236816, -116.115020752, 22.1363296509, -27.4243850708, -18.3483886719, -4.5894651413, -16.3353729248, 13.4599666595, 25.779094696, 92.9062805176, 31.5831680298, 21.2364273071, 1.58745467663], [-83.3040390015, 77.0496749878, -87.8738174438, -38.5956382751, -26.189825058, -41.4411087036, -24.5899829865, -20.5902557373, 18.4408092499, 31.5831680298, 84.459487915, 39.8123512268, 19.6052265167], [55.7051391602, -78.2283859253, -15.609752655, -25.1444664001, -32.1668701172, -47.876159668, -25.4286231995, 8.26132583618, 0.732831895351, 21.2364273071, 39.8123512268, 82.3447265625, 35.3670425415], [-171.341094971, 72.6270828247, -43.6885871887, 15.9679288864, 2.847625494, -62.088306427, -26.6172142029, -5.14754343033, 8.4530134201, 1.58745467663, 19.6052265167, 35.3670425415, 69.7873840332]],
        "icov": [[0.000241961737629, 0.000391867535654, 0.000326819805196, 0.000317565194564, 0.00013533134188, 7.93346334831e-05, 2.92177846859e-05, 6.12784788245e-05, 0.000149836487253, -5.12341466674e-05, 0.000291931530228, 0.000270098593319, 0.000163031319971], [0.000391867535654, 0.00175508786924, 0.000747306330595, 0.000598462880589, -0.000503521470819, 0.000819663051516, -1.44013301906e-05, 0.000469578255434, 0.000200593523914, 0.00128195609432, -0.0013901037164, 0.0026133148931, -0.000741892843507], [0.000326819805196, 0.000747306330595, 0.00177210220136, 0.000468623213237, -0.00088233477436, 0.000176301327883, 0.000156079651788, 3.43301035173e-05, 0.000740548013709, -0.000712455133907, 0.00155129795894, -0.000171510240762, 0.00085938180564], [0.000317565194564, 0.000598462880589, 0.000468623213237, 0.00333095458336, -0.000365930842236, 7.18588344171e-05, 0.000478000176372, 0.000195706539671, -0.000418346986407, 0.000486291042762, 0.00152830034494, 0.00103391823359, -0.000950007117353], [0.00013533134188, -0.000503521470819, -0.00088233477436, -0.000365930842236, 0.00466874847189, 5.71436794417e-05, -0.00144723267294, 0.000953179667704, -0.000400344695663, -0.000529319921043, 0.00105412502307, 0.000380332843633, -0.000662047532387], [7.93346334831e-05, 0.000819663051516, 0.000176301327883, 7.18588344171e-05, 5.71436794417e-05, 0.00555768189952, -0.000989934662357, -0.00201671686955, 0.00178082706407, 0.000355859519914, -0.00113725627307, 0.003422440961, 0.0022128445562], [2.92177846859e-05, -1.44013301906e-05, 0.000156079651788, 0.000478000176372, -0.00144723267294, -0.000989934662357, 0.00671886466444, -0.0018374226056, 0.000789974699728, 0.000805052521173, -1.20112836157e-05, 0.000482250034111, 0.00132544711232], [6.12784788245e-05, 0.000469578255434, 3.43301035173e-05, 0.000195706539671, 0.000953179667704, -0.00201671686955, -0.0018374226056, 0.0133969420567, -0.00253004929982, -0.00176790344995, 0.00501319626346, -0.00372080970556, -0.00108332117088], [0.000149836487253, 0.000200593523914, 0.000740548013709, -0.000418346986407, -0.000400344695663, 0.00178082706407, 0.000789974699728, -0.00253004929982, 0.0180687978864, -0.00472351303324, -0.00315529550426, 0.00451128277928, -0.0010471472051], [-5.12341466674e-05, 0.00128195609432, -0.000712455133907, 0.000486291042762, -0.000529319921043, 0.000355859519914, 0.000805052521173, -0.00176790344995, -0.00472351303324, 0.0167710576206, -0.00771209644154, 0.000984772923402, 0.000355780037353], [0.000291931530228, -0.0013901037164, 0.00155129795894, 0.00152830034494, 0.00105412502307, -0.00113725627307, -1.20112836157e-05, 0.00501319626346, -0.00315529550426, -0.00771209644154, 0.0258721150458, -0.0128115108237, 0.00187733164057], [0.000270098593319, 0.0026133148931, -0.000171510240762, 0.00103391823359, 0.000380332843633, 0.003422440961, 0.000482250034111, -0.00372080970556, 0.00451128277928, 0.000984772923402, -0.0128115108237, 0.0278079211712, -0.0105239069089], [0.000163031319971, -0.000741892843507, 0.00085938180564, -0.000950007117353, -0.000662047532387, 0.0022128445562, 0.00132544711232, -0.00108332117088, -0.0010471472051, 0.000355780037353, 0.00187733164057, -0.0105239069089, 0.0236029960215]]
    },
    "melbands": {
        "dmean": [0.00081733125262, 0.00124126602896, 0.000788677309174, 0.000340160506312, 0.00026193348458, 0.000193965053768, 8.43935122248e-05, 9.58360251389e-05, 0.000123623540276, 7.27838487364e-05, 7.536123303e-05, 8.78911014297e-05, 5.90139097767e-05, 3.99320597353e-05, 3.71751084458e-05, 3.90447130485e-05, 3.24338107021e-05, 2.61835339188e-05, 1.51097619892e-05, 1.17970384963e-05, 1.12297684609e-05, 1.23688359963e-05, 1.05700009954e-05, 8.43381894811e-06, 5.63813409826e-06, 3.4894962937e-06, 3.95912456952e-06, 3.40461724591e-06, 3.46616388924e-06, 2.74577223536e-06, 2.01113448384e-06, 1.97246959033e-06, 1.82833673534e-06, 1.28876831695e-06, 1.04400714918e-06, 8.2476208263e-07, 7.94110519564e-07, 6.20682840236e-07, 5.79204368023e-07, 4.60975968508e-07],
        "dmean2": [0.00131926988252, 0.0020540766418, 0.0013315131655, 0.000575256883167, 0.000418176496169, 0.000301790132653, 0.000133859692141, 0.00015337325749, 0.000188217585674, 0.000113153662824, 0.000108598993393, 0.00013066563406, 8.79046419868e-05, 6.04603519605e-05, 5.57332896278e-05, 5.92717005929e-05, 5.09755009261e-05, 4.19858952228e-05, 2.48127216764e-05, 1.9141134544e-05, 1.80435290531e-05, 2.00011709239e-05, 1.63773147506e-05, 1.28906622194e-05, 9.01711882761e-06, 5.56412669539e-06, 6.07010542808e-06, 5.22172967976e-06, 5.59658019483e-06, 4.20857804784e-06, 2.9347970667e-06, 2.97964675156e-06, 2.68962617156e-06, 1.86012971426e-06, 1.51668098169e-06, 1.1835264786e-06, 1.11732981622e-06, 8.69941345627e-07, 8.27301334994e-07, 6.59234046907e-07],
        "dvar": [1.86941304037e-06, 7.48533420847e-06, 3.08205085275e-06, 5.3303358527e-07, 3.0038688692e-07, 2.26497562039e-07, 4.31912390297e-08, 6.02870642297e-08, 1.29168469698e-07, 5.01121562024e-08, 9.29188956889e-08, 6.62131824924e-08, 2.95507724957e-08, 1.25396670825e-08, 8.48252490471e-09, 1.29205099952e-08, 9.05041375177e-09, 5.44526024271e-09, 1.67874159018e-09, 8.40855052253e-10, 1.01228558869e-09, 2.06060835062e-09, 8.06857025637e-10, 4.85875228939e-10, 1.54175491818e-10, 4.68317572222e-11, 1.2394064941e-10, 4.48945394749e-11, 5.35310684668e-11, 3.75750437709e-11, 1.8137501917e-11, 2.29360037907e-11, 1.96837077887e-11, 1.56172158539e-11, 5.34104704908e-12, 3.15351737779e-12, 2.07332328389e-12, 1.06759642359e-12, 1.06576759137e-12, 8.21220099301e-13],
        "dvar2": [4.74363059766e-06, 1.99419500859e-05, 8.34176080389e-06, 1.41394662023e-06, 7.35220737624e-07, 4.86635201469e-07, 1.00971291772e-07, 1.40837101981e-07, 2.94263486467e-07, 1.07460863319e-07, 1.95057324959e-07, 1.28740850869e-07, 5.9301729749e-08, 2.78486105287e-08, 1.86890183329e-08, 2.64097597125e-08, 2.11051016663e-08, 1.35005322477e-08, 4.26857260649e-09, 2.00767247271e-09, 2.37972086481e-09, 4.78447237384e-09, 1.72602288018e-09, 1.07039654917e-09, 3.74171332806e-10, 1.13402051638e-10, 2.73869427136e-10, 9.8709103391e-11, 1.38979355802e-10, 8.54482179458e-11, 3.64256541596e-11, 4.87303808416e-11, 3.97234814487e-11, 2.92615237596e-11, 1.08356674328e-11, 6.69754833191e-12, 4.14564563234e-12, 2.26436924766e-12, 2.29188759984e-12, 1.86417808273e-12],
        "max": [0.0140455942601, 0.0302735753357, 0.0196994394064, 0.0121000930667, 0.00721852388233, 0.00769838923588, 0.00447033764794, 0.00334086152725, 0.00588841922581, 0.00476965354756, 0.00622910773382, 0.00699210260063, 0.00324809947051, 0.00213864515536, 0.00142901390791, 0.00294842943549, 0.00144227419514, 0.001714286278, 0.000994582194835, 0.000404342339607, 0.00058353273198, 0.000912008283194, 0.000549238931853, 0.000501109403558, 0.000271502678515, 8.38850319269e-05, 0.000356319040293, 9.24085397855e-05, 0.0001025622405, 0.000110433364171, 0.000139736861456, 0.000172432046384, 0.000147372571519, 0.000152151667862, 6.76906638546e-05, 4.79876325699e-05, 2.45219580393e-05, 1.27905395857e-05, 1.4903193005e-05, 1.3301173567e-05],
        "mean": [0.00122692645527, 0.001693475293, 0.00106393988244, 0.000432966306107, 0.000357847806299, 0.000287554168608, 0.000110225577373, 0.000121456258057, 0.000171942490852, 9.94260117295e-05, 9.71664921963e-05, 0.000130204411107, 8.26223476906e-05, 5.26173498656e-05, 5.39607644896e-05, 5.09747806063e-05, 3.89684209949e-05, 3.41251434293e-05, 1.87692803593e-05, 1.40108531923e-05, 1.35538630275e-05, 1.4555495909e-05, 1.38238565341e-05, 1.10947157737e-05, 7.59909289627e-06, 5.12751103088e-06, 5.57155362912e-06, 4.71205430586e-06, 4.4192115638e-06, 3.73226930606e-06, 3.02455805468e-06, 2.97440806207e-06, 2.72831175607e-06, 1.99602095563e-06, 1.56807209351e-06, 1.25594249312e-06, 1.18618822853e-06, 8.83156815235e-07, 7.6599218346e-07, 5.96444635903e-07],
        "median": [0.000681266596075, 0.000918728706893, 0.000609598821029, 0.000219217181439, 0.00012662584777, 8.65836773301e-05, 4.02337464038e-05, 2.41464367718e-05, 2.92408840323e-05, 1.33967751026e-05, 1.78346053872e-05, 1.53689761646e-05, 1.06924926513e-05, 1.10097134893e-05, 1.0387412658e-05, 1.05015851659e-05, 7.48733418732e-06, 8.41499422677e-06, 4.65255334348e-06, 4.41071688329e-06, 4.75556316815e-06, 4.32870228906e-06, 4.41256543127e-06, 3.27036127601e-06, 2.95749032375e-06, 2.15032287088e-06, 2.06499271371e-06, 1.61344667049e-06, 1.49985589815e-06, 1.27376335968e-06, 9.72061229731e-07, 7.1834534765e-07, 6.54972950542e-07, 4.49640651823e-07, 3.40115093422e-07, 2.38675994524e-07, 2.11299251873e-07, 1.77369599896e-07, 1.52462433789e-07, 1.17823226731e-07],
        "min": [7.07878734829e-06, 3.98862448492e-06, 2.06450408768e-06, 4.39643599748e-07, 8.59023003841e-08, 2.75928186966e-08, 2.04960510786e-08, 1.14756177894e-08, 1.27254384807e-08, 6.42296926756e-09, 5.44628475652e-09, 3.29504334928e-09, 1.21510090878e-09, 2.03615324601e-09, 1.92428872836e-09, 1.52730172953e-09, 1.12673270714e-09, 4.43484610146e-10, 2.24130616844e-10, 1.59508586894e-10, 9.894134817e-11, 5.12001933906e-11, 8.80867601083e-11, 4.35207078708e-11, 2.90162009003e-11, 3.13695874832e-11, 2.88042575902e-11, 3.10983704066e-11, 3.30589340625e-11, 2.41234931336e-11, 2.66741732868e-11, 1.7893225096e-11, 2.39233164528e-11, 2.00289316382e-11, 1.61084808686e-11, 1.55572898314e-11, 2.23527210738e-13, 2.36374748984e-13, 1.36392572583e-11, 1.47192258382e-11],
        "var": [2.33057699006e-06, 6.74476495988e-06, 2.61005789071e-06, 4.95053257055e-07, 4.43021264118e-07, 4.3364599378e-07, 5.5516675701e-08, 8.24689152523e-08, 1.92349318695e-07, 8.22230035169e-08, 1.49792668935e-07, 2.03193920356e-07, 7.02302287436e-08, 1.94035685297e-08, 1.37451259263e-08, 2.16396731645e-08, 1.07779785097e-08, 7.01015245852e-09, 2.28803975766e-09, 1.05203057377e-09, 1.19752063821e-09, 2.13713269304e-09, 1.15584108951e-09, 7.8820899807e-10, 2.16426904176e-10, 7.76277445103e-11, 1.97199520602e-10, 7.28110627346e-11, 6.83525319678e-11, 5.67029964649e-11, 4.74725293798e-11, 7.26056159639e-11, 6.43376324438e-11, 3.88833305831e-11, 1.46038927479e-11, 7.86540624298e-12, 4.79226424169e-12, 2.32456458596e-12, 2.09249609827e-12, 1.32325639161e-12]
    },
    "mfcc": {
        "mean": [-682.722167969, 121.406929016, 11.2217693329, 32.1789054871, 10.397611618, 14.4663066864, 6.7626452446, 5.44458198547, 0.971713006496, -0.22552703321, 1.29112327099, 1.3920930624, -2.70002889633],
        "cov": [[10753.453125, -1546.51013184, -1097.78259277, -931.507751465, -827.571777344, -197.118087769, -194.678787231, 2.40656471252, -115.418243408, 125.279396057, 45.142250061, 38.9313621521, -110.774841309], [-1546.51013184, 1154.83532715, -199.25453186, 98.8054885864, 82.2406005859, -43.6357460022, -9.18732070923, -61.5212478638, -39.5537338257, -78.7304077148, 0.284311562777, -22.9285755157, -3.58963632584], [-1097.78259277, -199.25453186, 743.426818848, 43.0763931274, 145.197036743, 65.2458496094, 71.7987365723, 35.0887069702, 45.3387718201, 17.4776859283, 22.1653938293, -23.0119056702, 1.54251217842], [-931.507751465, 98.8054885864, 43.0763931274, 392.123657227, 117.142280579, 2.53664779663, -7.33869791031, -23.7656803131, 47.9980239868, -43.8655662537, -47.3524894714, 13.0849742889, 19.7046451569], [-827.571777344, 82.2406005859, 145.197036743, 117.142280579, 256.799255371, 51.7103805542, 11.6511449814, -14.7982826233, 33.2003326416, -10.0314779282, -17.0669593811, -8.68905258179, 19.4492053986], [-197.118087769, -43.6357460022, 65.2458496094, 2.53664779663, 51.7103805542, 160.922866821, 87.2232437134, 34.6928253174, 29.4871501923, 33.5558280945, 27.5708045959, -9.57687950134, -18.2206001282], [-194.678787231, -9.18732070923, 71.7987365723, -7.33869791031, 11.6511449814, 87.2232437134, 163.927307129, 72.8181228638, 50.053237915, 18.3709011078, 24.4612007141, -14.0902290344, -13.6296739578], [2.40656471252, -61.5212478638, 35.0887069702, -23.7656803131, -14.7982826233, 34.6928253174, 72.8181228638, 111.189216614, 38.659362793, 18.2252101898, 0.486792594194, -13.8483972549, -14.2468614578], [-115.418243408, -39.5537338257, 45.3387718201, 47.9980239868, 33.2003326416, 29.4871501923, 50.053237915, 38.659362793, 104.125267029, 29.3007659912, -4.95524168015, -3.68070220947, -1.09213960171], [125.279396057, -78.7304077148, 17.4776859283, -43.8655662537, -10.0314779282, 33.5558280945, 18.3709011078, 18.2252101898, 29.3007659912, 86.0539932251, 28.6966648102, 1.99573338032, -11.6902570724], [45.142250061, 0.284311562777, 22.1653938293, -47.3524894714, -17.0669593811, 27.5708045959, 24.4612007141, 0.486792594194, -4.95524168015, 28.6966648102, 82.8523864746, 6.49096298218, -8.65908908844], [38.9313621521, -22.9285755157, -23.0119056702, 13.0849742889, -8.68905258179, -9.57687950134, -14.0902290344, -13.8483972549, -3.68070220947, 1.99573338032, 6.49096298218, 56.3743782043, 21.9055328369], [-110.774841309, -3.58963632584, 1.54251217842, 19.7046451569, 19.4492053986, -18.2206001282, -13.6296739578, -14.2468614578, -1.09213960171, -11.6902570724, -8.65908908844, 21.9055328369, 55.8790283203]],
