{
"lowlevel": {
    "average_loudness": 0.958202958107,
    "barkbands_crest": {
        "dmean": 3.522097826,
        "dmean2": 5.6387796402,
        "dvar": 10.7911100388,
        "dvar2": 27.5924892426,
        "max": 25.5481548309,
        "mean": 15.5313224792,
        "median": 16.0522136688,
        "min": 2.25481677055,
        "var": 26.6964855194
    },
    "barkbands_flatness_db": {
        "dmean": 0.042370788753,
        "dmean2": 0.0586127378047,
        "dvar": 0.00199028314091,
        "dvar2": 0.0036336760968,
        "max": 0.540666759014,
        "mean": 0.180053278804,
        "median": 0.16377787292,
        "min": 0.0259365644306,
        "var": 0.00846607144922
    },
    "barkbands_kurtosis": {
        "dmean": 16.2954559326,
        "dmean2": 24.6184692383,
        "dvar": 1199.39648438,
        "dvar2": 2732.23120117,
        "max": 564.476135254,
        "mean": 24.4528617859,
        "median": 5.66335964203,
        "min": -1.89427280426,
        "var": 2477.15673828
    },
    "barkbands_skewness": {
        "dmean": 1.25183534622,
        "dmean2": 1.85195040703,
        "dvar": 2.26466345787,
        "dvar2": 5.04969215393,
        "max": 18.3790149689,
        "mean": 3.3681473732,
        "median": 2.55554890633,
        "min": -2.20288968086,
        "var": 7.36010932922
    },
    "barkbands_spread": {
        "dmean": 9.68413734436,
        "dmean2": 14.4013938904,
        "dvar": 119.517799377,
        "dvar2": 267.115783691,
        "max": 102.691223145,
        "mean": 24.1257228851,
        "median": 21.6634922028,
        "min": 0.212894067168,
        "var": 325.022033691
    },
    "dissonance": {
        "dmean": 0.0136222615838,
        "dmean2": 0.0216282308102,
        "dvar": 0.000238326218096,
        "dvar2": 0.000541853019968,
        "max": 0.500000059605,
        "mean": 0.472531765699,
        "median": 0.480650186539,
        "min": 0.305425614119,
        "var": 0.000626916240435
    },
    "dynamic_complexity": 2.86477518082,
    "erbbands_crest": {
        "dmean": 2.23022413254,
        "dmean2": 3.50476360321,
        "dvar": 5.23101329803,
        "dvar2": 12.1969499588,
        "max": 28.622625351,
        "mean": 7.78705739975,
        "median": 6.90458965302,
        "min": 2.55791330338,
        "var": 14.2256193161
    },
    "erbbands_flatness_db": {
        "dmean": 0.0224279426038,
        "dmean2": 0.0319829843938,
        "dvar": 0.000607316382229,
        "dvar2": 0.00116924045142,
        "max": 0.322422236204,
        "mean": 0.125609055161,
        "median": 0.117214530706,
        "min": 0.030614906922,
        "var": 0.00177446100861
    },
    "erbbands_kurtosis": {
        "dmean": 1.36073279381,
        "dmean2": 2.09980154037,
        "dvar": 7.27015686035,
        "dvar2": 14.0875692368,
        "max": 29.6915550232,
        "mean": 0.762118041515,
        "median": -0.209924697876,
        "min": -1.87581694126,
        "var": 14.3363018036
    },
    "erbbands_skewness": {
        "dmean": 0.484293192625,
        "dmean2": 0.684671521187,
        "dvar": 0.300476163626,
        "dvar2": 0.540787816048,
        "max": 4.48718261719,
        "mean": -0.153423801064,
        "median": -0.302930295467,
        "min": -4.64080619812,
        "var": 1.26812791824
    },
    "erbbands_spread": {
        "dmean": 15.4478979111,
        "dmean2": 23.7334709167,
        "dvar": 319.263336182,
        "dvar2": 725.481140137,
        "max": 154.167709351,
        "mean": 58.0609207153,
        "median": 51.4139595032,
        "min": 4.89990234375,
        "var": 872.57623291
    },
    "hfc": {
        "dmean": 13.737534523,
        "dmean2": 19.552740097,
        "dvar": 376.841186523,
        "dvar2": 821.512084961,
        "max": 179.651489258,
        "mean": 24.5441532135,
        "median": 16.8865184784,
        "min": 1.12927081038e-16,
        "var": 669.969604492
    },
    "melbands_crest": {
        "dmean": 4.02726459503,
        "dmean2": 6.15686035156,
        "dvar": 16.0430049896,
        "dvar2": 35.5450439453,
        "max": 38.3925323486,
        "mean": 21.380361557,
        "median": 20.8240642548,
        "min": 1.88597047329,
        "var": 39.9195480347
    },
    "melbands_flatness_db": {
        "dmean": 0.0488524287939,
        "dmean2": 0.0675652697682,
        "dvar": 0.00240960833617,
        "dvar2": 0.00453991116956,
        "max": 0.690020501614,
        "mean": 0.269153058529,
        "median": 0.251670390368,
        "min": 0.0042280270718,
        "var": 0.0115995937958
    },
    "melbands_kurtosis": {
        "dmean": 46.9953460693,
        "dmean2": 68.6752700806,
        "dvar": 11316.0419922,
        "dvar2": 22323.8691406,
        "max": 2345.70922852,
        "mean": 79.4989318848,
        "median": 30.5872497559,
        "min": -1.76746833324,
        "var": 23859.2519531
    },
    "melbands_skewness": {
        "dmean": 1.88334524632,
        "dmean2": 2.80167484283,
        "dvar": 5.60764598846,
        "dvar2": 11.9911527634,
        "max": 39.1277694702,
        "mean": 6.07253360748,
        "median": 4.90231466293,
        "min": -0.598204135895,
        "var": 17.6516056061
    },
    "melbands_spread": {
        "dmean": 7.79564237595,
        "dmean2": 12.0301704407,
        "dvar": 143.149993896,
        "dvar2": 348.14364624,
        "max": 180.811172485,
        "mean": 17.439994812,
        "median": 12.3789930344,
        "min": 0.163012653589,
        "var": 364.215270996
    },
    "pitch_salience": {
        "dmean": 0.100849434733,
        "dmean2": 0.157360821962,
        "dvar": 0.00925183854997,
        "dvar2": 0.020911892876,
        "max": 0.893533229828,
        "mean": 0.411560982466,
        "median": 0.384018361568,
        "min": 0.0447708256543,
        "var": 0.0208634268492
    },
    "silence_rate_20dB": {
        "dmean": 0,
        "dmean2": 0,
        "dvar": 0,
        "dvar2": 0,
        "max": 1,
        "mean": 1,
        "median": 1,
        "min": 1,
        "var": 0
    },
    "silence_rate_30dB": {
        "dmean": 0.0495356023312,
        "dmean2": 0.0991095602512,
        "dvar": 0.0470822416246,
        "dvar2": 0.121808387339,
        "max": 1,
        "mean": 0.956286251545,
        "median": 1,
        "min": 0,
        "var": 0.0418022535741
    },
    "silence_rate_60dB": {
        "dmean": 0.0119969043881,
        "dmean2": 0.0240030977875,
        "dvar": 0.011852171272,
        "dvar2": 0.0242011062801,
        "max": 1,
        "mean": 0.0328820124269,
        "median": 0,
        "min": 0,
        "var": 0.0318027175963
    },
    "spectral_centroid": {
        "dmean": 396.028503418,
        "dmean2": 583.072753906,
        "dvar": 197782.5625,
        "dvar2": 417535.6875,
        "max": 11639.7666016,
        "mean": 1759.07250977,
        "median": 1831.70800781,
        "min": 130.354492188,
        "var": 839792
    },
    "spectral_complexity": {
        "dmean": 5.78676462173,
        "dmean2": 7.69725131989,
        "dvar": 56.6567153931,
        "dvar2": 88.9923477173,
        "max": 60,
        "mean": 17.250289917,
        "median": 14,
        "min": 0,
        "var": 189.500488281
    },
    "spectral_decrease": {
        "dmean": 5.19942444654e-09,
        "dmean2": 8.5667979377e-09,
        "dvar": 4.41633846624e-17,
        "dvar2": 1.20569144637e-16,
        "max": 3.11539360676e-29,
        "mean": -1.17608704997e-08,
        "median": -9.27647203497e-09,
        "min": -5.73015590533e-08,
        "var": 6.97672186594e-17
    },
    "spectral_energy": {
        "dmean": 0.0205110255629,
        "dmean2": 0.0336509980261,
        "dvar": 0.000664850813337,
        "dvar2": 0.00180051184725,
        "max": 0.219772398472,
        "mean": 0.046614471823,
        "median": 0.0371904633939,
        "min": 1.0312048722e-20,
        "var": 0.00107131886762
    },
    "spectral_energyband_high": {
        "dmean": 0.00122171652038,
        "dmean2": 0.00175610173028,
        "dvar": 3.3866499507e-06,
        "dvar2": 7.49109130993e-06,
        "max": 0.0233518015593,
        "mean": 0.00181298481766,
        "median": 0.000996287097223,
        "min": 7.26642221314e-21,
        "var": 5.68645964449e-06
    },
    "spectral_energyband_low": {
        "dmean": 0.0166017189622,
        "dmean2": 0.0281123183668,
        "dvar": 0.000552784244064,
        "dvar2": 0.00155634828843,
        "max": 0.198010280728,
        "mean": 0.0342063829303,
        "median": 0.0250363294035,
        "min": 3.08918971781e-23,
        "var": 0.000753185187932
    },
    "spectral_energyband_middle_high": {
        "dmean": 0.00205261888914,
        "dmean2": 0.00285456702113,
        "dvar": 1.28895098896e-05,
        "dvar2": 2.78057541436e-05,
        "max": 0.0526728928089,
        "mean": 0.00417734542862,
        "median": 0.0021583812777,
        "min": 1.41509408324e-21,
        "var": 2.83126155409e-05
    },
    "spectral_energyband_middle_low": {
        "dmean": 0.00557348877192,
        "dmean2": 0.00897351372987,
        "dvar": 9.57645534072e-05,
        "dvar2": 0.000249525153777,
        "max": 0.106221199036,
        "mean": 0.0081026032567,
        "median": 0.00460657803342,
        "min": 2.50013749801e-22,
        "var": 0.000101897690911
    },
    "spectral_entropy": {
        "dmean": 0.260960817337,
        "dmean2": 0.358669310808,
        "dvar": 0.104937069118,
        "dvar2": 0.194550290704,
        "max": 9.81254482269,
        "mean": 7.6704120636,
        "median": 7.83728599548,
        "min": 4.87164068222,
        "var": 0.33013176918
    },
    "spectral_flux": {
        "dmean": 0.0402818210423,
        "dmean2": 0.0603232160211,
        "dvar": 0.00161713198759,
        "dvar2": 0.0032968854066,
        "max": 0.386055886745,
        "mean": 0.10404432565,
        "median": 0.0921658724546,
        "min": 6.38772992834e-11,
        "var": 0.00421728659421
    },
    "spectral_kurtosis": {
        "dmean": 1.27502369881,
        "dmean2": 2.09270501137,
        "dvar": 5.02882671356,
        "dvar2": 13.2679815292,
        "max": 43.1237449646,
        "mean": 3.02603030205,
        "median": 2.63524627686,
        "min": -1.2024461031,
        "var": 5.59180307388
    },
    "spectral_rms": {
        "dmean": 0.00138030585367,
        "dmean2": 0.00220389594324,
        "dvar": 2.28996464102e-06,
        "dvar2": 5.95565188632e-06,
        "max": 0.0146428169683,
        "mean": 0.00631853332743,
        "median": 0.00602356856689,
        "min": 3.17183475665e-12,
        "var": 5.5535856518e-06
    },
    "spectral_rolloff": {
        "dmean": 604.86505127,
        "dmean2": 1025.13232422,
        "dvar": 1126365.125,
        "dvar2": 2637746.25,
        "max": 18992.2851562,
        "mean": 1073.53051758,
        "median": 301.46484375,
        "min": 21.533203125,
        "var": 2623900
    },
    "spectral_skewness": {
        "dmean": 0.241242170334,
        "dmean2": 0.364160388708,
        "dvar": 0.0998278483748,
        "dvar2": 0.231747657061,
        "max": 5.59283542633,
        "mean": 1.17737901211,
        "median": 1.12250506878,
        "min": -0.10263517499,
        "var": 0.215411528945
    },
    "spectral_spread": {
        "dmean": 865244.4375,
        "dmean2": 1258670,
        "dvar": 1.32775359283e+12,
        "dvar2": 2.70021925274e+12,
        "max": 40951212,
        "mean": 5403571,
        "median": 5009845.5,
        "min": 1947856.5,
        "var": 4.00672188006e+12
    },
    "spectral_strongpeak": {
        "dmean": 0.186093777418,
        "dmean2": 0.327670961618,
        "dvar": 0.193628981709,
        "dvar2": 0.515351235867,
        "max": 8.44057655334,
        "mean": 0.409760713577,
        "median": 0.349526673555,
        "min": 0,
        "var": 0.210546046495
    },
    "zerocrossingrate": {
        "dmean": 0.0150176715106,
        "dmean2": 0.0167471207678,
        "dvar": 0.000192364648683,
        "dvar2": 0.000231795696891,
        "max": 0.50390625,
        "mean": 0.0499888546765,
        "median": 0.04443359375,
        "min": 0.001953125,
        "var": 0.00156940624584
    },
    "barkbands": {
        "dmean": [0.00194955978077, 0.0138824069872, 0.00306052737869, 0.00318802287802, 0.0019234509673, 0.000571195094381, 0.000331558985636, 0.000248665572144, 0.000504668278154, 0.000394689501263, 0.000186802091775, 0.000255552266026, 0.000264120782958, 0.000268016912742, 0.000330533192027, 0.000287971168291, 0.000207367789699, 0.000301926396787, 0.000300450716168, 0.000335104035912, 0.000301321764709, 0.000286131951725, 0.000239594868617, 0.000140223797644, 9.98645919026e-05, 0.000107169667899, 3.65297419194e-05],
        "dmean2": [0.00262689031661, 0.0234628822654, 0.00553821772337, 0.00541761796921, 0.00339773413725, 0.000967268948443, 0.000564099347685, 0.000379287695978, 0.000773963169195, 0.000583401299082, 0.000292539218208, 0.000400533812353, 0.000411056622397, 0.000393105758121, 0.000525156909134, 0.000446857971838, 0.000305461901007, 0.000454331428045, 0.000432812375948, 0.000493445433676, 0.00042633805424, 0.000408385560149, 0.000379550387152, 0.000215784210013, 0.000156701120432, 0.000171588937519, 5.96427817072e-05],
        "dvar": [8.60416366777e-06, 0.000433798209997, 4.83079784317e-05, 4.01118850277e-05, 1.47444743561e-05, 1.01721411738e-06, 5.24349161424e-07, 6.01634894792e-07, 2.59936655311e-06, 2.37697327066e-06, 1.61353796102e-07, 2.87803857191e-07, 2.71007650099e-07, 4.33100240116e-07, 6.32568628589e-07, 3.76884656816e-07, 1.69399299921e-07, 4.09596850659e-07, 2.24999567422e-07, 2.8279680464e-07, 1.97802677349e-07, 2.00316804921e-07, 2.06445562867e-07, 7.16105290621e-08, 3.57902791848e-08, 4.77616275418e-08, 5.88932991263e-09],
        "dvar2": [1.4604669559e-05, 0.00123569730204, 0.000138217234053, 0.000108460852061, 4.08358027926e-05, 2.61288255388e-06, 1.36512471727e-06, 1.26494796859e-06, 6.35533069726e-06, 4.64647064291e-06, 3.48276699924e-07, 7.30903707336e-07, 6.59693512262e-07, 9.82148662843e-07, 1.80144900241e-06, 8.81185314938e-07, 3.53163216005e-07, 9.70967903413e-07, 5.01331896885e-07, 5.94379628183e-07, 4.07082467291e-07, 4.39564558974e-07, 5.1205751106e-07, 1.72126107145e-07, 9.03741508296e-08, 1.17647381614e-07, 1.44547405156e-08],
        "max": [0.0294094569981, 0.185862094164, 0.0765523016453, 0.0782337263227, 0.0326656475663, 0.0116237895563, 0.00848515238613, 0.0199162662029, 0.0427540168166, 0.0682438239455, 0.0116706285626, 0.00664054276422, 0.00699645932764, 0.0167320799083, 0.0173252746463, 0.00740593345836, 0.00580521393567, 0.00913571100682, 0.00666197994724, 0.00791238248348, 0.00874386355281, 0.00761529011652, 0.00542218796909, 0.00424919696525, 0.00282049900852, 0.00154993426986, 0.000651997281238],
        "mean": [0.00298129860312, 0.0259844921529, 0.00377478799783, 0.00318815163337, 0.00204310030676, 0.000753774656914, 0.000379119650461, 0.000488975900225, 0.000798751425464, 0.000687674328219, 0.00026215161779, 0.000345987442415, 0.000409564439906, 0.000430395564763, 0.000494654581416, 0.000362615042832, 0.000337951467372, 0.000383094447898, 0.000498077191878, 0.000549249758478, 0.000489894999191, 0.000351808819687, 0.000242336434894, 0.000152838241775, 9.99731564661e-05, 9.43406193983e-05, 2.9399210689e-05],
        "median": [0.000955731607974, 0.0206542573869, 0.00174248684198, 0.00124475313351, 0.000845730421133, 0.000307539739879, 7.1014961577e-05, 4.84903757751e-05, 0.000104645514512, 7.11757093086e-05, 4.79743357573e-05, 9.34329800657e-05, 9.28093068069e-05, 0.000108288419142, 0.000114275229862, 6.73463582643e-05, 9.46286963881e-05, 0.000127004299429, 0.000219115972868, 0.000238756358158, 0.000235061990679, 0.000112800902571, 5.8292022004e-05, 4.31390144513e-05, 2.70230138995e-05, 1.71355732164e-05, 2.45132196142e-06],
        "min": [2.37855466598e-24, 1.10892985792e-23, 4.59422809325e-24, 7.73302832676e-24, 9.60097364196e-24, 3.33421559477e-23, 4.10585692861e-23, 2.0644975828e-23, 2.39285809469e-23, 4.03041752915e-23, 4.8154625564e-23, 5.24900347052e-23, 7.12007677697e-23, 7.35733647609e-23, 1.20538880329e-22, 1.43554143364e-22, 1.25788566638e-22, 1.66515915318e-22, 2.21298203109e-22, 3.1131175099e-22, 3.47153097171e-22, 3.0008357187e-22, 5.83271888852e-22, 6.96419937671e-22, 1.12247237823e-21, 1.51848923643e-21, 2.13815060989e-21],
        "var": [2.09600020753e-05, 0.000523066031747, 3.7095422158e-05, 3.24466309394e-05, 1.21606663015e-05, 1.20704203255e-06, 6.48201933018e-07, 1.76288722287e-06, 4.71057319373e-06, 5.20167168361e-06, 4.53051626437e-07, 3.78385465183e-07, 6.00795772243e-07, 9.2277383601e-07, 1.12795646601e-06, 5.22682739756e-07, 4.30287997233e-07, 5.26704752701e-07, 4.98602616972e-07, 5.620132697e-07, 4.55081533346e-07, 3.18006811995e-07, 2.3595667642e-07, 8.75652332866e-08, 3.51629267925e-08, 4.31700506454e-08, 5.34811084307e-09]
    },
    "erbbands": {
        "dmean": [0.601684451103, 2.50354886055, 3.25129103661, 7.53589773178, 9.21133613586, 5.44474315643, 3.8889029026, 5.57178592682, 5.24442481995, 3.7965900898, 6.0362944603, 12.1931705475, 14.2914390564, 7.28394603729, 9.57128334045, 9.47860240936, 12.1168756485, 11.4936113358, 16.4172878265, 14.3224277496, 14.917304039, 10.7100448608, 14.3341417313, 16.5763778687, 13.7419090271, 15.6758899689, 13.3492450714, 10.6604337692, 10.7803049088, 9.94227695465, 5.71536874771, 3.50438928604, 2.05897426605, 1.19274508953, 0.685122132301, 0.444433480501, 0.197647750378, 0.0467891506851, 0.00733708869666, 0.00022941052157],
        "dmean2": [0.962084174156, 4.36829662323, 5.86289262772, 13.0579481125, 16.0312290192, 9.46724033356, 6.49553251266, 9.52509117126, 9.05817985535, 6.04911851883, 9.0944185257, 18.2384719849, 20.9267196655, 11.4081087112, 15.129732132, 14.6631975174, 18.8071403503, 16.4203453064, 25.8924369812, 21.9143428802, 22.416677475, 15.4891872406, 20.826461792, 24.4080791473, 20.0325183868, 23.269947052, 18.8117351532, 14.6367959976, 15.8005208969, 15.466673851, 8.92375564575, 5.34286785126, 3.25300216675, 1.89638602734, 1.0758138895, 0.711660444736, 0.318237245083, 0.0752504467964, 0.0119255529717, 0.000374288705643],
        "dvar": [0.926750063896, 14.8129863739, 48.9154548645, 231.150863647, 360.080841064, 113.671195984, 39.9565658569, 112.560531616, 142.541748047, 98.1501998901, 316.921600342, 1775.84863281, 3738.19165039, 311.386993408, 436.856719971, 334.922729492, 598.526184082, 518.200744629, 2152.390625, 929.375305176, 924.456298828, 456.616546631, 914.415466309, 838.194824219, 465.285217285, 757.192199707, 389.201934814, 274.813842773, 272.732086182, 387.761352539, 98.7769012451, 42.4254188538, 16.6246166229, 5.88828086853, 1.64794313908, 0.80124348402, 0.164287626743, 0.00914447568357, 0.000240149762249, 2.21858726945e-07],
        "dvar2": [2.32413339615, 44.3745079041, 140.573806763, 630.867797852, 989.59967041, 308.151824951, 102.080200195, 295.942779541, 377.542694092, 211.076782227, 706.759155273, 4156.90576172, 7600.81689453, 801.221618652, 1020.45336914, 820.703125, 1501.67822266, 1097.49975586, 6148.67431641, 2081.07421875, 2095.72851562, 964.334777832, 2096.79760742, 1915.63745117, 984.95111084, 1653.77856445, 761.931884766, 560.5625, 619.453308105, 948.905273438, 232.398910522, 99.2266235352, 41.4355926514, 15.3695697784, 3.99242162704, 2.01051712036, 0.398707598448, 0.0220369789749, 0.000586857029703, 5.55505323518e-07],
        "max": [8.32472705841, 42.1996192932, 86.3160247803, 193.923660278, 207.034500122, 124.320396423, 100.904014587, 114.794128418, 113.337471008, 234.155792236, 299.972808838, 1282.34863281, 2553.85668945, 366.544403076, 502.143066406, 290.055511475, 331.845275879, 400.597015381, 1160.30603027, 496.268615723, 336.636016846, 329.13293457, 356.620544434, 463.570343018, 227.251724243, 490.599273682, 386.546722412, 419.277740479, 251.223403931, 350.023101807, 124.426750183, 100.81426239, 56.7542533875, 34.55701828, 20.212890625, 7.09366178513, 3.26820874214, 0.672892093658, 0.143415823579, 0.00495042698458],
        "mean": [0.978204548359, 4.7854719162, 5.53868341446, 8.13488578796, 8.64356613159, 6.45571756363, 5.7955121994, 6.62384080887, 5.7053194046, 6.33428049088, 11.9710283279, 20.2184314728, 27.0702095032, 11.348493576, 13.2155656815, 15.0196523666, 19.4711761475, 20.9993228912, 25.6349849701, 23.6849861145, 21.414642334, 17.6842556, 19.6835422516, 26.2717418671, 21.7412319183, 25.1251964569, 26.1519680023, 15.9256391525, 13.1863546371, 10.3295841217, 6.08808851242, 3.83212375641, 2.19837188721, 1.17776226997, 0.694654762745, 0.406725287437, 0.170716539025, 0.0398731417954, 0.00590646173805, 0.000223813185585],
        "median": [0.603019356728, 4.38368034363, 3.55291485786, 3.6878798008, 3.08289194107, 2.52717065811, 2.8283495903, 2.42095160484, 1.41111707687, 0.904698967934, 1.89378964901, 3.10308837891, 2.71680760384, 2.66265106201, 3.70851635933, 4.83491659164, 5.37925577164, 6.85103988647, 6.9632897377, 5.54929637909, 4.92080450058, 5.12298631668, 6.37753391266, 10.5025272369, 9.94435501099, 11.4702444077, 12.4986152649, 7.88873338699, 4.39304208755, 2.49700069427, 1.49162995815, 0.922101199627, 0.686259388924, 0.320011407137, 0.1799839288, 0.0838423371315, 0.0306326020509, 0.00566476397216, 0.000407853047363, 6.57778509776e-05],
        "min": [4.70821016369e-22, 2.34326959137e-21, 7.12544688763e-21, 1.41688978815e-20, 3.99825923948e-20, 1.98516270741e-20, 7.28677812635e-20, 1.6129843584e-19, 2.99883629432e-19, 7.75959417675e-19, 5.32554698191e-19, 6.00252245197e-19, 1.1669859946e-18, 1.74627277848e-18, 1.77577686337e-18, 1.9882766676e-18, 3.53781591112e-18, 4.10625153294e-18, 3.55942807258e-18, 7.3363814852e-18, 9.51537705073e-18, 7.07647885519e-18, 8.72102227361e-18, 1.01053876109e-17, 1.25684262454e-17, 1.16803378428e-17, 1.41057753282e-17, 1.5428296507e-17, 9.38227789991e-18, 1.38708725779e-17, 1.75755018672e-17, 1.1124751231e-17, 1.07354097244e-17, 1.22949247661e-17, 7.03180448467e-18, 4.50309722207e-18, 3.10337589712e-18, 1.26108854263e-18, 2.75508994924e-19, 2.92415713615e-20],
        "var": [1.37502479553, 14.3194856644, 41.1232452393, 178.933547974, 275.346832275, 118.584899902, 56.7688102722, 118.009353638, 137.067810059, 254.12461853, 1060.93762207, 3286.58178711, 8467.48925781, 616.09161377, 900.868774414, 581.835754395, 1274.25439453, 1554.01928711, 3815.98730469, 2163.06103516, 1623.02819824, 1002.3237915, 1326.93786621, 1649.07446289, 892.872131348, 1267.02709961, 1198.49951172, 553.465454102, 412.007843018, 452.697387695, 131.572601318, 56.2453994751, 17.8024101257, 5.30098247528, 1.71967351437, 0.73423397541, 0.148293823004, 0.00846684258431, 0.000219574867515, 2.01730799176e-07]
    },
    "gfcc": {
        "mean": [-5.56378173828, 68.6340713501, -82.9461135864, 65.0782852173, -34.4440574646, 21.0601024628, -21.3502693176, 7.46538305283, -22.7512073517, 8.615650177, -14.4497699738, 0.607953429222, -8.18718910217],
        "cov": [[12460.8339844, -720.759216309, -1661.28344727, -886.132568359, -445.002288818, 201.568832397, 95.4017791748, 318.290466309, -156.162109375, 97.0875778198, -223.998352051, 58.3566436768, -154.411254883], [-720.759216309, 1330.3848877, -92.6640167236, -103.223808289, 109.144165039, -89.8353424072, 129.144042969, 19.9531345367, 43.3734970093, 20.7565631866, 182.463134766, -177.708343506, 166.287521362], [-1661.28344727, -92.6640167236, 1258.19897461, 404.43850708, 76.0612869263, -74.4362030029, -107.757400513, -145.395553589, 105.708786011, -4.01863145828, 37.1728668213, 104.947250366, -102.774497986], [-886.132568359, -103.223808289, 404.43850708, 719.224121094, 108.493011475, -47.7302742004, -81.015914917, -9.49804973602, 49.4611854553, -21.4736251831, 8.29694652557, 45.3676605225, 25.4059410095], [-445.002288818, 109.144165039, 76.0612869263, 108.493011475, 333.004455566, 28.1800994873, 48.9071769714, 6.83437299728, 13.7925844193, -4.81287813187, 34.4495735168, 23.8979625702, 52.3496704102], [201.568832397, -89.8353424072, -74.4362030029, -47.7302742004, 28.1800994873, 199.078033447, 88.4221115112, -3.91249370575, -18.1161155701, 16.3314857483, -1.87525093555, 4.02402687073, 20.4344749451], [95.4017791748, 129.144042969, -107.757400513, -81.015914917, 48.9071769714, 88.4221115112, 173.169433594, 68.092010498, 1.60013151169, 28.3032302856, 27.9007720947, -39.9690818787, 61.8408889771], [318.290466309, 19.9531345367, -145.395553589, -9.49804973602, 6.83437299728, -3.91249370575, 68.092010498, 145.673294067, 26.2853431702, 9.63294696808, -2.21643567085, -11.7833499908, 59.3703575134], [-156.162109375, 43.3734970093, 105.708786011, 49.4611854553, 13.7925844193, -18.1161155701, 1.60013151169, 26.2853431702, 96.2634506226, 18.5930118561, 12.6554012299, 21.5804176331, 9.63585758209], [97.0875778198, 20.7565631866, -4.01863145828, -21.4736251831, -4.81287813187, 16.3314857483, 28.3032302856, 9.63294696808, 18.5930118561, 75.2324829102, 25.4859676361, -13.4681577682, 5.26132011414], [-223.998352051, 182.463134766, 37.1728668213, 8.29694652557, 34.4495735168, -1.87525093555, 27.9007720947, -2.21643567085, 12.6554012299, 25.4859676361, 103.622932434, -10.141658783, 29.391002655], [58.3566436768, -177.708343506, 104.947250366, 45.3676605225, 23.8979625702, 4.02402687073, -39.9690818787, -11.7833499908, 21.5804176331, -13.4681577682, -10.141658783, 132.843704224, -25.5367164612], [-154.411254883, 166.287521362, -102.774497986, 25.4059410095, 52.3496704102, 20.4344749451, 61.8408889771, 59.3703575134, 9.63585758209, 5.26132011414, 29.391002655, -25.5367164612, 133.170471191]],
        "icov": [[0.000121338569443, -1.7417842173e-05, 0.000124968180899, 4.70049235446e-05, 7.64831202105e-05, -0.000118717114674, 8.13082078821e-05, -0.000314612756483, 0.000134461850394, -0.000221172653255, 0.000129852982354, -0.000186443692655, 0.000275170925306], [-1.7417842173e-05, 0.00171497394331, 6.32334631518e-05, 0.000297067716019, -0.00028730701888, 0.00131498940755, -0.0010534125613, 0.00129445199855, -0.00124522892293, 0.00103968172334, -0.002182867378, 0.00181925029028, -0.00146663514897], [0.000124968180899, 6.32334631518e-05, 0.00156078662258, -0.000639865698759, -2.90778689305e-06, 0.000413181318436, -0.000633162504528, 0.00128541316371, -0.00138244789559, -3.2345076761e-05, -0.000344097526977, -0.000666682084557, 0.00110066239722], [4.70049235446e-05, 0.000297067716019, -0.000639865698759, 0.00210835295729, -0.000564540619962, -0.000119364412967, 0.00134899490513, -0.000741854775697, -0.000209547404665, 0.000291558564641, -0.000237758576986, 0.000436033849837, -0.0011282179039], [7.64831202105e-05, -0.00028730701888, -2.90778689305e-06, -0.000564540619962, 0.00382354529575, -0.000206881668419, -0.00130479899235, 0.00036690820707, 0.000233571365243, 0.000376664771466, -0.000253072998021, -0.001422860194, -0.000724842422642], [-0.000118717114674, 0.00131498940755, 0.000413181318436, -0.000119364412967, -0.000206881668419, 0.00906725134701, -0.00649678660557, 0.0045128618367, -0.000186222110642, -0.000242103735218, -9.47333828663e-05, -0.000617150915787, -0.00181741139386], [8.13082078821e-05, -0.0010534125613, -0.000633162504528, 0.00134899490513, -0.00130479899235, -0.00649678660557, 0.014488988556, -0.00705998111516, 0.00143518857658, -0.00235882378183, -0.000735385809094, 0.00206558010541, -0.000859591353219], [-0.000314612756483, 0.00129445199855, 0.00128541316371, -0.000741854775697, 0.00036690820707, 0.0045128618367, -0.00705998111516, 0.0148273380473, -0.00510992947966, 0.00115485989954, 0.000527722528204, 0.000165242629009, -0.00477687083185], [0.000134461850394, -0.00124522892293, -0.00138244789559, -0.000209547404665, 0.000233571365243, -0.000186222110642, 0.00143518857658, -0.00510992947966, 0.0155848646536, -0.00470897741616, 0.00123457284644, -0.0034659137018, 0.000353556621121], [-0.000221172653255, 0.00103968172334, -3.2345076761e-05, 0.000291558564641, 0.000376664771466, -0.000242103735218, -0.00235882378183, 0.00115485989954, -0.00470897741616, 0.0176702402532, -0.00533550046384, 0.00293722422794, 0.000217736655031], [0.000129852982354, -0.002182867378, -0.000344097526977, -0.000237758576986, -0.000253072998021, -9.47333828663e-05, -0.000735385809094, 0.000527722528204, 0.00123457284644, -0.00533550046384, 0.0153744956478, -0.00248552113771, -0.000872024567798], [-0.000186443692655, 0.00181925029028, -0.000666682084557, 0.000436033849837, -0.001422860194, -0.000617150915787, 0.00206558010541, 0.000165242629009, -0.0034659137018, 0.00293722422794, -0.00248552113771, 0.0119071519002, -0.000497774861287], [0.000275170925306, -0.00146663514897, 0.00110066239722, -0.0011282179039, -0.000724842422642, -0.00181741139386, -0.000859591353219, -0.00477687083185, 0.000353556621121, 0.000217736655031, -0.000872024567798, -0.000497774861287, 0.0138797089458]]
    },
    "melbands": {
        "dmean": [0.00446062907577, 0.00207907496952, 0.00133680738509, 0.000514369574375, 0.000144420584547, 0.000118703166663, 7.73697320255e-05, 4.14453679696e-05, 5.22170194017e-05, 8.03102302598e-05, 7.08803127054e-05, 2.96778835036e-05, 2.86165413854e-05, 3.32614545187e-05, 2.30555961025e-05, 2.48093183473e-05, 2.28851840802e-05, 2.77581784758e-05, 2.26195770665e-05, 2.0569526896e-05, 1.74555407284e-05, 1.17849158414e-05, 1.5735226043e-05, 1.19671358334e-05, 1.45722442539e-05, 1.07816777017e-05, 1.03532820503e-05, 1.06269380922e-05, 9.35365915211e-06, 7.56087320042e-06, 5.93324421061e-06, 6.15766248302e-06, 6.02384943704e-06, 5.64507399758e-06, 3.39088501278e-06, 2.35541870097e-06, 2.13210205402e-06, 1.44784348777e-06, 1.23214999803e-06, 9.43194493175e-07],
        "dmean2": [0.00735904742032, 0.00369311752729, 0.00226210197434, 0.00089967623353, 0.000241169371293, 0.000202098628506, 0.000132847286295, 6.55065741739e-05, 7.84244475653e-05, 0.000120554061141, 0.00010422826017, 4.71540770377e-05, 4.48499522463e-05, 5.30695651833e-05, 3.58585530194e-05, 3.79351986339e-05, 3.3054890082e-05, 4.35904657934e-05, 3.58012039214e-05, 3.18375605275e-05, 2.61559762293e-05, 1.69978975464e-05, 2.49364420597e-05, 1.73324897332e-05, 2.17102551687e-05, 1.61945226864e-05, 1.53855344251e-05, 1.60071522259e-05, 1.33979510792e-05, 1.1272831216e-05, 8.21272806206e-06, 9.17533179745e-06, 9.02753254195e-06, 9.13786880119e-06, 5.31367550138e-06, 3.57408134732e-06, 3.32519721269e-06, 2.30420232583e-06, 1.98177281163e-06, 1.5070399968e-06],
        "dvar": [4.68153557449e-05, 1.28987167045e-05, 7.14618090569e-06, 1.08749713945e-06, 5.58466020095e-08, 4.87535736227e-08, 2.96069000427e-08, 1.53572745631e-08, 2.50561793536e-08, 7.08226650659e-08, 9.38201694112e-08, 5.47713518984e-09, 4.03104305491e-09, 5.23319831913e-09, 2.07620898252e-09, 2.30857599703e-09, 2.42876763146e-09, 6.78339562299e-09, 2.29429164555e-09, 2.0295662928e-09, 1.21813359399e-09, 6.17540074632e-10, 1.33322974882e-09, 5.55590129458e-10, 6.65130062139e-10, 3.20679871546e-10, 3.40607153593e-10, 3.31041305479e-10, 1.92443311287e-10, 1.55875992669e-10, 8.96039353826e-11, 8.72752287107e-11, 1.08566287904e-10, 1.52476045678e-10, 3.53733813074e-11, 1.68591529626e-11, 1.75751236481e-11, 8.37851142632e-12, 6.69836191722e-12, 3.59728306171e-12],
        "dvar2": [0.000125729216961, 3.73959119315e-05, 1.93096475414e-05, 3.00232250083e-06, 1.41225669381e-07, 1.27392596028e-07, 7.82847990877e-08, 3.20887068028e-08, 5.75489131904e-08, 1.6800051128e-07, 1.91020731677e-07, 1.42554892335e-08, 8.73438832372e-09, 1.34743274316e-08, 5.2901527603e-09, 5.42055200725e-09, 5.21468779269e-09, 1.85825594912e-08, 5.74057423819e-09, 4.80587436513e-09, 2.59419441484e-09, 1.30216915029e-09, 3.40796990628e-09, 1.17774234809e-09, 1.54754764559e-09, 7.55156215337e-10, 7.25700000093e-10, 7.21163517792e-10, 3.7086006488e-10, 3.6588795882e-10, 1.7127221863e-10, 1.98066146817e-10, 2.55110627068e-10, 3.89750925978e-10, 8.39668612418e-11, 3.78959537362e-11, 4.28622450033e-11, 2.07764881688e-11, 1.73122766123e-11, 9.45323246765e-12],
        "max": [0.055831361562, 0.0439515188336, 0.0316755324602, 0.00952308531851, 0.00298077333719, 0.00228066532873, 0.00167374475859, 0.00353065179661, 0.00351787917316, 0.007525365334, 0.0128713725135, 0.0014949204633, 0.00192812026944, 0.00109453918412, 0.000619606988039, 0.000917655590456, 0.000903547217604, 0.00201099854894, 0.00082971539814, 0.000630961847492, 0.000542631256394, 0.000379676261218, 0.000381320947781, 0.000399945332902, 0.00045703916112, 0.000309439841658, 0.000198431662284, 0.000322760926792, 0.000233808284975, 0.000196759632672, 0.000273249053862, 0.000176429806743, 0.000199906979105, 0.000170944171259, 7.7675555076e-05, 7.02798570273e-05, 5.48656171304e-05, 4.77743560623e-05, 3.35136282956e-05, 2.51916608249e-05],
        "mean": [0.00797542277724, 0.00419907271862, 0.00145630096085, 0.000531046884134, 0.000219148438191, 0.000143853278132, 8.4997205704e-05, 7.3145260103e-05, 9.87812818494e-05, 0.000130562708364, 0.000131273191073, 4.2936331738e-05, 4.03078192903e-05, 4.36177542724e-05, 3.6168108636e-05, 4.04045094911e-05, 3.93201771658e-05, 4.13456291426e-05, 3.3208008972e-05, 2.82532419078e-05, 2.54131264228e-05, 1.8920392904e-05, 1.79843937076e-05, 1.738780702e-05, 2.20685196837e-05, 1.74653050635e-05, 1.32573886731e-05, 1.75755449163e-05, 1.9301636712e-05, 1.07824353108e-05, 8.54343670653e-06, 7.69094094721e-06, 6.40018697595e-06, 5.51257653569e-06, 3.59594491783e-06, 2.61115064859e-06, 2.2483407065e-06, 1.58004456807e-06, 1.21570917599e-06, 9.10607695914e-07],
        "median": [0.0057590152137, 0.00390793010592, 0.000607321038842, 0.000200322465389, 0.000110553475679, 5.27676711499e-05, 1.91604412976e-05, 9.38655921345e-06, 1.47293676491e-05, 1.74641591002e-05, 1.09436132334e-05, 8.38135110826e-06, 8.28334577818e-06, 1.31183760459e-05, 1.03455404314e-05, 1.04333184936e-05, 1.06499355752e-05, 9.30204168981e-06, 7.71265968069e-06, 5.61893284612e-06, 5.35286744707e-06, 5.40813925909e-06, 4.64235563413e-06, 5.99519262323e-06, 8.17173986434e-06, 7.74806085246e-06, 5.13757004228e-06, 7.53083440941e-06, 7.6354799603e-06, 5.17617763762e-06, 3.65794335266e-06, 2.71971634902e-06, 1.44961518345e-06, 1.30148782773e-06, 8.91185379714e-07, 6.00795772243e-07, 5.43195994851e-07, 5.03755643422e-07, 3.30002251303e-07, 2.38235841721e-07],
        "min": [5.37992014422e-24, 3.7354918612e-24, 3.84103947817e-24, 3.19974210502e-24, 2.15775585126e-24, 3.92532334943e-24, 6.05249664112e-24, 8.60368227494e-24, 5.47197232325e-24, 3.21398222765e-24, 5.44621640912e-24, 5.9881066586e-24, 5.97006264868e-24, 6.16323299069e-24, 4.08792651466e-24, 7.6840834519e-24, 7.8133083345e-24, 4.36617353315e-24, 1.0851798593e-23, 8.6595643926e-24, 1.06779289163e-23, 7.35500618098e-24, 8.11781889911e-24, 7.42234650329e-24, 6.39738860104e-24, 9.07524596914e-24, 7.29681585631e-24, 7.22480153313e-24, 8.86932014072e-24, 5.25465613222e-24, 9.71238920077e-24, 4.69561486338e-24, 6.1850615608e-24, 8.38643550367e-24, 1.07901719902e-23, 7.40325922483e-24, 6.64109100606e-24, 6.91920470705e-24, 7.39586286498e-24, 1.01174795308e-23],
        "var": [6.37760240352e-05, 1.18532070701e-05, 5.75642434342e-06, 8.8719662017e-07, 8.00106150223e-08, 5.2230628711e-08, 3.0562578246e-08, 3.71021791068e-08, 7.15487189495e-08, 1.35966956805e-07, 2.1030542996e-07, 1.06047552961e-08, 1.06666506738e-08, 6.27290930311e-09, 4.05415834237e-09, 5.52748558036e-09, 6.87805767896e-09, 1.18087593037e-08, 4.40744951646e-09, 3.08816905381e-09, 2.78573919488e-09, 1.39218314654e-09, 1.47443302012e-09, 9.19067877359e-10, 1.28768717911e-09, 6.35562824591e-10, 4.78408868076e-10, 6.03064542748e-10, 7.23953896831e-10, 2.42656950089e-10, 1.9186451039e-10, 1.35877475937e-10, 1.34682098807e-10, 1.54827081711e-10, 4.60991175788e-11, 2.59807991093e-11, 2.0329437786e-11, 9.2640764851e-12, 6.03242455988e-12, 3.19599815363e-12]
    },
    "mfcc": {
        "mean": [-657.472839355, 94.9817047119, 19.6098155975, 53.5422325134, 17.2678184509, 25.4943332672, 14.9475097656, 6.59172487259, 5.14272880554, 7.31311130524, 1.82546877861, 1.70301020145, -1.68390917778],
        "cov": [[10326.3320312, -512.619567871, -1469.64794922, -1038.07861328, -673.509155273, -306.126953125, 23.2387447357, 57.1754493713, 92.3525695801, 120.834365845, -71.992149353, 41.5944900513, -72.5988235474], [-512.619567871, 1269.58984375, -122.11315918, -101.902618408, -22.9879798889, -88.9386520386, 144.159362793, -105.289863586, -4.56432914734, 118.288627625, -0.996019184589, 42.6534957886, -10.8150987625], [-1469.64794922, -122.11315918, 1010.64001465, 356.564300537, 133.081939697, 116.005935669, -148.015808105, 9.22276115417, -67.8474655151, -94.2880935669, 95.6759567261, 39.4960708618, 62.192615509], [-1038.07861328, -101.902618408, 356.564300537, 598.661315918, 257.251922607, 35.330909729, -37.0380744934, 29.9575157166, 26.8700027466, -35.9594306946, 15.1740064621, 26.400478363, 28.8268527985], [-673.509155273, -22.9879798889, 133.081939697, 257.251922607, 259.781524658, 69.3018875122, -1.2810138464, 37.6675758362, 6.22350597382, -26.5968818665, -10.276799202, -1.04913258553, 33.5092468262], [-306.126953125, -88.9386520386, 116.005935669, 35.330909729, 69.3018875122, 209.603912354, 36.011013031, 31.4229183197, -18.1181430817, 2.75006747246, 21.3941059113, -41.6818389893, 18.4581871033], [23.2387447357, 144.159362793, -148.015808105, -37.0380744934, -1.2810138464, 36.011013031, 213.86239624, -1.93180882931, 37.3819313049, 85.0955810547, -20.8336677551, 0.879004776478, -25.0048866272], [57.1754493713, -105.289863586, 9.22276115417, 29.9575157166, 37.6675758362, 31.4229183197, -1.93180882931, 119.923713684, 31.4707813263, -31.9514865875, 5.34388875961, 0.900836288929, 12.4888439178], [92.3525695801, -4.56432914734, -67.8474655151, 26.8700027466, 6.22350597382, -18.1181430817, 37.3819313049, 31.4707813263, 120.857818604, 48.7651519775, -16.5723419189, 5.20437335968, -14.5657730103], [120.834365845, 118.288627625, -94.2880935669, -35.9594306946, -26.5968818665, 2.75006747246, 85.0955810547, -31.9514865875, 48.7651519775, 132.232650757, 8.09169006348, -20.6000003815, -26.2438564301], [-71.992149353, -0.996019184589, 95.6759567261, 15.1740064621, -10.276799202, 21.3941059113, -20.8336677551, 5.34388875961, -16.5723419189, 8.09169006348, 87.5171203613, 23.6201839447, -1.41804480553], [41.5944900513, 42.6534957886, 39.4960708618, 26.400478363, -1.04913258553, -41.6818389893, 0.879004776478, 0.900836288929, 5.20437335968, -20.6000003815, 23.6201839447, 101.844207764, 19.2338924408], [-72.5988235474, -10.8150987625, 62.192615509, 28.8268527985, 33.5092468262, 18.4581871033, -25.0048866272, 12.4888439178, -14.5657730103, -26.2438564301, -1.41804480553, 19.2338924408, 71.1226043701]],
