{
"lowlevel": {
    "average_loudness": 0.898824751377,
    "barkbands_crest": {
        "dmean": 2.25289702415,
        "dmean2": 3.71889972687,
        "dvar": 4.16080284119,
        "dvar2": 10.9515771866,
        "max": 23.5519771576,
        "mean": 9.36956882477,
        "median": 8.8842048645,
        "min": 2.89026451111,
        "var": 10.3497629166
    },
    "barkbands_flatness_db": {
        "dmean": 0.0266377143562,
        "dmean2": 0.0390241742134,
        "dvar": 0.000837424478959,
        "dvar2": 0.00177793670446,
        "max": 0.417131721973,
        "mean": 0.145774111152,
        "median": 0.13962931931,
        "min": 0.0257422532886,
        "var": 0.00352196278982
    },
    "barkbands_kurtosis": {
        "dmean": 4.56144142151,
        "dmean2": 7.41516780853,
        "dvar": 60.3511619568,
        "dvar2": 147.928359985,
        "max": 115.814888,
        "mean": 9.74848175049,
        "median": 5.18342208862,
        "min": -1.9074742794,
        "var": 181.511764526
    },
    "barkbands_skewness": {
        "dmean": 0.589387476444,
        "dmean2": 0.931126534939,
        "dvar": 0.458370149136,
        "dvar2": 1.13408184052,
        "max": 8.72811317444,
        "mean": 2.27701687813,
        "median": 2.12004184723,
        "min": -1.91762137413,
        "var": 1.9688359499
    },
    "barkbands_spread": {
        "dmean": 5.94232606888,
        "dmean2": 9.18717002869,
        "dvar": 61.551361084,
        "dvar2": 136.649368286,
        "max": 91.6727218628,
        "mean": 18.1380786896,
        "median": 14.766503334,
        "min": 0.951608002186,
        "var": 194.223312378
    },
    "dissonance": {
        "dmean": 0.020059261471,
        "dmean2": 0.0328050144017,
        "dvar": 0.000416945549659,
        "dvar2": 0.00103367690463,
        "max": 0.499999970198,
        "mean": 0.457370698452,
        "median": 0.464966058731,
        "min": 0.183186978102,
        "var": 0.00101036846172
    },
    "dynamic_complexity": 2.5066382885,
    "erbbands_crest": {
        "dmean": 2.137622118,
        "dmean2": 3.34475827217,
        "dvar": 4.3556637764,
        "dvar2": 10.2974405289,
        "max": 25.2314548492,
        "mean": 8.17251014709,
        "median": 7.41389751434,
        "min": 2.18436813354,
        "var": 13.7061519623
    },
    "erbbands_flatness_db": {
        "dmean": 0.0210792887956,
        "dmean2": 0.0275769699365,
        "dvar": 0.000454390246887,
        "dvar2": 0.000770790444221,
        "max": 0.297024309635,
        "mean": 0.135873779655,
        "median": 0.138902723789,
        "min": 0.0440064072609,
        "var": 0.00189276330639
    },
    "erbbands_kurtosis": {
        "dmean": 1.04539573193,
        "dmean2": 1.5790489912,
        "dvar": 3.0109834671,
        "dvar2": 6.414021492,
        "max": 34.2456970215,
        "mean": 0.791565895081,
        "median": -0.159523248672,
        "min": -1.79982233047,
        "var": 7.59995222092
    },
    "erbbands_skewness": {
        "dmean": 0.3594160676,
        "dmean2": 0.543101608753,
        "dvar": 0.145159900188,
        "dvar2": 0.324631333351,
        "max": 5.14066839218,
        "mean": 0.591973543167,
        "median": 0.514945209026,
        "min": -3.31345367432,
        "var": 0.706584215164
    },
    "erbbands_spread": {
        "dmean": 10.4687595367,
        "dmean2": 15.2801170349,
        "dvar": 155.003128052,
        "dvar2": 336.765136719,
        "max": 165.190109253,
        "mean": 44.7948684692,
        "median": 40.1999130249,
        "min": 6.11981868744,
        "var": 519.052490234
    },
    "hfc": {
        "dmean": 7.7248249054,
        "dmean2": 10.7240915298,
        "dvar": 140.000213623,
        "dvar2": 251.190933228,
        "max": 127.508132935,
        "mean": 19.1724090576,
        "median": 11.9288921356,
        "min": 0.00564902275801,
        "var": 374.452178955
    },
    "melbands_crest": {
        "dmean": 3.03538632393,
        "dmean2": 5.02553462982,
        "dvar": 7.88483428955,
        "dvar2": 20.9292888641,
        "max": 32.6306037903,
        "mean": 14.2371416092,
        "median": 13.8923025131,
        "min": 4.64571094513,
        "var": 19.9600601196
    },
    "melbands_flatness_db": {
        "dmean": 0.0324111804366,
        "dmean2": 0.0483832769096,
        "dvar": 0.00128257262986,
        "dvar2": 0.0028385585174,
        "max": 0.569571316242,
        "mean": 0.234803259373,
        "median": 0.231621682644,
        "min": 0.0461863055825,
        "var": 0.00580658810213
    },
    "melbands_kurtosis": {
        "dmean": 11.5618343353,
        "dmean2": 18.7352333069,
        "dvar": 475.362182617,
        "dvar2": 1185.66369629,
        "max": 329.183074951,
        "mean": 26.079908371,
        "median": 14.8536739349,
        "min": -1.84800100327,
        "var": 1308.1784668
    },
    "melbands_skewness": {
        "dmean": 0.827620387077,
        "dmean2": 1.29045975208,
        "dvar": 0.936680734158,
        "dvar2": 2.184694767,
        "max": 15.8515863419,
        "mean": 3.4874818325,
        "median": 3.21415352821,
        "min": -0.78037661314,
        "var": 3.9706029892
    },
    "melbands_spread": {
        "dmean": 5.28685331345,
        "dmean2": 8.09462547302,
        "dvar": 87.4873657227,
        "dvar2": 155.904983521,
        "max": 218.487609863,
        "mean": 16.1980895996,
        "median": 11.5786542892,
        "min": 0.758905351162,
        "var": 321.138305664
    },
    "pitch_salience": {
        "dmean": 0.0702038183808,
        "dmean2": 0.11460532248,
        "dvar": 0.00414025038481,
        "dvar2": 0.0108473291621,
        "max": 0.927057385445,
        "mean": 0.574399471283,
        "median": 0.577517330647,
        "min": 0.165821909904,
        "var": 0.00917548406869
    },
    "silence_rate_20dB": {
        "dmean": 0,
        "dmean2": 0,
        "dvar": 0,
        "dvar2": 0,
        "max": 1,
        "mean": 1,
        "median": 1,
        "min": 1,
        "var": 0
    },
    "silence_rate_30dB": {
        "dmean": 0.0216718260199,
        "dmean2": 0.0433604344726,
        "dvar": 0.0212018117309,
        "dvar2": 0.0538683757186,
        "max": 1,
        "mean": 0.98413926363,
        "median": 1,
        "min": 0,
        "var": 0.0156093295664
    },
    "silence_rate_60dB": {
        "dmean": 0.0119969043881,
        "dmean2": 0.0240030977875,
        "dvar": 0.0118525400758,
        "dvar2": 0.0288478564471,
        "max": 1,
        "mean": 0.0228239838034,
        "median": 0,
        "min": 0,
        "var": 0.0223039202392
    },
    "spectral_centroid": {
        "dmean": 236.012268066,
        "dmean2": 369.255340576,
        "dvar": 98426.6640625,
        "dvar2": 216931.078125,
        "max": 4895.88916016,
        "mean": 978.953552246,
        "median": 814.310302734,
        "min": 155.241577148,
        "var": 416977.0625
    },
    "spectral_complexity": {
        "dmean": 3.98335909843,
        "dmean2": 5.93728208542,
        "dvar": 32.2689933777,
        "dvar2": 60.7377128601,
        "max": 52,
        "mean": 16.2143135071,
        "median": 15,
        "min": 0,
        "var": 87.2788314819
    },
    "spectral_decrease": {
        "dmean": 3.22372484263e-09,
        "dmean2": 4.8462629465e-09,
        "dvar": 2.34964127154e-17,
        "dvar2": 5.25957035315e-17,
        "max": -2.81936973767e-12,
        "mean": -8.47231884649e-09,
        "median": -7.1425549919e-09,
        "min": -5.06047506121e-08,
        "var": 4.18420346222e-17
    },
    "spectral_energy": {
        "dmean": 0.0127164982259,
        "dmean2": 0.0189254060388,
        "dvar": 0.000355352938641,
        "dvar2": 0.000785726762842,
        "max": 0.200967401266,
        "mean": 0.0337154977024,
        "median": 0.0283937565982,
        "min": 1.11533272502e-05,
        "var": 0.000651918177027
    },
    "spectral_energyband_high": {
        "dmean": 0.00059223320568,
        "dmean2": 0.00082109955838,
        "dvar": 1.07857408693e-06,
        "dvar2": 1.94083986571e-06,
        "max": 0.014965779148,
        "mean": 0.000926371198148,
        "median": 0.000293628050713,
        "min": 5.70852840553e-08,
        "var": 2.43232966568e-06
    },
    "spectral_energyband_low": {
        "dmean": 0.0080450521782,
        "dmean2": 0.0129489665851,
        "dvar": 0.000238859298406,
        "dvar2": 0.000577893166337,
        "max": 0.15483571589,
        "mean": 0.0159268304706,
        "median": 0.0111994473264,
        "min": 1.12877819447e-06,
        "var": 0.000318777019856
    },
    "spectral_energyband_middle_high": {
        "dmean": 0.00151576544158,
        "dmean2": 0.00220891577192,
        "dvar": 9.5620907814e-06,
        "dvar2": 2.05838568945e-05,
        "max": 0.071173876524,
        "mean": 0.00451117893681,
        "median": 0.00179685128387,
        "min": 1.05219407942e-06,
        "var": 6.25261236564e-05
    },
    "spectral_energyband_middle_low": {
        "dmean": 0.00614254688844,
        "dmean2": 0.00972445774823,
        "dvar": 7.24581259419e-05,
        "dvar2": 0.000172991465661,
        "max": 0.0889377370477,
        "mean": 0.0144266420975,
        "median": 0.0121179213747,
        "min": 9.43849408941e-06,
        "var": 0.000122093581012
    },
    "spectral_entropy": {
        "dmean": 0.246684446931,
        "dmean2": 0.351823717356,
        "dvar": 0.0744230076671,
        "dvar2": 0.150876104832,
        "max": 8.60560798645,
        "mean": 7.41814184189,
        "median": 7.40727329254,
        "min": 5.24768161774,
        "var": 0.264734983444
    },
    "spectral_flux": {
        "dmean": 0.0285678189248,
        "dmean2": 0.0420047566295,
        "dvar": 0.00112311821431,
        "dvar2": 0.00210634549148,
        "max": 0.334544181824,
        "mean": 0.0851751044393,
        "median": 0.0706772059202,
        "min": 0.00333965965547,
        "var": 0.00279223360121
    },
    "spectral_kurtosis": {
        "dmean": 1.95893847942,
        "dmean2": 2.99399995804,
        "dvar": 7.7869052887,
        "dvar2": 15.8908004761,
        "max": 78.7152023315,
        "mean": 4.95449113846,
        "median": 4.16366767883,
        "min": -0.611994028091,
        "var": 18.7071304321
    },
    "spectral_rms": {
        "dmean": 0.000997390598059,
        "dmean2": 0.00143218250014,
        "dvar": 1.36665164518e-06,
        "dvar2": 2.68487815447e-06,
        "max": 0.0140023482963,
        "mean": 0.0053743054159,
        "median": 0.00526319537312,
        "min": 0.000104313447082,
        "var": 4.01007127948e-06
    },
    "spectral_rolloff": {
        "dmean": 359.298675537,
        "dmean2": 603.305847168,
        "dvar": 573428.75,
        "dvar2": 1228391.25,
        "max": 9259.27734375,
        "mean": 944.294189453,
        "median": 559.86328125,
        "min": 64.599609375,
        "var": 1424344
    },
    "spectral_skewness": {
        "dmean": 0.28355807066,
        "dmean2": 0.425170183182,
        "dvar": 0.0937282145023,
        "dvar2": 0.201233550906,
        "max": 6.99911594391,
        "mean": 1.73504424095,
        "median": 1.69574058056,
        "min": -0.059320345521,
        "var": 0.320547044277
    },
    "spectral_spread": {
        "dmean": 845085.8125,
        "dmean2": 1141853.125,
        "dvar": 970296393728,
        "dvar2": 1.8406506496e+12,
        "max": 12814125,
        "mean": 5218181,
        "median": 4987753.5,
        "min": 1004951.4375,
        "var": 3.16265804595e+12
    },
    "spectral_strongpeak": {
        "dmean": 0.375854194164,
        "dmean2": 0.639646291733,
        "dvar": 0.487407207489,
        "dvar2": 1.23957955837,
        "max": 9.87582683563,
        "mean": 0.719691872597,
        "median": 0.413400620222,
        "min": 0,
        "var": 1.17211544514
    },
    "zerocrossingrate": {
        "dmean": 0.0121641363949,
        "dmean2": 0.0136206457391,
        "dvar": 0.000171097053681,
        "dvar2": 0.000197832967388,
        "max": 0.2841796875,
        "mean": 0.0503817461431,
        "median": 0.04248046875,
        "min": 0.00537109375,
        "var": 0.00116879947018
    },
    "barkbands": {
        "dmean": [0.000240540568484, 0.00365480803885, 0.00505814515054, 0.00250999303535, 0.00293729663827, 0.000971337314695, 0.000773805601057, 0.000617357320152, 0.000625890039373, 0.000439271942014, 0.000358525983756, 0.000408876250731, 0.000216257016291, 0.000289848510874, 0.000192214982235, 0.000153923640028, 0.000154423905769, 0.000133448731503, 8.9194472821e-05, 0.000153466084157, 0.000107532374386, 0.000108787309728, 0.000128286061226, 7.70231054048e-05, 6.7714288889e-05, 6.17695986875e-05, 2.0982877686e-05],
        "dmean2": [0.000355260563083, 0.00572615861893, 0.00848931446671, 0.0042478190735, 0.00486373668537, 0.0015698808711, 0.001181416912, 0.000995002337731, 0.000924655643757, 0.000644905725494, 0.00050668529002, 0.000645210267976, 0.000338216690579, 0.000457882153569, 0.000300274492474, 0.000245206669206, 0.000226970660151, 0.000196912587853, 0.000135191556183, 0.00023750627588, 0.00015630418784, 0.000153715460328, 0.000188225429156, 0.000112484289275, 9.70507171587e-05, 9.03819236555e-05, 3.19731079799e-05],
        "dvar": [1.11696849103e-07, 3.66610693163e-05, 0.000148956823978, 1.64918528753e-05, 1.98641519091e-05, 2.08942810787e-06, 2.16160970012e-06, 1.88461660855e-06, 2.64819277618e-06, 1.72873433257e-06, 1.51855647346e-06, 2.05987544177e-06, 7.12484677479e-07, 7.60734508276e-07, 2.41280616819e-07, 1.06631233621e-07, 1.22713728956e-07, 6.23836129421e-08, 3.15325046074e-08, 1.32627491212e-07, 4.55358772911e-08, 5.474598197e-08, 9.8212900923e-08, 1.85845134837e-08, 1.26892478747e-08, 2.01634087205e-08, 1.49819667783e-09],
        "dvar2": [2.17516685552e-07, 8.96689889487e-05, 0.000393535476178, 4.45258338004e-05, 5.10672653036e-05, 5.20085404787e-06, 4.99847419633e-06, 4.85734244648e-06, 5.71902955926e-06, 3.69052531823e-06, 2.75899787994e-06, 5.3691701396e-06, 1.87476746305e-06, 1.73200169229e-06, 5.14318799105e-07, 2.60132850372e-07, 2.19414943103e-07, 1.31278000026e-07, 7.12834449246e-08, 2.72296915682e-07, 9.36386257422e-08, 9.59898542874e-08, 2.00197774802e-07, 3.9548119446e-08, 2.38590711632e-08, 4.36415383831e-08, 3.26166693654e-09],
        "max": [0.00514477398247, 0.0719449147582, 0.11715118587, 0.0502208732069, 0.0592320263386, 0.0234794896096, 0.0278359297663, 0.0201926100999, 0.0420207865536, 0.0487498529255, 0.0326475799084, 0.0436670146883, 0.0282748471946, 0.028210837394, 0.0121393846348, 0.00484656076878, 0.0133387921378, 0.00458219926804, 0.00345991435461, 0.00882651563734, 0.00426143221557, 0.00397950410843, 0.00688137253746, 0.00254238606431, 0.00218529067934, 0.00275968248025, 0.000277038285276],
        "mean": [0.000474962289445, 0.00611985940486, 0.00744152162224, 0.00381347164512, 0.00492111872882, 0.00182524358388, 0.00147317582741, 0.000940250174608, 0.00115292193368, 0.000852367375046, 0.000651096575893, 0.000946798536461, 0.000311682466418, 0.000486864621053, 0.000336275465088, 0.000254483078606, 0.000292489712592, 0.000272187375231, 0.000143614437548, 0.000272779987426, 0.000167415972101, 0.000151788553922, 0.000147746031871, 9.66855150182e-05, 8.6465239292e-05, 6.2798098952e-05, 1.94654458028e-05],
        "median": [0.0002301633358, 0.00342669105157, 0.00495961448178, 0.00225523347035, 0.0031526372768, 0.00115232251119, 0.000793723505922, 0.00035791634582, 0.000379198347218, 0.000198770008865, 0.000100324701634, 0.000143893266795, 0.000100570876384, 0.000148250779603, 9.31233298616e-05, 8.72333985171e-05, 8.02524009487e-05, 8.25345559861e-05, 4.45278892585e-05, 6.06377943768e-05, 5.11457728862e-05, 3.96012728743e-05, 3.11526382575e-05, 2.7421854611e-05, 2.33579430642e-05, 9.34695890464e-06, 3.74537279413e-07],
        "min": [3.20461310821e-08, 1.24412579794e-07, 5.01670967878e-07, 9.40857489695e-07, 1.99357691599e-06, 7.49112643916e-07, 1.24532164136e-07, 1.06357072127e-06, 5.9756587234e-07, 3.73605246295e-07, 2.0939456391e-08, 9.05309534005e-08, 1.34861991796e-07, 1.42739352782e-07, 2.0779451404e-07, 7.85633602618e-08, 1.8502243293e-08, 2.75019953477e-08, 3.62184096048e-08, 3.24494209281e-08, 8.39725444735e-09, 6.77027411911e-09, 6.54999698924e-09, 2.80952150433e-09, 1.46742396012e-09, 9.86844383988e-10, 1.28274624256e-09],
        "var": [3.71274751387e-07, 6.56361007714e-05, 0.000123370700749, 2.15332638618e-05, 2.906395639e-05, 4.20989272243e-06, 4.59550165033e-06, 2.86995509668e-06, 5.73179886487e-06, 4.79760683447e-06, 4.97215933137e-06, 1.0297548215e-05, 7.11786242391e-07, 1.37538586387e-06, 7.11959216915e-07, 2.18119367901e-07, 4.07454479046e-07, 2.17564974037e-07, 6.00028329245e-08, 4.06797255437e-07, 9.52263476961e-08, 1.1061549543e-07, 1.49534969296e-07, 3.1165576786e-08, 2.22713971709e-08, 2.42048106003e-08, 1.66119740186e-09]
    },
    "erbbands": {
        "dmean": [0.0935133621097, 0.933285474777, 4.92911672592, 6.93842887878, 9.48010253906, 10.8910112381, 7.31244182587, 8.0701417923, 11.1296024323, 10.0729341507, 15.6358938217, 14.7276763916, 12.7678470612, 14.316781044, 12.9864025116, 17.6818504333, 10.1153116226, 15.6069831848, 9.98763084412, 10.0702152252, 7.61973905563, 7.71035480499, 6.97787714005, 5.03193855286, 4.80382728577, 7.3224196434, 5.37963914871, 4.06557559967, 3.93204498291, 3.93265390396, 3.38199210167, 1.95351481438, 1.21650576591, 0.828211545944, 0.488619297743, 0.299277961254, 0.0989574715495, 0.0247457195073, 0.00400332640857, 0.000172267958988],
        "dmean2": [0.142634764314, 1.44721210003, 8.18996715546, 11.7048025131, 15.5798492432, 18.5690784454, 12.1384944916, 13.1090259552, 17.0402488708, 15.6706800461, 24.8410739899, 21.8636569977, 18.6878662109, 21.4542388916, 18.3158226013, 27.8917350769, 15.7047233582, 24.4649505615, 15.5031194687, 15.4816379547, 11.7559337616, 11.3306016922, 10.2439861298, 7.59463405609, 7.26159620285, 11.3861150742, 7.95975542068, 5.84861803055, 5.58713245392, 5.77966547012, 4.89675617218, 2.87086439133, 1.76946866512, 1.21579134464, 0.699612975121, 0.444275170565, 0.146798357368, 0.0367038995028, 0.00621305638924, 0.000259923137492],
        "dvar": [0.0199275575578, 2.94155502319, 140.489959717, 164.717041016, 165.591156006, 428.747711182, 129.541595459, 194.993911743, 400.061096191, 322.228240967, 1234.52050781, 1261.66113281, 1184.37353516, 1781.70129395, 1824.92102051, 4896.21875, 985.75012207, 2037.36938477, 592.608093262, 541.460754395, 290.866851807, 222.583496094, 163.878494263, 116.395256042, 92.8813400269, 312.488525391, 119.556999207, 74.1178894043, 72.6059265137, 87.890663147, 70.2309494019, 16.2471466064, 3.93456125259, 1.93001043797, 0.774877786636, 0.755291759968, 0.0311874095351, 0.00198137480766, 5.57837011002e-05, 1.02814261993e-07],
        "dvar2": [0.0453260652721, 6.79329395294, 354.767242432, 437.597167969, 417.038848877, 1136.92749023, 333.228271484, 491.176391602, 900.257080078, 782.116333008, 3069.31079102, 2723.28076172, 2300.70605469, 4096.875, 3338.09375, 12868.484375, 2509.84204102, 4693.57421875, 1247.57189941, 1254.94873047, 641.137512207, 443.434234619, 331.680450439, 267.19744873, 206.014907837, 654.153076172, 249.023742676, 149.067764282, 130.988479614, 173.074966431, 140.968826294, 33.8887329102, 8.2419128418, 3.78741788864, 1.46252965927, 1.63272154331, 0.0716069564223, 0.00434573600069, 0.000124680358567, 2.37905183553e-07],
        "max": [1.43469119072, 19.4324092865, 113.774116516, 127.079345703, 137.963119507, 318.483734131, 133.634674072, 254.045318604, 400.801208496, 267.733551025, 522.318481445, 733.842285156, 751.717102051, 1366.48754883, 1173.55957031, 2249.16772461, 973.089477539, 1376.52050781, 575.230407715, 651.428710938, 419.170288086, 371.947845459, 226.089263916, 279.747406006, 169.804534912, 296.456390381, 260.257385254, 180.74029541, 157.2784729, 227.969741821, 172.412261963, 85.1279373169, 35.2078590393, 31.2445831299, 12.0307292938, 18.6012077332, 1.37182676792, 0.271282762289, 0.0582981668413, 0.00232009286992],
        "mean": [0.160379052162, 1.50483596325, 7.50431108475, 11.6657009125, 16.1675376892, 16.0816040039, 12.3538503647, 14.561504364, 22.2484836578, 17.5551300049, 24.4463653564, 27.799955368, 26.0778102875, 26.7944450378, 27.9955291748, 41.8282012939, 18.2202148438, 25.8362846375, 18.2687854767, 18.2019100189, 13.6446895599, 15.1352376938, 15.174946785, 8.95225048065, 8.02035808563, 13.3586435318, 9.62368297577, 5.89578008652, 5.3898396492, 5.02345848083, 3.92334461212, 2.3498942852, 1.53007221222, 1.04631316662, 0.595074176788, 0.317831426859, 0.0981041491032, 0.0239542983472, 0.0036006316077, 0.000180223883945],
        "median": [0.084866695106, 0.850910484791, 4.91037416458, 8.06871986389, 10.4808397293, 8.39693546295, 7.52186059952, 7.47123670578, 12.885766983, 10.0914564133, 10.6807165146, 9.68887615204, 7.3517203331, 6.88209056854, 5.8478178978, 6.29171991348, 5.92408514023, 7.86095619202, 5.92934989929, 5.49650382996, 4.77445363998, 4.7202963829, 4.6354432106, 3.23287940025, 2.33973956108, 3.03059267998, 2.55342674255, 1.75815606117, 1.31408786774, 1.22216486931, 0.803999006748, 0.57006251812, 0.451316267252, 0.287695497274, 0.140743911266, 0.0573901981115, 0.0131526710466, 0.0017055675853, 7.90462145233e-05, 4.52541753475e-05],
        "min": [1.33666685542e-06, 4.32957640442e-05, 0.000474836677313, 0.00212433934212, 0.00478788185865, 0.00704714516178, 0.00917015131563, 0.0145518509671, 0.0026127055753, 0.00774173298851, 0.0225195996463, 0.013486248441, 0.0159214995801, 0.00462365988642, 0.00154098460916, 0.0040758382529, 0.00602846546099, 0.00620225071907, 0.0106375543401, 0.00903962552547, 0.00330323423259, 0.00099247507751, 0.00118205766194, 0.00223478348926, 0.00164794095326, 0.00199041888118, 0.000560373824555, 0.000295659847325, 0.000264265894657, 0.000234060746152, 0.000182675226824, 6.110175309e-05, 5.25335672137e-05, 1.77977381099e-05, 1.10693845272e-05, 3.89966271541e-06, 2.13658222492e-06, 2.78769584838e-06, 1.94147645516e-07, 2.30816823432e-08],
        "var": [0.0458916947246, 4.55970954895, 128.171508789, 182.867202759, 299.47769165, 535.834594727, 210.983047485, 372.257720947, 942.923278809, 522.307250977, 1787.12084961, 3410.08618164, 3542.11035156, 3723.63989258, 6773.28369141, 25327.2695312, 1618.7890625, 3680.04516602, 1523.33557129, 1633.10461426, 684.607116699, 785.170715332, 714.478271484, 207.748962402, 200.792510986, 895.568115234, 397.124572754, 132.580352783, 142.261566162, 143.90612793, 112.783851624, 26.3132190704, 6.63653802872, 3.30505466461, 1.25273180008, 0.882047593594, 0.0354718528688, 0.00226758397184, 5.86554451729e-05, 1.07765856683e-07]
    },
    "gfcc": {
        "mean": [5.00513458252, 99.6091690063, -88.6860122681, 34.4259147644, -53.2242736816, 14.8051805496, -34.7913360596, 6.39386415482, -23.3427066803, 1.15241086483, -18.2517089844, -3.61119818687, -13.1525220871],
        "cov": [[4601.3046875, -1459.9465332, -374.623291016, -226.830245972, -16.8807983398, -140.742279053, -0.430377930403, 115.115371704, -133.709762573, 171.140304565, -140.173416138, 64.047492981, -102.600509644], [-1459.9465332, 1688.07873535, -401.335754395, -62.1902275085, 181.902587891, -49.7806892395, 56.9784545898, -76.455947876, 112.649673462, -145.036514282, 179.138290405, -72.9070587158, 135.430160522], [-374.623291016, -401.335754395, 1090.11779785, 95.960319519, 21.4097061157, 19.3694553375, -15.9392032623, -6.99823522568, -17.405002594, 5.22661733627, -95.8866729736, 15.4017591476, -105.305923462], [-226.830245972, -62.1902275085, 95.960319519, 310.032684326, -1.56278264523, -14.8107147217, -42.5826072693, 15.4301156998, 18.6251296997, -14.7553472519, -10.4227619171, -9.5431842804, 20.8123264313], [-16.8807983398, 181.902587891, 21.4097061157, -1.56278264523, 261.684143066, -23.6121730804, 54.0963821411, 0.312386333942, 21.0935344696, -19.6244564056, 22.7958221436, 1.64015960693, 10.4938812256], [-140.742279053, -49.7806892395, 19.3694553375, -14.8107147217, -23.6121730804, 178.902496338, 54.8977241516, -24.3447818756, -18.8633060455, 6.11354064941, 3.96522593498, 1.26345407963, -6.22388124466], [-0.430377930403, 56.9784545898, -15.9392032623, -42.5826072693, 54.0963821411, 54.8977241516, 133.783340454, 5.54741430283, -4.68721485138, -7.50229787827, 10.5175361633, -9.00738430023, 1.75576901436], [115.115371704, -76.455947876, -6.99823522568, 15.4301156998, 0.312386333942, -24.3447818756, 5.54741430283, 96.6475448608, 15.39336586, 23.1036605835, -26.9586277008, -0.933714330196, -4.67719697952], [-133.709762573, 112.649673462, -17.405002594, 18.6251296997, 21.0935344696, -18.8633060455, -4.68721485138, 15.39336586, 76.4026412964, 8.54308700562, 11.5169639587, -14.9536771774, 10.4643707275], [171.140304565, -145.036514282, 5.22661733627, -14.7553472519, -19.6244564056, 6.11354064941, -7.50229787827, 23.1036605835, 8.54308700562, 95.7609939575, -2.41175270081, 0.646808326244, -15.33253479], [-140.173416138, 179.138290405, -95.8866729736, -10.4227619171, 22.7958221436, 3.96522593498, 10.5175361633, -26.9586277008, 11.5169639587, -2.41175270081, 87.8908309937, 22.1463623047, 26.0958518982], [64.047492981, -72.9070587158, 15.4017591476, -9.5431842804, 1.64015960693, 1.26345407963, -9.00738430023, -0.933714330196, -14.9536771774, 0.646808326244, 22.1463623047, 70.5992202759, 11.0281267166], [-102.600509644, 135.430160522, -105.305923462, 20.8123264313, 10.4938812256, -6.22388124466, 1.75576901436, -4.67719697952, 10.4643707275, -15.33253479, 26.0958518982, 11.0281267166, 73.6285095215]],
        "icov": [[0.000439333613031, 0.00046675131307, 0.000314917619107, 0.000293007033179, -0.000287460017717, 0.000513201230206, -0.000168535014382, -4.21200820711e-06, 0.000272448640317, -0.00016151019372, 0.000122237455798, 3.73700058844e-05, 8.80866573425e-05], [0.00046675131307, 0.00191012746654, 0.000388114363886, 0.000849849020597, -0.000805516610853, 0.000658794713672, -3.98014935854e-06, 1.43980423672e-05, -0.000910284463316, 0.00174230756238, -0.00246352073736, 0.00236322800629, -0.00136528257281], [0.000314917619107, 0.000388114363886, 0.00151171383914, -0.000313078780891, -0.000472630898003, 0.000298598228255, -0.000263990979875, 0.000712823239155, -0.000216618878767, -6.61329977447e-05, 0.00144533556886, -0.00105267087929, 0.00178214733023], [0.000293007033179, 0.000849849020597, -0.000313078780891, 0.00425320351496, -0.000496627122629, -1.72608233697e-05, 0.00152494932991, -0.00111709570047, -0.000649121240713, 0.00136213493533, -0.00119071570225, 0.00203732470982, -0.00235012709163], [-0.000287460017717, -0.000805516610853, -0.000472630898003, -0.000496627122629, 0.00506495824084, 0.000913713418413, -0.00241164118052, 0.000211997103179, -0.000954116811045, 0.000128228304675, -5.85204325034e-05, -0.00121143728029, 0.000336306722602], [0.000513201230206, 0.000658794713672, 0.000298598228255, -1.72608233697e-05, 0.000913713418413, 0.00799253024161, -0.00408702762797, 0.00240316218697, 0.000946434622165, -0.00118556746747, 0.000288279436063, -0.000434535584645, 0.000312340212986], [-0.000168535014382, -3.98014935854e-06, -0.000263990979875, 0.00152494932991, -0.00241164118052, -0.00408702762797, 0.0112436814234, -0.00298254215159, 0.00114323722664, 0.00157899688929, -0.00242191669531, 0.0030695295427, -0.000930531648919], [-4.21200820711e-06, 1.43980423672e-05, 0.000712823239155, -0.00111709570047, 0.000211997103179, 0.00240316218697, -0.00298254215159, 0.0144831370562, -0.00342717929743, -0.00345366937108, 0.00627349130809, -0.00326511729509, 0.000500445312355], [0.000272448640317, -0.000910284463316, -0.000216618878767, -0.000649121240713, -0.000954116811045, 0.000946434622165, 0.00114323722664, -0.00342717929743, 0.0177449341863, -0.00312453648075, -0.00196222006343, 0.00345192244276, -0.0010955161415], [-0.00016151019372, 0.00174230756238, -6.61329977447e-05, 0.00136213493533, 0.000128228304675, -0.00118556746747, 0.00157899688929, -0.00345366937108, -0.00312453648075, 0.0148693658412, -0.00506819272414, 0.00301643484272, 0.000600023660809], [0.000122237455798, -0.00246352073736, 0.00144533556886, -0.00119071570225, -5.85204325034e-05, 0.000288279436063, -0.00242191669531, 0.00627349130809, -0.00196222006343, -0.00506819272414, 0.0230489466339, -0.0110069261864, 0.000297339109238], [3.73700058844e-05, 0.00236322800629, -0.00105267087929, 0.00203732470982, -0.00121143728029, -0.000434535584645, 0.0030695295427, -0.00326511729509, 0.00345192244276, 0.00301643484272, -0.0110069261864, 0.0225316528231, -0.00585702899843], [8.80866573425e-05, -0.00136528257281, 0.00178214733023, -0.00235012709163, 0.000336306722602, 0.000312340212986, -0.000930531648919, 0.000500445312355, -0.0010955161415, 0.000600023660809, 0.000297339109238, -0.00585702899843, 0.0205138772726]]
    },
    "melbands": {
        "dmean": [0.000876574602444, 0.00198724330403, 0.00123912724666, 0.000735490350053, 0.000287924951408, 0.000183142328751, 0.000172327636392, 0.000109454435005, 0.000127981591504, 8.89297298272e-05, 6.37506600469e-05, 5.84203771723e-05, 5.17115622642e-05, 4.58983486169e-05, 3.44699328707e-05, 2.34334074776e-05, 2.974716881e-05, 1.62216892932e-05, 1.38299874379e-05, 1.17127874546e-05, 1.00411889434e-05, 9.24508094613e-06, 6.81625851939e-06, 6.77964862916e-06, 4.08233881899e-06, 3.56732880391e-06, 3.53860991709e-06, 5.61597835258e-06, 4.13128054788e-06, 2.40705981014e-06, 2.51997289524e-06, 2.38632605942e-06, 1.95759434973e-06, 2.40208919422e-06, 2.01875855055e-06, 1.67891630554e-06, 1.04037656001e-06, 8.31342788388e-07, 8.78589162312e-07, 6.57506006974e-07],
        "dmean2": [0.00137121754233, 0.00322987814434, 0.00206174468622, 0.00122341595124, 0.00048363674432, 0.000296419922961, 0.000264221191173, 0.000173199252458, 0.000200332433451, 0.000132428875077, 9.33954506763e-05, 8.75603873283e-05, 7.27021033526e-05, 7.06510618329e-05, 5.399193833e-05, 3.68872460967e-05, 4.64806980744e-05, 2.5260820621e-05, 2.16424723476e-05, 1.84629989235e-05, 1.53965738718e-05, 1.38328769026e-05, 1.01259911389e-05, 1.00307215689e-05, 6.27603731118e-06, 5.49794276594e-06, 5.4938818721e-06, 8.81171035871e-06, 6.22862262389e-06, 3.50967729901e-06, 3.74616342924e-06, 3.42963630828e-06, 2.86489853352e-06, 3.57154954145e-06, 2.95204586109e-06, 2.53266739492e-06, 1.57455338012e-06, 1.21958714772e-06, 1.33829985316e-06, 9.62025069384e-07],
        "dvar": [1.75940965619e-06, 2.04138050321e-05, 4.46584908786e-06, 1.22049573292e-06, 2.25257920761e-07, 9.17255249533e-08, 9.77372991429e-08, 3.93932566567e-08, 7.72548673922e-08, 5.24645145106e-08, 3.21697122274e-08, 3.44488775283e-08, 3.6342687082e-08, 2.26879581788e-08, 2.04459809083e-08, 2.9926237044e-09, 8.93208174091e-09, 1.57523494249e-09, 1.21507126583e-09, 7.01712188356e-10, 6.17601414454e-10, 3.98737265428e-10, 1.4544389304e-10, 1.86395510138e-10, 8.61340235248e-11, 5.56304689814e-11, 8.57207568816e-11, 1.94095878259e-10, 8.89660498049e-11, 2.5247449964e-11, 2.97594726639e-11, 2.56979940799e-11, 2.13749972583e-11, 3.67515046173e-11, 2.65017695289e-11, 1.74915429363e-11, 4.18734014476e-12, 1.84301402265e-12, 2.2001799254e-12, 1.2710954251e-12],
        "dvar2": [4.20903734266e-06, 4.90497768624e-05, 1.17414692795e-05, 3.11880216941e-06, 5.88224338571e-07, 2.30662465128e-07, 2.21134598632e-07, 9.70523359456e-08, 1.87683966146e-07, 1.12642283057e-07, 6.17582145424e-08, 7.87001965818e-08, 6.49526796792e-08, 5.85969175404e-08, 5.04784800626e-08, 7.50830775331e-09, 1.95948324233e-08, 3.27143023782e-09, 2.72791411682e-09, 1.66245861521e-09, 1.28569377367e-09, 7.80983944182e-10, 2.89333446091e-10, 4.04374783658e-10, 2.02556929563e-10, 1.26603033612e-10, 1.78642420301e-10, 4.12638229141e-10, 1.82849790864e-10, 5.51748056965e-11, 6.18700854438e-11, 5.05575442622e-11, 3.72225687773e-11, 7.88779527805e-11, 5.36857641675e-11, 3.7027030747e-11, 9.20372632274e-12, 3.92981133746e-12, 4.8706125938e-12, 2.43934256475e-12],
        "max": [0.0156706552953, 0.0433674156666, 0.0230310577899, 0.0123759415001, 0.00729448534548, 0.00521629629657, 0.00625451095402, 0.00278627383523, 0.00453395862132, 0.00574955530465, 0.00421988451853, 0.00658146804199, 0.00522790011019, 0.00429324479774, 0.00405938830227, 0.00103768415283, 0.00317824585363, 0.000796514505055, 0.000887102039997, 0.000504504831042, 0.000763058371376, 0.000607606663834, 0.00027610064717, 0.000273790705251, 0.000242610432906, 0.000116300900117, 0.000245780509431, 0.000291505479254, 0.000270942866337, 0.000111689776531, 0.000113022688311, 9.84471116681e-05, 9.11669485504e-05, 0.000151503787492, 0.000119900039863, 6.25609682174e-05, 4.54077526229e-05, 2.11813421629e-05, 2.80083313555e-05, 2.79860596493e-05],
        "mean": [0.00155215826817, 0.00330031383783, 0.00219220644794, 0.00121225859039, 0.000465958437417, 0.000332633033395, 0.000343268708093, 0.00018530136731, 0.000206742348382, 0.00016471791605, 0.00012667872943, 0.00010599430243, 0.000100673256384, 0.000101161393104, 7.12132168701e-05, 3.62321952707e-05, 4.80447488371e-05, 2.85303831333e-05, 2.44291568379e-05, 1.95679040189e-05, 1.6441610569e-05, 1.64057728398e-05, 1.39125713758e-05, 1.33600406116e-05, 6.39721201878e-06, 5.6379039961e-06, 5.53609470444e-06, 1.00746819953e-05, 7.43051168683e-06, 3.55430893251e-06, 3.31676028509e-06, 3.14221256303e-06, 2.72084662356e-06, 2.84329462374e-06, 2.2990961952e-06, 1.90072682926e-06, 1.2631194295e-06, 1.03880086044e-06, 1.03148965991e-06, 8.28963095501e-07],
        "median": [0.000854527112097, 0.00214954186231, 0.00160840386525, 0.000754998298362, 0.000285420974251, 0.000184135060408, 0.000196704844711, 0.000105451908894, 8.95174161997e-05, 5.31947152922e-05, 3.06938527501e-05, 2.53141242865e-05, 1.77771544259e-05, 1.59909322974e-05, 1.30674889078e-05, 1.1159458154e-05, 1.42412372952e-05, 8.54880454426e-06, 7.41215717426e-06, 5.67059942114e-06, 4.97967630508e-06, 4.47601905762e-06, 4.5694146138e-06, 3.51168796442e-06, 2.27250484386e-06, 1.54287579335e-06, 1.5490414853e-06, 2.03845888791e-06, 1.58731563715e-06, 1.10586108804e-06, 8.47130252168e-07, 7.55821474741e-07, 6.6926281761e-07, 6.48590059882e-07, 4.57519632846e-07, 3.39166433605e-07, 3.42339347981e-07, 3.0631304071e-07, 2.72788241773e-07, 2.12954901713e-07],
        "min": [2.35652812819e-08, 1.82473996801e-07, 4.40307928784e-07, 4.37510095708e-07, 3.23259484958e-07, 1.61048035352e-07, 2.12362749608e-08, 8.07942655001e-08, 1.74432997824e-07, 8.25423214224e-08, 7.91262166899e-08, 2.02965875218e-08, 3.39121508652e-09, 8.90845353041e-09, 1.2743330835e-08, 1.31186537189e-08, 1.10843743073e-08, 1.72958714018e-08, 1.49337271438e-08, 7.83384024317e-09, 3.24957305509e-09, 7.96658738977e-10, 1.31223576449e-09, 1.151905904e-09, 1.93122606795e-09, 1.24850840777e-09, 1.32559685451e-09, 1.00877828313e-09, 3.67505526011e-10, 1.10903675132e-10, 1.99342292673e-10, 1.36869793277e-10, 1.11667876335e-10, 1.12266432262e-10, 9.40804448235e-11, 4.92821651543e-11, 3.04166518361e-11, 4.09720903038e-11, 1.96456045876e-11, 1.27112114237e-11],
        "var": [3.85294742955e-06, 2.18330151256e-05, 5.16051204613e-06, 1.84025395811e-06, 3.08960011353e-07, 1.74437744249e-07, 2.23308518343e-07, 6.22140063911e-08, 1.18437945673e-07, 1.22540654957e-07, 9.65857367419e-08, 6.96991548921e-08, 1.19118951147e-07, 9.96921372121e-08, 6.51355946957e-08, 5.32928279284e-09, 1.51387506975e-08, 3.92541554817e-09, 3.53689011412e-09, 1.65201230473e-09, 1.46241740939e-09, 1.21031940026e-09, 6.41095843079e-10, 6.2416860569e-10, 1.29349322919e-10, 1.11049766605e-10, 1.63223795591e-10, 5.96566518407e-10, 3.49984541348e-10, 4.34043773145e-11, 4.88801395193e-11, 4.71843848715e-11, 4.1395394057e-11, 5.13139461478e-11, 4.20368358178e-11, 2.53032352016e-11, 6.29099767072e-12, 3.03296819083e-12, 3.19225657193e-12, 2.24432495158e-12]
    },
    "mfcc": {
        "mean": [-647.388977051, 131.797637939, 21.6520996094, 26.2244529724, 7.79136037827, 9.2663269043, 1.38299953938, 2.97323131561, 1.17755043507, 1.08663320541, -0.138040170074, 1.48601150513, -3.22278857231],
        "cov": [[4695.50878906, -1035.77282715, -769.074645996, -160.431472778, -237.745330811, -161.986480713, -14.4121456146, -104.182991028, 4.61038827896, 19.7151260376, -1.06219875813, -42.999786377, 8.66488170624], [-1035.77282715, 1315.85546875, -261.175170898, -23.0379142761, 78.7069091797, -18.1643180847, 39.9350280762, 36.0622291565, -13.0816898346, -32.5955734253, -5.59542226791, 32.1115608215, 23.5536308289], [-769.074645996, -261.175170898, 822.272155762, 90.8071670532, 65.1605606079, 55.2488555908, -19.1633758545, 7.82121944427, 17.6075019836, -17.6994991302, 15.3691043854, 7.49945068359, -34.3453598022], [-160.431472778, -23.0379142761, 90.8071670532, 275.382110596, 110.429252625, -42.4909362793, -31.5960960388, 3.97051310539, 33.2118988037, -10.2398729324, -25.6058254242, 42.6733093262, 9.03878974915], [-237.745330811, 78.7069091797, 65.1605606079, 110.429252625, 170.635879517, 7.07564878464, -11.2146816254, 7.76195907593, 16.2682514191, -11.0414762497, -8.67711353302, 21.3388633728, 9.42271232605], [-161.986480713, -18.1643180847, 55.2488555908, -42.4909362793, 7.07564878464, 148.825363159, 62.3768196106, 16.5059967041, -12.8246030807, 12.1096601486, 7.17242622375, -23.1527328491, 0.39299839735], [-14.4121456146, 39.9350280762, -19.1633758545, -31.5960960388, -11.2146816254, 62.3768196106, 120.498756409, 37.9085464478, -0.428572416306, 5.32007932663, 4.54303121567, -18.1751060486, 10.2717905045], [-104.182991028, 36.0622291565, 7.82121944427, 3.97051310539, 7.76195907593, 16.5059967041, 37.9085464478, 86.9683609009, 10.8098468781, -10.2075881958, -5.9415063858, -13.1807804108, 6.29482412338], [4.61038827896, -13.0816898346, 17.6075019836, 33.2118988037, 16.2682514191, -12.8246030807, -0.428572416306, 10.8098468781, 80.7575073242, 33.2356758118, -1.09809243679, 2.88889074326, -4.42892169952], [19.7151260376, -32.5955734253, -17.6994991302, -10.2398729324, -11.0414762497, 12.1096601486, 5.32007932663, -10.2075881958, 33.2356758118, 81.5583343506, 25.7276725769, -12.6470003128, -8.16146659851], [-1.06219875813, -5.59542226791, 15.3691043854, -25.6058254242, -8.67711353302, 7.17242622375, 4.54303121567, -5.9415063858, -1.09809243679, 25.7276725769, 66.4591140747, 11.9124212265, -11.4184093475], [-42.999786377, 32.1115608215, 7.49945068359, 42.6733093262, 21.3388633728, -23.1527328491, -18.1751060486, -13.1807804108, 2.88889074326, -12.6470003128, 11.9124212265, 71.8414154053, 13.6689815521], [8.66488170624, 23.5536308289, -34.3453598022, 9.03878974915, 9.42271232605, 0.39299839735, 10.2717905045, 6.29482412338, -4.42892169952, -8.16146659851, -11.4184093475, 13.6689815521, 55.4238815308]],
