{
"lowlevel": {
    "average_loudness": 0.825528860092,
    "barkbands_crest": {
        "dmean": 2.26668214798,
        "dmean2": 3.62758421898,
        "dvar": 5.28157663345,
        "dvar2": 13.2941951752,
        "max": 24.9604263306,
        "mean": 10.2819471359,
        "median": 9.4206571579,
        "min": 3.1201608181,
        "var": 16.020652771
    },
    "barkbands_flatness_db": {
        "dmean": 0.0212987102568,
        "dmean2": 0.0307923872024,
        "dvar": 0.000634622236248,
        "dvar2": 0.00124025635887,
        "max": 0.49377310276,
        "mean": 0.147015929222,
        "median": 0.133890628815,
        "min": 0.0215280260891,
        "var": 0.00516304653138
    },
    "barkbands_kurtosis": {
        "dmean": 5.68007278442,
        "dmean2": 8.99783992767,
        "dvar": 219.572662354,
        "dvar2": 570.985229492,
        "max": 426.729705811,
        "mean": 11.5693130493,
        "median": 4.41033744812,
        "min": -1.93302202225,
        "var": 622.559387207
    },
    "barkbands_skewness": {
        "dmean": 0.651278734207,
        "dmean2": 0.973552405834,
        "dvar": 0.733412742615,
        "dvar2": 1.63798892498,
        "max": 16.7610549927,
        "mean": 2.21453857422,
        "median": 1.976962924,
        "min": -6.88006496429,
        "var": 3.04304265976
    },
    "barkbands_spread": {
        "dmean": 6.68545913696,
        "dmean2": 9.89269256592,
        "dvar": 104.83493042,
        "dvar2": 213.360290527,
        "max": 125.558143616,
        "mean": 21.8344917297,
        "median": 17.3826885223,
        "min": 0.318461865187,
        "var": 312.996643066
    },
    "dissonance": {
        "dmean": 0.0166742708534,
        "dmean2": 0.0271121263504,
        "dvar": 0.000376789568691,
        "dvar2": 0.000910538248718,
        "max": 0.5,
        "mean": 0.460450649261,
        "median": 0.470528692007,
        "min": 0.160837858915,
        "var": 0.00137832388282
    },
    "dynamic_complexity": 4.21354913712,
    "erbbands_crest": {
        "dmean": 2.20354127884,
        "dmean2": 3.48104381561,
        "dvar": 5.51921701431,
        "dvar2": 12.265042305,
        "max": 30.3832206726,
        "mean": 8.26232433319,
        "median": 6.66232585907,
        "min": 2.18102073669,
        "var": 22.415353775
    },
    "erbbands_flatness_db": {
        "dmean": 0.0168013442308,
        "dmean2": 0.0233534798026,
        "dvar": 0.00037476059515,
        "dvar2": 0.000693814770784,
        "max": 0.396187692881,
        "mean": 0.137554675341,
        "median": 0.132692962885,
        "min": 0.0405657812953,
        "var": 0.00235357927158
    },
    "erbbands_kurtosis": {
        "dmean": 1.25087249279,
        "dmean2": 1.91977608204,
        "dvar": 15.1695423126,
        "dvar2": 32.9882888794,
        "max": 114.998680115,
        "mean": 1.36800658703,
        "median": -0.698157310486,
        "min": -1.88270699978,
        "var": 59.7454376221
    },
    "erbbands_skewness": {
        "dmean": 0.386055141687,
        "dmean2": 0.578991532326,
        "dvar": 0.272762179375,
        "dvar2": 0.508880019188,
        "max": 9.09652042389,
        "mean": 0.430385261774,
        "median": 0.253217220306,
        "min": -4.97634077072,
        "var": 1.41301608086
    },
    "erbbands_spread": {
        "dmean": 9.43189430237,
        "dmean2": 14.4491643906,
        "dvar": 137.663772583,
        "dvar2": 320.692382812,
        "max": 177.466415405,
        "mean": 49.9132728577,
        "median": 49.3481254578,
        "min": 3.04583835602,
        "var": 527.171325684
    },
    "hfc": {
        "dmean": 7.28248643875,
        "dmean2": 10.3568143845,
        "dvar": 227.360397339,
        "dvar2": 454.010925293,
        "max": 221.704071045,
        "mean": 17.6957244873,
        "median": 10.2812175751,
        "min": 0.00240222853608,
        "var": 503.494812012
    },
    "melbands_crest": {
        "dmean": 2.94669175148,
        "dmean2": 4.79433441162,
        "dvar": 8.75933742523,
        "dvar2": 22.2816047668,
        "max": 32.5764389038,
        "mean": 15.7289905548,
        "median": 15.2318897247,
        "min": 3.16982340813,
        "var": 25.6626701355
    },
    "melbands_flatness_db": {
        "dmean": 0.0259054880589,
        "dmean2": 0.0373882949352,
        "dvar": 0.00100802665111,
        "dvar2": 0.00192527519539,
        "max": 0.633921086788,
        "mean": 0.226440384984,
        "median": 0.212846010923,
        "min": 0.0239242333919,
        "var": 0.0078657688573
    },
    "melbands_kurtosis": {
        "dmean": 11.6824827194,
        "dmean2": 18.2391090393,
        "dvar": 473.406555176,
        "dvar2": 1191.2052002,
        "max": 419.520141602,
        "mean": 26.8327999115,
        "median": 15.4409103394,
        "min": -1.9145771265,
        "var": 1136.37915039
    },
    "melbands_skewness": {
        "dmean": 0.876980245113,
        "dmean2": 1.3331643343,
        "dvar": 1.26498365402,
        "dvar2": 2.90852975845,
        "max": 17.4144058228,
        "mean": 3.60967683792,
        "median": 3.34633851051,
        "min": -3.82827591896,
        "var": 4.58657073975
    },
    "melbands_spread": {
        "dmean": 7.06730413437,
        "dmean2": 10.8689813614,
        "dvar": 230.526489258,
        "dvar2": 500.95123291,
        "max": 250.761672974,
        "mean": 19.673625946,
        "median": 14.4101486206,
        "min": 0.3229842484,
        "var": 530.602478027
    },
    "pitch_salience": {
        "dmean": 0.0661290213466,
        "dmean2": 0.106544695795,
        "dvar": 0.0039944620803,
        "dvar2": 0.00992997176945,
        "max": 0.866199553013,
        "mean": 0.551338791847,
        "median": 0.556517720222,
        "min": 0.159273818135,
        "var": 0.0131492633373
    },
    "silence_rate_20dB": {
        "dmean": 0,
        "dmean2": 0,
        "dvar": 0,
        "dvar2": 0,
        "max": 1,
        "mean": 1,
        "median": 1,
        "min": 1,
        "var": 0
    },
    "silence_rate_30dB": {
        "dmean": 0.0301857590675,
        "dmean2": 0.0603948906064,
        "dvar": 0.0292745307088,
        "dvar2": 0.074555657804,
        "max": 1,
        "mean": 0.978723406792,
        "median": 1,
        "min": 0,
        "var": 0.0208239890635
    },
    "silence_rate_60dB": {
        "dmean": 0.0243808049709,
        "dmean2": 0.0487804859877,
        "dvar": 0.0237869750708,
        "dvar2": 0.0518217235804,
        "max": 1,
        "mean": 0.089361704886,
        "median": 0,
        "min": 0,
        "var": 0.0813735425472
    },
    "spectral_centroid": {
        "dmean": 292.430664062,
        "dmean2": 443.551635742,
        "dvar": 165380.28125,
        "dvar2": 325490.3125,
        "max": 7112.44628906,
        "mean": 1302.69433594,
        "median": 1148.96923828,
        "min": 119.759597778,
        "var": 743332
    },
    "spectral_complexity": {
        "dmean": 3.3215944767,
        "dmean2": 4.87533855438,
        "dvar": 20.2065677643,
        "dvar2": 39.5800056458,
        "max": 62,
        "mean": 15.1760158539,
        "median": 13,
        "min": 0,
        "var": 123.949539185
    },
    "spectral_decrease": {
        "dmean": 2.98698088486e-09,
        "dmean2": 4.84408291257e-09,
        "dvar": 4.39739867719e-17,
        "dvar2": 1.1554494224e-16,
        "max": -3.31864933754e-13,
        "mean": -6.7185812469e-09,
        "median": -4.8992072621e-09,
        "min": -7.22729112113e-08,
        "var": 5.05357657259e-17
    },
    "spectral_energy": {
        "dmean": 0.0117840906605,
        "dmean2": 0.0189654380083,
        "dvar": 0.000658201053739,
        "dvar2": 0.0017220871523,
        "max": 0.278033703566,
        "mean": 0.0269625540823,
        "median": 0.019507791847,
        "min": 1.63820766375e-06,
        "var": 0.000786838005297
    },
    "spectral_energyband_high": {
        "dmean": 0.000555623671971,
        "dmean2": 0.000784723320976,
        "dvar": 1.85008002518e-06,
        "dvar2": 3.53070345227e-06,
        "max": 0.0188936106861,
        "mean": 0.00101086695213,
        "median": 0.000347671331838,
        "min": 1.01177128897e-07,
        "var": 3.79541006623e-06
    },
    "spectral_energyband_low": {
        "dmean": 0.00771764200181,
        "dmean2": 0.0130637669936,
        "dvar": 0.000458712689579,
        "dvar2": 0.00122500560246,
        "max": 0.198706179857,
        "mean": 0.0127861052752,
        "median": 0.00868060439825,
        "min": 5.48133378686e-08,
        "var": 0.000379687407985
    },
    "spectral_energyband_middle_high": {
        "dmean": 0.00132211786695,
        "dmean2": 0.00183564634062,
        "dvar": 8.22418496682e-06,
        "dvar2": 1.60103008966e-05,
        "max": 0.0511757582426,
        "mean": 0.00342613970861,
        "median": 0.00158481975086,
        "min": 3.8979098349e-07,
        "var": 3.18340244121e-05
    },
    "spectral_energyband_middle_low": {
        "dmean": 0.00470878789201,
        "dmean2": 0.00767719047144,
        "dvar": 7.8534023487e-05,
        "dvar2": 0.000201696762815,
        "max": 0.122467696667,
        "mean": 0.0107413316146,
        "median": 0.00690746447071,
        "min": 3.19617790012e-08,
        "var": 0.000149595420226
    },
    "spectral_entropy": {
        "dmean": 0.160623207688,
        "dmean2": 0.223976269364,
        "dvar": 0.0458077825606,
        "dvar2": 0.0757943540812,
        "max": 8.89976024628,
        "mean": 7.5690612793,
        "median": 7.62655115128,
        "min": 4.71833467484,
        "var": 0.336357474327
    },
    "spectral_flux": {
        "dmean": 0.0281862989068,
        "dmean2": 0.0435025393963,
        "dvar": 0.00214952835813,
        "dvar2": 0.00401448458433,
        "max": 0.454834759235,
        "mean": 0.0735724121332,
        "median": 0.0559218041599,
        "min": 0.000847064366098,
        "var": 0.00404678843915
    },
    "spectral_kurtosis": {
        "dmean": 1.20032572746,
        "dmean2": 1.99111604691,
        "dvar": 2.50944328308,
        "dvar2": 6.57766246796,
        "max": 25.787607193,
        "mean": 3.68809270859,
        "median": 2.94446229935,
        "min": -1.25994002819,
        "var": 8.87645053864
    },
    "spectral_rms": {
        "dmean": 0.000905209919438,
        "dmean2": 0.00138004636392,
        "dvar": 2.29169381782e-06,
        "dvar2": 5.51036691832e-06,
        "max": 0.0164697412401,
        "mean": 0.00457367906347,
        "median": 0.00436256686226,
        "min": 3.99781383749e-05,
        "var": 5.38633003089e-06
    },
    "spectral_rolloff": {
        "dmean": 577.963623047,
        "dmean2": 928.795471191,
        "dvar": 1714602.25,
        "dvar2": 3383385.25,
        "max": 14211.9140625,
        "mean": 1334.16320801,
        "median": 581.396484375,
        "min": 21.533203125,
        "var": 4248206
    },
    "spectral_skewness": {
        "dmean": 0.197271883488,
        "dmean2": 0.305194318295,
        "dvar": 0.0505137555301,
        "dvar2": 0.107588604093,
        "max": 4.35046577454,
        "mean": 1.41440689564,
        "median": 1.32882678509,
        "min": -0.283384263515,
        "var": 0.304633438587
    },
    "spectral_spread": {
        "dmean": 572003.25,
        "dmean2": 791854.4375,
        "dvar": 539527020544,
        "dvar2": 897977942016,
        "max": 14796060,
        "mean": 5211675.5,
        "median": 4874890,
        "min": 2214667.75,
        "var": 2.99287917363e+12
    },
    "spectral_strongpeak": {
        "dmean": 0.365406036377,
        "dmean2": 0.612038016319,
        "dvar": 0.739257514477,
        "dvar2": 1.88011813164,
        "max": 14.1765346527,
        "mean": 0.682390928268,
        "median": 0.335188269615,
        "min": 0,
        "var": 1.17517316341
    },
    "zerocrossingrate": {
        "dmean": 0.0129861272871,
        "dmean2": 0.0144576998428,
        "dvar": 0.000433629873442,
        "dvar2": 0.000447319092928,
        "max": 0.4091796875,
        "mean": 0.0609624348581,
        "median": 0.04638671875,
        "min": 0.00244140625,
        "var": 0.00307796034031
    },
    "barkbands": {
        "dmean": [0.000860916916281, 0.0052296067588, 0.00230709533207, 0.0016676109517, 0.00182602484711, 0.000711492728442, 0.000880451290868, 0.00055981404148, 0.000694419140927, 0.000323178537656, 0.000407648563851, 0.000185179480468, 0.00018602606724, 0.000244356400799, 0.000178859001608, 0.000139567855513, 0.000147109632962, 0.000148621460539, 0.000112642570457, 0.00014674506383, 0.000135888098157, 0.000118042618851, 9.73356873146e-05, 6.79813383613e-05, 6.97326104273e-05, 6.60424630041e-05, 1.92715142475e-05],
        "dmean2": [0.00133264320903, 0.00906414352357, 0.00409459276125, 0.00295588001609, 0.00316158053465, 0.00105476484168, 0.00129928567912, 0.00082702137297, 0.00103652093094, 0.000489852041937, 0.000586311449297, 0.000303072301904, 0.000287781091174, 0.000385037419619, 0.000281443353742, 0.00021812900377, 0.000231367070228, 0.000231882673688, 0.00017978035612, 0.00022744879243, 0.000216238448047, 0.000173648179043, 0.000138632472954, 9.93469438981e-05, 0.000103740901977, 0.000102511614386, 2.93049597531e-05],
        "dvar": [6.3037837208e-06, 0.000252647238085, 3.51918497472e-05, 1.57083650265e-05, 1.57677168318e-05, 2.78103993878e-06, 5.84435565543e-06, 2.91493142868e-06, 1.37667266245e-05, 1.46304989812e-06, 1.73430714767e-06, 4.11661602584e-07, 6.00994439992e-07, 9.70016117208e-07, 1.69943291439e-07, 8.64132942979e-08, 1.00069570408e-07, 1.10285348853e-07, 6.79320706354e-08, 9.06509640686e-08, 8.15977401203e-08, 1.09118360569e-07, 9.34160482302e-08, 4.91398530755e-08, 3.83441012275e-08, 8.26035631007e-08, 4.22499280006e-09],
        "dvar2": [1.51957301568e-05, 0.000693180190865, 0.000103088168544, 4.55214612884e-05, 4.38847273472e-05, 5.74565774514e-06, 1.34857482408e-05, 5.26156964042e-06, 3.25343899021e-05, 3.24691677633e-06, 3.14729845741e-06, 1.12398220153e-06, 1.2757851664e-06, 2.19012213165e-06, 3.53961809196e-07, 2.1447900167e-07, 2.15815774141e-07, 2.53257866234e-07, 1.60533289773e-07, 2.01858370019e-07, 1.83818201549e-07, 2.38824469534e-07, 1.66870194107e-07, 1.11510203737e-07, 8.03149262651e-08, 1.83489063943e-07, 9.37115185451e-09],
        "max": [0.0257808212191, 0.137766063213, 0.0744142383337, 0.0500674694777, 0.0534612052143, 0.0425292812288, 0.0690114051104, 0.0581318996847, 0.115242309868, 0.0375267527997, 0.0385143123567, 0.0191249791533, 0.0250724479556, 0.0331840440631, 0.0090008340776, 0.00557983294129, 0.00734194600955, 0.00886590499431, 0.00488040968776, 0.00559460371733, 0.00565280718729, 0.00624714000151, 0.00792304333299, 0.00577226374298, 0.00229476392269, 0.00397248053923, 0.00073964195326],
        "mean": [0.000857682549395, 0.00621711928397, 0.00480648549274, 0.00216974504292, 0.00291141634807, 0.00165331468452, 0.00179433287121, 0.000968433683738, 0.0010641568806, 0.000524778035469, 0.00068832852412, 0.000284355366603, 0.000268529547611, 0.00038582313573, 0.000290650496027, 0.00024029299675, 0.000272962701274, 0.000247216841672, 0.000192843654077, 0.000252689002082, 0.000206641328987, 0.00020135975501, 0.000169365041074, 0.000109778797196, 9.5723218692e-05, 7.04661506461e-05, 1.80552870006e-05],
        "median": [0.000147043145262, 0.00306679587811, 0.00357766612433, 0.000937983510084, 0.00152290647384, 0.000522834307048, 0.000570000673179, 0.000206285403692, 0.00018879667914, 0.000156147565576, 0.000105104278191, 6.97857904015e-05, 6.56647607684e-05, 8.61804146552e-05, 8.81593150552e-05, 6.87161227688e-05, 8.66923874128e-05, 8.47951378091e-05, 7.96081294538e-05, 9.9747958302e-05, 9.2912283435e-05, 5.74699879508e-05, 2.78334282484e-05, 1.79289254447e-05, 1.61687621585e-05, 5.90205763729e-06, 1.78330466838e-07],
        "min": [7.2494561465e-09, 9.04917563105e-09, 1.09177056284e-09, 1.73723840868e-10, 1.97765492871e-09, 3.73092579053e-09, 3.49643247688e-09, 6.89175827517e-09, 4.2418122348e-09, 9.72644453867e-09, 9.10420538958e-09, 6.47619380345e-09, 1.23574661615e-08, 2.37990889218e-08, 2.03731769233e-08, 5.66697755389e-09, 4.12497103142e-09, 2.67560995582e-08, 3.37359340463e-09, 8.98088625689e-09, 9.4146015428e-09, 2.18403464203e-08, 5.4593405352e-09, 1.01826147514e-08, 5.75447378637e-09, 6.3326157651e-09, 6.60788868068e-10],
        "var": [5.94735411141e-06, 0.000180761766387, 3.12138472509e-05, 1.40823658512e-05, 1.84027448995e-05, 1.09700768007e-05, 1.62963697221e-05, 8.67107883096e-06, 1.92586157937e-05, 2.2727688247e-06, 6.50993706586e-06, 6.50301444693e-07, 1.13396959023e-06, 1.91304275177e-06, 3.8669165292e-07, 1.87077432656e-07, 2.99907981116e-07, 2.06863475682e-07, 1.1434721614e-07, 1.98087832359e-07, 1.32135042463e-07, 2.06712556405e-07, 2.63592397687e-07, 7.66978729416e-08, 5.40912026281e-08, 8.8363790951e-08, 4.51403803226e-09]
    },
    "erbbands": {
        "dmean": [0.182489976287, 1.10037910938, 2.55569434166, 4.23694992065, 6.42666769028, 6.4681558609, 5.10043001175, 5.57376098633, 11.1625041962, 15.0081825256, 11.1145029068, 16.4730548859, 10.1121501923, 13.928481102, 10.3987464905, 8.40807723999, 8.42064189911, 10.7774629593, 9.15797901154, 9.5336151123, 7.45134019852, 7.16824007034, 7.36456298828, 6.92841005325, 5.69370651245, 7.40386390686, 5.26152515411, 5.55159854889, 4.52274465561, 3.28246665001, 2.64805960655, 1.64502668381, 1.13478302956, 0.836784243584, 0.501515746117, 0.449810296297, 0.071451716125, 0.0192534718663, 0.00337278004736, 0.000177304129465],
        "dmean2": [0.301026642323, 2.01950597763, 4.58328580856, 7.61826038361, 11.555226326, 10.9940128326, 7.57497167587, 8.30328369141, 16.4012031555, 22.2966384888, 16.4458637238, 24.5956478119, 15.439239502, 20.317440033, 14.9845666885, 13.690577507, 12.9418935776, 16.734539032, 14.3895015717, 14.7316741943, 11.5359830856, 10.945353508, 11.398607254, 10.6277799606, 9.12665557861, 11.3629331589, 8.25533294678, 8.92077636719, 6.68652248383, 4.76736783981, 3.88391089439, 2.41959834099, 1.64694547653, 1.23765015602, 0.744851648808, 0.702150225639, 0.108288407326, 0.0289708990604, 0.00511169107631, 0.000274243677268],
        "dvar": [0.291875123978, 12.2542886734, 47.1908760071, 111.503433228, 191.861846924, 222.923614502, 136.736907959, 172.306167603, 1146.67651367, 1997.93383789, 1324.9744873, 9853.41796875, 1358.98461914, 2710.34863281, 652.182495117, 728.752197266, 908.977050781, 1597.24316406, 549.575317383, 565.741943359, 210.590438843, 254.366149902, 236.898880005, 242.574066162, 209.03163147, 228.388381958, 125.315078735, 174.997940063, 176.074127197, 82.5776824951, 86.2650909424, 35.1930046082, 10.1469993591, 5.47954893112, 2.11215567589, 4.83911943436, 0.0566333383322, 0.0041731740348, 0.000128689411213, 3.17526797744e-07],
        "dvar2": [0.741932094097, 35.3064117432, 137.411972046, 326.849090576, 556.023498535, 599.113952637, 300.030273438, 348.729644775, 2492.90869141, 4039.91992188, 2567.296875, 23759.2597656, 3121.52783203, 5756.69482422, 1255.79089355, 1948.18237305, 2002.93994141, 3314.97216797, 1280.35888672, 1150.89746094, 511.78237915, 473.52734375, 546.343444824, 527.801452637, 511.125579834, 499.603118896, 284.40536499, 424.121856689, 388.272735596, 169.619827271, 163.640197754, 78.0497207642, 22.0576667786, 11.8378725052, 4.43722438812, 10.9465322495, 0.122671440244, 0.00904234591872, 0.000289314193651, 7.14620171038e-07],
        "max": [4.70146894455, 30.3759384155, 81.8020401001, 139.938964844, 163.030075073, 246.650756836, 256.470855713, 311.16394043, 1281.80773926, 1141.75085449, 1223.953125, 2900.6652832, 941.440307617, 1190.95385742, 727.97857666, 762.463317871, 979.23059082, 1282.80615234, 570.074951172, 559.284851074, 257.478271484, 382.000579834, 279.276245117, 476.058990479, 286.294464111, 241.760238647, 191.220962524, 263.11114502, 239.004394531, 217.211639404, 231.363082886, 157.066543579, 69.0062789917, 33.284450531, 18.4658336639, 30.2667255402, 3.30934500694, 0.782418787479, 0.129651978612, 0.00553127890453],
        "mean": [0.194612845778, 1.37064611912, 5.40640497208, 6.29715585709, 8.72708034515, 9.91009616852, 10.6558256149, 12.7590360641, 22.6290454865, 29.5953674316, 19.4510173798, 25.9770069122, 16.3458938599, 24.8508014679, 19.2251033783, 13.6362838745, 13.2017259598, 17.7944946289, 15.7339487076, 15.9455451965, 14.5252552032, 14.1820354462, 13.1539182663, 12.0734186172, 9.49837207794, 12.9043970108, 8.81792831421, 8.12712955475, 7.58696937561, 5.83711481094, 4.52374267578, 2.67085671425, 1.76770675182, 1.18103444576, 0.640983104706, 0.470084518194, 0.0799741074443, 0.0197707060724, 0.00311665073968, 0.000180814953637],
        "median": [0.0574603639543, 0.789026379585, 3.84500288963, 3.79324150085, 4.09729385376, 4.85505104065, 3.67158460617, 4.16499662399, 7.43756151199, 6.84220027924, 5.78650522232, 4.85096025467, 5.69328594208, 5.055352211, 4.68887853622, 3.69734597206, 3.58087134361, 4.58035850525, 4.88919019699, 4.9678902626, 4.53065633774, 4.73620033264, 4.76982831955, 4.7088060379, 3.93726420403, 4.95719623566, 4.29571485519, 3.3102555275, 2.20504283905, 1.34238159657, 0.683717906475, 0.405902147293, 0.278295814991, 0.183531284332, 0.104230180383, 0.0400077104568, 0.00739771174267, 0.000933939416427, 4.39401628682e-05, 3.0886989407e-05],
        "min": [5.10868630954e-07, 2.49079016612e-06, 3.51582912117e-06, 2.856897936e-06, 2.134294391e-06, 8.36224080558e-06, 1.39046078402e-05, 3.55360971298e-05, 4.64604054287e-05, 7.27697406546e-05, 0.000180653878488, 0.000130172076751, 0.000206286087632, 0.000415803893702, 0.000281152286334, 0.000265447248239, 0.00047026417451, 0.00159101188183, 0.00188967061695, 0.00093593285419, 0.00028411304811, 0.000353220792022, 0.00130164157599, 0.000386266416172, 0.000167158752447, 0.000430259708082, 0.000344076368492, 0.000530697929207, 0.000800186011475, 0.000387076172046, 0.000144570556586, 0.000406404287787, 0.000145239813719, 4.93511470268e-05, 5.04094532516e-05, 2.87834354822e-05, 1.16034179882e-05, 7.77717741585e-06, 2.77916740288e-07, 8.10023603748e-09],
        "var": [0.246098205447, 7.57755613327, 40.5493583679, 85.3213882446, 175.73600769, 272.460723877, 408.233123779, 671.341796875, 2722.05541992, 6076.88867188, 3531.71411133, 13304.8125, 1760.76098633, 6744.83642578, 2552.68432617, 1460.95837402, 1897.55004883, 3528.72412109, 1200.99487305, 1252.40258789, 675.938354492, 808.48815918, 524.581665039, 465.80078125, 316.590484619, 523.549926758, 218.973373413, 239.948348999, 316.215179443, 208.48210144, 214.749786377, 57.9444084167, 16.8307094574, 7.94736909866, 2.78294277191, 4.98744153976, 0.0654297024012, 0.00472075911239, 0.000134375368361, 3.25600410633e-07]
    },
    "gfcc": {
        "mean": [-24.1294994354, 87.0437774658, -95.0663375854, 43.9509353638, -53.815196991, 13.5338897705, -32.5281333923, 9.28160190582, -22.8434696198, 4.29050779343, -20.1146869659, -2.28426027298, -12.2005701065],
        "cov": [[10192.9755859, 22.6143283844, -946.103210449, -182.007492065, -369.772613525, -270.128540039, -117.977714539, 16.8713722229, -40.7148513794, 129.048202515, 172.488830566, 133.156387329, 6.05495786667], [22.6143283844, 2298.39355469, -409.934936523, 30.0836448669, 408.043426514, -135.166824341, 156.933227539, -3.32284998894, 22.7740459442, -147.578872681, 71.2722854614, -41.803943634, 63.9356918335], [-946.103210449, -409.934936523, 946.81048584, 119.946800232, 138.481674194, 176.927261353, 67.3307037354, 38.3213157654, 35.6309394836, -24.8365211487, -60.6578445435, -8.95748901367, -54.3463249207], [-182.007492065, 30.0836448669, 119.946800232, 440.955352783, 105.521324158, -3.21164989471, -16.2016201019, -43.3823356628, 47.4191856384, -19.0295200348, 15.5883150101, -11.8601732254, 62.0858001709], [-369.772613525, 408.043426514, 138.481674194, 105.521324158, 401.83972168, 45.3233184814, 115.841705322, 27.9453029633, 47.8624267578, -58.490562439, 3.96823406219, -16.6326847076, 23.2901515961], [-270.128540039, -135.166824341, 176.927261353, -3.21164989471, 45.3233184814, 239.986160278, 117.20803833, 22.1416931152, 8.60555458069, -5.49906539917, -18.6025657654, -11.0264921188, -27.0765323639], [-117.977714539, 156.933227539, 67.3307037354, -16.2016201019, 115.841705322, 117.20803833, 241.225830078, 44.8294296265, -0.147374883294, -20.13189888, -6.50989770889, -19.3220500946, -9.04412937164], [16.8713722229, -3.32284998894, 38.3213157654, -43.3823356628, 27.9453029633, 22.1416931152, 44.8294296265, 134.755859375, 27.5079116821, 9.00552368164, -7.85103130341, 11.6459388733, -17.0307579041], [-40.7148513794, 22.7740459442, 35.6309394836, 47.4191856384, 47.8624267578, 8.60555458069, -0.147374883294, 27.5079116821, 111.771034241, 11.5397024155, 7.67156744003, -2.43610310555, 4.75363063812], [129.048202515, -147.578872681, -24.8365211487, -19.0295200348, -58.490562439, -5.49906539917, -20.13189888, 9.00552368164, 11.5397024155, 89.1207351685, 10.5848989487, 2.28403902054, -13.1678676605], [172.488830566, 71.2722854614, -60.6578445435, 15.5883150101, 3.96823406219, -18.6025657654, -6.50989770889, -7.85103130341, 7.67156744003, 10.5848989487, 79.8780136108, 32.2091522217, 8.15196990967], [133.156387329, -41.803943634, -8.95748901367, -11.8601732254, -16.6326847076, -11.0264921188, -19.3220500946, 11.6459388733, -2.43610310555, 2.28403902054, 32.2091522217, 74.9517745972, 13.131480217], [6.05495786667, 63.9356918335, -54.3463249207, 62.0858001709, 23.2901515961, -27.0765323639, -9.04412937164, -17.0307579041, 4.75363063812, -13.1678676605, 8.15196990967, 13.131480217, 71.9055709839]],
        "icov": [[0.000114909482363, 8.7392545538e-06, 9.81180273811e-05, -1.26121767607e-05, 5.5775664805e-05, 7.14831621735e-05, -4.93094630656e-05, -3.26051849697e-05, 5.56764916837e-07, -6.34773386992e-05, -0.000117651630717, -0.000137425508001, 8.93017640919e-05], [8.7392545538e-06, 0.000767390185501, 0.000354561925633, 9.43656341406e-05, -0.000682696700096, 0.000508146069478, -0.000404216290917, 1.47674363689e-05, -9.88854808384e-05, 0.000949825218413, -0.000667424232233, 0.000536519917659, 2.67191135208e-05], [9.81180273811e-05, 0.000354561925633, 0.00176045345142, -0.000543951522559, -0.000693278911058, -0.000629647751339, 1.50680007209e-05, -0.000115262388135, -0.000190885257325, 0.000513465027325, 0.000886474386789, -0.000757086905651, 0.00158315326553], [-1.26121767607e-05, 9.43656341406e-05, -0.000543951522559, 0.00322600873187, -0.000572541321162, 9.22798335523e-06, 0.000396437011659, 0.000828572723549, -0.000965259154327, 0.000142890858115, -0.0011194763938, 0.00131605297793, -0.00286782649346], [5.5775664805e-05, -0.000682696700096, -0.000693278911058, -0.000572541321162, 0.0044206646271, -2.22940411732e-06, -0.00132739765104, -0.000473227642942, -0.00120937335305, 0.00118993141223, -0.000373534858227, 0.000292972283205, -0.00085232272977], [7.14831621735e-05, 0.000508146069478, -0.000629647751339, 9.22798335523e-06, -2.22940411732e-06, 0.00685295742005, -0.00347703928128, 0.000554926518817, -0.000679907214362, 0.000428500236012, 0.000256724335486, -0.000297447113553, 0.00148228264879], [-4.93094630656e-05, -0.000404216290917, 1.50680007209e-05, 0.000396437011659, -0.00132739765104, -0.00347703928128, 0.00719787366688, -0.00199158675969, 0.0013479286572, -1.26523755171e-05, -0.000716427050065, 0.00176841556095, -0.000746231409721], [-3.26051849697e-05, 1.47674363689e-05, -0.000115262388135, 0.000828572723549, -0.000473227642942, 0.000554926518817, -0.00199158675969, 0.00967707671225, -0.00275364541449, -0.00103309843689, 0.00225337943994, -0.00321897142567, 0.00191606662702], [5.56764916837e-07, -9.88854808384e-05, -0.000190885257325, -0.000965259154327, -0.00120937335305, -0.000679907214362, 0.0013479286572, -0.00275364541449, 0.011058899574, -0.00209408765659, -0.00136727176141, 0.00132110144477, -0.000770755286794], [-6.34773386992e-05, 0.000949825218413, 0.000513465027325, 0.000142890858115, 0.00118993141223, 0.000428500236012, -1.26523755171e-05, -0.00103309843689, -0.00209408765659, 0.0148301813751, -0.00303730694577, 0.00167227280326, 0.00184835190885], [-0.000117651630717, -0.000667424232233, 0.000886474386789, -0.0011194763938, -0.000373534858227, 0.000256724335486, -0.000716427050065, 0.00225337943994, -0.00136727176141, -0.00303730694577, 0.0184849649668, -0.00905920751393, 0.00199413741939], [-0.000137425508001, 0.000536519917659, -0.000757086905651, 0.00131605297793, 0.000292972283205, -0.000297447113553, 0.00176841556095, -0.00321897142567, 0.00132110144477, 0.00167227280326, -0.00905920751393, 0.0197920743376, -0.0052893999964], [8.93017640919e-05, 2.67191135208e-05, 0.00158315326553, -0.00286782649346, -0.00085232272977, 0.00148228264879, -0.000746231409721, 0.00191606662702, -0.000770755286794, 0.00184835190885, 0.00199413741939, -0.0052893999964, 0.0198720898479]]
    },
    "melbands": {
        "dmean": [0.00150232284795, 0.00137287250254, 0.000783441588283, 0.000469610182336, 0.0001866172679, 0.000134732938022, 0.00017003150424, 0.000154193912749, 0.000100773992017, 9.76763985818e-05, 4.87949364469e-05, 5.57005405426e-05, 4.7550394811e-05, 1.90955088328e-05, 2.4234122975e-05, 1.57467802637e-05, 2.26338506764e-05, 1.65489873325e-05, 1.22626452139e-05, 1.17716590466e-05, 9.6287294582e-06, 8.41917062644e-06, 7.40979203329e-06, 7.52070673116e-06, 5.70495058128e-06, 4.43040562459e-06, 4.36954042016e-06, 5.34028549737e-06, 3.52745519194e-06, 3.82238795282e-06, 3.09249003294e-06, 2.81508800981e-06, 2.12307236325e-06, 1.88532305856e-06, 1.64163134286e-06, 1.44158445892e-06, 9.095855944e-07, 8.16746023702e-07, 7.81133678629e-07, 6.94174559612e-07],
        "dmean2": [0.00250819697976, 0.00248509529047, 0.00140531372745, 0.000828971038572, 0.000286395777948, 0.000200121663511, 0.000249883771176, 0.000228720367886, 0.000148804319906, 0.000146793361637, 7.4450923421e-05, 8.13097940409e-05, 6.76999043208e-05, 3.02174958051e-05, 3.90479508496e-05, 2.43923586822e-05, 3.57796197932e-05, 2.64431782853e-05, 1.9273313228e-05, 1.83223091881e-05, 1.5093305592e-05, 1.30581192934e-05, 1.17336039693e-05, 1.19061669466e-05, 8.76966623764e-06, 7.28374925529e-06, 6.84113092575e-06, 8.27203984954e-06, 5.59510135645e-06, 6.19117918177e-06, 5.01759450344e-06, 4.23040910391e-06, 3.20157300848e-06, 2.78037600765e-06, 2.43819067691e-06, 2.17560318561e-06, 1.35294533266e-06, 1.20446713936e-06, 1.16504600101e-06, 1.04137939161e-06],
        "dvar": [2.01004131668e-05, 1.53263972607e-05, 3.60290005119e-06, 1.07796950033e-06, 1.57081558427e-07, 1.03866106826e-07, 2.37708420059e-07, 2.12292889046e-07, 1.63329559655e-07, 3.03717428096e-07, 3.35596368473e-08, 4.55311450764e-08, 1.86613622333e-08, 2.04765782108e-09, 1.15498206554e-08, 2.10285744373e-09, 8.22921375487e-09, 2.89767188022e-09, 9.31738464161e-10, 7.02534808106e-10, 4.28142604703e-10, 4.19618340075e-10, 2.19631757226e-10, 2.9383995237e-10, 1.63848351553e-10, 1.53355286803e-10, 8.9192334074e-11, 1.23807478158e-10, 6.21937501499e-11, 5.62495328094e-11, 7.20775591989e-11, 7.30499966073e-11, 3.1310311982e-11, 3.15568023102e-11, 3.32369791411e-11, 2.92916212119e-11, 1.05603954401e-11, 5.18821617612e-12, 4.56205732913e-12, 3.83041862118e-12],
        "dvar2": [5.27239426447e-05, 4.43670433015e-05, 1.05193848867e-05, 3.01934915115e-06, 3.65973193084e-07, 2.07950236586e-07, 5.39409938938e-07, 4.09356914588e-07, 3.3610459127e-07, 7.2854300015e-07, 7.63303873441e-08, 9.8518576408e-08, 3.37268062367e-08, 4.98567942486e-09, 2.71406008778e-08, 4.90285723131e-09, 1.75505956435e-08, 6.93183066502e-09, 1.86270177061e-09, 1.65745872582e-09, 1.08942399546e-09, 7.75177144696e-10, 4.92494989235e-10, 7.03003655289e-10, 3.53324175473e-10, 3.89913296095e-10, 2.05281083798e-10, 2.76820844025e-10, 1.47931569772e-10, 1.32930055852e-10, 1.81547124556e-10, 1.63908636663e-10, 6.73681735397e-11, 6.83626974474e-11, 6.31067836876e-11, 6.41612526997e-11, 2.49576054268e-11, 1.14510987498e-11, 9.96513722235e-12, 8.41462836909e-12],
        "max": [0.0380366742611, 0.0408546440303, 0.0251022316515, 0.0131227057427, 0.00774716911837, 0.00732309790328, 0.0170513242483, 0.0125357788056, 0.0112640969455, 0.016197046265, 0.00461087375879, 0.00501313526183, 0.00432324782014, 0.00107955210842, 0.00352714047767, 0.000928579829633, 0.00308068003505, 0.00149140588474, 0.000660914869513, 0.000525101087987, 0.000395694514737, 0.000511369900778, 0.000280335312709, 0.000385214661947, 0.000395832175855, 0.000274411868304, 0.000147484708577, 0.000180636008736, 0.000116471979709, 0.0001146662471, 0.000159068484209, 0.000161471369211, 8.6132735305e-05, 0.000153213055455, 0.000176909539732, 0.000122661047499, 9.27200453589e-05, 4.7839977924e-05, 3.66498970834e-05, 2.50423436228e-05],
        "mean": [0.0017312373966, 0.00248172250576, 0.00119793880731, 0.000696349947248, 0.000382723752409, 0.000309152586851, 0.000352902687155, 0.000298322440358, 0.00016706889437, 0.000152162465383, 7.61014962336e-05, 9.6966556157e-05, 8.38137493702e-05, 3.12814299832e-05, 3.67942266166e-05, 2.34580784308e-05, 3.5805747757e-05, 2.672217488e-05, 2.0311686967e-05, 1.88506073755e-05, 1.73017015186e-05, 1.55418365466e-05, 1.2252331544e-05, 1.22256105897e-05, 9.43427767197e-06, 6.75986939314e-06, 7.11574830348e-06, 8.84020209924e-06, 5.55794986212e-06, 5.22014170201e-06, 4.40381154476e-06, 4.48200898973e-06, 3.5499635942e-06, 3.18396882903e-06, 2.67333780357e-06, 2.22881567424e-06, 1.38685788897e-06, 1.243732072e-06, 1.13270948532e-06, 9.37660445288e-07],
        "median": [0.000710775202606, 0.00177493272349, 0.000738570292015, 0.000348012108589, 0.000160582116223, 9.58902164712e-05, 0.000114315946121, 6.4927371568e-05, 4.06496619689e-05, 2.7810843676e-05, 2.48912747338e-05, 1.86171273526e-05, 1.58024486154e-05, 9.04488115339e-06, 8.97460449778e-06, 6.3890383899e-06, 8.21219691716e-06, 7.19565241525e-06, 6.12089206697e-06, 5.7095558077e-06, 4.60287401438e-06, 4.25985217589e-06, 4.55419922218e-06, 3.90354580304e-06, 3.51241510543e-06, 2.6490683922e-06, 2.68002827397e-06, 3.3064247873e-06, 2.39852965933e-06, 2.21487880481e-06, 1.64049185969e-06, 1.19573144275e-06, 9.32795444442e-07, 6.31179943866e-07, 3.94696741068e-07, 2.83367285192e-07, 2.1623807811e-07, 1.90804669842e-07, 1.7448448375e-07, 1.39622443385e-07],
        "min": [9.27947674256e-09, 2.04582795149e-09, 5.78394332429e-10, 2.97976254782e-10, 7.91808341116e-10, 8.47994563458e-10, 7.22578996637e-10, 1.15951637181e-09, 1.56398438644e-09, 7.58589135952e-10, 9.34072486025e-10, 1.54577706191e-09, 1.11670117597e-09, 8.21320289557e-10, 7.23887949583e-10, 1.2563206031e-09, 2.77449685449e-09, 2.27998242508e-09, 1.24945198632e-09, 4.84661644151e-10, 2.09782441418e-10, 2.12086168072e-10, 6.04141014993e-10, 1.30152411071e-09, 1.61198665527e-10, 7.46243483674e-11, 1.9736012824e-10, 3.12004339031e-10, 2.21273804835e-10, 1.67829000697e-10, 2.96992097581e-10, 4.60909144184e-10, 3.78565762071e-10, 1.29517216396e-10, 3.73734966586e-11, 1.44546818959e-10, 1.88125556799e-10, 1.06636637021e-10, 3.17718629184e-11, 3.46009228214e-11],
        "var": [1.61131374625e-05, 1.10093069452e-05, 2.85950250145e-06, 1.1229840311e-06, 4.43177498255e-07, 3.93365610307e-07, 6.10317783867e-07, 6.63373441512e-07, 3.5481812688e-07, 4.14757835188e-07, 4.31674358481e-08, 1.05399166728e-07, 7.66398287055e-08, 4.72075711855e-09, 2.37403856573e-08, 3.70550656825e-09, 1.73512315627e-08, 5.51833112539e-09, 2.14394968445e-09, 1.23939813967e-09, 1.25567223286e-09, 1.22158427818e-09, 4.63477534129e-10, 5.41533040632e-10, 3.10775766232e-10, 2.00533867289e-10, 1.80304340902e-10, 2.59255839019e-10, 9.93886639655e-11, 8.25784232661e-11, 8.69355143429e-11, 1.23510507377e-10, 6.4082031348e-11, 7.65531943392e-11, 8.52504178361e-11, 5.03403499441e-11, 1.47043870136e-11, 8.52362017773e-12, 6.92884291609e-12, 5.30762716763e-12]
    },
    "mfcc": {
        "mean": [-673.503356934, 115.826278687, 16.1273765564, 34.7290878296, 5.64512586594, 10.06498909, 1.70688915253, 3.9048037529, 4.50544309616, 2.28754258156, 0.94380658865, -0.892898321152, -0.944650053978],
        "cov": [[10943.4638672, -14.5241136551, -911.227050781, -79.3416900635, -445.917999268, -321.604370117, -229.745498657, -236.2603302, -232.118667603, -158.428817749, -81.165222168, 82.2610244751, 170.90045166], [-14.5241136551, 1883.58825684, -429.358612061, 154.941085815, 108.042366028, -13.7528734207, 134.635696411, 146.297332764, 30.2826652527, -12.6792516708, 9.12618255615, -23.2431373596, 25.9775295258], [-911.227050781, -429.358612061, 705.654846191, 19.5921096802, 94.4222640991, 116.122848511, 29.8987064362, 60.0946998596, 42.4745101929, 30.9680614471, 32.8396339417, 12.3879051208, -18.7947063446], [-79.3416900635, 154.941085815, 19.5921096802, 384.965637207, 153.549530029, 30.796503067, 3.48187303543, -2.2451312542, 40.5789108276, -30.9618320465, -39.535823822, 33.0860595703, 23.526140213], [-445.917999268, 108.042366028, 94.4222640991, 153.549530029, 275.083709717, 56.3076820374, 5.76871109009, 50.4315605164, 39.6522903442, 11.126748085, -6.80512142181, 11.489900589, 9.39673614502], [-321.604370117, -13.7528734207, 116.122848511, 30.796503067, 56.3076820374, 201.743804932, 87.285118103, 46.6336860657, 44.2781791687, 25.3529453278, 19.8188934326, -7.37429761887, -19.6965045929], [-229.745498657, 134.635696411, 29.8987064362, 3.48187303543, 5.76871109009, 87.285118103, 199.275848389, 86.8781433105, 46.4879722595, 17.4768028259, 20.7214393616, -9.57047748566, 5.50235891342], [-236.2603302, 146.297332764, 60.0946998596, -2.2451312542, 50.4315605164, 46.6336860657, 86.8781433105, 169.887268066, 51.9372711182, 31.2404098511, 24.5953731537, -7.86218833923, 18.8090686798], [-232.118667603, 30.2826652527, 42.4745101929, 40.5789108276, 39.6522903442, 44.2781791687, 46.4879722595, 51.9372711182, 113.423751831, 43.1633224487, 16.6518287659, -4.01189088821, -9.85998725891], [-158.428817749, -12.6792516708, 30.9680614471, -30.9618320465, 11.126748085, 25.3529453278, 17.4768028259, 31.2404098511, 43.1633224487, 97.8367385864, 37.8568954468, -11.3571548462, -11.0525064468], [-81.165222168, 9.12618255615, 32.8396339417, -39.535823822, -6.80512142181, 19.8188934326, 20.7214393616, 24.5953731537, 16.6518287659, 37.8568954468, 85.8465194702, 19.7209472656, -7.63040494919], [82.2610244751, -23.2431373596, 12.3879051208, 33.0860595703, 11.489900589, -7.37429761887, -9.57047748566, -7.86218833923, -4.01189088821, -11.3571548462, 19.7209472656, 71.091545105, 25.0447940826], [170.90045166, 25.9775295258, -18.7947063446, 23.526140213, 9.39673614502, -19.6965045929, 5.50235891342, 18.8090686798, -9.85998725891, -11.0525064468, -7.63040494919, 25.0447940826, 80.5529785156]],
