{
"lowlevel": {
    "average_loudness": 0.839994907379,
    "barkbands_crest": {
        "dmean": 3.18078756332,
        "dmean2": 5.1068854332,
        "dvar": 8.39309978485,
        "dvar2": 21.4352397919,
        "max": 24.9446544647,
        "mean": 12.2539234161,
        "median": 11.7703771591,
        "min": 2.92911911011,
        "var": 24.3375377655
    },
    "barkbands_flatness_db": {
        "dmean": 0.0271029900759,
        "dmean2": 0.0410951897502,
        "dvar": 0.000705282378476,
        "dvar2": 0.00151876441669,
        "max": 0.440343648195,
        "mean": 0.149139076471,
        "median": 0.132992774248,
        "min": 0.0314461551607,
        "var": 0.00558929610997
    },
    "barkbands_kurtosis": {
        "dmean": 6.68155241013,
        "dmean2": 10.4278306961,
        "dvar": 179.29637146,
        "dvar2": 435.610931396,
        "max": 195.494003296,
        "mean": 10.6749601364,
        "median": 4.91454315186,
        "min": -1.95961809158,
        "var": 294.162780762
    },
    "barkbands_skewness": {
        "dmean": 0.842760980129,
        "dmean2": 1.26161289215,
        "dvar": 0.914957523346,
        "dvar2": 1.89846491814,
        "max": 13.0017642975,
        "mean": 2.23410081863,
        "median": 2.14754223824,
        "min": -7.64440107346,
        "var": 4.06305646896
    },
    "barkbands_spread": {
        "dmean": 9.45048618317,
        "dmean2": 14.7175655365,
        "dvar": 152.607894897,
        "dvar2": 315.690704346,
        "max": 124.283493042,
        "mean": 27.1917648315,
        "median": 21.5006999969,
        "min": 0.934501945972,
        "var": 490.307678223
    },
    "dissonance": {
        "dmean": 0.0205986928195,
        "dmean2": 0.0334923826158,
        "dvar": 0.000390192755731,
        "dvar2": 0.000992682296783,
        "max": 0.5,
        "mean": 0.452396124601,
        "median": 0.46138265729,
        "min": 0.240237683058,
        "var": 0.00129365012981
    },
    "dynamic_complexity": 4.05204343796,
    "erbbands_crest": {
        "dmean": 3.0109808445,
        "dmean2": 4.93229627609,
        "dvar": 8.78716850281,
        "dvar2": 21.491312027,
        "max": 29.3104553223,
        "mean": 10.1836462021,
        "median": 8.99235725403,
        "min": 2.41122722626,
        "var": 24.8915214539
    },
    "erbbands_flatness_db": {
        "dmean": 0.0184269938618,
        "dmean2": 0.0274049304426,
        "dvar": 0.000298055325402,
        "dvar2": 0.000600037339609,
        "max": 0.397529006004,
        "mean": 0.138931646943,
        "median": 0.120983868837,
        "min": 0.0426485314965,
        "var": 0.00403660768643
    },
    "erbbands_kurtosis": {
        "dmean": 1.46069717407,
        "dmean2": 2.33821678162,
        "dvar": 5.20254230499,
        "dvar2": 11.3489656448,
        "max": 45.9238471985,
        "mean": 1.11065483093,
        "median": 0.1003074646,
        "min": -1.85725831985,
        "var": 11.0491981506
    },
    "erbbands_skewness": {
        "dmean": 0.505900859833,
        "dmean2": 0.76203250885,
        "dvar": 0.306298881769,
        "dvar2": 0.580545425415,
        "max": 5.95316076279,
        "mean": 0.538999140263,
        "median": 0.623396396637,
        "min": -3.99724626541,
        "var": 1.28726732731
    },
    "erbbands_spread": {
        "dmean": 13.9143648148,
        "dmean2": 21.557926178,
        "dvar": 234.951095581,
        "dvar2": 526.093505859,
        "max": 167.786453247,
        "mean": 55.6404876709,
        "median": 49.5416984558,
        "min": 4.94713258743,
        "var": 895.073120117
    },
    "hfc": {
        "dmean": 13.0449123383,
        "dmean2": 19.5048542023,
        "dvar": 477.77545166,
        "dvar2": 1033.87658691,
        "max": 241.187393188,
        "mean": 25.8751449585,
        "median": 14.3879013062,
        "min": 1.06389336644e-16,
        "var": 1029.12414551
    },
    "melbands_crest": {
        "dmean": 4.00843906403,
        "dmean2": 6.41478919983,
        "dvar": 13.7929048538,
        "dvar2": 33.36170578,
        "max": 35.6101493835,
        "mean": 17.7332572937,
        "median": 17.4464550018,
        "min": 1.71774542332,
        "var": 50.1054725647
    },
    "melbands_flatness_db": {
        "dmean": 0.0334406383336,
        "dmean2": 0.0496334731579,
        "dvar": 0.00112991593778,
        "dvar2": 0.00231187534519,
        "max": 0.523136973381,
        "mean": 0.219167664647,
        "median": 0.211423307657,
        "min": 0.00326139340177,
        "var": 0.00945157557726
    },
    "melbands_kurtosis": {
        "dmean": 18.5085124969,
        "dmean2": 28.5272426605,
        "dvar": 1598.92492676,
        "dvar2": 3585.15478516,
        "max": 696.255615234,
        "mean": 33.5435829163,
        "median": 17.9181499481,
        "min": -1.84769713879,
        "var": 2958.37597656
    },
    "melbands_skewness": {
        "dmean": 1.12951374054,
        "dmean2": 1.71649312973,
        "dvar": 1.79934191704,
        "dvar2": 3.64697360992,
        "max": 21.0458393097,
        "mean": 3.9425714016,
        "median": 3.49845790863,
        "min": -0.663445234299,
        "var": 6.86996030807
    },
    "melbands_spread": {
        "dmean": 11.0041809082,
        "dmean2": 17.0495681763,
        "dvar": 357.285949707,
        "dvar2": 687.451660156,
        "max": 244.776901245,
        "mean": 28.9487857819,
        "median": 14.4954710007,
        "min": 0.740025699139,
        "var": 1425.57653809
    },
    "pitch_salience": {
        "dmean": 0.0880790129304,
        "dmean2": 0.142466127872,
        "dvar": 0.00631309021264,
        "dvar2": 0.0156531687826,
        "max": 0.888246893883,
        "mean": 0.521045565605,
        "median": 0.534986674786,
        "min": 0.0911556854844,
        "var": 0.0165397711098
    },
    "silence_rate_20dB": {
        "dmean": 0,
        "dmean2": 0,
        "dvar": 0,
        "dvar2": 0,
        "max": 1,
        "mean": 1,
        "median": 1,
        "min": 1,
        "var": 0
    },
    "silence_rate_30dB": {
        "dmean": 0.0514705888927,
        "dmean2": 0.102981030941,
        "dvar": 0.0488205589354,
        "dvar2": 0.100118614733,
        "max": 1,
        "mean": 0.859187602997,
        "median": 1,
        "min": 0,
        "var": 0.120983377099
    },
    "silence_rate_60dB": {
        "dmean": 0.0158668737859,
        "dmean2": 0.0317460335791,
        "dvar": 0.0156151223928,
        "dvar2": 0.0353833436966,
        "max": 1,
        "mean": 0.0940038710833,
        "median": 0,
        "min": 0,
        "var": 0.0851655602455
    },
    "spectral_centroid": {
        "dmean": 339.376495361,
        "dmean2": 517.184875488,
        "dvar": 220272.59375,
        "dvar2": 406367.5,
        "max": 11521.6728516,
        "mean": 1389.58984375,
        "median": 1015.20849609,
        "min": 221.048065186,
        "var": 1445157
    },
    "spectral_complexity": {
        "dmean": 3.37538695335,
        "dmean2": 4.91444063187,
        "dvar": 26.6104717255,
        "dvar2": 43.5654335022,
        "max": 55,
        "mean": 11.493229866,
        "median": 9,
        "min": 0,
        "var": 85.4072875977
    },
    "spectral_decrease": {
        "dmean": 3.9880054814e-09,
        "dmean2": 6.00910565751e-09,
        "dvar": 5.71811560961e-17,
        "dvar2": 9.86248106091e-17,
        "max": 5.5753047578e-13,
        "mean": -9.04340424768e-09,
        "median": -3.17641846159e-09,
        "min": -7.18774941788e-08,
        "var": 1.82056669176e-16
    },
    "spectral_energy": {
        "dmean": 0.0157596487552,
        "dmean2": 0.0238345395774,
        "dvar": 0.00083275209181,
        "dvar2": 0.0014385386603,
        "max": 0.273747503757,
        "mean": 0.0364788360894,
        "median": 0.0142011502758,
        "min": 1.00484551798e-20,
        "var": 0.00269424309954
    },
    "spectral_energyband_high": {
        "dmean": 0.00129467132501,
        "dmean2": 0.00192913087085,
        "dvar": 5.97042298978e-06,
        "dvar2": 1.2686464288e-05,
        "max": 0.0268701184541,
        "mean": 0.00200190395117,
        "median": 0.000695643830113,
        "min": 7.35930554864e-21,
        "var": 1.2094489648e-05
    },
    "spectral_energyband_low": {
        "dmean": 0.0116577846929,
        "dmean2": 0.0175930373371,
        "dvar": 0.000712481501978,
        "dvar2": 0.00135412684176,
        "max": 0.261027485132,
        "mean": 0.0210683029145,
        "median": 0.00101971998811,
        "min": 2.95638498442e-23,
        "var": 0.00195231649559
    },
    "spectral_energyband_middle_high": {
        "dmean": 0.00134202477057,
        "dmean2": 0.00204919907264,
        "dvar": 7.26736379875e-06,
        "dvar2": 1.7451311578e-05,
        "max": 0.0413794703782,
        "mean": 0.00265839952044,
        "median": 0.000737074122299,
        "min": 1.35637082307e-21,
        "var": 1.90215250768e-05
    },
    "spectral_energyband_middle_low": {
        "dmean": 0.00678792083636,
        "dmean2": 0.0116010727361,
        "dvar": 0.000196534529096,
        "dvar2": 0.000553321791813,
        "max": 0.125271603465,
        "mean": 0.0116585334763,
        "median": 0.00722486991435,
        "min": 1.64094099717e-22,
        "var": 0.000202495866688
    },
    "spectral_entropy": {
        "dmean": 0.229016661644,
        "dmean2": 0.341446012259,
        "dvar": 0.0535496994853,
        "dvar2": 0.106288023293,
        "max": 9.8187713623,
        "mean": 7.63212871552,
        "median": 7.73810529709,
        "min": 4.93622922897,
        "var": 0.499638289213
    },
    "spectral_flux": {
        "dmean": 0.0319329723716,
        "dmean2": 0.0504202917218,
        "dvar": 0.00214177276939,
        "dvar2": 0.00468671973795,
        "max": 0.405707150698,
        "mean": 0.0887279286981,
        "median": 0.0712777301669,
        "min": 6.4918327658e-11,
        "var": 0.00571973435581
    },
    "spectral_kurtosis": {
        "dmean": 1.68459165096,
        "dmean2": 2.70846056938,
        "dvar": 14.7045078278,
        "dvar2": 41.5190658569,
        "max": 62.8952178955,
        "mean": 3.96155977249,
        "median": 2.15787220001,
        "min": -1.35862421989,
        "var": 44.6403770447
    },
    "spectral_rms": {
        "dmean": 0.00109719950706,
        "dmean2": 0.00166947080288,
        "dvar": 2.4233397653e-06,
        "dvar2": 4.00643921239e-06,
        "max": 0.016342299059,
        "mean": 0.00483923219144,
        "median": 0.00372220110148,
        "min": 3.13103362681e-12,
        "var": 1.2170959053e-05
    },
    "spectral_rolloff": {
        "dmean": 1043.22729492,
        "dmean2": 1753.20227051,
        "dvar": 3721092.75,
        "dvar2": 7768474.5,
        "max": 19358.3496094,
        "mean": 2615.33374023,
        "median": 667.529296875,
        "min": 64.599609375,
        "var": 15475661
    },
    "spectral_skewness": {
        "dmean": 0.261449694633,
        "dmean2": 0.401654183865,
        "dvar": 0.114690281451,
        "dvar2": 0.279479235411,
        "max": 6.15861177444,
        "mean": 1.47708284855,
        "median": 1.40484523773,
        "min": -0.264193832874,
        "var": 0.522704601288
    },
    "spectral_spread": {
        "dmean": 823339.875,
        "dmean2": 1133805.125,
        "dvar": 1.03127633101e+12,
        "dvar2": 1.82037250048e+12,
        "max": 42844136,
        "mean": 7450175.5,
        "median": 7358494,
        "min": 1075507.125,
        "var": 1.24092940288e+13
    },
    "spectral_strongpeak": {
        "dmean": 0.418950408697,
        "dmean2": 0.709624171257,
        "dvar": 0.616614937782,
        "dvar2": 1.58256483078,
        "max": 9.68360805511,
        "mean": 0.765918791294,
        "median": 0.518747031689,
        "min": 0,
        "var": 0.739000558853
    },
    "zerocrossingrate": {
        "dmean": 0.020271230489,
        "dmean2": 0.0224340949208,
        "dvar": 0.000636374752503,
        "dvar2": 0.000668153050356,
        "max": 0.541015625,
        "mean": 0.101965405047,
        "median": 0.0751953125,
        "min": 0.00390625,
        "var": 0.00986905582249
    },
    "barkbands": {
        "dmean": [0.00150949216913, 0.0111349541694, 0.00207653641701, 0.00267219985835, 0.0031394851394, 0.000586757378187, 0.000936333963182, 0.000418448325945, 0.00091271835845, 0.000403879501391, 0.000262263230979, 0.000144322271808, 0.000137801427627, 0.000142518620123, 0.000220614165301, 0.000133995898068, 0.000165576173458, 0.000111064800876, 0.000237114698393, 0.000173601845745, 0.000179013513844, 0.000219615714741, 0.000311136391247, 0.00027958326973, 0.000263848312898, 9.03518448467e-05, 1.07058313006e-05],
        "dmean2": [0.00238124257885, 0.01784953475, 0.00347052305005, 0.00494473986328, 0.00535139814019, 0.000927304092329, 0.00149610755034, 0.000664704130031, 0.00139427522663, 0.00064079585718, 0.000424171768827, 0.000234684674069, 0.000225019626669, 0.000226955016842, 0.000336389115546, 0.000216590284253, 0.000269541400485, 0.000173503285623, 0.000384566519642, 0.000274432095466, 0.000274023914244, 0.000344760570442, 0.000507351418491, 0.000418085954152, 0.000395059440052, 0.000126507351524, 1.59999890457e-05],
        "dvar": [1.22401552289e-05, 0.000711703381967, 3.73294969904e-05, 8.50996293593e-05, 2.79880259768e-05, 1.17197021154e-06, 3.54796679858e-06, 1.02200829133e-06, 5.27217707713e-06, 1.64399284586e-06, 1.55438669935e-06, 2.42762297376e-07, 2.06396975955e-07, 2.56293049006e-07, 8.72147666087e-07, 1.4758941802e-07, 3.4103481994e-07, 1.10699581057e-07, 4.49908895916e-07, 2.36947826693e-07, 2.08882781294e-07, 3.5563931533e-07, 4.41402846718e-07, 3.16475365025e-07, 3.30152602146e-07, 4.44243397624e-08, 4.38571567951e-10],
        "dvar2": [2.76926020888e-05, 0.00163150439039, 9.55809300649e-05, 0.00025653798366, 7.76862361818e-05, 2.71989824796e-06, 8.03881994216e-06, 2.53386610893e-06, 1.0881277376e-05, 3.74336764253e-06, 4.18172794525e-06, 6.05553452715e-07, 5.63970331768e-07, 6.35756407519e-07, 2.10900566344e-06, 3.70529221527e-07, 9.46010743519e-07, 2.73081269597e-07, 1.15681575608e-06, 5.8916521084e-07, 4.73811752499e-07, 8.14197221644e-07, 1.06932384369e-06, 6.34766763596e-07, 6.51005734653e-07, 8.2413194491e-08, 1.04336372875e-09],
        "max": [0.0416578538716, 0.241401866078, 0.0591932609677, 0.0824320390821, 0.0456441380084, 0.0185656603426, 0.0417268685997, 0.0123663600534, 0.027181584388, 0.0377145521343, 0.0327057093382, 0.0103839421645, 0.00768802175298, 0.0137951700017, 0.0229919310659, 0.00804893299937, 0.0117173288018, 0.00614445935935, 0.00898693595082, 0.00707339774817, 0.00522625213489, 0.0135111603886, 0.0076955575496, 0.00851059518754, 0.0112805990502, 0.00573032302782, 0.000352267845301],
        "mean": [0.00211500772275, 0.0159107837826, 0.00221176561899, 0.00249373540282, 0.00477014435455, 0.000944617087953, 0.00150809064507, 0.000513502454851, 0.00129929720424, 0.000528052332811, 0.000366759748431, 0.000203078277991, 0.000175276189111, 0.000188892765436, 0.000295511854347, 0.00017113359354, 0.000237801519688, 0.000146471793414, 0.000291085336357, 0.000234606079175, 0.000218443601625, 0.000289239018457, 0.000345467007719, 0.000413608242525, 0.000419712567236, 0.000166938320035, 1.98501493287e-05],
        "median": [0.000134391157189, 0.000226195683354, 9.93719077087e-05, 0.000459176982986, 0.00279657449573, 0.000409802829381, 0.00090171804186, 0.000107586136437, 0.000143104436575, 8.88135618879e-05, 4.80019662064e-05, 3.99205928261e-05, 3.75784875359e-05, 3.03537908621e-05, 3.58889301424e-05, 5.37274536327e-05, 3.56235796062e-05, 2.65767630481e-05, 5.83867185924e-05, 5.71831151319e-05, 5.46628216398e-05, 5.97099533479e-05, 6.75938645145e-05, 0.00014144492161, 0.000149170897203, 7.26867947378e-05, 1.05856197479e-05],
        "min": [2.00822292794e-24, 9.13074233382e-24, 3.95401461499e-24, 1.14843198886e-24, 1.49224920468e-23, 1.60204586314e-23, 1.3160389777e-23, 1.16896240946e-23, 1.42674787491e-23, 3.74254987861e-23, 2.29325036369e-23, 2.71244331788e-23, 5.58772077947e-23, 4.78830933296e-23, 7.67580908986e-23, 8.43163565582e-23, 9.13670754222e-23, 1.14105132734e-22, 1.60693263556e-22, 1.393791128e-22, 3.25794126493e-22, 3.95156785245e-22, 3.93854697746e-22, 6.08225843826e-22, 9.05030505877e-22, 1.59443031355e-21, 1.92946784513e-21],
        "var": [2.37302210735e-05, 0.00127992569469, 4.65464254376e-05, 5.6324635807e-05, 3.5801971535e-05, 2.04694583772e-06, 5.36398238182e-06, 1.30333228299e-06, 9.79379456112e-06, 2.86245335701e-06, 2.48994774665e-06, 3.89007283275e-07, 2.52180626603e-07, 4.00055995442e-07, 1.40899567214e-06, 1.91486094536e-07, 5.58789281513e-07, 1.42032746453e-07, 4.880695883e-07, 3.03825544279e-07, 2.58310876688e-07, 6.31248610716e-07, 5.73046293084e-07, 6.48017532967e-07, 7.15008297902e-07, 9.7947193467e-08, 7.64123431196e-10]
    },
    "erbbands": {
        "dmean": [0.489433079958, 1.98027563095, 1.89533472061, 5.76217317581, 13.4712190628, 8.68321609497, 4.56178855896, 5.35128498077, 15.2668886185, 7.89267349243, 11.0649909973, 20.6554527283, 14.8659858704, 9.58831501007, 9.01269054413, 5.04711198807, 5.27121019363, 7.57787418365, 6.00325202942, 12.4418087006, 6.78725910187, 9.78092956543, 5.10276556015, 11.1935739517, 9.39305782318, 8.19536972046, 6.85471010208, 8.20494747162, 8.0213432312, 7.25109577179, 9.65891551971, 5.87362718582, 5.10854530334, 3.55835080147, 1.54383468628, 0.56271892786, 0.133492439985, 0.021440718323, 0.00208143587224, 6.62721286062e-05],
        "dmean2": [0.748628139496, 3.26299977303, 2.91482400894, 10.276017189, 24.2086925507, 14.4480209351, 7.37940216064, 8.35326004028, 24.5666885376, 12.5409564972, 17.0891265869, 31.762594223, 24.0549373627, 14.9536180496, 14.3988838196, 8.07887458801, 8.44886684418, 11.7997770309, 9.17685508728, 19.5624446869, 11.0231218338, 15.9690675735, 7.89336204529, 18.0314064026, 15.1045980453, 12.8221654892, 10.1984033585, 12.8204851151, 12.6928777695, 11.4499950409, 15.8992824554, 9.07579803467, 7.78538894653, 5.35735082626, 2.31618213654, 0.785022675991, 0.189887538552, 0.0320144928992, 0.00313823646866, 9.98720133794e-05],
        "dvar": [1.26138007641, 25.8055305481, 25.230676651, 320.762756348, 963.600219727, 241.004455566, 108.333396912, 97.8117980957, 883.666625977, 400.74041748, 538.244567871, 3299.83544922, 1840.18164062, 1015.59875488, 1336.48022461, 223.731307983, 285.062072754, 885.513916016, 445.525604248, 2263.45385742, 430.088378906, 1300.6418457, 226.014419556, 1036.68103027, 734.208984375, 529.723205566, 325.078125, 442.659881592, 498.125518799, 246.740585327, 455.457977295, 143.024108887, 111.636734009, 59.8669471741, 14.3591871262, 2.05138993263, 0.0819977074862, 0.00122528616339, 2.39959827013e-05, 1.95787102086e-08],
        "dvar2": [2.59569883347, 61.7999954224, 57.6027832031, 991.347961426, 2854.72509766, 619.445678711, 291.158752441, 214.887115479, 2140.56640625, 886.264587402, 1271.3338623, 6729.75292969, 4592.22753906, 2304.2253418, 3355.03637695, 565.636901855, 752.151123047, 2226.03125, 1062.06225586, 5615.47070312, 1150.34069824, 3610.60620117, 561.309448242, 2596.23095703, 1868.5135498, 1303.78796387, 746.405944824, 989.676330566, 1176.14648438, 544.297302246, 1127.53210449, 312.507659912, 224.229644775, 119.073158264, 29.9977855682, 3.70528936386, 0.156030640006, 0.0027705472894, 5.98740552959e-05, 4.70829313315e-08],
        "max": [9.55778694153, 45.71068573, 49.3488349915, 158.54977417, 287.155578613, 161.858016968, 175.668533325, 214.089508057, 434.674865723, 638.589294434, 309.248260498, 754.262145996, 713.304321289, 976.271179199, 817.866821289, 284.418121338, 401.34185791, 885.487915039, 574.483642578, 1096.68469238, 525.440551758, 773.977722168, 343.026641846, 517.878112793, 335.179016113, 367.393218994, 231.713989258, 324.323852539, 500.766540527, 235.340240479, 267.010040283, 175.810623169, 163.790649414, 161.125106812, 94.0195388794, 37.6658668518, 6.80450963974, 0.490238875151, 0.0890180543065, 0.00301406066865],
        "mean": [0.789789140224, 2.25354862213, 2.34345221519, 5.94514799118, 16.4834308624, 12.9044790268, 7.02035236359, 9.15321826935, 24.1981296539, 11.5730638504, 15.4433679581, 29.8353805542, 20.7819805145, 14.0384140015, 12.8563070297, 7.33045434952, 7.44034910202, 10.5371103287, 9.33283138275, 16.3392429352, 9.97783088684, 14.3230161667, 7.70592498779, 14.3225688934, 12.2474412918, 11.0007715225, 9.15316867828, 9.90709400177, 10.2651004791, 9.20784664154, 10.2470331192, 7.55880594254, 7.86862468719, 5.76760625839, 2.28696203232, 0.966232299805, 0.257147759199, 0.0421388745308, 0.00370054552332, 0.000141521159094],
        "median": [0.00866856612265, 0.0425947345793, 0.152329176664, 1.23735427856, 7.6477689743, 7.62225532532, 2.70451545715, 4.57679510117, 14.7934522629, 4.73967933655, 4.52116394043, 3.45745158195, 3.38574385643, 2.64641332626, 2.38572859764, 1.55635631084, 1.90734672546, 1.45848989487, 1.66733670235, 2.69957900047, 3.37280106544, 2.10512828827, 1.33132946491, 2.96461558342, 2.46496844292, 2.77371764183, 2.37374377251, 2.51122689247, 1.9981354475, 1.95508265495, 1.8549696207, 2.1736907959, 2.75997662544, 2.04036068916, 0.771976113319, 0.377155721188, 0.118746735156, 0.0231715943664, 0.00185153307393, 7.85137381172e-05],
        "min": [2.66666515157e-22, 1.8850323327e-21, 2.47849302279e-21, 9.07967804845e-21, 8.47677243403e-21, 3.75199690825e-20, 1.45999717486e-19, 1.03754543778e-19, 1.99180167193e-19, 2.21909785032e-19, 4.00639759811e-19, 3.21961700366e-19, 1.02335197489e-18, 1.73895367763e-18, 9.70881427095e-19, 1.93411639661e-18, 2.5691030414e-18, 2.59719471539e-18, 4.20697938408e-18, 3.7563851531e-18, 4.52195983517e-18, 6.04911184901e-18, 5.55651752242e-18, 7.60205452716e-18, 7.5888518974e-18, 7.13058060316e-18, 1.27989474201e-17, 1.27261571805e-17, 1.33989958169e-17, 1.22265839311e-17, 1.32682715016e-17, 1.35545636747e-17, 1.05580398672e-17, 9.06471995403e-18, 6.72328596852e-18, 5.00369328031e-18, 2.59053322312e-18, 1.16362019669e-18, 2.62666007788e-19, 2.71462614776e-20],
        "var": [3.16718053818, 31.0446834564, 39.3965835571, 266.033111572, 819.764709473, 296.987243652, 125.520439148, 183.652679443, 1192.19360352, 657.919433594, 873.678405762, 6060.58837891, 2831.63964844, 2023.29675293, 1948.90246582, 350.532440186, 362.246948242, 1493.66308594, 773.708435059, 3263.19116211, 561.022705078, 2129.71704102, 345.741943359, 1228.00585938, 787.027282715, 668.745239258, 431.099273682, 584.607177734, 819.148925781, 452.36706543, 543.393249512, 242.008361816, 230.385742188, 135.036758423, 24.0840358734, 4.35440683365, 0.192605212331, 0.00284128123894, 3.32252202497e-05, 3.28116200876e-08]
    },
    "gfcc": {
        "mean": [-27.7279415131, 54.9740524292, -79.8395767212, 21.5342845917, -63.5448570251, 3.49304080009, -46.4157791138, 8.14925670624, -30.2132835388, 1.96891260147, -20.5719909668, -1.72720468044, -7.9914689064],
        "cov": [[19143.9550781, -1308.83398438, 1043.23742676, 1325.08789062, -1013.05584717, 1698.95007324, -209.248382568, 1166.1472168, 120.190513611, 514.74822998, -20.9813251495, 163.486587524, -268.746337891], [-1308.83398438, 3760.38671875, -954.310852051, -266.249359131, 612.21282959, -738.18927002, 165.392074585, -309.96875, -155.462036133, -226.442337036, 119.25176239, -366.650604248, 242.893692017], [1043.23742676, -954.310852051, 1215.18212891, 349.377075195, -163.568511963, 569.762573242, 20.9831676483, 171.370544434, 158.764846802, 157.035369873, -38.3222885132, 202.411758423, -87.646697998], [1325.08789062, -266.249359131, 349.377075195, 518.981628418, 47.68800354, 228.223953247, 62.3377761841, 122.120910645, 100.856643677, 72.2559280396, 25.178188324, 84.5106735229, 6.91225290298], [-1013.05584717, 612.21282959, -163.568511963, 47.68800354, 507.873168945, -54.5663871765, 215.99407959, 7.39386081696, 43.4064598083, -3.29018354416, 87.8949127197, -24.2739315033, 95.4925765991], [1698.95007324, -738.18927002, 569.762573242, 228.223953247, -54.5663871765, 603.355712891, 139.499786377, 225.945632935, 111.831413269, 173.001144409, 18.3603038788, 100.597061157, -43.0940208435], [-209.248382568, 165.392074585, 20.9831676483, 62.3377761841, 215.99407959, 139.499786377, 333.090362549, 56.8555488586, 83.8698577881, 62.1402244568, 64.4367675781, 10.2620038986, 53.2527046204], [1166.1472168, -309.96875, 171.370544434, 122.120910645, 7.39386081696, 225.945632935, 56.8555488586, 316.948974609, 94.3008728027, 52.7156105042, 45.9144325256, 55.6212768555, -19.2216873169], [120.190513611, -155.462036133, 158.764846802, 100.856643677, 43.4064598083, 111.831413269, 83.8698577881, 94.3008728027, 155.556854248, 57.755531311, 23.2880821228, 52.9696044922, 2.94036221504], [514.74822998, -226.442337036, 157.035369873, 72.2559280396, -3.29018354416, 173.001144409, 62.1402244568, 52.7156105042, 57.755531311, 142.102523804, 42.0660171509, 37.9811592102, -1.62230122089], [-20.9813251495, 119.25176239, -38.3222885132, 25.178188324, 87.8949127197, 18.3603038788, 64.4367675781, 45.9144325256, 23.2880821228, 42.0660171509, 123.74357605, 23.0855846405, 19.324508667], [163.486587524, -366.650604248, 202.411758423, 84.5106735229, -24.2739315033, 100.597061157, 10.2620038986, 55.6212768555, 52.9696044922, 37.9811592102, 23.0855846405, 134.143157959, -3.23414111137], [-268.746337891, 242.893692017, -87.646697998, 6.91225290298, 95.4925765991, -43.0940208435, 53.2527046204, -19.2216873169, 2.94036221504, -1.62230122089, 19.324508667, -3.23414111137, 83.5514678955]],
        "icov": [[0.000165366611327, -0.000184276766959, 0.000286300404696, -0.00040548609104, 0.000385677616578, -0.000516851490829, 0.000185931057786, -0.000454552762676, 0.00029610391357, -0.000412825931562, 0.000335006101523, -0.000299050589092, 0.00036354715121], [-0.000184276766959, 0.000879155355506, -0.000546267896425, 0.000454053864814, -0.000753969186917, 0.00109976821113, -0.000357402401278, 0.000615524710156, -0.000294492288958, 0.000935807533097, -0.00119870423805, 0.00199630530551, -0.0015777265653], [0.000286300404696, -0.000546267896425, 0.00277716619894, -0.00123188341968, 0.000761790259276, -0.00286393542774, 0.000907249050215, -0.0001241426653, -0.00041464381502, -0.000739097304177, 0.00168184144422, -0.00285534607247, 0.00207025767304], [-0.00040548609104, 0.000454053864814, -0.00123188341968, 0.00372367887758, -0.00133573531639, 0.00083916838048, -0.00012524156773, 0.000832298595924, -0.0014291118132, 0.00109326222446, -0.000984832644463, 0.000425385544077, -0.00167804094963], [0.000385677616578, -0.000753969186917, 0.000761790259276, -0.00133573531639, 0.0047169951722, -0.000953231181484, -0.00142657815013, -0.00113242375664, 0.000266312679742, -0.000251555582508, -0.000457466056105, -0.000666844716761, -0.000826280040201], [-0.000516851490829, 0.00109976821113, -0.00286393542774, 0.00083916838048, -0.000953231181484, 0.00803818833083, -0.00299542210996, -0.00125756626949, 0.000972934183665, -0.00262757879682, -0.000266711693257, 0.00236006360501, -0.0010103265522], [0.000185931057786, -0.000357402401278, 0.000907249050215, -0.00012524156773, -0.00142657815013, -0.00299542210996, 0.00625955918804, 0.000276944163488, -0.00205171690322, -0.000405194732593, -0.000511422636919, -0.000111770117655, -0.0010629753815], [-0.000454552762676, 0.000615524710156, -0.0001241426653, 0.000832298595924, -0.00113242375664, -0.00125756626949, 0.000276944163488, 0.0068362141028, -0.00354502419941, 0.00334065803327, -0.00310417707078, 0.000758564157877, -0.000471768929856], [0.00029610391357, -0.000294492288958, -0.00041464381502, -0.0014291118132, 0.000266312679742, 0.000972934183665, -0.00205171690322, -0.00354502419941, 0.0117630697787, -0.00400599790737, 0.00198793760501, -0.00251984922215, 0.00113231036812], [-0.000412825931562, 0.000935807533097, -0.000739097304177, 0.00109326222446, -0.000251555582508, -0.00262757879682, -0.000405194732593, 0.00334065803327, -0.00400599790737, 0.015246254392, -0.00628281803802, 0.0023328086827, -0.00297462008893], [0.000335006101523, -0.00119870423805, 0.00168184144422, -0.000984832644463, -0.000457466056105, -0.000266711693257, -0.000511422636919, -0.00310417707078, 0.00198793760501, -0.00628281803802, 0.0141666056588, -0.00553698977455, 0.00272233015858], [-0.000299050589092, 0.00199630530551, -0.00285534607247, 0.000425385544077, -0.000666844716761, 0.00236006360501, -0.000111770117655, 0.000758564157877, -0.00251984922215, 0.0023328086827, -0.00553698977455, 0.0162738114595, -0.00552616547793], [0.00036354715121, -0.0015777265653, 0.00207025767304, -0.00167804094963, -0.000826280040201, -0.0010103265522, -0.0010629753815, -0.000471768929856, 0.00113231036812, -0.00297462008893, 0.00272233015858, -0.00552616547793, 0.0200862959027]]
    },
    "melbands": {
        "dmean": [0.003641319694, 0.00127747654915, 0.00123278424144, 0.000834600476082, 0.000185398661415, 0.000128593470436, 0.000212858431041, 8.53438250488e-05, 0.000110356682853, 0.000123824167531, 7.55650398787e-05, 4.24015051976e-05, 3.66338063031e-05, 1.70000603248e-05, 1.22597375594e-05, 1.4656944586e-05, 1.397674896e-05, 8.52010725794e-06, 1.92776406038e-05, 1.25213173305e-05, 7.95797950559e-06, 1.27272178361e-05, 3.96204177378e-06, 5.62504828849e-06, 9.924276128e-06, 8.78150240169e-06, 5.79920060773e-06, 5.64222409594e-06, 4.52266704087e-06, 4.08461255574e-06, 5.36967945663e-06, 4.9632885748e-06, 3.80898495678e-06, 4.2852821025e-06, 5.67272036278e-06, 4.74668513561e-06, 3.41798659065e-06, 3.7582344703e-06, 3.53535460818e-06, 2.95032668873e-06],
        "dmean2": [0.00573282316327, 0.00199239817448, 0.00223546940833, 0.00144475395791, 0.000297056481941, 0.000200880458578, 0.000341565755662, 0.000135375928949, 0.000170432816958, 0.000190798033145, 0.000122675555758, 6.61996236886e-05, 5.8736113715e-05, 2.749154919e-05, 1.99235128093e-05, 2.37195199588e-05, 2.18763580051e-05, 1.33282665047e-05, 2.86749345833e-05, 2.05994347198e-05, 1.30346988954e-05, 2.0920919269e-05, 6.20979881205e-06, 8.76944341144e-06, 1.60598574439e-05, 1.42191693158e-05, 9.26128177525e-06, 8.85686677066e-06, 6.88186173647e-06, 6.38141364107e-06, 8.60782802192e-06, 7.87125190982e-06, 5.99902159593e-06, 6.8845952228e-06, 9.44461680774e-06, 7.8239108916e-06, 5.18785691384e-06, 5.72900489715e-06, 5.50734876015e-06, 4.45419482276e-06],
        "dvar": [7.27202641428e-05, 1.03052589111e-05, 1.32738450702e-05, 2.17073761632e-06, 1.69381820569e-07, 5.32440616041e-08, 1.72353907146e-07, 4.48804726716e-08, 5.56316734901e-08, 1.08327057546e-07, 4.99587144986e-08, 1.96843927824e-08, 2.97265607685e-08, 4.29115276646e-09, 1.7170177502e-09, 2.92942758939e-09, 2.71405609098e-09, 6.95204116496e-10, 7.25106286126e-09, 1.47292389396e-09, 7.94458554498e-10, 2.49121079321e-09, 1.10532631659e-10, 3.70323355314e-10, 8.4251122745e-10, 6.08549211023e-10, 3.02276703668e-10, 2.40343578373e-10, 1.39691078149e-10, 1.18981685615e-10, 2.0818104185e-10, 1.89101581616e-10, 1.15469384054e-10, 8.02883870499e-11, 1.57412555213e-10, 1.12186877843e-10, 4.74101070902e-11, 5.93496154999e-11, 6.8371877604e-11, 4.40182404415e-11],
        "dvar2": [0.000161004063557, 2.00727299671e-05, 4.05208338634e-05, 6.18336025582e-06, 4.45012858563e-07, 1.18234133595e-07, 4.09777072718e-07, 1.05061118916e-07, 1.25323012412e-07, 2.21804498324e-07, 1.23704538169e-07, 4.20383692301e-08, 7.75640600637e-08, 1.08600550774e-08, 4.1314209831e-09, 7.97187738044e-09, 6.74732270056e-09, 1.6160404126e-09, 1.72459273529e-08, 3.62300256462e-09, 2.13844209007e-09, 6.97618052214e-09, 2.65216154594e-10, 9.24030518767e-10, 2.11882311696e-09, 1.5541908871e-09, 7.78411779478e-10, 5.9193860924e-10, 3.28606641897e-10, 2.75258621452e-10, 4.67005933924e-10, 4.4562184498e-10, 2.75171330166e-10, 1.83184800662e-10, 3.9122025064e-10, 2.70365257959e-10, 9.79052741656e-11, 1.21526205765e-10, 1.51722898134e-10, 8.79295317113e-11],
        "max": [0.0761905536056, 0.028381690383, 0.0329918786883, 0.0129958111793, 0.00527271954343, 0.004387462046, 0.00651993695647, 0.00558712054044, 0.0029701879248, 0.00409461325034, 0.00352042610757, 0.00479346700013, 0.00430108327419, 0.00143254548311, 0.000918193603866, 0.00119753589388, 0.00151118403301, 0.00051663944032, 0.00236469996162, 0.000574190169573, 0.000629054091405, 0.00108206551522, 0.000264788628556, 0.000442374701379, 0.000506071781274, 0.000266941671725, 0.000324475986417, 0.000265531794867, 0.000151964777615, 0.000120669428725, 0.000280896521872, 0.000277309678495, 0.00027477243566, 0.000116392977361, 0.000153921879246, 0.000148175211507, 0.000135465714266, 0.000128608706291, 0.000164228331414, 0.000129627951537],
        "mean": [0.00554160075262, 0.00175492523704, 0.00134675356094, 0.00120386830531, 0.000275368132861, 0.000219193811063, 0.000341887527611, 0.000115995389933, 0.00015284557594, 0.000177187248482, 0.000102897196484, 5.97320176894e-05, 5.01069916936e-05, 2.43805970968e-05, 1.62942087627e-05, 1.93112009583e-05, 1.87176265172e-05, 1.21063621918e-05, 2.60895503743e-05, 1.50714076881e-05, 1.0793135516e-05, 1.77400288521e-05, 5.77568107474e-06, 7.60949069445e-06, 1.21727380247e-05, 1.0723010746e-05, 7.48179536458e-06, 7.28855911802e-06, 6.01850024395e-06, 4.71926887258e-06, 6.33609533907e-06, 6.25823759037e-06, 4.79288883071e-06, 5.18501337865e-06, 5.96645213591e-06, 4.96188795296e-06, 4.59756211058e-06, 5.57076964469e-06, 5.41930512554e-06, 4.67715426566e-06],
        "median": [9.08968067961e-05, 6.0650814703e-05, 0.000391145877074, 0.000711945875082, 0.000112506968435, 0.000111387038487, 0.000211497128475, 3.66816784663e-05, 3.5629960621e-05, 1.89587644854e-05, 1.35061800393e-05, 1.04369646579e-05, 7.2536308835e-06, 5.25376071892e-06, 3.63627123079e-06, 3.39605185218e-06, 2.57696569861e-06, 2.38388838625e-06, 2.87172929347e-06, 3.56099576493e-06, 3.6429210013e-06, 2.37981748796e-06, 9.56125973062e-07, 1.32507238959e-06, 2.39387577494e-06, 1.8818617491e-06, 1.51100573476e-06, 1.65190988355e-06, 1.44514558542e-06, 1.08645804175e-06, 1.57008514634e-06, 1.25983569887e-06, 7.63196908338e-07, 1.16364833502e-06, 1.0902615486e-06, 8.87461624188e-07, 1.45813123709e-06, 1.93146479432e-06, 1.90666173694e-06, 1.63529603014e-06],
        "min": [2.92040645848e-24, 1.74962939283e-24, 1.62656324592e-24, 8.94879176325e-25, 4.23063894659e-24, 2.64302343989e-24, 3.10071107077e-24, 2.85042700201e-24, 2.76591376943e-24, 2.25916825936e-24, 5.66227239486e-24, 5.55397283663e-24, 3.3572713169e-24, 3.83971813615e-24, 4.48982866334e-24, 5.99417260453e-24, 4.36234992434e-24, 6.22892301599e-24, 6.03223395991e-24, 4.90837222724e-24, 4.3903923518e-24, 5.11480095448e-24, 6.0349149037e-24, 4.34040736383e-24, 5.60691210868e-24, 4.61137477389e-24, 4.68864646057e-24, 3.44623668321e-24, 5.86927580728e-24, 6.65916302054e-24, 6.45436171334e-24, 6.7607769826e-24, 7.51595826033e-24, 5.72529528144e-24, 6.60698460482e-24, 6.98699310236e-24, 6.88859059304e-24, 7.13887170358e-24, 6.84581461046e-24, 6.96013238854e-24],
        "var": [0.000152393695316, 1.80300430657e-05, 1.08742633529e-05, 2.48796368396e-06, 1.97001952529e-07, 1.01109456807e-07, 2.40644794758e-07, 6.71576643185e-08, 9.80604752954e-08, 1.98766016979e-07, 7.85855291952e-08, 3.91080092754e-08, 4.19834087495e-08, 6.5463559018e-09, 2.66985322739e-09, 4.06257161245e-09, 4.55686155476e-09, 1.12891651582e-09, 1.2370705349e-08, 1.78074510693e-09, 8.82035944283e-10, 3.88122511907e-09, 2.28627283771e-10, 4.51517156996e-10, 9.79665681911e-10, 6.50923315249e-10, 3.49612061523e-10, 3.05711622683e-10, 1.90618826279e-10, 1.39595071613e-10, 2.74843120485e-10, 3.07061681637e-10, 1.96194810398e-10, 1.3208022176e-10, 1.84351464649e-10, 1.37194741678e-10, 8.98912888569e-11, 1.17654580523e-10, 1.30546073951e-10, 9.41287117695e-11]
    },
    "mfcc": {
        "mean": [-680.501220703, 96.0166854858, 30.8625812531, 15.8536491394, 6.55753612518, -7.14886379242, -1.576218009, -6.69586277008, -0.455710619688, -2.58657360077, -8.58965492249, -5.37733125687, -1.35758149624],
        "cov": [[12120.234375, -840.095092773, 1378.40783691, 359.081207275, 233.413482666, 315.924835205, 468.129364014, 453.546478271, 433.53918457, 699.272338867, 612.825256348, 132.364013672, -47.0092658997], [-840.095092773, 2429.92211914, -623.791564941, 70.2797012329, 121.214477539, -238.078445435, 135.91267395, -215.098175049, -69.7003479004, -57.581413269, -258.375976562, -30.689250946, 8.97184562683], [1378.40783691, -623.791564941, 1050.35424805, 37.9467391968, 44.1279563904, 307.328186035, -39.2215881348, 157.512924194, 115.734680176, 40.3681793213, 192.350479126, 46.1370811462, 18.2539215088], [359.081207275, 70.2797012329, 37.9467391968, 335.976165771, 129.128646851, 41.7199440002, 44.2821311951, 59.3082542419, 51.0636253357, 14.9905786514, 19.8311481476, 31.4677696228, 27.890247345], [233.413482666, 121.214477539, 44.1279563904, 129.128646851, 224.167953491, 35.1723213196, 59.4115715027, 64.5846786499, 40.6455192566, 34.4811325073, 13.5278940201, 39.7557487488, 22.4195613861], [315.924835205, -238.078445435, 307.328186035, 41.7199440002, 35.1723213196, 364.105407715, 100.826652527, 71.0673217773, 95.0882263184, 85.7931289673, 97.1511383057, 2.90603327751, 52.8814086914], [468.129364014, 135.91267395, -39.2215881348, 44.2821311951, 59.4115715027, 100.826652527, 250.457763672, 72.3725967407, 60.870174408, 121.985702515, 47.740070343, 30.3570137024, 27.1231765747], [453.546478271, -215.098175049, 157.512924194, 59.3082542419, 64.5846786499, 71.0673217773, 72.3725967407, 218.244369507, 100.525047302, 75.2101287842, 94.6772003174, 55.75050354, 18.0299263], [433.53918457, -69.7003479004, 115.734680176, 51.0636253357, 40.6455192566, 95.0882263184, 60.870174408, 100.525047302, 151.603378296, 94.0804977417, 75.4688415527, 19.7398815155, 12.2023677826], [699.272338867, -57.581413269, 40.3681793213, 14.9905786514, 34.4811325073, 85.7931289673, 121.985702515, 75.2101287842, 94.0804977417, 202.272705078, 100.001625061, 17.1318416595, 19.6326007843], [612.825256348, -258.375976562, 192.350479126, 19.8311481476, 13.5278940201, 97.1511383057, 47.740070343, 94.6772003174, 75.4688415527, 100.001625061, 179.381912231, 56.3064002991, 6.30715465546], [132.364013672, -30.689250946, 46.1370811462, 31.4677696228, 39.7557487488, 2.90603327751, 30.3570137024, 55.75050354, 19.7398815155, 17.1318416595, 56.3064002991, 116.547431946, 34.1157646179], [-47.0092658997, 8.97184562683, 18.2539215088, 27.890247345, 22.4195613861, 52.8814086914, 27.1231765747, 18.0299263, 12.2023677826, 19.6326007843, 6.30715465546, 34.1157646179, 98.7038650513]],
