{
"lowlevel": {
    "average_loudness": 0.953337192535,
    "barkbands_crest": {
        "dmean": 3.16521453857,
        "dmean2": 5.17936372757,
        "dvar": 8.83669757843,
        "dvar2": 20.1726398468,
        "max": 26.7278823853,
        "mean": 12.8007535934,
        "median": 11.2083110809,
        "min": 2.26990675926,
        "var": 41.5188827515
    },
    "barkbands_flatness_db": {
        "dmean": 0.0353589579463,
        "dmean2": 0.0497945919633,
        "dvar": 0.00137078645639,
        "dvar2": 0.00268218154088,
        "max": 0.760103523731,
        "mean": 0.192329362035,
        "median": 0.151387035847,
        "min": 0.0339882224798,
        "var": 0.0175590626895
    },
    "barkbands_kurtosis": {
        "dmean": 33.6787834167,
        "dmean2": 57.2767562866,
        "dvar": 63193.8710938,
        "dvar2": 183304.828125,
        "max": 6744.29785156,
        "mean": 39.3068313599,
        "median": 2.5747461319,
        "min": -1.81143307686,
        "var": 43875.1171875
    },
    "barkbands_skewness": {
        "dmean": 1.3569163084,
        "dmean2": 2.07462239265,
        "dvar": 8.67225837708,
        "dvar2": 22.9474487305,
        "max": 64.6068496704,
        "mean": 2.64170026779,
        "median": 1.33533406258,
        "min": -4.48504590988,
        "var": 18.9291954041
    },
    "barkbands_spread": {
        "dmean": 6.69435787201,
        "dmean2": 10.2457456589,
        "dvar": 65.3279342651,
        "dvar2": 154.414077759,
        "max": 102.042106628,
        "mean": 18.2414608002,
        "median": 15.9209480286,
        "min": 0.0441425070167,
        "var": 227.742523193
    },
    "dissonance": {
        "dmean": 0.0248487703502,
        "dmean2": 0.042907461524,
        "dvar": 0.000864635338075,
        "dvar2": 0.00234923628159,
        "max": 0.5,
        "mean": 0.457511931658,
        "median": 0.468847185373,
        "min": 0.164715081453,
        "var": 0.00167151819915
    },
    "dynamic_complexity": 6.53633117676,
    "erbbands_crest": {
        "dmean": 3.03009486198,
        "dmean2": 4.93836784363,
        "dvar": 8.77987003326,
        "dvar2": 21.9626865387,
        "max": 27.3627510071,
        "mean": 9.80699539185,
        "median": 8.3760099411,
        "min": 2.57263278961,
        "var": 26.3886508942
    },
    "erbbands_flatness_db": {
        "dmean": 0.0242041498423,
        "dmean2": 0.0348026119173,
        "dvar": 0.000874675577506,
        "dvar2": 0.00143771234434,
        "max": 0.522296905518,
        "mean": 0.169880762696,
        "median": 0.16258713603,
        "min": 0.0223837923259,
        "var": 0.00482960836962
    },
    "erbbands_kurtosis": {
        "dmean": 3.80104660988,
        "dmean2": 4.75435018539,
        "dvar": 252.687789917,
        "dvar2": 310.161834717,
        "max": 416.480834961,
        "mean": 6.56893110275,
        "median": 0.0742511749268,
        "min": -1.77421188354,
        "var": 1201.34777832
    },
    "erbbands_skewness": {
        "dmean": 0.568541169167,
        "dmean2": 0.838490366936,
        "dvar": 0.583252370358,
        "dvar2": 0.853654921055,
        "max": 17.3333778381,
        "mean": 0.609341323376,
        "median": 0.350675135851,
        "min": -2.95020699501,
        "var": 4.52796697617
    },
    "erbbands_spread": {
        "dmean": 9.56691360474,
        "dmean2": 15.0485916138,
        "dvar": 144.854858398,
        "dvar2": 301.597167969,
        "max": 163.601913452,
        "mean": 36.9256477356,
        "median": 31.1346950531,
        "min": 0.503353118896,
        "var": 604.306030273
    },
    "hfc": {
        "dmean": 7.58741617203,
        "dmean2": 10.911356926,
        "dvar": 230.636398315,
        "dvar2": 412.855987549,
        "max": 189.369537354,
        "mean": 16.9365005493,
        "median": 5.06742811203,
        "min": 1.18235952679e-16,
        "var": 705.187011719
    },
    "melbands_crest": {
        "dmean": 3.96139073372,
        "dmean2": 6.27037715912,
        "dvar": 15.5067768097,
        "dvar2": 33.7261199951,
        "max": 39.9121398926,
        "mean": 19.408908844,
        "median": 16.0952129364,
        "min": 1.83923339844,
        "var": 115.765472412
    },
    "melbands_flatness_db": {
        "dmean": 0.0413315556943,
        "dmean2": 0.0563220344484,
        "dvar": 0.00190984329674,
        "dvar2": 0.00350841949694,
        "max": 0.914344727993,
        "mean": 0.256914436817,
        "median": 0.219017460942,
        "min": 0.00648848153651,
        "var": 0.0273814033717
    },
    "melbands_kurtosis": {
        "dmean": 60.9954948425,
        "dmean2": 100.954620361,
        "dvar": 157669.703125,
        "dvar2": 450117.21875,
        "max": 8787.3515625,
        "mean": 81.403793335,
        "median": 7.20934486389,
        "min": -1.78338766098,
        "var": 125321.867188
    },
    "melbands_skewness": {
        "dmean": 1.68013596535,
        "dmean2": 2.57530260086,
        "dvar": 14.2357654572,
        "dvar2": 36.6194381714,
        "max": 80.2286911011,
        "mean": 4.24905490875,
        "median": 2.20410323143,
        "min": -2.72995567322,
        "var": 33.8730506897
    },
    "melbands_spread": {
        "dmean": 9.15469932556,
        "dmean2": 14.4071378708,
        "dvar": 271.188293457,
        "dvar2": 599.119445801,
        "max": 242.29234314,
        "mean": 25.5467758179,
        "median": 16.7534313202,
        "min": 0.0444697141647,
        "var": 1099.98657227
    },
    "pitch_salience": {
        "dmean": 0.0920671224594,
        "dmean2": 0.148396477103,
        "dvar": 0.00894719175994,
        "dvar2": 0.0212065018713,
        "max": 0.907474577427,
        "mean": 0.455721050501,
        "median": 0.492753386497,
        "min": 0.00978492759168,
        "var": 0.0490235388279
    },
    "silence_rate_20dB": {
        "dmean": 0,
        "dmean2": 0,
        "dvar": 0,
        "dvar2": 0,
        "max": 1,
        "mean": 1,
        "median": 1,
        "min": 1,
        "var": 0
    },
    "silence_rate_30dB": {
        "dmean": 0.0510835908353,
        "dmean2": 0.102206736803,
        "dvar": 0.0484738759696,
        "dvar2": 0.0987311378121,
        "max": 1,
        "mean": 0.911025166512,
        "median": 1,
        "min": 0,
        "var": 0.0810601264238
    },
    "silence_rate_60dB": {
        "dmean": 0.111068114638,
        "dmean2": 0.222222223878,
        "dvar": 0.0987293869257,
        "dvar2": 0.186000317335,
        "max": 1,
        "mean": 0.307543516159,
        "median": 0,
        "min": 0,
        "var": 0.212958529592
    },
    "spectral_centroid": {
        "dmean": 326.408630371,
        "dmean2": 487.52355957,
        "dvar": 191748.5625,
        "dvar2": 354740.75,
        "max": 11205.8466797,
        "mean": 1502.61071777,
        "median": 1313.09179688,
        "min": 49.5836601257,
        "var": 993186.625
    },
    "spectral_complexity": {
        "dmean": 4.03289461136,
        "dmean2": 5.5199379921,
        "dvar": 35.4606552124,
        "dvar2": 48.261302948,
        "max": 59,
        "mean": 12.5222434998,
        "median": 7,
        "min": 0,
        "var": 166.050308228
    },
    "spectral_decrease": {
        "dmean": 3.27866644945e-09,
        "dmean2": 4.56977655716e-09,
        "dvar": 2.36111956059e-17,
        "dvar2": 4.77414569724e-17,
        "max": -1.071454893e-28,
        "mean": -7.74752617616e-09,
        "median": -2.4890607353e-09,
        "min": -5.02903141353e-08,
        "var": 1.11649305367e-16
    },
    "spectral_energy": {
        "dmean": 0.0129120433703,
        "dmean2": 0.0179902724922,
        "dvar": 0.000352854171069,
        "dvar2": 0.000710079038981,
        "max": 0.19078746438,
        "mean": 0.0307771023363,
        "median": 0.0116355475038,
        "min": 1.11287425584e-20,
        "var": 0.00162720005028
    },
    "spectral_energyband_high": {
        "dmean": 0.000508712837473,
        "dmean2": 0.000731935433578,
        "dvar": 2.03300805879e-06,
        "dvar2": 3.51577727997e-06,
        "max": 0.0240870453417,
        "mean": 0.0011318550678,
        "median": 0.000100872901385,
        "min": 7.89452533229e-21,
        "var": 8.01771329861e-06
    },
    "spectral_energyband_low": {
        "dmean": 0.00858291052282,
        "dmean2": 0.0113490596414,
        "dvar": 0.000273205019766,
        "dvar2": 0.000525156327058,
        "max": 0.18331618607,
        "mean": 0.020902140066,
        "median": 0.000651473063044,
        "min": 1.1108587806e-22,
        "var": 0.00147837621626
    },
    "spectral_energyband_middle_high": {
        "dmean": 0.00188526045531,
        "dmean2": 0.00274824094959,
        "dvar": 1.42381304613e-05,
        "dvar2": 2.88217943307e-05,
        "max": 0.0440710932016,
        "mean": 0.00348284817301,
        "median": 0.000746729434468,
        "min": 1.87188912747e-21,
        "var": 3.80873498216e-05
    },
    "spectral_energyband_middle_low": {
        "dmean": 0.00496162846684,
        "dmean2": 0.00805498100817,
        "dvar": 0.000116615738079,
        "dvar2": 0.000272706529358,
        "max": 0.0857374668121,
        "mean": 0.005862549413,
        "median": 0.00165056495462,
        "min": 3.75777943792e-22,
        "var": 0.000130046042614
    },
    "spectral_entropy": {
        "dmean": 0.240976840258,
        "dmean2": 0.34110981226,
        "dvar": 0.0995571166277,
        "dvar2": 0.172539442778,
        "max": 9.78912830353,
        "mean": 7.49135255814,
        "median": 7.63812351227,
        "min": 4.18131113052,
        "var": 0.584968626499
    },
    "spectral_flux": {
        "dmean": 0.0317802354693,
        "dmean2": 0.0493462756276,
        "dvar": 0.00173254439142,
        "dvar2": 0.00360698555596,
        "max": 0.352068990469,
        "mean": 0.0779115334153,
        "median": 0.0624295957386,
        "min": 1.05492857505e-10,
        "var": 0.00413304148242
    },
    "spectral_kurtosis": {
        "dmean": 2.86578679085,
        "dmean2": 3.94040131569,
        "dvar": 45.162109375,
        "dvar2": 67.8641891479,
        "max": 152.123977661,
        "mean": 6.25026369095,
        "median": 3.53469133377,
        "min": -1.20331740379,
        "var": 128.767562866
    },
    "spectral_rms": {
        "dmean": 0.00110642216168,
        "dmean2": 0.00151088240091,
        "dvar": 1.88737851659e-06,
        "dvar2": 3.33828666044e-06,
        "max": 0.0136430980638,
        "mean": 0.00428293412551,
        "median": 0.00336923636496,
        "min": 3.29504327469e-12,
        "var": 1.16829514809e-05
    },
    "spectral_rolloff": {
        "dmean": 535.638427734,
        "dmean2": 865.856262207,
        "dvar": 1138421.5,
        "dvar2": 2413920.75,
        "max": 18690.8203125,
        "mean": 1542.78405762,
        "median": 796.728515625,
        "min": 21.533203125,
        "var": 4074648.5
    },
    "spectral_skewness": {
        "dmean": 0.339263290167,
        "dmean2": 0.461120069027,
        "dvar": 0.236532896757,
        "dvar2": 0.360740035772,
        "max": 10.5732355118,
        "mean": 1.73851561546,
        "median": 1.48050498962,
        "min": -0.0194952264428,
        "var": 1.13843858242
    },
    "spectral_spread": {
        "dmean": 732193.5625,
        "dmean2": 1101477.625,
        "dvar": 1.74172759654e+12,
        "dvar2": 3.49332648755e+12,
        "max": 39635456,
        "mean": 4879843,
        "median": 4541661.5,
        "min": 747235,
        "var": 4.24869914214e+12
    },
    "spectral_strongpeak": {
        "dmean": 0.555952966213,
        "dmean2": 0.945360064507,
        "dvar": 1.34852552414,
        "dvar2": 3.45363926888,
        "max": 14.9689350128,
        "mean": 0.779190063477,
        "median": 0.356708943844,
        "min": 0,
        "var": 1.9184551239
    },
    "zerocrossingrate": {
        "dmean": 0.0135392230004,
        "dmean2": 0.0143153555691,
        "dvar": 0.000336128956405,
        "dvar2": 0.000365017796867,
        "max": 0.48779296875,
        "mean": 0.0602180175483,
        "median": 0.044921875,
        "min": 0,
        "var": 0.0034261578694
    },
    "barkbands": {
        "dmean": [0.00158287642989, 0.00728229200467, 0.00160000822507, 0.00143403420225, 0.000596953206696, 0.000432644796092, 0.000806754571386, 0.00135937717278, 0.00106809055433, 0.000612405594438, 0.000161733827554, 0.000220902060391, 0.00027985687484, 0.000450932624517, 0.000241930611082, 0.000213677674765, 0.000160510608112, 9.70558539848e-05, 0.000186013290659, 0.000169776409166, 0.000163210293977, 0.00011255613208, 9.28227600525e-05, 0.000103818187199, 4.92923791171e-05, 1.12353009172e-05, 2.76149535239e-06],
        "dmean2": [0.00248181493953, 0.00903034117073, 0.00288487318903, 0.00258067785762, 0.00100340240169, 0.000754850683734, 0.00139062292874, 0.00226440909319, 0.00172454002313, 0.00102697894908, 0.000241568603087, 0.000348242814653, 0.000429508305388, 0.00070156896254, 0.000367652333807, 0.000349842564901, 0.00023146661988, 0.00013527124247, 0.000279145111563, 0.000244507769821, 0.000248334661592, 0.000176894711331, 0.000130333486595, 0.000152224223712, 7.15068235877e-05, 1.69935265149e-05, 4.29309739047e-06],
        "dvar": [9.36688229558e-06, 0.000242709327722, 3.4300279367e-05, 2.51935707638e-05, 2.51610913438e-06, 1.06029028757e-06, 3.5307109556e-06, 2.14640658669e-05, 1.13400983537e-05, 3.26837198372e-06, 1.45681099184e-07, 2.56224723216e-07, 5.35113258593e-07, 1.74383626472e-06, 3.25049768435e-07, 2.83998019768e-07, 1.5004263787e-07, 6.16377491269e-08, 1.67383305438e-07, 1.19842326285e-07, 1.74826624288e-07, 1.27194539346e-07, 1.00061740227e-07, 2.06963875371e-07, 1.98462775103e-08, 9.50425516066e-10, 5.56798704365e-11],
        "dvar2": [2.32315032918e-05, 0.000432238943176, 9.72923444351e-05, 7.08918014425e-05, 6.38314304524e-06, 2.93516905003e-06, 9.26678876567e-06, 4.90595157316e-05, 2.80070871668e-05, 9.12063569558e-06, 2.86829390461e-07, 5.68005191326e-07, 1.22761832699e-06, 4.15178556068e-06, 7.5124421528e-07, 6.94741174811e-07, 3.14747069297e-07, 1.28990961912e-07, 3.79869504741e-07, 2.40133431362e-07, 3.48227615632e-07, 2.78727696923e-07, 1.81977398483e-07, 4.18126120394e-07, 4.06118303431e-08, 2.04025019102e-09, 1.27136773331e-10],
        "max": [0.0344678089023, 0.161509931087, 0.0602208822966, 0.0524552166462, 0.0202101599425, 0.0085849063471, 0.019542215392, 0.0499753281474, 0.0425830297172, 0.0390659049153, 0.0076596736908, 0.012302483432, 0.0152381006628, 0.0243032965809, 0.00835403893143, 0.00912026874721, 0.00751714874059, 0.00571400718763, 0.00862080976367, 0.00640806835145, 0.00763204041868, 0.00577463582158, 0.0052082054317, 0.00712811062112, 0.00455254223198, 0.000695832190104, 9.61460027611e-05],
        "mean": [0.00270864390768, 0.0165155641735, 0.00127357500605, 0.00119793461636, 0.000688254716806, 0.000454097549664, 0.000707603816409, 0.00115554116201, 0.00127819972113, 0.000801947491709, 0.000238925858866, 0.00028545956593, 0.000351481023245, 0.000536561477929, 0.000306162633933, 0.000280722393654, 0.000253169127973, 0.000164928191225, 0.000301363150356, 0.000310213858029, 0.000340902333846, 0.000195532004, 0.000165574034327, 0.000170261933818, 7.72399871494e-05, 1.4247112631e-05, 3.07832738144e-06],
        "median": [0.000298641884001, 0.000333953881636, 5.89808441873e-05, 4.79537375213e-05, 0.000155770670972, 9.82484343695e-05, 8.27244221e-05, 7.96858366812e-05, 0.000173232416273, 9.66844381765e-05, 3.16385921906e-05, 2.80875137832e-05, 4.87898723804e-05, 3.97176772822e-05, 4.68853650091e-05, 1.93367432075e-05, 2.79198065982e-05, 1.41543978316e-05, 2.23728802666e-05, 1.9124317987e-05, 1.84101190825e-05, 1.47230648508e-05, 9.10139715415e-06, 9.1480815172e-06, 5.16038335263e-06, 1.63502295436e-06, 8.64599698502e-08],
        "min": [2.58007782224e-23, 5.85737552498e-23, 1.63704288834e-23, 4.20336360748e-23, 4.67318486571e-23, 4.4902530705e-23, 1.42873943315e-22, 2.14886893874e-23, 2.26340491574e-23, 1.35996792783e-22, 4.34702811564e-23, 4.70869212615e-23, 4.94048312593e-23, 1.12834965703e-22, 1.41389875071e-22, 3.16401961177e-22, 2.56577148263e-22, 2.10624675247e-22, 2.55063418849e-22, 4.50829791661e-22, 6.07423704814e-22, 5.89237090935e-22, 5.75577756101e-22, 8.22735375041e-22, 1.12607443072e-21, 1.98772813861e-21, 2.17714785407e-21],
        "var": [2.79432733805e-05, 0.00106622499879, 2.29531378864e-05, 1.92530042114e-05, 2.55352301792e-06, 9.42479346122e-07, 3.00792476082e-06, 1.97018780455e-05, 1.29574564198e-05, 5.2699601838e-06, 3.2575016462e-07, 6.11270763784e-07, 8.45647832648e-07, 2.78471293313e-06, 5.20628589129e-07, 5.17217415563e-07, 3.77799324269e-07, 1.54052642642e-07, 4.43531575911e-07, 3.71610866523e-07, 8.40850248096e-07, 3.49993001691e-07, 2.91640361638e-07, 3.88645332805e-07, 4.46690258116e-08, 1.5300151146e-09, 7.45244144174e-11]
    },
    "erbbands": {
        "dmean": [0.363590061665, 1.1719571352, 1.54554700851, 3.93360733986, 2.7079937458, 1.8869587183, 2.92102694511, 4.0718626976, 8.82314872742, 27.6072101593, 16.8350200653, 26.4117679596, 25.5031509399, 10.3119840622, 7.0149064064, 9.22463703156, 11.9307775497, 21.1773910522, 15.1262331009, 11.6999511719, 10.796330452, 8.90689086914, 4.80986022949, 8.5784368515, 7.97119045258, 7.61138868332, 7.06087255478, 5.39193248749, 3.94636082649, 3.68281435966, 2.16763758659, 2.38714838028, 1.46714103222, 0.721078813076, 0.277106612921, 0.0730826109648, 0.0170900002122, 0.00348767288961, 0.000557686435059, 2.7881398637e-05],
        "dmean2": [0.426898598671, 1.62387883663, 2.65378952026, 7.2213139534, 4.77298736572, 3.15037369728, 4.79583406448, 7.23612308502, 15.3266220093, 45.5840606689, 28.0541667938, 43.2188072205, 41.8608551025, 16.5321140289, 10.7830629349, 14.1994409561, 17.8879375458, 32.6815261841, 23.1507015228, 18.765504837, 17.2306613922, 12.7155351639, 6.27901983261, 12.7983131409, 11.8350009918, 10.7877140045, 10.2294874191, 8.15086650848, 6.13970565796, 5.37234210968, 3.26243257523, 3.48639154434, 2.19411730766, 1.05236291885, 0.414433240891, 0.10994785279, 0.0259454380721, 0.0054285787046, 0.000878384045791, 4.08679588872e-05],
        "dvar": [0.602689743042, 8.03278255463, 24.7769470215, 219.002761841, 72.3713989258, 23.6770534515, 48.8155250549, 92.9456787109, 363.583251953, 8137.87597656, 2430.20751953, 6625.96191406, 5891.40136719, 577.528991699, 278.528839111, 405.358184814, 877.618896484, 3746.0480957, 1406.9239502, 843.152160645, 704.723327637, 443.068511963, 112.77734375, 493.629547119, 254.501312256, 260.573150635, 249.337677002, 231.050186157, 145.553009033, 132.048431396, 53.0977668762, 112.041152954, 30.9224643707, 5.4274559021, 0.492703646421, 0.0397720262408, 0.00204726937227, 8.50615178933e-05, 2.3699153644e-06, 2.66857647091e-09],
        "dvar2": [0.883007586002, 17.3801879883, 67.5041885376, 622.808288574, 193.333480835, 61.10496521, 119.69078064, 267.737487793, 979.688903809, 18328.9433594, 5584.36621094, 16909.4042969, 15787.6142578, 1500.22680664, 617.746826172, 901.225708008, 1794.73266602, 8123.33007812, 3334.81762695, 2038.27600098, 1669.33251953, 928.005493164, 198.764282227, 1049.34313965, 525.885986328, 544.599060059, 499.452514648, 456.885223389, 308.215301514, 246.9896698, 102.148590088, 210.626449585, 66.6317749023, 11.3071975708, 1.04362034798, 0.0846257135272, 0.00437017949298, 0.000201912174816, 5.32179865331e-06, 5.52980194968e-09],
        "max": [8.75112819672, 31.3359375, 49.5558853149, 144.454727173, 91.7238845825, 58.8736228943, 71.9235458374, 72.0852813721, 166.717773438, 970.225463867, 478.243988037, 1039.08166504, 1385.60827637, 270.791931152, 364.66494751, 399.115112305, 676.236694336, 1285.06079102, 1045.3848877, 392.354980469, 415.369995117, 443.379302979, 169.480895996, 497.598083496, 333.788970947, 321.376373291, 241.138092041, 252.192398071, 238.840957642, 203.597595215, 112.280036926, 169.756439209, 89.7839813232, 68.287361145, 19.1369590759, 4.30882358551, 1.06458103657, 0.148585289717, 0.0208806209266, 0.000620636856183],
        "mean": [0.893078863621, 2.01534104347, 1.55500328541, 3.18959903717, 2.528383255, 2.32117319107, 3.51872396469, 3.98660206795, 8.33929347992, 23.251707077, 15.998298645, 30.8370399475, 33.1131515503, 13.7144050598, 10.5705871582, 12.3110313416, 16.4148311615, 25.6288375854, 21.1263065338, 14.9007644653, 15.2600412369, 14.3766927719, 8.37826919556, 15.0226593018, 14.2966442108, 14.0128259659, 14.1614904404, 11.9448728561, 6.97038650513, 6.25868368149, 4.17235946655, 4.07071876526, 2.37995409966, 1.14796769619, 0.396066516638, 0.096071831882, 0.0215137135237, 0.00398608064279, 0.000639627163764, 5.47122726857e-05],
        "median": [0.0163996294141, 0.0503520220518, 0.0830482468009, 0.134944856167, 0.234021961689, 0.531410574913, 0.828899383545, 0.928852140903, 1.17602419853, 1.66877138615, 2.33909535408, 4.29031467438, 5.0060915947, 1.88974773884, 1.60434341431, 1.24199700356, 2.3088657856, 3.00620245934, 3.41851425171, 1.87120079994, 1.27530837059, 1.60294544697, 0.862816095352, 1.07751476765, 0.953671336174, 0.907605648041, 0.780975997448, 0.774028301239, 0.588452994823, 0.329083055258, 0.26008450985, 0.195790946484, 0.132171571255, 0.0707864388824, 0.0307824239135, 0.00890975445509, 0.00264045456424, 0.000390214438085, 4.57332062069e-05, 2.26468873734e-05],
        "min": [1.93573046671e-21, 1.21941455329e-20, 1.9731217365e-20, 9.40493047363e-20, 6.96851456956e-20, 1.98910144422e-19, 3.60875791899e-19, 3.76567666613e-19, 9.30782916324e-19, 2.35899709786e-18, 5.75733009178e-19, 5.39161699936e-19, 3.02702712658e-18, 3.71485406891e-18, 1.68271511535e-18, 2.26747928245e-18, 2.36387374116e-18, 5.59143984712e-18, 6.51927800046e-18, 1.12888498025e-17, 1.75991112563e-17, 1.51280547601e-17, 1.02252973668e-17, 1.19850943415e-17, 1.87877036221e-17, 2.05610068018e-17, 1.85042189e-17, 2.61055008405e-17, 1.97142170457e-17, 1.76916760756e-17, 1.74570049358e-17, 1.44404757651e-17, 1.62363460864e-17, 1.2022115637e-17, 8.46626305265e-18, 7.1484129628e-18, 3.92506671874e-18, 1.31105614529e-18, 2.64742670565e-19, 3.52866589768e-20],
        "var": [3.30246376991, 18.1479282379, 21.302028656, 151.510620117, 65.5602798462, 24.975112915, 51.7598228455, 74.0229263306, 322.093841553, 7707.5078125, 2337.2668457, 7189.48779297, 8544.39257812, 969.048522949, 604.476867676, 923.895141602, 1667.63232422, 5702.29541016, 2941.34423828, 1368.28149414, 1276.36340332, 1062.84472656, 320.535339355, 1319.32885742, 831.153991699, 742.022705078, 928.981628418, 1195.16687012, 412.034484863, 405.26083374, 170.922744751, 239.425125122, 58.646697998, 10.9484815598, 1.07078242302, 0.0695075914264, 0.00326321274042, 0.000108198561065, 3.2285765883e-06, 5.66574387406e-09]
    },
    "gfcc": {
        "mean": [-109.352233887, 80.4932556152, -105.176040649, 27.4142284393, -57.0565338135, 19.7499809265, -24.3760509491, 15.2349233627, -12.3683423996, 10.5396318436, -9.48409748077, -3.89430904388, -2.26815605164],
        "cov": [[31828.3769531, -1298.62145996, -5007.96728516, 382.650421143, -1527.36975098, -229.824493408, -959.842224121, 262.778167725, -864.512878418, -353.390472412, -741.342956543, -483.42565918, 46.5300559998], [-1298.62145996, 2875.96313477, 642.520385742, -256.599090576, 650.876281738, 49.8469619751, 303.712036133, -110.445556641, 201.565307617, -113.173904419, 103.07484436, -102.743507385, 170.811721802], [-5007.96728516, 642.520385742, 2397.2644043, 550.99029541, 778.486328125, 313.531097412, 427.825622559, -25.1825962067, 274.314544678, -34.9178314209, 183.672775269, 79.9358520508, 52.3415985107], [382.650421143, -256.599090576, 550.99029541, 741.028869629, 258.385559082, 194.875183105, 107.820930481, 99.7987976074, -7.46586418152, -81.9750442505, 16.1848888397, -20.5317878723, 94.2062301636], [-1527.36975098, 650.876281738, 778.486328125, 258.385559082, 696.01159668, 226.910293579, 203.05947876, 74.6163253784, 120.452941895, -10.8256978989, 98.5620727539, -46.6124420166, 88.7912826538], [-229.824493408, 49.8469619751, 313.531097412, 194.875183105, 226.910293579, 301.288879395, 155.368560791, 23.7597808838, 33.4179496765, -10.5928373337, 4.30592632294, -4.22237110138, 16.6821422577], [-959.842224121, 303.712036133, 427.825622559, 107.820930481, 203.05947876, 155.368560791, 288.575836182, 23.512386322, 92.2172546387, -19.1644611359, 51.7869224548, 11.9809093475, 37.9312362671], [262.778167725, -110.445556641, -25.1825962067, 99.7987976074, 74.6163253784, 23.7597808838, 23.512386322, 196.929794312, 2.70551609993, 2.18708372116, 22.6174182892, -16.0976676941, 48.031288147], [-864.512878418, 201.565307617, 274.314544678, -7.46586418152, 120.452941895, 33.4179496765, 92.2172546387, 2.70551609993, 262.99130249, 47.8975906372, 3.52127885818, 30.3356895447, -31.7434158325], [-353.390472412, -113.173904419, -34.9178314209, -81.9750442505, -10.8256978989, -10.5928373337, -19.1644611359, 2.18708372116, 47.8975906372, 140.52722168, 34.3889732361, -6.12634277344, -48.7461395264], [-741.342956543, 103.07484436, 183.672775269, 16.1848888397, 98.5620727539, 4.30592632294, 51.7869224548, 22.6174182892, 3.52127885818, 34.3889732361, 135.661849976, -0.385738253593, 20.8453960419], [-483.42565918, -102.743507385, 79.9358520508, -20.5317878723, -46.6124420166, -4.22237110138, 11.9809093475, -16.0976676941, 30.3356895447, -6.12634277344, -0.385738253593, 129.717010498, -16.8982753754], [46.5300559998, 170.811721802, 52.3415985107, 94.2062301636, 88.7912826538, 16.6821422577, 37.9312362671, 48.031288147, -31.7434158325, -48.7461395264, 20.8453960419, -16.8982753754, 155.053482056]],
        "icov": [[6.58425924485e-05, -4.84854754177e-05, 0.000142230113852, -0.000166805897607, 8.09591219877e-05, -7.93983126641e-05, 6.99889060343e-05, -6.6439541115e-05, 3.2517596992e-05, 6.4964289777e-05, 0.000123497608001, 0.000110344204586, 7.51325351303e-05], [-4.84854754177e-05, 0.000812023179606, -7.88333854871e-05, 0.000723564706277, -0.000861305627041, 0.000447666476248, -0.000556302897166, 0.000715514819603, -0.00044061394874, 0.000812851008959, -0.000245823874138, 0.000523194321431, -0.000678091193549], [0.000142230113852, -7.88333854871e-05, 0.00134116900153, -0.000921399681829, -0.000673331902362, 8.41815563035e-05, -0.000541899935342, 0.000601390493102, -0.00035869050771, 0.000351031136233, -0.000436546426499, -0.000452274194686, 0.000520362867974], [-0.000166805897607, 0.000723564706277, -0.000921399681829, 0.00316148553975, -0.000647313136142, -0.000689870270435, 4.82570430904e-05, -0.0003873911337, -0.000158991155331, 0.00136288721114, -0.000190526407096, 0.000642105413135, -0.00131222198252], [8.09591219877e-05, -0.000861305627041, -0.000673331902362, -0.000647313136142, 0.00439820671454, -0.00228989194147, 0.00102464598604, -0.00152076839004, -0.00057069316972, -0.000383909326047, -0.000985272577964, 0.00120433582924, -0.00048051631893], [-7.93983126641e-05, 0.000447666476248, 8.41815563035e-05, -0.000689870270435, -0.00228989194147, 0.00681011844426, -0.00352818891406, 0.000742687785532, 0.000991468084976, -0.000969429500401, 0.00197361269966, -0.000464121985715, 0.000715340545867], [6.99889060343e-05, -0.000556302897166, -0.000541899935342, 4.82570430904e-05, 0.00102464598604, -0.00352818891406, 0.00737067358568, -0.000954056682531, -0.00165222911164, 0.00126174697652, -0.00193044240586, -2.90548177873e-05, -0.000654509989545], [-6.6439541115e-05, 0.000715514819603, 0.000601390493102, -0.0003873911337, -0.00152076839004, 0.000742687785532, -0.000954056682531, 0.00706413714215, -0.000769138336182, -9.98376999632e-05, -0.0010662501445, 0.000251818273682, -0.00191791728139], [3.2517596992e-05, -0.00044061394874, -0.00035869050771, -0.000158991155331, -0.00057069316972, 0.000991468084976, -0.00165222911164, -0.000769138336182, 0.00618881499395, -0.0029525749851, 0.00252960505895, -0.00154625927098, 0.00138607458211], [6.4964289777e-05, 0.000812851008959, 0.000351031136233, 0.00136288721114, -0.000383909326047, -0.000969429500401, 0.00126174697652, -9.98376999632e-05, -0.0029525749851, 0.0117501653731, -0.00427079992369, 0.00209013116546, 0.00207643792965], [0.000123497608001, -0.000245823874138, -0.000436546426499, -0.000190526407096, -0.000985272577964, 0.00197361269966, -0.00193044240586, -0.0010662501445, 0.00252960505895, -0.00427079992369, 0.0115514919162, -0.000601534906309, -0.000792039732914], [0.000110344204586, 0.000523194321431, -0.000452274194686, 0.000642105413135, 0.00120433582924, -0.000464121985715, -2.90548177873e-05, 0.000251818273682, -0.00154625927098, 0.00209013116546, -0.000601534906309, 0.00981654506177, -6.63026803522e-05], [7.51325351303e-05, -0.000678091193549, 0.000520362867974, -0.00131222198252, -0.00048051631893, 0.000715340545867, -0.000654509989545, -0.00191791728139, 0.00138607458211, 0.00207643792965, -0.000792039732914, -6.63026803522e-05, 0.00978371221572]]
    },
    "melbands": {
        "dmean": [0.00251078652218, 0.000895903678611, 0.000633830495644, 0.000141630080179, 9.99767435133e-05, 9.25784261199e-05, 0.000136961854878, 0.000325986533426, 0.000119441465358, 0.00017573092191, 0.000125398961245, 4.53559987363e-05, 2.19264657062e-05, 2.5834857297e-05, 2.67898303719e-05, 2.8643558835e-05, 4.24537247454e-05, 2.58260533883e-05, 1.88194826478e-05, 1.52985157911e-05, 1.29292284328e-05, 1.08701624413e-05, 5.28139389644e-06, 4.151644589e-06, 7.83082577982e-06, 6.48927425573e-06, 6.06763296673e-06, 5.11832058692e-06, 5.34004311703e-06, 4.24976451541e-06, 3.02410853692e-06, 2.25117582886e-06, 2.59248781731e-06, 2.36009350374e-06, 1.37044003168e-06, 1.28776241581e-06, 1.60402169058e-06, 1.123569632e-06, 8.75895295849e-07, 5.54313203338e-07],
        "dmean2": [0.00306581961922, 0.00142656534445, 0.00114908081014, 0.000241157395067, 0.000164349825354, 0.000163689081091, 0.000239171771682, 0.000538503809366, 0.000199058209546, 0.000285445712507, 0.000206138676731, 7.30381216272e-05, 3.30939110427e-05, 4.10766297136e-05, 4.0034079575e-05, 4.21689437644e-05, 6.65326297167e-05, 4.04651291319e-05, 2.92911263386e-05, 2.49124859693e-05, 2.03539948416e-05, 1.60218332894e-05, 7.0104315455e-06, 6.01242027187e-06, 1.17699164548e-05, 9.75260536507e-06, 8.83967732079e-06, 7.4746349128e-06, 7.80604023021e-06, 6.61993408357e-06, 4.64035792902e-06, 3.53559767063e-06, 4.18966101279e-06, 3.49994957105e-06, 2.10266512113e-06, 1.99894316211e-06, 2.36754044636e-06, 1.79862922778e-06, 1.40676729643e-06, 7.99272243057e-07],
        "dvar": [2.77978633676e-05, 5.37689811608e-06, 5.34256241735e-06, 1.54722442858e-07, 5.90388609112e-08, 4.69919392287e-08, 8.964558873e-08, 1.19730077586e-06, 1.17355227758e-07, 3.00424346733e-07, 1.41771934636e-07, 1.22529240087e-08, 2.67074717897e-09, 4.12980316611e-09, 4.24360413476e-09, 5.76915626382e-09, 1.55529953361e-08, 5.24575227701e-09, 2.66606270394e-09, 1.653342796e-09, 1.1998154692e-09, 7.16748105312e-10, 1.47782730497e-10, 1.06620136331e-10, 4.45858128195e-10, 2.26332327879e-10, 1.82120457604e-10, 1.30719449154e-10, 1.38766165225e-10, 2.10883435714e-10, 6.54867618466e-11, 5.39342182027e-11, 1.00982222584e-10, 8.02336530548e-11, 2.05127043823e-11, 2.51302156168e-11, 6.01965491343e-11, 1.67350109465e-11, 1.37740938447e-11, 2.69707043157e-12],
        "dvar2": [4.54309592897e-05, 1.2692042219e-05, 1.49587785927e-05, 3.97209532821e-07, 1.46285842106e-07, 1.34340353952e-07, 2.42948942741e-07, 2.69746260528e-06, 2.70981644235e-07, 7.60203761274e-07, 3.80122259003e-07, 3.29018341461e-08, 5.57839863191e-09, 9.15611320096e-09, 9.06153196922e-09, 1.26652546228e-08, 3.46451969335e-08, 1.29979325081e-08, 6.16882278592e-09, 3.88676291152e-09, 2.71257949436e-09, 1.55619594988e-09, 2.77144085459e-10, 2.10254147426e-10, 9.5696706115e-10, 4.94017826647e-10, 3.96161520255e-10, 2.82049883449e-10, 2.90847068651e-10, 4.17708201361e-10, 1.36384292748e-10, 1.06342594453e-10, 2.4191273984e-10, 1.79772974285e-10, 5.05005134932e-11, 5.46328919604e-11, 1.09936074133e-10, 3.56745397112e-11, 3.46447107114e-11, 5.13020008419e-12],
        "max": [0.0571586936712, 0.0223955530673, 0.0222919769585, 0.00433897180483, 0.00263605173677, 0.00174122827593, 0.00269640306942, 0.0117547791451, 0.00352157861926, 0.00690846890211, 0.00709314318374, 0.00139460607897, 0.00108736520633, 0.00189693574794, 0.00142920052167, 0.00205453066155, 0.00252419081517, 0.00235795066692, 0.000933067523874, 0.000968765409198, 0.000664430845063, 0.000609238340985, 0.000136619710247, 0.000266630668193, 0.000463595264591, 0.000410364329582, 0.000274015357718, 0.000215028077946, 0.000231643527513, 0.000294216384646, 0.000131535969558, 0.000215012390981, 0.000177495428943, 0.000149084924487, 6.276685599e-05, 7.93340223026e-05, 0.000122239347547, 5.85608686379e-05, 7.15186542948e-05, 5.24526440131e-05],
        "mean": [0.00595859251916, 0.00135043694172, 0.000537662883289, 0.000156195921591, 0.000124260448501, 9.18163932511e-05, 0.000126364117023, 0.000273774203379, 0.000116364120913, 0.000207456192584, 0.000163201024407, 5.75218073209e-05, 3.28981768689e-05, 3.30744005623e-05, 3.38141144312e-05, 3.73128459614e-05, 4.93810985063e-05, 3.54553194484e-05, 2.23236984311e-05, 1.99209553102e-05, 1.72451182152e-05, 1.68215447047e-05, 7.96825861471e-06, 7.47528792999e-06, 1.28537340061e-05, 1.08137310235e-05, 1.02737531051e-05, 8.96159872354e-06, 9.23817333387e-06, 8.88451540959e-06, 6.08151822235e-06, 3.81799509341e-06, 3.76466277885e-06, 3.48868138644e-06, 2.38891129811e-06, 2.18808554564e-06, 2.68921507995e-06, 1.8136130393e-06, 1.24348957797e-06, 8.63013099206e-07],
        "median": [0.000137341514346, 5.33752281626e-05, 2.62777284661e-05, 2.48122687481e-05, 3.40231017617e-05, 2.12942450162e-05, 1.7531310732e-05, 1.92138741113e-05, 1.60302952281e-05, 2.76475693681e-05, 2.3197120754e-05, 7.2059260674e-06, 4.57051874037e-06, 3.76259072254e-06, 2.81183156403e-06, 5.33798311153e-06, 4.24335576099e-06, 5.22656500834e-06, 2.92752656605e-06, 1.51864389863e-06, 1.1174172414e-06, 1.92317247638e-06, 7.55560449761e-07, 6.74973989589e-07, 7.90984870491e-07, 7.60711884595e-07, 5.41262181741e-07, 5.93518734604e-07, 5.07749234657e-07, 3.95560704192e-07, 4.09122094425e-07, 2.94533521128e-07, 2.04139539051e-07, 1.56577101507e-07, 1.43636029293e-07, 1.02108032252e-07, 1.15815602442e-07, 9.57446815164e-08, 7.21644397572e-08, 5.13776505784e-08],
        "min": [1.81574686241e-23, 1.24200595946e-23, 1.55582382057e-23, 7.43117543454e-24, 1.32592624474e-23, 7.99494355793e-24, 2.02257798761e-23, 2.14229851626e-23, 4.35980190362e-24, 3.2934205208e-24, 1.4976584239e-23, 1.51699024925e-23, 5.27518544842e-24, 5.57211703188e-24, 5.3025392003e-24, 5.21569823641e-24, 1.10703785392e-23, 1.01273229372e-23, 1.11247405219e-23, 1.80723237112e-23, 2.12179302366e-23, 1.63610524827e-23, 9.81886806803e-24, 9.4716367411e-24, 9.3738432324e-24, 1.04437263688e-23, 1.96018413872e-23, 1.1514920592e-23, 9.21209440353e-24, 1.58395081392e-23, 1.44474747195e-23, 9.96859307898e-24, 1.32865759674e-23, 8.70469985816e-24, 9.92653259324e-24, 1.07972299288e-23, 7.52852797e-24, 1.16190920411e-23, 1.15200355661e-23, 9.2270370068e-24],
        "var": [0.000140654417919, 8.75233035913e-06, 3.91861385651e-06, 1.57123849931e-07, 6.22217797286e-08, 3.82448810399e-08, 7.71569546032e-08, 1.12618818093e-06, 1.14986349331e-07, 3.38688352031e-07, 2.11685730278e-07, 1.93386178182e-08, 5.76686831621e-09, 9.39011002288e-09, 8.65913829529e-09, 8.82678818925e-09, 2.30312782179e-08, 1.13595799434e-08, 3.79910547466e-09, 3.42802275455e-09, 2.03833838697e-09, 1.66892677456e-09, 3.24001075969e-10, 2.91841883993e-10, 1.07616882072e-09, 7.49349582385e-10, 4.73006911417e-10, 3.34312216799e-10, 3.91607385408e-10, 8.39046443435e-10, 2.91943941244e-10, 1.32153607502e-10, 1.74076753012e-10, 1.4892614919e-10, 5.63522735419e-11, 5.40053592124e-11, 1.22102439271e-10, 3.42760507477e-11, 1.69333817801e-11, 6.21249449453e-12]
    },
    "mfcc": {
        "mean": [-742.947631836, 108.102088928, 8.63983821869, 15.7803602219, -0.134277492762, 6.60382080078, 5.91351652145, 2.33353495598, 9.40165805817, 12.8835639954, 4.73404121399, 2.90940952301, -0.493257880211],
        "cov": [[23552.9238281, -839.845092773, -2502.46118164, -443.668212891, -1082.99084473, -887.203186035, -387.608886719, -480.289428711, -384.342834473, -1.22968506813, -449.452941895, -292.820831299, -479.746520996], [-839.845092773, 3115.41455078, 319.318664551, 26.9028701782, 288.231140137, 235.087097168, 174.482833862, 53.03125, 127.458045959, 56.9890861511, 83.7654800415, -54.484500885, -4.65572834015], [-2502.46118164, 319.318664551, 1194.64953613, 474.381530762, 315.190887451, 356.163085938, 155.450042725, 222.520675659, 130.555389404, 22.6361618042, 81.766166687, 45.0635223389, 79.4265365601], [-443.668212891, 26.9028701782, 474.381530762, 550.397644043, 354.082519531, 151.054779053, 204.776168823, 145.209197998, 134.447463989, 40.0468063354, -3.32950401306, 34.4006309509, 19.6015853882], [-1082.99084473, 288.231140137, 315.190887451, 354.082519531, 533.560974121, 178.171066284, 224.311340332, 122.242271423, 142.046142578, 56.7679405212, 38.3262443542, 32.5475616455, 25.1855335236], [-887.203186035, 235.087097168, 356.163085938, 151.054779053, 178.171066284, 413.326812744, 94.2570724487, 145.782958984, 86.3639068604, 48.594367981, 88.8834075928, -18.174331665, 25.2988624573], [-387.608886719, 174.482833862, 155.450042725, 204.776168823, 224.311340332, 94.2570724487, 394.935791016, 81.9749450684, 72.1959533691, 49.2552719116, -41.806312561, 8.26309490204, 7.29124307632], [-480.289428711, 53.03125, 222.520675659, 145.209197998, 122.242271423, 145.782958984, 81.9749450684, 233.500366211, 103.893440247, 0.513881981373, 26.8974647522, -0.799461364746, 34.2956199646], [-384.342834473, 127.458045959, 130.555389404, 134.447463989, 142.046142578, 86.3639068604, 72.1959533691, 103.893440247, 171.463546753, 51.9680900574, 17.8735809326, -7.8763833046, 0.211666539311], [-1.22968506813, 56.9890861511, 22.6361618042, 40.0468063354, 56.7679405212, 48.594367981, 49.2552719116, 0.513881981373, 51.9680900574, 125.414833069, 61.2098808289, 3.81250190735, 0.0322239212692], [-449.452941895, 83.7654800415, 81.766166687, -3.32950401306, 38.3262443542, 88.8834075928, -41.806312561, 26.8974647522, 17.8735809326, 61.2098808289, 165.895782471, 51.8174934387, 25.9797344208], [-292.820831299, -54.484500885, 45.0635223389, 34.4006309509, 32.5475616455, -18.174331665, 8.26309490204, -0.799461364746, -7.8763833046, 3.81250190735, 51.8174934387, 99.4800415039, 33.0906906128], [-479.746520996, -4.65572834015, 79.4265365601, 19.6015853882, 25.1855335236, 25.2988624573, 7.29124307632, 34.2956199646, 0.211666539311, 0.0322239212692, 25.9797344208, 33.0906906128, 85.5530853271]],
