{
"lowlevel": {
    "average_loudness": 0.741639733315,
    "barkbands_crest": {
        "dmean": 2.4442076683,
        "dmean2": 3.83160829544,
        "dvar": 5.81650161743,
        "dvar2": 13.7275133133,
        "max": 26.4634895325,
        "mean": 9.97452449799,
        "median": 9.02571201324,
        "min": 2.38075447083,
        "var": 21.3059444427
    },
    "barkbands_flatness_db": {
        "dmean": 0.0252698864788,
        "dmean2": 0.0349903181195,
        "dvar": 0.0007658948889,
        "dvar2": 0.00159512739629,
        "max": 0.475781530142,
        "mean": 0.129845127463,
        "median": 0.12097723037,
        "min": 0.0213424358517,
        "var": 0.00349067826755
    },
    "barkbands_kurtosis": {
        "dmean": 7.08839607239,
        "dmean2": 10.5373935699,
        "dvar": 807.071472168,
        "dvar2": 2009,
        "max": 874.354248047,
        "mean": 9.61752891541,
        "median": 2.88568067551,
        "min": -1.93114197254,
        "var": 966.274780273
    },
    "barkbands_skewness": {
        "dmean": 0.814427793026,
        "dmean2": 1.15947031975,
        "dvar": 1.42499601841,
        "dvar2": 3.06895112991,
        "max": 28.6444454193,
        "mean": 1.62892735004,
        "median": 1.51113605499,
        "min": -12.4667825699,
        "var": 5.17351436615
    },
    "barkbands_spread": {
        "dmean": 11.1396827698,
        "dmean2": 16.5006446838,
        "dvar": 202.476486206,
        "dvar2": 435.140014648,
        "max": 114.511116028,
        "mean": 30.6566524506,
        "median": 22.1595134735,
        "min": 0.474113851786,
        "var": 593.122497559
    },
    "dissonance": {
        "dmean": 0.0196962747723,
        "dmean2": 0.0320906043053,
        "dvar": 0.000482887437101,
        "dvar2": 0.00124047952704,
        "max": 0.5,
        "mean": 0.457543939352,
        "median": 0.464735895395,
        "min": 0.256101697683,
        "var": 0.00117625750136
    },
    "dynamic_complexity": 5.53995847702,
    "erbbands_crest": {
        "dmean": 2.69349002838,
        "dmean2": 4.17272949219,
        "dvar": 6.0973238945,
        "dvar2": 13.2450819016,
        "max": 29.3700313568,
        "mean": 9.49941921234,
        "median": 8.58217811584,
        "min": 2.31839609146,
        "var": 20.6650848389
    },
    "erbbands_flatness_db": {
        "dmean": 0.0193207263947,
        "dmean2": 0.0278076846153,
        "dvar": 0.00039657659363,
        "dvar2": 0.000830782984849,
        "max": 0.349918276072,
        "mean": 0.129367470741,
        "median": 0.123965546489,
        "min": 0.0436778105795,
        "var": 0.00167669646908
    },
    "erbbands_kurtosis": {
        "dmean": 1.60050415993,
        "dmean2": 2.46287226677,
        "dvar": 8.35026264191,
        "dvar2": 16.7990074158,
        "max": 78.6191177368,
        "mean": 1.47678589821,
        "median": 0.726743936539,
        "min": -1.78689563274,
        "var": 13.1841192245
    },
    "erbbands_skewness": {
        "dmean": 0.521070063114,
        "dmean2": 0.766704022884,
        "dvar": 0.382695883512,
        "dvar2": 0.802137494087,
        "max": 3.87576341629,
        "mean": 0.243952706456,
        "median": 0.483963221312,
        "min": -7.50661468506,
        "var": 1.4260866642
    },
    "erbbands_spread": {
        "dmean": 13.9270601273,
        "dmean2": 21.0720100403,
        "dvar": 254.625946045,
        "dvar2": 549.946350098,
        "max": 157.138824463,
        "mean": 48.244140625,
        "median": 41.3953437805,
        "min": 2.4463789463,
        "var": 750.51550293
    },
    "hfc": {
        "dmean": 14.6806402206,
        "dmean2": 20.9748954773,
        "dvar": 855.13671875,
        "dvar2": 1707.07263184,
        "max": 546.283813477,
        "mean": 25.6394939423,
        "median": 12.0085601807,
        "min": 1.18863140871e-16,
        "var": 1617.45678711
    },
    "melbands_crest": {
        "dmean": 3.20429778099,
        "dmean2": 4.89174795151,
        "dvar": 12.1162500381,
        "dvar2": 25.2635040283,
        "max": 39.8626327515,
        "mean": 14.3476247787,
        "median": 12.8107051849,
        "min": 1.77958357334,
        "var": 48.7306213379
    },
    "melbands_flatness_db": {
        "dmean": 0.0316223502159,
        "dmean2": 0.0430821739137,
        "dvar": 0.00116733962204,
        "dvar2": 0.00228092819452,
        "max": 0.542004644871,
        "mean": 0.191587626934,
        "median": 0.19177980721,
        "min": 0.00619886629283,
        "var": 0.00788439530879
    },
    "melbands_kurtosis": {
        "dmean": 15.987821579,
        "dmean2": 23.5617656708,
        "dvar": 2791.82446289,
        "dvar2": 6124.67773438,
        "max": 1363.80102539,
        "mean": 27.108335495,
        "median": 9.64095592499,
        "min": -1.9078810215,
        "var": 5831.28710938
    },
    "melbands_skewness": {
        "dmean": 1.03783643246,
        "dmean2": 1.50824284554,
        "dvar": 2.19353246689,
        "dvar2": 4.64392709732,
        "max": 30.7228355408,
        "mean": 3.10068178177,
        "median": 2.57033467293,
        "min": -5.23609733582,
        "var": 8.31631469727
    },
    "melbands_spread": {
        "dmean": 15.6782894135,
        "dmean2": 23.7279033661,
        "dvar": 795.051086426,
        "dvar2": 1737.95410156,
        "max": 302.758544922,
        "mean": 38.5828170776,
        "median": 19.7591590881,
        "min": 0.278271228075,
        "var": 2117.09448242
    },
    "pitch_salience": {
        "dmean": 0.0740146636963,
        "dmean2": 0.113782845438,
        "dvar": 0.00561037706211,
        "dvar2": 0.0124775022268,
        "max": 0.920324862003,
        "mean": 0.552184760571,
        "median": 0.563133537769,
        "min": 0.00910705048591,
        "var": 0.0186312235892
    },
    "silence_rate_20dB": {
        "dmean": 0,
        "dmean2": 0,
        "dvar": 0,
        "dvar2": 0,
        "max": 1,
        "mean": 1,
        "median": 1,
        "min": 1,
        "var": 0
    },
    "silence_rate_30dB": {
        "dmean": 0.0286377705634,
        "dmean2": 0.0572977140546,
        "dvar": 0.0278175696731,
        "dvar2": 0.0602085776627,
        "max": 1,
        "mean": 0.950096726418,
        "median": 1,
        "min": 0,
        "var": 0.0474127344787
    },
    "silence_rate_60dB": {
        "dmean": 0.0352167189121,
        "dmean2": 0.0704607069492,
        "dvar": 0.0339788682759,
        "dvar2": 0.073235116899,
        "max": 1,
        "mean": 0.196131527424,
        "median": 0,
        "min": 0,
        "var": 0.157676056027
    },
    "spectral_centroid": {
        "dmean": 415.052490234,
        "dmean2": 596.375732422,
        "dvar": 397326.84375,
        "dvar2": 721661.125,
        "max": 11148.1591797,
        "mean": 1726.26635742,
        "median": 1204.95910645,
        "min": 222.772369385,
        "var": 1574637.75
    },
    "spectral_complexity": {
        "dmean": 3.31037139893,
        "dmean2": 4.80255508423,
        "dvar": 26.9740047455,
        "dvar2": 43.1504020691,
        "max": 60,
        "mean": 12.1980657578,
        "median": 10,
        "min": 0,
        "var": 118.44694519
    },
    "spectral_decrease": {
        "dmean": 2.91060886504e-09,
        "dmean2": 4.06472322467e-09,
        "dvar": 3.39610812623e-17,
        "dvar2": 6.60058166558e-17,
        "max": 8.01785821078e-29,
        "mean": -7.43239292333e-09,
        "median": -4.05715550045e-09,
        "min": -6.86985970333e-08,
        "var": 9.73097853411e-17
    },
    "spectral_energy": {
        "dmean": 0.0118670668453,
        "dmean2": 0.016574954614,
        "dvar": 0.00050515687326,
        "dvar2": 0.000979396165349,
        "max": 0.261328458786,
        "mean": 0.0303771495819,
        "median": 0.0172800626606,
        "min": 1.04786262568e-20,
        "var": 0.00147937750444
    },
    "spectral_energyband_high": {
        "dmean": 0.00152229773812,
        "dmean2": 0.00223632669076,
        "dvar": 9.68444601313e-06,
        "dvar2": 1.96471573872e-05,
        "max": 0.0548761822283,
        "mean": 0.00198572245426,
        "median": 0.000391344219679,
        "min": 7.21352627479e-21,
        "var": 1.71296433109e-05
    },
    "spectral_energyband_low": {
        "dmean": 0.00713503966108,
        "dmean2": 0.00999835226685,
        "dvar": 0.000406113424106,
        "dvar2": 0.000781989307143,
        "max": 0.248923689127,
        "mean": 0.0152175901458,
        "median": 0.00326319108717,
        "min": 4.15374267882e-23,
        "var": 0.000986640923657
    },
    "spectral_energyband_middle_high": {
        "dmean": 0.00155030644964,
        "dmean2": 0.00218238122761,
        "dvar": 1.43472288983e-05,
        "dvar2": 2.61079312622e-05,
        "max": 0.0654237568378,
        "mean": 0.0036907827016,
        "median": 0.00107430003118,
        "min": 1.7857823722e-21,
        "var": 4.73085347039e-05
    },
    "spectral_energyband_middle_low": {
        "dmean": 0.00467624235898,
        "dmean2": 0.00714023085311,
        "dvar": 8.96056153579e-05,
        "dvar2": 0.000221906841034,
        "max": 0.0942550301552,
        "mean": 0.00993800163269,
        "median": 0.00694613996893,
        "min": 2.50837648752e-22,
        "var": 0.000140366770211
    },
    "spectral_entropy": {
        "dmean": 0.21470297873,
        "dmean2": 0.291683077812,
        "dvar": 0.0544429384172,
        "dvar2": 0.0950063318014,
        "max": 9.79620265961,
        "mean": 7.79477310181,
        "median": 7.86971378326,
        "min": 6.10222578049,
        "var": 0.256063550711
    },
    "spectral_flux": {
        "dmean": 0.0272838715464,
        "dmean2": 0.0421630591154,
        "dvar": 0.00163421058096,
        "dvar2": 0.00345329358242,
        "max": 0.408330321312,
        "mean": 0.0745815336704,
        "median": 0.060254778713,
        "min": 1.02365158017e-10,
        "var": 0.00394565239549
    },
    "spectral_kurtosis": {
        "dmean": 1.00298690796,
        "dmean2": 1.4845250845,
        "dvar": 1.41414833069,
        "dvar2": 2.77470469475,
        "max": 22.1910037994,
        "mean": 2.67636942863,
        "median": 2.28274965286,
        "min": -1.55592179298,
        "var": 4.8195476532
    },
    "spectral_rms": {
        "dmean": 0.000922755454667,
        "dmean2": 0.00127263809554,
        "dvar": 1.8880218704e-06,
        "dvar2": 3.48917615156e-06,
        "max": 0.0159672982991,
        "mean": 0.0044798636809,
        "median": 0.00410592230037,
        "min": 3.19735037058e-12,
        "var": 9.56705480348e-06
    },
    "spectral_rolloff": {
        "dmean": 1151.65783691,
        "dmean2": 1893.2947998,
        "dvar": 4113651,
        "dvar2": 8270054.5,
        "max": 18992.2851562,
        "mean": 3048.53515625,
        "median": 1033.59375,
        "min": 21.533203125,
        "var": 13302551
    },
    "spectral_skewness": {
        "dmean": 0.241151809692,
        "dmean2": 0.333699524403,
        "dvar": 0.072508841753,
        "dvar2": 0.122361496091,
        "max": 3.3360888958,
        "mean": 1.34531259537,
        "median": 1.36190402508,
        "min": -0.919181764126,
        "var": 0.293270796537
    },
    "spectral_spread": {
        "dmean": 927656.5,
        "dmean2": 1350040.125,
        "dvar": 1.66516123238e+12,
        "dvar2": 2.92352373555e+12,
        "max": 42013980,
        "mean": 6938422,
        "median": 6581529,
        "min": 1646191,
        "var": 4.5363625984e+12
    },
    "spectral_strongpeak": {
        "dmean": 0.360475420952,
        "dmean2": 0.613893330097,
        "dvar": 0.672721743584,
        "dvar2": 1.81825482845,
        "max": 17.2545146942,
        "mean": 0.708155989647,
        "median": 0.401551455259,
        "min": 0,
        "var": 0.960413515568
    },
    "zerocrossingrate": {
        "dmean": 0.0228125974536,
        "dmean2": 0.0241134949028,
        "dvar": 0.00076385383727,
        "dvar2": 0.000829737284221,
        "max": 0.5048828125,
        "mean": 0.108878031373,
        "median": 0.076171875,
        "min": 0,
        "var": 0.00812520086765
    },
    "barkbands": {
        "dmean": [0.00122608651873, 0.00593860913068, 0.00103587773629, 0.00051356194308, 0.00196794164367, 0.000971775501966, 0.000959794211667, 0.000890021619853, 0.000523524766322, 0.000564717222005, 0.000380741548724, 0.000248264084803, 0.000217000124394, 0.000213073406485, 0.000271614815574, 0.000147878585267, 0.000178479851456, 9.85572405625e-05, 9.94383808575e-05, 0.000150370819028, 0.000281864515273, 0.000300924264593, 0.000245277507929, 0.000328223861288, 0.000314715027343, 8.90589435585e-05, 2.36484011111e-05],
        "dmean2": [0.00185858167242, 0.00834673643112, 0.00179693836253, 0.000862681306899, 0.00307964673266, 0.00143634632695, 0.00153416406829, 0.00143472023774, 0.000794006395154, 0.000833933823742, 0.000570622913074, 0.0003664685064, 0.000325483997585, 0.000321297557093, 0.000416467781179, 0.000221801281441, 0.000301518797642, 0.000154952591402, 0.000152824475663, 0.000211548496736, 0.000449433049653, 0.000445869634859, 0.000350811693352, 0.000526743591763, 0.000471118401038, 0.000130359709146, 3.86898391298e-05],
        "dvar": [1.41824884849e-05, 0.00029868184356, 9.9842200143e-06, 2.3696959488e-06, 2.12300928979e-05, 2.71007024821e-06, 7.3831301961e-06, 7.69733196648e-06, 3.05556955027e-06, 2.37480480791e-06, 8.65039908149e-07, 5.60974626751e-07, 4.08702618415e-07, 5.1832552117e-07, 8.87080773282e-07, 1.78148880536e-07, 5.39048755854e-07, 1.33770996058e-07, 6.47259810194e-08, 3.31566354816e-07, 2.74450229654e-07, 3.29601476778e-07, 3.18745662753e-07, 5.07356332946e-07, 2.26064685194e-06, 7.23708240002e-08, 3.368353374e-09],
        "dvar2": [3.23099557136e-05, 0.000606481335126, 2.63381334662e-05, 6.43076737106e-06, 5.23518865521e-05, 6.27635108685e-06, 1.96558466996e-05, 1.77935835382e-05, 6.46890521239e-06, 5.04358058606e-06, 1.85414683074e-06, 1.13802195756e-06, 8.62617810071e-07, 1.32649870466e-06, 2.05497713068e-06, 3.46662915263e-07, 1.46131083056e-06, 3.29169239421e-07, 1.42067420938e-07, 6.34130969956e-07, 6.52332118989e-07, 6.82479424086e-07, 6.77835657825e-07, 1.21689640764e-06, 4.42919008492e-06, 1.56667496753e-07, 8.82516726364e-09],
        "max": [0.0468135103583, 0.22252497077, 0.0443318113685, 0.0188341997564, 0.057280741632, 0.0200739670545, 0.0307743381709, 0.051350556314, 0.063034683466, 0.0303950291127, 0.0248285904527, 0.0209141615778, 0.0175686944276, 0.0243755094707, 0.0116485403851, 0.00665594777092, 0.00821715220809, 0.00441456632689, 0.00534509960562, 0.0133873717859, 0.00815683882684, 0.00753066129982, 0.0103322826326, 0.0154855456203, 0.0432662405074, 0.00625391909853, 0.000613327021711],
        "mean": [0.00167173356749, 0.011583247222, 0.00168672099244, 0.000996186747216, 0.00320645887405, 0.00184097734746, 0.00134525890462, 0.00121053215116, 0.000985695165582, 0.0010481964564, 0.000633711344562, 0.000409495667554, 0.000350909016561, 0.000289822201012, 0.000334115058649, 0.000196888664505, 0.000208797428058, 0.000121668163047, 0.000165954552358, 0.000223874521907, 0.000303455250105, 0.000349261623342, 0.000313555414323, 0.000372220703866, 0.000385224266211, 0.000119632932183, 2.35985389736e-05],
        "median": [6.41253936919e-05, 0.00182984373532, 0.000525986310095, 0.000443254975835, 0.00167554593645, 0.000627447967418, 0.000289433373837, 9.66879888438e-05, 5.85149937251e-05, 6.52378948871e-05, 5.39556931471e-05, 6.4343905251e-05, 6.14937453065e-05, 3.70803572878e-05, 4.44626057288e-05, 4.28902785643e-05, 5.64920374018e-05, 3.36025441356e-05, 5.83626351727e-05, 5.51601697225e-05, 5.16011641594e-05, 3.39675207215e-05, 3.47728018824e-05, 7.65299846535e-05, 8.4237610281e-05, 3.02516000374e-05, 3.71589158021e-06],
        "min": [2.50006724994e-24, 2.36090133942e-23, 8.62694026101e-24, 1.33249603613e-23, 3.81316460477e-23, 2.32517730001e-23, 3.38149486872e-23, 3.9240333252e-23, 8.05634991074e-23, 1.24724096665e-22, 2.26420213857e-23, 1.01828910882e-22, 6.84925451732e-23, 1.57328437319e-22, 1.34557254159e-22, 1.82957972771e-22, 3.08178748884e-22, 1.56988242631e-22, 4.02191127357e-22, 2.8940592931e-22, 3.48101976933e-22, 3.92952064165e-22, 4.53277658604e-22, 8.4168015367e-22, 1.19084321794e-21, 1.66872854051e-21, 2.45132046278e-21],
        "var": [2.59708649537e-05, 0.000661276222672, 1.06077113742e-05, 2.91581181955e-06, 2.60363576672e-05, 7.58000896894e-06, 8.33428111946e-06, 1.1105386875e-05, 1.17182180475e-05, 8.34243019199e-06, 2.9112102311e-06, 1.58238617587e-06, 9.19510000585e-07, 9.67748860603e-07, 1.14460260647e-06, 2.81699669813e-07, 4.37584105839e-07, 1.36297387598e-07, 1.21639359918e-07, 6.44836859465e-07, 3.85009258252e-07, 5.85387340379e-07, 5.46009516711e-07, 7.63153650496e-07, 2.89943181997e-06, 1.17059265392e-07, 3.0392792727e-09]
    },
    "erbbands": {
        "dmean": [0.29705825448, 0.957656621933, 1.34855926037, 1.34695506096, 3.37302947044, 7.9425201416, 8.85894870758, 7.73972892761, 9.26520347595, 17.614074707, 20.1336936951, 12.9163360596, 15.395029068, 17.979970932, 12.3601713181, 10.9882392883, 9.01336479187, 12.0906972885, 11.2128305435, 11.3822164536, 7.18270206451, 9.15089893341, 5.86426210403, 4.88041830063, 5.37409305573, 7.22552633286, 9.011926651, 13.1183214188, 11.3011989594, 8.68706035614, 6.71799850464, 6.6557226181, 5.61322116852, 4.18425798416, 1.80771446228, 0.567241132259, 0.129910320044, 0.02672925964, 0.00500003946945, 0.000194028107217],
        "dmean2": [0.410774827003, 1.45729076862, 2.30829381943, 2.27520513535, 5.42305517197, 12.5126543045, 13.9080343246, 10.8093767166, 14.0254821777, 28.1880302429, 32.9332084656, 19.1480312347, 23.4244403839, 26.3644237518, 18.4747848511, 15.7421646118, 13.4633541107, 17.809217453, 16.889503479, 17.3613204956, 10.9936676025, 15.5256814957, 9.33486557007, 7.6660284996, 8.02347946167, 10.4005775452, 13.9163389206, 20.9018878937, 17.052646637, 12.6406593323, 9.75114059448, 10.5792284012, 9.02571582794, 6.40570688248, 2.65881490707, 0.826566696167, 0.189522534609, 0.0420825630426, 0.00825146306306, 0.000317779486068],
        "dvar": [0.81948107481, 8.30213165283, 17.3367729187, 14.3030462265, 107.243919373, 364.203063965, 297.639038086, 214.106369019, 424.836791992, 2599.20483398, 4958.75634766, 1994.69702148, 2157.59643555, 2870.51416016, 1020.83361816, 1195.80126953, 628.946960449, 1797.16967773, 1166.48303223, 1718.09814453, 544.44720459, 1552.19555664, 533.26159668, 202.197937012, 254.465942383, 687.100830078, 433.301239014, 617.31854248, 460.934936523, 289.384887695, 282.533630371, 260.039215088, 153.921600342, 437.422119141, 69.9664916992, 4.28611373901, 0.117474347353, 0.00406158249825, 0.000158605063916, 2.41428153913e-07],
        "dvar2": [1.57146680355, 20.1575393677, 45.0983276367, 37.3664588928, 276.14666748, 872.160461426, 747.043457031, 430.475036621, 1010.20092773, 6714.29248047, 11741.5292969, 3990.80981445, 5016.16748047, 6079.32128906, 1983.47021484, 2304.47192383, 1338.23327637, 4508.19287109, 2499.43774414, 3992.4699707, 1043.50244141, 4270.015625, 1337.75402832, 490.625915527, 443.814788818, 1397.67260742, 878.206176758, 1522.54956055, 977.278625488, 598.652893066, 608.595275879, 609.569458008, 365.950714111, 833.479309082, 149.061645508, 9.49578475952, 0.253458410501, 0.010117967613, 0.000417670904426, 6.44309920972e-07],
        "max": [11.1617355347, 41.9738006592, 58.5241699219, 47.0668563843, 148.185775757, 200.241455078, 257.263793945, 192.330566406, 225.825149536, 758.180297852, 1376.72424316, 1888.95910645, 882.75012207, 1089.16882324, 1217.96447754, 1061.09472656, 598.992919922, 1461.8782959, 587.587219238, 564.278076172, 536.716003418, 445.267120361, 278.395568848, 164.009368896, 452.565216064, 614.833435059, 559.288391113, 216.537857056, 242.487075806, 275.301177979, 324.254516602, 361.49420166, 193.440734863, 690.953186035, 200.123626709, 45.6262512207, 10.3375930786, 0.79532545805, 0.126631826162, 0.00624683126807],
        "mean": [0.501790821552, 1.89694869518, 2.27643847466, 2.75168633461, 5.68888711929, 12.2038030624, 15.3056669235, 15.156961441, 16.3190460205, 23.2397422791, 26.3459835052, 26.1257457733, 27.1753196716, 35.5566139221, 23.2067470551, 18.9984741211, 15.426817894, 19.1754627228, 15.899977684, 14.2171258926, 10.3519153595, 10.4428377151, 7.3284330368, 7.17680358887, 9.41730117798, 10.6806879044, 11.198059082, 13.3263444901, 12.8247594833, 10.5742502213, 8.54836750031, 7.813601017, 6.24207735062, 4.96739578247, 2.26874065399, 0.75918918848, 0.174050703645, 0.0311419665813, 0.00493272114545, 0.000199742469704],
        "median": [0.0307191126049, 0.439843684435, 0.785582959652, 1.4459195137, 2.74324727058, 5.04729223251, 5.66834115982, 4.11250638962, 4.53235149384, 5.12031936646, 2.83884429932, 2.73524093628, 4.04376316071, 3.40787243843, 3.33697533607, 3.25145125389, 3.01342630386, 3.15829730034, 2.35823535919, 2.58932256699, 2.6989710331, 2.71159338951, 2.06386089325, 2.22467803955, 3.33361411095, 2.6988067627, 2.23731184006, 1.9242118597, 1.27616298199, 1.06258356571, 0.981654286385, 1.42490899563, 1.27160036564, 0.969099581242, 0.543291985989, 0.185699567199, 0.0433079376817, 0.00751712871715, 0.000740227638744, 5.52024976059e-05],
        "min": [1.15732917551e-21, 3.5978846783e-21, 5.96617385787e-21, 3.6207281918e-20, 1.25190128021e-19, 9.21982942452e-20, 5.35010242e-20, 2.49225796249e-19, 6.20828052741e-19, 4.35890320109e-19, 1.20550955348e-18, 1.60376610255e-18, 2.86706114946e-18, 3.03259198415e-18, 1.41805485265e-18, 4.44035929492e-18, 3.51670708907e-18, 6.54120242259e-18, 9.54207595936e-18, 1.12388351539e-17, 8.72283462633e-18, 1.35774707874e-17, 1.0366298574e-17, 1.56681275995e-17, 2.09417993968e-17, 1.02401502219e-17, 1.15715801359e-17, 1.69594012034e-17, 1.31048479096e-17, 1.19353617616e-17, 1.52460537288e-17, 1.44966247851e-17, 1.51191112833e-17, 1.50265696251e-17, 7.98422106914e-18, 5.70014544168e-18, 2.90079005933e-18, 1.22379572509e-18, 3.77642355174e-19, 3.5858072759e-20],
        "var": [1.77298569679, 14.5265493393, 19.7940292358, 17.2830524445, 107.958267212, 492.031860352, 637.125854492, 695.658874512, 907.046203613, 2860.66748047, 6395.34814453, 8826.3515625, 4960.00292969, 10296.6494141, 4651.15771484, 3357.3137207, 1389.50305176, 4068.9074707, 1971.89733887, 1999.76965332, 835.352600098, 1210.26196289, 511.221130371, 267.697906494, 578.605651855, 1358.81994629, 725.122802734, 780.60925293, 777.090576172, 532.022216797, 459.424530029, 395.285583496, 210.748458862, 564.535888672, 84.2739181519, 6.27112627029, 0.195827379823, 0.00441250624135, 0.000139498093631, 1.95072246356e-07]
    },
    "gfcc": {
        "mean": [-28.1991539001, 42.7820549011, -80.0884857178, 32.7057876587, -61.5112495422, 15.6978130341, -40.2012901306, 11.3274002075, -26.2168064117, 10.2718248367, -12.3191690445, 2.96919393539, -9.56107997894],
        "cov": [[15707.9365234, 2814.71704102, 431.850616455, -332.151062012, 80.1357269287, 648.348449707, 309.774291992, -172.148635864, -49.2593078613, -238.467681885, -148.286590576, 155.700897217, 361.139434814], [2814.71704102, 3247.58789062, 102.37676239, -295.691467285, 496.954864502, 231.701477051, 103.637321472, 94.9764022827, -71.4946594238, -45.4382019043, 128.092773438, -56.6918907166, 222.208206177], [431.850616455, 102.37676239, 1121.06896973, 523.974609375, 208.022735596, 114.374046326, 7.20647478104, -30.1674461365, 25.1570339203, 16.0081596375, 48.4571304321, 56.5402832031, -68.6885986328], [-332.151062012, -295.691467285, 523.974609375, 724.49407959, 161.472381592, 21.0451507568, -18.0658454895, -32.9863624573, 44.9011421204, 35.3887214661, 19.0060081482, 46.991394043, -77.6544113159], [80.1357269287, 496.954864502, 208.022735596, 161.472381592, 339.759765625, 92.032913208, 32.4270210266, 54.8102073669, 24.6544532776, 16.2824344635, 50.2646484375, 4.77446985245, 13.9011192322], [648.348449707, 231.701477051, 114.374046326, 21.0451507568, 92.032913208, 257.800262451, 131.433197021, 23.5790176392, 4.87592506409, 2.93385577202, -4.93827676773, 3.89408183098, 50.940952301], [309.774291992, 103.637321472, 7.20647478104, -18.0658454895, 32.4270210266, 131.433197021, 235.909072876, 54.8850212097, 20.560092926, -11.9430685043, -10.7935771942, -10.2425079346, 27.5177268982], [-172.148635864, 94.9764022827, -30.1674461365, -32.9863624573, 54.8102073669, 23.5790176392, 54.8850212097, 162.993133545, 28.8916320801, 9.31289768219, 18.257276535, -7.55848503113, 28.25806427], [-49.2593078613, -71.4946594238, 25.1570339203, 44.9011421204, 24.6544532776, 4.87592506409, 20.560092926, 28.8916320801, 123.1379776, 40.6073722839, 15.2362375259, 17.8262462616, -8.84592723846], [-238.467681885, -45.4382019043, 16.0081596375, 35.3887214661, 16.2824344635, 2.93385577202, -11.9430685043, 9.31289768219, 40.6073722839, 91.9052429199, 55.0489006042, 8.38216209412, -14.918211937], [-148.286590576, 128.092773438, 48.4571304321, 19.0060081482, 50.2646484375, -4.93827676773, -10.7935771942, 18.257276535, 15.2362375259, 55.0489006042, 107.557067871, 21.8711795807, 1.29525959492], [155.700897217, -56.6918907166, 56.5402832031, 46.991394043, 4.77446985245, 3.89408183098, -10.2425079346, -7.55848503113, 17.8262462616, 8.38216209412, 21.8711795807, 83.0356750488, 21.6984653473], [361.139434814, 222.208206177, -68.6885986328, -77.6544113159, 13.9011192322, 50.940952301, 27.5177268982, 28.25806427, -8.84592723846, -14.918211937, 1.29525959492, 21.6984653473, 149.623916626]],
        "icov": [[9.95473455987e-05, -0.000110397770186, -3.66848289559e-05, 1.18522375487e-05, 0.000166853598785, -0.000189317026525, -1.2555223293e-05, 0.000120831791719, -9.93035791907e-05, 0.00012732752657, 0.000178672649781, -0.000269928510534, -1.41448108479e-05], [-0.000110397770186, 0.000700142118149, -6.70941444696e-05, 0.000388337037293, -0.00106534478255, 9.76480587269e-05, 1.07661990114e-05, 7.1210146416e-05, 0.000245037197601, 0.000368117471226, -0.000930363254156, 0.000893411226571, -0.000622597930487], [-3.66848289559e-05, -6.70941444696e-05, 0.00158200913575, -0.00102795404382, -0.000172541709617, -0.000685622158926, 0.000241129149799, 5.53434365429e-05, 2.69096204875e-07, 0.000632622337434, -0.000675054907333, -0.00046791281784, 0.000712392269634], [1.18522375487e-05, 0.000388337037293, -0.00102795404382, 0.00272014294751, -0.00146433908958, 0.000375245057512, -0.000136946226121, 0.000542107329238, -0.000113711670565, -0.000695180846378, 0.000631131289992, -0.000641533988528, 0.000277139100945], [0.000166853598785, -0.00106534478255, -0.000172541709617, -0.00146433908958, 0.00606803223491, -0.0017402790254, 0.000609074253589, -0.00138586165849, -0.00100340100471, 0.000896575278603, -0.00107609166298, -0.000155746209202, 0.000580655352678], [-0.000189317026525, 9.76480587269e-05, -0.000685622158926, 0.000375245057512, -0.0017402790254, 0.0074031422846, -0.00369025417604, 0.00052839552518, 0.00109446025454, -0.00283051258884, 0.00186181580648, 6.06222747592e-05, -0.00183039112017], [-1.2555223293e-05, 1.07661990114e-05, 0.000241129149799, -0.000136946226121, 0.000609074253589, -0.00369025417604, 0.00681754248217, -0.00178242323454, -0.00139186088927, 0.00200430070981, -0.000603959197178, 0.000931790098548, 0.000324180466123], [0.000120831791719, 7.1210146416e-05, 5.53434365429e-05, 0.000542107329238, -0.00138586165849, 0.00052839552518, -0.00178242323454, 0.00804595649242, -0.0016995066544, 0.000339347665431, -0.00104012887459, 0.00105301605072, -0.00154388300143], [-9.93035791907e-05, 0.000245037197601, 2.69096204875e-07, -0.000113711670565, -0.00100340100471, 0.00109446025454, -0.00139186088927, -0.0016995066544, 0.0111022787169, -0.00585956638679, 0.0021672998555, -0.00239996425807, 0.000515870866366], [0.00012732752657, 0.000368117471226, 0.000632622337434, -0.000695180846378, 0.000896575278603, -0.00283051258884, 0.00200430070981, 0.000339347665431, -0.00585956638679, 0.0209704022855, -0.0111822839826, 0.00214569806121, 0.00105333491229], [0.000178672649781, -0.000930363254156, -0.000675054907333, 0.000631131289992, -0.00107609166298, 0.00186181580648, -0.000603959197178, -0.00104012887459, 0.0021672998555, -0.0111822839826, 0.0180261749774, -0.00524060567841, 0.000358863704605], [-0.000269928510534, 0.000893411226571, -0.00046791281784, -0.000641533988528, -0.000155746209202, 6.06222747592e-05, 0.000931790098548, 0.00105301605072, -0.00239996425807, 0.00214569806121, -0.00524060567841, 0.0167590584606, -0.00391246005893], [-1.41448108479e-05, -0.000622597930487, 0.000712392269634, 0.000277139100945, 0.000580655352678, -0.00183039112017, 0.000324180466123, -0.00154388300143, 0.000515870866366, 0.00105333491229, 0.000358863704605, -0.00391246005893, 0.0096140531823]]
    },
    "melbands": {
        "dmean": [0.00206265016459, 0.000828691059723, 0.000270063377684, 0.000412480294472, 0.000322262261761, 0.000171117324498, 0.000165213714354, 0.0001872517023, 0.000154886889504, 8.14904342405e-05, 7.76719680289e-05, 7.40691975807e-05, 4.2567429773e-05, 3.25258115481e-05, 2.23085389734e-05, 2.28749377129e-05, 2.32825332205e-05, 1.61495518114e-05, 2.11501264857e-05, 1.26083459691e-05, 8.74002307683e-06, 1.06850366137e-05, 6.7966284405e-06, 4.49624712928e-06, 4.04359025197e-06, 4.09785934607e-06, 4.37664994024e-06, 4.98594909004e-06, 5.61664455745e-06, 5.63825551581e-06, 8.60202180775e-06, 6.93243009664e-06, 4.96901975566e-06, 4.98027065987e-06, 4.07525294577e-06, 3.72975887331e-06, 4.29689680459e-06, 4.19494335802e-06, 3.56501527676e-06, 3.69347822016e-06],
        "dmean2": [0.00283179874532, 0.00138359109405, 0.000445389567176, 0.000654342526104, 0.000499704969116, 0.000241719375481, 0.000256200932199, 0.000298638042295, 0.000253918522503, 0.000121794699226, 0.000117549127026, 0.000108313004603, 6.3503801357e-05, 4.92463077535e-05, 3.313522393e-05, 3.38503996318e-05, 3.48127250618e-05, 2.47450043389e-05, 3.32646886818e-05, 1.90371320059e-05, 1.35238351504e-05, 1.84441632882e-05, 1.11120461952e-05, 7.26370171833e-06, 6.44724059384e-06, 6.3206912273e-06, 6.56164002066e-06, 7.37130676498e-06, 8.69464838615e-06, 8.9141249191e-06, 1.38154027809e-05, 1.05492099465e-05, 7.19703029972e-06, 7.45411352909e-06, 6.00364546699e-06, 5.61093565921e-06, 6.9625125434e-06, 6.80690436639e-06, 5.71831651541e-06, 5.56535360374e-06],
        "dvar": [3.62323880836e-05, 6.37155062577e-06, 5.90199078943e-07, 1.16055241506e-06, 3.81644156278e-07, 9.25814305219e-08, 1.59557032475e-07, 2.83121607936e-07, 3.17389549309e-07, 8.86922251198e-08, 5.31621715538e-08, 5.10483992855e-08, 1.05670725503e-08, 8.86740370021e-09, 3.95874133474e-09, 5.46229017573e-09, 6.96205892936e-09, 2.29839369759e-09, 6.5478831246e-09, 1.35431299508e-09, 9.57095291909e-10, 2.12998840787e-09, 7.52338635834e-10, 2.84249512816e-10, 1.30692484612e-10, 1.09306196039e-10, 3.22844279088e-10, 3.66688152065e-10, 2.20251511474e-10, 1.14613152302e-10, 2.92928931112e-10, 1.71869754539e-10, 1.04290645564e-10, 9.61649301856e-11, 1.07802579363e-10, 1.10406010723e-10, 1.06822509172e-10, 8.12938466543e-11, 1.37485356433e-10, 4.45491338263e-10],
        "dvar2": [7.0807604061e-05, 1.58446327987e-05, 1.47946934703e-06, 2.94357960229e-06, 9.23209938719e-07, 1.90040736925e-07, 4.06621580851e-07, 7.0588367862e-07, 7.37671655315e-07, 1.81317219017e-07, 1.22603807995e-07, 1.05924534921e-07, 2.18255937767e-08, 1.95859044538e-08, 8.12082223689e-09, 1.16405995954e-08, 1.79440036163e-08, 5.07704056574e-09, 1.57984807458e-08, 2.86004331329e-09, 1.92821647538e-09, 5.95001869996e-09, 1.91088100898e-09, 7.30957905315e-10, 3.20752452376e-10, 2.34773561703e-10, 5.86734216768e-10, 7.79905973136e-10, 4.44532577415e-10, 2.54970738967e-10, 7.31373850371e-10, 3.66675273478e-10, 2.15361714573e-10, 2.04781858137e-10, 2.35602509724e-10, 2.58189442048e-10, 2.58212479176e-10, 2.05599523517e-10, 3.06540293149e-10, 8.39103231343e-10],
        "max": [0.0760907754302, 0.0357346199453, 0.0101956073195, 0.013917542994, 0.00791281834245, 0.00379950739443, 0.00457466533408, 0.0104042915627, 0.0127043556422, 0.0125891072676, 0.00429547205567, 0.00470749894157, 0.00330442958511, 0.00265416316688, 0.00164914841298, 0.0022702361457, 0.00304919457994, 0.000802967522759, 0.00094941345742, 0.00054587906925, 0.000891056261025, 0.00052498630248, 0.000313820200972, 0.000223148075747, 0.000152667809743, 0.000231150334002, 0.000605871318839, 0.000439621187979, 0.000410757900681, 0.00022007629741, 0.00015348281886, 0.000141587544931, 0.000174736022018, 0.000160172872711, 0.000211544902413, 0.000252742000157, 0.000283063243842, 0.000162313066539, 0.000349871639628, 0.000678565760609],
        "mean": [0.00378673709929, 0.00165195041336, 0.000555378035642, 0.000631597591564, 0.00056036474416, 0.000333448202582, 0.000268628180493, 0.000251279881923, 0.000196252178284, 0.000167855876498, 0.000132323824801, 0.000143943718285, 7.32043918106e-05, 5.76651655138e-05, 3.36494122166e-05, 3.97009571316e-05, 3.3691569115e-05, 2.22263188334e-05, 2.43369777309e-05, 1.6406946088e-05, 1.1649625776e-05, 1.17433355626e-05, 8.23487607704e-06, 5.34691480425e-06, 5.64803985981e-06, 6.78096512274e-06, 7.033347174e-06, 7.01311319062e-06, 7.02425404597e-06, 6.27550571153e-06, 8.42917415866e-06, 7.69765210862e-06, 5.8653636188e-06, 5.91148227613e-06, 5.00909072798e-06, 4.56179168395e-06, 4.80974904349e-06, 4.51333971796e-06, 3.96302084482e-06, 4.34960747953e-06],
        "median": [0.000413657951867, 0.000511481368449, 0.00030773069011, 0.000306993693812, 0.000242016467382, 9.54829447437e-05, 6.54139585095e-05, 5.32079575351e-05, 1.66745085153e-05, 1.10838682303e-05, 1.61503503477e-05, 8.88831254997e-06, 8.76299054653e-06, 9.02335614228e-06, 5.29773888047e-06, 6.58284761812e-06, 4.72773081128e-06, 3.30475927512e-06, 3.17984881804e-06, 3.61081106348e-06, 2.71330577561e-06, 2.77972162621e-06, 2.35759148381e-06, 1.38572022479e-06, 1.54914528139e-06, 2.4366991056e-06, 1.98333850676e-06, 1.59229932706e-06, 1.44309808547e-06, 1.05589003851e-06, 1.08189180992e-06, 7.4840392017e-07, 5.13365876031e-07, 6.14523628428e-07, 5.64935646707e-07, 5.85039970247e-07, 9.43421241573e-07, 8.6467963456e-07, 8.02629358532e-07, 7.83660368597e-07],
        "min": [8.3167980184e-24, 3.53741007119e-24, 8.10901521141e-24, 9.66569100176e-24, 1.69348576778e-24, 6.07974074135e-24, 8.42324375351e-24, 4.65182834997e-24, 1.17184025293e-23, 1.0341849716e-23, 1.49422119917e-23, 1.37299962599e-23, 3.3043547246e-24, 9.51876408044e-24, 9.91497104781e-24, 8.46282721601e-24, 1.28681168116e-23, 1.61716958887e-23, 1.18127400384e-23, 1.47651316511e-23, 1.08960347571e-23, 1.41620585331e-23, 1.2734314958e-23, 7.9339535659e-24, 1.27848178331e-23, 1.72995208585e-23, 1.11663663453e-23, 6.12455040735e-24, 6.94043453174e-24, 8.89531705185e-24, 9.6009988855e-24, 6.78294318517e-24, 8.22197693759e-24, 5.71389150819e-24, 8.32252357085e-24, 8.40632268709e-24, 9.72521055706e-24, 1.13152101986e-23, 1.00612676693e-23, 1.3728254455e-23],
        "var": [8.12634534668e-05, 9.32533021114e-06, 7.3122350841e-07, 1.27604300815e-06, 7.35284459097e-07, 2.99422993066e-07, 2.58850150203e-07, 3.47456506233e-07, 4.10231706383e-07, 4.04372457297e-07, 1.22671423242e-07, 1.91238598291e-07, 3.98611206265e-08, 2.76949805311e-08, 8.48444248192e-09, 1.3779771102e-08, 1.39985187886e-08, 3.74905217981e-09, 7.26075422008e-09, 1.94590077385e-09, 1.35023703329e-09, 1.58067592348e-09, 7.20064619042e-10, 2.59585408724e-10, 1.74856421009e-10, 2.08435144144e-10, 6.55118237436e-10, 6.48649522983e-10, 3.47149975433e-10, 1.76455808298e-10, 3.46232376103e-10, 2.81632522858e-10, 1.84948514836e-10, 1.66238967036e-10, 1.62061572495e-10, 1.58120586069e-10, 1.58754592805e-10, 1.08582816349e-10, 1.6214146692e-10, 5.70990144055e-10]
    },
    "mfcc": {
        "mean": [-683.777770996, 82.3995056152, 31.2112579346, 21.4321861267, 7.12937450409, 4.07598495483, 3.27306723595, -2.86516451836, -1.58013343811, 0.600893735886, 0.307934135199, 3.20707774162, 1.58469295502],
        "cov": [[13309.0478516, 2701.90893555, 220.835021973, -464.740325928, -19.0945587158, 536.09197998, 226.560760498, 240.976242065, 292.666931152, -43.9513206482, -398.352325439, -224.003234863, 37.9906654358], [2701.90893555, 2905.20239258, -131.681427002, -196.686264038, 300.289978027, 27.893705368, 331.128570557, 42.2192573547, 63.0575408936, 34.2709274292, -71.6221466064, -60.7373123169, 67.4398117065], [220.835021973, -131.681427002, 867.834289551, 369.124938965, 210.482727051, 193.40385437, 43.5101661682, 48.7710266113, -30.5591011047, -53.1018486023, 15.0906143188, 62.4676742554, 65.6167068481], [-464.740325928, -196.686264038, 369.124938965, 564.941894531, 246.671264648, 96.6019210815, -7.09570407867, 23.3258209229, -39.3035430908, -30.6991004944, 34.0891036987, 90.4081039429, 63.210899353], [-19.0945587158, 300.289978027, 210.482727051, 246.671264648, 360.294067383, 69.731300354, 48.4696998596, 13.6622676849, -4.49429988861, -17.2084331512, 19.1387958527, 55.7773666382, 66.984161377], [536.09197998, 27.893705368, 193.40385437, 96.6019210815, 69.731300354, 262.764099121, 63.5609169006, 52.9339141846, 22.0754184723, 10.4841680527, -4.20097398758, 6.30529165268, 16.4640007019], [226.560760498, 331.128570557, 43.5101661682, -7.09570407867, 48.4696998596, 63.5609169006, 219.600402832, 62.6615180969, 45.6293830872, 49.6626968384, -5.51964378357, -27.8285217285, 4.93464422226], [240.976242065, 42.2192573547, 48.7710266113, 23.3258209229, 13.6622676849, 52.9339141846, 62.6615180969, 137.816375732, 74.3481369019, 22.2265415192, 7.12576580048, -8.68191337585, 2.0339820385], [292.666931152, 63.0575408936, -30.5591011047, -39.3035430908, -4.49429988861, 22.0754184723, 45.6293830872, 74.3481369019, 135.135177612, 52.6375579834, -13.4386882782, -28.854467392, -11.8411493301], [-43.9513206482, 34.2709274292, -53.1018486023, -30.6991004944, -17.2084331512, 10.4841680527, 49.6626968384, 22.2265415192, 52.6375579834, 101.751739502, 27.3760032654, -16.4349880219, -10.2489147186], [-398.352325439, -71.6221466064, 15.0906143188, 34.0891036987, 19.1387958527, -4.20097398758, -5.51964378357, 7.12576580048, -13.4386882782, 27.3760032654, 117.84236908, 68.314201355, 9.31531620026], [-224.003234863, -60.7373123169, 62.4676742554, 90.4081039429, 55.7773666382, 6.30529165268, -27.8285217285, -8.68191337585, -28.854467392, -16.4349880219, 68.314201355, 122.946670532, 46.4199562073], [37.9906654358, 67.4398117065, 65.6167068481, 63.210899353, 66.984161377, 16.4640007019, 4.93464422226, 2.0339820385, -11.8411493301, -10.2489147186, 9.31531620026, 46.4199562073, 85.6344680786]],
