{
"lowlevel": {
    "average_loudness": 0.977783858776,
    "barkbands_crest": {
        "dmean": 3.25053691864,
        "dmean2": 5.10012865067,
        "dvar": 8.69048309326,
        "dvar2": 20.6909561157,
        "max": 26.8111839294,
        "mean": 10.7799100876,
        "median": 9.37153053284,
        "min": 1.81810986996,
        "var": 34.2522392273
    },
    "barkbands_flatness_db": {
        "dmean": 0.0342302955687,
        "dmean2": 0.0478699617088,
        "dvar": 0.00177943741437,
        "dvar2": 0.00321445148438,
        "max": 0.692730784416,
        "mean": 0.136744245887,
        "median": 0.107586331666,
        "min": 0.0187729224563,
        "var": 0.00982208084315
    },
    "barkbands_kurtosis": {
        "dmean": 16.2138557434,
        "dmean2": 25.7934207916,
        "dvar": 4052.04248047,
        "dvar2": 9596.98632812,
        "max": 1840.16003418,
        "mean": 17.6570529938,
        "median": 1.75071001053,
        "min": -1.929240942,
        "var": 4349.29150391
    },
    "barkbands_skewness": {
        "dmean": 1.14759516716,
        "dmean2": 1.67810678482,
        "dvar": 3.14219617844,
        "dvar2": 6.73606443405,
        "max": 42.1498260498,
        "mean": 2.21654820442,
        "median": 1.41005313396,
        "min": -8.36437034607,
        "var": 8.66192245483
    },
    "barkbands_spread": {
        "dmean": 8.52836990356,
        "dmean2": 12.346578598,
        "dvar": 101.915214539,
        "dvar2": 222.179489136,
        "max": 118.24584198,
        "mean": 25.7192058563,
        "median": 23.2790756226,
        "min": 0.223644286394,
        "var": 316.327941895
    },
    "dissonance": {
        "dmean": 0.0176765155047,
        "dmean2": 0.0288031473756,
        "dvar": 0.000474263360957,
        "dvar2": 0.00111107586417,
        "max": 0.499999970198,
        "mean": 0.468040138483,
        "median": 0.477198779583,
        "min": 0.0788742229342,
        "var": 0.00126356503461
    },
    "dynamic_complexity": 3.52725958824,
    "erbbands_crest": {
        "dmean": 2.51607131958,
        "dmean2": 4.02196836472,
        "dvar": 6.07084608078,
        "dvar2": 15.2135858536,
        "max": 24.9677600861,
        "mean": 7.59894657135,
        "median": 6.72405481339,
        "min": 2.24088478088,
        "var": 14.2953701019
    },
    "erbbands_flatness_db": {
        "dmean": 0.0188943222165,
        "dmean2": 0.0268781967461,
        "dvar": 0.000674379407428,
        "dvar2": 0.00124642136507,
        "max": 0.506721913815,
        "mean": 0.132641389966,
        "median": 0.121812619269,
        "min": 0.0516044013202,
        "var": 0.00278652715497
    },
    "erbbands_kurtosis": {
        "dmean": 1.17938482761,
        "dmean2": 1.81911623478,
        "dvar": 10.5173120499,
        "dvar2": 19.5555782318,
        "max": 76.807434082,
        "mean": 0.401172488928,
        "median": -0.362818956375,
        "min": -1.83278679848,
        "var": 19.5119037628
    },
    "erbbands_skewness": {
        "dmean": 0.454050630331,
        "dmean2": 0.657509505749,
        "dvar": 0.249589517713,
        "dvar2": 0.526166975498,
        "max": 6.66584873199,
        "mean": 0.120286077261,
        "median": 0.120941437781,
        "min": -5.30567550659,
        "var": 0.757866501808
    },
    "erbbands_spread": {
        "dmean": 11.4952116013,
        "dmean2": 17.2908039093,
        "dvar": 173.228012085,
        "dvar2": 378.950073242,
        "max": 189.090423584,
        "mean": 47.6969795227,
        "median": 42.8096733093,
        "min": 1.66074717045,
        "var": 521.375793457
    },
    "hfc": {
        "dmean": 8.54039478302,
        "dmean2": 11.5035028458,
        "dvar": 259.165405273,
        "dvar2": 374.841369629,
        "max": 129.969802856,
        "mean": 16.8846855164,
        "median": 8.7752456665,
        "min": 2.27627460845e-05,
        "var": 612.481811523
    },
    "melbands_crest": {
        "dmean": 4.42432308197,
        "dmean2": 6.93118333817,
        "dvar": 18.95586586,
        "dvar2": 36.643497467,
        "max": 39.9420890808,
        "mean": 16.3501338959,
        "median": 14.4053668976,
        "min": 2.55325841904,
        "var": 71.5605545044
    },
    "melbands_flatness_db": {
        "dmean": 0.0422038175166,
        "dmean2": 0.0558560863137,
        "dvar": 0.00231608888134,
        "dvar2": 0.00400186842307,
        "max": 0.869763553143,
        "mean": 0.207880333066,
        "median": 0.187268093228,
        "min": 0.0200567916036,
        "var": 0.0154443690553
    },
    "melbands_kurtosis": {
        "dmean": 31.0154037476,
        "dmean2": 48.1916542053,
        "dvar": 7015.86083984,
        "dvar2": 15798.6748047,
        "max": 2158.50048828,
        "mean": 43.5691566467,
        "median": 8.10488700867,
        "min": -1.87179732323,
        "var": 11499.3876953
    },
    "melbands_skewness": {
        "dmean": 1.42549359798,
        "dmean2": 2.13704848289,
        "dvar": 3.97846150398,
        "dvar2": 8.76569080353,
        "max": 45.7151756287,
        "mean": 3.80110692978,
        "median": 2.51684188843,
        "min": -1.41058695316,
        "var": 13.7501268387
    },
    "melbands_spread": {
        "dmean": 11.5683803558,
        "dmean2": 16.3258113861,
        "dvar": 323.209075928,
        "dvar2": 704.586242676,
        "max": 313.225585938,
        "mean": 29.9470901489,
        "median": 21.2896442413,
        "min": 0.214258864522,
        "var": 916.649902344
    },
    "pitch_salience": {
        "dmean": 0.0971282720566,
        "dmean2": 0.156155735254,
        "dvar": 0.00844459421933,
        "dvar2": 0.0199974365532,
        "max": 0.860513210297,
        "mean": 0.523504078388,
        "median": 0.54733890295,
        "min": 0.00764376297593,
        "var": 0.028925800696
    },
    "silence_rate_20dB": {
        "dmean": 0,
        "dmean2": 0,
        "dvar": 0,
        "dvar2": 0,
        "max": 1,
        "mean": 1,
        "median": 1,
        "min": 1,
        "var": 0
    },
    "silence_rate_30dB": {
        "dmean": 0.0479876175523,
        "dmean2": 0.09601239115,
        "dvar": 0.0456856749952,
        "dvar2": 0.131701737642,
        "max": 1,
        "mean": 0.974468111992,
        "median": 1,
        "min": 0,
        "var": 0.0248803179711
    },
    "silence_rate_60dB": {
        "dmean": 0.0611455105245,
        "dmean2": 0.12195122242,
        "dvar": 0.0574064105749,
        "dvar2": 0.124887168407,
        "max": 1,
        "mean": 0.131528049707,
        "median": 0,
        "min": 0,
        "var": 0.114231050014
    },
    "spectral_centroid": {
        "dmean": 391.349639893,
        "dmean2": 540.49621582,
        "dvar": 207555.78125,
        "dvar2": 402382,
        "max": 9344.46777344,
        "mean": 1714.87792969,
        "median": 1592.69360352,
        "min": 174.851043701,
        "var": 814476.125
    },
    "spectral_complexity": {
        "dmean": 5.24496889114,
        "dmean2": 7.14905166626,
        "dvar": 52.7324447632,
        "dvar2": 79.1837539673,
        "max": 64,
        "mean": 15.312959671,
        "median": 12,
        "min": 0,
        "var": 181.794662476
    },
    "spectral_decrease": {
        "dmean": 4.11010780965e-09,
        "dmean2": 6.19465234664e-09,
        "dvar": 3.7645327167e-17,
        "dvar2": 8.76655608479e-17,
        "max": 3.201175219e-12,
        "mean": -6.29531493601e-09,
        "median": -2.61041965821e-09,
        "min": -4.13857073056e-08,
        "var": 6.60707536427e-17
    },
    "spectral_energy": {
        "dmean": 0.0161189511418,
        "dmean2": 0.0240463148803,
        "dvar": 0.000556760001928,
        "dvar2": 0.00129408482462,
        "max": 0.15734577179,
        "mean": 0.0252914521843,
        "median": 0.0110079944134,
        "min": 4.04432427104e-07,
        "var": 0.000986534752883
    },
    "spectral_energyband_high": {
        "dmean": 0.000722856959328,
        "dmean2": 0.000954324845225,
        "dvar": 2.14730334847e-06,
        "dvar2": 2.88070555143e-06,
        "max": 0.0123071400449,
        "mean": 0.00120566342957,
        "median": 0.000343972293194,
        "min": 1.69373370884e-09,
        "var": 5.22191885466e-06
    },
    "spectral_energyband_low": {
        "dmean": 0.0117650441825,
        "dmean2": 0.0180780570954,
        "dvar": 0.000497279397678,
        "dvar2": 0.00114182045218,
        "max": 0.153561323881,
        "mean": 0.0155327273533,
        "median": 0.00272080651484,
        "min": 1.06172109327e-07,
        "var": 0.000820818706416
    },
    "spectral_energyband_middle_high": {
        "dmean": 0.00166975636967,
        "dmean2": 0.00229071313515,
        "dvar": 8.97073186934e-06,
        "dvar2": 1.47428891069e-05,
        "max": 0.0290431566536,
        "mean": 0.00320721953176,
        "median": 0.00160073186271,
        "min": 4.39693143006e-10,
        "var": 1.99075384444e-05
    },
    "spectral_energyband_middle_low": {
        "dmean": 0.0040325075388,
        "dmean2": 0.0061737713404,
        "dvar": 8.31390279927e-05,
        "dvar2": 0.000207038436201,
        "max": 0.0740660429001,
        "mean": 0.00558943254873,
        "median": 0.00296004721895,
        "min": 1.002087191e-09,
        "var": 8.0029356468e-05
    },
    "spectral_entropy": {
        "dmean": 0.20922331512,
        "dmean2": 0.277150332928,
        "dvar": 0.0787313506007,
        "dvar2": 0.135944113135,
        "max": 9.00675582886,
        "mean": 7.71156167984,
        "median": 7.72627496719,
        "min": 3.93460321426,
        "var": 0.329602152109
    },
    "spectral_flux": {
        "dmean": 0.0422503910959,
        "dmean2": 0.0710212215781,
        "dvar": 0.00268346187659,
        "dvar2": 0.00744134141132,
        "max": 0.297739833593,
        "mean": 0.0877473652363,
        "median": 0.0659773945808,
        "min": 0.000178904447239,
        "var": 0.00426498288289
    },
    "spectral_kurtosis": {
        "dmean": 2.64054775238,
        "dmean2": 4.00278329849,
        "dvar": 265.292175293,
        "dvar2": 606.867431641,
        "max": 407.595214844,
        "mean": 5.04047298431,
        "median": 3.0663690567,
        "min": -1.39415705204,
        "var": 326.939361572
    },
    "spectral_rms": {
        "dmean": 0.00132493209094,
        "dmean2": 0.00184784014709,
        "dvar": 2.5572303457e-06,
        "dvar2": 5.35985873285e-06,
        "max": 0.0123898368329,
        "mean": 0.0041585136205,
        "median": 0.00327711878344,
        "min": 1.98637408175e-05,
        "var": 7.3813716881e-06
    },
    "spectral_rolloff": {
        "dmean": 767.84588623,
        "dmean2": 1167.89611816,
        "dvar": 1884465.5,
        "dvar2": 3948009.25,
        "max": 12898.3886719,
        "mean": 1911.22875977,
        "median": 1055.12695312,
        "min": 21.533203125,
        "var": 4904665.5
    },
    "spectral_skewness": {
        "dmean": 0.287570744753,
        "dmean2": 0.413630127907,
        "dvar": 0.563616156578,
        "dvar2": 1.10929489136,
        "max": 18.2076358795,
        "mean": 1.45648503304,
        "median": 1.3069101572,
        "min": -0.545894384384,
        "var": 1.14398086071
    },
    "spectral_spread": {
        "dmean": 736411.4375,
        "dmean2": 1031507.875,
        "dvar": 1.24267606835e+12,
        "dvar2": 2.14803401933e+12,
        "max": 17635034,
        "mean": 5308332.5,
        "median": 5023156,
        "min": 271127.0625,
        "var": 3.66741448294e+12
    },
    "spectral_strongpeak": {
        "dmean": 0.374561667442,
        "dmean2": 0.625283956528,
        "dvar": 0.471180021763,
        "dvar2": 1.16019821167,
        "max": 7.76839160919,
        "mean": 0.524108886719,
        "median": 0.251468241215,
        "min": 0,
        "var": 0.633366346359
    },
    "zerocrossingrate": {
        "dmean": 0.0173309613019,
        "dmean2": 0.0178448557854,
        "dvar": 0.000459159724414,
        "dvar2": 0.00049462437164,
        "max": 0.48388671875,
        "mean": 0.0713461041451,
        "median": 0.0576171875,
        "min": 0,
        "var": 0.00334573932923
    },
    "barkbands": {
        "dmean": [0.000920461723581, 0.0104692177847, 0.00137986289337, 0.000572558899876, 0.00144059944432, 0.00138770509511, 0.000812148966361, 0.000318426085869, 0.000481352122733, 0.000309343158733, 0.000254638172919, 0.000231635320233, 0.000232074875385, 0.000235836298089, 0.000158011942403, 0.000262530724285, 0.000183192503755, 0.00018921798619, 0.000204997282708, 0.000239358996623, 0.000185774886631, 0.000172201849637, 0.000139098119689, 9.641158249e-05, 7.33117194613e-05, 2.23015085794e-05, 4.00932412958e-06],
        "dmean2": [0.00127178768162, 0.0165629349649, 0.00230820057914, 0.000927031680476, 0.002261669375, 0.00237044901587, 0.00143825123087, 0.000514957297128, 0.00074835360283, 0.00050516956253, 0.000393714813981, 0.00036599158193, 0.000355435186066, 0.000365992047591, 0.000244228402153, 0.000403980811825, 0.000274097837973, 0.000274817371974, 0.000305567373289, 0.000346054468537, 0.00026029109722, 0.000244816823397, 0.000160977695487, 0.000127455787151, 0.000102900499769, 3.26919835061e-05, 4.60699538962e-06],
        "dvar": [2.82608993984e-06, 0.000456116336863, 9.48869364947e-06, 1.09651443836e-06, 1.01391542557e-05, 1.86011075129e-05, 6.0179004322e-06, 4.69718202112e-07, 1.14630040571e-06, 5.0864144896e-07, 3.3040672065e-07, 3.01434482708e-07, 3.33780377559e-07, 2.79906060996e-07, 9.56539096819e-08, 3.68673795492e-07, 1.57324905103e-07, 1.75879037556e-07, 1.20967300177e-07, 2.23006722422e-07, 1.13760250997e-07, 1.99832257408e-07, 1.01109925765e-07, 3.96512405132e-08, 5.22262268987e-08, 1.05714672571e-08, 7.31564045453e-11],
        "dvar2": [4.21350978286e-06, 0.00106161157601, 2.43845679506e-05, 2.57834926742e-06, 2.48355136137e-05, 5.04321687913e-05, 1.72635318449e-05, 1.16167996111e-06, 2.8693521017e-06, 1.26173017634e-06, 7.55428004595e-07, 7.0194721502e-07, 7.13330337021e-07, 6.71578106903e-07, 2.12726959603e-07, 8.38179573748e-07, 3.22280698128e-07, 3.20338017445e-07, 2.39993511286e-07, 3.80814299206e-07, 2.04256565439e-07, 3.16782291065e-07, 1.48118232346e-07, 6.48472351372e-08, 1.09391216085e-07, 2.66706923213e-08, 1.03228342541e-10],
        "max": [0.0132827637717, 0.143993541598, 0.0223356969655, 0.0132304076105, 0.0264579113573, 0.0361474193633, 0.0199328716844, 0.0185268875211, 0.0203614719212, 0.010087992996, 0.010261438787, 0.0108405770734, 0.010417192243, 0.00848721154034, 0.00558038707823, 0.0119628505781, 0.00821640901268, 0.00520046148449, 0.00528680486605, 0.0043511823751, 0.00346269831061, 0.00344892940484, 0.00294737308286, 0.00337733305059, 0.00502586085349, 0.00279915751889, 0.000212289873161],
        "mean": [0.00148641807027, 0.012520772405, 0.00133994908538, 0.000664505292661, 0.00171616289299, 0.00127139990218, 0.000765805074479, 0.000406251230743, 0.000686754588969, 0.0004173196794, 0.00033084579627, 0.000292462063953, 0.00030919990968, 0.000301868945826, 0.000229875906371, 0.000353474490112, 0.000253496662481, 0.000260685977992, 0.000310045288643, 0.00037072293344, 0.000294308003504, 0.00022723688744, 0.000183536467375, 0.000147970335092, 0.000111492008728, 3.1742380088e-05, 7.16814611224e-06],
        "median": [0.000404928869102, 0.00170000456274, 0.000296412879834, 0.000308244198095, 0.000633564544842, 0.000381761463359, 0.000172268046299, 0.000139630283229, 0.000231148471357, 9.93802896119e-05, 0.000102600082755, 8.8259606855e-05, 5.90505660512e-05, 7.39025199437e-05, 6.41488441033e-05, 8.6493222625e-05, 6.81306919432e-05, 5.40200417163e-05, 0.000109185224574, 8.56297338032e-05, 7.23431294318e-05, 2.27488671953e-05, 1.59421506396e-05, 3.95295210183e-05, 3.10126197292e-05, 6.66576988806e-06, 2.63380957222e-06],
        "min": [4.76614658851e-08, 8.32793123351e-09, 3.02110177153e-11, 3.87149270975e-11, 3.90311602483e-11, 2.13723053144e-10, 8.91977186557e-11, 8.92740464886e-11, 5.92309812308e-11, 2.53783070947e-11, 7.26546323104e-11, 1.70622353052e-11, 2.59605583558e-11, 2.03053754366e-11, 1.59517139081e-11, 1.29164734464e-11, 1.37396222871e-11, 3.0542332552e-11, 4.66406531452e-11, 7.35182609235e-11, 3.67228747411e-10, 3.30519472902e-10, 1.67406560836e-10, 1.7794068996e-10, 1.85536280783e-10, 1.17949719436e-10, 1.17810986661e-11],
        "var": [6.67597805659e-06, 0.000651821843348, 8.32157274999e-06, 1.14315093924e-06, 9.84607595456e-06, 1.31015476654e-05, 4.13186990045e-06, 6.05317950431e-07, 1.61460388881e-06, 7.14504722055e-07, 4.39663978113e-07, 3.83496086442e-07, 6.30915565125e-07, 3.68066196188e-07, 1.9033943488e-07, 5.37713901849e-07, 3.14053266948e-07, 3.08284143102e-07, 2.39138671532e-07, 4.51024533277e-07, 2.55877040445e-07, 3.77552026976e-07, 2.281643674e-07, 8.89489655265e-08, 8.62625455511e-08, 1.21416476873e-08, 1.96437463518e-10]
    },
    "erbbands": {
        "dmean": [0.512557268143, 1.56007301807, 1.57168507576, 1.64044213295, 3.73730397224, 5.10188961029, 4.64198446274, 14.610291481, 16.3326911926, 5.9330906868, 7.78508043289, 11.4736385345, 8.88822174072, 9.26702690125, 9.36983680725, 8.65275001526, 10.5768575668, 10.4190416336, 10.3997306824, 9.84120368958, 13.2201471329, 10.5826797485, 9.73178768158, 9.91324806213, 11.7030296326, 9.89611148834, 9.99802398682, 5.41851520538, 5.47102642059, 4.99690341949, 3.97706484795, 2.41249513626, 1.54714119434, 0.974129378796, 0.433416694403, 0.159266397357, 0.0263422653079, 0.00578320166096, 0.000747345970012, 3.68462278857e-05],
        "dmean2": [0.761181771755, 2.67509126663, 2.64321684837, 2.71153330803, 5.94753885269, 8.34473800659, 7.28328847885, 25.9319381714, 29.8485107422, 9.72393989563, 12.3137607574, 18.0357227325, 14.2308979034, 14.3638286591, 14.4262390137, 13.5555372238, 16.0405197144, 16.3170604706, 15.8837366104, 14.8020973206, 20.0567817688, 15.2805547714, 14.1240310669, 14.5786600113, 16.7006435394, 13.720697403, 14.2060890198, 7.34462928772, 7.95243787766, 6.11323261261, 4.92665100098, 3.05078339577, 2.12627315521, 1.37665069103, 0.600050151348, 0.230656906962, 0.0393518395722, 0.00709340302274, 0.000923653773498, 5.19693239767e-05],
        "dvar": [1.21501791477, 10.4955091476, 14.2086801529, 8.92431259155, 75.6781082153, 124.557769775, 62.4456710815, 2453.98657227, 3295.59985352, 150.285583496, 276.141479492, 849.612548828, 361.199676514, 386.108459473, 528.65032959, 498.713104248, 682.692321777, 618.536254883, 402.068511963, 393.393280029, 1078.20019531, 447.159576416, 432.571594238, 373.976959229, 432.130767822, 370.784759521, 328.449462891, 139.725387573, 191.940216064, 146.196853638, 93.6115646362, 25.6095409393, 11.2937040329, 8.39188575745, 2.06676912308, 0.649663805962, 0.00800265651196, 0.000162072261446, 2.63704851022e-06, 3.64942032149e-09],
        "dvar2": [2.62311768532, 25.7312355042, 35.7628746033, 18.1173152924, 173.507019043, 326.486206055, 143.21446228, 6871.47265625, 9570.55761719, 395.73928833, 682.57623291, 2204.26831055, 897.844726562, 875.000793457, 1177.29772949, 1154.94250488, 1485.16186523, 1483.73156738, 923.253845215, 847.19317627, 2527.27124023, 873.713317871, 797.578552246, 747.596069336, 839.06427002, 626.926147461, 628.156738281, 221.25428772, 291.91418457, 180.901885986, 156.138763428, 43.7222824097, 22.1279163361, 16.9002666473, 4.6607170105, 1.68054914474, 0.0185460969806, 0.00024667265825, 3.96054520024e-06, 6.67194610671e-09],
        "max": [6.97746419907, 21.1198539734, 28.0236625671, 33.8534011841, 81.0101699829, 90.5661697388, 99.72706604, 409.707397461, 463.310424805, 132.135696411, 475.249298096, 615.894775391, 304.759246826, 302.678741455, 419.489868164, 529.259887695, 485.399871826, 302.649475098, 317.914825439, 314.416229248, 803.936584473, 355.591339111, 285.270324707, 280.086273193, 279.182678223, 203.821685791, 212.578582764, 99.6674194336, 102.20438385, 107.081520081, 84.8616027832, 62.1666679382, 57.6374931335, 64.0505142212, 32.201915741, 22.9500350952, 2.11666321754, 0.271063864231, 0.0413030572236, 0.00106175185647],
        "mean": [0.552770078182, 2.00574493408, 1.92003798485, 1.97965371609, 4.31522703171, 5.54776525497, 6.40675115585, 12.2403335571, 13.6028270721, 7.49682283401, 10.8067092896, 16.1610469818, 12.8730192184, 13.1511878967, 13.0034246445, 11.2289419174, 14.773859024, 13.5988483429, 15.1288061142, 14.2707881927, 18.9811077118, 15.259973526, 13.6119480133, 14.7612199783, 17.7090969086, 15.9512453079, 16.8650054932, 8.1046333313, 7.54142522812, 7.00530195236, 4.93501424789, 3.32232499123, 2.37241458893, 1.50202333927, 0.617737174034, 0.211006805301, 0.0393404476345, 0.00987788662314, 0.00135379401036, 7.17680595699e-05],
        "median": [0.0813209265471, 0.227712094784, 0.329382747412, 0.821644127369, 1.72186934948, 1.778185606, 2.68045377731, 3.16130161285, 2.62908625603, 2.38739609718, 4.16571760178, 5.75618696213, 4.56551933289, 4.2416229248, 4.28000259399, 3.74620985985, 3.25827598572, 3.8714029789, 5.17756700516, 4.17301130295, 5.21106052399, 4.22061920166, 3.12125849724, 4.77439975739, 5.99602365494, 4.04179620743, 3.80101132393, 2.04053044319, 0.921481907368, 0.480010300875, 0.480614125729, 0.672841250896, 0.709247410297, 0.452134311199, 0.147333219647, 0.0392097346485, 0.0102398749441, 0.00281272083521, 0.000559220381547, 3.71451424144e-05],
        "min": [1.1321465081e-06, 1.1599569234e-06, 2.48930319913e-07, 9.4946706497e-08, 4.05362925449e-07, 1.0233495118e-07, 6.40578207367e-07, 2.14721035263e-06, 1.13274927571e-06, 2.07697735277e-06, 1.20664697079e-06, 1.47113962612e-06, 1.12659427032e-06, 1.22217511489e-06, 2.97119254355e-06, 9.18298724173e-07, 1.41874056681e-06, 1.32046852741e-06, 6.82687925746e-07, 1.40393467518e-06, 7.10580877694e-07, 7.87593592122e-07, 1.29914690206e-06, 1.94550193555e-06, 3.70511907022e-06, 3.36915718435e-06, 1.15378716146e-05, 1.41216796692e-05, 1.094248546e-05, 9.00100894796e-06, 4.83878147861e-06, 2.7850501283e-06, 3.11729650093e-06, 2.46958506978e-06, 1.00096849565e-06, 4.91142259307e-07, 1.21625888028e-07, 1.7943175834e-08, 1.61735103088e-09, 7.66223806625e-10],
        "var": [1.60653066635, 15.3032636642, 15.1198921204, 10.350025177, 73.2633056641, 110.455886841, 89.6002044678, 1572.48669434, 2000.91101074, 172.195388794, 368.246246338, 1054.76171875, 487.963592529, 597.503967285, 691.134155273, 595.477294922, 1282.69897461, 771.034118652, 683.473083496, 701.99206543, 1540.89123535, 1036.8840332, 760.993347168, 683.708068848, 843.941101074, 783.534362793, 796.676452637, 287.842071533, 380.515777588, 352.721435547, 175.56854248, 52.8042984009, 22.9985771179, 14.021982193, 3.21543908119, 0.712288916111, 0.011296751909, 0.000406813021982, 6.57986629449e-06, 8.48330561354e-09]
    },
    "gfcc": {
        "mean": [-35.4606971741, 68.7045974731, -100.247917175, 37.9189033508, -49.4868812561, 12.5714998245, -31.2926502228, 12.5463609695, -22.7135429382, 5.94509935379, -10.7011375427, -0.838760435581, -2.05123543739],
        "cov": [[13042.5185547, -1190.65979004, -1590.86572266, -642.688781738, -607.264282227, -51.4071998596, -233.230117798, 280.741485596, -246.968338013, 64.1977310181, -117.197875977, -145.354400635, -96.7257614136], [-1190.65979004, 1511.45202637, 596.289550781, 271.8565979, 467.768615723, -125.237762451, 266.737701416, 7.50774765015, 120.069831848, -57.2052459717, 43.0183563232, -104.921852112, 79.7701568604], [-1590.86572266, 596.289550781, 1455.18395996, 547.641052246, 215.373016357, 115.426498413, 41.7340164185, 17.0826778412, 127.532470703, -14.0909643173, 13.856502533, 12.067650795, -25.3261604309], [-642.688781738, 271.8565979, 547.641052246, 833.88671875, 317.679473877, 59.7601280212, 74.1885070801, -62.6141777039, 102.582107544, -44.4351158142, -20.803691864, 14.8314476013, -30.4559402466], [-607.264282227, 467.768615723, 215.373016357, 317.679473877, 442.904083252, 45.8806037903, 156.083053589, 17.0339317322, 63.9650993347, -21.7768535614, 6.79261493683, -27.1661338806, 27.4288673401], [-51.4071998596, -125.237762451, 115.426498413, 59.7601280212, 45.8806037903, 196.615707397, 51.6258468628, 38.7543907166, -0.906714081764, 35.765750885, 3.38134694099, -6.64022159576, -9.96777915955], [-233.230117798, 266.737701416, 41.7340164185, 74.1885070801, 156.083053589, 51.6258468628, 220.638931274, 55.2394981384, 40.4222450256, 16.5064163208, 15.067442894, -38.437828064, 30.3077011108], [280.741485596, 7.50774765015, 17.0826778412, -62.6141777039, 17.0339317322, 38.7543907166, 55.2394981384, 252.500411987, 41.5226593018, 41.1219711304, 1.94358706474, -18.7834091187, 55.9239730835], [-246.968338013, 120.069831848, 127.532470703, 102.582107544, 63.9650993347, -0.906714081764, 40.4222450256, 41.5226593018, 124.127372742, -1.90545046329, 8.13816261292, 26.2295970917, -11.2245397568], [64.1977310181, -57.2052459717, -14.0909643173, -44.4351158142, -21.7768535614, 35.765750885, 16.5064163208, 41.1219711304, -1.90545046329, 100.38306427, 31.8681907654, -24.7624454498, 27.7785720825], [-117.197875977, 43.0183563232, 13.856502533, -20.803691864, 6.79261493683, 3.38134694099, 15.067442894, 1.94358706474, 8.13816261292, 31.8681907654, 73.5668106079, 14.2299365997, 18.7221488953], [-145.354400635, -104.921852112, 12.067650795, 14.8314476013, -27.1661338806, -6.64022159576, -38.437828064, -18.7834091187, 26.2295970917, -24.7624454498, 14.2299365997, 98.5816421509, -17.2014083862], [-96.7257614136, 79.7701568604, -25.3261604309, -30.4559402466, 27.4288673401, -9.96777915955, 30.3077011108, 55.9239730835, -11.2245397568, 27.7785720825, 18.7221488953, -17.2014083862, 104.838043213]],
        "icov": [[0.000103911697806, -1.26625345729e-05, 0.000121747565572, -6.86412167852e-05, 0.000103011712781, -1.61555381055e-05, 8.35959071992e-05, -0.000220606350922, 0.000130472675664, -6.99482552591e-06, 1.40453030326e-05, 0.000152621447342, 0.000218356784899], [-1.26625345729e-05, 0.00237196683884, -0.00105783157051, 0.00069132616045, -0.00172972818837, 0.00241684238426, -0.00170183600858, 0.000598302402068, -0.00100758415647, 0.0015916719567, -0.00144286430441, 0.00238768919371, -0.000896214332897], [0.000121747565572, -0.00105783157051, 0.00160431570839, -0.000967965926975, 0.000888930691872, -0.0016050694976, 0.00119857594837, -0.000624566862825, -8.70607691468e-05, -0.00039304382517, 0.000118244883197, -0.000496860011481, 0.000617253885139], [-6.86412167852e-05, 0.00069132616045, -0.000967965926975, 0.00255046319216, -0.00190738670062, 0.000430203886935, -0.000355910102371, 0.00113962509204, -0.00131719000638, 0.000400823162636, 0.000604330038186, 0.000251979159657, -0.000361163722118], [0.000103011712781, -0.00172972818837, 0.000888930691872, -0.00190738670062, 0.00569237582386, -0.00214937562123, -0.000828711374197, -0.000533802784048, 0.000112149646156, 0.000498260138556, 0.000178667745786, -0.000500221794937, -0.000331524584908], [-1.61555381055e-05, 0.00241684238426, -0.0016050694976, 0.000430203886935, -0.00214937562123, 0.0093831717968, -0.0034695782233, -0.000594559765887, 0.00140074209776, -0.00167766259983, -0.000474430940812, 0.000783999217674, 0.0014658884611], [8.35959071992e-05, -0.00170183600858, 0.00119857594837, -0.000355910102371, -0.000828711374197, -0.0034695782233, 0.00886200647801, -0.00108158879448, -0.00152364175301, -0.000401910569053, -0.000598860497121, 0.00135013356339, -0.000268011790467], [-0.000220606350922, 0.000598302402068, -0.000624566862825, 0.00113962509204, -0.000533802784048, -0.000594559765887, -0.00108158879448, 0.00645791133866, -0.00345302117057, -0.000755848304834, 0.00141789577901, 0.000692880770657, -0.00383659056388], [0.000130472675664, -0.00100758415647, -8.70607691468e-05, -0.00131719000638, 0.000112149646156, 0.00140074209776, -0.00152364175301, -0.00345302117057, 0.0135031808168, -0.00231757480651, 0.000288437382551, -0.00531554361805, 0.00400575809181], [-6.99482552591e-06, 0.0015916719567, -0.00039304382517, 0.000400823162636, 0.000498260138556, -0.00167766259983, -0.000401910569053, -0.000755848304834, -0.00231757480651, 0.0173105634749, -0.00842247437686, 0.00702704954892, -0.00314431730658], [1.40453030326e-05, -0.00144286430441, 0.000118244883197, 0.000604330038186, 0.000178667745786, -0.000474430940812, -0.000598860497121, 0.00141789577901, 0.000288437382551, -0.00842247437686, 0.0201343353838, -0.00698605878279, -0.00183944648597], [0.000152621447342, 0.00238768919371, -0.000496860011481, 0.000251979159657, -0.000500221794937, 0.000783999217674, 0.00135013356339, 0.000692880770657, -0.00531554361805, 0.00702704954892, -0.00698605878279, 0.0175941586494, -0.0005739677581], [0.000218356784899, -0.000896214332897, 0.000617253885139, -0.000361163722118, -0.000331524584908, 0.0014658884611, -0.000268011790467, -0.00383659056388, 0.00400575809181, -0.00314431730658, -0.00183944648597, -0.0005739677581, 0.0143125811592]]
    },
    "melbands": {
        "dmean": [0.0036077555269, 0.00101450423244, 0.000322638661601, 0.000354149844497, 0.000161318006576, 0.000321333733154, 0.000226763659157, 6.11454888713e-05, 6.84094047756e-05, 7.27736842236e-05, 4.59483198938e-05, 3.96489158447e-05, 3.13622185786e-05, 2.37664480665e-05, 2.4150522222e-05, 2.62966859736e-05, 1.97290573851e-05, 1.95039192477e-05, 1.2112164768e-05, 1.77915881068e-05, 1.59923056344e-05, 1.25571850731e-05, 8.51576442074e-06, 8.4262319433e-06, 8.33933063404e-06, 8.68940787768e-06, 8.56586302689e-06, 6.72195983498e-06, 7.18150567991e-06, 4.64187178295e-06, 2.87359512186e-06, 2.91567585009e-06, 4.20974129156e-06, 2.46221247835e-06, 2.71995600087e-06, 1.61739160376e-06, 1.42856174534e-06, 1.15482566798e-06, 9.97168058348e-07, 8.48461240821e-07],
        "dmean2": [0.00551495142281, 0.00171643670183, 0.000517880718689, 0.000561784137972, 0.000251153309364, 0.000568131858017, 0.000412346096709, 9.95375521597e-05, 0.000108056447061, 0.000113451409561, 7.37600930734e-05, 6.17918994976e-05, 4.80040216644e-05, 3.74675109924e-05, 3.76361967938e-05, 4.07601764891e-05, 3.11794428853e-05, 3.00346491713e-05, 1.86837132787e-05, 2.76836690318e-05, 2.42576970777e-05, 1.87454188563e-05, 1.26486684167e-05, 1.22733763419e-05, 1.26818058561e-05, 1.28813207994e-05, 1.22124811242e-05, 9.47004082263e-06, 1.03339989437e-05, 6.44306783215e-06, 4.14326405007e-06, 4.17919454776e-06, 5.89018782193e-06, 2.72182455774e-06, 3.49622359863e-06, 2.01997477234e-06, 1.88934211565e-06, 1.66064603491e-06, 1.42424323712e-06, 1.19736887427e-06],
        "dvar": [5.56097147637e-05, 5.09491064804e-06, 3.04158561448e-07, 7.11537438747e-07, 7.1338668306e-08, 1.18744753763e-06, 6.06895468991e-07, 1.41927269937e-08, 1.90761664243e-08, 3.18264419263e-08, 9.97016069704e-09, 7.09994285586e-09, 5.80719961008e-09, 3.09777736796e-09, 3.63159546879e-09, 4.4969850066e-09, 2.22296336894e-09, 1.579852138e-09, 7.33852811852e-10, 1.59034796443e-09, 1.86192328222e-09, 7.69253882815e-10, 2.9187890993e-10, 3.68584746058e-10, 2.67064120818e-10, 2.29388077977e-10, 2.9146035585e-10, 1.7498012761e-10, 1.76429898469e-10, 8.16739523235e-11, 4.61651654404e-11, 4.6340011689e-11, 1.41810854726e-10, 3.03274697022e-11, 5.23964725774e-11, 1.17075212372e-11, 8.98869520483e-12, 6.47420745487e-12, 5.98836214991e-12, 7.99515141592e-12],
        "dvar2": [0.00012507509382, 1.2379009604e-05, 6.33679519524e-07, 1.77738934326e-06, 1.63655812457e-07, 3.3170417737e-06, 1.76162825483e-06, 3.60592409265e-08, 4.5739483312e-08, 8.11625753272e-08, 2.47872744552e-08, 1.64690199256e-08, 1.28287904744e-08, 7.31655758202e-09, 8.31518764954e-09, 9.66046176387e-09, 5.36245092775e-09, 3.73658437525e-09, 1.69089497959e-09, 3.55612805869e-09, 4.50367121374e-09, 1.53247448065e-09, 5.78898040615e-10, 7.02007729725e-10, 5.66268421043e-10, 4.67573035845e-10, 5.78592951328e-10, 3.05781011622e-10, 3.48866879829e-10, 1.47055145838e-10, 7.85818285443e-11, 6.99437521789e-11, 2.6500671102e-10, 3.43974362882e-11, 9.43996200653e-11, 2.16914541884e-11, 1.56094841913e-11, 1.33847134764e-11, 1.24672910884e-11, 1.72085765776e-11],
        "max": [0.0491489507258, 0.0152547648177, 0.00553880026564, 0.00695654796436, 0.00279261730611, 0.00901574268937, 0.00627740286291, 0.00167396850884, 0.00336150359362, 0.00357223115861, 0.0014982810244, 0.00125616660807, 0.00157584808767, 0.00113929621875, 0.000945009640418, 0.0013459402835, 0.000651703041513, 0.000637937569991, 0.000497579399962, 0.000521952752024, 0.00105526368134, 0.000536800187547, 0.000238279681071, 0.000299335806631, 0.000237963919062, 0.000254237238551, 0.000258329935605, 0.000128284562379, 0.000147439335706, 0.000126913102577, 5.67181341466e-05, 5.64621404919e-05, 0.000102856865851, 5.25111390743e-05, 6.02109248575e-05, 3.03284759866e-05, 4.55806839454e-05, 3.82682446798e-05, 4.3266092689e-05, 7.11080283509e-05],
        "mean": [0.00410764012486, 0.00156850647181, 0.000405273720389, 0.000381093181204, 0.000226783100516, 0.000273865734925, 0.000192414910998, 8.08012919151e-05, 9.27879082155e-05, 0.000101290381281, 6.43394232611e-05, 5.49761134607e-05, 4.26888909715e-05, 3.17983103741e-05, 3.02048592857e-05, 3.35389486281e-05, 2.45115188591e-05, 2.65012531599e-05, 1.74030192284e-05, 2.30191890296e-05, 2.1425086743e-05, 1.72080490302e-05, 1.13137666631e-05, 1.17334957395e-05, 1.17822919492e-05, 1.27004877868e-05, 1.2434974451e-05, 1.02648291431e-05, 1.19941214507e-05, 6.65970628688e-06, 4.10855227528e-06, 3.88049329558e-06, 5.07706045028e-06, 3.54506005351e-06, 3.15946977025e-06, 2.12117788578e-06, 1.97176996153e-06, 1.71484589373e-06, 1.48639026065e-06, 1.20099230116e-06],
        "median": [0.000602976302616, 0.000216690576053, 0.000183222131454, 0.00013201351976, 9.35742209549e-05, 7.38212838769e-05, 3.88936932723e-05, 2.68501607934e-05, 3.18224265357e-05, 3.40885562764e-05, 2.02607789106e-05, 1.64938592206e-05, 1.37964671012e-05, 1.07348969323e-05, 7.09793584974e-06, 6.34289062873e-06, 6.07813990428e-06, 7.73640476837e-06, 4.57634405393e-06, 5.55256656298e-06, 5.19008881383e-06, 4.36980735685e-06, 2.65964695245e-06, 2.38800430452e-06, 3.62331047654e-06, 4.29210012953e-06, 3.31559317601e-06, 2.25104531637e-06, 2.44781085712e-06, 1.70423982127e-06, 8.62901970322e-07, 5.39693076007e-07, 2.90534330816e-07, 2.5307141982e-07, 2.57979138496e-07, 3.09296382284e-07, 4.326657006e-07, 5.02382249579e-07, 4.52097282277e-07, 3.30225503831e-07],
        "min": [1.45983829469e-08, 4.19646067895e-10, 2.62591285521e-11, 1.52120867986e-11, 1.88552437552e-11, 4.39703065624e-11, 1.57022190389e-11, 2.36718474683e-11, 9.82660307292e-12, 9.1614155498e-12, 5.07490230395e-12, 3.83365214573e-12, 1.06163576194e-11, 2.04504490599e-12, 2.76157265458e-12, 3.40401274876e-12, 2.18217978409e-12, 8.70050884637e-13, 1.72047781837e-12, 1.4004156992e-12, 7.47899680555e-13, 6.29910349142e-13, 9.83902087408e-13, 1.39991544832e-12, 1.37077285287e-12, 2.04892374768e-12, 2.79607803924e-12, 1.74359051502e-12, 4.90484345847e-12, 1.01103170974e-11, 7.05514336188e-12, 5.85279567866e-12, 5.48055220997e-12, 3.81463870908e-12, 2.66905204535e-12, 1.78850597526e-12, 1.64777393119e-12, 1.80161929212e-12, 2.25274117936e-12, 1.88863703322e-12],
        "var": [7.69264370319e-05, 7.95901178208e-06, 3.61833400575e-07, 6.24900224011e-07, 1.08366094764e-07, 7.66128835039e-07, 3.7213388282e-07, 1.86975874783e-08, 2.85549521806e-08, 4.22473753758e-08, 1.35340751939e-08, 1.08131752441e-08, 7.49386419585e-09, 4.30347091296e-09, 4.74213335266e-09, 8.51731662976e-09, 2.71712696787e-09, 2.42932207684e-09, 1.27063970456e-09, 2.35884778377e-09, 2.37781661028e-09, 1.70891922835e-09, 4.86212736739e-10, 6.28275598213e-10, 4.51844145433e-10, 4.2571973724e-10, 5.11579778539e-10, 3.60166729774e-10, 4.31290919645e-10, 1.58560581331e-10, 8.76013844797e-11, 9.12866171543e-11, 2.31379762572e-10, 8.36247737723e-11, 8.49211187481e-11, 2.36014367772e-11, 1.79457507882e-11, 1.24194318024e-11, 1.0251390882e-11, 1.17341917433e-11]
    },
    "mfcc": {
        "mean": [-681.963806152, 101.148422241, 8.91581344604, 28.7338066101, 9.27898025513, 3.81180930138, 9.56763935089, 0.298115611076, 4.79153871536, 4.27574205399, -3.27920913696, 2.11878180504, 0.0814791917801],
        "cov": [[11841.4121094, -651.501281738, -1077.71081543, -687.129516602, -757.839904785, -508.513122559, -129.223937988, -252.946746826, -113.126213074, 151.970993042, -213.015823364, -159.52015686, -5.48146724701], [-651.501281738, 1232.19189453, 118.514320374, 250.862380981, 153.525436401, -11.2747440338, 192.214920044, 51.9152374268, 148.368774414, 99.5285263062, 22.1689929962, 34.0548973083, -17.1222934723], [-1077.71081543, 118.514320374, 1044.40039062, 352.25402832, 285.499053955, 155.802093506, -24.4205856323, 87.7756347656, 18.7458877563, -9.61995887756, 93.275100708, 34.3908042908, 33.284450531], [-687.129516602, 250.862380981, 352.25402832, 744.419128418, 342.693664551, 228.151901245, 37.9126205444, 125.837493896, 71.2390213013, -2.70288419724, 39.9043769836, 37.6189498901, 2.46049261093], [-757.839904785, 153.525436401, 285.499053955, 342.693664551, 334.302581787, 133.597290039, 43.8560028076, 81.7519683838, 54.1300430298, 0.801575064659, 36.0407447815, 17.1785888672, 10.2188329697], [-508.513122559, -11.2747440338, 155.802093506, 228.151901245, 133.597290039, 295.027160645, 35.4011154175, 55.1491699219, -26.5671958923, -2.47138118744, 33.4661178589, -12.3390140533, -0.884813547134], [-129.223937988, 192.214920044, -24.4205856323, 37.9126205444, 43.8560028076, 35.4011154175, 235.732269287, -8.04569339752, 97.2542800903, 75.626083374, -10.2383909225, 24.3681278229, 0.238957330585], [-252.946746826, 51.9152374268, 87.7756347656, 125.837493896, 81.7519683838, 55.1491699219, -8.04569339752, 179.65737915, 44.4375801086, -5.51314687729, 42.5611228943, 29.2708759308, 6.18193817139], [-113.126213074, 148.368774414, 18.7458877563, 71.2390213013, 54.1300430298, -26.5671958923, 97.2542800903, 44.4375801086, 164.797592163, 77.0885238647, 3.34964370728, 33.0556259155, 13.306643486], [151.970993042, 99.5285263062, -9.61995887756, -2.70288419724, 0.801575064659, -2.47138118744, 75.626083374, -5.51314687729, 77.0885238647, 122.669029236, 9.06161689758, 10.0599927902, 12.8698282242], [-213.015823364, 22.1689929962, 93.275100708, 39.9043769836, 36.0407447815, 33.4661178589, -10.2383909225, 42.5611228943, 3.34964370728, 9.06161689758, 91.1597900391, 29.0496864319, 5.19261026382], [-159.52015686, 34.0548973083, 34.3908042908, 37.6189498901, 17.1785888672, -12.3390140533, 24.3681278229, 29.2708759308, 33.0556259155, 10.0599927902, 29.0496864319, 81.4184646606, 16.6667385101], [-5.48146724701, -17.1222934723, 33.284450531, 2.46049261093, 10.2188329697, -0.884813547134, 0.238957330585, 6.18193817139, 13.306643486, 12.8698282242, 5.19261026382, 16.6667385101, 61.9284133911]],
