{
"lowlevel": {
    "average_loudness": 0.948040962219,
    "barkbands_crest": {
        "dmean": 3.57174563408,
        "dmean2": 5.8775472641,
        "dvar": 10.1777257919,
        "dvar2": 28.4514579773,
        "max": 26.8387298584,
        "mean": 11.7477035522,
        "median": 11.0476818085,
        "min": 2.28416776657,
        "var": 21.6421165466
    },
    "barkbands_flatness_db": {
        "dmean": 0.033170953393,
        "dmean2": 0.0471050329506,
        "dvar": 0.00103717565071,
        "dvar2": 0.00217854324728,
        "max": 0.50022906065,
        "mean": 0.158074319363,
        "median": 0.159255951643,
        "min": 0.021097805351,
        "var": 0.00416271295398
    },
    "barkbands_kurtosis": {
        "dmean": 9.69400596619,
        "dmean2": 15.7999687195,
        "dvar": 2670.9519043,
        "dvar2": 7994.61230469,
        "max": 1576.97399902,
        "mean": 12.8613443375,
        "median": 4.90969562531,
        "min": -1.94253575802,
        "var": 3916.86889648
    },
    "barkbands_skewness": {
        "dmean": 0.987133085728,
        "dmean2": 1.48910975456,
        "dvar": 1.49139547348,
        "dvar2": 3.70075178146,
        "max": 36.1766586304,
        "mean": 2.25999808311,
        "median": 2.02159261703,
        "min": -4.75724983215,
        "var": 4.62575912476
    },
    "barkbands_spread": {
        "dmean": 9.64127349854,
        "dmean2": 14.7587957382,
        "dvar": 206.670547485,
        "dvar2": 397.895721436,
        "max": 119.985351562,
        "mean": 21.1531543732,
        "median": 13.5474071503,
        "min": 0.163868799806,
        "var": 443.03112793
    },
    "dissonance": {
        "dmean": 0.0241901502013,
        "dmean2": 0.038714364171,
        "dvar": 0.000568489718717,
        "dvar2": 0.00137804925907,
        "max": 0.499999970198,
        "mean": 0.454142451286,
        "median": 0.462927132845,
        "min": 0.22131292522,
        "var": 0.00132437900174
    },
    "dynamic_complexity": 3.86442375183,
    "erbbands_crest": {
        "dmean": 3.56461858749,
        "dmean2": 5.68417739868,
        "dvar": 10.9419879913,
        "dvar2": 26.7509403229,
        "max": 29.0891132355,
        "mean": 9.70099925995,
        "median": 8.45168304443,
        "min": 2.43698430061,
        "var": 24.0795345306
    },
    "erbbands_flatness_db": {
        "dmean": 0.0263577271253,
        "dmean2": 0.037408977747,
        "dvar": 0.000618905352894,
        "dvar2": 0.00125250918791,
        "max": 0.353322327137,
        "mean": 0.147361055017,
        "median": 0.143376380205,
        "min": 0.0507860891521,
        "var": 0.00250826822594
    },
    "erbbands_kurtosis": {
        "dmean": 1.94038891792,
        "dmean2": 3.18388938904,
        "dvar": 11.5651311874,
        "dvar2": 29.4337863922,
        "max": 53.0350074768,
        "mean": 1.13681912422,
        "median": 0.0821034908295,
        "min": -1.88145589828,
        "var": 14.0354356766
    },
    "erbbands_skewness": {
        "dmean": 0.669833123684,
        "dmean2": 1.04506933689,
        "dvar": 0.450732201338,
        "dvar2": 1.03193747997,
        "max": 5.84518480301,
        "mean": 0.560399949551,
        "median": 0.49883428216,
        "min": -6.58903169632,
        "var": 1.0119125843
    },
    "erbbands_spread": {
        "dmean": 13.905919075,
        "dmean2": 21.6821937561,
        "dvar": 251.988922119,
        "dvar2": 612.818603516,
        "max": 171.444503784,
        "mean": 43.6758995056,
        "median": 40.8167037964,
        "min": 3.66004109383,
        "var": 533.72668457
    },
    "hfc": {
        "dmean": 14.1710042953,
        "dmean2": 19.6503620148,
        "dvar": 780.270812988,
        "dvar2": 1582.29089355,
        "max": 266.789611816,
        "mean": 23.5659217834,
        "median": 12.9141330719,
        "min": 1.18427278721e-05,
        "var": 1124.82287598
    },
    "melbands_crest": {
        "dmean": 4.17536830902,
        "dmean2": 6.74031209946,
        "dvar": 13.3206892014,
        "dvar2": 34.7919616699,
        "max": 39.8337249756,
        "mean": 17.0109806061,
        "median": 16.4420433044,
        "min": 4.33281850815,
        "var": 32.9538803101
    },
    "melbands_flatness_db": {
        "dmean": 0.0404545217752,
        "dmean2": 0.0572383627295,
        "dvar": 0.00160618301015,
        "dvar2": 0.00311274942942,
        "max": 0.538164496422,
        "mean": 0.238362267613,
        "median": 0.24712254107,
        "min": 0.0218699071556,
        "var": 0.00633388338611
    },
    "melbands_kurtosis": {
        "dmean": 20.2065353394,
        "dmean2": 32.4185638428,
        "dvar": 9320.65722656,
        "dvar2": 24843.1601562,
        "max": 3939.13623047,
        "mean": 29.3692188263,
        "median": 14.8822135925,
        "min": -1.91747415066,
        "var": 9616.56054688
    },
    "melbands_skewness": {
        "dmean": 1.24673426151,
        "dmean2": 1.91276931763,
        "dvar": 2.39673113823,
        "dvar2": 5.70097541809,
        "max": 51.6011428833,
        "mean": 3.58194899559,
        "median": 3.13457655907,
        "min": -1.25266194344,
        "var": 6.66123723984
    },
    "melbands_spread": {
        "dmean": 11.6990814209,
        "dmean2": 18.2250289917,
        "dvar": 501.45892334,
        "dvar2": 1028.88391113,
        "max": 300.035766602,
        "mean": 20.7131710052,
        "median": 11.5691900253,
        "min": 0.121747970581,
        "var": 813.711975098
    },
    "pitch_salience": {
        "dmean": 0.0996292755008,
        "dmean2": 0.163365766406,
        "dvar": 0.00837747380137,
        "dvar2": 0.0235215909779,
        "max": 0.821549236774,
        "mean": 0.527838766575,
        "median": 0.530887186527,
        "min": 0.0114568267018,
        "var": 0.0191020686179
    },
    "silence_rate_20dB": {
        "dmean": 0,
        "dmean2": 0,
        "dvar": 0,
        "dvar2": 0,
        "max": 1,
        "mean": 1,
        "median": 1,
        "min": 1,
        "var": 0
    },
    "silence_rate_30dB": {
        "dmean": 0.0905572772026,
        "dmean2": 0.181184664369,
        "dvar": 0.0823549702764,
        "dvar2": 0.153003707528,
        "max": 1,
        "mean": 0.863442957401,
        "median": 1,
        "min": 0,
        "var": 0.117908164859
    },
    "silence_rate_60dB": {
        "dmean": 0.0212848298252,
        "dmean2": 0.0425861403346,
        "dvar": 0.0208325907588,
        "dvar2": 0.0547111108899,
        "max": 1,
        "mean": 0.0549323000014,
        "median": 0,
        "min": 0,
        "var": 0.0519181638956
    },
    "spectral_centroid": {
        "dmean": 396.392181396,
        "dmean2": 600.120178223,
        "dvar": 257012.5,
        "dvar2": 479213.125,
        "max": 7037.17333984,
        "mean": 1108.91088867,
        "median": 874.471374512,
        "min": 182.50479126,
        "var": 654184.9375
    },
    "spectral_complexity": {
        "dmean": 5.50657892227,
        "dmean2": 7.53619813919,
        "dvar": 40.6564445496,
        "dvar2": 68.9480209351,
        "max": 54,
        "mean": 15.4166345596,
        "median": 13,
        "min": 0,
        "var": 117.741546631
    },
    "spectral_decrease": {
        "dmean": 5.31017363414e-09,
        "dmean2": 8.04630584383e-09,
        "dvar": 8.37323170352e-17,
        "dvar2": 1.59447056943e-16,
        "max": -3.94522535843e-14,
        "mean": -1.07135500471e-08,
        "median": -4.92917306971e-09,
        "min": -7.59904636993e-08,
        "var": 1.7845084992e-16
    },
    "spectral_energy": {
        "dmean": 0.0208834595978,
        "dmean2": 0.0315228514373,
        "dvar": 0.00121745490469,
        "dvar2": 0.00231061154045,
        "max": 0.290276378393,
        "mean": 0.0425729267299,
        "median": 0.0205481033772,
        "min": 1.5239179163e-07,
        "var": 0.0026131819468
    },
    "spectral_energyband_high": {
        "dmean": 0.00118184124585,
        "dmean2": 0.00163652747869,
        "dvar": 8.38830146677e-06,
        "dvar2": 1.67348207469e-05,
        "max": 0.0262760408223,
        "mean": 0.00140149565414,
        "median": 0.000237038155319,
        "min": 2.61485277875e-10,
        "var": 1.12906336653e-05
    },
    "spectral_energyband_low": {
        "dmean": 0.0163918677717,
        "dmean2": 0.0258398968726,
        "dvar": 0.00106481346302,
        "dvar2": 0.00239944341592,
        "max": 0.265488296747,
        "mean": 0.0257791224867,
        "median": 0.00638262648135,
        "min": 2.66092428092e-08,
        "var": 0.00176470645238
    },
    "spectral_energyband_middle_high": {
        "dmean": 0.00173157011159,
        "dmean2": 0.00264431210235,
        "dvar": 7.05552974978e-06,
        "dvar2": 1.69666509464e-05,
        "max": 0.0598529092968,
        "mean": 0.0033714370802,
        "median": 0.00212941830978,
        "min": 1.18961651641e-09,
        "var": 1.7434325855e-05
    },
    "spectral_energyband_middle_low": {
        "dmean": 0.00832544732839,
        "dmean2": 0.0134855173528,
        "dvar": 0.000158583017765,
        "dvar2": 0.000405795668485,
        "max": 0.101383849978,
        "mean": 0.013767532073,
        "median": 0.00843766611069,
        "min": 1.82069239685e-08,
        "var": 0.000241713685682
    },
    "spectral_entropy": {
        "dmean": 0.300757437944,
        "dmean2": 0.429149925709,
        "dvar": 0.104621365666,
        "dvar2": 0.216801077127,
        "max": 8.92457294464,
        "mean": 7.51779174805,
        "median": 7.4767742157,
        "min": 4.69737434387,
        "var": 0.332428216934
    },
    "spectral_flux": {
        "dmean": 0.0417853854597,
        "dmean2": 0.0669915378094,
        "dvar": 0.00302044348791,
        "dvar2": 0.00671842321754,
        "max": 0.433527767658,
        "mean": 0.110387012362,
        "median": 0.0835540816188,
        "min": 0.000259325141087,
        "var": 0.00669668195769
    },
    "spectral_kurtosis": {
        "dmean": 1.83192753792,
        "dmean2": 2.92860889435,
        "dvar": 5.96949958801,
        "dvar2": 14.9908685684,
        "max": 38.6736679077,
        "mean": 4.63587522507,
        "median": 4.05610179901,
        "min": -1.44505858421,
        "var": 13.6606197357
    },
    "spectral_rms": {
        "dmean": 0.00139267428312,
        "dmean2": 0.00201747380197,
        "dvar": 3.46666047335e-06,
        "dvar2": 5.89401679463e-06,
        "max": 0.0168284419924,
        "mean": 0.0055093858391,
        "median": 0.00447737984359,
        "min": 1.21932325783e-05,
        "var": 1.11811468742e-05
    },
    "spectral_rolloff": {
        "dmean": 961.8046875,
        "dmean2": 1573.16564941,
        "dvar": 3902572.25,
        "dvar2": 7272189.5,
        "max": 12209.3261719,
        "mean": 1568.71862793,
        "median": 538.330078125,
        "min": 21.533203125,
        "var": 6560168.5
    },
    "spectral_skewness": {
        "dmean": 0.303894788027,
        "dmean2": 0.466018527746,
        "dvar": 0.111586146057,
        "dvar2": 0.243269115686,
        "max": 5.21851396561,
        "mean": 1.66207778454,
        "median": 1.65995252132,
        "min": -0.495013087988,
        "var": 0.3148021698
    },
    "spectral_spread": {
        "dmean": 883258.75,
        "dmean2": 1218621,
        "dvar": 1.31446708634e+12,
        "dvar2": 2.17329041408e+12,
        "max": 19609696,
        "mean": 5312755.5,
        "median": 4686352,
        "min": 1458568.625,
        "var": 4.46051699917e+12
    },
    "spectral_strongpeak": {
        "dmean": 0.381377279758,
        "dmean2": 0.646099746227,
        "dvar": 0.403932660818,
        "dvar2": 1.07632184029,
        "max": 8.51015377045,
        "mean": 0.641024410725,
        "median": 0.470135986805,
        "min": 0,
        "var": 0.484460145235
    },
    "zerocrossingrate": {
        "dmean": 0.0211036130786,
        "dmean2": 0.0228000693023,
        "dvar": 0.000912265211809,
        "dvar2": 0.000969721586443,
        "max": 0.419921875,
        "mean": 0.0590455755591,
        "median": 0.03662109375,
        "min": 0,
        "var": 0.00358899403363
    },
    "barkbands": {
        "dmean": [0.00085164437769, 0.0113015631214, 0.00776831805706, 0.0034000556916, 0.00341832824051, 0.00120305328164, 0.00091922422871, 0.000933578878175, 0.00104006531183, 0.000371188973077, 0.000354230112862, 0.000511367747094, 0.000362279330147, 0.000206396216527, 0.000144445119076, 0.000231037964113, 0.000265384151135, 9.84179278021e-05, 0.000135421534651, 0.000123315679957, 0.000138664880069, 0.000187872356037, 0.000196455890546, 0.000247853458859, 0.000239035784034, 0.000126291561173, 4.23577621405e-05],
        "dmean2": [0.00141446420457, 0.0189013723284, 0.0126179689541, 0.0057345055975, 0.00577485002577, 0.00191702286247, 0.00154246261809, 0.00155497074593, 0.00164508167654, 0.000576629769057, 0.000576159567572, 0.00083820882719, 0.000585211731959, 0.000324986409396, 0.000223542185267, 0.000393221096601, 0.000452873035101, 0.000153318833327, 0.000210970058106, 0.000180985720363, 0.000196467895876, 0.000280576728983, 0.000290369382128, 0.000353672076017, 0.000349848502083, 0.000182365503861, 6.30043796264e-05],
        "dvar": [3.22587402479e-06, 0.000819917535409, 0.000246189592872, 6.14956516074e-05, 3.02401531371e-05, 4.28872044722e-06, 3.66822041542e-06, 4.40610392616e-06, 8.71659722179e-06, 7.32155626793e-07, 5.31183161456e-07, 2.97249562209e-06, 6.44690771878e-07, 1.26601676698e-07, 4.87919926684e-08, 1.55057122697e-07, 3.83535535775e-07, 2.19904929821e-08, 4.32370867998e-08, 5.57914461297e-08, 7.61668701443e-08, 2.13077640865e-07, 2.55017795325e-07, 4.09790175127e-07, 4.66395903231e-07, 1.37301753966e-07, 1.8585749828e-08],
        "dvar2": [8.14460418042e-06, 0.00213492917828, 0.000625824788585, 0.000158892129548, 8.31948418636e-05, 9.90936132439e-06, 9.54041843215e-06, 1.07402047433e-05, 1.98126872419e-05, 1.76075513991e-06, 1.33931996515e-06, 7.17298735253e-06, 1.70835653535e-06, 3.01843755324e-07, 1.09362254364e-07, 4.31062460393e-07, 1.05974390863e-06, 4.89809686144e-08, 9.81464509664e-08, 1.11703407413e-07, 1.29511192881e-07, 4.59485022475e-07, 5.39293012025e-07, 8.33032629544e-07, 1.02577064354e-06, 2.95154819696e-07, 4.11127665245e-08],
        "max": [0.0181624349207, 0.240896746516, 0.139506787062, 0.0738355591893, 0.0369215980172, 0.0370266214013, 0.027485979721, 0.026711024344, 0.0854899436235, 0.0173670891672, 0.011104461737, 0.0541286207736, 0.0155105087906, 0.00484683969989, 0.00364233739674, 0.00652614841238, 0.00450968462974, 0.00255540688522, 0.00224660360254, 0.00321467733011, 0.00250071822666, 0.00471728062257, 0.00477757956833, 0.0056097432971, 0.0101593378931, 0.00373761798255, 0.00140996952541],
        "mean": [0.00105066061951, 0.0135354446247, 0.00951294228435, 0.00367426429875, 0.00451633008197, 0.00183789699804, 0.00108757789712, 0.000994428060949, 0.00149254465941, 0.00045051437337, 0.000441051815869, 0.000665376952384, 0.000483739859192, 0.000274402205832, 0.00020324983052, 0.000278745224932, 0.000286767230136, 0.000141112759593, 0.000175267865416, 0.000149786093971, 0.000185008044355, 0.000209842473851, 0.000219438734348, 0.000267581985099, 0.000258360785665, 0.000137395574711, 4.31928565376e-05],
        "median": [0.000253604113823, 0.00259920232929, 0.00173728493974, 0.000204852942261, 0.00216064671986, 0.000765865843277, 0.000364233390428, 0.000241698086029, 0.000277542421827, 0.000105841056211, 0.000140269461554, 0.0001457456965, 0.000143226890941, 0.000100223754998, 9.57089578151e-05, 0.00013550138101, 9.32915136218e-05, 6.95063426974e-05, 8.11704303487e-05, 5.00505520904e-05, 4.96734974149e-05, 3.98045413021e-05, 2.82531345874e-05, 2.90517582471e-05, 2.12061459024e-05, 6.1836376517e-06, 7.32272212645e-07],
        "min": [7.61389784554e-10, 1.08816555766e-09, 5.97791954826e-11, 5.43596945235e-10, 7.5225836671e-10, 1.76719205935e-09, 1.07025566187e-09, 1.47942724738e-09, 3.06935032945e-10, 2.70583833117e-10, 8.09356331954e-11, 1.41375008922e-10, 3.62057536729e-11, 4.14366214951e-11, 2.25645890861e-11, 4.53789540666e-11, 3.26517250737e-11, 1.86249661527e-11, 2.2422399007e-11, 2.75730254601e-11, 3.49976714276e-11, 3.36692132508e-11, 3.53028960232e-11, 5.57712730165e-11, 4.41831423878e-12, 4.67158950412e-12, 6.66068979485e-12],
        "var": [3.87089721698e-06, 0.000780513510108, 0.000327240675688, 7.15344212949e-05, 3.61544080079e-05, 9.24688993109e-06, 4.24477593697e-06, 5.64718084206e-06, 1.65602414199e-05, 1.0131190038e-06, 6.98245969488e-07, 5.1728343351e-06, 9.64504351941e-07, 2.21327184136e-07, 1.00873144504e-07, 1.84212282761e-07, 3.2147966067e-07, 3.5323321157e-08, 6.18232292027e-08, 8.11013975976e-08, 1.35063316975e-07, 2.6374840445e-07, 3.17937889349e-07, 5.20050093655e-07, 5.29508156433e-07, 1.61165417012e-07, 1.97441032412e-08]
    },
    "erbbands": {
        "dmean": [0.390574723482, 2.3926551342, 8.17009830475, 9.00658226013, 11.6923685074, 11.6185073853, 11.0082445145, 9.10615539551, 9.62613105774, 19.3918647766, 19.1888027191, 22.5860748291, 16.1925697327, 9.80969142914, 16.1699237823, 18.9391689301, 15.3608579636, 11.8704957962, 7.47522306442, 9.40611743927, 11.4886064529, 14.3818378448, 6.6849360466, 6.26054000854, 6.55815982819, 5.60192680359, 4.88304042816, 6.1796875, 6.51167201996, 6.72567510605, 5.62739753723, 5.14822721481, 3.87193799019, 2.7334728241, 1.71511340141, 0.685271203518, 0.20519733429, 0.054605178535, 0.00812006834894, 0.000280608481262],
        "dmean2": [0.659375369549, 4.00277805328, 13.0580768585, 14.8992462158, 19.4398822784, 19.190568924, 17.5426750183, 14.7680006027, 15.9375772476, 32.3611869812, 31.4624290466, 36.2536582947, 25.6435012817, 15.4208936691, 26.3326587677, 30.4887332916, 24.6295833588, 18.8412132263, 11.6777458191, 15.4976911545, 19.2779712677, 24.3603935242, 10.549071312, 9.43882656097, 10.1569395065, 8.10176753998, 7.10553216934, 8.72110843658, 9.74301624298, 10.1331148148, 8.10408973694, 7.47112798691, 5.47483491898, 3.98580527306, 2.53317785263, 1.00738561153, 0.299163758755, 0.07984688133, 0.01220039092, 0.000421918928623],
        "dvar": [1.18234550953, 32.2603683472, 262.164245605, 381.408294678, 634.504577637, 299.423339844, 272.756469727, 308.376800537, 389.635528564, 2108.25, 1772.2734375, 4163.89941406, 1460.18054199, 337.415985107, 1388.5201416, 4410.11035156, 1032.46118164, 502.173797607, 126.258247375, 220.859222412, 346.514129639, 1114.57836914, 130.108230591, 78.936088562, 117.647605896, 123.223236084, 83.8347167969, 183.42288208, 232.381317139, 319.263000488, 204.681594849, 180.290008545, 96.4546508789, 54.477180481, 26.7917327881, 4.39919614792, 0.374369651079, 0.0293657016009, 0.000628916081041, 7.33778676931e-07],
        "dvar2": [3.10189080238, 84.2348556519, 631.195800781, 1000.02282715, 1721.6953125, 799.517272949, 652.749206543, 729.495910645, 935.64855957, 5444.68115234, 4318.80615234, 9482.60839844, 3549.11547852, 868.958496094, 3499.27563477, 9849.40625, 2737.45776367, 1197.21228027, 278.35836792, 568.955078125, 914.501037598, 3040.87939453, 319.522888184, 174.131622314, 260.581115723, 246.366485596, 155.215164185, 331.114013672, 496.783111572, 689.950073242, 423.615478516, 376.582824707, 192.757720947, 118.419960022, 60.6781654358, 9.77605628967, 0.808506429195, 0.0636033564806, 0.00136101723183, 1.63942752351e-06],
        "max": [9.3831243515, 49.2143249512, 146.184677124, 171.451751709, 182.68447876, 156.293914795, 215.470443726, 352.545837402, 391.695343018, 735.965209961, 896.351257324, 1586.75756836, 972.803283691, 304.133636475, 560.155029297, 2226.87207031, 539.366577148, 406.947021484, 222.595489502, 270.682617188, 334.558807373, 240.409454346, 102.687683105, 106.61365509, 138.550613403, 172.002731323, 149.644058228, 130.168395996, 148.420623779, 193.77444458, 151.997177124, 117.381004333, 98.7138442993, 107.371833801, 75.8464736938, 26.3358325958, 6.11305713654, 1.64879989624, 0.24222587049, 0.009072878398],
        "mean": [0.426160395145, 2.94180393219, 10.8616018295, 11.0599775314, 12.5821933746, 16.276309967, 17.9226932526, 14.0189361572, 12.8450717926, 21.7614192963, 22.8600711823, 32.4220428467, 21.5039424896, 14.3819236755, 21.1186199188, 25.4068450928, 21.4604320526, 16.7554931641, 11.7383575439, 12.1933498383, 15.4218406677, 16.2190113068, 9.18918228149, 8.71671390533, 8.32598686218, 6.79513883591, 6.46783351898, 7.95310211182, 7.42321157455, 7.24299955368, 6.28717947006, 5.46158218384, 4.25668334961, 3.00773143768, 1.78893327713, 0.741586387157, 0.219518691301, 0.0555260851979, 0.008455674164, 0.00030924170278],
        "median": [0.0618347376585, 0.594033539295, 2.21031522751, 1.40846443176, 2.20957827568, 8.0535068512, 8.82158088684, 5.29253387451, 5.07687520981, 5.91419696808, 6.32465410233, 6.85822439194, 5.0180311203, 5.8937163353, 5.97332954407, 5.903860569, 7.04142093658, 6.57262277603, 5.65904712677, 5.9398150444, 8.11115169525, 5.58514451981, 4.16922998428, 4.33033800125, 3.46655344963, 2.25566506386, 2.00921368599, 1.92746818066, 1.51869547367, 0.971501529217, 0.809864878654, 0.599384486675, 0.474527418613, 0.280710637569, 0.123771458864, 0.0409814305604, 0.00783947482705, 0.00128932797816, 0.000170339801116, 3.92499532609e-05],
        "min": [4.32400568684e-08, 3.58405173984e-07, 1.54016902343e-06, 2.51501796811e-06, 1.27774467273e-06, 3.11784151563e-06, 1.96746350412e-05, 2.15454729187e-05, 1.96933269763e-05, 1.97772569663e-05, 4.18170311605e-05, 1.41312657433e-05, 3.42672706211e-06, 7.79844413046e-06, 3.56828377335e-06, 5.3390776884e-06, 2.10798498301e-06, 1.49662264448e-06, 1.53085034071e-06, 1.12602026547e-06, 2.92472486763e-06, 1.80372819614e-06, 1.13657210932e-06, 6.69139751608e-07, 1.83011320587e-06, 1.23378413264e-06, 1.11257998014e-06, 1.40348549849e-06, 1.27177850118e-06, 1.26339136841e-06, 9.78664502327e-07, 1.14882277558e-06, 7.71608938521e-07, 9.40530426874e-08, 3.73231614503e-08, 1.76125265483e-08, 9.29077437206e-09, 3.79872755474e-09, 1.07933206817e-09, 2.71638961324e-10],
        "var": [0.97354632616, 33.9282875061, 386.543457031, 491.498168945, 674.923095703, 438.192596436, 554.669799805, 634.120544434, 610.726806641, 2365.30395508, 2779.6875, 7754.31201172, 2121.61889648, 566.698364258, 2116.16699219, 7616.30419922, 1592.90661621, 933.469421387, 297.879058838, 307.851654053, 489.614746094, 971.147949219, 166.304611206, 128.593063354, 166.027618408, 176.489761353, 146.653335571, 298.744689941, 296.272583008, 375.864501953, 263.406311035, 221.005203247, 127.448051453, 63.7344703674, 28.8528862, 4.97385787964, 0.428029328585, 0.0322077684104, 0.000694520131219, 7.63168770845e-07]
    },
    "gfcc": {
        "mean": [-16.6104125977, 87.4319076538, -94.2519073486, 33.7432365417, -51.9080619812, 15.5391769409, -38.4405441284, 8.32065963745, -21.494846344, 2.20602321625, -13.7806606293, 1.07881903648, -5.92666578293],
        "cov": [[12770.8251953, -2039.88037109, 125.708930969, -33.1699714661, 229.991043091, 634.00994873, 443.373413086, 442.58416748, -19.4691486359, 289.195648193, -225.901794434, -23.1231918335, -481.401794434], [-2039.88037109, 2505.30175781, -372.905700684, 130.452285767, 200.985839844, -220.61781311, 47.1029663086, -123.804069519, 47.8649940491, -174.90322876, 107.621955872, -183.92868042, 35.8937072754], [125.708930969, -372.905700684, 701.68548584, 226.879714966, 75.7450637817, 76.8587188721, -56.7509307861, 13.3210725784, 4.55054712296, -4.20508432388, -43.0059967041, 34.3368453979, -19.2566566467], [-33.1699714661, 130.452285767, 226.879714966, 501.95413208, 171.618728638, -11.7638444901, -108.01020813, -45.1377067566, 64.8641815186, -66.969291687, 0.437096238136, 8.03207111359, 49.8700942993], [229.991043091, 200.985839844, 75.7450637817, 171.618728638, 321.758483887, 112.422637939, 88.4050750732, 31.3335647583, 69.6498336792, 12.5667619705, 0.343339502811, -17.5278892517, -28.3961086273], [634.00994873, -220.61781311, 76.8587188721, -11.7638444901, 112.422637939, 323.010101318, 197.977005005, 80.9089355469, 16.8989143372, 64.8879318237, -6.53857707977, -6.20074033737, -54.1658325195], [443.373413086, 47.1029663086, -56.7509307861, -108.01020813, 88.4050750732, 197.977005005, 383.108398438, 114.64705658, 37.2723083496, 45.424621582, 3.71492123604, -24.1989364624, -74.5101470947], [442.58416748, -123.804069519, 13.3210725784, -45.1377067566, 31.3335647583, 80.9089355469, 114.64705658, 183.997512817, 55.5565910339, 63.7704086304, 7.01704883575, 2.3800599575, -36.0983047485], [-19.4691486359, 47.8649940491, 4.55054712296, 64.8641815186, 69.6498336792, 16.8989143372, 37.2723083496, 55.5565910339, 147.176559448, 35.3205032349, 18.2120285034, 15.7429580688, -5.72942972183], [289.195648193, -174.90322876, -4.20508432388, -66.969291687, 12.5667619705, 64.8879318237, 45.424621582, 63.7704086304, 35.3205032349, 141.905105591, 39.6446418762, 18.3499011993, -14.2187995911], [-225.901794434, 107.621955872, -43.0059967041, 0.437096238136, 0.343339502811, -6.53857707977, 3.71492123604, 7.01704883575, 18.2120285034, 39.6446418762, 108.615371704, 32.8843955994, 23.7600097656], [-23.1231918335, -183.92868042, 34.3368453979, 8.03207111359, -17.5278892517, -6.20074033737, -24.1989364624, 2.3800599575, 15.7429580688, 18.3499011993, 32.8843955994, 107.022071838, 40.4943199158], [-481.401794434, 35.8937072754, -19.2566566467, 49.8700942993, -28.3961086273, -54.1658325195, -74.5101470947, -36.0983047485, -5.72942972183, -14.2187995911, 23.7600097656, 40.4943199158, 126.770484924]],
        "icov": [[0.000121766461234, 7.85068768892e-05, 0.000105922867078, -0.000148536637425, -4.46977173851e-05, -5.78596700507e-05, -1.30145899675e-05, -0.000172801461304, 0.000187533369171, -0.000153648012201, 0.000187478930457, -8.38416526676e-05, 0.000405989674618], [7.85068768892e-05, 0.000878415885381, 0.000274821912171, -8.79006256582e-06, -0.00070131814573, 0.000605803041253, -0.00037728465395, 0.000218666304136, -0.000243889517151, 0.000943747814745, -0.00131952879019, 0.00159845990129, -0.00013157313515], [0.000105922867078, 0.000274821912171, 0.00213554617949, -0.00119396974333, -8.39958520373e-05, -0.000429979729233, 0.000313815311529, -0.000424539350206, 0.000642818515189, -0.00025155491312, 0.000765771197621, -0.000753008294851, 0.00107737898361], [-0.000148536637425, -8.79006256582e-06, -0.00119396974333, 0.00426735449582, -0.00197974173352, -0.000165913777892, 0.00116423238069, 0.000591107469518, -0.0020247453358, 0.0024230920244, -0.00127404194791, 0.000950308283791, -0.00196790485643], [-4.46977173851e-05, -0.00070131814573, -8.39958520373e-05, -0.00197974173352, 0.00569312041625, -0.00165822776034, -0.000565533700865, 0.000148816019646, -0.00106053077616, -0.00120974250603, 0.00108766125049, -0.000641416292638, 0.000888996466529], [-5.78596700507e-05, 0.000605803041253, -0.000429979729233, -0.000165913777892, -0.00165822776034, 0.00625791493803, -0.00286861369386, 4.29419424108e-06, 0.000928458990529, -0.00127839238849, -0.000335477117915, 0.000837151776068, -7.96603198978e-05], [-1.30145899675e-05, -0.00037728465395, 0.000313815311529, 0.00116423238069, -0.000565533700865, -0.00286861369386, 0.00536345643923, -0.00186357495841, -0.000591067131609, 0.000947634049226, -0.000171558378497, -0.000290941417916, 0.00112112227362], [-0.000172801461304, 0.000218666304136, -0.000424539350206, 0.000591107469518, 0.000148816019646, 4.29419424108e-06, -0.00186357495841, 0.00877583026886, -0.00286529376172, -0.00176711496897, -0.000317954196362, 0.00068443157943, -6.30862414255e-05], [0.000187533369171, -0.000243889517151, 0.000642818515189, -0.0020247453358, -0.00106053077616, 0.000928458990529, -0.000591067131609, -0.00286529376172, 0.0102839618921, -0.0028190894518, 0.000896976445802, -0.00247327121906, 0.00144171784632], [-0.000153648012201, 0.000943747814745, -0.00025155491312, 0.0024230920244, -0.00120974250603, -0.00127839238849, 0.000947634049226, -0.00176711496897, -0.0028190894518, 0.0129079176113, -0.00597340567037, 0.00178420182783, -0.000735519628506], [0.000187478930457, -0.00131952879019, 0.000765771197621, -0.00127404194791, 0.00108766125049, -0.000335477117915, -0.000171558378497, -0.000317954196362, 0.000896976445802, -0.00597340567037, 0.0150475613773, -0.00601312145591, 8.30108983791e-05], [-8.38416526676e-05, 0.00159845990129, -0.000753008294851, 0.000950308283791, -0.000641416292638, 0.000837151776068, -0.000290941417916, 0.00068443157943, -0.00247327121906, 0.00178420182783, -0.00601312145591, 0.0158538613468, -0.00487013394013], [0.000405989674618, -0.00013157313515, 0.00107737898361, -0.00196790485643, 0.000888996466529, -7.96603198978e-05, 0.00112112227362, -6.30862414255e-05, 0.00144171784632, -0.000735519628506, 8.30108983791e-05, -0.00487013394013, 0.0127338981256]]
    },
    "melbands": {
        "dmean": [0.00322982040234, 0.00348344352096, 0.00163778930437, 0.000825344701298, 0.000392786547309, 0.000207405231777, 0.000155534391524, 0.000218273547944, 0.000158329465194, 0.000147101993207, 8.11004138086e-05, 4.00784374506e-05, 5.07275144628e-05, 5.9831127146e-05, 4.02225705329e-05, 3.66497588402e-05, 2.08749952435e-05, 1.29980999191e-05, 1.18271627798e-05, 1.59866813192e-05, 1.28457886603e-05, 1.43356219269e-05, 1.20805989354e-05, 4.55209101347e-06, 5.33068805453e-06, 5.30666420673e-06, 4.42431928604e-06, 3.81723839382e-06, 3.17519834425e-06, 3.03826868731e-06, 3.78530717171e-06, 3.53343966708e-06, 4.29922283729e-06, 3.75330000679e-06, 3.62427135769e-06, 2.55891609413e-06, 3.59043951903e-06, 2.86798808702e-06, 2.53804614658e-06, 2.23330926019e-06],
        "dmean2": [0.00542470999062, 0.00562031380832, 0.00268604746088, 0.00138678634539, 0.00062536180485, 0.000334665935952, 0.000258189684246, 0.00036302220542, 0.000254704646068, 0.00023686538043, 0.000129291613121, 6.37074408587e-05, 8.24798698886e-05, 9.82975761872e-05, 6.46383923595e-05, 5.8444980823e-05, 3.30286820827e-05, 2.03813033295e-05, 1.88347021322e-05, 2.74151116173e-05, 2.14357132791e-05, 2.38633292611e-05, 2.08509682125e-05, 7.12978680895e-06, 8.17292402644e-06, 8.34413640405e-06, 6.95414473739e-06, 5.56531495022e-06, 4.73351656183e-06, 4.42893906438e-06, 5.40563632967e-06, 5.31206114829e-06, 6.52844846627e-06, 5.78802746531e-06, 5.51425182493e-06, 3.63015874427e-06, 5.34305763722e-06, 4.11718792748e-06, 3.62880746252e-06, 3.33105890604e-06],
        "dvar": [7.63052739785e-05, 4.60199771624e-05, 1.24602411233e-05, 2.17074102693e-06, 3.05111399257e-07, 1.43097651062e-07, 9.15839351023e-08, 2.52834610137e-07, 1.60978629538e-07, 1.78164611953e-07, 3.63225005628e-08, 5.71320235565e-09, 1.23099042071e-08, 5.41882343441e-08, 1.07178745878e-08, 7.57445040023e-09, 1.6044301443e-09, 4.215439664e-10, 3.26472598955e-10, 8.42940939272e-10, 4.26331747683e-10, 9.2500274107e-10, 9.08065900251e-10, 4.63801982931e-11, 5.99677529856e-11, 7.28561586061e-11, 7.25004500879e-11, 6.44145500828e-11, 3.77857224676e-11, 3.73467680392e-11, 7.31105453955e-11, 6.30554497505e-11, 1.33643554556e-10, 1.03635558468e-10, 9.35857918938e-11, 3.90873236555e-11, 9.72008307176e-11, 5.64480996668e-11, 4.37511485374e-11, 3.93782784158e-11],
        "dvar2": [0.000200033464353, 0.00010927022231, 3.179216219e-05, 5.84036297369e-06, 7.59410625051e-07, 3.37263514893e-07, 2.2647246567e-07, 6.39043491901e-07, 3.73268250087e-07, 4.13183613546e-07, 8.87169875341e-08, 1.50896504181e-08, 3.0891182945e-08, 1.33296708782e-07, 2.59112198364e-08, 2.06920933721e-08, 3.83373865986e-09, 9.29210708378e-10, 7.42511774288e-10, 2.40798780915e-09, 1.09013076344e-09, 2.47212339488e-09, 2.51101672788e-09, 1.0191590627e-10, 1.34451547118e-10, 1.64093336141e-10, 1.6677870196e-10, 1.32736266423e-10, 7.60138479938e-11, 6.47967998701e-11, 1.35996422457e-10, 1.3846275515e-10, 3.0251551264e-10, 2.30619731645e-10, 2.07454511902e-10, 7.75087563576e-11, 2.10683345769e-10, 1.14845764843e-10, 9.37066535478e-11, 8.81612005621e-11],
        "max": [0.0760445147753, 0.0603536814451, 0.0296770539135, 0.0101370327175, 0.00575386220589, 0.006823616568, 0.00517485616729, 0.00719728553668, 0.0120135452598, 0.0110098589212, 0.00470574572682, 0.00114154792391, 0.00146341510117, 0.00781218660995, 0.00253326399252, 0.00202302332036, 0.000660097459331, 0.000392076006392, 0.00030400507967, 0.000542987021618, 0.000363616214599, 0.000252901285421, 0.000244228052907, 9.47021617321e-05, 9.26976863411e-05, 0.000139246651088, 9.92157292785e-05, 0.000124081794638, 0.000130267406348, 5.74057849008e-05, 9.14615447982e-05, 7.97149696155e-05, 0.000130030763103, 0.000104466467747, 0.000105598679511, 7.135845226e-05, 9.09919399419e-05, 7.95744053903e-05, 6.59295474179e-05, 0.000116380615509],
        "mean": [0.00370147055946, 0.00507874647155, 0.00206199893728, 0.00102139345836, 0.000663671991788, 0.000319401820889, 0.000200437018066, 0.000240148889134, 0.000192083112779, 0.00021075476252, 0.000104126527731, 5.57325147383e-05, 6.3761806814e-05, 7.90315534687e-05, 5.03347509948e-05, 5.00814530824e-05, 2.78639090538e-05, 1.88923750102e-05, 1.61735770234e-05, 1.8218303012e-05, 1.72412164829e-05, 1.66987865668e-05, 1.21313541968e-05, 6.46656417302e-06, 7.10050198904e-06, 6.7265823418e-06, 5.20552794114e-06, 4.39482982983e-06, 4.03733747589e-06, 4.03136527893e-06, 4.70837903777e-06, 4.08532969232e-06, 4.3485479182e-06, 3.98674910684e-06, 3.89557453673e-06, 2.86889712697e-06, 3.63806884707e-06, 3.09959364131e-06, 2.72711986327e-06, 2.42077180701e-06],
        "median": [0.000654218893033, 0.00114203686826, 0.00027421588311, 0.000364014209481, 0.000378957367502, 0.00012409836927, 7.65196091379e-05, 6.29317510175e-05, 4.19084026362e-05, 3.98726733692e-05, 2.17274337047e-05, 1.98805701075e-05, 1.93829746422e-05, 1.79597445822e-05, 9.19799640542e-06, 1.48649796756e-05, 9.68629137788e-06, 7.74839463702e-06, 7.31440968593e-06, 7.92404171079e-06, 9.03198997548e-06, 5.308463642e-06, 4.07270590586e-06, 3.07538698507e-06, 3.3617338886e-06, 2.88925889436e-06, 1.78499522008e-06, 1.26710347104e-06, 1.24093855902e-06, 1.00680210835e-06, 1.03109448446e-06, 8.92556954568e-07, 6.08408583957e-07, 4.87653153414e-07, 4.661346793e-07, 3.88199310919e-07, 3.2420257412e-07, 3.12429506266e-07, 2.88004059712e-07, 2.18128946017e-07],
        "min": [3.03422842407e-10, 8.95673812895e-11, 3.67857994066e-10, 2.39764347265e-10, 9.79939795975e-10, 4.58994564578e-10, 2.60079818792e-10, 2.02860880871e-10, 2.71388578277e-10, 5.41416668443e-11, 1.1907729143e-11, 2.95717200727e-11, 1.11799311128e-11, 1.51910966445e-11, 4.29861528317e-12, 4.3996074145e-12, 2.34686185416e-12, 2.54284831039e-12, 1.59942469425e-12, 1.42194014809e-12, 3.59635563517e-12, 1.87700853124e-12, 1.1914155643e-12, 6.72402996997e-13, 4.17041292992e-13, 1.22929639558e-12, 8.29382569567e-13, 6.73465894597e-13, 6.05577220314e-13, 7.02159901403e-13, 8.50495075842e-13, 6.23544889767e-13, 5.71752931458e-13, 5.46834712928e-13, 5.90907531239e-13, 5.67122087139e-13, 6.29112538973e-13, 5.11373604052e-13, 1.57251802183e-13, 3.93275161243e-14],
        "var": [6.58880162518e-05, 7.42526099202e-05, 1.66381305462e-05, 2.52717927651e-06, 6.24328777121e-07, 3.01021032101e-07, 1.31745153453e-07, 3.00303867107e-07, 2.80440758615e-07, 3.35044973099e-07, 5.19564338219e-08, 9.3815977209e-09, 1.64566902328e-08, 9.18456066756e-08, 1.91160633989e-08, 1.17240350761e-08, 2.76280021083e-09, 9.15318987271e-10, 6.23168239233e-10, 9.20491960432e-10, 6.2921762245e-10, 9.49442413578e-10, 6.74361788633e-10, 7.55194309865e-11, 9.24836041083e-11, 1.07043360287e-10, 8.77546854627e-11, 8.69606331388e-11, 6.0468179075e-11, 6.53959386643e-11, 1.13907050459e-10, 8.16233261536e-11, 1.45986903122e-10, 1.16455595167e-10, 1.08008026134e-10, 5.40535463611e-11, 1.10454589919e-10, 7.23761328647e-11, 5.27934848615e-11, 4.35618069394e-11]
    },
    "mfcc": {
        "mean": [-664.939025879, 118.147064209, 16.3585987091, 23.3901786804, 12.0041074753, 7.21058559418, 1.1258302927, 2.85789585114, 1.71680915356, -0.732334136963, -1.01849114895, -0.273021996021, -0.292255073786],
        "cov": [[9812.671875, -423.6875, -335.244110107, -188.823425293, -206.310806274, 187.623931885, 291.315582275, 319.489471436, 242.268157959, 233.422317505, 297.282592773, 160.547515869, 42.6344032288], [-423.6875, 1818.19897461, -326.20022583, 174.517166138, -3.56206607819, -14.9364452362, 53.6399116516, 14.749710083, -37.7805709839, -11.4378585815, 47.5019760132, 8.53366851807, 7.04082155228], [-335.244110107, -326.20022583, 544.872070312, 128.38394165, 138.483764648, 39.2824134827, -22.329492569, 6.13858938217, -10.3731832504, -13.1179285049, -60.8339424133, -16.1771869659, -4.09834051132], [-188.823425293, 174.517166138, 128.38394165, 437.732330322, 238.51083374, 27.6115131378, -87.7772140503, 13.8121671677, -9.18833446503, -29.7478656769, -44.7449645996, -33.8455123901, 4.808344841], [-206.310806274, -3.56206607819, 138.483764648, 238.51083374, 346.543060303, 69.6754684448, -66.9482192993, 1.85398006439, -2.0427339077, 2.38344502449, -28.5746994019, -38.3481636047, 21.2921028137], [187.623931885, -14.9364452362, 39.2824134827, 27.6115131378, 69.6754684448, 241.836639404, 102.11844635, 72.8629226685, 43.0403556824, 54.8090171814, 26.0255661011, -3.99172830582, 13.4145898819], [291.315582275, 53.6399116516, -22.329492569, -87.7772140503, -66.9482192993, 102.11844635, 251.058044434, 86.4980773926, 58.2890319824, 74.3285751343, 72.7160110474, 26.6745929718, 4.72977638245], [319.489471436, 14.749710083, 6.13858938217, 13.8121671677, 1.85398006439, 72.8629226685, 86.4980773926, 175.433273315, 78.4174957275, 33.6659622192, 48.7898674011, 32.5327033997, 25.6210269928], [242.268157959, -37.7805709839, -10.3731832504, -9.18833446503, -2.0427339077, 43.0403556824, 58.2890319824, 78.4174957275, 135.498825073, 65.5156097412, 42.0629005432, 24.6983833313, 10.4891910553], [233.422317505, -11.4378585815, -13.1179285049, -29.7478656769, 2.38344502449, 54.8090171814, 74.3285751343, 33.6659622192, 65.5156097412, 131.527542114, 74.1195907593, 18.5889549255, 5.50059080124], [297.282592773, 47.5019760132, -60.8339424133, -44.7449645996, -28.5746994019, 26.0255661011, 72.7160110474, 48.7898674011, 42.0629005432, 74.1195907593, 147.166854858, 56.6321487427, 20.946680069], [160.547515869, 8.53366851807, -16.1771869659, -33.8455123901, -38.3481636047, -3.99172830582, 26.6745929718, 32.5327033997, 24.6983833313, 18.5889549255, 56.6321487427, 107.173530579, 32.7621192932], [42.6344032288, 7.04082155228, -4.09834051132, 4.808344841, 21.2921028137, 13.4145898819, 4.72977638245, 25.6210269928, 10.4891910553, 5.50059080124, 20.946680069, 32.7621192932, 99.3086929321]],
