{
"lowlevel": {
    "average_loudness": 0.961564302444,
    "barkbands_crest": {
        "dmean": 2.91001367569,
        "dmean2": 4.43012571335,
        "dvar": 7.71239757538,
        "dvar2": 16.1565494537,
        "max": 24.9368858337,
        "mean": 12.042427063,
        "median": 10.8213863373,
        "min": 2.18606066704,
        "var": 35.0656242371
    },
    "barkbands_flatness_db": {
        "dmean": 0.0325463488698,
        "dmean2": 0.0477014258504,
        "dvar": 0.00107022165321,
        "dvar2": 0.00200057472102,
        "max": 0.44076859951,
        "mean": 0.146383523941,
        "median": 0.127924799919,
        "min": 0.0165519230068,
        "var": 0.00573168648407
    },
    "barkbands_kurtosis": {
        "dmean": 10.049911499,
        "dmean2": 15.8170757294,
        "dvar": 509.375671387,
        "dvar2": 1222.98205566,
        "max": 304.259307861,
        "mean": 13.5352239609,
        "median": 1.82591533661,
        "min": -1.84354603291,
        "var": 1001.03759766
    },
    "barkbands_skewness": {
        "dmean": 0.952647745609,
        "dmean2": 1.44091880322,
        "dvar": 1.53876411915,
        "dvar2": 3.29290485382,
        "max": 13.965634346,
        "mean": 2.25801610947,
        "median": 1.33732545376,
        "min": -2.37228441238,
        "var": 6.07808637619
    },
    "barkbands_spread": {
        "dmean": 7.24521398544,
        "dmean2": 11.405921936,
        "dvar": 86.2261581421,
        "dvar2": 192.205032349,
        "max": 115.288085938,
        "mean": 20.5872058868,
        "median": 18.6052532196,
        "min": 0.401792734861,
        "var": 210.72203064
    },
    "dissonance": {
        "dmean": 0.0195900797844,
        "dmean2": 0.0325486920774,
        "dvar": 0.000334209646098,
        "dvar2": 0.000903651118279,
        "max": 0.499682843685,
        "mean": 0.461341947317,
        "median": 0.466895610094,
        "min": 0.320283532143,
        "var": 0.000703674682882
    },
    "dynamic_complexity": 2.9290869236,
    "erbbands_crest": {
        "dmean": 2.82115745544,
        "dmean2": 4.3478102684,
        "dvar": 7.83934164047,
        "dvar2": 16.1354236603,
        "max": 30.9373550415,
        "mean": 10.0977621078,
        "median": 8.90682601929,
        "min": 2.81331014633,
        "var": 25.3079795837
    },
    "erbbands_flatness_db": {
        "dmean": 0.0231853760779,
        "dmean2": 0.0316822603345,
        "dvar": 0.000517204811331,
        "dvar2": 0.000948191620409,
        "max": 0.332449108362,
        "mean": 0.154037535191,
        "median": 0.150199264288,
        "min": 0.0404989570379,
        "var": 0.00203429162502
    },
    "erbbands_kurtosis": {
        "dmean": 0.970666825771,
        "dmean2": 1.57153391838,
        "dvar": 1.70757627487,
        "dvar2": 4.28942871094,
        "max": 17.4945583344,
        "mean": 0.449137717485,
        "median": -0.122702360153,
        "min": -1.74114465714,
        "var": 3.68162369728
    },
    "erbbands_skewness": {
        "dmean": 0.409549117088,
        "dmean2": 0.633281648159,
        "dvar": 0.154718920588,
        "dvar2": 0.36459723115,
        "max": 3.40319347382,
        "mean": 0.422704547644,
        "median": 0.387689888477,
        "min": -2.03215622902,
        "var": 0.501107513905
    },
    "erbbands_spread": {
        "dmean": 9.42864131927,
        "dmean2": 14.4841098785,
        "dvar": 107.640235901,
        "dvar2": 258.095703125,
        "max": 132.807601929,
        "mean": 38.1897926331,
        "median": 36.1224632263,
        "min": 3.81069231033,
        "var": 300.257080078
    },
    "hfc": {
        "dmean": 10.0218372345,
        "dmean2": 14.0976352692,
        "dvar": 441.064544678,
        "dvar2": 854.791503906,
        "max": 296.558746338,
        "mean": 19.6349220276,
        "median": 11.1616230011,
        "min": 1.19622929425e-16,
        "var": 780.981506348
    },
    "melbands_crest": {
        "dmean": 4.25973749161,
        "dmean2": 6.78499603271,
        "dvar": 18.442029953,
        "dvar2": 36.6453056335,
        "max": 37.5169448853,
        "mean": 19.243144989,
        "median": 17.0575942993,
        "min": 2.74864339828,
        "var": 93.8370132446
    },
    "melbands_flatness_db": {
        "dmean": 0.0381401143968,
        "dmean2": 0.0550012663007,
        "dvar": 0.00154034176376,
        "dvar2": 0.00267393398099,
        "max": 0.550170302391,
        "mean": 0.216288357973,
        "median": 0.193198978901,
        "min": 0.00537359481677,
        "var": 0.0105942618102
    },
    "melbands_kurtosis": {
        "dmean": 23.901922226,
        "dmean2": 38.3010635376,
        "dvar": 3190.8347168,
        "dvar2": 7565.77490234,
        "max": 871.965576172,
        "mean": 34.3114395142,
        "median": 6.13130760193,
        "min": -1.5525547266,
        "var": 5963.00976562
    },
    "melbands_skewness": {
        "dmean": 1.30544888973,
        "dmean2": 2.00929737091,
        "dvar": 3.39993977547,
        "dvar2": 7.43277931213,
        "max": 22.6349983215,
        "mean": 3.51746177673,
        "median": 2.14770913124,
        "min": -1.33444786072,
        "var": 12.2458686829
    },
    "melbands_spread": {
        "dmean": 8.06281757355,
        "dmean2": 12.0872306824,
        "dvar": 141.299179077,
        "dvar2": 276.865814209,
        "max": 218.879165649,
        "mean": 23.6310787201,
        "median": 19.8190879822,
        "min": 0.232528299093,
        "var": 418.658905029
    },
    "pitch_salience": {
        "dmean": 0.0897986292839,
        "dmean2": 0.138553470373,
        "dvar": 0.00782574340701,
        "dvar2": 0.0156785752624,
        "max": 0.85929197073,
        "mean": 0.460397213697,
        "median": 0.492425590754,
        "min": 0.0506620854139,
        "var": 0.0317581966519
    },
    "silence_rate_20dB": {
        "dmean": 0,
        "dmean2": 0,
        "dvar": 0,
        "dvar2": 0,
        "max": 1,
        "mean": 1,
        "median": 1,
        "min": 1,
        "var": 0
    },
    "silence_rate_30dB": {
        "dmean": 0.0781733766198,
        "dmean2": 0.156020134687,
        "dvar": 0.072060123086,
        "dvar2": 0.148714780807,
        "max": 1,
        "mean": 0.880464196205,
        "median": 1,
        "min": 0,
        "var": 0.105244770646
    },
    "silence_rate_60dB": {
        "dmean": 0.0576625391841,
        "dmean2": 0.115369722247,
        "dvar": 0.0543387494981,
        "dvar2": 0.115994222462,
        "max": 1,
        "mean": 0.115280464292,
        "median": 0,
        "min": 0,
        "var": 0.101989932358
    },
    "spectral_centroid": {
        "dmean": 331.221069336,
        "dmean2": 495.511474609,
        "dvar": 157977.765625,
        "dvar2": 287929.90625,
        "max": 10835.1132812,
        "mean": 1627.31665039,
        "median": 1614.30053711,
        "min": 224.040542603,
        "var": 475522.71875
    },
    "spectral_complexity": {
        "dmean": 4.27786397934,
        "dmean2": 5.90553617477,
        "dvar": 38.1477584839,
        "dvar2": 54.261100769,
        "max": 63,
        "mean": 15.8630561829,
        "median": 14,
        "min": 0,
        "var": 121.941841125
    },
    "spectral_decrease": {
        "dmean": 5.22250331869e-09,
        "dmean2": 8.38988611918e-09,
        "dvar": 6.73412104193e-17,
        "dvar2": 1.60694577656e-16,
        "max": 4.72127191114e-29,
        "mean": -1.0500295744e-08,
        "median": -4.79516737428e-09,
        "min": -5.78373793303e-08,
        "var": 1.57221888156e-16
    },
    "spectral_energy": {
        "dmean": 0.0203768499196,
        "dmean2": 0.0325821787119,
        "dvar": 0.000982636818662,
        "dvar2": 0.00233712000772,
        "max": 0.219571024179,
        "mean": 0.0414114780724,
        "median": 0.0198897458613,
        "min": 1.06719635691e-20,
        "var": 0.0022879242897
    },
    "spectral_energyband_high": {
        "dmean": 0.000701094861142,
        "dmean2": 0.00102101732045,
        "dvar": 3.04781792693e-06,
        "dvar2": 6.51476466373e-06,
        "max": 0.0244170967489,
        "mean": 0.00103676889557,
        "median": 0.000376404525014,
        "min": 7.60997439378e-21,
        "var": 4.57761370853e-06
    },
    "spectral_energyband_low": {
        "dmean": 0.0168497283012,
        "dmean2": 0.0271721053869,
        "dvar": 0.000918319448829,
        "dvar2": 0.00220410572365,
        "max": 0.216179266572,
        "mean": 0.0294776167721,
        "median": 0.00229886802845,
        "min": 4.4307029074e-23,
        "var": 0.00212085759267
    },
    "spectral_energyband_middle_high": {
        "dmean": 0.00242106174119,
        "dmean2": 0.00341899367049,
        "dvar": 3.11938310915e-05,
        "dvar2": 5.32862541149e-05,
        "max": 0.0481191799045,
        "mean": 0.00464771594852,
        "median": 0.00223435857333,
        "min": 1.5783230108e-21,
        "var": 5.57231542189e-05
    },
    "spectral_energyband_middle_low": {
        "dmean": 0.00408031698316,
        "dmean2": 0.00679828971624,
        "dvar": 5.56894119654e-05,
        "dvar2": 0.000146606835187,
        "max": 0.0613846927881,
        "mean": 0.00678273523226,
        "median": 0.00472091929987,
        "min": 3.25777566725e-22,
        "var": 5.53212485102e-05
    },
    "spectral_entropy": {
        "dmean": 0.215815514326,
        "dmean2": 0.300906091928,
        "dvar": 0.043038405478,
        "dvar2": 0.0919425413013,
        "max": 9.79647636414,
        "mean": 7.57706356049,
        "median": 7.55440711975,
        "min": 6.15465068817,
        "var": 0.148663178086
    },
    "spectral_flux": {
        "dmean": 0.043231703341,
        "dmean2": 0.0695347711444,
        "dvar": 0.00320515362546,
        "dvar2": 0.0073444894515,
        "max": 0.414021998644,
        "mean": 0.099560841918,
        "median": 0.0750747919083,
        "min": 1.03305197729e-10,
        "var": 0.00605663144961
    },
    "spectral_kurtosis": {
        "dmean": 1.46955001354,
        "dmean2": 2.39278769493,
        "dvar": 3.92045021057,
        "dvar2": 10.4163951874,
        "max": 42.5850753784,
        "mean": 4.12898778915,
        "median": 3.63637399673,
        "min": -1.33468663692,
        "var": 7.44116306305
    },
    "spectral_rms": {
        "dmean": 0.00137272430584,
        "dmean2": 0.00210157991387,
        "dvar": 3.19623200085e-06,
        "dvar2": 6.69213704896e-06,
        "max": 0.0146361067891,
        "mean": 0.00537171773612,
        "median": 0.00440506869927,
        "min": 3.22671230013e-12,
        "var": 1.15461052701e-05
    },
    "spectral_rolloff": {
        "dmean": 684.904602051,
        "dmean2": 1132.83166504,
        "dvar": 2087112.125,
        "dvar2": 4458953,
        "max": 18884.6191406,
        "mean": 1631.89709473,
        "median": 1012.06054688,
        "min": 43.06640625,
        "var": 3879778.75
    },
    "spectral_skewness": {
        "dmean": 0.240022569895,
        "dmean2": 0.364600390196,
        "dvar": 0.0565147995949,
        "dvar2": 0.125378102064,
        "max": 4.82477903366,
        "mean": 1.46025872231,
        "median": 1.43208742142,
        "min": 0.00473102740943,
        "var": 0.183697998524
    },
    "spectral_spread": {
        "dmean": 913730.6875,
        "dmean2": 1343355.25,
        "dvar": 1.98728758067e+12,
        "dvar2": 3.91590890701e+12,
        "max": 41467608,
        "mean": 4794282.5,
        "median": 4414244,
        "min": 1309112.5,
        "var": 3.68150131507e+12
    },
    "spectral_strongpeak": {
        "dmean": 0.38439938426,
        "dmean2": 0.639625191689,
        "dvar": 0.390626877546,
        "dvar2": 0.931049525738,
        "max": 9.72688102722,
        "mean": 0.807765185833,
        "median": 0.554676175117,
        "min": 0,
        "var": 0.740723371506
    },
    "zerocrossingrate": {
        "dmean": 0.0151743227616,
        "dmean2": 0.0172206573188,
        "dvar": 0.000421859207563,
        "dvar2": 0.000474055297673,
        "max": 0.505859375,
        "mean": 0.0619856528938,
        "median": 0.0556640625,
        "min": 0.001953125,
        "var": 0.00229064631276
    },
    "barkbands": {
        "dmean": [0.00318529293872, 0.0137716876343, 0.00382254947908, 0.0013319873251, 0.000774362706579, 0.000995778013021, 0.000843015091959, 0.000446232297691, 0.000605214561801, 0.00051522848662, 0.000350156304194, 0.000447313679615, 0.000404788326705, 0.000424775236752, 0.000374990777345, 0.000254768558079, 0.000218141532969, 0.000195089261979, 0.000231526588323, 0.000215658277739, 0.000192649487872, 0.000111468310934, 0.000102300924482, 8.44404494273e-05, 9.55689538387e-05, 5.932507338e-05, 2.35779934883e-05],
        "dmean2": [0.00533425854519, 0.0211885962635, 0.00691844010726, 0.00239226361737, 0.0012535226997, 0.00166183966212, 0.00150251807645, 0.000702667050064, 0.000891361793038, 0.000794038467575, 0.00055149930995, 0.000700812845025, 0.000625433458481, 0.000637406832539, 0.000613089476246, 0.00040175934555, 0.000325806613546, 0.000297589867841, 0.000358139746822, 0.000331539748004, 0.000297677412163, 0.000164911223692, 0.000149982079165, 0.000124611819047, 0.000144277248182, 9.05170672922e-05, 3.67063330486e-05],
        "dvar": [3.3162861655e-05, 0.000657265889458, 0.000140646356158, 1.57073591254e-05, 2.10385678656e-06, 3.49111132891e-06, 7.53891345084e-06, 1.52899031036e-06, 1.44661180457e-06, 8.55264374877e-07, 3.90074774259e-07, 1.55218026521e-06, 1.30064211135e-06, 1.17623642382e-06, 1.22305914374e-06, 3.60123351584e-07, 2.45786566211e-07, 1.85150710763e-07, 2.78023264855e-07, 2.63822528268e-07, 2.61549246261e-07, 1.33440096306e-07, 9.42903994883e-08, 4.33925997356e-08, 1.11266231784e-07, 9.64815427551e-08, 2.22978013831e-09],
        "dvar2": [9.31052418309e-05, 0.00155375350732, 0.000382139260182, 4.41766533186e-05, 5.45711509403e-06, 8.95871926332e-06, 2.11427723116e-05, 3.19858077091e-06, 3.08260632664e-06, 2.02852743314e-06, 8.2276642388e-07, 3.64094557881e-06, 2.85456826532e-06, 2.56930729847e-06, 3.1762629078e-06, 7.74032343998e-07, 5.26288602032e-07, 3.83843939744e-07, 6.13147051354e-07, 6.3157420982e-07, 5.91962987073e-07, 2.94193370109e-07, 1.95944224402e-07, 9.48105807197e-08, 2.50040329774e-07, 2.01862931704e-07, 5.05585395771e-09],
        "max": [0.0409474521875, 0.199565917253, 0.0983055382967, 0.0356540828943, 0.0188245922327, 0.0202027522027, 0.0369806028903, 0.0365255735815, 0.031786147505, 0.0127220889553, 0.00715076131746, 0.0162651780993, 0.0106492042542, 0.0107920374721, 0.00896800868213, 0.00511942012236, 0.0050582177937, 0.00751062156633, 0.0053133093752, 0.00588709767908, 0.00536336842924, 0.00369941070676, 0.0039625633508, 0.00292654545046, 0.00934499502182, 0.0168867390603, 0.000510094221681],
        "mean": [0.00394674018025, 0.0223770160228, 0.00276733888313, 0.00107402203139, 0.00118677795399, 0.00134081800934, 0.000723755045328, 0.000714911904652, 0.00122454948723, 0.00109372858424, 0.000490090285894, 0.000555435603019, 0.000478545436636, 0.000525540614035, 0.000431000196841, 0.00034106199746, 0.000323232758092, 0.000328052556142, 0.000338557525538, 0.000330196053255, 0.000259295367869, 0.000125707185362, 0.000116824136057, 0.000102668265754, 0.000126860570163, 6.73772228765e-05, 2.14289066207e-05],
        "median": [0.000475243636174, 0.000950568821281, 0.000194505788386, 0.000194542022655, 0.000465962890303, 0.000493967847433, 0.000143033961649, 0.000303109496599, 0.000689258275088, 0.000513195584062, 0.00015387716121, 0.000141017590067, 6.95286216796e-05, 0.000134982095915, 5.33838901902e-05, 7.04771955498e-05, 0.000106456624053, 0.000102039441117, 9.92884743027e-05, 0.000104857419501, 8.95177872735e-05, 2.70468808594e-05, 2.14243355003e-05, 2.14399806282e-05, 1.86343277164e-05, 5.49051992493e-06, 1.9532008082e-06],
        "min": [1.8950505759e-23, 2.59403939809e-23, 9.82343399495e-24, 1.1811137073e-23, 1.18428582744e-22, 1.50000118302e-23, 4.48381344116e-23, 4.4677007994e-23, 7.20357233954e-23, 9.68949203967e-23, 5.62667725532e-23, 1.31091731405e-22, 5.58913000059e-23, 1.26963830547e-22, 1.15841409276e-22, 1.98551695518e-22, 1.38700881748e-22, 2.99470380822e-22, 2.53684060846e-22, 2.86868902152e-22, 3.37289761014e-22, 4.10954804034e-22, 5.35799930894e-22, 9.40741544859e-22, 1.20338673742e-21, 1.91295129396e-21, 2.31103014622e-21],
        "var": [4.9125723308e-05, 0.00136151479091, 9.3146089057e-05, 1.02075437098e-05, 3.07670325128e-06, 4.54832752439e-06, 4.78986657981e-06, 2.62170669885e-06, 2.96147595691e-06, 1.91344520317e-06, 6.62677507535e-07, 1.70498810803e-06, 1.63285847066e-06, 1.42885346577e-06, 1.33232367716e-06, 5.408937227e-07, 3.97747754732e-07, 4.42820294211e-07, 4.04740404747e-07, 3.59691739504e-07, 3.10327294528e-07, 1.48205600681e-07, 1.19523733133e-07, 6.27813960818e-08, 1.72474258875e-07, 2.51903202297e-07, 2.65049715509e-09]
    },
    "erbbands": {
        "dmean": [0.777125954628, 1.93706858158, 4.08825778961, 4.7296872139, 2.42442393303, 2.7496881485, 6.12523555756, 8.93698883057, 14.2424583435, 7.767578125, 10.1200666428, 13.3254327774, 18.652973175, 13.2361402512, 16.3997707367, 18.9645042419, 18.5194282532, 19.664899826, 17.4847869873, 18.7963180542, 12.1865692139, 12.3468694687, 9.02171421051, 14.4608621597, 8.92563819885, 10.0374441147, 9.4869184494, 6.33465957642, 4.31978416443, 3.2154302597, 2.60822343826, 1.86060762405, 1.40894031525, 1.14277839661, 0.627351462841, 0.336971849203, 0.0874913111329, 0.0217659287155, 0.00479108467698, 0.000145158410305],
        "dmean2": [1.19817721844, 3.05039668083, 7.37523365021, 8.48178672791, 4.18964481354, 4.44422245026, 10.3321456909, 14.7097530365, 25.313539505, 12.9311714172, 15.3763818741, 19.4244289398, 27.6832904816, 20.2848167419, 24.6906356812, 29.5724124908, 28.3500900269, 29.1083488464, 25.6466007233, 30.9044799805, 18.9119205475, 18.0620651245, 13.4182338715, 22.4175014496, 13.3128070831, 15.3630132675, 14.2334375381, 9.99639511108, 6.4267206192, 4.75161409378, 3.85072779655, 2.75177526474, 2.09061574936, 1.72760593891, 0.937268316746, 0.515657961369, 0.134743243456, 0.033931940794, 0.00753868790343, 0.000222830887651],
        "dvar": [2.18523859978, 13.3313388824, 152.352523804, 191.139572144, 33.0435905457, 30.3996887207, 157.905426025, 339.07925415, 2188.7355957, 560.296020508, 527.15612793, 705.16217041, 1066.52770996, 929.730529785, 901.267150879, 3020.48364258, 2715.76074219, 2311.66479492, 2206.84985352, 3165.93676758, 790.383117676, 848.679443359, 453.548675537, 1315.82739258, 422.909729004, 582.37902832, 523.889343262, 422.875183105, 199.028869629, 105.456352234, 58.9788665771, 21.2918186188, 12.8086948395, 10.4737958908, 6.72284221649, 3.55168914795, 0.115918762982, 0.00276081915945, 9.85134320217e-05, 9.40107867109e-08],
        "dvar2": [5.26916885376, 32.2369384766, 415.541900635, 525.636352539, 90.1854324341, 78.4532012939, 427.561553955, 849.277770996, 6134.02294922, 1518.16552734, 1102.91748047, 1453.00134277, 2287.65478516, 2140.33032227, 1771.60913086, 7573.41162109, 5772.64306641, 4881.49462891, 3937.06396484, 8154.61962891, 1552.22155762, 1755.27233887, 868.221130371, 3221.75512695, 914.50201416, 1396.33105469, 1183.90075684, 997.778747559, 443.29510498, 230.272277832, 118.384559631, 44.1372947693, 28.6270866394, 25.0163326263, 14.3162202835, 7.20513629913, 0.239803612232, 0.00602572923526, 0.000225750758545, 1.99999107053e-07],
        "max": [10.4951944351, 25.985704422, 100.149673462, 122.079200745, 51.4829788208, 61.2801399231, 145.050735474, 211.416305542, 656.377380371, 517.093444824, 638.881713867, 561.411743164, 595.743286133, 375.591552734, 747.317932129, 735.140991211, 536.13079834, 525.458068848, 514.424255371, 475.070037842, 311.978790283, 297.555206299, 234.719390869, 374.177398682, 299.931152344, 271.103240967, 259.129547119, 247.575775146, 144.46182251, 121.51965332, 99.8091049194, 63.4590301514, 59.3936920166, 73.2512130737, 89.0290985107, 102.298072815, 15.3668231964, 1.36109614372, 0.0964780598879, 0.00503190141171],
        "mean": [1.21540009975, 2.74257874489, 3.14425897598, 3.80600857735, 2.72436523438, 3.99375867844, 8.66069889069, 11.2142486572, 12.1792821884, 10.2227945328, 17.5508708954, 26.982875824, 41.1595077515, 25.5803012848, 22.4952888489, 23.9576663971, 23.4730243683, 26.6099815369, 23.7246074677, 22.681268692, 17.7990646362, 18.6006298065, 15.5087385178, 21.2237453461, 14.2813272476, 15.6725187302, 14.435842514, 7.61230134964, 5.00809192657, 3.76566553116, 2.94454789162, 2.1956512928, 1.73929536343, 1.45502924919, 0.853318154812, 0.410623759031, 0.0982029959559, 0.0216040872037, 0.00428407127038, 0.000167504287674],
        "median": [0.0350135155022, 0.183712795377, 0.259844630957, 0.5603069067, 1.07603621483, 1.38357651234, 2.94146108627, 3.32724428177, 2.09155583382, 3.62469434738, 8.81502628326, 13.1609640121, 22.2190952301, 8.41725158691, 7.62667655945, 6.68543386459, 4.68188047409, 7.26741123199, 3.48587274551, 4.02086544037, 4.08069515228, 5.99577569962, 5.48898458481, 6.09401750565, 4.25424003601, 5.56740999222, 5.14405441284, 2.26661705971, 1.07977175713, 0.789380788803, 0.504892289639, 0.435310691595, 0.340483009815, 0.233796268702, 0.109667114913, 0.0323487520218, 0.00989145599306, 0.00255349022336, 0.000400095828809, 5.77886785322e-05],
        "min": [3.94438833469e-22, 6.97888728519e-21, 1.14530506729e-20, 2.99435698206e-20, 1.39566087627e-19, 6.10793162839e-19, 1.88045786236e-19, 1.63290558173e-19, 6.37597950589e-19, 5.87253256967e-19, 1.31653301152e-18, 1.53023367521e-18, 2.5930428891e-18, 2.36125095823e-18, 3.94210333064e-18, 4.02695634506e-18, 2.50779200081e-18, 7.45667091706e-18, 5.04745527062e-18, 9.95249071927e-18, 8.28761685576e-18, 7.17392569444e-18, 1.73141855856e-17, 1.28014182085e-17, 1.13908262828e-17, 1.2712680754e-17, 1.38737991429e-17, 1.40590694021e-17, 1.3039362502e-17, 1.67363668405e-17, 1.70785648424e-17, 2.06275336298e-17, 1.47369637665e-17, 1.24436452228e-17, 8.53706309564e-18, 6.7573128702e-18, 4.00456704742e-18, 1.28719136423e-18, 3.18720367287e-19, 3.38172954032e-20],
        "var": [4.26418018341, 22.4061012268, 102.891983032, 127.857002258, 29.1958045959, 43.1158409119, 204.591201782, 431.905609131, 1390.0098877, 677.49206543, 1012.68817139, 1713.52709961, 2932.72021484, 1599.93981934, 1622.25244141, 3063.5625, 3530.08935547, 3262.15820312, 3587.79345703, 3242.85058594, 1325.5378418, 1323.23681641, 825.137512207, 1909.21472168, 645.204772949, 784.40814209, 723.598388672, 426.574188232, 221.044967651, 128.536727905, 75.1851654053, 28.8080177307, 19.1512622833, 13.8326053619, 12.9112701416, 10.2596540451, 0.338842600584, 0.00507763400674, 0.000112793015433, 1.21951956089e-07]
    },
    "gfcc": {
        "mean": [-14.0666484833, 76.1355743408, -118.47039032, 24.1652488708, -52.3425369263, 8.86028289795, -20.1871623993, 14.1818408966, -22.275352478, 2.28949475288, -13.6227149963, -1.5660700798, -4.31691455841],
        "cov": [[6024.35644531, -1094.2479248, 623.100830078, -19.0849170685, 79.2914123535, 346.790313721, -365.574798584, 259.816619873, -210.746109009, 297.430419922, 255.727020264, 180.466659546, 233.78427124], [-1094.2479248, 1686.79956055, 103.721183777, 399.409454346, 346.989868164, 24.6409111023, 399.97253418, 16.1835079193, 272.486663818, -26.797328949, 124.255767822, -9.63826465607, 115.647521973], [623.100830078, 103.721183777, 1315.40197754, 212.697555542, 395.173492432, 238.688583374, 130.466049194, 208.3046875, 14.0234937668, 98.5533599854, 124.931594849, 166.689575195, 97.3523330688], [-19.0849170685, 399.409454346, 212.697555542, 553.99017334, 232.000961304, 150.949066162, 245.129211426, 90.0984039307, 158.048568726, 32.927520752, 111.982536316, 53.1080436707, 51.7313232422], [79.2914123535, 346.989868164, 395.173492432, 232.000961304, 453.37121582, 203.499557495, 251.236938477, 135.010726929, 129.643768311, 38.2247009277, 105.287597656, 71.5648803711, 65.8999938965], [346.790313721, 24.6409111023, 238.688583374, 150.949066162, 203.499557495, 364.553222656, 237.299026489, 80.8349456787, 79.3340911865, 27.517583847, 51.9036064148, 39.3275985718, 69.137550354], [-365.574798584, 399.97253418, 130.466049194, 245.129211426, 251.236938477, 237.299026489, 414.325714111, 46.7720031738, 165.887191772, -5.93280935287, 42.734462738, 42.1065101624, 42.7208213806], [259.816619873, 16.1835079193, 208.3046875, 90.0984039307, 135.010726929, 80.8349456787, 46.7720031738, 200.858398438, 20.2047538757, 60.2662773132, 54.3385620117, 25.6251926422, 80.6592559814], [-210.746109009, 272.486663818, 14.0234937668, 158.048568726, 129.643768311, 79.3340911865, 165.887191772, 20.2047538757, 226.78704834, 24.0031795502, 63.1169395447, 39.1499023438, 11.3316240311], [297.430419922, -26.797328949, 98.5533599854, 32.927520752, 38.2247009277, 27.517583847, -5.93280935287, 60.2662773132, 24.0031795502, 135.66607666, 63.6662254333, 6.29276990891, 45.3162345886], [255.727020264, 124.255767822, 124.931594849, 111.982536316, 105.287597656, 51.9036064148, 42.734462738, 54.3385620117, 63.1169395447, 63.6662254333, 148.418151855, 50.4630126953, 52.7158279419], [180.466659546, -9.63826465607, 166.689575195, 53.1080436707, 71.5648803711, 39.3275985718, 42.1065101624, 25.6251926422, 39.1499023438, 6.29276990891, 50.4630126953, 125.589515686, 31.7808361053], [233.78427124, 115.647521973, 97.3523330688, 51.7313232422, 65.8999938965, 69.137550354, 42.7208213806, 80.6592559814, 11.3316240311, 45.3162345886, 52.7158279419, 31.7808361053, 164.748748779]],
        "icov": [[0.000288039125735, 9.80933182291e-05, 1.9220613467e-05, -7.35764260753e-05, -7.06071514287e-05, -0.000465998833533, 0.000490866135806, -1.50145490352e-06, 0.000209009085665, -0.000317555794027, -0.000268801872153, -0.000280774402199, -0.000155454443302], [9.80933182291e-05, 0.00141488783993, -0.000212408995139, -0.000333365343977, -0.000628137146123, 0.00131464633159, -0.00105583237018, 0.000744588905945, -0.000772673345637, 0.000815533625428, -0.000910571718123, 0.00147353846114, -0.00145746883936], [1.9220613467e-05, -0.000212408995139, 0.00143902515993, -0.000161321819178, -0.000940298603382, -0.000731044914573, 0.000610761344433, -0.000573254597839, 0.000953061506152, -0.000828396237921, 0.000374807947082, -0.0017429481959, 0.000505937205162], [-7.35764260753e-05, -0.000333365343977, -0.000161321819178, 0.00307027925737, 5.27466108906e-05, -1.34504380185e-05, -0.00110440736171, -0.000731631356757, -0.000668522086926, 0.000278360763332, -0.00124058546498, 6.81843375787e-05, 0.000452021660749], [-7.06071514287e-05, -0.000628137146123, -0.000940298603382, 5.27466108906e-05, 0.00576805463061, -0.000833830796182, -0.00166625122074, -0.00215992005542, -0.000555517151952, 0.000562104047276, -0.001388767967, -0.000296824146062, 0.000997653813101], [-0.000465998833533, 0.00131464633159, -0.000731044914573, -1.34504380185e-05, -0.000833830796182, 0.00743930460885, -0.00486043002456, 0.00038593649515, -0.000816254934762, 0.0012017050758, -0.000686575076543, 0.00243603764102, -0.00206699292175], [0.000490866135806, -0.00105583237018, 0.000610761344433, -0.00110440736171, -0.00166625122074, -0.00486043002456, 0.008604709059, 0.000229555662372, -0.00138721556868, -0.000465031189378, 0.00203370652162, -0.0020426849369, 0.000359649013262], [-1.50145490352e-06, 0.000744588905945, -0.000573254597839, -0.000731631356757, -0.00215992005542, 0.00038593649515, 0.000229555662372, 0.00875564385206, -9.81445045909e-05, -0.00149378261995, -2.02949522645e-05, 0.00135865504853, -0.00343421124853], [0.000209009085665, -0.000772673345637, 0.000953061506152, -0.000668522086926, -0.000555517151952, -0.000816254934762, -0.00138721556868, -9.81445045909e-05, 0.00854707695544, -0.00223321653903, -0.00127766642254, -0.00278889713809, 0.00183826952707], [-0.000317555794027, 0.000815533625428, -0.000828396237921, 0.000278360763332, 0.000562104047276, 0.0012017050758, -0.000465031189378, -0.00149378261995, -0.00223321653903, 0.0120288133621, -0.00453679263592, 0.00369035289623, -0.00201225513592], [-0.000268801872153, -0.000910571718123, 0.000374807947082, -0.00124058546498, -0.001388767967, -0.000686575076543, 0.00203370652162, -2.02949522645e-05, -0.00127766642254, -0.00453679263592, 0.0132657950744, -0.00386861246079, -0.000647787936032], [-0.000280774402199, 0.00147353846114, -0.0017429481959, 6.81843375787e-05, -0.000296824146062, 0.00243603764102, -0.0020426849369, 0.00135865504853, -0.00278889713809, 0.00369035289623, -0.00386861246079, 0.0135411079973, -0.00286401156336], [-0.000155454443302, -0.00145746883936, 0.000505937205162, 0.000452021660749, 0.000997653813101, -0.00206699292175, 0.000359649013262, -0.00343421124853, 0.00183826952707, -0.00201225513592, -0.000647787936032, -0.00286401156336, 0.0101159010082]]
    },
    "melbands": {
        "dmean": [0.00508216163144, 0.0020148975309, 0.000757994654123, 0.00015119802265, 0.000199541842449, 0.000204379073693, 0.000201762784855, 8.1593520008e-05, 8.17415857455e-05, 9.02027168195e-05, 9.12659597816e-05, 5.51858502149e-05, 5.0991831813e-05, 4.8806770792e-05, 4.82251343783e-05, 3.86693354812e-05, 3.80061683245e-05, 3.10413561238e-05, 2.68597777904e-05, 2.19145149458e-05, 1.37150918817e-05, 1.51614440256e-05, 8.43769248604e-06, 9.01088151295e-06, 1.32414588734e-05, 7.37466643841e-06, 6.0750035118e-06, 7.22458344171e-06, 7.02747684045e-06, 3.99569762521e-06, 3.70149427908e-06, 2.67787777375e-06, 1.78231607606e-06, 1.92426909962e-06, 1.59457829341e-06, 1.31401452563e-06, 1.09272571081e-06, 9.70590690486e-07, 1.02135800262e-06, 9.92532704913e-07],
        "dmean2": [0.00781847350299, 0.00342704169452, 0.00135813106317, 0.000248715456109, 0.000334354670485, 0.000339167978382, 0.000358023797162, 0.000134055662784, 0.000123837628053, 0.000132478759042, 0.000135829061037, 8.49218122312e-05, 7.79562833486e-05, 7.49677637941e-05, 7.37593290978e-05, 5.9714398958e-05, 5.70568117837e-05, 4.49498948001e-05, 4.41962511104e-05, 3.52859897248e-05, 2.11840379052e-05, 2.27136424655e-05, 1.21128396131e-05, 1.38024861371e-05, 2.09181853279e-05, 1.12314419312e-05, 9.29693942453e-06, 1.1197053027e-05, 1.06638644866e-05, 6.13978090769e-06, 5.86905298405e-06, 4.06784192819e-06, 2.65319090431e-06, 2.890307087e-06, 2.35324978348e-06, 1.99157830139e-06, 1.61390323683e-06, 1.43682120779e-06, 1.57323427175e-06, 1.51142876348e-06],
        "dvar": [9.13812618819e-05, 2.65862545348e-05, 4.770050964e-06, 8.19037992983e-08, 1.68361410147e-07, 1.72691599687e-07, 4.29001090652e-07, 6.89522536845e-08, 3.23435607186e-08, 3.37822569918e-08, 2.61545061164e-08, 1.63110627227e-08, 8.18908496569e-09, 1.37942022249e-08, 2.25708749468e-08, 1.15979430504e-08, 8.86237216946e-09, 7.24294757504e-09, 6.51858300671e-09, 3.38835981495e-09, 9.68883862029e-10, 1.38279465656e-09, 3.32894406485e-10, 4.14673406723e-10, 1.20241794299e-09, 2.57988547192e-10, 2.43028902558e-10, 2.84803652884e-10, 2.64392119309e-10, 1.17890516793e-10, 1.56503907056e-10, 8.22045487237e-11, 3.2890291185e-11, 3.91048061987e-11, 2.26243069418e-11, 1.34750717529e-11, 6.48137619963e-12, 5.71660730905e-12, 7.60328345423e-12, 9.74738692539e-12],
        "dvar2": [0.000219760229811, 7.12140463293e-05, 1.3033295545e-05, 2.1098777836e-07, 4.55987191117e-07, 4.40428721049e-07, 1.19991500469e-06, 1.72432848444e-07, 6.64641603976e-08, 7.11776237949e-08, 5.5881450578e-08, 3.7472943859e-08, 1.66243552258e-08, 3.00059177505e-08, 5.37051683125e-08, 2.70536499869e-08, 1.89817459528e-08, 1.30576625068e-08, 1.70766707441e-08, 8.18339174202e-09, 1.91451210441e-09, 3.03546521252e-09, 6.29039265121e-10, 8.5046009124e-10, 3.02988589773e-09, 5.71258984561e-10, 5.71186709042e-10, 6.89105938978e-10, 6.0585458872e-10, 2.70498429211e-10, 3.72088082568e-10, 1.87715343269e-10, 7.11449163471e-11, 8.89358586775e-11, 4.56438012386e-11, 2.76534507099e-11, 1.36338692072e-11, 1.23657776727e-11, 1.80767189412e-11, 2.41170035331e-11],
        "max": [0.0706181898713, 0.0427442751825, 0.0188733134419, 0.00244662584737, 0.00502364570275, 0.0042926473543, 0.00920351967216, 0.00579493539408, 0.00421049445868, 0.00455508939922, 0.00287203025073, 0.00154876557644, 0.00173309294041, 0.00172853504773, 0.00162809994072, 0.00110918027349, 0.00100730685517, 0.000794910534751, 0.000711634464096, 0.000547356088646, 0.00042591674719, 0.000394026370486, 0.000308078917442, 0.00030161254108, 0.000391213048715, 0.000264431262622, 0.000245096161962, 0.000189933140064, 0.000191690865904, 0.000118909505545, 0.000148141160025, 8.61157895997e-05, 7.19825620763e-05, 8.09162229416e-05, 6.33972231299e-05, 4.93611332786e-05, 3.50454429281e-05, 4.1988598241e-05, 4.01198012696e-05, 8.31036086311e-05],
        "mean": [0.00813359674066, 0.00218455912545, 0.000634060415905, 0.000212732644286, 0.000286565657007, 0.000256354396697, 0.000176820758497, 0.000115704286145, 0.000142914315802, 0.000181058465387, 0.000196437031263, 9.94538349914e-05, 7.18720257282e-05, 6.51691152598e-05, 5.85482594033e-05, 4.68154903501e-05, 4.92801991641e-05, 3.80991405109e-05, 3.14232675009e-05, 2.67615869234e-05, 1.97783592739e-05, 2.08015280805e-05, 1.37940796776e-05, 1.51332924361e-05, 1.79761700565e-05, 1.1512304809e-05, 8.68201095727e-06, 1.10206374302e-05, 1.07310524982e-05, 5.25009318153e-06, 4.04134107157e-06, 2.95409085993e-06, 2.06550339499e-06, 2.20403239837e-06, 1.76377852767e-06, 1.45495027937e-06, 1.30346506921e-06, 1.20747165511e-06, 1.19305423141e-06, 1.25989640765e-06],
        "median": [0.000320258666761, 0.000241687157541, 0.0001141155808, 9.09757436602e-05, 0.000102214209619, 7.95636879047e-05, 3.11342009809e-05, 4.48799837613e-05, 7.12238543201e-05, 9.54145871219e-05, 9.89065010799e-05, 2.21576337935e-05, 2.31995418289e-05, 2.01817110792e-05, 1.03451984614e-05, 8.90082264959e-06, 1.29217987705e-05, 4.06823892263e-06, 4.73044383398e-06, 4.70369514005e-06, 4.62236585008e-06, 6.33591253063e-06, 4.74399121231e-06, 4.4537841859e-06, 4.5515612328e-06, 3.38165659741e-06, 2.21120967581e-06, 3.85042449125e-06, 3.32256331603e-06, 2.06730396712e-06, 8.31602790186e-07, 5.52110748231e-07, 4.75360025121e-07, 3.93957321876e-07, 2.91835277721e-07, 2.36556346067e-07, 2.53129428529e-07, 2.37125547642e-07, 1.89696294228e-07, 1.86040040262e-07],
        "min": [6.30339030216e-24, 7.8847854434e-24, 6.69115054138e-24, 2.79475432691e-23, 1.14328853687e-23, 3.00717997476e-24, 1.0006007174e-23, 7.1692515259e-24, 1.15103601871e-23, 9.49150578072e-24, 1.38186247826e-23, 1.0351814607e-23, 9.04268179097e-24, 1.81417734476e-23, 4.33378882084e-24, 9.74042689506e-24, 1.32561006929e-23, 6.51156280643e-24, 9.51760287719e-24, 1.77374522569e-23, 8.18929995231e-24, 7.42982727126e-24, 9.4882817062e-24, 1.79726148482e-23, 9.13243601819e-24, 1.01065924614e-23, 6.68001655857e-24, 8.76983373652e-24, 9.29706103391e-24, 7.76195822274e-24, 8.10387736033e-24, 6.58792611978e-24, 8.78265193737e-24, 9.49077056236e-24, 9.17059400903e-24, 1.03655037103e-23, 1.39556010125e-23, 1.00929846108e-23, 1.13319924255e-23, 1.01046132094e-23],
        "var": [0.000184106975212, 2.37669137277e-05, 3.24468396684e-06, 1.1050060067e-07, 2.1744065748e-07, 2.08672759072e-07, 2.75263687399e-07, 9.63629318562e-08, 6.58836043499e-08, 7.2784303029e-08, 7.08683245421e-08, 2.71166040733e-08, 1.55445309957e-08, 1.81574222324e-08, 2.44768258995e-08, 1.42210403453e-08, 1.1800920241e-08, 1.0886207491e-08, 6.71781785755e-09, 4.09780964716e-09, 1.65252955764e-09, 1.89750459789e-09, 6.70017374915e-10, 8.95469198792e-10, 1.55497315024e-09, 4.20456197636e-10, 3.07271069699e-10, 3.94348637078e-10, 3.94863419739e-10, 1.30921648522e-10, 1.53550283599e-10, 8.57070109328e-11, 3.85951201554e-11, 4.60726734541e-11, 2.85139099832e-11, 1.66584523953e-11, 9.25664232765e-12, 9.06375755699e-12, 1.02239510261e-11, 1.12736903146e-11]
    },
    "mfcc": {
        "mean": [-659.974975586, 113.926933289, -8.10024452209, 23.0003890991, -5.36543893814, 0.0938590541482, 9.72964859009, 6.1406621933, 6.10322952271, 5.02342224121, -0.513617694378, 2.79461669922, -3.12648844719],
        "cov": [[4793.90087891, -872.133789062, 223.227996826, -351.031616211, 293.551147461, -96.8941879272, 187.611373901, -195.394287109, -48.7970428467, -19.2757797241, -80.1088562012, 27.9686374664, 191.139541626], [-872.133789062, 1212.61975098, 113.963897705, 319.793243408, 114.819709778, 131.27381897, 115.978179932, 148.05682373, 121.220046997, 110.067871094, 61.7429389954, 19.6893482208, 49.02917099], [223.227996826, 113.963897705, 755.252441406, 154.567596436, 261.195007324, 98.2730102539, 189.450515747, 96.689201355, 65.099861145, 41.5742988586, -5.45353460312, 45.5816116333, 83.784538269], [-351.031616211, 319.793243408, 154.567596436, 484.894348145, 129.088119507, 127.366424561, 92.1460189819, 143.956970215, 90.3859863281, 44.5891723633, 87.8904876709, 103.308319092, 66.2607955933], [293.551147461, 114.819709778, 261.195007324, 129.088119507, 321.89263916, 37.4386329651, 158.678894043, 79.6754608154, 67.3119277954, 56.446647644, 19.6416683197, 55.839515686, 73.3839645386], [-96.8941879272, 131.27381897, 98.2730102539, 127.366424561, 37.4386329651, 390.544708252, 117.773994446, 216.349243164, 108.125572205, 77.763130188, 81.3193969727, 43.5842247009, 54.6654281616], [187.611373901, 115.978179932, 189.450515747, 92.1460189819, 158.678894043, 117.773994446, 301.861663818, 106.719116211, 105.016304016, 82.2447967529, 7.056661129, 24.7169628143, 34.9317131042], [-195.394287109, 148.05682373, 96.689201355, 143.956970215, 79.6754608154, 216.349243164, 106.719116211, 297.702636719, 104.171394348, 40.9101486206, 59.7752571106, 50.5465202332, 25.9091739655], [-48.7970428467, 121.220046997, 65.099861145, 90.3859863281, 67.3119277954, 108.125572205, 105.016304016, 104.171394348, 174.316162109, 74.7160568237, 23.300359726, 21.8105392456, 33.4000320435], [-19.2757797241, 110.067871094, 41.5742988586, 44.5891723633, 56.446647644, 77.763130188, 82.2447967529, 40.9101486206, 74.7160568237, 151.481170654, 39.528503418, 13.0646495819, 17.9561500549], [-80.1088562012, 61.7429389954, -5.45353460312, 87.8904876709, 19.6416683197, 81.3193969727, 7.056661129, 59.7752571106, 23.300359726, 39.528503418, 151.863861084, 57.9491157532, 19.3657569885], [27.9686374664, 19.6893482208, 45.5816116333, 103.308319092, 55.839515686, 43.5842247009, 24.7169628143, 50.5465202332, 21.8105392456, 13.0646495819, 57.9491157532, 105.055053711, 46.8378677368], [191.139541626, 49.02917099, 83.784538269, 66.2607955933, 73.3839645386, 54.6654281616, 34.9317131042, 25.9091739655, 33.4000320435, 17.9561500549, 19.3657569885, 46.8378677368, 118.7682724]],
