{
"lowlevel": {
    "average_loudness": 0.485701978207,
    "barkbands_crest": {
        "dmean": 1.89861762524,
        "dmean2": 3.03111720085,
        "dvar": 4.36898708344,
        "dvar2": 10.9122781754,
        "max": 26.1929454803,
        "mean": 13.8682451248,
        "median": 13.2803602219,
        "min": 3.85596585274,
        "var": 24.5438022614
    },
    "barkbands_flatness_db": {
        "dmean": 0.0222424548119,
        "dmean2": 0.0314418263733,
        "dvar": 0.000555318081751,
        "dvar2": 0.00104852160439,
        "max": 0.569665133953,
        "mean": 0.237064868212,
        "median": 0.219899922609,
        "min": 0.0524967201054,
        "var": 0.00892148911953
    },
    "barkbands_kurtosis": {
        "dmean": 7.5522942543,
        "dmean2": 11.4287118912,
        "dvar": 306.732635498,
        "dvar2": 619.932373047,
        "max": 876.89263916,
        "mean": 19.3984165192,
        "median": 10.6135034561,
        "min": -1.92503464222,
        "var": 1717.04040527
    },
    "barkbands_skewness": {
        "dmean": 0.644161760807,
        "dmean2": 0.967358589172,
        "dvar": 0.620352685452,
        "dvar2": 1.35755836964,
        "max": 21.3335723877,
        "mean": 2.92348122597,
        "median": 2.61070966721,
        "min": -1.8862786293,
        "var": 3.55133128166
    },
    "barkbands_spread": {
        "dmean": 3.2770357132,
        "dmean2": 4.71777868271,
        "dvar": 49.0040779114,
        "dvar2": 88.9787979126,
        "max": 106.966888428,
        "mean": 11.888176918,
        "median": 5.99946212769,
        "min": 0.101785682142,
        "var": 226.774810791
    },
    "dissonance": {
        "dmean": 0.029726209119,
        "dmean2": 0.0489295274019,
        "dvar": 0.000723375182133,
        "dvar2": 0.00196150527336,
        "max": 0.499550819397,
        "mean": 0.419798344374,
        "median": 0.42897439003,
        "min": 0.233950838447,
        "var": 0.00214518001303
    },
    "dynamic_complexity": 5.42652082443,
    "erbbands_crest": {
        "dmean": 2.27771711349,
        "dmean2": 3.51021742821,
        "dvar": 5.13325643539,
        "dvar2": 13.0576934814,
        "max": 28.621427536,
        "mean": 11.192448616,
        "median": 10.4027109146,
        "min": 2.68373227119,
        "var": 18.2928276062
    },
    "erbbands_flatness_db": {
        "dmean": 0.0176720805466,
        "dmean2": 0.0244959760457,
        "dvar": 0.00037084062933,
        "dvar2": 0.000668757187668,
        "max": 0.357721745968,
        "mean": 0.188095360994,
        "median": 0.182095557451,
        "min": 0.0536796413362,
        "var": 0.00332312704995
    },
    "erbbands_kurtosis": {
        "dmean": 1.70441865921,
        "dmean2": 2.62197518349,
        "dvar": 5.76413869858,
        "dvar2": 12.8427762985,
        "max": 36.5449638367,
        "mean": 3.62876391411,
        "median": 2.12128067017,
        "min": -1.85870850086,
        "var": 24.0308494568
    },
    "erbbands_skewness": {
        "dmean": 0.363000720739,
        "dmean2": 0.550720334053,
        "dvar": 0.182129412889,
        "dvar2": 0.401090472937,
        "max": 4.78961658478,
        "mean": 1.26689589024,
        "median": 1.2111427784,
        "min": -2.68192577362,
        "var": 1.00466954708
    },
    "erbbands_spread": {
        "dmean": 6.95919370651,
        "dmean2": 10.2580223083,
        "dvar": 131.935119629,
        "dvar2": 287.647033691,
        "max": 153.935287476,
        "mean": 30.6693515778,
        "median": 23.1659030914,
        "min": 4.41940832138,
        "var": 507.460632324
    },
    "hfc": {
        "dmean": 3.48481869698,
        "dmean2": 4.4966917038,
        "dvar": 52.424621582,
        "dvar2": 81.833984375,
        "max": 135.49446106,
        "mean": 14.1411113739,
        "median": 5.91052484512,
        "min": 1.20246411849e-16,
        "var": 407.015411377
    },
    "melbands_crest": {
        "dmean": 2.36314034462,
        "dmean2": 3.76392149925,
        "dvar": 6.50908994675,
        "dvar2": 17.1701126099,
        "max": 33.3077926636,
        "mean": 17.8860282898,
        "median": 17.4328384399,
        "min": 2.01704907417,
        "var": 35.6073074341
    },
    "melbands_flatness_db": {
        "dmean": 0.0257437378168,
        "dmean2": 0.0352938249707,
        "dvar": 0.000781871844083,
        "dvar2": 0.00139435054734,
        "max": 0.719498872757,
        "mean": 0.335707485676,
        "median": 0.311710238457,
        "min": 0.0056384075433,
        "var": 0.0139703964815
    },
    "melbands_kurtosis": {
        "dmean": 10.4157218933,
        "dmean2": 16.2197875977,
        "dvar": 363.841003418,
        "dvar2": 864.060302734,
        "max": 402.703948975,
        "mean": 26.1573677063,
        "median": 17.1389503479,
        "min": -1.16795253754,
        "var": 1007.58288574
    },
    "melbands_skewness": {
        "dmean": 0.699478030205,
        "dmean2": 1.06400918961,
        "dvar": 0.735306084156,
        "dvar2": 1.72560334206,
        "max": 13.9155683517,
        "mean": 3.30367851257,
        "median": 3.04185009003,
        "min": -0.238939493895,
        "var": 2.82464718819
    },
    "melbands_spread": {
        "dmean": 2.70978927612,
        "dmean2": 3.83538174629,
        "dvar": 46.0372200012,
        "dvar2": 85.3755950928,
        "max": 165.959609985,
        "mean": 9.80597114563,
        "median": 5.85239219666,
        "min": 0.305637210608,
        "var": 209.451477051
    },
    "pitch_salience": {
        "dmean": 0.0559883639216,
        "dmean2": 0.0885517820716,
        "dvar": 0.00327333877794,
        "dvar2": 0.00844035949558,
        "max": 0.970831930637,
        "mean": 0.473065346479,
        "median": 0.490173131227,
        "min": 0.0449673645198,
        "var": 0.0214325208217
    },
    "silence_rate_20dB": {
        "dmean": 0,
        "dmean2": 0,
        "dvar": 0,
        "dvar2": 0,
        "max": 1,
        "mean": 1,
        "median": 1,
        "min": 1,
        "var": 0
    },
    "silence_rate_30dB": {
        "dmean": 0.011609907262,
        "dmean2": 0.0232288036495,
        "dvar": 0.0114750992507,
        "dvar2": 0.0273349694908,
        "max": 1,
        "mean": 0.968665361404,
        "median": 1,
        "min": 0,
        "var": 0.0303527321666
    },
    "silence_rate_60dB": {
        "dmean": 0.0228328164667,
        "dmean2": 0.0456833131611,
        "dvar": 0.0223121531308,
        "dvar2": 0.0513419508934,
        "max": 1,
        "mean": 0.153965190053,
        "median": 0,
        "min": 0,
        "var": 0.130265787244
    },
    "spectral_centroid": {
        "dmean": 129.842956543,
        "dmean2": 180.422164917,
        "dvar": 75244.390625,
        "dvar2": 117574.640625,
        "max": 10920.7226562,
        "mean": 686.641662598,
        "median": 446.075653076,
        "min": 90.9630661011,
        "var": 422978.34375
    },
    "spectral_complexity": {
        "dmean": 1.34597527981,
        "dmean2": 2.14479279518,
        "dvar": 2.40042495728,
        "dvar2": 4.59382390976,
        "max": 31,
        "mean": 9.23907184601,
        "median": 8,
        "min": 0,
        "var": 29.5111217499
    },
    "spectral_decrease": {
        "dmean": 1.57689183933e-09,
        "dmean2": 2.35336572452e-09,
        "dvar": 7.73771462916e-18,
        "dvar2": 1.83350935519e-17,
        "max": 1.65661452135e-29,
        "mean": -8.03828292817e-09,
        "median": -5.97307892036e-09,
        "min": -5.00756378585e-08,
        "var": 5.87231134021e-17
    },
    "spectral_energy": {
        "dmean": 0.00614134967327,
        "dmean2": 0.00911466125399,
        "dvar": 0.000114631089673,
        "dvar2": 0.000269755633781,
        "max": 0.1935698241,
        "mean": 0.0316209495068,
        "median": 0.0232007056475,
        "min": 1.08441738485e-20,
        "var": 0.000906359229703
    },
    "spectral_energyband_high": {
        "dmean": 0.000253178470302,
        "dmean2": 0.000322892185068,
        "dvar": 4.43346095835e-07,
        "dvar2": 7.2158900366e-07,
        "max": 0.0118971420452,
        "mean": 0.00074483564822,
        "median": 5.88159236941e-05,
        "min": 7.55500161817e-21,
        "var": 2.54456540461e-06
    },
    "spectral_energyband_low": {
        "dmean": 0.0035143319983,
        "dmean2": 0.00543657038361,
        "dvar": 7.9146338976e-05,
        "dvar2": 0.000201822855161,
        "max": 0.132841110229,
        "mean": 0.0177038852125,
        "median": 0.0095323305577,
        "min": 4.921609471e-23,
        "var": 0.000509885139763
    },
    "spectral_energyband_middle_high": {
        "dmean": 0.00077432586113,
        "dmean2": 0.000957883719821,
        "dvar": 6.80120137986e-06,
        "dvar2": 1.08642525447e-05,
        "max": 0.0825867801905,
        "mean": 0.00234496360645,
        "median": 0.00028368801577,
        "min": 1.77443670961e-21,
        "var": 3.43972205883e-05
    },
    "spectral_energyband_middle_low": {
        "dmean": 0.00347241596319,
        "dmean2": 0.00526813557371,
        "dvar": 3.8546975702e-05,
        "dvar2": 8.38624982862e-05,
        "max": 0.101858459413,
        "mean": 0.0113620711491,
        "median": 0.00693694595248,
        "min": 3.29910869702e-22,
        "var": 0.000146419581142
    },
    "spectral_entropy": {
        "dmean": 0.215581536293,
        "dmean2": 0.30996671319,
        "dvar": 0.0575868189335,
        "dvar2": 0.102865234017,
        "max": 9.79796886444,
        "mean": 6.641310215,
        "median": 6.70543241501,
        "min": 4.58093452454,
        "var": 0.516204893589
    },
    "spectral_flux": {
        "dmean": 0.0193097740412,
        "dmean2": 0.0304033551365,
        "dvar": 0.000692019239068,
        "dvar2": 0.00162467581686,
        "max": 0.290520101786,
        "mean": 0.0521517246962,
        "median": 0.0378251299262,
        "min": 1.04135360057e-10,
        "var": 0.00188747548964
    },
    "spectral_kurtosis": {
        "dmean": 5.22088670731,
        "dmean2": 7.91282320023,
        "dvar": 65.9838027954,
        "dvar2": 141.395050049,
        "max": 108.218933105,
        "mean": 16.2077674866,
        "median": 7.18255519867,
        "min": -1.26807105541,
        "var": 385.393493652
    },
    "spectral_rms": {
        "dmean": 0.000512170721777,
        "dmean2": 0.000741846452001,
        "dvar": 5.33177455964e-07,
        "dvar2": 1.08055633063e-06,
        "max": 0.013742220588,
        "mean": 0.00485501578078,
        "median": 0.00475760828704,
        "min": 3.25264229613e-12,
        "var": 7.27854421712e-06
    },
    "spectral_rolloff": {
        "dmean": 212.298187256,
        "dmean2": 342.331939697,
        "dvar": 657702.375,
        "dvar2": 1215295.375,
        "max": 19724.4140625,
        "mean": 779.348510742,
        "median": 452.197265625,
        "min": 64.599609375,
        "var": 2672337.75
    },
    "spectral_skewness": {
        "dmean": 0.441333979368,
        "dmean2": 0.638622462749,
        "dvar": 0.287599653006,
        "dvar2": 0.553406298161,
        "max": 8.5647649765,
        "mean": 2.97975039482,
        "median": 2.44268012047,
        "min": -0.0314735174179,
        "var": 2.80059838295
    },
    "spectral_spread": {
        "dmean": 749353.625,
        "dmean2": 1052499.25,
        "dvar": 1.35735908762e+12,
        "dvar2": 2.2318481408e+12,
        "max": 41134408,
        "mean": 4986577.5,
        "median": 4885145,
        "min": 739881.1875,
        "var": 8.1755331625e+12
    },
    "spectral_strongpeak": {
        "dmean": 0.249087616801,
        "dmean2": 0.41186234355,
        "dvar": 0.353120774031,
        "dvar2": 0.783827722073,
        "max": 10.7982339859,
        "mean": 0.690400004387,
        "median": 0.442477732897,
        "min": 0,
        "var": 0.759059906006
    },
    "zerocrossingrate": {
        "dmean": 0.00805966369808,
        "dmean2": 0.00901061296463,
        "dvar": 0.000207638222491,
        "dvar2": 0.000199309943127,
        "max": 0.51904296875,
        "mean": 0.038521707058,
        "median": 0.0263671875,
        "min": 0.001953125,
        "var": 0.00208352855407
    },
    "barkbands": {
        "dmean": [5.4114327213e-05, 0.00252858828753, 0.00116733112372, 0.000537799613085, 0.00219335802831, 0.000726400583517, 0.000562320114113, 0.000677501433529, 0.000294153869618, 0.000363680563169, 0.000250441429671, 0.000144053832628, 0.000110431166831, 8.71165902936e-05, 0.000105424391222, 3.3406784496e-05, 2.01836865017e-05, 1.52641823661e-05, 4.91513819725e-05, 8.9048044174e-05, 6.59172219457e-05, 2.63434558292e-05, 2.21165028051e-05, 4.7763427574e-05, 8.04320079624e-05, 2.50220618909e-05, 3.85108205592e-06],
        "dmean2": [7.71439663367e-05, 0.00398094393313, 0.00172571907751, 0.000852409924846, 0.00355005357414, 0.00105638091918, 0.000810029392596, 0.000927479355596, 0.000405215716455, 0.000485253491206, 0.00032747988007, 0.000181307681487, 0.000155801695655, 0.000131593638798, 0.000135058857268, 5.09147976118e-05, 2.99811817968e-05, 2.12623162952e-05, 6.9062160037e-05, 0.000115284419735, 9.50046087382e-05, 3.80821948056e-05, 3.24089633068e-05, 6.31674192846e-05, 0.000109547370812, 3.78743170586e-05, 6.17312207396e-06],
        "dvar": [1.8990931494e-08, 5.12596961926e-05, 1.12211464511e-05, 1.53203370701e-06, 2.03326053452e-05, 4.99714087709e-06, 3.32251534019e-06, 3.94970720663e-06, 1.78605921519e-06, 2.15506315726e-06, 3.28711053044e-06, 4.65058406007e-07, 2.69607198788e-07, 1.82852488706e-07, 1.91118530779e-07, 2.47144793519e-08, 7.04499436566e-09, 4.19415924213e-09, 2.45978899471e-08, 9.11934208148e-08, 3.63703733797e-08, 1.53964840877e-08, 9.60522239524e-09, 1.60539421756e-08, 5.73697533923e-08, 1.35221487341e-08, 1.05949449214e-09],
        "dvar2": [2.90208514997e-08, 0.000125106947962, 2.42224123213e-05, 3.8239541027e-06, 4.88456789753e-05, 1.03717284219e-05, 6.35077049083e-06, 7.53581070967e-06, 3.41686723004e-06, 3.57824546882e-06, 5.91016669205e-06, 6.15300677964e-07, 6.04983597441e-07, 3.38042696058e-07, 2.85157426561e-07, 4.99335932602e-08, 1.4806748716e-08, 9.18556075646e-09, 4.49777175504e-08, 1.36955677021e-07, 6.16443074364e-08, 2.91807307207e-08, 1.78326100553e-08, 3.00772668993e-08, 1.02127032164e-07, 3.3176227987e-08, 2.81058221141e-09],
        "max": [0.00289888354018, 0.121663637459, 0.0578835085034, 0.0174540728331, 0.0710120722651, 0.061233997345, 0.0360307916999, 0.0396697670221, 0.0479602962732, 0.046887319535, 0.0742181539536, 0.0260574948043, 0.0157729890198, 0.012050547637, 0.00959832128137, 0.00350654195063, 0.00203850120306, 0.00207733362913, 0.0036891233176, 0.00888441503048, 0.00391461048275, 0.00354148121551, 0.00218998035416, 0.00249894126318, 0.00482320366427, 0.00386281893589, 0.00107286463026],
        "mean": [0.000449752347777, 0.0137482294813, 0.00301379291341, 0.00101578678004, 0.00437317974865, 0.00177668046672, 0.00170994538348, 0.00163297983818, 0.000760921975598, 0.000762746203691, 0.000375794566935, 0.000386191648431, 0.000205102667678, 0.000137169947266, 0.000211096208659, 6.07027650403e-05, 3.83348742616e-05, 3.07629125018e-05, 0.000101210061985, 0.00022343454475, 0.000171818319359, 4.82933864987e-05, 4.33909335698e-05, 0.000117411349493, 0.000178420959855, 4.32213419117e-05, 4.60287628812e-06],
        "median": [5.16025056641e-06, 0.00534113356844, 0.00113714975305, 0.000503853487317, 0.00186708150432, 0.000542497669812, 0.000564382993616, 0.000203791802051, 0.000148055507452, 6.78936994518e-05, 1.56759942911e-05, 3.10272735078e-05, 1.40681240737e-05, 1.33994335556e-05, 1.06959050754e-05, 4.91396440339e-06, 2.37839572037e-06, 1.92824631995e-06, 5.45469265489e-06, 6.10299866821e-06, 6.74908278597e-06, 1.98544285013e-06, 2.94594519801e-06, 7.35548837838e-06, 1.04551972981e-05, 3.41461009157e-06, 1.40931618375e-07],
        "min": [1.82720948468e-23, 1.62010430921e-23, 2.39315202427e-23, 2.16752944345e-24, 1.74296907965e-23, 6.43889159878e-23, 3.73634154328e-23, 9.89468864507e-23, 1.06689890713e-22, 8.49924166648e-23, 1.14430597811e-22, 6.37451360694e-23, 1.80305115589e-22, 1.69005875879e-22, 1.20202724609e-22, 2.23623436891e-22, 1.46282617597e-22, 2.04603773274e-22, 2.36184854049e-22, 3.78706776073e-22, 4.83334546514e-22, 4.31378778901e-22, 5.23057896143e-22, 7.39661581694e-22, 1.4442758278e-21, 1.64964037853e-21, 2.39162270065e-21],
        "var": [4.21816707785e-07, 0.000410437205574, 3.89407869079e-05, 2.72147121905e-06, 4.07907755289e-05, 1.66083991644e-05, 1.10665796456e-05, 1.53287510329e-05, 6.91158447808e-06, 6.76837044011e-06, 6.92258936397e-06, 3.58680722456e-06, 5.21865331393e-07, 3.33103287176e-07, 7.68763129599e-07, 5.09695112783e-08, 1.94153013666e-08, 1.19303482649e-08, 7.55666249574e-08, 4.65030296937e-07, 2.25213341309e-07, 4.66113689868e-08, 3.06611553924e-08, 7.7134572507e-08, 1.90654134258e-07, 2.33555219609e-08, 8.75514938325e-10]
    },
    "erbbands": {
        "dmean": [0.0464261248708, 0.67329531908, 1.53068482876, 1.31444501877, 4.07555627823, 9.15416049957, 8.34019565582, 4.88058042526, 7.5108795166, 9.69515037537, 14.4895601273, 6.61400747299, 7.23813772202, 13.6408090591, 8.10555458069, 4.88035917282, 4.57773065567, 4.4793548584, 4.88489580154, 3.38017344475, 1.51049089432, 0.824701905251, 0.689055681229, 1.6216378212, 2.5269973278, 4.18042612076, 3.45368671417, 1.60966789722, 0.898502230644, 0.780899107456, 0.621961414814, 0.821375608444, 0.926323592663, 0.982290923595, 0.529731988907, 0.154112070799, 0.0414956100285, 0.00724318204448, 0.000633469433524, 2.09697609534e-05],
        "dmean2": [0.0675567388535, 1.07026350498, 2.32389879227, 2.04287457466, 6.48332929611, 14.923707962, 12.6968746185, 7.24515771866, 11.1161661148, 13.7368297577, 19.4869747162, 8.87695980072, 9.59201145172, 17.771150589, 10.5254096985, 5.9303150177, 6.55164718628, 6.25725746155, 6.08887863159, 4.8015165329, 2.0871989727, 1.19730246067, 0.933878362179, 2.3104121685, 3.47464752197, 5.1961145401, 4.66698217392, 2.32927274704, 1.27851498127, 1.11654675007, 0.890202403069, 1.12682032585, 1.19974291325, 1.31028091908, 0.748936057091, 0.233076512814, 0.0627414137125, 0.0112425452098, 0.000984856393188, 3.19457540172e-05],
        "dvar": [0.019442923367, 3.71417212486, 17.9878826141, 9.45694255829, 61.6202354431, 463.695251465, 322.200744629, 401.578735352, 730.492736816, 1085.0255127, 1969.31970215, 904.471374512, 718.100891113, 3928.54418945, 2132.07836914, 484.681976318, 577.73651123, 486.054077148, 469.873443604, 221.344833374, 31.5965766907, 8.37276649475, 6.6023516655, 32.9167518616, 71.4635925293, 206.160507202, 94.6264801025, 24.4519348145, 17.841217041, 15.2432899475, 6.72502803802, 5.88309955597, 6.85917568207, 9.16692066193, 2.9734184742, 0.500513792038, 0.031572714448, 0.00201411242597, 1.78338123078e-05, 9.21853793301e-09],
        "dvar2": [0.0361992940307, 9.33052539825, 45.097114563, 22.9781646729, 157.126983643, 1155.81689453, 666.944519043, 891.210021973, 1604.99926758, 2249.9074707, 3592.38134766, 1618.36572266, 1562.57104492, 6753.734375, 3993.59887695, 733.67376709, 1364.60559082, 769.449707031, 627.555908203, 461.312469482, 56.6433181763, 18.0078430176, 12.1899442673, 63.502407074, 122.76184082, 291.795227051, 141.57208252, 46.658203125, 33.6798324585, 27.8721847534, 12.8475704193, 12.7358675003, 11.8534097672, 15.3359298706, 5.53875160217, 1.14452385902, 0.0803894400597, 0.00515811145306, 4.5259919716e-05, 2.36691466426e-08],
        "max": [2.62763476372, 31.2785682678, 63.5528068542, 41.8301544189, 107.245315552, 348.259216309, 531.437683105, 629.739196777, 579.253723145, 857.930114746, 1087.49768066, 1026.46154785, 702.596191406, 1910.37194824, 1690.75219727, 764.310424805, 761.015808105, 711.203735352, 587.739562988, 405.678405762, 166.09815979, 69.7179336548, 91.1918792725, 124.419914246, 221.220275879, 446.317626953, 247.597808838, 99.9504852295, 115.965843201, 94.7117996216, 60.1733474731, 47.7848625183, 54.9852180481, 69.9327545166, 37.2155303955, 21.1900348663, 5.79030895233, 1.64341759682, 0.111828289926, 0.00227496935986],
        "mean": [0.37118974328, 3.06517577171, 4.58768463135, 3.2225883007, 7.14699220657, 16.4620285034, 19.6875591278, 12.3042564392, 22.0839271545, 26.055891037, 37.0670623779, 18.0262336731, 18.0812091827, 25.3116531372, 18.5158195496, 12.1734580994, 9.07701015472, 8.37080192566, 10.1100893021, 6.90684175491, 3.39713954926, 1.90595078468, 1.75628137589, 3.55109548569, 6.48408412933, 11.1492977142, 10.1088066101, 3.84708356857, 1.81503450871, 1.48861563206, 1.22617781162, 1.82686901093, 2.31067752838, 2.19627857208, 1.07935547829, 0.280596315861, 0.0708904713392, 0.0112201180309, 0.000833042548038, 5.87963149883e-05],
        "median": [0.0570371299982, 0.923409938812, 1.48202598095, 1.8873333931, 3.4402115345, 5.60657405853, 7.29053544998, 3.86231517792, 7.73351097107, 8.34515666962, 5.74314260483, 4.53288459778, 3.04973936081, 2.523406744, 1.12780761719, 1.33774626255, 0.895494759083, 0.772864460945, 0.621064543724, 0.563664257526, 0.289887398481, 0.142620742321, 0.110684923828, 0.188288733363, 0.31449136138, 0.280405461788, 0.30089956522, 0.185999125242, 0.0897459834814, 0.071386963129, 0.0930186957121, 0.121593460441, 0.125788986683, 0.122625976801, 0.0650841444731, 0.0192444305867, 0.00567668164149, 0.000902323401533, 4.82334762637e-05, 3.48779976775e-05],
        "min": [2.22129952803e-22, 4.8833500074e-21, 2.62585254281e-20, 1.74559472303e-20, 6.41610009204e-20, 3.80748263278e-20, 2.50241961783e-19, 5.4541932127e-19, 6.10819942811e-19, 4.66154583976e-19, 2.94053898289e-18, 2.04486595446e-18, 2.5301023027e-18, 3.51958236888e-18, 4.21344214621e-18, 3.1851925383e-18, 7.33609528071e-18, 8.538814237e-18, 9.76705502391e-18, 5.42877353889e-18, 1.28536852699e-17, 9.28992732042e-18, 9.66415292853e-18, 1.50837873624e-17, 1.22617697128e-17, 1.89991839262e-17, 2.03689205743e-17, 1.59949102635e-17, 1.2487342693e-17, 1.54959615355e-17, 1.65530172946e-17, 1.41474337983e-17, 1.45837136687e-17, 1.21362161035e-17, 1.14637703779e-17, 6.50393917677e-18, 2.81900795293e-18, 1.10460789102e-18, 3.38491224698e-19, 3.88900031279e-20],
        "var": [0.241469547153, 26.9548416138, 62.7453079224, 19.9765663147, 118.058944702, 785.875793457, 1361.67211914, 1060.02783203, 2002.84057617, 3349.49389648, 7897.32861328, 4049.60375977, 2075.49560547, 9136.79296875, 7567.60986328, 2599.49194336, 980.533081055, 1300.38720703, 1621.3782959, 688.237548828, 118.056396484, 33.7618408203, 38.4287490845, 103.944320679, 359.651184082, 1147.22692871, 783.553649902, 98.0951385498, 56.0081100464, 53.1517028809, 20.1826324463, 18.6795425415, 35.1416091919, 35.8589172363, 8.34756088257, 0.962688684464, 0.0543622970581, 0.00210974249057, 1.73846146936e-05, 1.17784040299e-08]
    },
    "gfcc": {
        "mean": [-89.647644043, 119.406761169, -62.3354988098, 6.7612156868, -60.6190261841, 10.2183208466, -38.943359375, 7.51272583008, -28.7472839355, 7.58719158173, -15.503528595, -9.39372062683, -4.04857444763],
        "cov": [[19185.8164062, -2896.16650391, -486.274291992, 1983.68017578, -983.334350586, 809.020263672, 521.566040039, 1324.1072998, -787.191711426, 1081.67663574, 212.052871704, -332.753326416, 221.492767334], [-2896.16650391, 2773.88378906, 404.459655762, -380.302398682, 933.836791992, 104.189376831, 354.746520996, -244.211547852, 526.269226074, -256.4581604, 219.82522583, -4.60368251801, 14.4179115295], [-486.274291992, 404.459655762, 875.215576172, 157.630462646, 327.521759033, 219.829071045, 139.818008423, 31.5939254761, 217.452423096, 17.0985088348, 17.533700943, 103.763275146, -22.7780761719], [1983.68017578, -380.302398682, 157.630462646, 749.47467041, 68.3019638062, 178.974731445, 228.6378479, 205.649169922, 21.8273010254, 120.24772644, 80.4622650146, 14.727809906, 59.0142707825], [-983.334350586, 933.836791992, 327.521759033, 68.3019638062, 706.610046387, 188.522415161, 269.68548584, 27.156539917, 264.294799805, -50.0915031433, 124.987800598, 50.566493988, 79.0083999634], [809.020263672, 104.189376831, 219.829071045, 178.974731445, 188.522415161, 309.092529297, 225.053985596, 79.9386138916, 74.6853713989, 99.9329528809, 75.9298019409, -3.84000468254, 42.586566925], [521.566040039, 354.746520996, 139.818008423, 228.6378479, 269.68548584, 225.053985596, 396.881011963, 72.841217041, 138.499694824, 72.1034011841, 130.579421997, 2.62564206123, 46.2955932617], [1324.1072998, -244.211547852, 31.5939254761, 205.649169922, 27.156539917, 79.9386138916, 72.841217041, 278.862365723, -26.5348815918, 81.3391036987, 35.9225654602, -3.58825421333, 56.7386245728], [-787.191711426, 526.269226074, 217.452423096, 21.8273010254, 264.294799805, 74.6853713989, 138.499694824, -26.5348815918, 249.488082886, -23.0138072968, 60.5271263123, 49.5398101807, 3.48009347916], [1081.67663574, -256.4581604, 17.0985088348, 120.24772644, -50.0915031433, 99.9329528809, 72.1034011841, 81.3391036987, -23.0138072968, 185.243423462, 43.8614616394, -24.3255691528, 15.5016565323], [212.052871704, 219.82522583, 17.533700943, 80.4622650146, 124.987800598, 75.9298019409, 130.579421997, 35.9225654602, 60.5271263123, 43.8614616394, 152.925628662, -8.00995922089, 37.7143211365], [-332.753326416, -4.60368251801, 103.763275146, 14.727809906, 50.566493988, -3.84000468254, 2.62564206123, -3.58825421333, 49.5398101807, -24.3255691528, -8.00995922089, 110.015274048, 4.76530981064], [221.492767334, 14.4179115295, -22.7780761719, 59.0142707825, 79.0083999634, 42.586566925, 46.2955932617, 56.7386245728, 3.48009347916, 15.5016565323, 37.7143211365, 4.76530981064, 108.592514038]],
        "icov": [[0.000178467744263, -0.000175103239599, 0.000127114457428, -0.000344193889759, 0.000303112377878, -0.000363842147635, 5.8540248574e-05, -0.000520481495187, 0.000474326778203, -0.000573002034798, 0.000134425674332, -4.50079423899e-05, 6.39747449895e-05], [-0.000175103239599, 0.00163968943525, -0.000411151821027, 0.00110107823275, -0.00136474869214, 0.000829812779557, -0.000750578707084, 0.00102801830508, -0.00186617660802, 0.0019245876465, -0.00128600921016, 0.00165654101875, 6.42190207145e-05], [0.000127114457428, -0.000411151821027, 0.00230684317648, -0.000720442971215, -0.00018384300347, -0.00193008920178, 0.0010095994221, -0.000613895070273, -0.000522418413311, -0.000807543110568, 0.000942979066167, -0.00167126953602, 0.00132959522307], [-0.000344193889759, 0.00110107823275, -0.000720442971215, 0.00314255757257, -0.000756703026127, 0.000894018448889, -0.00155888672452, 0.000222820293857, -0.00135638285428, 0.00156334333587, -0.00100200786255, 0.000588674331084, -0.000412498920923], [0.000303112377878, -0.00136474869214, -0.00018384300347, -0.000756703026127, 0.00482688657939, -0.00166996475309, -0.00040236779023, -0.00157566391863, -0.000323720625602, -0.000140071118949, 0.000145138285006, -0.000976456154604, -0.00190374196973], [-0.000363842147635, 0.000829812779557, -0.00193008920178, 0.000894018448889, -0.00166996475309, 0.00884217768908, -0.00362386950292, 0.00121637852862, -0.000424392288551, -0.00111531105358, -0.000216911095777, 0.00182814511936, -0.00143405352719], [5.8540248574e-05, -0.000750578707084, 0.0010095994221, -0.00155888672452, -0.00040236779023, -0.00362386950292, 0.00705401552841, -0.00039519436541, -0.00101474742405, -0.00108124560211, -0.00160085293464, -0.000650709611364, 0.000723703822587], [-0.000520481495187, 0.00102801830508, -0.000613895070273, 0.000222820293857, -0.00157566391863, 0.00121637852862, -0.00039519436541, 0.00699395686388, -0.000869673036505, 0.000690507062245, -0.000760218594223, 0.000596618745476, -0.00197401968762], [0.000474326778203, -0.00186617660802, -0.000522418413311, -0.00135638285428, -0.000323720625602, -0.000424392288551, -0.00101474742405, -0.000869673036505, 0.0113832186908, -0.00270121567883, 9.30835230974e-05, -0.0036138528958, 0.00134387088474], [-0.000573002034798, 0.0019245876465, -0.000807543110568, 0.00156334333587, -0.000140071118949, -0.00111531105358, -0.00108124560211, 0.000690507062245, -0.00270121567883, 0.011983057484, -0.00350882136263, 0.00258339662105, 1.49306142703e-05], [0.000134425674332, -0.00128600921016, 0.000942979066167, -0.00100200786255, 0.000145138285006, -0.000216911095777, -0.00160085293464, -0.000760218594223, 9.30835230974e-05, -0.00350882136263, 0.011549282819, -0.000362294522347, -0.00179922627285], [-4.50079423899e-05, 0.00165654101875, -0.00167126953602, 0.000588674331084, -0.000976456154604, 0.00182814511936, -0.000650709611364, 0.000596618745476, -0.0036138528958, 0.00258339662105, -0.000362294522347, 0.0133072482422, -0.00155052845366], [6.39747449895e-05, 6.42190207145e-05, 0.00132959522307, -0.000412498920923, -0.00190374196973, -0.00143405352719, 0.000723703822587, -0.00197401968762, 0.00134387088474, 1.49306142703e-05, -0.00179922627285, -0.00155052845366, 0.0128908706829]]
    },
    "melbands": {
        "dmean": [0.000562772504054, 0.000847930030432, 0.000275660218904, 0.000509720644914, 0.000301226711599, 0.0001147657822, 0.000113657362817, 0.000116036972031, 0.000107472238597, 3.94186099584e-05, 3.84441700589e-05, 5.84676236031e-05, 3.38870813721e-05, 1.8662043658e-05, 8.84278779267e-06, 1.09185220936e-05, 7.94140669313e-06, 8.14850682218e-06, 6.86517068971e-06, 2.99926227854e-06, 1.90403886791e-06, 9.86079840004e-07, 8.27073847631e-07, 7.69300640968e-07, 1.44969499161e-06, 1.99437636184e-06, 2.09868539969e-06, 3.11021472044e-06, 3.04127956952e-06, 1.08166022983e-06, 9.66160541793e-07, 5.92289268297e-07, 4.28637690675e-07, 4.52591365274e-07, 3.86246313155e-07, 3.84695965749e-07, 5.74342323034e-07, 6.77302807617e-07, 7.70734686739e-07, 9.17408613077e-07],
        "dmean2": [0.000846177455969, 0.00131624506321, 0.000433996116044, 0.000823631533422, 0.000469762075227, 0.000169201288372, 0.000168198996107, 0.000165489822393, 0.000144935271237, 5.28038071934e-05, 5.11425896548e-05, 7.57491070544e-05, 4.31905864389e-05, 2.17781707761e-05, 1.24866774058e-05, 1.49268098539e-05, 1.12680681923e-05, 1.07035220935e-05, 8.79438539414e-06, 4.63528203909e-06, 2.66836059382e-06, 1.46943057189e-06, 1.27041641917e-06, 1.06082814e-06, 2.11531073546e-06, 2.77070876109e-06, 2.70039640782e-06, 4.04135653298e-06, 4.12148256146e-06, 1.59375269959e-06, 1.43919953643e-06, 8.56345991451e-07, 6.39011830117e-07, 6.58655778807e-07, 5.67237634641e-07, 5.67703750676e-07, 7.82111044373e-07, 8.89335012744e-07, 1.05972378606e-06, 1.24699897697e-06],
        "dvar": [2.51074629887e-06, 5.2176637837e-06, 3.00407606346e-07, 1.37473796258e-06, 3.45704222582e-07, 1.95917252199e-07, 1.55748082875e-07, 1.28353605078e-07, 1.12907216021e-07, 3.21391588898e-08, 1.92569977742e-08, 6.90933745773e-08, 5.20997929243e-08, 7.16926296107e-09, 2.14676854071e-09, 2.23319873704e-09, 1.51783630109e-09, 1.37239630771e-09, 1.08950404254e-09, 1.94424934485e-10, 5.86637474709e-11, 1.42248912302e-11, 1.63646318718e-11, 7.65426784455e-12, 3.0015944591e-11, 4.2830478747e-11, 6.40629632676e-11, 1.06290518054e-10, 7.83314940689e-11, 9.66526858548e-12, 1.1422870462e-11, 8.35599298088e-12, 4.44627321072e-12, 5.22916909426e-12, 2.97241528266e-12, 2.5378052524e-12, 2.62854213222e-12, 3.96184951165e-12, 5.44648180723e-12, 8.09899890208e-12],
        "dvar2": [5.60491344004e-06, 1.39899257192e-05, 7.24551171061e-07, 3.30219836542e-06, 7.60489228924e-07, 4.32806388062e-07, 3.24955692577e-07, 2.6817170351e-07, 2.05123100727e-07, 6.05842913615e-08, 4.0345540242e-08, 1.16540370243e-07, 9.46392120227e-08, 7.61065432897e-09, 4.81198858537e-09, 4.52120607619e-09, 2.48044496054e-09, 1.99534588852e-09, 1.68731173478e-09, 4.10097150683e-10, 1.11856801599e-10, 3.32059379993e-11, 3.43375501644e-11, 1.35815803048e-11, 5.89478327262e-11, 7.39126815308e-11, 9.49032588626e-11, 1.64017147086e-10, 1.1885681328e-10, 2.1385237331e-11, 2.22617983076e-11, 1.61641099811e-11, 9.1434932542e-12, 9.75305253226e-12, 6.01759701097e-12, 6.02829505064e-12, 5.34103273761e-12, 6.67001653562e-12, 9.67835620674e-12, 1.38186094512e-11],
        "max": [0.0288058463484, 0.0366390757263, 0.00773363234475, 0.0176544301212, 0.0143913226202, 0.0140038551763, 0.00794699788094, 0.00772479362786, 0.00844756420702, 0.00568186398596, 0.00346612837166, 0.00823958963156, 0.00928130093962, 0.00390130886808, 0.00150977715384, 0.000971669331193, 0.00121522590052, 0.00106082949787, 0.00108095770702, 0.000316507794196, 0.000194891676074, 8.2769904111e-05, 0.000158976021339, 0.000105456027086, 0.000124559825053, 0.000190880498849, 0.000261173874605, 0.000257230916759, 0.00021782850672, 8.81024607224e-05, 7.50004619476e-05, 8.0849895312e-05, 4.86197932332e-05, 5.90810341237e-05, 3.99810051022e-05, 3.63067192666e-05, 3.09732386086e-05, 4.18841627834e-05, 5.61272827326e-05, 6.70350564178e-05],
        "mean": [0.0036004872527, 0.00312377442606, 0.000634861295111, 0.000894199009053, 0.000708501436748, 0.000281749089481, 0.000346031563822, 0.00029873297899, 0.0002772360167, 0.000102290854556, 9.26679713302e-05, 0.000108643704152, 6.1047852796e-05, 5.32426784048e-05, 1.64925859281e-05, 2.12424674828e-05, 1.36160069815e-05, 1.49624320329e-05, 1.45437625179e-05, 4.98856525155e-06, 3.73818647859e-06, 1.94594645109e-06, 1.63999436609e-06, 1.74799640718e-06, 2.85976966552e-06, 4.1838911784e-06, 5.44073191122e-06, 7.83972973295e-06, 8.32129808259e-06, 2.44564580498e-06, 2.06627487387e-06, 1.0853149206e-06, 7.54264192437e-07, 8.36689309835e-07, 6.9303644068e-07, 7.36450374461e-07, 1.2655110595e-06, 1.60961906204e-06, 1.75524621682e-06, 1.9048387685e-06],
        "median": [0.00121802848298, 0.001132277539, 0.000388523418223, 0.00032072479371, 0.000281113403616, 8.26541654533e-05, 0.000116205039376, 8.29177806736e-05, 4.01179895562e-05, 2.19133453356e-05, 1.3193711311e-05, 9.86563281913e-06, 3.16924138133e-06, 3.16779460263e-06, 2.82937298834e-06, 1.44465059293e-06, 1.32401669362e-06, 9.41514656461e-07, 6.7701239459e-07, 5.59482998597e-07, 2.73292528163e-07, 1.45795667095e-07, 7.86857441426e-08, 1.01658457652e-07, 1.26433747027e-07, 2.21738417849e-07, 1.7797653129e-07, 1.75981000439e-07, 1.98697847509e-07, 1.30818378352e-07, 8.79305872559e-08, 3.67379122679e-08, 2.60335113467e-08, 3.64995145219e-08, 4.4141078348e-08, 5.64607880449e-08, 6.87071164407e-08, 7.38694154734e-08, 9.76678151687e-08, 9.61994288673e-08],
        "min": [4.31813979263e-24, 1.16533467482e-23, 4.60726086427e-24, 3.7121376341e-24, 7.10661518117e-24, 1.18476984094e-23, 9.41996082978e-24, 5.84843567988e-24, 2.46260649381e-23, 1.32235483476e-23, 1.33284281938e-23, 1.43902381277e-23, 1.74612468104e-23, 4.95514931233e-24, 1.44255112542e-23, 1.59187776161e-23, 1.57444756437e-23, 1.75389795863e-23, 5.93467198189e-24, 1.06078757014e-23, 1.60652611976e-23, 9.64901842653e-24, 6.44414596461e-24, 1.18326493099e-23, 1.24699929122e-23, 6.4559634954e-24, 1.36012841369e-23, 1.14864624348e-23, 1.30834521729e-23, 1.02161368422e-23, 9.06404729973e-24, 5.48242236366e-24, 1.12074368106e-23, 6.94749483684e-24, 9.70554267697e-24, 8.37006111786e-24, 8.84829463101e-24, 8.73871080723e-24, 1.28365039997e-23, 8.69280541343e-24],
        "var": [2.46187955781e-05, 2.40830831899e-05, 6.55028600249e-07, 2.40209078584e-06, 1.32504283101e-06, 5.29194892351e-07, 4.66772178243e-07, 4.21824552177e-07, 4.67355903311e-07, 1.28631427287e-07, 5.91012039308e-08, 1.69995729493e-07, 1.29023263185e-07, 7.31585103608e-08, 3.63112184765e-09, 5.62003643623e-09, 3.71512953734e-09, 3.9176848432e-09, 5.10073228099e-09, 3.46293022035e-10, 1.68403332945e-10, 4.132649431e-11, 6.03775293651e-11, 3.9343868441e-11, 8.06454972246e-11, 1.37503355924e-10, 3.42067707493e-10, 5.65777868999e-10, 5.87019266529e-10, 3.56711396532e-11, 3.85297974081e-11, 2.25789283104e-11, 1.46288484798e-11, 1.69172436476e-11, 7.71855322712e-12, 5.39071955477e-12, 9.60007247308e-12, 2.02670415173e-11, 2.21225711361e-11, 2.91194637847e-11]
    },
    "mfcc": {
        "mean": [-750.739624023, 161.06590271, 45.1416320801, 9.96060180664, 3.99800872803, -1.75599956512, 7.44260168076, -12.6305370331, 2.48911190033, 6.50112485886, -5.96672868729, -2.9663066864, -2.06840777397],
        "cov": [[14801.4443359, -2678.66430664, -183.567123413, 609.143249512, -382.359191895, -667.683044434, 1347.76098633, -504.868774414, 432.178833008, 508.604919434, -124.535812378, 606.645996094, 81.4294891357], [-2678.66430664, 2937.95458984, 100.784317017, -118.495742798, 463.465026855, 460.29498291, -67.9071960449, 340.946075439, 43.9275169373, 98.3378601074, 225.235519409, -4.5421872139, 77.5085906982], [-183.567123413, 100.784317017, 545.648925781, 81.8698272705, 95.7643737793, 168.01335144, -27.7437934875, 109.189567566, 40.546546936, 11.9679803848, 87.3318405151, 0.108187250793, 60.7430686951], [609.143249512, -118.495742798, 81.8698272705, 402.672851562, 124.542304993, 78.3411102295, 121.972175598, 136.907653809, 91.2571563721, 34.440071106, 73.3330612183, 65.3317184448, 41.9043045044], [-382.359191895, 463.465026855, 95.7643737793, 124.542304993, 363.966156006, 116.168258667, 68.9061126709, 153.097396851, 106.55834198, 44.7409324646, 54.8047065735, 32.8099517822, 40.8921699524], [-667.683044434, 460.29498291, 168.01335144, 78.3411102295, 116.168258667, 443.127502441, 54.1022453308, 169.047622681, 49.2248649597, 96.2249145508, 113.867698669, 0.601456344128, 81.2820205688], [1347.76098633, -67.9071960449, -27.7437934875, 121.972175598, 68.9061126709, 54.1022453308, 384.582611084, 24.3464565277, 105.800064087, 155.492828369, 18.7029914856, 105.527236938, 38.085018158], [-504.868774414, 340.946075439, 109.189567566, 136.907653809, 153.097396851, 169.047622681, 24.3464565277, 268.530944824, 74.8649978638, 20.0113945007, 94.2598571777, 18.3470916748, 46.6930427551], [432.178833008, 43.9275169373, 40.546546936, 91.2571563721, 106.55834198, 49.2248649597, 105.800064087, 74.8649978638, 175.876235962, 40.4977340698, 32.7949638367, 46.6179466248, 38.0474395752], [508.604919434, 98.3378601074, 11.9679803848, 34.440071106, 44.7409324646, 96.2249145508, 155.492828369, 20.0113945007, 40.4977340698, 204.967880249, 28.0241985321, 50.170791626, 40.848072052], [-124.535812378, 225.235519409, 87.3318405151, 73.3330612183, 54.8047065735, 113.867698669, 18.7029914856, 94.2598571777, 32.7949638367, 28.0241985321, 166.14024353, 32.658908844, 34.6429519653], [606.645996094, -4.5421872139, 0.108187250793, 65.3317184448, 32.8099517822, 0.601456344128, 105.527236938, 18.3470916748, 46.6179466248, 50.170791626, 32.658908844, 139.270614624, 28.9571342468], [81.4294891357, 77.5085906982, 60.7430686951, 41.9043045044, 40.8921699524, 81.2820205688, 38.085018158, 46.6930427551, 38.0474395752, 40.848072052, 34.6429519653, 28.9571342468, 98.2147598267]],
