{
"lowlevel": {
    "average_loudness": 0.893398106098,
    "barkbands_crest": {
        "dmean": 2.58574557304,
        "dmean2": 4.29299497604,
        "dvar": 7.46277809143,
        "dvar2": 19.2153549194,
        "max": 25.9034900665,
        "mean": 14.4175262451,
        "median": 14.2988643646,
        "min": 2.74318599701,
        "var": 25.8586139679
    },
    "barkbands_flatness_db": {
        "dmean": 0.0420659147203,
        "dmean2": 0.057126313448,
        "dvar": 0.00187556864694,
        "dvar2": 0.0033944407478,
        "max": 0.588636696339,
        "mean": 0.25025177002,
        "median": 0.233112856746,
        "min": 0.0240556783974,
        "var": 0.0133969616145
    },
    "barkbands_kurtosis": {
        "dmean": 33.6527404785,
        "dmean2": 52.1091384888,
        "dvar": 2976.25537109,
        "dvar2": 6921.61669922,
        "max": 967.909301758,
        "mean": 61.1992034912,
        "median": 20.5853214264,
        "min": -1.9150493145,
        "var": 8247.21191406
    },
    "barkbands_skewness": {
        "dmean": 1.70014500618,
        "dmean2": 2.58746790886,
        "dvar": 3.78306627274,
        "dvar2": 8.78907680511,
        "max": 26.7908325195,
        "mean": 4.74010038376,
        "median": 3.82581830025,
        "min": -3.08266687393,
        "var": 14.9865074158
    },
    "barkbands_spread": {
        "dmean": 5.29918622971,
        "dmean2": 7.91691827774,
        "dvar": 85.1376495361,
        "dvar2": 177.18447876,
        "max": 120.186790466,
        "mean": 11.5029153824,
        "median": 6.24601554871,
        "min": 0.142302915454,
        "var": 209.87991333
    },
    "dissonance": {
        "dmean": 0.0257840733975,
        "dmean2": 0.0434849970043,
        "dvar": 0.000755562214181,
        "dvar2": 0.00203145318665,
        "max": 0.499934911728,
        "mean": 0.45572912693,
        "median": 0.464071273804,
        "min": 0.240454435349,
        "var": 0.00137653492857
    },
    "dynamic_complexity": 3.95239424706,
    "erbbands_crest": {
        "dmean": 3.21168541908,
        "dmean2": 5.13822746277,
        "dvar": 8.90923309326,
        "dvar2": 20.9511013031,
        "max": 30.7822132111,
        "mean": 10.5071868896,
        "median": 9.27218437195,
        "min": 3.01907444,
        "var": 23.444486618
    },
    "erbbands_flatness_db": {
        "dmean": 0.0257587432861,
        "dmean2": 0.0386046767235,
        "dvar": 0.000716090085916,
        "dvar2": 0.00172337109689,
        "max": 0.409068077803,
        "mean": 0.151875153184,
        "median": 0.146859794855,
        "min": 0.0375313423574,
        "var": 0.00235818279907
    },
    "erbbands_kurtosis": {
        "dmean": 2.51685190201,
        "dmean2": 3.97433447838,
        "dvar": 21.5606193542,
        "dvar2": 50.8356246948,
        "max": 96.8487472534,
        "mean": 2.31917357445,
        "median": 0.755903244019,
        "min": -1.87073099613,
        "var": 29.5127906799
    },
    "erbbands_skewness": {
        "dmean": 0.619021773338,
        "dmean2": 0.939478814602,
        "dvar": 0.420691370964,
        "dvar2": 0.929194092751,
        "max": 8.0553150177,
        "mean": 0.797571241856,
        "median": 0.723349809647,
        "min": -4.50358104706,
        "var": 1.2046905756
    },
    "erbbands_spread": {
        "dmean": 14.8174781799,
        "dmean2": 23.2213535309,
        "dvar": 341.490020752,
        "dvar2": 749.348083496,
        "max": 194.083999634,
        "mean": 43.5238838196,
        "median": 37.0952262878,
        "min": 0.805633127689,
        "var": 817.665588379
    },
    "hfc": {
        "dmean": 11.4713487625,
        "dmean2": 17.369474411,
        "dvar": 513.557800293,
        "dvar2": 1190.93811035,
        "max": 270.639892578,
        "mean": 20.5697517395,
        "median": 12.8679380417,
        "min": 1.10426017737e-16,
        "var": 699.117492676
    },
    "melbands_crest": {
        "dmean": 4.08089971542,
        "dmean2": 6.2934756279,
        "dvar": 19.6189937592,
        "dvar2": 42.197013855,
        "max": 38.983921051,
        "mean": 25.5073890686,
        "median": 27.7666473389,
        "min": 2.41539788246,
        "var": 94.9030151367
    },
    "melbands_flatness_db": {
        "dmean": 0.0472891330719,
        "dmean2": 0.0640260577202,
        "dvar": 0.00245579169132,
        "dvar2": 0.0043404144235,
        "max": 0.724782884121,
        "mean": 0.351254731417,
        "median": 0.341756731272,
        "min": 0.00644198665395,
        "var": 0.0193017832935
    },
    "melbands_kurtosis": {
        "dmean": 101.758766174,
        "dmean2": 157.174072266,
        "dvar": 35723.5976562,
        "dvar2": 80230.609375,
        "max": 2701.72241211,
        "mean": 157.721221924,
        "median": 44.323638916,
        "min": -1.47968995571,
        "var": 73215.0703125
    },
    "melbands_skewness": {
        "dmean": 2.77640509605,
        "dmean2": 4.21797609329,
        "dvar": 11.9794979095,
        "dvar2": 26.0585975647,
        "max": 45.1718292236,
        "mean": 7.13857078552,
        "median": 5.35134601593,
        "min": -3.18625211716,
        "var": 40.1140289307
    },
    "melbands_spread": {
        "dmean": 5.66929626465,
        "dmean2": 8.68180370331,
        "dvar": 145.231582642,
        "dvar2": 299.69833374,
        "max": 210.646347046,
        "mean": 11.1378335953,
        "median": 4.33104467392,
        "min": 0.111020117998,
        "var": 324.813568115
    },
    "pitch_salience": {
        "dmean": 0.100111819804,
        "dmean2": 0.15672840178,
        "dvar": 0.010684877634,
        "dvar2": 0.0255322959274,
        "max": 0.85953694582,
        "mean": 0.360634714365,
        "median": 0.34390515089,
        "min": 0.0247978679836,
        "var": 0.0386389456689
    },
    "silence_rate_20dB": {
        "dmean": 0.101393185556,
        "dmean2": 0.20286488533,
        "dvar": 0.0911133736372,
        "dvar2": 0.184170395136,
        "max": 1,
        "mean": 0.788781404495,
        "median": 1,
        "min": 0,
        "var": 0.166606023908
    },
    "silence_rate_30dB": {
        "dmean": 0.0743034034967,
        "dmean2": 0.148664340377,
        "dvar": 0.0687836781144,
        "dvar2": 0.142045840621,
        "max": 1,
        "mean": 0.523404240608,
        "median": 1,
        "min": 0,
        "var": 0.249453380704
    },
    "silence_rate_60dB": {
        "dmean": 0.0356037169695,
        "dmean2": 0.0708478540182,
        "dvar": 0.0343355685472,
        "dvar2": 0.0766693279147,
        "max": 1,
        "mean": 0.0847195386887,
        "median": 0,
        "min": 0,
        "var": 0.077541872859
    },
    "spectral_centroid": {
        "dmean": 289.471038818,
        "dmean2": 427.480194092,
        "dvar": 178943.375,
        "dvar2": 323476.6875,
        "max": 11520.0136719,
        "mean": 924.20916748,
        "median": 727.012268066,
        "min": 96.2998275757,
        "var": 643931.875
    },
    "spectral_complexity": {
        "dmean": 4.16524744034,
        "dmean2": 6.46380186081,
        "dvar": 35.836730957,
        "dvar2": 82.0359268188,
        "max": 51,
        "mean": 10.8812379837,
        "median": 8,
        "min": 0,
        "var": 83.5396270752
    },
    "spectral_decrease": {
        "dmean": 1.60372639613e-08,
        "dmean2": 2.32364545383e-08,
        "dvar": 7.06791396243e-16,
        "dvar2": 1.4604245615e-15,
        "max": 6.73513840364e-22,
        "mean": -4.30613233959e-08,
        "median": -2.00147223239e-08,
        "min": -2.5342689014e-07,
        "var": 2.46948135904e-15
    },
    "spectral_energy": {
        "dmean": 0.0611180998385,
        "dmean2": 0.0886459127069,
        "dvar": 0.0101592065766,
        "dvar2": 0.0209759362042,
        "max": 0.961104571819,
        "mean": 0.164388880134,
        "median": 0.0779922381043,
        "min": 1.02842590077e-20,
        "var": 0.0355275124311
    },
    "spectral_energyband_high": {
        "dmean": 0.00045178286382,
        "dmean2": 0.000674377486575,
        "dvar": 1.54554129494e-06,
        "dvar2": 3.31563092004e-06,
        "max": 0.0141497794539,
        "mean": 0.000585098401643,
        "median": 0.000139872907312,
        "min": 7.29892540289e-21,
        "var": 2.42448982135e-06
    },
    "spectral_energyband_low": {
        "dmean": 0.0571587271988,
        "dmean2": 0.0831083208323,
        "dvar": 0.01000904385,
        "dvar2": 0.0213455762714,
        "max": 0.9445707798,
        "mean": 0.147557035089,
        "median": 0.0606216564775,
        "min": 3.46972391226e-23,
        "var": 0.0328279584646
    },
    "spectral_energyband_middle_high": {
        "dmean": 0.00286871800199,
        "dmean2": 0.00486800540239,
        "dvar": 4.90489474032e-05,
        "dvar2": 0.000123809702927,
        "max": 0.117978706956,
        "mean": 0.00317145930603,
        "median": 0.000732973450795,
        "min": 1.63637852862e-21,
        "var": 4.4997625082e-05
    },
    "spectral_energyband_middle_low": {
        "dmean": 0.00778160290793,
        "dmean2": 0.0135701792315,
        "dvar": 0.000301948806737,
        "dvar2": 0.000843225046992,
        "max": 0.148577779531,
        "mean": 0.0102709820494,
        "median": 0.00508697563782,
        "min": 2.60417525098e-22,
        "var": 0.000266025250312
    },
    "spectral_entropy": {
        "dmean": 0.266679167747,
        "dmean2": 0.38135638833,
        "dvar": 0.0796539187431,
        "dvar2": 0.149482175708,
        "max": 9.80421924591,
        "mean": 7.2933588028,
        "median": 7.3787651062,
        "min": 5.1027803421,
        "var": 0.358769595623
    },
    "spectral_flux": {
        "dmean": 0.0655463933945,
        "dmean2": 0.102784611285,
        "dvar": 0.00989628024399,
        "dvar2": 0.0193374827504,
        "max": 0.773686468601,
        "mean": 0.144151896238,
        "median": 0.0961833372712,
        "min": 6.84380954685e-11,
        "var": 0.0184364579618
    },
    "spectral_kurtosis": {
        "dmean": 2.36772489548,
        "dmean2": 3.67354989052,
        "dvar": 10.121213913,
        "dvar2": 23.6159763336,
        "max": 54.8803672791,
        "mean": 6.44493103027,
        "median": 5.32196044922,
        "min": -1.23684620857,
        "var": 28.5754585266
    },
    "spectral_rms": {
        "dmean": 0.00213794782758,
        "dmean2": 0.00302304653451,
        "dvar": 9.42360657064e-06,
        "dvar2": 1.72355157702e-05,
        "max": 0.030621284619,
        "mean": 0.0102276308462,
        "median": 0.00872295722365,
        "min": 3.16755801276e-12,
        "var": 5.57752027817e-05
    },
    "spectral_rolloff": {
        "dmean": 304.307769775,
        "dmean2": 514.106018066,
        "dvar": 730551.875,
        "dvar2": 1635622.875,
        "max": 19035.3515625,
        "mean": 632.558776855,
        "median": 129.19921875,
        "min": 43.06640625,
        "var": 1784376.625
    },
    "spectral_skewness": {
        "dmean": 0.342138499022,
        "dmean2": 0.514601647854,
        "dvar": 0.12761361897,
        "dvar2": 0.274316430092,
        "max": 6.19551706314,
        "mean": 2.00611901283,
        "median": 1.93185198307,
        "min": -0.135753214359,
        "var": 0.535713255405
    },
    "spectral_spread": {
        "dmean": 1023876.5625,
        "dmean2": 1573759.5,
        "dvar": 1.8496412713e+12,
        "dvar2": 4.1195798528e+12,
        "max": 41370156,
        "mean": 5475382,
        "median": 4877759.5,
        "min": 1266188.875,
        "var": 6.6684017705e+12
    },
    "spectral_strongpeak": {
        "dmean": 0.271138876677,
        "dmean2": 0.440639078617,
        "dvar": 0.15350265801,
        "dvar2": 0.400853991508,
        "max": 5.4936709404,
        "mean": 0.671335339546,
        "median": 0.625355780125,
        "min": 0,
        "var": 0.273713648319
    },
    "zerocrossingrate": {
        "dmean": 0.0100985784084,
        "dmean2": 0.0123299052939,
        "dvar": 0.000294511643006,
        "dvar2": 0.000404495076509,
        "max": 0.50732421875,
        "mean": 0.0331394672394,
        "median": 0.0224609375,
        "min": 0.0009765625,
        "var": 0.00156902521849
    },
    "barkbands": {
        "dmean": [0.018815100193, 0.0457242354751, 0.0058718752116, 0.00288207526319, 0.0038295914419, 0.000649944529869, 0.00064832973294, 0.000701211218257, 0.000533546495717, 0.000397074385546, 0.000418783019995, 0.000409592263168, 0.000210993588553, 0.000493528787047, 0.000902868632693, 0.000272073142696, 0.000112399793579, 0.000136637783726, 0.000144454810652, 8.573087689e-05, 6.99200754752e-05, 9.26891443669e-05, 5.01559297845e-05, 5.83753899264e-05, 6.84653714416e-05, 0.000125584279886, 1.85751141544e-05],
        "dmean2": [0.0292878840119, 0.0690888911486, 0.00958324875683, 0.00522374361753, 0.00670023821294, 0.00106983969454, 0.00107445206959, 0.00109255313873, 0.000860782980453, 0.000687514431775, 0.000719159725122, 0.000740531715564, 0.000346328044543, 0.000900427694432, 0.00158677319996, 0.000483588431962, 0.000189240585314, 0.000221978771151, 0.000246656913077, 0.000142450488056, 0.000120181051898, 0.000158074893989, 7.82435308793e-05, 8.23534428491e-05, 0.000102222453279, 0.000195507600438, 2.86221275019e-05],
        "dvar": [0.00108551909216, 0.00751390680671, 0.00017585560272, 5.58301362616e-05, 8.44949681778e-05, 2.22392827709e-06, 1.50870027937e-06, 4.19841126131e-06, 2.77665276371e-06, 1.37538620493e-06, 1.08047811409e-06, 1.28281737943e-06, 3.66790033013e-07, 2.83160511572e-06, 2.06282493309e-05, 8.84759572273e-07, 6.54055085647e-08, 9.31027486217e-08, 1.52554008537e-07, 1.13903979582e-07, 3.78179194627e-08, 9.5044718762e-08, 2.09362909231e-08, 4.4366572638e-08, 8.44451051307e-08, 2.77062724763e-07, 5.6385047742e-09],
        "dvar2": [0.00269845314324, 0.0179162677377, 0.000457883754279, 0.000158220005687, 0.000234137041843, 5.54075859327e-06, 4.01103397962e-06, 9.68132826529e-06, 5.06544756718e-06, 3.86250349038e-06, 2.85831129077e-06, 3.56760119757e-06, 8.11225959296e-07, 8.08642380434e-06, 5.66912094655e-05, 2.42565329245e-06, 1.67117775618e-07, 2.38178543555e-07, 3.54334645181e-07, 2.74937235645e-07, 9.91253799043e-08, 2.5091381417e-07, 4.37248282026e-08, 8.3923090699e-08, 1.52684705768e-07, 7.10348388111e-07, 1.28148487377e-08],
        "max": [0.357545286417, 0.764066159725, 0.216963797808, 0.0883890017867, 0.0876103043556, 0.0404243208468, 0.0139399459586, 0.0354597866535, 0.0322820656002, 0.0143973799422, 0.0187754649669, 0.00978612527251, 0.011272312142, 0.0167993456125, 0.110472433269, 0.00924797728658, 0.00239560520276, 0.00401852745563, 0.013031036593, 0.00904377363622, 0.00250785145909, 0.00372726866044, 0.00343631883152, 0.00587184773758, 0.00801851600409, 0.00623106025159, 0.00154505774844],
        "mean": [0.0402411147952, 0.103347733617, 0.00684270821512, 0.00257778447121, 0.00419703498483, 0.000901074963622, 0.000840221939143, 0.000893270829692, 0.000714066380169, 0.000445867975941, 0.000432138826, 0.000330390699673, 0.000252979807556, 0.000368057168089, 0.000688140979037, 0.000238712338614, 0.000132269124151, 0.00014846677368, 0.000163178265211, 9.56480434979e-05, 6.85049017193e-05, 8.77625279827e-05, 6.30808208371e-05, 8.06153766462e-05, 8.624621114e-05, 0.000131283391966, 2.0825818865e-05],
        "median": [0.0102329272777, 0.0303047318012, 0.000597317644861, 0.000592322146986, 0.00165129476227, 0.000229859389947, 0.000251677178312, 0.00019234494539, 0.000102659563709, 9.33020783123e-05, 7.45569341234e-05, 4.81996539747e-05, 3.63972285413e-05, 3.18239908665e-05, 2.21666341531e-05, 2.95613044727e-05, 2.0854649847e-05, 2.76096907328e-05, 3.31156370521e-05, 1.88304638868e-05, 1.20152099043e-05, 1.17902027341e-05, 1.30793432618e-05, 1.79131275218e-05, 1.11014969661e-05, 9.65166873357e-06, 9.34075842451e-07],
        "min": [2.32314310384e-24, 7.2149612822e-24, 1.24676537424e-24, 5.38493966616e-24, 1.3195733901e-24, 1.73433783694e-23, 1.12132404603e-23, 5.88793220991e-23, 7.50958221318e-23, 5.24914483439e-23, 5.81206019914e-23, 4.93418044284e-23, 9.3580183671e-23, 5.53800045433e-23, 1.66220111411e-22, 8.44114994942e-23, 8.52736929092e-23, 1.68809985939e-22, 2.10402090254e-22, 3.80116224386e-22, 3.48906766518e-22, 2.53876315715e-22, 5.38223109646e-22, 6.77202023843e-22, 9.36881806222e-22, 1.45385454294e-21, 2.2446006364e-21],
        "var": [0.00315233273432, 0.0179941132665, 0.000211355814827, 4.03181984439e-05, 7.02242032276e-05, 3.66557901543e-06, 2.00957538254e-06, 5.85992893321e-06, 4.86865474159e-06, 1.22114772694e-06, 1.09418988359e-06, 8.65854815402e-07, 5.19244679253e-07, 1.69589839061e-06, 1.36347171065e-05, 6.1859446987e-07, 7.7248429875e-08, 9.90756987562e-08, 2.96780768849e-07, 1.64741294384e-07, 3.55079130543e-08, 8.35512707908e-08, 3.69698653913e-08, 7.94711141339e-08, 1.69818818563e-07, 2.72068689355e-07, 6.09078654179e-09]
    },
    "erbbands": {
        "dmean": [2.68578934669, 6.67427539825, 8.06697750092, 6.78900575638, 15.2752580643, 10.3845119476, 4.80657243729, 6.50451946259, 9.37694644928, 10.9379138947, 13.7411146164, 11.9043121338, 13.8419752121, 12.1502876282, 19.2123470306, 14.170211792, 9.80769538879, 16.6933860779, 40.8676338196, 44.3661499023, 11.3506069183, 6.43342971802, 7.20070409775, 8.93622684479, 5.11419296265, 3.85387086868, 2.80313682556, 2.9923593998, 3.6493024826, 2.13649892807, 1.4291574955, 1.33904027939, 0.950380384922, 0.95070040226, 0.377806812525, 0.413913398981, 0.310364842415, 0.0281137581915, 0.00366652244702, 0.00016313685046],
        "dmean2": [3.95104861259, 11.3605051041, 13.2809429169, 11.8363494873, 27.3970184326, 17.5512237549, 8.17624759674, 10.8010492325, 15.6300315857, 17.7198352814, 20.7186584473, 19.0136966705, 23.5080223083, 20.9990139008, 33.6211509705, 25.3591098785, 16.1143741608, 29.9727363586, 71.9570770264, 80.5891952515, 19.8740978241, 10.9030647278, 11.8039455414, 15.2683258057, 8.55215930939, 6.45022821426, 4.81161355972, 5.1698012352, 6.26843166351, 3.52556300163, 2.19254851341, 1.89605033398, 1.41900086403, 1.43095505238, 0.575026869774, 0.64650452137, 0.499921262264, 0.0435218513012, 0.00570266647264, 0.000244399037911],
        "dvar": [25.0303058624, 215.394729614, 275.266387939, 317.975830078, 1584.80102539, 590.788635254, 139.957397461, 271.998474121, 366.673553467, 746.618469238, 1639.99731445, 1559.38171387, 1282.06030273, 1062.27722168, 2326.75830078, 1495.51660156, 702.43157959, 2255.71191406, 26295.8085938, 63926.1679688, 1335.91210938, 209.221435547, 269.363037109, 505.159790039, 217.179519653, 252.743972778, 86.2207183838, 82.4240188599, 157.670883179, 43.0185317993, 15.8034753799, 16.6800537109, 16.3063831329, 18.2653942108, 2.33195447922, 2.57357263565, 1.89723968506, 0.0107725905254, 0.000197940200451, 1.79034088887e-07],
        "dvar2": [56.9239425659, 589.838195801, 709.253051758, 893.574829102, 4459.99267578, 1576.09521484, 376.624694824, 662.666931152, 1000.90136719, 1822.78686523, 3281.53466797, 2768.97851562, 3425.57373047, 2944.80322266, 6211.14111328, 4114.53759766, 1535.87927246, 6159.94873047, 71875.5859375, 182750.65625, 3587.58227539, 532.747436523, 699.070983887, 1282.79040527, 457.759674072, 612.031433105, 220.693817139, 222.189483643, 421.719573975, 105.538604736, 32.122959137, 30.5408115387, 32.3117027283, 31.6181907654, 4.68514823914, 6.58956718445, 4.87942886353, 0.0252277199179, 0.000429544423241, 3.79690135333e-07],
        "max": [46.3267021179, 122.33631134, 248.523330688, 266.398925781, 355.421600342, 249.672409058, 158.052307129, 513.454101562, 244.395477295, 442.669647217, 701.503417969, 785.63659668, 466.404327393, 451.335845947, 659.294799805, 345.595581055, 458.00378418, 695.388000488, 1671.80407715, 6363.12988281, 357.135894775, 126.747268677, 241.362060547, 503.86907959, 531.596496582, 436.237030029, 152.669647217, 84.6085357666, 103.389823914, 103.074638367, 87.5904541016, 92.8105621338, 108.681892395, 129.618972778, 37.4028739929, 18.501783371, 16.3575000763, 2.0342707634, 0.267274558544, 0.00740325916559],
        "mean": [6.10008716583, 10.7803640366, 10.2135972977, 7.37541484833, 14.987534523, 12.448767662, 5.75756978989, 9.37552547455, 12.2368068695, 15.0411071777, 17.8947029114, 15.9973754883, 16.2845401764, 13.8409004211, 18.2330875397, 12.3320398331, 11.827460289, 14.6776657104, 31.0382957458, 31.1609706879, 11.0194034576, 7.62095117569, 8.11862850189, 9.4743347168, 6.28348970413, 4.34019088745, 3.0408987999, 2.83632993698, 3.34347271919, 2.33668351173, 1.80393671989, 1.93447589874, 1.17508065701, 1.17906522751, 0.484606802464, 0.434183984995, 0.323717951775, 0.031644269824, 0.00433904770762, 0.000313925353112],
        "median": [1.56224954128, 2.9780933857, 1.64637601376, 1.59560251236, 5.35308122635, 3.31927061081, 1.14010310173, 2.31773471832, 4.59489870071, 3.14029073715, 4.73593568802, 2.76915812492, 3.43540787697, 3.12046337128, 3.06821250916, 2.0410656929, 2.01343727112, 1.93326497078, 1.6019204855, 1.58000731468, 1.65869486332, 1.30224454403, 1.57476115227, 1.97293019295, 1.32859420776, 0.857101619244, 0.585487723351, 0.449252128601, 0.41951328516, 0.404497176409, 0.385230481625, 0.417827099562, 0.2198920995, 0.141950115561, 0.0693966001272, 0.0407045148313, 0.0184700433165, 0.00243737571873, 0.000292707700282, 0.000169424689375],
        "min": [3.27783292908e-22, 1.22763740712e-21, 3.48856799437e-21, 2.09038541277e-20, 5.20988036199e-21, 4.45407598512e-21, 5.27702973706e-20, 1.30993187759e-19, 2.04192700759e-19, 5.9797160485e-19, 1.21620634297e-18, 1.31700915736e-18, 2.09708690051e-18, 1.97536437824e-18, 1.99425077278e-18, 2.51449836762e-18, 4.28818908149e-18, 3.27220470091e-18, 5.53999169456e-18, 8.11270041625e-18, 4.76859945124e-18, 5.33011405287e-18, 1.11463307189e-17, 7.83830061883e-18, 1.15324296775e-17, 1.63404500752e-17, 1.55600465263e-17, 1.25135709359e-17, 9.52288371479e-18, 1.33814678598e-17, 1.5743784847e-17, 1.5413865514e-17, 1.10196207111e-17, 9.48693940845e-18, 7.01714022677e-18, 4.77534097323e-18, 2.91066618225e-18, 1.24275408435e-18, 3.17841203543e-19, 3.3087037094e-20],
        "var": [67.2695999146, 276.026031494, 377.092437744, 266.339447021, 1112.45861816, 664.621826172, 155.565567017, 481.31072998, 430.820159912, 1212.61169434, 2565.80200195, 2669.78881836, 1298.6685791, 1018.20153809, 2063.97583008, 1068.1229248, 1023.52105713, 1600.96533203, 17516.8613281, 37875.703125, 1041.85827637, 245.645568848, 279.067932129, 677.430236816, 519.470153809, 367.70211792, 99.2298278809, 67.4115524292, 129.135406494, 54.3671531677, 28.2919025421, 32.3785018921, 26.5546875, 38.1666603088, 4.01195383072, 2.50409293175, 1.88588500023, 0.0122484154999, 0.000234145350987, 2.70966808102e-07]
    },
    "gfcc": {
        "mean": [-39.325428009, 88.079460144, -71.6604995728, 25.7887630463, -35.283164978, 24.4351387024, -20.600358963, 17.8358612061, -14.7393026352, 5.54551744461, -8.95167160034, 4.36158704758, -10.6777162552],
        "cov": [[8795.90136719, 210.711135864, -62.2851142883, 681.579833984, 261.908752441, -536.509887695, -457.182891846, -28.344581604, -15.2547502518, -75.2832336426, -243.812667847, -153.442504883, -34.7664031982], [210.711135864, 1812.78845215, 135.643478394, -29.7204151154, 63.1209907532, -295.754364014, 55.345375061, -124.979873657, -4.13565301895, -229.009170532, 166.175582886, -157.736297607, 63.3435630798], [-62.2851142883, 135.643478394, 1904.8347168, 372.009246826, 509.392425537, 339.649719238, 282.036346436, 156.672897339, 180.809585571, -17.5939331055, 76.8670654297, 36.0541687012, 0.897597193718], [681.579833984, -29.7204151154, 372.009246826, 716.383666992, 225.707992554, 102.242332458, 95.2295532227, 32.6297645569, 67.848197937, -56.8414154053, -11.56960392, -55.0508041382, 39.9515304565], [261.908752441, 63.1209907532, 509.392425537, 225.707992554, 659.245727539, 239.957519531, 193.211090088, 96.8817672729, 123.28301239, 34.1534729004, 8.01229953766, -18.8009433746, 4.36081409454], [-536.509887695, -295.754364014, 339.649719238, 102.242332458, 239.957519531, 560.539978027, 284.289459229, 79.2686309814, 107.359970093, 59.0235290527, -7.97310876846, 38.3140182495, -28.7161521912], [-457.182891846, 55.345375061, 282.036346436, 95.2295532227, 193.211090088, 284.289459229, 422.889312744, 110.36882019, 108.661811829, 1.22631573677, 42.6863670349, 10.835729599, 20.6078548431], [-28.344581604, -124.979873657, 156.672897339, 32.6297645569, 96.8817672729, 79.2686309814, 110.36882019, 270.675872803, 86.6304092407, 23.9289951324, 13.6187171936, -1.54458320141, 22.8351631165], [-15.2547502518, -4.13565301895, 180.809585571, 67.848197937, 123.28301239, 107.359970093, 108.661811829, 86.6304092407, 268.857086182, 53.6194000244, 15.3528032303, 1.61476862431, -10.4174461365], [-75.2832336426, -229.009170532, -17.5939331055, -56.8414154053, 34.1534729004, 59.0235290527, 1.22631573677, 23.9289951324, 53.6194000244, 202.02355957, 37.2477035522, 32.7424278259, -21.2766799927], [-243.812667847, 166.175582886, 76.8670654297, -11.56960392, 8.01229953766, -7.97310876846, 42.6863670349, 13.6187171936, 15.3528032303, 37.2477035522, 165.366394043, 41.3208274841, 26.0992412567], [-153.442504883, -157.736297607, 36.0541687012, -55.0508041382, -18.8009433746, 38.3140182495, 10.835729599, -1.54458320141, 1.61476862431, 32.7424278259, 41.3208274841, 152.780349731, 10.8445320129], [-34.7664031982, 63.3435630798, 0.897597193718, 39.9515304565, 4.36081409454, -28.7161521912, 20.6078548431, 22.8351631165, -10.4174461365, -21.2766799927, 26.0992412567, 10.8445320129, 129.956878662]],
        "icov": [[0.00015264232934, -5.09459241584e-05, 1.77237307071e-05, -0.00017754235887, -9.18311488931e-05, 0.000146671562106, 0.000133286928758, -7.41025869502e-05, 1.96923406293e-06, -9.59952303674e-05, 0.000267702358542, -8.36306644487e-05, 8.51586446515e-05], [-5.09459241584e-05, 0.0012312612962, -0.000105666636955, 0.000434608897194, -0.000309393100906, 0.000652129761875, -0.000504852039739, 0.000814334140159, -0.000403065409046, 0.00142907421105, -0.00172825751361, 0.00142541353125, -0.000225401599891], [1.77237307071e-05, -0.000105666636955, 0.000778237066697, -0.000280237960396, -0.000383064092603, -0.000234938386711, 2.83228237095e-05, -0.000256811734289, -0.000128651430714, 0.000195708533283, -0.000204155920073, -0.000370603927877, 0.000232251215493], [-0.00017754235887, 0.000434608897194, -0.000280237960396, 0.0021056572441, -0.000372001144569, -9.82875571935e-05, -0.000250051845796, 0.000500114634633, -0.000391177425627, 0.00100122555159, -0.00073586020153, 0.00114064780064, -0.000777019013185], [-9.18311488931e-05, -0.000309393100906, -0.000383064092603, -0.000372001144569, 0.00246453774162, -0.000714377558324, -0.000274715886917, -0.000338763114996, -0.000163479940966, -0.000758710841183, 0.000455867237179, 9.35153802857e-05, -0.000130897926283], [0.000146671562106, 0.000652129761875, -0.000234938386711, -9.82875571935e-05, -0.000714377558324, 0.00389929208905, -0.00217603333294, 0.000477780529764, -0.000252260477282, -0.00021157975425, 0.000401742814574, -0.000181967232493, 0.000779553141911], [0.000133286928758, -0.000504852039739, 2.83228237095e-05, -0.000250051845796, -0.000274715886917, -0.00217603333294, 0.00473210029304, -0.00119003886357, -0.000567914452404, 0.000420934520662, -0.000439607567387, -0.000248153490247, -0.000522104382981], [-7.41025869502e-05, 0.000814334140159, -0.000256811734289, 0.000500114634633, -0.000338763114996, 0.000477780529764, -0.00119003886357, 0.00511749321595, -0.00124780833721, 0.000533939572051, -0.000988140935078, 0.00122434087098, -0.0010786075145], [1.96923406293e-06, -0.000403065409046, -0.000128651430714, -0.000391177425627, -0.000163479940966, -0.000252260477282, -0.000567914452404, -0.00124780833721, 0.00502668460831, -0.00164226442575, 0.000579104409553, -0.000356084521627, 0.000624674197752], [-9.59952303674e-05, 0.00142907421105, 0.000195708533283, 0.00100122555159, -0.000758710841183, -0.00021157975425, 0.000420934520662, 0.000533939572051, -0.00164226442575, 0.00799713376909, -0.00369481137022, 0.000886732945219, 0.000632435025182], [0.000267702358542, -0.00172825751361, -0.000204155920073, -0.00073586020153, 0.000455867237179, 0.000401742814574, -0.000439607567387, -0.000988140935078, 0.000579104409553, -0.00369481137022, 0.0102466829121, -0.00368109764531, -0.000850713695399], [-8.36306644487e-05, 0.00142541353125, -0.000370603927877, 0.00114064780064, 9.35153802857e-05, -0.000181967232493, -0.000248153490247, 0.00122434087098, -0.000356084521627, 0.000886732945219, -0.00368109764531, 0.00941407307982, -0.00121404672973], [8.51586446515e-05, -0.000225401599891, 0.000232251215493, -0.000777019013185, -0.000130897926283, 0.000779553141911, -0.000522104382981, -0.0010786075145, 0.000624674197752, 0.000632435025182, -0.000850713695399, -0.00121404672973, 0.00893951579928]]
    },
    "melbands": {
        "dmean": [0.017280202359, 0.00544936722144, 0.0014677781146, 0.000984527519904, 0.000202693947358, 0.000138784220326, 0.000138752511702, 0.000128379440866, 0.000107764921268, 7.73283099988e-05, 6.97834402672e-05, 4.92543986184e-05, 5.94192570134e-05, 5.07848635607e-05, 2.37230105995e-05, 2.48659434874e-05, 3.18275524478e-05, 6.91188906785e-05, 7.13436311344e-05, 3.59876503353e-05, 9.63899219641e-06, 6.871171081e-06, 6.26175506113e-06, 6.40699954602e-06, 7.84289113653e-06, 4.63733567813e-06, 3.34652168021e-06, 2.47374418905e-06, 1.94905965145e-06, 1.50256869347e-06, 1.84373959655e-06, 2.09261133932e-06, 1.84511316093e-06, 9.91979504761e-07, 8.11063671335e-07, 8.88515955921e-07, 7.76182957907e-07, 6.39924110146e-07, 7.84929056863e-07, 8.60503121203e-07],
        "dmean2": [0.0255391020328, 0.00907902047038, 0.00257047545165, 0.00172307807952, 0.000346491287928, 0.000229661469348, 0.000231372905546, 0.000207656514249, 0.000162748008734, 0.000124788843095, 0.000119164520584, 8.50041760714e-05, 0.000102626931039, 9.23946499825e-05, 4.073600212e-05, 4.07930056099e-05, 5.80557098147e-05, 0.000125971040688, 0.000127430495922, 6.56795091345e-05, 1.65033543453e-05, 1.16075361802e-05, 1.07379955807e-05, 1.01744890344e-05, 1.36517555802e-05, 7.90725880506e-06, 5.72373073737e-06, 4.13278939959e-06, 3.35579147759e-06, 2.5672125048e-06, 3.22027017319e-06, 3.61114985026e-06, 3.17186322718e-06, 1.60847650932e-06, 1.27917337522e-06, 1.32805007524e-06, 1.09499285372e-06, 9.87230350802e-07, 1.21316156765e-06, 1.35490722641e-06],
        "dvar": [0.00100020773243, 0.000126527404063, 1.40530637509e-05, 5.51050425202e-06, 2.52885939744e-07, 1.11219051746e-07, 7.57182760935e-08, 1.22684426174e-07, 1.07170812669e-07, 6.42924362637e-08, 3.34531975454e-08, 1.85251938234e-08, 2.18427889109e-08, 1.99403853429e-08, 3.7005944975e-09, 5.94534865783e-09, 8.47740189158e-09, 8.39770564198e-08, 1.59254611276e-07, 2.65149893153e-08, 7.58816010027e-10, 2.39763153775e-10, 1.98196348222e-10, 1.88703344617e-10, 4.17316042833e-10, 1.93503824075e-10, 1.35673569601e-10, 1.20338766729e-10, 4.9750658454e-11, 1.53486806598e-11, 3.62481468452e-11, 5.1986099453e-11, 3.87882989616e-11, 9.07682349421e-12, 4.9722309603e-12, 6.58995124095e-12, 6.26399713349e-12, 8.47230792467e-12, 1.37614581189e-11, 1.70808905214e-11],
        "dvar2": [0.00221882830374, 0.000342946266755, 3.95012139052e-05, 1.52670363605e-05, 6.76224715335e-07, 2.72826071068e-07, 2.05360279892e-07, 3.02312798794e-07, 2.03479103789e-07, 1.19971403478e-07, 8.98230680946e-08, 5.15541955792e-08, 5.69962281816e-08, 5.56437065313e-08, 9.53298240347e-09, 1.3390270226e-08, 2.35607782173e-08, 2.38514843431e-07, 4.50100031912e-07, 7.5432026847e-08, 1.9786698946e-09, 6.05568983847e-10, 5.29937038696e-10, 4.58730053943e-10, 1.07322106757e-09, 4.26571805656e-10, 3.46027428932e-10, 2.90964807803e-10, 1.28500293739e-10, 3.98959233705e-11, 9.95575150098e-11, 1.39137312782e-10, 1.03572449228e-10, 2.1185990462e-11, 1.00531284686e-11, 1.34489260006e-11, 1.16231312769e-11, 1.79201792294e-11, 2.79498871963e-11, 3.21650275859e-11],
        "max": [0.294419229031, 0.119252853096, 0.048683449626, 0.0236166864634, 0.00738398823887, 0.0100038908422, 0.00323931570165, 0.00570837035775, 0.00593359768391, 0.00517991324887, 0.00237338338047, 0.00185323960613, 0.00229621608742, 0.00132580287755, 0.00111811957322, 0.00144713977352, 0.00118440017104, 0.00312978797592, 0.0101018641144, 0.0032619338017, 0.000347257853718, 0.000126374754473, 0.000194553504116, 0.000154644527356, 0.000448882055935, 0.000538553344086, 0.000300567306112, 0.000326801615302, 0.000123436038848, 5.40023065696e-05, 7.63499265304e-05, 7.58612659411e-05, 6.96473071002e-05, 5.40861510672e-05, 4.51458654425e-05, 5.48803545826e-05, 5.58064057259e-05, 7.84404983278e-05, 0.000102105717815, 0.000129099003971],
        "mean": [0.041332129389, 0.00795398652554, 0.00158267642837, 0.00107105646748, 0.000251749996096, 0.000199512986001, 0.000181130497367, 0.000172858097358, 0.000140301373904, 0.000101127167, 8.07778560556e-05, 5.52134079044e-05, 5.87655449635e-05, 4.21495496994e-05, 2.36153355218e-05, 2.88003757305e-05, 2.60094802798e-05, 4.90322381665e-05, 5.11121761519e-05, 2.68017447524e-05, 1.01849873317e-05, 7.96763561084e-06, 6.76204263073e-06, 7.33939350539e-06, 7.89952537161e-06, 5.49153037355e-06, 3.58189367944e-06, 2.71880935543e-06, 2.06979075301e-06, 1.46487002439e-06, 1.67561574926e-06, 1.91112371795e-06, 1.66712845839e-06, 1.16190904009e-06, 9.84874986898e-07, 1.18814989492e-06, 1.11032215955e-06, 7.51539062094e-07, 8.98336736554e-07, 1.05521428395e-06],
        "median": [0.0133049041033, 0.00269940402359, 0.000470953556942, 0.000416281021899, 4.73194013466e-05, 5.49865253561e-05, 6.77174321027e-05, 3.50600130332e-05, 3.37937672157e-05, 1.44717887451e-05, 1.59880692081e-05, 1.14631729957e-05, 1.00329989436e-05, 6.22418519924e-06, 4.04504771723e-06, 3.25481323671e-06, 3.24260599882e-06, 2.46494687417e-06, 1.66978509242e-06, 2.20610013457e-06, 1.5719010662e-06, 1.28967042201e-06, 1.13985925054e-06, 1.26924010146e-06, 1.46157151448e-06, 1.07683467832e-06, 6.09191204148e-07, 5.16834688824e-07, 3.85453944318e-07, 2.49465244906e-07, 2.52452309724e-07, 2.3411547545e-07, 2.15720788788e-07, 2.06232584787e-07, 1.87303967891e-07, 2.4326897119e-07, 2.2777581421e-07, 1.22458899909e-07, 1.18617926148e-07, 1.13190786521e-07],
        "min": [2.69353006214e-24, 5.34502567094e-24, 4.55090030247e-24, 2.12007773437e-25, 1.84978849817e-24, 3.05611439722e-24, 2.74915244735e-24, 8.18843220532e-24, 9.16248057462e-24, 9.08440622197e-24, 1.05344327511e-23, 7.65392135519e-24, 7.17265388299e-24, 4.86453641002e-24, 8.01947239892e-24, 1.10104148552e-23, 5.30559643074e-24, 7.31878957682e-24, 1.0171237246e-23, 7.25919034657e-24, 4.99011557196e-24, 4.37607294865e-24, 8.42594086894e-24, 6.88523398989e-24, 6.14249659851e-24, 7.64987765418e-24, 1.00979788892e-23, 1.12427036262e-23, 1.07325425457e-23, 7.39658703929e-24, 7.22592013789e-24, 4.63655521399e-24, 5.27474644732e-24, 7.52123731751e-24, 8.85400519511e-24, 1.04726783529e-23, 8.3665593643e-24, 7.73196020909e-24, 6.82045509894e-24, 7.0611894148e-24],
        "var": [0.0028484123759, 0.000173232125235, 1.12150019049e-05, 4.57584428659e-06, 2.90948179327e-07, 1.91922680415e-07, 9.08652424414e-08, 1.84822994242e-07, 1.79095081876e-07, 1.06478161399e-07, 3.34984449069e-08, 1.73561538475e-08, 2.08596730999e-08, 1.35515199062e-08, 3.44935702223e-09, 8.10376921123e-09, 5.60718316223e-09, 5.03158297249e-08, 9.84698331763e-08, 1.59443089842e-08, 7.10767722456e-10, 2.88378515512e-10, 1.95380087109e-10, 2.26003743498e-10, 5.25313237354e-10, 4.55344068007e-10, 1.98274174856e-10, 1.6732466801e-10, 5.64629870636e-11, 1.46876295848e-11, 2.83586765182e-11, 4.24566944102e-11, 3.33303419586e-11, 1.39904719754e-11, 8.93038334254e-12, 1.1409282373e-11, 1.17968109239e-11, 1.23824648451e-11, 2.03676589483e-11, 3.40725017645e-11]
    },
    "mfcc": {
        "mean": [-702.301757812, 133.645690918, 24.261554718, 21.8890399933, 15.9140901566, 13.4040393829, 13.4665060043, 16.1834907532, 5.4292974472, 10.7575492859, 6.18877267838, 3.97132301331, 3.48239421844],
        "cov": [[7440.58447266, -192.138412476, -495.002746582, 822.858947754, 281.116882324, -342.988647461, -434.618164062, -316.982116699, -30.7360630035, -71.5708007812, -123.477287292, -267.847412109, -193.696746826], [-192.138412476, 1675.19152832, 175.061599731, 62.8003883362, 53.3999443054, -124.254966736, 67.3718109131, -7.88192081451, -104.439002991, -46.1552009583, -30.1959857941, 42.2041091919, 15.3947124481], [-495.002746582, 175.061599731, 1243.86657715, 269.174713135, 280.586029053, 216.046905518, 177.476791382, 239.219741821, 113.364639282, 58.0400238037, 110.242950439, 53.4827079773, 77.1963882446], [822.858947754, 62.8003883362, 269.174713135, 608.764343262, 242.632110596, 23.1751651764, 45.2838935852, 38.9081611633, 64.2970809937, -10.7553930283, 33.0065689087, -21.7315006256, 1.96965062618], [281.116882324, 53.3999443054, 280.586029053, 242.632110596, 518.746032715, 144.154693604, 98.7789230347, 87.5741195679, 123.918479919, 80.7952880859, 82.2118377686, 5.92948865891, 30.584897995], [-342.988647461, -124.254966736, 216.046905518, 23.1751651764, 144.154693604, 524.874938965, 148.675079346, 170.326568604, 91.6511077881, 108.154808044, 80.3676986694, 56.1191635132, 23.7448596954], [-434.618164062, 67.3718109131, 177.476791382, 45.2838935852, 98.7789230347, 148.675079346, 365.278167725, 138.741836548, 102.521430969, 49.1250076294, 46.4411277771, 29.3280124664, 66.5721206665], [-316.982116699, -7.88192081451, 239.219741821, 38.9081611633, 87.5741195679, 170.326568604, 138.741836548, 335.966125488, 134.379684448, 90.4608612061, 54.1261901855, 45.1801834106, 37.1154899597], [-30.7360630035, -104.439002991, 113.364639282, 64.2970809937, 123.918479919, 91.6511077881, 102.521430969, 134.379684448, 252.719207764, 119.837524414, 59.7048301697, 14.5835485458, 27.0538101196], [-71.5708007812, -46.1552009583, 58.0400238037, -10.7553930283, 80.7952880859, 108.154808044, 49.1250076294, 90.4608612061, 119.837524414, 220.618377686, 87.2964782715, 32.7300834656, 18.3114318848], [-123.477287292, -30.1959857941, 110.242950439, 33.0065689087, 82.2118377686, 80.3676986694, 46.4411277771, 54.1261901855, 59.7048301697, 87.2964782715, 162.448150635, 73.2855834961, 24.745508194], [-267.847412109, 42.2041091919, 53.4827079773, -21.7315006256, 5.92948865891, 56.1191635132, 29.3280124664, 45.1801834106, 14.5835485458, 32.7300834656, 73.2855834961, 146.593475342, 53.9109611511], [-193.696746826, 15.3947124481, 77.1963882446, 1.96965062618, 30.584897995, 23.7448596954, 66.5721206665, 37.1154899597, 27.0538101196, 18.3114318848, 24.745508194, 53.9109611511, 133.879745483]],
