{
"lowlevel": {
    "average_loudness": 0.973337888718,
    "barkbands_crest": {
        "dmean": 2.7343070507,
        "dmean2": 4.31023263931,
        "dvar": 7.02277469635,
        "dvar2": 14.6041669846,
        "max": 23.4952049255,
        "mean": 11.0064706802,
        "median": 9.83478546143,
        "min": 2.25812458992,
        "var": 28.2355651855
    },
    "barkbands_flatness_db": {
        "dmean": 0.025575298816,
        "dmean2": 0.0368411839008,
        "dvar": 0.000723805977032,
        "dvar2": 0.00131743797101,
        "max": 0.431651473045,
        "mean": 0.137168854475,
        "median": 0.127233833075,
        "min": 0.0217013265938,
        "var": 0.00479731103405
    },
    "barkbands_kurtosis": {
        "dmean": 4.91549301147,
        "dmean2": 7.39474964142,
        "dvar": 115.539161682,
        "dvar2": 222.837158203,
        "max": 248.113220215,
        "mean": 7.53661298752,
        "median": 1.36187410355,
        "min": -1.83265650272,
        "var": 305.151367188
    },
    "barkbands_skewness": {
        "dmean": 0.707294762135,
        "dmean2": 1.04276406765,
        "dvar": 0.662940680981,
        "dvar2": 1.2347741127,
        "max": 11.5967187881,
        "mean": 1.697224617,
        "median": 1.3208373785,
        "min": -2.55482339859,
        "var": 3.4642264843
    },
    "barkbands_spread": {
        "dmean": 7.28933382034,
        "dmean2": 10.7353439331,
        "dvar": 68.0462722778,
        "dvar2": 131.228912354,
        "max": 112.234985352,
        "mean": 26.8488521576,
        "median": 22.1381664276,
        "min": 0.389529168606,
        "var": 361.828857422
    },
    "dissonance": {
        "dmean": 0.0195684842765,
        "dmean2": 0.0323876328766,
        "dvar": 0.000354129442712,
        "dvar2": 0.000979425152764,
        "max": 0.5,
        "mean": 0.464756727219,
        "median": 0.47092717886,
        "min": 0.320537358522,
        "var": 0.000683939666487
    },
    "dynamic_complexity": 3.47495031357,
    "erbbands_crest": {
        "dmean": 2.76613545418,
        "dmean2": 4.46040010452,
        "dvar": 6.4232378006,
        "dvar2": 16.4009971619,
        "max": 25.3983860016,
        "mean": 8.62727165222,
        "median": 7.59957456589,
        "min": 2.24517393112,
        "var": 15.572259903
    },
    "erbbands_flatness_db": {
        "dmean": 0.0174134001136,
        "dmean2": 0.024898475036,
        "dvar": 0.000318462698488,
        "dvar2": 0.000538193096872,
        "max": 0.35153105855,
        "mean": 0.141379952431,
        "median": 0.139162570238,
        "min": 0.0389930158854,
        "var": 0.00232244189829
    },
    "erbbands_kurtosis": {
        "dmean": 0.947800219059,
        "dmean2": 1.50700128078,
        "dvar": 1.44610083103,
        "dvar2": 3.55074524879,
        "max": 18.4867401123,
        "mean": 0.506838738918,
        "median": 0.0724904537201,
        "min": -1.78553986549,
        "var": 3.2902264595
    },
    "erbbands_skewness": {
        "dmean": 0.390662968159,
        "dmean2": 0.597789168358,
        "dvar": 0.134178444743,
        "dvar2": 0.309615820646,
        "max": 2.90561771393,
        "mean": 0.197616919875,
        "median": 0.24314558506,
        "min": -3.71750974655,
        "var": 0.597190797329
    },
    "erbbands_spread": {
        "dmean": 8.98744678497,
        "dmean2": 13.8313102722,
        "dvar": 87.989440918,
        "dvar2": 191.926834106,
        "max": 145.492828369,
        "mean": 40.2786827087,
        "median": 36.3121452332,
        "min": 6.34433507919,
        "var": 359.148345947
    },
    "hfc": {
        "dmean": 8.2963924408,
        "dmean2": 11.8515577316,
        "dvar": 308.327331543,
        "dvar2": 682.504760742,
        "max": 146.932479858,
        "mean": 21.8321838379,
        "median": 11.7230958939,
        "min": 1.18029528102e-16,
        "var": 767.448303223
    },
    "melbands_crest": {
        "dmean": 3.96539521217,
        "dmean2": 5.97622728348,
        "dvar": 14.0525903702,
        "dvar2": 27.6080646515,
        "max": 36.6716575623,
        "mean": 17.7766952515,
        "median": 15.9054174423,
        "min": 2.37655687332,
        "var": 71.9248275757
    },
    "melbands_flatness_db": {
        "dmean": 0.032296359539,
        "dmean2": 0.0462532639503,
        "dvar": 0.00121909356676,
        "dvar2": 0.00216237548739,
        "max": 0.567920982838,
        "mean": 0.205666542053,
        "median": 0.19749879837,
        "min": 0.0039429301396,
        "var": 0.00890278629959
    },
    "melbands_kurtosis": {
        "dmean": 11.4914398193,
        "dmean2": 17.5536804199,
        "dvar": 528.039794922,
        "dvar2": 1088.09033203,
        "max": 456.169006348,
        "mean": 19.8058204651,
        "median": 7.79926776886,
        "min": -1.7398673296,
        "var": 1259.88879395
    },
    "melbands_skewness": {
        "dmean": 0.9488697052,
        "dmean2": 1.42656815052,
        "dvar": 1.11220765114,
        "dvar2": 2.14849972725,
        "max": 17.0779056549,
        "mean": 3.00492405891,
        "median": 2.56696581841,
        "min": -1.63635015488,
        "var": 4.96798849106
    },
    "melbands_spread": {
        "dmean": 9.38986206055,
        "dmean2": 14.2194395065,
        "dvar": 172.650497437,
        "dvar2": 340.361419678,
        "max": 208.134460449,
        "mean": 31.1893157959,
        "median": 22.0347385406,
        "min": 0.298373490572,
        "var": 1061.17834473
    },
    "pitch_salience": {
        "dmean": 0.0817622169852,
        "dmean2": 0.124401792884,
        "dvar": 0.0059973327443,
        "dvar2": 0.0129583394155,
        "max": 0.825231730938,
        "mean": 0.484583824873,
        "median": 0.504588842392,
        "min": 0.0734879299998,
        "var": 0.02257710509
    },
    "silence_rate_20dB": {
        "dmean": 0,
        "dmean2": 0,
        "dvar": 0,
        "dvar2": 0,
        "max": 1,
        "mean": 1,
        "median": 1,
        "min": 1,
        "var": 0
    },
    "silence_rate_30dB": {
        "dmean": 0.00696594407782,
        "dmean2": 0.013937282376,
        "dvar": 0.00691741378978,
        "dvar2": 0.0207119267434,
        "max": 1,
        "mean": 0.996518373489,
        "median": 1,
        "min": 0,
        "var": 0.00346943363547
    },
    "silence_rate_60dB": {
        "dmean": 0.0390866883099,
        "dmean2": 0.0782036408782,
        "dvar": 0.0375573821366,
        "dvar2": 0.0898988321424,
        "max": 1,
        "mean": 0.103675045073,
        "median": 0,
        "min": 0,
        "var": 0.0929218828678
    },
    "spectral_centroid": {
        "dmean": 315.184875488,
        "dmean2": 455.504638672,
        "dvar": 159043.53125,
        "dvar2": 276320.4375,
        "max": 10993.1669922,
        "mean": 1669.24560547,
        "median": 1449.78771973,
        "min": 143.767456055,
        "var": 846846.8125
    },
    "spectral_complexity": {
        "dmean": 4.37809610367,
        "dmean2": 6.25164556503,
        "dvar": 41.9651832581,
        "dvar2": 64.8044815063,
        "max": 58,
        "mean": 16.3067703247,
        "median": 13,
        "min": 0,
        "var": 130.363967896
    },
    "spectral_decrease": {
        "dmean": 2.85813595013e-09,
        "dmean2": 4.18095202903e-09,
        "dvar": 1.75200724944e-17,
        "dvar2": 3.57423783155e-17,
        "max": -8.48131640001e-29,
        "mean": -6.42022746078e-09,
        "median": -3.67940455881e-09,
        "min": -3.08229104462e-08,
        "var": 4.35029735875e-17
    },
    "spectral_energy": {
        "dmean": 0.0113200843334,
        "dmean2": 0.0165201388299,
        "dvar": 0.0002751252905,
        "dvar2": 0.000562360277399,
        "max": 0.11815842241,
        "mean": 0.026211662218,
        "median": 0.015843546018,
        "min": 1.10257367618e-20,
        "var": 0.000666175677907
    },
    "spectral_energyband_high": {
        "dmean": 0.000742854550481,
        "dmean2": 0.00111526134424,
        "dvar": 3.28938199345e-06,
        "dvar2": 7.59022623242e-06,
        "max": 0.0146337468177,
        "mean": 0.00155626679771,
        "median": 0.000384608487366,
        "min": 7.98054807703e-21,
        "var": 6.81386200085e-06
    },
    "spectral_energyband_low": {
        "dmean": 0.00840105395764,
        "dmean2": 0.012580270879,
        "dvar": 0.000177293011802,
        "dvar2": 0.000389115419239,
        "max": 0.107592016459,
        "mean": 0.0151626951993,
        "median": 0.0058141713962,
        "min": 1.1520099306e-22,
        "var": 0.000398464879254
    },
    "spectral_energyband_middle_high": {
        "dmean": 0.00149588752538,
        "dmean2": 0.0021421269048,
        "dvar": 5.89433966525e-06,
        "dvar2": 1.28413739731e-05,
        "max": 0.0523365177214,
        "mean": 0.00358020374551,
        "median": 0.00190206756815,
        "min": 1.81566851275e-21,
        "var": 1.95159645955e-05
    },
    "spectral_energyband_middle_low": {
        "dmean": 0.00409979559481,
        "dmean2": 0.00646956870332,
        "dvar": 6.12090007053e-05,
        "dvar2": 0.000156185196829,
        "max": 0.0642497688532,
        "mean": 0.00647878460586,
        "median": 0.00331329042092,
        "min": 2.87354335599e-22,
        "var": 7.44804201531e-05
    },
    "spectral_entropy": {
        "dmean": 0.157945200801,
        "dmean2": 0.232371330261,
        "dvar": 0.0310801398009,
        "dvar2": 0.0546308197081,
        "max": 9.80503463745,
        "mean": 7.69129133224,
        "median": 7.67658805847,
        "min": 5.50172948837,
        "var": 0.185805782676
    },
    "spectral_flux": {
        "dmean": 0.0290955528617,
        "dmean2": 0.0437855310738,
        "dvar": 0.00155519705731,
        "dvar2": 0.00299917650409,
        "max": 0.326127558947,
        "mean": 0.0855927318335,
        "median": 0.0686708539724,
        "min": 1.0500350589e-10,
        "var": 0.00354935857467
    },
    "spectral_kurtosis": {
        "dmean": 1.22699904442,
        "dmean2": 2.00680327415,
        "dvar": 3.80050206184,
        "dvar2": 9.05330276489,
        "max": 59.6084403992,
        "mean": 3.77645897865,
        "median": 3.16418743134,
        "min": -1.38425779343,
        "var": 10.3775510788
    },
    "spectral_rms": {
        "dmean": 0.00101234519389,
        "dmean2": 0.00143434095662,
        "dvar": 1.68202393525e-06,
        "dvar2": 3.0413289096e-06,
        "max": 0.0107366899028,
        "mean": 0.00444538146257,
        "median": 0.00393155403435,
        "min": 3.27975862614e-12,
        "var": 5.81096446695e-06
    },
    "spectral_rolloff": {
        "dmean": 697.887329102,
        "dmean2": 1097.9921875,
        "dvar": 1596453.5,
        "dvar2": 2821712,
        "max": 18367.8222656,
        "mean": 2352.60009766,
        "median": 1055.12695312,
        "min": 64.599609375,
        "var": 10906952
    },
    "spectral_skewness": {
        "dmean": 0.195562914014,
        "dmean2": 0.297882884741,
        "dvar": 0.0509178936481,
        "dvar2": 0.11073243618,
        "max": 6.0160946846,
        "mean": 1.42859780788,
        "median": 1.36617541313,
        "min": -0.0165038593113,
        "var": 0.196082398295
    },
    "spectral_spread": {
        "dmean": 540453.375,
        "dmean2": 748189.8125,
        "dvar": 882355535872,
        "dvar2": 1.18708410778e+12,
        "max": 40345880,
        "mean": 5171586,
        "median": 4576235.5,
        "min": 1432584.375,
        "var": 4.16622759117e+12
    },
    "spectral_strongpeak": {
        "dmean": 0.400060355663,
        "dmean2": 0.697743952274,
        "dvar": 0.509493172169,
        "dvar2": 1.39127135277,
        "max": 7.8350610733,
        "mean": 0.553543567657,
        "median": 0.335433810949,
        "min": 0,
        "var": 0.574631035328
    },
    "zerocrossingrate": {
        "dmean": 0.0138595160097,
        "dmean2": 0.0137858642265,
        "dvar": 0.000361153593985,
        "dvar2": 0.00031319304253,
        "max": 0.47900390625,
        "mean": 0.0778990909457,
        "median": 0.05029296875,
        "min": 0.001953125,
        "var": 0.00668375613168
    },
    "barkbands": {
        "dmean": [0.000691801891662, 0.00628408417106, 0.00331247854047, 0.00131613004487, 0.00138854491524, 0.00123724830337, 0.00042854322237, 0.000384043465601, 0.000662545498926, 0.00040057048318, 0.000369251385564, 0.000237769432715, 0.000163046861417, 0.000265767041128, 0.000196347085875, 0.000174875749508, 0.000172192259924, 0.000155514193466, 0.000233426573686, 0.000228071847232, 0.000241658330197, 0.0001246259053, 0.000104408201878, 0.000123296966194, 8.24972375995e-05, 4.97185392305e-05, 2.66082952294e-05],
        "dmean2": [0.000926135922782, 0.00928793568164, 0.00593191571534, 0.00220448011532, 0.00224373862147, 0.00221450044774, 0.000686853716616, 0.000612499949057, 0.00106200319715, 0.000621438783128, 0.000591898220591, 0.000393927155528, 0.000265600741841, 0.000415662303567, 0.000301561929518, 0.000259985681623, 0.000263856985839, 0.000228258839343, 0.000356093223672, 0.000357824552339, 0.000379365432309, 0.000187947458471, 0.000154180190293, 0.000195948479814, 0.000122472149087, 7.12500404916e-05, 3.38455211022e-05],
        "dvar": [1.13383987355e-06, 0.000110476299596, 8.66031987243e-05, 1.43625929923e-05, 5.77296850679e-06, 1.31213000714e-05, 8.03037039532e-07, 6.71542181863e-07, 1.89115883131e-06, 8.07396929758e-07, 8.84131850398e-07, 2.91859009849e-07, 1.375610168e-07, 8.83705922661e-07, 2.30687703606e-07, 1.87284442177e-07, 1.55440289973e-07, 9.37270243639e-08, 2.09824719377e-07, 3.03073733221e-07, 2.72098702681e-07, 1.09930120118e-07, 7.67930146139e-08, 8.94271394714e-08, 4.21762322844e-08, 1.77517982536e-08, 5.7960698463e-09],
        "dvar2": [1.94066842596e-06, 0.000242383990553, 0.000246007752139, 3.79263146897e-05, 1.46137099364e-05, 3.72491776943e-05, 2.05042442758e-06, 1.66619338415e-06, 4.63605283585e-06, 1.88890169284e-06, 2.34828416978e-06, 7.63412458582e-07, 3.13485998049e-07, 2.35860102293e-06, 5.09673270699e-07, 4.12939016314e-07, 3.20518438457e-07, 1.96321735757e-07, 4.63834709308e-07, 7.37694335839e-07, 6.55680423733e-07, 2.40737790591e-07, 1.63315803547e-07, 2.16710731138e-07, 8.52061035062e-08, 3.77029572007e-08, 8.48665848707e-09],
        "max": [0.0106612527743, 0.0927216857672, 0.0801799148321, 0.0383709296584, 0.0240839067847, 0.0328496918082, 0.0124629652128, 0.0118689574301, 0.0228455383331, 0.0190513301641, 0.0233476310968, 0.00858843512833, 0.00701554631814, 0.0342935882509, 0.0105651570484, 0.0071772467345, 0.00968970730901, 0.00500393752009, 0.00559644633904, 0.00508760800585, 0.00545447412878, 0.00293630920351, 0.00301370187663, 0.00246708234772, 0.00504281558096, 0.00221723550931, 0.00139475835022],
        "mean": [0.00122043932788, 0.0106729529798, 0.00284354295582, 0.00110463087913, 0.00205027824268, 0.00113197811879, 0.000518179032952, 0.000493725703564, 0.000943786464632, 0.000601645733695, 0.00049901305465, 0.000344307802152, 0.000244114344241, 0.000398926727939, 0.000265332579147, 0.000253844656982, 0.00025180724333, 0.000277734710835, 0.000403720827308, 0.000331311690388, 0.000396604824346, 0.00019264673756, 0.000169110557181, 0.000209400459426, 0.00017725181533, 0.00013954435417, 7.58465830586e-05],
        "median": [0.000212379003642, 0.00331028061919, 0.000563264591619, 0.000113796173537, 0.000769257661887, 0.000295284204185, 0.000183219322935, 0.00020244641928, 0.000433138862718, 0.000154037508764, 0.000156247057021, 0.000130833082949, 8.56336118886e-05, 0.000136590853799, 7.43512136978e-05, 5.13178383699e-05, 5.88678594795e-05, 7.48521706555e-05, 0.000106787432742, 9.3580551038e-05, 9.21666360227e-05, 2.93718785542e-05, 1.38017076097e-05, 3.49183974322e-05, 2.20866331802e-05, 3.58157399205e-06, 1.88155823366e-07],
        "min": [1.29501670232e-23, 9.08799001706e-23, 8.08996343169e-24, 1.77359565766e-23, 4.04354796115e-23, 4.85543382293e-23, 5.56338158064e-23, 3.05325615694e-23, 8.47432628365e-23, 8.33212811014e-23, 1.14839492817e-22, 1.29327144223e-22, 1.65905437951e-22, 1.10157218381e-22, 1.18024105359e-22, 2.23374686959e-22, 2.33689251555e-22, 2.30496220289e-22, 2.64046537697e-22, 3.47704239576e-22, 5.5191566499e-22, 5.30131491973e-22, 5.78135533457e-22, 7.94244495935e-22, 1.32069320655e-21, 1.75171650579e-21, 2.55796032078e-21],
        "var": [3.95844699597e-06, 0.000235954357777, 5.74876030441e-05, 1.09135899038e-05, 8.79480830918e-06, 8.83876964508e-06, 8.9279507165e-07, 8.8105548457e-07, 2.60608658209e-06, 1.83140889476e-06, 1.27365888147e-06, 4.19991721401e-07, 2.94170661164e-07, 1.20800791592e-06, 4.24817216071e-07, 3.84111103813e-07, 3.77166344379e-07, 2.78490688288e-07, 4.5435851348e-07, 3.86995196777e-07, 4.14850603647e-07, 1.49928041537e-07, 1.33928708124e-07, 1.54647310069e-07, 1.49128155158e-07, 1.28694836121e-07, 4.73056580574e-08]
    },
    "erbbands": {
        "dmean": [0.244340389967, 1.30828762054, 3.44177508354, 3.91263771057, 4.10403776169, 4.89267349243, 6.29784011841, 12.0349988937, 8.27264881134, 6.81758785248, 8.72816753387, 15.7827711105, 13.4882717133, 11.7464208603, 12.0905427933, 8.33945846558, 7.30418634415, 9.26447582245, 9.80924606323, 10.4177684784, 10.4226198196, 9.55697441101, 8.14767932892, 12.1479082108, 10.4153337479, 10.9697790146, 10.7628068924, 7.60467338562, 4.49902057648, 3.92498683929, 2.95352911949, 2.37685155869, 2.20986032486, 1.03255259991, 0.542119801044, 0.224684387445, 0.102699741721, 0.0258405432105, 0.0056746234186, 0.000188713951502],
        "dmean2": [0.335182756186, 1.95495545864, 5.85586929321, 6.71836805344, 6.33510971069, 7.98461484909, 10.6809749603, 21.1677894592, 13.9615087509, 10.6656675339, 13.8485937119, 25.3129863739, 21.1566848755, 18.3765468597, 19.278837204, 13.6566858292, 11.8272314072, 14.5452461243, 14.9593219757, 16.2169189453, 15.7342748642, 14.4797039032, 11.8538694382, 18.0203971863, 16.1373806, 16.9194355011, 16.8024291992, 11.8043003082, 6.78385782242, 5.91181230545, 4.43295669556, 3.76490736008, 3.49196720123, 1.52946925163, 0.829524636269, 0.330927759409, 0.153162121773, 0.0355170220137, 0.00726849818602, 0.00025839250884],
        "dvar": [0.159240469337, 5.95683670044, 73.788269043, 126.152648926, 111.48890686, 61.7943763733, 147.446914673, 1458.00891113, 504.626586914, 203.878967285, 229.362792969, 1150.61694336, 934.295349121, 559.983764648, 966.034851074, 338.694335938, 267.407897949, 732.455078125, 960.543029785, 706.944458008, 680.99005127, 437.462890625, 248.076690674, 548.380004883, 574.176391602, 734.278259277, 605.989257812, 255.553451538, 132.344650269, 115.70703125, 62.0728340149, 40.9859962463, 24.7799758911, 7.12463951111, 1.62350487709, 0.303218334913, 0.0967758446932, 0.00529098091647, 0.00025538270711, 2.85497606001e-07],
        "dvar2": [0.308353573084, 13.4194097519, 198.828948975, 343.356628418, 263.591674805, 162.110076904, 402.823425293, 4144.74365234, 1344.53479004, 510.887664795, 539.535400391, 2920.27929688, 2163.46020508, 1459.43652344, 2561.73120117, 875.95324707, 576.342712402, 1715.91833496, 2485.93725586, 1682.12878418, 1523.44714355, 910.353942871, 522.09942627, 1147.08227539, 1352.65319824, 1769.68994141, 1460.98718262, 626.270446777, 296.297821045, 241.235580444, 138.622451782, 98.8222503662, 59.9652366638, 14.1555662155, 3.5121819973, 0.640425205231, 0.226923674345, 0.00928162876517, 0.00037672574399, 5.13157090154e-07],
        "max": [3.48017525673, 23.7943305969, 74.6530609131, 90.775177002, 110.34627533, 106.732315063, 201.491699219, 336.567169189, 215.511901855, 196.659362793, 188.86177063, 600.04486084, 744.678894043, 510.944366455, 756.168029785, 339.614837646, 383.409606934, 897.248962402, 931.111816406, 493.147399902, 480.858551025, 390.502319336, 283.383026123, 398.599121094, 247.917419434, 225.142944336, 256.0128479, 142.893875122, 111.345741272, 85.8687286377, 93.1126327515, 57.610874176, 47.3068580627, 71.5657119751, 21.9276447296, 9.65169906616, 5.04106235504, 1.24952816963, 0.308964967728, 0.0100325299427],
        "mean": [0.465931564569, 1.75356554985, 3.37055492401, 3.43262553215, 4.36116743088, 6.98987913132, 8.70562076569, 10.6783304214, 8.39625549316, 9.05847549438, 12.8566913605, 22.439781189, 21.6775627136, 17.489151001, 17.5716972351, 13.2889881134, 11.9072523117, 15.5280857086, 15.8507194519, 15.099814415, 15.1400747299, 14.3989963531, 15.2788228989, 21.8788814545, 17.0412998199, 15.6738157272, 17.156993866, 12.8547449112, 7.08388900757, 6.0329003334, 4.70591259003, 3.88695454597, 3.80172371864, 2.05141234398, 1.2142033577, 0.603587687016, 0.261533617973, 0.076325841248, 0.0161721687764, 0.000486326112878],
        "median": [0.0750034302473, 0.738781988621, 0.820609688759, 0.520439147949, 0.768774747849, 2.93559980392, 3.00618195534, 2.40514969826, 2.30039668083, 4.02794122696, 6.33390855789, 10.4319162369, 7.51816558838, 6.11306476593, 6.6604385376, 5.26854658127, 4.5087018013, 6.42756223679, 5.69638872147, 3.83332633972, 2.90684223175, 3.57352185249, 4.08170700073, 5.59800720215, 4.83095169067, 4.39031362534, 4.72992610931, 2.76053118706, 1.18263208866, 0.641397893429, 0.411464184523, 0.537038445473, 0.694590210915, 0.310627311468, 0.114980280399, 0.0289762467146, 0.00460221106187, 0.000673074449878, 5.02260736539e-05, 3.34181459039e-05],
        "min": [3.22429529972e-21, 1.78059060217e-20, 1.66127916921e-20, 3.51414435429e-20, 1.07841985689e-19, 1.34251141999e-19, 1.63361049471e-19, 5.56378275314e-19, 6.52318043179e-19, 8.54167380038e-19, 1.09379477925e-18, 1.2019805942e-18, 2.08197761944e-18, 3.02835971455e-18, 6.83377910039e-18, 4.82557110234e-18, 8.78537444372e-18, 6.62151049313e-18, 4.24199145787e-18, 8.84717807037e-18, 1.20169474126e-17, 1.44746681029e-17, 1.2438507604e-17, 1.40026606474e-17, 1.39240917241e-17, 1.52592671119e-17, 2.33303198115e-17, 1.80172278949e-17, 2.12250194211e-17, 1.93852307724e-17, 1.5835405026e-17, 1.22804946003e-17, 1.4888797731e-17, 1.20793251026e-17, 1.14887032559e-17, 5.90895353883e-18, 3.56333815533e-18, 1.21284033827e-18, 3.79397141295e-19, 3.73475697795e-20],
        "var": [0.519670724869, 8.21828365326, 58.3265533447, 91.7579269409, 111.340797424, 99.3336181641, 198.290725708, 966.685302734, 406.801849365, 242.233001709, 367.152832031, 1528.50183105, 2038.00537109, 967.014343262, 1463.96520996, 580.79486084, 677.96685791, 1243.2869873, 1752.14831543, 1169.28417969, 1361.84057617, 947.390441895, 780.743103027, 1447.08166504, 884.210144043, 916.627929688, 815.165466309, 456.946533203, 186.112350464, 171.115707397, 104.376403809, 64.9710769653, 47.0082321167, 19.5483512878, 6.9992890358, 2.05928897858, 0.51358628273, 0.0443257540464, 0.00218252209015, 1.77545746283e-06]
    },
    "gfcc": {
        "mean": [-21.0473995209, 78.8984832764, -106.504234314, 34.5608062744, -54.2986755371, 16.737033844, -22.3031673431, 16.3839130402, -21.4564971924, 6.75879096985, -10.5390987396, -0.722541987896, -3.3983604908],
        "cov": [[10387.2636719, -2070.71337891, 626.277038574, 176.350036621, 1.6593824625, 146.826889038, -478.436920166, 194.343048096, -348.33392334, 195.414642334, -63.8358573914, 14.0767498016, 84.2850112915], [-2070.71337891, 2805.18994141, -387.068847656, 177.306350708, 215.552459717, 169.765853882, 250.149749756, -23.8136844635, 77.2392730713, -156.652191162, 61.8568000793, -170.384597778, 95.1412506104], [626.277038574, -387.068847656, 1181.47338867, -0.993878364563, 95.8184661865, 34.0776481628, -7.19283342361, -68.4373703003, -9.06830215454, -29.0550537109, 47.685585022, 174.865386963, -94.4791870117], [176.350036621, 177.306350708, -0.993878364563, 399.771270752, 14.1488361359, 2.14576673508, 3.02823066711, 59.9147987366, -10.4519309998, -20.0392971039, 53.1747817993, 27.7710971832, 56.853931427], [1.6593824625, 215.552459717, 95.8184661865, 14.1488361359, 192.1381073, 54.7555160522, 28.5188846588, 8.70488834381, 27.4649524689, 5.99520540237, 14.2756185532, -16.7502002716, 28.4065284729], [146.826889038, 169.765853882, 34.0776481628, 2.14576673508, 54.7555160522, 241.090820312, 92.6363830566, 67.4046020508, -43.9603385925, 9.52449798584, 41.5406074524, -17.7617301941, 14.5337867737], [-478.436920166, 250.149749756, -7.19283342361, 3.02823066711, 28.5188846588, 92.6363830566, 270.484954834, -10.6161079407, 28.6262798309, -45.653213501, 33.6099472046, 27.4318275452, -21.0045204163], [194.343048096, -23.8136844635, -68.4373703003, 59.9147987366, 8.70488834381, 67.4046020508, -10.6161079407, 218.955108643, -5.52566957474, 32.8748168945, 36.3267707825, -17.3971424103, 64.7992324829], [-348.33392334, 77.2392730713, -9.06830215454, -10.4519309998, 27.4649524689, -43.9603385925, 28.6262798309, -5.52566957474, 139.63609314, 11.59395504, -13.1832752228, 42.8292694092, 19.0806808472], [195.414642334, -156.652191162, -29.0550537109, -20.0392971039, 5.99520540237, 9.52449798584, -45.653213501, 32.8748168945, 11.59395504, 116.350570679, 27.662273407, -7.31878042221, 34.3806037903], [-63.8358573914, 61.8568000793, 47.685585022, 53.1747817993, 14.2756185532, 41.5406074524, 33.6099472046, 36.3267707825, -13.1832752228, 27.662273407, 108.193840027, 21.3724784851, 21.9622993469], [14.0767498016, -170.384597778, 174.865386963, 27.7710971832, -16.7502002716, -17.7617301941, 27.4318275452, -17.3971424103, 42.8292694092, -7.31878042221, 21.3724784851, 171.225967407, 10.9873332977], [84.2850112915, 95.1412506104, -94.4791870117, 56.853931427, 28.4065284729, 14.5337867737, -21.0045204163, 64.7992324829, 19.0806808472, 34.3806037903, 21.9622993469, 10.9873332977, 131.690383911]],
        "icov": [[0.000143023440614, 9.39930978348e-05, -5.9228608734e-05, -0.000109472741315, -7.70024635131e-05, -0.000146012898767, 0.000132996457978, -2.18040258915e-05, 0.000278075458482, -0.000112580426503, 0.000230155710597, 1.97622721316e-05, -0.000140940683195], [9.39930978348e-05, 0.00068998336792, 0.000121196797409, -0.00025077254395, -0.00044168313616, -0.000500580936205, -6.18087506155e-05, 0.000428637489676, -0.00050865567755, 0.00108877278399, -0.000521114445291, 0.000833122583572, -0.000626832537819], [-5.9228608734e-05, 0.000121196797409, 0.00140174629632, 3.66396488971e-05, -0.00112530880142, -0.000290502473945, 0.000478280649986, 0.000202178824111, 7.91950442363e-05, 0.000534884340595, -0.000792664126493, -0.00148955499753, 0.00129714456853], [-0.000109472741315, -0.00025077254395, 3.66396488971e-05, 0.00319056003354, -4.34423782281e-05, 0.000664829625748, 8.71244628797e-05, -0.000698968069628, 0.000349158741301, 0.00111734459642, -0.00149717298336, -0.000614014163148, -0.000847470713779], [-7.70024635131e-05, -0.00044168313616, -0.00112530880142, -4.34423782281e-05, 0.00745065929368, -0.00133488944266, -0.000247497489909, 0.000523618073203, -0.0021824829746, -0.000344676722307, -3.78920813091e-05, 0.00206653936766, -0.0019370514201], [-0.000146012898767, -0.000500580936205, -0.000290502473945, 0.000664829625748, -0.00133488944266, 0.0072766803205, -0.00282518286258, -0.00222091167234, 0.0032007615082, -0.00174122606404, -0.000121020413644, -0.000313947879476, 0.00012393174984], [0.000132996457978, -6.18087506155e-05, 0.000478280649986, 8.71244628797e-05, -0.000247497489909, -0.00282518286258, 0.00611943937838, 0.000607836002018, -0.00193849159405, 0.00251955538988, -0.0020780719351, -0.0010464937659, 0.00136415590532], [-2.18040258915e-05, 0.000428637489676, 0.000202178824111, -0.000698968069628, 0.000523618073203, -0.00222091167234, 0.000607836002018, 0.00666255597025, -0.00126786739565, 0.00045849540038, -0.00166046153754, 0.00145147088915, -0.0026783393696], [0.000278075458482, -0.00050865567755, 7.91950442363e-05, 0.000349158741301, -0.0021824829746, 0.0032007615082, -0.00193849159405, -0.00126786739565, 0.0118747772649, -0.00377072999254, 0.00361874187365, -0.00391828501597, -0.000484911171952], [-0.000112580426503, 0.00108877278399, 0.000534884340595, 0.00111734459642, -0.000344676722307, -0.00174122606404, 0.00251955538988, 0.00045849540038, -0.00377072999254, 0.0142881069332, -0.00568378111348, 0.0022363725584, -0.00279297004454], [0.000230155710597, -0.000521114445291, -0.000792664126493, -0.00149717298336, -3.78920813091e-05, -0.000121020413644, -0.0020780719351, -0.00166046153754, 0.00361874187365, -0.00568378111348, 0.0144474636763, -0.00225992384367, -0.000447348662419], [1.97622721316e-05, 0.000833122583572, -0.00148955499753, -0.000614014163148, 0.00206653936766, -0.000313947879476, -0.0010464937659, 0.00145147088915, -0.00391828501597, 0.0022363725584, -0.00225992384367, 0.0103370463476, -0.00321205076762], [-0.000140940683195, -0.000626832537819, 0.00129714456853, -0.000847470713779, -0.0019370514201, 0.00012393174984, 0.00136415590532, -0.0026783393696, -0.000484911171952, -0.00279297004454, -0.000447348662419, -0.00321205076762, 0.0125147830695]]
    },
    "melbands": {
        "dmean": [0.0018544140039, 0.00159035914112, 0.000710876192898, 0.000286651367787, 0.000227101219934, 0.000259742664639, 0.000122892335639, 7.83056602813e-05, 7.85300871939e-05, 9.96785020106e-05, 6.86668718117e-05, 4.96006832691e-05, 4.34495705122e-05, 3.01596137433e-05, 2.0771052732e-05, 1.4983696019e-05, 2.06256354431e-05, 1.96788078028e-05, 1.58746752277e-05, 1.14989597932e-05, 1.28551591843e-05, 9.61913701758e-06, 9.31752947508e-06, 7.99889949121e-06, 1.08452913992e-05, 8.59068040882e-06, 7.60082548368e-06, 7.56161853133e-06, 7.19325225873e-06, 6.46091393719e-06, 3.75149306819e-06, 2.33671494243e-06, 2.85869077743e-06, 2.06387903745e-06, 1.9143424197e-06, 1.36242294957e-06, 1.59087608154e-06, 1.80108429504e-06, 1.02468220575e-06, 8.77337583916e-07],
        "dmean2": [0.0026995127555, 0.00250673177652, 0.00117794878315, 0.000469309394248, 0.000372488721041, 0.000458524707938, 0.000204072348424, 0.0001228111214, 0.000123983612866, 0.000160206618602, 0.000107459811261, 7.7795375546e-05, 6.9400150096e-05, 5.00587411807e-05, 3.37169331033e-05, 2.43647809839e-05, 3.24258107867e-05, 3.0771985621e-05, 2.4496603146e-05, 1.77600504685e-05, 1.95741758944e-05, 1.48795461428e-05, 1.41104046634e-05, 1.19117257782e-05, 1.61736152222e-05, 1.33512367029e-05, 1.21788207252e-05, 1.16868741316e-05, 1.13690221042e-05, 1.016382339e-05, 5.80238793191e-06, 3.48250364368e-06, 4.45402747573e-06, 3.14716044159e-06, 2.89332433567e-06, 2.09595577871e-06, 2.53373264059e-06, 2.88976048068e-06, 1.53685732585e-06, 1.33863341034e-06],
        "dvar": [9.31453723751e-06, 1.10315495476e-05, 3.75868376068e-06, 3.07697547441e-07, 1.83788060326e-07, 6.62638058202e-07, 1.0152449903e-07, 2.85277224066e-08, 1.95189429064e-08, 4.75238302045e-08, 2.43702285019e-08, 9.16085518554e-09, 1.23829773102e-08, 5.01324937119e-09, 2.66073940658e-09, 9.87909754002e-10, 4.48798731512e-09, 5.3242388276e-09, 1.61443669544e-09, 8.30985558142e-10, 1.04090946973e-09, 5.06147290746e-10, 4.1128489503e-10, 2.86251800041e-10, 4.59481230841e-10, 3.30594385201e-10, 3.48554629603e-10, 3.23717080919e-10, 2.7234492439e-10, 1.6171067263e-10, 6.241212408e-11, 3.19908891044e-11, 6.22297560704e-11, 3.00398872444e-11, 2.68673139292e-11, 1.05331524752e-11, 1.90730348182e-11, 1.65180352035e-11, 5.213048309e-12, 5.57579026353e-12],
        "dvar2": [1.89491329365e-05, 2.56804469245e-05, 9.84714461083e-06, 7.72914290792e-07, 4.8117726692e-07, 1.87905652638e-06, 2.67673925691e-07, 7.16350143648e-08, 4.55417037415e-08, 1.20337489307e-07, 5.64496467348e-08, 2.34871748717e-08, 3.23394999668e-08, 1.32012072385e-08, 6.66174893027e-09, 2.20256879402e-09, 1.06022044477e-08, 1.45290099951e-08, 3.52806828197e-09, 1.91809368388e-09, 2.32002195233e-09, 1.11191178487e-09, 8.70054639446e-10, 6.57886523037e-10, 9.70367564079e-10, 7.93119181441e-10, 8.45834735586e-10, 7.92098164837e-10, 6.64408750239e-10, 3.91153859303e-10, 1.47489367941e-10, 6.81665279778e-11, 1.42458433938e-10, 6.03973607238e-11, 6.14559306222e-11, 2.44211560696e-11, 4.72072554658e-11, 4.05985974006e-11, 1.14628914e-11, 1.08038248486e-11],
        "max": [0.023121420294, 0.0281262695789, 0.017192851752, 0.00518649024889, 0.00720079708844, 0.00727288704365, 0.00290257111192, 0.00241649732925, 0.00200194213539, 0.00424837786704, 0.00370739377104, 0.00188709050417, 0.00251468829811, 0.00140208425, 0.000958695134614, 0.000667007348966, 0.00229628547095, 0.0023600992281, 0.00115152588114, 0.000547025410924, 0.000560005253647, 0.000446267484222, 0.000348295026924, 0.000364126521163, 0.000409070344176, 0.000216914457269, 0.000175224486156, 0.000176792455022, 0.000155730129336, 0.000138583549415, 8.08241820778e-05, 5.37104060641e-05, 7.16096983524e-05, 4.27332197432e-05, 4.79821464978e-05, 5.45476614207e-05, 4.04602033086e-05, 3.35268414347e-05, 5.3219977417e-05, 6.33610834484e-05],
        "mean": [0.00343925901689, 0.00194172910415, 0.000653072085697, 0.000378395576263, 0.000342353421729, 0.00023099865939, 0.000128630010295, 0.000103515179944, 0.00011386674305, 0.000139906449476, 0.000106760067865, 7.0413472713e-05, 6.13520314801e-05, 4.24429053965e-05, 3.07494337903e-05, 2.27028122026e-05, 3.13042219204e-05, 2.88684022962e-05, 2.15276450035e-05, 1.68033802765e-05, 1.73991484189e-05, 1.32766044771e-05, 1.54757053679e-05, 1.37752113005e-05, 1.85129374586e-05, 1.38570840136e-05, 1.02798912849e-05, 1.04031423689e-05, 1.06371207949e-05, 1.04376758827e-05, 6.12011353951e-06, 3.73205057258e-06, 3.88320131606e-06, 3.14555222758e-06, 2.83865301753e-06, 2.31540798268e-06, 2.35604238696e-06, 2.92751815323e-06, 2.02467390409e-06, 1.60394358772e-06],
        "median": [0.000738886650652, 0.000723622215446, 9.48083761614e-05, 0.000139207375469, 0.000126103361254, 5.29567005287e-05, 3.77637225029e-05, 4.58732502011e-05, 5.23450398759e-05, 6.33759991615e-05, 3.12346601277e-05, 2.26465654123e-05, 2.23358183575e-05, 1.71815099748e-05, 9.03716227185e-06, 9.60181478149e-06, 1.0946861039e-05, 8.91977742867e-06, 5.26130315848e-06, 4.00329872718e-06, 3.03225010612e-06, 3.16336377182e-06, 3.53454970536e-06, 3.41175473295e-06, 4.23174378739e-06, 3.52373854184e-06, 2.76499190477e-06, 2.70255600299e-06, 2.82368887383e-06, 2.22446169573e-06, 1.1234089925e-06, 6.5278055672e-07, 4.40032891902e-07, 2.71762417015e-07, 2.00589880706e-07, 2.39420813841e-07, 3.21325615005e-07, 4.86544820433e-07, 3.77947458219e-07, 2.07303813227e-07],
        "min": [2.76335955615e-23, 1.36458800216e-23, 7.87931074872e-24, 9.37102147694e-24, 6.15862919845e-24, 1.13242726327e-23, 1.00450833989e-23, 8.18424572049e-24, 1.07219268445e-23, 8.48996008684e-24, 1.08604697521e-23, 1.21445262577e-23, 1.85765068038e-23, 1.79292196098e-23, 1.17100264042e-23, 1.85843244154e-23, 1.1832881235e-23, 6.30641795031e-24, 8.23951883754e-24, 1.64290696476e-23, 1.2147745599e-23, 1.20843424815e-23, 1.77304897706e-23, 9.13259379037e-24, 1.17556430749e-23, 9.0609344546e-24, 1.04172553522e-23, 1.04538261549e-23, 1.1232864953e-23, 1.88705783721e-23, 7.8208490559e-24, 1.22015995553e-23, 9.95732262323e-24, 1.12867899068e-23, 9.54316907026e-24, 6.95735717587e-24, 7.47410366728e-24, 1.00991953127e-23, 1.15761322539e-23, 9.23332975024e-24],
        "var": [2.53905545833e-05, 1.25384740386e-05, 2.98872214444e-06, 3.58640591003e-07, 2.96370842534e-07, 4.40188728135e-07, 8.57000443943e-08, 3.41828929606e-08, 3.19978710195e-08, 6.25839504664e-08, 5.35663779999e-08, 1.61407989197e-08, 1.83823889444e-08, 6.8358620986e-09, 5.66473090657e-09, 2.09807060614e-09, 6.65387789311e-09, 7.89610865581e-09, 2.99250668689e-09, 1.58594959387e-09, 1.98736826995e-09, 9.6358221402e-10, 1.11929998603e-09, 7.37007732621e-10, 1.14606346635e-09, 5.90720805604e-10, 4.10478706581e-10, 4.20604134854e-10, 3.4723204867e-10, 2.92556784354e-10, 1.13224242482e-10, 5.02861120799e-11, 7.42365890982e-11, 4.82585880979e-11, 4.04205974247e-11, 2.48169262917e-11, 2.51045278316e-11, 2.9625524256e-11, 1.3687962222e-11, 1.43597234797e-11]
    },
    "mfcc": {
        "mean": [-666.294616699, 110.782577515, 6.88295888901, 25.0307884216, -0.677092850208, 4.40913915634, 12.8752012253, 4.54831600189, 7.48006010056, 5.11582803726, 3.57710194588, 2.88934540749, -3.29777026176],
        "cov": [[7863.67822266, -1470.66870117, 157.092376709, 66.1023025513, 310.525054932, -178.244796753, 88.7849349976, -286.989685059, -24.0715141296, 84.5222015381, -206.561340332, -45.2679824829, -53.9971885681], [-1470.66870117, 1958.16760254, -69.7043075562, 31.4794445038, 73.8016052246, 180.484176636, 147.259765625, 127.46081543, 90.5505371094, 88.3385467529, -31.2562122345, -5.05572748184, 50.202293396], [157.092376709, -69.7043075562, 751.250915527, 105.317085266, 96.6786346436, 90.7009658813, 24.2793159485, 119.596046448, -99.0662689209, -111.646530151, 50.8217773438, 52.8205070496, -6.31350946426], [66.1023025513, 31.4794445038, 105.317085266, 329.279876709, 50.301486969, 7.9619383812, -18.2338752747, 40.0370864868, 19.6379013062, -99.8185806274, 43.3689002991, 28.1404495239, -7.1642203331], [310.525054932, 73.8016052246, 96.6786346436, 50.301486969, 261.045013428, -33.0016212463, 15.4736967087, -39.1649284363, 24.1085968018, 26.7488994598, -28.0902404785, 21.0215835571, 3.68500232697], [-178.244796753, 180.484176636, 90.7009658813, 7.9619383812, -33.0016212463, 215.699111938, 25.6625232697, 64.8317337036, -20.6909255981, -6.03957891464, 17.2978687286, -18.2753105164, 19.0774650574], [88.7849349976, 147.259765625, 24.2793159485, -18.2338752747, 15.4736967087, 25.6625232697, 292.010864258, 47.805480957, 13.6442632675, 38.1593093872, 29.5047683716, 25.4759483337, -16.9711494446], [-286.989685059, 127.46081543, 119.596046448, 40.0370864868, -39.1649284363, 64.8317337036, 47.805480957, 206.421722412, 24.4246845245, -54.7082824707, 42.3929595947, 22.2320518494, -2.83766722679], [-24.0715141296, 90.5505371094, -99.0662689209, 19.6379013062, 24.1085968018, -20.6909255981, 13.6442632675, 24.4246845245, 133.495223999, 33.2058563232, -4.917740345, 11.0548753738, 7.25930070877], [84.5222015381, 88.3385467529, -111.646530151, -99.8185806274, 26.7488994598, -6.03957891464, 38.1593093872, -54.7082824707, 33.2058563232, 153.911529541, -29.0235614777, -16.75, 8.50465774536], [-206.561340332, -31.2562122345, 50.8217773438, 43.3689002991, -28.0902404785, 17.2978687286, 29.5047683716, 42.3929595947, -4.917740345, -29.0235614777, 110.940887451, 36.7274894714, -12.1535568237], [-45.2679824829, -5.05572748184, 52.8205070496, 28.1404495239, 21.0215835571, -18.2753105164, 25.4759483337, 22.2320518494, 11.0548753738, -16.75, 36.7274894714, 85.4730300903, 10.3983020782], [-53.9971885681, 50.202293396, -6.31350946426, -7.1642203331, 3.68500232697, 19.0774650574, -16.9711494446, -2.83766722679, 7.25930070877, 8.50465774536, -12.1535568237, 10.3983020782, 80.1620635986]],
