{
"lowlevel": {
    "average_loudness": 0.952148973942,
    "barkbands_crest": {
        "dmean": 3.06595444679,
        "dmean2": 5.26443767548,
        "dvar": 8.74741840363,
        "dvar2": 23.919008255,
        "max": 26.6636219025,
        "mean": 7.78143978119,
        "median": 6.76726150513,
        "min": 2.35763859749,
        "var": 13.0201826096
    },
    "barkbands_flatness_db": {
        "dmean": 0.0192539617419,
        "dmean2": 0.0321076177061,
        "dvar": 0.000289340299787,
        "dvar2": 0.000772780098487,
        "max": 0.384013593197,
        "mean": 0.0836751535535,
        "median": 0.0783297792077,
        "min": 0.0235619451851,
        "var": 0.00116172397975
    },
    "barkbands_kurtosis": {
        "dmean": 1.74175870419,
        "dmean2": 2.92087984085,
        "dvar": 8.13998508453,
        "dvar2": 20.5540103912,
        "max": 132.207870483,
        "mean": 1.80044734478,
        "median": 0.666685342789,
        "min": -1.75526201725,
        "var": 48.0166511536
    },
    "barkbands_skewness": {
        "dmean": 0.466640561819,
        "dmean2": 0.763940215111,
        "dvar": 0.188565805554,
        "dvar2": 0.470272034407,
        "max": 11.5071392059,
        "mean": 1.35967731476,
        "median": 1.26588010788,
        "min": -2.00774049759,
        "var": 0.766993105412
    },
    "barkbands_spread": {
        "dmean": 7.0844244957,
        "dmean2": 11.4310741425,
        "dvar": 44.3626174927,
        "dvar2": 106.745162964,
        "max": 96.1880111694,
        "mean": 33.9096107483,
        "median": 33.1376037598,
        "min": 4.3523144722,
        "var": 146.349868774
    },
    "dissonance": {
        "dmean": 0.0109922848642,
        "dmean2": 0.0188779179007,
        "dvar": 0.000101913930848,
        "dvar2": 0.000285572838038,
        "max": 0.500000059605,
        "mean": 0.481896489859,
        "median": 0.484534114599,
        "min": 0.368450552225,
        "var": 0.000156139532919
    },
    "dynamic_complexity": 1.4160040617,
    "erbbands_crest": {
        "dmean": 1.63996839523,
        "dmean2": 2.77156591415,
        "dvar": 3.06703257561,
        "dvar2": 7.99950695038,
        "max": 20.1766548157,
        "mean": 5.55558109283,
        "median": 4.88257217407,
        "min": 2.28853797913,
        "var": 5.99485588074
    },
    "erbbands_flatness_db": {
        "dmean": 0.011966641061,
        "dmean2": 0.017734086141,
        "dvar": 0.000154080902576,
        "dvar2": 0.000284653331619,
        "max": 0.213429957628,
        "mean": 0.107247307897,
        "median": 0.105196170509,
        "min": 0.0238001011312,
        "var": 0.000674606126267
    },
    "erbbands_kurtosis": {
        "dmean": 0.345676749945,
        "dmean2": 0.556353867054,
        "dvar": 0.119113534689,
        "dvar2": 0.309835195541,
        "max": 2.82933330536,
        "mean": -0.590332150459,
        "median": -0.686727523804,
        "min": -1.48435592651,
        "var": 0.252096623182
    },
    "erbbands_skewness": {
        "dmean": 0.246466815472,
        "dmean2": 0.393259942532,
        "dvar": 0.0483788885176,
        "dvar2": 0.117817699909,
        "max": 1.7339682579,
        "mean": 0.0351492390037,
        "median": -0.0185088533908,
        "min": -1.02174150944,
        "var": 0.150262132287
    },
    "erbbands_spread": {
        "dmean": 8.12813186646,
        "dmean2": 12.6638851166,
        "dvar": 51.7295684814,
        "dvar2": 117.494613647,
        "max": 122.092819214,
        "mean": 51.1082763672,
        "median": 49.9225502014,
        "min": 16.9163360596,
        "var": 181.524703979
    },
    "hfc": {
        "dmean": 8.47158336639,
        "dmean2": 12.6572246552,
        "dvar": 124.790756226,
        "dvar2": 291.605621338,
        "max": 145.864471436,
        "mean": 30.1602878571,
        "median": 25.0663604736,
        "min": 1.11755885934e-16,
        "var": 324.514434814
    },
    "melbands_crest": {
        "dmean": 3.50026273727,
        "dmean2": 5.91867589951,
        "dvar": 8.84896373749,
        "dvar2": 23.8425045013,
        "max": 39.652557373,
        "mean": 11.9592456818,
        "median": 11.2569274902,
        "min": 1.6082174778,
        "var": 17.2744102478
    },
    "melbands_flatness_db": {
        "dmean": 0.0249518696219,
        "dmean2": 0.0409404560924,
        "dvar": 0.000505212403368,
        "dvar2": 0.00138888915535,
        "max": 0.361633241177,
        "mean": 0.14432862401,
        "median": 0.137191191316,
        "min": 0.00361495045945,
        "var": 0.00182885292452
    },
    "melbands_kurtosis": {
        "dmean": 6.04504060745,
        "dmean2": 10.2482872009,
        "dvar": 120.397399902,
        "dvar2": 332.794403076,
        "max": 399.451873779,
        "mean": 10.8249855042,
        "median": 7.81662464142,
        "min": -1.37108421326,
        "var": 250.010299683
    },
    "melbands_skewness": {
        "dmean": 0.724997699261,
        "dmean2": 1.19371008873,
        "dvar": 0.557369351387,
        "dvar2": 1.46426725388,
        "max": 18.8828105927,
        "mean": 2.73529005051,
        "median": 2.57813668251,
        "min": -0.136307612062,
        "var": 1.41835403442
    },
    "melbands_spread": {
        "dmean": 8.4034204483,
        "dmean2": 13.6549959183,
        "dvar": 57.9448776245,
        "dvar2": 146.081466675,
        "max": 153.983932495,
        "mean": 29.2012805939,
        "median": 27.3294086456,
        "min": 2.13687062263,
        "var": 202.970596313
    },
    "pitch_salience": {
        "dmean": 0.0765044167638,
        "dmean2": 0.129453673959,
        "dvar": 0.00469533074647,
        "dvar2": 0.0130815627053,
        "max": 0.950870931149,
        "mean": 0.647065520287,
        "median": 0.662084758282,
        "min": 0.0192505083978,
        "var": 0.00888158101588
    },
    "silence_rate_20dB": {
        "dmean": 0,
        "dmean2": 0,
        "dvar": 0,
        "dvar2": 0,
        "max": 1,
        "mean": 1,
        "median": 1,
        "min": 1,
        "var": 0
    },
    "silence_rate_30dB": {
        "dmean": 0.0123839005828,
        "dmean2": 0.0247773900628,
        "dvar": 0.0122301485389,
        "dvar2": 0.0303563661873,
        "max": 1,
        "mean": 0.990328848362,
        "median": 1,
        "min": 0,
        "var": 0.00957757886499
    },
    "silence_rate_60dB": {
        "dmean": 0.000386996893212,
        "dmean2": 0.000774293439463,
        "dvar": 0.000386875879485,
        "dvar2": 0.000773690524511,
        "max": 1,
        "mean": 0.010831721127,
        "median": 0,
        "min": 0,
        "var": 0.0107153160498
    },
    "spectral_centroid": {
        "dmean": 281.789398193,
        "dmean2": 454.358001709,
        "dvar": 74601.9296875,
        "dvar2": 176407.9375,
        "max": 11425.7861328,
        "mean": 1695.9777832,
        "median": 1667.47644043,
        "min": 609.035583496,
        "var": 506545.125
    },
    "spectral_complexity": {
        "dmean": 4.1830496788,
        "dmean2": 6.53735971451,
        "dvar": 12.5000905991,
        "dvar2": 28.3616828918,
        "max": 57,
        "mean": 31.7593803406,
        "median": 32,
        "min": 0,
        "var": 65.1856765747
    },
    "spectral_decrease": {
        "dmean": 3.32461924657e-09,
        "dmean2": 5.49801359995e-09,
        "dvar": 1.92760478947e-17,
        "dvar2": 4.7081446253e-17,
        "max": 7.30406463811e-29,
        "mean": -7.68331354095e-09,
        "median": -6.23702200997e-09,
        "min": -5.06281203627e-08,
        "var": 2.53140924807e-17
    },
    "spectral_energy": {
        "dmean": 0.013047978282,
        "dmean2": 0.0215154048055,
        "dvar": 0.00029631020152,
        "dvar2": 0.000721145479474,
        "max": 0.19799862802,
        "mean": 0.0317342691123,
        "median": 0.0261142477393,
        "min": 1.00066559016e-20,
        "var": 0.00039404569543
    },
    "spectral_energyband_high": {
        "dmean": 0.00069654895924,
        "dmean2": 0.00106311496347,
        "dvar": 9.30429905566e-07,
        "dvar2": 2.06255322155e-06,
        "max": 0.014565454796,
        "mean": 0.0020094551146,
        "median": 0.00161621102598,
        "min": 7.40893800098e-21,
        "var": 2.60271553998e-06
    },
    "spectral_energyband_low": {
        "dmean": 0.00725489156321,
        "dmean2": 0.0121692335233,
        "dvar": 0.000132324290462,
        "dvar2": 0.000338739162544,
        "max": 0.11572933197,
        "mean": 0.0106776840985,
        "median": 0.00688432622701,
        "min": 4.05105065944e-23,
        "var": 0.000144982695929
    },
    "spectral_energyband_middle_high": {
        "dmean": 0.00152599613648,
        "dmean2": 0.00241328286938,
        "dvar": 4.20437208959e-06,
        "dvar2": 9.86066061159e-06,
        "max": 0.0392564199865,
        "mean": 0.0055518746376,
        "median": 0.00460356520489,
        "min": 1.3110464348e-21,
        "var": 1.32340437631e-05
    },
    "spectral_energyband_middle_low": {
        "dmean": 0.00743731996045,
        "dmean2": 0.0123664550483,
        "dvar": 0.000150527557707,
        "dvar2": 0.000397147145122,
        "max": 0.15308098495,
        "mean": 0.0143700931221,
        "median": 0.0106904134154,
        "min": 2.57925078047e-22,
        "var": 0.000152232751134
    },
    "spectral_entropy": {
        "dmean": 0.0970323607326,
        "dmean2": 0.150773748755,
        "dvar": 0.00860530044883,
        "dvar2": 0.0179739873856,
        "max": 9.81723022461,
        "mean": 8.02118110657,
        "median": 8.02188110352,
        "min": 7.24812412262,
        "var": 0.0480600036681
    },
    "spectral_flux": {
        "dmean": 0.0290553122759,
        "dmean2": 0.046002548188,
        "dvar": 0.00103126151953,
        "dvar2": 0.001922401716,
        "max": 0.372805982828,
        "mean": 0.103074401617,
        "median": 0.0931638255715,
        "min": 6.31920765715e-11,
        "var": 0.00184537330642
    },
    "spectral_kurtosis": {
        "dmean": 0.719407200813,
        "dmean2": 1.18119847775,
        "dvar": 0.937193334103,
        "dvar2": 2.58857727051,
        "max": 16.9191360474,
        "mean": 2.76045227051,
        "median": 2.52842998505,
        "min": -1.24614882469,
        "var": 1.62800562382
    },
    "spectral_rms": {
        "dmean": 0.00104144960642,
        "dmean2": 0.00169215898495,
        "dvar": 1.29580712382e-06,
        "dvar2": 3.15896045322e-06,
        "max": 0.0138985393569,
        "mean": 0.00535027449951,
        "median": 0.00504750572145,
        "min": 3.12451453599e-12,
        "var": 2.33488049162e-06
    },
    "spectral_rolloff": {
        "dmean": 765.512329102,
        "dmean2": 1263.47521973,
        "dvar": 860866.875,
        "dvar2": 1873317.625,
        "max": 18690.8203125,
        "mean": 2026.95556641,
        "median": 1679.58984375,
        "min": 21.533203125,
        "var": 3151990.75
    },
    "spectral_skewness": {
        "dmean": 0.130930528045,
        "dmean2": 0.214250952005,
        "dvar": 0.0187924578786,
        "dvar2": 0.0491123199463,
        "max": 3.31926560402,
        "mean": 1.30685853958,
        "median": 1.26742422581,
        "min": -0.0584109053016,
        "var": 0.0559616051614
    },
    "spectral_spread": {
        "dmean": 553391.125,
        "dmean2": 764980.75,
        "dvar": 677771870208,
        "dvar2": 1.25554209587e+12,
        "max": 42172816,
        "mean": 5677534.5,
        "median": 5345623,
        "min": 2195374,
        "var": 6.4472481792e+12
    },
    "spectral_strongpeak": {
        "dmean": 0.355672001839,
        "dmean2": 0.611164569855,
        "dvar": 0.244409903884,
        "dvar2": 0.616691768169,
        "max": 6.83681154251,
        "mean": 0.537355899811,
        "median": 0.356995522976,
        "min": 0,
        "var": 0.411975026131
    },
    "zerocrossingrate": {
        "dmean": 0.0120942201465,
        "dmean2": 0.0148527855054,
        "dvar": 0.000158995884703,
        "dvar2": 0.000188782054465,
        "max": 0.52294921875,
        "mean": 0.0868130028248,
        "median": 0.08154296875,
        "min": 0,
        "var": 0.00179693801329
    },
    "barkbands": {
        "dmean": [0.000585136993323, 0.00522943632677, 0.00227895216085, 0.0016988159623, 0.00441504362971, 0.00100524292793, 0.000907152600121, 0.000753142987378, 0.00142125913408, 0.000641840626486, 0.000283016153844, 0.000276922539342, 0.000282856519334, 0.00042244719225, 0.000196179375052, 0.000323605898302, 0.000234202729189, 0.000129976702738, 0.000181422728929, 0.000279584841337, 0.000186247867532, 0.000139751427923, 0.000107146581286, 0.000105781415186, 0.000125057747937, 8.23306036182e-05, 1.78497321031e-05],
        "dmean2": [0.00092621910153, 0.00899898353964, 0.00381103716791, 0.00290278159082, 0.00754214823246, 0.00167405919638, 0.00150288641453, 0.00125855579972, 0.00239073717967, 0.00103312300052, 0.000459288945422, 0.00046207185369, 0.000476127577713, 0.000707929255441, 0.000322496285662, 0.000547764706425, 0.000398286763811, 0.000218359040446, 0.000292033771984, 0.000463381089503, 0.000306660920614, 0.00022608479776, 0.000166731217178, 0.000159915391123, 0.000182023446541, 0.000120600838272, 2.92389395327e-05],
        "dvar": [1.98088810066e-06, 8.72513192007e-05, 1.21136999951e-05, 8.51143158798e-06, 6.68871216476e-05, 1.76208482117e-06, 2.35063293985e-06, 2.98184090752e-06, 8.47701448947e-06, 2.14251804209e-06, 2.43208177153e-07, 2.88515508373e-07, 3.64603891967e-07, 2.59231455857e-07, 7.03601799046e-08, 1.40597492759e-07, 7.25323587858e-08, 3.2721818144e-08, 8.67587743869e-08, 1.47143353502e-07, 5.92813194089e-08, 4.04534894471e-08, 1.95022700211e-08, 4.05091675759e-08, 6.99984425978e-08, 4.51994246475e-08, 4.88054396897e-09],
        "dvar2": [5.5676091506e-06, 0.00023021150264, 3.19452374242e-05, 2.32341208175e-05, 0.000180189876119, 4.48781020168e-06, 6.42746272206e-06, 8.30758017401e-06, 2.1988476874e-05, 5.40723885933e-06, 6.01632905273e-07, 7.23863138319e-07, 9.45957367549e-07, 6.73650561112e-07, 1.72579561308e-07, 3.95646196694e-07, 2.03330046133e-07, 8.72639560612e-08, 2.13018068962e-07, 3.6909440837e-07, 1.53292035066e-07, 1.02249089196e-07, 4.51219115405e-08, 9.37569453185e-08, 1.47497388525e-07, 1.04420102787e-07, 1.20340519771e-08],
        "max": [0.0318897813559, 0.0745399668813, 0.0361255519092, 0.0542763024569, 0.112747460604, 0.0255751665682, 0.0250880457461, 0.0466022640467, 0.0467915125191, 0.0279308464378, 0.00982404407114, 0.0106486324221, 0.0153243625537, 0.00708171771839, 0.00566642545164, 0.00499585736543, 0.00690658763051, 0.00420566648245, 0.00489624449983, 0.00763426767662, 0.00285381311551, 0.0031947735697, 0.002593875397, 0.00404451834038, 0.00607206905261, 0.00423882063478, 0.00120260962285],
        "mean": [0.000772742088884, 0.00589887890965, 0.00329955108464, 0.00249250372872, 0.00547005515546, 0.00176351272967, 0.00136242376175, 0.000985744758509, 0.00200260919519, 0.0009468694916, 0.000477763795061, 0.000449182116427, 0.000467957695946, 0.000843597517814, 0.000380831304938, 0.000676410854794, 0.000553091580514, 0.000270109798294, 0.000361615471775, 0.000621800427325, 0.000407461368013, 0.000288479204755, 0.000268234929536, 0.000227623662795, 0.000274924823316, 0.000152832275489, 1.74894721567e-05],
        "median": [0.000183796597412, 0.0027544980403, 0.00223041302525, 0.00176756561268, 0.00317632220685, 0.00130179757252, 0.000951866968535, 0.000590009323787, 0.000893897027709, 0.000504559720866, 0.000323985266732, 0.000302433298202, 0.00029479409568, 0.00065290130442, 0.000288886978524, 0.000556107552256, 0.000494694220833, 0.000214533763938, 0.00023575843079, 0.000485545257106, 0.000317370722769, 0.000214436440729, 0.000216641870793, 0.000149744722876, 0.000161347386893, 5.27884476469e-05, 2.03375392971e-07],
        "min": [6.01835553001e-24, 1.31623848062e-23, 8.03860069815e-24, 4.01710494917e-24, 1.06772994053e-23, 9.19330452563e-24, 1.87375322472e-23, 1.34501778305e-23, 3.85573690347e-23, 2.08662386901e-23, 3.05543057314e-23, 4.02584655352e-23, 3.29766135814e-23, 6.18268409181e-23, 5.9348290441e-23, 9.50592473812e-23, 7.9252355485e-23, 1.4021964725e-22, 2.37875515497e-22, 1.86671286203e-22, 2.26297056893e-22, 3.80570280102e-22, 5.89040191253e-22, 7.12548091594e-22, 1.00389464397e-21, 1.42174747496e-21, 2.13785818861e-21],
        "var": [3.049435918e-06, 8.52174271131e-05, 1.34814563353e-05, 8.52891662362e-06, 5.43980277143e-05, 2.66126471615e-06, 2.37785525314e-06, 2.37425206251e-06, 1.43748939081e-05, 3.05846401716e-06, 3.77207697966e-07, 3.6938885728e-07, 4.29938097568e-07, 5.02095417687e-07, 1.30042991486e-07, 2.46662210657e-07, 1.12314531009e-07, 5.19084935036e-08, 1.70746332628e-07, 3.1993889138e-07, 1.19304942814e-07, 7.36303462645e-08, 5.34017274845e-08, 8.98851553188e-08, 1.7432353161e-07, 8.15676060029e-08, 4.95883378804e-09]
    },
    "erbbands": {
        "dmean": [0.109237164259, 1.30349624157, 2.78645801544, 3.86344599724, 13.2349119186, 13.8043928146, 9.13443183899, 9.35498809814, 11.6256141663, 16.7054481506, 14.0883426666, 30.7501049042, 27.1399021149, 14.0537080765, 10.3462142944, 11.0544338226, 11.3932418823, 20.2072963715, 13.3814640045, 9.80908107758, 18.1598758698, 12.3999319077, 6.20395517349, 8.18876647949, 10.3947553635, 12.9885892868, 9.32927799225, 6.43281507492, 5.49437618256, 4.24093103409, 2.56664133072, 2.46060180664, 1.71564495564, 1.39920985699, 0.972115516663, 0.432324111462, 0.14163839817, 0.0318959504366, 0.00305842864327, 6.76240670145e-05],
        "dmean2": [0.189011260867, 2.25216078758, 4.68574333191, 6.56803798676, 22.947429657, 23.6426849365, 15.07558918, 15.4458036423, 19.392118454, 28.1577205658, 23.3843288422, 51.576625824, 44.7823600769, 22.7690467834, 16.4022636414, 18.4533958435, 18.9785881042, 33.5101699829, 22.1345386505, 16.0884857178, 30.8520793915, 21.1588401794, 10.2717981339, 13.4610204697, 16.7589607239, 21.55909729, 15.8624992371, 10.4735746384, 9.04921722412, 6.60015392303, 4.01995182037, 3.84912991524, 2.60245418549, 2.09373044968, 1.40976655483, 0.624422311783, 0.215033218265, 0.0492416955531, 0.00504537997767, 0.000109258660814],
        "dvar": [0.0477646440268, 5.42386627197, 20.518081665, 29.6686038971, 719.721069336, 606.776489258, 123.305412292, 163.117980957, 427.658813477, 1760.19445801, 661.063110352, 3764.00268555, 3891.91088867, 1119.0267334, 280.286407471, 466.125732422, 689.547058105, 747.857849121, 247.684844971, 185.008773804, 414.950561523, 199.57194519, 102.838752747, 105.18636322, 390.866485596, 341.050079346, 143.78843689, 74.3379364014, 61.3422813416, 31.1091823578, 13.2206954956, 20.8534049988, 11.5239276886, 7.89088487625, 4.74147987366, 1.11682224274, 0.146089375019, 0.00905829016119, 0.000182632255019, 5.36737019274e-08],
        "dvar2": [0.127106159925, 14.2462930679, 52.7213439941, 78.1088638306, 1972.0135498, 1655.77099609, 313.432800293, 428.699035645, 1172.93371582, 4796.23291016, 1759.70019531, 9947.76660156, 9846.43164062, 2920.08984375, 636.03729248, 1180.94873047, 1855.09118652, 1891.78051758, 612.024597168, 469.450744629, 1172.08947754, 553.593811035, 271.556396484, 254.001327515, 963.318603516, 868.63684082, 388.025054932, 183.095809937, 160.600845337, 72.5121841431, 31.0265407562, 49.2713356018, 26.5256309509, 16.7526798248, 10.3385601044, 2.60388803482, 0.339837014675, 0.0207677017897, 0.000459631643025, 1.35844999249e-07],
        "max": [2.10539460182, 21.1450195312, 49.721988678, 88.8382797241, 364.930389404, 331.137664795, 175.928787231, 240.615829468, 302.113220215, 1253.98266602, 446.931243896, 976.800964355, 1019.93304443, 1025.95935059, 399.732421875, 399.34564209, 759.433532715, 392.700134277, 315.765808105, 265.162628174, 271.547088623, 344.216949463, 267.416717529, 162.922317505, 375.355041504, 376.550842285, 162.097061157, 149.462844849, 94.265838623, 103.836738586, 64.9988327026, 120.043731689, 70.7892608643, 53.7076759338, 48.6173667908, 23.0621776581, 6.62168312073, 1.4862331152, 0.267849236727, 0.00489328196272],
        "mean": [0.117768198252, 1.49493908882, 3.92644882202, 6.21342802048, 15.0950946808, 16.4489536285, 16.2314319611, 15.9305076599, 18.3181056976, 22.4010448456, 21.2811889648, 44.6145896912, 39.5768699646, 24.5204238892, 19.2211151123, 18.7242202759, 21.1259021759, 40.4008216858, 28.5348186493, 23.0498542786, 40.6681594849, 31.0892047882, 14.9071025848, 18.2784671783, 20.1402282715, 29.1018619537, 21.4723873138, 13.7941684723, 10.7535219193, 10.1219482422, 6.43035316467, 5.21415758133, 3.64004135132, 2.9624273777, 1.96633148193, 0.840031802654, 0.254159748554, 0.0438643433154, 0.0028937170282, 9.97470706352e-05],
        "median": [0.0540545806289, 0.694990873337, 2.5361354351, 4.91026210785, 7.87714481354, 9.51018047333, 11.1257724762, 11.3349885941, 12.6101169586, 13.4728364944, 13.3577451706, 20.7202682495, 16.6625728607, 15.9092493057, 13.1442804337, 12.7216854095, 14.0270767212, 29.797580719, 22.8907375336, 18.1813621521, 34.322467804, 27.5377426147, 12.0526809692, 13.9235830307, 11.5201473236, 22.9684257507, 17.5538711548, 10.6705408096, 8.06670093536, 8.03267765045, 5.06825590134, 3.72995352745, 2.21329879761, 1.80746197701, 0.991742789745, 0.332791119814, 0.0876095443964, 0.0061275199987, 0.000164283424965, 4.70931809105e-05],
        "min": [2.6621806351e-22, 1.8695439008e-21, 7.81901278966e-21, 2.88711689305e-20, 1.47864431387e-20, 2.26403097974e-20, 2.23130564675e-20, 9.44134386892e-20, 1.83556431482e-19, 2.54249729399e-19, 3.6247568845e-19, 1.17700449599e-18, 8.16738129404e-19, 1.04949574193e-18, 1.2228182044e-18, 1.49242097466e-18, 1.70878867544e-18, 3.54978231945e-18, 4.15667853103e-18, 3.64685196434e-18, 5.27452213903e-18, 5.35718147046e-18, 8.05606335971e-18, 8.69710186466e-18, 1.10664184542e-17, 9.09439671286e-18, 1.06662963027e-17, 1.03242554651e-17, 1.40175135025e-17, 1.55382238473e-17, 1.51735331502e-17, 1.20831177257e-17, 1.35763085987e-17, 9.82696937004e-18, 7.51485480134e-18, 4.19882048811e-18, 2.84178209635e-18, 1.10793677599e-18, 2.93389511991e-19, 3.02868853177e-20],
        "var": [0.0381273850799, 5.6266078949, 23.1665649414, 32.7081069946, 556.475341797, 507.828094482, 246.535003662, 240.290786743, 446.901580811, 1446.83166504, 716.90032959, 6321.19042969, 6146.34912109, 1569.65148926, 532.124084473, 572.798583984, 770.448364258, 1371.81689453, 495.358947754, 395.575836182, 736.816589355, 326.774200439, 152.318954468, 222.506790161, 739.929931641, 702.640258789, 281.927856445, 143.67300415, 100.630409241, 76.6953735352, 32.73487854, 40.7924003601, 26.560590744, 19.2365856171, 10.8865203857, 2.11609768867, 0.249626681209, 0.0138425696641, 0.000165562218172, 5.04642692079e-08]
    },
    "gfcc": {
        "mean": [52.5779914856, 70.5296096802, -108.626945496, 39.0218009949, -59.377822876, 18.0507316589, -42.7659835815, 12.3895397186, -27.9654045105, 8.54893112183, -25.0615463257, -0.361152857542, -10.7204551697],
        "cov": [[12840.3798828, 182.250183105, -744.036254883, 259.290496826, -624.358093262, 190.868423462, -396.902587891, 165.407897949, -334.252807617, 83.5971908569, -337.937438965, -34.7208137512, -152.374969482], [182.250183105, 777.680419922, -370.010101318, 149.817840576, 99.6407852173, -47.8656005859, 69.4030761719, -31.8577899933, 85.7062911987, -62.9217910767, 66.3283996582, -56.478351593, 71.0066833496], [-744.036254883, -370.010101318, 473.684783936, -135.024993896, 60.585975647, -37.4645805359, -22.2416973114, -1.24062287807, -17.9868030548, 32.6709632874, -26.6167430878, 48.2053337097, -36.1505584717], [259.290496826, 149.817840576, -135.024993896, 199.826660156, -25.9541625977, 71.3410873413, -9.36663532257, -8.34939956665, 36.3280944824, -13.6056880951, 10.035490036, -15.4750843048, 20.4198379517], [-624.358093262, 99.6407852173, 60.585975647, -25.9541625977, 178.553268433, -23.5384902954, 57.235748291, -4.31027936935, 41.6479911804, 4.83211231232, 41.4592704773, 10.0366926193, 20.1211433411], [190.868423462, -47.8656005859, -37.4645805359, 71.3410873413, -23.5384902954, 114.803131104, 4.22897338867, 23.5724449158, -1.76961815357, 0.000709591258783, -2.34826183319, 0.194491133094, -3.39041495323], [-396.902587891, 69.4030761719, -22.2416973114, -9.36663532257, 57.235748291, 4.22897338867, 99.6706924438, 15.8683891296, 18.1311759949, -11.0294761658, 25.2876663208, -11.050321579, 14.4145326614], [165.407897949, -31.8577899933, -1.24062287807, -8.34939956665, -4.31027936935, 23.5724449158, 15.8683891296, 56.8060722351, 9.99741077423, 16.5330600739, -5.39470529556, -0.867085158825, -4.95513963699], [-334.252807617, 85.7062911987, -17.9868030548, 36.3280944824, 41.6479911804, -1.76961815357, 18.1311759949, 9.99741077423, 85.698059082, 14.8503913879, 25.4257240295, -0.817281126976, 13.2883605957], [83.5971908569, -62.9217910767, 32.6709632874, -13.6056880951, 4.83211231232, 0.000709591258783, -11.0294761658, 16.5330600739, 14.8503913879, 56.2501678467, 13.014544487, 15.0786952972, -7.66277742386], [-337.937438965, 66.3283996582, -26.6167430878, 10.035490036, 41.4592704773, -2.34826183319, 25.2876663208, -5.39470529556, 25.4257240295, 13.014544487, 63.8048439026, 14.8341627121, 16.073677063], [-34.7208137512, -56.478351593, 48.2053337097, -15.4750843048, 10.0366926193, 0.194491133094, -11.050321579, -0.867085158825, -0.817281126976, 15.0786952972, 14.8341627121, 46.6551589966, 6.66720676422], [-152.374969482, 71.0066833496, -36.1505584717, 20.4198379517, 20.1211433411, -3.39041495323, 14.4145326614, -4.95513963699, 13.2883605957, -7.66277742386, 16.073677063, 6.66720676422, 42.0887451172]],
        "icov": [[0.000180504372111, -0.000301936990581, 0.00022723134316, -0.000157780319569, 0.000149660452735, -7.13144181645e-05, 0.000367734348401, -0.000573509663809, 0.000802954833489, -0.000750143954065, 0.00093687576009, -0.000587877933867, 0.000509089557454], [-0.000301936990581, 0.00478872423992, 0.00234209327027, -0.00191884872038, -0.00290343165398, 0.0036041662097, -0.000412151683122, 0.000505079631694, -0.00266309524886, 0.00438228156418, -0.00306287501007, 0.00283261458389, -0.00199079699814], [0.00022723134316, 0.00234209327027, 0.00559408124536, 0.00011547543545, -0.00317384046502, 0.00179062178358, 0.000811715202872, 8.7691070803e-05, -0.000271533848718, 1.00874137843e-06, 0.00314783444628, -0.0032181320712, 0.00240758410655], [-0.000157780319569, -0.00191884872038, 0.00011547543545, 0.0119064385071, 0.0021119506564, -0.00875457655638, 0.00194918725174, 0.00501009402797, -0.00534668425098, 0.000119643111248, -0.000217252527364, 0.00193751009647, -0.00331802293658], [0.000149660452735, -0.00290343165398, -0.00317384046502, 0.0021119506564, 0.0113376257941, -0.00175940536428, -0.00402636965737, 0.00158824038226, -0.00187253009062, -0.00226518744603, -0.00170530600008, -0.00135760533158, -0.00126138143241], [-7.13144181645e-05, 0.0036041662097, 0.00179062178358, -0.00875457655638, -0.00175940536428, 0.0176506116986, -0.0018019748386, -0.0074091614224, 0.00226024561562, 0.00355300423689, -0.00199409527704, -0.00151980505325, 0.00239004893228], [0.000367734348401, -0.000412151683122, 0.000811715202872, 0.00194918725174, -0.00402636965737, -0.0018019748386, 0.01811459288, -0.00765586365014, 0.00125514843967, 0.00429048482329, -0.00490035442635, 0.00509774126112, -0.00209855241701], [-0.000573509663809, 0.000505079631694, 8.7691070803e-05, 0.00501009402797, 0.00158824038226, -0.0074091614224, -0.00765586365014, 0.0293590482324, -0.00739237526432, -0.00727240461856, 0.00440675066784, 0.0012007287005, -0.0014246966457], [0.000802954833489, -0.00266309524886, -0.000271533848718, -0.00534668425098, -0.00187253009062, 0.00226024561562, 0.00125514843967, -0.00739237526432, 0.0223512277007, -0.00848459452391, 0.000734670436941, -0.00077698729001, 0.000778660469223], [-0.000750143954065, 0.00438228156418, 1.00874137843e-06, 0.000119643111248, -0.00226518744603, 0.00355300423689, 0.00429048482329, -0.00727240461856, -0.00848459452391, 0.0328464582562, -0.0130483452231, -0.000856190221384, 0.0026550302282], [0.00093687576009, -0.00306287501007, 0.00314783444628, -0.000217252527364, -0.00170530600008, -0.00199409527704, -0.00490035442635, 0.00440675066784, 0.000734670436941, -0.0130483452231, 0.0338533259928, -0.0136942658573, 0.000853041303344], [-0.000587877933867, 0.00283261458389, -0.0032181320712, 0.00193751009647, -0.00135760533158, -0.00151980505325, 0.00509774126112, 0.0012007287005, -0.00077698729001, -0.000856190221384, -0.0136942658573, 0.0362697690725, -0.0121153071523], [0.000509089557454, -0.00199079699814, 0.00240758410655, -0.00331802293658, -0.00126138143241, 0.00239004893228, -0.00209855241701, -0.0014246966457, 0.000778660469223, 0.0026550302282, 0.000853041303344, -0.0121153071523, 0.0358161479235]]
    },
    "melbands": {
        "dmean": [0.00122000521515, 0.00158573652152, 0.000852752476931, 0.00110134354327, 0.000340883329045, 0.000202245806577, 0.000172892672708, 0.000182014206075, 0.000115115792141, 0.000216140470002, 0.000138643794344, 6.11991417827e-05, 3.39814650943e-05, 3.09911265504e-05, 3.08789094561e-05, 3.01894779113e-05, 4.18269773945e-05, 2.59831394942e-05, 1.3783108443e-05, 1.89647344087e-05, 2.33198825299e-05, 1.53961264004e-05, 8.23310347187e-06, 6.02368845648e-06, 7.28618715584e-06, 7.68518657424e-06, 8.9152754299e-06, 9.80016466201e-06, 6.80436960465e-06, 4.95748145113e-06, 3.62179457625e-06, 3.35006416208e-06, 2.81877942143e-06, 2.59404396274e-06, 1.57216584284e-06, 1.61843138358e-06, 1.5320717921e-06, 1.24985524508e-06, 1.26077759433e-06, 1.22317680962e-06],
        "dmean2": [0.0020866850391, 0.00267681479454, 0.00146026816219, 0.00189851340838, 0.000562580185942, 0.000334566604579, 0.000287427857984, 0.000305059715174, 0.000192128180061, 0.000362180522643, 0.000228623321163, 9.93312933133e-05, 5.47946037841e-05, 5.02080984006e-05, 5.20809662703e-05, 5.09841484018e-05, 7.01204990037e-05, 4.33003297076e-05, 2.2801790692e-05, 3.19443424814e-05, 3.97451512981e-05, 2.64263271674e-05, 1.36623284561e-05, 1.02038329715e-05, 1.20250679174e-05, 1.24200851133e-05, 1.47323680721e-05, 1.63961340149e-05, 1.15820685096e-05, 8.25560073281e-06, 5.8997720771e-06, 5.62671539228e-06, 4.52370841231e-06, 4.05342461818e-06, 2.47569118983e-06, 2.57852298091e-06, 2.42389546656e-06, 1.94280096366e-06, 1.91320850718e-06, 1.86908346222e-06],
        "dvar": [4.84401425638e-06, 6.94023401593e-06, 1.97674739866e-06, 4.82885252495e-06, 1.64196322316e-07, 7.5971321678e-08, 8.90236080409e-08, 2.13746531585e-07, 4.49244943468e-08, 1.97219208076e-07, 9.94379334429e-08, 2.14333457649e-08, 3.37560357444e-09, 3.29809890509e-09, 4.46723547043e-09, 4.3921417614e-09, 3.05489811225e-09, 8.72179273248e-10, 3.61931096204e-10, 6.04159111628e-10, 7.0044375855e-10, 3.25931726053e-10, 1.2496313706e-10, 9.82840753228e-11, 8.60635451794e-11, 2.02060757015e-10, 2.92081081543e-10, 1.72226885531e-10, 7.05266955947e-11, 4.46887908623e-11, 2.55739474736e-11, 2.45637954421e-11, 1.68148672069e-11, 1.03291620049e-11, 4.60631446181e-12, 7.65008108944e-12, 9.23527400387e-12, 5.45377762048e-12, 8.236896408e-12, 5.79697487929e-12],
        "dvar2": [1.2893827261e-05, 1.77690799319e-05, 5.32785088581e-06, 1.29258833113e-05, 4.33448860804e-07, 1.97339971919e-07, 2.45900764639e-07, 5.88507191424e-07, 1.17992314586e-07, 5.21350614235e-07, 2.51486767411e-07, 5.57627153341e-08, 7.76984876438e-09, 7.94734411613e-09, 1.13447704564e-08, 1.17785052822e-08, 7.86333220759e-09, 2.1860839805e-09, 8.81661466057e-10, 1.6495524946e-09, 1.93554106076e-09, 9.15505282695e-10, 3.4606106869e-10, 2.62667526618e-10, 2.101255836e-10, 5.18065812471e-10, 6.97649271686e-10, 4.54569493158e-10, 1.94761137773e-10, 1.16635659464e-10, 6.33653823856e-11, 6.54763188113e-11, 4.29211666209e-11, 2.41566679854e-11, 1.102598568e-11, 1.8452021161e-11, 2.2160431476e-11, 1.32694836022e-11, 1.85119749391e-11, 1.24827171169e-11],
        "max": [0.0209040343761, 0.0288642272353, 0.0238610617816, 0.028492230922, 0.00535190477967, 0.00512260105461, 0.00451416010037, 0.0139247858897, 0.0035411179997, 0.00744344294071, 0.00509057054296, 0.0045521222055, 0.00135247781873, 0.00144093681592, 0.00156864954624, 0.00185256055556, 0.00078830413986, 0.000480188347865, 0.000302504573483, 0.000453575747088, 0.000341997685609, 0.000480001443066, 0.000219042936806, 0.000278510240605, 0.000150696199853, 0.000238495675148, 0.000414551759604, 0.000237093277974, 9.54557326622e-05, 8.177136624e-05, 9.70579349087e-05, 5.56123341084e-05, 7.43675918784e-05, 4.77362300444e-05, 3.89111337427e-05, 6.57261771266e-05, 7.49171667849e-05, 4.4991622417e-05, 5.205045818e-05, 4.29162937507e-05],
        "mean": [0.00141726259608, 0.00213302369229, 0.00135180074722, 0.0012230653083, 0.000602167157922, 0.000352369243046, 0.000271854485618, 0.000245021277806, 0.000169976818142, 0.00030246458482, 0.000197089771973, 0.000102184152638, 6.13589727436e-05, 5.27130177943e-05, 4.66477722512e-05, 5.17076987308e-05, 7.92860955698e-05, 5.04361196363e-05, 2.71903354587e-05, 3.79849589081e-05, 4.90619786433e-05, 3.47757959389e-05, 1.7374750314e-05, 1.18908174045e-05, 1.50379755723e-05, 1.37035085572e-05, 1.63108616107e-05, 2.06834320124e-05, 1.44372597788e-05, 1.03953152575e-05, 6.99455813447e-06, 5.94986931901e-06, 5.43830856259e-06, 6.08069831287e-06, 3.66559811482e-06, 3.57110548066e-06, 2.92009121949e-06, 2.44624493462e-06, 2.5334215934e-06, 2.47861567004e-06],
        "median": [0.000692984438501, 0.00125723774545, 0.00101405556779, 0.000615030701738, 0.000428076717071, 0.000256009312579, 0.000193495114218, 0.000152332693688, 0.000105197235825, 0.000130830856506, 8.01135538495e-05, 6.51399095659e-05, 4.19190510001e-05, 3.6243818613e-05, 3.04469376715e-05, 3.37019664585e-05, 5.82309621677e-05, 3.94758935727e-05, 2.03759827855e-05, 3.04336517729e-05, 4.07345141866e-05, 3.07622831315e-05, 1.43872612171e-05, 9.15683722269e-06, 1.13367941594e-05, 8.1250382209e-06, 9.30560509005e-06, 1.66825502674e-05, 1.18274092529e-05, 7.88781744632e-06, 5.26237090526e-06, 4.36661002823e-06, 3.85256271329e-06, 4.95567792314e-06, 2.88310479846e-06, 2.56404655374e-06, 1.97944245883e-06, 1.4247918898e-06, 1.48365211317e-06, 1.52979998802e-06],
        "min": [4.01066035001e-24, 3.22447861364e-24, 4.47739187673e-24, 1.78384800953e-24, 9.09670515513e-25, 1.94292614981e-24, 3.42589787692e-24, 2.99399100929e-24, 3.10043733604e-24, 6.87545763669e-24, 3.74705104005e-24, 4.08809966963e-24, 3.86753928813e-24, 5.44000334064e-24, 3.07529633899e-24, 2.90945805519e-24, 6.93994938228e-24, 5.52151949342e-24, 2.84102259672e-24, 4.62973590589e-24, 5.51498772512e-24, 4.17754742438e-24, 5.2408112289e-24, 6.72601503795e-24, 5.23652613646e-24, 7.183769722e-24, 6.94909228017e-24, 5.55734797801e-24, 7.10840510656e-24, 5.94287455758e-24, 5.04716480933e-24, 7.45617443663e-24, 6.87193221731e-24, 6.85865411055e-24, 7.33056569241e-24, 7.9824235465e-24, 6.84050399885e-24, 8.68908987857e-24, 7.9151999756e-24, 8.40341179035e-24],
        "var": [4.43423414254e-06, 7.76338220021e-06, 1.93926371139e-06, 3.7851025354e-06, 3.05989061644e-07, 1.10105794704e-07, 8.99715359992e-08, 1.70783977183e-07, 5.3842693859e-08, 3.35423806064e-07, 1.58026509212e-07, 2.99823739169e-08, 6.23950713319e-09, 4.74363037739e-09, 4.72386130212e-09, 4.99791008579e-09, 5.38849453946e-09, 1.66309532812e-09, 6.69385713525e-10, 1.04934194667e-09, 1.22843490935e-09, 4.64636440434e-10, 1.79815801138e-10, 1.34184385825e-10, 1.68583369486e-10, 3.53972684497e-10, 5.35403277269e-10, 3.38576472414e-10, 1.27926849669e-10, 8.94868762424e-11, 4.33411258272e-11, 3.45384831846e-11, 3.10407845261e-11, 2.75446384451e-11, 1.05789673896e-11, 1.67657814715e-11, 1.61499095347e-11, 1.14638767229e-11, 1.78579685761e-11, 1.3220336284e-11]
    },
    "mfcc": {
        "mean": [-585.258422852, 100.519920349, 6.02311658859, 23.7859897614, 5.94758653641, 7.33903694153, -0.738937079906, -1.07861483097, 4.81105518341, 3.73219752312, -4.59975242615, -0.795376241207, -1.33798837662],
        "cov": [[4086.36230469, 168.857055664, 215.880279541, 27.946439743, -64.5549621582, 33.5624427795, 26.1465606689, -14.8516139984, 21.4397068024, 22.0544052124, -7.92233991623, -48.3498573303, -49.2030296326], [168.857055664, 623.089904785, -199.71446228, 140.928588867, 37.1913108826, 0.215607210994, 15.9023771286, 12.9389591217, 11.7871274948, 23.6139678955, -5.94960021973, 17.0594444275, 6.66739034653], [215.880279541, -199.71446228, 247.307922363, -40.1955680847, 14.4424648285, -6.63709449768, -30.4519252777, -14.9909791946, -2.23173356056, -25.5847816467, -0.367566019297, -10.9568195343, -8.72700786591], [27.946439743, 140.928588867, -40.1955680847, 107.73474884, 27.2441825867, 25.4440727234, -11.1106929779, 4.7291636467, 8.74266433716, 11.8979911804, -5.15372371674, 6.75411462784, 11.8580913544], [-64.5549621582, 37.1913108826, 14.4424648285, 27.2441825867, 93.4840698242, 28.5409641266, -8.28646945953, 4.1589512825, 8.08853721619, -0.842799961567, 5.62328577042, 16.6779346466, 15.6055688858], [33.5624427795, 0.215607210994, -6.63709449768, 25.4440727234, 28.5409641266, 69.1369628906, 10.3578748703, 18.79454422, 4.24306058884, 4.13810300827, -0.579187333584, 6.97388696671, 10.3655910492], [26.1465606689, 15.9023771286, -30.4519252777, -11.1106929779, -8.28646945953, 10.3578748703, 83.8458633423, 21.3932952881, 2.54472661018, 4.50060033798, 2.04500484467, -2.40807771683, -7.03736877441], [-14.8516139984, 12.9389591217, -14.9909791946, 4.7291636467, 4.1589512825, 18.79454422, 21.3932952881, 53.6085357666, 15.1629676819, 8.53859901428, 1.26659953594, 1.12586796284, 2.6414244175], [21.4397068024, 11.7871274948, -2.23173356056, 8.74266433716, 8.08853721619, 4.24306058884, 2.54472661018, 15.1629676819, 48.8966064453, 19.3200912476, 4.42106151581, 2.62868523598, -1.30308675766], [22.0544052124, 23.6139678955, -25.5847816467, 11.8979911804, -0.842799961567, 4.13810300827, 4.50060033798, 8.53859901428, 19.3200912476, 49.4623680115, 16.1803359985, 4.06542491913, -0.640560626984], [-7.92233991623, -5.94960021973, -0.367566019297, -5.15372371674, 5.62328577042, -0.579187333584, 2.04500484467, 1.26659953594, 4.42106151581, 16.1803359985, 48.4517364502, 14.9672050476, 3.07255721092], [-48.3498573303, 17.0594444275, -10.9568195343, 6.75411462784, 16.6779346466, 6.97388696671, -2.40807771683, 1.12586796284, 2.62868523598, 4.06542491913, 14.9672050476, 42.5940361023, 22.6526947021], [-49.2030296326, 6.66739034653, -8.72700786591, 11.8580913544, 15.6055688858, 10.3655910492, -7.03736877441, 2.6414244175, -1.30308675766, -0.640560626984, 3.07255721092, 22.6526947021, 45.7760620117]],
