{
"lowlevel": {
    "average_loudness": 0.980102002621,
    "barkbands_crest": {
        "dmean": 2.47873950005,
        "dmean2": 4.09948062897,
        "dvar": 5.62491178513,
        "dvar2": 14.2553100586,
        "max": 26.0034408569,
        "mean": 8.16073703766,
        "median": 7.37448835373,
        "min": 2.39233422279,
        "var": 14.2609863281
    },
    "barkbands_flatness_db": {
        "dmean": 0.0171887688339,
        "dmean2": 0.0274461433291,
        "dvar": 0.000349260808434,
        "dvar2": 0.000831640674733,
        "max": 0.378190934658,
        "mean": 0.0831798613071,
        "median": 0.07209751755,
        "min": 0.0240248870105,
        "var": 0.0022039769683
    },
    "barkbands_kurtosis": {
        "dmean": 2.40335130692,
        "dmean2": 4.01545906067,
        "dvar": 185.576431274,
        "dvar2": 460.454376221,
        "max": 324.195770264,
        "mean": 2.36553764343,
        "median": -0.178853034973,
        "min": -1.80589520931,
        "var": 332.567016602
    },
    "barkbands_skewness": {
        "dmean": 0.481170594692,
        "dmean2": 0.785521388054,
        "dvar": 0.57064217329,
        "dvar2": 1.36652541161,
        "max": 15.5210561752,
        "mean": 1.05406308174,
        "median": 0.887576282024,
        "min": -2.43112254143,
        "var": 1.72399127483
    },
    "barkbands_spread": {
        "dmean": 6.32897758484,
        "dmean2": 10.1416759491,
        "dvar": 42.4923744202,
        "dvar2": 103.791252136,
        "max": 108.200302124,
        "mean": 35.2784347534,
        "median": 35.7149200439,
        "min": 0.572839796543,
        "var": 119.067237854
    },
    "dissonance": {
        "dmean": 0.0122356042266,
        "dmean2": 0.0207809135318,
        "dvar": 0.000121288889204,
        "dvar2": 0.000336330092978,
        "max": 0.500000059605,
        "mean": 0.477049976587,
        "median": 0.479476839304,
        "min": 0.381873786449,
        "var": 0.000215348889469
    },
    "dynamic_complexity": 2.38293886185,
    "erbbands_crest": {
        "dmean": 2.15179443359,
        "dmean2": 3.55150270462,
        "dvar": 4.70878171921,
        "dvar2": 12.0010614395,
        "max": 26.2126350403,
        "mean": 7.13645648956,
        "median": 6.41789531708,
        "min": 2.58499956131,
        "var": 9.33152961731
    },
    "erbbands_flatness_db": {
        "dmean": 0.0144003164023,
        "dmean2": 0.0214189961553,
        "dvar": 0.000191212631762,
        "dvar2": 0.000435333320638,
        "max": 0.335556298494,
        "mean": 0.114606693387,
        "median": 0.106601521373,
        "min": 0.0323889032006,
        "var": 0.00151052116416
    },
    "erbbands_kurtosis": {
        "dmean": 0.541355073452,
        "dmean2": 0.89570325613,
        "dvar": 0.735749363899,
        "dvar2": 1.9213244915,
        "max": 12.0895795822,
        "mean": -0.137521982193,
        "median": -0.338293552399,
        "min": -1.80135321617,
        "var": 1.04206240177
    },
    "erbbands_skewness": {
        "dmean": 0.30787691474,
        "dmean2": 0.490020155907,
        "dvar": 0.0935375839472,
        "dvar2": 0.230890467763,
        "max": 3.39327049255,
        "mean": -0.165137007833,
        "median": -0.177516445518,
        "min": -2.41626977921,
        "var": 0.241568505764
    },
    "erbbands_spread": {
        "dmean": 7.03786087036,
        "dmean2": 11.1075906754,
        "dvar": 53.5567054749,
        "dvar2": 134.373046875,
        "max": 117.719726562,
        "mean": 41.2624931335,
        "median": 40.2084121704,
        "min": 4.07042837143,
        "var": 178.853744507
    },
    "hfc": {
        "dmean": 8.50542068481,
        "dmean2": 11.5221233368,
        "dvar": 150.651046753,
        "dvar2": 309.195495605,
        "max": 132.779769897,
        "mean": 26.6386871338,
        "median": 22.5255432129,
        "min": 1.23649724056e-16,
        "var": 347.328613281
    },
    "melbands_crest": {
        "dmean": 3.56426048279,
        "dmean2": 5.78933048248,
        "dvar": 9.72528553009,
        "dvar2": 24.9878082275,
        "max": 34.6424789429,
        "mean": 13.9415197372,
        "median": 13.352399826,
        "min": 3.1190032959,
        "var": 20.9088916779
    },
    "melbands_flatness_db": {
        "dmean": 0.0236577000469,
        "dmean2": 0.0389969982207,
        "dvar": 0.000680941913743,
        "dvar2": 0.0016955928877,
        "max": 0.500795423985,
        "mean": 0.143170520663,
        "median": 0.13454182446,
        "min": 0.00625832332298,
        "var": 0.00280005042441
    },
    "melbands_kurtosis": {
        "dmean": 5.65854597092,
        "dmean2": 9.34442996979,
        "dvar": 303.661987305,
        "dvar2": 721.632141113,
        "max": 333.393218994,
        "mean": 9.87055587769,
        "median": 4.21080541611,
        "min": -1.69324743748,
        "var": 875.926025391
    },
    "melbands_skewness": {
        "dmean": 0.684773266315,
        "dmean2": 1.10845339298,
        "dvar": 0.71546459198,
        "dvar2": 1.8121805191,
        "max": 13.8371543884,
        "mean": 2.28159570694,
        "median": 2.00958824158,
        "min": -1.15198588371,
        "var": 2.46911239624
    },
    "melbands_spread": {
        "dmean": 9.64626502991,
        "dmean2": 15.9152708054,
        "dvar": 91.3243713379,
        "dvar2": 235.188751221,
        "max": 142.265823364,
        "mean": 36.0936317444,
        "median": 34.7213058472,
        "min": 0.519065380096,
        "var": 249.988327026
    },
    "pitch_salience": {
        "dmean": 0.0699041113257,
        "dmean2": 0.112536348403,
        "dvar": 0.0042024361901,
        "dvar2": 0.0104622524232,
        "max": 0.858287513256,
        "mean": 0.571063041687,
        "median": 0.57721811533,
        "min": 0.102343767881,
        "var": 0.010328033939
    },
    "silence_rate_20dB": {
        "dmean": 0,
        "dmean2": 0,
        "dvar": 0,
        "dvar2": 0,
        "max": 1,
        "mean": 1,
        "median": 1,
        "min": 1,
        "var": 0
    },
    "silence_rate_30dB": {
        "dmean": 0,
        "dmean2": 0,
        "dvar": 0,
        "dvar2": 0,
        "max": 1,
        "mean": 1,
        "median": 1,
        "min": 1,
        "var": 0
    },
    "silence_rate_60dB": {
        "dmean": 0.011222910136,
        "dmean2": 0.0224545095116,
        "dvar": 0.0110968900844,
        "dvar2": 0.0250468682498,
        "max": 1,
        "mean": 0.0553191490471,
        "median": 0,
        "min": 0,
        "var": 0.0522585734725
    },
    "spectral_centroid": {
        "dmean": 274.851043701,
        "dmean2": 449.82131958,
        "dvar": 101242.101562,
        "dvar2": 227767.28125,
        "max": 10723.9697266,
        "mean": 1909.14758301,
        "median": 1897.92749023,
        "min": 207.472091675,
        "var": 232849.0625
    },
    "spectral_complexity": {
        "dmean": 5.13738393784,
        "dmean2": 7.55632972717,
        "dvar": 29.9884681702,
        "dvar2": 59.3022346497,
        "max": 61,
        "mean": 26.3257255554,
        "median": 26,
        "min": 0,
        "var": 118.973800659
    },
    "spectral_decrease": {
        "dmean": 2.31331864775e-09,
        "dmean2": 3.618997102e-09,
        "dvar": 1.16238960009e-17,
        "dvar2": 2.8860903981e-17,
        "max": 1.0265278826e-28,
        "mean": -5.42884759369e-09,
        "median": -4.54061810373e-09,
        "min": -3.24925544248e-08,
        "var": 1.56061750803e-17
    },
    "spectral_energy": {
        "dmean": 0.00934011116624,
        "dmean2": 0.0144109725952,
        "dvar": 0.000184381293366,
        "dvar2": 0.000447333120974,
        "max": 0.131474778056,
        "mean": 0.0229059439152,
        "median": 0.0191790945828,
        "min": 1.08279549692e-20,
        "var": 0.000264956353931
    },
    "spectral_energyband_high": {
        "dmean": 0.000587700807955,
        "dmean2": 0.000842023990117,
        "dvar": 1.31138710913e-06,
        "dvar2": 3.1824049529e-06,
        "max": 0.0157480761409,
        "mean": 0.00136623333674,
        "median": 0.00098229944706,
        "min": 7.92359216821e-21,
        "var": 1.8724884967e-06
    },
    "spectral_energyband_low": {
        "dmean": 0.00483257044107,
        "dmean2": 0.00843986216933,
        "dvar": 8.99819278857e-05,
        "dvar2": 0.000251733610639,
        "max": 0.0877379924059,
        "mean": 0.007125033997,
        "median": 0.00527554936707,
        "min": 7.00623720637e-23,
        "var": 6.97919022059e-05
    },
    "spectral_energyband_middle_high": {
        "dmean": 0.00219093961641,
        "dmean2": 0.00313521595672,
        "dvar": 7.71188842918e-06,
        "dvar2": 1.53052042151e-05,
        "max": 0.0287476871163,
        "mean": 0.00639744149521,
        "median": 0.00490624969825,
        "min": 1.40709985518e-21,
        "var": 2.49554304901e-05
    },
    "spectral_energyband_middle_low": {
        "dmean": 0.00458126375452,
        "dmean2": 0.00716350693256,
        "dvar": 5.3959145589e-05,
        "dvar2": 0.000125148551888,
        "max": 0.0846897065639,
        "mean": 0.0089830365032,
        "median": 0.0067844488658,
        "min": 3.9188928551e-22,
        "var": 7.02748657204e-05
    },
    "spectral_entropy": {
        "dmean": 0.101948291063,
        "dmean2": 0.153619080782,
        "dvar": 0.0135482130572,
        "dvar2": 0.0327697023749,
        "max": 9.78160381317,
        "mean": 7.9345459938,
        "median": 7.965716362,
        "min": 6.0813126564,
        "var": 0.0575924552977
    },
    "spectral_flux": {
        "dmean": 0.0267954990268,
        "dmean2": 0.0397932827473,
        "dvar": 0.000916417804547,
        "dvar2": 0.00168700795621,
        "max": 0.322694718838,
        "mean": 0.0847252905369,
        "median": 0.0763033553958,
        "min": 1.04057457095e-10,
        "var": 0.00198993016966
    },
    "spectral_kurtosis": {
        "dmean": 0.81100577116,
        "dmean2": 1.3208078146,
        "dvar": 1.06903862953,
        "dvar2": 2.92107534409,
        "max": 18.7957458496,
        "mean": 4.23993206024,
        "median": 4.14147949219,
        "min": -1.17231082916,
        "var": 2.51842045784
    },
    "spectral_rms": {
        "dmean": 0.000862458837219,
        "dmean2": 0.00128008518368,
        "dvar": 1.0400148085e-06,
        "dvar2": 2.3396476081e-06,
        "max": 0.0113255493343,
        "mean": 0.00443794485182,
        "median": 0.00432565715164,
        "min": 3.25020912961e-12,
        "var": 2.65191988547e-06
    },
    "spectral_rolloff": {
        "dmean": 631.246948242,
        "dmean2": 1061.38818359,
        "dvar": 547027,
        "dvar2": 1382292.625,
        "max": 18776.953125,
        "mean": 2391.55810547,
        "median": 2390.18554688,
        "min": 21.533203125,
        "var": 2006036.375
    },
    "spectral_skewness": {
        "dmean": 0.157641991973,
        "dmean2": 0.251892954111,
        "dvar": 0.0298225004226,
        "dvar2": 0.0808271318674,
        "max": 2.71998715401,
        "mean": 1.47886228561,
        "median": 1.53016412258,
        "min": 0.0329253785312,
        "var": 0.0803466588259
    },
    "spectral_spread": {
        "dmean": 481258,
        "dmean2": 698898.625,
        "dvar": 519752187904,
        "dvar2": 730082574336,
        "max": 40503284,
        "mean": 5039915,
        "median": 5042015,
        "min": 1735425.5,
        "var": 1.43743870566e+12
    },
    "spectral_strongpeak": {
        "dmean": 0.454928994179,
        "dmean2": 0.801451265812,
        "dvar": 0.588201522827,
        "dvar2": 1.47678244114,
        "max": 6.61980867386,
        "mean": 0.632643520832,
        "median": 0.351082473993,
        "min": 0,
        "var": 0.649687886238
    },
    "zerocrossingrate": {
        "dmean": 0.0124468253925,
        "dmean2": 0.0148380408064,
        "dvar": 0.000125430975459,
        "dvar2": 0.000162850104971,
        "max": 0.52197265625,
        "mean": 0.092306882143,
        "median": 0.0908203125,
        "min": 0.00390625,
        "var": 0.00128633854911
    },
    "barkbands": {
        "dmean": [2.82117071038e-05, 0.00273313419893, 0.00214743567631, 0.00178684981074, 0.00168098730501, 0.000392617977923, 0.000606468471233, 0.000563543930184, 0.00122714787722, 0.000521354668308, 0.00014172741794, 0.000328543857904, 0.000306977046421, 0.000742313219234, 0.000321813888149, 0.000232984064496, 0.000375093717594, 0.000393337657442, 0.00036659030593, 0.000257925188635, 0.000243385744398, 0.000153976725414, 6.02124891884e-05, 4.02576770284e-05, 3.54952826456e-05, 5.78284671064e-05, 4.27128506999e-05],
        "dmean2": [3.78793374693e-05, 0.00494071096182, 0.00362314726226, 0.00305559602566, 0.00267287180759, 0.000634249241557, 0.000989787629806, 0.000922491948586, 0.00191218953114, 0.000809149467386, 0.000225502022658, 0.000531404104549, 0.000497347500641, 0.00118982128333, 0.00050993275363, 0.000378550728783, 0.000598556944169, 0.000604259897955, 0.000568780407775, 0.000426153506851, 0.000395466951886, 0.000231883546803, 8.95865741768e-05, 5.83367764193e-05, 4.56321758975e-05, 8.11208446976e-05, 6.23073137831e-05],
        "dvar": [2.96839708369e-09, 4.36611371697e-05, 1.46964302985e-05, 1.54818935698e-05, 1.01087962321e-05, 5.19604498095e-07, 1.0449077763e-06, 1.79207029305e-06, 4.17184583057e-06, 1.33051082685e-06, 2.32627300534e-07, 5.30706074642e-07, 4.08954718978e-07, 1.14610475066e-06, 4.79478273974e-07, 8.57744595351e-08, 2.46082578315e-07, 3.54380830458e-07, 3.11434178002e-07, 3.29905134322e-07, 3.79846341048e-07, 5.71946685568e-08, 1.11074553999e-08, 2.62488986102e-09, 1.55769486199e-09, 4.75798422883e-09, 3.13610803993e-09],
        "dvar2": [4.77528683263e-09, 0.000123626392451, 4.11893925047e-05, 4.09139429394e-05, 2.39593700826e-05, 1.19238336538e-06, 2.56696057477e-06, 4.39740097136e-06, 9.74856084213e-06, 3.09878464577e-06, 5.36788263616e-07, 1.26926545363e-06, 1.03556669728e-06, 2.78028301182e-06, 1.11460360586e-06, 1.66897706322e-07, 5.98127769535e-07, 7.82625306783e-07, 7.40772861718e-07, 8.76404385508e-07, 1.02747878827e-06, 1.30688874833e-07, 2.59471271136e-08, 5.47094813896e-09, 2.5734054887e-09, 8.44687342294e-09, 6.46047659814e-09],
        "max": [0.000442130345618, 0.0526610687375, 0.0503813847899, 0.0415789708495, 0.0495837293565, 0.00720090325922, 0.0136494152248, 0.0155518734828, 0.0232794936746, 0.019703283906, 0.0105421440676, 0.0153485555202, 0.00874463655055, 0.0122563131154, 0.0115270577371, 0.0097507853061, 0.00904843211174, 0.00860725995153, 0.00592786818743, 0.0104967309162, 0.00829003285617, 0.00360952713527, 0.00177936407272, 0.000579898420256, 0.000634282885585, 0.000746508594602, 0.000755374203436],
        "mean": [3.1409173971e-05, 0.00272174971178, 0.00352546898648, 0.00197158986703, 0.00267051719129, 0.00053870875854, 0.000829922966659, 0.000747453945223, 0.00197601597756, 0.000842854613438, 0.000197575558559, 0.000499217014294, 0.000391239998862, 0.00125575810671, 0.000492294260766, 0.000442005897639, 0.000781106005888, 0.00075613707304, 0.000652444316074, 0.000358922872692, 0.000375059462385, 0.000329401664203, 0.000140969947097, 0.000106297295133, 9.90521366475e-05, 0.000109874294139, 6.29137430224e-05],
        "median": [3.05734874928e-06, 0.0011821759399, 0.00272739864886, 0.000590567593463, 0.00169532210566, 0.000294585857773, 0.000410123117035, 0.000290299911285, 0.00105341942981, 0.000506758166011, 7.51366533223e-05, 0.000274414254818, 0.000166130848811, 0.000699611846358, 0.000209780948353, 0.000352154922439, 0.000601320585702, 0.000432227127021, 0.000361583806807, 0.0001807876979, 0.000204234282137, 0.00022199677187, 8.80728548509e-05, 8.59050778672e-05, 8.65038891789e-05, 8.49946081871e-05, 4.16670955019e-05],
        "min": [1.19800014273e-23, 2.89521702537e-23, 2.45867559992e-23, 1.4002909001e-23, 3.71794057381e-23, 1.55491350664e-22, 1.96152883101e-23, 5.74083994335e-23, 9.51365052628e-23, 4.60175256411e-23, 1.21339757164e-22, 1.40024451507e-22, 9.34883918161e-23, 7.27556378575e-23, 1.13383116747e-22, 1.94175688439e-22, 6.8373515529e-23, 7.04185648505e-23, 2.56779677256e-22, 3.24870566011e-22, 2.93371640366e-22, 5.73152204455e-22, 6.40612357896e-22, 8.97795401821e-22, 1.19165818068e-21, 1.70807081353e-21, 2.80115788322e-21],
        "var": [5.01464780811e-09, 3.09490096697e-05, 1.46029706229e-05, 1.43372217281e-05, 1.16009732665e-05, 6.20088883352e-07, 1.36842004395e-06, 2.36428741118e-06, 7.57002999308e-06, 2.05348305826e-06, 4.03939509397e-07, 7.89663431533e-07, 4.58291680161e-07, 2.20381002691e-06, 8.60196280428e-07, 2.02754534939e-07, 4.98373083246e-07, 7.54237817091e-07, 5.13979330208e-07, 3.03189779061e-07, 3.31220263661e-07, 1.07224110479e-07, 2.73448588217e-08, 7.14693726422e-09, 5.11845765772e-09, 1.00321138063e-08, 4.90643525808e-09]
    },
    "erbbands": {
        "dmean": [0.0499870590866, 0.724874138832, 2.40456795692, 3.73142457008, 6.60003566742, 5.51895904541, 3.50113654137, 3.05184960365, 7.32964372635, 9.36927986145, 15.1315202713, 31.2527179718, 13.8895244598, 12.6003379822, 7.51768016815, 12.7776069641, 14.8326854706, 37.2444419861, 23.5196304321, 7.57996034622, 15.161075592, 19.6925544739, 21.651599884, 16.9878559113, 18.2149200439, 11.7868051529, 10.2611579895, 9.11420059204, 5.36693811417, 3.28959155083, 1.57545995712, 0.999407589436, 0.636554956436, 0.380244255066, 0.288462936878, 0.26630115509, 0.0984919220209, 0.0322446897626, 0.00885416008532, 0.000396359275328],
        "dmean2": [0.0891768559813, 1.30879294872, 4.09356546402, 6.45778751373, 10.7781839371, 8.81032943726, 5.56957149506, 4.93303060532, 11.9238958359, 15.0819568634, 24.2837600708, 48.8463363647, 22.2026767731, 19.3204803467, 11.8404493332, 20.4079704285, 23.7432060242, 59.334941864, 36.654132843, 11.8160686493, 24.9081573486, 31.1768074036, 32.8028106689, 26.821346283, 28.2365894318, 19.5651836395, 16.7220096588, 14.6363725662, 8.22086524963, 4.79677152634, 2.32942819595, 1.49212193489, 0.907226860523, 0.526807963848, 0.374494075775, 0.365336686373, 0.140687510371, 0.0474302656949, 0.0130510320887, 0.000576702645048],
        "dvar": [0.0137112308294, 3.01657652855, 20.3148155212, 50.3684120178, 216.571594238, 82.4087142944, 50.624584198, 32.8327560425, 165.488891602, 308.893493652, 1208.63354492, 2929.69067383, 1052.0592041, 1122.79785156, 369.855163574, 912.831542969, 1012.03509521, 3116.65625, 1923.56286621, 227.733184814, 279.03894043, 703.756103516, 1060.68859863, 589.713867188, 951.289978027, 754.668884277, 581.233459473, 490.425109863, 78.7702865601, 28.0488090515, 8.2503194809, 2.15725684166, 0.595570981503, 0.196834608912, 0.102508470416, 0.093581750989, 0.0146364783868, 0.00176836538594, 0.00014184837346, 2.61431836179e-07],
        "dvar2": [0.0388918668032, 8.57211208344, 57.3664398193, 137.104492188, 526.08380127, 206.734375, 111.952148438, 76.4887390137, 410.066345215, 723.265319824, 2964.27758789, 6915.36035156, 2631.54052734, 2470.14306641, 894.309814453, 2149.77636719, 2550.50756836, 7483.27050781, 4424.08691406, 395.074859619, 668.156555176, 1683.05224609, 2316.7902832, 1382.16027832, 2291.74414062, 2036.44750977, 1529.03295898, 1343.42407227, 183.583572388, 61.363735199, 19.4008388519, 5.06286382675, 1.27017736435, 0.369671285152, 0.178884759545, 0.174801856279, 0.0273413602263, 0.00353300664574, 0.000298561382806, 5.40750079381e-07],
        "max": [1.12952792645, 13.2632369995, 55.2163658142, 74.6401138306, 200.975616455, 107.367019653, 75.0043869019, 64.6505126953, 152.624237061, 348.006317139, 653.458007812, 705.992980957, 715.960693359, 695.106628418, 373.456726074, 777.140380859, 454.48840332, 724.515686035, 743.282165527, 628.733520508, 231.355163574, 505.937194824, 515.147460938, 306.167602539, 346.875610352, 521.531005859, 284.185394287, 310.696899414, 116.913017273, 79.0259628296, 50.2296028137, 22.3937168121, 9.06120967865, 8.43750667572, 4.52787685394, 3.82943630219, 1.42058300972, 0.574950098991, 0.159534558654, 0.0066091530025],
        "mean": [0.0472080297768, 0.769926130772, 3.92245078087, 5.00469684601, 8.91282081604, 8.94989013672, 4.59825706482, 4.38480854034, 9.84104537964, 14.3819932938, 23.7422237396, 49.6427268982, 23.652217865, 19.8569641113, 12.5220537186, 20.0610561371, 21.2389030457, 63.2586975098, 40.9853019714, 14.7694425583, 31.5575828552, 43.6706619263, 45.0336265564, 33.112991333, 31.0587978363, 16.5221538544, 14.5830955505, 15.2579784393, 11.4887075424, 7.19731092453, 3.75289726257, 2.45365142822, 1.66581130028, 1.04437482357, 0.724457859993, 0.54256016016, 0.173771888018, 0.0498923249543, 0.0129084009677, 0.000606751069427],
        "median": [0.0111837992445, 0.407082498074, 3.02359724045, 2.9196293354, 4.99516868591, 6.04915380478, 2.31220054626, 2.51882481575, 4.63548088074, 7.81005477905, 11.8181343079, 26.5510997772, 15.6813659668, 10.7267570496, 6.49481725693, 11.077832222, 9.78251361847, 34.5307998657, 20.5943775177, 9.4149646759, 26.6375179291, 34.4945411682, 26.177778244, 22.6385383606, 15.1323947906, 8.52321147919, 6.95552539825, 9.20150375366, 7.74160814285, 4.35053777695, 2.33447861671, 1.89577162266, 1.36348235607, 0.900167346001, 0.613586127758, 0.433183223009, 0.129267171025, 0.0335516743362, 0.00856263190508, 0.000411463726778],
        "min": [1.72194547583e-21, 3.43408958842e-21, 2.2741891454e-20, 3.9386896338e-20, 7.61089398598e-20, 1.32074635937e-19, 4.95641298067e-19, 1.56397509617e-18, 4.29198351405e-19, 9.98289953295e-19, 1.09327355207e-18, 2.1214794228e-18, 1.7662909629e-18, 2.81221638651e-18, 5.12747051922e-18, 6.26563133743e-18, 4.24045166116e-18, 4.01853730078e-18, 6.93379474902e-18, 6.8796144189e-18, 9.02973435002e-18, 4.01408251959e-18, 4.26127965539e-18, 1.16667795254e-17, 1.42270184994e-17, 1.3706043606e-17, 9.82516942502e-18, 1.42678150472e-17, 1.99101926764e-17, 1.63712840597e-17, 1.92978838085e-17, 1.6581551717e-17, 1.92030343164e-17, 1.09249383095e-17, 8.87070308699e-18, 5.82624499016e-18, 3.73127360406e-18, 1.57029496285e-18, 3.91377456601e-19, 3.56633266547e-20],
        "var": [0.0108111388981, 2.07369112968, 18.4531383514, 45.2145080566, 207.414596558, 103.232917786, 57.9181137085, 39.2966194153, 215.709838867, 479.528564453, 1814.22131348, 4974.359375, 1447.30578613, 1778.00952148, 640.392822266, 1392.36535645, 1179.66699219, 5912.96972656, 3872.13085938, 508.510772705, 551.427246094, 1426.95275879, 2549.98901367, 989.301147461, 1451.88427734, 645.042114258, 545.836242676, 437.949432373, 133.427719116, 64.6409835815, 20.1296272278, 4.49079608917, 1.72481286526, 0.564230620861, 0.307511568069, 0.218161165714, 0.027889855206, 0.00283226836473, 0.00021290400764, 4.24293091328e-07]
    },
    "gfcc": {
        "mean": [33.6006774902, 48.3143119812, -108.244514465, 25.9291553497, -42.3105239868, 4.73111534119, -30.0250034332, 9.10024547577, -22.0060920715, -2.26785850525, -26.7740058899, -6.34362840652, -21.8691692352],
        "cov": [[13671.0507812, -70.801940918, 402.746246338, -91.4688034058, 120.090133667, -58.694858551, -50.4011535645, 22.8554439545, -74.597328186, -16.7913684845, -251.730163574, -182.241699219, -282.483734131], [-70.801940918, 517.250976562, -49.328289032, 186.344711304, 49.3825721741, 28.2386074066, 30.6082019806, 38.2632789612, 28.3647575378, 14.2816896439, 37.2753868103, 3.43338775635, 22.8179397583], [402.746246338, -49.328289032, 676.886352539, 87.7487335205, 167.950057983, 37.757774353, 45.0444030762, 22.174741745, 45.2973709106, 18.0705280304, -7.0947098732, 13.2725324631, 29.0958480835], [-91.4688034058, 186.344711304, 87.7487335205, 307.779327393, 17.1950778961, 44.890712738, 4.53391075134, -2.66766953468, 18.1670398712, 28.0689678192, 31.1933784485, 6.00972652435, 39.4932556152], [120.090133667, 49.3825721741, 167.950057983, 17.1950778961, 194.056930542, 60.2627296448, 55.8660697937, 33.0132789612, 45.2911491394, 18.6728401184, 9.51597309113, 2.53131055832, 16.2603130341], [-58.694858551, 28.2386074066, 37.757774353, 44.890712738, 60.2627296448, 132.922195435, 53.2418746948, 46.1894035339, 14.7530040741, 13.1144361496, 5.73803853989, 13.7257566452, 23.7434616089], [-50.4011535645, 30.6082019806, 45.0444030762, 4.53391075134, 55.8660697937, 53.2418746948, 117.825126648, 39.7538452148, 14.3904342651, 11.1482038498, 12.8566541672, 8.13450813293, 6.27941703796], [22.8554439545, 38.2632789612, 22.174741745, -2.66766953468, 33.0132789612, 46.1894035339, 39.7538452148, 94.8231277466, 44.9442863464, 9.50779914856, -0.578621387482, -0.506254136562, 4.44340133667], [-74.597328186, 28.3647575378, 45.2973709106, 18.1670398712, 45.2911491394, 14.7530040741, 14.3904342651, 44.9442863464, 89.108505249, 38.535949707, 14.5829658508, 1.82608103752, 0.530341088772], [-16.7913684845, 14.2816896439, 18.0705280304, 28.0689678192, 18.6728401184, 13.1144361496, 11.1482038498, 9.50779914856, 38.535949707, 64.1943664551, 31.770734787, 7.71203899384, 2.31920957565], [-251.730163574, 37.2753868103, -7.0947098732, 31.1933784485, 9.51597309113, 5.73803853989, 12.8566541672, -0.578621387482, 14.5829658508, 31.770734787, 61.7390556335, 30.2398872375, 8.40802764893], [-182.241699219, 3.43338775635, 13.2725324631, 6.00972652435, 2.53131055832, 13.7257566452, 8.13450813293, -0.506254136562, 1.82608103752, 7.71203899384, 30.2398872375, 51.3234024048, 21.2263298035], [-282.483734131, 22.8179397583, 29.0958480835, 39.4932556152, 16.2603130341, 23.7434616089, 6.27941703796, 4.44340133667, 0.530341088772, 2.31920957565, 8.40802764893, 21.2263298035, 65.7592315674]],
        "icov": [[9.44096609601e-05, -2.53222424362e-05, -4.91326536576e-05, -4.14525566157e-05, -0.000117420488095, 6.07280708209e-05, 6.81393285049e-05, -0.000143525423482, 0.000293999532005, -0.000339456979418, 0.000513604667503, -0.000117678748211, 0.000453194923466], [-2.53222424362e-05, 0.00302329589613, 0.00079328159336, -0.00211344123818, -0.00126606610138, 0.00101743207779, -0.000344852538547, -0.00152394571342, 0.00011414992332, 0.000986606697552, -0.00122638768516, 0.000191176819499, -9.85709921224e-05], [-4.91326536576e-05, 0.00079328159336, 0.00231759832241, -0.00123819406144, -0.00219079502858, 0.000997711787932, -0.00036284327507, -0.000351405091351, -0.000162459371495, -0.000169155842741, 0.00142088264693, -0.00150259328075, -0.000217649387196], [-4.14525566157e-05, -0.00211344123818, -0.00123819406144, 0.00585711095482, 0.00202246522531, -0.00275556184351, 0.000674158567563, 0.00243584020063, -0.00125778489746, -0.000382533180527, -0.00280674686655, 0.00308057712391, -0.00276048481464], [-0.000117420488095, -0.00126606610138, -0.00219079502858, 0.00202246522531, 0.00983033236116, -0.00384707376361, -0.00217251176946, 0.002608562354, -0.00468453764915, 0.00178987020627, -0.00283432612196, 0.00333083351143, -0.00205899961293], [6.07280708209e-05, 0.00101743207779, 0.000997711787932, -0.00275556184351, -0.00384707376361, 0.0134078972042, -0.00291127106175, -0.00620966870338, 0.00398900359869, -0.00334567273967, 0.00411681784317, -0.00439669797197, -0.00109233439434], [6.81393285049e-05, -0.000344852538547, -0.00036284327507, 0.000674158567563, -0.00217251176946, -0.00291127106175, 0.0123537685722, -0.00396252656356, 0.00255354167894, -0.00091487611644, -0.002212616615, 5.51151715626e-05, 0.00112125684973], [-0.000143525423482, -0.00152394571342, -0.000351405091351, 0.00243584020063, 0.002608562354, -0.00620966870338, -0.00396252656356, 0.0203689150512, -0.011834311299, 0.00447469670326, -0.000132903529448, 0.00223189336248, -0.00156184949446], [0.000293999532005, 0.00011414992332, -0.000162459371495, -0.00125778489746, -0.00468453764915, 0.00398900359869, 0.00255354167894, -0.011834311299, 0.0244413409382, -0.0136853931472, 0.00337041122839, -0.00211412506178, 0.00286148604937], [-0.000339456979418, 0.000986606697552, -0.000169155842741, -0.000382533180527, 0.00178987020627, -0.00334567273967, -0.00091487611644, 0.00447469670326, -0.0136853931472, 0.0312199983746, -0.0173503849655, 0.00659511703998, -0.00184663932305], [0.000513604667503, -0.00122638768516, 0.00142088264693, -0.00280674686655, -0.00283432612196, 0.00411681784317, -0.002212616615, -0.000132903529448, 0.00337041122839, -0.0173503849655, 0.0390836708248, -0.0216418709606, 0.00569670600817], [-0.000117678748211, 0.000191176819499, -0.00150259328075, 0.00308057712391, 0.00333083351143, -0.00439669797197, 5.51151715626e-05, 0.00223189336248, -0.00211412506178, 0.00659511703998, -0.0216418709606, 0.0361938886344, -0.0102806929499], [0.000453194923466, -9.85709921224e-05, -0.000217649387196, -0.00276048481464, -0.00205899961293, -0.00109233439434, 0.00112125684973, -0.00156184949446, 0.00286148604937, -0.00184663932305, 0.00569670600817, -0.0102806929499, 0.0224763266742]]
    },
    "melbands": {
        "dmean": [0.000614183722064, 0.00114255875815, 0.000755369197577, 0.000454248394817, 0.000133236535476, 6.95294365869e-05, 0.000117741263239, 0.000106359162601, 0.000160405616043, 0.000175726308953, 6.85693812557e-05, 5.52156234335e-05, 2.22778653551e-05, 3.76965472242e-05, 3.26710869558e-05, 3.23380991176e-05, 7.87884127931e-05, 4.27169798058e-05, 1.5318619262e-05, 1.13637697723e-05, 2.07576304092e-05, 2.1680683858e-05, 2.44488983299e-05, 1.76321118488e-05, 1.44482301039e-05, 1.49495253936e-05, 1.14904751172e-05, 7.41886879041e-06, 6.17422165305e-06, 6.4942141762e-06, 5.46204910279e-06, 3.40362998941e-06, 2.77342041954e-06, 1.59380056175e-06, 1.01821797216e-06, 7.66150435538e-07, 6.26484563782e-07, 4.68320195068e-07, 4.59882272708e-07, 3.16432846148e-07],
        "dmean2": [0.00110833917279, 0.00198823050596, 0.00127941649407, 0.000720940879546, 0.000211102742469, 0.000113234658784, 0.00019107319531, 0.000170689425431, 0.000253894104389, 0.000275599071756, 0.000109689077362, 8.45585091156e-05, 3.53664472641e-05, 6.06029534538e-05, 5.19685709151e-05, 5.21782130818e-05, 0.000126255283249, 6.74871116644e-05, 2.46153740591e-05, 1.81822670129e-05, 3.45518055838e-05, 3.52799143002e-05, 3.74938172172e-05, 2.7631624107e-05, 2.31141584663e-05, 2.30904715863e-05, 1.8441449356e-05, 1.25898850456e-05, 1.00931138149e-05, 1.07963005576e-05, 8.84291966941e-06, 5.28922373633e-06, 4.26538190368e-06, 2.36693404077e-06, 1.52237419115e-06, 1.19790774988e-06, 9.57023303272e-07, 6.98610222116e-07, 6.89337525728e-07, 4.53236850717e-07],
        "dvar": [2.21264031097e-06, 5.28496821062e-06, 2.26876341003e-06, 7.00427960965e-07, 7.33866087899e-08, 1.69624190249e-08, 4.21966177555e-08, 4.41966854225e-08, 1.09397674919e-07, 9.20392864145e-08, 2.70243543099e-08, 2.10093915598e-08, 5.35199706775e-09, 6.46984332775e-09, 6.21144913282e-09, 3.69450581239e-09, 1.4340615806e-08, 6.01212191143e-09, 8.90760576411e-10, 4.45116471459e-10, 5.36536204354e-10, 9.33960131455e-10, 1.31067157128e-09, 8.61651916484e-10, 4.08143963071e-10, 5.72908331886e-10, 4.76650163783e-10, 3.49466872107e-10, 2.03225977713e-10, 3.16854403826e-10, 1.41121350716e-10, 3.04700119302e-11, 1.91277011591e-11, 6.94924196312e-12, 3.57747989219e-12, 1.7436987184e-12, 7.20559571211e-13, 3.35061947805e-13, 2.83325446437e-13, 1.40305180126e-13],
        "dvar2": [6.26588280284e-06, 1.49652350956e-05, 5.87969316257e-06, 1.72657519215e-06, 1.69483328705e-07, 3.98207795627e-08, 1.04116381294e-07, 1.05781964521e-07, 2.65496083784e-07, 2.18548251496e-07, 6.7216895161e-08, 4.6207741633e-08, 1.26254455779e-08, 1.58877337952e-08, 1.42055238683e-08, 9.15812758961e-09, 3.4569005436e-08, 1.37551525725e-08, 2.14085793537e-09, 7.34989180629e-10, 1.34325850443e-09, 2.32556973678e-09, 2.82819612174e-09, 1.9348542768e-09, 9.83604087068e-10, 1.36170053011e-09, 1.18975473917e-09, 9.60663326666e-10, 5.25793963924e-10, 8.75521655175e-10, 3.81325054866e-10, 7.20597262416e-11, 4.45909455193e-11, 1.57111511301e-11, 8.47961024314e-12, 4.42760541772e-12, 1.68387265936e-12, 7.35232133422e-13, 6.2307721916e-13, 2.84554091444e-13],
        "max": [0.0125882374123, 0.0239799860865, 0.0175453592092, 0.0133020756766, 0.00299336644821, 0.0015507536009, 0.00237584346905, 0.00341149466112, 0.00656107487157, 0.0040150443092, 0.00363399321213, 0.00292043294758, 0.00166363222525, 0.00172421114985, 0.00190325407311, 0.000735215377063, 0.00144601124339, 0.00122003001161, 0.000445494049927, 0.000886906229425, 0.000304419139866, 0.000524047587533, 0.000632168957964, 0.000543445406947, 0.000216971020564, 0.000321243598592, 0.000282461172901, 0.000366185704479, 0.000169645951246, 0.000239280881942, 0.000170154482475, 8.60913060023e-05, 5.05196148879e-05, 4.36528025602e-05, 3.96283066948e-05, 2.17801607505e-05, 9.15770124266e-06, 6.29011356068e-06, 5.93732329435e-06, 7.82415918366e-06],
        "mean": [0.000594575307332, 0.00169388076756, 0.00101115496363, 0.000732862099539, 0.00018284037651, 9.83229474514e-05, 0.000157499904162, 0.000159137722221, 0.000252703524893, 0.000279159081401, 0.00011057771917, 8.56178376125e-05, 3.42438215739e-05, 5.69325711695e-05, 4.603445268e-05, 4.74585795018e-05, 0.000128717176267, 6.96180359228e-05, 2.48363394348e-05, 1.99895257538e-05, 4.06859908253e-05, 4.39638351963e-05, 4.74781663797e-05, 3.35632030328e-05, 2.58043983195e-05, 2.52617919614e-05, 1.7633446987e-05, 9.21085302252e-06, 8.22630681796e-06, 9.41138932831e-06, 9.05832075659e-06, 6.81515484757e-06, 5.47457011635e-06, 3.3141025142e-06, 2.20338210966e-06, 1.69627026025e-06, 1.43778447637e-06, 1.1294464457e-06, 1.11288193239e-06, 8.06037007806e-07],
        "median": [0.000202600014745, 0.00124341575429, 0.000561898923479, 0.000486525997985, 0.000104587852547, 5.5722957768e-05, 7.48888633098e-05, 8.56109618326e-05, 0.000124808662804, 0.000151267217007, 6.97471477906e-05, 4.60565461253e-05, 1.5745357814e-05, 3.31577211909e-05, 1.87625282706e-05, 2.41316301981e-05, 6.8684850703e-05, 3.24313950841e-05, 1.2613418221e-05, 1.37298457048e-05, 3.43678657373e-05, 3.47597233485e-05, 2.68704134214e-05, 1.97931221919e-05, 1.75335153472e-05, 1.19622163766e-05, 8.63505010784e-06, 4.40423536929e-06, 3.35698382514e-06, 4.97535666e-06, 5.52022765987e-06, 4.5803831199e-06, 3.35295726472e-06, 1.94081985683e-06, 1.29043496599e-06, 1.20696415706e-06, 1.11620272492e-06, 9.06455738914e-07, 9.31098668389e-07, 6.91429988819e-07],
        "min": [1.15086688693e-23, 9.14125627197e-24, 7.80654227452e-24, 7.74234950722e-24, 1.41535987888e-23, 3.22240150343e-23, 6.37585782592e-24, 1.1434528566e-23, 9.12716642734e-24, 1.44494279391e-23, 8.37070009519e-24, 1.0037194001e-23, 1.62904178772e-23, 1.74948585959e-23, 8.78697805057e-24, 1.19309524228e-23, 6.14496021112e-24, 1.13937207914e-23, 7.25223811541e-24, 1.27018872528e-23, 9.03526413188e-24, 4.07337400311e-24, 3.77090934926e-24, 3.86174826022e-24, 1.02166503906e-23, 8.62612694541e-24, 1.39169105405e-23, 7.36128472492e-24, 6.6268544333e-24, 5.28784429936e-24, 9.34710005885e-24, 1.03811452443e-23, 1.20012770059e-23, 8.135888547e-24, 1.01662327125e-23, 1.26963060619e-23, 8.9811317077e-24, 1.36444048517e-23, 1.29598857895e-23, 7.80266660089e-24],
        "var": [1.63265656283e-06, 4.13178213421e-06, 2.09529298445e-06, 7.91274601397e-07, 7.96200367859e-08, 2.00073877465e-08, 5.44378799816e-08, 6.39271107161e-08, 1.78017344865e-07, 1.53082069687e-07, 3.72716897346e-08, 3.35257546169e-08, 9.37596134065e-09, 8.39522407148e-09, 1.04655368816e-08, 4.54833015695e-09, 2.63169699366e-08, 1.1781147613e-08, 1.49590484444e-09, 1.11390174862e-09, 9.4004992679e-10, 1.57295843017e-09, 2.98674196486e-09, 1.65432967325e-09, 6.45850317671e-10, 9.5396401889e-10, 5.96918126039e-10, 2.67872252158e-10, 1.97934058033e-10, 2.47815129528e-10, 1.3796114251e-10, 4.8490756549e-11, 3.54817841774e-11, 1.61226518247e-11, 8.54941551581e-12, 2.89638170219e-12, 1.5004252181e-12, 8.60307756024e-13, 7.09529982511e-13, 3.58141874447e-13]
    },
    "mfcc": {
        "mean": [-613.875061035, 93.4798812866, -8.53286743164, 26.1958446503, 5.26836013794, 3.22043371201, -0.94450378418, 7.66949415207, 4.45132541656, 1.72563123703, 8.79335212708, -3.18459153175, -12.1950426102],
        "cov": [[7538.23046875, 260.785003662, 198.812469482, 176.719604492, 76.6155090332, 116.707077026, 35.0753746033, -9.08405590057, 49.5531196594, 115.150978088, 44.1439781189, 44.2678413391, -135.729415894], [260.785003662, 377.520111084, 40.4706115723, 85.2461166382, 79.699005127, 20.1948299408, 40.6918525696, 41.7491416931, 42.4753341675, 16.8062934875, 37.1458206177, 32.7706108093, 7.76976776123], [198.812469482, 40.4706115723, 373.030975342, 153.132492065, 86.6181564331, 59.5013313293, 28.0323028564, 13.3808832169, 46.5163154602, 26.872795105, -41.7667541504, 43.4347419739, 33.4606933594], [176.719604492, 85.2461166382, 153.132492065, 238.454406738, 63.708530426, 61.8417320251, 15.553653717, -9.46430969238, 6.46649885178, 30.9365139008, -11.9977169037, 15.0055828094, 26.5978107452], [76.6155090332, 79.699005127, 86.6181564331, 63.708530426, 154.293716431, 48.9075126648, 16.7840003967, 22.348285675, 45.9297981262, 39.8650665283, -1.90484809875, 19.2052326202, 17.3520507812], [116.707077026, 20.1948299408, 59.5013313293, 61.8417320251, 48.9075126648, 105.789375305, 52.6724243164, 11.7827939987, 21.0075092316, 15.8686542511, -2.13583564758, 20.6458778381, 17.7878513336], [35.0753746033, 40.6918525696, 28.0323028564, 15.553653717, 16.7840003967, 52.6724243164, 110.172035217, 44.289226532, 33.6574134827, 7.55397701263, -0.548822760582, 21.9631652832, 5.24882459641], [-9.08405590057, 41.7491416931, 13.3808832169, -9.46430969238, 22.348285675, 11.7827939987, 44.289226532, 83.4988250732, 42.8709449768, 13.9218406677, 18.2730484009, 14.4510135651, 6.75246620178], [49.5531196594, 42.4753341675, 46.5163154602, 6.46649885178, 45.9297981262, 21.0075092316, 33.6574134827, 42.8709449768, 90.8350753784, 44.5932617188, 4.38120126724, 14.2681331635, -2.13380908966], [115.150978088, 16.8062934875, 26.872795105, 30.9365139008, 39.8650665283, 15.8686542511, 7.55397701263, 13.9218406677, 44.5932617188, 79.0990447998, 26.4277820587, 5.35914516449, 0.355666339397], [44.1439781189, 37.1458206177, -41.7667541504, -11.9977169037, -1.90484809875, -2.13583564758, -0.548822760582, 18.2730484009, 4.38120126724, 26.4277820587, 87.6939239502, 23.3808937073, 2.73396277428], [44.2678413391, 32.7706108093, 43.4347419739, 15.0055828094, 19.2052326202, 20.6458778381, 21.9631652832, 14.4510135651, 14.2681331635, 5.35914516449, 23.3808937073, 60.978099823, 27.6532897949], [-135.729415894, 7.76976776123, 33.4606933594, 26.5978107452, 17.3520507812, 17.7878513336, 5.24882459641, 6.75246620178, -2.13380908966, 0.355666339397, 2.73396277428, 27.6532897949, 54.3895187378]],
