{
"lowlevel": {
    "average_loudness": 0.97531914711,
    "barkbands_crest": {
        "dmean": 2.17925000191,
        "dmean2": 3.50651502609,
        "dvar": 4.34833431244,
        "dvar2": 11.7899951935,
        "max": 21.5890026093,
        "mean": 9.48117160797,
        "median": 9.07185268402,
        "min": 3.10535264015,
        "var": 8.57424163818
    },
    "barkbands_flatness_db": {
        "dmean": 0.0245860815048,
        "dmean2": 0.0343787893653,
        "dvar": 0.000541043409612,
        "dvar2": 0.00136170419864,
        "max": 0.310632824898,
        "mean": 0.12699316442,
        "median": 0.126062080264,
        "min": 0.02581669949,
        "var": 0.00153322611004
    },
    "barkbands_kurtosis": {
        "dmean": 2.80268907547,
        "dmean2": 4.62321949005,
        "dvar": 28.910867691,
        "dvar2": 82.6821746826,
        "max": 63.8742294312,
        "mean": 3.307949543,
        "median": 1.92900419235,
        "min": -1.850238204,
        "var": 28.8097324371
    },
    "barkbands_skewness": {
        "dmean": 0.559508264065,
        "dmean2": 0.876780807972,
        "dvar": 0.458937376738,
        "dvar2": 1.24639308453,
        "max": 7.58664226532,
        "mean": 1.83382415771,
        "median": 1.76668190956,
        "min": -1.85303342342,
        "var": 0.906724572182
    },
    "barkbands_spread": {
        "dmean": 9.45831775665,
        "dmean2": 13.9478664398,
        "dvar": 97.1149597168,
        "dvar2": 226.961334229,
        "max": 114.117950439,
        "mean": 34.1709785461,
        "median": 31.4400081635,
        "min": 2.04653429985,
        "var": 248.922317505
    },
    "dissonance": {
        "dmean": 0.00991317257285,
        "dmean2": 0.016600491479,
        "dvar": 0.000119014628581,
        "dvar2": 0.000336817058269,
        "max": 0.499610900879,
        "mean": 0.477666527033,
        "median": 0.481110334396,
        "min": 0.377237230539,
        "var": 0.000224147937843
    },
    "dynamic_complexity": 2.12602186203,
    "erbbands_crest": {
        "dmean": 1.69250941277,
        "dmean2": 2.70993852615,
        "dvar": 3.27744841576,
        "dvar2": 7.22254943848,
        "max": 27.4053859711,
        "mean": 7.31573009491,
        "median": 5.82396411896,
        "min": 2.68282365799,
        "var": 16.3899669647
    },
    "erbbands_flatness_db": {
        "dmean": 0.020484700799,
        "dmean2": 0.0245707444847,
        "dvar": 0.000379174540285,
        "dvar2": 0.00056586129358,
        "max": 0.257846802473,
        "mean": 0.118225120008,
        "median": 0.120206303895,
        "min": 0.0320481732488,
        "var": 0.00160440173931
    },
    "erbbands_kurtosis": {
        "dmean": 0.49236291647,
        "dmean2": 0.765847563744,
        "dvar": 0.520684301853,
        "dvar2": 1.17659842968,
        "max": 8.12699699402,
        "mean": -0.789776742458,
        "median": -1.22345292568,
        "min": -1.81151115894,
        "var": 1.55290341377
    },
    "erbbands_skewness": {
        "dmean": 0.302454411983,
        "dmean2": 0.458801299334,
        "dvar": 0.0708071291447,
        "dvar2": 0.155275642872,
        "max": 2.50616979599,
        "mean": -0.262938886881,
        "median": -0.289921104908,
        "min": -2.96279335022,
        "var": 0.413236856461
    },
    "erbbands_spread": {
        "dmean": 10.2419462204,
        "dmean2": 15.5187721252,
        "dvar": 110.732086182,
        "dvar2": 232.120010376,
        "max": 147.497039795,
        "mean": 71.3196105957,
        "median": 76.3974075317,
        "min": 11.2739257812,
        "var": 490.288818359
    },
    "hfc": {
        "dmean": 10.8660163879,
        "dmean2": 13.9958877563,
        "dvar": 282.554321289,
        "dvar2": 565.830932617,
        "max": 150.37171936,
        "mean": 24.5830020905,
        "median": 15.8091087341,
        "min": 1.17891316148e-16,
        "var": 543.588684082
    },
    "melbands_crest": {
        "dmean": 3.16959929466,
        "dmean2": 5.22633123398,
        "dvar": 8.38876438141,
        "dvar2": 22.7657318115,
        "max": 34.0732727051,
        "mean": 15.5208892822,
        "median": 15.2471780777,
        "min": 2.36945867538,
        "var": 17.4173240662
    },
    "melbands_flatness_db": {
        "dmean": 0.0269569717348,
        "dmean2": 0.0409302152693,
        "dvar": 0.000796423701104,
        "dvar2": 0.00212259381078,
        "max": 0.430233955383,
        "mean": 0.198784887791,
        "median": 0.197399407625,
        "min": 0.00662628747523,
        "var": 0.00193915411364
    },
    "melbands_kurtosis": {
        "dmean": 11.8910856247,
        "dmean2": 19.8450183868,
        "dvar": 577.875427246,
        "dvar2": 1644.46569824,
        "max": 319.659393311,
        "mean": 24.511182785,
        "median": 20.7300567627,
        "min": -1.27409517765,
        "var": 555.650512695
    },
    "melbands_skewness": {
        "dmean": 0.921037018299,
        "dmean2": 1.47883462906,
        "dvar": 1.45513761044,
        "dvar2": 3.85336184502,
        "max": 15.0003061295,
        "mean": 4.22305440903,
        "median": 4.30943918228,
        "min": -0.00270651350729,
        "var": 2.96724772453
    },
    "melbands_spread": {
        "dmean": 7.09320259094,
        "dmean2": 11.1812887192,
        "dvar": 65.4508132935,
        "dvar2": 160.736709595,
        "max": 135.847885132,
        "mean": 22.347114563,
        "median": 19.120098114,
        "min": 1.43228816986,
        "var": 203.962356567
    },
    "pitch_salience": {
        "dmean": 0.0701652765274,
        "dmean2": 0.114079207182,
        "dvar": 0.00467986054718,
        "dvar2": 0.0123010063544,
        "max": 0.842340111732,
        "mean": 0.592384696007,
        "median": 0.602685689926,
        "min": 0.204400449991,
        "var": 0.0104991570115
    },
    "silence_rate_20dB": {
        "dmean": 0,
        "dmean2": 0,
        "dvar": 0,
        "dvar2": 0,
        "max": 1,
        "mean": 1,
        "median": 1,
        "min": 1,
        "var": 0
    },
    "silence_rate_30dB": {
        "dmean": 0.022445820272,
        "dmean2": 0.0449090190232,
        "dvar": 0.0219417884946,
        "dvar2": 0.0521824471653,
        "max": 1,
        "mean": 0.982205033302,
        "median": 1,
        "min": 0,
        "var": 0.0174782667309
    },
    "silence_rate_60dB": {
        "dmean": 0.000386996893212,
        "dmean2": 0.000774293439463,
        "dvar": 0.000386875908589,
        "dvar2": 0.000773690524511,
        "max": 1,
        "mean": 0.00889748521149,
        "median": 0,
        "min": 0,
        "var": 0.00881925690919
    },
    "spectral_centroid": {
        "dmean": 304.640075684,
        "dmean2": 482.516693115,
        "dvar": 96828.5546875,
        "dvar2": 217193.953125,
        "max": 10845.9628906,
        "mean": 1859.78894043,
        "median": 1839.8034668,
        "min": 246.321121216,
        "var": 304634.9375
    },
    "spectral_complexity": {
        "dmean": 4.24419498444,
        "dmean2": 6.44173431396,
        "dvar": 23.2995166779,
        "dvar2": 44.5412712097,
        "max": 52,
        "mean": 18.6054153442,
        "median": 18,
        "min": 0,
        "var": 58.4269828796
    },
    "spectral_decrease": {
        "dmean": 3.40699668477e-09,
        "dmean2": 5.8450257967e-09,
        "dvar": 5.94073175002e-17,
        "dvar2": 1.64810932786e-16,
        "max": -1.6014724387e-30,
        "mean": -6.42890451985e-09,
        "median": -4.54666970739e-09,
        "min": -6.53785221516e-08,
        "var": 4.53585746208e-17
    },
    "spectral_energy": {
        "dmean": 0.0135790007189,
        "dmean2": 0.022933723405,
        "dvar": 0.00089299044339,
        "dvar2": 0.00245815096423,
        "max": 0.251281350851,
        "mean": 0.0264939032495,
        "median": 0.0187658350915,
        "min": 1.06991312824e-20,
        "var": 0.000713603629265
    },
    "spectral_energyband_high": {
        "dmean": 0.000866305781528,
        "dmean2": 0.00110847665928,
        "dvar": 2.11504107028e-06,
        "dvar2": 4.13605175709e-06,
        "max": 0.0156945567578,
        "mean": 0.00163226097357,
        "median": 0.000932862691116,
        "min": 7.88156670789e-21,
        "var": 3.759294259e-06
    },
    "spectral_energyband_low": {
        "dmean": 0.00894437544048,
        "dmean2": 0.0161081366241,
        "dvar": 0.00074423593469,
        "dvar2": 0.00211010780185,
        "max": 0.236436039209,
        "mean": 0.0111684408039,
        "median": 0.00685101887211,
        "min": 4.90880815177e-23,
        "var": 0.00046452236711
    },
    "spectral_energyband_middle_high": {
        "dmean": 0.00129298924003,
        "dmean2": 0.00184273649938,
        "dvar": 7.8705688793e-06,
        "dvar2": 1.4621680748e-05,
        "max": 0.0437366291881,
        "mean": 0.00344883347861,
        "median": 0.00143136049155,
        "min": 1.40526333651e-21,
        "var": 2.85455225821e-05
    },
    "spectral_energyband_middle_low": {
        "dmean": 0.00548084359616,
        "dmean2": 0.00879698619246,
        "dvar": 0.000125172591652,
        "dvar2": 0.000324419786921,
        "max": 0.118277214468,
        "mean": 0.0112090706825,
        "median": 0.00827491469681,
        "min": 3.6340961454e-22,
        "var": 0.000126904633362
    },
    "spectral_entropy": {
        "dmean": 0.14871455729,
        "dmean2": 0.190254077315,
        "dvar": 0.0182258374989,
        "dvar2": 0.0313515216112,
        "max": 9.80048561096,
        "mean": 7.76353120804,
        "median": 7.73078727722,
        "min": 6.52556180954,
        "var": 0.0812332108617
    },
    "spectral_flux": {
        "dmean": 0.0325700193644,
        "dmean2": 0.048574373126,
        "dvar": 0.00241332640871,
        "dvar2": 0.00426644645631,
        "max": 0.454039663076,
        "mean": 0.0826788544655,
        "median": 0.0601812005043,
        "min": 1.03436606502e-10,
        "var": 0.00413260422647
    },
    "spectral_kurtosis": {
        "dmean": 0.838042080402,
        "dmean2": 1.37281668186,
        "dvar": 0.502758979797,
        "dvar2": 1.40578770638,
        "max": 9.15797424316,
        "mean": 2.66303706169,
        "median": 2.59919071198,
        "min": -1.15068686008,
        "var": 1.15733015537
    },
    "spectral_rms": {
        "dmean": 0.00101307814475,
        "dmean2": 0.00161889998708,
        "dvar": 2.85381338472e-06,
        "dvar2": 7.4261838563e-06,
        "max": 0.0156573485583,
        "mean": 0.00473533477634,
        "median": 0.00427880045027,
        "min": 3.23081665587e-12,
        "var": 3.42432645084e-06
    },
    "spectral_rolloff": {
        "dmean": 984.936035156,
        "dmean2": 1627.48608398,
        "dvar": 1727159.875,
        "dvar2": 4042353.25,
        "max": 18776.953125,
        "mean": 1817.69262695,
        "median": 1055.12695312,
        "min": 43.06640625,
        "var": 3606819.5
    },
    "spectral_skewness": {
        "dmean": 0.188804551959,
        "dmean2": 0.268573611975,
        "dvar": 0.031935993582,
        "dvar2": 0.0569323040545,
        "max": 2.42385339737,
        "mean": 1.00567638874,
        "median": 1.03912079334,
        "min": 0.0166415739805,
        "var": 0.0974826738238
    },
    "spectral_spread": {
        "dmean": 929652.3125,
        "dmean2": 1083941.75,
        "dvar": 1.17713574298e+12,
        "dvar2": 1.59456663962e+12,
        "max": 40157992,
        "mean": 5419288.5,
        "median": 4744669.5,
        "min": 1892677.625,
        "var": 3.32538970112e+12
    },
    "spectral_strongpeak": {
        "dmean": 0.386216759682,
        "dmean2": 0.667589485645,
        "dvar": 0.998719036579,
        "dvar2": 2.64277625084,
        "max": 14.0420017242,
        "mean": 0.702816426754,
        "median": 0.383176773787,
        "min": 0,
        "var": 1.30308759212
    },
    "zerocrossingrate": {
        "dmean": 0.0192780382931,
        "dmean2": 0.0207524262369,
        "dvar": 0.00032727260259,
        "dvar2": 0.000397151859943,
        "max": 0.49658203125,
        "mean": 0.0835937485099,
        "median": 0.0732421875,
        "min": 0.01025390625,
        "var": 0.00186336087063
    },
    "barkbands": {
        "dmean": [6.67253843858e-05, 0.0048250858672, 0.00400626659393, 0.002166736871, 0.00268808472902, 0.00100894412026, 0.000643261068035, 0.000324427033775, 0.000450829887995, 0.000188869031263, 0.000238769556745, 0.000144764257129, 0.000229205994401, 0.000152590000653, 8.78357168403e-05, 7.37588925404e-05, 0.000137326627737, 0.00014570618805, 0.000330070994096, 0.000276491860859, 0.000177273337613, 0.000107066101918, 7.9939585703e-05, 0.000177436741069, 0.000135119378683, 0.00017764318909, 5.37173145858e-05],
        "dmean2": [0.000100240788015, 0.00864485371858, 0.00731074251235, 0.00362320267595, 0.00434807129204, 0.00168951344676, 0.00105267087929, 0.000534489459824, 0.000667187734507, 0.000279642903479, 0.000333571661031, 0.000222246409976, 0.000331754796207, 0.000228190459893, 0.00014472634939, 0.000118091302284, 0.000221930458792, 0.000235752406297, 0.000517084263265, 0.000456930778455, 0.000296128157061, 0.000159957402502, 0.000107743886474, 0.00024315295741, 0.000171809530002, 0.000226529562497, 6.94833215675e-05],
        "dvar": [3.23348459119e-08, 0.000222004309762, 0.00014663481852, 2.2047519451e-05, 2.38142783928e-05, 6.13070096733e-06, 2.1140217541e-06, 1.18289472084e-06, 2.13073599298e-06, 7.63864534292e-07, 1.42947953918e-06, 5.64826962091e-07, 1.14184035738e-06, 1.88661758216e-07, 1.0551085694e-07, 2.56376644359e-08, 6.61565309201e-08, 7.2738281176e-08, 4.06418877219e-07, 2.15691486005e-07, 1.24032482063e-07, 4.94262728523e-08, 2.55316585651e-08, 2.10731059269e-07, 4.50939054986e-08, 6.16828401689e-08, 5.81029846458e-09],
        "dvar2": [7.23888007315e-08, 0.00062465883093, 0.000426714017522, 5.74325022171e-05, 6.44079118501e-05, 1.72306245076e-05, 5.52160099687e-06, 2.72024863079e-06, 4.99773295815e-06, 1.31574597617e-06, 2.60208707914e-06, 1.0803182704e-06, 2.3722327569e-06, 3.86548265396e-07, 2.50669785373e-07, 6.53877805235e-08, 1.51279536453e-07, 1.71520227354e-07, 8.90149124189e-07, 5.66661412904e-07, 3.37021646146e-07, 1.216581893e-07, 5.33660653446e-08, 4.40568499016e-07, 8.23113524007e-08, 1.08352523398e-07, 1.0400261985e-08],
        "max": [0.00167265033815, 0.141018569469, 0.119223102927, 0.0488048419356, 0.0579014346004, 0.0265736747533, 0.0138065638021, 0.0212500412017, 0.0376491770148, 0.0200383085757, 0.0230790954083, 0.02304732427, 0.0257764868438, 0.00867831893265, 0.00728643825278, 0.00282636936754, 0.00461544422433, 0.00438658474013, 0.015106366016, 0.00762484082952, 0.00449830619618, 0.00320920534432, 0.001988732256, 0.00486210593954, 0.00236740987748, 0.00223398185335, 0.000722238328308],
        "mean": [5.98414844717e-05, 0.00482968473807, 0.00537220714614, 0.00237701041624, 0.00517748016864, 0.00138615781907, 0.000803946517408, 0.000611150811892, 0.000754725653678, 0.000262476271018, 0.000546508643311, 0.000200567141292, 0.000397831638111, 0.000244097143877, 0.000112937901577, 0.000114097805636, 0.000222339571337, 0.000268094212515, 0.000743709213566, 0.000655502430163, 0.000390738307033, 0.000173975349753, 0.000115784365335, 0.000219665802433, 0.000173839522176, 0.000215278720134, 6.42813538434e-05],
        "median": [1.95094503397e-06, 0.0022107353434, 0.00329647166654, 0.00106220389716, 0.00380951864645, 0.000887540401891, 0.000337841454893, 0.000169163104147, 0.000223049224587, 6.08258560533e-05, 2.59127609752e-05, 5.31845944352e-05, 1.93997566384e-05, 4.42526143161e-05, 3.05804278469e-05, 6.23128144071e-05, 0.000127465129481, 0.000176206129254, 0.000437653710833, 0.000446949532488, 0.000314247736242, 8.11134959804e-05, 4.16418843088e-05, 4.6827866754e-05, 3.09776623908e-05, 2.32727670664e-05, 4.94485584568e-06],
        "min": [2.46070360353e-23, 3.29118055026e-24, 1.9849370162e-23, 2.95236305598e-23, 6.92173568838e-23, 6.61237662688e-23, 7.05269164736e-23, 3.78163414993e-23, 6.87506793941e-23, 4.97014145606e-23, 6.45928207546e-23, 8.67738097392e-23, 2.0616126238e-22, 6.41289957859e-23, 1.01407715956e-22, 9.73025595364e-23, 9.62732033401e-23, 2.62037757045e-22, 2.83242817804e-22, 3.97153600455e-22, 5.98761280011e-22, 4.9854964127e-22, 6.49046984912e-22, 7.14167667208e-22, 1.19094499993e-21, 1.75852600362e-21, 2.42162031671e-21],
        "var": [3.46704851495e-08, 0.000141118667671, 8.98502548807e-05, 1.88795838767e-05, 2.71335447906e-05, 4.52489803138e-06, 2.23612414629e-06, 4.88669184051e-06, 4.75876140626e-06, 1.67650091498e-06, 6.18206604486e-06, 1.183703489e-06, 2.65764174401e-06, 4.79635446027e-07, 1.19907767271e-07, 3.10745846832e-08, 1.04796903599e-07, 1.00655512369e-07, 1.2664015685e-06, 5.42308214335e-07, 1.20838095086e-07, 6.43686419721e-08, 3.87636056587e-08, 2.87032776214e-07, 8.27663271252e-08, 1.12857527768e-07, 1.04823429936e-08]
    },
    "erbbands": {
        "dmean": [0.0908671319485, 1.27816963196, 4.50637722015, 5.35150527954, 9.78884124756, 8.50671672821, 7.54540538788, 7.90356445312, 9.83576774597, 6.74030637741, 9.26904392242, 11.5934371948, 4.46335315704, 8.97873497009, 7.37660455704, 6.78629302979, 10.6941404343, 7.47354650497, 5.12282896042, 4.79622793198, 3.64670443535, 7.59426641464, 7.64606046677, 10.8347511292, 17.1779060364, 12.1582775116, 8.36588001251, 6.61260414124, 3.59647059441, 3.10268735886, 2.03100275993, 1.78397524357, 4.29548025131, 1.61148774624, 0.987828612328, 0.740077674389, 0.316611617804, 0.0905312672257, 0.0097967479378, 0.000300596759189],
        "dmean2": [0.160508424044, 2.32616233826, 8.22084999084, 9.49079799652, 15.9475450516, 13.5680065155, 12.3935184479, 13.3464479446, 16.5420265198, 10.7435741425, 15.0791597366, 16.9175300598, 6.64699649811, 12.7126665115, 10.2113647461, 10.0664081573, 15.5005111694, 11.1255655289, 8.07434749603, 7.87204742432, 5.87170219421, 12.0384168625, 12.3804779053, 17.0859146118, 26.9671840668, 20.0194854736, 14.0380916595, 10.8159170151, 5.36743307114, 4.44681549072, 2.7437748909, 2.31191182137, 6.02233886719, 2.08710002899, 1.27324604988, 0.9596606493, 0.412568122149, 0.119817212224, 0.0125709092245, 0.00038881477667],
        "dvar": [0.0790535435081, 16.1001281738, 187.800476074, 160.126464844, 500.955352783, 148.132675171, 278.963317871, 333.711669922, 535.620422363, 227.70741272, 1074.6126709, 1377.28100586, 277.820770264, 2082.78637695, 1294.87646484, 971.473693848, 2719.99023438, 516.046875, 212.738510132, 265.320465088, 53.9325485229, 222.248474121, 224.509460449, 370.828094482, 1228.64904785, 506.998840332, 215.050216675, 184.056762695, 61.4681587219, 45.8856201172, 14.3183336258, 8.44653224945, 145.149536133, 9.35074043274, 2.23581123352, 1.07342457771, 0.201701000333, 0.0210115909576, 0.000181620052899, 1.64298697314e-07],
        "dvar2": [0.211992397904, 46.0794410706, 546.268310547, 454.888702393, 1292.62854004, 395.615966797, 771.795959473, 928.341003418, 1462.73486328, 556.657226562, 2495.40625, 3063.43579102, 506.965301514, 4433.11376953, 2321.43505859, 1920.13720703, 5597.80908203, 1005.35198975, 501.364013672, 632.157836914, 136.504165649, 489.200286865, 530.147583008, 829.717895508, 2709.40527344, 1292.30859375, 586.621032715, 493.868652344, 148.961074829, 107.871658325, 28.4006309509, 14.5557975769, 311.942077637, 18.2100448608, 4.1554350853, 1.88811933994, 0.366067826748, 0.0423383228481, 0.000309430703055, 2.88763828848e-07],
        "max": [2.34535551071, 37.8598823547, 130.806167603, 108.708068848, 265.832885742, 160.877578735, 216.719970703, 191.247085571, 226.332305908, 323.139526367, 609.645568848, 910.913208008, 542.267089844, 796.015380859, 958.948974609, 921.87512207, 1422.62658691, 450.597503662, 289.434387207, 406.73324585, 82.1224746704, 327.604370117, 241.199981689, 388.668701172, 860.467346191, 313.014648438, 190.024627686, 176.798110962, 122.060592651, 84.7657852173, 42.5725212097, 25.9462223053, 135.783126831, 31.7779521942, 15.6055679321, 8.85416221619, 3.93338346481, 1.90061450005, 0.0979600101709, 0.00340759311803],
        "mean": [0.0733462870121, 1.35917711258, 6.28722333908, 6.27762174606, 14.4045619965, 17.2788143158, 12.7142047882, 10.9142074585, 11.7405166626, 9.46748256683, 18.2139225006, 20.2252063751, 7.65873432159, 14.1894645691, 16.6287288666, 11.0812549591, 19.547990799, 12.4333047867, 7.90777826309, 7.08654642105, 5.64652490616, 12.9513435364, 14.8397331238, 24.0881309509, 42.7123031616, 29.1018314362, 19.8407497406, 12.9540786743, 6.11646461487, 4.57029485703, 2.99044895172, 2.50006556511, 5.08610296249, 2.01800203323, 1.27559328079, 0.888806462288, 0.379355162382, 0.108845300972, 0.0116140982136, 0.00036366013228],
        "median": [0.0141652887687, 0.710986614227, 4.16506576538, 3.68815588951, 8.82794761658, 12.4196424484, 8.04204940796, 6.82628202438, 5.03704071045, 4.71214199066, 4.42564296722, 5.89818000793, 2.76572823524, 1.3574243784, 1.41525232792, 2.40583634377, 1.27358937263, 1.78339862823, 2.2050049305, 2.67201924324, 3.15797042847, 7.65112304688, 9.46015930176, 16.9558238983, 23.5534725189, 19.5460472107, 16.9269142151, 9.36299324036, 2.95818710327, 1.69705593586, 1.15410721302, 0.763718545437, 0.882844746113, 0.397940397263, 0.217166051269, 0.104340665042, 0.0380516201258, 0.0109400143847, 0.000866043032147, 5.12956175953e-05],
        "min": [2.51523061593e-22, 6.53980331687e-22, 1.3468407573e-20, 7.55953059358e-20, 1.48222248394e-19, 1.71354056956e-19, 7.80704280765e-19, 2.93960163216e-19, 8.84839030356e-19, 8.55262825663e-19, 1.04511675117e-18, 1.33267058149e-18, 2.04877148772e-18, 1.29993211701e-18, 3.49745570108e-18, 4.69154509564e-18, 8.14564867441e-18, 3.5212838794e-18, 5.80754574523e-18, 3.25079188999e-18, 6.56984603285e-18, 6.33255769361e-18, 9.57957288371e-18, 1.86907067691e-17, 1.16345418154e-17, 2.01440465617e-17, 2.54228386071e-17, 1.99157000449e-17, 1.7196297459e-17, 1.71124213449e-17, 1.81939666133e-17, 1.46848695858e-17, 1.34698454908e-17, 1.08135683661e-17, 9.23600424347e-18, 7.65611657045e-18, 3.16878871958e-18, 1.08357547977e-18, 3.28397837616e-19, 3.73336563431e-20],
        "var": [0.055644068867, 9.74311542511, 113.363540649, 104.961662292, 473.125, 260.512969971, 254.975723267, 259.749389648, 477.408355713, 253.157394409, 4161.41064453, 3455.2565918, 772.338317871, 4050.77294922, 5223.81884766, 2300.14135742, 6559.06298828, 1227.44519043, 366.083190918, 319.863647461, 60.4609298706, 358.632629395, 313.36050415, 677.882629395, 5029.84863281, 1113.83300781, 221.393661499, 187.799865723, 79.3667831421, 59.269077301, 23.6636219025, 16.3126487732, 185.457504272, 15.141658783, 4.13147735596, 1.92504382133, 0.352741152048, 0.0334412567317, 0.000337902340107, 2.90451993123e-07]
    },
    "gfcc": {
        "mean": [14.4760789871, 62.9089355469, -84.5364761353, 56.9175186157, -53.6676864624, -10.6940917969, -31.1661624908, 8.66710948944, -35.9601554871, 3.15297436714, -19.6285648346, -6.72332048416, -16.018995285],
        "cov": [[8317.94628906, -646.544555664, 433.966125488, -407.123596191, 15.0812273026, 146.050003052, -143.012237549, 54.7356262207, -160.429336548, 101.623939514, -76.0959320068, 74.595413208, -189.154907227], [-646.544555664, 1245.59814453, -792.940856934, 430.511993408, -150.515365601, -76.5711288452, 124.748207092, -90.2880859375, 5.50830364227, -76.4879302979, 42.7480316162, -120.988052368, 28.4795246124], [433.966125488, -792.940856934, 845.838745117, -184.57421875, 145.740402222, -36.8394737244, -85.2518157959, 108.416374207, -0.334067136049, 65.5274734497, -45.8041725159, 85.2965393066, 12.3086462021], [-407.123596191, 430.511993408, -184.57421875, 381.068084717, -29.1991672516, -118.045516968, -10.8345937729, -7.35793495178, 9.14626407623, -29.2755088806, 5.73556900024, -55.0628738403, 55.5013847351], [15.0812273026, -150.515365601, 145.740402222, -29.1991672516, 132.756210327, 18.1263828278, 9.29344272614, 33.4317436218, 8.65969562531, 33.3125267029, -6.2991476059, 21.2803554535, 6.21368169785], [146.050003052, -76.5711288452, -36.8394737244, -118.045516968, 18.1263828278, 166.999832153, 69.0634155273, -16.6537055969, -5.89072179794, -10.6981754303, 12.0222187042, 17.2204113007, -28.9405269623], [-143.012237549, 124.748207092, -85.2518157959, -10.8345937729, 9.29344272614, 69.0634155273, 130.313812256, 15.7695007324, -9.15962696075, -11.3834686279, 6.16277360916, 8.23032855988, 0.0258515868336], [54.7356262207, -90.2880859375, 108.416374207, -7.35793495178, 33.4317436218, -16.6537055969, 15.7695007324, 88.1039123535, 27.2070999146, 30.5499687195, -6.23951101303, 7.76066827774, 9.79698944092], [-160.429336548, 5.50830364227, -0.334067136049, 9.14626407623, 8.65969562531, -5.89072179794, -9.15962696075, 27.2070999146, 74.7141265869, 26.4154319763, 5.18997716904, -4.75870084763, -3.36019015312], [101.623939514, -76.4879302979, 65.5274734497, -29.2755088806, 33.3125267029, -10.6981754303, -11.3834686279, 30.5499687195, 26.4154319763, 67.5005950928, 21.9658565521, 15.278222084, 0.584041416645], [-76.0959320068, 42.7480316162, -45.8041725159, 5.73556900024, -6.2991476059, 12.0222187042, 6.16277360916, -6.23951101303, 5.18997716904, 21.9658565521, 53.7045707703, 19.4472827911, 9.01752185822], [74.595413208, -120.988052368, 85.2965393066, -55.0628738403, 21.2803554535, 17.2204113007, 8.23032855988, 7.76066827774, -4.75870084763, 15.278222084, 19.4472827911, 71.8981628418, 18.9104824066], [-189.154907227, 28.4795246124, 12.3086462021, 55.5013847351, 6.21368169785, -28.9405269623, 0.0258515868336, 9.79698944092, -3.36019015312, 0.584041416645, 9.01752185822, 18.9104824066, 57.9603500366]],
        "icov": [[0.000179095208296, -0.000176814181032, -5.78092440264e-05, -1.16251121653e-05, 0.000180749644642, -0.000479604233988, 0.000630117952824, -0.00049176462926, 0.000777210225351, -0.000646207423415, 0.000618015357759, -0.000529948098119, 0.000647081702482], [-0.000176814181032, 0.00481543829665, 0.00264459103346, -0.00276136794128, 0.000543118629139, 0.00332029117271, -0.00558526953682, 0.00291371485218, -0.0018961681053, 0.000818601925857, -0.00234469724819, 0.00285253790207, -0.000434993620729], [-5.78092440264e-05, 0.00264459103346, 0.0040972600691, -0.000768386176787, -0.00134509638883, 0.00196970649995, -0.000747489393689, -0.00123977195472, 0.000345300097251, -8.26510367915e-05, 0.00112319609616, -0.00102965463884, -0.000102790349047], [-1.16251121653e-05, -0.00276136794128, -0.000768386176787, 0.00732385367155, -0.00189837359358, 0.00221597938798, 0.00200095237233, -0.00126901664771, -0.000683500547893, 0.00328526203521, -0.00186093163211, 0.0028242575936, -0.00471213366836], [0.000180749644642, 0.000543118629139, -0.00134509638883, -0.00189837359358, 0.0119344620034, -0.00306055322289, -0.00124072050676, -0.000292476441246, 0.00103905529249, -0.00719530088827, 0.00444369344041, -0.00123341847211, -0.000487327895826], [-0.000479604233988, 0.00332029117271, 0.00196970649995, 0.00221597938798, -0.00306055322289, 0.0160739850253, -0.0108122956008, 0.00578672299162, -0.00499868905172, 0.00688667502254, -0.00758664216846, 0.00297940289602, 0.00149294990115], [0.000630117952824, -0.00558526953682, -0.000747489393689, 0.00200095237233, -0.00124072050676, -0.0108122956008, 0.0212580617517, -0.011586677283, 0.00720842834562, -0.000792370876297, 0.00484530162066, -0.00696372007951, 0.0016708105104], [-0.00049176462926, 0.00291371485218, -0.00123977195472, -0.00126901664771, -0.000292476441246, 0.00578672299162, -0.011586677283, 0.0239621289074, -0.0090402290225, -0.00480221165344, 0.000742440053727, 0.00485138362274, -0.00485654408112], [0.000777210225351, -0.0018961681053, 0.000345300097251, -0.000683500547893, 0.00103905529249, -0.00499868905172, 0.00720842834562, -0.0090402290225, 0.0219722297043, -0.00934506766498, 0.00429015234113, -0.00281656603329, 0.00458631850779], [-0.000646207423415, 0.000818601925857, -8.26510367915e-05, 0.00328526203521, -0.00719530088827, 0.00688667502254, -0.000792370876297, -0.00480221165344, -0.00934506766498, 0.0340870022774, -0.0190153568983, 0.00289854547009, 0.000510074954946], [0.000618015357759, -0.00234469724819, 0.00112319609616, -0.00186093163211, 0.00444369344041, -0.00758664216846, 0.00484530162066, 0.000742440053727, 0.00429015234113, -0.0190153568983, 0.0363903529942, -0.0128055782989, -0.000723010394722], [-0.000529948098119, 0.00285253790207, -0.00102965463884, 0.0028242575936, -0.00123341847211, 0.00297940289602, -0.00696372007951, 0.00485138362274, -0.00281656603329, 0.00289854547009, -0.0128055782989, 0.0284647718072, -0.0123012056574], [0.000647081702482, -0.000434993620729, -0.000102790349047, -0.00471213366836, -0.000487327895826, 0.00149294990115, 0.0016708105104, -0.00485654408112, 0.00458631850779, 0.000510074954946, -0.000723010394722, -0.0123012056574, 0.030117277056]]
    },
    "melbands": {
        "dmean": [0.00107652146835, 0.00214138370939, 0.00108239171095, 0.000680123339407, 0.000261695677182, 0.000185536875506, 0.000144538687891, 6.65101979394e-05, 8.51411605254e-05, 6.58336939523e-05, 2.11935366679e-05, 3.59599980584e-05, 3.11121730192e-05, 1.42584740388e-05, 2.46101753874e-05, 2.01310740522e-05, 1.49850739035e-05, 9.57017164183e-06, 6.88195041221e-06, 5.84418694416e-06, 4.29538613389e-06, 7.14223142495e-06, 9.95478330879e-06, 6.51659729556e-06, 9.35538264457e-06, 1.53443415911e-05, 1.22573610497e-05, 8.03259172244e-06, 6.66662253934e-06, 4.55183999293e-06, 3.67992288375e-06, 2.28307544603e-06, 1.85277019682e-06, 1.76601895419e-06, 1.1936899682e-06, 1.18710045172e-06, 9.4425917041e-07, 3.04254012917e-06, 2.6735008305e-06, 1.04402624856e-06],
        "dmean2": [0.00191661785357, 0.00392408901826, 0.00186443165876, 0.00109240331221, 0.000425677135354, 0.000313353433739, 0.000240629538894, 0.000106254796265, 0.000136948889121, 9.60648976616e-05, 3.1860654417e-05, 5.1584578614e-05, 4.21919685323e-05, 2.23293009185e-05, 3.52926836058e-05, 2.91148553515e-05, 2.24535760935e-05, 1.50234636749e-05, 1.11147155621e-05, 9.50931826083e-06, 7.00213240634e-06, 1.12901252578e-05, 1.61827210832e-05, 1.06930474431e-05, 1.4971170458e-05, 2.43269478233e-05, 1.99824589799e-05, 1.33921921588e-05, 1.13476908155e-05, 7.68197878642e-06, 5.96164909439e-06, 3.49641868524e-06, 2.83509348264e-06, 2.542416496e-06, 1.67201403656e-06, 1.61954812938e-06, 1.26937936784e-06, 4.32409160567e-06, 3.76434672944e-06, 1.34104720928e-06],
        "dvar": [1.10998726086e-05, 4.47831807833e-05, 5.65464233659e-06, 1.61464447501e-06, 2.45062722115e-07, 1.96993980239e-07, 1.10710971057e-07, 1.99147951463e-08, 8.96117171578e-08, 4.15537222409e-08, 7.43079153764e-09, 3.43932207159e-08, 2.35364634449e-08, 3.4496898671e-09, 1.64455560281e-08, 8.13022893453e-09, 2.11529216365e-09, 7.90396637029e-10, 8.07282907189e-10, 2.08031120108e-10, 7.5452359638e-11, 2.45476500238e-10, 3.24485299741e-10, 1.57637236597e-10, 2.81697887239e-10, 1.13706566385e-09, 4.23614060496e-10, 2.43334352668e-10, 1.05489221525e-10, 8.12434494679e-11, 5.84040107943e-11, 2.43424100321e-11, 1.54495530952e-11, 1.7480560402e-11, 5.82159277382e-12, 3.65377736747e-12, 2.27390198684e-12, 7.59410034856e-11, 4.93503120313e-11, 2.69826457185e-12],
        "dvar2": [3.06261936203e-05, 0.000129695428768, 1.5357745724e-05, 4.29278543379e-06, 6.71132227126e-07, 5.50965751245e-07, 2.98568608059e-07, 4.8768509231e-08, 2.09568270293e-07, 9.21132539133e-08, 1.34993731749e-08, 7.21132664694e-08, 4.08768663362e-08, 7.59095897251e-09, 3.09557890432e-08, 1.68498637265e-08, 4.20799661782e-09, 1.78381898142e-09, 1.91590765475e-09, 5.30998023329e-10, 1.92763388585e-10, 5.3393167665e-10, 7.78884123864e-10, 3.78723080674e-10, 6.43662234623e-10, 2.45283526823e-09, 9.97169458117e-10, 6.37720765084e-10, 2.89674256804e-10, 2.22776463943e-10, 1.5419247823e-10, 5.99283123126e-11, 3.80828112101e-11, 4.14279305305e-11, 1.2341450778e-11, 6.90408060583e-12, 4.11063891259e-12, 1.66368779864e-10, 1.08466409465e-10, 4.94872805928e-12],
        "max": [0.0304889921099, 0.0582154467702, 0.0225998423994, 0.0156109873205, 0.00620609661564, 0.00457794545218, 0.00333177670836, 0.00293345702812, 0.00513494294137, 0.00492955278605, 0.00277149747126, 0.003103508614, 0.00366114545614, 0.00142052653246, 0.0033336027991, 0.00253698672168, 0.000895410659723, 0.000709446554538, 0.000711076718289, 0.000269243348157, 0.000100202174508, 0.000373210408725, 0.000263510242803, 0.000204361960641, 0.00034394665272, 0.000935321964789, 0.000497678760439, 0.000211080958252, 0.000130096697831, 0.000143103156006, 8.85421686689e-05, 8.68035567692e-05, 5.73699762754e-05, 6.04573833698e-05, 2.82704022538e-05, 2.2114130843e-05, 1.46357197082e-05, 9.57647498581e-05, 7.22863551346e-05, 2.0017974748e-05],
        "mean": [0.000986165599898, 0.0028145594988, 0.00136690051295, 0.00126191822346, 0.00049363943981, 0.000249240838457, 0.000176454588654, 9.60053002927e-05, 0.000165110890521, 0.000111398083391, 3.3201824408e-05, 5.29278768227e-05, 7.29000093997e-05, 1.93931118702e-05, 4.37065536971e-05, 3.28914975398e-05, 2.3411010261e-05, 1.4130720956e-05, 8.83397842699e-06, 8.86206271389e-06, 5.87679915043e-06, 1.11203798951e-05, 1.72839972947e-05, 1.18714460768e-05, 1.87790901691e-05, 3.3588235965e-05, 2.81676730083e-05, 1.69695322256e-05, 1.43660508911e-05, 9.09706977836e-06, 6.47038541501e-06, 3.57839826393e-06, 2.84371412818e-06, 2.40066310653e-06, 1.68725057392e-06, 1.63239553785e-06, 1.28965734802e-06, 3.56422265213e-06, 3.03039132632e-06, 1.33314415507e-06],
        "median": [0.00034935909207, 0.0018555065617, 0.00079553440446, 0.000845964590553, 0.00034534317092, 0.000158218375873, 7.3718962085e-05, 4.77801477246e-05, 3.66719505109e-05, 3.4596225305e-05, 1.06804773168e-05, 5.14910470883e-06, 4.06278149967e-06, 5.91156685914e-06, 4.86809994982e-06, 1.77484844244e-06, 3.37796655003e-06, 3.59222394763e-06, 2.2753902158e-06, 4.3713607738e-06, 3.16751447826e-06, 5.98644965066e-06, 1.09975699161e-05, 7.66603261582e-06, 1.35093423523e-05, 1.76396151801e-05, 1.64932353073e-05, 1.18104653666e-05, 1.21551429402e-05, 7.1068784564e-06, 4.18878062192e-06, 1.66234315202e-06, 1.22337098674e-06, 7.94875006704e-07, 6.27083181826e-07, 5.46015769487e-07, 3.90235243231e-07, 5.9776522221e-07, 5.07763559199e-07, 2.70981644235e-07],
        "min": [2.95579456147e-24, 5.19957983597e-24, 1.49994643607e-23, 1.07645797648e-23, 2.26407402756e-23, 7.63423138699e-24, 1.43943039168e-23, 8.86085645207e-24, 9.41103644636e-24, 8.80068687538e-24, 9.94633536854e-24, 4.5337390279e-24, 1.17225890141e-23, 9.27858275607e-24, 2.44217594299e-23, 1.14674461538e-23, 5.98449012578e-24, 9.20770360374e-24, 6.18533253452e-24, 3.68230212581e-24, 9.08457346048e-24, 6.13605318264e-24, 8.08607198084e-24, 1.0359992728e-23, 1.65175198878e-23, 9.09736247348e-24, 7.1711968569e-24, 1.55365760853e-23, 1.27808041089e-23, 2.06454870098e-23, 8.57324013261e-24, 9.4503406521e-24, 9.56765846821e-24, 9.99394470189e-24, 9.82752739419e-24, 1.147807921e-23, 7.96548906945e-24, 8.21324030307e-24, 1.1748479429e-23, 7.95055908796e-24],
        "var": [7.36384208722e-06, 2.65586731985e-05, 4.27612667409e-06, 1.96157998289e-06, 2.65530644583e-07, 1.46722598515e-07, 1.06292027624e-07, 2.40563284848e-08, 3.11628468808e-07, 1.02557855541e-07, 1.98218543801e-08, 6.41072190888e-08, 1.1084178908e-07, 5.2684465679e-09, 3.87539920155e-08, 1.71253926595e-08, 5.17973752778e-09, 1.5742384063e-09, 8.9573432005e-10, 2.61085431053e-10, 7.93698440305e-11, 3.71098152208e-10, 4.72415273567e-10, 2.22545704087e-10, 4.3038081432e-10, 3.66105323835e-09, 1.93240734525e-09, 3.35819760888e-10, 1.13950286706e-10, 7.54100532019e-11, 6.23653420573e-11, 2.95771809822e-11, 1.98224978099e-11, 2.07605131003e-11, 8.56328029319e-12, 6.47983142837e-12, 4.12005369058e-12, 9.46858008666e-11, 6.0992766393e-11, 4.90061246791e-12]
    },
    "mfcc": {
        "mean": [-636.03527832, 94.2439193726, 20.329914093, 62.8313941956, 0.541260540485, -4.16950750351, 9.80362701416, -4.6460852623, -2.69383907318, 1.09868109226, -1.86360383034, -1.03962290287, -6.1529302597],
        "cov": [[3806.78442383, -27.4258537292, 160.920089722, -350.897003174, 80.3260192871, 80.2859191895, 33.6682090759, -14.1616077423, -87.0551986694, -28.1128044128, 93.4925079346, -40.1805381775, -8.68810176849], [-27.4258537292, 490.245788574, -228.217758179, 188.698486328, -130.496505737, 42.8277244568, 20.522813797, 15.2159671783, -23.3647212982, 20.9665622711, 9.51616954803, 14.7811536789, -30.5899715424], [160.920089722, -228.217758179, 362.191314697, -17.272064209, 109.555740356, -72.0218429565, -0.278368145227, -18.9706401825, 44.8576507568, -23.2445888519, -28.5416202545, 16.8949546814, 26.0324192047], [-350.897003174, 188.698486328, -17.272064209, 389.258270264, 18.0531616211, -61.8215637207, -15.9550209045, -32.7215461731, 32.1612205505, 27.5928554535, -69.2909851074, -0.744710743427, 11.252155304], [80.3260192871, -130.496505737, 109.555740356, 18.0531616211, 142.181167603, -28.0346279144, -20.1072788239, -28.8530769348, 22.5200538635, 19.4636974335, -9.83564662933, -11.9462223053, 17.1127719879], [80.2859191895, 42.8277244568, -72.0218429565, -61.8215637207, -28.0346279144, 109.738441467, 33.617931366, 34.3009185791, -17.9242935181, -12.430229187, 24.0412712097, 2.90684247017, -18.3334465027], [33.6682090759, 20.522813797, -0.278368145227, -15.9550209045, -20.1072788239, 33.617931366, 98.8639755249, 33.1821174622, 10.1145734787, -3.22158145905, -2.49078679085, 0.762520313263, 6.99715709686], [-14.1616077423, 15.2159671783, -18.9706401825, -32.7215461731, -28.8530769348, 34.3009185791, 33.1821174622, 71.936088562, 18.4079360962, -7.28386306763, 10.7121219635, 8.70157241821, -3.52410292625], [-87.0551986694, -23.3647212982, 44.8576507568, 32.1612205505, 22.5200538635, -17.9242935181, 10.1145734787, 18.4079360962, 65.0221786499, 19.3979625702, -3.8241314888, 2.03903460503, 7.27431964874], [-28.1128044128, 20.9665622711, -23.2445888519, 27.5928554535, 19.4636974335, -12.430229187, -3.22158145905, -7.28386306763, 19.3979625702, 78.9490280151, 20.176815033, -11.5234117508, -2.24790120125], [93.4925079346, 9.51616954803, -28.5416202545, -69.2909851074, -9.83564662933, 24.0412712097, -2.49078679085, 10.7121219635, -3.8241314888, 20.176815033, 69.9448242188, 20.7069854736, -10.2777357101], [-40.1805381775, 14.7811536789, 16.8949546814, -0.744710743427, -11.9462223053, 2.90684247017, 0.762520313263, 8.70157241821, 2.03903460503, -11.5234117508, 20.7069854736, 57.2103500366, 15.6670408249], [-8.68810176849, -30.5899715424, 26.0324192047, 11.252155304, 17.1127719879, -18.3334465027, 6.99715709686, -3.52410292625, 7.27431964874, -2.24790120125, -10.2777357101, 15.6670408249, 61.2935752869]],
