{
"lowlevel": {
    "average_loudness": 0.94944190979,
    "barkbands_crest": {
        "dmean": 2.71294593811,
        "dmean2": 4.34517526627,
        "dvar": 7.71472740173,
        "dvar2": 19.0442028046,
        "max": 24.1564979553,
        "mean": 9.32857036591,
        "median": 8.20459365845,
        "min": 2.70527935028,
        "var": 17.8770637512
    },
    "barkbands_flatness_db": {
        "dmean": 0.018612133339,
        "dmean2": 0.0290626063943,
        "dvar": 0.000373912771465,
        "dvar2": 0.000981885939837,
        "max": 0.268646627665,
        "mean": 0.123698711395,
        "median": 0.12009857595,
        "min": 0.0185157321393,
        "var": 0.00143869884778
    },
    "barkbands_kurtosis": {
        "dmean": 1.40094065666,
        "dmean2": 2.29631090164,
        "dvar": 14.0927009583,
        "dvar2": 37.2990951538,
        "max": 99.8703079224,
        "mean": 0.213195949793,
        "median": -0.833158493042,
        "min": -1.88001739979,
        "var": 16.051700592
    },
    "barkbands_skewness": {
        "dmean": 0.495229333639,
        "dmean2": 0.733923017979,
        "dvar": 0.290493249893,
        "dvar2": 0.680602610111,
        "max": 9.44976711273,
        "mean": 0.705697178841,
        "median": 0.624612212181,
        "min": -1.95882236958,
        "var": 1.09829843044
    },
    "barkbands_spread": {
        "dmean": 6.43507814407,
        "dmean2": 10.0339508057,
        "dvar": 41.7352600098,
        "dvar2": 95.9766235352,
        "max": 109.334846497,
        "mean": 36.8631019592,
        "median": 36.2819252014,
        "min": 4.27730607986,
        "var": 141.301849365
    },
    "dissonance": {
        "dmean": 0.00695888558403,
        "dmean2": 0.0118048656732,
        "dvar": 5.44192771486e-05,
        "dvar2": 0.000148931969306,
        "max": 0.500000059605,
        "mean": 0.486873865128,
        "median": 0.488914370537,
        "min": 0.322870284319,
        "var": 8.7483022071e-05
    },
    "dynamic_complexity": 2.73983311653,
    "erbbands_crest": {
        "dmean": 2.00565838814,
        "dmean2": 3.2976577282,
        "dvar": 3.2085814476,
        "dvar2": 7.91389751434,
        "max": 21.4163703918,
        "mean": 7.82718276978,
        "median": 7.18591928482,
        "min": 2.27807044983,
        "var": 9.42917251587
    },
    "erbbands_flatness_db": {
        "dmean": 0.0174865685403,
        "dmean2": 0.0245928298682,
        "dvar": 0.000281721266219,
        "dvar2": 0.00050726311747,
        "max": 0.310329407454,
        "mean": 0.170093730092,
        "median": 0.16983050108,
        "min": 0.0270639192313,
        "var": 0.0022307462059
    },
    "erbbands_kurtosis": {
        "dmean": 0.999409496784,
        "dmean2": 1.52864813805,
        "dvar": 1.51402103901,
        "dvar2": 3.5162768364,
        "max": 17.5525016785,
        "mean": 0.719003260136,
        "median": 0.0041229724884,
        "min": -1.66525352001,
        "var": 5.43674755096
    },
    "erbbands_skewness": {
        "dmean": 0.314229786396,
        "dmean2": 0.469102501869,
        "dvar": 0.0696521773934,
        "dvar2": 0.163060486317,
        "max": 0.677266597748,
        "mean": -0.913325428963,
        "median": -0.834411799908,
        "min": -3.8251581192,
        "var": 0.347381919622
    },
    "erbbands_spread": {
        "dmean": 7.46807718277,
        "dmean2": 11.2100887299,
        "dvar": 63.1427536011,
        "dvar2": 138.608261108,
        "max": 117.847122192,
        "mean": 36.5682029724,
        "median": 34.8832626343,
        "min": 8.4575214386,
        "var": 240.74671936
    },
    "hfc": {
        "dmean": 4.94873189926,
        "dmean2": 6.74740505219,
        "dvar": 41.6324424744,
        "dvar2": 72.2588806152,
        "max": 81.8994293213,
        "mean": 18.0054721832,
        "median": 10.8051261902,
        "min": 1.18578471627e-16,
        "var": 253.88885498
    },
    "melbands_crest": {
        "dmean": 2.85491585732,
        "dmean2": 4.52435779572,
        "dvar": 8.47831344604,
        "dvar2": 20.0236034393,
        "max": 37.0685272217,
        "mean": 12.4812755585,
        "median": 12.0332403183,
        "min": 2.47064232826,
        "var": 21.5306911469
    },
    "melbands_flatness_db": {
        "dmean": 0.0229965578765,
        "dmean2": 0.0354267507792,
        "dvar": 0.00064718676731,
        "dvar2": 0.00162513251416,
        "max": 0.350073695183,
        "mean": 0.166102126241,
        "median": 0.156290441751,
        "min": 0.006931014359,
        "var": 0.00261362129822
    },
    "melbands_kurtosis": {
        "dmean": 5.31146240234,
        "dmean2": 8.47438812256,
        "dvar": 157.952529907,
        "dvar2": 400.195983887,
        "max": 315.911499023,
        "mean": 7.50332069397,
        "median": 3.59600305557,
        "min": -1.74598133564,
        "var": 244.731964111
    },
    "melbands_skewness": {
        "dmean": 0.709304094315,
        "dmean2": 1.05839073658,
        "dvar": 0.712130010128,
        "dvar2": 1.65521991253,
        "max": 15.4083786011,
        "mean": 2.25592279434,
        "median": 2.09158015251,
        "min": -0.768121600151,
        "var": 2.44816732407
    },
    "melbands_spread": {
        "dmean": 10.9830904007,
        "dmean2": 16.2601146698,
        "dvar": 123.630813599,
        "dvar2": 262.25692749,
        "max": 153.291793823,
        "mean": 44.3984184265,
        "median": 41.4844512939,
        "min": 1.81138300896,
        "var": 550.774475098
    },
    "pitch_salience": {
        "dmean": 0.0723140388727,
        "dmean2": 0.116884641349,
        "dvar": 0.00492802402005,
        "dvar2": 0.0126552395523,
        "max": 0.855736494064,
        "mean": 0.560076236725,
        "median": 0.573263406754,
        "min": 0.15129467845,
        "var": 0.0129055120051
    },
    "silence_rate_20dB": {
        "dmean": 0,
        "dmean2": 0,
        "dvar": 0,
        "dvar2": 0,
        "max": 1,
        "mean": 1,
        "median": 1,
        "min": 1,
        "var": 0
    },
    "silence_rate_30dB": {
        "dmean": 0,
        "dmean2": 0,
        "dvar": 0,
        "dvar2": 0,
        "max": 1,
        "mean": 1,
        "median": 1,
        "min": 1,
        "var": 0
    },
    "silence_rate_60dB": {
        "dmean": 0.0174148604274,
        "dmean2": 0.0348432064056,
        "dvar": 0.017113301903,
        "dvar2": 0.039822563529,
        "max": 1,
        "mean": 0.0905222445726,
        "median": 0,
        "min": 0,
        "var": 0.0823275893927
    },
    "spectral_centroid": {
        "dmean": 225.148925781,
        "dmean2": 348.698730469,
        "dvar": 80767.0859375,
        "dvar2": 157355.15625,
        "max": 11367.8398438,
        "mean": 2320.83056641,
        "median": 2331.44506836,
        "min": 774.428100586,
        "var": 191944.171875
    },
    "spectral_complexity": {
        "dmean": 3.77670288086,
        "dmean2": 5.63066196442,
        "dvar": 16.6269340515,
        "dvar2": 30.3522071838,
        "max": 55,
        "mean": 21.1713733673,
        "median": 18,
        "min": 0,
        "var": 107.956314087
    },
    "spectral_decrease": {
        "dmean": 1.37632472086e-09,
        "dmean2": 2.08338346575e-09,
        "dvar": 4.36930117158e-18,
        "dvar2": 1.02793163967e-17,
        "max": 4.62141575372e-29,
        "mean": -3.52507645296e-09,
        "median": -2.7665469915e-09,
        "min": -1.64769033972e-08,
        "var": 7.05669186776e-18
    },
    "spectral_energy": {
        "dmean": 0.0055257906206,
        "dmean2": 0.00826488714665,
        "dvar": 6.62676466163e-05,
        "dvar2": 0.000153476095875,
        "max": 0.0670152828097,
        "mean": 0.014937594533,
        "median": 0.0116569595411,
        "min": 1.0580992281e-20,
        "var": 0.000122123979963
    },
    "spectral_energyband_high": {
        "dmean": 0.000291588425171,
        "dmean2": 0.000387679261621,
        "dvar": 2.45887065375e-07,
        "dvar2": 3.7501806105e-07,
        "max": 0.00590974744409,
        "mean": 0.000714906374924,
        "median": 0.000322206004057,
        "min": 7.68294319448e-21,
        "var": 8.67280732564e-07
    },
    "spectral_energyband_low": {
        "dmean": 0.00298763462342,
        "dmean2": 0.00472023664042,
        "dvar": 3.463622852e-05,
        "dvar2": 8.39619970066e-05,
        "max": 0.0578719228506,
        "mean": 0.00541164539754,
        "median": 0.00395227875561,
        "min": 1.07985642081e-22,
        "var": 3.91437351936e-05
    },
    "spectral_energyband_middle_high": {
        "dmean": 0.00143667100929,
        "dmean2": 0.00203988933936,
        "dvar": 4.08354890169e-06,
        "dvar2": 7.81189100962e-06,
        "max": 0.0283407717943,
        "mean": 0.00502709718421,
        "median": 0.00262759067118,
        "min": 1.55126818671e-21,
        "var": 2.66499318968e-05
    },
    "spectral_energyband_middle_low": {
        "dmean": 0.00242262822576,
        "dmean2": 0.00393093936145,
        "dvar": 3.4308872273e-05,
        "dvar2": 8.73614626471e-05,
        "max": 0.050047788769,
        "mean": 0.00426678918302,
        "median": 0.00282001565211,
        "min": 4.10741344584e-22,
        "var": 3.17363046634e-05
    },
    "spectral_entropy": {
        "dmean": 0.108698986471,
        "dmean2": 0.161002472043,
        "dvar": 0.0116043705493,
        "dvar2": 0.024551609531,
        "max": 9.80342102051,
        "mean": 7.71195220947,
        "median": 7.66982746124,
        "min": 6.87181806564,
        "var": 0.0667057260871
    },
    "spectral_flux": {
        "dmean": 0.0186434946954,
        "dmean2": 0.0284923762083,
        "dvar": 0.000546062947251,
        "dvar2": 0.00120319216512,
        "max": 0.233284205198,
        "mean": 0.0641804262996,
        "median": 0.0556161478162,
        "min": 1.02863953466e-10,
        "var": 0.00134014163632
    },
    "spectral_kurtosis": {
        "dmean": 1.75090038776,
        "dmean2": 3.03938341141,
        "dvar": 3.49435830116,
        "dvar2": 10.6237068176,
        "max": 19.4167461395,
        "mean": 4.07933139801,
        "median": 3.5635342598,
        "min": -1.19185698032,
        "var": 5.65585708618
    },
    "spectral_rms": {
        "dmean": 0.000617599289399,
        "dmean2": 0.000895079458132,
        "dvar": 5.94727509906e-07,
        "dvar2": 1.30664056996e-06,
        "max": 0.00808583758771,
        "mean": 0.00357371941209,
        "median": 0.003372335108,
        "min": 3.21293013895e-12,
        "var": 1.80181632459e-06
    },
    "spectral_rolloff": {
        "dmean": 533.406555176,
        "dmean2": 860.119445801,
        "dvar": 542922.125,
        "dvar2": 1174332,
        "max": 18367.8222656,
        "mean": 2504.17993164,
        "median": 2691.65039062,
        "min": 43.06640625,
        "var": 1798570.875
    },
    "spectral_skewness": {
        "dmean": 0.222837284207,
        "dmean2": 0.36239361763,
        "dvar": 0.0412722378969,
        "dvar2": 0.114803351462,
        "max": 3.19603300095,
        "mean": 0.9723046422,
        "median": 0.968110561371,
        "min": -0.055116198957,
        "var": 0.116310350597
    },
    "spectral_spread": {
        "dmean": 405627.21875,
        "dmean2": 579047.375,
        "dvar": 549468405760,
        "dvar2": 710497075200,
        "max": 40619372,
        "mean": 3385951.25,
        "median": 3081817,
        "min": 1629936.375,
        "var": 1.75841463501e+12
    },
    "spectral_strongpeak": {
        "dmean": 0.647711753845,
        "dmean2": 1.15675938129,
        "dvar": 1.96417653561,
        "dvar2": 5.12063503265,
        "max": 14.5913333893,
        "mean": 0.791815876961,
        "median": 0.242769375443,
        "min": 0,
        "var": 2.1398768425
    },
    "zerocrossingrate": {
        "dmean": 0.00987371243536,
        "dmean2": 0.0114576909691,
        "dvar": 9.70956680248e-05,
        "dvar2": 0.000116240538773,
        "max": 0.5029296875,
        "mean": 0.0799772590399,
        "median": 0.0791015625,
        "min": 0.0107421875,
        "var": 0.00108423910569
    },
    "barkbands": {
        "dmean": [1.63490185514e-05, 0.00248848716728, 0.00078303925693, 0.000511229969561, 0.0016335293185, 0.000235804531258, 0.000187198937056, 0.000264313974185, 0.000239500048338, 0.000139714189572, 8.67237831699e-05, 0.000131585431518, 0.000128497296828, 0.000199027868803, 0.000247848540312, 0.000205634380109, 0.000503349641804, 0.000592162541579, 0.000308827118715, 0.000109649838123, 0.000138261428219, 7.41027542972e-05, 3.86902247556e-05, 1.94356489374e-05, 1.7246005882e-05, 9.43578470469e-06, 1.22873484543e-06],
        "dmean2": [2.61859931925e-05, 0.00397149985656, 0.00136028160341, 0.000883904343937, 0.00270623923279, 0.000386770261684, 0.000293297314784, 0.000407001731219, 0.000373675604351, 0.000216585758608, 0.000138016650453, 0.000208901314181, 0.000213055158383, 0.000320595514495, 0.000389626307879, 0.000318421196425, 0.000784183794167, 0.00093197269598, 0.000477747205878, 0.000170665982296, 0.000217491207877, 9.6842435596e-05, 5.08020639245e-05, 2.6879748475e-05, 2.29864890571e-05, 1.28322953969e-05, 1.95729739971e-06],
        "dvar": [1.11640763301e-09, 2.62254488916e-05, 3.07311734105e-06, 9.8087969036e-07, 2.27588243433e-05, 1.83733646963e-07, 1.26434059666e-07, 3.09817465904e-07, 3.48353466961e-07, 8.77372272612e-08, 7.00504898532e-08, 9.77667014013e-08, 1.97917444211e-07, 2.50660974643e-07, 2.71681471986e-07, 2.27866891578e-07, 5.90467095662e-07, 1.15744205686e-06, 2.49727889923e-07, 3.18949773259e-08, 5.72297267354e-08, 1.63280127197e-08, 5.96657434571e-09, 1.00569563788e-09, 1.31515354163e-09, 4.86905904484e-10, 1.26603085654e-11],
        "dvar2": [2.44306042063e-09, 6.49543144391e-05, 8.22790661914e-06, 2.68860344477e-06, 5.80311861995e-05, 4.8156084631e-07, 2.88750328536e-07, 6.67243739372e-07, 8.73275610047e-07, 2.07326522172e-07, 1.63926316077e-07, 2.25716846103e-07, 5.46017361103e-07, 6.31785269434e-07, 6.9559973781e-07, 4.97414475831e-07, 1.41247880947e-06, 2.84639963866e-06, 5.71423868223e-07, 6.63196857431e-08, 1.34471321189e-07, 2.71594053913e-08, 1.14133866802e-08, 2.02535033189e-09, 2.50947729263e-09, 9.7399510679e-10, 3.08990298625e-11],
        "max": [0.000340085942298, 0.0481921434402, 0.019503518939, 0.0104263722897, 0.0381345152855, 0.00571275269613, 0.00693027209491, 0.0101604303345, 0.0156498569995, 0.00663805054501, 0.00711075682193, 0.00651738373563, 0.00723526347429, 0.0089801158756, 0.00967658963054, 0.0137701267377, 0.0147858299315, 0.0159203950316, 0.00831804331392, 0.00304276868701, 0.00238840840757, 0.00142817723099, 0.000986626837403, 0.000390978821088, 0.00050474103773, 0.000272001838312, 3.79912817152e-05],
        "mean": [1.6658254026e-05, 0.00392408994958, 0.00102937209886, 0.000755095679779, 0.00179930822924, 0.00036794366315, 0.00033379503293, 0.000490268866997, 0.000448421953479, 0.000244180933805, 0.000145233221701, 0.000244931696216, 0.000197762565222, 0.000327748100972, 0.000408746564062, 0.000376419804525, 0.000955039227847, 0.00127186358441, 0.000750466308091, 0.000252195633948, 0.000299083010759, 0.000153098051669, 6.99015581631e-05, 3.51886847056e-05, 2.73364312307e-05, 1.23485906443e-05, 1.11792041935e-06],
        "median": [3.19938817483e-06, 0.00263314880431, 0.000493936124258, 0.000528423581272, 0.000764806580264, 0.000226434436627, 0.000170572893694, 0.000236223364482, 0.000242177018663, 0.000124736587168, 5.73994948354e-05, 0.000135126014357, 3.69037770724e-05, 9.98973191599e-05, 0.000126573460875, 0.000165716337506, 0.000510238809511, 0.000439394963905, 0.000373566930648, 0.000135776208481, 0.000143280471093, 4.36421105405e-05, 2.03066574613e-05, 1.12619909487e-05, 5.4956076383e-06, 1.64248672263e-06, 4.23368327063e-08],
        "min": [4.12901788478e-23, 6.89876468991e-23, 9.34175158192e-24, 4.33978858134e-23, 1.30566791804e-22, 7.17518786199e-23, 4.38005393521e-23, 2.7140317682e-23, 8.91106303106e-23, 4.68396133677e-23, 2.72094850062e-23, 7.91545619763e-23, 9.12166049377e-23, 1.24632689774e-22, 1.32413950634e-22, 1.03978916569e-22, 1.91105870937e-22, 2.22452540116e-22, 4.35755202499e-22, 2.30402415261e-22, 2.50861327201e-22, 3.91900140236e-22, 5.38871616419e-22, 8.54884599751e-22, 1.38931375545e-21, 1.33437581593e-21, 2.99045562185e-21],
        "var": [1.25958854458e-09, 2.73746009043e-05, 2.86466251964e-06, 8.60238060341e-07, 1.851990055e-05, 2.0732514372e-07, 3.03671157553e-07, 7.53672452447e-07, 8.31150543945e-07, 1.61421866096e-07, 1.41756387961e-07, 2.20969965881e-07, 4.01203948286e-07, 5.36680431651e-07, 5.9321274648e-07, 4.85956491048e-07, 1.41683278798e-06, 3.72609815713e-06, 1.0194294191e-06, 8.81141204445e-08, 1.34197350121e-07, 5.9748956005e-08, 1.40819977901e-08, 2.74408407108e-09, 2.89609314308e-09, 8.30894741899e-10, 1.18346088138e-11]
    },
    "erbbands": {
        "dmean": [0.0508814528584, 0.628597199917, 1.00885438919, 1.29123413563, 5.24719619751, 4.41740655899, 1.80778896809, 2.12098765373, 2.15313744545, 4.45637750626, 5.26005458832, 5.79068517685, 3.95390844345, 4.37235832214, 3.81704115868, 5.9977016449, 4.69686698914, 8.65922546387, 12.9691505432, 10.8747816086, 10.5520420074, 22.9889183044, 32.9305458069, 19.6585712433, 11.4764509201, 4.99688911438, 4.67503881454, 5.52322721481, 2.71571826935, 2.05612325668, 0.945350110531, 0.490962207317, 0.297273755074, 0.198008432984, 0.121903419495, 0.0583450607955, 0.0130987092853, 0.00236053834669, 0.000210170241189, 1.32538389153e-05],
        "dmean2": [0.0824742540717, 1.01506280899, 1.75109136105, 2.1868686676, 8.74907779694, 7.45594549179, 2.89954352379, 3.61428022385, 3.4400780201, 6.88767910004, 7.91056680679, 9.10357952118, 6.2510638237, 6.89627933502, 6.07415962219, 9.42621326447, 7.71339797974, 13.85297966, 19.7628173828, 16.7357807159, 16.3138256073, 35.1947860718, 51.4604377747, 30.218082428, 17.7758789062, 7.87809324265, 6.89050388336, 8.77454566956, 3.63385820389, 2.6021592617, 1.23512780666, 0.707877337933, 0.400156319141, 0.258844763041, 0.168053910136, 0.0802949666977, 0.0179000161588, 0.00335744163021, 0.000338698708219, 2.01102284336e-05],
        "dvar": [0.0126310307533, 1.68920743465, 5.12229347229, 5.02681446075, 257.397003174, 140.187255859, 7.94069433212, 20.8794269562, 12.9252595901, 130.532211304, 138.702926636, 201.704193115, 71.7256469727, 134.645767212, 158.727661133, 213.096282959, 227.895996094, 593.623657227, 692.573730469, 625.025146484, 320.602752686, 1226.68493652, 3436.28295898, 915.774597168, 450.05355835, 60.9136505127, 57.967250824, 102.386329651, 22.8063430786, 13.5265579224, 3.66511583328, 0.655087769032, 0.271957486868, 0.166122540832, 0.0721358284354, 0.0186769906431, 0.000961132987868, 3.40748774761e-05, 3.9794591089e-07, 8.21132217776e-10],
        "dvar2": [0.0291330982, 4.31301832199, 13.824461937, 13.2833986282, 655.880249023, 366.012451172, 19.8190536499, 56.5453643799, 31.6880168915, 323.561279297, 270.458587646, 504.391845703, 165.392654419, 314.803863525, 358.812347412, 481.076934814, 611.140991211, 1529.45251465, 1710.15270996, 1420.83557129, 707.088684082, 2828.6484375, 8507.87597656, 1981.70361328, 1070.41870117, 131.515396118, 110.289123535, 245.136978149, 39.4350662231, 22.9207172394, 7.1412153244, 1.42523515224, 0.514978468418, 0.30953168869, 0.14214643836, 0.0375583730638, 0.00191039114725, 7.4111201684e-05, 9.80386175797e-07, 2.02204608613e-09],
        "max": [0.995328605175, 12.9648742676, 22.1479148865, 30.8176784515, 136.312561035, 101.075141907, 50.3962020874, 62.1978721619, 79.4381637573, 264.803192139, 280.054107666, 342.125061035, 184.186141968, 278.633514404, 354.613006592, 333.58404541, 246.477935791, 489.036956787, 404.181396484, 553.559875488, 385.608032227, 567.876342773, 872.553649902, 513.870239258, 448.503448486, 130.329025269, 84.657913208, 105.653991699, 58.6610412598, 39.5188903809, 24.2608852386, 9.4588394165, 6.71549081802, 6.21361160278, 4.26542377472, 1.8637253046, 0.432575762272, 0.0747404396534, 0.00643579661846, 0.000413911096985],
        "mean": [0.0756129622459, 0.995149374008, 1.42734313011, 2.18681764603, 5.28476238251, 5.21403264999, 3.32042551041, 2.9195189476, 3.98510980606, 7.817964077, 10.5841588974, 11.2913866043, 7.61267852783, 7.73090934753, 7.26011228561, 11.3597259521, 8.25460338593, 15.7534999847, 23.3166637421, 20.4502811432, 22.399225235, 48.2827415466, 73.0625076294, 50.3061599731, 29.0998573303, 12.3193445206, 11.0455141068, 11.1550807953, 5.78041410446, 3.78600740433, 1.76369512081, 0.879727184772, 0.533899128437, 0.329646259546, 0.181517645717, 0.078257471323, 0.0168940406293, 0.00273953960277, 0.000193962463527, 2.57534084085e-05],
        "median": [0.0475142896175, 0.681051969528, 0.829969584942, 1.60296964645, 1.84665894508, 2.67279410362, 2.05920767784, 1.63269519806, 2.48086881638, 2.64274716377, 5.90163469315, 6.13020420074, 4.22407627106, 3.28119039536, 3.43408513069, 6.20344924927, 2.25232696533, 4.32999277115, 7.28092956543, 7.2975730896, 12.9147262573, 24.2529315948, 28.7251663208, 25.2991828918, 12.8920764923, 7.05324745178, 5.82648992538, 4.64866828918, 1.75127840042, 0.902177095413, 0.530005812645, 0.294055759907, 0.158574208617, 0.0695698261261, 0.0334774293005, 0.0115940254182, 0.00204375968315, 0.000248648168053, 1.82747626241e-05, 1.68035057868e-05],
        "min": [2.02994019924e-21, 1.53746493336e-20, 1.5140135552e-20, 7.13021997826e-20, 3.977987046e-19, 3.03656141712e-19, 8.39726926193e-19, 2.79641046427e-19, 2.22083337864e-19, 1.12550226649e-18, 7.79116766073e-19, 1.87007297166e-18, 1.59042988313e-18, 1.61630998635e-18, 1.7686885459e-18, 3.5179346251e-18, 3.84722985028e-18, 4.64173227915e-18, 5.81412803495e-18, 8.0304811449e-18, 7.38917959652e-18, 1.09322538948e-17, 1.04988493041e-17, 2.25351510887e-17, 1.72648426077e-17, 1.07948385155e-17, 1.03857058856e-17, 1.12031894598e-17, 1.25141218382e-17, 1.60220914185e-17, 1.54281426514e-17, 1.61790952618e-17, 1.46827139532e-17, 1.56125245187e-17, 9.9438326198e-18, 5.36720896744e-18, 2.63560464034e-18, 1.44834631008e-18, 4.69619695261e-19, 3.80359197584e-20],
        "var": [0.0130084501579, 1.71000301838, 4.52795696259, 5.53905630112, 205.926086426, 111.537864685, 14.0293502808, 18.6602783203, 23.6825942993, 325.512878418, 361.75402832, 459.979064941, 164.753570557, 258.694854736, 342.24307251, 472.801940918, 475.412963867, 1483.14660645, 1776.47314453, 1513.55432129, 873.869934082, 3606.18579102, 10818.9492188, 3785.5222168, 1922.2845459, 174.268341064, 162.948913574, 227.150970459, 81.7410888672, 42.2593917847, 8.79794216156, 1.64178872108, 0.726202785969, 0.390641570091, 0.144582480192, 0.0326000414789, 0.00163134548347, 4.6448509238e-05, 3.56206641072e-07, 8.92229068405e-10]
    },
    "gfcc": {
        "mean": [-26.3676280975, 93.0400161743, -144.662460327, 59.4727859497, -45.9086456299, -1.66380727291, -26.5968837738, 14.6943893433, -20.1720123291, -2.45813250542, -16.8649940491, -1.86873114109, -11.4445362091],
        "cov": [[9271.67578125, -542.882080078, 563.78692627, 660.696716309, -48.286693573, 676.25769043, -420.531585693, 394.597686768, -164.808105469, 194.509933472, -221.791915894, 196.483123779, -213.035598755], [-542.882080078, 1125.19824219, -478.741546631, 47.0168876648, 171.280166626, -259.777557373, 299.911407471, -86.543510437, 140.782791138, -107.828727722, 131.333602905, -107.13860321, 130.158401489], [563.78692627, -478.741546631, 1130.59985352, 247.928497314, 152.01991272, 398.371429443, -36.9226036072, 212.84413147, -125.698623657, 144.352020264, -81.7289810181, 119.146644592, -68.178276062], [660.696716309, 47.0168876648, 247.928497314, 286.488800049, 93.3134231567, 138.970153809, 29.7223033905, 69.4326019287, 27.0990104675, 19.0980682373, -5.54597806931, 22.8482990265, 6.67629289627], [-48.286693573, 171.280166626, 152.01991272, 93.3134231567, 256.164642334, 56.9488334656, 97.0578536987, 71.4230422974, 33.757774353, 9.9664850235, 14.1873016357, 5.2589802742, 20.4675636292], [676.25769043, -259.777557373, 398.371429443, 138.970153809, 56.9488334656, 332.843261719, -26.6685066223, 115.80241394, -47.6785583496, 60.6238555908, -26.2591285706, 54.9365463257, -38.9860572815], [-420.531585693, 299.911407471, -36.9226036072, 29.7223033905, 97.0578536987, -26.6685066223, 209.787994385, -2.70117235184, 20.7078018188, -25.3505268097, 51.04637146, -16.7515468597, 29.0433616638], [394.597686768, -86.543510437, 212.84413147, 69.4326019287, 71.4230422974, 115.80241394, -2.70117235184, 165.529830933, 9.75760269165, 33.7862548828, -12.0654993057, 30.0634441376, -19.8081302643], [-164.808105469, 140.782791138, -125.698623657, 27.0990104675, 33.757774353, -47.6785583496, 20.7078018188, 9.75760269165, 137.771743774, -4.31018590927, 18.7577342987, -32.5160102844, 21.6522674561], [194.509933472, -107.828727722, 144.352020264, 19.0980682373, 9.9664850235, 60.6238555908, -25.3505268097, 33.7862548828, -4.31018590927, 77.8601913452, -7.7708735466, 24.6299762726, -20.9181041718], [-221.791915894, 131.333602905, -81.7289810181, -5.54597806931, 14.1873016357, -26.2591285706, 51.04637146, -12.0654993057, 18.7577342987, -7.7708735466, 77.7219772339, 10.5674371719, 16.0601139069], [196.483123779, -107.13860321, 119.146644592, 22.8482990265, 5.2589802742, 54.9365463257, -16.7515468597, 30.0634441376, -32.5160102844, 24.6299762726, 10.5674371719, 73.2448959351, 1.05031585693], [-213.035598755, 130.158401489, -68.178276062, 6.67629289627, 20.4675636292, -38.9860572815, 29.0433616638, -19.8081302643, 21.6522674561, -20.9181041718, 16.0601139069, 1.05031585693, 70.8681640625]],
        "icov": [[0.000255018414464, -0.0003526127839, 0.000380627665436, -0.000629475689493, 0.000138022907777, -0.000363801198546, 0.000565851223655, -0.000441396958195, 0.000470720959129, -0.000449772895081, 0.00088342349045, -0.000827569223475, 0.000779923342634], [-0.0003526127839, 0.00367275602184, 5.95191268076e-05, -0.000438559072791, -0.00129627564456, 0.00186163734179, -0.00311719509773, 0.000451092375442, -0.000485864991788, 0.000689210020937, -0.00382372946478, 0.00431488920003, -0.00375034473836], [0.000380627665436, 5.95191268076e-05, 0.0032709937077, -0.00225067767315, -0.000779557100032, -0.00138566596434, 0.000144619742059, -0.00165943754837, 0.0025281496346, -0.00311354151927, 0.00271587073803, -0.00198097899556, 0.00105596811045], [-0.000629475689493, -0.000438559072791, -0.00225067767315, 0.00771816587076, -0.000496818043757, -0.0014172848314, -0.000877809827216, 0.001475404948, -0.00367531739175, 0.00264750467613, -0.000978767988272, 0.000236973093706, -0.00172053009737], [0.000138022907777, -0.00129627564456, -0.000779557100032, -0.000496818043757, 0.00679382868111, -0.000604538712651, -0.00149363686796, -0.00196135044098, -0.00102461676579, -0.000275592930848, 0.00135381531436, -0.000968891079538, -0.000199010988581], [-0.000363801198546, 0.00186163734179, -0.00138566596434, -0.0014172848314, -0.000604538712651, 0.00742020364851, -0.00138843420427, -0.00137918721884, 0.000652635237202, -0.000237119122175, -0.00266566989012, 0.00188958283979, -0.000965478247963], [0.000565851223655, -0.00311719509773, 0.000144619742059, -0.000877809827216, -0.00149363686796, -0.00138843420427, 0.0106952730566, -0.000754564709496, 0.00197941414081, 0.000359347846825, -0.00115612579975, -0.00124580180272, 0.00250321719795], [-0.000441396958195, 0.000451092375442, -0.00165943754837, 0.001475404948, -0.00196135044098, -0.00137918721884, -0.000754564709496, 0.0109644252807, -0.00384257151745, 0.00122337299399, -0.000521790178027, -0.00147042307071, 0.000965959159657], [0.000470720959129, -0.000485864991788, 0.0025281496346, -0.00367531739175, -0.00102461676579, 0.000652635237202, 0.00197941414081, -0.00384257151745, 0.0129611399025, -0.00475220195949, -0.000811640173197, 0.00416339514777, -0.00138494872954], [-0.000449772895081, 0.000689210020937, -0.00311354151927, 0.00264750467613, -0.000275592930848, -0.000237119122175, 0.000359347846825, 0.00122337299399, -0.00475220195949, 0.0208064895123, -0.00255082268268, -0.00254268152639, 0.00249029044062], [0.00088342349045, -0.00382372946478, 0.00271587073803, -0.000978767988272, 0.00135381531436, -0.00266566989012, -0.00115612579975, -0.000521790178027, -0.000811640173197, -0.00255082268268, 0.0249139983207, -0.0133909313008, 0.00490144593641], [-0.000827569223475, 0.00431488920003, -0.00198097899556, 0.000236973093706, -0.000968891079538, 0.00188958283979, -0.00124580180272, -0.00147042307071, 0.00416339514777, -0.00254268152639, -0.0133909313008, 0.0290874112397, -0.0103408144787], [0.000779923342634, -0.00375034473836, 0.00105596811045, -0.00172053009737, -0.000199010988581, -0.000965478247963, 0.00250321719795, 0.000965959159657, -0.00138494872954, 0.00249029044062, 0.00490144593641, -0.0103408144787, 0.0234923399985]]
    },
    "melbands": {
        "dmean": [0.000597891979851, 0.000633243413176, 0.000304108310957, 0.000422847631853, 6.82552927174e-05, 4.50706611446e-05, 3.41855520674e-05, 4.96273714816e-05, 4.16657203459e-05, 3.68255459762e-05, 1.99525893549e-05, 1.85609696928e-05, 1.17516965474e-05, 1.52196462295e-05, 1.11678846224e-05, 1.43588486026e-05, 1.7037622456e-05, 2.16632506636e-05, 1.70647726918e-05, 1.67048856383e-05, 1.37693377837e-05, 2.07057091757e-05, 4.09768981626e-05, 3.19737446262e-05, 1.65898909472e-05, 1.09403017632e-05, 5.81269023314e-06, 3.31815203936e-06, 2.85720329884e-06, 4.2159235818e-06, 2.88002684101e-06, 1.60183685693e-06, 1.48813751366e-06, 1.0929719565e-06, 5.83311248192e-07, 3.95225725924e-07, 2.87657911713e-07, 2.09761694236e-07, 1.92037205693e-07, 1.67463369394e-07],
        "dmean2": [0.000954756687861, 0.0010516726179, 0.000509461155161, 0.000704801466782, 0.000111497676698, 7.51980041969e-05, 5.46645824215e-05, 7.713069499e-05, 6.2733044615e-05, 5.78727485845e-05, 3.17073645419e-05, 2.91465494229e-05, 1.86525103345e-05, 2.44341408688e-05, 1.77898527909e-05, 2.33004811889e-05, 2.74466783594e-05, 3.35002259817e-05, 2.68582443823e-05, 2.58160107478e-05, 2.1826770535e-05, 3.1975323509e-05, 6.48285858915e-05, 5.09186065756e-05, 2.56717157754e-05, 1.7078129531e-05, 9.32587136049e-06, 5.34463833901e-06, 4.29131750934e-06, 6.69921337249e-06, 4.60127330371e-06, 2.1429204935e-06, 2.02571573027e-06, 1.47038360865e-06, 8.13633505459e-07, 5.47908200588e-07, 4.40125148771e-07, 2.87972085289e-07, 2.63786262167e-07, 2.26020844707e-07],
        "dvar": [1.55905070187e-06, 1.77018421255e-06, 4.04548728739e-07, 1.60259571658e-06, 1.25928130146e-08, 8.43675707074e-09, 3.28516169823e-09, 1.51285792782e-08, 8.44168557279e-09, 9.56924761653e-09, 1.86362969501e-09, 2.37264807801e-09, 1.40831168949e-09, 1.52011814247e-09, 7.40320527104e-10, 2.75927503068e-09, 2.13819917327e-09, 2.2848709591e-09, 1.7270250785e-09, 1.90883997497e-09, 4.61054028289e-10, 9.723329919e-10, 5.21716136959e-09, 3.57494078784e-09, 6.66102561997e-10, 4.26180812862e-10, 1.1580628817e-10, 2.65142820893e-11, 2.62275652585e-11, 4.79718868795e-11, 2.85497719216e-11, 8.07944509906e-12, 7.30240260621e-12, 4.4889933784e-12, 1.5875319722e-12, 4.7906839086e-13, 2.31368987554e-13, 1.26975808882e-13, 1.52985751237e-13, 1.24257754693e-13],
        "dvar2": [3.7165118556e-06, 4.67683230454e-06, 1.04394030132e-06, 4.10284565078e-06, 3.32337464215e-08, 2.24885408073e-08, 7.74976616214e-09, 3.742731991e-08, 1.70970757551e-08, 2.3948883765e-08, 4.32031699305e-09, 5.53790924229e-09, 3.18299719915e-09, 3.62691698896e-09, 1.74893344251e-09, 7.65449925666e-09, 5.40827560513e-09, 5.66700508742e-09, 4.47071979437e-09, 4.21347046142e-09, 1.0837273301e-09, 2.22797180705e-09, 1.25372636717e-08, 9.18570108865e-09, 1.46037881787e-09, 1.02849895267e-09, 2.88817830763e-10, 5.6705116297e-11, 5.19399384613e-11, 1.12335689362e-10, 6.84329815037e-11, 1.40612669078e-11, 1.4477631767e-11, 8.61411029313e-12, 3.3452526773e-12, 9.62127296236e-13, 5.48095314794e-13, 2.47670048532e-13, 3.11025971688e-13, 2.35209150334e-13],
        "max": [0.0111432550475, 0.0137481754646, 0.00597029225901, 0.0100251343101, 0.00138730928302, 0.0012396350503, 0.00127250130754, 0.00292218173854, 0.00212558102794, 0.00251395604573, 0.000961351324804, 0.00119178963359, 0.00100629497319, 0.000837000785396, 0.000473671563668, 0.000826051575132, 0.000944571336731, 0.000895679404493, 0.000842183711939, 0.00136083166581, 0.000350830407115, 0.000563034263905, 0.00128803448752, 0.000890106777661, 0.000483016163344, 0.000475218519568, 0.000201289556571, 6.04141205258e-05, 6.86081330059e-05, 6.38340352452e-05, 6.41857404844e-05, 3.67628890672e-05, 4.5000542741e-05, 2.34933995671e-05, 1.72208401636e-05, 1.00044771898e-05, 4.6136083256e-06, 4.35561514678e-06, 5.78344815949e-06, 5.31861314812e-06],
        "mean": [0.000940866186284, 0.00100815563928, 0.000439015391748, 0.000442485237727, 0.000123585879919, 6.50671354379e-05, 6.3278406742e-05, 8.7992848421e-05, 8.40280990815e-05, 6.93477049936e-05, 3.66255007975e-05, 3.1176761695e-05, 2.08082892641e-05, 2.88319515676e-05, 1.93181531358e-05, 2.36195519392e-05, 2.88573755824e-05, 3.71173300664e-05, 2.83146455331e-05, 2.90436601063e-05, 2.59596272372e-05, 4.13688503613e-05, 7.62209529057e-05, 6.25348839094e-05, 3.83556944143e-05, 2.5574790925e-05, 1.30628677653e-05, 6.96504048392e-06, 6.10245433563e-06, 8.43688576424e-06, 5.52112032892e-06, 3.25508335663e-06, 2.74018725577e-06, 1.81765904017e-06, 1.03937429685e-06, 7.01408737314e-07, 4.76831473861e-07, 3.71967757928e-07, 3.20539385257e-07, 2.66725805886e-07],
        "median": [0.000634856463876, 0.000693477573805, 0.000277751445537, 0.000176735396963, 7.55800501793e-05, 3.89484084735e-05, 3.81264326279e-05, 3.16074292641e-05, 4.71874518553e-05, 3.62498576578e-05, 1.98725410883e-05, 1.23840973174e-05, 8.89874354471e-06, 1.60228082677e-05, 9.94909441943e-06, 4.16783996116e-06, 8.14623399492e-06, 1.15867396744e-05, 8.37414063426e-06, 1.1142207768e-05, 1.50883133756e-05, 2.06751938094e-05, 3.26601184497e-05, 2.15391555685e-05, 1.92217048607e-05, 1.13600171971e-05, 6.19378943156e-06, 4.04138427257e-06, 2.92446065941e-06, 4.29160400017e-06, 2.0117679469e-06, 9.60182092058e-07, 6.45349587103e-07, 4.27475072229e-07, 2.9680106195e-07, 2.27433872624e-07, 1.52036164991e-07, 1.13508015431e-07, 7.10501595336e-08, 5.00192669506e-08],
        "min": [2.19991975667e-23, 1.27911129432e-23, 2.29633875413e-23, 2.67806065756e-23, 2.44162926239e-23, 7.87600305494e-24, 4.98518479687e-24, 1.08705158957e-23, 7.19981909712e-24, 1.24813722308e-23, 8.17820304596e-24, 6.820948137e-24, 3.99380870335e-24, 1.01018285304e-23, 1.19747491914e-23, 5.72199547627e-24, 9.13126692632e-24, 1.01949717041e-23, 9.5533745638e-24, 9.01831387761e-24, 8.89693973873e-24, 1.16446061694e-23, 1.04812532709e-23, 9.21571764167e-24, 1.97197966029e-23, 1.52359459275e-23, 7.78098554777e-24, 7.35571063377e-24, 6.24653985773e-24, 7.16715473362e-24, 6.26331419602e-24, 8.08511982573e-24, 6.48306796725e-24, 9.33527503389e-24, 9.06407806531e-24, 7.87542797534e-24, 1.07436631179e-23, 1.10064090196e-23, 9.40889784445e-24, 1.45184485352e-23],
        "var": [1.65598930835e-06, 1.69228269442e-06, 3.65792942603e-07, 1.27842872644e-06, 1.82544681593e-08, 8.21681744867e-09, 6.72877442653e-09, 3.72395234649e-08, 2.09932871087e-08, 2.27438956557e-08, 4.14190592934e-09, 4.511751861e-09, 2.98780999941e-09, 3.25780513677e-09, 1.33067867836e-09, 6.19252871203e-09, 4.8692818666e-09, 5.5296487389e-09, 3.37344108203e-09, 3.92974897068e-09, 1.10546272136e-09, 2.87485701911e-09, 1.26208510309e-08, 9.96499593953e-09, 2.37243180656e-09, 1.74715197865e-09, 3.56166901527e-10, 5.99561789105e-11, 6.17471976327e-11, 1.05039164866e-10, 6.3326635602e-11, 2.67274917476e-11, 2.26650261059e-11, 1.06882844589e-11, 3.22974893358e-12, 1.22550667531e-12, 4.84254129851e-13, 3.3609473169e-13, 3.3863024689e-13, 2.75591154715e-13]
    },
    "mfcc": {
        "mean": [-653.291809082, 109.532196045, -30.2610168457, 54.7467536926, 1.82730519772, -0.132918924093, 1.01152443886, 11.2262773514, 3.94236016273, 1.41165542603, 3.52339076996, 3.16647291183, -6.90153837204],
        "cov": [[4574.57128906, -605.270385742, 740.650817871, 44.1504478455, 514.21862793, 290.484649658, 30.0638694763, 195.769515991, 63.2362747192, 36.5089111328, 213.98991394, -102.044723511, -63.8876152039], [-605.270385742, 927.962158203, -419.151123047, 242.378814697, -114.117004395, -45.5727844238, 82.5875854492, 26.3113155365, 44.2888069153, 43.7237930298, -42.6583251953, 84.620552063, -10.2120466232], [740.650817871, -419.151123047, 828.429931641, 21.209236145, 251.0753479, 175.166213989, 153.18560791, 92.0132217407, 46.6496276855, 39.8824729919, 73.1934661865, -36.9968986511, 40.5689277649], [44.1504478455, 242.378814697, 21.209236145, 270.939056396, 52.1853370667, 44.0886421204, 55.0842704773, 56.5195083618, 50.3510742188, 42.2037773132, 9.32519721985, 14.3845491409, 18.8073959351], [514.21862793, -114.117004395, 251.0753479, 52.1853370667, 266.85848999, 80.7077407837, 52.6395530701, 81.2213134766, 64.9801635742, 52.4598121643, 54.6538200378, -14.1331663132, 2.75438475609], [290.484649658, -45.5727844238, 175.166213989, 44.0886421204, 80.7077407837, 167.897781372, 80.785446167, 41.5691108704, 24.2831478119, 21.0173225403, 24.2848396301, 0.757423877716, 12.7719678879], [30.0638694763, 82.5875854492, 153.18560791, 55.0842704773, 52.6395530701, 80.785446167, 200.509307861, 83.732925415, 15.6214895248, 18.1893253326, 21.9770908356, 11.058675766, 8.655585289], [195.769515991, 26.3113155365, 92.0132217407, 56.5195083618, 81.2213134766, 41.5691108704, 83.732925415, 127.822608948, 40.6567878723, 30.7653923035, 37.0986671448, 17.2764530182, 1.42370033264], [63.2362747192, 44.2888069153, 46.6496276855, 50.3510742188, 64.9801635742, 24.2831478119, 15.6214895248, 40.6567878723, 88.3285751343, 47.4672737122, 9.94785499573, 1.60101640224, 7.4595913887], [36.5089111328, 43.7237930298, 39.8824729919, 42.2037773132, 52.4598121643, 21.0173225403, 18.1893253326, 30.7653923035, 47.4672737122, 79.3478546143, 29.3419094086, -1.05608916283, 1.29931664467], [213.98991394, -42.6583251953, 73.1934661865, 9.32519721985, 54.6538200378, 24.2848396301, 21.9770908356, 37.0986671448, 9.94785499573, 29.3419094086, 83.8513259888, 16.5009727478, -7.38316249847], [-102.044723511, 84.620552063, -36.9968986511, 14.3845491409, -14.1331663132, 0.757423877716, 11.058675766, 17.2764530182, 1.60101640224, -1.05608916283, 16.5009727478, 73.1229705811, 22.8847904205], [-63.8876152039, -10.2120466232, 40.5689277649, 18.8073959351, 2.75438475609, 12.7719678879, 8.655585289, 1.42370033264, 7.4595913887, 1.29931664467, -7.38316249847, 22.8847904205, 59.5562362671]],
