{
"lowlevel": {
    "average_loudness": 0.974212169647,
    "barkbands_crest": {
        "dmean": 2.64633536339,
        "dmean2": 4.33794212341,
        "dvar": 6.56552267075,
        "dvar2": 17.3597793579,
        "max": 23.2273769379,
        "mean": 9.79339885712,
        "median": 8.90175437927,
        "min": 2.60537481308,
        "var": 16.8307762146
    },
    "barkbands_flatness_db": {
        "dmean": 0.0220243427902,
        "dmean2": 0.0323969163001,
        "dvar": 0.000579985324293,
        "dvar2": 0.0010848348029,
        "max": 0.409943759441,
        "mean": 0.120257638395,
        "median": 0.107380673289,
        "min": 0.0244739223272,
        "var": 0.0026420338545
    },
    "barkbands_kurtosis": {
        "dmean": 3.94289875031,
        "dmean2": 5.78978490829,
        "dvar": 107.076202393,
        "dvar2": 207.029586792,
        "max": 193.117416382,
        "mean": 4.69476222992,
        "median": 0.161510229111,
        "min": -1.96583294868,
        "var": 229.015136719
    },
    "barkbands_skewness": {
        "dmean": 0.66125869751,
        "dmean2": 1.00319314003,
        "dvar": 0.647313952446,
        "dvar2": 1.37251639366,
        "max": 11.6821231842,
        "mean": 1.56085515022,
        "median": 1.23860394955,
        "min": -1.77576720715,
        "var": 2.40144848824
    },
    "barkbands_spread": {
        "dmean": 7.98454666138,
        "dmean2": 12.6500692368,
        "dvar": 75.7138671875,
        "dvar2": 184.347290039,
        "max": 106.460502625,
        "mean": 33.366153717,
        "median": 34.4034881592,
        "min": 0.631401240826,
        "var": 224.325897217
    },
    "dissonance": {
        "dmean": 0.00831833761185,
        "dmean2": 0.0133621562272,
        "dvar": 7.45892975829e-05,
        "dvar2": 0.000191486309632,
        "max": 0.49994212389,
        "mean": 0.482629030943,
        "median": 0.486112654209,
        "min": 0.377253979445,
        "var": 0.000164725686773
    },
    "dynamic_complexity": 1.86941552162,
    "erbbands_crest": {
        "dmean": 2.10477232933,
        "dmean2": 3.50496339798,
        "dvar": 4.03868293762,
        "dvar2": 10.244890213,
        "max": 25.5485458374,
        "mean": 7.33311843872,
        "median": 6.56060647964,
        "min": 2.37656283379,
        "var": 9.55005168915
    },
    "erbbands_flatness_db": {
        "dmean": 0.0160201881081,
        "dmean2": 0.0236503519118,
        "dvar": 0.000251484976616,
        "dvar2": 0.000547620642465,
        "max": 0.274323582649,
        "mean": 0.136157572269,
        "median": 0.130739510059,
        "min": 0.0294967480004,
        "var": 0.00130077858921
    },
    "erbbands_kurtosis": {
        "dmean": 1.05402958393,
        "dmean2": 1.71052896976,
        "dvar": 1.9094067812,
        "dvar2": 4.59645605087,
        "max": 17.1049785614,
        "mean": 0.24852347374,
        "median": -0.152586460114,
        "min": -1.91797459126,
        "var": 3.15584897995
    },
    "erbbands_skewness": {
        "dmean": 0.412035912275,
        "dmean2": 0.619380950928,
        "dvar": 0.236315131187,
        "dvar2": 0.483706325293,
        "max": 3.76488780975,
        "mean": -0.527037084103,
        "median": -0.665108859539,
        "min": -3.29733610153,
        "var": 0.689421117306
    },
    "erbbands_spread": {
        "dmean": 10.9466199875,
        "dmean2": 17.2576656342,
        "dvar": 118.23009491,
        "dvar2": 291.229156494,
        "max": 194.224411011,
        "mean": 48.7685432434,
        "median": 46.8496208191,
        "min": 8.89954471588,
        "var": 373.426879883
    },
    "hfc": {
        "dmean": 7.00470161438,
        "dmean2": 10.378613472,
        "dvar": 102.129631042,
        "dvar2": 237.708862305,
        "max": 133.517105103,
        "mean": 20.7337245941,
        "median": 14.6601419449,
        "min": 1.14603650408e-16,
        "var": 266.938964844
    },
    "melbands_crest": {
        "dmean": 3.11280918121,
        "dmean2": 5.07250213623,
        "dvar": 7.48010587692,
        "dvar2": 20.141746521,
        "max": 34.4346427917,
        "mean": 14.6104249954,
        "median": 14.2135391235,
        "min": 1.9719671011,
        "var": 18.3073616028
    },
    "melbands_flatness_db": {
        "dmean": 0.028437256813,
        "dmean2": 0.042924489826,
        "dvar": 0.000905585533474,
        "dvar2": 0.0018915925175,
        "max": 0.515808999538,
        "mean": 0.185735106468,
        "median": 0.172307834029,
        "min": 0.00704434933141,
        "var": 0.004336705897
    },
    "melbands_kurtosis": {
        "dmean": 10.9845848083,
        "dmean2": 16.8390522003,
        "dvar": 533.888427734,
        "dvar2": 1140.23852539,
        "max": 518.754211426,
        "mean": 19.3463172913,
        "median": 9.14275074005,
        "min": -1.75433850288,
        "var": 1055.5892334
    },
    "melbands_skewness": {
        "dmean": 0.933241128922,
        "dmean2": 1.46088850498,
        "dvar": 1.1190918684,
        "dvar2": 2.61085653305,
        "max": 16.8026733398,
        "mean": 3.35986185074,
        "median": 3.04619646072,
        "min": -0.640430808067,
        "var": 3.93008542061
    },
    "melbands_spread": {
        "dmean": 10.5891618729,
        "dmean2": 17.1324729919,
        "dvar": 145.725509644,
        "dvar2": 373.665374756,
        "max": 209.215560913,
        "mean": 31.0852642059,
        "median": 27.9674568176,
        "min": 0.64439368248,
        "var": 404.007354736
    },
    "pitch_salience": {
        "dmean": 0.0711748972535,
        "dmean2": 0.116392545402,
        "dvar": 0.00463337823749,
        "dvar2": 0.0127513837069,
        "max": 0.821568667889,
        "mean": 0.571530342102,
        "median": 0.580856025219,
        "min": 0.146231532097,
        "var": 0.0100507130846
    },
    "silence_rate_20dB": {
        "dmean": 0,
        "dmean2": 0,
        "dvar": 0,
        "dvar2": 0,
        "max": 1,
        "mean": 1,
        "median": 1,
        "min": 1,
        "var": 0
    },
    "silence_rate_30dB": {
        "dmean": 0,
        "dmean2": 0,
        "dvar": 0,
        "dvar2": 0,
        "max": 1,
        "mean": 1,
        "median": 1,
        "min": 1,
        "var": 0
    },
    "silence_rate_60dB": {
        "dmean": 0.000386996893212,
        "dmean2": 0.000774293439463,
        "dvar": 0.000386875908589,
        "dvar2": 0.000773690524511,
        "max": 1,
        "mean": 0.00889748521149,
        "median": 0,
        "min": 0,
        "var": 0.00881925690919
    },
    "spectral_centroid": {
        "dmean": 345.277587891,
        "dmean2": 548.776245117,
        "dvar": 167929.015625,
        "dvar2": 387659.78125,
        "max": 11158.0078125,
        "mean": 1868.97851562,
        "median": 1971.55615234,
        "min": 165.426956177,
        "var": 473471.34375
    },
    "spectral_complexity": {
        "dmean": 5.25038719177,
        "dmean2": 8.03600502014,
        "dvar": 30.7038135529,
        "dvar2": 63.1435470581,
        "max": 50,
        "mean": 22.6464214325,
        "median": 23,
        "min": 0,
        "var": 108.664978027
    },
    "spectral_decrease": {
        "dmean": 1.62545166216e-09,
        "dmean2": 2.51777310112e-09,
        "dvar": 4.14971325668e-18,
        "dvar2": 1.00933719853e-17,
        "max": -6.47418503619e-29,
        "mean": -5.13200237862e-09,
        "median": -4.45098446988e-09,
        "min": -2.00687981788e-08,
        "var": 7.91568005641e-18
    },
    "spectral_energy": {
        "dmean": 0.00654377788305,
        "dmean2": 0.0100610507652,
        "dvar": 6.70085210004e-05,
        "dvar2": 0.000160722265719,
        "max": 0.0810666009784,
        "mean": 0.0212499499321,
        "median": 0.0182168800384,
        "min": 1.06392430829e-20,
        "var": 0.000133154026116
    },
    "spectral_energyband_high": {
        "dmean": 0.000500336987898,
        "dmean2": 0.000772053026594,
        "dvar": 1.00979582385e-06,
        "dvar2": 2.37334938902e-06,
        "max": 0.0171008259058,
        "mean": 0.00100804772228,
        "median": 0.000659377954435,
        "min": 7.60427379458e-21,
        "var": 1.45233082094e-06
    },
    "spectral_energyband_low": {
        "dmean": 0.0033745765686,
        "dmean2": 0.00534675037488,
        "dvar": 2.21233422053e-05,
        "dvar2": 5.47010276932e-05,
        "max": 0.0583289451897,
        "mean": 0.00772844813764,
        "median": 0.00581347895786,
        "min": 5.90599775573e-23,
        "var": 4.17449882661e-05
    },
    "spectral_energyband_middle_high": {
        "dmean": 0.00180282141082,
        "dmean2": 0.00275139673613,
        "dvar": 6.25294251222e-06,
        "dvar2": 1.44388832268e-05,
        "max": 0.0358407646418,
        "mean": 0.00492075271904,
        "median": 0.00316438963637,
        "min": 1.76271138403e-21,
        "var": 2.70169493888e-05
    },
    "spectral_energyband_middle_low": {
        "dmean": 0.00395691767335,
        "dmean2": 0.00627508899197,
        "dvar": 4.48961400252e-05,
        "dvar2": 0.000111318295239,
        "max": 0.0611631907523,
        "mean": 0.00861996412277,
        "median": 0.00632509496063,
        "min": 2.25821619892e-22,
        "var": 5.88997609157e-05
    },
    "spectral_entropy": {
        "dmean": 0.132019892335,
        "dmean2": 0.187611162663,
        "dvar": 0.029361223802,
        "dvar2": 0.043797031045,
        "max": 9.80769634247,
        "mean": 7.73493432999,
        "median": 7.79167556763,
        "min": 5.60000514984,
        "var": 0.121903933585
    },
    "spectral_flux": {
        "dmean": 0.0230578966439,
        "dmean2": 0.0342544279993,
        "dvar": 0.000616053468548,
        "dvar2": 0.00129362731241,
        "max": 0.222919374704,
        "mean": 0.0762080848217,
        "median": 0.0688313096762,
        "min": 1.03146706454e-10,
        "var": 0.00133307790384
    },
    "spectral_kurtosis": {
        "dmean": 1.13203716278,
        "dmean2": 1.87472116947,
        "dvar": 1.59968566895,
        "dvar2": 4.31806659698,
        "max": 25.240530014,
        "mean": 4.03111076355,
        "median": 3.99534749985,
        "min": -1.26255834103,
        "var": 3.67140126228
    },
    "spectral_rms": {
        "dmean": 0.000665976316668,
        "dmean2": 0.00100529252086,
        "dvar": 5.2731508049e-07,
        "dvar2": 1.20770084777e-06,
        "max": 0.00889322068542,
        "mean": 0.00438973959535,
        "median": 0.00421575224027,
        "min": 3.22176183301e-12,
        "var": 1.46180332194e-06
    },
    "spectral_rolloff": {
        "dmean": 728.478759766,
        "dmean2": 1253.23608398,
        "dvar": 996711.125,
        "dvar2": 2287886.25,
        "max": 18690.8203125,
        "mean": 2106.19140625,
        "median": 2260.98632812,
        "min": 43.06640625,
        "var": 2690482.75
    },
    "spectral_skewness": {
        "dmean": 0.187053501606,
        "dmean2": 0.296889096498,
        "dvar": 0.0396951250732,
        "dvar2": 0.101848773658,
        "max": 3.66554880142,
        "mean": 1.23295497894,
        "median": 1.27652132511,
        "min": -0.104202672839,
        "var": 0.140850037336
    },
    "spectral_spread": {
        "dmean": 556378.0625,
        "dmean2": 806421,
        "dvar": 781214154752,
        "dvar2": 1.22568586035e+12,
        "max": 39826008,
        "mean": 4420032,
        "median": 4109928.25,
        "min": 2189667.5,
        "var": 2.49116150989e+12
    },
    "spectral_strongpeak": {
        "dmean": 0.464616954327,
        "dmean2": 0.806037425995,
        "dvar": 1.21362364292,
        "dvar2": 3.33260822296,
        "max": 13.7717399597,
        "mean": 0.722928762436,
        "median": 0.408925354481,
        "min": 0,
        "var": 1.5419164896
    },
    "zerocrossingrate": {
        "dmean": 0.0109154665843,
        "dmean2": 0.0123728159815,
        "dvar": 0.000142881603097,
        "dvar2": 0.000162776908837,
        "max": 0.4912109375,
        "mean": 0.0736815482378,
        "median": 0.07275390625,
        "min": 0.00537109375,
        "var": 0.00135571998544
    },
    "barkbands": {
        "dmean": [7.53293134039e-05, 0.00176402588841, 0.00203256076202, 0.0013165368, 0.00262465281412, 0.000603189866524, 0.000223077993724, 0.00029086417635, 0.000402225618018, 0.000103248770756, 0.00012251221051, 0.000195035303477, 0.000155431145686, 0.000562905683182, 0.000203424729989, 0.00030333531322, 0.000405814585974, 0.000385505321901, 0.000440520292614, 0.000290945754386, 0.000209267818718, 0.000106186598714, 5.67758761463e-05, 4.55730842077e-05, 3.91112189391e-05, 1.92234692804e-05, 4.41700740339e-06],
        "dmean2": [0.000108161788376, 0.0029876048211, 0.00311991944909, 0.00215370953083, 0.00427897740155, 0.000948236032855, 0.000350850867108, 0.000447006168542, 0.000620999722742, 0.000157459784532, 0.000187754485523, 0.000315947050694, 0.00024186570954, 0.000917252968065, 0.000331110029947, 0.000499593850691, 0.0006622801302, 0.000609071750659, 0.000687967753038, 0.000505776202772, 0.000357123470167, 0.000158804134117, 8.53087549331e-05, 6.63202081341e-05, 5.32987178303e-05, 2.74679423455e-05, 6.86804014549e-06],
        "dvar": [2.52869938322e-08, 1.12875559353e-05, 9.13101393962e-06, 2.93299058285e-06, 3.13811578962e-05, 1.77049093963e-06, 2.74093508779e-07, 8.27500741707e-07, 2.21724917537e-06, 1.34572985644e-07, 3.00611901594e-07, 2.92564891424e-07, 3.05768679709e-07, 2.38718143919e-06, 1.3695964185e-07, 1.31186808972e-07, 3.86430059507e-07, 6.8449827495e-07, 4.69612160714e-07, 3.61854972653e-07, 1.96961451593e-07, 5.32858770441e-08, 2.00528056382e-08, 4.37947313969e-08, 2.64503423608e-08, 9.09570530006e-10, 4.19992929324e-11],
        "dvar2": [4.62802098866e-08, 2.90624593617e-05, 2.12965223909e-05, 7.71599479776e-06, 7.91486527305e-05, 4.29399051427e-06, 5.56023223908e-07, 1.85590249657e-06, 4.96024949825e-06, 3.11604168246e-07, 7.0722410328e-07, 7.46063278712e-07, 7.0255640594e-07, 6.43220027996e-06, 3.42352336702e-07, 3.43395669233e-07, 9.0749432502e-07, 1.60232787039e-06, 9.88309693639e-07, 1.02569447336e-06, 5.37883749985e-07, 1.17441594227e-07, 4.35152074374e-08, 8.67705622909e-08, 4.87961138163e-08, 1.91324711629e-09, 9.4675829676e-11],
        "max": [0.00196501705796, 0.0339236557484, 0.0513014420867, 0.0223602838814, 0.0510569922626, 0.025697261095, 0.0129973795265, 0.0188433025032, 0.0390170887113, 0.00861513614655, 0.0100535796955, 0.00854675285518, 0.0106493383646, 0.0273201894015, 0.00822899490595, 0.00451795058325, 0.0143532529473, 0.0127435438335, 0.0103798191994, 0.00625369418412, 0.00483326101676, 0.00355804199353, 0.00362519477494, 0.00584498932585, 0.00533217517659, 0.000427950639278, 5.89358751313e-05],
        "mean": [9.66717270785e-05, 0.00232876860537, 0.00430586514995, 0.00231716409326, 0.00390073889866, 0.00096289155772, 0.000336873985361, 0.000422585027991, 0.000636056705844, 0.000157844173373, 0.000181181239896, 0.00027754571056, 0.000207992008654, 0.000811234640423, 0.000322749168845, 0.000533359241672, 0.000694987014867, 0.000646609638352, 0.000824748596642, 0.00046836209367, 0.000335118005751, 0.00018609232211, 9.84053986031e-05, 7.54138090997e-05, 7.29146195226e-05, 4.03889498557e-05, 7.41006988392e-06],
        "median": [7.62792524256e-06, 0.00138716027141, 0.00239581428468, 0.00159988622181, 0.00231380574405, 0.000362846942153, 0.00016802198661, 0.000128304876853, 0.000228905220865, 5.97110738454e-05, 2.48391988862e-05, 9.47814041865e-05, 6.10197894275e-05, 0.000253555510426, 0.000224811112275, 0.000431685679359, 0.000517862150446, 0.000170833242009, 0.000448653911008, 0.000327772751916, 0.000223290073336, 7.03476252966e-05, 3.97978365072e-05, 2.61234890786e-05, 3.19333666994e-05, 2.70719392574e-05, 3.72265981241e-06],
        "min": [3.24486132004e-23, 3.79669318906e-23, 5.53126508104e-24, 5.74479197871e-24, 3.4629491748e-23, 4.60617586498e-23, 2.89717213824e-23, 8.0539511425e-23, 1.5950560822e-23, 3.62004041111e-23, 9.02737015857e-23, 1.18363984503e-22, 1.89022217918e-22, 4.90355560032e-23, 1.30456830905e-22, 1.07750914941e-22, 2.31209098112e-22, 1.74413031446e-22, 4.5014437882e-22, 3.08822989497e-22, 6.41529607491e-22, 7.37868582898e-22, 5.79461274162e-22, 6.51480059136e-22, 1.12320706648e-21, 1.65526928605e-21, 2.292072039e-21],
        "var": [4.46348344951e-08, 1.13251053335e-05, 2.71414392046e-05, 5.15613692187e-06, 3.1680578104e-05, 3.15990473609e-06, 4.90948593779e-07, 1.42357896493e-06, 4.35859419667e-06, 2.51925996508e-07, 6.36249751551e-07, 4.33497064023e-07, 4.38996465846e-07, 4.60158389615e-06, 1.76835385446e-07, 2.0528243283e-07, 6.19018180714e-07, 1.53036205575e-06, 1.20429547223e-06, 3.08137089178e-07, 1.75419756943e-07, 9.13796256441e-08, 3.11222727589e-08, 7.01553375393e-08, 5.29947499217e-08, 2.40881825597e-09, 8.88691273349e-11]
    },
    "erbbands": {
        "dmean": [0.0513686202466, 0.4186386168, 1.80743026733, 3.20949602127, 9.35944271088, 7.68817043304, 3.82679200172, 5.42826414108, 3.33290982246, 4.27055263519, 8.2129573822, 7.49665927887, 5.3395280838, 5.08303594589, 3.07030153275, 7.57116270065, 7.47131824493, 25.0714988708, 15.8987007141, 10.2073831558, 18.0717506409, 21.7195358276, 21.1910400391, 20.6857051849, 20.6294574738, 13.0627946854, 9.68172359467, 6.98840904236, 3.88422441483, 2.69345140457, 1.51659858227, 1.27078211308, 0.616014301777, 0.528858542442, 0.224679619074, 0.101062513888, 0.0328232571483, 0.00759467901662, 0.000766745593864, 2.37539552472e-05],
        "dmean2": [0.0873975083232, 0.709578633308, 2.85443925858, 5.13339757919, 15.1190624237, 12.739443779, 6.08843231201, 8.64095211029, 5.25611686707, 6.75944519043, 12.3342809677, 11.6646776199, 8.32003498077, 7.62077236176, 4.79258775711, 12.2196464539, 11.6650676727, 40.1906547546, 25.7496547699, 16.4598026276, 29.687046051, 35.2029075623, 33.5676307678, 32.0339164734, 33.2824668884, 22.9036064148, 16.742067337, 11.6364431381, 5.84214830399, 4.01242399216, 2.24414253235, 1.88838779926, 0.856324315071, 0.725261151791, 0.318110078573, 0.144199803472, 0.047878023237, 0.0113253602758, 0.00120180961676, 3.72213944502e-05],
        "dvar": [0.012259545736, 0.581773519516, 6.83410358429, 17.3772907257, 445.327362061, 173.27381897, 36.450969696, 182.317123413, 95.3809127808, 91.2198944092, 656.465148926, 851.386779785, 390.542236328, 521.503540039, 98.6389083862, 450.31350708, 631.888000488, 6737.22460938, 922.077209473, 324.349945068, 417.18270874, 1019.84124756, 2026.64343262, 1307.38330078, 1161.12683105, 832.816833496, 363.629455566, 270.01373291, 72.9815444946, 33.9670333862, 16.7354812622, 28.9932422638, 8.82222080231, 7.23672962189, 0.437778681517, 0.0387723334134, 0.00221086596139, 0.000109354434244, 1.27138491735e-06, 1.1215732787e-09],
        "dvar2": [0.0317152254283, 1.5575761795, 17.403924942, 43.5261650085, 1112.91516113, 464.70703125, 87.064994812, 450.154510498, 210.692169189, 199.845596313, 1419.66540527, 1896.0625, 890.883544922, 1191.36791992, 227.406967163, 1165.55114746, 1412.52697754, 18295.7226562, 2344.94091797, 865.985656738, 1075.23754883, 2439.59301758, 4858.05664062, 2723.76660156, 2758.32177734, 2386.5378418, 1011.10491943, 721.051940918, 165.871383667, 68.4028091431, 35.7438087463, 60.0028419495, 17.4295387268, 14.1398172379, 0.816460430622, 0.0811868160963, 0.00468007242307, 0.000233519225731, 2.92261825052e-06, 2.72024180958e-09],
        "max": [0.78326779604, 8.52535247803, 38.4355278015, 61.2002372742, 187.792312622, 118.715713501, 159.686203003, 296.908416748, 217.136657715, 173.087738037, 559.294799805, 792.396118164, 645.245361328, 466.311248779, 220.028366089, 339.862243652, 560.82208252, 1637.1472168, 538.319274902, 334.448822021, 219.606140137, 496.030792236, 618.615234375, 735.148742676, 649.505004883, 307.679595947, 197.764251709, 193.262741089, 124.618217468, 132.919555664, 110.239555359, 145.833618164, 84.7258377075, 86.5926589966, 15.1608924866, 3.53827786446, 0.614887416363, 0.0914101973176, 0.0115701938048, 0.000403916143114],
        "mean": [0.0531552284956, 0.621554493904, 3.89187836647, 7.02190732956, 12.4457492828, 12.952337265, 7.56051063538, 8.11705875397, 4.7823767662, 7.01190900803, 12.4945573807, 12.2893724442, 8.1873664856, 8.06559562683, 4.95838260651, 11.0910978317, 11.5235652924, 36.3872489929, 26.4156513214, 18.3929443359, 34.0122756958, 40.0734901428, 37.1259231567, 37.3888015747, 37.9505386353, 21.5038776398, 15.7744617462, 10.8469486237, 6.63043022156, 4.8670258522, 2.60386896133, 2.04009151459, 1.02695250511, 0.891811311245, 0.448206961155, 0.210395127535, 0.0669832900167, 0.0147439558059, 0.00123124173842, 5.51095145056e-05],
        "median": [0.0164727736264, 0.422576695681, 2.64150118828, 5.38023281097, 5.21251869202, 8.56344795227, 4.63946628571, 3.22189855576, 2.19406175613, 3.68650126457, 3.37201523781, 4.33006620407, 3.97047472, 1.42872607708, 1.50293684006, 4.11632585526, 3.77535295486, 9.25481891632, 15.9371891022, 13.5188350677, 29.1929016113, 29.7511386871, 11.5254602432, 18.6092605591, 21.9466075897, 15.2412548065, 11.4343347549, 5.83030843735, 2.5033288002, 1.86004650593, 1.08668375015, 0.677720487118, 0.381437897682, 0.327941209078, 0.224404379725, 0.130936875939, 0.0442729741335, 0.00964169297367, 0.000575935293455, 4.36374248238e-05],
        "min": [1.17535478604e-21, 8.3411115824e-21, 1.02931318122e-20, 1.15679447676e-20, 6.43221072694e-20, 9.77771751125e-20, 2.07689270757e-19, 3.93198856611e-19, 4.40326386337e-19, 7.85813465216e-19, 1.81125443305e-18, 5.26328147829e-19, 8.82016276516e-19, 1.34311642506e-18, 4.44109631285e-18, 7.02155737124e-18, 7.38833918102e-18, 3.89089836918e-18, 4.60142500867e-18, 6.7276518278e-18, 7.29695971157e-18, 1.20054098974e-17, 1.011419543e-17, 2.31268995553e-17, 1.62040711532e-17, 1.49529488962e-17, 1.77609094385e-17, 2.88351852814e-17, 2.49989118519e-17, 2.08370799856e-17, 1.58553615855e-17, 1.57919383392e-17, 1.08129008314e-17, 1.03724999471e-17, 9.01392692851e-18, 4.99845309113e-18, 3.03520608168e-18, 1.40456064173e-18, 3.13013338048e-19, 3.39436407794e-20],
        "var": [0.0116564007476, 0.547999560833, 15.8623275757, 39.441783905, 461.59487915, 204.759338379, 102.550819397, 256.604705811, 141.761672974, 163.968078613, 1357.74047852, 1876.71875, 547.115722656, 1225.52099609, 167.545623779, 662.106750488, 977.561828613, 13433.5732422, 1521.24804688, 450.891937256, 714.481445312, 1750.60461426, 4612.61083984, 2926.05224609, 2489.09545898, 658.53314209, 318.453155518, 251.301620483, 111.889968872, 67.7980651855, 25.1586036682, 41.4687271118, 15.1422891617, 12.598610878, 1.01960361004, 0.0916759297252, 0.00604838691652, 0.000282545923255, 2.57401461567e-06, 1.82080928113e-09]
    },
    "gfcc": {
        "mean": [6.20635938644, 70.0854187012, -110.745391846, 57.2429504395, -38.2690315247, -0.460643351078, -42.2022247314, 4.77943181992, -28.0862617493, 2.56801581383, -26.9814891815, -7.42598676682, -16.7754859924],
        "cov": [[8520.84277344, -100.404762268, -804.859680176, 192.348464966, -249.041259766, -18.5694179535, -156.507629395, 158.285018921, -116.648277283, 74.7865066528, -110.910667419, 36.1733703613, -180.640182495], [-100.404762268, 888.350891113, -359.409820557, 165.402893066, 12.9446840286, -77.1931381226, 108.49622345, -81.9438781738, 72.1624450684, -93.7738723755, 101.087409973, -57.0701904297, 60.4391403198], [-804.859680176, -359.409820557, 964.534423828, -96.2904815674, 182.673416138, -64.7691040039, -163.432006836, -18.6214103699, -95.1299972534, 75.2315292358, -112.60433197, 41.602848053, 10.5346250534], [192.348464966, 165.402893066, -96.2904815674, 265.691009521, -54.4022789001, 12.9075317383, -17.2538585663, -54.7059326172, 50.8915939331, -46.0590515137, 39.2803916931, -13.8768215179, 16.9859275818], [-249.041259766, 12.9446840286, 182.673416138, -54.4022789001, 241.042068481, -43.8267250061, 21.238948822, 32.7938919067, -19.4975681305, 61.0379486084, -30.8571567535, 3.05388522148, 25.059961319], [-18.5694179535, -77.1931381226, -64.7691040039, 12.9075317383, -43.8267250061, 168.154785156, 39.800994873, 25.4258003235, 13.9829053879, -3.35759997368, 12.8265485764, -6.14978122711, 7.41717433929], [-156.507629395, 108.49622345, -163.432006836, -17.2538585663, 21.238948822, 39.800994873, 136.711257935, 41.828250885, 28.3431568146, -1.96673238277, 20.5624446869, -8.88259983063, 12.7863464355], [158.285018921, -81.9438781738, -18.6214103699, -54.7059326172, 32.7938919067, 25.4258003235, 41.828250885, 145.410140991, 34.1916007996, 49.3419075012, -1.93724191189, 10.3801145554, 9.85460662842], [-116.648277283, 72.1624450684, -95.1299972534, 50.8915939331, -19.4975681305, 13.9829053879, 28.3431568146, 34.1916007996, 88.6096572876, 5.61546850204, 31.4233932495, -8.41312408447, 9.25505542755], [74.7865066528, -93.7738723755, 75.2315292358, -46.0590515137, 61.0379486084, -3.35759997368, -1.96673238277, 49.3419075012, 5.61546850204, 88.5515213013, -4.16327524185, 17.6293773651, 4.50837230682], [-110.910667419, 101.087409973, -112.60433197, 39.2803916931, -30.8571567535, 12.8265485764, 20.5624446869, -1.93724191189, 31.4233932495, -4.16327524185, 91.5649185181, 22.8033370972, 4.75613594055], [36.1733703613, -57.0701904297, 41.602848053, -13.8768215179, 3.05388522148, -6.14978122711, -8.88259983063, 10.3801145554, -8.41312408447, 17.6293773651, 22.8033370972, 62.6594314575, 9.10147190094], [-180.640182495, 60.4391403198, 10.5346250534, 16.9859275818, 25.059961319, 7.41717433929, 12.7863464355, 9.85460662842, 9.25505542755, 4.50837230682, 4.75613594055, 9.10147190094, 67.7866363525]],
        "icov": [[0.000238740787609, -0.000217534252442, 0.000393041758798, -0.000449306477094, 0.000151308369823, -0.000108034109871, 0.000635083822999, -0.000675869872794, 0.000850000826176, -0.000634388357867, 0.000920132093597, -0.000666062755045, 0.000767021265347], [-0.000217534252442, 0.00296919187531, 6.12768708379e-05, -0.000203104369575, -0.00103543314617, 0.00204168166965, -0.00219473103061, 0.00178751640487, -0.00129919766914, 0.00232572387904, -0.00359804765321, 0.00331027642824, -0.00304147554561], [0.000393041758798, 6.12768708379e-05, 0.00272365589626, -0.000584944093134, -0.00129908160307, -0.000283680536086, 0.00310400803573, -0.000646143744234, 0.00154714973178, -0.00115130504128, 0.00280818575993, -0.00211676955223, 0.000688299536705], [-0.000449306477094, -0.000203104369575, -0.000584944093134, 0.00676083844155, -0.000332722382154, -0.000847455288749, 0.000932323979214, 0.0031924340874, -0.00540717737749, 0.00274502579123, -0.00225954758935, 0.00118179712445, -0.0024881453719], [0.000151308369823, -0.00103543314617, -0.00129908160307, -0.000332722382154, 0.00773115316406, 0.00149473606143, -0.00260464544408, -0.00107638270129, 0.00246846559457, -0.00518981274217, 0.00162809807807, 0.000675798743032, -0.00095904286718], [-0.000108034109871, 0.00204168166965, -0.000283680536086, -0.000847455288749, 0.00149473606143, 0.00866358354688, -0.0039937151596, -0.000189539787243, 0.000361437647371, 0.00064535747515, -0.00301510025747, 0.00355505105108, -0.00292955362238], [0.000635083822999, -0.00219473103061, 0.00310400803573, 0.000932323979214, -0.00260464544408, -0.0039937151596, 0.0155450152233, -0.00440522795543, 0.000598356768023, 1.24945663629e-05, 0.00311864493415, -0.00291943107732, 0.00213198154233], [-0.000675869872794, 0.00178751640487, -0.000646143744234, 0.0031924340874, -0.00107638270129, -0.000189539787243, -0.00440522795543, 0.0140336761251, -0.0080285044387, -0.00202648085542, -0.00133984640706, 0.000750361767132, -0.00366076477803], [0.000850000826176, -0.00129919766914, 0.00154714973178, -0.00540717737749, 0.00246846559457, 0.000361437647371, 0.000598356768023, -0.0080285044387, 0.0225258171558, -0.00546041689813, -0.00147228245623, 0.00227721198462, 0.00172536575701], [-0.000634388357867, 0.00232572387904, -0.00115130504128, 0.00274502579123, -0.00518981274217, 0.00064535747515, 1.24945663629e-05, -0.00202648085542, -0.00546041689813, 0.0217248350382, -0.00476421834901, -0.000242982845521, -0.002465312602], [0.000920132093597, -0.00359804765321, 0.00280818575993, -0.00225954758935, 0.00162809807807, -0.00301510025747, 0.00311864493415, -0.00133984640706, -0.00147228245623, -0.00476421834901, 0.0242475103587, -0.0144196059555, 0.00587703147903], [-0.000666062755045, 0.00331027642824, -0.00211676955223, 0.00118179712445, 0.000675798743032, 0.00355505105108, -0.00291943107732, 0.000750361767132, 0.00227721198462, -0.000242982845521, -0.0144196059555, 0.0275694970042, -0.00787550117821], [0.000767021265347, -0.00304147554561, 0.000688299536705, -0.0024881453719, -0.00095904286718, -0.00292955362238, 0.00213198154233, -0.00366076477803, 0.00172536575701, -0.002465312602, 0.00587703147903, -0.00787550117821, 0.0214030705392]]
    },
    "melbands": {
        "dmean": [0.000468852347694, 0.000773022300564, 0.000694247952197, 0.000646926579066, 0.000166921105119, 0.000118966891023, 5.05623975187e-05, 4.81270471937e-05, 7.45782235754e-05, 4.682753206e-05, 2.65611215582e-05, 2.0163726731e-05, 1.22442115753e-05, 1.34846814035e-05, 2.76629998552e-05, 1.49040297401e-05, 5.52565143153e-05, 3.02884964185e-05, 1.40188012665e-05, 1.78502414201e-05, 2.36793111981e-05, 2.4729708457e-05, 2.25201474677e-05, 1.72939198819e-05, 1.80422757694e-05, 1.79717299034e-05, 1.38268287628e-05, 8.26405812404e-06, 6.50634046906e-06, 5.43891246707e-06, 3.80340134143e-06, 2.35844777308e-06, 2.02455657927e-06, 1.3269353758e-06, 8.59318618041e-07, 9.70064775174e-07, 7.23849723272e-07, 4.13175627045e-07, 5.13255486112e-07, 4.49415637149e-07],
        "dmean2": [0.000798552529886, 0.00122622167692, 0.00111172255129, 0.00105983030517, 0.000269671174465, 0.000188557532965, 7.97109460109e-05, 7.59419053793e-05, 0.000110929133371, 7.34870627639e-05, 4.13589768868e-05, 3.02948938042e-05, 1.88959147636e-05, 2.17273118324e-05, 4.4455351599e-05, 2.29182969633e-05, 8.92944735824e-05, 4.93506267958e-05, 2.29897923418e-05, 2.93297089229e-05, 3.90686764149e-05, 4.03340163757e-05, 3.64969091606e-05, 2.74444828392e-05, 2.81490974885e-05, 2.86580634565e-05, 2.35375919146e-05, 1.45945405166e-05, 1.1297038327e-05, 9.41869075177e-06, 6.23011601419e-06, 3.5997015857e-06, 3.05788489641e-06, 2.00327122002e-06, 1.29485908928e-06, 1.48464789618e-06, 1.08470158011e-06, 5.96660413521e-07, 6.96502581832e-07, 6.34587706827e-07],
        "dvar": [9.10424489575e-07, 1.19712660762e-06, 8.978599908e-07, 2.12038094105e-06, 4.62673455104e-08, 8.1389323725e-08, 1.87321020917e-08, 1.25062626921e-08, 5.32483852567e-08, 3.80352744855e-08, 1.04681827651e-08, 7.49136752631e-09, 1.89916304905e-09, 1.67334701651e-09, 8.77094485929e-09, 2.93452484534e-09, 3.40742261074e-08, 4.36985470031e-09, 8.24252111009e-10, 6.1488936165e-10, 7.28693272389e-10, 1.07443942632e-09, 2.30981278548e-09, 1.73672765058e-09, 1.0403488071e-09, 8.96236029835e-10, 6.37993768926e-10, 3.3265115662e-10, 1.47459919275e-10, 1.53461091057e-10, 8.58631638012e-11, 2.67692083777e-11, 1.97871042468e-11, 8.06629589511e-12, 3.96893759178e-12, 1.47375757431e-11, 9.81482950468e-12, 3.27691541437e-12, 9.27200937556e-12, 4.71204759239e-12],
        "dvar2": [2.33490936807e-06, 3.12919269163e-06, 2.28438625527e-06, 5.39713846592e-06, 1.1806537259e-07, 1.99582444793e-07, 4.18088035303e-08, 2.77626934775e-08, 1.11922133783e-07, 8.59099174022e-08, 2.37409096826e-08, 1.70298033453e-08, 4.34031655061e-09, 4.10144007645e-09, 2.27555609911e-08, 6.40132880037e-09, 9.32378867446e-08, 1.10771329886e-08, 2.10128625611e-09, 1.62242919099e-09, 1.93013183214e-09, 2.65850808034e-09, 5.20759790845e-09, 4.39289182808e-09, 2.19588613959e-09, 1.9388854966e-09, 1.73357084243e-09, 9.53246814817e-10, 4.11826628355e-10, 4.25271373672e-10, 2.27766139282e-10, 6.3045409171e-11, 4.24700899448e-11, 1.65114553974e-11, 8.54193972499e-12, 3.254133768e-11, 1.9798551687e-11, 7.02061629318e-12, 1.79503842346e-11, 1.01324868634e-11],
        "max": [0.00842960365117, 0.0144259566441, 0.00956221204251, 0.0130314417183, 0.00421808334067, 0.00604639202356, 0.00292996852659, 0.00169520650525, 0.00492747686803, 0.00521325087175, 0.00337669719011, 0.00176809087861, 0.000728951883502, 0.000836909981444, 0.00199263053946, 0.00122390780598, 0.00351983914152, 0.00116077170242, 0.000473299005534, 0.000449947925517, 0.000275946542388, 0.000469127116958, 0.00113147171214, 0.000812061829492, 0.000627030036412, 0.000579452549573, 0.000391605542973, 0.000192711391719, 0.000101856887341, 0.000184013973922, 0.000137373717735, 7.1137867053e-05, 8.88787180884e-05, 6.28679990768e-05, 4.39601426478e-05, 0.000125703736558, 7.68655518186e-05, 5.02282309753e-05, 0.000126690414618, 6.09914859524e-05],
        "mean": [0.000560990534723, 0.00167203473393, 0.00144246546552, 0.000932070717681, 0.000338292040396, 0.00018060641014, 7.39656898077e-05, 7.6339354564e-05, 0.000113521600724, 7.52862542868e-05, 3.93976370106e-05, 3.11921430693e-05, 1.85721401067e-05, 2.05358919629e-05, 3.70920133719e-05, 2.17273118324e-05, 7.718562847e-05, 4.68336002086e-05, 2.21989575948e-05, 2.97854330711e-05, 4.16130824306e-05, 4.26765363954e-05, 3.81529098377e-05, 2.73699806712e-05, 3.04508484987e-05, 3.26009030687e-05, 2.17116212298e-05, 1.22560504678e-05, 1.00091065178e-05, 8.13742099126e-06, 5.66281505598e-06, 3.8013683934e-06, 3.34379205924e-06, 2.33118134929e-06, 1.40158590511e-06, 1.5006993408e-06, 1.1274978533e-06, 6.59506667944e-07, 7.68995562339e-07, 7.43219345622e-07],
        "median": [0.000284615030978, 0.00125565752387, 0.00105729652569, 0.000529538141564, 0.000248969095992, 6.98430740158e-05, 3.66420135833e-05, 3.78841177735e-05, 2.64143491222e-05, 2.8772134101e-05, 1.7530966943e-05, 5.26722215e-06, 3.83775523005e-06, 7.75237003836e-06, 1.20273789435e-05, 5.32806780029e-06, 1.8627366444e-05, 2.6241859814e-05, 1.45320882439e-05, 2.24436880671e-05, 3.46095475834e-05, 3.28034802806e-05, 1.44501227624e-05, 6.68638176649e-06, 1.53684486577e-05, 1.8138996893e-05, 1.33758148877e-05, 8.38108735479e-06, 7.2349448601e-06, 5.20208141097e-06, 2.5398503567e-06, 1.43798604313e-06, 1.18953073525e-06, 8.56523683979e-07, 5.78956530717e-07, 5.18449724041e-07, 3.58478729368e-07, 2.51610742907e-07, 2.36950725707e-07, 2.82647789618e-07],
        "min": [1.25349587632e-23, 7.55719990846e-24, 3.06401543083e-24, 6.61502585846e-24, 7.14295721421e-24, 9.35342751218e-24, 6.39333306713e-24, 1.02690149775e-23, 1.25369885023e-23, 2.88802194338e-24, 4.23970887485e-24, 4.43473856202e-24, 1.37737433303e-23, 1.3875619983e-23, 2.03264890147e-23, 1.5197451093e-23, 5.70774154858e-24, 5.78722835668e-24, 1.15955753086e-23, 8.01755310033e-24, 8.39575037324e-24, 1.32441399838e-23, 9.70584717728e-24, 1.01009371176e-23, 2.01290339747e-23, 1.51355491778e-23, 1.06525804489e-23, 9.18646746817e-24, 7.15348377413e-24, 1.95340719245e-23, 1.64436383308e-23, 1.54631000028e-23, 1.11025940409e-23, 1.17721681332e-23, 8.73853489124e-24, 1.10643847741e-23, 8.45049810892e-24, 6.51855132519e-24, 1.00420912495e-23, 8.1647111579e-24],
        "var": [8.83312793576e-07, 2.32095590036e-06, 1.65031406141e-06, 2.0214918095e-06, 1.04870906625e-07, 1.1970324465e-07, 2.71889017966e-08, 2.10515391785e-08, 1.25428599063e-07, 7.21131527825e-08, 1.4885152666e-08, 1.76165286803e-08, 3.72645558855e-09, 2.74411982026e-09, 1.01346939729e-08, 5.15286258107e-09, 6.54617196005e-08, 6.79877443233e-09, 9.87723458579e-10, 9.01850538693e-10, 1.15522447164e-09, 1.69128910876e-09, 5.01713559586e-09, 3.38478067796e-09, 2.122472198e-09, 2.16344941961e-09, 8.621044989e-10, 2.44808479044e-10, 1.27883537093e-10, 1.27953272977e-10, 8.39780467388e-11, 3.8911165956e-11, 3.55452819956e-11, 1.56623602976e-11, 6.34983472053e-12, 1.77399345214e-11, 1.48797588834e-11, 5.13223448115e-12, 1.49215171469e-11, 7.42987962821e-12]
    },
    "mfcc": {
        "mean": [-635.550720215, 98.6229476929, -7.58532381058, 54.5812187195, 16.8507499695, 7.1475892067, -2.33190226555, -3.32960891724, 0.807687520981, 3.6248216629, -3.66191697121, -5.16494464874, -6.37100744247],
        "cov": [[4393.80029297, -257.059112549, -510.243804932, 7.53328800201, -208.740875244, -20.7882614136, -47.1959381104, 168.662475586, -67.8833236694, 59.104763031, 164.949981689, 55.0980262756, -35.4810028076], [-257.059112549, 660.078857422, -124.217567444, 151.601760864, 20.0468540192, -11.5123548508, 40.7356185913, -23.8604946136, 14.5896053314, 1.42484593391, -37.4665145874, 2.04760479927, 19.3971443176], [-510.243804932, -124.217567444, 529.148010254, 17.1682720184, 149.963317871, 11.7784347534, -41.5197181702, -80.4281311035, -6.18831920624, -53.7067451477, -60.1075744629, -42.0091285706, 0.679541528225], [7.53328800201, 151.601760864, 17.1682720184, 227.161468506, 56.9914207458, 9.5424823761, -35.9028091431, -23.7416744232, -11.0106124878, 6.70332288742, -30.6183605194, -9.8767747879, 15.1151847839], [-208.740875244, 20.0468540192, 149.963317871, 56.9914207458, 183.090637207, -3.29013967514, 9.56504058838, -57.6372947693, 33.8852958679, 10.2870893478, -29.0748691559, -11.2681121826, 15.7934474945], [-20.7882614136, -11.5123548508, 11.7784347534, 9.5424823761, -3.29013967514, 110.927139282, 12.1710529327, 8.16300773621, -12.2174472809, -10.5027608871, -6.27298688889, -7.51047849655, -14.766289711], [-47.1959381104, 40.7356185913, -41.5197181702, -35.9028091431, 9.56504058838, 12.1710529327, 104.839744568, 9.49684715271, 44.5655975342, 10.4635858536, 1.75185406208, 19.1229362488, 9.78643321991], [168.662475586, -23.8604946136, -80.4281311035, -23.7416744232, -57.6372947693, 8.16300773621, 9.49684715271, 104.276947021, -3.30225968361, 12.196893692, 41.3119697571, 5.47811746597, -5.78880214691], [-67.8833236694, 14.5896053314, -6.18831920624, -11.0106124878, 33.8852958679, -12.2174472809, 44.5655975342, -3.30225968361, 126.343643188, 53.8476753235, -16.8132839203, 17.6382102966, 23.7799377441], [59.104763031, 1.42484593391, -53.7067451477, 6.70332288742, 10.2870893478, -10.5027608871, 10.4635858536, 12.196893692, 53.8476753235, 85.9597015381, 18.9773540497, 15.189040184, 9.87954330444], [164.949981689, -37.4665145874, -60.1075744629, -30.6183605194, -29.0748691559, -6.27298688889, 1.75185406208, 41.3119697571, -16.8132839203, 18.9773540497, 89.435256958, 24.9859828949, -6.15138339996], [55.0980262756, 2.04760479927, -42.0091285706, -9.8767747879, -11.2681121826, -7.51047849655, 19.1229362488, 5.47811746597, 17.6382102966, 15.189040184, 24.9859828949, 58.9325714111, 29.8651733398], [-35.4810028076, 19.3971443176, 0.679541528225, 15.1151847839, 15.7934474945, -14.766289711, 9.78643321991, -5.78880214691, 23.7799377441, 9.87954330444, -6.15138339996, 29.8651733398, 66.7936401367]],
