{
"lowlevel": {
    "average_loudness": 0.956675350666,
    "barkbands_crest": {
        "dmean": 2.25338459015,
        "dmean2": 3.77263593674,
        "dvar": 4.11936903,
        "dvar2": 11.0743923187,
        "max": 26.1022834778,
        "mean": 6.23799324036,
        "median": 5.60315799713,
        "min": 2.14924073219,
        "var": 6.61878395081
    },
    "barkbands_flatness_db": {
        "dmean": 0.0156701970845,
        "dmean2": 0.0247875358909,
        "dvar": 0.000198364374228,
        "dvar2": 0.000483467330923,
        "max": 0.389936029911,
        "mean": 0.0641287043691,
        "median": 0.0576135776937,
        "min": 0.0141499908641,
        "var": 0.000926929758862
    },
    "barkbands_kurtosis": {
        "dmean": 1.23527240753,
        "dmean2": 1.99603557587,
        "dvar": 7.96188402176,
        "dvar2": 16.9687232971,
        "max": 104.961883545,
        "mean": 0.174227327108,
        "median": -0.450211048126,
        "min": -1.92756414413,
        "var": 11.4547815323
    },
    "barkbands_skewness": {
        "dmean": 0.489561676979,
        "dmean2": 0.739010930061,
        "dvar": 0.218105122447,
        "dvar2": 0.473585277796,
        "max": 9.73464202881,
        "mean": 0.81794667244,
        "median": 0.797720074654,
        "min": -1.88977837563,
        "var": 0.589292407036
    },
    "barkbands_spread": {
        "dmean": 9.40865039825,
        "dmean2": 14.4597244263,
        "dvar": 89.2999801636,
        "dvar2": 183.796463013,
        "max": 108.017738342,
        "mean": 42.1057167053,
        "median": 39.6877250671,
        "min": 1.5208209753,
        "var": 251.994781494
    },
    "dissonance": {
        "dmean": 0.0114201679826,
        "dmean2": 0.0194516815245,
        "dvar": 0.000111217123049,
        "dvar2": 0.000304686196614,
        "max": 0.499981164932,
        "mean": 0.481740087271,
        "median": 0.48424500227,
        "min": 0.404051929712,
        "var": 0.000156527210493
    },
    "dynamic_complexity": 1.53100323677,
    "erbbands_crest": {
        "dmean": 2.08677363396,
        "dmean2": 3.4949092865,
        "dvar": 3.95787024498,
        "dvar2": 10.487654686,
        "max": 20.6754570007,
        "mean": 6.03296756744,
        "median": 5.43248128891,
        "min": 2.46791982651,
        "var": 6.06572675705
    },
    "erbbands_flatness_db": {
        "dmean": 0.0159506928176,
        "dmean2": 0.0243417285383,
        "dvar": 0.000200344860787,
        "dvar2": 0.000437061971752,
        "max": 0.273860514164,
        "mean": 0.113021865487,
        "median": 0.108640901744,
        "min": 0.049027942121,
        "var": 0.000987702049315
    },
    "erbbands_kurtosis": {
        "dmean": 0.511066436768,
        "dmean2": 0.82015568018,
        "dvar": 0.430271148682,
        "dvar2": 1.04046237469,
        "max": 10.3350419998,
        "mean": -0.597025573254,
        "median": -0.758330106735,
        "min": -1.70039689541,
        "var": 0.665006995201
    },
    "erbbands_skewness": {
        "dmean": 0.382109135389,
        "dmean2": 0.582989096642,
        "dvar": 0.103457681835,
        "dvar2": 0.236567154527,
        "max": 1.6732583046,
        "mean": -0.0978828370571,
        "median": -0.0624015666544,
        "min": -3.09601020813,
        "var": 0.311990410089
    },
    "erbbands_spread": {
        "dmean": 10.1131162643,
        "dmean2": 15.3339414597,
        "dvar": 90.5002441406,
        "dvar2": 205.027511597,
        "max": 123.508796692,
        "mean": 53.5239677429,
        "median": 51.8781967163,
        "min": 13.6558036804,
        "var": 254.987503052
    },
    "hfc": {
        "dmean": 16.13621521,
        "dmean2": 23.1545372009,
        "dvar": 446.804656982,
        "dvar2": 931.720214844,
        "max": 259.455749512,
        "mean": 38.8572425842,
        "median": 29.7992477417,
        "min": 1.18925093391e-16,
        "var": 1036.78015137
    },
    "melbands_crest": {
        "dmean": 3.09023571014,
        "dmean2": 5.19537591934,
        "dvar": 7.2642993927,
        "dvar2": 20.0408325195,
        "max": 33.8871841431,
        "mean": 9.81357955933,
        "median": 9.16742610931,
        "min": 1.74325406551,
        "var": 11.8467931747
    },
    "melbands_flatness_db": {
        "dmean": 0.0230647753924,
        "dmean2": 0.0352105163038,
        "dvar": 0.000428915256634,
        "dvar2": 0.0010398151353,
        "max": 0.361358374357,
        "mean": 0.112921543419,
        "median": 0.108699440956,
        "min": 0.00457037845626,
        "var": 0.00154074851889
    },
    "melbands_kurtosis": {
        "dmean": 4.28652095795,
        "dmean2": 6.86648273468,
        "dvar": 33.7891273499,
        "dvar2": 86.9215393066,
        "max": 86.1845397949,
        "mean": 6.59447383881,
        "median": 4.78659677505,
        "min": -1.61835169792,
        "var": 48.2243156433
    },
    "melbands_skewness": {
        "dmean": 0.639168918133,
        "dmean2": 0.996185064316,
        "dvar": 0.398839473724,
        "dvar2": 0.991870701313,
        "max": 8.08699893951,
        "mean": 2.21762990952,
        "median": 2.10955858231,
        "min": -0.244083151221,
        "var": 0.884300887585
    },
    "melbands_spread": {
        "dmean": 15.2442026138,
        "dmean2": 22.8914222717,
        "dvar": 320.524780273,
        "dvar2": 646.733032227,
        "max": 216.177780151,
        "mean": 45.4621391296,
        "median": 38.8531455994,
        "min": 2.75677919388,
        "var": 772.208312988
    },
    "pitch_salience": {
        "dmean": 0.0629958063364,
        "dmean2": 0.10732229054,
        "dvar": 0.00292382016778,
        "dvar2": 0.00795182958245,
        "max": 0.85310781002,
        "mean": 0.689937889576,
        "median": 0.702144265175,
        "min": 0.0871357321739,
        "var": 0.00488676317036
    },
    "silence_rate_20dB": {
        "dmean": 0,
        "dmean2": 0,
        "dvar": 0,
        "dvar2": 0,
        "max": 1,
        "mean": 1,
        "median": 1,
        "min": 1,
        "var": 0
    },
    "silence_rate_30dB": {
        "dmean": 0,
        "dmean2": 0,
        "dvar": 0,
        "dvar2": 0,
        "max": 1,
        "mean": 1,
        "median": 1,
        "min": 1,
        "var": 0
    },
    "silence_rate_60dB": {
        "dmean": 0.00116099067964,
        "dmean2": 0.00232288031839,
        "dvar": 0.00115972419735,
        "dvar2": 0.00231733685359,
        "max": 1,
        "mean": 0.00386847206391,
        "median": 0,
        "min": 0,
        "var": 0.00385379162617
    },
    "spectral_centroid": {
        "dmean": 389.255310059,
        "dmean2": 590.551879883,
        "dvar": 138938.9375,
        "dvar2": 298980.09375,
        "max": 11588.9248047,
        "mean": 2085.94702148,
        "median": 2023.67724609,
        "min": 392.377044678,
        "var": 535903.4375
    },
    "spectral_complexity": {
        "dmean": 5.63544893265,
        "dmean2": 8.22183513641,
        "dvar": 25.119348526,
        "dvar2": 47.1482543945,
        "max": 59,
        "mean": 29.3999996185,
        "median": 28,
        "min": 0,
        "var": 85.2786102295
    },
    "spectral_decrease": {
        "dmean": 2.25566276768e-09,
        "dmean2": 3.61494079115e-09,
        "dvar": 1.03764687597e-17,
        "dvar2": 2.57887584947e-17,
        "max": 1.11661012611e-28,
        "mean": -5.02238917122e-09,
        "median": -4.11455847171e-09,
        "min": -3.74426711858e-08,
        "var": 1.1553032265e-17
    },
    "spectral_energy": {
        "dmean": 0.00946351513267,
        "dmean2": 0.0150030199438,
        "dvar": 0.000166251600604,
        "dvar2": 0.000410576030845,
        "max": 0.150931611657,
        "mean": 0.0224801152945,
        "median": 0.0186842083931,
        "min": 1.0798228166e-20,
        "var": 0.000201936825761
    },
    "spectral_energyband_high": {
        "dmean": 0.00165106134955,
        "dmean2": 0.00235066679306,
        "dvar": 6.01452984483e-06,
        "dvar2": 1.20095783132e-05,
        "max": 0.0352259539068,
        "mean": 0.00341392937116,
        "median": 0.00213760440238,
        "min": 7.54830177833e-21,
        "var": 1.48182734847e-05
    },
    "spectral_energyband_low": {
        "dmean": 0.00269392388873,
        "dmean2": 0.00458205258474,
        "dvar": 2.13502225961e-05,
        "dvar2": 5.72145509068e-05,
        "max": 0.048713542521,
        "mean": 0.00381301343441,
        "median": 0.00248706294224,
        "min": 2.39894037005e-23,
        "var": 2.03900854103e-05
    },
    "spectral_energyband_middle_high": {
        "dmean": 0.00212968350388,
        "dmean2": 0.00315680494532,
        "dvar": 7.17658349458e-06,
        "dvar2": 1.58338716574e-05,
        "max": 0.0404393412173,
        "mean": 0.00511199655011,
        "median": 0.00363724981435,
        "min": 1.60649471048e-21,
        "var": 1.83236224984e-05
    },
    "spectral_energyband_middle_low": {
        "dmean": 0.00622985325754,
        "dmean2": 0.0101443147287,
        "dvar": 0.000108517800982,
        "dvar2": 0.000275623024208,
        "max": 0.117075040936,
        "mean": 0.0108988918364,
        "median": 0.00796427205205,
        "min": 2.75009760526e-22,
        "var": 0.000103833481262
    },
    "spectral_entropy": {
        "dmean": 0.130158632994,
        "dmean2": 0.187491774559,
        "dvar": 0.0151675567031,
        "dvar2": 0.027838146314,
        "max": 9.81056499481,
        "mean": 8.09830474854,
        "median": 8.09825706482,
        "min": 7.16431522369,
        "var": 0.0708013996482
    },
    "spectral_flux": {
        "dmean": 0.023761710152,
        "dmean2": 0.0367590710521,
        "dvar": 0.000702615478076,
        "dvar2": 0.00138875527773,
        "max": 0.308498501778,
        "mean": 0.097025886178,
        "median": 0.090204834938,
        "min": 6.49029510691e-11,
        "var": 0.00133832893334
    },
    "spectral_kurtosis": {
        "dmean": 0.857313215733,
        "dmean2": 1.30559360981,
        "dvar": 0.860796093941,
        "dvar2": 2.16763424873,
        "max": 14.9371833801,
        "mean": 2.24163484573,
        "median": 2.16694068909,
        "min": -1.22580993176,
        "var": 1.99504542351
    },
    "spectral_rms": {
        "dmean": 0.000905423890799,
        "dmean2": 0.00139657664113,
        "dvar": 9.75125431069e-07,
        "dvar2": 2.28675162361e-06,
        "max": 0.0121346758679,
        "mean": 0.00450626993552,
        "median": 0.00426948443055,
        "min": 3.24574438507e-12,
        "var": 1.6253470676e-06
    },
    "spectral_rolloff": {
        "dmean": 1294.8338623,
        "dmean2": 2021.93518066,
        "dvar": 2408800,
        "dvar2": 4326963.5,
        "max": 19207.6171875,
        "mean": 3689.99853516,
        "median": 3057.71484375,
        "min": 21.533203125,
        "var": 6471175.5
    },
    "spectral_skewness": {
        "dmean": 0.182612031698,
        "dmean2": 0.276193290949,
        "dvar": 0.0273684151471,
        "dvar2": 0.0637104958296,
        "max": 2.70881509781,
        "mean": 1.14694714546,
        "median": 1.17625761032,
        "min": -0.0725932791829,
        "var": 0.0941761508584
    },
    "spectral_spread": {
        "dmean": 824719.75,
        "dmean2": 1162926.625,
        "dvar": 1.17176755814e+12,
        "dvar2": 2.04373190246e+12,
        "max": 41543780,
        "mean": 6072176.5,
        "median": 5837170,
        "min": 2540068.5,
        "var": 5.26070369485e+12
    },
    "spectral_strongpeak": {
        "dmean": 0.460905224085,
        "dmean2": 0.791314601898,
        "dvar": 0.478479534388,
        "dvar2": 1.33593511581,
        "max": 10.0377807617,
        "mean": 0.588503658772,
        "median": 0.356813699007,
        "min": 0,
        "var": 0.525971710682
    },
    "zerocrossingrate": {
        "dmean": 0.0216058790684,
        "dmean2": 0.0241902433336,
        "dvar": 0.000552134064492,
        "dvar2": 0.000611470488366,
        "max": 0.513671875,
        "mean": 0.124345682561,
        "median": 0.11376953125,
        "min": 0,
        "var": 0.00314908265136
    },
    "barkbands": {
        "dmean": [0.000268596952083, 0.00141064217314, 0.00103846960701, 0.00110189500265, 0.00278399465606, 0.00092669687001, 0.00119804078713, 0.00127341854386, 0.00119491282385, 0.000640212150756, 0.00043310932233, 0.000263820635155, 0.000271212105872, 0.000307173322653, 0.000295977370115, 0.0002246084332, 0.000219521141844, 0.000295664998703, 0.000317438243655, 0.000486972479848, 0.00037084511132, 0.000368598528439, 0.000256205152255, 0.000360421341611, 0.00033323772368, 0.000114472044515, 3.35766308126e-05],
        "dmean2": [0.0003737063671, 0.00251373182982, 0.00178578856867, 0.00189193326514, 0.00463858991861, 0.0015135621652, 0.00204542768188, 0.0021450126078, 0.00204551406205, 0.00103057909291, 0.00069185643224, 0.000428887753515, 0.000444627541583, 0.000506755895913, 0.000476117042126, 0.000365439394955, 0.000367085129255, 0.000452429114375, 0.00050239416305, 0.000797370797954, 0.000576130289119, 0.00056183768902, 0.000375053961761, 0.000530267076101, 0.000490782316774, 0.000169640421518, 5.5594213336e-05],
        "dvar": [2.19210406271e-07, 9.82092660706e-06, 2.83407780444e-06, 4.95932499689e-06, 2.94228539133e-05, 1.56170915488e-06, 5.12848055223e-06, 4.96682423545e-06, 4.69024871563e-06, 1.05630726921e-06, 8.83198197243e-07, 2.35446449892e-07, 2.41259471068e-07, 2.54235146713e-07, 1.78177813837e-07, 9.1379241951e-08, 7.48287050101e-08, 2.70560519766e-07, 3.01923279267e-07, 6.85264808453e-07, 3.29064477e-07, 4.94298888043e-07, 1.81928669463e-07, 7.00032785517e-07, 6.36297158962e-07, 4.77936410448e-08, 6.3934870731e-09],
        "dvar2": [3.77011019737e-07, 2.68137227977e-05, 7.77822060627e-06, 1.39928597491e-05, 7.87587778177e-05, 3.94333710574e-06, 1.3721837604e-05, 1.23834161059e-05, 1.19506303236e-05, 2.61288414549e-06, 2.17223532673e-06, 5.81594576943e-07, 5.82876680255e-07, 5.99152883751e-07, 3.95627438365e-07, 2.13444764086e-07, 1.95726968855e-07, 6.3314757881e-07, 6.86692771978e-07, 1.739561867e-06, 7.48755383029e-07, 1.14692522857e-06, 3.73298007617e-07, 1.57736076289e-06, 1.39341761951e-06, 9.69032711851e-08, 1.62771982559e-08],
        "max": [0.0221750438213, 0.0260354299098, 0.0238407254219, 0.037595719099, 0.0817632526159, 0.0132353994995, 0.0210914611816, 0.0209644474089, 0.0188340637833, 0.0108123729005, 0.015896352008, 0.00854986067861, 0.00714548304677, 0.0148233119398, 0.00698501756415, 0.00539237447083, 0.00623445678502, 0.00948857143521, 0.00750149600208, 0.0109621901065, 0.0134449144825, 0.0145850591362, 0.00591907138005, 0.0141565036029, 0.0102238217369, 0.00420892378315, 0.00106052786577],
        "mean": [0.000431421009125, 0.00140560779255, 0.00138436246198, 0.00140001543332, 0.00358605920337, 0.00154882005882, 0.00143795274198, 0.0013942241203, 0.00126115104649, 0.000864397676196, 0.000542453897651, 0.000349042529706, 0.000355328433216, 0.000483169278596, 0.000502719485667, 0.000433827546658, 0.000453803280834, 0.00046811052016, 0.000453787739389, 0.000751185289118, 0.000634115713183, 0.000605299021117, 0.000460549490526, 0.000557610532269, 0.00049437378766, 0.000186596909771, 3.41295344697e-05],
        "median": [0.000109308122774, 0.000545183080249, 0.000955260707997, 0.000860789907165, 0.00219437433407, 0.00114154373296, 0.000794386141934, 0.000570779491682, 0.000558182771783, 0.000453218934126, 0.000250812823651, 0.000166152938618, 0.000180991773959, 0.000295716687106, 0.000330739072524, 0.000334325246513, 0.000368452776456, 0.000200853610295, 0.000210596816032, 0.000478048925288, 0.000397440162487, 0.000320700521115, 0.00024696579203, 0.000244816765189, 0.00022694672225, 0.000103430873423, 5.22502432432e-06],
        "min": [1.24331361474e-24, 8.95264199611e-24, 3.39912945982e-24, 4.73784258763e-24, 1.86183164318e-23, 1.86623916683e-23, 2.6996842816e-23, 2.8760294038e-23, 6.96198274068e-23, 5.49520064815e-23, 3.84244996147e-23, 4.9827521865e-23, 7.74546172126e-23, 8.87472683559e-23, 9.03008194682e-23, 9.95845700521e-23, 1.02323917944e-22, 1.54087910316e-22, 2.14773200084e-22, 2.83432851241e-22, 2.63599575419e-22, 3.64422814865e-22, 4.89472717394e-22, 6.22771126253e-22, 1.09312059313e-21, 1.50963157802e-21, 2.33836365909e-21],
        "var": [1.34852928113e-06, 7.27719543647e-06, 2.70582677331e-06, 4.36305117546e-06, 2.41244870267e-05, 2.04945126825e-06, 4.26004453402e-06, 5.07651338921e-06, 4.13057068727e-06, 1.41892530792e-06, 1.02659191725e-06, 3.66744615121e-07, 3.05521524524e-07, 6.81029746374e-07, 3.09480071792e-07, 1.65111885053e-07, 1.48381090526e-07, 5.54504708816e-07, 4.14257243619e-07, 9.06071420559e-07, 6.26194207598e-07, 8.5327241095e-07, 4.01032309583e-07, 1.04913090127e-06, 8.79047206581e-07, 8.02996638072e-08, 6.55057563748e-09]
    },
    "erbbands": {
        "dmean": [0.0344619378448, 0.342229187489, 1.06110405922, 2.70166945457, 7.46390628815, 9.1255903244, 9.02884101868, 7.33023023605, 12.3496685028, 27.8981990814, 25.7192668915, 25.9747753143, 21.574930191, 18.9980487823, 14.7161893845, 10.4734201431, 11.765171051, 14.9386463165, 16.6899681091, 11.8439626694, 11.2343635559, 11.744477272, 14.1670160294, 16.3640041351, 17.5573730469, 23.085773468, 15.2637243271, 15.3526611328, 13.9298944473, 9.60524749756, 7.28705215454, 7.63040065765, 6.03474521637, 4.19885492325, 2.17545366287, 0.642294943333, 0.195612937212, 0.0442990139127, 0.00510750431567, 0.000315466924803],
        "dmean2": [0.0596904270351, 0.617921710014, 1.84277272224, 4.5999789238, 12.4328098297, 15.4624195099, 14.8950042725, 12.1971549988, 21.1472740173, 46.3338851929, 43.5507087708, 44.1597862244, 36.0406303406, 29.5804328918, 23.4697990417, 16.6865596771, 19.1788959503, 24.1905555725, 27.21991539, 18.6554584503, 18.341337204, 19.3741207123, 21.7923202515, 25.5046272278, 27.7930965424, 37.7912826538, 24.3807296753, 23.9172916412, 21.3669967651, 14.111041069, 10.9132871628, 11.1608419418, 8.99743843079, 6.3198800087, 3.18273735046, 0.953153610229, 0.292596668005, 0.0684606134892, 0.00857393443584, 0.000536633247975],
        "dvar": [0.00726473517716, 0.55755418539, 3.31315374374, 24.2869873047, 274.465942383, 285.982452393, 136.356231689, 127.485183716, 555.690002441, 2354.23657227, 2409.99414062, 2423.38867188, 1082.12573242, 1440.66442871, 886.726013184, 353.814422607, 422.928222656, 707.702758789, 553.575927734, 265.596588135, 195.395294189, 211.90071106, 677.299865723, 797.038574219, 1211.09008789, 1571.75671387, 499.690490723, 643.073974609, 758.275390625, 231.654678345, 166.361038208, 287.580627441, 238.099212646, 114.416107178, 24.1391010284, 1.91656553745, 0.13936662674, 0.00675677973777, 0.000172141182702, 7.00712121215e-07],
        "dvar2": [0.0191415753216, 1.55093038082, 9.02099132538, 69.1413345337, 731.636108398, 784.27130127, 363.042266846, 329.509460449, 1527.4453125, 6018.67529297, 6108.26904297, 6163.88671875, 2784.66333008, 3545.10791016, 2203.86645508, 844.934204102, 1023.86749268, 1706.37634277, 1412.46057129, 557.25012207, 482.543792725, 545.790527344, 1599.15783691, 1771.40539551, 2798.97631836, 4012.15991211, 1221.48840332, 1436.36364746, 1784.71252441, 502.08782959, 343.625335693, 624.166137695, 550.396606445, 260.641326904, 50.9469261169, 4.07375574112, 0.288600474596, 0.0149449445307, 0.000439931842266, 1.85788235285e-06],
        "max": [0.729408979416, 6.62112045288, 29.6483592987, 82.0575485229, 227.722747803, 292.842376709, 165.381744385, 152.495742798, 304.240020752, 467.270294189, 529.536193848, 446.737548828, 327.734954834, 882.343688965, 430.027832031, 390.216827393, 261.066680908, 864.306213379, 315.714050293, 241.411605835, 212.14894104, 341.258300781, 483.230133057, 448.514770508, 526.198669434, 487.39352417, 467.134857178, 620.065795898, 608.142028809, 248.591079712, 171.037155151, 258.499908447, 257.938262939, 169.697067261, 77.1449203491, 18.350019455, 9.32425117493, 1.05129778385, 0.175020620227, 0.011158702895],
        "mean": [0.0306808110327, 0.357702285051, 1.44384479523, 3.77179670334, 8.60896778107, 11.357583046, 13.6995296478, 11.1392869949, 16.1495780945, 32.5024452209, 27.7357444763, 27.9730567932, 27.574760437, 26.9761810303, 19.8649196625, 15.1539649963, 16.6896400452, 24.5475597382, 27.4481449127, 23.0212402344, 24.6174964905, 25.2066116333, 23.7766437531, 26.0058479309, 24.1874656677, 35.5923233032, 28.5392379761, 25.050157547, 22.3292808533, 16.4798412323, 13.0777664185, 12.0663166046, 8.87792015076, 5.92231750488, 3.28803992271, 1.02753984928, 0.308011949062, 0.0634763464332, 0.005134253297, 0.000311324722134],
        "median": [0.00643678242341, 0.155179336667, 0.967366456985, 2.58663082123, 4.1828289032, 7.12337350845, 9.59262752533, 7.76360607147, 10.2173137665, 14.7194643021, 11.5967884064, 12.8648519516, 15.4595746994, 12.4268550873, 10.0821809769, 7.62140226364, 9.03686332703, 14.6938648224, 18.8158912659, 16.3643074036, 20.3989505768, 20.0945281982, 11.1724700928, 12.4372558594, 11.1981716156, 22.082780838, 19.8938961029, 14.3647012711, 11.5629119873, 8.30168819427, 7.20858812332, 5.48509550095, 3.7385764122, 2.53128814697, 1.56012642384, 0.549045085907, 0.165615782142, 0.0280479360372, 0.000761050905567, 6.43663806841e-05],
        "min": [2.72667108695e-22, 9.95032744648e-22, 4.46288578176e-21, 1.06240492937e-20, 2.56995387421e-20, 9.44426485046e-20, 3.762023242e-20, 2.07492337148e-19, 3.52563195429e-19, 4.32707199865e-19, 5.33756281428e-19, 1.38392527718e-18, 1.33590030819e-18, 1.12741832699e-18, 2.12114379426e-18, 2.10005792647e-18, 3.43020033382e-18, 4.87261451813e-18, 4.71432399534e-18, 5.27765798073e-18, 5.76616189918e-18, 6.59861123865e-18, 9.08745997625e-18, 1.18023585637e-17, 1.2672025654e-17, 1.37847341248e-17, 1.02947085736e-17, 1.22870706862e-17, 1.39528643746e-17, 1.21113924134e-17, 1.44806519275e-17, 1.48323261106e-17, 1.03574204445e-17, 1.06255576575e-17, 7.39542315578e-18, 5.93864518692e-18, 2.93103033495e-18, 1.10340517041e-18, 3.13020007192e-19, 3.39960698131e-20],
        "var": [0.00548608787358, 0.412641912699, 3.15022420883, 22.4101657867, 219.394561768, 230.84703064, 180.854644775, 133.990081787, 442.553710938, 2355.61035156, 2211.2434082, 2114.79541016, 1199.68115234, 1938.25256348, 1067.9987793, 681.763122559, 582.191711426, 2206.34545898, 792.920288086, 559.208740234, 372.236907959, 475.05859375, 1429.14318848, 1374.92248535, 1485.40441895, 2097.78735352, 904.84185791, 1283.94812012, 1273.7043457, 481.24041748, 345.887786865, 480.84072876, 307.858886719, 145.416519165, 35.3505020142, 2.9075024128, 0.223160088062, 0.0101381335407, 0.000168581929756, 6.16528552655e-07]
    },
    "gfcc": {
        "mean": [53.2409744263, 46.1880836487, -109.85459137, 32.4382171631, -70.516242981, 9.35567760468, -45.1359481812, 7.68429422379, -27.9019126892, 4.16824245453, -25.8261756897, -2.25961446762, -11.8208770752],
        "cov": [[4814.26220703, -590.022277832, 115.87285614, -89.558013916, -301.223052979, 48.2097892761, -130.691314697, 51.1545639038, -184.337783813, 36.1301765442, -171.805892944, -6.66077280045, -142.427978516], [-590.022277832, 1141.39855957, -381.880249023, 243.011779785, 83.0824508667, -99.206199646, 44.3632392883, -30.7268409729, 100.41028595, -59.6986694336, 83.0741958618, -59.8277931213, 32.2799453735], [115.87285614, -381.880249023, 656.492614746, 14.1721229553, 18.4313526154, 30.4780521393, -51.4085426331, -14.9367227554, 9.30181598663, 31.7432556152, -70.2586364746, 15.156463623, -34.6473770142], [-89.558013916, 243.011779785, 14.1721229553, 342.725799561, -36.7847747803, 24.8851604462, -34.299495697, -6.99446964264, 36.1441116333, 4.70460891724, -11.8533830643, -12.5465574265, 15.482834816], [-301.223052979, 83.0824508667, 18.4313526154, -36.7847747803, 197.468841553, 3.10185194016, 43.8362083435, 18.2518081665, 27.1634941101, -8.53694152832, 32.0598564148, 9.82071590424, 12.9651927948], [48.2097892761, -99.206199646, 30.4780521393, 24.8851604462, 3.10185194016, 141.671142578, -6.22759342194, 23.8694114685, -13.5111198425, 1.31272101402, 2.60227751732, 21.2782726288, 14.2468681335], [-130.691314697, 44.3632392883, -51.4085426331, -34.299495697, 43.8362083435, -6.22759342194, 123.817382812, 18.7774486542, -8.93277931213, 3.91103672981, 32.8988304138, 3.69142055511, 5.82116651535], [51.1545639038, -30.7268409729, -14.9367227554, -6.99446964264, 18.2518081665, 23.8694114685, 18.7774486542, 86.9795455933, -0.759728610516, 24.9562129974, 2.99734306335, 16.7012252808, -4.18993997574], [-184.337783813, 100.41028595, 9.30181598663, 36.1441116333, 27.1634941101, -13.5111198425, -8.93277931213, -0.759728610516, 99.4301605225, 11.8876495361, 2.40821075439, -8.19650268555, 8.59421062469], [36.1301765442, -59.6986694336, 31.7432556152, 4.70460891724, -8.53694152832, 1.31272101402, 3.91103672981, 24.9562129974, 11.8876495361, 74.88697052, 6.42188644409, 9.03421878815, -6.23280572891], [-171.805892944, 83.0741958618, -70.2586364746, -11.8533830643, 32.0598564148, 2.60227751732, 32.8988304138, 2.99734306335, 2.40821075439, 6.42188644409, 69.6589889526, 12.8605604172, 14.7328538895], [-6.66077280045, -59.8277931213, 15.156463623, -12.5465574265, 9.82071590424, 21.2782726288, 3.69142055511, 16.7012252808, -8.19650268555, 9.03421878815, 12.8605604172, 56.3185768127, 18.6911792755], [-142.427978516, 32.2799453735, -34.6473770142, 15.482834816, 12.9651927948, 14.2468681335, 5.82116651535, -4.18993997574, 8.59421062469, -6.23280572891, 14.7328538895, 18.6911792755, 59.9074821472]],
        "icov": [[0.000275974423857, 2.41419347731e-05, 4.40300027549e-05, 5.14508901688e-05, 0.000249057542533, -7.45311772334e-05, 0.000133383728098, -0.000140404154081, 0.000350445799995, -0.000109641783638, 0.000458300084574, -0.000112190835353, 0.000456935405964], [2.41419347731e-05, 0.00208733184263, 0.000939732708503, -0.00161319866311, -0.00076950591756, 0.00124344869982, -0.000170418104972, 1.76074372575e-05, -0.00124887237325, 0.00146283116192, -0.00171631586272, 0.00120050855912, 0.000160597075592], [4.40300027549e-05, 0.000939732708503, 0.00246577477083, -0.000792304344941, -0.00112447829451, -1.82517542271e-05, 0.00022648232698, 0.00120721105486, -0.000633031013422, -0.000628552923445, 0.0016333644744, -0.000844149966724, 0.00142639910337], [5.14508901688e-05, -0.00161319866311, -0.000792304344941, 0.004590859171, 0.00136263400782, -0.00170428759884, 0.000705632846802, -0.000100872523035, -0.000183932192158, -0.00128989061341, 0.00148012035061, 0.000136392147397, -0.00113274157047], [0.000249057542533, -0.00076950591756, -0.00112447829451, 0.00136263400782, 0.0072724679485, -0.000532638514414, -0.00150729273446, -0.00189740443602, -0.001515274751, 0.00162812427152, -0.0018152029952, -0.000509377976414, -0.000437128153862], [-7.45311772334e-05, 0.00124344869982, -1.82517542271e-05, -0.00170428759884, -0.000532638514414, 0.00911542400718, 0.000630350084975, -0.00254447082989, 0.00057844852563, 0.00175125629175, -0.00188654311933, -0.00084141275147, -0.00188331899699], [0.000133383728098, -0.000170418104972, 0.00022648232698, 0.000705632846802, -0.00150729273446, 0.000630350084975, 0.0105130998418, -0.00213256455027, 0.00185808714014, -0.000546633440536, -0.00345636089332, 0.00120805983897, -0.000487174023874], [-0.000140404154081, 1.76074372575e-05, 0.00120721105486, -0.000100872523035, -0.00189740443602, -0.00254447082989, -0.00213256455027, 0.0156984310597, -0.000319835613482, -0.00513547798619, 0.00281737535261, -0.00439442228526, 0.00289166462608], [0.000350445799995, -0.00124887237325, -0.000633031013422, -0.000183932192158, -0.001515274751, 0.00057844852563, 0.00185808714014, -0.000319835613482, 0.0134826526046, -0.00370992301032, 0.00148164061829, 0.00176574289799, -0.00206048437394], [-0.000109641783638, 0.00146283116192, -0.000628552923445, -0.00128989061341, 0.00162812427152, 0.00175125629175, -0.000546633440536, -0.00513547798619, -0.00370992301032, 0.0180762186646, -0.00495372898877, -0.000850745942444, 0.00174262968358], [0.000458300084574, -0.00171631586272, 0.0016333644744, 0.00148012035061, -0.0018152029952, -0.00188654311933, -0.00345636089332, 0.00281737535261, 0.00148164061829, -0.00495372898877, 0.023448869586, -0.00553143303841, -0.000817924097646], [-0.000112190835353, 0.00120050855912, -0.000844149966724, 0.000136392147397, -0.000509377976414, -0.00084141275147, 0.00120805983897, -0.00439442228526, 0.00176574289799, -0.000850745942444, -0.00553143303841, 0.0253665465862, -0.00844733137637], [0.000456935405964, 0.000160597075592, 0.00142639910337, -0.00113274157047, -0.000437128153862, -0.00188331899699, -0.000487174023874, 0.00289166462608, -0.00206048437394, 0.00174262968358, -0.000817924097646, -0.00844733137637, 0.0229156129062]]
    },
    "melbands": {
        "dmean": [0.00034827485797, 0.000518092012499, 0.000528866657987, 0.000642555824015, 0.000314996548695, 0.000167079357198, 0.000198662368348, 0.00030455191154, 0.000211520367884, 0.000164829383721, 0.00010961976659, 7.96490203356e-05, 5.44787144463e-05, 3.23000094795e-05, 2.62904050032e-05, 2.75611018878e-05, 2.94896381092e-05, 2.91520409519e-05, 1.94273507077e-05, 1.7260090317e-05, 1.41281661854e-05, 1.36182470669e-05, 1.18025236588e-05, 1.57629183377e-05, 1.39987878356e-05, 1.21699658848e-05, 1.65910987562e-05, 1.58678012667e-05, 1.0482518519e-05, 9.41029702517e-06, 9.30591795623e-06, 8.31861689221e-06, 7.2967250162e-06, 5.05494517711e-06, 4.30387717643e-06, 4.42684495283e-06, 5.08867606186e-06, 4.33936975242e-06, 4.15788963437e-06, 3.54761846211e-06],
        "dmean2": [0.000603358843364, 0.000909290509298, 0.000894427881576, 0.00107883114833, 0.000525033043232, 0.000275658472674, 0.000341293954989, 0.000504298368469, 0.000361556594726, 0.000279892527033, 0.000183021649718, 0.000125092308735, 8.66769623826e-05, 5.23064227309e-05, 4.24521531386e-05, 4.50481420557e-05, 4.84367701574e-05, 4.82617360831e-05, 3.07710761263e-05, 2.7815996873e-05, 2.3574437364e-05, 2.26117390412e-05, 1.87259865925e-05, 2.45489354711e-05, 2.21528371185e-05, 1.930799408e-05, 2.74989470199e-05, 2.62308349193e-05, 1.70261373569e-05, 1.48703857121e-05, 1.46691263581e-05, 1.30308162625e-05, 1.11651315819e-05, 7.51856305214e-06, 6.64353592583e-06, 6.57192640574e-06, 7.66707125877e-06, 6.67783979225e-06, 6.3472216425e-06, 5.47889567315e-06],
        "dvar": [6.28935652003e-07, 8.88475426564e-07, 1.05284686924e-06, 1.96252358364e-06, 1.63389159979e-07, 5.90455151439e-08, 1.42834949202e-07, 2.63173490112e-07, 1.70103831465e-07, 9.34657435891e-08, 2.83833703207e-08, 2.41347564156e-08, 1.1998513294e-08, 4.12120648718e-09, 1.93162152939e-09, 2.6204787229e-09, 2.83784862276e-09, 1.74095449168e-09, 9.5034324854e-10, 6.21991735894e-10, 3.01862784768e-10, 2.49381043593e-10, 4.22780005449e-10, 8.23346890666e-10, 6.71929401008e-10, 5.17456300031e-10, 1.3078367278e-09, 7.02871372216e-10, 2.24906246404e-10, 2.16037729373e-10, 2.48466774933e-10, 3.1451066751e-10, 1.88565787984e-10, 6.17561210503e-11, 5.25433307974e-11, 8.79021022637e-11, 1.37744551876e-10, 1.29017629913e-10, 1.34929914464e-10, 8.13956818613e-11],
        "dvar2": [1.68265523826e-06, 2.42813257501e-06, 2.9392824672e-06, 5.26545636603e-06, 4.38971625272e-07, 1.50734479121e-07, 3.90179081933e-07, 6.67790800435e-07, 4.34107136016e-07, 2.39212425868e-07, 7.31010274535e-08, 5.92800013521e-08, 2.89695218925e-08, 1.0433351072e-08, 4.6359676098e-09, 6.22815576889e-09, 7.08769665181e-09, 4.53699389169e-09, 1.93366478385e-09, 1.39989386749e-09, 7.92924115256e-10, 6.46687425832e-10, 1.09643738533e-09, 1.9419967856e-09, 1.5141780052e-09, 1.1838394709e-09, 3.30022675854e-09, 1.79034431724e-09, 5.67419722319e-10, 5.1502069276e-10, 5.62071889032e-10, 7.69112884491e-10, 4.28762220173e-10, 1.40218864297e-10, 1.1571507641e-10, 1.76410844266e-10, 3.12888104315e-10, 3.0478808366e-10, 3.09246434016e-10, 1.91161794727e-10],
        "max": [0.00705647468567, 0.0136849265546, 0.0157346688211, 0.0213856976479, 0.00521955359727, 0.00317230960354, 0.00428251223639, 0.00503918947652, 0.00425643660128, 0.00264585949481, 0.00168987957295, 0.00336397788487, 0.00128002103884, 0.000919821148273, 0.000631358998362, 0.00103295117151, 0.00164113519713, 0.00068307982292, 0.000671883579344, 0.000493856088724, 0.000288857583655, 0.000310673931381, 0.000432456872659, 0.000533634796739, 0.000427367427619, 0.000319638347719, 0.000588313618209, 0.000421521050157, 0.00032399353222, 0.000311577081447, 0.000390887522371, 0.000440280768089, 0.000244381109951, 0.000120959593914, 9.48744127527e-05, 0.000129059160827, 0.000191093626199, 0.000189586542547, 0.000188509744476, 0.000129088599351],
        "mean": [0.000352053844836, 0.000676652707625, 0.000753422325943, 0.000758622481953, 0.000483815034386, 0.000266325776465, 0.00025680361432, 0.000351172493538, 0.000217999506276, 0.000176514906343, 0.000136450325954, 0.000109871522, 7.15483402018e-05, 4.10336797358e-05, 3.74977425963e-05, 3.82431280741e-05, 4.52845670225e-05, 4.42788223154e-05, 3.30684379151e-05, 3.05747962557e-05, 2.87415205094e-05, 2.75450784102e-05, 1.96062064788e-05, 2.39079927269e-05, 2.0755598598e-05, 1.64149096236e-05, 1.99241676455e-05, 2.49270924542e-05, 1.88485773833e-05, 1.49664419951e-05, 1.43285706145e-05, 1.26044742501e-05, 1.11921490316e-05, 8.43604993861e-06, 7.42780139262e-06, 7.17405873729e-06, 7.52386222302e-06, 6.33280978946e-06, 5.4522274695e-06, 4.84066140416e-06],
        "median": [0.000112868961878, 0.000418158684624, 0.000504507275764, 0.00040681642713, 0.000349136389559, 0.000188618520042, 0.000161267831572, 0.000158778580953, 8.36797989905e-05, 8.05524978205e-05, 7.43503042031e-05, 4.88717196276e-05, 3.49531474058e-05, 1.90462760656e-05, 2.00531485461e-05, 1.93043397303e-05, 2.59054340859e-05, 2.99138118862e-05, 2.12738577829e-05, 2.19954017666e-05, 2.40235222009e-05, 2.24495306611e-05, 1.10003393274e-05, 1.00934166767e-05, 9.6708026831e-06, 7.3684450399e-06, 8.57542090671e-06, 1.55044017447e-05, 1.32212508106e-05, 9.16400222195e-06, 7.78680532676e-06, 6.38942992737e-06, 5.35415347258e-06, 4.12322788179e-06, 4.2967922127e-06, 3.14090584652e-06, 3.40205474458e-06, 2.74771446129e-06, 2.06364052246e-06, 2.04326988751e-06],
        "min": [3.46741720408e-24, 1.90520597676e-24, 4.27516028393e-24, 4.85758260115e-24, 1.43145201026e-24, 4.56963298795e-24, 5.62935244042e-24, 5.3069118563e-24, 3.88695867703e-24, 8.3233700186e-24, 6.63012189517e-24, 4.40067239269e-24, 7.66162931509e-24, 6.06323619349e-24, 4.5747523008e-24, 8.29114031746e-24, 9.35655376794e-24, 7.29931575651e-24, 7.1371803858e-24, 5.29238340501e-24, 6.42063041546e-24, 5.50031609557e-24, 7.92250009442e-24, 6.50663518679e-24, 9.29344647325e-24, 9.75233948359e-24, 8.51979953944e-24, 8.599292264e-24, 4.90191697845e-24, 7.03221139831e-24, 6.6712988567e-24, 6.92634468711e-24, 7.9845787145e-24, 6.24338441411e-24, 7.92405493926e-24, 7.161872521e-24, 8.23129417374e-24, 6.30627713864e-24, 9.58656904183e-24, 8.77731450448e-24],
        "var": [4.8863421398e-07, 7.91433535596e-07, 9.28975509851e-07, 1.52302823153e-06, 2.03753771189e-07, 6.79326248587e-08, 1.13793284129e-07, 2.72889593589e-07, 1.50709908553e-07, 8.22628294372e-08, 3.15048609423e-08, 3.29155547263e-08, 1.52762407168e-08, 5.09769426671e-09, 3.19464987797e-09, 4.50337500624e-09, 7.58102558507e-09, 2.21446416759e-09, 1.76773018445e-09, 1.09891706845e-09, 4.89734530706e-10, 5.23993737289e-10, 8.8777579732e-10, 1.50282108979e-09, 1.08209485816e-09, 6.5040023367e-10, 1.31768185252e-09, 1.06656206089e-09, 3.89077686735e-10, 3.68815450402e-10, 4.89023876948e-10, 4.74939088058e-10, 3.0903807291e-10, 1.22870935648e-10, 1.01329507285e-10, 1.67921843097e-10, 2.06498373956e-10, 1.60189195242e-10, 1.57646243282e-10, 9.84756581834e-11]
    },
    "mfcc": {
        "mean": [-588.987915039, 81.2489852905, 8.80715560913, 19.7161808014, -2.26848626137, 0.690201461315, -7.29587078094, -3.94023060799, 2.15626311302, 1.196854949, -6.95340681076, -1.91123068333, -5.44714021683],
        "cov": [[2021.94482422, -319.75592041, 177.852874756, -91.5293731689, -116.668067932, -34.458732605, 27.3869934082, -14.8872489929, -27.9703979492, -3.55544900894, 41.0728416443, -104.992622375, -28.9514656067], [-319.75592041, 725.770141602, -256.865264893, 145.501312256, 20.4316730499, -21.0337162018, -9.84356021881, 29.8282527924, -20.6267166138, 37.5574798584, -23.7555160522, 65.1836624146, 4.93636751175], [177.852874756, -256.865264893, 506.138824463, 51.1703224182, 56.5656929016, 49.571685791, -67.7477722168, -34.4267196655, 21.6543369293, -16.019367218, -12.1310958862, -43.6707382202, 35.6453781128], [-91.5293731689, 145.501312256, 51.1703224182, 256.442932129, 20.1419181824, 22.4652194977, -38.4475631714, -5.43781614304, 6.98369550705, 25.7500629425, -5.25610399246, 1.27095854282, 18.7251434326], [-116.668067932, 20.4316730499, 56.5656929016, 20.1419181824, 163.287872314, 31.0033683777, -24.3669567108, 16.7740058899, 18.0086193085, 5.90950632095, -19.0108184814, 7.73803329468, 7.56153249741], [-34.458732605, -21.0337162018, 49.571685791, 22.4652194977, 31.0033683777, 81.4674682617, 2.23304796219, 6.18980741501, 7.43259143829, -0.386616766453, -6.4073843956, 3.40215778351, 0.729553043842], [27.3869934082, -9.84356021881, -67.7477722168, -38.4475631714, -24.3669567108, 2.23304796219, 145.413803101, 26.2311935425, -8.3926115036, -8.38358688354, 10.8549585342, 6.31125307083, 2.45081019402], [-14.8872489929, 29.8282527924, -34.4267196655, -5.43781614304, 16.7740058899, 6.18980741501, 26.2311935425, 73.4434509277, 8.30081558228, -0.811295568943, -2.88136315346, 0.131208151579, -4.70382165909], [-27.9703979492, -20.6267166138, 21.6543369293, 6.98369550705, 18.0086193085, 7.43259143829, -8.3926115036, 8.30081558228, 63.8351211548, 10.6094274521, 5.48615789413, 3.2885723114, 2.66918206215], [-3.55544900894, 37.5574798584, -16.019367218, 25.7500629425, 5.90950632095, -0.386616766453, -8.38358688354, -0.811295568943, 10.6094274521, 61.7314949036, 11.5770807266, 6.72017383575, 4.40966892242], [41.0728416443, -23.7555160522, -12.1310958862, -5.25610399246, -19.0108184814, -6.4073843956, 10.8549585342, -2.88136315346, 5.48615789413, 11.5770807266, 66.3297271729, 8.51482105255, 0.59572416544], [-104.992622375, 65.1836624146, -43.6707382202, 1.27095854282, 7.73803329468, 3.40215778351, 6.31125307083, 0.131208151579, 3.2885723114, 6.72017383575, 8.51482105255, 70.1364746094, 12.0548181534], [-28.9514656067, 4.93636751175, 35.6453781128, 18.7251434326, 7.56153249741, 0.729553043842, 2.45081019402, -4.70382165909, 2.66918206215, 4.40966892242, 0.59572416544, 12.0548181534, 51.8108177185]],
