{
"lowlevel": {
    "average_loudness": 0.970069289207,
    "barkbands_crest": {
        "dmean": 2.60186910629,
        "dmean2": 4.40597915649,
        "dvar": 5.68999290466,
        "dvar2": 15.4790668488,
        "max": 21.9723701477,
        "mean": 8.1698513031,
        "median": 7.63770961761,
        "min": 2.72520112991,
        "var": 9.03346729279
    },
    "barkbands_flatness_db": {
        "dmean": 0.0181404836476,
        "dmean2": 0.0283018369228,
        "dvar": 0.000255482125795,
        "dvar2": 0.000616969948169,
        "max": 0.26848718524,
        "mean": 0.090281330049,
        "median": 0.0847267434001,
        "min": 0.0262535195798,
        "var": 0.00101204961538
    },
    "barkbands_kurtosis": {
        "dmean": 1.90886485577,
        "dmean2": 3.02261948586,
        "dvar": 6.99634313583,
        "dvar2": 15.8655920029,
        "max": 58.4603881836,
        "mean": 2.31008315086,
        "median": 1.35020446777,
        "min": -1.89758896828,
        "var": 15.6828899384
    },
    "barkbands_skewness": {
        "dmean": 0.460986971855,
        "dmean2": 0.70658737421,
        "dvar": 0.187413483858,
        "dvar2": 0.425890237093,
        "max": 5.99300670624,
        "mean": 1.47881257534,
        "median": 1.43403077126,
        "min": -2.01951932907,
        "var": 0.71042662859
    },
    "barkbands_spread": {
        "dmean": 8.61502742767,
        "dmean2": 13.0918855667,
        "dvar": 83.1714553833,
        "dvar2": 165.565963745,
        "max": 104.745056152,
        "mean": 34.5676116943,
        "median": 31.2627067566,
        "min": 2.47438812256,
        "var": 292.474884033
    },
    "dissonance": {
        "dmean": 0.0147659406066,
        "dmean2": 0.024468138814,
        "dvar": 0.000235247105593,
        "dvar2": 0.0006260969094,
        "max": 0.500000119209,
        "mean": 0.476574450731,
        "median": 0.481880128384,
        "min": 0.343484550714,
        "var": 0.00035422592191
    },
    "dynamic_complexity": 1.84642267227,
    "erbbands_crest": {
        "dmean": 2.7543964386,
        "dmean2": 4.56497097015,
        "dvar": 8.65913486481,
        "dvar2": 22.2253761292,
        "max": 27.3996772766,
        "mean": 7.1338763237,
        "median": 5.9809718132,
        "min": 2.21660685539,
        "var": 14.8549289703
    },
    "erbbands_flatness_db": {
        "dmean": 0.0156535562128,
        "dmean2": 0.0238043069839,
        "dvar": 0.00023959155078,
        "dvar2": 0.00055849988712,
        "max": 0.252654135227,
        "mean": 0.115700297058,
        "median": 0.113270007074,
        "min": 0.0338243097067,
        "var": 0.00072171643842
    },
    "erbbands_kurtosis": {
        "dmean": 0.721139192581,
        "dmean2": 1.15437352657,
        "dvar": 1.07121646404,
        "dvar2": 2.53957891464,
        "max": 14.8024749756,
        "mean": -0.429552406073,
        "median": -0.887123584747,
        "min": -1.81908452511,
        "var": 1.81602239609
    },
    "erbbands_skewness": {
        "dmean": 0.417322486639,
        "dmean2": 0.628125846386,
        "dvar": 0.162516325712,
        "dvar2": 0.342885583639,
        "max": 3.04725646973,
        "mean": 0.156678676605,
        "median": 0.136546045542,
        "min": -2.31743764877,
        "var": 0.540782511234
    },
    "erbbands_spread": {
        "dmean": 10.9786672592,
        "dmean2": 16.5352325439,
        "dvar": 103.586265564,
        "dvar2": 229.390441895,
        "max": 151.382110596,
        "mean": 60.2272186279,
        "median": 60.3824081421,
        "min": 8.92704296112,
        "var": 386.700317383
    },
    "hfc": {
        "dmean": 9.60370445251,
        "dmean2": 14.1852874756,
        "dvar": 146.361572266,
        "dvar2": 319.280212402,
        "max": 149.662002563,
        "mean": 30.3503952026,
        "median": 24.8614196777,
        "min": 1.16953293334e-16,
        "var": 450.990509033
    },
    "melbands_crest": {
        "dmean": 3.28690195084,
        "dmean2": 5.43329000473,
        "dvar": 8.39422512054,
        "dvar2": 22.0743103027,
        "max": 28.3956184387,
        "mean": 12.2642059326,
        "median": 11.816242218,
        "min": 1.80545055866,
        "var": 16.1743850708
    },
    "melbands_flatness_db": {
        "dmean": 0.0230471119285,
        "dmean2": 0.0348652303219,
        "dvar": 0.000409067928558,
        "dvar2": 0.000932412804104,
        "max": 0.375995576382,
        "mean": 0.151108250022,
        "median": 0.1463342309,
        "min": 0.00484739802778,
        "var": 0.00199680076912
    },
    "melbands_kurtosis": {
        "dmean": 6.50814437866,
        "dmean2": 10.1031332016,
        "dvar": 78.0910339355,
        "dvar2": 177.539093018,
        "max": 163.051879883,
        "mean": 14.4040527344,
        "median": 11.0257406235,
        "min": -1.45892357826,
        "var": 175.548553467
    },
    "melbands_skewness": {
        "dmean": 0.725248038769,
        "dmean2": 1.10580289364,
        "dvar": 0.51423227787,
        "dvar2": 1.18922054768,
        "max": 10.6003170013,
        "mean": 3.09471416473,
        "median": 2.9747979641,
        "min": -0.0217440854758,
        "var": 1.86469113827
    },
    "melbands_spread": {
        "dmean": 9.16590499878,
        "dmean2": 13.7467336655,
        "dvar": 139.383834839,
        "dvar2": 268.814880371,
        "max": 187.66784668,
        "mean": 29.7348442078,
        "median": 24.8275108337,
        "min": 1.70128691196,
        "var": 438.212371826
    },
    "pitch_salience": {
        "dmean": 0.0699511989951,
        "dmean2": 0.11575845629,
        "dvar": 0.00385586242191,
        "dvar2": 0.0101383840665,
        "max": 0.925494372845,
        "mean": 0.650584936142,
        "median": 0.66229736805,
        "min": 0.279456615448,
        "var": 0.00738739734516
    },
    "silence_rate_20dB": {
        "dmean": 0,
        "dmean2": 0,
        "dvar": 0,
        "dvar2": 0,
        "max": 1,
        "mean": 1,
        "median": 1,
        "min": 1,
        "var": 0
    },
    "silence_rate_30dB": {
        "dmean": 0,
        "dmean2": 0,
        "dvar": 0,
        "dvar2": 0,
        "max": 1,
        "mean": 1,
        "median": 1,
        "min": 1,
        "var": 0
    },
    "silence_rate_60dB": {
        "dmean": 0.000386996893212,
        "dmean2": 0.000774293439463,
        "dvar": 0.000386876083212,
        "dvar2": 0.000773690466303,
        "max": 1,
        "mean": 0.00348162464797,
        "median": 0,
        "min": 0,
        "var": 0.00346977775916
    },
    "spectral_centroid": {
        "dmean": 337.673156738,
        "dmean2": 518.467529297,
        "dvar": 114402.75,
        "dvar2": 231942.34375,
        "max": 11168.3701172,
        "mean": 1670.35412598,
        "median": 1560.79614258,
        "min": 274.917388916,
        "var": 534131.625
    },
    "spectral_complexity": {
        "dmean": 5.09558820724,
        "dmean2": 7.96476984024,
        "dvar": 21.987154007,
        "dvar2": 48.2702484131,
        "max": 60,
        "mean": 23.9210834503,
        "median": 23,
        "min": 0,
        "var": 89.5797576904
    },
    "spectral_decrease": {
        "dmean": 2.93337043544e-09,
        "dmean2": 4.77218220496e-09,
        "dvar": 1.44082140669e-17,
        "dvar2": 3.68131172963e-17,
        "max": 8.06834104759e-29,
        "mean": -6.72060362916e-09,
        "median": -5.55935031343e-09,
        "min": -3.00625622174e-08,
        "var": 1.80805783493e-17
    },
    "spectral_energy": {
        "dmean": 0.0116742700338,
        "dmean2": 0.0189343411475,
        "dvar": 0.000226567659411,
        "dvar2": 0.000580392195843,
        "max": 0.12374509871,
        "mean": 0.0281179882586,
        "median": 0.0235181376338,
        "min": 1.0413609376e-20,
        "var": 0.00029085719143
    },
    "spectral_energyband_high": {
        "dmean": 0.000853514240589,
        "dmean2": 0.00122080650181,
        "dvar": 1.51240169544e-06,
        "dvar2": 2.80634253613e-06,
        "max": 0.0169480871409,
        "mean": 0.00241531268694,
        "median": 0.00175222253893,
        "min": 7.58979247931e-21,
        "var": 5.31444220542e-06
    },
    "spectral_energyband_low": {
        "dmean": 0.00426393048838,
        "dmean2": 0.00701494980603,
        "dvar": 6.27367262496e-05,
        "dvar2": 0.000166322468431,
        "max": 0.0812096446753,
        "mean": 0.00665158359334,
        "median": 0.00449349265546,
        "min": 4.08278527148e-23,
        "var": 5.86965143157e-05
    },
    "spectral_energyband_middle_high": {
        "dmean": 0.00172537413891,
        "dmean2": 0.00245015206747,
        "dvar": 7.05106685928e-06,
        "dvar2": 1.42891913129e-05,
        "max": 0.0438345000148,
        "mean": 0.00457420991734,
        "median": 0.00240819482133,
        "min": 1.42250235804e-21,
        "var": 3.24836873915e-05
    },
    "spectral_energyband_middle_low": {
        "dmean": 0.00808902457356,
        "dmean2": 0.0131790777668,
        "dvar": 0.000148857172462,
        "dvar2": 0.000386964209611,
        "max": 0.104936927557,
        "mean": 0.0150619726628,
        "median": 0.0113286403939,
        "min": 2.4922498987e-22,
        "var": 0.000158692913828
    },
    "spectral_entropy": {
        "dmean": 0.130511298776,
        "dmean2": 0.19289560616,
        "dvar": 0.0167418587953,
        "dvar2": 0.0339331813157,
        "max": 9.81827449799,
        "mean": 7.99437189102,
        "median": 8.00510025024,
        "min": 6.28186988831,
        "var": 0.0695429295301
    },
    "spectral_flux": {
        "dmean": 0.0299627352506,
        "dmean2": 0.0455320216715,
        "dvar": 0.00102664134465,
        "dvar2": 0.00192814483307,
        "max": 0.308013767004,
        "mean": 0.100943468511,
        "median": 0.0894223600626,
        "min": 6.71967481658e-11,
        "var": 0.00218531233259
    },
    "spectral_kurtosis": {
        "dmean": 0.675199270248,
        "dmean2": 1.09160447121,
        "dvar": 1.15791547298,
        "dvar2": 3.49624562263,
        "max": 30.8022613525,
        "mean": 1.97982013226,
        "median": 1.7991733551,
        "min": -1.25013804436,
        "var": 1.72597825527
    },
    "spectral_rms": {
        "dmean": 0.000994463451207,
        "dmean2": 0.0015592376003,
        "dvar": 1.18352761547e-06,
        "dvar2": 2.93968264486e-06,
        "max": 0.0109875807539,
        "mean": 0.00503750424832,
        "median": 0.00479004438967,
        "min": 3.18741560923e-12,
        "var": 2.0557301923e-06
    },
    "spectral_rolloff": {
        "dmean": 920.535888672,
        "dmean2": 1480.04785156,
        "dvar": 1603115.5,
        "dvar2": 3061953.75,
        "max": 19315.2832031,
        "mean": 2229.94750977,
        "median": 1464.2578125,
        "min": 129.19921875,
        "var": 4831030
    },
    "spectral_skewness": {
        "dmean": 0.155208215117,
        "dmean2": 0.242128282785,
        "dvar": 0.0239937249571,
        "dvar2": 0.058497082442,
        "max": 3.50365424156,
        "mean": 1.10834228992,
        "median": 1.10914468765,
        "min": -0.00454502273351,
        "var": 0.0859429687262
    },
    "spectral_spread": {
        "dmean": 607409.3125,
        "dmean2": 874085.1875,
        "dvar": 690542804992,
        "dvar2": 1.26159303475e+12,
        "max": 41781980,
        "mean": 6062035.5,
        "median": 5827794.5,
        "min": 1797909.75,
        "var": 4.1342164009e+12
    },
    "spectral_strongpeak": {
        "dmean": 0.547365427017,
        "dmean2": 0.92895847559,
        "dvar": 0.517354488373,
        "dvar2": 1.3164601326,
        "max": 6.51219511032,
        "mean": 0.741911888123,
        "median": 0.425437092781,
        "min": 0,
        "var": 0.722931921482
    },
    "zerocrossingrate": {
        "dmean": 0.0155205028132,
        "dmean2": 0.0177560076118,
        "dvar": 0.000309777737129,
        "dvar2": 0.000380194367608,
        "max": 0.52099609375,
        "mean": 0.0957520455122,
        "median": 0.087890625,
        "min": 0.01708984375,
        "var": 0.00215935171582
    },
    "barkbands": {
        "dmean": [0.00111820502207, 0.0026708971709, 0.00141399458516, 0.00130617467221, 0.00299943936989, 0.00104569131508, 0.00225742836483, 0.00140400871169, 0.00214468245395, 0.000783032388426, 0.000443461409304, 0.000313962460496, 0.000338530488079, 0.000229498502449, 0.000196551001864, 0.000156559617608, 0.000159638962941, 0.000125532023958, 0.000151336527779, 0.000262403977104, 0.000245120550971, 0.000227451120736, 0.000165933801327, 0.000181265422725, 0.000125370512251, 5.25113064214e-05, 7.16476188245e-06],
        "dmean2": [0.00184589612763, 0.00467522582039, 0.00236932886764, 0.00212975032628, 0.00494087301195, 0.00168363447301, 0.00388079369441, 0.00236232951283, 0.00362265272997, 0.00119271455333, 0.000696451112162, 0.000512045284268, 0.000536713865586, 0.000366736727301, 0.000316845485941, 0.000253902690019, 0.000270229880698, 0.000212605780689, 0.000248895084951, 0.000438080576714, 0.000404235615861, 0.000345680600731, 0.000253132398939, 0.000252492522122, 0.000184369841008, 7.88516626926e-05, 1.18423340609e-05],
        "dvar": [7.66403263697e-06, 4.3512765842e-05, 4.41349902758e-06, 2.61709533333e-06, 2.01199873118e-05, 3.13327018375e-06, 2.81504417217e-05, 9.99558233161e-06, 3.58293909812e-05, 3.56138502866e-06, 2.33638752434e-06, 1.02636397514e-06, 7.34495017696e-07, 1.95628288679e-07, 1.44058503793e-07, 4.89308824569e-08, 2.97652551495e-08, 4.66534899601e-08, 6.62072423552e-08, 1.3018303946e-07, 1.53386892521e-07, 1.5271982079e-07, 5.67074778246e-08, 1.65244387063e-07, 7.81014861673e-08, 8.00441313231e-09, 2.35871960852e-10],
        "dvar2": [2.38624634221e-05, 0.00011894396448, 1.20646745927e-05, 6.72181749906e-06, 5.31134210178e-05, 7.86264808994e-06, 7.70634433138e-05, 2.61208879238e-05, 9.44572893786e-05, 8.03671355243e-06, 5.63504545426e-06, 2.6869672638e-06, 1.70532541688e-06, 4.91313869588e-07, 3.53797787511e-07, 1.14452241462e-07, 7.98416905923e-08, 1.25072901369e-07, 1.64373346934e-07, 3.39429362839e-07, 3.57843788379e-07, 3.52242636836e-07, 1.2014849915e-07, 2.74511478437e-07, 1.61544221555e-07, 1.68392126909e-08, 5.77051795236e-10],
        "max": [0.0802476406097, 0.0543346256018, 0.0236104466021, 0.0197578240186, 0.0475504435599, 0.0247135106474, 0.0565725229681, 0.0359198413789, 0.0939345434308, 0.0277436412871, 0.0305935926735, 0.0210436563939, 0.0126987826079, 0.00907946098596, 0.00570137100294, 0.00376022513956, 0.00160869432148, 0.00473567657173, 0.00559978419915, 0.00532636372373, 0.00860763713717, 0.00823153275996, 0.00402764463797, 0.0087499525398, 0.0056229038164, 0.00147852010559, 0.000159167626407],
        "mean": [0.00136293028481, 0.00243133795448, 0.00242375931703, 0.00253102183342, 0.00493222801015, 0.00164132833015, 0.00207997485995, 0.00141020503361, 0.0021746896673, 0.00105447066016, 0.000660102115944, 0.000437195354607, 0.000479574373458, 0.000355580094038, 0.000315799552482, 0.000305177120026, 0.00033700853237, 0.000207801014767, 0.000301412423141, 0.000581135915127, 0.000485587894218, 0.000454151973827, 0.000411438843003, 0.000386889470974, 0.000246947660344, 0.000102602833067, 7.63134448789e-06],
        "median": [0.000363168452168, 0.000833954371046, 0.00170145812444, 0.00203903997317, 0.00349681568332, 0.00105594180059, 0.000610497081652, 0.000313855154673, 0.000557935854886, 0.000203907111427, 7.65500808484e-05, 0.000104530321551, 0.000130738757434, 0.0001964156545, 0.00017223143368, 0.000221184483962, 0.000292216340313, 0.000134108078782, 0.000197881949134, 0.000395749229938, 0.000328816124238, 0.000296888814773, 0.000284831534373, 0.000202201292268, 0.000131032444187, 5.6159660744e-05, 1.70202190475e-06],
        "min": [3.40905609103e-24, 7.20935721433e-24, 3.92434397862e-24, 6.07305120087e-24, 2.18485330224e-23, 2.58665660665e-23, 2.84256813301e-23, 1.18379512441e-23, 3.21378367136e-23, 1.20295655579e-23, 5.98651079298e-23, 6.16322005338e-23, 3.29472805775e-23, 7.29621679533e-23, 6.26952631787e-23, 8.70913167872e-23, 6.21415585539e-23, 1.42641980343e-22, 1.44862655346e-22, 1.81402957533e-22, 3.59049775954e-22, 3.87933545656e-22, 5.29957765869e-22, 7.42902651433e-22, 9.45486423297e-22, 1.68703425346e-21, 2.37241518716e-21],
        "var": [1.08799376903e-05, 3.00099236483e-05, 6.685263088e-06, 4.86710541736e-06, 2.28728440561e-05, 4.14980968344e-06, 2.13243565668e-05, 9.02532519831e-06, 2.86394042632e-05, 5.87339582125e-06, 4.18759009335e-06, 1.75786362888e-06, 1.31860861075e-06, 2.91094750082e-07, 2.37327938635e-07, 1.06409629552e-07, 4.91719340801e-08, 7.8237967216e-08, 1.40291788853e-07, 3.52197929487e-07, 3.39452725484e-07, 2.80470374037e-07, 1.87082292769e-07, 4.8926767704e-07, 1.69571308106e-07, 1.81389392395e-08, 2.52828674663e-10]
    },
    "erbbands": {
        "dmean": [0.0929939821362, 0.551653862, 1.47590255737, 2.87743377686, 7.82675600052, 10.9416694641, 8.6454000473, 8.05173969269, 18.7804737091, 39.3799972534, 35.5447349548, 50.9291191101, 27.2849712372, 22.1962203979, 15.2498006821, 11.9581136703, 14.9974241257, 12.5794992447, 9.31987857819, 8.30902576447, 8.7639465332, 8.69619369507, 6.84840917587, 6.03232240677, 10.035946846, 12.0810604095, 10.5476112366, 9.15234565735, 8.36081218719, 7.08992624283, 4.42592811584, 4.21329975128, 2.83036279678, 1.55591237545, 0.866868138313, 0.293859630823, 0.0899047553539, 0.0167526286095, 0.000975447474048, 3.66778876923e-05],
        "dmean2": [0.157828852534, 1.00688564777, 2.50413775444, 4.70647478104, 13.1963119507, 17.8879413605, 13.977856636, 13.1019496918, 32.3752479553, 67.545211792, 58.7954292297, 86.1405944824, 43.3645744324, 32.9553871155, 24.2024402618, 18.888381958, 23.2615776062, 19.8572788239, 15.0130405426, 12.9756116867, 14.4032831192, 14.6452007294, 11.596203804, 10.3378334045, 16.3002891541, 20.0410270691, 17.7713890076, 14.9307441711, 12.9269943237, 10.9383602142, 6.70113611221, 6.12875747681, 4.08541631699, 2.24966573715, 1.30014777184, 0.434984207153, 0.136045381427, 0.0261061843485, 0.00161659240257, 5.84714944125e-05],
        "dvar": [0.053867328912, 1.91228437424, 5.99238395691, 12.5901021957, 160.020217896, 238.957000732, 208.245361328, 215.083862305, 1718.97192383, 8538.30664062, 6086.86669922, 23292.6660156, 4512.46630859, 3439.27246094, 2889.71166992, 1370.85144043, 1465.63745117, 645.378356934, 268.256103516, 222.313323975, 130.533309937, 88.5399246216, 123.870925903, 116.084785461, 269.362121582, 270.926879883, 248.904876709, 210.585525513, 207.920257568, 112.786460876, 38.7813644409, 83.6744384766, 43.7898635864, 13.8040800095, 2.91972780228, 0.320158839226, 0.0212703514844, 0.000841215776745, 5.35330036655e-06, 5.19607112892e-09],
        "dvar2": [0.138262629509, 5.43346786499, 16.748878479, 33.6505622864, 438.482330322, 623.006896973, 534.088684082, 545.36114502, 4733.86425781, 22954.2890625, 15197.0654297, 62466.7578125, 11125.5322266, 7197.77148438, 7651.79785156, 3444.88964844, 3403.11083984, 1540.53588867, 666.018249512, 498.195129395, 332.579742432, 237.496902466, 326.837768555, 324.545013428, 634.660644531, 695.820678711, 590.083984375, 500.795288086, 481.642578125, 242.25932312, 86.6137695312, 145.460067749, 81.5104370117, 27.6364517212, 6.15746307373, 0.650308489799, 0.0473009124398, 0.00196359283291, 1.31673923534e-05, 1.27717179055e-08],
        "max": [2.21666383743, 11.6808996201, 25.8336734772, 41.8860092163, 121.990257263, 189.227020264, 203.123855591, 238.826660156, 376.140045166, 1044.92492676, 847.647521973, 2345.19702148, 1193.63598633, 1128.85754395, 1383.52282715, 713.012634277, 618.713439941, 495.718292236, 303.281646729, 351.29397583, 189.989624023, 99.7628631592, 190.242416382, 256.442687988, 339.623321533, 231.819717407, 352.434753418, 229.823471069, 296.882629395, 156.552154541, 94.7755889893, 180.639053345, 169.988494873, 73.1005172729, 35.0675621033, 10.8806962967, 2.08786988258, 0.335019856691, 0.0259629264474, 0.00104367441963],
        "mean": [0.0801987871528, 0.541254758835, 2.51338386536, 5.80630874634, 12.0783939362, 18.648891449, 15.0139493942, 12.5754528046, 19.3014602661, 35.9236068726, 37.9006271362, 52.3146476746, 34.5869216919, 33.7319602966, 24.6824874878, 17.8689460754, 21.9786815643, 20.2085571289, 16.3522071838, 15.7161903381, 18.3880271912, 18.6945457458, 12.3228311539, 12.1486797333, 19.754989624, 27.3795700073, 22.1431427002, 17.7246208191, 15.7167644501, 16.4837589264, 10.7077255249, 8.92757987976, 5.63321018219, 2.89368748665, 1.71008563042, 0.601051926613, 0.163660004735, 0.0250220093876, 0.00108614843339, 6.94212503731e-05],
        "median": [0.0142445396632, 0.250078052282, 1.7476234436, 4.74391269684, 8.40187931061, 13.553645134, 9.61674404144, 8.01735591888, 7.63882350922, 9.59131336212, 10.073390007, 14.264834404, 8.59860420227, 6.15805912018, 3.45330405235, 4.65322971344, 6.3230214119, 9.65270996094, 9.87368202209, 9.14295387268, 14.606338501, 16.0569038391, 8.54462814331, 8.60031890869, 11.6135797501, 18.8601837158, 15.9671697617, 12.3276805878, 10.2122468948, 11.3485574722, 7.48967075348, 4.99511528015, 2.89797401428, 1.50115180016, 0.904425621033, 0.322942763567, 0.0895019322634, 0.0108213303611, 0.000285592221189, 4.79676709801e-05],
        "min": [3.08558209912e-22, 1.35264437037e-21, 6.20592981582e-21, 1.85399819633e-20, 3.50970892137e-20, 4.86273051114e-20, 1.08732103114e-19, 1.94741761595e-19, 3.50918527727e-19, 7.57327587967e-19, 5.25149415456e-19, 6.62672638388e-19, 6.13344342944e-19, 8.70746147465e-19, 1.45575309208e-18, 2.37369878568e-18, 1.82310544968e-18, 3.85326247849e-18, 3.95319789061e-18, 4.80440355046e-18, 4.93987795041e-18, 3.68423763289e-18, 6.57215717548e-18, 1.003876483e-17, 9.14282317465e-18, 8.01597405132e-18, 1.07540940801e-17, 1.50703539493e-17, 1.38435665187e-17, 1.32466076414e-17, 1.60625422048e-17, 1.26677689826e-17, 1.18671044718e-17, 8.57731039553e-18, 7.63722955553e-18, 5.26449753718e-18, 2.76391772414e-18, 1.14074575762e-18, 3.0953811965e-19, 3.51136619065e-20],
        "var": [0.0426257438958, 1.19087958336, 7.29651594162, 20.7074794769, 151.641265869, 304.499908447, 317.807189941, 250.31300354, 1340.60229492, 6511.31982422, 6095.98974609, 17949.1386719, 5493.82568359, 7504.66308594, 5058.59912109, 2433.88110352, 2630.14379883, 1146.67651367, 440.703674316, 508.58770752, 244.099517822, 150.528335571, 199.419784546, 247.586898804, 617.260009766, 784.451171875, 595.445007324, 366.4246521, 355.209655762, 312.657440186, 123.01234436, 238.065887451, 107.893753052, 28.6049137115, 6.74211549759, 0.766441643238, 0.0429894663393, 0.00127822661307, 5.38416816198e-06, 5.58131452166e-09]
    },
    "gfcc": {
        "mean": [44.5098609924, 59.5697402954, -100.472129822, 44.7690811157, -71.6315078735, 11.3113660812, -45.5250396729, 6.47580242157, -28.57970047, 3.38159036636, -28.0745677948, -3.61154842377, -14.5487060547],
        "cov": [[4955.13037109, -303.487945557, -357.191497803, -207.253341675, -465.430328369, 197.848648071, -31.7627315521, 150.535644531, -157.996124268, 66.3633880615, -112.055000305, 30.924665451, -89.7817382812], [-303.487945557, 823.829406738, -309.627319336, 58.9301185608, 115.109336853, -124.673652649, 96.2449417114, -61.8534240723, 69.7481002808, -50.2241897583, 67.8974227905, -78.1436386108, 36.2206954956], [-357.191497803, -309.627319336, 493.670623779, 101.110527039, 62.9299430847, -8.37347888947, -95.6179275513, 17.0133628845, 25.1707267761, 43.9263496399, -27.8285369873, 43.1100234985, -25.5636196136], [-207.253341675, 58.9301185608, 101.110527039, 409.623352051, 75.2182540894, -27.6836261749, -87.0702972412, -36.0973014832, 95.631980896, 4.50946950912, 22.5839939117, -5.53759288788, 31.4097690582], [-465.430328369, 115.109336853, 62.9299430847, 75.2182540894, 247.00352478, -19.1289024353, 19.5133056641, -3.72978019714, 15.6374549866, 11.1330404282, 26.930606842, 13.2158384323, 30.020450592], [197.848648071, -124.673652649, -8.37347888947, -27.6836261749, -19.1289024353, 145.936981201, 51.7649307251, 27.4961967468, -48.8832206726, -2.08741092682, 2.5955824852, 16.4113044739, 0.907018959522], [-31.7627315521, 96.2449417114, -95.6179275513, -87.0702972412, 19.5133056641, 51.7649307251, 158.752243042, 31.9530620575, -21.0209541321, -10.7008991241, 20.5279884338, -2.48936104774, 14.4128847122], [150.535644531, -61.8534240723, 17.0133628845, -36.0973014832, -3.72978019714, 27.4961967468, 31.9530620575, 75.5204925537, 10.8385276794, 16.3670730591, -11.3926382065, 12.7204532623, 1.20512664318], [-157.996124268, 69.7481002808, 25.1707267761, 95.631980896, 15.6374549866, -48.8832206726, -21.0209541321, 10.8385276794, 122.792694092, 23.3019256592, 2.52500200272, -17.3473396301, 2.18962025642], [66.3633880615, -50.2241897583, 43.9263496399, 4.50946950912, 11.1330404282, -2.08741092682, -10.7008991241, 16.3670730591, 23.3019256592, 66.8246765137, 11.388010025, 8.61408519745, -12.4724655151], [-112.055000305, 67.8974227905, -27.8285369873, 22.5839939117, 26.930606842, 2.5955824852, 20.5279884338, -11.3926382065, 2.52500200272, 11.388010025, 73.2256622314, 19.7277698517, 7.6993560791], [30.924665451, -78.1436386108, 43.1100234985, -5.53759288788, 13.2158384323, 16.4113044739, -2.48936104774, 12.7204532623, -17.3473396301, 8.61408519745, 19.7277698517, 61.5632133484, 15.0824956894], [-89.7817382812, 36.2206954956, -25.5636196136, 31.4097690582, 30.020450592, 0.907018959522, 14.4128847122, 1.20512664318, 2.18962025642, -12.4724655151, 7.6993560791, 15.0824956894, 56.6362838745]],
        "icov": [[0.000356661301339, -0.000173010572325, 0.000364933162928, -0.000222609683988, 0.000554609578103, -0.00030721022631, 0.000352374045178, -0.000781947281212, 0.000623396015726, -0.000733282999136, 0.000703870609868, -0.000600773317274, 0.000480839516968], [-0.000173010572325, 0.0033739474602, 0.00132628949359, -0.000227299766266, -0.00162230827846, 0.00268762675114, -0.00198391359299, 0.00135627482086, -0.00132161902729, 0.00200811447576, -0.0025746691972, 0.00295079080388, -0.000356901902705], [0.000364933162928, 0.00132628949359, 0.00419248035178, -0.00107511249371, -0.00104903441388, 0.000673526374158, 0.000705738842953, -0.000854786951095, 6.92857283866e-05, -0.00104055576958, 0.00179159769323, -0.00236607668921, 0.00275744404644], [-0.000222609683988, -0.000227299766266, -0.00107511249371, 0.00466313725337, -0.00107627175748, -0.00187242170796, 0.00247958558612, 0.00204223557375, -0.00389105197974, 0.00141206546687, -0.0020675084088, 0.00151070579886, -0.00301274494268], [0.000554609578103, -0.00162230827846, -0.00104903441388, -0.00107627175748, 0.00664708763361, -0.000266453804215, -0.000465546094347, -0.00136113993358, 0.00209846789949, -0.00283359969035, 0.000756660185289, -0.00163040892221, -0.00170536234509], [-0.00030721022631, 0.00268762675114, 0.000673526374158, -0.00187242170796, -0.000266453804215, 0.0125705013052, -0.00519740628079, -0.00190196884796, 0.00372387259267, 0.00104691740125, -0.00198976672255, 0.00124097149819, 0.000466245139251], [0.000352374045178, -0.00198391359299, 0.000705738842953, 0.00247958558612, -0.000465546094347, -0.00519740628079, 0.0128916725516, -0.00570052908733, 0.000393649068428, 0.000633011164609, -0.00258503924124, 0.001558426884, -0.00199803593569], [-0.000781947281212, 0.00135627482086, -0.000854786951095, 0.00204223557375, -0.00136113993358, -0.00190196884796, -0.00570052908733, 0.0228852313012, -0.00694123841822, -0.0022315827664, 0.00410753302276, -0.00381265743636, -0.00167585874442], [0.000623396015726, -0.00132161902729, 6.92857283866e-05, -0.00389105197974, 0.00209846789949, 0.00372387259267, 0.000393649068428, -0.00694123841822, 0.0160903520882, -0.00595629261807, 0.000956526899245, 0.00264686183073, 0.000129551583086], [-0.000733282999136, 0.00200811447576, -0.00104055576958, 0.00141206546687, -0.00283359969035, 0.00104691740125, 0.000633011164609, -0.0022315827664, -0.00595629261807, 0.0227956585586, -0.00737730134279, 0.001201615436, 0.00360538554378], [0.000703870609868, -0.0025746691972, 0.00179159769323, -0.0020675084088, 0.000756660185289, -0.00198976672255, -0.00258503924124, 0.00410753302276, 0.000956526899245, -0.00737730134279, 0.0238008294255, -0.0128139210865, 0.00343411020003], [-0.000600773317274, 0.00295079080388, -0.00236607668921, 0.00151070579886, -0.00163040892221, 0.00124097149819, 0.001558426884, -0.00381265743636, 0.00264686183073, 0.001201615436, -0.0128139210865, 0.0301723591983, -0.0103471707553], [0.000480839516968, -0.000356901902705, 0.00275744404644, -0.00301274494268, -0.00170536234509, 0.000466245139251, -0.00199803593569, -0.00167585874442, 0.000129551583086, 0.00360538554378, 0.00343411020003, -0.0103471707553, 0.0260806791484]]
    },
    "melbands": {
        "dmean": [0.000785817042924, 0.000744735472836, 0.000567405193578, 0.000749682483729, 0.000304848654196, 0.000182488161954, 0.0003463512694, 0.000397779629566, 0.000310706731398, 0.000314252771204, 0.000133026289404, 9.39589954214e-05, 5.47364106751e-05, 3.7150522985e-05, 3.14909848385e-05, 3.48472458427e-05, 2.394522744e-05, 1.58050206664e-05, 1.5452671505e-05, 1.0337112144e-05, 1.13285977932e-05, 1.02108797364e-05, 8.12503640191e-06, 5.49046717424e-06, 5.11178541274e-06, 6.62815000396e-06, 9.54142888077e-06, 8.55005782796e-06, 6.51884056424e-06, 6.90737169862e-06, 5.45938019059e-06, 5.12577025802e-06, 4.70715167467e-06, 4.14268561144e-06, 2.7421165214e-06, 2.4967155241e-06, 2.81365441879e-06, 2.28978274208e-06, 1.66811537383e-06, 1.29606007704e-06],
        "dmean2": [0.00131101720035, 0.00129373185337, 0.000940225145314, 0.00123604096007, 0.000495301384944, 0.000296190468362, 0.000595667865127, 0.000679109245539, 0.000511700054631, 0.000533079321031, 0.00021031840879, 0.000140818156069, 8.6626772827e-05, 5.88854418311e-05, 5.06706237502e-05, 5.47911258764e-05, 3.81167119485e-05, 2.56945568253e-05, 2.48554079008e-05, 1.64787743415e-05, 1.89417078218e-05, 1.74098149728e-05, 1.38630630317e-05, 9.31384965952e-06, 8.86645011633e-06, 1.08323192762e-05, 1.5519110093e-05, 1.42120634337e-05, 1.10263808892e-05, 1.14727654363e-05, 8.92101706995e-06, 8.10117853689e-06, 7.38194376027e-06, 6.43232033326e-06, 4.25453072239e-06, 3.77094465875e-06, 4.04499587603e-06, 3.43785450241e-06, 2.46505396717e-06, 1.94701397049e-06],
        "dvar": [3.45853527506e-06, 2.00017711904e-06, 4.80079677345e-07, 1.33218759402e-06, 2.18052065293e-07, 1.05416695817e-07, 6.13431893726e-07, 7.98934820523e-07, 5.51600010112e-07, 8.35099911001e-07, 1.11263986469e-07, 6.08562515936e-08, 3.57315954602e-08, 1.41359048911e-08, 7.91586707294e-09, 7.99698529619e-09, 2.35034525176e-09, 7.58959006752e-10, 1.0547885898e-09, 2.94978902415e-10, 2.18111237404e-10, 1.2536695293e-10, 1.14979720189e-10, 1.08539843779e-10, 8.53151507774e-11, 1.30444197111e-10, 2.55626492196e-10, 1.20263743408e-10, 6.9558594995e-11, 1.73562345052e-10, 7.28919632986e-11, 8.90792439812e-11, 5.59829405056e-11, 3.75217287796e-11, 1.51158183193e-11, 1.85680845699e-11, 4.52474724355e-11, 2.90764287647e-11, 1.76247801076e-11, 1.00875965567e-11],
        "dvar2": [8.97739573702e-06, 5.66716835237e-06, 1.29544582705e-06, 3.51387643605e-06, 5.72337910398e-07, 2.66359933221e-07, 1.68135386502e-06, 2.12774671127e-06, 1.3740364011e-06, 2.2385866032e-06, 2.70350938081e-07, 1.28936989086e-07, 9.12181761237e-08, 3.47399442546e-08, 1.90827442736e-08, 1.90447266846e-08, 5.71183322862e-09, 1.93309501739e-09, 2.65130251087e-09, 6.27876861614e-10, 5.71017177986e-10, 3.37376626636e-10, 3.0246269378e-10, 2.97121660608e-10, 2.42080383517e-10, 3.1305738557e-10, 6.66613875211e-10, 3.16896647812e-10, 1.77991385519e-10, 4.00080579777e-10, 1.73628694755e-10, 2.13843623365e-10, 1.30670446685e-10, 8.28888138682e-11, 3.63135389814e-11, 4.11747129447e-11, 8.09553882264e-11, 5.83444403901e-11, 3.65566292515e-11, 2.22643622289e-11],
        "max": [0.0168764609843, 0.0145446984097, 0.00727558229119, 0.0121170897037, 0.00604778155684, 0.00548907136545, 0.00758843077347, 0.00974093470722, 0.0100028896704, 0.0140268784016, 0.00583719694987, 0.0048584737815, 0.00470382440835, 0.00231794267893, 0.00183754088357, 0.00154254655354, 0.000960376230069, 0.000504684401676, 0.000560643791687, 0.00031230627792, 0.00025185677805, 0.000112552195787, 0.000132370056235, 0.000275287544355, 0.000226243966608, 0.00026461968082, 0.000307281530695, 0.000174699613126, 0.000149414074258, 0.000329615169903, 0.00015283699031, 0.000208374505746, 0.000114771210065, 9.12792020245e-05, 5.07832482981e-05, 7.21046963008e-05, 0.000139628842589, 0.00012463015446, 8.12701982795e-05, 6.3786173996e-05],
        "mean": [0.000756341905799, 0.00110695825424, 0.00117353105452, 0.00121397757903, 0.000573748315219, 0.000284329173155, 0.000341348379152, 0.000370585679775, 0.000322136969771, 0.000319533399306, 0.000165862307767, 0.000137924391311, 8.73477911227e-05, 5.27833472006e-05, 4.45695295639e-05, 4.87087199872e-05, 3.59352234227e-05, 2.55985432887e-05, 2.42555506702e-05, 1.92051866179e-05, 2.20701131184e-05, 2.02804840228e-05, 1.43963516166e-05, 8.97784866538e-06, 9.49193690758e-06, 1.23916643133e-05, 1.73262851604e-05, 1.87114565051e-05, 1.32870472953e-05, 1.28180236061e-05, 9.48211618379e-06, 8.59482588567e-06, 9.06994591787e-06, 9.31578688323e-06, 6.14387499809e-06, 5.38517224413e-06, 5.43309761269e-06, 4.26620863436e-06, 2.87013085654e-06, 2.267566515e-06],
        "median": [0.000210495883948, 0.000716267561074, 0.000970904133283, 0.000832863268442, 0.000412122550188, 0.000181231662282, 0.000119826407172, 0.000100737728644, 8.18685002741e-05, 7.98030887381e-05, 3.75788513338e-05, 2.41329671553e-05, 1.08919093691e-05, 9.87370094663e-06, 1.42693879752e-05, 1.31868719109e-05, 1.79953567567e-05, 1.55121597345e-05, 1.30798089231e-05, 1.18992875286e-05, 1.77920446731e-05, 1.73716925929e-05, 1.09041475298e-05, 5.51317361897e-06, 6.65225616103e-06, 7.70667975303e-06, 8.85740155354e-06, 1.29280851979e-05, 9.92744116957e-06, 7.7258409874e-06, 6.38165465716e-06, 5.19872492077e-06, 5.79905463383e-06, 6.30617478237e-06, 4.15314980273e-06, 3.46129672835e-06, 2.74471153716e-06, 2.14522788156e-06, 1.34120443818e-06, 1.1450964621e-06],
        "min": [2.51271209861e-24, 5.12074778242e-24, 3.84412352988e-24, 2.36075263914e-24, 3.32548535002e-24, 4.74772622591e-24, 6.03975062105e-24, 6.70481913429e-24, 4.92080743612e-24, 4.32517919292e-24, 2.90121583924e-24, 2.18743792611e-24, 5.44744821543e-24, 6.75437932066e-24, 6.34529814331e-24, 2.79600033271e-24, 7.06961366041e-24, 6.21977735709e-24, 5.69190477147e-24, 6.38507763775e-24, 5.21394380976e-24, 2.94207666476e-24, 5.5301701421e-24, 6.90217714442e-24, 7.79680930867e-24, 6.89608950481e-24, 5.51249374137e-24, 5.2316292824e-24, 4.67711725844e-24, 8.58789322392e-24, 7.15933160002e-24, 6.50037320892e-24, 8.29248216986e-24, 7.20917893176e-24, 8.9547427327e-24, 6.85788576003e-24, 7.23310192757e-24, 8.91700441586e-24, 6.29191237598e-24, 7.66286782671e-24],
        "var": [2.803211828e-06, 1.73803721282e-06, 7.71315342263e-07, 1.4674628801e-06, 3.27499776631e-07, 1.260269471e-07, 4.77743640204e-07, 6.2944553747e-07, 5.25448115241e-07, 6.49062315006e-07, 1.3910977259e-07, 1.27967012986e-07, 6.66722073106e-08, 2.62843418142e-08, 1.30564261624e-08, 1.36454083588e-08, 3.68236663384e-09, 1.11941778069e-09, 1.62929059133e-09, 6.93946455854e-10, 3.39708566832e-10, 1.90829907432e-10, 1.75187406248e-10, 1.86009957437e-10, 1.70945341216e-10, 2.74640726827e-10, 5.4410637107e-10, 3.50531020876e-10, 1.44588938045e-10, 3.85207643561e-10, 1.12036567523e-10, 1.29592309106e-10, 1.12552564491e-10, 1.0457579247e-10, 4.08581467271e-11, 4.69180527762e-11, 1.21138821196e-10, 6.59556367855e-11, 3.28480125045e-11, 1.82353906281e-11]
    },
    "mfcc": {
        "mean": [-598.072570801, 87.3484115601, 20.0021533966, 29.7116394043, -0.494439065456, 5.49389743805, -7.9001660347, -2.31251835823, 0.210073143244, 3.60037279129, -6.9023733139, -2.66768121719, -5.8572063446],
        "cov": [[2123.61157227, -153.245742798, -36.9002532959, -349.447937012, -300.51651001, -56.5231361389, 77.1648025513, 52.4323539734, 23.0093593597, 29.7361106873, 33.0935173035, -15.4011859894, 15.2207756042], [-153.245742798, 668.11907959, -281.200958252, 51.6242637634, -50.7338180542, -17.5991306305, 45.462562561, -4.24324512482, 0.92948949337, 11.1708297729, 1.82000374794, 11.2533435822, 14.2700614929], [-36.9002532959, -281.200958252, 377.122406006, 58.6523246765, 78.7739639282, 1.3040034771, -76.9648971558, -17.326669693, 4.34382724762, -21.3114318848, 20.281621933, 15.4611701965, -5.64216279984], [-349.447937012, 51.6242637634, 58.6523246765, 344.397674561, 174.657730103, 38.1117134094, -90.0443725586, -28.5645523071, 11.8204975128, 17.0710983276, 2.97479963303, 35.2851791382, 2.0175755024], [-300.51651001, -50.7338180542, 78.7739639282, 174.657730103, 226.371322632, 37.934387207, -45.6812973022, -22.5783901215, 3.17771434784, -2.18131017685, 2.59421253204, 12.8356409073, -4.66669416428], [-56.5231361389, -17.5991306305, 1.3040034771, 38.1117134094, 37.934387207, 86.486366272, 36.9168167114, 11.3091478348, -3.69404006004, 5.88739585876, -0.110519051552, 3.6062643528, -7.89078617096], [77.1648025513, 45.462562561, -76.9648971558, -90.0443725586, -45.6812973022, 36.9168167114, 174.256378174, 47.1731643677, -4.29806947708, -16.9014225006, -5.32386779785, -16.3277873993, 7.63546943665], [52.4323539734, -4.24324512482, -17.326669693, -28.5645523071, -22.5783901215, 11.3091478348, 47.1731643677, 75.4992675781, 18.9512405396, 5.29833030701, -10.7030115128, -4.41466474533, 1.37517297268], [23.0093593597, 0.92948949337, 4.34382724762, 11.8204975128, 3.17771434784, -3.69404006004, -4.29806947708, 18.9512405396, 72.6885681152, 30.2276325226, 3.41218876839, -9.07399845123, -4.70087099075], [29.7361106873, 11.1708297729, -21.3114318848, 17.0710983276, -2.18131017685, 5.88739585876, -16.9014225006, 5.29833030701, 30.2276325226, 74.3144073486, 9.43598270416, 3.48784327507, -6.3809223175], [33.0935173035, 1.82000374794, 20.281621933, 2.97479963303, 2.59421253204, -0.110519051552, -5.32386779785, -10.7030115128, 3.41218876839, 9.43598270416, 65.7425384521, 24.3755493164, 6.95430278778], [-15.4011859894, 11.2533435822, 15.4611701965, 35.2851791382, 12.8356409073, 3.6062643528, -16.3277873993, -4.41466474533, -9.07399845123, 3.48784327507, 24.3755493164, 61.0218582153, 20.6183433533], [15.2207756042, 14.2700614929, -5.64216279984, 2.0175755024, -4.66669416428, -7.89078617096, 7.63546943665, 1.37517297268, -4.70087099075, -6.3809223175, 6.95430278778, 20.6183433533, 49.2862091064]],
