{
"lowlevel": {
    "average_loudness": 0.952013969421,
    "barkbands_crest": {
        "dmean": 2.69314479828,
        "dmean2": 4.44747400284,
        "dvar": 7.0498251915,
        "dvar2": 18.4422149658,
        "max": 25.3820457458,
        "mean": 8.20134353638,
        "median": 7.32251930237,
        "min": 2.52164649963,
        "var": 12.2323112488
    },
    "barkbands_flatness_db": {
        "dmean": 0.0187602583319,
        "dmean2": 0.0296066794544,
        "dvar": 0.000383734208299,
        "dvar2": 0.000869647250511,
        "max": 0.365520000458,
        "mean": 0.0958432257175,
        "median": 0.0890615358949,
        "min": 0.0218028109521,
        "var": 0.00145906745456
    },
    "barkbands_kurtosis": {
        "dmean": 2.11158537865,
        "dmean2": 3.41873764992,
        "dvar": 21.4295825958,
        "dvar2": 52.0203018188,
        "max": 115.2081604,
        "mean": 2.06654047966,
        "median": 0.813001394272,
        "min": -1.8541662693,
        "var": 26.0835018158
    },
    "barkbands_skewness": {
        "dmean": 0.508209049702,
        "dmean2": 0.788676202297,
        "dvar": 0.312214195728,
        "dvar2": 0.703364729881,
        "max": 7.99287652969,
        "mean": 1.25639271736,
        "median": 1.24444365501,
        "min": -4.32546281815,
        "var": 0.983806908131
    },
    "barkbands_spread": {
        "dmean": 6.41771459579,
        "dmean2": 9.93942165375,
        "dvar": 46.6737365723,
        "dvar2": 108.200080872,
        "max": 98.8165740967,
        "mean": 30.1861343384,
        "median": 29.6082038879,
        "min": 0.772851765156,
        "var": 165.621185303
    },
    "dissonance": {
        "dmean": 0.0144963245839,
        "dmean2": 0.0246167480946,
        "dvar": 0.000185459997738,
        "dvar2": 0.000506685755681,
        "max": 0.500000059605,
        "mean": 0.473464071751,
        "median": 0.476919203997,
        "min": 0.265651106834,
        "var": 0.000324518361595
    },
    "dynamic_complexity": 2.79854989052,
    "erbbands_crest": {
        "dmean": 2.31886911392,
        "dmean2": 3.73235726357,
        "dvar": 4.72225618362,
        "dvar2": 11.013628006,
        "max": 25.3911361694,
        "mean": 7.80658340454,
        "median": 7.19378900528,
        "min": 2.16392493248,
        "var": 11.5313367844
    },
    "erbbands_flatness_db": {
        "dmean": 0.0160000920296,
        "dmean2": 0.0234251134098,
        "dvar": 0.00027718077763,
        "dvar2": 0.000522488960996,
        "max": 0.276483625174,
        "mean": 0.130346029997,
        "median": 0.125248163939,
        "min": 0.0219359509647,
        "var": 0.0018370753387
    },
    "erbbands_kurtosis": {
        "dmean": 0.689487755299,
        "dmean2": 1.06432962418,
        "dvar": 1.55400717258,
        "dvar2": 2.99691748619,
        "max": 38.5762252808,
        "mean": -0.227119058371,
        "median": -0.638653755188,
        "min": -1.79237401485,
        "var": 2.8079264164
    },
    "erbbands_skewness": {
        "dmean": 0.347736984491,
        "dmean2": 0.528664827347,
        "dvar": 0.10367898643,
        "dvar2": 0.219672054052,
        "max": 3.17957425117,
        "mean": 0.113257437944,
        "median": 0.176950350404,
        "min": -4.44549417496,
        "var": 0.551739156246
    },
    "erbbands_spread": {
        "dmean": 8.29411315918,
        "dmean2": 12.8318138123,
        "dvar": 71.4486312866,
        "dvar2": 161.409957886,
        "max": 133.312225342,
        "mean": 46.7203865051,
        "median": 44.7917900085,
        "min": 5.0480298996,
        "var": 253.725769043
    },
    "hfc": {
        "dmean": 5.40731668472,
        "dmean2": 6.88247776031,
        "dvar": 44.1032867432,
        "dvar2": 68.2979049683,
        "max": 103.023918152,
        "mean": 18.8599376678,
        "median": 14.0746202469,
        "min": 1.22831860806e-16,
        "var": 253.699279785
    },
    "melbands_crest": {
        "dmean": 3.48136401176,
        "dmean2": 5.7527346611,
        "dvar": 9.0330657959,
        "dvar2": 23.0867614746,
        "max": 36.0951042175,
        "mean": 12.4583444595,
        "median": 11.8892202377,
        "min": 2.72268080711,
        "var": 18.4207572937
    },
    "melbands_flatness_db": {
        "dmean": 0.0246222577989,
        "dmean2": 0.0385896526277,
        "dvar": 0.00064998108428,
        "dvar2": 0.00145906663965,
        "max": 0.484908640385,
        "mean": 0.159131154418,
        "median": 0.151793494821,
        "min": 0.0104599120095,
        "var": 0.00233473698609
    },
    "melbands_kurtosis": {
        "dmean": 5.79886770248,
        "dmean2": 9.42659187317,
        "dvar": 154.52734375,
        "dvar2": 349.971862793,
        "max": 316.050445557,
        "mean": 9.78990459442,
        "median": 6.92134857178,
        "min": -1.90858733654,
        "var": 209.697128296
    },
    "melbands_skewness": {
        "dmean": 0.694925427437,
        "dmean2": 1.11086678505,
        "dvar": 0.675617992878,
        "dvar2": 1.580976367,
        "max": 15.5919570923,
        "mean": 2.41901278496,
        "median": 2.29736709595,
        "min": -0.94376206398,
        "var": 1.59198200703
    },
    "melbands_spread": {
        "dmean": 9.22839736938,
        "dmean2": 14.2531929016,
        "dvar": 170.639541626,
        "dvar2": 346.112091064,
        "max": 259.683502197,
        "mean": 31.6870918274,
        "median": 26.1800746918,
        "min": 0.690877497196,
        "var": 567.749145508
    },
    "pitch_salience": {
        "dmean": 0.0734183043242,
        "dmean2": 0.118784494698,
        "dvar": 0.00433306628838,
        "dvar2": 0.0108885774389,
        "max": 0.86745673418,
        "mean": 0.595776498318,
        "median": 0.602918326855,
        "min": 0.104844249785,
        "var": 0.00920809525996
    },
    "silence_rate_20dB": {
        "dmean": 0,
        "dmean2": 0,
        "dvar": 0,
        "dvar2": 0,
        "max": 1,
        "mean": 1,
        "median": 1,
        "min": 1,
        "var": 0
    },
    "silence_rate_30dB": {
        "dmean": 0,
        "dmean2": 0,
        "dvar": 0,
        "dvar2": 0,
        "max": 1,
        "mean": 1,
        "median": 1,
        "min": 1,
        "var": 0
    },
    "silence_rate_60dB": {
        "dmean": 0.0251547992229,
        "dmean2": 0.0503290742636,
        "dvar": 0.0245224796236,
        "dvar2": 0.0563132613897,
        "max": 1,
        "mean": 0.0533849112689,
        "median": 0,
        "min": 0,
        "var": 0.0505376122892
    },
    "spectral_centroid": {
        "dmean": 291.595458984,
        "dmean2": 440.027526855,
        "dvar": 96616.3984375,
        "dvar2": 169696.328125,
        "max": 11292.609375,
        "mean": 1734.79589844,
        "median": 1678.15710449,
        "min": 213.940582275,
        "var": 472501.625
    },
    "spectral_complexity": {
        "dmean": 3.49148607254,
        "dmean2": 5.08672094345,
        "dvar": 12.2630844116,
        "dvar2": 23.4142456055,
        "max": 49,
        "mean": 17.0522251129,
        "median": 17,
        "min": 0,
        "var": 61.6618881226
    },
    "spectral_decrease": {
        "dmean": 1.68401748102e-09,
        "dmean2": 2.57443533158e-09,
        "dvar": 4.4795788229e-18,
        "dvar2": 1.07137872232e-17,
        "max": 4.2365216636e-29,
        "mean": -4.04307654023e-09,
        "median": -3.15925263727e-09,
        "min": -1.98491711956e-08,
        "var": 8.71049226441e-18
    },
    "spectral_energy": {
        "dmean": 0.00672417879105,
        "dmean2": 0.0101579669863,
        "dvar": 6.88334621373e-05,
        "dvar2": 0.000161303396453,
        "max": 0.0781091600657,
        "mean": 0.0169701632112,
        "median": 0.0131778474897,
        "min": 1.09813081156e-20,
        "var": 0.000149016428622
    },
    "spectral_energyband_high": {
        "dmean": 0.000293139572022,
        "dmean2": 0.000376212294213,
        "dvar": 2.11856871601e-07,
        "dvar2": 3.24799998452e-07,
        "max": 0.0108206076548,
        "mean": 0.000797697750386,
        "median": 0.000541711749975,
        "min": 8.13368796587e-21,
        "var": 7.39538734251e-07
    },
    "spectral_energyband_low": {
        "dmean": 0.00289690471254,
        "dmean2": 0.00493088969961,
        "dvar": 3.17313533742e-05,
        "dvar2": 8.45480899443e-05,
        "max": 0.0560312047601,
        "mean": 0.00395585922524,
        "median": 0.00277504953556,
        "min": 1.44921652675e-23,
        "var": 2.64023274212e-05
    },
    "spectral_energyband_middle_high": {
        "dmean": 0.00143823388498,
        "dmean2": 0.00192939594854,
        "dvar": 4.28056409874e-06,
        "dvar2": 7.14211637387e-06,
        "max": 0.033855650574,
        "mean": 0.00426112068817,
        "median": 0.00222370936535,
        "min": 1.6108710331e-21,
        "var": 2.28575172514e-05
    },
    "spectral_energyband_middle_low": {
        "dmean": 0.00396532565355,
        "dmean2": 0.00604232959449,
        "dvar": 2.97907954518e-05,
        "dvar2": 6.79782533552e-05,
        "max": 0.0531145483255,
        "mean": 0.00880884472281,
        "median": 0.00623426400125,
        "min": 2.89868214423e-22,
        "var": 5.88981092733e-05
    },
    "spectral_entropy": {
        "dmean": 0.132726505399,
        "dmean2": 0.19251729548,
        "dvar": 0.0190219208598,
        "dvar2": 0.0360644049942,
        "max": 9.80336952209,
        "mean": 7.77280426025,
        "median": 7.78006792068,
        "min": 5.97468662262,
        "var": 0.104427136481
    },
    "spectral_flux": {
        "dmean": 0.0221238005906,
        "dmean2": 0.034016944468,
        "dvar": 0.000532548525371,
        "dvar2": 0.00110815023072,
        "max": 0.240391090512,
        "mean": 0.0723273307085,
        "median": 0.0658807083964,
        "min": 1.04791737787e-10,
        "var": 0.00125577358995
    },
    "spectral_kurtosis": {
        "dmean": 1.00542724133,
        "dmean2": 1.66443371773,
        "dvar": 1.7838820219,
        "dvar2": 4.66390943527,
        "max": 24.9489688873,
        "mean": 3.48695135117,
        "median": 3.3111333847,
        "min": -1.24603521824,
        "var": 3.42442655563
    },
    "spectral_rms": {
        "dmean": 0.000773347041104,
        "dmean2": 0.00113065110054,
        "dvar": 6.810554396e-07,
        "dvar2": 1.52050415636e-06,
        "max": 0.00872949324548,
        "mean": 0.00379621284083,
        "median": 0.00358558748849,
        "min": 3.27314390869e-12,
        "var": 2.14501869777e-06
    },
    "spectral_rolloff": {
        "dmean": 646.722229004,
        "dmean2": 1048.34924316,
        "dvar": 892833.8125,
        "dvar2": 1836659.125,
        "max": 19422.9492188,
        "mean": 2151.88793945,
        "median": 1787.25585938,
        "min": 21.533203125,
        "var": 3369686
    },
    "spectral_skewness": {
        "dmean": 0.157310947776,
        "dmean2": 0.25154671073,
        "dvar": 0.0310574583709,
        "dvar2": 0.0741804093122,
        "max": 4.08733272552,
        "mean": 1.37121450901,
        "median": 1.38085377216,
        "min": -0.178566306829,
        "var": 0.094520740211
    },
    "spectral_spread": {
        "dmean": 604690.25,
        "dmean2": 885680.5,
        "dvar": 879994929152,
        "dvar2": 1.41447843021e+12,
        "max": 39747728,
        "mean": 5367592,
        "median": 5114870,
        "min": 1965961.75,
        "var": 3.61067629773e+12
    },
    "spectral_strongpeak": {
        "dmean": 0.545932769775,
        "dmean2": 0.891666293144,
        "dvar": 0.872724056244,
        "dvar2": 2.13279390335,
        "max": 10.3557252884,
        "mean": 0.905544400215,
        "median": 0.396860063076,
        "min": 0,
        "var": 1.48876595497
    },
    "zerocrossingrate": {
        "dmean": 0.0131629966199,
        "dmean2": 0.0156756620854,
        "dvar": 0.000234096485656,
        "dvar2": 0.000261602457613,
        "max": 0.50390625,
        "mean": 0.0870638489723,
        "median": 0.0810546875,
        "min": 0.005859375,
        "var": 0.00217196671292
    },
    "barkbands": {
        "dmean": [4.69384431199e-05, 0.00197157799266, 0.000853052537423, 0.00098353298381, 0.00166729267221, 0.00036534719402, 0.00109974574298, 0.000980503624305, 0.000503213668708, 0.000276030303212, 0.000193690066226, 0.000192362902453, 0.000201424001716, 0.000193841275177, 0.000267356808763, 0.000199113375857, 0.000129189298605, 0.000388722721254, 0.000314234086545, 0.000175605877303, 6.83683974785e-05, 5.95258898102e-05, 4.45948862762e-05, 3.6844976421e-05, 4.37260714534e-05, 3.50178124791e-05, 5.77986475037e-06],
        "dmean2": [7.8149671026e-05, 0.0034383055754, 0.00147730670869, 0.00170881010126, 0.00269003887661, 0.000573903089389, 0.00166386796627, 0.00149181426968, 0.000813635473605, 0.000440524192527, 0.000291340780677, 0.000302452361211, 0.000313200056553, 0.000292555167107, 0.000407273619203, 0.000303852488287, 0.000194513486349, 0.000568429939449, 0.000462318188511, 0.000260318163782, 9.92715358734e-05, 8.27160329209e-05, 6.05598870607e-05, 5.0798196753e-05, 5.98201659159e-05, 5.3117328207e-05, 9.04249827727e-06],
        "dvar": [7.1189063533e-09, 2.0335888621e-05, 2.09683207686e-06, 2.41515385824e-06, 1.1029937923e-05, 4.1065680989e-07, 4.5817737373e-06, 3.29324529957e-06, 1.28266856336e-06, 2.23852453018e-07, 2.66516451575e-07, 2.96727307614e-07, 3.17652194326e-07, 2.34735708204e-07, 3.75222327875e-07, 4.75707054193e-07, 7.67681456182e-08, 5.57784233024e-07, 3.45294836279e-07, 1.16272474315e-07, 1.03093125148e-08, 1.2591241827e-08, 9.85689752042e-09, 9.79632730491e-09, 1.09388604841e-08, 4.48859482916e-09, 1.5607685977e-10],
        "dvar2": [1.75788930079e-08, 5.48459720449e-05, 5.93092909185e-06, 6.73000931783e-06, 2.65715189016e-05, 9.90772491605e-07, 9.52848859015e-06, 6.97783661963e-06, 2.86964291263e-06, 4.94952189456e-07, 5.26426163105e-07, 6.98102951446e-07, 7.13037422884e-07, 4.96993891375e-07, 8.23599691557e-07, 9.93336129795e-07, 1.68765680542e-07, 1.29178113184e-06, 7.80427967584e-07, 2.26894385946e-07, 2.00040339848e-08, 2.32610055662e-08, 1.62538995596e-08, 1.56913415594e-08, 2.12950386214e-08, 9.27593735156e-09, 3.42778694318e-10],
        "max": [0.00094509369228, 0.0446111187339, 0.0149784777313, 0.0176072381437, 0.0329665914178, 0.013874986209, 0.0362020507455, 0.0239549018443, 0.0272657778114, 0.00891633983701, 0.0126144438982, 0.0136071722955, 0.0125305615366, 0.0120483795181, 0.0140811745077, 0.0175178274512, 0.00749333901331, 0.0130160488188, 0.00917850155383, 0.00641818717122, 0.00217088963836, 0.00291962060146, 0.00384888239205, 0.00323738553561, 0.00289915665053, 0.00117220054381, 0.000152909502503],
        "mean": [5.00117457705e-05, 0.00196459749714, 0.00118921871763, 0.00135763606522, 0.00221400358714, 0.000631786300801, 0.0019107577391, 0.00163131521549, 0.000836459046695, 0.000503336137626, 0.000300482963212, 0.000276322360151, 0.000288351584459, 0.000305526569718, 0.000425420817919, 0.000367359461961, 0.000199502435862, 0.000793941260781, 0.000671598711051, 0.000411511486163, 0.000146476668306, 0.000117916206364, 9.79465112323e-05, 8.52814046084e-05, 0.000101303492556, 7.97498723841e-05, 1.23420813907e-05],
        "median": [2.3331194825e-05, 0.000876502483152, 0.000818772357889, 0.000929970876314, 0.00105881260242, 0.000393373484258, 0.000655757787172, 0.000400118908146, 0.000506012584083, 0.000320532737533, 0.000112600064313, 0.000114702095743, 7.46277146391e-05, 8.81841115188e-05, 0.000110833330837, 9.89129912341e-05, 7.59360482334e-05, 0.000210840502405, 0.000250411831075, 0.00015724961122, 9.3227114121e-05, 5.95682577114e-05, 5.47375457245e-05, 5.06063370267e-05, 5.80580381211e-05, 3.03691667796e-05, 1.76202649982e-06],
        "min": [5.89939846094e-24, 7.84985468252e-24, 3.82018071393e-25, 9.41227338026e-24, 5.92929881361e-23, 2.92229925133e-23, 2.83626702764e-23, 4.07056770933e-23, 1.19346993543e-22, 1.79823203617e-22, 1.3129221567e-22, 1.40602591888e-22, 4.98178472748e-23, 5.01696287514e-23, 1.51354892244e-22, 1.20900544655e-22, 1.63553849904e-22, 2.53483955234e-22, 1.66238034331e-22, 3.37125450754e-22, 2.67745702119e-22, 5.53554324728e-22, 5.50000992288e-22, 9.79056708352e-22, 1.60816300614e-21, 1.83200714738e-21, 2.3389408276e-21],
        "var": [7.16337433815e-09, 1.49342322402e-05, 1.91125695892e-06, 2.38763345806e-06, 1.24846010294e-05, 6.94396305789e-07, 1.17051076813e-05, 8.4089633674e-06, 2.11545716411e-06, 5.32914100404e-07, 5.88205296026e-07, 4.46129803322e-07, 5.22612708664e-07, 5.46807427781e-07, 9.8539476312e-07, 1.28573367419e-06, 1.47506980852e-07, 1.76507933247e-06, 1.05148876628e-06, 5.36208290214e-07, 2.60244643613e-08, 3.37344481238e-08, 2.52015865954e-08, 2.47991227553e-08, 2.52010377011e-08, 1.30109514274e-08, 4.45118442105e-10]
    },
    "erbbands": {
        "dmean": [0.0504138059914, 0.475062787533, 0.992374360561, 2.14385914803, 6.02460193634, 4.3078455925, 2.97296833992, 2.97092485428, 10.3631887436, 27.325056076, 12.0539503098, 12.3380231857, 10.4451122284, 6.3410077095, 7.96658086777, 7.5173664093, 9.08905982971, 8.32483673096, 11.6113653183, 14.1542110443, 5.89484167099, 8.12971305847, 20.4489994049, 15.5899133682, 14.8957042694, 8.21908664703, 3.27385735512, 2.54285907745, 2.28335189819, 1.71945238113, 1.1960849762, 0.843735456467, 0.586374938488, 0.43501663208, 0.371585577726, 0.200969919562, 0.0593713857234, 0.00953741557896, 0.00109282496851, 4.18817362515e-05],
        "dmean2": [0.0854203030467, 0.840014815331, 1.7213152647, 3.66126251221, 9.90636348724, 6.9489274025, 4.76017665863, 4.68004417419, 15.8676452637, 40.6973075867, 18.9226589203, 19.8245124817, 16.7054367065, 9.53714752197, 11.7416172028, 11.6423425674, 14.0222930908, 12.793387413, 17.3553848267, 21.5937213898, 8.96462726593, 11.7752723694, 30.0278263092, 22.0949211121, 21.7281894684, 12.1504898071, 4.88559007645, 3.61472511292, 3.17902159691, 2.36033082008, 1.66347801685, 1.17825961113, 0.815070867538, 0.596067965031, 0.53236758709, 0.300781548023, 0.0919653177261, 0.0144492164254, 0.00171435682569, 6.5127016569e-05],
        "dvar": [0.0122526604682, 1.20476365089, 3.40258741379, 10.2652330399, 162.68196106, 49.9335784912, 19.9751625061, 33.2474861145, 630.52911377, 2666.36499023, 498.776184082, 981.293518066, 263.109313965, 233.12739563, 623.4453125, 390.917480469, 613.16583252, 456.407806396, 535.57244873, 1454.25146484, 241.286499023, 302.130889893, 1759.03466797, 796.582763672, 753.800964355, 271.773376465, 22.3872909546, 17.1885986328, 16.8385887146, 11.7421360016, 9.61510181427, 7.05264425278, 1.95940446854, 1.16992282867, 0.732308983803, 0.149853006005, 0.0145917953923, 0.0004032428551, 5.7457332332e-06, 6.98006719091e-09],
        "dvar2": [0.0316968299448, 3.32201838493, 9.5730676651, 28.2439689636, 402.960662842, 119.740272522, 51.8284988403, 77.2133331299, 1318.13586426, 5523.11376953, 1158.91552734, 2285.44824219, 636.096923828, 415.555541992, 1237.72241211, 963.024291992, 1391.36291504, 952.080993652, 1120.87353516, 3049.85205078, 499.253967285, 651.341308594, 4054.56445312, 1647.83618164, 1692.03540039, 528.30645752, 49.3658370972, 31.403131485, 29.4467983246, 21.9467716217, 16.9952697754, 10.8968000412, 3.83045744896, 1.81713306904, 1.64516949654, 0.323258757591, 0.0324032977223, 0.000896339421161, 1.2823281395e-05, 1.55579513716e-08],
        "max": [0.949630916119, 11.0791273117, 17.5340309143, 42.7160186768, 132.658874512, 73.336807251, 72.8211517334, 136.191665649, 545.539855957, 653.419677734, 262.056915283, 758.481018066, 418.88092041, 412.071258545, 787.14074707, 483.749603271, 502.460205078, 478.706756592, 426.251037598, 843.132385254, 505.015380859, 497.038543701, 700.069580078, 433.039611816, 382.498718262, 405.884246826, 86.4681854248, 108.341682434, 119.554588318, 94.4393692017, 130.878570557, 91.6162567139, 37.5934906006, 43.7908172607, 25.1480979919, 8.58627891541, 1.79802954197, 0.221790358424, 0.0276049654931, 0.00124136777595],
        "mean": [0.0495371967554, 0.468107670546, 1.3424860239, 3.36280155182, 7.21608304977, 6.30870389938, 5.07018232346, 5.12951135635, 18.2471218109, 47.9739761353, 20.5944957733, 19.8401050568, 19.7781143188, 12.3291635513, 13.0151319504, 11.5089769363, 14.0541191101, 13.9963521957, 19.921005249, 25.7277622223, 11.9976444244, 14.9044771194, 39.9476089478, 35.7790908813, 32.9665641785, 20.1135845184, 7.33958911896, 5.34091997147, 4.51146030426, 3.56423735619, 2.58253455162, 1.85548591614, 1.320489645, 1.00985085964, 0.817075133324, 0.430860310793, 0.127992346883, 0.0209450032562, 0.00231958855875, 9.54299175646e-05],
        "median": [0.0191153101623, 0.220563530922, 0.897297680378, 2.60876631737, 3.02360010147, 3.35368943214, 3.297082901, 3.11381840706, 7.05600166321, 13.5693712234, 8.51717376709, 11.0482521057, 13.9726886749, 6.21265983582, 4.57718324661, 5.06758165359, 4.18452596664, 4.21165180206, 7.06071233749, 6.40085315704, 5.0482468605, 6.01746940613, 10.9615354538, 12.5795106888, 12.1022834778, 8.1842250824, 4.77729272842, 3.01851558685, 2.30801677704, 1.71367251873, 1.52180850506, 1.08356297016, 0.811419904232, 0.586451470852, 0.427556186914, 0.180943310261, 0.0454376265407, 0.00608997652307, 0.000284460867988, 4.0517810703e-05],
        "min": [2.22334728473e-22, 1.92251617564e-21, 1.02621700945e-21, 1.66833072238e-20, 2.73055292884e-20, 2.83674896082e-19, 2.93929350738e-19, 2.41373887682e-19, 3.00002123055e-19, 6.43853814164e-19, 1.19585004848e-18, 2.32868092841e-18, 3.68229334486e-18, 6.39470170508e-18, 5.25940748129e-18, 6.77384448833e-18, 2.57533832886e-18, 2.87015025546e-18, 4.78553225197e-18, 8.77113535666e-18, 7.82161307715e-18, 9.15760820091e-18, 1.56847373862e-17, 7.5149590261e-18, 1.27538900649e-17, 1.35828201645e-17, 1.06586746605e-17, 1.10705948892e-17, 2.14339983311e-17, 1.84185345691e-17, 1.52789986783e-17, 1.78974637227e-17, 1.63033361354e-17, 1.1813873745e-17, 1.45152429663e-17, 6.92020623951e-18, 3.67509232404e-18, 1.34848172531e-18, 3.75128475744e-19, 3.22000862199e-20],
        "var": [0.0100269289687, 0.836966097355, 2.80158829689, 11.297326088, 166.391143799, 68.3386001587, 31.1511363983, 61.7091636658, 1575.17211914, 6869.99902344, 1029.63208008, 1509.33447266, 543.665893555, 756.227600098, 1340.55053711, 527.43939209, 1084.65124512, 1117.59033203, 1435.48535156, 3759.67260742, 667.669799805, 697.69329834, 4816.84814453, 3037.54418945, 2342.04394531, 1324.83215332, 62.1631965637, 44.33984375, 46.7027206421, 32.1032676697, 20.6012020111, 16.5264358521, 4.4498257637, 3.12687897682, 1.48409998417, 0.379463255405, 0.0363333187997, 0.00103156012483, 1.57435679284e-05, 1.86287376636e-08]
    },
    "gfcc": {
        "mean": [1.66079545021, 69.7467269897, -108.748634338, 31.8237400055, -60.4630699158, 3.89734053612, -35.3647499084, 17.2816696167, -28.0738124847, 5.16801404953, -19.6709442139, -5.15608358383, -16.9962501526],
        "cov": [[10216.9863281, -314.349060059, -234.809265137, 33.4466362, -100.674781799, -96.0197525024, -248.991729736, 401.872802734, -149.745040894, 72.6759414673, -155.042633057, -78.5503005981, -373.046691895], [-314.349060059, 1368.67590332, -518.028686523, 252.574111938, 47.2724456787, -82.2264175415, 156.258651733, -85.1486816406, 118.595939636, -46.1233520508, 65.279876709, -102.561424255, 156.712265015], [-234.809265137, -518.028686523, 890.358825684, -184.966384888, 120.116256714, 156.876647949, 94.927772522, 18.4611301422, -79.1744918823, 93.411857605, -100.838951111, 72.4836502075, -4.21372175217], [33.4466362, 252.574111938, -184.966384888, 303.758972168, 7.97124433517, -43.7419242859, -43.392578125, 18.9441356659, 65.9042205811, -38.8814849854, 5.34713315964, -38.7989730835, 36.7663154602], [-100.674781799, 47.2724456787, 120.116256714, 7.97124433517, 253.295303345, 3.75358915329, 76.773979187, 73.0509490967, 50.7042884827, 32.6150550842, 7.39874887466, -16.6215877533, 3.26360464096], [-96.0197525024, -82.2264175415, 156.876647949, -43.7419242859, 3.75358915329, 188.423431396, 88.881690979, -27.5153465271, -45.3970413208, 32.2226791382, -17.4072380066, 6.93372058868, 9.14813137054], [-248.991729736, 156.258651733, 94.927772522, -43.392578125, 76.773979187, 88.881690979, 227.300811768, -31.8645820618, -3.76016020775, 33.0249328613, -6.66238975525, -11.4139823914, 31.5366706848], [401.872802734, -85.1486816406, 18.4611301422, 18.9441356659, 73.0509490967, -27.5153465271, -31.8645820618, 176.56741333, 54.094959259, 9.70899009705, 22.6677036285, -13.7392835617, -36.7725334167], [-149.745040894, 118.595939636, -79.1744918823, 65.9042205811, 50.7042884827, -45.3970413208, -3.76016020775, 54.094959259, 117.553100586, 11.0144882202, 16.1825199127, -23.1087417603, 15.8176031113], [72.6759414673, -46.1233520508, 93.411857605, -38.8814849854, 32.6150550842, 32.2226791382, 33.0249328613, 9.70899009705, 11.0144882202, 75.332359314, 2.63503193855, 4.91635227203, -6.97320795059], [-155.042633057, 65.279876709, -100.838951111, 5.34713315964, 7.39874887466, -17.4072380066, -6.66238975525, 22.6677036285, 16.1825199127, 2.63503193855, 87.1443481445, 7.18451309204, -11.8279600143], [-78.5503005981, -102.561424255, 72.4836502075, -38.7989730835, -16.6215877533, 6.93372058868, -11.4139823914, -13.7392835617, -23.1087417603, 4.91635227203, 7.18451309204, 72.4501342773, 4.94164466858], [-373.046691895, 156.712265015, -4.21372175217, 36.7663154602, 3.26360464096, 9.14813137054, 31.5366706848, -36.7725334167, 15.8176031113, -6.97320795059, -11.8279600143, 4.94164466858, 89.5960083008]],
        "icov": [[0.000169216364156, -0.000128384053824, 0.000145493788295, -7.27294027456e-05, 7.8602519352e-05, 2.82129640254e-05, 8.30366043374e-05, -0.000579517742153, 0.000551347737201, -0.000501420465298, 0.000743347685784, -0.000173413049197, 0.000664316292387], [-0.000128384053824, 0.00192114908714, 0.00057194987312, -0.000642506405711, -0.000261181645328, 0.000743993383367, -0.00150056066923, 0.00108545995317, -0.000605242035817, 0.000344495958416, -0.00161510007456, 0.0016417336883, -0.00286714429967], [0.000145493788295, 0.00057194987312, 0.00274898530915, 0.000303396896925, -0.00114414270502, -0.00074733159272, -0.000377568503609, -0.00105025083758, 0.00148098240606, -0.00218420173042, 0.00304913939908, -0.00171738036443, -0.000504196854308], [-7.27294027456e-05, -0.000642506405711, 0.000303396896925, 0.00508302170783, -0.000426041398896, -0.000908091547899, 0.0016049091937, -0.000121960270917, -0.00205283774994, 0.00191964930855, 0.00048208743101, 0.000900192826521, -0.00123150728177], [7.8602519352e-05, -0.000261181645328, -0.00114414270502, -0.000426041398896, 0.00630212109536, 0.00106787262484, -0.00213599670678, -0.00233143055812, -0.00117819826119, -0.000816266809124, -0.000622005085461, 0.000912802817766, 0.000373510789359], [2.82129640254e-05, 0.000743993383367, -0.00074733159272, -0.000908091547899, 0.00106787262484, 0.00873918645084, -0.00347745441832, -0.000116467534099, 0.00295649841428, -0.00241529149935, -0.000694521411788, 0.00146081997082, -0.00148353131954], [8.30366043374e-05, -0.00150056066923, -0.000377568503609, 0.0016049091937, -0.00213599670678, -0.00347745441832, 0.00838494487107, 0.000835250422824, 4.31048392784e-05, -0.00113084935583, 0.000638441415504, 0.000547108356841, 7.67881210777e-05], [-0.000579517742153, 0.00108545995317, -0.00105025083758, -0.000121960270917, -0.00233143055812, -0.000116467534099, 0.000835250422824, 0.0113199017942, -0.0059801954776, 0.00267046364024, -0.00480305776, 0.00199101492763, 0.000657686206978], [0.000551347737201, -0.000605242035817, 0.00148098240606, -0.00205283774994, -0.00117819826119, 0.00295649841428, 4.31048392784e-05, -0.0059801954776, 0.0171963907778, -0.00664455862716, 0.00217759679072, 0.0013221797999, -0.00180076516699], [-0.000501420465298, 0.000344495958416, -0.00218420173042, 0.00191964930855, -0.000816266809124, -0.00241529149935, -0.00113084935583, 0.00267046364024, -0.00664455862716, 0.0203338097781, -0.0043599079363, 0.000439027935499, 0.00034549323027], [0.000743347685784, -0.00161510007456, 0.00304913939908, 0.00048208743101, -0.000622005085461, -0.000694521411788, 0.000638441415504, -0.00480305776, 0.00217759679072, -0.0043599079363, 0.0198017638177, -0.00654273387045, 0.00601434288546], [-0.000173413049197, 0.0016417336883, -0.00171738036443, 0.000900192826521, 0.000912802817766, 0.00146081997082, 0.000547108356841, 0.00199101492763, 0.0013221797999, 0.000439027935499, -0.00654273387045, 0.020106812939, -0.00577354524285], [0.000664316292387, -0.00286714429967, -0.000504196854308, -0.00123150728177, 0.000373510789359, -0.00148353131954, 7.67881210777e-05, 0.000657686206978, -0.00180076516699, 0.00034549323027, 0.00601434288546, -0.00577354524285, 0.0212617516518]]
    },
    "melbands": {
        "dmean": [0.000506295473315, 0.000551560951862, 0.00045699509792, 0.000414558890043, 0.000103863108961, 7.39804672776e-05, 0.000170529310708, 0.000295473000733, 8.60369109432e-05, 7.78171961429e-05, 5.16098589287e-05, 2.60787164734e-05, 2.62096727965e-05, 2.01107959583e-05, 2.6557368983e-05, 1.57970971486e-05, 1.7451999156e-05, 1.81104114745e-05, 2.32534748648e-05, 1.76407975232e-05, 5.86050236961e-06, 7.44197222957e-06, 1.70334515133e-05, 1.76411849679e-05, 1.33958728838e-05, 1.34245419758e-05, 8.76227204571e-06, 5.32226795258e-06, 2.23727897719e-06, 1.77984179572e-06, 1.53633641276e-06, 1.46324305206e-06, 1.09894494926e-06, 9.74416707322e-07, 7.78002345214e-07, 6.10755762409e-07, 5.34549258191e-07, 4.50344344927e-07, 4.23454423526e-07, 3.83538917959e-07],
        "dmean2": [0.000877858197782, 0.000957795826253, 0.000770086655393, 0.000669898523483, 0.000166068813996, 0.000115695220302, 0.000259862252278, 0.000440156727564, 0.00013648912136, 0.000125434002257, 8.29683267511e-05, 3.96004797949e-05, 3.88688931707e-05, 3.10580071528e-05, 4.20378746639e-05, 2.47299012699e-05, 2.69322645181e-05, 2.73706118605e-05, 3.5232395021e-05, 2.66427432507e-05, 9.33214232646e-06, 1.11137533167e-05, 2.5039564207e-05, 2.60508786596e-05, 1.9471079213e-05, 2.03332529054e-05, 1.29635036501e-05, 8.04126648291e-06, 3.44139652952e-06, 2.69007387033e-06, 2.23342658501e-06, 2.08828532777e-06, 1.57556826252e-06, 1.36685821417e-06, 1.12843144962e-06, 8.93848721262e-07, 7.77807656505e-07, 6.62766524329e-07, 5.91525179061e-07, 5.48362265818e-07],
        "dvar": [1.31687443172e-06, 1.24084249364e-06, 5.46262924672e-07, 6.98058443049e-07, 2.10939479217e-08, 2.37975630313e-08, 1.42964239558e-07, 2.97744549016e-07, 2.91189632406e-08, 3.41886448041e-08, 6.57074084032e-09, 3.81383813419e-09, 5.40820677131e-09, 3.98456956319e-09, 6.31732977041e-09, 1.6859483809e-09, 2.15060458331e-09, 1.35466315943e-09, 3.15896309111e-09, 3.99100219539e-09, 1.72747594007e-10, 3.25154764225e-10, 1.15786447097e-09, 1.24778909427e-09, 5.98366911575e-10, 7.86120224472e-10, 2.94214375085e-10, 1.20143520133e-10, 1.24795746653e-11, 6.35806511606e-12, 6.94886682917e-12, 6.91923905324e-12, 5.38079823753e-12, 3.39320412046e-12, 4.96026006727e-12, 2.84593529298e-12, 3.04270172426e-12, 1.33701838663e-12, 1.0571814691e-12, 8.22569226275e-13],
        "dvar2": [3.49111655851e-06, 3.44442560163e-06, 1.47344906054e-06, 1.68496137576e-06, 5.41129274723e-08, 5.342285192e-08, 2.9586882988e-07, 6.16194199665e-07, 6.81114116219e-08, 8.02345070383e-08, 1.59043906933e-08, 6.8343761761e-09, 1.03332560286e-08, 9.01327190661e-09, 1.49931338456e-08, 3.63748520193e-09, 4.56082416278e-09, 2.71864264434e-09, 6.75607392253e-09, 8.54825188412e-09, 3.84630355343e-10, 7.58431706327e-10, 2.65236699271e-09, 2.90782842249e-09, 1.24142751634e-09, 1.99676897239e-09, 5.50376799691e-10, 2.52909498899e-10, 2.83515138449e-11, 1.33933593383e-11, 1.32769611277e-11, 1.31235222342e-11, 1.14089527756e-11, 5.99305197482e-12, 1.01351175716e-11, 5.11680975368e-12, 5.07470801492e-12, 3.22377649749e-12, 1.84302464783e-12, 1.31923335103e-12],
        "max": [0.0105224307626, 0.0101986220106, 0.00674900505692, 0.00844450108707, 0.00204822048545, 0.0031150134746, 0.00713828811422, 0.00726395472884, 0.00243979133666, 0.00419135205448, 0.00205599330366, 0.00156450597569, 0.00186131778173, 0.00170708948281, 0.00155653641559, 0.000875731406268, 0.00111518218182, 0.000625404645689, 0.00135791127104, 0.00171600177418, 0.000306004891172, 0.000580864725634, 0.000534038874321, 0.00067069119541, 0.000407602172345, 0.000472776271636, 0.000343668390997, 0.000253206875641, 6.69997752993e-05, 3.49795809598e-05, 7.14370253263e-05, 6.91646491759e-05, 5.86533969908e-05, 4.74509142805e-05, 9.50539033511e-05, 5.42419838894e-05, 6.02002546657e-05, 3.07298832922e-05, 4.20694668719e-05, 3.46314991475e-05],
        "mean": [0.000500582566019, 0.000682824233081, 0.000676400959492, 0.000539997126907, 0.00018308518338, 0.00012792974303, 0.000301455962472, 0.000517980544828, 0.000140040589031, 0.000125384947751, 9.44461207837e-05, 4.78335969092e-05, 4.24341669714e-05, 3.02119024127e-05, 3.66386193491e-05, 2.45077098953e-05, 2.70099881163e-05, 2.89425279334e-05, 3.83662918466e-05, 3.15315519401e-05, 9.86695613392e-06, 1.18115513033e-05, 3.01262189168e-05, 3.58678116754e-05, 2.82595356111e-05, 2.66100123554e-05, 1.99373334908e-05, 1.16670435091e-05, 4.42433247372e-06, 3.54980329575e-06, 2.8995464163e-06, 2.68257963398e-06, 2.04210459742e-06, 1.97075860342e-06, 1.54414942699e-06, 1.22702647332e-06, 1.10825726551e-06, 9.19744081784e-07, 8.88573595148e-07, 8.26906159546e-07],
        "median": [0.000206686760066, 0.000432404776802, 0.00049410975771, 0.00024545378983, 0.00012378662359, 7.29295352357e-05, 0.00011173117673, 0.000135085021611, 6.12905496382e-05, 7.20786483726e-05, 6.49467401672e-05, 2.27796717809e-05, 1.5437752154e-05, 1.1257468941e-05, 1.28759484141e-05, 7.15315945854e-06, 7.19990839571e-06, 9.94700076262e-06, 8.80916741153e-06, 7.27653832655e-06, 4.79188474856e-06, 4.55164172308e-06, 8.70139865583e-06, 9.38182802201e-06, 9.51209131017e-06, 8.97118025023e-06, 6.46527041681e-06, 4.61382751382e-06, 2.79628079625e-06, 2.24639279622e-06, 1.48224455643e-06, 1.32458819735e-06, 9.67120854511e-07, 9.08136655653e-07, 8.78725415987e-07, 7.41958729122e-07, 6.08479581388e-07, 5.53146662696e-07, 5.27648353454e-07, 4.58096820921e-07],
        "min": [2.65671392369e-24, 1.06884489682e-24, 3.10716020589e-24, 9.13766616599e-24, 1.29766475061e-23, 5.32421078709e-24, 5.21292341818e-24, 6.98420921223e-24, 1.0214742925e-23, 1.64428131823e-23, 2.04921703152e-23, 2.78462282853e-23, 1.60454529003e-23, 1.95770537998e-23, 9.04835606746e-24, 5.28253092674e-24, 5.01930973634e-24, 6.18766164635e-24, 1.16575135115e-23, 1.05668257465e-23, 9.22146922653e-24, 9.74007979626e-24, 1.20451108509e-23, 1.19389404283e-23, 5.11509835505e-24, 6.34018987452e-24, 1.37612004419e-23, 7.74593645775e-24, 6.87972221875e-24, 6.12013081412e-24, 5.78852879388e-24, 1.03218994237e-23, 1.41780203447e-23, 9.38642793042e-24, 8.2086893645e-24, 9.44900195515e-24, 1.19566306341e-23, 1.11642088107e-23, 1.05781522113e-23, 1.01505793455e-23],
        "var": [1.00434465367e-06, 9.40669679039e-07, 5.45335012703e-07, 7.8121200886e-07, 3.50686875095e-08, 4.98287917594e-08, 3.77115185302e-07, 7.84161386491e-07, 5.60664403793e-08, 5.27126609029e-08, 1.37425066882e-08, 1.21847207879e-08, 1.27645645165e-08, 6.65597976734e-09, 8.94095286696e-09, 3.43304340511e-09, 4.85275419848e-09, 3.30764926559e-09, 8.47665759807e-09, 1.02951069891e-08, 3.30496935375e-10, 6.12418005197e-10, 2.7590152385e-09, 3.88861964851e-09, 2.04498640244e-09, 1.88567250703e-09, 1.1330899552e-09, 5.23184828793e-10, 3.05665839861e-11, 1.50671246313e-11, 1.65005370478e-11, 1.72238508178e-11, 1.22401845604e-11, 9.85558336331e-12, 8.46603863403e-12, 5.99733327236e-12, 6.7331366177e-12, 2.23643694709e-12, 2.4650685139e-12, 2.12701362599e-12]
    },
    "mfcc": {
        "mean": [-642.043151855, 105.253311157, 2.69465923309, 28.1508522034, -2.57583546638, -6.58530378342, 2.441832304, 1.21873998642, -1.16038143635, 6.85207462311, 2.72989821434, -4.3574590683, -2.97183084488],
        "cov": [[4803.21875, -195.097503662, -175.453216553, 147.604232788, 158.002853394, -282.315582275, -42.2219924927, 96.9371643066, -111.94392395, 175.828948975, 160.226547241, -70.2049560547, -30.4034900665], [-195.097503662, 884.816955566, -179.285720825, 162.149002075, -57.611366272, 92.5920181274, 75.2041702271, -18.8134803772, 113.91015625, 9.47125530243, -9.60874271393, 64.2750549316, -1.02105915546], [-175.453216553, -179.285720825, 500.457763672, -111.4453125, -1.28693234921, 106.556632996, 72.1497879028, -25.9707126617, 68.2477111816, -47.8016777039, -56.3052139282, 20.1272315979, -1.61643183231], [147.604232788, 162.149002075, -111.4453125, 272.159851074, 71.1964263916, -42.1877326965, -51.0068435669, 24.5715923309, 33.2121696472, 45.3081359863, 5.12912797928, -23.9571971893, 13.1338434219], [158.002853394, -57.611366272, -1.28693234921, 71.1964263916, 198.164535522, -78.6899032593, -23.9019584656, 32.8317146301, 8.10295200348, 58.5005989075, 25.5277309418, -8.55124568939, 6.06720685959], [-282.315582275, 92.5920181274, 106.556632996, -42.1877326965, -78.6899032593, 234.595489502, 93.9708023071, -35.1117935181, 68.2179031372, -36.2465820312, -38.0972862244, 25.6894569397, -8.60150527954], [-42.2219924927, 75.2041702271, 72.1497879028, -51.0068435669, -23.9019584656, 93.9708023071, 168.820098877, 17.4611568451, 34.9420585632, 17.7458972931, 3.01045036316, 29.0181274414, -3.60221076012], [96.9371643066, -18.8134803772, -25.9707126617, 24.5715923309, 32.8317146301, -35.1117935181, 17.4611568451, 82.4721450806, 1.87722182274, 26.2165126801, 19.007106781, -3.4794948101, 6.7804775238], [-111.94392395, 113.91015625, 68.2477111816, 33.2121696472, 8.10295200348, 68.2179031372, 34.9420585632, 1.87722182274, 141.364120483, 28.6247215271, -19.8016223907, 17.6473178864, 2.90237784386], [175.828948975, 9.47125530243, -47.8016777039, 45.3081359863, 58.5005989075, -36.2465820312, 17.7458972931, 26.2165126801, 28.6247215271, 131.216384888, 32.7073020935, -9.19632911682, 6.82881879807], [160.226547241, -9.60874271393, -56.3052139282, 5.12912797928, 25.5277309418, -38.0972862244, 3.01045036316, 19.007106781, -19.8016223907, 32.7073020935, 82.2124023438, 25.4332275391, 3.95040130615], [-70.2049560547, 64.2750549316, 20.1272315979, -23.9571971893, -8.55124568939, 25.6894569397, 29.0181274414, -3.4794948101, 17.6473178864, -9.19632911682, 25.4332275391, 69.5487670898, 16.8693561554], [-30.4034900665, -1.02105915546, -1.61643183231, 13.1338434219, 6.06720685959, -8.60150527954, -3.60221076012, 6.7804775238, 2.90237784386, 6.82881879807, 3.95040130615, 16.8693561554, 49.3911018372]],
