{
"lowlevel": {
    "average_loudness": 0.883543431759,
    "barkbands_crest": {
        "dmean": 1.98823833466,
        "dmean2": 3.28454065323,
        "dvar": 3.98675966263,
        "dvar2": 10.1517820358,
        "max": 23.267118454,
        "mean": 7.81931495667,
        "median": 7.24162006378,
        "min": 2.68724584579,
        "var": 8.40549278259
    },
    "barkbands_flatness_db": {
        "dmean": 0.0182745978236,
        "dmean2": 0.0275464914739,
        "dvar": 0.000301612308249,
        "dvar2": 0.000690182379913,
        "max": 0.226554170251,
        "mean": 0.111287787557,
        "median": 0.112288720906,
        "min": 0.0306103620678,
        "var": 0.00089641235536
    },
    "barkbands_kurtosis": {
        "dmean": 0.958968400955,
        "dmean2": 1.54187834263,
        "dvar": 2.62943601608,
        "dvar2": 6.57735061646,
        "max": 20.4558486938,
        "mean": -0.108932346106,
        "median": -0.828402280807,
        "min": -1.80689013004,
        "var": 4.32364320755
    },
    "barkbands_skewness": {
        "dmean": 0.400275409222,
        "dmean2": 0.615885615349,
        "dvar": 0.173611342907,
        "dvar2": 0.381029188633,
        "max": 4.38407230377,
        "mean": 0.711742162704,
        "median": 0.612410008907,
        "min": -1.88168799877,
        "var": 0.531832277775
    },
    "barkbands_spread": {
        "dmean": 5.56033086777,
        "dmean2": 8.59623908997,
        "dvar": 37.7349967957,
        "dvar2": 85.7791748047,
        "max": 108.930641174,
        "mean": 34.9986801147,
        "median": 35.9761352539,
        "min": 5.80520677567,
        "var": 131.708114624
    },
    "dissonance": {
        "dmean": 0.0107025867328,
        "dmean2": 0.0178846735507,
        "dvar": 0.000131939261337,
        "dvar2": 0.000358958059223,
        "max": 0.500000119209,
        "mean": 0.479367703199,
        "median": 0.484379649162,
        "min": 0.352589219809,
        "var": 0.000287161034066
    },
    "dynamic_complexity": 2.78600478172,
    "erbbands_crest": {
        "dmean": 2.41615724564,
        "dmean2": 3.96812343597,
        "dvar": 5.11486101151,
        "dvar2": 12.5646371841,
        "max": 27.5420608521,
        "mean": 8.47932529449,
        "median": 7.57036161423,
        "min": 2.25587701797,
        "var": 12.9831676483
    },
    "erbbands_flatness_db": {
        "dmean": 0.0184640716761,
        "dmean2": 0.0252751559019,
        "dvar": 0.000341441424098,
        "dvar2": 0.000593081640545,
        "max": 0.293451875448,
        "mean": 0.158129677176,
        "median": 0.161278665066,
        "min": 0.0356690958142,
        "var": 0.00149468891323
    },
    "erbbands_kurtosis": {
        "dmean": 0.889836907387,
        "dmean2": 1.40681052208,
        "dvar": 0.934281170368,
        "dvar2": 2.31213998795,
        "max": 14.5627784729,
        "mean": 0.593350589275,
        "median": 0.283541440964,
        "min": -1.54257249832,
        "var": 2.49087977409
    },
    "erbbands_skewness": {
        "dmean": 0.312002271414,
        "dmean2": 0.470620840788,
        "dvar": 0.07181173563,
        "dvar2": 0.15748886764,
        "max": 1.95946156979,
        "mean": -0.594252109528,
        "median": -0.684249520302,
        "min": -2.56339979172,
        "var": 0.428675413132
    },
    "erbbands_spread": {
        "dmean": 7.44531011581,
        "dmean2": 11.4525241852,
        "dvar": 61.8812637329,
        "dvar2": 125.878143311,
        "max": 97.05443573,
        "mean": 35.0321540833,
        "median": 32.3082695007,
        "min": 4.46596193314,
        "var": 187.264083862
    },
    "hfc": {
        "dmean": 5.64883375168,
        "dmean2": 7.65154314041,
        "dvar": 70.1923217773,
        "dvar2": 124.442932129,
        "max": 149.000701904,
        "mean": 19.7297859192,
        "median": 12.9529304504,
        "min": 1.25851586203e-16,
        "var": 318.225219727
    },
    "melbands_crest": {
        "dmean": 2.61493325233,
        "dmean2": 4.26297998428,
        "dvar": 5.82891893387,
        "dvar2": 14.6184625626,
        "max": 26.1437339783,
        "mean": 12.579785347,
        "median": 12.1262388229,
        "min": 2.26067090034,
        "var": 15.0904846191
    },
    "melbands_flatness_db": {
        "dmean": 0.0198300275952,
        "dmean2": 0.0303742066026,
        "dvar": 0.000415304501075,
        "dvar2": 0.00100113032386,
        "max": 0.302878767252,
        "mean": 0.154673472047,
        "median": 0.152998432517,
        "min": 0.00436472194269,
        "var": 0.00137570500374
    },
    "melbands_kurtosis": {
        "dmean": 3.36200809479,
        "dmean2": 5.31969261169,
        "dvar": 33.6773033142,
        "dvar2": 82.73462677,
        "max": 84.0853042603,
        "mean": 4.95008850098,
        "median": 2.65398597717,
        "min": -1.76334953308,
        "var": 53.7944831848
    },
    "melbands_skewness": {
        "dmean": 0.546522676945,
        "dmean2": 0.829313218594,
        "dvar": 0.392308533192,
        "dvar2": 0.85767519474,
        "max": 8.2768573761,
        "mean": 1.97085428238,
        "median": 1.80931615829,
        "min": -1.39152693748,
        "var": 1.17306017876
    },
    "melbands_spread": {
        "dmean": 9.16103649139,
        "dmean2": 14.25344944,
        "dvar": 81.5595321655,
        "dvar2": 189.209579468,
        "max": 142.793441772,
        "mean": 40.2304000854,
        "median": 38.7057723999,
        "min": 4.71684360504,
        "var": 303.671936035
    },
    "pitch_salience": {
        "dmean": 0.0578148886561,
        "dmean2": 0.0942248776555,
        "dvar": 0.00277053122409,
        "dvar2": 0.00713957520202,
        "max": 0.811372578144,
        "mean": 0.58345925808,
        "median": 0.585869014263,
        "min": 0.220559224486,
        "var": 0.0065617528744
    },
    "silence_rate_20dB": {
        "dmean": 0,
        "dmean2": 0,
        "dvar": 0,
        "dvar2": 0,
        "max": 1,
        "mean": 1,
        "median": 1,
        "min": 1,
        "var": 0
    },
    "silence_rate_30dB": {
        "dmean": 0,
        "dmean2": 0,
        "dvar": 0,
        "dvar2": 0,
        "max": 1,
        "mean": 1,
        "median": 1,
        "min": 1,
        "var": 0
    },
    "silence_rate_60dB": {
        "dmean": 0.00193498446606,
        "dmean2": 0.00387146719731,
        "dvar": 0.00193126080558,
        "dvar2": 0.00463072443381,
        "max": 1,
        "mean": 0.0112185683101,
        "median": 0,
        "min": 0,
        "var": 0.0110927363858
    },
    "spectral_centroid": {
        "dmean": 233.328659058,
        "dmean2": 358.922119141,
        "dvar": 78570.8515625,
        "dvar2": 154628.90625,
        "max": 11013.1572266,
        "mean": 1965.96948242,
        "median": 2006.69946289,
        "min": 670.20916748,
        "var": 213766.015625
    },
    "spectral_complexity": {
        "dmean": 3.4574303627,
        "dmean2": 5.31668615341,
        "dvar": 10.7729701996,
        "dvar2": 22.5949649811,
        "max": 48,
        "mean": 22.1288204193,
        "median": 22,
        "min": 0,
        "var": 48.3376083374
    },
    "spectral_decrease": {
        "dmean": 1.52617629645e-09,
        "dmean2": 2.31391483752e-09,
        "dvar": 5.43896853994e-18,
        "dvar2": 1.15379949486e-17,
        "max": 7.85358601617e-29,
        "mean": -4.23430002172e-09,
        "median": -2.61679455882e-09,
        "min": -2.52415937041e-08,
        "var": 1.27574510775e-17
    },
    "spectral_energy": {
        "dmean": 0.00617956276983,
        "dmean2": 0.00927235558629,
        "dvar": 8.7327316578e-05,
        "dvar2": 0.000181739480468,
        "max": 0.107801094651,
        "mean": 0.0177707727998,
        "median": 0.0110085867345,
        "min": 1.11187033e-20,
        "var": 0.00022088814876
    },
    "spectral_energyband_high": {
        "dmean": 0.000266670802375,
        "dmean2": 0.000371037749574,
        "dvar": 2.4147365707e-07,
        "dvar2": 4.9289923254e-07,
        "max": 0.00787658710033,
        "mean": 0.000709178042598,
        "median": 0.000411604181863,
        "min": 7.94317793104e-21,
        "var": 6.89920000241e-07
    },
    "spectral_energyband_low": {
        "dmean": 0.00237251608633,
        "dmean2": 0.00398274231702,
        "dvar": 2.76836071862e-05,
        "dvar2": 7.0931702794e-05,
        "max": 0.0523309223354,
        "mean": 0.00435026688501,
        "median": 0.00317889847793,
        "min": 5.43905647089e-23,
        "var": 2.39461569436e-05
    },
    "spectral_energyband_middle_high": {
        "dmean": 0.00200552330352,
        "dmean2": 0.00290063396096,
        "dvar": 1.68887436303e-05,
        "dvar2": 3.45493936038e-05,
        "max": 0.0980769470334,
        "mean": 0.00609560543671,
        "median": 0.00378663581796,
        "min": 1.6928305762e-21,
        "var": 5.98721453571e-05
    },
    "spectral_energyband_middle_low": {
        "dmean": 0.00386667624116,
        "dmean2": 0.00600893888623,
        "dvar": 4.11164801335e-05,
        "dvar2": 9.36978904065e-05,
        "max": 0.0783969312906,
        "mean": 0.00755999376997,
        "median": 0.0040490902029,
        "min": 2.55141396172e-22,
        "var": 7.51070765546e-05
    },
    "spectral_entropy": {
        "dmean": 0.104035168886,
        "dmean2": 0.152692139149,
        "dvar": 0.0108288954943,
        "dvar2": 0.0211648233235,
        "max": 9.79670619965,
        "mean": 7.77395820618,
        "median": 7.7473783493,
        "min": 7.14530134201,
        "var": 0.0455258712173
    },
    "spectral_flux": {
        "dmean": 0.0192433614284,
        "dmean2": 0.0297171268612,
        "dvar": 0.00059782306198,
        "dvar2": 0.00121220911387,
        "max": 0.24778804183,
        "mean": 0.0683221891522,
        "median": 0.0515092797577,
        "min": 1.05445263632e-10,
        "var": 0.00160051137209
    },
    "spectral_kurtosis": {
        "dmean": 1.27369892597,
        "dmean2": 2.19083809853,
        "dvar": 1.43014395237,
        "dvar2": 4.12179946899,
        "max": 14.6860027313,
        "mean": 3.94484448433,
        "median": 3.80824804306,
        "min": -1.19671499729,
        "var": 2.63278794289
    },
    "spectral_rms": {
        "dmean": 0.000632315699477,
        "dmean2": 0.000924734107684,
        "dvar": 6.8324465019e-07,
        "dvar2": 1.30096520934e-06,
        "max": 0.0102553302422,
        "mean": 0.00388071476482,
        "median": 0.00327720679343,
        "min": 3.29355661667e-12,
        "var": 2.27744317272e-06
    },
    "spectral_rolloff": {
        "dmean": 448.423034668,
        "dmean2": 751.370422363,
        "dvar": 484047.46875,
        "dvar2": 1177404.375,
        "max": 19099.9511719,
        "mean": 2392.36450195,
        "median": 2390.18554688,
        "min": 129.19921875,
        "var": 2137757.5
    },
    "spectral_skewness": {
        "dmean": 0.181888386607,
        "dmean2": 0.292569279671,
        "dvar": 0.0276456363499,
        "dvar2": 0.0685935840011,
        "max": 3.24261403084,
        "mean": 1.19747102261,
        "median": 1.20737564564,
        "min": -0.00161501381081,
        "var": 0.0912962183356
    },
    "spectral_spread": {
        "dmean": 472177.96875,
        "dmean2": 619174.875,
        "dvar": 628902068224,
        "dvar2": 841190539264,
        "max": 39634136,
        "mean": 3892266.75,
        "median": 3594717.25,
        "min": 1843610.875,
        "var": 1.97363879117e+12
    },
    "spectral_strongpeak": {
        "dmean": 0.554094910622,
        "dmean2": 0.92180866003,
        "dvar": 1.10611557961,
        "dvar2": 2.82942605019,
        "max": 11.5942926407,
        "mean": 0.900980353355,
        "median": 0.295742034912,
        "min": 0,
        "var": 2.06961011887
    },
    "zerocrossingrate": {
        "dmean": 0.00935840886086,
        "dmean2": 0.0113297132775,
        "dvar": 8.57300328789e-05,
        "dvar2": 0.000115432987513,
        "max": 0.50341796875,
        "mean": 0.0796771124005,
        "median": 0.07421875,
        "min": 0.01611328125,
        "var": 0.00129555386957
    },
    "barkbands": {
        "dmean": [2.10491762118e-05, 0.000858075916767, 0.00135641417, 0.00097660406027, 0.00111746275797, 0.000487532903207, 0.000575025216676, 0.00127912696917, 0.000543711939827, 0.000348514207872, 0.000409476633649, 0.000247009942541, 0.000468439975521, 0.000396363262553, 0.000408706458984, 0.000388706335798, 0.000335781020112, 0.000309610913973, 0.000169178223587, 9.89656837191e-05, 7.85540905781e-05, 8.87635469553e-05, 6.31067377981e-05, 2.15199415834e-05, 2.89857234748e-05, 1.84789150808e-05, 6.92448224981e-07],
        "dmean2": [3.33610005328e-05, 0.00139266822953, 0.00233162450604, 0.00166111905128, 0.00179472996388, 0.000799594330601, 0.000867116032168, 0.00194625917356, 0.000840793247335, 0.000545943563338, 0.000607221387327, 0.000398354808567, 0.00069612020161, 0.00062288029585, 0.00065505632665, 0.000631736009382, 0.000565263617318, 0.00047389883548, 0.000271987519227, 0.00015328983136, 0.000120855445857, 0.000135250273161, 9.55213326961e-05, 2.93590146612e-05, 4.07792176702e-05, 2.49563763646e-05, 1.11225608634e-06],
        "dvar": [2.6659221497e-09, 3.03166916638e-06, 1.16990031529e-05, 3.42040584655e-06, 4.35548145106e-06, 1.97213967112e-06, 2.34089839068e-06, 1.77765159606e-05, 2.70542659564e-06, 2.29608917834e-06, 1.86827162452e-06, 9.38482116908e-07, 6.15996714259e-06, 2.2451345103e-06, 1.16397666261e-06, 3.27270470279e-07, 1.8315199668e-07, 3.81731382504e-07, 8.77293047097e-08, 3.42802870534e-08, 1.53709400763e-08, 2.77503247048e-08, 2.40437234567e-08, 2.39908359845e-09, 5.33988364637e-09, 1.344456102e-09, 2.28067239573e-12],
        "dvar2": [6.59768373268e-09, 7.89815021562e-06, 3.12904739985e-05, 8.90936462383e-06, 1.04173404907e-05, 4.99170482726e-06, 5.0308453865e-06, 3.97246840294e-05, 6.11389714322e-06, 5.69992653254e-06, 3.70346651835e-06, 2.49898766924e-06, 1.35629870783e-05, 5.22709297002e-06, 2.84325687971e-06, 8.67288747486e-07, 5.13024986049e-07, 8.98922166925e-07, 1.91940941363e-07, 6.9489793475e-08, 3.34081953213e-08, 6.43809627832e-08, 5.84659396452e-08, 4.0947294444e-09, 1.11270876957e-08, 2.96655544574e-09, 5.59007744608e-12],
        "max": [0.000548176874872, 0.0205796174705, 0.037887506187, 0.0206246227026, 0.0237633753568, 0.0174636784941, 0.0282415859401, 0.0773458704352, 0.035837598145, 0.0543273799121, 0.0383768863976, 0.0243453141302, 0.0668678507209, 0.0418703556061, 0.0181970950216, 0.0133582586423, 0.00939384009689, 0.0121625475585, 0.00782631896436, 0.00568743189797, 0.00202697981149, 0.0033296123147, 0.00206419709139, 0.00185201107524, 0.00249467254616, 0.000886696157977, 2.75648653769e-05],
        "mean": [2.53460602835e-05, 0.00173064216506, 0.00174782937393, 0.00166310614441, 0.00173944735434, 0.000568401359487, 0.000784942414612, 0.00163538113702, 0.000942863232922, 0.000516461965162, 0.000622389838099, 0.00033714712481, 0.000675814575516, 0.000572116230614, 0.000691738794558, 0.000834226782899, 0.000734506291337, 0.000672021298669, 0.000408304069424, 0.00025762768928, 0.000198096298845, 0.00018641956558, 0.000108959087811, 4.27560516982e-05, 4.51994928881e-05, 2.82901764876e-05, 7.61847161357e-07],
        "median": [6.61251397105e-06, 0.00121805735398, 0.000847449002322, 0.00112851988524, 0.000905704626348, 0.000214321044041, 0.000135326074087, 7.5863856182e-05, 0.000440381758381, 0.000203102026717, 0.000217479479033, 9.36569267651e-05, 4.59192888229e-05, 9.59148965194e-05, 0.000304441869957, 0.000647342065349, 0.000616793695372, 0.00033511404763, 0.000276584352832, 0.000169069098774, 0.000138245974085, 9.22938561416e-05, 4.0481932956e-05, 1.70917664946e-05, 1.45026097016e-05, 3.86469582736e-06, 4.06371611916e-08],
        "min": [1.99191922407e-23, 2.37041531748e-23, 1.62795237081e-23, 5.7354053228e-24, 5.0488754542e-23, 5.16431199482e-23, 5.32259914426e-23, 1.85258209129e-23, 4.6798346476e-23, 6.2630658626e-23, 5.14833030397e-23, 4.58877832658e-23, 6.85102787664e-23, 1.99115939325e-22, 1.37784591408e-22, 1.61323695948e-22, 1.46170473131e-22, 2.75893032305e-22, 4.35776558541e-22, 3.21867290503e-22, 3.92819762725e-22, 4.74871091365e-22, 6.15116928797e-22, 9.86359869017e-22, 1.19869042757e-21, 1.73395474084e-21, 2.61671458003e-21],
        "var": [2.85633494634e-09, 3.41682221006e-06, 9.08931724553e-06, 3.41121813108e-06, 5.67438701182e-06, 2.2463618734e-06, 4.51855657957e-06, 3.04350996885e-05, 5.3678322729e-06, 2.99225644085e-06, 3.96349469156e-06, 1.12268639896e-06, 1.46769134517e-05, 3.9468632167e-06, 2.15395220948e-06, 5.31431510353e-07, 2.80077642856e-07, 1.0998048765e-06, 2.13293816387e-07, 1.10594164937e-07, 3.34348797537e-08, 7.04553713149e-08, 4.3766949176e-08, 8.20306400584e-09, 1.39456313164e-08, 2.72367017828e-09, 3.34122183046e-12]
    },
    "erbbands": {
        "dmean": [0.0210812371224, 0.223224177957, 1.12773799896, 2.76232910156, 3.44999194145, 3.5297100544, 5.73341655731, 2.71860003471, 2.86936688423, 24.227273941, 20.0021209717, 9.48221302032, 16.7848014832, 6.56658983231, 17.1748600006, 9.20568847656, 22.4376964569, 16.2627277374, 21.986322403, 21.9769592285, 21.2140331268, 18.1849746704, 17.8322753906, 8.50340175629, 8.00347137451, 4.50319862366, 2.82609724998, 3.83916735649, 3.30325102806, 1.8546038866, 1.9927880764, 0.698726952076, 0.342896997929, 0.247793093324, 0.249866500497, 0.108328051865, 0.0324875712395, 0.00340311182663, 0.000119376156363, 9.74674094323e-06],
        "dmean2": [0.0324612930417, 0.37294614315, 1.90280330181, 4.71425008774, 5.79409503937, 5.57487010956, 9.44178009033, 4.30402708054, 4.50765705109, 37.045337677, 30.299074173, 14.7100524902, 25.8553161621, 10.1799697876, 25.5802536011, 14.7945146561, 33.2219657898, 24.7391471863, 34.2540130615, 36.1640701294, 34.4755783081, 30.0963573456, 27.9061145782, 13.1475000381, 12.7652320862, 6.96529912949, 4.41366386414, 5.89931106567, 5.05373287201, 2.74697494507, 3.05700349808, 1.00172913074, 0.476675361395, 0.342173993587, 0.357358455658, 0.150979936123, 0.0447677187622, 0.00478760991246, 0.000182707823114, 1.37008155434e-05],
        "dvar": [0.00183583062608, 0.219948813319, 7.74162006378, 31.1803035736, 53.5982017517, 35.0127182007, 246.633514404, 52.0776786804, 38.8051261902, 3895.09375, 5970.68310547, 463.131591797, 3963.79614258, 306.103668213, 3485.93994141, 1302.44995117, 14646.5341797, 3021.32348633, 6086.46875, 2462.84204102, 739.420349121, 570.199523926, 1244.78210449, 201.402130127, 184.080566406, 96.8066101074, 10.6031904221, 50.2132835388, 43.212272644, 9.91795253754, 28.1640415192, 2.65209269524, 0.712105333805, 0.466928392649, 0.346695274115, 0.0575652457774, 0.00402897270396, 4.15653521486e-05, 7.15039405463e-08, 1.84998974473e-10],
        "dvar2": [0.00404344685376, 0.601653933525, 20.5070781708, 78.3881607056, 139.654418945, 81.3825149536, 651.023254395, 119.849617004, 87.585144043, 8624.06835938, 12708.6337891, 1069.70617676, 9361.84863281, 714.915161133, 7340.77880859, 3453.10717773, 32808.09375, 6507.50830078, 14839.0400391, 5934.89160156, 1868.80493164, 1561.83630371, 2922.48803711, 430.900299072, 395.064086914, 199.360977173, 23.2557544708, 110.66091156, 101.76007843, 20.6825237274, 70.380317688, 5.58120107651, 1.30685937405, 0.889493405819, 0.769248485565, 0.131707966328, 0.00880995579064, 8.92393072718e-05, 1.78933802886e-07, 3.57875784562e-10],
        "max": [0.509562253952, 5.01232051849, 28.0762634277, 51.4573860168, 68.1499710083, 75.3434295654, 186.763046265, 142.933563232, 157.838348389, 881.55267334, 1634.72033691, 458.182281494, 1844.17871094, 334.992248535, 1745.15966797, 1003.94714355, 3058.8112793, 1103.96289062, 2388.27368164, 1147.17321777, 541.419006348, 576.692871094, 714.23828125, 272.176605225, 292.87399292, 332.099975586, 47.3214530945, 114.935890198, 123.616256714, 85.140083313, 64.8629837036, 35.0569152832, 30.735660553, 27.2655715942, 15.2408733368, 6.59353017807, 1.05230629444, 0.0832920745015, 0.0039565586485, 0.000141381140565],
        "mean": [0.0421550385654, 0.430538833141, 1.70344483852, 4.20827770233, 5.06976270676, 6.02749347687, 7.01432752609, 3.86296653748, 4.17731571198, 32.6026916504, 26.5722522736, 17.7121658325, 26.9981784821, 12.1814079285, 25.8365535736, 14.3773164749, 33.8488845825, 24.4971694946, 34.955871582, 43.8472900391, 46.5842933655, 42.7712364197, 40.4947547913, 22.2416820526, 20.5788192749, 12.0276193619, 8.02774620056, 8.28883838654, 6.85769844055, 4.23853826523, 3.12972950935, 1.28594446182, 0.618581116199, 0.406255066395, 0.363611966372, 0.16204443574, 0.0485952012241, 0.00505589880049, 0.000161824587849, 2.76799528365e-05],
        "median": [0.0249663498253, 0.307701796293, 0.996248781681, 2.87249970436, 3.35219597816, 3.17734789848, 2.17475533485, 1.84104430676, 1.71360325813, 2.61014008522, 3.22027015686, 10.2125844955, 8.41210460663, 6.55022859573, 8.94620037079, 4.26453590393, 2.88106608391, 3.17675900459, 11.4480695724, 27.4326667786, 36.3189048767, 36.4943618774, 23.2268924713, 14.3496599197, 14.46833992, 7.70019197464, 6.44427108765, 4.6303486824, 3.28051304817, 1.97055804729, 1.16814661026, 0.488050758839, 0.247585743666, 0.141204148531, 0.106769561768, 0.0306804385036, 0.00476922374219, 0.000461708696093, 2.93842404062e-05, 1.818121018e-05],
        "min": [4.92991011788e-22, 6.61468709319e-21, 1.55357669917e-20, 2.52965127601e-20, 9.27002571677e-20, 1.81912914078e-19, 4.24198639139e-19, 2.85009448603e-19, 7.80931496939e-19, 4.93772852159e-19, 4.7932319593e-19, 8.49089680149e-19, 2.21491526325e-18, 1.20307195562e-18, 2.47033953742e-18, 2.44277002119e-18, 2.95929075379e-18, 7.49028919151e-18, 8.95093712487e-18, 7.70732318627e-18, 9.54397020297e-18, 8.19725647282e-18, 1.7909143513e-17, 1.26809277718e-17, 2.40691194843e-17, 1.54451379043e-17, 1.29877191348e-17, 2.03641394704e-17, 1.60307966672e-17, 1.63180632591e-17, 1.63701806007e-17, 1.53850994811e-17, 1.99982576331e-17, 1.31849504257e-17, 1.0099896786e-17, 6.47769190875e-18, 2.78347868447e-18, 1.40793119593e-18, 3.66984107132e-19, 3.79234328886e-20],
        "var": [0.00285340310074, 0.21340726316, 6.26451349258, 26.9008846283, 45.7358589172, 69.4376220703, 228.08656311, 84.4589691162, 59.6808738708, 6903.48632812, 9934.046875, 894.470581055, 6634.81835938, 599.022460938, 6411.58056641, 1713.7487793, 35367.6328125, 6015.53808594, 8799.08203125, 5408.31494141, 1553.40661621, 946.619812012, 3335.37719727, 701.680725098, 462.054870605, 276.513061523, 32.4235267639, 104.809150696, 94.7945404053, 42.8478775024, 42.321723938, 6.25972652435, 2.17933034897, 1.5957018137, 0.692955255508, 0.107765868306, 0.00771656725556, 8.2908954937e-05, 1.02055572881e-07, 4.9893777998e-10]
    },
    "gfcc": {
        "mean": [-5.06698942184, 85.5327911377, -136.944213867, 54.1465988159, -47.3971214294, 8.290558815, -34.1905822754, 15.7775201797, -21.2851886749, -5.98759174347, -31.1208648682, 0.557093322277, -7.87336587906],
        "cov": [[9447.27441406, 164.375030518, -327.088531494, -3.20753693581, -408.704345703, 190.215438843, -374.891387939, 87.0087203979, -144.542419434, 133.470748901, -147.336471558, 21.9590206146, -355.636047363], [164.375030518, 966.012573242, -559.0703125, 214.111358643, 39.7280693054, -118.722930908, 198.947372437, -75.3217010498, 106.949790955, -120.658691406, 107.871032715, -147.133773804, 167.287704468], [-327.088531494, -559.0703125, 740.398925781, -114.532447815, 57.9399261475, 21.1547317505, -117.546539307, 90.8297424316, -108.948272705, 90.4341888428, -146.178588867, 177.865844727, -87.8315200806], [-3.20753693581, 214.111358643, -114.532447815, 301.113769531, 25.2481708527, -29.8731231689, 16.4379329681, -19.3707771301, 44.0739059448, -107.289749146, 2.5863904953, -43.2582130432, 115.789283752], [-408.704345703, 39.7280693054, 57.9399261475, 25.2481708527, 197.890701294, -31.5838088989, 49.7716789246, 25.4275379181, -18.7420139313, -1.26407670975, -53.9702072144, 42.7702140808, 28.2874565125], [190.215438843, -118.722930908, 21.1547317505, -29.8731231689, -31.5838088989, 117.125038147, 0.104467198253, 9.47855377197, -15.2241849899, 12.7168684006, 22.0056991577, 1.35027956963, -24.9915561676], [-374.891387939, 198.947372437, -117.546539307, 16.4379329681, 49.7716789246, 0.104467198253, 154.748245239, 14.2933254242, 22.0151290894, -40.5533294678, 17.5960922241, -9.49706077576, 49.1371574402], [87.0087203979, -75.3217010498, 90.8297424316, -19.3707771301, 25.4275379181, 9.47855377197, 14.2933254242, 90.0907592773, 6.24454545975, 17.7420330048, -39.9858093262, 26.5610580444, -13.2067079544], [-144.542419434, 106.949790955, -108.948272705, 44.0739059448, -18.7420139313, -15.2241849899, 22.0151290894, 6.24454545975, 105.225875854, 12.7506227493, 46.2101364136, -53.1156387329, 16.8882293701], [133.470748901, -120.658691406, 90.4341888428, -107.289749146, -1.26407670975, 12.7168684006, -40.5533294678, 17.7420330048, 12.7506227493, 114.174720764, 11.0753650665, 22.2110462189, -75.1959915161], [-147.336471558, 107.871032715, -146.178588867, 2.5863904953, -53.9702072144, 22.0056991577, 17.5960922241, -39.9858093262, 46.2101364136, 11.0753650665, 119.275192261, -41.4523048401, 17.3229026794], [21.9590206146, -147.133773804, 177.865844727, -43.2582130432, 42.7702140808, 1.35027956963, -9.49706077576, 26.5610580444, -53.1156387329, 22.2110462189, -41.4523048401, 111.354576111, -2.23690366745], [-355.636047363, 167.287704468, -87.8315200806, 115.789283752, 28.2874565125, -24.9915561676, 49.1371574402, -13.2067079544, 16.8882293701, -75.1959915161, 17.3229026794, -2.23690366745, 128.788757324]],
        "icov": [[0.000367970817024, -0.000892321520951, 0.000687805470079, -0.000453724525869, 0.000871719152201, -0.00124714663252, 0.00154501316138, -0.000920120801311, 0.000401330791647, -0.000370585417841, 0.00126800010912, -0.00172812992241, 0.00146529835183], [-0.000892321520951, 0.00576483504847, -0.000375139090465, -0.000342177110724, -0.00210190820508, 0.00623001577333, -0.0072442269884, 0.00276538846083, 0.000575222016778, -0.000996388029307, -0.00395129388198, 0.00661160517484, -0.00519315479323], [0.000687805470079, -0.000375139090465, 0.00508526246995, -0.00154321570881, 0.00168549304362, -0.00178739533294, 0.00330833392218, -0.00284513318911, 0.00176284706686, -0.00257866294123, 0.00418510613963, -0.00605367543176, 0.00256619858555], [-0.000453724525869, -0.000342177110724, -0.00154321570881, 0.00867575034499, -0.00273953238502, -0.000445943238446, 0.00240437383763, 0.00143279810436, -0.00550506589934, 0.00726575218141, -0.00049121316988, 0.00203811563551, -0.00485056359321], [0.000871719152201, -0.00210190820508, 0.00168549304362, -0.00273953238502, 0.0101562226191, -0.00160484714434, -0.000122922327137, -0.00191315787379, 0.00286516291089, -0.00572882313281, 0.00684213219211, -0.00505813816562, 0.00132966588717], [-0.00124714663252, 0.00623001577333, -0.00178739533294, -0.000445943238446, -0.00160484714434, 0.0180347729474, -0.0096251918003, 0.000468050304335, 0.00410967506468, -0.000491178943776, -0.00964473932981, 0.00900916662067, -0.00415371451527], [0.00154501316138, -0.0072442269884, 0.00330833392218, 0.00240437383763, -0.000122922327137, -0.0096251918003, 0.0214355178177, -0.00767207052559, -0.00286113284528, 0.00632875505835, 0.00410182727501, -0.011378692463, 0.00628580525517], [-0.000920120801311, 0.00276538846083, -0.00284513318911, 0.00143279810436, -0.00191315787379, 0.000468050304335, -0.00767207052559, 0.0205549802631, -0.00748654734343, -0.00102178601082, 0.00426849164069, 0.00225047231652, -0.00396528327838], [0.000401330791647, 0.000575222016778, 0.00176284706686, -0.00550506589934, 0.00286516291089, 0.00410967506468, -0.00286113284528, -0.00748654734343, 0.0235788747668, -0.0122184855863, -0.0040637566708, 0.00823850370944, -0.0025314798113], [-0.000370585417841, -0.000996388029307, -0.00257866294123, 0.00726575218141, -0.00572882313281, -0.000491178943776, 0.00632875505835, -0.00102178601082, -0.0122184855863, 0.0296875666827, -0.00827047135681, -0.00592833943665, 0.0105688953772], [0.00126800010912, -0.00395129388198, 0.00418510613963, -0.00049121316988, 0.00684213219211, -0.00964473932981, 0.00410182727501, 0.00426849164069, -0.0040637566708, -0.00827047135681, 0.0244052931666, -0.00673508178443, -0.000267608673312], [-0.00172812992241, 0.00661160517484, -0.00605367543176, 0.00203811563551, -0.00505813816562, 0.00900916662067, -0.011378692463, 0.00225047231652, 0.00823850370944, -0.00592833943665, -0.00673508178443, 0.0311486460268, -0.0149843944237], [0.00146529835183, -0.00519315479323, 0.00256619858555, -0.00485056359321, 0.00132966588717, -0.00415371451527, 0.00628580525517, -0.00396528327838, -0.0025314798113, 0.0105688953772, -0.000267608673312, -0.0149843944237, 0.0270431414247]]
    },
    "melbands": {
        "dmean": [0.000215240972466, 0.000486233184347, 0.000474215950817, 0.000234473642195, 0.000192711580894, 6.72606329317e-05, 5.81669955864e-05, 0.000295278092381, 0.000135013760882, 6.72211244819e-05, 8.49415228004e-05, 2.62954836217e-05, 6.50641741231e-05, 2.47081698035e-05, 4.07975785492e-05, 4.92472245242e-05, 3.08585367748e-05, 4.11743312725e-05, 2.67623818218e-05, 2.62254834524e-05, 2.75264101219e-05, 1.94701224245e-05, 2.2215743229e-05, 1.44947098306e-05, 6.95236212778e-06, 7.68284917285e-06, 4.8835781854e-06, 2.8938561627e-06, 1.91783487935e-06, 2.20275160245e-06, 2.47283219323e-06, 2.24630935008e-06, 1.43689931065e-06, 9.27692155983e-07, 1.12730288038e-06, 9.85471615422e-07, 3.19001088656e-07, 2.41999600803e-07, 2.36813207266e-07, 2.04164564366e-07],
        "dmean2": [0.00034400090226, 0.000824744696729, 0.000795572705101, 0.000388644664781, 0.000310948147671, 0.000107343912532, 8.93086325959e-05, 0.000449360813946, 0.000203957766644, 0.000105164261186, 0.000131285269163, 4.19406896981e-05, 9.61616897257e-05, 4.06136823585e-05, 6.29481146461e-05, 7.18731316738e-05, 4.77192552353e-05, 6.4600710175e-05, 4.35027723142e-05, 4.26409314969e-05, 4.53664324596e-05, 3.27669222315e-05, 3.66429449059e-05, 2.21564878302e-05, 1.11077724796e-05, 1.25798496811e-05, 7.71068334871e-06, 4.54905057268e-06, 3.08755397782e-06, 3.53874088432e-06, 3.80182564186e-06, 3.48917501469e-06, 2.25010580834e-06, 1.36423147978e-06, 1.73827640992e-06, 1.54229974214e-06, 4.52418561281e-07, 3.48886430857e-07, 3.3251612308e-07, 2.91459258506e-07],
        "dvar": [1.91124783555e-07, 1.40564077356e-06, 8.6988319481e-07, 2.22664198191e-07, 2.11832031027e-07, 3.31717977531e-08, 1.69113505422e-08, 5.88931698076e-07, 2.82958893649e-07, 3.13367003457e-08, 1.01159663757e-07, 5.84939918724e-09, 4.63513849525e-08, 1.48916479148e-08, 2.86763821578e-08, 7.55610827241e-08, 1.28348807138e-08, 2.50801477364e-08, 5.03928632156e-09, 2.50115705924e-09, 1.09120801284e-09, 8.11825495717e-10, 1.17862652971e-09, 9.79478387286e-10, 1.4232687251e-10, 1.8871781915e-10, 6.19417087067e-11, 4.04776837049e-11, 4.88821570027e-12, 1.31391807157e-11, 2.23052045584e-11, 2.11893991936e-11, 5.95336844059e-12, 2.6384727736e-12, 6.99902939424e-12, 1.00917859139e-11, 4.95739408725e-13, 3.24945853645e-13, 5.14284578465e-13, 2.95361608435e-13],
        "dvar2": [4.75658396226e-07, 3.76336265617e-06, 2.14696751755e-06, 5.57787757316e-07, 5.51504399482e-07, 7.83348070854e-08, 3.74487783006e-08, 1.32892205329e-06, 5.95939695813e-07, 7.47302166815e-08, 2.40517692873e-07, 1.4445070029e-08, 9.20045906128e-08, 4.05117077662e-08, 7.18816650647e-08, 1.56044421828e-07, 2.82833738652e-08, 6.05974861401e-08, 1.18772103264e-08, 6.37310781926e-09, 2.81030199112e-09, 2.30387375844e-09, 3.09953263056e-09, 2.02974415053e-09, 3.275498206e-10, 4.13749534633e-10, 1.29976598928e-10, 8.42230729603e-11, 1.18040872216e-11, 3.11743339476e-11, 5.04975991578e-11, 5.09552330885e-11, 1.40339606255e-11, 5.45743008076e-12, 1.6884237064e-11, 2.60068598601e-11, 8.6533633991e-13, 6.52350189926e-13, 1.00096602014e-12, 5.64508238331e-13],
        "max": [0.00521185342222, 0.0111366584897, 0.00890177767724, 0.00574165442958, 0.00595332263038, 0.0031883243937, 0.00209539220668, 0.0118171237409, 0.0107798632234, 0.00413380935788, 0.00954505428672, 0.00175505119842, 0.00606702361256, 0.0034276007209, 0.00523448176682, 0.00896477419883, 0.00263505917974, 0.00520097417757, 0.00149708520621, 0.00107778725214, 0.000444219360361, 0.000769935373683, 0.000553338322788, 0.000862882763613, 0.000231501660892, 0.000342223531334, 0.000213891878957, 0.000205447126064, 4.09867643612e-05, 6.75256669638e-05, 9.48702727328e-05, 7.9121447925e-05, 6.21317958576e-05, 4.94443702337e-05, 4.39667819592e-05, 5.64455585845e-05, 2.42044443439e-05, 1.77851143235e-05, 2.91047890641e-05, 2.17097476707e-05],
        "mean": [0.000434882036643, 0.000796837150119, 0.00077962083742, 0.00037759708357, 0.000266754708719, 8.93722462934e-05, 8.22802685434e-05, 0.000392909802031, 0.000183580006706, 0.00012002272706, 0.0001345960045, 4.44674224127e-05, 9.89239415503e-05, 3.26545268763e-05, 5.88060647715e-05, 6.96748611517e-05, 4.28324674431e-05, 5.94150151301e-05, 4.96558495797e-05, 5.4914438806e-05, 5.43365458725e-05, 4.08513296861e-05, 4.50380721304e-05, 3.04088898702e-05, 1.60475374287e-05, 1.69642880792e-05, 1.19234009617e-05, 6.86986822984e-06, 4.8104502639e-06, 4.84676047563e-06, 4.81389724882e-06, 4.19961497755e-06, 2.98479130834e-06, 2.02872365662e-06, 1.84046507457e-06, 1.31259264435e-06, 6.21559479441e-07, 4.25851339969e-07, 3.74838748485e-07, 3.25323128436e-07],
        "median": [0.00029929613811, 0.000564348185435, 0.000543842790648, 0.000236752181081, 9.78253374342e-05, 3.92030378862e-05, 2.49938111665e-05, 2.60177948803e-05, 3.37435012625e-05, 6.11914583715e-05, 4.07466832257e-05, 2.46689796768e-05, 3.45471999026e-05, 9.32446801016e-06, 9.98891482595e-06, 3.37512369697e-06, 5.58638976145e-06, 1.62074429682e-05, 2.48992873821e-05, 3.97848780267e-05, 4.10653992731e-05, 3.44994405168e-05, 2.96795624308e-05, 1.51744416144e-05, 1.02847625385e-05, 1.14663407658e-05, 8.0740892372e-06, 4.08790083384e-06, 3.88550324715e-06, 3.38896848007e-06, 2.36640585172e-06, 1.88678200175e-06, 1.43922613915e-06, 8.51924369272e-07, 7.12590974672e-07, 3.75435803335e-07, 2.34445977298e-07, 1.70696210944e-07, 1.22147525872e-07, 1.12465784241e-07],
        "min": [7.89932888305e-24, 8.73571392465e-24, 5.20558858948e-24, 1.13091194036e-23, 1.20795107084e-23, 8.09741106749e-24, 1.15902946737e-23, 5.30271156641e-24, 4.48197318644e-24, 5.52136684883e-24, 1.13406012646e-23, 4.75146779319e-24, 7.2468265296e-24, 6.04142379503e-24, 6.03166479677e-24, 8.0393059398e-24, 1.47735945509e-23, 1.56846705207e-23, 1.10285144798e-23, 8.86907401612e-24, 1.19938948455e-23, 7.11765450068e-24, 1.41761365449e-23, 1.3671756237e-23, 8.34118565328e-24, 2.23263302955e-23, 9.79929090695e-24, 1.09558809009e-23, 7.82123796432e-24, 9.44357853642e-24, 1.29496755628e-23, 1.00568468928e-23, 7.70755679699e-24, 9.8244721359e-24, 9.18663391782e-24, 9.91135412056e-24, 8.92334685754e-24, 1.51266113837e-23, 1.03902526435e-23, 1.12851869414e-23],
        "var": [2.36516058294e-07, 1.09930817871e-06, 8.04450053238e-07, 2.36659687403e-07, 2.30131163903e-07, 4.96743055578e-08, 3.11834895683e-08, 1.02672697722e-06, 4.60903066823e-07, 6.34218011442e-08, 1.68244639553e-07, 9.20720300002e-09, 9.73649321168e-08, 1.57128141609e-08, 5.31583381758e-08, 1.73235363832e-07, 2.38590409651e-08, 3.52761375666e-08, 1.04531174827e-08, 4.31802371637e-09, 2.30366237197e-09, 1.01935404562e-09, 2.46765230472e-09, 3.07212189021e-09, 3.90436794007e-10, 4.03151872996e-10, 1.81228837492e-10, 1.15922750565e-10, 1.32241969111e-11, 2.07957904369e-11, 4.86490604745e-11, 3.86390745788e-11, 1.9497639614e-11, 1.17085967657e-11, 1.41921066912e-11, 1.06341567496e-11, 1.68814170542e-12, 8.48748426142e-13, 1.65673291058e-12, 9.97942180281e-13]
    },
    "mfcc": {
        "mean": [-635.651672363, 106.155769348, -23.046962738, 45.4844818115, 5.7264380455, 4.41702079773, -6.19504594803, 15.6157550812, 12.9150705338, 0.643047451973, -7.28022003174, -6.86704111099, -2.51653456688],
        "cov": [[4094.9206543, 3.11135387421, 93.5620040894, -268.543487549, -26.8555259705, 71.779335022, -108.694442749, -47.7735939026, -237.551040649, 66.0885162354, 189.806549072, 46.788974762, -71.8866958618], [3.11135387421, 609.621643066, -265.329803467, 169.287857056, -76.450088501, 2.86306428909, 49.5185623169, 8.71458435059, 77.9302597046, -10.1610088348, -15.7704772949, 32.4013748169, 21.4748382568], [93.5620040894, -265.329803467, 418.820526123, -67.7987594604, 67.6951904297, -25.6539154053, -34.6160430908, -1.62453067303, -21.2657318115, -28.5886955261, -9.56355476379, -20.3904266357, 10.5438089371], [-268.543487549, 169.287857056, -67.7987594604, 297.132324219, 47.218536377, -5.50067329407, -8.63866233826, 53.4311981201, 98.3242874146, -11.478310585, -97.8776779175, -48.3971748352, 12.2142429352], [-26.8555259705, -76.450088501, 67.6951904297, 47.218536377, 126.720947266, 1.17901957035, -11.7914505005, -4.03056049347, 19.1615009308, -0.345653861761, -22.4310054779, -24.8772678375, 0.352273136377], [71.779335022, 2.86306428909, -25.6539154053, -5.50067329407, 1.17901957035, 70.8736724854, 19.9104366302, 2.9053440094, -16.1850242615, -0.894345700741, 9.15368461609, 7.11905908585, -5.16268444061], [-108.694442749, 49.5185623169, -34.6160430908, -8.63866233826, -11.7914505005, 19.9104366302, 89.5306243896, 37.6622886658, 21.0684013367, -25.9958972931, -14.7273607254, 3.57480120659, 10.5215187073], [-47.7735939026, 8.71458435059, -1.62453067303, 53.4311981201, -4.03056049347, 2.9053440094, 37.6622886658, 91.0471878052, 56.5321273804, -9.52292442322, -41.7839012146, -17.6193084717, 13.2968702316], [-237.551040649, 77.9302597046, -21.2657318115, 98.3242874146, 19.1615009308, -16.1850242615, 21.0684013367, 56.5321273804, 116.731689453, 0.724332749844, -47.8750686646, -24.0195426941, 15.8729515076], [66.0885162354, -10.1610088348, -28.5886955261, -11.478310585, -0.345653861761, -0.894345700741, -25.9958972931, -9.52292442322, 0.724332749844, 81.4895858765, 41.1591339111, 11.3425855637, -15.6168003082], [189.806549072, -15.7704772949, -9.56355476379, -97.8776779175, -22.4310054779, 9.15368461609, -14.7273607254, -41.7839012146, -47.8750686646, 41.1591339111, 122.722206116, 49.2250022888, -8.62688350677], [46.788974762, 32.4013748169, -20.3904266357, -48.3971748352, -24.8772678375, 7.11905908585, 3.57480120659, -17.6193084717, -24.0195426941, 11.3425855637, 49.2250022888, 66.9869766235, 16.1276893616], [-71.8866958618, 21.4748382568, 10.5438089371, 12.2142429352, 0.352273136377, -5.16268444061, 10.5215187073, 13.2968702316, 15.8729515076, -15.6168003082, -8.62688350677, 16.1276893616, 50.287902832]],
