{
"lowlevel": {
    "average_loudness": 0.977034211159,
    "barkbands_crest": {
        "dmean": 2.63387775421,
        "dmean2": 4.45265293121,
        "dvar": 7.1515545845,
        "dvar2": 19.3350086212,
        "max": 26.8759975433,
        "mean": 7.08940076828,
        "median": 6.29890203476,
        "min": 2.27679991722,
        "var": 9.94150066376
    },
    "barkbands_flatness_db": {
        "dmean": 0.0165946204215,
        "dmean2": 0.026649126783,
        "dvar": 0.000270127406111,
        "dvar2": 0.000652729999274,
        "max": 0.549210250378,
        "mean": 0.0687286779284,
        "median": 0.0631038695574,
        "min": 0.0113365566358,
        "var": 0.00102817744482
    },
    "barkbands_kurtosis": {
        "dmean": 4.62064170837,
        "dmean2": 7.65581274033,
        "dvar": 10682.9794922,
        "dvar2": 27395.9433594,
        "max": 4411.98583984,
        "mean": 2.44264054298,
        "median": -0.423630237579,
        "min": -1.81246459484,
        "var": 8029.19384766
    },
    "barkbands_skewness": {
        "dmean": 0.500593960285,
        "dmean2": 0.77338629961,
        "dvar": 1.64009928703,
        "dvar2": 3.20761537552,
        "max": 64.1340637207,
        "mean": 0.951708674431,
        "median": 0.870499432087,
        "min": -1.96912312508,
        "var": 2.4605486393
    },
    "barkbands_spread": {
        "dmean": 7.70370769501,
        "dmean2": 12.0340862274,
        "dvar": 55.5687713623,
        "dvar2": 135.723205566,
        "max": 83.4624710083,
        "mean": 40.5854492188,
        "median": 39.0158805847,
        "min": 0.118616588414,
        "var": 185.463562012
    },
    "dissonance": {
        "dmean": 0.00987984146923,
        "dmean2": 0.0168350152671,
        "dvar": 7.76287124609e-05,
        "dvar2": 0.000215601263335,
        "max": 0.500000119209,
        "mean": 0.483637571335,
        "median": 0.485833883286,
        "min": 0.414553076029,
        "var": 0.000122432829812
    },
    "dynamic_complexity": 1.92484629154,
    "erbbands_crest": {
        "dmean": 1.80168449879,
        "dmean2": 3.01276063919,
        "dvar": 3.29716491699,
        "dvar2": 8.22939014435,
        "max": 23.9559650421,
        "mean": 5.86739444733,
        "median": 5.27806329727,
        "min": 2.13192439079,
        "var": 5.80049419403
    },
    "erbbands_flatness_db": {
        "dmean": 0.014323678799,
        "dmean2": 0.020550372079,
        "dvar": 0.000181686598808,
        "dvar2": 0.000357330281986,
        "max": 0.253639489412,
        "mean": 0.117236100137,
        "median": 0.111864872277,
        "min": 0.0250262971967,
        "var": 0.00121362006757
    },
    "erbbands_kurtosis": {
        "dmean": 0.488003015518,
        "dmean2": 0.802256762981,
        "dvar": 0.287061005831,
        "dvar2": 0.741195857525,
        "max": 5.74825286865,
        "mean": -0.492428004742,
        "median": -0.634795188904,
        "min": -1.60036122799,
        "var": 0.466906428337
    },
    "erbbands_skewness": {
        "dmean": 0.330001980066,
        "dmean2": 0.523050546646,
        "dvar": 0.108648978174,
        "dvar2": 0.263756394386,
        "max": 2.34550380707,
        "mean": -0.232972234488,
        "median": -0.267462551594,
        "min": -1.89335012436,
        "var": 0.277579843998
    },
    "erbbands_spread": {
        "dmean": 8.83711624146,
        "dmean2": 13.8053407669,
        "dvar": 72.4558486938,
        "dvar2": 180.207092285,
        "max": 151.476028442,
        "mean": 50.6188011169,
        "median": 48.7973747253,
        "min": 15.3898229599,
        "var": 202.757125854
    },
    "hfc": {
        "dmean": 9.16116046906,
        "dmean2": 12.7498083115,
        "dvar": 145.78604126,
        "dvar2": 284.224822998,
        "max": 167.306289673,
        "mean": 28.0136966705,
        "median": 22.651517868,
        "min": 1.04777975575e-16,
        "var": 421.644622803
    },
    "melbands_crest": {
        "dmean": 3.39738225937,
        "dmean2": 5.69579076767,
        "dvar": 9.85640907288,
        "dvar2": 24.6774864197,
        "max": 39.8359375,
        "mean": 11.0538005829,
        "median": 10.2500190735,
        "min": 1.9166302681,
        "var": 16.5760860443
    },
    "melbands_flatness_db": {
        "dmean": 0.0232218392193,
        "dmean2": 0.0366357304156,
        "dvar": 0.000510157376993,
        "dvar2": 0.00130318733864,
        "max": 0.539196968079,
        "mean": 0.12183586508,
        "median": 0.117536067963,
        "min": 0.00477150036022,
        "var": 0.00150121853221
    },
    "melbands_kurtosis": {
        "dmean": 9.09936714172,
        "dmean2": 15.6273488998,
        "dvar": 21924.6953125,
        "dvar2": 60565.5859375,
        "max": 5957.68457031,
        "mean": 9.61670303345,
        "median": 5.08405399323,
        "min": -1.46809828281,
        "var": 14113.0507812
    },
    "melbands_skewness": {
        "dmean": 0.703078329563,
        "dmean2": 1.1145914793,
        "dvar": 2.39599895477,
        "dvar2": 5.61675643921,
        "max": 70.2144927979,
        "mean": 2.35792994499,
        "median": 2.22231268883,
        "min": -0.224522635341,
        "var": 2.98586821556
    },
    "melbands_spread": {
        "dmean": 11.8160133362,
        "dmean2": 18.3830833435,
        "dvar": 143.248413086,
        "dvar2": 340.777770996,
        "max": 170.684249878,
        "mean": 41.0779571533,
        "median": 37.131362915,
        "min": 0.130029350519,
        "var": 423.175933838
    },
    "pitch_salience": {
        "dmean": 0.0676759406924,
        "dmean2": 0.112246721983,
        "dvar": 0.00394212314859,
        "dvar2": 0.0106151048094,
        "max": 0.918555676937,
        "mean": 0.674948811531,
        "median": 0.688955545425,
        "min": 0.0182577334344,
        "var": 0.00661410856992
    },
    "silence_rate_20dB": {
        "dmean": 0,
        "dmean2": 0,
        "dvar": 0,
        "dvar2": 0,
        "max": 1,
        "mean": 1,
        "median": 1,
        "min": 1,
        "var": 0
    },
    "silence_rate_30dB": {
        "dmean": 0.00154798757285,
        "dmean2": 0.00309717375785,
        "dvar": 0.00154558022041,
        "dvar2": 0.00463611679152,
        "max": 1,
        "mean": 0.999226331711,
        "median": 1,
        "min": 0,
        "var": 0.000773093430325
    },
    "silence_rate_60dB": {
        "dmean": 0.000386996893212,
        "dmean2": 0.000774293439463,
        "dvar": 0.000386875966797,
        "dvar2": 0.000773690524511,
        "max": 1,
        "mean": 0.00735009647906,
        "median": 0,
        "min": 0,
        "var": 0.00729545811191
    },
    "spectral_centroid": {
        "dmean": 337.665008545,
        "dmean2": 523.13482666,
        "dvar": 116222.289062,
        "dvar2": 245350.40625,
        "max": 11653.1445312,
        "mean": 2053.51635742,
        "median": 1930.98986816,
        "min": 508.616851807,
        "var": 674763.5
    },
    "spectral_complexity": {
        "dmean": 4.66060352325,
        "dmean2": 7.01664733887,
        "dvar": 16.5391750336,
        "dvar2": 33.928237915,
        "max": 58,
        "mean": 28.4731140137,
        "median": 27,
        "min": 0,
        "var": 78.7901687622
    },
    "spectral_decrease": {
        "dmean": 2.40273556606e-09,
        "dmean2": 3.89770393738e-09,
        "dvar": 1.48736586714e-17,
        "dvar2": 3.69404766409e-17,
        "max": 6.70774309456e-22,
        "mean": -4.82612705355e-09,
        "median": -3.50133255722e-09,
        "min": -3.61409284722e-08,
        "var": 1.59924138324e-17
    },
    "spectral_energy": {
        "dmean": 0.00968107022345,
        "dmean2": 0.0154814682901,
        "dvar": 0.000233534665313,
        "dvar2": 0.000573666708078,
        "max": 0.144354149699,
        "mean": 0.020755847916,
        "median": 0.0154221793637,
        "min": 9.97782736483e-21,
        "var": 0.00026765599614
    },
    "spectral_energyband_high": {
        "dmean": 0.000936047930736,
        "dmean2": 0.00132692861371,
        "dvar": 1.69314500909e-06,
        "dvar2": 3.46197407453e-06,
        "max": 0.0203477814794,
        "mean": 0.00231946236454,
        "median": 0.00165827025194,
        "min": 7.0770818634e-21,
        "var": 5.13923896506e-06
    },
    "spectral_energyband_low": {
        "dmean": 0.003392662853,
        "dmean2": 0.00582829490304,
        "dvar": 5.27712109033e-05,
        "dvar2": 0.000143104392919,
        "max": 0.0726835429668,
        "mean": 0.00423636566848,
        "median": 0.00238140672445,
        "min": 3.32440816045e-23,
        "var": 4.25977959821e-05
    },
    "spectral_energyband_middle_high": {
        "dmean": 0.00142476474866,
        "dmean2": 0.00211435952224,
        "dvar": 5.27223573954e-06,
        "dvar2": 1.01790374174e-05,
        "max": 0.0433278940618,
        "mean": 0.00448027346283,
        "median": 0.00308951246552,
        "min": 1.48166808714e-21,
        "var": 1.79095841304e-05
    },
    "spectral_energyband_middle_low": {
        "dmean": 0.00616856105626,
        "dmean2": 0.0100467801094,
        "dvar": 0.000161836782354,
        "dvar2": 0.000407319370424,
        "max": 0.120419234037,
        "mean": 0.0102668274194,
        "median": 0.00679255230352,
        "min": 2.11166288212e-22,
        "var": 0.000148622566485
    },
    "spectral_entropy": {
        "dmean": 0.103362962604,
        "dmean2": 0.151207879186,
        "dvar": 0.0101803252473,
        "dvar2": 0.0204861685634,
        "max": 9.80772590637,
        "mean": 8.04686832428,
        "median": 8.06477832794,
        "min": 6.88588953018,
        "var": 0.0612803660333
    },
    "spectral_flux": {
        "dmean": 0.0254901666194,
        "dmean2": 0.0390038974583,
        "dvar": 0.00108779640868,
        "dvar2": 0.00203434098512,
        "max": 0.304859757423,
        "mean": 0.0873963609338,
        "median": 0.073453322053,
        "min": 6.49610851222e-11,
        "var": 0.00196148338728
    },
    "spectral_kurtosis": {
        "dmean": 0.791174948215,
        "dmean2": 1.29683458805,
        "dvar": 0.869433820248,
        "dvar2": 2.48305153847,
        "max": 12.2173776627,
        "mean": 2.56533288956,
        "median": 2.43089580536,
        "min": -1.24421620369,
        "var": 1.58261728287
    },
    "spectral_rms": {
        "dmean": 0.00089391390793,
        "dmean2": 0.00137659476604,
        "dvar": 1.33524724788e-06,
        "dvar2": 3.11533858621e-06,
        "max": 0.0118673210964,
        "mean": 0.00424676062539,
        "median": 0.00387892103754,
        "min": 3.12001054333e-12,
        "var": 2.21461095862e-06
    },
    "spectral_rolloff": {
        "dmean": 943.410339355,
        "dmean2": 1532.99389648,
        "dvar": 1233714.625,
        "dvar2": 2752267.5,
        "max": 19444.4824219,
        "mean": 3106.29370117,
        "median": 2562.45117188,
        "min": 21.533203125,
        "var": 3917036.5
    },
    "spectral_skewness": {
        "dmean": 0.154566884041,
        "dmean2": 0.247657671571,
        "dvar": 0.0214693825692,
        "dvar2": 0.0558025725186,
        "max": 3.20444965363,
        "mean": 1.15148949623,
        "median": 1.15505743027,
        "min": -0.11620029062,
        "var": 0.0724068209529
    },
    "spectral_spread": {
        "dmean": 594383.9375,
        "dmean2": 830065.625,
        "dvar": 702321786880,
        "dvar2": 1.29221119181e+12,
        "max": 41981544,
        "mean": 5478632,
        "median": 5389230,
        "min": 2054919,
        "var": 7.48644519117e+12
    },
    "spectral_strongpeak": {
        "dmean": 0.376864373684,
        "dmean2": 0.639712393284,
        "dvar": 0.368789494038,
        "dvar2": 0.980129241943,
        "max": 8.45351600647,
        "mean": 0.50032043457,
        "median": 0.295692324638,
        "min": 0,
        "var": 0.419779360294
    },
    "zerocrossingrate": {
        "dmean": 0.0140197565779,
        "dmean2": 0.0171147957444,
        "dvar": 0.000218664295971,
        "dvar2": 0.00032831839053,
        "max": 0.5126953125,
        "mean": 0.110222928226,
        "median": 0.10498046875,
        "min": 0,
        "var": 0.00225095055066
    },
    "barkbands": {
        "dmean": [0.000618165766355, 0.00221988675185, 0.000952585076448, 0.000910496921279, 0.00322869676165, 0.000975608243607, 0.00110468605999, 0.000716581649613, 0.000927274348214, 0.000535498256795, 0.000296936603263, 0.000233565137023, 0.00020962630515, 0.000189330414287, 0.000178585774847, 0.000237394458964, 0.000206768207136, 0.000132884102641, 0.000265946378931, 0.000344192842022, 0.000286081107333, 0.000226366071729, 0.00015675665054, 0.000122265671962, 0.000104599334009, 6.05551576882e-05, 2.25318435696e-05],
        "dmean2": [0.000947826192714, 0.00399145903066, 0.00168081198353, 0.00155776424799, 0.00531108537689, 0.00162833405193, 0.00190247094724, 0.00122605462093, 0.0015886076726, 0.000834549660794, 0.00046865810873, 0.000384476792533, 0.000346425920725, 0.000316787831252, 0.000299094041111, 0.000399342912715, 0.00034949395922, 0.000214705825783, 0.000415723276092, 0.00053994753398, 0.000446762715001, 0.000332581752446, 0.000225430470891, 0.000174598462763, 0.00015161029296, 8.67227645358e-05, 3.79737939511e-05],
        "dvar": [1.12909901873e-06, 3.34231481247e-05, 4.37515063823e-06, 1.94202493731e-06, 5.12991209689e-05, 2.37966150962e-06, 7.60815282774e-06, 3.30959073835e-06, 4.31750595453e-06, 1.63052743574e-06, 7.59394083616e-07, 4.81035385747e-07, 2.0480923979e-07, 7.58429052894e-08, 6.23903275709e-08, 8.88947511157e-08, 4.06150668653e-08, 5.54596297775e-08, 3.58623736929e-07, 3.12235954425e-07, 2.23347754513e-07, 1.41567298328e-07, 5.8754828558e-08, 3.1969747738e-08, 2.86577446218e-08, 8.78883898991e-09, 2.57093324407e-09],
        "dvar2": [2.79499568023e-06, 9.24813575693e-05, 1.20131098811e-05, 5.29652925252e-06, 0.000131208522362, 6.0089219005e-06, 2.06308268389e-05, 8.85796544026e-06, 1.15151551654e-05, 3.38423228641e-06, 1.78171694643e-06, 1.27287228224e-06, 5.29753208411e-07, 1.94674782961e-07, 1.57488727837e-07, 2.16874425973e-07, 1.1390129373e-07, 1.29777475877e-07, 7.91658351318e-07, 7.45726367768e-07, 5.60034209229e-07, 2.9593149975e-07, 1.14460270595e-07, 6.43823270252e-08, 5.611732945e-08, 1.80797314897e-08, 6.85634216069e-09],
        "max": [0.0217521823943, 0.0422143638134, 0.0449512004852, 0.0230883397162, 0.0716377794743, 0.0187150333077, 0.0267146378756, 0.0344893336296, 0.0298655945808, 0.0309151671827, 0.0198188442737, 0.0115440618247, 0.00595042761415, 0.00524812843651, 0.00638618692756, 0.00552508886904, 0.00259044836275, 0.00479744141921, 0.0112545667216, 0.00800603628159, 0.00647813966498, 0.00550289871171, 0.0041191438213, 0.00213492917828, 0.00395107362419, 0.00169276364613, 0.000657679163851],
        "mean": [0.000817539345007, 0.00182413985021, 0.00122380873654, 0.00137373700272, 0.00420962506905, 0.00147510203533, 0.00110564217903, 0.000772882252932, 0.00104994000867, 0.000785005569924, 0.000447315047495, 0.000335185293807, 0.000341690814821, 0.00034012060496, 0.000336829485605, 0.000488614081405, 0.000465661956696, 0.000289102230454, 0.000496047432534, 0.000675766903441, 0.000543369213119, 0.00040509479004, 0.000327778339852, 0.000268000963842, 0.000216554923099, 0.000117681534903, 2.36012401729e-05],
        "median": [0.000274449761491, 0.000426139798947, 0.000820208108053, 0.000985521124676, 0.00235044630244, 0.000958576565608, 0.000481651717564, 0.000293213583063, 0.000456791516626, 0.000303038104903, 0.000159674033057, 0.000137946597533, 0.000157193368068, 0.000252940459177, 0.000268048228463, 0.000397854368202, 0.000413184898207, 0.000218088956899, 0.000247200252488, 0.000357551121851, 0.000298710598145, 0.000189241414773, 0.000194974127226, 0.000199637841433, 0.000147327780724, 6.37002012809e-05, 3.86617693948e-06],
        "min": [5.74870354551e-25, 7.10514395558e-24, 1.2725412071e-24, 3.30028814663e-24, 1.35872408351e-23, 1.80519679444e-23, 1.48849186019e-23, 1.04718287497e-23, 2.17640286645e-23, 3.33497037688e-23, 3.90308559717e-23, 5.58436969834e-23, 4.53325829607e-23, 5.29296100897e-23, 6.37354930337e-23, 9.28042979499e-23, 9.70758346013e-23, 1.3849561383e-22, 1.75024935073e-22, 1.93767108978e-22, 2.99328335372e-22, 3.41642177996e-22, 4.74237831696e-22, 6.72065668447e-22, 9.60410611395e-22, 1.37383865214e-21, 1.91962972728e-21],
        "var": [2.1974219635e-06, 2.23888400797e-05, 3.33696448251e-06, 2.18302579924e-06, 4.51255364169e-05, 2.96763846563e-06, 5.50249660591e-06, 2.67539280685e-06, 3.78877621188e-06, 3.20425760947e-06, 1.20383435842e-06, 5.62922593872e-07, 3.67555003322e-07, 1.25535351003e-07, 1.03914352678e-07, 1.36042544341e-07, 6.94382293887e-08, 9.01104328932e-08, 7.42715826618e-07, 7.09853679837e-07, 4.13535445887e-07, 3.36706335702e-07, 1.4935447723e-07, 8.01336028644e-08, 7.51887938577e-08, 2.33941381822e-08, 2.68518252078e-09]
    },
    "erbbands": {
        "dmean": [0.0698868259788, 0.486260473728, 1.03311812878, 2.23341846466, 9.15773868561, 9.56972503662, 8.83794975281, 7.72941637039, 13.2725305557, 20.3034210205, 13.6517591476, 19.8080921173, 18.9315509796, 13.7861099243, 11.8020133972, 9.28350162506, 8.82710456848, 9.40585613251, 9.21450901031, 9.49349021912, 13.0069570541, 10.5910587311, 6.39222002029, 10.3863267899, 14.5777730942, 16.5508289337, 12.8965568542, 10.3117666245, 8.70698070526, 6.17994785309, 4.34753990173, 2.80046105385, 2.08492636681, 1.269947052, 0.749307334423, 0.285139471292, 0.110669694841, 0.0336863510311, 0.0033466136083, 0.000158659400768],
        "dmean2": [0.119134396315, 0.894148528576, 1.84565544128, 3.78497886658, 15.1667766571, 15.9817647934, 14.5599794388, 12.9235067368, 23.4133720398, 33.6794624329, 23.0927886963, 33.7401924133, 30.9623069763, 21.6704883575, 18.6601715088, 15.167722702, 14.2938613892, 15.3924341202, 15.5330438614, 15.7403926849, 21.7476596832, 17.8514938354, 10.3172683716, 16.4099769592, 22.9337234497, 25.7122344971, 20.3902492523, 16.1483306885, 12.9050130844, 9.06935024261, 6.33888196945, 4.10649585724, 3.02660393715, 1.864320755, 1.11158835888, 0.409083455801, 0.16363953054, 0.0532287806273, 0.00576076749712, 0.000273800687864],
        "dvar": [0.0292159840465, 1.70113027096, 5.8981423378, 12.3159294128, 453.033966064, 419.448883057, 150.600662231, 190.155578613, 974.826538086, 2734.76342773, 1068.60595703, 1998.34924316, 1622.03894043, 1495.59301758, 1185.43383789, 613.819091797, 332.158050537, 203.684204102, 202.201202393, 210.605865479, 231.500213623, 107.677268982, 107.230567932, 505.111663818, 1015.47747803, 753.000061035, 398.825622559, 315.055908203, 211.46937561, 104.531227112, 42.7460136414, 18.7851238251, 9.64134502411, 4.13771343231, 1.49927735329, 0.205875813961, 0.0307609476149, 0.00369848264381, 6.93470428814e-05, 2.37729025798e-07],
        "dvar2": [0.0776426866651, 4.80686187744, 16.4165496826, 33.6464118958, 1136.91467285, 1108.91516113, 394.969909668, 470.574615479, 2704.01391602, 7108.49267578, 2817.74438477, 5314.98046875, 3787.57226562, 3325.33642578, 2829.90869141, 1593.08203125, 851.355041504, 512.714599609, 535.306945801, 530.648925781, 595.007324219, 298.741088867, 260.24407959, 1123.00939941, 2377.08276367, 1777.3269043, 1031.16943359, 784.464904785, 451.293121338, 219.056015015, 83.4145355225, 40.4156646729, 19.8361988068, 7.96640586853, 3.22078204155, 0.415037214756, 0.0668702423573, 0.00898792594671, 0.000186819888768, 6.59910824652e-07],
        "max": [1.32263612747, 9.11482048035, 38.1104698181, 68.7950592041, 211.717330933, 253.467147827, 145.327590942, 219.021972656, 317.905395508, 558.052734375, 730.808105469, 590.055114746, 967.021057129, 791.286621094, 658.108215332, 448.471221924, 272.315490723, 216.91053772, 437.812896729, 297.081970215, 310.039672852, 134.207824707, 238.63949585, 445.18182373, 556.920898438, 446.430969238, 280.289398193, 245.397171021, 213.486557007, 166.771621704, 107.034828186, 69.4159469604, 44.5738525391, 42.5619010925, 25.6469802856, 8.46738433838, 3.5793466568, 0.807244360447, 0.100125789642, 0.00902299396694],
        "mean": [0.0619170479476, 0.380409240723, 1.22021281719, 3.684217453, 10.9139480591, 12.4687757492, 13.5610580444, 10.5096216202, 13.7610368729, 20.7156410217, 15.8056592941, 23.0802345276, 25.996515274, 21.8087081909, 17.8541793823, 15.1120996475, 15.617556572, 17.22864151, 18.1427097321, 19.4733219147, 28.6157341003, 25.5180149078, 15.7194461823, 21.6115589142, 26.2258338928, 32.7183876038, 26.5162448883, 18.6893024445, 14.9853239059, 12.2722320557, 9.0163526535, 5.86163520813, 4.39088058472, 2.54396557808, 1.49826586246, 0.568587303162, 0.204792350531, 0.0505313836038, 0.00332439714111, 0.000161920208484],
        "median": [0.0139402421191, 0.0950007066131, 0.749099671841, 2.88691854477, 5.25223731995, 7.06887435913, 9.26398086548, 6.18922758102, 6.69601392746, 7.13808679581, 6.65916728973, 10.1173210144, 11.330534935, 7.31109189987, 6.86913156509, 6.84084796906, 7.48392343521, 12.207701683, 14.1815948486, 15.5453720093, 24.2576503754, 22.6197185516, 12.4489135742, 13.4903507233, 12.3266305923, 17.4093456268, 15.4556331635, 9.41458415985, 6.93827390671, 5.75301456451, 5.79455089569, 4.11961841583, 3.15801954269, 1.78765749931, 0.916914522648, 0.336960911751, 0.0999625921249, 0.0180477239192, 0.000487970974064, 4.50288825959e-05],
        "min": [2.92710865228e-22, 2.55602222207e-21, 4.09195909272e-21, 1.13884570759e-20, 2.84906464616e-20, 4.16501755851e-20, 8.56219951179e-20, 1.92709314207e-19, 1.50630817392e-19, 1.76227740502e-19, 4.32063653348e-19, 4.51015110814e-19, 8.91283904701e-19, 1.44877882214e-18, 1.78928927226e-18, 2.03702531623e-18, 2.08215360211e-18, 3.06387037145e-18, 3.66039456533e-18, 4.74920785614e-18, 5.66875228307e-18, 6.7572913635e-18, 5.88075329739e-18, 1.02580140144e-17, 1.21058039811e-17, 1.11867591713e-17, 1.08630023339e-17, 1.39290200662e-17, 1.03239973847e-17, 1.6025840201e-17, 1.4517279485e-17, 1.11546174142e-17, 1.04742026306e-17, 8.42281042789e-18, 6.72580762862e-18, 3.70429758993e-18, 2.8807170742e-18, 1.075834827e-18, 2.86049654072e-19, 2.54346228418e-20],
        "var": [0.022811844945, 1.05752515793, 4.15130090714, 12.7083759308, 396.7159729, 359.424407959, 205.54536438, 212.241241455, 678.115844727, 2219.37548828, 931.754150391, 1750.07507324, 2412.61474609, 2959.546875, 1707.75842285, 822.902099609, 682.002075195, 349.749237061, 374.992889404, 269.961242676, 373.842254639, 196.198287964, 185.643676758, 1118.50524902, 1863.92089844, 1739.61804199, 848.917785645, 569.249389648, 465.998443604, 265.99307251, 107.178352356, 40.2607727051, 23.79778862, 10.415769577, 3.6825299263, 0.531964123249, 0.0753563344479, 0.00609409902245, 6.57748969388e-05, 1.88853150007e-07]
    },
    "gfcc": {
        "mean": [34.4963684082, 56.56432724, -115.485298157, 38.4805679321, -63.636631012, 7.05654096603, -44.5843009949, 5.03801250458, -28.7218322754, 0.477521508932, -25.0780200958, -1.41421997547, -10.701505661],
        "cov": [[10110.8232422, -851.353881836, 126.264297485, 55.5830345154, -602.41217041, 272.323638916, -289.385437012, 199.612106323, -394.463897705, 167.923110962, -232.811355591, 91.8998794556, -212.449234009], [-851.353881836, 1192.09814453, -730.82208252, 172.095184326, 75.4436035156, -169.203460693, 75.8473129272, -96.3993530273, 134.845825195, -146.873809814, 86.1693344116, -93.9560241699, 90.6228485107], [126.264297485, -730.82208252, 799.650512695, -118.487388611, 46.8200035095, 125.236083984, -28.7720775604, 92.5042037964, -7.62066364288, 108.08114624, -36.6831626892, 81.5074081421, -68.3107910156], [55.5830345154, 172.095184326, -118.487388611, 280.228027344, -3.63955330849, 39.9825172424, 7.09645366669, -13.5924940109, 56.3510017395, 14.914814949, 17.4409503937, -4.53369235992, 33.6639976501], [-602.41217041, 75.4436035156, 46.8200035095, -3.63955330849, 207.252807617, 19.0578022003, 53.8948631287, 12.8801307678, 45.559928894, -12.3445968628, 35.8287506104, 7.41841316223, 23.7967567444], [272.323638916, -169.203460693, 125.236083984, 39.9825172424, 19.0578022003, 158.301589966, 26.7445373535, 63.3870391846, -28.1360301971, 22.6574745178, 8.92541217804, 28.2388343811, -14.0861902237], [-289.385437012, 75.8473129272, -28.7720775604, 7.09645366669, 53.8948631287, 26.7445373535, 145.523498535, 39.3728790283, 3.07174420357, -7.5587439537, 35.8348236084, 1.46609914303, 28.8096637726], [199.612106323, -96.3993530273, 92.5042037964, -13.5924940109, 12.8801307678, 63.3870391846, 39.3728790283, 102.22492981, -9.04288959503, 21.6865348816, 3.69142174721, 16.6449222565, -10.3745155334], [-394.463897705, 134.845825195, -7.62066364288, 56.3510017395, 45.559928894, -28.1360301971, 3.07174420357, -9.04288959503, 116.60193634, 8.38333702087, 12.3927764893, -12.7862224579, 14.2393636703], [167.923110962, -146.873809814, 108.08114624, 14.914814949, -12.3445968628, 22.6574745178, -7.5587439537, 21.6865348816, 8.38333702087, 83.1223678589, -1.28042626381, 18.4190673828, -6.72909975052], [-232.811355591, 86.1693344116, -36.6831626892, 17.4409503937, 35.8287506104, 8.92541217804, 35.8348236084, 3.69142174721, 12.3927764893, -1.28042626381, 63.3903388977, 12.6341619492, 14.141409874], [91.8998794556, -93.9560241699, 81.5074081421, -4.53369235992, 7.41841316223, 28.2388343811, 1.46609914303, 16.6449222565, -12.7862224579, 18.4190673828, 12.6341619492, 53.7005310059, 10.1560173035], [-212.449234009, 90.6228485107, -68.3107910156, 33.6639976501, 23.7967567444, -14.0861902237, 28.8096637726, -10.3745155334, 14.2393636703, -6.72909975052, 14.141409874, 10.1560173035, 55.4332427979]],
        "icov": [[0.000167749079992, -5.68367577216e-05, 0.000100575300166, -0.000110392000352, 0.000243080066866, -0.000135325724841, 0.000180354705662, -0.000309257942718, 0.0004041561333, -0.000282596622128, 0.000478348025354, -0.000425261125201, 0.000454209104646], [-5.68367577216e-05, 0.00365504273213, 0.00230940873735, -0.000879291677848, -0.000739953306038, 0.00169787334744, -0.00050705607282, -0.000477435853099, -0.00296008610167, 0.00321499840356, -0.00262805004604, 0.00114751805086, -0.000279135507299], [0.000100575300166, 0.00230940873735, 0.00429881876335, 0.000491146929562, -0.00118312099949, -0.000387315987609, -0.000266769318841, -0.000687412975822, -0.0027826896403, -0.000427818420576, 0.00102213048376, -0.00335982209072, 0.00304635288194], [-0.000110392000352, -0.000879291677848, 0.000491146929562, 0.00612315954641, 0.000969274551608, -0.00421715853736, 0.000454038876342, 0.0018865542952, -0.00295871170238, -0.00229761307128, 0.000192867024452, 0.000539951724932, -0.00313652865589], [0.000243080066866, -0.000739953306038, -0.00118312099949, 0.000969274551608, 0.00749275460839, -0.00187273637857, -0.000937071570661, 4.6476488933e-05, -0.00184949475806, 0.00105805590283, -0.0016696419334, 0.000113275207696, -0.00209330674261], [-0.000135325724841, 0.00169787334744, -0.000387315987609, -0.00421715853736, -0.00187273637857, 0.0131892999634, -0.00122178765014, -0.00538298860192, 0.00265665119514, 0.00227391859517, -0.00249407510273, -0.00169020367321, 0.0031119575724], [0.000180354705662, -0.00050705607282, -0.000266769318841, 0.000454038876342, -0.000937071570661, -0.00122178765014, 0.0114979082718, -0.00498558580875, 0.00196106685326, -6.72746318742e-05, -0.00424630008638, 0.00388235342689, -0.00604120315984], [-0.000309257942718, -0.000477435853099, -0.000687412975822, 0.0018865542952, 4.6476488933e-05, -0.00538298860192, -0.00498558580875, 0.0168344248086, -0.00175118644256, -0.00229018111713, 0.00133311538957, -0.00170331820846, 0.0021001889836], [0.0004041561333, -0.00296008610167, -0.0027826896403, -0.00295871170238, -0.00184949475806, 0.00265665119514, 0.00196106685326, -0.00175118644256, 0.016448661685, -0.0046048364602, 0.000620547391009, 0.00291394395754, -0.000598508107942], [-0.000282596622128, 0.00321499840356, -0.000427818420576, -0.00229761307128, 0.00105805590283, 0.00227391859517, -6.72746318742e-05, -0.00229018111713, -0.0046048364602, 0.0198913607746, -0.00408913288265, -0.000844383030199, -0.000945529609453], [0.000478348025354, -0.00262805004604, 0.00102213048376, 0.000192867024452, -0.0016696419334, -0.00249407510273, -0.00424630008638, 0.00133311538957, 0.000620547391009, -0.00408913288265, 0.0262831486762, -0.0111915543675, 0.0045010773465], [-0.000425261125201, 0.00114751805086, -0.00335982209072, 0.000539951724932, 0.000113275207696, -0.00169020367321, 0.00388235342689, -0.00170331820846, 0.00291394395754, -0.000844383030199, -0.0111915543675, 0.0342626273632, -0.0150619624183], [0.000454209104646, -0.000279135507299, 0.00304635288194, -0.00313652865589, -0.00209330674261, 0.0031119575724, -0.00604120315984, 0.0021001889836, -0.000598508107942, -0.000945529609453, 0.0045010773465, -0.0150619624183, 0.0327680632472]]
    },
    "melbands": {
        "dmean": [0.000618421996478, 0.000583186687436, 0.000501158472616, 0.000782253046054, 0.000298326514894, 0.00017658782599, 0.000202580893529, 0.000210829079151, 0.000114352747914, 0.000129398875288, 9.62747799349e-05, 5.84173722018e-05, 4.0674367483e-05, 2.84987017949e-05, 2.49143522524e-05, 1.80687165994e-05, 1.88146204891e-05, 1.60602303367e-05, 1.21661423691e-05, 1.59313858603e-05, 1.70258317667e-05, 1.25865735754e-05, 7.92036098574e-06, 6.75960700391e-06, 9.12922132557e-06, 1.16849205369e-05, 1.13088663056e-05, 1.20317017718e-05, 8.92643947736e-06, 7.63255502534e-06, 5.7138890952e-06, 5.08988205183e-06, 4.63578453491e-06, 3.36726930072e-06, 2.73279010798e-06, 2.06984918805e-06, 1.78051823241e-06, 1.66411462033e-06, 1.26593818095e-06, 1.08022095446e-06],
        "dmean2": [0.00107144541107, 0.00105126935523, 0.000837382744066, 0.00129016081337, 0.000490409729537, 0.000293878169032, 0.000354925199645, 0.00035116833169, 0.000194121457753, 0.000220013040234, 0.000157582457177, 9.19302838156e-05, 6.48380082566e-05, 4.60483934148e-05, 4.17802511947e-05, 2.9416212783e-05, 3.11345793307e-05, 2.73033238045e-05, 2.04195857805e-05, 2.67009618256e-05, 2.85886908387e-05, 2.13690000237e-05, 1.31495826281e-05, 1.10673381641e-05, 1.46124666571e-05, 1.83114061656e-05, 1.80102015293e-05, 1.91036142496e-05, 1.44460154843e-05, 1.22194178402e-05, 9.00716986507e-06, 7.73131978349e-06, 6.98826079315e-06, 5.01669455844e-06, 4.05785112889e-06, 3.1456772831e-06, 2.67586960945e-06, 2.46326499109e-06, 1.89466254596e-06, 1.61852312885e-06],
        "dvar": [2.35232005252e-06, 1.98373140847e-06, 6.87048327563e-07, 3.46729257217e-06, 1.71400984073e-07, 8.947832697e-08, 2.35515116742e-07, 2.96644003583e-07, 7.23711934825e-08, 8.39310629885e-08, 4.36744436172e-08, 2.66486139822e-08, 1.40450975294e-08, 8.73040750804e-09, 2.98195956816e-09, 1.52117474173e-09, 7.77112874051e-10, 6.10189399008e-10, 3.47993245331e-10, 5.48083411989e-10, 3.82631315521e-10, 1.5532769515e-10, 9.16060699518e-11, 1.56193169509e-10, 4.02934657862e-10, 7.5321843207e-10, 5.37221156449e-10, 3.92008703276e-10, 1.81622522577e-10, 1.70735467431e-10, 1.03961561582e-10, 7.82111805875e-11, 6.25944782118e-11, 3.22651419471e-11, 1.67084297786e-11, 1.21013329565e-11, 7.4177903403e-12, 6.01868381522e-12, 4.21948066764e-12, 3.29687492584e-12],
        "dvar2": [6.34800153421e-06, 5.54989037482e-06, 1.75519437562e-06, 8.90915998752e-06, 4.5786470082e-07, 2.23238160402e-07, 6.50787342238e-07, 7.76732406393e-07, 1.90596608718e-07, 2.2325758664e-07, 1.02147090786e-07, 5.9100432992e-08, 3.3411325262e-08, 2.29557350906e-08, 7.4922157367e-09, 3.69204178341e-09, 1.96577487621e-09, 1.62885172017e-09, 8.84958495373e-10, 1.38823308404e-09, 1.02538921798e-09, 4.38368480404e-10, 2.30482508079e-10, 3.80548981216e-10, 9.13888242859e-10, 1.71006020455e-09, 1.30205557447e-09, 9.43132238973e-10, 4.83460382839e-10, 4.20763118791e-10, 2.58804616626e-10, 1.76115136363e-10, 1.3476168792e-10, 7.16820838798e-11, 3.22844737055e-11, 2.72547574787e-11, 1.66420228292e-11, 1.30161237691e-11, 8.99391672249e-12, 6.48937934639e-12],
        "max": [0.0118896067142, 0.0157150197774, 0.0114976828918, 0.0193427074701, 0.00395217956975, 0.00431332085282, 0.00427015079185, 0.00544887967408, 0.00489115295932, 0.00348632247187, 0.00511387642473, 0.00337744574063, 0.00218516611494, 0.00177773728501, 0.000886591267772, 0.000821589899715, 0.000409487256547, 0.000714921334293, 0.000447552680271, 0.000435082358308, 0.000356009491952, 0.000154897992616, 0.000182205869351, 0.000277032930171, 0.000392094079871, 0.00045737970504, 0.000332960160449, 0.000315355573548, 0.000199522750336, 0.000185134675121, 0.000142900607898, 0.000134615576826, 0.000139217532706, 0.00011292842828, 6.1483711761e-05, 6.20147984591e-05, 3.74433475372e-05, 3.50051959686e-05, 3.92206129618e-05, 4.11124128732e-05],
        "mean": [0.000564265763387, 0.000606512476224, 0.00079258781625, 0.000936330819968, 0.000475263223052, 0.000250078068348, 0.000210243480979, 0.00021609540272, 0.000129965032102, 0.000148509599967, 0.000128717671032, 8.84907130967e-05, 6.01998835918e-05, 4.09503663832e-05, 4.04513048124e-05, 3.01735544781e-05, 3.23713211401e-05, 2.9502030884e-05, 2.32015263464e-05, 3.03702126985e-05, 3.43912070093e-05, 2.78339539364e-05, 1.69988907146e-05, 1.36617609314e-05, 1.75411914825e-05, 1.9863482521e-05, 1.8343773263e-05, 2.30544228543e-05, 1.76387256943e-05, 1.32572276925e-05, 9.81766243058e-06, 8.15709063318e-06, 7.88585839473e-06, 6.52949302093e-06, 5.4254146562e-06, 3.99833970732e-06, 3.47300101566e-06, 3.31232126882e-06, 2.36762616623e-06, 2.04945786209e-06],
        "median": [0.000134555797558, 0.000318810518365, 0.000577667320613, 0.000465561461169, 0.000335153774358, 0.000152208376676, 0.000101303536212, 7.51301558921e-05, 5.40821019968e-05, 6.60194054944e-05, 5.44795184396e-05, 2.79207779386e-05, 2.20958718273e-05, 1.63494078151e-05, 1.80259703484e-05, 1.60223080456e-05, 2.29307934205e-05, 2.2758018531e-05, 1.84995788004e-05, 2.41215857386e-05, 2.88929550152e-05, 2.44912062044e-05, 1.39604890137e-05, 9.96106700768e-06, 1.05627559606e-05, 9.19044032344e-06, 7.63226398703e-06, 1.14622062029e-05, 1.0095757716e-05, 7.04962803866e-06, 4.68884263682e-06, 3.6541996451e-06, 3.52454412678e-06, 3.08095991386e-06, 3.52011829818e-06, 2.37951644522e-06, 2.48165088124e-06, 2.3214815883e-06, 1.62146864113e-06, 1.35955713176e-06],
        "min": [4.33519772642e-24, 3.33260126981e-24, 4.60431367993e-24, 2.32801412272e-24, 3.19702487363e-24, 4.33199100684e-24, 2.61193226225e-24, 1.6037268074e-24, 3.48144315098e-24, 2.63607416697e-24, 3.73807419737e-24, 5.18577043139e-24, 5.18854998279e-24, 6.73362596796e-24, 4.7229094507e-24, 2.44633182002e-24, 5.44174475108e-24, 6.00354703309e-24, 3.86799130543e-24, 6.11583743865e-24, 5.23082701085e-24, 6.34187014825e-24, 5.06598900268e-24, 5.38180078862e-24, 8.3319417812e-24, 7.46662921021e-24, 8.05047699907e-24, 6.63841913417e-24, 6.20221770777e-24, 4.46173811536e-24, 7.87731019746e-24, 4.47405065637e-24, 7.21984196462e-24, 8.58081004185e-24, 8.20443030448e-24, 5.7332643543e-24, 5.85791147708e-24, 6.70037626967e-24, 6.75094383141e-24, 7.13858929138e-24],
        "var": [1.78039499588e-06, 1.33861294671e-06, 7.14637621968e-07, 2.91492051474e-06, 2.2488697482e-07, 1.02778535904e-07, 1.6456814933e-07, 2.39081515474e-07, 6.36606216631e-08, 7.41773007462e-08, 6.51241407468e-08, 5.36719397815e-08, 2.10415898039e-08, 9.55222745347e-09, 5.08165642898e-09, 2.98260705023e-09, 1.25161381259e-09, 1.1055848459e-09, 4.91739260422e-10, 6.90788426461e-10, 5.76617087411e-10, 2.59625071442e-10, 1.62357502442e-10, 2.33935759653e-10, 8.56061277421e-10, 1.33605160269e-09, 8.7829737927e-10, 9.18217946122e-10, 3.78472309048e-10, 2.83927048539e-10, 1.82699549933e-10, 1.5085149796e-10, 1.39788736142e-10, 7.47148523605e-11, 3.97459079537e-11, 2.51016464559e-11, 1.4063809145e-11, 1.38617546261e-11, 8.70144494652e-12, 7.82313797076e-12]
    },
    "mfcc": {
        "mean": [-602.84765625, 87.3957290649, 0.847199320793, 27.0087490082, 1.6918977499, 2.33472728729, -6.42019319534, -1.87544500828, -0.311891824007, 0.523482561111, -10.1957044601, -2.85770177841, -5.30619716644],
        "cov": [[3424.31689453, -391.160491943, 587.721008301, -105.0337677, -94.9754867554, -5.16704797745, 140.718276978, -26.7017211914, -3.13729310036, -16.1367053986, 32.3755874634, -44.3373832703, 39.649646759], [-391.160491943, 779.868896484, -441.118286133, 133.978500366, -26.5688095093, -38.9162483215, -53.1799583435, 46.1045570374, -21.5599765778, 29.3500232697, -46.7972793579, 21.6046562195, -42.2089347839], [587.721008301, -441.118286133, 515.304748535, -97.0395431519, 56.8640670776, 14.7721118927, 4.96749734879, -16.3071479797, 23.7917747498, -11.0657730103, 61.9736480713, -11.6523647308, 34.282409668], [-105.0337677, 133.978500366, -97.0395431519, 189.904632568, 9.31402587891, 41.7041893005, -44.1134414673, -3.20770215988, 21.3798522949, 17.3513450623, -5.94320440292, 17.3180084229, 10.5520763397], [-94.9754867554, -26.5688095093, 56.8640670776, 9.31402587891, 158.259140015, 34.7425994873, -13.300078392, 17.002620697, 8.03817176819, 14.3401565552, 12.6560726166, 17.1129493713, -1.69447314739], [-5.16704797745, -38.9162483215, 14.7721118927, 41.7041893005, 34.7425994873, 87.7823410034, 11.1891565323, 6.95232009888, 13.8714942932, 0.434593558311, 9.46578502655, 12.9095926285, 4.68307304382], [140.718276978, -53.1799583435, 4.96749734879, -44.1134414673, -13.300078392, 11.1891565323, 169.067855835, 55.5076446533, 7.75028562546, 9.3099937439, -1.10163378716, -0.913139402866, 15.7905664444], [-26.7017211914, 46.1045570374, -16.3071479797, -3.20770215988, 17.002620697, 6.95232009888, 55.5076446533, 89.7163925171, 11.7601118088, 16.8807830811, -1.00902354717, 2.27197527885, 3.38376665115], [-3.13729310036, -21.5599765778, 23.7917747498, 21.3798522949, 8.03817176819, 13.8714942932, 7.75028562546, 11.7601118088, 67.5097808838, 18.9608325958, 13.1268081665, 5.90104150772, 4.68514919281], [-16.1367053986, 29.3500232697, -11.0657730103, 17.3513450623, 14.3401565552, 0.434593558311, 9.3099937439, 16.8807830811, 18.9608325958, 58.2775535583, 12.792634964, 12.960515976, 0.877119898796], [32.3755874634, -46.7972793579, 61.9736480713, -5.94320440292, 12.6560726166, 9.46578502655, -1.10163378716, -1.00902354717, 13.1268081665, 12.792634964, 53.5951728821, 13.1023044586, 9.13083267212], [-44.3373832703, 21.6046562195, -11.6523647308, 17.3180084229, 17.1129493713, 12.9095926285, -0.913139402866, 2.27197527885, 5.90104150772, 12.960515976, 13.1023044586, 50.8681716919, 14.8305358887], [39.649646759, -42.2089347839, 34.282409668, 10.5520763397, -1.69447314739, 4.68307304382, 15.7905664444, 3.38376665115, 4.68514919281, 0.877119898796, 9.13083267212, 14.8305358887, 45.068561554]],
