{
"lowlevel": {
    "average_loudness": 0.963496446609,
    "barkbands_crest": {
        "dmean": 2.35595083237,
        "dmean2": 3.85566735268,
        "dvar": 6.45358705521,
        "dvar2": 18.0207958221,
        "max": 26.1872615814,
        "mean": 8.42278957367,
        "median": 7.31134271622,
        "min": 2.52508687973,
        "var": 17.2168388367
    },
    "barkbands_flatness_db": {
        "dmean": 0.0165735892951,
        "dmean2": 0.0252613741904,
        "dvar": 0.000286885508103,
        "dvar2": 0.000654840609059,
        "max": 0.403335541487,
        "mean": 0.110920973122,
        "median": 0.0811002552509,
        "min": 0.0170123707503,
        "var": 0.0062020313926
    },
    "barkbands_kurtosis": {
        "dmean": 1.91889333725,
        "dmean2": 2.98835396767,
        "dvar": 12.7745981216,
        "dvar2": 25.1253910065,
        "max": 105.497810364,
        "mean": 2.84259080887,
        "median": 0.953204631805,
        "min": -1.83445715904,
        "var": 49.8115844727
    },
    "barkbands_skewness": {
        "dmean": 0.454205960035,
        "dmean2": 0.689455628395,
        "dvar": 0.234456419945,
        "dvar2": 0.550782322884,
        "max": 8.3308801651,
        "mean": 1.27174556255,
        "median": 1.19931817055,
        "min": -2.45596027374,
        "var": 0.89276522398
    },
    "barkbands_spread": {
        "dmean": 6.56013250351,
        "dmean2": 9.90995693207,
        "dvar": 59.2194099426,
        "dvar2": 122.284324646,
        "max": 97.6872940063,
        "mean": 29.4068603516,
        "median": 28.8187484741,
        "min": 0.893751084805,
        "var": 298.135192871
    },
    "dissonance": {
        "dmean": 0.0153805185109,
        "dmean2": 0.0256931073964,
        "dvar": 0.000364917388652,
        "dvar2": 0.000915811629966,
        "max": 0.500000059605,
        "mean": 0.466575056314,
        "median": 0.480074942112,
        "min": 0.171832501888,
        "var": 0.00155215174891
    },
    "dynamic_complexity": 3.02660703659,
    "erbbands_crest": {
        "dmean": 2.00016999245,
        "dmean2": 3.25888967514,
        "dvar": 4.34856414795,
        "dvar2": 11.4362134933,
        "max": 26.6794242859,
        "mean": 7.52917957306,
        "median": 6.19081640244,
        "min": 2.33139467239,
        "var": 17.42993927
    },
    "erbbands_flatness_db": {
        "dmean": 0.0139714702964,
        "dmean2": 0.0202127285302,
        "dvar": 0.000184923832421,
        "dvar2": 0.000379956385586,
        "max": 0.391883194447,
        "mean": 0.141827210784,
        "median": 0.125843629241,
        "min": 0.0459793806076,
        "var": 0.00423248205334
    },
    "erbbands_kurtosis": {
        "dmean": 0.741984009743,
        "dmean2": 1.13909816742,
        "dvar": 1.89298498631,
        "dvar2": 3.81057024002,
        "max": 54.5299491882,
        "mean": 0.735113799572,
        "median": -0.635076761246,
        "min": -1.75254094601,
        "var": 19.6366405487
    },
    "erbbands_skewness": {
        "dmean": 0.334950208664,
        "dmean2": 0.507949769497,
        "dvar": 0.104328215122,
        "dvar2": 0.234108865261,
        "max": 5.48173761368,
        "mean": 0.34246262908,
        "median": 0.125154867768,
        "min": -2.05514836311,
        "var": 0.937675952911
    },
    "erbbands_spread": {
        "dmean": 8.00154304504,
        "dmean2": 12.2167167664,
        "dvar": 69.8787765503,
        "dvar2": 152.919235229,
        "max": 110.613319397,
        "mean": 45.718044281,
        "median": 46.5388832092,
        "min": 1.45182716846,
        "var": 410.296600342
    },
    "hfc": {
        "dmean": 7.28754615784,
        "dmean2": 10.4842748642,
        "dvar": 121.335151672,
        "dvar2": 253.104049683,
        "max": 128.425964355,
        "mean": 23.0325050354,
        "median": 18.1103057861,
        "min": 1.15079669689e-16,
        "var": 416.157073975
    },
    "melbands_crest": {
        "dmean": 2.92282390594,
        "dmean2": 4.7480969429,
        "dvar": 8.72368240356,
        "dvar2": 23.0315265656,
        "max": 36.6518783569,
        "mean": 12.3628644943,
        "median": 11.3718252182,
        "min": 2.08315300941,
        "var": 25.2432022095
    },
    "melbands_flatness_db": {
        "dmean": 0.0219183005393,
        "dmean2": 0.0331845059991,
        "dvar": 0.000515461200848,
        "dvar2": 0.00124698516447,
        "max": 0.528510212898,
        "mean": 0.175520211458,
        "median": 0.146902069449,
        "min": 0.00497100641951,
        "var": 0.00794888939708
    },
    "melbands_kurtosis": {
        "dmean": 5.28604984283,
        "dmean2": 8.48583221436,
        "dvar": 56.7969360352,
        "dvar2": 151.469497681,
        "max": 109.486236572,
        "mean": 11.3019866943,
        "median": 7.84187984467,
        "min": -1.28920185566,
        "var": 144.824752808
    },
    "melbands_skewness": {
        "dmean": 0.643036663532,
        "dmean2": 1.00241518021,
        "dvar": 0.499437600374,
        "dvar2": 1.30730497837,
        "max": 7.77771615982,
        "mean": 2.55954170227,
        "median": 2.43326616287,
        "min": -0.71470272541,
        "var": 1.52036309242
    },
    "melbands_spread": {
        "dmean": 7.9505853653,
        "dmean2": 12.0827770233,
        "dvar": 100.28704071,
        "dvar2": 235.238647461,
        "max": 147.630081177,
        "mean": 27.706325531,
        "median": 24.73387146,
        "min": 1.02521216869,
        "var": 388.725006104
    },
    "pitch_salience": {
        "dmean": 0.0612015575171,
        "dmean2": 0.0986631214619,
        "dvar": 0.00326706608757,
        "dvar2": 0.00875588972121,
        "max": 0.870255291462,
        "mean": 0.643133640289,
        "median": 0.663580000401,
        "min": 0.0633276924491,
        "var": 0.00983004271984
    },
    "silence_rate_20dB": {
        "dmean": 0,
        "dmean2": 0,
        "dvar": 0,
        "dvar2": 0,
        "max": 1,
        "mean": 1,
        "median": 1,
        "min": 1,
        "var": 0
    },
    "silence_rate_30dB": {
        "dmean": 0.000773993786424,
        "dmean2": 0.00154858687893,
        "dvar": 0.00077339366544,
        "dvar2": 0.00232047727332,
        "max": 1,
        "mean": 0.999613165855,
        "median": 1,
        "min": 0,
        "var": 0.000386708590668
    },
    "silence_rate_60dB": {
        "dmean": 0.011222910136,
        "dmean2": 0.0224545095116,
        "dvar": 0.0110968910158,
        "dvar2": 0.0219497159123,
        "max": 1,
        "mean": 0.0912959352136,
        "median": 0,
        "min": 0,
        "var": 0.0829578116536
    },
    "spectral_centroid": {
        "dmean": 266.242492676,
        "dmean2": 408.218292236,
        "dvar": 107300.671875,
        "dvar2": 229541.59375,
        "max": 11452.8222656,
        "mean": 1550.96765137,
        "median": 1559.79956055,
        "min": 261.992675781,
        "var": 686169.8125
    },
    "spectral_complexity": {
        "dmean": 4.31578969955,
        "dmean2": 6.29461860657,
        "dvar": 18.8980045319,
        "dvar2": 36.8752822876,
        "max": 60,
        "mean": 23.5388774872,
        "median": 24,
        "min": 0,
        "var": 160.381896973
    },
    "spectral_decrease": {
        "dmean": 2.3780875047e-09,
        "dmean2": 3.93579169256e-09,
        "dvar": 1.8548089251e-17,
        "dvar2": 4.83514762044e-17,
        "max": 1.26209427225e-28,
        "mean": -5.29357713219e-09,
        "median": -4.34154712181e-09,
        "min": -3.32634648714e-08,
        "var": 2.07734813771e-17
    },
    "spectral_energy": {
        "dmean": 0.009431428276,
        "dmean2": 0.0155173838139,
        "dvar": 0.000285955116851,
        "dvar2": 0.000741759547964,
        "max": 0.132953062654,
        "mean": 0.0220682732761,
        "median": 0.018410673365,
        "min": 1.03709077924e-20,
        "var": 0.000337920093443
    },
    "spectral_energyband_high": {
        "dmean": 0.000656586431433,
        "dmean2": 0.000921408063732,
        "dvar": 1.23251618334e-06,
        "dvar2": 2.41061047745e-06,
        "max": 0.0146472416818,
        "mean": 0.00160370592494,
        "median": 0.000923437590245,
        "min": 7.54237176575e-21,
        "var": 4.19006119046e-06
    },
    "spectral_energyband_low": {
        "dmean": 0.00361500214785,
        "dmean2": 0.00628019077703,
        "dvar": 8.67083726916e-05,
        "dvar2": 0.000239117725869,
        "max": 0.0873254984617,
        "mean": 0.00501746265218,
        "median": 0.00336036761291,
        "min": 5.11912383336e-23,
        "var": 6.5038439061e-05
    },
    "spectral_energyband_middle_high": {
        "dmean": 0.00154727464542,
        "dmean2": 0.00228160130791,
        "dvar": 5.05818525198e-06,
        "dvar2": 1.12189782158e-05,
        "max": 0.0266062933952,
        "mean": 0.00418445514515,
        "median": 0.00286777433939,
        "min": 1.29231228834e-21,
        "var": 1.71261090145e-05
    },
    "spectral_energyband_middle_low": {
        "dmean": 0.00593095133081,
        "dmean2": 0.0096824914217,
        "dvar": 0.000170084633282,
        "dvar2": 0.00043890872621,
        "max": 0.109404705465,
        "mean": 0.0117589356378,
        "median": 0.00907325930893,
        "min": 2.43890245423e-22,
        "var": 0.000166429308592
    },
    "spectral_entropy": {
        "dmean": 0.118951864541,
        "dmean2": 0.172195151448,
        "dvar": 0.0179512910545,
        "dvar2": 0.0337524786592,
        "max": 9.79828834534,
        "mean": 7.67094421387,
        "median": 7.88358306885,
        "min": 4.70516061783,
        "var": 0.468294978142
    },
    "spectral_flux": {
        "dmean": 0.0243774000555,
        "dmean2": 0.0374217107892,
        "dvar": 0.00116562284529,
        "dvar2": 0.00221653468907,
        "max": 0.303229540586,
        "mean": 0.0811401754618,
        "median": 0.0732157304883,
        "min": 6.45972372815e-11,
        "var": 0.00285574840382
    },
    "spectral_kurtosis": {
        "dmean": 1.90272641182,
        "dmean2": 3.14215970039,
        "dvar": 23.3452835083,
        "dvar2": 62.6980438232,
        "max": 132.129043579,
        "mean": 5.83759832382,
        "median": 3.05441570282,
        "min": -1.2219851017,
        "var": 123.417930603
    },
    "spectral_rms": {
        "dmean": 0.000805469579063,
        "dmean2": 0.00126773549709,
        "dvar": 1.38936013627e-06,
        "dvar2": 3.50977120434e-06,
        "max": 0.0113890431821,
        "mean": 0.00428693275899,
        "median": 0.00423811655492,
        "min": 3.180873967e-12,
        "var": 3.15223587677e-06
    },
    "spectral_rolloff": {
        "dmean": 712.846923828,
        "dmean2": 1106.75598145,
        "dvar": 1121359,
        "dvar2": 2185810.75,
        "max": 19336.8164062,
        "mean": 2044.38146973,
        "median": 1550.390625,
        "min": 21.533203125,
        "var": 4225821
    },
    "spectral_skewness": {
        "dmean": 0.223115861416,
        "dmean2": 0.35530012846,
        "dvar": 0.0941787809134,
        "dvar2": 0.244009569287,
        "max": 9.26608467102,
        "mean": 1.56213009357,
        "median": 1.33127319813,
        "min": -0.0794935822487,
        "var": 1.01924979687
    },
    "spectral_spread": {
        "dmean": 515258,
        "dmean2": 715601.4375,
        "dvar": 623885156352,
        "dvar2": 1.09391950643e+12,
        "max": 41056088,
        "mean": 4944717,
        "median": 4842660,
        "min": 670257.5,
        "var": 5.23286662349e+12
    },
    "spectral_strongpeak": {
        "dmean": 0.347167044878,
        "dmean2": 0.593645215034,
        "dvar": 0.260065615177,
        "dvar2": 0.698874950409,
        "max": 5.94970560074,
        "mean": 0.545268416405,
        "median": 0.372938096523,
        "min": 0,
        "var": 0.311905950308
    },
    "zerocrossingrate": {
        "dmean": 0.0124961454421,
        "dmean2": 0.0137463556603,
        "dvar": 0.000236932799453,
        "dvar2": 0.000233346756431,
        "max": 0.50927734375,
        "mean": 0.0791434943676,
        "median": 0.07470703125,
        "min": 0,
        "var": 0.00249383132905
    },
    "barkbands": {
        "dmean": [0.000496587017551, 0.00238911947235, 0.00109298015013, 0.000991461216472, 0.00321407220326, 0.00090701051522, 0.0011475738138, 0.000779496273026, 0.000988260377198, 0.000553713529371, 0.000342800922226, 0.000268136791419, 0.000260504777543, 0.000260363711277, 0.000222794784349, 0.00018251905567, 0.000159210438142, 0.000168398764799, 0.000204064155696, 0.000257529813098, 0.000190269085579, 0.000156364578288, 0.000104355844087, 0.00010097973427, 8.46802067827e-05, 3.17507656291e-05, 1.83730353456e-05],
        "dmean2": [0.000721987045836, 0.00436278479174, 0.00192118063569, 0.00165976292919, 0.00533053651452, 0.00145368964877, 0.00192809756845, 0.00130893394817, 0.00163177435752, 0.000873992044944, 0.000545424059965, 0.000435668189311, 0.000420534197474, 0.000423231336754, 0.000358122575562, 0.000294908473734, 0.000264344038442, 0.000266693619778, 0.000322303618304, 0.000404319231166, 0.0003072716936, 0.000226072850637, 0.000151299929712, 0.000143536643009, 0.000114103131637, 4.45613804914e-05, 2.94035762636e-05],
        "dvar": [7.44494627725e-07, 5.05263269588e-05, 6.71465204505e-06, 2.703369546e-06, 6.83164034854e-05, 2.25183066505e-06, 7.33662409402e-06, 3.13982673106e-06, 4.34826097262e-06, 1.5472769519e-06, 7.76611386755e-07, 3.94894101419e-07, 2.69137842679e-07, 2.7439131145e-07, 2.23716554615e-07, 9.59270280987e-08, 4.90846758794e-08, 8.54119832638e-08, 1.26534800415e-07, 1.82648037139e-07, 1.4461528508e-07, 8.84920368094e-08, 3.79634030878e-08, 7.28457081323e-08, 6.6625361228e-08, 5.02086416887e-09, 2.50126874768e-09],
        "dvar2": [1.92502875507e-06, 0.000142059841892, 1.92516072275e-05, 7.33796468921e-06, 0.000178961578058, 5.80772575631e-06, 1.99787409656e-05, 8.3863051259e-06, 1.14413887786e-05, 3.97657231588e-06, 1.73645344148e-06, 9.7896997886e-07, 6.59392298985e-07, 6.617125905e-07, 5.28748216766e-07, 2.3672798477e-07, 1.26427565306e-07, 2.10684802937e-07, 3.16162243053e-07, 4.27011116244e-07, 3.89007624335e-07, 1.69990286736e-07, 6.97001141248e-08, 1.29747519395e-07, 1.11914388867e-07, 9.47128864226e-09, 5.71114888714e-09],
        "max": [0.0174220595509, 0.0501718297601, 0.0275907516479, 0.0189411286265, 0.0672470778227, 0.021429752931, 0.0275660771877, 0.0195787623525, 0.0277255252004, 0.0197085384279, 0.0229614935815, 0.00861827190965, 0.00906122196466, 0.0104250311852, 0.00828465726227, 0.00520744547248, 0.00368771329522, 0.00579578476027, 0.00576596381143, 0.00940057542175, 0.00632900837809, 0.00496935145929, 0.00357365910895, 0.00746805779636, 0.00587886897847, 0.00121069303714, 0.000668261724059],
        "mean": [0.000817087595351, 0.00208430900238, 0.00173462368548, 0.00193285651039, 0.00442431587726, 0.0016881354386, 0.00145356776193, 0.000857141625602, 0.00120276038069, 0.000735486391932, 0.000444736011559, 0.000352719420334, 0.000365122396033, 0.000399128242861, 0.000359778030543, 0.000333991105435, 0.000322442239849, 0.000316075602314, 0.000404587335652, 0.000546518305782, 0.000333557953127, 0.000299841369269, 0.000202761541004, 0.000199041518499, 0.000172231069882, 6.37365446892e-05, 2.17344950215e-05],
        "median": [0.000309608818498, 0.000677973323036, 0.000980263808742, 0.00132510659751, 0.00234132865444, 0.00110023608431, 0.000758689304348, 0.000300531159155, 0.00047101767268, 0.000218370434595, 0.000106999112177, 0.000117398885777, 0.000164193697856, 0.000211274251342, 0.000173421285581, 0.000230143195949, 0.000261139095528, 0.000192236504517, 0.000238285530941, 0.000296440994134, 0.000181603594683, 0.000140951393405, 9.98620671453e-05, 8.44719615998e-05, 5.43241367268e-05, 2.12296708924e-05, 8.55048540416e-07],
        "min": [1.40869692302e-24, 8.01906771327e-24, 2.60873303685e-23, 2.07332130756e-23, 1.58572086002e-23, 3.70769484837e-23, 2.11000996609e-23, 3.18268614338e-23, 4.57792233834e-23, 1.44740214667e-23, 3.05266482681e-23, 5.00446290078e-23, 5.66830702301e-23, 8.97960873284e-23, 7.27597841104e-23, 6.05943751268e-23, 1.37912614066e-22, 1.44683615475e-22, 1.91548226267e-22, 1.68391435275e-22, 3.1934886784e-22, 4.04162093173e-22, 4.81725068319e-22, 6.82206708887e-22, 1.14935231501e-21, 1.5614188197e-21, 2.31835340075e-21],
        "var": [2.23586698667e-06, 3.17800331686e-05, 6.18042167844e-06, 4.70348504678e-06, 5.84148474445e-05, 3.63321692021e-06, 6.06735738984e-06, 2.82627502202e-06, 4.17795354224e-06, 1.98325142264e-06, 1.20054789932e-06, 5.51719210762e-07, 4.04887401828e-07, 4.06053544566e-07, 3.73576426682e-07, 1.77683887159e-07, 1.0149988583e-07, 1.76295060328e-07, 2.73296336673e-07, 5.53379379653e-07, 2.09896526826e-07, 2.32969952663e-07, 9.76515011075e-08, 1.96293839849e-07, 1.97791877099e-07, 1.52241099727e-08, 3.6396947678e-09]
    },
    "erbbands": {
        "dmean": [0.0647574588656, 0.550404250622, 1.23820543289, 2.23552441597, 8.92024707794, 10.4518203735, 7.72556018829, 7.15944719315, 12.6807384491, 20.469203949, 15.8416051865, 22.2824954987, 18.634311676, 15.8288536072, 11.4862060547, 10.5501441956, 11.1836948395, 12.7192659378, 12.2241754532, 9.91084194183, 9.14509105682, 8.43951702118, 8.26622772217, 10.0956029892, 10.9289140701, 12.4642629623, 8.66086959839, 7.18743515015, 5.85185575485, 4.32607460022, 2.90492081642, 2.24588084221, 1.6516648531, 0.986440718174, 0.620480954647, 0.183335006237, 0.0497352033854, 0.0161490999162, 0.00298712286167, 0.000211275837501],
        "dmean2": [0.111461877823, 1.02745163441, 2.2237906456, 3.77444195747, 14.9896087646, 17.3768424988, 12.275677681, 11.6941051483, 21.8291339874, 34.1163291931, 26.3806476593, 36.7793159485, 30.0576057434, 24.3698139191, 17.7995510101, 16.94688797, 17.9078464508, 20.6281833649, 19.5122890472, 15.5512666702, 14.8386440277, 13.794210434, 12.9156742096, 16.2979164124, 17.0826034546, 19.5084075928, 14.2326831818, 11.3813476562, 8.68943881989, 6.11493062973, 4.26938056946, 3.23634624481, 2.36854934692, 1.30228793621, 0.873158335686, 0.255574405193, 0.0707405954599, 0.0247002299875, 0.00474742706865, 0.000341085164109],
        "dvar": [0.0380292609334, 2.70852947235, 9.8287229538, 15.1278133392, 575.59185791, 602.493347168, 149.178451538, 159.31854248, 957.319824219, 2516.02587891, 1141.09887695, 2399.13916016, 1758.70068359, 1238.35852051, 648.228881836, 639.392456055, 492.851501465, 671.739624023, 634.300231934, 373.868591309, 182.748092651, 131.904098511, 204.894256592, 372.234649658, 309.505187988, 476.221252441, 266.337982178, 189.516571045, 128.720306396, 66.8477096558, 28.9359703064, 31.2809963226, 21.3096733093, 7.79623985291, 3.89526295662, 0.247912690043, 0.0110196340829, 0.00142989715096, 7.01937315171e-05, 3.65692500282e-07],
        "dvar2": [0.101645082235, 7.7862496376, 28.2588558197, 41.7029418945, 1499.43017578, 1624.36938477, 374.758911133, 421.457183838, 2661.70166016, 6698.70996094, 2953.34838867, 6281.06591797, 4609.75292969, 3009.70922852, 1520.79016113, 1599.00537109, 1196.59289551, 1689.94189453, 1556.01147461, 827.728210449, 471.804351807, 332.594848633, 501.170196533, 922.966308594, 758.393981934, 1121.65856934, 708.154602051, 481.023803711, 257.488830566, 124.79335022, 56.5105514526, 56.3600997925, 40.7477378845, 12.2472190857, 7.60733556747, 0.434925734997, 0.0221966486424, 0.00311113195494, 0.000161665768246, 8.77804495758e-07],
        "max": [1.3766772747, 12.486041069, 32.1964569092, 44.3168716431, 193.622161865, 224.38142395, 163.031936646, 155.076919556, 311.339874268, 542.498168945, 453.512420654, 801.796447754, 786.08972168, 582.946594238, 454.299377441, 348.746246338, 426.0078125, 466.371459961, 323.783111572, 451.975982666, 249.56477356, 207.440078735, 291.413970947, 299.708343506, 347.361816406, 541.073547363, 248.997528076, 179.153411865, 225.61680603, 162.339630127, 96.7363739014, 128.444946289, 132.27381897, 57.9836006165, 45.6309280396, 10.4132575989, 1.98106122017, 0.466646909714, 0.112298324704, 0.00836034771055],
        "mean": [0.0529323779047, 0.506406128407, 1.88491654396, 4.46122312546, 10.9966812134, 14.1667842865, 16.4997253418, 12.9240436554, 16.6913146973, 23.8836612701, 19.1892948151, 26.9745826721, 24.382566452, 23.4328136444, 16.748840332, 14.6900053024, 16.4423885345, 20.0001316071, 19.725938797, 18.4132652283, 18.7517051697, 17.7907562256, 16.2743091583, 20.1209068298, 22.0813674927, 25.9532241821, 16.5929031372, 12.6887302399, 10.9878444672, 8.36167526245, 5.52797889709, 4.38298416138, 3.11736702919, 1.94546604156, 1.20558238029, 0.370380103588, 0.0965213105083, 0.0261690113693, 0.00345996511169, 0.000246107927524],
        "median": [0.00951039139181, 0.210237056017, 1.06397759914, 3.43614339828, 5.72137641907, 8.34758377075, 9.84455108643, 8.31918334961, 8.73863601685, 10.3300962448, 7.87573051453, 10.2527742386, 9.36189937592, 6.26724004745, 5.064930439, 5.29634809494, 7.8935880661, 10.7252597809, 10.0966024399, 10.2763528824, 14.4447841644, 14.7534198761, 10.891954422, 12.1072130203, 12.9711008072, 13.6957101822, 9.43200206757, 6.70587730408, 5.14874505997, 3.78385543823, 2.81499361992, 1.87264037132, 1.24399292469, 0.631530940533, 0.368156284094, 0.127336755395, 0.0311678890139, 0.00482258293778, 0.00014315675071, 3.63565195585e-05],
        "min": [3.46250943218e-22, 1.96413147878e-21, 2.42734341296e-20, 4.88887038785e-20, 4.48386595784e-20, 5.6125749063e-20, 1.49321674826e-19, 3.24373112798e-19, 2.49221712045e-19, 3.11878678892e-19, 6.0513690181e-19, 9.51125665731e-19, 7.76301094966e-19, 1.0935070238e-18, 1.53888019415e-18, 2.12741382331e-18, 2.98655483357e-18, 6.22936567142e-18, 5.1095686764e-18, 4.84811632352e-18, 4.50290242104e-18, 7.34287237147e-18, 8.83025891812e-18, 5.88863632863e-18, 9.92173531691e-18, 8.35167703112e-18, 1.11894392365e-17, 1.43369044806e-17, 1.52555547253e-17, 1.48939543749e-17, 1.44419349117e-17, 1.33279319033e-17, 1.18412120642e-17, 1.11778942767e-17, 8.93648793393e-18, 4.90937318378e-18, 2.73398991598e-18, 1.30498960267e-18, 2.90038474083e-19, 3.38192114896e-20],
        "var": [0.0271368734539, 1.60770237446, 7.80626821518, 20.0415687561, 477.873931885, 503.044647217, 438.85760498, 236.943374634, 763.144042969, 2159.13085938, 1161.73193359, 2299.40112305, 1895.90332031, 2021.65942383, 1202.7277832, 907.126586914, 774.873718262, 919.221252441, 965.018554688, 833.702148438, 401.374816895, 292.787628174, 411.691986084, 747.721740723, 779.653015137, 1328.48535156, 459.353668213, 334.886077881, 317.623474121, 177.866088867, 72.557182312, 83.9597625732, 51.3890838623, 24.0792198181, 10.3135881424, 0.75460767746, 0.0296130366623, 0.00277019594796, 9.9527547718e-05, 4.62760311848e-07]
    },
    "gfcc": {
        "mean": [-1.46059131622, 79.3000640869, -108.605873108, 30.6420879364, -64.7710266113, 0.702782154083, -43.7940711975, 3.27917003632, -27.4284267426, 0.254261463881, -20.75157547, -2.97787976265, -10.923781395],
        "cov": [[15463.5634766, -3457.171875, -834.301757812, 1733.48803711, -217.719909668, 1317.30041504, 300.394866943, 577.01965332, -529.06237793, 305.860595703, -491.016540527, -183.444381714, -619.809631348], [-3457.171875, 2026.22033691, -254.803375244, -405.692352295, 103.813018799, -561.15246582, -31.9575443268, -200.441726685, 166.279174805, -194.95085144, 210.373138428, -35.9405899048, 244.311386108], [-834.301757812, -254.803375244, 666.228210449, -135.312255859, 95.5485839844, -41.7834281921, -69.2837905884, -32.1312294006, 65.6388092041, 27.694858551, -10.6745834351, 62.5879211426, -1.20172548294], [1733.48803711, -405.692352295, -135.312255859, 661.368103027, 19.6213531494, 196.692108154, 44.1422843933, 98.0653686523, -32.6815834045, 44.3939285278, -32.1727485657, -50.7249832153, -63.0336494446], [-217.719909668, 103.813018799, 95.5485839844, 19.6213531494, 339.668457031, -67.5397644043, 12.6453619003, -13.5553827286, 73.0618286133, -35.9998168945, 34.4928436279, -20.423324585, 11.5890808105], [1317.30041504, -561.15246582, -41.7834281921, 196.692108154, -67.5397644043, 338.94354248, 52.9008750916, 109.303367615, -83.4382400513, 78.2414474487, -62.9724884033, 12.8686027527, -83.5199584961], [300.394866943, -31.9575443268, -69.2837905884, 44.1422843933, 12.6453619003, 52.9008750916, 153.592727661, 38.6119346619, -14.4400424957, -6.57837295532, 13.4682378769, -16.7254772186, 4.59071350098], [577.01965332, -200.441726685, -32.1312294006, 98.0653686523, -13.5553827286, 109.303367615, 38.6119346619, 116.996315002, -6.99619674683, 28.0963115692, -29.1777915955, 3.28176879883, -23.6468696594], [-529.06237793, 166.279174805, 65.6388092041, -32.6815834045, 73.0618286133, -83.4382400513, -14.4400424957, -6.99619674683, 130.685302734, -7.42300653458, 16.2352027893, -14.212018013, 30.8072147369], [305.860595703, -194.95085144, 27.694858551, 44.3939285278, -35.9998168945, 78.2414474487, -6.57837295532, 28.0963115692, -7.42300653458, 101.528877258, -12.3491916656, 13.0539875031, -26.3661594391], [-491.016540527, 210.373138428, -10.6745834351, -32.1727485657, 34.4928436279, -62.9724884033, 13.4682378769, -29.1777915955, 16.2352027893, -12.3491916656, 86.6740722656, 12.4861879349, 35.3585662842], [-183.444381714, -35.9405899048, 62.5879211426, -50.7249832153, -20.423324585, 12.8686027527, -16.7254772186, 3.28176879883, -14.212018013, 13.0539875031, 12.4861879349, 72.1022796631, 12.1147594452], [-619.809631348, 244.311386108, -1.20172548294, -63.0336494446, 11.5890808105, -83.5199584961, 4.59071350098, -23.6468696594, 30.8072147369, -26.3661594391, 35.3585662842, 12.1147594452, 79.4518890381]],
        "icov": [[0.000187587778782, 0.000191565442947, 0.000229602039326, -0.000224635907216, -8.38035994093e-05, 3.61595848517e-05, -0.000135915033752, -0.000154288834892, 0.000252175610512, -2.11916740227e-05, 0.000326033681631, 8.23094669613e-05, 0.000449294981081], [0.000191565442947, 0.00180750782602, 0.000990502769127, 0.000178402740858, -4.44051038357e-05, 0.00113657361362, 0.000216199608985, 0.000176113651833, -0.000491152284667, 0.000880322710145, -0.00146402593236, 0.000754835491534, -0.00164689298254], [0.000229602039326, 0.000990502769127, 0.00269125262275, 0.000164324708749, -0.000739494047593, 0.000563509645872, 0.000270466320217, 0.000665098254103, -0.00111240672413, -0.000204517389648, 0.000523919123225, -0.00172549579293, 0.000192412699107], [-0.000224635907216, 0.000178402740858, 0.000164324708749, 0.00252268766053, -0.000246335985139, -0.000824895047117, 0.000609071750659, -0.000713459623512, -0.000384432758437, 1.51922977238e-05, -0.00140808522701, 0.00170982896816, -0.000855808786582], [-8.38035994093e-05, -4.44051038357e-05, -0.000739494047593, -0.000246335985139, 0.00394458742812, 0.000189931786736, -0.000393109919969, -2.096091157e-05, -0.00190739170648, 0.00146873737685, -0.00181008386426, 0.000757921661716, 0.000833895115647], [3.61595848517e-05, 0.00113657361362, 0.000563509645872, -0.000824895047117, 0.000189931786736, 0.00851972401142, -0.0017376706237, -0.00327001465484, 0.00213798577897, -0.00226538558491, 0.00104758318048, -0.00189146585763, 0.0024380965624], [-0.000135915033752, 0.000216199608985, 0.000270466320217, 0.000609071750659, -0.000393109919969, -0.0017376706237, 0.00899046100676, -0.00269433483481, 0.000775360502303, 0.00139164598659, -0.0036304264795, 0.0034082243219, -0.00307131186128], [-0.000154288834892, 0.000176113651833, 0.000665098254103, -0.000713459623512, -2.096091157e-05, -0.00327001465484, -0.00269433483481, 0.014913125895, -0.0034720946569, -0.000573053199332, 0.00293269986287, -0.00306021026336, -0.00082371692406], [0.000252175610512, -0.000491152284667, -0.00111240672413, -0.000384432758437, -0.00190739170648, 0.00213798577897, 0.000775360502303, -0.0034720946569, 0.012737496756, -0.00252970866859, 0.000973286514636, 0.00367242260836, -0.00216833502054], [-2.11916740227e-05, 0.000880322710145, -0.000204517389648, 1.51922977238e-05, 0.00146873737685, -0.00226538558491, 0.00139164598659, -0.000573053199332, -0.00252970866859, 0.0141333863139, -0.00284199090675, -0.00105597428046, 0.00138695759233], [0.000326033681631, -0.00146402593236, 0.000523919123225, -0.00140808522701, -0.00181008386426, 0.00104758318048, -0.0036304264795, 0.00293269986287, 0.000973286514636, -0.00284199090675, 0.0201658438891, -0.00562991760671, -0.00105258997064], [8.23094669613e-05, 0.000754835491534, -0.00172549579293, 0.00170982896816, 0.000757921661716, -0.00189146585763, 0.0034082243219, -0.00306021026336, 0.00367242260836, -0.00105597428046, -0.00562991760671, 0.0215544421226, -0.00611067935824], [0.000449294981081, -0.00164689298254, 0.000192412699107, -0.000855808786582, 0.000833895115647, 0.0024380965624, -0.00307131186128, -0.00082371692406, -0.00216833502054, 0.00138695759233, -0.00105258997064, -0.00611067935824, 0.0255541056395]]
    },
    "melbands": {
        "dmean": [0.000623725121841, 0.000681552046444, 0.000513669394422, 0.000802661699709, 0.000270784163149, 0.00016300578136, 0.000203607065487, 0.000212550483411, 0.000131521286676, 0.000144759818795, 9.49502937146e-05, 6.66914056637e-05, 4.23558522016e-05, 3.23529857269e-05, 2.61742825387e-05, 2.54906590271e-05, 2.50970351772e-05, 2.14610881812e-05, 1.63266231539e-05, 1.3447778656e-05, 1.11710523925e-05, 9.44861403696e-06, 8.98359758139e-06, 8.21509456728e-06, 8.80469451658e-06, 8.61305579747e-06, 8.6985892267e-06, 9.05768138182e-06, 5.92832748225e-06, 5.25504719917e-06, 4.13841280533e-06, 3.52386336999e-06, 3.16332580041e-06, 2.31375588555e-06, 1.81275868272e-06, 1.48736830852e-06, 1.46773379583e-06, 1.28214628603e-06, 1.02923820577e-06, 8.42683107294e-07],
        "dmean2": [0.00108986324631, 0.0012418339029, 0.00086622784147, 0.00134645332582, 0.000429349689512, 0.000263614114374, 0.00034791228245, 0.000354696705472, 0.000220086774789, 0.000239115994191, 0.000153547109221, 0.000102994657937, 6.61939120619e-05, 5.27540105395e-05, 4.28317471233e-05, 4.14866444771e-05, 4.1028670239e-05, 3.45885491697e-05, 2.58393811237e-05, 2.14794472413e-05, 1.83361007657e-05, 1.56069563673e-05, 1.48247354446e-05, 1.29222544274e-05, 1.43233892231e-05, 1.37836132126e-05, 1.38644591061e-05, 1.42669205161e-05, 9.72710040514e-06, 8.69890573085e-06, 6.58542921883e-06, 5.35412164027e-06, 4.68611051474e-06, 3.33804041475e-06, 2.73152477348e-06, 2.25404210141e-06, 2.12820350498e-06, 1.91099525182e-06, 1.44351895415e-06, 1.1578658814e-06],
        "dvar": [3.32495710609e-06, 3.37691722052e-06, 8.8926179842e-07, 4.79553546029e-06, 1.69040404785e-07, 8.11161200431e-08, 2.36682964783e-07, 2.69001873221e-07, 7.60511511544e-08, 9.72786438069e-08, 4.48749233328e-08, 2.1603993261e-08, 1.00175698847e-08, 5.96419891252e-09, 3.36064909234e-09, 2.87317170056e-09, 2.69573074974e-09, 2.06344963338e-09, 1.28244359576e-09, 6.46786235681e-10, 2.71045075273e-10, 1.85911022688e-10, 1.91552995688e-10, 2.38327746427e-10, 3.05201086626e-10, 2.4012283828e-10, 1.81049703007e-10, 2.95075713863e-10, 1.16656753701e-10, 1.24070531626e-10, 6.46736691978e-11, 5.12448937451e-11, 3.50116879932e-11, 2.03670136312e-11, 1.16842707384e-11, 1.03150673766e-11, 1.46997379546e-11, 1.36803207651e-11, 8.98716257663e-12, 6.04039474689e-12],
        "dvar2": [9.05034539755e-06, 9.7121737781e-06, 2.38916140916e-06, 1.26044969875e-05, 4.28447464174e-07, 2.1201546474e-07, 6.55480505429e-07, 7.20721061498e-07, 1.9707944432e-07, 2.54646920439e-07, 1.17622214191e-07, 5.26217753816e-08, 2.28337420083e-08, 1.47081999913e-08, 8.30720825462e-09, 7.11196701531e-09, 6.72263267276e-09, 5.08000264077e-09, 3.05307823467e-09, 1.53078949516e-09, 7.24829751775e-10, 4.74628836233e-10, 5.03396713203e-10, 5.79334580308e-10, 7.57462426115e-10, 6.11147965568e-10, 4.270785392e-10, 6.88901879986e-10, 3.02539326924e-10, 3.44275719044e-10, 1.6189592722e-10, 1.08966544121e-10, 6.78765446627e-11, 3.97610347425e-11, 2.40078304459e-11, 2.13494482509e-11, 2.68116605306e-11, 2.85549223156e-11, 1.53880224535e-11, 1.07217368664e-11],
        "max": [0.0119798667729, 0.0174400657415, 0.00940916966647, 0.0180456694216, 0.0055145798251, 0.00361611391418, 0.00525084650144, 0.00521616265178, 0.00303781568073, 0.00457108952105, 0.00389038608409, 0.00242230203003, 0.00219524442218, 0.000985124264844, 0.000883866043296, 0.000963040743954, 0.000862288288772, 0.000671839923598, 0.000679457327351, 0.000458192458609, 0.000313109107083, 0.000239263114054, 0.000196100620087, 0.000399795739213, 0.000296349113341, 0.000271903991234, 0.000201469098101, 0.000431353080785, 0.000160054099979, 0.000231288649957, 0.000130304440972, 0.000153446875629, 9.46419531829e-05, 8.91289600986e-05, 6.93285110174e-05, 4.94973464811e-05, 0.000103631493403, 0.000116015427921, 7.29430394131e-05, 5.51279263163e-05],
        "mean": [0.000561401422601, 0.000890852650627, 0.000949565845076, 0.000975263072178, 0.000591528078075, 0.000293773744488, 0.000266353628831, 0.000245354953222, 0.000154885856318, 0.000173987064045, 0.000120510201668, 9.65106810327e-05, 5.85392590438e-05, 4.2663737986e-05, 3.54431831511e-05, 3.63120816473e-05, 3.75256386178e-05, 3.23719796143e-05, 2.62959583779e-05, 2.3458052965e-05, 2.1404137442e-05, 1.83939609997e-05, 1.60689669428e-05, 1.48341450767e-05, 1.61280840985e-05, 1.5735582565e-05, 1.62098367582e-05, 1.79442813533e-05, 1.09858028736e-05, 8.28240263218e-06, 6.95555672792e-06, 6.19033198745e-06, 5.63503317608e-06, 4.27236318501e-06, 3.26605777445e-06, 2.66378242486e-06, 2.69985548584e-06, 2.27876967074e-06, 1.85622764093e-06, 1.5530034716e-06],
        "median": [0.000156553986017, 0.000501923961565, 0.000698972551618, 0.000523835711647, 0.000370255642338, 0.000189006546861, 0.000143732686411, 0.000103301732452, 5.77038590563e-05, 6.50939400657e-05, 4.46747762908e-05, 2.51081437455e-05, 1.61326497619e-05, 1.28663305077e-05, 1.48343751789e-05, 1.74911729118e-05, 1.94276271941e-05, 1.61453481269e-05, 1.27188586703e-05, 1.44962577906e-05, 1.64570537891e-05, 1.439825337e-05, 1.16500814329e-05, 8.47939736559e-06, 8.94725690159e-06, 8.62857905304e-06, 8.61184162204e-06, 8.24407743494e-06, 5.87397471463e-06, 4.12343115386e-06, 3.53438599632e-06, 2.81941925095e-06, 2.29659326578e-06, 1.94312679014e-06, 1.62897026712e-06, 1.17624063023e-06, 1.12073769287e-06, 9.26760435505e-07, 6.04282661243e-07, 4.83933149553e-07],
        "min": [2.82080685274e-24, 9.03112024555e-24, 1.12651175311e-23, 3.30214335026e-24, 4.51550135264e-24, 7.73901262559e-24, 4.13058771799e-24, 3.82100990535e-24, 4.21704016788e-24, 5.5472541083e-24, 2.92076026259e-24, 4.00778889631e-24, 4.13438371666e-24, 4.07111194447e-24, 5.35085338088e-24, 6.69378691453e-24, 1.12097174075e-23, 8.5113942265e-24, 4.95308446891e-24, 6.75789527371e-24, 4.0515868482e-24, 7.53399950923e-24, 7.42515958128e-24, 7.55498242045e-24, 3.49693440701e-24, 7.98082846975e-24, 5.21582997619e-24, 5.36364673261e-24, 6.06375329181e-24, 8.18858366661e-24, 7.07943418982e-24, 8.92005336326e-24, 7.46489134963e-24, 7.71993875776e-24, 8.5502432595e-24, 6.63562419999e-24, 7.98782093282e-24, 8.05482125608e-24, 8.77342305364e-24, 9.63644477256e-24],
        "var": [2.30296859627e-06, 2.29216493608e-06, 1.04608898255e-06, 3.82484586225e-06, 5.22332015862e-07, 1.23530185192e-07, 1.91249455384e-07, 2.27789968221e-07, 7.70963595187e-08, 9.38517388249e-08, 4.83423363562e-08, 3.49635165264e-08, 1.70266734045e-08, 8.46652525865e-09, 4.51709114557e-09, 4.01754540746e-09, 3.59605700773e-09, 2.92645285782e-09, 2.19372031651e-09, 1.20346355104e-09, 5.42870859377e-10, 3.56801893586e-10, 3.30862476305e-10, 4.7555642757e-10, 5.57011492486e-10, 4.8192855262e-10, 4.23285601014e-10, 8.04148581057e-10, 2.27101726313e-10, 1.52642662399e-10, 1.12722851886e-10, 1.10170823853e-10, 8.96212132284e-11, 4.80945734627e-11, 2.59277235098e-11, 2.31158044095e-11, 3.80017788071e-11, 2.73125098926e-11, 2.37261425784e-11, 1.6395438826e-11]
    },
    "mfcc": {
        "mean": [-642.014587402, 110.023414612, 8.61972045898, 25.9734764099, -0.337669461966, -1.08184373379, -6.73376989365, -3.83611249924, -2.6789791584, -0.864002346992, -5.35001420975, -3.13386273384, -5.12559747696],
        "cov": [[12375.7558594, -3024.75878906, -895.84753418, 577.035339355, -140.24887085, 667.768554688, 695.625366211, 451.635986328, 72.8457565308, 571.725341797, 78.932762146, -200.545089722, -80.4805145264], [-3024.75878906, 1600.22473145, -58.7699241638, -117.486755371, 8.82052516937, -270.962310791, -165.932113647, -111.012634277, -48.3472671509, -140.449020386, -60.8344154358, 39.4226493835, 16.5932598114], [-895.84753418, -58.7699241638, 490.1512146, -55.4302139282, 18.6237354279, -16.2274570465, -94.5529937744, -47.2883262634, 20.8793640137, -76.4698638916, 14.9726276398, 33.4161834717, 25.2930355072], [577.035339355, -117.486755371, -55.4302139282, 348.888671875, 106.763687134, 33.3965301514, 25.4820556641, 18.4296360016, -2.54896712303, 63.5886230469, -4.13274097443, -32.8959999084, 15.8175201416], [-140.24887085, 8.82052516937, 18.6237354279, 106.763687134, 264.386383057, 11.941151619, -35.466293335, 4.57020998001, -1.72555112839, 23.6929855347, 12.0104322433, -26.9483299255, 10.8961048126], [667.768554688, -270.962310791, -16.2274570465, 33.3965301514, 11.941151619, 145.336227417, 60.5564956665, 23.7393627167, 5.48480415344, 40.9395980835, 23.0526351929, -3.63365793228, 5.73806524277], [695.625366211, -165.932113647, -94.5529937744, 25.4820556641, -35.466293335, 60.5564956665, 176.069946289, 58.9468955994, -5.34403896332, 24.5894317627, -0.409792453051, -7.47197580338, 5.68228721619], [451.635986328, -111.012634277, -47.2883262634, 18.4296360016, 4.57020998001, 23.7393627167, 58.9468955994, 101.865989685, 21.2702388763, 31.736164093, -4.17087602615, -15.9442939758, -5.13320159912], [72.8457565308, -48.3472671509, 20.8793640137, -2.54896712303, -1.72555112839, 5.48480415344, -5.34403896332, 21.2702388763, 80.7270278931, 31.0091724396, 5.39076662064, 5.78658390045, 1.17119693756], [571.725341797, -140.449020386, -76.4698638916, 63.5886230469, 23.6929855347, 40.9395980835, 24.5894317627, 31.736164093, 31.0091724396, 132.776229858, 9.04862213135, -36.6851463318, -5.05468463898], [78.932762146, -60.8344154358, 14.9726276398, -4.13274097443, 12.0104322433, 23.0526351929, -0.409792453051, -4.17087602615, 5.39076662064, 9.04862213135, 57.0672340393, 19.8046226501, -3.50975871086], [-200.545089722, 39.4226493835, 33.4161834717, -32.8959999084, -26.9483299255, -3.63365793228, -7.47197580338, -15.9442939758, 5.78658390045, -36.6851463318, 19.8046226501, 83.2660903931, 13.0163297653], [-80.4805145264, 16.5932598114, 25.2930355072, 15.8175201416, 10.8961048126, 5.73806524277, 5.68228721619, -5.13320159912, 1.17119693756, -5.05468463898, -3.50975871086, 13.0163297653, 60.0871124268]],
