{
"lowlevel": {
    "average_loudness": 0.966545283794,
    "barkbands_crest": {
        "dmean": 2.850669384,
        "dmean2": 4.82103490829,
        "dvar": 8.06870555878,
        "dvar2": 21.2148303986,
        "max": 22.7796897888,
        "mean": 7.8093380928,
        "median": 6.8966422081,
        "min": 2.75085926056,
        "var": 10.7221918106
    },
    "barkbands_flatness_db": {
        "dmean": 0.0195875056088,
        "dmean2": 0.0298508815467,
        "dvar": 0.000294333236525,
        "dvar2": 0.000732615415473,
        "max": 0.247906938195,
        "mean": 0.0835776031017,
        "median": 0.0815542414784,
        "min": 0.0183172989637,
        "var": 0.000731274310965
    },
    "barkbands_kurtosis": {
        "dmean": 2.16966032982,
        "dmean2": 3.59103536606,
        "dvar": 7.24977493286,
        "dvar2": 18.9563980103,
        "max": 31.7374572754,
        "mean": 2.461176157,
        "median": 1.79000759125,
        "min": -1.7897746563,
        "var": 9.11935329437
    },
    "barkbands_skewness": {
        "dmean": 0.485942512751,
        "dmean2": 0.76875525713,
        "dvar": 0.242503449321,
        "dvar2": 0.598193347454,
        "max": 5.32623243332,
        "mean": 1.4510089159,
        "median": 1.40439808369,
        "min": -2.11078357697,
        "var": 0.50471997261
    },
    "barkbands_spread": {
        "dmean": 7.70979785919,
        "dmean2": 11.5807266235,
        "dvar": 74.2348861694,
        "dvar2": 144.026580811,
        "max": 101.193771362,
        "mean": 27.0410575867,
        "median": 23.3334503174,
        "min": 2.23490166664,
        "var": 211.838851929
    },
    "dissonance": {
        "dmean": 0.0158557798713,
        "dmean2": 0.0268634818494,
        "dvar": 0.000216888045543,
        "dvar2": 0.00058615161106,
        "max": 0.500000119209,
        "mean": 0.475514173508,
        "median": 0.479579895735,
        "min": 0.3181656003,
        "var": 0.000310747214826
    },
    "dynamic_complexity": 1.77519583702,
    "erbbands_crest": {
        "dmean": 2.39373421669,
        "dmean2": 3.95442819595,
        "dvar": 6.78260278702,
        "dvar2": 17.5959720612,
        "max": 24.4162197113,
        "mean": 6.68124485016,
        "median": 5.65757036209,
        "min": 2.42641401291,
        "var": 11.47676754
    },
    "erbbands_flatness_db": {
        "dmean": 0.0208792537451,
        "dmean2": 0.0286902040243,
        "dvar": 0.000358272838639,
        "dvar2": 0.000681411765981,
        "max": 0.245555013418,
        "mean": 0.120661050081,
        "median": 0.118814915419,
        "min": 0.0334227010608,
        "var": 0.00108086119872
    },
    "erbbands_kurtosis": {
        "dmean": 0.731911420822,
        "dmean2": 1.19878292084,
        "dvar": 0.811000108719,
        "dvar2": 2.12184333801,
        "max": 6.82861423492,
        "mean": -0.0418213009834,
        "median": -0.370056867599,
        "min": -1.58918273449,
        "var": 1.2647151947
    },
    "erbbands_skewness": {
        "dmean": 0.343642443419,
        "dmean2": 0.545294284821,
        "dvar": 0.102862246335,
        "dvar2": 0.25567522645,
        "max": 2.27086806297,
        "mean": 0.487900257111,
        "median": 0.426255911589,
        "min": -0.899103879929,
        "var": 0.243233412504
    },
    "erbbands_spread": {
        "dmean": 9.2405872345,
        "dmean2": 13.8433389664,
        "dvar": 83.5241928101,
        "dvar2": 162.155853271,
        "max": 122.048072815,
        "mean": 44.7130508423,
        "median": 41.9142951965,
        "min": 11.6015434265,
        "var": 277.297485352
    },
    "hfc": {
        "dmean": 10.0632858276,
        "dmean2": 14.3482456207,
        "dvar": 158.241592407,
        "dvar2": 310.898193359,
        "max": 192.12020874,
        "mean": 26.0411205292,
        "median": 21.5238437653,
        "min": 1.12852568608e-16,
        "var": 387.288696289
    },
    "melbands_crest": {
        "dmean": 3.13645243645,
        "dmean2": 5.26771831512,
        "dvar": 8.39260196686,
        "dvar2": 21.5507030487,
        "max": 25.1166133881,
        "mean": 11.1840085983,
        "median": 10.6130161285,
        "min": 1.79118299484,
        "var": 13.3038034439
    },
    "melbands_flatness_db": {
        "dmean": 0.0231506619602,
        "dmean2": 0.0358777418733,
        "dvar": 0.000492682098411,
        "dvar2": 0.00122269499116,
        "max": 0.360027849674,
        "mean": 0.153526067734,
        "median": 0.154313668609,
        "min": 0.0033556940034,
        "var": 0.00137042661663
    },
    "melbands_kurtosis": {
        "dmean": 5.15045976639,
        "dmean2": 8.5118188858,
        "dvar": 64.3899612427,
        "dvar2": 173.618011475,
        "max": 116.317344666,
        "mean": 9.2619638443,
        "median": 7.33081531525,
        "min": -1.30217564106,
        "var": 65.514465332
    },
    "melbands_skewness": {
        "dmean": 0.640235722065,
        "dmean2": 1.01403164864,
        "dvar": 0.533328294754,
        "dvar2": 1.36839926243,
        "max": 9.01723003387,
        "mean": 2.39473414421,
        "median": 2.33044624329,
        "min": -0.3092032969,
        "var": 0.934449613094
    },
    "melbands_spread": {
        "dmean": 6.74748373032,
        "dmean2": 10.4405851364,
        "dvar": 50.9547386169,
        "dvar2": 110.503448486,
        "max": 149.132293701,
        "mean": 24.2802619934,
        "median": 21.5780925751,
        "min": 2.98130607605,
        "var": 199.44644165
    },
    "pitch_salience": {
        "dmean": 0.0716893598437,
        "dmean2": 0.116926833987,
        "dvar": 0.00434114923701,
        "dvar2": 0.0115285664797,
        "max": 0.874121665955,
        "mean": 0.665346086025,
        "median": 0.677466213703,
        "min": 0.284922122955,
        "var": 0.00737807899714
    },
    "silence_rate_20dB": {
        "dmean": 0,
        "dmean2": 0,
        "dvar": 0,
        "dvar2": 0,
        "max": 1,
        "mean": 1,
        "median": 1,
        "min": 1,
        "var": 0
    },
    "silence_rate_30dB": {
        "dmean": 0.000773993786424,
        "dmean2": 0.00154858687893,
        "dvar": 0.000773391802795,
        "dvar2": 0.00232046865858,
        "max": 1,
        "mean": 0.999613165855,
        "median": 1,
        "min": 0,
        "var": 0.000386726344004
    },
    "silence_rate_60dB": {
        "dmean": 0.000386996893212,
        "dmean2": 0.000774293439463,
        "dvar": 0.0003868759959,
        "dvar2": 0.000773690466303,
        "max": 1,
        "mean": 0.00696324929595,
        "median": 0,
        "min": 0,
        "var": 0.00691396556795
    },
    "spectral_centroid": {
        "dmean": 240.944076538,
        "dmean2": 369.488342285,
        "dvar": 69648.2421875,
        "dvar2": 131397.46875,
        "max": 11425.2558594,
        "mean": 1346.99658203,
        "median": 1225.33068848,
        "min": 352.259918213,
        "var": 726940
    },
    "spectral_complexity": {
        "dmean": 4.00116109848,
        "dmean2": 6.21873807907,
        "dvar": 10.973320961,
        "dvar2": 24.9453983307,
        "max": 48,
        "mean": 25.2893619537,
        "median": 25,
        "min": 0,
        "var": 38.1599960327
    },
    "spectral_decrease": {
        "dmean": 3.28063398669e-09,
        "dmean2": 5.3667661426e-09,
        "dvar": 2.33091406791e-17,
        "dvar2": 5.99574918692e-17,
        "max": 1.93019515699e-28,
        "mean": -6.70141853121e-09,
        "median": -5.01889951821e-09,
        "min": -4.10891836111e-08,
        "var": 2.53634883981e-17
    },
    "spectral_energy": {
        "dmean": 0.0129603603855,
        "dmean2": 0.0211244616657,
        "dvar": 0.000357248267392,
        "dvar2": 0.000912073999643,
        "max": 0.163469165564,
        "mean": 0.0276546757668,
        "median": 0.0213264543563,
        "min": 1.03012154025e-20,
        "var": 0.000399037526222
    },
    "spectral_energyband_high": {
        "dmean": 0.000695588649251,
        "dmean2": 0.000971385394223,
        "dvar": 1.06852075987e-06,
        "dvar2": 1.87296564036e-06,
        "max": 0.0176551006734,
        "mean": 0.0013545936672,
        "median": 0.000751399493311,
        "min": 7.38667521028e-21,
        "var": 2.84243787974e-06
    },
    "spectral_energyband_low": {
        "dmean": 0.00433419970796,
        "dmean2": 0.00763013819233,
        "dvar": 0.00013675315131,
        "dvar2": 0.00037763218279,
        "max": 0.141048669815,
        "mean": 0.00542120449245,
        "median": 0.00297183031216,
        "min": 2.68694828006e-23,
        "var": 9.6332441899e-05
    },
    "spectral_energyband_middle_high": {
        "dmean": 0.00177925347816,
        "dmean2": 0.00266030267812,
        "dvar": 6.22738934908e-06,
        "dvar2": 1.37777678901e-05,
        "max": 0.0318148173392,
        "mean": 0.00476593431085,
        "median": 0.00348685891367,
        "min": 1.17617096046e-21,
        "var": 1.32863378894e-05
    },
    "spectral_energyband_middle_low": {
        "dmean": 0.00894290674478,
        "dmean2": 0.0144140515476,
        "dvar": 0.000229845551075,
        "dvar2": 0.00057825143449,
        "max": 0.147944003344,
        "mean": 0.0169631112367,
        "median": 0.0116652343422,
        "min": 1.6557126385e-22,
        "var": 0.000241499117692
    },
    "spectral_entropy": {
        "dmean": 0.143446132541,
        "dmean2": 0.203023895621,
        "dvar": 0.0180651172996,
        "dvar2": 0.0321761295199,
        "max": 9.81991958618,
        "mean": 7.8774933815,
        "median": 7.8355307579,
        "min": 6.87169885635,
        "var": 0.0839174240828
    },
    "spectral_flux": {
        "dmean": 0.0323086306453,
        "dmean2": 0.0505463778973,
        "dvar": 0.00153941870667,
        "dvar2": 0.00297845574096,
        "max": 0.321743696928,
        "mean": 0.100290350616,
        "median": 0.0887228325009,
        "min": 6.63623600516e-11,
        "var": 0.00277275382541
    },
    "spectral_kurtosis": {
        "dmean": 1.1181397438,
        "dmean2": 1.74373209476,
        "dvar": 1.25580513477,
        "dvar2": 3.25138783455,
        "max": 19.4648857117,
        "mean": 3.81732964516,
        "median": 3.78274679184,
        "min": -1.21925115585,
        "var": 3.50418925285
    },
    "spectral_rms": {
        "dmean": 0.00105275702663,
        "dmean2": 0.00165124586783,
        "dvar": 1.71338524524e-06,
        "dvar2": 4.18943409386e-06,
        "max": 0.0126286223531,
        "mean": 0.00493042264134,
        "median": 0.00456139212474,
        "min": 3.17016812107e-12,
        "var": 2.6711531973e-06
    },
    "spectral_rolloff": {
        "dmean": 745.554199219,
        "dmean2": 1225.34411621,
        "dvar": 1891316.75,
        "dvar2": 3629861.5,
        "max": 19659.8144531,
        "mean": 1903.96020508,
        "median": 1291.9921875,
        "min": 107.666015625,
        "var": 5677600.5
    },
    "spectral_skewness": {
        "dmean": 0.19314584136,
        "dmean2": 0.292993783951,
        "dvar": 0.0335936509073,
        "dvar2": 0.0773984417319,
        "max": 4.11664056778,
        "mean": 1.55587029457,
        "median": 1.57530760765,
        "min": -0.0564006231725,
        "var": 0.124649457633
    },
    "spectral_spread": {
        "dmean": 960834.375,
        "dmean2": 1270439.125,
        "dvar": 1.2698025984e+12,
        "dvar2": 2.16176381133e+12,
        "max": 41368724,
        "mean": 5730661.5,
        "median": 5148367.5,
        "min": 2044051.25,
        "var": 1.09151057347e+13
    },
    "spectral_strongpeak": {
        "dmean": 0.495667695999,
        "dmean2": 0.83588975668,
        "dvar": 0.409013152122,
        "dvar2": 1.03968000412,
        "max": 5.9767870903,
        "mean": 0.71394187212,
        "median": 0.412492990494,
        "min": 0,
        "var": 0.578222632408
    },
    "zerocrossingrate": {
        "dmean": 0.0167480092496,
        "dmean2": 0.0188962761313,
        "dvar": 0.000384469953133,
        "dvar2": 0.000410203239881,
        "max": 0.52197265625,
        "mean": 0.0844535753131,
        "median": 0.06982421875,
        "min": 0.01513671875,
        "var": 0.00296625052579
    },
    "barkbands": {
        "dmean": [0.000544893962797, 0.00288986018859, 0.00123698101379, 0.00108872703277, 0.0039841751568, 0.00214874255471, 0.00148231000639, 0.00121090817265, 0.00244265375659, 0.000733096967451, 0.000494327861816, 0.000456450477941, 0.000407860148698, 0.00030266091926, 0.000160312119988, 0.000184941018233, 0.000119176860608, 8.80835868884e-05, 0.000143948302139, 0.00015362931299, 0.000100276156445, 8.00904890639e-05, 9.44039202295e-05, 0.000132577333716, 0.000183178271982, 0.000134576577693, 4.54687724414e-05],
        "dmean2": [0.000827814685181, 0.00529995048419, 0.00219755037688, 0.00184203963727, 0.00656581390649, 0.00346857914701, 0.00254648202099, 0.00209434446879, 0.00404219515622, 0.00122953904793, 0.000801659538411, 0.000738226633985, 0.000657077296637, 0.000503823452163, 0.000259740598267, 0.000311061885441, 0.000201487026061, 0.000147331200424, 0.000227131400607, 0.000244299619226, 0.000163035670994, 0.000117663723358, 0.000136708462378, 0.000190909675439, 0.000262487068539, 0.000196599008632, 6.97006107657e-05],
        "dvar": [2.75787419923e-06, 9.10367089091e-05, 6.97508266967e-06, 2.07583707379e-06, 8.24179151095e-05, 1.09923139462e-05, 1.05918470581e-05, 6.34284469925e-06, 1.99631303985e-05, 2.12392296817e-06, 1.16308910947e-06, 1.16560602237e-06, 6.24745212008e-07, 2.02081750444e-07, 1.0100541914e-07, 4.19993746448e-08, 1.31362378752e-08, 8.72097771776e-09, 5.41644027408e-08, 5.86245469947e-08, 2.17713651551e-08, 1.39660878418e-08, 2.24265956916e-08, 5.61445432368e-08, 2.46298270667e-07, 6.97810449424e-08, 8.04162603174e-09],
        "dvar2": [8.21858247946e-06, 0.000254530052189, 2.00335380214e-05, 5.82453594689e-06, 0.000211537189898, 2.693400711e-05, 2.80953918264e-05, 1.68612241396e-05, 5.16287727805e-05, 5.4400748013e-06, 2.88955061478e-06, 2.71771637017e-06, 1.51896654188e-06, 5.08138271016e-07, 2.5411290494e-07, 1.12836687549e-07, 3.69778874187e-08, 2.27539640463e-08, 1.17769275221e-07, 1.37307537784e-07, 5.60617969825e-08, 2.97685165407e-08, 4.72671004559e-08, 1.2071313904e-07, 4.30336115187e-07, 1.32701188704e-07, 1.66974452043e-08],
        "max": [0.0498484373093, 0.116579920053, 0.0253387875855, 0.0155213214457, 0.0934029370546, 0.0409060642123, 0.0449286922812, 0.0282818041742, 0.0560720488429, 0.0205263439566, 0.0177747849375, 0.0209046341479, 0.00915333908051, 0.00746608432382, 0.00524189416319, 0.00398053694516, 0.00132281798869, 0.00141319201794, 0.00331412884407, 0.00438026897609, 0.00207822956145, 0.0015747299185, 0.00184940523468, 0.00503412913531, 0.0120832864195, 0.0048322477378, 0.00114094372839],
        "mean": [0.000741424330045, 0.00212139659561, 0.00185037218034, 0.00228601996787, 0.00490533700213, 0.00320362159982, 0.00174982694443, 0.00142478116322, 0.00303969020024, 0.00105100509245, 0.000642226776108, 0.000620540173259, 0.000571872165892, 0.000514348852448, 0.000282151857391, 0.000393487076508, 0.000276232342003, 0.000195187458303, 0.000292142853141, 0.000295433914289, 0.000169696679222, 0.000141438737046, 0.00017395109171, 0.000214601110201, 0.000273679033853, 0.000178863687324, 4.53792563349e-05],
        "median": [0.000134951260407, 0.000385688908864, 0.0011781770736, 0.0019684091676, 0.00261545320973, 0.00175166525878, 0.000956614676397, 0.000579297309741, 0.00131942983717, 0.000613157870248, 0.000261402892647, 0.000297522317851, 0.000263148831436, 0.000392832036596, 0.000181887997314, 0.000341987091815, 0.000249394361163, 0.000166966579854, 0.000210332786082, 0.000173175198142, 9.04363841983e-05, 6.38701603748e-05, 7.37570226192e-05, 0.000107126506919, 8.82791646291e-05, 4.27103477705e-05, 4.0969530346e-06],
        "min": [2.22465204489e-24, 1.0153939893e-23, 4.85172678804e-25, 2.79602439297e-24, 1.42228749758e-23, 2.04969744781e-23, 5.27378679803e-24, 9.37624373614e-24, 9.71792463774e-24, 1.7122423163e-23, 1.65531543126e-23, 3.54990499684e-23, 4.90512259362e-23, 3.36943318548e-23, 8.00931865466e-23, 7.26751109363e-23, 9.18073166053e-23, 1.12246399737e-22, 1.06738926306e-22, 2.40258127867e-22, 2.98710297563e-22, 2.88587912106e-22, 4.69568330495e-22, 5.99216976557e-22, 9.22839829673e-22, 1.35662961994e-21, 2.11830271805e-21],
        "var": [3.91898402086e-06, 5.59890468139e-05, 5.62739114685e-06, 2.95881045531e-06, 6.84475817252e-05, 1.60096387845e-05, 8.50565174915e-06, 6.92361209076e-06, 2.21073078137e-05, 2.37531571656e-06, 1.55561042448e-06, 1.69450572685e-06, 8.6205199068e-07, 2.43943958367e-07, 1.49693264007e-07, 6.44305515607e-08, 2.05979020507e-08, 1.44729046525e-08, 8.56049098275e-08, 1.12278918607e-07, 3.54096414412e-08, 3.26635820613e-08, 5.55884511755e-08, 1.09200023246e-07, 5.36313166322e-07, 1.25135869666e-07, 1.05049231536e-08]
    },
    "erbbands": {
        "dmean": [0.08091583848, 0.652747809887, 1.43477594852, 2.41521215439, 10.9305763245, 12.5172815323, 11.9564390182, 19.5264797211, 18.6505947113, 26.4744644165, 26.2432975769, 52.9823493958, 38.9399032593, 17.8732395172, 22.1018829346, 16.2729377747, 17.9237995148, 14.9916143417, 10.7561922073, 7.52732658386, 9.41870498657, 6.18595981598, 4.93856143951, 5.41306066513, 8.04327011108, 6.8195643425, 4.84301710129, 3.57152080536, 2.84926939011, 3.02050733566, 2.63977885246, 2.72918820381, 2.20399332047, 1.81673955917, 1.48268306255, 0.670167922974, 0.225203573704, 0.07305624336, 0.00779821770266, 0.000179971786565],
        "dmean2": [0.139198869467, 1.2283654213, 2.58178877831, 4.09933280945, 18.078748703, 20.9325389862, 19.29945755, 31.62474823, 32.0397758484, 45.3015785217, 44.4683189392, 87.0356140137, 65.1268539429, 28.8917770386, 34.560256958, 26.2494373322, 28.5616722107, 24.6146469116, 17.5462055206, 12.5415019989, 15.7874364853, 10.4335651398, 8.28008079529, 8.72715187073, 12.3614501953, 10.8080682755, 8.12016010284, 5.53912734985, 4.20261335373, 4.34864091873, 3.8515920639, 4.02963972092, 3.20358920097, 2.65396022797, 2.10708737373, 0.964355647564, 0.337188959122, 0.112091347575, 0.0119569040835, 0.000277298997389],
        "dvar": [0.064683817327, 4.81764936447, 13.0842037201, 9.35584068298, 722.875244141, 691.453796387, 345.994995117, 982.55279541, 1894.25195312, 3801.59326172, 2989.86743164, 9702.16992188, 6391.86474609, 1031.38208008, 2553.05639648, 1368.26318359, 1332.15722656, 599.11517334, 321.489044189, 171.605560303, 89.4318466187, 39.0729446411, 27.3520908356, 70.3054275513, 180.601516724, 103.877731323, 54.3006706238, 25.6143703461, 17.6944675446, 21.6201782227, 17.8218460083, 24.5730934143, 16.5744743347, 16.488407135, 20.5875034332, 2.57174968719, 0.174264267087, 0.0210411399603, 0.00025603742688, 1.10174688928e-07],
        "dvar2": [0.171979546547, 13.7726726532, 37.5964126587, 26.4594974518, 1843.54333496, 1832.82617188, 829.585144043, 2451.23730469, 4890.16113281, 10189.3105469, 7868.70361328, 24904.1816406, 16680.7929688, 2644.44921875, 6082.15966797, 3164.18725586, 3300.24707031, 1508.01098633, 784.429504395, 476.051147461, 239.260864258, 111.386978149, 70.4572601318, 164.692092896, 383.963195801, 243.556167603, 146.333007812, 59.7264518738, 38.7145118713, 44.4211616516, 39.0966682434, 54.7887649536, 34.8297691345, 31.8953094482, 35.1375656128, 4.55746269226, 0.348122566938, 0.0435629859567, 0.000534119084477, 2.39025865767e-07],
        "max": [3.81958079338, 23.6052341461, 32.5671730042, 28.1154823303, 287.424743652, 271.04901123, 286.735961914, 301.214263916, 700.490722656, 612.548706055, 597.568664551, 1131.47558594, 1154.52416992, 797.109130859, 900.719360352, 797.398498535, 465.543884277, 401.334686279, 369.235137939, 269.979797363, 173.80065918, 79.1713943481, 92.0541305542, 212.376190186, 181.414306641, 200.823944092, 93.014251709, 68.0794677734, 62.8974151611, 58.007270813, 63.8606987, 69.6633682251, 104.186416626, 102.281517029, 126.581314087, 33.1077270508, 5.48789453506, 1.73900663853, 0.203269571066, 0.00378135335632],
        "mean": [0.0611563287675, 0.492481976748, 1.94867742062, 5.24828529358, 13.126742363, 16.2608795166, 19.0964736938, 27.3902206421, 23.7930374146, 29.767118454, 34.6262702942, 66.1214599609, 50.2085723877, 28.8584442139, 30.3991107941, 24.5663394928, 25.8846321106, 26.665971756, 20.4253482819, 15.7863502502, 21.742193222, 15.5119934082, 11.4749794006, 12.12733078, 15.6247596741, 13.4475765228, 9.02733802795, 5.85190868378, 4.91081380844, 5.6704120636, 4.68947601318, 4.56155252457, 3.36324620247, 2.61233043671, 2.16010665894, 0.943494617939, 0.287147939205, 0.0793508812785, 0.00783811509609, 0.000202570823603],
        "median": [0.00542519660667, 0.130786314607, 1.10023081303, 4.45753860474, 6.34863519669, 9.56761646271, 12.0364313126, 14.0835618973, 13.8816022873, 12.2325220108, 16.0345554352, 28.7337627411, 23.6550884247, 17.2445449829, 12.6267995834, 12.7675657272, 11.9351491928, 19.8137626648, 14.7666807175, 11.9362363815, 19.110200882, 14.0578403473, 10.0098934174, 9.76163387299, 10.1665754318, 8.0615530014, 5.52870082855, 2.57677221298, 2.28481411934, 2.28952383995, 2.15155673027, 2.33649206161, 1.56640994549, 1.00632143021, 0.586134135723, 0.226991474628, 0.0726571008563, 0.0125742172822, 0.000555286242161, 5.417561988e-05],
        "min": [3.94725953595e-22, 1.56584865865e-21, 1.73283190779e-21, 5.42826008268e-21, 2.37529048798e-20, 4.55584004154e-20, 1.28550058121e-19, 2.04440544751e-19, 8.81912697993e-20, 1.50173683781e-19, 2.16980900105e-19, 2.70222793822e-19, 6.69806864377e-19, 6.92658814473e-19, 1.23841521184e-18, 1.73000534116e-18, 1.94350675772e-18, 1.92793735743e-18, 3.83104564801e-18, 4.46061115786e-18, 5.38061384285e-18, 4.9960311063e-18, 6.52154364816e-18, 7.26107661659e-18, 9.02165527698e-18, 1.11838789284e-17, 1.06768643622e-17, 1.23178401506e-17, 9.77321669229e-18, 1.23273601723e-17, 1.38436996948e-17, 1.25612727875e-17, 1.138725948e-17, 9.43601486122e-18, 7.83330692947e-18, 4.77265056829e-18, 2.5958244907e-18, 1.12551208926e-18, 2.91104399699e-19, 2.82715146852e-20],
        "var": [0.0466454513371, 2.76457858086, 8.92824172974, 13.2518615723, 591.17980957, 570.096801758, 497.318511963, 1304.60961914, 1608.32641602, 3197.55810547, 3289.07397461, 10658.921875, 6610.46289062, 1448.1340332, 3516.74584961, 1861.28051758, 1807.18273926, 727.308898926, 451.6796875, 252.648254395, 148.266235352, 59.5863990784, 45.1142120361, 101.054946899, 310.986755371, 212.62701416, 81.6849212646, 56.0026664734, 38.7500457764, 60.3643608093, 38.822719574, 46.7303237915, 31.6545639038, 35.8891944885, 42.9128646851, 4.9714589119, 0.28846591711, 0.0279404446483, 0.000331869116053, 1.35358561693e-07]
    },
    "gfcc": {
        "mean": [39.0893516541, 70.7227096558, -107.932769775, 15.1744728088, -62.9182357788, 5.19283819199, -45.7570343018, 7.82525444031, -32.3775634766, -1.66484558582, -23.4922733307, -4.68824958801, -15.6229858398],
        "cov": [[10523.4794922, -192.978286743, -330.494812012, -110.449447632, -581.195922852, 157.332962036, -310.822174072, 117.111503601, -310.959747314, 98.916633606, -238.779067993, 32.5088119507, -145.905899048], [-192.978286743, 881.323791504, -525.885131836, 201.724304199, 0.743424773216, -94.9257888794, 42.7650909424, -51.720703125, 45.3491287231, -73.5839309692, 75.2865142822, -64.9276046753, 26.3679943085], [-330.494812012, -525.885131836, 621.348754883, -147.54598999, 152.666397095, 8.6043510437, 15.5524969101, 40.856136322, 28.8843612671, 64.2973709106, -17.83735466, 73.1664047241, -5.27398824692], [-110.449447632, 201.724304199, -147.54598999, 310.110839844, -38.903339386, 68.3890914917, 2.10065460205, -16.8028335571, 59.2842597961, -12.7745981216, 16.5994148254, -15.9695749283, 30.7964267731], [-581.195922852, 0.743424773216, 152.666397095, -38.903339386, 260.520019531, -22.2577781677, 75.2698669434, 23.4769001007, 32.6600646973, 23.1072425842, 26.0921115875, 19.6951541901, 16.3345489502], [157.332962036, -94.9257888794, 8.6043510437, 68.3890914917, -22.2577781677, 133.771682739, 11.6255426407, 29.0692119598, -3.45261478424, 10.2778806686, 5.90732860565, 6.92081356049, 8.4153547287], [-310.822174072, 42.7650909424, 15.5524969101, 2.10065460205, 75.2698669434, 11.6255426407, 129.155578613, 18.5061359406, 25.1262302399, 10.4207983017, 15.6579084396, 3.27493143082, 17.153875351], [117.111503601, -51.720703125, 40.856136322, -16.8028335571, 23.4769001007, 29.0692119598, 18.5061359406, 72.0798416138, 4.58496761322, 25.7673397064, -8.01875686646, 6.67559671402, 3.80431437492], [-310.959747314, 45.3491287231, 28.8843612671, 59.2842597961, 32.6600646973, -3.45261478424, 25.1262302399, 4.58496761322, 85.4869003296, 5.30517292023, 19.1087684631, -5.38337945938, 12.2628889084], [98.916633606, -73.5839309692, 64.2973709106, -12.7745981216, 23.1072425842, 10.2778806686, 10.4207983017, 25.7673397064, 5.30517292023, 69.3408432007, 3.10449433327, 23.829252243, -0.0443639084697], [-238.779067993, 75.2865142822, -17.83735466, 16.5994148254, 26.0921115875, 5.90732860565, 15.6579084396, -8.01875686646, 19.1087684631, 3.10449433327, 75.6799621582, 13.6294403076, 15.128443718], [32.5088119507, -64.9276046753, 73.1664047241, -15.9695749283, 19.6951541901, 6.92081356049, 3.27493143082, 6.67559671402, -5.38337945938, 23.829252243, 13.6294403076, 57.2939414978, 13.0833053589], [-145.905899048, 26.3679943085, -5.27398824692, 30.7964267731, 16.3345489502, 8.4153547287, 17.153875351, 3.80431437492, 12.2628889084, -0.0443639084697, 15.128443718, 13.0833053589, 48.6222457886]],
        "icov": [[0.000139922674862, -0.000124133643112, 4.01850996923e-07, 7.80457703513e-05, 0.000224555638852, -0.000218718734686, 0.000195438842638, -0.000204052819754, 0.000265808223048, -0.000267133495072, 0.0003666311095, -0.000240806984948, 0.000230680016102], [-0.000124133643112, 0.00472116749734, 0.00352704199031, -0.00227281916887, -0.00168327067513, 0.0044007729739, -0.00118779891636, -0.000971788016614, -0.000746291247196, 0.00204614922404, -0.00340197933838, 0.000319140788633, 0.000350954098394], [4.01850996923e-07, 0.00352704199031, 0.00572709459811, 6.30602589808e-05, -0.00266473251395, 0.00171868491452, 0.000135749622132, -0.000347848283127, -0.00309238233604, 0.000546189665329, -0.000310342700686, -0.00322876847349, 0.000992601155303], [7.80457703513e-05, -0.00227281916887, 6.30602589808e-05, 0.00731175485998, 0.000609545561019, -0.00612854911014, 0.00164140004199, 0.00316846300848, -0.00499258982018, -0.00152034894563, 0.00314658205025, -0.000563855981454, -0.00269812555052], [0.000224555638852, -0.00168327067513, -0.00266473251395, 0.000609545561019, 0.00689893262461, 0.000185037570191, -0.00233823363669, -0.00132454198319, 0.000577266328037, -0.00109094753861, -0.000448151200544, 0.000175334731466, -0.000563897774555], [-0.000218718734686, 0.0044007729739, 0.00171868491452, -0.00612854911014, 0.000185037570191, 0.015629613772, -0.0029414948076, -0.00633416930214, 0.00343565247022, 0.00241941120476, -0.00587771553546, 0.000751093262807, 0.000553738558665], [0.000195438842638, -0.00118779891636, 0.000135749622132, 0.00164140004199, -0.00233823363669, -0.0029414948076, 0.0109818456694, -0.000870282936376, -0.00210945634171, -0.00138478039298, 0.00115065102, 5.44685572095e-05, -0.00214786501601], [-0.000204052819754, -0.000971788016614, -0.000347848283127, 0.00316846300848, -0.00132454198319, -0.00633416930214, -0.000870282936376, 0.0206212382764, -0.00297745945863, -0.00636446615681, 0.00421400181949, 0.00121061992832, -0.00278682028875], [0.000265808223048, -0.000746291247196, -0.00309238233604, -0.00499258982018, 0.000577266328037, 0.00343565247022, -0.00210945634171, -0.00297745945863, 0.0197136532515, -0.00157613493502, -0.00405525835231, 0.00508435908705, -0.000861949054524], [-0.000267133495072, 0.00204614922404, 0.000546189665329, -0.00152034894563, -0.00109094753861, 0.00241941120476, -0.00138478039298, -0.00636446615681, -0.00157613493502, 0.0213702879846, -0.00246975128539, -0.00690127583221, 0.00308769056574], [0.0003666311095, -0.00340197933838, -0.000310342700686, 0.00314658205025, -0.000448151200544, -0.00587771553546, 0.00115065102, 0.00421400181949, -0.00405525835231, -0.00246975128539, 0.0205213911831, -0.00618143798783, -0.00235062744468], [-0.000240806984948, 0.000319140788633, -0.00322876847349, -0.000563855981454, 0.000175334731466, 0.000751093262807, 5.44685572095e-05, 0.00121061992832, 0.00508435908705, -0.00690127583221, -0.00618143798783, 0.0283081904054, -0.00817409623414], [0.000230680016102, 0.000350954098394, 0.000992601155303, -0.00269812555052, -0.000563897774555, 0.000553738558665, -0.00214786501601, -0.00278682028875, -0.000861949054524, 0.00308769056574, -0.00235062744468, -0.00817409623414, 0.0271057207137]]
    },
    "melbands": {
        "dmean": [0.000766308803577, 0.00080356473336, 0.000582140462939, 0.000985723920166, 0.000387547421269, 0.000427031947765, 0.000284081383143, 0.000285775400698, 0.000222426009714, 0.000361236685421, 0.000195599845028, 7.58407259127e-05, 7.14500638423e-05, 5.78155413677e-05, 3.93961490772e-05, 3.89664455724e-05, 2.9572767744e-05, 2.08138808375e-05, 1.08291624201e-05, 1.29660065795e-05, 1.13967316793e-05, 7.71667691879e-06, 5.89954333918e-06, 3.894841484e-06, 4.83577332488e-06, 6.30235990684e-06, 6.02761019763e-06, 4.75457909488e-06, 3.52262736669e-06, 2.60385786532e-06, 2.03975241675e-06, 1.60970137131e-06, 1.75090963239e-06, 1.82286896688e-06, 1.53555129145e-06, 1.76375920091e-06, 1.72976467638e-06, 1.57694830705e-06, 1.61167099577e-06, 1.5388624206e-06],
        "dmean2": [0.00134297052864, 0.00147604884114, 0.000980930868536, 0.00163304910529, 0.000626048073173, 0.000689923297614, 0.000487002864247, 0.000487366516609, 0.000373752613086, 0.000597074453253, 0.000328366237227, 0.000123658290249, 0.000113659945782, 9.31772228796e-05, 6.35274554952e-05, 6.29987262073e-05, 4.90721940878e-05, 3.44316176779e-05, 1.78913469426e-05, 2.19857611228e-05, 1.9327044356e-05, 1.30189464471e-05, 9.94081528916e-06, 6.51436721455e-06, 7.94972311269e-06, 9.99570056592e-06, 9.38878838497e-06, 7.75319040258e-06, 5.91085472479e-06, 4.39181621914e-06, 3.16068963002e-06, 2.42607143264e-06, 2.61677678282e-06, 2.66670849669e-06, 2.27729924518e-06, 2.65801395471e-06, 2.57350461652e-06, 2.33334458244e-06, 2.39257246903e-06, 2.27827126764e-06],
        "dvar": [5.89527599004e-06, 5.25086170455e-06, 8.4063151462e-07, 5.71138252781e-06, 3.02987160694e-07, 4.57011083199e-07, 4.01323944743e-07, 4.18613950615e-07, 2.1809574946e-07, 4.58537755321e-07, 1.62644553825e-07, 1.83864301562e-08, 2.44499211988e-08, 1.95624849653e-08, 6.00263749817e-09, 6.62838051113e-09, 2.35051267339e-09, 1.08959319345e-09, 5.85147763577e-10, 2.99923530456e-10, 1.2505604885e-10, 6.08209385633e-11, 3.34134976632e-11, 1.99267807116e-11, 6.21923276767e-11, 1.08455376624e-10, 1.29567731544e-10, 5.60231756819e-11, 2.68945733739e-11, 1.93760198858e-11, 9.142631964e-12, 6.18758776855e-12, 7.07779971784e-12, 8.17349920385e-12, 5.98352877662e-12, 9.46111852057e-12, 1.06945450759e-11, 8.06484132948e-12, 1.15488027128e-11, 1.27679073911e-11],
        "dvar2": [1.6084388335e-05, 1.50239702634e-05, 2.23865845328e-06, 1.47302653204e-05, 7.29028101887e-07, 1.13441967642e-06, 1.04091077446e-06, 1.12064833502e-06, 5.55544545477e-07, 1.19740798254e-06, 4.25311583285e-07, 4.70765648686e-08, 5.99048917138e-08, 4.58201832032e-08, 1.39520741627e-08, 1.59269575306e-08, 5.97232086008e-09, 2.71347455616e-09, 1.54738410973e-09, 8.06873179382e-10, 3.36699362835e-10, 1.77310971461e-10, 9.10087977202e-11, 5.19702857138e-11, 1.51020557171e-10, 2.28722735196e-10, 2.80911571782e-10, 1.42652570312e-10, 7.20246501329e-11, 5.25367145621e-11, 2.08312377764e-11, 1.45087197465e-11, 1.53837376865e-11, 1.6744543252e-11, 1.32792639732e-11, 2.14631732526e-11, 2.4637790072e-11, 1.78896376879e-11, 2.25412934846e-11, 2.51807550505e-11],
        "max": [0.0333788022399, 0.0209468714893, 0.0103509472683, 0.0251196753234, 0.0078719900921, 0.00657819584012, 0.00984996650368, 0.00631173420697, 0.00645859027281, 0.00855230633169, 0.00583387818187, 0.00336617580615, 0.00257414393127, 0.00294177583419, 0.00172199495137, 0.000975057308096, 0.000882083259057, 0.000648046669085, 0.000411443033954, 0.000337569363182, 0.00014995651145, 9.38646699069e-05, 7.64078649809e-05, 6.39458594378e-05, 0.000219229972572, 0.00015008362243, 0.000176635890966, 0.000190079255844, 8.75442638062e-05, 7.602039841e-05, 4.30855361628e-05, 4.41095617134e-05, 3.01264244627e-05, 4.35896035924e-05, 2.96246471407e-05, 4.79351110698e-05, 4.55719091406e-05, 6.56225893181e-05, 9.44796120166e-05, 8.39819549583e-05],
        "mean": [0.000604729750194, 0.000899179314729, 0.00110444007441, 0.00118506758008, 0.000657116237562, 0.0006109366077, 0.000357876357157, 0.00032440549694, 0.000294560508337, 0.000438261253294, 0.000246007082751, 0.000115989263577, 9.54763017944e-05, 7.93203071225e-05, 5.61208289582e-05, 5.49322066945e-05, 4.96817046951e-05, 3.581519195e-05, 1.92554798559e-05, 2.53534672083e-05, 2.47373664024e-05, 1.66982590599e-05, 1.23783229355e-05, 8.32122714201e-06, 9.75062812358e-06, 1.16405053632e-05, 1.05019862531e-05, 8.79769322637e-06, 6.36100503471e-06, 3.8502357711e-06, 3.2153200209e-06, 2.59740590991e-06, 2.89507215712e-06, 3.37727169608e-06, 2.63059177996e-06, 2.84451539301e-06, 2.7626431347e-06, 2.3078380309e-06, 2.31259491557e-06, 2.13654720937e-06],
        "median": [8.62434390001e-05, 0.000426931888796, 0.000873724522535, 0.000601502892096, 0.000447678583441, 0.000316196616041, 0.000203393181437, 0.000126862360048, 0.000137817201903, 0.000183525829925, 0.000113693189633, 7.00329474057e-05, 3.944339187e-05, 3.6036104575e-05, 2.71078297374e-05, 2.65455200861e-05, 3.73824805138e-05, 2.5802411983e-05, 1.23256450024e-05, 2.04727821256e-05, 2.153512105e-05, 1.48481285578e-05, 1.06766410681e-05, 6.97591713106e-06, 7.70135193306e-06, 7.88454053691e-06, 6.16104398432e-06, 4.91614355269e-06, 3.93684422306e-06, 1.91459093912e-06, 1.28017438783e-06, 1.1894059071e-06, 1.27535895444e-06, 1.23529446228e-06, 1.14510805815e-06, 1.43002125697e-06, 1.38422967666e-06, 1.06399875222e-06, 9.60997454058e-07, 7.72716418851e-07],
        "min": [5.47976271912e-24, 1.03429121145e-24, 2.14800020566e-24, 2.16700563981e-24, 4.11836707927e-24, 4.76070614325e-24, 1.26623317948e-24, 1.55656791362e-24, 1.47376986187e-24, 1.70110517804e-24, 2.60562098058e-24, 2.93699955597e-24, 3.26503769986e-24, 3.60546549592e-24, 3.5825333094e-24, 4.49456577307e-24, 2.82608433219e-24, 5.7380061972e-24, 4.7847190692e-24, 6.10428890943e-24, 5.79189762438e-24, 4.65541490608e-24, 5.99371230419e-24, 6.8150561349e-24, 5.35019862632e-24, 4.64452389242e-24, 6.2285798615e-24, 6.36411287033e-24, 6.38958558339e-24, 6.42560023916e-24, 6.35564918168e-24, 4.50835585056e-24, 6.5614117159e-24, 6.3738201982e-24, 7.859720177e-24, 7.54614796717e-24, 7.25177268748e-24, 6.64475289838e-24, 6.25890091368e-24, 7.67021369946e-24],
        "var": [4.04770935347e-06, 3.24065445056e-06, 9.020711218e-07, 4.59032889921e-06, 4.58615431853e-07, 6.20804769369e-07, 3.41500395962e-07, 3.78653027155e-07, 2.49483520065e-07, 4.83879716739e-07, 1.67603943169e-07, 2.56032226531e-08, 3.35512844174e-08, 2.85144547973e-08, 8.74544525686e-09, 8.50757242432e-09, 2.70580780004e-09, 1.41869738179e-09, 7.8057593722e-10, 4.18412776648e-10, 1.93098370627e-10, 8.53925125055e-11, 5.24865671758e-11, 3.10724709851e-11, 8.05137206905e-11, 1.67597213885e-10, 2.14913989383e-10, 1.11294751193e-10, 4.36047101204e-11, 2.54911803471e-11, 2.01621930956e-11, 1.15901819392e-11, 1.50445211844e-11, 2.45667531457e-11, 1.27928050098e-11, 1.72206103544e-11, 1.88776546478e-11, 1.32263505703e-11, 2.46181391245e-11, 2.65927731224e-11]
    },
    "mfcc": {
        "mean": [-604.917114258, 113.270675659, 2.65876364708, 11.8116044998, 0.699017882347, -5.93399858475, -3.18891787529, -1.83815467358, -5.09921455383, 3.0773601532, -9.11325836182, -5.06878948212, -5.98471689224],
        "cov": [[2911.14404297, -19.4402008057, 308.868377686, -140.725845337, -114.02243042, 13.8600749969, 34.5988006592, -30.5142288208, 37.6986656189, -34.4323043823, 36.9955291748, -32.0298156738, -8.97070884705], [-19.4402008057, 613.29095459, -274.664825439, 123.427246094, -14.9148683548, -43.8007202148, 12.3503799438, 8.77972126007, -45.9464645386, 35.1627502441, -34.7969551086, 17.5380077362, 3.11012125015], [308.868377686, -274.664825439, 321.492034912, -57.4880104065, 43.9368095398, 9.06749248505, -22.8905906677, -5.91811227798, 30.5484523773, -33.2482223511, 34.0530204773, 4.07532978058, 8.18588447571], [-140.725845337, 123.427246094, -57.4880104065, 182.596343994, 25.6516475677, 43.7377967834, -20.8842411041, 13.9295969009, 17.4184379578, 29.4215068817, -10.8821697235, 19.8517475128, 2.71653103828], [-114.02243042, -14.9148683548, 43.9368095398, 25.6516475677, 145.937103271, 14.5329065323, 15.5540723801, 7.70262622833, 13.2062244415, 14.0567026138, 4.1746635437, 14.2662496567, 7.99455881119], [13.8600749969, -43.8007202148, 9.06749248505, 43.7377967834, 14.5329065323, 86.9924316406, 16.2128295898, 19.0641479492, 14.796705246, 7.83878850937, 5.2622718811, 15.1371297836, 1.02989304066], [34.5988006592, 12.3503799438, -22.8905906677, -20.8842411041, 15.5540723801, 16.2128295898, 105.388534546, 18.4530582428, 21.3795948029, 1.71048772335, 11.6393222809, 7.67780828476, 12.0355548859], [-30.5142288208, 8.77972126007, -5.91811227798, 13.9295969009, 7.70262622833, 19.0641479492, 18.4530582428, 55.3306999207, 14.1875543594, 12.8831272125, -4.20911502838, 11.1269435883, -3.56907057762], [37.6986656189, -45.9464645386, 30.5484523773, 17.4184379578, 13.2062244415, 14.796705246, 21.3795948029, 14.1875543594, 82.2722320557, 18.6333522797, 17.0366783142, -2.50446510315, 4.77113342285], [-34.4323043823, 35.1627502441, -33.2482223511, 29.4215068817, 14.0567026138, 7.83878850937, 1.71048772335, 12.8831272125, 18.6333522797, 63.2687644958, 0.823196470737, 9.90268421173, -11.0062589645], [36.9955291748, -34.7969551086, 34.0530204773, -10.8821697235, 4.1746635437, 5.2622718811, 11.6393222809, -4.20911502838, 17.0366783142, 0.823196470737, 58.3104362488, 10.5790538788, 14.913271904], [-32.0298156738, 17.5380077362, 4.07532978058, 19.8517475128, 14.2662496567, 15.1371297836, 7.67780828476, 11.1269435883, -2.50446510315, 9.90268421173, 10.5790538788, 53.130897522, 11.4565448761], [-8.97070884705, 3.11012125015, 8.18588447571, 2.71653103828, 7.99455881119, 1.02989304066, 12.0355548859, -3.56907057762, 4.77113342285, -11.0062589645, 14.913271904, 11.4565448761, 47.8670501709]],
