{
"lowlevel": {
    "average_loudness": 0.968111515045,
    "barkbands_crest": {
        "dmean": 1.95860385895,
        "dmean2": 3.14494132996,
        "dvar": 4.38683366776,
        "dvar2": 10.7435064316,
        "max": 26.3232631683,
        "mean": 8.82583522797,
        "median": 7.54090547562,
        "min": 2.25176358223,
        "var": 21.0757904053
    },
    "barkbands_flatness_db": {
        "dmean": 0.0158139821142,
        "dmean2": 0.0243221484125,
        "dvar": 0.000289299729047,
        "dvar2": 0.000609760463703,
        "max": 0.446760445833,
        "mean": 0.12222263217,
        "median": 0.0883272439241,
        "min": 0.0123982429504,
        "var": 0.00700761424378
    },
    "barkbands_kurtosis": {
        "dmean": 1.42556607723,
        "dmean2": 2.18305206299,
        "dvar": 9.65063667297,
        "dvar2": 21.033952713,
        "max": 71.4118728638,
        "mean": 2.15565443039,
        "median": 0.134747982025,
        "min": -1.75625610352,
        "var": 49.967666626
    },
    "barkbands_skewness": {
        "dmean": 0.356326818466,
        "dmean2": 0.544015944004,
        "dvar": 0.172615498304,
        "dvar2": 0.389205992222,
        "max": 7.77307033539,
        "mean": 1.23403394222,
        "median": 1.07615482807,
        "min": -1.61164808273,
        "var": 1.12321686745
    },
    "barkbands_spread": {
        "dmean": 5.42903757095,
        "dmean2": 8.3419084549,
        "dvar": 38.6900138855,
        "dvar2": 93.384147644,
        "max": 88.6890487671,
        "mean": 32.4152030945,
        "median": 32.2775115967,
        "min": 1.04167103767,
        "var": 209.239364624
    },
    "dissonance": {
        "dmean": 0.0116436341777,
        "dmean2": 0.0198678039014,
        "dvar": 0.00015686036204,
        "dvar2": 0.000427595543442,
        "max": 0.500000059605,
        "mean": 0.473446279764,
        "median": 0.482643842697,
        "min": 0.261998206377,
        "var": 0.000659933662973
    },
    "dynamic_complexity": 1.53515064716,
    "erbbands_crest": {
        "dmean": 1.72450089455,
        "dmean2": 2.80260396004,
        "dvar": 3.64664769173,
        "dvar2": 8.85663223267,
        "max": 29.6105384827,
        "mean": 7.99616765976,
        "median": 6.32046127319,
        "min": 2.4540579319,
        "var": 24.9078960419
    },
    "erbbands_flatness_db": {
        "dmean": 0.0116966897622,
        "dmean2": 0.0176423564553,
        "dvar": 0.000177195775905,
        "dvar2": 0.0003903855104,
        "max": 0.39050039649,
        "mean": 0.159449502826,
        "median": 0.120789125562,
        "min": 0.0421538501978,
        "var": 0.00677861319855
    },
    "erbbands_kurtosis": {
        "dmean": 0.42795842886,
        "dmean2": 0.672291338444,
        "dvar": 0.468757033348,
        "dvar2": 1.12008714676,
        "max": 14.1195602417,
        "mean": -0.419637978077,
        "median": -0.743398666382,
        "min": -1.83458709717,
        "var": 1.76519966125
    },
    "erbbands_skewness": {
        "dmean": 0.242941558361,
        "dmean2": 0.38410320878,
        "dvar": 0.063040561974,
        "dvar2": 0.155867725611,
        "max": 3.48527479172,
        "mean": -0.0182271525264,
        "median": -0.134633973241,
        "min": -2.72863841057,
        "var": 0.483403593302
    },
    "erbbands_spread": {
        "dmean": 6.75263023376,
        "dmean2": 10.1210718155,
        "dvar": 56.029460907,
        "dvar2": 124.987609863,
        "max": 142.719512939,
        "mean": 48.6674766541,
        "median": 45.5735015869,
        "min": 7.39130496979,
        "var": 421.955749512
    },
    "hfc": {
        "dmean": 6.99876403809,
        "dmean2": 10.5810871124,
        "dvar": 110.213485718,
        "dvar2": 249.234130859,
        "max": 135.369918823,
        "mean": 29.1437892914,
        "median": 23.3006839752,
        "min": 1.08450842784e-16,
        "var": 380.08807373
    },
    "melbands_crest": {
        "dmean": 2.65060973167,
        "dmean2": 4.30816650391,
        "dvar": 7.09053611755,
        "dvar2": 18.0456809998,
        "max": 31.5107421875,
        "mean": 12.4585132599,
        "median": 11.4395246506,
        "min": 2.02567362785,
        "var": 22.6944408417
    },
    "melbands_flatness_db": {
        "dmean": 0.0194591898471,
        "dmean2": 0.0294493231922,
        "dvar": 0.000481332681375,
        "dvar2": 0.00102842110209,
        "max": 0.547141253948,
        "mean": 0.171701535583,
        "median": 0.150557845831,
        "min": 0.00951998122036,
        "var": 0.00653686281294
    },
    "melbands_kurtosis": {
        "dmean": 4.96694278717,
        "dmean2": 7.61680030823,
        "dvar": 98.2940673828,
        "dvar2": 215.656188965,
        "max": 175.656433105,
        "mean": 12.1451272964,
        "median": 6.67990684509,
        "min": -1.48788833618,
        "var": 347.30670166
    },
    "melbands_skewness": {
        "dmean": 0.55740994215,
        "dmean2": 0.848646402359,
        "dvar": 0.491863250732,
        "dvar2": 1.12641680241,
        "max": 11.8222751617,
        "mean": 2.69371819496,
        "median": 2.44665789604,
        "min": -0.545331299305,
        "var": 2.76763319969
    },
    "melbands_spread": {
        "dmean": 6.52019929886,
        "dmean2": 10.2652215958,
        "dvar": 52.2154769897,
        "dvar2": 127.218917847,
        "max": 111.311576843,
        "mean": 30.7425231934,
        "median": 30.8608016968,
        "min": 1.15664112568,
        "var": 235.272125244
    },
    "pitch_salience": {
        "dmean": 0.0578989572823,
        "dmean2": 0.0925750285387,
        "dvar": 0.00330032687634,
        "dvar2": 0.00826798379421,
        "max": 0.838554918766,
        "mean": 0.637163519859,
        "median": 0.662385225296,
        "min": 0.101268164814,
        "var": 0.0129507277161
    },
    "silence_rate_20dB": {
        "dmean": 0,
        "dmean2": 0,
        "dvar": 0,
        "dvar2": 0,
        "max": 1,
        "mean": 1,
        "median": 1,
        "min": 1,
        "var": 0
    },
    "silence_rate_30dB": {
        "dmean": 0,
        "dmean2": 0,
        "dvar": 0,
        "dvar2": 0,
        "max": 1,
        "mean": 1,
        "median": 1,
        "min": 1,
        "var": 0
    },
    "silence_rate_60dB": {
        "dmean": 0.000386996893212,
        "dmean2": 0.000774293439463,
        "dvar": 0.00038687614142,
        "dvar2": 0.000773690466303,
        "max": 1,
        "mean": 0.00116054154932,
        "median": 0,
        "min": 0,
        "var": 0.00115927832667
    },
    "spectral_centroid": {
        "dmean": 228.89024353,
        "dmean2": 352.605010986,
        "dvar": 81407.6640625,
        "dvar2": 145897.921875,
        "max": 11065.859375,
        "mean": 1736.59423828,
        "median": 1788.6184082,
        "min": 231.617263794,
        "var": 366868.625
    },
    "spectral_complexity": {
        "dmean": 4.28560352325,
        "dmean2": 6.51529216766,
        "dvar": 19.2118453979,
        "dvar2": 40.4232826233,
        "max": 60,
        "mean": 27.3852996826,
        "median": 27,
        "min": 0,
        "var": 142.573272705
    },
    "spectral_decrease": {
        "dmean": 1.81852988224e-09,
        "dmean2": 2.95189783728e-09,
        "dvar": 7.68101305253e-18,
        "dvar2": 2.07776619479e-17,
        "max": -1.25511060953e-28,
        "mean": -6.41736352947e-09,
        "median": -5.52660806008e-09,
        "min": -3.14109165345e-08,
        "var": 1.16462348405e-17
    },
    "spectral_energy": {
        "dmean": 0.00730071868747,
        "dmean2": 0.0117875980213,
        "dvar": 0.000122991099488,
        "dvar2": 0.000330678274622,
        "max": 0.124245285988,
        "mean": 0.0268640778959,
        "median": 0.0231079980731,
        "min": 1.03105300701e-20,
        "var": 0.000194663676666
    },
    "spectral_energyband_high": {
        "dmean": 0.000632889743429,
        "dmean2": 0.000999144627713,
        "dvar": 1.23427867038e-06,
        "dvar2": 3.0153910302e-06,
        "max": 0.0159089379013,
        "mean": 0.00191680074204,
        "median": 0.00146662001498,
        "min": 7.55877078295e-21,
        "var": 3.71488317796e-06
    },
    "spectral_energyband_low": {
        "dmean": 0.00420284504071,
        "dmean2": 0.00695903738961,
        "dvar": 6.71101079206e-05,
        "dvar2": 0.000185163546121,
        "max": 0.0899652093649,
        "mean": 0.00719724595547,
        "median": 0.00480720307678,
        "min": 1.42791333801e-23,
        "var": 8.40766588226e-05
    },
    "spectral_energyband_middle_high": {
        "dmean": 0.00158222042955,
        "dmean2": 0.00223161093891,
        "dvar": 5.44857766727e-06,
        "dvar2": 1.0420637409e-05,
        "max": 0.0382113680243,
        "mean": 0.00604089396074,
        "median": 0.00450669229031,
        "min": 1.75717618057e-21,
        "var": 2.80104686681e-05
    },
    "spectral_energyband_middle_low": {
        "dmean": 0.00381878577173,
        "dmean2": 0.00616407394409,
        "dvar": 2.76408809441e-05,
        "dvar2": 7.1938156907e-05,
        "max": 0.0602868907154,
        "mean": 0.0122270369902,
        "median": 0.010215908289,
        "min": 2.66607546227e-22,
        "var": 5.78471372137e-05
    },
    "spectral_entropy": {
        "dmean": 0.112819552422,
        "dmean2": 0.169308006763,
        "dvar": 0.0198862142861,
        "dvar2": 0.0402403250337,
        "max": 9.80699062347,
        "mean": 7.63908958435,
        "median": 7.94125795364,
        "min": 4.62268924713,
        "var": 0.468492627144
    },
    "spectral_flux": {
        "dmean": 0.0195991937071,
        "dmean2": 0.0299335736781,
        "dvar": 0.000564961752389,
        "dvar2": 0.0010579462396,
        "max": 0.276206761599,
        "mean": 0.0794730558991,
        "median": 0.0746321156621,
        "min": 1.01540782727e-10,
        "var": 0.00190180016216
    },
    "spectral_kurtosis": {
        "dmean": 1.8120508194,
        "dmean2": 3.2172267437,
        "dvar": 10.7689504623,
        "dvar2": 34.1013374329,
        "max": 73.4395751953,
        "mean": 3.90655183792,
        "median": 2.54054260254,
        "min": -1.1866235733,
        "var": 35.631980896
    },
    "spectral_rms": {
        "dmean": 0.000636047683656,
        "dmean2": 0.00100928649772,
        "dvar": 6.91764057592e-07,
        "dvar2": 1.81305517799e-06,
        "max": 0.0110097648576,
        "mean": 0.00497177988291,
        "median": 0.00474809342995,
        "min": 3.17160100266e-12,
        "var": 1.49024583607e-06
    },
    "spectral_rolloff": {
        "dmean": 567.838684082,
        "dmean2": 919.801269531,
        "dvar": 667252.1875,
        "dvar2": 1409276.375,
        "max": 17980.2246094,
        "mean": 2185.63208008,
        "median": 2217.91992188,
        "min": 129.19921875,
        "var": 2011921.875
    },
    "spectral_skewness": {
        "dmean": 0.222811207175,
        "dmean2": 0.386562079191,
        "dvar": 0.0888347327709,
        "dvar2": 0.27619099617,
        "max": 6.67924165726,
        "mean": 1.18025839329,
        "median": 1.13247418404,
        "min": -0.0138431210071,
        "var": 0.324372708797
    },
    "spectral_spread": {
        "dmean": 402621.5625,
        "dmean2": 600765.4375,
        "dvar": 621075038208,
        "dvar2": 660765802496,
        "max": 39969404,
        "mean": 4666823,
        "median": 5025824,
        "min": 900299.375,
        "var": 3.66497444659e+12
    },
    "spectral_strongpeak": {
        "dmean": 0.456115067005,
        "dmean2": 0.765810370445,
        "dvar": 0.777244627476,
        "dvar2": 1.83997130394,
        "max": 9.88852787018,
        "mean": 0.964684247971,
        "median": 0.548942804337,
        "min": 0,
        "var": 1.55989825726
    },
    "zerocrossingrate": {
        "dmean": 0.0101350480691,
        "dmean2": 0.0122244227678,
        "dvar": 0.000145758880535,
        "dvar2": 0.000183140844456,
        "max": 0.49560546875,
        "mean": 0.0837748944759,
        "median": 0.08203125,
        "min": 0.00927734375,
        "var": 0.00140765192918
    },
    "barkbands": {
        "dmean": [0.000404443591833, 0.00191387231462, 0.00243472657166, 0.000920581631362, 0.00206038029864, 0.000905882450752, 0.0007379562594, 0.000488149322337, 0.000686674669851, 0.000659800251015, 0.000222429109272, 0.00027023020084, 0.000244119495619, 0.000298304861644, 0.000206011667615, 0.000358823483111, 0.000293474964565, 0.000166368437931, 0.000228140910622, 0.000293686258374, 0.000207600489375, 0.000174259548658, 0.000119737887871, 8.11026693555e-05, 5.82703032705e-05, 4.62995267299e-05, 4.03522935812e-05],
        "dmean2": [0.000586489564739, 0.00344449374825, 0.0039162854664, 0.00158964621369, 0.00327768898569, 0.00146479532123, 0.00122586707585, 0.000821333087515, 0.00108265096787, 0.000996857648715, 0.000357694429113, 0.000428996252595, 0.000390740722651, 0.000463344127638, 0.000314537115628, 0.000562036060728, 0.000461312476546, 0.0002606700873, 0.000352914357791, 0.000487305282149, 0.00034214137122, 0.000292026728857, 0.000187614641618, 0.000128587795189, 8.62442830112e-05, 7.12010005373e-05, 7.01045428286e-05],
        "dvar": [5.05388925376e-07, 2.48148135142e-05, 1.88356207218e-05, 1.9742724362e-06, 7.85858082963e-06, 2.43932709054e-06, 3.45847024619e-06, 1.98587827072e-06, 2.67662699116e-06, 3.19775813296e-06, 2.02357924195e-07, 3.3930152199e-07, 3.22777509609e-07, 3.46411582086e-07, 1.47130947425e-07, 2.7632529509e-07, 1.66952730751e-07, 4.96460259569e-08, 2.66863224851e-07, 2.39118378431e-07, 1.29347498046e-07, 1.13308239236e-07, 3.76410724812e-08, 3.06743856981e-08, 1.34147768449e-08, 9.62062962628e-09, 1.24894699027e-08],
        "dvar2": [1.22817311876e-06, 7.14237175998e-05, 4.81645620312e-05, 5.8065097619e-06, 1.99406676984e-05, 6.4756154643e-06, 9.14153770282e-06, 4.88258592668e-06, 6.01686497248e-06, 7.11034772394e-06, 4.95525682709e-07, 8.32601017464e-07, 7.58695193781e-07, 8.20423281311e-07, 3.49455916648e-07, 6.40781820493e-07, 4.08558008758e-07, 1.19164177192e-07, 6.68095026413e-07, 5.81985830195e-07, 3.28421464246e-07, 3.02351338632e-07, 9.29331562816e-08, 7.40834593671e-08, 2.66567568019e-08, 2.15824513816e-08, 3.42252555185e-08],
        "max": [0.0269954092801, 0.0466527082026, 0.0473014861345, 0.015435137786, 0.0412375889719, 0.0257396418601, 0.0280961245298, 0.0308353044093, 0.0380361378193, 0.0374888330698, 0.00819076318294, 0.00863751862198, 0.01317015104, 0.0118921538815, 0.00640179775655, 0.0118570206687, 0.0108986040577, 0.00336810667068, 0.0129589783028, 0.00923782680184, 0.00678462255746, 0.00347103993408, 0.0023190297652, 0.00329017452896, 0.00308543001302, 0.00117522594519, 0.00115925911814],
        "mean": [0.000850114796776, 0.0021037356928, 0.00401997333393, 0.00143302499782, 0.00489139463753, 0.00202228105627, 0.00118046288844, 0.000892224838026, 0.00125981203746, 0.00130465300754, 0.000374152441509, 0.000493095838465, 0.000405867613154, 0.000550192489754, 0.00046008703066, 0.000844958936796, 0.000744358287193, 0.000367898843251, 0.000476302782772, 0.000650032190606, 0.000423652672907, 0.000342251179973, 0.000287580362055, 0.000201165865292, 0.000160397423315, 8.82717431523e-05, 3.61331185559e-05],
        "median": [0.000294584431686, 0.00081701297313, 0.00197283248417, 0.00107897084672, 0.00317051424645, 0.00135860708542, 0.000584786350373, 0.000319868297083, 0.0005022729747, 0.000422788027208, 0.000171190491528, 0.000204026568099, 0.000180588278454, 0.000307748327032, 0.000257349631283, 0.000531952129677, 0.00049505912466, 0.00026580283884, 0.000307496404275, 0.000432645581895, 0.000281645829091, 0.000213472987525, 0.000201795148314, 0.000147812272189, 0.000106667685031, 2.1572370315e-05, 4.95883455187e-07],
        "min": [1.57300087235e-24, 3.48355453719e-24, 3.45909827141e-24, 9.14994715256e-24, 2.46189793894e-23, 5.06969633339e-23, 3.68848387652e-23, 5.13659836459e-23, 7.96309077453e-23, 7.9494359078e-23, 1.41907203742e-22, 7.27373173518e-23, 1.29610780739e-22, 1.23869387962e-22, 1.24080588114e-22, 1.84317047582e-22, 2.30920387643e-22, 3.22342727504e-22, 1.9038635406e-22, 2.63580062156e-22, 3.24718498872e-22, 6.83592680699e-22, 6.81466669005e-22, 9.38077744598e-22, 1.26125787635e-21, 1.59321993587e-21, 2.19590239732e-21],
        "var": [4.62331081508e-06, 1.83547763299e-05, 3.49938381987e-05, 2.49993672696e-06, 2.65260332526e-05, 5.22746904608e-06, 3.86189731216e-06, 3.19132686855e-06, 8.08335062175e-06, 9.6898402262e-06, 3.80776810971e-07, 6.75024352859e-07, 5.59182581128e-07, 6.6036619728e-07, 4.06489647276e-07, 1.27953160245e-06, 1.04800471945e-06, 1.25320852362e-07, 4.60303027694e-07, 4.99581631175e-07, 2.56236774021e-07, 1.8473500063e-07, 1.16117902849e-07, 7.58916911536e-08, 4.57598829939e-08, 2.06459649377e-08, 1.04105355447e-08]
    },
    "erbbands": {
        "dmean": [0.0432153195143, 0.495923787355, 2.2897913456, 3.09247732162, 4.64164733887, 8.65494632721, 6.47401618958, 8.3209438324, 9.44232177734, 12.823346138, 9.36060428619, 14.9367733002, 22.6380233765, 13.9882316589, 8.00866127014, 10.4980316162, 10.3481473923, 14.2571353912, 11.680273056, 10.9974784851, 21.4671516418, 14.499382019, 8.69332504272, 9.19136428833, 12.6950721741, 13.4334411621, 10.3397321701, 7.24965286255, 6.95656347275, 4.84892129898, 3.014128685, 1.94824922085, 1.36575675011, 0.732434988022, 0.42623925209, 0.170171275735, 0.0929279923439, 0.0455572009087, 0.00736386096105, 0.000186162462342],
        "dmean2": [0.0762816816568, 0.894911050797, 3.78485870361, 5.11736917496, 7.75208759308, 13.5125083923, 10.4635782242, 13.4536209106, 16.0022315979, 21.0390357971, 15.1265125275, 23.0596179962, 35.8625831604, 21.0803260803, 12.5849180222, 16.4369392395, 16.2381095886, 21.7694015503, 17.6209487915, 16.5456523895, 33.3804473877, 22.7534828186, 13.5963907242, 14.2331352234, 20.1482143402, 22.3284797668, 17.3769187927, 11.9398488998, 11.8416347504, 7.76354312897, 4.78199768066, 3.12505578995, 2.17070198059, 1.09752392769, 0.642686605453, 0.249318048358, 0.146376878023, 0.0769403874874, 0.0128566939384, 0.000320873572491],
        "dvar": [0.0134101323783, 1.5705139637, 18.3024120331, 24.8178958893, 46.9079780579, 153.327392578, 117.339904785, 211.345321655, 543.874389648, 893.127807617, 743.350097656, 1710.73254395, 4939.36914062, 842.824584961, 207.655181885, 559.427612305, 585.642578125, 698.612548828, 417.275024414, 358.186157227, 1059.7409668, 362.943878174, 142.783905029, 158.817337036, 1116.49230957, 525.844543457, 286.149963379, 182.922897339, 192.782333374, 66.3935546875, 23.703004837, 15.93242836, 9.54744911194, 2.25767850876, 0.761514306068, 0.110208161175, 0.0415388457477, 0.0141591979191, 0.000418957497459, 2.9784902722e-07],
        "dvar2": [0.0367825031281, 4.61447048187, 49.9912872314, 64.9279022217, 131.169433594, 369.044708252, 302.289550781, 557.526428223, 1486.55114746, 2371.46044922, 1671.27563477, 3364.00585938, 12248.0712891, 1852.93164062, 514.738769531, 1351.11169434, 1338.91308594, 1589.35717773, 991.722900391, 843.754577637, 2305.04174805, 898.591186523, 337.543823242, 357.885192871, 2760.53027344, 1293.16625977, 743.784484863, 467.82925415, 525.151306152, 167.080001831, 58.0312194824, 39.7680358887, 23.7092247009, 4.83075428009, 1.48197650909, 0.215068534017, 0.0980829969049, 0.0380225889385, 0.00114661664702, 8.09555217529e-07],
        "max": [1.11091387272, 11.9352493286, 44.9197235107, 62.5995903015, 83.8632965088, 189.008041382, 212.77822876, 206.059310913, 350.587341309, 453.603302002, 855.731811523, 1135.77490234, 1652.59484863, 718.492614746, 237.5365448, 387.263977051, 651.193603516, 459.908782959, 426.242248535, 394.44052124, 811.747375488, 579.291687012, 188.396987915, 200.017303467, 772.091796875, 410.697753906, 288.501220703, 205.720397949, 135.357437134, 86.3390045166, 68.6666183472, 72.7491378784, 57.4336624146, 41.1512298584, 21.0804023743, 5.90317630768, 2.61955595016, 1.3713619709, 0.195486947894, 0.00577863259241],
        "mean": [0.0470735393465, 0.57813334465, 3.61862683296, 5.54858350754, 8.14226341248, 21.2124023438, 14.2881937027, 18.2063369751, 15.5362415314, 25.3390903473, 17.4613380432, 26.2871952057, 44.700378418, 30.0179424286, 16.6653957367, 20.0218658447, 19.1894855499, 27.6685619354, 25.4579601288, 27.9587154388, 53.9408607483, 41.0104217529, 21.3125038147, 22.0751571655, 25.8399810791, 30.1226463318, 22.7444019318, 14.5881147385, 12.6366767883, 10.6670227051, 7.36969423294, 4.75254869461, 3.12036561966, 1.92967259884, 1.06365215778, 0.396081537008, 0.16031602025, 0.0526590198278, 0.00638732407242, 0.000188284349861],
        "median": [0.0204648040235, 0.268667131662, 1.94640493393, 3.98068499565, 6.21242570877, 11.5190467834, 10.2457551956, 10.3810062408, 8.82259273529, 9.44454669952, 7.17947912216, 9.75108146667, 15.1611814499, 11.6479682922, 9.53660678864, 8.35481929779, 8.91265773773, 15.3704919815, 15.8309516907, 17.4712162018, 34.3203430176, 28.0583934784, 15.9962968826, 16.048576355, 15.2620248795, 19.6056270599, 16.8451862335, 8.02167701721, 7.7162399292, 7.00696754456, 5.41965961456, 3.5219373703, 2.14175510406, 1.3584549427, 0.574795663357, 0.135094583035, 0.0384110286832, 0.00436200154945, 0.000129736974486, 4.45820624009e-05],
        "min": [6.55104490031e-23, 8.76944230374e-22, 4.4182030845e-21, 2.30357021302e-20, 5.4121939572e-20, 5.21271353637e-20, 4.32215725334e-19, 2.65774474982e-19, 5.08135757822e-19, 5.1918497795e-19, 1.44522597801e-18, 1.57737997159e-18, 2.30640330015e-18, 4.60288911835e-18, 3.76290581787e-18, 3.47424832182e-18, 5.14241643212e-18, 5.66232508971e-18, 6.51946080737e-18, 5.95101980889e-18, 1.34508137192e-17, 1.36968312955e-17, 1.6934699936e-17, 1.28024571474e-17, 1.23786701857e-17, 9.9556422774e-18, 1.06082629653e-17, 1.64162082388e-17, 2.93793907151e-17, 1.81257407564e-17, 1.81474774085e-17, 2.09758643488e-17, 1.68188582542e-17, 1.1513182839e-17, 9.3672256943e-18, 6.56867722664e-18, 2.90408099739e-18, 1.23971626355e-18, 3.10325104455e-19, 3.00245721283e-20],
        "var": [0.0103914476931, 1.15088474751, 26.6405582428, 44.3591117859, 61.7590713501, 738.453430176, 235.286636353, 503.665679932, 611.484008789, 1614.74707031, 1504.75463867, 4244.98583984, 13585.8085938, 2968.08374023, 431.739318848, 1139.92053223, 1123.81958008, 1560.8326416, 964.321777344, 1257.36657715, 5202.87988281, 2889.35522461, 378.100036621, 475.128479004, 1881.50366211, 1082.88110352, 555.974121094, 354.337036133, 267.986755371, 162.377929688, 73.9947280884, 38.650177002, 21.2599716187, 6.93793535233, 2.29380297661, 0.347716003656, 0.073962032795, 0.0143134836107, 0.000346261484083, 2.46360599476e-07]
    },
    "gfcc": {
        "mean": [20.9833831787, 83.9419631958, -134.077056885, 41.3160858154, -59.5368766785, -3.70166373253, -36.4473609924, -2.63622426987, -22.4328784943, -5.5885014534, -20.325969696, -4.27720785141, -4.7151465416],
        "cov": [[6431.26220703, -3074.64257812, 2636.60131836, 104.975387573, -292.422241211, 1562.40100098, -405.632415771, 936.977844238, -483.878662109, 745.31439209, -373.527740479, 433.068115234, -699.614929199], [-3074.64257812, 2426.96801758, -1683.73181152, 49.9197731018, 251.487197876, -896.537902832, 288.808441162, -562.038146973, 297.266662598, -454.521820068, 246.318939209, -276.643585205, 400.437347412], [2636.60131836, -1683.73181152, 2720.88549805, 211.398101807, 77.0608062744, 922.231994629, -369.371673584, 584.701843262, -313.944000244, 483.537628174, -266.895050049, 339.707244873, -446.501983643], [104.975387573, 49.9197731018, 211.398101807, 369.106140137, -34.4937973022, 142.997344971, -66.2408599854, 53.8736038208, 7.38598012924, 37.7198219299, 3.95503401756, 10.7255735397, -38.3195533752], [-292.422241211, 251.487197876, 77.0608062744, -34.4937973022, 258.959747314, -27.392578125, 74.5041809082, -38.4658355713, 8.45172405243, -37.7849006653, 15.5143976212, 18.8566169739, 33.9077110291], [1562.40100098, -896.537902832, 922.231994629, 142.997344971, -27.392578125, 661.253723145, -90.1107025146, 329.677764893, -180.669754028, 228.100662231, -107.480865479, 146.312393188, -228.08102417], [-405.632415771, 288.808441162, -369.371673584, -66.2408599854, 74.5041809082, -90.1107025146, 185.444610596, -66.427986145, 38.3423690796, -92.5310058594, 49.541229248, -49.5077285767, 64.3154983521], [936.977844238, -562.038146973, 584.701843262, 53.8736038208, -38.4658355713, 329.677764893, -66.427986145, 260.2996521, -69.9554443359, 160.253936768, -78.9757232666, 84.786277771, -135.498519897], [-483.878662109, 297.266662598, -313.944000244, 7.38598012924, 8.45172405243, -180.669754028, 38.3423690796, -69.9554443359, 135.493728638, -43.2006111145, 47.9987106323, -57.5982322693, 67.8748397827], [745.31439209, -454.521820068, 483.537628174, 37.7198219299, -37.7849006653, 228.100662231, -92.5310058594, 160.253936768, -43.2006111145, 186.916366577, -33.2057800293, 70.033706665, -118.253227234], [-373.527740479, 246.318939209, -266.895050049, 3.95503401756, 15.5143976212, -107.480865479, 49.541229248, -78.9757232666, 47.9987106323, -33.2057800293, 91.7360305786, -25.2259807587, 44.1077880859], [433.068115234, -276.643585205, 339.707244873, 10.7255735397, 18.8566169739, 146.312393188, -49.5077285767, 84.786277771, -57.5982322693, 70.033706665, -25.2259807587, 95.5024490356, -48.3445625305], [-699.614929199, 400.437347412, -446.501983643, -38.3195533752, 33.9077110291, -228.08102417, 64.3154983521, -135.498519897, 67.8748397827, -118.253227234, 44.1077880859, -48.3445625305, 150.45703125]],
        "icov": [[0.000592203519773, 0.000224080737098, 0.00012375190272, 7.94172592578e-05, 0.000195018845261, -0.000454143824754, -8.26740651974e-05, -0.000114533824672, 0.000131776861963, -0.000589198840316, 0.000694986141752, -0.000667287851684, 0.000803907983936], [0.000224080737098, 0.00195785705, 0.000363696744898, -0.00126421474852, -0.00173166883178, 0.00116109952796, -3.61094389518e-05, -0.000112893525511, 0.00032243624446, 0.000768469355535, -0.00110205484089, 0.00143497507088, -0.000104637227196], [0.00012375190272, 0.000363696744898, 0.00198703049682, -0.000841013155878, -0.00185792485718, 0.000524415518157, 0.00124593009241, -0.000991947483271, 0.00104859354906, -0.00124285230413, 0.00203490350395, -0.00212023640051, 0.00235012290068], [7.94172592578e-05, -0.00126421474852, -0.000841013155878, 0.00511406827718, 0.00171705393586, -0.00370884709992, 0.00237170187756, 0.000268298870651, -0.00275672669522, 0.00179903022945, -0.00195169087965, 0.000859945954289, -0.000734794652089], [0.000195018845261, -0.00173166883178, -0.00185792485718, 0.00171705393586, 0.00826305244118, -0.00193864887115, -0.00394480349496, 0.00272652530111, -0.00211346102878, -0.00029219003045, 0.00123370555229, -0.00391017459333, -0.00111433013808], [-0.000454143824754, 0.00116109952796, 0.000524415518157, -0.00370884709992, -0.00193864887115, 0.00987672433257, -0.00281832995825, -0.00517647294328, 0.006120251026, -0.00166854611598, 0.000170615967363, -0.00124255160335, 0.00284018740058], [-8.26740651974e-05, -3.61094389518e-05, 0.00124593009241, 0.00237170187756, -0.00394480349496, -0.00281832995825, 0.0136763397604, -0.00442725000903, -0.000540600391105, 0.00635499274358, -0.00639129383489, 0.00472434796393, -0.000573110184632], [-0.000114533824672, -0.000112893525511, -0.000991947483271, 0.000268298870651, 0.00272652530111, -0.00517647294328, -0.00442725000903, 0.0186572168022, -0.00572258606553, -0.00636855931953, 0.00794566236436, -0.0038901232183, 0.00112256186549], [0.000131776861963, 0.00032243624446, 0.00104859354906, -0.00275672669522, -0.00211346102878, 0.006120251026, -0.000540600391105, -0.00572258606553, 0.018273267895, -0.00523804361001, -0.00289446418174, 0.00545603223145, -0.00276284851134], [-0.000589198840316, 0.000768469355535, -0.00124285230413, 0.00179903022945, -0.00029219003045, -0.00166854611598, 0.00635499274358, -0.00636855931953, -0.00523804361001, 0.0224739722908, -0.00996940117329, 0.000525786424987, 0.00418759509921], [0.000694986141752, -0.00110205484089, 0.00203490350395, -0.00195169087965, 0.00123370555229, 0.000170615967363, -0.00639129383489, 0.00794566236436, -0.00289446418174, -0.00996940117329, 0.0261859241873, -0.00958190578967, 0.00428963126615], [-0.000667287851684, 0.00143497507088, -0.00212023640051, 0.000859945954289, -0.00391017459333, -0.00124255160335, 0.00472434796393, -0.0038901232183, 0.00545603223145, 0.000525786424987, -0.00958190578967, 0.0293247401714, -0.00933684688061], [0.000803907983936, -0.000104637227196, 0.00235012290068, -0.000734794652089, -0.00111433013808, 0.00284018740058, -0.000573110184632, 0.00112256186549, -0.00276284851134, 0.00418759509921, 0.00428963126615, -0.00933684688061, 0.0235427971929]]
    },
    "melbands": {
        "dmean": [0.000453497137642, 0.000992542598397, 0.000519698020071, 0.000485170923639, 0.000256518338574, 0.000180116781848, 0.000147067607031, 0.000133819266921, 7.66453595133e-05, 0.000102590674942, 0.000114722883154, 6.07025904173e-05, 2.84373782051e-05, 2.94135406875e-05, 3.1755938835e-05, 2.12514078157e-05, 2.917398524e-05, 2.0758867322e-05, 1.54044791998e-05, 1.96349155885e-05, 2.78816532955e-05, 1.92540846911e-05, 1.05854787762e-05, 7.6839560279e-06, 8.06544903753e-06, 9.98016366793e-06, 1.0157125871e-05, 1.00706465673e-05, 7.59994463806e-06, 5.55118322154e-06, 4.30168756793e-06, 4.32791102867e-06, 3.19741275234e-06, 2.98761528938e-06, 1.92302786672e-06, 1.54140514042e-06, 1.18918126191e-06, 1.09335985599e-06, 7.69799555655e-07, 6.13534894001e-07],
        "dmean2": [0.000804447336122, 0.00167006149422, 0.000866531161591, 0.000780797214247, 0.000404643389629, 0.000291359378025, 0.00024714047322, 0.000221877446165, 0.000123780380818, 0.000159268151037, 0.000181676630746, 9.15290729608e-05, 4.53108114016e-05, 4.65204429929e-05, 5.07682088937e-05, 3.379748523e-05, 4.49918479717e-05, 3.16229852615e-05, 2.34827093664e-05, 3.07130867441e-05, 4.31449407188e-05, 3.00461415463e-05, 1.65506535268e-05, 1.2260141375e-05, 1.24957241496e-05, 1.59288138093e-05, 1.60326235346e-05, 1.70665061887e-05, 1.28921656142e-05, 9.17277338885e-06, 7.10347740096e-06, 7.45627721699e-06, 5.28127065991e-06, 4.73340151075e-06, 3.04867626255e-06, 2.49407821684e-06, 1.93335608856e-06, 1.76523144546e-06, 1.21640323414e-06, 9.34195497848e-07],
        "dvar": [1.39676376421e-06, 3.76921639145e-06, 6.28547979886e-07, 4.83781207095e-07, 1.48028931335e-07, 9.71714015918e-08, 1.29349587041e-07, 1.03501328397e-07, 4.69798564495e-08, 6.90545292059e-08, 1.24477921304e-07, 1.68280465118e-08, 2.86382229042e-09, 4.11381018139e-09, 7.232005661e-09, 1.75426151383e-09, 3.21095527944e-09, 1.45683598518e-09, 9.52761092243e-10, 9.01330898806e-10, 1.92201721205e-09, 7.83098419443e-10, 2.08833686455e-10, 1.17072074257e-10, 1.16023919638e-10, 7.86739395853e-10, 4.92678620123e-10, 2.67139255161e-10, 1.41829908928e-10, 1.08547830446e-10, 5.93114238279e-11, 7.97780591588e-11, 3.60727975268e-11, 2.27711842438e-11, 8.36481058031e-12, 1.07888194906e-11, 5.68113481605e-12, 6.10578601568e-12, 2.68986937758e-12, 1.48757731393e-12],
        "dvar2": [3.91318872062e-06, 1.05588378574e-05, 1.67504924775e-06, 1.24831967696e-06, 3.59036476993e-07, 2.5463762654e-07, 3.50555183104e-07, 2.77289501582e-07, 9.86651969015e-08, 1.40504980095e-07, 3.06061934907e-07, 3.73666182441e-08, 7.18803416788e-09, 1.00258583657e-08, 1.78766157433e-08, 3.96736288266e-09, 7.43493933086e-09, 3.49015616408e-09, 2.1772499359e-09, 2.30903651754e-09, 3.97646626737e-09, 1.85304072087e-09, 4.91778284761e-10, 2.92557644777e-10, 2.55399951188e-10, 2.04010142113e-09, 1.19526244458e-09, 6.84993894939e-10, 3.8351272158e-10, 2.72261435619e-10, 1.53393867053e-10, 2.21273124823e-10, 9.35681046532e-11, 5.75167691252e-11, 2.04465420289e-11, 2.81626597043e-11, 1.39356521114e-11, 1.55638574945e-11, 6.32097282502e-12, 3.11307186626e-12],
        "max": [0.0109305782244, 0.0211341045797, 0.00974330492318, 0.00758989946917, 0.00830023922026, 0.00427011959255, 0.00506830401719, 0.00504474481568, 0.00706942565739, 0.00744277145714, 0.00810729619116, 0.0030016337987, 0.000816266343463, 0.00112104497384, 0.00136995490175, 0.000881944433786, 0.000981618417427, 0.000883196073119, 0.00061574584106, 0.000649826717563, 0.00117117259651, 0.000823153997771, 0.000206650118344, 0.000177141540917, 0.000190957187442, 0.000805395888165, 0.000386024476029, 0.000253793754382, 0.000217294276808, 0.000254482380114, 9.87894745776e-05, 9.63414931903e-05, 7.0730005973e-05, 5.5877448176e-05, 3.94921844418e-05, 6.52881426504e-05, 5.09273304488e-05, 4.28940220445e-05, 3.82885446015e-05, 3.36560951837e-05],
        "mean": [0.00054253754206, 0.00155670754611, 0.00102391897235, 0.00105338310823, 0.000641269725747, 0.00039562038728, 0.00024883961305, 0.00026063126279, 0.000135692083859, 0.000178836940904, 0.000222533126362, 0.000123773876112, 5.34799401066e-05, 5.5272874306e-05, 5.00600035593e-05, 3.90774875996e-05, 5.31115620106e-05, 3.99875934818e-05, 3.41050727002e-05, 4.51175801572e-05, 6.63325772621e-05, 4.73437576147e-05, 2.29725228564e-05, 1.5927485947e-05, 1.77842284756e-05, 1.84104683285e-05, 1.90068694792e-05, 2.07558932743e-05, 1.57905997185e-05, 1.01559862742e-05, 7.89399746282e-06, 7.30884312361e-06, 5.87624754189e-06, 6.21772505838e-06, 4.40831581727e-06, 3.41996019415e-06, 2.6499105843e-06, 2.25947223953e-06, 1.78218249403e-06, 1.55236671162e-06],
        "median": [0.000239522982156, 0.000911613693461, 0.000819267297629, 0.000712903041858, 0.00040674750926, 0.000239381406573, 0.000145189536852, 9.59837707342e-05, 4.97603032272e-05, 6.73264876241e-05, 7.38966409699e-05, 4.51662235719e-05, 2.83505760308e-05, 2.2434092898e-05, 1.8891552827e-05, 1.99613550649e-05, 2.77262424788e-05, 2.43127742579e-05, 1.905154204e-05, 2.92818076559e-05, 4.00347053073e-05, 2.98461800412e-05, 1.65276378539e-05, 1.16326027637e-05, 1.25709620988e-05, 1.12569277917e-05, 9.72736415861e-06, 1.35264490382e-05, 1.17430017781e-05, 6.34726848148e-06, 4.06426670452e-06, 4.29117699241e-06, 3.53524933416e-06, 3.86125702789e-06, 3.17708099828e-06, 2.28781937039e-06, 1.90805212696e-06, 1.43340685099e-06, 1.1855466937e-06, 1.06268510081e-06],
        "min": [7.44521991967e-25, 1.87385881376e-24, 4.44511011077e-24, 3.48643624608e-24, 1.16742791723e-23, 7.26020955486e-24, 7.81696707138e-24, 5.78306514325e-24, 1.30866857137e-23, 1.02339706207e-23, 1.15545277203e-23, 1.83273024884e-23, 1.62968549822e-23, 7.14523071134e-24, 1.23490692129e-23, 1.12171327e-23, 1.12525509769e-23, 1.07083079498e-23, 1.0383806861e-23, 6.77819582025e-24, 1.79090500142e-23, 1.3484543767e-23, 1.44827525792e-23, 1.59994275996e-23, 9.51638408709e-24, 7.14591307602e-24, 1.08877880052e-23, 5.54239590841e-24, 6.65619059265e-24, 6.13734888667e-24, 9.81586566342e-24, 2.05948926268e-23, 8.45436352736e-24, 1.08340665776e-23, 9.66784380317e-24, 1.16547162107e-23, 1.40365255196e-23, 1.08466370761e-23, 1.12723316641e-23, 9.32026537744e-24],
        "var": [1.09544487259e-06, 4.67845984531e-06, 1.18139178085e-06, 1.15028410619e-06, 5.86530006785e-07, 2.29451913469e-07, 1.43642282069e-07, 1.7958812748e-07, 1.04516267641e-07, 1.92597582327e-07, 3.41539390547e-07, 5.61465114401e-08, 5.52606982396e-09, 8.43819858432e-09, 1.10307123435e-08, 3.77351483394e-09, 6.57873799881e-09, 2.94145130475e-09, 2.70912026146e-09, 2.83987988681e-09, 9.34647204076e-09, 5.23156229448e-09, 5.40918199121e-10, 2.45274356381e-10, 3.5739564086e-10, 1.03804365104e-09, 9.67696811571e-10, 5.03884267644e-10, 2.46131975912e-10, 2.00385721905e-10, 1.09665269921e-10, 9.57771709165e-11, 6.26024510009e-11, 5.82352499556e-11, 2.58513210838e-11, 2.33812049583e-11, 1.26566595746e-11, 1.17278981665e-11, 7.08830693794e-12, 4.50260315144e-12]
    },
    "mfcc": {
        "mean": [-613.63482666, 106.65524292, -15.1566038132, 35.913772583, -3.48374342918, 3.17642951012, -7.20837306976, -1.50375795364, 1.35117304325, -0.893538415432, -10.0150346756, -3.93113541603, -2.95019555092],
        "cov": [[4241.77685547, -1795.29077148, 1696.23803711, -564.933410645, 301.038146973, 315.349822998, 310.541107178, 221.477050781, -2.20761990547, 159.184326172, 203.742446899, 102.465820312, 103.241607666], [-1795.29077148, 1413.70861816, -1050.88037109, 326.904907227, -152.810775757, -110.744384766, -101.519195557, -80.7528381348, -1.62613809109, -83.9575500488, -100.754371643, -36.2648124695, -34.7463645935], [1696.23803711, -1050.88037109, 2059.18115234, -170.492782593, 583.674316406, 208.03352356, 195.124908447, 117.051567078, -8.91243553162, 48.7594032288, 124.404075623, 89.27709198, 44.5424232483], [-564.933410645, 326.904907227, -170.492782593, 283.647827148, 0.774551033974, -9.31262016296, -76.3344573975, -34.1981925964, 1.92327535152, -26.1045036316, -20.8375148773, 17.5714626312, 10.292427063], [301.038146973, -152.810775757, 583.674316406, 0.774551033974, 302.738494873, 93.3265304565, 70.291053772, 37.7320213318, 5.3606877327, -1.26320838928, 21.8903274536, 28.7294254303, 11.1391105652], [315.349822998, -110.744384766, 208.03352356, -9.31262016296, 93.3265304565, 138.257888794, 87.7150802612, 53.1934967041, -9.90948963165, 3.5347635746, 18.8458080292, 16.7634487152, 9.27754592896], [310.541107178, -101.519195557, 195.124908447, -76.3344573975, 70.291053772, 87.7150802612, 171.685791016, 80.817741394, -1.20528900623, 5.5094537735, 12.6162576675, 0.304081976414, 0.880223333836], [221.477050781, -80.7528381348, 117.051567078, -34.1981925964, 37.7320213318, 53.1934967041, 80.817741394, 100.417648315, 22.890291214, 5.9016327858, 2.69428610802, 5.58122873306, 2.03034687042], [-2.20761990547, -1.62613809109, -8.91243553162, 1.92327535152, 5.3606877327, -9.90948963165, -1.20528900623, 22.890291214, 69.8068695068, 26.1935081482, -7.12007570267, -7.30790519714, -0.755939602852], [159.184326172, -83.9575500488, 48.7594032288, -26.1045036316, -1.26320838928, 3.5347635746, 5.5094537735, 5.9016327858, 26.1935081482, 74.4222412109, 36.1656417847, 3.55720901489, 7.87470769882], [203.742446899, -100.754371643, 124.404075623, -20.8375148773, 21.8903274536, 18.8458080292, 12.6162576675, 2.69428610802, -7.12007570267, 36.1656417847, 80.3406066895, 37.7095603943, 11.0515871048], [102.465820312, -36.2648124695, 89.27709198, 17.5714626312, 28.7294254303, 16.7634487152, 0.304081976414, 5.58122873306, -7.30790519714, 3.55720901489, 37.7095603943, 72.4946517944, 30.3158855438], [103.241607666, -34.7463645935, 44.5424232483, 10.292427063, 11.1391105652, 9.27754592896, 0.880223333836, 2.03034687042, -0.755939602852, 7.87470769882, 11.0515871048, 30.3158855438, 56.5265197754]],
