{
"lowlevel": {
    "average_loudness": 0.918308913708,
    "barkbands_crest": {
        "dmean": 2.15203690529,
        "dmean2": 3.50296592712,
        "dvar": 4.16355323792,
        "dvar2": 10.7564983368,
        "max": 22.8133087158,
        "mean": 7.78123569489,
        "median": 7.08991193771,
        "min": 2.28479385376,
        "var": 10.2094478607
    },
    "barkbands_flatness_db": {
        "dmean": 0.0204439200461,
        "dmean2": 0.0301178731024,
        "dvar": 0.000484556338051,
        "dvar2": 0.000996274407953,
        "max": 0.348482429981,
        "mean": 0.124178849161,
        "median": 0.116990804672,
        "min": 0.024463493377,
        "var": 0.00269401934929
    },
    "barkbands_kurtosis": {
        "dmean": 1.94448184967,
        "dmean2": 3.109623909,
        "dvar": 24.459985733,
        "dvar2": 62.6532058716,
        "max": 108.121109009,
        "mean": 1.66762208939,
        "median": -0.500563144684,
        "min": -1.83788967133,
        "var": 45.3524665833
    },
    "barkbands_skewness": {
        "dmean": 0.501583218575,
        "dmean2": 0.769759953022,
        "dvar": 0.298970222473,
        "dvar2": 0.703762352467,
        "max": 9.95129394531,
        "mean": 0.939487099648,
        "median": 0.719553887844,
        "min": -1.92650663853,
        "var": 1.30719459057
    },
    "barkbands_spread": {
        "dmean": 6.56446504593,
        "dmean2": 9.91683864594,
        "dvar": 56.3105278015,
        "dvar2": 115.708213806,
        "max": 113.136749268,
        "mean": 29.900220871,
        "median": 29.0106086731,
        "min": 1.51752471924,
        "var": 206.7449646
    },
    "dissonance": {
        "dmean": 0.0114063192159,
        "dmean2": 0.0187549199909,
        "dvar": 0.000153639892233,
        "dvar2": 0.000373368879082,
        "max": 0.499972224236,
        "mean": 0.477485269308,
        "median": 0.483356624842,
        "min": 0.317637711763,
        "var": 0.000461087969597
    },
    "dynamic_complexity": 3.11331224442,
    "erbbands_crest": {
        "dmean": 2.3383667469,
        "dmean2": 3.62767744064,
        "dvar": 4.8209400177,
        "dvar2": 11.0771379471,
        "max": 31.6606311798,
        "mean": 8.45550346375,
        "median": 7.75275468826,
        "min": 2.40668964386,
        "var": 14.9272527695
    },
    "erbbands_flatness_db": {
        "dmean": 0.0173683743924,
        "dmean2": 0.0243159476668,
        "dvar": 0.00030869038892,
        "dvar2": 0.000536279287189,
        "max": 0.359284281731,
        "mean": 0.169032141566,
        "median": 0.162621930242,
        "min": 0.0268107317388,
        "var": 0.00369991757907
    },
    "erbbands_kurtosis": {
        "dmean": 0.779062390327,
        "dmean2": 1.19004845619,
        "dvar": 1.03665959835,
        "dvar2": 2.11216187477,
        "max": 21.7571868896,
        "mean": 0.126576125622,
        "median": -0.34391617775,
        "min": -1.75639808178,
        "var": 2.83911705017
    },
    "erbbands_skewness": {
        "dmean": 0.359449774027,
        "dmean2": 0.532476723194,
        "dvar": 0.115123748779,
        "dvar2": 0.242152437568,
        "max": 3.80547356606,
        "mean": -0.188299417496,
        "median": -0.253107517958,
        "min": -2.67848086357,
        "var": 0.604807794094
    },
    "erbbands_spread": {
        "dmean": 7.70054531097,
        "dmean2": 11.639714241,
        "dvar": 76.1965866089,
        "dvar2": 163.076156616,
        "max": 139.812149048,
        "mean": 37.6357192993,
        "median": 33.1510467529,
        "min": 5.7716255188,
        "var": 362.932312012
    },
    "hfc": {
        "dmean": 7.12817525864,
        "dmean2": 9.13135433197,
        "dvar": 119.106544495,
        "dvar2": 191.653945923,
        "max": 156.553268433,
        "mean": 20.3547554016,
        "median": 12.9370708466,
        "min": 1.19132709107e-16,
        "var": 461.187286377
    },
    "melbands_crest": {
        "dmean": 3.1330473423,
        "dmean2": 5.0977935791,
        "dvar": 8.74394035339,
        "dvar2": 22.1763324738,
        "max": 34.8243713379,
        "mean": 11.8417367935,
        "median": 11.0267372131,
        "min": 2.56745696068,
        "var": 22.1924648285
    },
    "melbands_flatness_db": {
        "dmean": 0.0261774249375,
        "dmean2": 0.039067722857,
        "dvar": 0.000790472724475,
        "dvar2": 0.00171595043503,
        "max": 0.470408737659,
        "mean": 0.172668650746,
        "median": 0.163256317377,
        "min": 0.00884278398007,
        "var": 0.00416645640507
    },
    "melbands_kurtosis": {
        "dmean": 5.77893066406,
        "dmean2": 9.39293766022,
        "dvar": 201.351516724,
        "dvar2": 541.262451172,
        "max": 337.340454102,
        "mean": 8.95046424866,
        "median": 3.21089887619,
        "min": -1.72676634789,
        "var": 429.773498535
    },
    "melbands_skewness": {
        "dmean": 0.680799305439,
        "dmean2": 1.06863021851,
        "dvar": 0.686406254768,
        "dvar2": 1.67723989487,
        "max": 16.185552597,
        "mean": 2.14260530472,
        "median": 1.7513551712,
        "min": -0.613740921021,
        "var": 2.61722755432
    },
    "melbands_spread": {
        "dmean": 9.92990779877,
        "dmean2": 15.2910938263,
        "dvar": 112.884254456,
        "dvar2": 260.29510498,
        "max": 197.474227905,
        "mean": 36.47032547,
        "median": 35.2784996033,
        "min": 0.941298902035,
        "var": 463.018676758
    },
    "pitch_salience": {
        "dmean": 0.064271427691,
        "dmean2": 0.102501623333,
        "dvar": 0.00327947200276,
        "dvar2": 0.00837162509561,
        "max": 0.862764537334,
        "mean": 0.589353561401,
        "median": 0.588152527809,
        "min": 0.161591604352,
        "var": 0.012500314042
    },
    "silence_rate_20dB": {
        "dmean": 0,
        "dmean2": 0,
        "dvar": 0,
        "dvar2": 0,
        "max": 1,
        "mean": 1,
        "median": 1,
        "min": 1,
        "var": 0
    },
    "silence_rate_30dB": {
        "dmean": 0,
        "dmean2": 0,
        "dvar": 0,
        "dvar2": 0,
        "max": 1,
        "mean": 1,
        "median": 1,
        "min": 1,
        "var": 0
    },
    "silence_rate_60dB": {
        "dmean": 0.0166408661753,
        "dmean2": 0.0332946181297,
        "dvar": 0.0163652095944,
        "dvar2": 0.0430243313313,
        "max": 1,
        "mean": 0.102127656341,
        "median": 0,
        "min": 0,
        "var": 0.0917035490274
    },
    "spectral_centroid": {
        "dmean": 289.86706543,
        "dmean2": 434.789916992,
        "dvar": 115675.390625,
        "dvar2": 219985.546875,
        "max": 11125.6132812,
        "mean": 1857.31359863,
        "median": 1948.90551758,
        "min": 189.955474854,
        "var": 446525.6875
    },
    "spectral_complexity": {
        "dmean": 4.48955106735,
        "dmean2": 6.3515291214,
        "dvar": 29.2932529449,
        "dvar2": 47.4041519165,
        "max": 58,
        "mean": 20.749710083,
        "median": 19,
        "min": 0,
        "var": 155.60244751
    },
    "spectral_decrease": {
        "dmean": 1.60649882286e-09,
        "dmean2": 2.47602316428e-09,
        "dvar": 6.46697330238e-18,
        "dvar2": 1.61258893504e-17,
        "max": 6.18647276921e-29,
        "mean": -3.96009181003e-09,
        "median": -3.01106006795e-09,
        "min": -2.71844307065e-08,
        "var": 1.14566194015e-17
    },
    "spectral_energy": {
        "dmean": 0.00658010039479,
        "dmean2": 0.00992293842137,
        "dvar": 0.000103022983239,
        "dvar2": 0.000249833130511,
        "max": 0.109967820346,
        "mean": 0.0167925469577,
        "median": 0.0127168409526,
        "min": 1.05721986402e-20,
        "var": 0.000204578012927
    },
    "spectral_energyband_high": {
        "dmean": 0.000473268853966,
        "dmean2": 0.000613572075963,
        "dvar": 9.92015998236e-07,
        "dvar2": 1.57196939199e-06,
        "max": 0.0187311135232,
        "mean": 0.000892726879101,
        "median": 0.000280209700577,
        "min": 7.70560341962e-21,
        "var": 2.50998459705e-06
    },
    "spectral_energyband_low": {
        "dmean": 0.00344844488427,
        "dmean2": 0.00596764776856,
        "dvar": 6.35479591438e-05,
        "dvar2": 0.000173700391315,
        "max": 0.0643537715077,
        "mean": 0.00475372048095,
        "median": 0.00312306242995,
        "min": 6.4050633499e-23,
        "var": 5.43002133782e-05
    },
    "spectral_energyband_middle_high": {
        "dmean": 0.00183316797484,
        "dmean2": 0.00253253686242,
        "dvar": 7.7501481428e-06,
        "dvar2": 1.4531889974e-05,
        "max": 0.0539387390018,
        "mean": 0.0056785386987,
        "median": 0.00339454202913,
        "min": 1.54076505281e-21,
        "var": 4.26432998211e-05
    },
    "spectral_energyband_middle_low": {
        "dmean": 0.00287070916966,
        "dmean2": 0.00439332192764,
        "dvar": 2.48671658483e-05,
        "dvar2": 6.1039281718e-05,
        "max": 0.057420194149,
        "mean": 0.00617437949404,
        "median": 0.00427831010893,
        "min": 1.85389633356e-22,
        "var": 3.871177978e-05
    },
    "spectral_entropy": {
        "dmean": 0.150128737092,
        "dmean2": 0.207851886749,
        "dvar": 0.0308740958571,
        "dvar2": 0.0521463192999,
        "max": 9.78495121002,
        "mean": 7.64192771912,
        "median": 7.62440776825,
        "min": 5.78045368195,
        "var": 0.153640002012
    },
    "spectral_flux": {
        "dmean": 0.0207779444754,
        "dmean2": 0.0311744716018,
        "dvar": 0.000671006273478,
        "dvar2": 0.00127173622604,
        "max": 0.259830027819,
        "mean": 0.0709497258067,
        "median": 0.0623782016337,
        "min": 1.02821196002e-10,
        "var": 0.0019312404329
    },
    "spectral_kurtosis": {
        "dmean": 1.86964666843,
        "dmean2": 3.11109828949,
        "dvar": 4.95766544342,
        "dvar2": 14.141913414,
        "max": 27.8901481628,
        "mean": 4.57736587524,
        "median": 4.06504535675,
        "min": -1.2311668396,
        "var": 8.52432727814
    },
    "spectral_rms": {
        "dmean": 0.000678941432852,
        "dmean2": 0.000995872076601,
        "dvar": 7.5276835787e-07,
        "dvar2": 1.73946307314e-06,
        "max": 0.0103578800336,
        "mean": 0.00371265900321,
        "median": 0.00352231087163,
        "min": 3.21159461872e-12,
        "var": 2.5991109851e-06
    },
    "spectral_rolloff": {
        "dmean": 622.288574219,
        "dmean2": 1002.67321777,
        "dvar": 933028.75,
        "dvar2": 1955068.5,
        "max": 19056.8847656,
        "mean": 2276.15307617,
        "median": 2390.18554688,
        "min": 43.06640625,
        "var": 2677210
    },
    "spectral_skewness": {
        "dmean": 0.248682409525,
        "dmean2": 0.397087812424,
        "dvar": 0.0681211948395,
        "dvar2": 0.165892854333,
        "max": 4.08652973175,
        "mean": 1.31768250465,
        "median": 1.31391561031,
        "min": -0.506208539009,
        "var": 0.23574846983
    },
    "spectral_spread": {
        "dmean": 524531.3125,
        "dmean2": 704709.25,
        "dvar": 831195119616,
        "dvar2": 1.13157459149e+12,
        "max": 41166212,
        "mean": 4042478.75,
        "median": 3692050.5,
        "min": 1543265.125,
        "var": 3.52895945933e+12
    },
    "spectral_strongpeak": {
        "dmean": 0.607675969601,
        "dmean2": 1.05355262756,
        "dvar": 1.08052659035,
        "dvar2": 2.73823261261,
        "max": 9.87077045441,
        "mean": 0.848238587379,
        "median": 0.389891058207,
        "min": 0,
        "var": 1.30732285976
    },
    "zerocrossingrate": {
        "dmean": 0.0119054457173,
        "dmean2": 0.0126386014745,
        "dvar": 0.000183028998435,
        "dvar2": 0.000185626326129,
        "max": 0.50634765625,
        "mean": 0.0757857859135,
        "median": 0.07080078125,
        "min": 0.0078125,
        "var": 0.00160777033307
    },
    "barkbands": {
        "dmean": [8.91389281605e-05, 0.00211768038571, 0.00133152515627, 0.00101538596209, 0.00137730920687, 0.000318826409057, 0.000658012111671, 0.000339203310432, 0.000370474881493, 0.00021725546685, 0.000334821408615, 0.000275357888313, 0.000246132258326, 0.000270301650744, 0.000420016353019, 0.000281366490526, 0.000444112461992, 0.000345690845279, 0.000318862556014, 0.000187245837878, 0.000139044903335, 0.00010356464918, 6.78974611219e-05, 6.81980382069e-05, 5.43289534107e-05, 3.48383509845e-05, 4.43252702098e-06],
        "dmean2": [0.000128857573145, 0.00367706920952, 0.00241770944558, 0.00171292759478, 0.00223294948228, 0.000485847500386, 0.000996384536847, 0.00053855049191, 0.000541112909559, 0.000334333133651, 0.000525175011717, 0.000429572042776, 0.000380137033062, 0.000431724678492, 0.000656508083921, 0.000427066144766, 0.000684145779815, 0.000508469936904, 0.000473028077977, 0.000291534146527, 0.000203674673685, 0.000144824851304, 9.24252381083e-05, 8.79208600963e-05, 7.30893298169e-05, 4.85809396196e-05, 6.7117503022e-06],
        "dvar": [5.0766765014e-08, 2.63414876827e-05, 1.09426991912e-05, 4.22688435719e-06, 8.46919192554e-06, 4.36830248418e-07, 2.23355891649e-06, 6.59658098812e-07, 4.84439112824e-07, 2.81920023326e-07, 1.0818254168e-06, 6.45040870495e-07, 2.6291010613e-07, 3.78333680828e-07, 7.2788708394e-07, 4.794694064e-07, 4.84633744691e-07, 3.54679229986e-07, 3.7705231648e-07, 1.30590692038e-07, 1.10547262011e-07, 5.56440902244e-08, 3.11789101204e-08, 2.81745613506e-08, 1.77538286295e-08, 9.02820840309e-09, 1.65426145005e-10],
        "dvar2": [1.02650730582e-07, 7.06714563421e-05, 3.13615746563e-05, 1.10819210022e-05, 2.13803978113e-05, 9.15276075375e-07, 5.26122357769e-06, 1.55337932028e-06, 1.02308808891e-06, 6.26175051366e-07, 2.47930347541e-06, 1.45896478898e-06, 6.85623774643e-07, 9.48085187247e-07, 1.78250127192e-06, 1.14806550755e-06, 1.15539194212e-06, 7.18042826975e-07, 7.47914384647e-07, 2.98296214396e-07, 2.3107349989e-07, 1.04739122264e-07, 5.50029426449e-08, 5.50019301215e-08, 3.45054793627e-08, 1.9708489063e-08, 3.76976311278e-10],
        "max": [0.00208705384284, 0.0421696417034, 0.0236543938518, 0.028097352013, 0.0387221798301, 0.0146411471069, 0.0243383478373, 0.0127793038264, 0.0112600643188, 0.0127246584743, 0.0192277915776, 0.0193149428815, 0.00688374741003, 0.00933176558465, 0.016995837912, 0.0160310678184, 0.00825177691877, 0.0126110203564, 0.0138222128153, 0.00616802927107, 0.00403995346278, 0.00415970245376, 0.00565018784255, 0.00447966437787, 0.00304819992743, 0.00132778810803, 0.00015351093316],
        "mean": [8.91563468031e-05, 0.00260328431614, 0.00142035610043, 0.00127548445016, 0.00184627901763, 0.000524318020325, 0.00110667629633, 0.00054296606686, 0.000763870659284, 0.000367798871594, 0.000512626487762, 0.000412359513575, 0.000393363297917, 0.000481815717649, 0.000735381501727, 0.000478493078845, 0.0008451648755, 0.000699586584233, 0.000618722755462, 0.000317557743983, 0.000233971775742, 0.000171726336703, 0.00011042211554, 0.00010678126273, 8.07347678347e-05, 4.84843258164e-05, 5.17199441674e-06],
        "median": [2.57065403275e-06, 0.00144169665873, 0.000666017178446, 0.000600226107053, 0.00080528552644, 0.000251423101872, 0.000458973430796, 0.000251176388701, 0.000303815904772, 0.000167876889464, 0.000120744487504, 0.000114790331281, 9.2423906608e-05, 0.00013639802637, 0.000196998807951, 0.000143146535265, 0.000406298669986, 0.000320611987263, 0.00032085555722, 0.000116483934107, 7.36352740205e-05, 3.83709193557e-05, 2.45319079113e-05, 2.34850522247e-05, 1.30657399495e-05, 3.80503706765e-06, 8.12912546166e-08],
        "min": [1.85219649608e-23, 3.38369231966e-23, 1.28267426348e-23, 1.69714620071e-23, 2.99377793796e-23, 9.35174881617e-24, 1.67685985367e-23, 2.45042348376e-23, 8.2488887696e-23, 7.61409303026e-23, 1.15380209636e-22, 4.62638269484e-23, 6.60717077599e-23, 7.1942890244e-23, 2.6677450706e-22, 1.13416248905e-22, 1.22926692869e-22, 1.23982201382e-22, 3.59252759331e-22, 2.87230137338e-22, 3.90500612638e-22, 5.31550078451e-22, 7.51484902724e-22, 9.45785407891e-22, 1.12186269603e-21, 1.72776906161e-21, 2.30358915578e-21],
        "var": [6.26026235295e-08, 2.29152501561e-05, 7.29407247491e-06, 4.44837814939e-06, 1.00473216662e-05, 9.7061354154e-07, 4.67244353786e-06, 1.18453033338e-06, 1.51241795265e-06, 5.52224037165e-07, 2.2602248464e-06, 1.27435089325e-06, 4.78787455904e-07, 9.32717227897e-07, 1.83420399935e-06, 9.7677013855e-07, 1.2916734704e-06, 9.94694801193e-07, 7.95822245436e-07, 2.49318446777e-07, 1.97383641876e-07, 1.22935077229e-07, 6.34047978565e-08, 5.35228963372e-08, 3.4689438877e-08, 1.55290518222e-08, 2.29316288181e-10]
    },
    "erbbands": {
        "dmean": [0.0513667874038, 0.541978180408, 1.49071478844, 2.36548256874, 4.46468544006, 4.47309923172, 3.33823943138, 2.7317545414, 6.9744811058, 11.694647789, 5.80803918839, 9.48012256622, 5.73021697998, 8.51592540741, 13.4249048233, 10.6793756485, 11.1584310532, 12.6249380112, 17.9799194336, 22.4936122894, 14.0795583725, 21.578792572, 20.5628051758, 17.142791748, 14.1312360764, 8.23770713806, 6.35056257248, 5.36403989792, 3.80889582634, 2.46973705292, 1.94109678268, 1.61630225182, 1.04232656956, 0.642734229565, 0.382476270199, 0.202457234263, 0.0513351596892, 0.00821245089173, 0.000926835811697, 4.04637794418e-05],
        "dmean2": [0.0811545848846, 0.9811450243, 2.71657633781, 4.06542110443, 7.70734596252, 7.07590198517, 5.37561798096, 4.14946269989, 10.5292596817, 17.7868690491, 8.97970676422, 13.7330913544, 9.03789234161, 12.7223644257, 21.2036933899, 16.0631656647, 16.8871746063, 19.53399086, 27.4949493408, 34.2049331665, 21.3365917206, 32.5678825378, 30.1256160736, 25.3538360596, 21.5697746277, 12.8587522507, 9.49219417572, 7.86259937286, 5.37797784805, 3.41275787354, 2.63476204872, 2.13000965118, 1.35168075562, 0.878161370754, 0.527343630791, 0.283682405949, 0.0723690167069, 0.0117270648479, 0.00141404441092, 6.10537608736e-05],
        "dvar": [0.0165530461818, 1.79963159561, 14.0947322845, 18.8782901764, 104.397880554, 80.283531189, 70.0291595459, 37.6765441895, 247.743225098, 914.702331543, 118.743919373, 354.445556641, 185.4480896, 503.674285889, 1712.55102539, 960.16204834, 490.068603516, 866.820983887, 1744.93725586, 2648.49169922, 786.094116211, 1156.97192383, 1196.10754395, 946.423461914, 771.75201416, 261.4559021, 198.702514648, 174.057342529, 79.5808868408, 32.8525314331, 30.8459510803, 17.3433685303, 5.90916442871, 2.69675374031, 0.936792433262, 0.30731472373, 0.0193781722337, 0.000525133043993, 7.60306829761e-06, 1.16001332984e-08],
        "dvar2": [0.0363597981632, 5.15913963318, 40.5696220398, 51.5493965149, 288.524230957, 182.191619873, 178.803115845, 77.0320587158, 513.523193359, 2329.72485352, 251.370040894, 733.102478027, 436.769744873, 1058.93823242, 4155.24169922, 1944.4440918, 1237.47277832, 2114.30078125, 4388.29980469, 5965.89990234, 1796.18017578, 2693.59863281, 2428.05737305, 1931.94055176, 1636.54187012, 582.411499023, 421.917724609, 374.723419189, 158.995727539, 65.6238632202, 56.1902770996, 33.6158103943, 11.1596183777, 5.31657457352, 1.94476926327, 0.675965845585, 0.0423568040133, 0.00114107818808, 1.75431123353e-05, 2.73041873555e-08],
        "max": [1.18076133728, 10.7555446625, 29.6297283173, 51.8282585144, 138.699432373, 148.218948364, 162.043441772, 147.332977295, 342.759674072, 573.183227539, 209.631698608, 340.619537354, 333.804992676, 555.58795166, 865.47064209, 967.742492676, 338.155731201, 518.187316895, 889.407470703, 1073.81298828, 442.17880249, 459.080535889, 794.010925293, 639.920349121, 792.19543457, 208.998962402, 160.296157837, 174.332778931, 113.435081482, 142.457855225, 201.357666016, 122.34072113, 60.3179893494, 42.9519996643, 17.8830890656, 7.83623552322, 1.69732451439, 0.311400055885, 0.0347015671432, 0.00127938610967],
        "mean": [0.0612174347043, 0.625861525536, 1.651714921, 3.17984986305, 5.35610055923, 6.24027347565, 4.53996944427, 4.53875684738, 11.915060997, 19.223941803, 11.4776554108, 19.9529380798, 10.6067276001, 14.7953939438, 21.7059612274, 17.7804317474, 19.7057571411, 23.6467456818, 32.3256530762, 38.3955192566, 27.9475784302, 45.2957725525, 43.0525474548, 34.9838142395, 26.1370792389, 14.5420322418, 10.5270557404, 8.80522823334, 6.22946929932, 4.09300899506, 3.08007693291, 2.49606347084, 1.6161595583, 0.949236512184, 0.556231081486, 0.282688051462, 0.070333711803, 0.0109216216952, 0.00108843308408, 5.93896547798e-05],
        "median": [0.0187071226537, 0.382371515036, 0.825064778328, 1.78508162498, 2.4285390377, 2.44244933128, 2.02026319504, 2.26234602928, 4.5843038559, 7.29144954681, 7.38396167755, 7.36219215393, 6.25688743591, 5.1752948761, 5.81298732758, 5.63919448853, 4.88726806641, 6.85793733597, 10.5890340805, 9.4734287262, 10.5680990219, 23.2423915863, 21.580329895, 18.5696563721, 13.0276699066, 5.62437772751, 3.52069544792, 2.5721950531, 1.35365617275, 0.937137722969, 0.668835401535, 0.527530193329, 0.327342391014, 0.165093317628, 0.0797736421227, 0.0262990035117, 0.00507288146764, 0.000611748720985, 3.09993920382e-05, 2.04215102713e-05],
        "min": [1.38988547135e-21, 5.9342765133e-21, 1.2452679864e-20, 3.73436923703e-20, 9.06015513197e-20, 1.26341227391e-19, 6.19465414854e-20, 5.56597555725e-20, 1.62216218579e-19, 4.41215036808e-19, 5.53650026859e-19, 2.31530769265e-18, 1.79234632501e-18, 4.00550755177e-18, 3.29069342838e-18, 2.17696463034e-18, 2.82491174776e-18, 3.56345023831e-18, 9.76203569195e-18, 9.23280140014e-18, 6.21233112747e-18, 6.52047865312e-18, 6.86770880834e-18, 1.05677733015e-17, 2.29978047858e-17, 1.32669025177e-17, 1.45187005813e-17, 1.4423758445e-17, 2.07970345178e-17, 2.10273232547e-17, 1.86693175328e-17, 1.78763722715e-17, 1.63316819607e-17, 9.86651522076e-18, 9.75004405461e-18, 6.61513168984e-18, 3.07258161728e-18, 1.41618480408e-18, 3.19246376608e-19, 3.26198092949e-20],
        "var": [0.018690334633, 1.30574226379, 9.38291168213, 19.2666397095, 95.1481933594, 116.728866577, 73.4403839111, 83.2925262451, 607.298095703, 1720.15246582, 257.594207764, 1150.9576416, 316.621948242, 1089.98400879, 3597.52685547, 2003.82653809, 1085.64501953, 2423.20532227, 3696.66308594, 6461.35839844, 2097.59741211, 3648.83276367, 3477.79467773, 2280.70166016, 1552.8885498, 494.026062012, 358.763031006, 297.244689941, 162.912185669, 66.3329620361, 56.3513679504, 32.3911132812, 11.8283948898, 4.93655729294, 1.72049558163, 0.51307618618, 0.0333084128797, 0.000870031828526, 1.04904338514e-05, 1.53269290593e-08]
    },
    "gfcc": {
        "mean": [-25.0238208771, 91.7574920654, -135.864624023, 39.1477546692, -49.5443496704, 1.95605885983, -33.647808075, 14.359992981, -22.1467132568, -1.77567112446, -14.9717340469, -4.00185441971, -14.6040668488],
        "cov": [[13067.1396484, -2012.31811523, 743.81072998, 812.946899414, -18.870634079, 1196.76879883, -856.701171875, 284.092651367, -420.706756592, 235.473999023, -339.336669922, 255.753112793, -304.448608398], [-2012.31811523, 1815.4987793, -1016.45043945, -257.770782471, -57.1253700256, -673.929260254, 351.105224609, -80.652015686, 234.357009888, -127.141601562, 206.785095215, -205.090530396, 111.682434082], [743.81072998, -1016.45043945, 1876.14294434, 262.395874023, 124.174667358, 711.165527344, -352.257415771, 127.380645752, -219.394134521, 50.0407943726, -135.866653442, 232.722930908, -139.935684204], [812.946899414, -257.770782471, 262.395874023, 350.816070557, 6.01356363297, 233.113586426, -129.714202881, 33.2443885803, -34.0063819885, 3.32925343513, -16.0749778748, 22.9795722961, -33.5394477844], [-18.870634079, -57.1253700256, 124.174667358, 6.01356363297, 217.003387451, 91.6053543091, -29.8531589508, 51.2714424133, 15.7930383682, 21.9585418701, -10.1447811127, 34.5620384216, 3.48013854027], [1196.76879883, -673.929260254, 711.165527344, 233.113586426, 91.6053543091, 616.331726074, -181.60609436, 103.742500305, -124.97077179, 57.8534355164, -54.772693634, 118.102966309, -68.9102325439], [-856.701171875, 351.105224609, -352.257415771, -129.714202881, -29.8531589508, -181.60609436, 296.105133057, -1.4724599123, 37.4611282349, -20.2736320496, 50.0629310608, -65.3360290527, 40.090385437], [284.092651367, -80.652015686, 127.380645752, 33.2443885803, 51.2714424133, 103.742500305, -1.4724599123, 141.822860718, 26.8687000275, 10.6848058701, -5.08261680603, 14.3420782089, -23.3254680634], [-420.706756592, 234.357009888, -219.394134521, -34.0063819885, 15.7930383682, -124.97077179, 37.4611282349, 26.8687000275, 152.851257324, 16.5503253937, 23.2695026398, -36.0951118469, 21.8339233398], [235.473999023, -127.141601562, 50.0407943726, 3.32925343513, 21.9585418701, 57.8534355164, -20.2736320496, 10.6848058701, 16.5503253937, 91.9715957642, -4.9476776123, 15.1319627762, -2.86830687523], [-339.336669922, 206.785095215, -135.866653442, -16.0749778748, -10.1447811127, -54.772693634, 50.0629310608, -5.08261680603, 23.2695026398, -4.9476776123, 111.690223694, -1.61766576767, -2.76289224625], [255.753112793, -205.090530396, 232.722930908, 22.9795722961, 34.5620384216, 118.102966309, -65.3360290527, 14.3420782089, -36.0951118469, 15.1319627762, -1.61766576767, 108.937416077, -7.90142440796], [-304.448608398, 111.682434082, -139.935684204, -33.5394477844, 3.48013854027, -68.9102325439, 40.090385437, -23.3254680634, 21.8339233398, -2.86830687523, -2.76289224625, -7.90142440796, 80.0527114868]],
        "icov": [[0.000177368332515, -8.97224017535e-05, 0.000288454844849, -0.000236818392295, 0.000156317677465, -0.00013355295232, 0.000407014915254, -0.000496283289976, 0.00064075255068, -0.000530277786311, 0.00061539671151, -0.000414049485698, 0.000521147623658], [-8.97224017535e-05, 0.00169420614839, -0.000258157786448, 0.000323445419781, -0.000431306660175, 0.000735089997761, -0.000677493982948, 0.000596461701207, -0.00164954608772, 0.00194558408111, -0.00259972084314, 0.00179252994712, -0.00124916282948], [0.000288454844849, -0.000258157786448, 0.00178300321568, -0.00041494978359, 0.000170162806171, -0.000971940346062, 0.00111470953561, -0.00121692940593, 0.00177079951391, -0.000881281972397, 0.00205703871325, -0.00217254133895, 0.0019852227997], [-0.000236818392295, 0.000323445419781, -0.00041494978359, 0.00478005129844, 0.000314549804898, -0.00167270342354, 0.000829026161227, 0.000735027366318, -0.0016759011196, 0.00198587728664, -0.00182150711771, 0.00222320808098, -0.00104429805651], [0.000156317677465, -0.000431306660175, 0.000170162806171, 0.000314549804898, 0.00582526344806, -0.00100833817851, 0.000745237921365, -0.00190440856386, -0.000217462657019, -0.00112572323997, 0.00109885656275, -0.00160361430608, -0.000525273440871], [-0.00013355295232, 0.000735089997761, -0.000971940346062, -0.00167270342354, -0.00100833817851, 0.00525386072695, -0.000184315169463, -0.00184344383888, 0.00178744620644, -0.00127478933427, -0.0011512398487, -0.000395677838242, -0.000423645309638], [0.000407014915254, -0.000677493982948, 0.00111470953561, 0.000829026161227, 0.000745237921365, -0.000184315169463, 0.00673136115074, -0.00306922197342, 0.00300898263231, -0.00151812308468, 9.26070861169e-05, 0.000793184270151, -0.000461018818896], [-0.000496283289976, 0.000596461701207, -0.00121692940593, 0.000735027366318, -0.00190440856386, -0.00184344383888, -0.00306922197342, 0.012286783196, -0.00651349220425, 0.00314055779018, -0.00158761430066, 0.00133454566821, 0.00104021222796], [0.00064075255068, -0.00164954608772, 0.00177079951391, -0.0016759011196, -0.000217462657019, 0.00178744620644, 0.00300898263231, -0.00651349220425, 0.0147567065433, -0.00673749437556, 0.00275759934448, -0.00130893592723, 0.000974531285465], [-0.000530277786311, 0.00194558408111, -0.000881281972397, 0.00198587728664, -0.00112572323997, -0.00127478933427, -0.00151812308468, 0.00314055779018, -0.00673749437556, 0.0162943564355, -0.00380534678698, 0.00206635147333, -0.00231849984266], [0.00061539671151, -0.00259972084314, 0.00205703871325, -0.00182150711771, 0.00109885656275, -0.0011512398487, 9.26070861169e-05, -0.00158761430066, 0.00275759934448, -0.00380534678698, 0.0166071243584, -0.00704370299354, 0.00624168757349], [-0.000414049485698, 0.00179252994712, -0.00217254133895, 0.00222320808098, -0.00160361430608, -0.000395677838242, 0.000793184270151, 0.00133454566821, -0.00130893592723, 0.00206635147333, -0.00704370299354, 0.0177278108895, -0.00528323510662], [0.000521147623658, -0.00124916282948, 0.0019852227997, -0.00104429805651, -0.000525273440871, -0.000423645309638, -0.000461018818896, 0.00104021222796, 0.000974531285465, -0.00231849984266, 0.00624168757349, -0.00528323510662, 0.0187864080071]]
    },
    "melbands": {
        "dmean": [0.000512324040756, 0.000766214972828, 0.000466364173917, 0.000326471752487, 0.000138553092256, 6.17935365881e-05, 0.000114653332275, 0.000117338371638, 5.02238108311e-05, 5.60982298339e-05, 2.84214511339e-05, 3.37785604643e-05, 4.92645522172e-05, 3.2009986171e-05, 2.81145585177e-05, 2.1013442165e-05, 2.58108448179e-05, 2.95803965855e-05, 2.76539831248e-05, 2.46012641583e-05, 1.74357428477e-05, 2.23648712563e-05, 2.90184489131e-05, 1.58826751431e-05, 1.5015972167e-05, 1.21475532069e-05, 8.75870682648e-06, 5.17134049005e-06, 4.3334239308e-06, 3.43965211869e-06, 3.17047874887e-06, 2.46997910835e-06, 1.79417713753e-06, 1.26641566567e-06, 1.12261921004e-06, 1.17421052437e-06, 9.59438807513e-07, 7.60990474191e-07, 6.47612750981e-07, 5.30189765868e-07],
        "dmean2": [0.000863265944645, 0.00139282166492, 0.000800547015388, 0.000541270885151, 0.000217096705455, 9.40844984143e-05, 0.000173521359102, 0.000179804032086, 7.64944779803e-05, 8.12339640106e-05, 4.53078682767e-05, 5.08079974679e-05, 7.72944767959e-05, 5.07694276166e-05, 4.20028991357e-05, 3.23789208778e-05, 4.01516117563e-05, 4.53562643088e-05, 4.27946833952e-05, 3.74941264454e-05, 2.67733030341e-05, 3.4711236367e-05, 4.3759107939e-05, 2.36033793044e-05, 2.26373740588e-05, 1.86597790162e-05, 1.37806064231e-05, 8.22783749754e-06, 6.69323981128e-06, 5.15084002473e-06, 4.72305100629e-06, 3.58349052476e-06, 2.64625464297e-06, 1.80574147635e-06, 1.55355064635e-06, 1.61608818416e-06, 1.29377940539e-06, 9.95121581582e-07, 8.82328549778e-07, 7.47539615986e-07],
        "dvar": [1.58205409662e-06, 3.69854819837e-06, 7.80402899636e-07, 4.6503501494e-07, 1.19149468958e-07, 1.92292102241e-08, 6.87944776701e-08, 9.00577461493e-08, 7.50668949223e-09, 1.22526593316e-08, 4.64989957649e-09, 8.33206037498e-09, 2.44958489048e-08, 9.29661592153e-09, 4.85448126142e-09, 2.17574269712e-09, 3.9045024991e-09, 4.61704230403e-09, 3.79023346042e-09, 4.16478451726e-09, 1.11940645642e-09, 1.35810585e-09, 2.38809350073e-09, 8.19671108765e-10, 7.74994013408e-10, 6.67875199589e-10, 3.06294767327e-10, 1.07255357373e-10, 8.73152938841e-11, 6.66441485331e-11, 6.17444775863e-11, 3.74829403627e-11, 1.67465607354e-11, 8.56116653264e-12, 1.01500717553e-11, 1.25046613689e-11, 5.77128709406e-12, 2.84499268761e-12, 2.824983086e-12, 1.80284379005e-12],
        "dvar2": [3.94451535612e-06, 1.0676756574e-05, 2.08389337786e-06, 1.24492930809e-06, 2.88130905801e-07, 3.87345835406e-08, 1.47363010683e-07, 2.28690169024e-07, 1.60840656349e-08, 2.54063365901e-08, 1.09927773551e-08, 1.72711853708e-08, 5.67373490412e-08, 2.15758948485e-08, 1.05956656782e-08, 5.84521986369e-09, 9.54192724834e-09, 1.16430332042e-08, 8.85558293362e-09, 9.54208267956e-09, 2.58331600556e-09, 3.25578475291e-09, 5.45123146622e-09, 1.65111668782e-09, 1.6386665358e-09, 1.42343625775e-09, 7.24384163764e-10, 2.45710785052e-10, 1.96017188592e-10, 1.42545114601e-10, 1.35127742329e-10, 7.82248779641e-11, 3.68125703532e-11, 1.68082058688e-11, 1.83574926094e-11, 2.54019652535e-11, 1.16440182149e-11, 5.28521367296e-12, 5.77188253789e-12, 3.6555515559e-12],
        "max": [0.0117019936442, 0.0154917100444, 0.0115310288966, 0.00895438250154, 0.0074510150589, 0.00324876676314, 0.0054488601163, 0.0056442967616, 0.00163093395531, 0.00220688781701, 0.00162605685182, 0.00234494823962, 0.0029065576382, 0.0021931277588, 0.00147005240433, 0.000750999199226, 0.000929676403757, 0.0012318858644, 0.00154575426131, 0.00158161856234, 0.000490208039992, 0.00047236381215, 0.000672813039273, 0.00064576882869, 0.000602514308412, 0.000733721593861, 0.000368118577171, 0.000158683877089, 9.6752148238e-05, 0.000107389641926, 0.000105326085759, 9.96193339233e-05, 9.21020618989e-05, 6.13271113252e-05, 0.000117862138723, 0.000109974702355, 6.04966699029e-05, 3.66387866961e-05, 4.55934132333e-05, 3.17447083944e-05],
        "mean": [0.000643167353701, 0.000883668835741, 0.000622155435849, 0.000429062871262, 0.000190404403838, 0.000102518730273, 0.000197749817744, 0.000191143088159, 0.000101872014056, 0.000114290975034, 4.88895275339e-05, 5.6434826547e-05, 7.73848150857e-05, 4.872574209e-05, 4.7387311497e-05, 3.49271031155e-05, 4.53542961623e-05, 5.01048161823e-05, 4.85857926833e-05, 4.14061905758e-05, 3.1526600651e-05, 4.37791204604e-05, 5.34535611223e-05, 3.00907704514e-05, 2.84198376903e-05, 2.15744839807e-05, 1.46767579281e-05, 8.30872158986e-06, 6.68092616252e-06, 5.63335834158e-06, 4.90644606543e-06, 3.75834633815e-06, 2.78484935734e-06, 2.03997933568e-06, 1.72837837908e-06, 1.72534339526e-06, 1.44006082792e-06, 1.15312298021e-06, 9.52237087404e-07, 7.50366893953e-07],
        "median": [0.00028960237978, 0.000522831047419, 0.000360844336683, 0.000194913765881, 7.81168055255e-05, 4.82729592477e-05, 7.95911182649e-05, 7.3730625445e-05, 6.0538201069e-05, 4.3981744966e-05, 2.61974673776e-05, 1.98864527192e-05, 1.8862885554e-05, 1.38266741487e-05, 1.22746905618e-05, 8.98016878637e-06, 1.10228238555e-05, 1.57432477863e-05, 1.30488679133e-05, 9.91191245703e-06, 1.15753300634e-05, 2.11581846088e-05, 2.39040055021e-05, 1.41520758916e-05, 1.4209438632e-05, 1.05766566776e-05, 5.60567877983e-06, 2.99896487377e-06, 2.10820667235e-06, 1.8191738036e-06, 1.22997892049e-06, 7.25966117443e-07, 6.50583388051e-07, 4.23869749966e-07, 3.84177184287e-07, 3.2718634202e-07, 3.00592773783e-07, 2.28274373626e-07, 1.71436496998e-07, 1.24838209103e-07],
        "min": [1.17486151131e-23, 7.46926716107e-24, 8.24333455774e-24, 8.61767272309e-24, 2.45386761103e-24, 1.4005626824e-24, 2.94519779293e-24, 5.07461716883e-24, 4.77161096197e-24, 1.46772588572e-23, 8.55302320533e-24, 1.64272931329e-23, 1.42565514478e-23, 4.87749700027e-24, 8.68517791734e-24, 4.39821509097e-24, 6.74778049918e-24, 1.16222861389e-23, 2.37830282213e-23, 7.13263496927e-24, 7.3847383485e-24, 7.53000708419e-24, 5.38455391318e-24, 7.06400328165e-24, 8.0841014063e-24, 1.32334911505e-23, 1.76583941947e-23, 6.66920206442e-24, 8.29887194319e-24, 9.66753378083e-24, 7.76398243982e-24, 1.20344320409e-23, 1.05469393519e-23, 1.305853679e-23, 9.65450100982e-24, 1.11843657846e-23, 1.19416785645e-23, 1.25853661862e-23, 9.00621827335e-24, 7.89410820158e-24],
        "var": [1.56237706506e-06, 2.50034577221e-06, 7.80732932526e-07, 5.05524951677e-07, 1.38671708783e-07, 4.3528377347e-08, 1.64163409977e-07, 1.70844231207e-07, 1.85652737628e-08, 3.69460551042e-08, 7.76390596258e-09, 1.75542194114e-08, 5.13565190374e-08, 1.88423499026e-08, 9.73831859596e-09, 3.99307342747e-09, 1.01187582757e-08, 9.05132946372e-09, 9.69634772474e-09, 8.78486083877e-09, 2.67789501684e-09, 3.71559516488e-09, 6.07172179201e-09, 1.97364502519e-09, 1.70715308556e-09, 1.15081122409e-09, 6.03884775519e-10, 1.81603412863e-10, 1.45697384712e-10, 1.14847138744e-10, 1.01218956827e-10, 6.91383617024e-11, 3.02278584108e-11, 1.725950112e-11, 1.84388025681e-11, 2.08606951158e-11, 1.03627774764e-11, 5.84718211349e-12, 4.89400664092e-12, 3.17346973353e-12]
    },
    "mfcc": {
        "mean": [-656.553283691, 116.477638245, -20.9488735199, 33.2738952637, 4.98766756058, -5.14998912811, 1.21415996552, 6.70064687729, -0.268061339855, 1.85129880905, 2.80971074104, 1.91721880436, -4.27905750275],
        "cov": [[7548.18212891, -1639.3359375, 474.164001465, 60.8788833618, 632.999633789, 653.634277344, 12.8615579605, 146.533203125, -26.7455940247, -8.7437505722, 31.8341655731, -48.3388214111, 5.03701162338], [-1639.3359375, 1384.58752441, -580.533447266, 84.22706604, -286.113098145, -363.323883057, -20.7316055298, -67.202293396, 19.4432201385, 32.112953186, 14.501996994, 62.2881736755, -6.84308481216], [474.164001465, -580.533447266, 1344.5592041, -53.9524459839, 441.049499512, 349.438964844, 79.2394485474, 188.778274536, -80.1427078247, -85.1470794678, 44.6731643677, -38.7846908569, -10.7600049973], [60.8788833618, 84.22706604, -53.9524459839, 205.189331055, -11.8595314026, -24.6271648407, -30.5592079163, 3.10753703117, -4.01262044907, 17.8453197479, -4.23718929291, -6.40274572372, -9.42978000641], [632.999633789, -286.113098145, 441.049499512, -11.8595314026, 451.592102051, 200.46585083, -22.9206466675, 112.927513123, -9.0410528183, -24.0730171204, 43.9787559509, -31.7037563324, 10.6677713394], [653.634277344, -363.323883057, 349.438964844, -24.6271648407, 200.46585083, 300.403015137, 63.1125679016, 70.8532485962, -8.18126010895, -27.3849868774, 5.86735963821, -8.95351696014, 10.4071989059], [12.8615579605, -20.7316055298, 79.2394485474, -30.5592079163, -22.9206466675, 63.1125679016, 180.671051025, 53.5331230164, -10.221247673, 6.65102386475, 7.45859718323, -1.99097001553, 14.1288080215], [146.533203125, -67.202293396, 188.778274536, 3.10753703117, 112.927513123, 70.8532485962, 53.5331230164, 166.606018066, -5.38076066971, -10.6989145279, 39.9944992065, 8.36938858032, 11.4003038406], [-26.7455940247, 19.4432201385, -80.1427078247, -4.01262044907, -9.0410528183, -8.18126010895, -10.221247673, -5.38076066971, 133.50881958, 41.0249977112, -18.1010932922, 14.2470006943, 7.2707028389], [-8.7437505722, 32.112953186, -85.1470794678, 17.8453197479, -24.0730171204, -27.3849868774, 6.65102386475, -10.6989145279, 41.0249977112, 102.439239502, 25.1821022034, 3.00977778435, 6.91654014587], [31.8341655731, 14.501996994, 44.6731643677, -4.23718929291, 43.9787559509, 5.86735963821, 7.45859718323, 39.9944992065, -18.1010932922, 25.1821022034, 104.412139893, 19.3068828583, 6.26862478256], [-48.3388214111, 62.2881736755, -38.7846908569, -6.40274572372, -31.7037563324, -8.95351696014, -1.99097001553, 8.36938858032, 14.2470006943, 3.00977778435, 19.3068828583, 83.8474807739, 21.5988521576], [5.03701162338, -6.84308481216, -10.7600049973, -9.42978000641, 10.6677713394, 10.4071989059, 14.1288080215, 11.4003038406, 7.2707028389, 6.91654014587, 6.26862478256, 21.5988521576, 62.4431419373]],
