{
"lowlevel": {
    "average_loudness": 0.918273329735,
    "barkbands_crest": {
        "dmean": 2.08787083626,
        "dmean2": 3.30908179283,
        "dvar": 4.38814115524,
        "dvar2": 11.4990196228,
        "max": 24.5451564789,
        "mean": 9.29752445221,
        "median": 8.78430366516,
        "min": 2.32072877884,
        "var": 13.9267148972
    },
    "barkbands_flatness_db": {
        "dmean": 0.0193909034133,
        "dmean2": 0.0298466645181,
        "dvar": 0.000436648406321,
        "dvar2": 0.000913450086955,
        "max": 0.378367573023,
        "mean": 0.153561860323,
        "median": 0.139005795121,
        "min": 0.0459355302155,
        "var": 0.00454839039594
    },
    "barkbands_kurtosis": {
        "dmean": 2.46087813377,
        "dmean2": 3.74440789223,
        "dvar": 17.8889751434,
        "dvar2": 40.6526069641,
        "max": 59.3711929321,
        "mean": 4.87451171875,
        "median": 2.51778030396,
        "min": -1.82158911228,
        "var": 50.2871856689
    },
    "barkbands_skewness": {
        "dmean": 0.443975776434,
        "dmean2": 0.661920905113,
        "dvar": 0.215704336762,
        "dvar2": 0.466594457626,
        "max": 6.08461523056,
        "mean": 1.68267667294,
        "median": 1.56634950638,
        "min": -1.97270023823,
        "var": 1.13695991039
    },
    "barkbands_spread": {
        "dmean": 5.19718837738,
        "dmean2": 7.81245708466,
        "dvar": 37.2682228088,
        "dvar2": 85.9161911011,
        "max": 95.0406112671,
        "mean": 24.7889080048,
        "median": 19.8954353333,
        "min": 1.24354910851,
        "var": 312.796783447
    },
    "dissonance": {
        "dmean": 0.016075020656,
        "dmean2": 0.0271208994091,
        "dvar": 0.000402886973461,
        "dvar2": 0.00113404227886,
        "max": 0.500000119209,
        "mean": 0.459501832724,
        "median": 0.47491273284,
        "min": 0.258477568626,
        "var": 0.00169246608857
    },
    "dynamic_complexity": 2.84503698349,
    "erbbands_crest": {
        "dmean": 1.95495665073,
        "dmean2": 3.05871009827,
        "dvar": 4.48054265976,
        "dvar2": 11.434882164,
        "max": 27.7464885712,
        "mean": 8.3061170578,
        "median": 6.95453739166,
        "min": 2.29984927177,
        "var": 21.3934726715
    },
    "erbbands_flatness_db": {
        "dmean": 0.0142185976729,
        "dmean2": 0.0205926857889,
        "dvar": 0.000275148602668,
        "dvar2": 0.000575465441216,
        "max": 0.368312388659,
        "mean": 0.162122175097,
        "median": 0.14593282342,
        "min": 0.053029242903,
        "var": 0.00460275122896
    },
    "erbbands_kurtosis": {
        "dmean": 0.716266453266,
        "dmean2": 1.09304606915,
        "dvar": 1.86564898491,
        "dvar2": 4.76638555527,
        "max": 31.285243988,
        "mean": 0.415629208088,
        "median": -0.608733892441,
        "min": -1.74583077431,
        "var": 6.74492168427
    },
    "erbbands_skewness": {
        "dmean": 0.294453918934,
        "dmean2": 0.436557412148,
        "dvar": 0.0992172285914,
        "dvar2": 0.229412183166,
        "max": 5.16449785233,
        "mean": 0.517103970051,
        "median": 0.405258625746,
        "min": -2.12977218628,
        "var": 0.775129079819
    },
    "erbbands_spread": {
        "dmean": 7.38242483139,
        "dmean2": 11.4554176331,
        "dvar": 69.6007919312,
        "dvar2": 158.366088867,
        "max": 126.952056885,
        "mean": 47.078742981,
        "median": 46.1885871887,
        "min": 4.12823390961,
        "var": 464.854156494
    },
    "hfc": {
        "dmean": 6.19807004929,
        "dmean2": 9.51964569092,
        "dvar": 132.198608398,
        "dvar2": 309.003875732,
        "max": 158.186203003,
        "mean": 21.293346405,
        "median": 14.2697486877,
        "min": 1.17534569694e-16,
        "var": 464.631378174
    },
    "melbands_crest": {
        "dmean": 2.78917193413,
        "dmean2": 4.51261758804,
        "dvar": 7.75158882141,
        "dvar2": 21.2626419067,
        "max": 32.3894081116,
        "mean": 13.3322458267,
        "median": 12.7179508209,
        "min": 1.92634904385,
        "var": 18.6146450043
    },
    "melbands_flatness_db": {
        "dmean": 0.0241847224534,
        "dmean2": 0.0362467467785,
        "dvar": 0.000686168554239,
        "dvar2": 0.0014760394115,
        "max": 0.493129372597,
        "mean": 0.202477529645,
        "median": 0.196504071355,
        "min": 0.00597861642018,
        "var": 0.00614467682317
    },
    "melbands_kurtosis": {
        "dmean": 6.40902042389,
        "dmean2": 10.0103244781,
        "dvar": 80.6876907349,
        "dvar2": 190.76499939,
        "max": 113.912628174,
        "mean": 15.9663333893,
        "median": 11.6171503067,
        "min": -1.4194278717,
        "var": 216.487625122
    },
    "melbands_skewness": {
        "dmean": 0.639340221882,
        "dmean2": 0.978501439095,
        "dvar": 0.456726640463,
        "dvar2": 1.08673095703,
        "max": 8.74276256561,
        "mean": 3.01512265205,
        "median": 2.9085714817,
        "min": -0.206888392568,
        "var": 1.75328862667
    },
    "melbands_spread": {
        "dmean": 5.78305482864,
        "dmean2": 8.88831996918,
        "dvar": 57.0180664062,
        "dvar2": 130.16847229,
        "max": 145.022750854,
        "mean": 21.4085350037,
        "median": 15.7073392868,
        "min": 1.15915131569,
        "var": 338.518920898
    },
    "pitch_salience": {
        "dmean": 0.0618371888995,
        "dmean2": 0.0991841033101,
        "dvar": 0.0037601699587,
        "dvar2": 0.0102585963905,
        "max": 0.83760625124,
        "mean": 0.617650210857,
        "median": 0.636389315128,
        "min": 0.164428815246,
        "var": 0.01184744481
    },
    "silence_rate_20dB": {
        "dmean": 0,
        "dmean2": 0,
        "dvar": 0,
        "dvar2": 0,
        "max": 1,
        "mean": 1,
        "median": 1,
        "min": 1,
        "var": 0
    },
    "silence_rate_30dB": {
        "dmean": 0.000773993786424,
        "dmean2": 0.00154858687893,
        "dvar": 0.00077339442214,
        "dvar2": 0.00232048076577,
        "max": 1,
        "mean": 0.999613165855,
        "median": 1,
        "min": 0,
        "var": 0.000386701110983
    },
    "silence_rate_60dB": {
        "dmean": 0.019736841321,
        "dmean2": 0.0394889675081,
        "dvar": 0.0193468779325,
        "dvar2": 0.0410243608057,
        "max": 1,
        "mean": 0.0912959352136,
        "median": 0,
        "min": 0,
        "var": 0.0829579010606
    },
    "spectral_centroid": {
        "dmean": 228.207824707,
        "dmean2": 347.708251953,
        "dvar": 86071.453125,
        "dvar2": 180612.609375,
        "max": 11438.8955078,
        "mean": 1370.60266113,
        "median": 1219.13061523,
        "min": 194.820587158,
        "var": 789468.6875
    },
    "spectral_complexity": {
        "dmean": 4.06656360626,
        "dmean2": 6.18621778488,
        "dvar": 25.6602325439,
        "dvar2": 50.2565460205,
        "max": 57,
        "mean": 20.7953586578,
        "median": 19,
        "min": 0,
        "var": 167.254653931
    },
    "spectral_decrease": {
        "dmean": 2.19694817893e-09,
        "dmean2": 3.6033471762e-09,
        "dvar": 1.20229047673e-17,
        "dvar2": 3.18754743879e-17,
        "max": 1.56144637834e-28,
        "mean": -5.96565419286e-09,
        "median": -5.31077537502e-09,
        "min": -3.41896573275e-08,
        "var": 1.99535121251e-17
    },
    "spectral_energy": {
        "dmean": 0.00867768004537,
        "dmean2": 0.0142170460895,
        "dvar": 0.000192516410607,
        "dvar2": 0.000507776334416,
        "max": 0.143387645483,
        "mean": 0.0244471393526,
        "median": 0.0220703613013,
        "min": 1.06041678784e-20,
        "var": 0.000326736830175
    },
    "spectral_energyband_high": {
        "dmean": 0.000578786886763,
        "dmean2": 0.000883517146576,
        "dvar": 1.21368873351e-06,
        "dvar2": 2.92222421194e-06,
        "max": 0.0160797890276,
        "mean": 0.00164121866692,
        "median": 0.000569720636122,
        "min": 7.3082667277e-21,
        "var": 5.83855990044e-06
    },
    "spectral_energyband_low": {
        "dmean": 0.00469843251631,
        "dmean2": 0.00798523984849,
        "dvar": 6.06189023529e-05,
        "dvar2": 0.000167264079209,
        "max": 0.073332823813,
        "mean": 0.00784905999899,
        "median": 0.00537343043834,
        "min": 4.53655636574e-23,
        "var": 7.90627964307e-05
    },
    "spectral_energyband_middle_high": {
        "dmean": 0.00129986053798,
        "dmean2": 0.00198015267961,
        "dvar": 5.76386673856e-06,
        "dvar2": 1.32083978315e-05,
        "max": 0.0360708832741,
        "mean": 0.00339018786326,
        "median": 0.00210346886888,
        "min": 1.48066925039e-21,
        "var": 1.79682647286e-05
    },
    "spectral_energyband_middle_low": {
        "dmean": 0.00517664290965,
        "dmean2": 0.00839397963136,
        "dvar": 8.19080814836e-05,
        "dvar2": 0.000210726168007,
        "max": 0.106396190822,
        "mean": 0.012559059076,
        "median": 0.0101448921487,
        "min": 2.2690234671e-22,
        "var": 0.000115404276585
    },
    "spectral_entropy": {
        "dmean": 0.152975007892,
        "dmean2": 0.226077601314,
        "dvar": 0.0455812439322,
        "dvar2": 0.0982288643718,
        "max": 9.81526660919,
        "mean": 7.4856338501,
        "median": 7.71673774719,
        "min": 5.18546295166,
        "var": 0.521153867245
    },
    "spectral_flux": {
        "dmean": 0.0202599912882,
        "dmean2": 0.0312285032123,
        "dvar": 0.00075371179264,
        "dvar2": 0.00147821265273,
        "max": 0.296612739563,
        "mean": 0.0762319788337,
        "median": 0.0749252140522,
        "min": 6.6934735532e-11,
        "var": 0.00290839467198
    },
    "spectral_kurtosis": {
        "dmean": 1.98277485371,
        "dmean2": 3.46007514,
        "dvar": 9.52604103088,
        "dvar2": 28.4052791595,
        "max": 72.384513855,
        "mean": 4.2019329071,
        "median": 2.6900601387,
        "min": -1.25212538242,
        "var": 25.7532844543
    },
    "spectral_rms": {
        "dmean": 0.000732637767214,
        "dmean2": 0.00116610061377,
        "dvar": 9.60561919783e-07,
        "dvar2": 2.50588641393e-06,
        "max": 0.0118275266141,
        "mean": 0.00453175092116,
        "median": 0.00464026490226,
        "min": 3.21644685712e-12,
        "var": 3.31411524712e-06
    },
    "spectral_rolloff": {
        "dmean": 491.714385986,
        "dmean2": 784.224182129,
        "dvar": 615924.6875,
        "dvar2": 1340019.875,
        "max": 19164.5507812,
        "mean": 1603.2109375,
        "median": 882.861328125,
        "min": 129.19921875,
        "var": 3246484.75
    },
    "spectral_skewness": {
        "dmean": 0.245497211814,
        "dmean2": 0.413923949003,
        "dvar": 0.0819711461663,
        "dvar2": 0.230246320367,
        "max": 6.83188533783,
        "mean": 1.39397406578,
        "median": 1.26543486118,
        "min": -0.0461819246411,
        "var": 0.394756555557
    },
    "spectral_spread": {
        "dmean": 492028.625,
        "dmean2": 738904.875,
        "dvar": 664847908864,
        "dvar2": 1.37793123123e+12,
        "max": 41278164,
        "mean": 4722853,
        "median": 4429245,
        "min": 1126994.25,
        "var": 5.46264789811e+12
    },
    "spectral_strongpeak": {
        "dmean": 0.303474605083,
        "dmean2": 0.517069637775,
        "dvar": 0.34283220768,
        "dvar2": 0.901848375797,
        "max": 8.46939754486,
        "mean": 0.555280983448,
        "median": 0.412516206503,
        "min": 0,
        "var": 0.356679499149
    },
    "zerocrossingrate": {
        "dmean": 0.00943134911358,
        "dmean2": 0.010979806073,
        "dvar": 0.000150424180902,
        "dvar2": 0.000229914890951,
        "max": 0.5205078125,
        "mean": 0.06709305197,
        "median": 0.0498046875,
        "min": 0.00830078125,
        "var": 0.00234979274683
    },
    "barkbands": {
        "dmean": [0.000331786985043, 0.00237157475203, 0.0026365891099, 0.00145309919026, 0.00270220125094, 0.000957664044108, 0.000883516680915, 0.000672906404361, 0.000840042775963, 0.000437468581367, 0.000421607372118, 0.0002226287761, 0.000153440458234, 0.000153181594214, 0.000138874020195, 0.000131680251798, 0.00011258818995, 0.000125909908093, 0.000167505641002, 0.000278462393908, 0.000243426780798, 0.000156105088536, 8.15541425254e-05, 5.26933617948e-05, 4.82182767882e-05, 4.09186759498e-05, 1.10208886461e-09],
        "dmean2": [0.000503643532284, 0.00411875639111, 0.00448545208201, 0.00236015138216, 0.00453317677602, 0.00148755614646, 0.00148529361468, 0.00117428076919, 0.00140371604357, 0.000720439711586, 0.000680802797433, 0.000376165437046, 0.000254431943176, 0.000253114907537, 0.000228765347856, 0.000218126166146, 0.000184718432138, 0.00021011865465, 0.000271657743724, 0.000459117058199, 0.000402544712415, 0.000249342963798, 0.000126872299006, 7.83485447755e-05, 6.97085342836e-05, 5.93120967096e-05, 1.99659266897e-09],
        "dvar": [4.01562772367e-07, 2.60087217612e-05, 1.65043729794e-05, 5.30313036506e-06, 2.03693143703e-05, 3.61191359843e-06, 7.02046236256e-06, 3.556692036e-06, 6.58602493786e-06, 1.14423767172e-06, 1.61527032105e-06, 3.15912046744e-07, 1.81008047662e-07, 9.78044667477e-08, 1.93872480736e-07, 7.42502663797e-08, 3.06340695033e-08, 6.43077413542e-08, 1.215984895e-07, 3.45179330452e-07, 2.88659464331e-07, 8.71911112199e-08, 2.37284805138e-08, 1.72185767866e-08, 1.65058153812e-08, 1.06728075266e-08, 1.19288774927e-17],
        "dvar2": [1.17183924431e-06, 7.20614480088e-05, 4.58983813587e-05, 1.30962398543e-05, 5.58842293685e-05, 8.46753118822e-06, 1.86969718925e-05, 9.79557353276e-06, 1.65637266036e-05, 3.03968977278e-06, 3.98177917305e-06, 8.37626657813e-07, 4.67175368613e-07, 2.46725193165e-07, 5.11886241839e-07, 2.02004656558e-07, 7.86281546539e-08, 1.76671747454e-07, 3.10751829602e-07, 8.98618736755e-07, 7.99983808975e-07, 2.1876928713e-07, 5.32654844676e-08, 3.37492025437e-08, 3.71414898837e-08, 2.06923704837e-08, 1.69734119886e-17],
        "max": [0.0102126393467, 0.0413601845503, 0.0393980965018, 0.0287185274065, 0.0445762574673, 0.0472433231771, 0.0471363738179, 0.0195752456784, 0.0771304443479, 0.0227438565344, 0.023788837716, 0.00887208804488, 0.00740833720192, 0.00474803196266, 0.0102787250653, 0.00751955015585, 0.00383914890699, 0.00491645839065, 0.00625901482999, 0.0110130682588, 0.00887579657137, 0.00456516770646, 0.00223941216245, 0.00446777883917, 0.00327418535016, 0.00177518837154, 1.60660121651e-07],
        "mean": [0.000569860159885, 0.00253286911175, 0.00386538915336, 0.00255716522224, 0.00453349947929, 0.00204565981403, 0.0013851209078, 0.000763520016335, 0.00109185499605, 0.000631052185781, 0.000616841658484, 0.000306037487462, 0.000212755519897, 0.000260724686086, 0.000205825694138, 0.000251435529208, 0.00021368295711, 0.000226416872465, 0.000309760886012, 0.000540336535778, 0.0004709091736, 0.000331571965944, 0.000185375494766, 0.000119576703582, 0.000120500961202, 9.93950452539e-05, 9.74951008814e-10],
        "median": [0.000211065533222, 0.000768816331401, 0.0022183386609, 0.00140676344745, 0.00282601988874, 0.0013421701733, 0.000769031350501, 0.000314989680192, 0.000484807649627, 0.000279933301499, 0.000185560100363, 0.000121081320685, 7.79707625043e-05, 0.000149339903146, 9.36583819566e-05, 0.000184718999662, 0.000145788915688, 0.000143273588037, 0.00016583231627, 0.000224035116844, 0.000146381353261, 8.99021397345e-05, 4.0047987568e-05, 2.87728125841e-05, 1.62077994901e-05, 3.562700158e-06, 3.5899822004e-10],
        "min": [3.77114009108e-24, 1.22058988472e-23, 7.2444717798e-24, 6.94125810252e-24, 1.77977291187e-23, 2.14856506951e-23, 1.54257206177e-23, 2.68293108479e-23, 3.60299817566e-23, 2.59918718881e-23, 1.93196374424e-23, 5.83620944026e-23, 6.3327917003e-23, 7.30308872045e-23, 8.89599515669e-23, 1.19841211745e-22, 9.88296806529e-23, 1.46271358974e-22, 1.74747003599e-22, 2.25452634936e-22, 2.51986179743e-22, 4.05711819887e-22, 4.05985813368e-22, 7.91727512155e-22, 1.09177278956e-21, 1.56274844791e-21, 2.49643593545e-21],
        "var": [1.0090309388e-06, 2.33100217883e-05, 2.35094412346e-05, 1.12543530122e-05, 2.71945154964e-05, 6.37291486782e-06, 5.84471763432e-06, 2.81400184576e-06, 6.29449095868e-06, 1.34525316753e-06, 3.00269175568e-06, 3.94597691411e-07, 2.14326917103e-07, 1.54469290692e-07, 2.24415032335e-07, 1.13866356344e-07, 6.49816200848e-08, 1.04602726481e-07, 2.22035723141e-07, 8.60686100168e-07, 7.48642378312e-07, 2.61447240746e-07, 8.51023003179e-08, 5.74840406387e-08, 4.62953195779e-08, 4.19900700876e-08, 1.1710785534e-17]
    },
    "erbbands": {
        "dmean": [0.0416271090508, 0.632547616959, 2.66339206696, 3.67590713501, 6.87641954422, 10.7734565735, 6.84879589081, 9.04102325439, 9.38659191132, 19.9808387756, 11.8854188919, 19.0022735596, 15.4515275955, 14.2479000092, 13.5327749252, 8.26921081543, 6.63081789017, 7.30305767059, 7.23704767227, 6.54774284363, 6.69489431381, 5.81745481491, 6.3548617363, 6.57039928436, 10.5555200577, 13.4262180328, 11.9349470139, 8.10169696808, 5.90960502625, 4.21473646164, 2.07779312134, 1.26472103596, 0.850893378258, 0.555458605289, 0.378360629082, 0.182845115662, 0.0907472893596, 0.00765123451129, 0.000134655580041, 1.42163526107e-05],
        "dmean2": [0.0716569796205, 1.10366094112, 4.57798624039, 6.01566410065, 11.5960388184, 17.7217884064, 11.4131135941, 14.2164936066, 15.8997745514, 33.439666748, 20.0675048828, 31.9612483978, 25.3132171631, 23.1167163849, 21.2996349335, 13.9396448135, 10.884595871, 12.042049408, 11.7590694427, 10.7542142868, 10.9898281097, 9.31866931915, 10.4555969238, 10.7716236115, 16.946472168, 22.1667156219, 20.1800956726, 12.8938570023, 9.57242202759, 6.64618349075, 3.22149586678, 1.94160985947, 1.27599692345, 0.842031478882, 0.55474960804, 0.267613440752, 0.138019412756, 0.0117672290653, 0.000203042727662, 2.18890290853e-05],
        "dvar": [0.01079810597, 1.70953214169, 18.3075504303, 32.5603599548, 142.044128418, 313.392700195, 141.896072388, 331.346923828, 799.565124512, 3459.99731445, 1022.50939941, 4328.21728516, 1326.8371582, 1299.2154541, 1442.35241699, 446.841705322, 327.349334717, 232.66355896, 330.706634521, 407.47958374, 110.670776367, 85.0017929077, 175.497161865, 156.184188843, 545.000976562, 787.076049805, 811.718383789, 293.004302979, 129.738815308, 66.4541244507, 13.7534151077, 6.80713129044, 5.52196264267, 2.97713136673, 0.75292044878, 0.164358496666, 0.0606753565371, 0.000515167077538, 1.45410893992e-07, 4.84626727637e-10],
        "dvar2": [0.0292447153479, 4.77687215805, 52.0652351379, 81.1969528198, 379.717132568, 872.922302246, 377.659881592, 783.79284668, 2155.20410156, 9432.79589844, 2640.03515625, 10748.6816406, 3575.95825195, 3220.79882812, 3263.18457031, 1197.74279785, 832.540344238, 587.654968262, 820.455078125, 1052.31738281, 278.68536377, 208.987289429, 461.238677979, 413.777923584, 1366.98718262, 2045.65991211, 2340.8425293, 729.94519043, 331.479858398, 152.014389038, 30.4013195038, 14.9771595001, 10.4664878845, 7.05630111694, 1.6043637991, 0.335492998362, 0.12753804028, 0.00103055685759, 2.84144022089e-07, 1.04875341744e-09],
        "max": [0.922877430916, 11.2970438004, 43.2068862915, 70.6408081055, 110.822273254, 189.565383911, 147.793563843, 435.905883789, 496.024810791, 777.130554199, 390.946350098, 2125.25878906, 615.51373291, 771.579772949, 888.941650391, 305.779663086, 368.436035156, 197.960464478, 527.160522461, 587.503967285, 198.520935059, 214.789306641, 286.592407227, 180.842025757, 444.035675049, 494.786346436, 469.289398193, 267.527984619, 163.176528931, 123.690467834, 50.6915168762, 66.4354248047, 80.2522735596, 45.5121917725, 18.5748081207, 7.1086730957, 4.80423355103, 0.351410716772, 0.00626738648862, 0.000315609009704],
        "mean": [0.041371177882, 0.720795512199, 3.81652331352, 7.04902887344, 10.3736381531, 18.7765483856, 13.3607521057, 18.8120231628, 15.5854520798, 27.4728851318, 14.905790329, 23.6996078491, 22.7383403778, 21.6530189514, 22.0931377411, 12.1733865738, 10.1143779755, 12.3508062363, 12.2833042145, 11.5591669083, 14.073890686, 12.0138664246, 12.1217794418, 12.8203125, 19.1750164032, 26.2904834747, 22.2041606903, 16.4818305969, 12.2681865692, 8.93714904785, 4.74683856964, 2.77910923958, 1.84940958023, 1.23337864876, 0.930275917053, 0.471395254135, 0.193657159805, 0.0149964606389, 0.000294546131045, 4.44935576525e-05],
        "median": [0.0120760630816, 0.269446700811, 2.30409312248, 4.81044721603, 6.49258565903, 11.11191082, 8.99834632874, 12.2702865601, 9.43205833435, 12.6185493469, 6.79640722275, 10.1441173553, 11.3726196289, 9.26834774017, 7.07872915268, 4.96507835388, 4.13641834259, 6.61599826813, 6.56653547287, 6.71031665802, 10.9335737228, 8.51579189301, 8.03985023499, 7.91428136826, 8.95008659363, 10.8365707397, 8.28852653503, 4.69699907303, 3.40993404388, 1.97839069366, 1.02627587318, 0.640335202217, 0.448394060135, 0.207924574614, 0.106449455023, 0.0300977416337, 0.00313945999369, 8.51698132465e-05, 2.27342607104e-05, 3.50341542799e-05],
        "min": [6.47202842686e-22, 2.15133238726e-21, 7.73191325609e-21, 1.81697313975e-20, 2.64865590897e-20, 4.24376773776e-20, 1.59538285969e-19, 1.00178803548e-19, 2.17138762355e-19, 3.43528599532e-19, 5.1325274879e-19, 5.88682986957e-19, 7.78793855441e-19, 1.2926749513e-18, 1.12982914488e-18, 2.38769282049e-18, 3.35399694027e-18, 3.89840999632e-18, 4.14516376331e-18, 5.24014947585e-18, 7.262296708e-18, 6.14943686319e-18, 7.01760427509e-18, 8.49546252827e-18, 8.82136176345e-18, 9.22316805472e-18, 1.10964459377e-17, 1.09152073567e-17, 1.38994053459e-17, 1.14587948865e-17, 1.32888451378e-17, 1.37664708041e-17, 1.38755196786e-17, 1.05060424667e-17, 7.15873948557e-18, 4.51323680202e-18, 2.73615630201e-18, 1.39353949404e-18, 3.43233735493e-19, 3.32519756157e-20],
        "var": [0.00852676667273, 1.59236299992, 22.7581863403, 64.6830596924, 164.218170166, 483.027801514, 209.05140686, 549.389343262, 676.300598145, 2851.68823242, 962.276489258, 3942.23828125, 1409.31164551, 2004.01428223, 3464.61621094, 570.937683105, 414.477844238, 372.748901367, 493.427093506, 613.003540039, 252.939102173, 197.720001221, 307.946746826, 277.163757324, 993.201477051, 2084.26269531, 1638.41369629, 899.803161621, 371.308380127, 217.211273193, 51.9620895386, 22.1543617249, 17.6714267731, 6.4580450058, 2.5193195343, 0.728219985962, 0.188793957233, 0.00146004674025, 4.52552569641e-07, 1.68080949159e-09]
    },
    "gfcc": {
        "mean": [-16.4895896912, 101.852455139, -121.10736084, 42.3993453979, -74.4846878052, 0.876516580582, -36.0420379639, 0.439352482557, -29.3338489532, -1.47717106342, -17.5035820007, -4.05009269714, -5.63557386398],
        "cov": [[12406.1513672, -2748.8112793, 1142.90405273, 1071.70849609, 394.954620361, 1109.61669922, -415.496948242, 1004.26409912, -402.100799561, 612.546203613, -1233.93041992, 138.087036133, -767.995361328], [-2748.8112793, 2556.01464844, -934.720703125, -20.5383453369, 135.093475342, -642.721435547, 287.456634521, -566.263671875, 315.749084473, -573.187194824, 463.85546875, -387.310638428, 360.114929199], [1142.90405273, -934.720703125, 865.049255371, 142.629806519, 121.229125977, 270.51473999, -187.061706543, 263.926208496, -91.6525802612, 231.263671875, -282.875305176, 130.495361328, -204.751037598], [1071.70849609, -20.5383453369, 142.629806519, 411.068725586, 169.185577393, 69.2347106934, 6.91361570358, 42.2327194214, 36.516494751, -5.97053432465, -147.590072632, -88.691368103, -57.4963912964], [394.954620361, 135.093475342, 121.229125977, 169.185577393, 348.221008301, 10.7953443527, 29.4464912415, 33.8752593994, 54.477268219, -42.0476341248, -115.48815155, -80.3850021362, -62.3314208984], [1109.61669922, -642.721435547, 270.51473999, 69.2347106934, 10.7953443527, 350.361785889, -62.947593689, 214.317459106, -131.619415283, 148.148269653, -117.754676819, 88.2806472778, -73.8198623657], [-415.496948242, 287.456634521, -187.061706543, 6.91361570358, 29.4464912415, -62.947593689, 151.537734985, -59.3827819824, 55.0217399597, -74.441444397, 61.0520706177, -47.1443099976, 53.1505661011], [1004.26409912, -566.263671875, 263.926208496, 42.2327194214, 33.8752593994, 214.317459106, -59.3827819824, 237.328582764, -59.6841239929, 147.320175171, -146.939086914, 71.5375137329, -94.1999053955], [-402.100799561, 315.749084473, -91.6525802612, 36.516494751, 54.477268219, -131.619415283, 55.0217399597, -59.6841239929, 155.482818604, -60.9418792725, 32.5868034363, -68.9672470093, 17.0237674713], [612.546203613, -573.187194824, 231.263671875, -5.97053432465, -42.0476341248, 148.148269653, -74.441444397, 147.320175171, -60.9418792725, 204.123519897, -80.5482940674, 99.1403656006, -84.6653747559], [-1233.93041992, 463.85546875, -282.875305176, -147.590072632, -115.48815155, -117.754676819, 61.0520706177, -146.939086914, 32.5868034363, -80.5482940674, 259.02456665, 0.941064894199, 139.535263062], [138.087036133, -387.310638428, 130.495361328, -88.691368103, -80.3850021362, 88.2806472778, -47.1443099976, 71.5375137329, -68.9672470093, 99.1403656006, 0.941064894199, 156.916702271, -7.87232065201], [-767.995361328, 360.114929199, -204.751037598, -57.4963912964, -62.3314208984, -73.8198623657, 53.1505661011, -94.1999053955, 17.0237674713, -84.6653747559, 139.535263062, -7.87232065201, 147.927398682]],
        "icov": [[0.000307272886857, -0.000317421538057, 0.000523102236912, -0.000629512884188, 0.000216661108425, -0.000486797449412, 0.000438151502749, -0.000501879025251, 0.000287080620183, -0.000165167803061, 0.0011076083174, -0.000825227994937, 0.00100245012436], [-0.000317421538057, 0.00349603360519, -0.000501361850183, 0.000431824009866, -0.00164571963251, 0.00238883355632, -0.000385977968108, 0.000516453117598, -0.000836601946503, 0.00316184293479, -0.00444634072483, 0.00452287076041, -0.00337789044715], [0.000523102236912, -0.000501361850183, 0.00400885706767, -0.00151507323608, -0.000537708518095, -0.00147921836469, 0.0028810207732, -0.000910574977752, -0.000167598278495, -0.000952376343776, 0.00307435099967, -0.00340501475148, 0.00270952284336], [-0.000629512884188, 0.000431824009866, -0.00151507323608, 0.00580527866259, -0.00114694156218, -0.00128610059619, -0.0012106312206, 0.00326215405948, -0.00217478419654, -0.000716121227015, 0.000874501769431, 0.00375897507183, -0.0035573465284], [0.000216661108425, -0.00164571963251, -0.000537708518095, -0.00114694156218, 0.00563494535163, -0.00127593486104, -0.00105787126813, -0.00110888550989, -0.000454026012449, 0.000560746702831, 0.00299538951367, -0.00109081075061, 0.00284241675399], [-0.000486797449412, 0.00238883355632, -0.00147921836469, -0.00128610059619, -0.00127593486104, 0.0123107153922, -0.00181602558587, -0.0075059812516, 0.00582851283252, 0.00165558524895, -0.00642269710079, 0.00353393564001, -0.00288834492676], [0.000438151502749, -0.000385977968108, 0.0028810207732, -0.0012106312206, -0.00105787126813, -0.00181602558587, 0.0114506380633, -0.000973330345005, -0.00232519442216, 0.000985417282209, 0.00110689387657, -0.00168867444154, 0.000343119143508], [-0.000501879025251, 0.000516453117598, -0.000910574977752, 0.00326215405948, -0.00110888550989, -0.0075059812516, -0.000973330345005, 0.0186180677265, -0.00482222251594, -0.00536840036511, 0.00505980616435, 0.00027646831586, -0.00313821621239], [0.000287080620183, -0.000836601946503, -0.000167598278495, -0.00217478419654, -0.000454026012449, 0.00582851283252, -0.00232519442216, -0.00482222251594, 0.0136237526312, -0.00100379472133, -0.00160822540056, 0.00133169186302, 0.00237722764723], [-0.000165167803061, 0.00316184293479, -0.000952376343776, -0.000716121227015, 0.000560746702831, 0.00165558524895, 0.000985417282209, -0.00536840036511, -0.00100379472133, 0.0173472072929, -0.00632032752037, -0.000771433289628, 0.00310335541144], [0.0011076083174, -0.00444634072483, 0.00307435099967, 0.000874501769431, 0.00299538951367, -0.00642269710079, 0.00110689387657, 0.00505980616435, -0.00160822540056, -0.00632032752037, 0.0212217848748, -0.00776999490336, -0.00181248167064], [-0.000825227994937, 0.00452287076041, -0.00340501475148, 0.00375897507183, -0.00109081075061, 0.00353393564001, -0.00168867444154, 0.00027646831586, 0.00133169186302, -0.000771433289628, -0.00776999490336, 0.0207252558321, -0.00862272363156], [0.00100245012436, -0.00337789044715, 0.00270952284336, -0.0035573465284, 0.00284241675399, -0.00288834492676, 0.000343119143508, -0.00313821621239, 0.00237722764723, 0.00310335541144, -0.00181248167064, -0.00862272363156, 0.0229433402419]]
    },
    "melbands": {
        "dmean": [0.000516758300364, 0.00117005489301, 0.000671509129461, 0.000649796565995, 0.000287671486149, 0.000194425068912, 0.000147677594214, 0.000207744335057, 0.000100614357507, 0.000122200173791, 7.85275769886e-05, 5.82588581892e-05, 5.44192407688e-05, 2.68517287623e-05, 1.98662655748e-05, 1.40642741826e-05, 1.46750880958e-05, 1.27686025735e-05, 1.01371506389e-05, 9.60391662375e-06, 8.14930717752e-06, 6.5806884777e-06, 6.77135221849e-06, 5.91178695686e-06, 5.5094774325e-06, 7.62332228987e-06, 8.99520182429e-06, 9.79962896963e-06, 7.87258977653e-06, 6.46102580504e-06, 4.79838490719e-06, 3.70251905224e-06, 3.04969876197e-06, 2.32645766118e-06, 1.33449589157e-06, 9.41032737956e-07, 7.95260348241e-07, 6.7230030254e-07, 5.19972616075e-07, 4.93571349125e-07],
        "dmean2": [0.000886670371983, 0.00201880303212, 0.00109463790432, 0.00109097955283, 0.000476135144709, 0.000304579385556, 0.000252151919995, 0.000350087037077, 0.000168037673575, 0.000205081858439, 0.000129052015836, 9.54930364969e-05, 8.66015689098e-05, 4.47124875791e-05, 3.32909294229e-05, 2.31626399909e-05, 2.45625797106e-05, 2.09525605896e-05, 1.6728457922e-05, 1.59133869602e-05, 1.35369909913e-05, 1.06966554085e-05, 1.10767832666e-05, 9.8761429399e-06, 9.17473698792e-06, 1.23993495436e-05, 1.47194659803e-05, 1.63376826094e-05, 1.34319316203e-05, 1.07943133116e-05, 7.75845001044e-06, 6.1275054577e-06, 4.93585048389e-06, 3.71698729396e-06, 2.10953589885e-06, 1.4754057247e-06, 1.21682410281e-06, 1.02634180621e-06, 7.93914296082e-07, 7.66936580021e-07],
        "dvar": [1.34871993396e-06, 3.85565681427e-06, 1.03267450413e-06, 1.28340104766e-06, 2.244440509e-07, 1.53296610961e-07, 2.00059005806e-07, 3.68586285049e-07, 7.6324383258e-08, 1.5412774701e-07, 3.48577771092e-08, 2.06528252278e-08, 2.58844305989e-08, 5.08913933217e-09, 2.8777362715e-09, 1.28126131926e-09, 9.71726588084e-10, 9.90655668609e-10, 1.22614962628e-09, 5.06702180214e-10, 1.7496168403e-10, 1.01751655712e-10, 2.58974647283e-10, 1.37870048711e-10, 1.08371978058e-10, 2.72089240028e-10, 3.8975511707e-10, 4.46985670699e-10, 3.26597193734e-10, 2.64390925819e-10, 1.1749362594e-10, 5.47122971928e-11, 3.26469476453e-11, 2.21309394421e-11, 5.5569936673e-12, 2.93056984929e-12, 3.29104278551e-12, 3.40056195008e-12, 2.88772348048e-12, 2.18573943667e-12],
        "dvar2": [3.67590882888e-06, 1.09540442281e-05, 2.60430078924e-06, 3.46391288986e-06, 6.17693729055e-07, 3.61106458513e-07, 5.31050773134e-07, 1.00859756458e-06, 1.91019566387e-07, 3.8557152493e-07, 9.4903526815e-08, 5.07205726308e-08, 6.01301977099e-08, 1.31392452474e-08, 7.72754393807e-09, 3.15770476433e-09, 2.49111109518e-09, 2.44178566255e-09, 3.22639004402e-09, 1.31783217672e-09, 4.53435872183e-10, 2.64962385366e-10, 6.70482780407e-10, 3.81435327768e-10, 2.87698226353e-10, 7.04441838195e-10, 9.94933802012e-10, 1.17489429297e-09, 9.41667965826e-10, 7.62667651255e-10, 2.89077262128e-10, 1.45718589972e-10, 7.96015961479e-11, 5.30711620483e-11, 1.26939491904e-11, 6.86428344721e-12, 7.16896030387e-12, 5.94192663822e-12, 6.80303122863e-12, 5.28995684063e-12],
        "max": [0.00979514047503, 0.020320950076, 0.0119808381423, 0.0115127116442, 0.00573503226042, 0.00951921753585, 0.0073345224373, 0.00741218915209, 0.00594697054476, 0.0118776708841, 0.00331361102872, 0.00295280921273, 0.00382905080914, 0.00114295107778, 0.00101204251405, 0.000565412454307, 0.000435903668404, 0.000929536123294, 0.00101657409687, 0.000736834772397, 0.000285370013444, 0.000162336815265, 0.000567489303648, 0.000202023074962, 0.000147863422171, 0.000263976457063, 0.000279703876004, 0.000419572083047, 0.000339717342285, 0.000320969411405, 0.000198795591132, 9.40612735576e-05, 8.86811831151e-05, 7.61724440963e-05, 2.89898252959e-05, 2.9159054975e-05, 5.38621534361e-05, 7.17389630154e-05, 5.11524231115e-05, 4.18567979068e-05],
        "mean": [0.00056543253595, 0.00168866442982, 0.0013380976161, 0.00106387946289, 0.000583372660913, 0.000415288697695, 0.000243525515543, 0.000274557998637, 0.000120517892356, 0.000153063898324, 0.000112582783913, 8.63301102072e-05, 8.42910812935e-05, 3.73625589418e-05, 2.7158193916e-05, 2.02362316486e-05, 2.34438502957e-05, 2.06589811569e-05, 1.50166797539e-05, 1.68685128301e-05, 1.61227781064e-05, 1.2304777556e-05, 1.20042268463e-05, 1.01550676845e-05, 9.90312673821e-06, 1.29195514091e-05, 1.52244756464e-05, 1.82129206223e-05, 1.40473493957e-05, 1.13349087769e-05, 9.0649809863e-06, 6.99749716659e-06, 5.91625348534e-06, 4.59837565359e-06, 2.813210358e-06, 1.98705515686e-06, 1.57056342687e-06, 1.36574351473e-06, 1.03855393263e-06, 1.02457477169e-06],
        "median": [0.000192541483557, 0.00103444198612, 0.00096497539198, 0.000658430159092, 0.000390630593756, 0.000277885235846, 0.000152109234477, 0.000124036378111, 5.07713375555e-05, 6.65752959321e-05, 5.54731595912e-05, 3.59321311407e-05, 2.59200151049e-05, 1.17410181701e-05, 1.15809916679e-05, 7.63825300965e-06, 1.24886846606e-05, 1.09956909e-05, 6.6770835474e-06, 1.11005683721e-05, 1.23531917779e-05, 8.54910103953e-06, 7.6394962889e-06, 6.15261615167e-06, 6.03034277447e-06, 6.22161905994e-06, 6.22029119768e-06, 7.12224073141e-06, 5.59636600883e-06, 2.9440243452e-06, 2.44928446591e-06, 2.09566746889e-06, 1.33799699142e-06, 1.00652596302e-06, 5.86403473335e-07, 4.05366705536e-07, 3.63876637266e-07, 3.38826083635e-07, 2.0070251594e-07, 1.55746704422e-07],
        "min": [5.80365283515e-24, 4.54622866819e-24, 5.03138561907e-24, 2.26440471805e-24, 5.32633676723e-24, 2.60282249652e-24, 3.14802300356e-24, 3.80273199818e-24, 4.31708469117e-24, 4.05312433811e-24, 3.34073994777e-24, 5.14299208222e-24, 2.9981268098e-24, 6.73669384802e-24, 5.34238772007e-24, 7.36864400831e-24, 6.77399829137e-24, 5.89857252358e-24, 7.37227119075e-24, 7.44707571495e-24, 7.76252462487e-24, 5.01558907388e-24, 6.14830498135e-24, 6.62120382264e-24, 5.64684898087e-24, 5.36106321314e-24, 7.30252247609e-24, 5.65713691037e-24, 6.59120107583e-24, 5.9419369964e-24, 6.18777603118e-24, 8.72622866112e-24, 6.12326535293e-24, 6.19914430568e-24, 7.02327518198e-24, 6.93927727279e-24, 6.59500654084e-24, 8.98745127242e-24, 7.63650567298e-24, 8.39070087458e-24],
        "var": [1.19562173495e-06, 4.51070991403e-06, 2.09613176594e-06, 1.58306693265e-06, 3.60647732123e-07, 2.57869913867e-07, 1.65306971667e-07, 2.99000134873e-07, 7.77484814307e-08, 1.42555904858e-07, 3.57845593157e-08, 3.13121866213e-08, 5.67818041475e-08, 7.0565122634e-09, 3.04182390387e-09, 1.72428404888e-09, 1.40680267435e-09, 1.43399558894e-09, 1.37705813419e-09, 8.10918387995e-10, 3.39011152484e-10, 1.99600946882e-10, 4.00888017227e-10, 2.17348986031e-10, 1.74343303683e-10, 4.672183751e-10, 6.81641187938e-10, 1.1891331253e-09, 5.8538662806e-10, 5.91087345736e-10, 3.0284072472e-10, 1.22872337305e-10, 9.46318925998e-11, 6.1596693024e-11, 1.85526091018e-11, 9.71017363738e-12, 9.07000863304e-12, 1.09067251758e-11, 5.8379330016e-12, 4.42738120471e-12]
    },
    "mfcc": {
        "mean": [-651.16595459, 121.919303894, 5.87893390656, 35.9231987, -12.51836586, 2.06736898422, -2.99566435814, -3.04523706436, -3.33189892769, -3.15998291969, -8.09583187103, -4.63175678253, -1.91960072517],
        "cov": [[8750.48632812, -2222.67529297, 533.212158203, 280.84552002, 784.406921387, 465.449157715, 141.486862183, 405.03125, 644.213012695, 498.129730225, 212.948898315, -132.788803101, -188.697723389], [-2222.67529297, 1713.35009766, -521.294067383, 200.598220825, -129.943069458, -138.445480347, -64.2042770386, -63.6484489441, -186.675292969, -71.4093322754, -126.286369324, -56.9643783569, -8.77986526489], [533.212158203, -521.294067383, 510.418334961, -59.6030578613, 104.613319397, 43.0014533997, -8.39372348785, 15.1774091721, 51.6316452026, 13.6430101395, 49.2336349487, 28.1052360535, -3.27002000809], [280.84552002, 200.598220825, -59.6030578613, 334.161987305, 93.8291015625, 52.0540466309, -67.581741333, 13.8831119537, 59.4817810059, 55.3456611633, -13.583067894, -32.05418396, -33.3616485596], [784.406921387, -129.943069458, 104.613319397, 93.8291015625, 292.360137939, 62.5918807983, -4.86967086792, 58.4135246277, 94.4155044556, 90.0462493896, 32.0591773987, -43.6892776489, -39.7068634033], [465.449157715, -138.445480347, 43.0014533997, 52.0540466309, 62.5918807983, 106.349266052, 40.2538032532, 33.2241325378, 36.920627594, 24.458366394, 13.5607042313, -5.25445652008, -12.4170017242], [141.486862183, -64.2042770386, -8.39372348785, -67.581741333, -4.86967086792, 40.2538032532, 143.893814087, 30.9659957886, 4.3587846756, -16.2277183533, 8.69229793549, -0.483407020569, 0.483605444431], [405.03125, -63.6484489441, 15.1774091721, 13.8831119537, 58.4135246277, 33.2241325378, 30.9659957886, 99.7389678955, 52.7761421204, 28.7324466705, 1.90378141403, -16.9979095459, -16.6106472015], [644.213012695, -186.675292969, 51.6316452026, 59.4817810059, 94.4155044556, 36.920627594, 4.3587846756, 52.7761421204, 138.234802246, 75.5945281982, 20.3797550201, -12.9103546143, -11.1547584534], [498.129730225, -71.4093322754, 13.6430101395, 55.3456611633, 90.0462493896, 24.458366394, -16.2277183533, 28.7324466705, 75.5945281982, 116.593437195, 23.7886943817, -15.8767929077, -16.1734542847], [212.948898315, -126.286369324, 49.2336349487, -13.583067894, 32.0591773987, 13.5607042313, 8.69229793549, 1.90378141403, 20.3797550201, 23.7886943817, 75.8750991821, 22.7681007385, 2.71342134476], [-132.788803101, -56.9643783569, 28.1052360535, -32.05418396, -43.6892776489, -5.25445652008, -0.483407020569, -16.9979095459, -12.9103546143, -15.8767929077, 22.7681007385, 79.1224746704, 42.706867218], [-188.697723389, -8.77986526489, -3.27002000809, -33.3616485596, -39.7068634033, -12.4170017242, 0.483605444431, -16.6106472015, -11.1547584534, -16.1734542847, 2.71342134476, 42.706867218, 77.0790710449]],
