{
"lowlevel": {
    "average_loudness": 0.885062754154,
    "barkbands_crest": {
        "dmean": 2.52775382996,
        "dmean2": 4.20258998871,
        "dvar": 5.20683145523,
        "dvar2": 13.9771299362,
        "max": 21.0906181335,
        "mean": 8.41882896423,
        "median": 7.8791809082,
        "min": 2.31704449654,
        "var": 9.54544639587
    },
    "barkbands_flatness_db": {
        "dmean": 0.0198810901493,
        "dmean2": 0.0301146972924,
        "dvar": 0.000307744194288,
        "dvar2": 0.000720371142961,
        "max": 0.336251378059,
        "mean": 0.109546244144,
        "median": 0.101195730269,
        "min": 0.0277690533549,
        "var": 0.00216108118184
    },
    "barkbands_kurtosis": {
        "dmean": 2.13647484779,
        "dmean2": 3.44888687134,
        "dvar": 8.8672914505,
        "dvar2": 22.6926078796,
        "max": 34.1172943115,
        "mean": 2.5097386837,
        "median": 1.0881819725,
        "min": -1.89443087578,
        "var": 21.3619689941
    },
    "barkbands_skewness": {
        "dmean": 0.514759898186,
        "dmean2": 0.810419261456,
        "dvar": 0.233618184924,
        "dvar2": 0.546273648739,
        "max": 5.42717266083,
        "mean": 1.20564961433,
        "median": 1.23761093616,
        "min": -3.15260481834,
        "var": 1.43297147751
    },
    "barkbands_spread": {
        "dmean": 8.04135704041,
        "dmean2": 11.9689941406,
        "dvar": 85.2592163086,
        "dvar2": 172.544555664,
        "max": 120.28250885,
        "mean": 31.9483318329,
        "median": 25.5426940918,
        "min": 2.69709968567,
        "var": 532.274536133
    },
    "dissonance": {
        "dmean": 0.0145459230989,
        "dmean2": 0.0241016987711,
        "dvar": 0.000208008379559,
        "dvar2": 0.000526344752871,
        "max": 0.5,
        "mean": 0.471513420343,
        "median": 0.476261973381,
        "min": 0.352223813534,
        "var": 0.000450221676147
    },
    "dynamic_complexity": 7.92345714569,
    "erbbands_crest": {
        "dmean": 2.23895859718,
        "dmean2": 3.58141875267,
        "dvar": 5.18162107468,
        "dvar2": 12.3667144775,
        "max": 30.6849403381,
        "mean": 7.5822095871,
        "median": 6.65646362305,
        "min": 2.11580014229,
        "var": 17.0994434357
    },
    "erbbands_flatness_db": {
        "dmean": 0.0182646270841,
        "dmean2": 0.024387454614,
        "dvar": 0.000318289530696,
        "dvar2": 0.000528400589246,
        "max": 0.401153683662,
        "mean": 0.132225587964,
        "median": 0.125970751047,
        "min": 0.0314603932202,
        "var": 0.00301058031619
    },
    "erbbands_kurtosis": {
        "dmean": 0.692254960537,
        "dmean2": 1.07479310036,
        "dvar": 1.07715952396,
        "dvar2": 2.57242131233,
        "max": 18.9257221222,
        "mean": -0.144821241498,
        "median": -0.606099128723,
        "min": -1.72732043266,
        "var": 2.67543530464
    },
    "erbbands_skewness": {
        "dmean": 0.328227847815,
        "dmean2": 0.487462580204,
        "dvar": 0.092336602509,
        "dvar2": 0.190359726548,
        "max": 3.35867500305,
        "mean": 0.0934098809958,
        "median": 0.137928783894,
        "min": -3.68125081062,
        "var": 0.534535348415
    },
    "erbbands_spread": {
        "dmean": 9.89290809631,
        "dmean2": 14.8818006516,
        "dvar": 93.8784790039,
        "dvar2": 216.070846558,
        "max": 137.943771362,
        "mean": 49.7730636597,
        "median": 47.3337211609,
        "min": 3.43064165115,
        "var": 437.790466309
    },
    "hfc": {
        "dmean": 6.64012002945,
        "dmean2": 9.2920923233,
        "dvar": 86.6120681763,
        "dvar2": 173.803009033,
        "max": 151.800750732,
        "mean": 19.7301521301,
        "median": 15.2851648331,
        "min": 1.23387448245e-16,
        "var": 323.688476562
    },
    "melbands_crest": {
        "dmean": 3.4335129261,
        "dmean2": 5.68253564835,
        "dvar": 8.8954334259,
        "dvar2": 23.6055335999,
        "max": 29.9920806885,
        "mean": 11.9035568237,
        "median": 11.3824138641,
        "min": 1.82255291939,
        "var": 16.5010871887
    },
    "melbands_flatness_db": {
        "dmean": 0.0265232715756,
        "dmean2": 0.0412876605988,
        "dvar": 0.000571738521103,
        "dvar2": 0.00138368713669,
        "max": 0.394001096487,
        "mean": 0.161587312818,
        "median": 0.156713202596,
        "min": 0.0046421312727,
        "var": 0.00303585384972
    },
    "melbands_kurtosis": {
        "dmean": 6.36096525192,
        "dmean2": 10.3225421906,
        "dvar": 71.9698944092,
        "dvar2": 177.241790771,
        "max": 100.005065918,
        "mean": 11.6702184677,
        "median": 7.52134990692,
        "min": -1.83727300167,
        "var": 177.190582275
    },
    "melbands_skewness": {
        "dmean": 0.760756731033,
        "dmean2": 1.20531284809,
        "dvar": 0.556659519672,
        "dvar2": 1.33022546768,
        "max": 8.36297988892,
        "mean": 2.57685899734,
        "median": 2.42442679405,
        "min": -2.24797010422,
        "var": 2.36119961739
    },
    "melbands_spread": {
        "dmean": 10.4698543549,
        "dmean2": 16.4545917511,
        "dvar": 216.761993408,
        "dvar2": 495.409362793,
        "max": 198.345962524,
        "mean": 31.7791290283,
        "median": 24.6288337708,
        "min": 2.77764987946,
        "var": 617.544250488
    },
    "pitch_salience": {
        "dmean": 0.0729213282466,
        "dmean2": 0.121939726174,
        "dvar": 0.00435603456572,
        "dvar2": 0.0115577224642,
        "max": 0.851679861546,
        "mean": 0.607597887516,
        "median": 0.616836488247,
        "min": 0.219862923026,
        "var": 0.0096590090543
    },
    "silence_rate_20dB": {
        "dmean": 0,
        "dmean2": 0,
        "dvar": 0,
        "dvar2": 0,
        "max": 1,
        "mean": 1,
        "median": 1,
        "min": 1,
        "var": 0
    },
    "silence_rate_30dB": {
        "dmean": 0,
        "dmean2": 0,
        "dvar": 0,
        "dvar2": 0,
        "max": 1,
        "mean": 1,
        "median": 1,
        "min": 1,
        "var": 0
    },
    "silence_rate_60dB": {
        "dmean": 0.0228328164667,
        "dmean2": 0.0456833131611,
        "dvar": 0.0223123300821,
        "dvar2": 0.0513417422771,
        "max": 1,
        "mean": 0.200773701072,
        "median": 0,
        "min": 0,
        "var": 0.16046667099
    },
    "spectral_centroid": {
        "dmean": 312.933654785,
        "dmean2": 483.734313965,
        "dvar": 112101.398438,
        "dvar2": 224651.421875,
        "max": 10558.1132812,
        "mean": 1759.61376953,
        "median": 1576.16638184,
        "min": 296.072540283,
        "var": 793336.75
    },
    "spectral_complexity": {
        "dmean": 4.29489183426,
        "dmean2": 6.31591176987,
        "dvar": 30.7056312561,
        "dvar2": 63.1293144226,
        "max": 50,
        "mean": 16.8982601166,
        "median": 18,
        "min": 0,
        "var": 136.087295532
    },
    "spectral_decrease": {
        "dmean": 2.41357023256e-09,
        "dmean2": 3.79714792942e-09,
        "dvar": 1.43848743387e-17,
        "dvar2": 3.58235545121e-17,
        "max": 1.41477188711e-28,
        "mean": -5.24400833868e-09,
        "median": -4.28485424919e-09,
        "min": -3.25321067862e-08,
        "var": 2.43669293203e-17
    },
    "spectral_energy": {
        "dmean": 0.00956529099494,
        "dmean2": 0.014948152937,
        "dvar": 0.000217977605644,
        "dvar2": 0.000537945539691,
        "max": 0.126669436693,
        "mean": 0.0215816572309,
        "median": 0.0176358353347,
        "min": 1.06576292723e-20,
        "var": 0.00039004869177
    },
    "spectral_energyband_high": {
        "dmean": 0.000421107426519,
        "dmean2": 0.000586915237363,
        "dvar": 5.26761482433e-07,
        "dvar2": 1.08041660951e-06,
        "max": 0.0132788503543,
        "mean": 0.0009063060279,
        "median": 0.000526381714735,
        "min": 7.60038426856e-21,
        "var": 1.42922442592e-06
    },
    "spectral_energyband_low": {
        "dmean": 0.00439253682271,
        "dmean2": 0.00728970905766,
        "dvar": 9.84164289548e-05,
        "dvar2": 0.000260509288637,
        "max": 0.0893797427416,
        "mean": 0.00491950009018,
        "median": 0.00152240181342,
        "min": 7.56279056569e-23,
        "var": 9.04599219211e-05
    },
    "spectral_energyband_middle_high": {
        "dmean": 0.00153807376046,
        "dmean2": 0.00227576866746,
        "dvar": 5.25330324308e-06,
        "dvar2": 1.03652582766e-05,
        "max": 0.0339169614017,
        "mean": 0.00445536291227,
        "median": 0.00278210430406,
        "min": 1.5019717765e-21,
        "var": 2.62834873865e-05
    },
    "spectral_energyband_middle_low": {
        "dmean": 0.00558841880411,
        "dmean2": 0.00901223439723,
        "dvar": 8.57867271407e-05,
        "dvar2": 0.00022339761199,
        "max": 0.0954064577818,
        "mean": 0.0120495548472,
        "median": 0.00987501535565,
        "min": 3.13061280394e-22,
        "var": 0.000141758660902
    },
    "spectral_entropy": {
        "dmean": 0.162337318063,
        "dmean2": 0.232158377767,
        "dvar": 0.0239189881831,
        "dvar2": 0.0478044226766,
        "max": 9.80576515198,
        "mean": 7.81662750244,
        "median": 7.80891895294,
        "min": 5.08787298203,
        "var": 0.203769370914
    },
    "spectral_flux": {
        "dmean": 0.0252880714834,
        "dmean2": 0.0376769937575,
        "dvar": 0.00107482017484,
        "dvar2": 0.00212146155536,
        "max": 0.301613986492,
        "mean": 0.0747492685914,
        "median": 0.0684705004096,
        "min": 1.03235794913e-10,
        "var": 0.00284435693175
    },
    "spectral_kurtosis": {
        "dmean": 1.03853332996,
        "dmean2": 1.70699000359,
        "dvar": 1.8098064661,
        "dvar2": 4.86987686157,
        "max": 21.8993816376,
        "mean": 3.31868076324,
        "median": 3.03286218643,
        "min": -1.16028702259,
        "var": 3.99024224281
    },
    "spectral_rms": {
        "dmean": 0.000881045067217,
        "dmean2": 0.00131618406158,
        "dvar": 1.32620266413e-06,
        "dvar2": 3.02939770336e-06,
        "max": 0.0111166518182,
        "mean": 0.0039415564388,
        "median": 0.00414797477424,
        "min": 3.22454454631e-12,
        "var": 5.51946686755e-06
    },
    "spectral_rolloff": {
        "dmean": 904.352539062,
        "dmean2": 1494.51025391,
        "dvar": 2346273,
        "dvar2": 4927194,
        "max": 19250.6835938,
        "mean": 3302.42285156,
        "median": 1614.99023438,
        "min": 107.666015625,
        "var": 15360241
    },
    "spectral_skewness": {
        "dmean": 0.175198227167,
        "dmean2": 0.280225813389,
        "dvar": 0.0385219715536,
        "dvar2": 0.093175701797,
        "max": 3.32784080505,
        "mean": 1.36594355106,
        "median": 1.33800649643,
        "min": 0.0553161911666,
        "var": 0.0936750248075
    },
    "spectral_spread": {
        "dmean": 739688.375,
        "dmean2": 1034125.4375,
        "dvar": 1.0241350697e+12,
        "dvar2": 1.78147426304e+12,
        "max": 39036748,
        "mean": 5895771.5,
        "median": 5308460.5,
        "min": 1718783,
        "var": 5.73973410611e+12
    },
    "spectral_strongpeak": {
        "dmean": 0.49196356535,
        "dmean2": 0.824711740017,
        "dvar": 0.771773934364,
        "dvar2": 2.03775858879,
        "max": 15.2594175339,
        "mean": 0.985756635666,
        "median": 0.501862823963,
        "min": 0,
        "var": 2.40531015396
    },
    "zerocrossingrate": {
        "dmean": 0.0158111285418,
        "dmean2": 0.0180282201618,
        "dvar": 0.000292819546303,
        "dvar2": 0.000361928716302,
        "max": 0.505859375,
        "mean": 0.110672675073,
        "median": 0.0771484375,
        "min": 0.0107421875,
        "var": 0.00719853723422
    },
    "barkbands": {
        "dmean": [5.75510021008e-05, 0.00270485505462, 0.00157813797705, 0.00152013660409, 0.00319156562909, 0.000999025884084, 0.000582673528697, 0.000744062883314, 0.000716096081305, 0.000397448195145, 0.00031332418439, 0.000313791562803, 0.000310507777613, 0.000203385090572, 0.000162700918736, 0.000130787142552, 0.000141074371641, 0.000212831582758, 0.00029979381361, 0.000143234588904, 0.000113977170258, 7.29414459784e-05, 5.55850565434e-05, 7.04188860254e-05, 9.67345986282e-05, 5.28535092599e-05, 9.51540096139e-06],
        "dmean2": [9.15256896405e-05, 0.00456506526098, 0.00274612754583, 0.00260850437917, 0.00532590318471, 0.00156150513794, 0.00091547582997, 0.00116559746675, 0.00112365232781, 0.000614081858657, 0.000493867730256, 0.000490906415507, 0.000478071422549, 0.000323062296957, 0.000247902760748, 0.000210383237572, 0.000220030022319, 0.000334183132509, 0.000478587229736, 0.000224979870836, 0.000184550313861, 0.000112685789645, 7.97914181021e-05, 9.97230963549e-05, 0.000145641053678, 7.26395082893e-05, 1.35020900416e-05],
        "dvar": [1.9963996678e-08, 4.589094533e-05, 1.38099176183e-05, 5.06452261106e-06, 4.09031526942e-05, 2.36332266468e-06, 1.33152389026e-06, 2.93982157018e-06, 1.82000235327e-06, 9.52555865297e-07, 6.09321261891e-07, 4.41857991973e-07, 4.91575804062e-07, 2.24920242431e-07, 3.15648804872e-07, 5.45889413672e-08, 6.18234423655e-08, 1.94815342525e-07, 3.15559873343e-07, 8.60018971593e-08, 4.87365845458e-08, 1.42144713777e-08, 1.05558282115e-08, 3.14832533377e-08, 7.63839906881e-08, 2.02893897239e-08, 3.15366260883e-10],
        "dvar2": [4.62224996056e-08, 0.000121893099276, 3.84503946407e-05, 1.39938110806e-05, 0.000110561981273, 5.70203792449e-06, 2.97378232972e-06, 6.42665372652e-06, 4.57691294287e-06, 2.50419793701e-06, 1.45306569266e-06, 1.04914909116e-06, 1.09967459139e-06, 4.87051011078e-07, 5.69501025893e-07, 1.22932419799e-07, 1.38116789117e-07, 4.4066183591e-07, 7.45487454878e-07, 1.7803088781e-07, 1.13291847015e-07, 3.30191980424e-08, 2.21233751319e-08, 6.39526192003e-08, 1.88726730244e-07, 4.17377599149e-08, 6.79255762748e-10],
        "max": [0.00103820033837, 0.0695343911648, 0.0446606315672, 0.0214990675449, 0.0603920072317, 0.0160326529294, 0.0218256153166, 0.0424691438675, 0.0187006611377, 0.0207933802158, 0.0226764120162, 0.0118640288711, 0.0129351420328, 0.0121108032763, 0.0198570620269, 0.00451132887974, 0.00469545274973, 0.00953718647361, 0.00966094247997, 0.00768152019009, 0.007149993442, 0.00207073893398, 0.00222527072765, 0.00407785503194, 0.00716722151265, 0.00385506032035, 0.000285301095573],
        "mean": [4.98180343129e-05, 0.00255781854503, 0.00164407526609, 0.0022559533827, 0.00447699613869, 0.00189005152788, 0.000891272560693, 0.00119860691484, 0.00118073751219, 0.000592044496443, 0.000490792095661, 0.000508200493641, 0.000563757261261, 0.000366092455806, 0.000270087446552, 0.00021366305009, 0.000258969259448, 0.000419399497332, 0.000686781713739, 0.000254547165241, 0.000221687587327, 0.000136672490044, 0.000102611309558, 0.000119661788631, 0.000140294767334, 7.85490046837e-05, 1.25296992337e-05],
        "median": [2.33932860283e-06, 0.000465510063805, 0.000364999199519, 0.00139691145159, 0.00232140836306, 0.00108993693721, 0.000252090860158, 0.000228206481552, 0.000496900640428, 0.000200855705771, 0.000119175194413, 0.000183494164958, 0.000125821010442, 0.000106404644612, 8.00963389338e-05, 0.000129621199449, 0.000138555536978, 0.00018627816462, 0.000262067536823, 0.000136809307151, 9.35684147407e-05, 7.96090607764e-05, 5.37254454684e-05, 4.44342294941e-05, 4.29208594142e-05, 1.74623764906e-05, 8.51789366152e-07],
        "min": [1.41673328572e-23, 4.19717830689e-23, 1.53964586113e-23, 2.91973103577e-23, 4.04924101253e-23, 7.6106819957e-23, 3.84804140756e-23, 4.7121116804e-23, 7.23291544086e-23, 5.03395367687e-23, 1.47625713242e-22, 6.34378211043e-23, 9.37167197165e-23, 1.07424036225e-22, 1.59249193716e-22, 1.20122588963e-22, 1.84620235227e-22, 9.75018005575e-23, 3.48794457968e-22, 2.963112264e-22, 4.61842138437e-22, 4.56790904288e-22, 4.60987795765e-22, 8.24684681892e-22, 1.03092816251e-21, 1.76783178551e-21, 2.64616814712e-21],
        "var": [1.90773352671e-08, 3.79081102437e-05, 1.20943677757e-05, 7.74434101913e-06, 4.27289523941e-05, 5.37440018888e-06, 3.31890578309e-06, 8.11129211797e-06, 3.56670102519e-06, 1.59101489317e-06, 1.74147146481e-06, 9.66545712799e-07, 1.46250965827e-06, 6.68303755447e-07, 6.93201059221e-07, 1.009611168e-07, 1.45461342527e-07, 5.37603568773e-07, 1.08724645997e-06, 2.27906724604e-07, 1.69220541579e-07, 3.02104012917e-08, 2.17623536969e-08, 5.77032430726e-08, 1.11945539061e-07, 3.65180241602e-08, 5.88505522092e-10]
    },
    "erbbands": {
        "dmean": [0.067926466465, 0.672792255878, 1.79071068764, 3.13807797432, 12.1609010696, 8.21334266663, 6.1920170784, 9.63755893707, 5.67994165421, 16.9805011749, 12.4021759033, 13.2299413681, 17.5716991425, 9.5553560257, 10.8028144836, 11.0420846939, 13.5061407089, 10.866194725, 8.46868133545, 7.85082483292, 6.66860198975, 7.7941865921, 11.2422113419, 12.1911268234, 14.2189741135, 6.12941503525, 5.519947052, 3.61504840851, 2.66357088089, 2.02328944206, 1.66242432594, 1.47613859177, 1.12164163589, 1.08426427841, 0.666638433933, 0.287505418062, 0.0879877060652, 0.0166160557419, 0.00170286523644, 5.8610276028e-05],
        "dmean2": [0.106765389442, 1.18731212616, 3.17445874214, 5.36338329315, 20.8182048798, 13.3069314957, 9.62530994415, 14.9191875458, 9.17623519897, 27.116071701, 19.0193386078, 21.0263271332, 27.3277225494, 15.119386673, 16.4337711334, 17.4571228027, 20.8403663635, 16.7485408783, 13.08934021, 12.043548584, 10.7055969238, 12.134853363, 17.7760658264, 19.2715854645, 22.6658229828, 9.66209411621, 8.9228811264, 5.70364809036, 4.15813446045, 2.95814323425, 2.4110763073, 2.10335445404, 1.64122462273, 1.68742740154, 0.984050512314, 0.405921220779, 0.120983414352, 0.0223202034831, 0.00243497733027, 9.15836208151e-05],
        "dvar": [0.0268724169582, 3.01835584641, 19.7303695679, 24.4619426727, 520.241455078, 276.404205322, 111.881866455, 225.869018555, 116.746322632, 1198.87243652, 792.79119873, 748.911499023, 1045.15161133, 408.456359863, 500.953948975, 585.763000488, 936.737121582, 568.911499023, 417.224029541, 562.610839844, 92.4477996826, 157.018218994, 571.614746094, 677.096191406, 742.84753418, 148.820541382, 168.625839233, 32.585395813, 19.7895526886, 13.4421348572, 9.37331962585, 14.1832456589, 7.14462804794, 9.66502189636, 3.8870279789, 0.642400026321, 0.0600100643933, 0.00126390287187, 1.00932893474e-05, 2.1605885081e-08],
        "dvar2": [0.0636792853475, 8.40389728546, 55.8770751953, 67.2850952148, 1471.98718262, 700.835266113, 265.429443359, 530.478271484, 278.954803467, 2969.68408203, 1633.29650879, 1888.78820801, 2611.46655273, 1039.98962402, 1202.11657715, 1390.5213623, 2117.09399414, 1243.99182129, 867.97467041, 951.039489746, 224.718276978, 338.076660156, 1294.31640625, 1617.27062988, 1702.98718262, 325.730438232, 373.265014648, 82.0494308472, 47.4212036133, 30.0691566467, 19.4934978485, 26.509437561, 15.8188505173, 25.4298839569, 9.09039115906, 1.3571318388, 0.126087501645, 0.00240737060085, 2.18150817091e-05, 6.62655494921e-08],
        "max": [1.51147723198, 17.4140892029, 49.2704544067, 53.7761116028, 204.458618164, 235.017547607, 112.637405396, 180.370574951, 217.480438232, 474.396240234, 668.450622559, 411.273284912, 539.65637207, 529.052307129, 471.903808594, 433.993804932, 626.684814453, 479.200744629, 391.324279785, 720.860412598, 132.007354736, 200.252990723, 639.845581055, 660.197570801, 483.534606934, 362.875610352, 481.438354492, 69.1465148926, 79.7721633911, 91.7178726196, 61.9062080383, 91.3073348999, 54.1934814453, 69.879989624, 58.291305542, 23.6152057648, 5.42005252838, 0.523335397243, 0.0511568970978, 0.00297334603965],
        "mean": [0.0654457882047, 0.608062386513, 1.81745743752, 4.47692155838, 15.7581348419, 11.3879461288, 11.5557956696, 17.8567295074, 9.84504795074, 25.2947731018, 22.12591362, 21.9608459473, 29.5331878662, 17.1656665802, 17.9877300262, 19.2523384094, 26.4604263306, 21.3847923279, 14.5525140762, 14.6710710526, 12.0354986191, 15.8809280396, 23.4021167755, 26.379240036, 32.8423042297, 11.9369916916, 10.4947414398, 6.95188188553, 4.9656047821, 3.84494256973, 2.96781516075, 2.57972884178, 1.85614895821, 1.5525636673, 0.964667141438, 0.427200913429, 0.127095848322, 0.023937933147, 0.00221355585381, 8.77555066836e-05],
        "median": [0.00604581972584, 0.130887329578, 0.496662408113, 2.68546509743, 7.05530977249, 6.00250864029, 6.03303623199, 9.53831672668, 5.55591535568, 7.42454719543, 5.85610294342, 9.8598690033, 14.3980998993, 7.3463511467, 6.18531513214, 7.11006307602, 6.40620851517, 6.98463344574, 5.10905456543, 5.32978916168, 7.87948894501, 9.1906709671, 10.7843666077, 11.8608560562, 12.4804391861, 7.01053762436, 4.39652109146, 3.36903786659, 2.87616586685, 2.06484007835, 1.55185556412, 1.05501031876, 0.657983005047, 0.481766968966, 0.289195746183, 0.115793295205, 0.0222524460405, 0.00330350128934, 0.000140776246553, 3.7244601117e-05],
        "min": [6.75739614564e-22, 1.12443362023e-20, 2.15402855985e-20, 5.72680661019e-20, 7.87602928299e-20, 1.70872586141e-19, 2.52995930385e-19, 9.27171032179e-19, 6.74607820652e-19, 3.13226983291e-19, 1.78594167233e-18, 1.42223749142e-18, 1.33395353862e-18, 4.75326476345e-18, 3.03474348093e-18, 2.77399443836e-18, 4.37265456179e-18, 4.74237327633e-18, 9.73995989576e-18, 5.56387239884e-18, 8.24005066181e-18, 9.92721787001e-18, 6.46584750956e-18, 1.17767697314e-17, 1.90268564264e-17, 1.3868523385e-17, 1.1914685555e-17, 2.34265126449e-17, 1.84010330817e-17, 1.10102280752e-17, 1.42264245837e-17, 1.5092977339e-17, 1.50477222877e-17, 1.04022437076e-17, 7.81697176673e-18, 6.20551102332e-18, 3.47179242258e-18, 1.21688308011e-18, 3.80809526342e-19, 4.22938545798e-20],
        "var": [0.0266073942184, 2.21274232864, 15.1104326248, 31.7220497131, 558.670654297, 299.22277832, 234.683364868, 533.331054688, 206.619674683, 2256.45849609, 2379.42944336, 1460.86364746, 2114.47167969, 1084.73999023, 1345.68823242, 1365.55090332, 3122.41503906, 1712.78845215, 1041.37084961, 1465.3782959, 203.070770264, 459.263549805, 1596.16357422, 1790.14355469, 2774.72216797, 379.143127441, 629.688415527, 80.5322952271, 37.2659072876, 32.3328094482, 19.2982978821, 26.4770965576, 12.8782758713, 13.3696594238, 5.72619342804, 1.11384308338, 0.101361766458, 0.00253580720164, 1.85556800716e-05, 2.30550174507e-08]
    },
    "gfcc": {
        "mean": [-72.1718902588, 51.625995636, -108.192298889, 26.440864563, -60.7016677856, 4.02249526978, -36.4551696777, 12.5175104141, -31.5790462494, -1.26477372646, -21.2917404175, -2.24026107788, -13.7240858078],
        "cov": [[55140.9179688, 6851.87158203, -3601.5, 1303.40795898, -1720.29931641, -764.438842773, -1635.34484863, -510.895690918, -1432.96435547, 10.8944091797, 565.502807617, 525.59753418, -696.895996094], [6851.87158203, 4066.96435547, -31.9805603027, 782.573669434, 225.318450928, -365.20223999, -184.298126221, -366.290771484, -287.113250732, -216.125152588, 122.894508362, 1.46644330025, -244.773071289], [-3601.5, -31.9805603027, 1326.08239746, 159.955474854, 367.959655762, 124.136032104, 68.0153503418, -66.163848877, 58.508972168, 4.65933942795, -56.6681442261, 82.8830871582, -50.7172889709], [1303.40795898, 782.573669434, 159.955474854, 558.393310547, 83.3215484619, -55.45362854, -63.5395278931, -71.4266967773, -13.3547582626, -41.1709442139, 46.474319458, 11.5150156021, -13.1361656189], [-1720.29931641, 225.318450928, 367.959655762, 83.3215484619, 307.626220703, 55.6847419739, 94.7557754517, -13.2103147507, 31.3162059784, -28.1117305756, -18.6974887848, 9.56471824646, -4.43652009964], [-764.438842773, -365.20223999, 124.136032104, -55.45362854, 55.6847419739, 217.332550049, 68.9927597046, 70.450340271, 27.1114311218, 39.0205039978, -10.8243513107, 14.1427202225, 21.2702045441], [-1635.34484863, -184.298126221, 68.0153503418, -63.5395278931, 94.7557754517, 68.9927597046, 270.029968262, 73.1425323486, 80.8035202026, 7.88716459274, -25.3193397522, -8.58344936371, 59.2259407043], [-510.895690918, -366.290771484, -66.163848877, -71.4266967773, -13.2103147507, 70.450340271, 73.1425323486, 165.612426758, 81.0757675171, 30.8250980377, -16.5648155212, -11.5195903778, 37.0953025818], [-1432.96435547, -287.113250732, 58.508972168, -13.3547582626, 31.3162059784, 27.1114311218, 80.8035202026, 81.0757675171, 160.516464233, 26.1656799316, -17.1927433014, -18.0128746033, 49.1769180298], [10.8944091797, -216.125152588, 4.65933942795, -41.1709442139, -28.1117305756, 39.0205039978, 7.88716459274, 30.8250980377, 26.1656799316, 86.313949585, 17.714427948, 8.78199195862, -6.10015010834], [565.502807617, 122.894508362, -56.6681442261, 46.474319458, -18.6974887848, -10.8243513107, -25.3193397522, -16.5648155212, -17.1927433014, 17.714427948, 76.1838989258, 28.2616043091, -6.65959310532], [525.59753418, 1.46644330025, 82.8830871582, 11.5150156021, 9.56471824646, 14.1427202225, -8.58344936371, -11.5195903778, -18.0128746033, 8.78199195862, 28.2616043091, 79.9872436523, 7.63409519196], [-696.895996094, -244.773071289, -50.7172889709, -13.1361656189, -4.43652009964, 21.2702045441, 59.2259407043, 37.0953025818, 49.1769180298, -6.10015010834, -6.65959310532, 7.63409519196, 109.076797485]],
        "icov": [[6.71827001497e-05, -0.000111710680358, 0.000171692983713, -0.000120047552628, 0.00024420482805, -7.78248504503e-05, 0.000137738607009, -0.000162364158314, 0.000247754884185, -0.000254108832451, 0.000322985695675, -0.000672674912494, 0.000190349732293], [-0.000111710680358, 0.000817905762233, -3.73433613277e-05, -0.000470956729259, -0.000942648446653, 0.000655042298604, -0.000521722307894, 0.000686868675984, -3.30472612404e-05, 0.00121018837672, -0.000969023676589, 0.000982911442406, 0.000885848712642], [0.000171692983713, -3.73433613277e-05, 0.00215575983748, -0.000897465040907, -0.00105696020182, -0.00062574155163, 0.000370785593987, 0.000801021698862, -0.000295684498269, -0.000956933479756, 0.00268204184249, -0.00394305959344, 0.00203222990967], [-0.000120047552628, -0.000470956729259, -0.000897465040907, 0.00324654043652, -0.000366633583326, -6.07035726716e-05, 0.000667179177981, 0.00013285773457, -0.00114904495422, 0.000683616963215, -0.00219149049371, 0.00203488115221, -0.00198060856201], [0.00024420482805, -0.000942648446653, -0.00105696020182, -0.000366633583326, 0.00753039726987, -0.00172553455923, -0.00122750282753, -0.000424240570283, 5.58896645089e-05, 0.00103676144499, 0.0006676564808, -0.00161717564333, 0.000549563148525], [-7.78248504503e-05, 0.000655042298604, -0.00062574155163, -6.07035726716e-05, -0.00172553455923, 0.00739589519799, -0.000948290107772, -0.00243955012411, 0.00197570910677, -0.00188315240666, -0.000464591954369, 0.000470460945508, -0.00055074156262], [0.000137738607009, -0.000521722307894, 0.000370785593987, 0.000667179177981, -0.00122750282753, -0.000948290107772, 0.00620028190315, -0.00155800778884, -0.000811522477306, -0.00107315904461, 0.00116444565356, -0.000877057027537, -0.0023014144972], [-0.000162364158314, 0.000686868675984, 0.000801021698862, 0.00013285773457, -0.000424240570283, -0.00243955012411, -0.00155800778884, 0.011616862379, -0.00510806962848, 7.32887201593e-05, 0.000786574033555, 0.000704108329955, 0.00055197061738], [0.000247754884185, -3.30472612404e-05, -0.000295684498269, -0.00114904495422, 5.58896645089e-05, 0.00197570910677, -0.000811522477306, -0.00510806962848, 0.012797483243, -0.00397680839524, 0.000794480962213, 0.000988424988464, -0.00298507092521], [-0.000254108832451, 0.00121018837672, -0.000956933479756, 0.000683616963215, 0.00103676144499, -0.00188315240666, -0.00107315904461, 7.32887201593e-05, -0.00397680839524, 0.0190677214414, -0.00720692845061, 0.00182178616524, 0.00398853141814], [0.000322985695675, -0.000969023676589, 0.00268204184249, -0.00219149049371, 0.0006676564808, -0.000464591954369, 0.00116444565356, 0.000786574033555, 0.000794480962213, -0.00720692845061, 0.0225162915885, -0.0114567913115, 0.00150548235979], [-0.000672674912494, 0.000982911442406, -0.00394305959344, 0.00203488115221, -0.00161717564333, 0.000470460945508, -0.000877057027537, 0.000704108329955, 0.000988424988464, 0.00182178616524, -0.0114567913115, 0.0254986342043, -0.00642897561193], [0.000190349732293, 0.000885848712642, 0.00203222990967, -0.00198060856201, 0.000549563148525, -0.00055074156262, -0.0023014144972, 0.00055197061738, -0.00298507092521, 0.00398853141814, 0.00150548235979, -0.00642897561193, 0.0163806639612]]
    },
    "melbands": {
        "dmean": [0.000677486532368, 0.000919110374525, 0.000786460062955, 0.000793891958892, 0.000221579568461, 0.000203277071705, 9.58361051744e-05, 0.000192678213352, 9.34867421165e-05, 9.37606673688e-05, 9.11469978746e-05, 4.12931149185e-05, 4.27226405009e-05, 2.88046157948e-05, 3.50235677615e-05, 3.13289056066e-05, 1.90534738067e-05, 1.50203313751e-05, 1.21367638712e-05, 9.41820053413e-06, 7.9072015069e-06, 8.0864147094e-06, 1.13124715426e-05, 9.78757998382e-06, 1.05028075268e-05, 1.30755961436e-05, 7.76682554715e-06, 3.71802707377e-06, 3.61144157068e-06, 2.7127634894e-06, 2.08433743865e-06, 1.65799110619e-06, 1.36316145927e-06, 1.08370909402e-06, 1.0012945495e-06, 9.06921115984e-07, 1.02312947092e-06, 8.83944153429e-07, 7.14824636816e-07, 1.0789932503e-06],
        "dmean2": [0.00110613286961, 0.0016286802711, 0.00133877631743, 0.00133185519371, 0.000342012383044, 0.000315771554597, 0.000153546541696, 0.000305728957755, 0.000144522738992, 0.000147640763316, 0.000141971046105, 6.4570325776e-05, 6.6047119617e-05, 4.4230826461e-05, 5.56907907594e-05, 4.80168819195e-05, 2.95249064948e-05, 2.36063970078e-05, 1.88735084521e-05, 1.48811541294e-05, 1.27736220747e-05, 1.29290001496e-05, 1.79868129635e-05, 1.52647953655e-05, 1.68053757079e-05, 2.07300490729e-05, 1.22387436932e-05, 5.96516701989e-06, 5.82200254939e-06, 4.45617479272e-06, 3.31863179781e-06, 2.66093456958e-06, 2.06464846997e-06, 1.60419767781e-06, 1.46565355408e-06, 1.34308481847e-06, 1.49988795783e-06, 1.33481421472e-06, 1.04306411686e-06, 1.75109016709e-06],
        "dvar": [2.75960815088e-06, 5.34053424417e-06, 1.44594673657e-06, 2.68004669124e-06, 1.26960046032e-07, 9.7380315367e-08, 2.91848429868e-08, 1.53065741415e-07, 4.44139054423e-08, 3.06620400181e-08, 2.87311596736e-08, 8.5152036533e-09, 1.04755457642e-08, 3.79457043564e-09, 7.82011877476e-09, 5.47672351914e-09, 1.98986338518e-09, 1.29096511259e-09, 2.99243607671e-09, 3.94168364615e-10, 1.27349214507e-10, 1.64412136683e-10, 5.29609467392e-10, 4.97576313485e-10, 5.45088862935e-10, 6.15623330091e-10, 2.60345328629e-10, 5.13444356476e-11, 6.844630418e-11, 2.42459351207e-11, 1.18436007529e-11, 8.01314743726e-12, 5.50794132526e-12, 4.33316924009e-12, 3.37444829024e-12, 3.87567365354e-12, 8.30842946525e-12, 4.62195472867e-12, 3.67164241719e-12, 1.14383138378e-11],
        "dvar2": [6.98383928466e-06, 1.50649775605e-05, 3.99611826651e-06, 7.22044342183e-06, 2.95532601058e-07, 2.30738734786e-07, 6.75853684129e-08, 3.76414249104e-07, 9.78381180516e-08, 7.66768053495e-08, 7.21352861888e-08, 2.22710845321e-08, 2.51044376398e-08, 8.84251605271e-09, 1.74835133038e-08, 1.25212045177e-08, 4.32647917492e-09, 2.72444622418e-09, 5.21963361422e-09, 7.61046003994e-10, 3.17670612038e-10, 3.7102981798e-10, 1.19530896292e-09, 1.03929487238e-09, 1.32616895243e-09, 1.45651168904e-09, 5.2115078919e-10, 1.1944110978e-10, 1.53090831678e-10, 5.90044679782e-11, 2.92766887122e-11, 1.96788401546e-11, 1.29554015085e-11, 9.84580646179e-12, 7.01215734783e-12, 8.8785810301e-12, 1.66607578428e-11, 1.08499528806e-11, 7.57509333038e-12, 3.25502819143e-11],
        "max": [0.0164294578135, 0.022178363055, 0.0105996243656, 0.0154348565266, 0.00518785510212, 0.00358898076229, 0.00284963753074, 0.00633804360405, 0.00438446318731, 0.00219644512981, 0.00266133039258, 0.00208917306736, 0.002597885672, 0.00176279654261, 0.00163032487035, 0.00169353710953, 0.00110018847045, 0.000904084125068, 0.00220843916759, 0.0004632716591, 0.000169570921571, 0.0001799177262, 0.000532685022335, 0.000586850743275, 0.000583469576668, 0.000367619883036, 0.000440472940682, 0.000177249225089, 0.000297397724353, 0.000133821624331, 5.71672026126e-05, 4.27729573858e-05, 5.51711127628e-05, 4.73922991659e-05, 4.1353450797e-05, 3.69541157852e-05, 7.48824531911e-05, 3.65505147784e-05, 4.97426372021e-05, 6.82538448018e-05],
        "mean": [0.000652623479255, 0.000914645497687, 0.0011888013687, 0.00102246645838, 0.000418993033236, 0.00037939401227, 0.000166219673702, 0.000297233375022, 0.000162951095263, 0.000152516920934, 0.000150026477058, 7.03924451955e-05, 6.82268073433e-05, 4.64899276267e-05, 5.82103566558e-05, 6.07746878813e-05, 3.57307362719e-05, 2.39856872213e-05, 2.0731567929e-05, 1.64217708516e-05, 1.31833776322e-05, 1.46473685163e-05, 2.20027995965e-05, 1.89516176761e-05, 2.07800494536e-05, 2.9028078643e-05, 1.50653986566e-05, 6.16143324805e-06, 6.39485369902e-06, 5.13617396791e-06, 3.75241756956e-06, 2.91338051284e-06, 2.36082519223e-06, 1.95744746634e-06, 1.68484325513e-06, 1.52235884343e-06, 1.68090605257e-06, 1.4197347582e-06, 1.05259334759e-06, 1.46683737512e-06],
        "median": [9.42084225244e-05, 0.000233457642025, 0.000720291165635, 0.000526436546352, 0.000250529876212, 0.000210165118915, 8.68401984917e-05, 8.08804034023e-05, 4.00126918976e-05, 6.63290193188e-05, 6.99120137142e-05, 2.8255102734e-05, 1.9627626898e-05, 1.82577041414e-05, 1.32624536491e-05, 1.43751703945e-05, 1.03163001768e-05, 7.07358913132e-06, 5.86487340115e-06, 7.75032640377e-06, 8.24536255095e-06, 8.21121375338e-06, 9.66065908869e-06, 8.56571114127e-06, 8.47634510137e-06, 9.82121036941e-06, 6.26043311058e-06, 3.44481964021e-06, 2.65975290858e-06, 2.12987242776e-06, 1.64634161592e-06, 1.55808209001e-06, 1.28103033603e-06, 9.8878888366e-07, 8.49123409807e-07, 7.294313491e-07, 5.75878175368e-07, 4.56843679331e-07, 3.96638341726e-07, 3.99130300366e-07],
        "min": [1.02360248145e-23, 1.32019146261e-23, 1.11529975195e-23, 7.97511317249e-24, 9.448940424e-24, 1.82347864592e-23, 9.80343952645e-24, 2.53263142811e-24, 1.75477091211e-23, 8.33896895414e-24, 6.36031805495e-24, 1.81642906932e-23, 1.47742682381e-23, 5.85833706753e-24, 7.91593440511e-24, 1.10679030937e-23, 7.75947725519e-24, 1.65591606995e-23, 8.2396064011e-24, 7.74352490997e-24, 9.64962269398e-24, 9.60022106865e-24, 8.31663077989e-24, 5.27163005232e-24, 9.53688027113e-24, 1.41031921547e-23, 1.06542938548e-23, 9.35372333501e-24, 6.37608383457e-24, 1.26312684245e-23, 1.19417353625e-23, 1.05212966393e-23, 8.37362834687e-24, 5.03490591086e-24, 8.53237398227e-24, 8.16807328308e-24, 9.9703703826e-24, 1.11665312172e-23, 1.01273552805e-23, 7.95797990249e-24],
        "var": [2.49153367804e-06, 3.99653981731e-06, 2.0709258024e-06, 2.57505666923e-06, 2.70716839168e-07, 2.29641003102e-07, 5.930573721e-08, 3.05431598235e-07, 1.18859269094e-07, 6.01997030003e-08, 5.6394625858e-08, 1.91796178939e-08, 2.80879746128e-08, 6.73548905539e-09, 1.91301907648e-08, 1.86916242484e-08, 6.09615247171e-09, 3.44767703275e-09, 6.13221784462e-09, 1.03634134607e-09, 2.46758724565e-10, 4.03118399772e-10, 1.43350231685e-09, 1.600242161e-09, 1.28874899641e-09, 2.13132556048e-09, 8.37375002671e-10, 1.10817709176e-10, 2.43348285967e-10, 7.92428553331e-11, 2.53624066193e-11, 1.40647112012e-11, 1.17468699698e-11, 8.69689910366e-12, 6.68369569759e-12, 6.17722973467e-12, 1.45788606881e-11, 8.62176476046e-12, 5.60745243641e-12, 1.46221749986e-11]
    },
    "mfcc": {
        "mean": [-696.897338867, 86.9934082031, -0.0244335457683, 20.7216968536, -3.70977735519, -6.40245485306, 1.61409115791, 2.76235485077, -2.81418991089, -0.965499103069, -1.90346574783, -5.74813556671, -5.79344034195],
        "cov": [[32495.1074219, 6210.48974609, 28.3511428833, 1600.53149414, -61.7878417969, -271.594818115, -54.234210968, -194.983947754, -1182.26062012, -715.357421875, -163.014160156, -458.846984863, -231.131912231], [6210.48974609, 3229.18603516, 173.520080566, 920.165527344, 202.901657104, 95.6712799072, 79.0897674561, 0.829100966454, -359.104888916, -278.455963135, 17.6092300415, -98.5025939941, -105.690002441], [28.3511428833, 173.520080566, 583.21862793, 230.8618927, 189.954437256, 144.837844849, 7.83678007126, 26.8778457642, -17.1533946991, -17.1958713531, 6.56959676743, 10.7221240997, 40.525352478], [1600.53149414, 920.165527344, 230.8618927, 600.935913086, 166.994720459, 96.1352310181, -9.43177700043, 19.3531684875, -102.474411011, -53.0796852112, -1.73687970638, -50.0083122253, -18.0719394684], [-61.7878417969, 202.901657104, 189.954437256, 166.994720459, 243.846282959, 85.626701355, 1.4280244112, 28.8353271484, -34.6012954712, 9.67951965332, -1.41550040245, -24.8524398804, 12.9270420074], [-271.594818115, 95.6712799072, 144.837844849, 96.1352310181, 85.626701355, 169.150985718, 66.7873764038, 27.0179405212, 7.32387161255, -11.4914484024, 10.9271211624, 20.6688556671, 13.63397789], [-54.234210968, 79.0897674561, 7.83678007126, -9.43177700043, 1.4280244112, 66.7873764038, 141.974258423, 47.4734764099, 34.1310043335, -11.8562250137, 18.0019302368, 31.6409091949, -10.4550943375], [-194.983947754, 0.829100966454, 26.8778457642, 19.3531684875, 28.8353271484, 27.0179405212, 47.4734764099, 102.592445374, 60.6764297485, 21.1911621094, 13.5704135895, 10.765422821, 3.6589744091], [-1182.26062012, -359.104888916, -17.1533946991, -102.474411011, -34.6012954712, 7.32387161255, 34.1310043335, 60.6764297485, 188.814147949, 80.7677688599, 2.43320250511, 36.488986969, 5.57527351379], [-715.357421875, -278.455963135, -17.1958713531, -53.0796852112, 9.67951965332, -11.4914484024, -11.8562250137, 21.1911621094, 80.7677688599, 111.667182922, 18.3528995514, 5.6459736824, 5.8497376442], [-163.014160156, 17.6092300415, 6.56959676743, -1.73687970638, -1.41550040245, 10.9271211624, 18.0019302368, 13.5704135895, 2.43320250511, 18.3528995514, 80.1927642822, 32.9469146729, -2.32933521271], [-458.846984863, -98.5025939941, 10.7221240997, -50.0083122253, -24.8524398804, 20.6688556671, 31.6409091949, 10.765422821, 36.488986969, 5.6459736824, 32.9469146729, 77.8046417236, 28.2720890045], [-231.131912231, -105.690002441, 40.525352478, -18.0719394684, 12.9270420074, 13.63397789, -10.4550943375, 3.6589744091, 5.57527351379, 5.8497376442, -2.32933521271, 28.2720890045, 78.0850906372]],
