{
"lowlevel": {
    "average_loudness": 0.96839517355,
    "barkbands_crest": {
        "dmean": 2.06123590469,
        "dmean2": 3.39451527596,
        "dvar": 4.38248920441,
        "dvar2": 11.5941057205,
        "max": 24.1895160675,
        "mean": 7.25009059906,
        "median": 6.53566598892,
        "min": 2.05807256699,
        "var": 10.0760593414
    },
    "barkbands_flatness_db": {
        "dmean": 0.0168392267078,
        "dmean2": 0.0262025166303,
        "dvar": 0.000348614092218,
        "dvar2": 0.000943566148635,
        "max": 0.226351335645,
        "mean": 0.0838558971882,
        "median": 0.0799092203379,
        "min": 0.0209434125572,
        "var": 0.000853304052725
    },
    "barkbands_kurtosis": {
        "dmean": 1.23694252968,
        "dmean2": 2.11185789108,
        "dvar": 8.32860946655,
        "dvar2": 22.0915412903,
        "max": 67.1716842651,
        "mean": 0.0864846557379,
        "median": -0.818378686905,
        "min": -1.88423287868,
        "var": 9.50538253784
    },
    "barkbands_skewness": {
        "dmean": 0.473865479231,
        "dmean2": 0.756065189838,
        "dvar": 0.363412827253,
        "dvar2": 0.980637490749,
        "max": 7.86694765091,
        "mean": 0.698730826378,
        "median": 0.55488717556,
        "min": -1.77166235447,
        "var": 0.746370434761
    },
    "barkbands_spread": {
        "dmean": 6.61739444733,
        "dmean2": 10.1787090302,
        "dvar": 51.7868995667,
        "dvar2": 123.899078369,
        "max": 108.654655457,
        "mean": 38.0359420776,
        "median": 37.8383255005,
        "min": 5.77471113205,
        "var": 169.442123413
    },
    "dissonance": {
        "dmean": 0.008191652596,
        "dmean2": 0.0139434924349,
        "dvar": 7.51733823563e-05,
        "dvar2": 0.000201454793569,
        "max": 0.500000059605,
        "mean": 0.483856528997,
        "median": 0.486497998238,
        "min": 0.385598748922,
        "var": 0.000131980719743
    },
    "dynamic_complexity": 2.41964650154,
    "erbbands_crest": {
        "dmean": 1.65613412857,
        "dmean2": 2.76409077644,
        "dvar": 3.01146793365,
        "dvar2": 7.75046443939,
        "max": 20.5501155853,
        "mean": 6.30423021317,
        "median": 5.52001523972,
        "min": 2.18957805634,
        "var": 7.66708087921
    },
    "erbbands_flatness_db": {
        "dmean": 0.0159117169678,
        "dmean2": 0.0227676872164,
        "dvar": 0.000297247897834,
        "dvar2": 0.000588201452047,
        "max": 0.277396529913,
        "mean": 0.128021046519,
        "median": 0.124497704208,
        "min": 0.0335041098297,
        "var": 0.00111912097782
    },
    "erbbands_kurtosis": {
        "dmean": 0.627680659294,
        "dmean2": 0.999775052071,
        "dvar": 0.641959071159,
        "dvar2": 1.63922405243,
        "max": 10.4266834259,
        "mean": -0.000943218939938,
        "median": -0.326470375061,
        "min": -1.52422237396,
        "var": 1.55856561661
    },
    "erbbands_skewness": {
        "dmean": 0.255537807941,
        "dmean2": 0.395475536585,
        "dvar": 0.0649445131421,
        "dvar2": 0.151118978858,
        "max": 2.51466155052,
        "mean": -0.420055985451,
        "median": -0.435368984938,
        "min": -2.56284332275,
        "var": 0.296117693186
    },
    "erbbands_spread": {
        "dmean": 8.12312507629,
        "dmean2": 12.9807167053,
        "dvar": 73.5614471436,
        "dvar2": 181.704727173,
        "max": 109.911460876,
        "mean": 44.0842208862,
        "median": 42.4833259583,
        "min": 7.67305088043,
        "var": 260.077270508
    },
    "hfc": {
        "dmean": 8.0771856308,
        "dmean2": 10.9065380096,
        "dvar": 141.465744019,
        "dvar2": 287.653411865,
        "max": 182.524520874,
        "mean": 24.8236045837,
        "median": 18.3485622406,
        "min": 1.21139568387e-16,
        "var": 447.024993896
    },
    "melbands_crest": {
        "dmean": 3.16946482658,
        "dmean2": 5.24153327942,
        "dvar": 11.1391439438,
        "dvar2": 30.1157226562,
        "max": 35.7131576538,
        "mean": 11.9902105331,
        "median": 11.1700410843,
        "min": 2.13285398483,
        "var": 22.1850185394
    },
    "melbands_flatness_db": {
        "dmean": 0.023250611499,
        "dmean2": 0.0366212390363,
        "dvar": 0.000872802454978,
        "dvar2": 0.00235558138229,
        "max": 0.307092815638,
        "mean": 0.120096229017,
        "median": 0.113060601056,
        "min": 0.00970618147403,
        "var": 0.00200199405663
    },
    "melbands_kurtosis": {
        "dmean": 4.84311962128,
        "dmean2": 8.23676395416,
        "dvar": 106.810562134,
        "dvar2": 297.519622803,
        "max": 180.820648193,
        "mean": 6.14866352081,
        "median": 2.81320667267,
        "min": -1.71032214165,
        "var": 115.279388428
    },
    "melbands_skewness": {
        "dmean": 0.704042732716,
        "dmean2": 1.14792859554,
        "dvar": 0.964216291904,
        "dvar2": 2.6151599884,
        "max": 11.8819828033,
        "mean": 2.0672390461,
        "median": 1.82790482044,
        "min": -0.558236598969,
        "var": 1.68725407124
    },
    "melbands_spread": {
        "dmean": 11.5168027878,
        "dmean2": 17.8894081116,
        "dvar": 165.167892456,
        "dvar2": 391.08706665,
        "max": 187.55116272,
        "mean": 46.0118103027,
        "median": 44.7100486755,
        "min": 2.88471722603,
        "var": 498.086883545
    },
    "pitch_salience": {
        "dmean": 0.0659911036491,
        "dmean2": 0.107695579529,
        "dvar": 0.00532455183566,
        "dvar2": 0.0138612836599,
        "max": 0.846494078636,
        "mean": 0.638918995857,
        "median": 0.655206382275,
        "min": 0.172392323613,
        "var": 0.00839320849627
    },
    "silence_rate_20dB": {
        "dmean": 0,
        "dmean2": 0,
        "dvar": 0,
        "dvar2": 0,
        "max": 1,
        "mean": 1,
        "median": 1,
        "min": 1,
        "var": 0
    },
    "silence_rate_30dB": {
        "dmean": 0,
        "dmean2": 0,
        "dvar": 0,
        "dvar2": 0,
        "max": 1,
        "mean": 1,
        "median": 1,
        "min": 1,
        "var": 0
    },
    "silence_rate_60dB": {
        "dmean": 0.0185758508742,
        "dmean2": 0.0367789380252,
        "dvar": 0.0182301346213,
        "dvar2": 0.0439420416951,
        "max": 1,
        "mean": 0.0305609293282,
        "median": 0,
        "min": 0,
        "var": 0.0296267531812
    },
    "spectral_centroid": {
        "dmean": 273.24307251,
        "dmean2": 423.583465576,
        "dvar": 98148.7734375,
        "dvar2": 215043.421875,
        "max": 11374.9873047,
        "mean": 2106.80004883,
        "median": 2169.50415039,
        "min": 573.157470703,
        "var": 306990.03125
    },
    "spectral_complexity": {
        "dmean": 4.73219823837,
        "dmean2": 6.89818048477,
        "dvar": 25.4135246277,
        "dvar2": 42.8331222534,
        "max": 59,
        "mean": 25.5613155365,
        "median": 25,
        "min": 0,
        "var": 133.589416504
    },
    "spectral_decrease": {
        "dmean": 2.23609109007e-09,
        "dmean2": 3.74454423024e-09,
        "dvar": 1.99924144293e-17,
        "dvar2": 5.32355740574e-17,
        "max": -4.78778149436e-29,
        "mean": -3.94453536501e-09,
        "median": -2.50693799053e-09,
        "min": -3.33505951744e-08,
        "var": 1.83075385114e-17
    },
    "spectral_energy": {
        "dmean": 0.00903710536659,
        "dmean2": 0.0149133149534,
        "dvar": 0.000306309142616,
        "dvar2": 0.000808379380032,
        "max": 0.132986426353,
        "mean": 0.0171391684562,
        "median": 0.0112112350762,
        "min": 1.11684238018e-20,
        "var": 0.000304274784867
    },
    "spectral_energyband_high": {
        "dmean": 0.000569573137909,
        "dmean2": 0.000772247498389,
        "dvar": 1.08990536773e-06,
        "dvar2": 2.17467277253e-06,
        "max": 0.0193801503628,
        "mean": 0.00141817890108,
        "median": 0.000889700197149,
        "min": 7.70754777873e-21,
        "var": 2.58504587691e-06
    },
    "spectral_energyband_low": {
        "dmean": 0.0048095388338,
        "dmean2": 0.00876726023853,
        "dvar": 0.0002112526563,
        "dvar2": 0.000590279581957,
        "max": 0.0964481011033,
        "mean": 0.00381427374668,
        "median": 0.00109682301991,
        "min": 1.14652400254e-22,
        "var": 0.000129191685119
    },
    "spectral_energyband_middle_high": {
        "dmean": 0.00176447292324,
        "dmean2": 0.0025638982188,
        "dvar": 8.44062742544e-06,
        "dvar2": 1.71107203641e-05,
        "max": 0.0503822937608,
        "mean": 0.00571614317596,
        "median": 0.00347014097497,
        "min": 1.8543868662e-21,
        "var": 3.77436917915e-05
    },
    "spectral_energyband_middle_low": {
        "dmean": 0.00370810413733,
        "dmean2": 0.00616314355284,
        "dvar": 6.33909803582e-05,
        "dvar2": 0.000166151454323,
        "max": 0.0835154205561,
        "mean": 0.00689227785915,
        "median": 0.00482740020379,
        "min": 2.55002278973e-22,
        "var": 6.06804969721e-05
    },
    "spectral_entropy": {
        "dmean": 0.094008423388,
        "dmean2": 0.132444813848,
        "dvar": 0.00924884248525,
        "dvar2": 0.0160062499344,
        "max": 9.79864406586,
        "mean": 7.97486782074,
        "median": 7.9829249382,
        "min": 7.15172529221,
        "var": 0.0607352107763
    },
    "spectral_flux": {
        "dmean": 0.0264620240778,
        "dmean2": 0.0394499227405,
        "dvar": 0.00160710013006,
        "dvar2": 0.00280982186086,
        "max": 0.315477997065,
        "mean": 0.0762698724866,
        "median": 0.0579101704061,
        "min": 1.05680762752e-10,
        "var": 0.00295128673315
    },
    "spectral_kurtosis": {
        "dmean": 0.848681211472,
        "dmean2": 1.36526656151,
        "dvar": 0.770023703575,
        "dvar2": 2.06550049782,
        "max": 12.4700860977,
        "mean": 3.51593399048,
        "median": 3.2415766716,
        "min": -1.1688439846,
        "var": 2.97640132904
    },
    "spectral_rms": {
        "dmean": 0.000844613881782,
        "dmean2": 0.00130765873473,
        "dvar": 1.82653025149e-06,
        "dvar2": 4.54582277598e-06,
        "max": 0.011390471831,
        "mean": 0.00373581098393,
        "median": 0.00330723309889,
        "min": 3.30091249473e-12,
        "var": 2.76483660855e-06
    },
    "spectral_rolloff": {
        "dmean": 749.796081543,
        "dmean2": 1175.29699707,
        "dvar": 1202701.25,
        "dvar2": 2524644.75,
        "max": 19121.484375,
        "mean": 3168.66113281,
        "median": 2971.58203125,
        "min": 21.533203125,
        "var": 3787217.5
    },
    "spectral_skewness": {
        "dmean": 0.150263607502,
        "dmean2": 0.226061478257,
        "dvar": 0.0239378102124,
        "dvar2": 0.047643173486,
        "max": 2.68571376801,
        "mean": 1.29681169987,
        "median": 1.2726418972,
        "min": -0.015169641003,
        "var": 0.0833241119981
    },
    "spectral_spread": {
        "dmean": 580966.8125,
        "dmean2": 784533.75,
        "dvar": 790713532416,
        "dvar2": 1.13650119475e+12,
        "max": 40407612,
        "mean": 4947837.5,
        "median": 4699800,
        "min": 2189942.25,
        "var": 2.81638469632e+12
    },
    "spectral_strongpeak": {
        "dmean": 0.493075668812,
        "dmean2": 0.852340579033,
        "dvar": 0.940439581871,
        "dvar2": 2.48940372467,
        "max": 11.5791873932,
        "mean": 0.767909824848,
        "median": 0.386985898018,
        "min": 0,
        "var": 1.33490264416
    },
    "zerocrossingrate": {
        "dmean": 0.0155121888965,
        "dmean2": 0.0169796347618,
        "dvar": 0.000258182437392,
        "dvar2": 0.000308026035782,
        "max": 0.48388671875,
        "mean": 0.109272055328,
        "median": 0.103515625,
        "min": 0.0224609375,
        "var": 0.00221933820285
    },
    "barkbands": {
        "dmean": [5.81868243898e-06, 0.00184690393507, 0.00252259802073, 0.00151360908058, 0.00155583571177, 0.000445323035819, 0.00069814332528, 0.000212011582335, 0.000350288115442, 0.000383976846933, 0.000165479548741, 0.000281290151179, 0.00024993729312, 0.000335296645062, 0.000413602479966, 0.000230249279412, 0.000344067753758, 0.000352380127879, 0.000336443510605, 0.000152329623234, 0.000146462829434, 0.0001218794132, 9.34810159379e-05, 7.8255245171e-05, 0.000103702979686, 6.96278875694e-05, 2.44096827373e-05],
        "dmean2": [9.07254343474e-06, 0.00339308613911, 0.0047521321103, 0.00265025394037, 0.00259000156075, 0.000714004505426, 0.00118836306501, 0.000342730258126, 0.000538278487511, 0.000589797098655, 0.0002579028951, 0.000454168504803, 0.000403329147957, 0.000534307037015, 0.000663615472149, 0.000374876224669, 0.00055294384947, 0.000558673171327, 0.000517666281667, 0.000248155090958, 0.000235789950239, 0.000183323820238, 0.000136341812322, 0.000108826228825, 0.000139144380228, 0.000104540245957, 3.76013886125e-05],
        "dvar": [2.44750442135e-10, 3.49608708348e-05, 6.49648500257e-05, 1.07162068161e-05, 1.37324259413e-05, 8.66542109179e-07, 3.14836688631e-06, 3.69773346165e-07, 1.21659161323e-06, 1.10948496967e-06, 3.26296685671e-07, 1.27610803702e-06, 4.18023091697e-07, 6.92335845542e-07, 8.37638140183e-07, 1.18244884106e-07, 3.29215197326e-07, 3.52971369466e-07, 3.18476111261e-07, 6.94165507298e-08, 9.79652412525e-08, 4.84259032874e-08, 3.49656126275e-08, 2.63751829266e-08, 9.1502393218e-08, 1.78057248945e-08, 2.34371144714e-09],
        "dvar2": [5.72651537301e-10, 9.73614660325e-05, 0.000186766119441, 2.93635312119e-05, 3.65276027878e-05, 2.08915798794e-06, 8.66486152518e-06, 9.20192235299e-07, 3.07107143271e-06, 2.57215378952e-06, 8.25177039587e-07, 2.94619690067e-06, 9.9388421404e-07, 1.77915694621e-06, 2.12467057281e-06, 3.01748798393e-07, 8.61224577875e-07, 8.06096124961e-07, 7.87932322055e-07, 1.77348923103e-07, 2.53101774206e-07, 1.13575822525e-07, 7.4621006263e-08, 4.66602259053e-08, 1.55765135901e-07, 4.12522851434e-08, 5.51944445704e-09],
        "max": [0.000238604363403, 0.0464583933353, 0.0572892874479, 0.0297244880348, 0.0444167777896, 0.0216121356934, 0.0200792420655, 0.0116067407653, 0.0382617749274, 0.0252802949399, 0.0155938006938, 0.022550072521, 0.0119575392455, 0.0161276515573, 0.0165883656591, 0.00626681838185, 0.0134771093726, 0.0157005358487, 0.0142596997321, 0.00331460358575, 0.00403462350368, 0.00401191972196, 0.00398924946785, 0.00489840190858, 0.00839701294899, 0.0013830747921, 0.000457804271718],
        "mean": [4.80911830891e-06, 0.00132587656844, 0.00189602281898, 0.00154291349463, 0.00254783895798, 0.00071447622031, 0.000857319741044, 0.000323940708768, 0.000674788199831, 0.000634113384876, 0.000259183667367, 0.000407827668823, 0.000384366110666, 0.000575446290895, 0.000698659569025, 0.000439355353592, 0.000718956114724, 0.000775785010774, 0.000783144903835, 0.000324524677126, 0.00030312105082, 0.000272898643743, 0.000198980473215, 0.000178944988875, 0.000184952295967, 8.6552267021e-05, 2.43492158916e-05],
        "median": [3.35096046911e-07, 0.000228868055274, 0.00046803400619, 0.000626105349511, 0.00162073469255, 0.000401851080824, 0.000338256795658, 0.000155258821906, 0.000341962731909, 0.000297981401673, 5.47469244339e-05, 0.000120725169836, 0.000147243757965, 0.000172586587723, 0.000274088291917, 0.000310643808916, 0.00046462303726, 0.000381463294616, 0.00048895785585, 0.000206841679756, 0.000181747687748, 0.000142447490362, 9.55267241807e-05, 0.000105326747871, 8.11154241092e-05, 2.21044010686e-05, 1.67852931554e-06],
        "min": [1.33327156528e-24, 8.81034379504e-23, 2.14377684159e-23, 9.93281823693e-24, 2.03189364604e-23, 3.99683508933e-23, 2.92728043463e-23, 8.55129197119e-23, 6.45574734752e-23, 2.14429512321e-23, 3.54362313968e-23, 3.14220653489e-23, 8.70947499099e-23, 1.927817018e-22, 1.83779132797e-22, 2.28123200469e-22, 2.92174465056e-22, 2.52990115685e-22, 3.36551513424e-22, 4.51093687722e-22, 3.96065603495e-22, 5.52797371668e-22, 8.87843082153e-22, 9.00651860847e-22, 1.21099988887e-21, 1.40587392747e-21, 2.35997779156e-21],
        "var": [2.31449442945e-10, 2.12663926504e-05, 3.68738474208e-05, 7.9158689914e-06, 1.28306028273e-05, 1.24080497699e-06, 2.84064981315e-06, 4.95201106787e-07, 2.55410213867e-06, 1.7096629108e-06, 8.03220530088e-07, 2.17444539885e-06, 7.45804015878e-07, 1.76450373601e-06, 1.84665850611e-06, 2.07529964769e-07, 7.40623647744e-07, 1.06282743673e-06, 8.17691557131e-07, 1.2253156001e-07, 1.29812917748e-07, 1.09700756923e-07, 7.97570294253e-08, 8.00861386097e-08, 1.92932503751e-07, 2.47059990244e-08, 2.81750045517e-09]
    },
    "erbbands": {
        "dmean": [0.0233659315854, 0.539083361626, 2.6411819458, 4.0076622963, 6.84315061569, 4.07032966614, 3.03566193581, 3.8076210022, 8.1057844162, 9.05867004395, 4.29012346268, 8.62330532074, 9.90125083923, 10.0831003189, 9.30685329437, 9.7236995697, 11.5521783829, 15.6570644379, 21.5225925446, 14.2732925415, 12.188542366, 18.2277889252, 20.529296875, 16.2946205139, 13.8435173035, 6.67979621887, 6.80083417892, 5.58035707474, 4.29960250854, 3.7206966877, 2.49643754959, 1.87996387482, 1.21550548077, 1.20362603664, 0.715369701385, 0.321294665337, 0.12325488776, 0.0331413410604, 0.00451480131596, 0.000162642128998],
        "dmean2": [0.0417671948671, 0.993294596672, 4.95382452011, 7.3064622879, 11.5896759033, 6.7653465271, 4.94973564148, 6.10110235214, 13.4012022018, 15.8094348907, 6.68288135529, 13.0797958374, 15.4164714813, 15.5691766739, 14.7416639328, 15.7320766449, 18.6081008911, 25.0427932739, 34.2007675171, 23.4486045837, 19.8097801208, 28.9486694336, 32.1721878052, 24.9514865875, 21.4370517731, 10.5422773361, 11.2470655441, 9.0060300827, 6.54345178604, 5.53043651581, 3.64680194855, 2.69642734528, 1.66377174854, 1.63937830925, 0.975615441799, 0.483510345221, 0.186632677913, 0.0505890063941, 0.00694728642702, 0.000254059967119],
        "dvar": [0.00512795196846, 2.98373627663, 70.6437683105, 103.440727234, 310.767913818, 71.2051925659, 31.2381324768, 80.9468002319, 308.241485596, 725.023925781, 191.689498901, 838.644348145, 530.91027832, 1291.82824707, 1071.97729492, 1266.02111816, 903.680358887, 1744.74047852, 2357.35107422, 910.532043457, 270.488342285, 790.302856445, 1220.26879883, 905.255310059, 392.915863037, 129.620544434, 233.779846191, 121.80872345, 67.0050735474, 53.9095954895, 25.269777298, 14.1491632462, 6.92279624939, 14.9016094208, 3.44374966621, 0.433451265097, 0.0571527741849, 0.00448966631666, 8.08844342828e-05, 1.02571171112e-07],
        "dvar2": [0.0138568310067, 8.35551071167, 202.417144775, 294.691894531, 801.217651367, 196.194229126, 84.2260665894, 181.666030884, 813.687988281, 1932.90307617, 469.732574463, 1903.53625488, 1366.23876953, 2908.7565918, 2744.17016602, 2913.94506836, 2224.56274414, 4563.91308594, 5718.00683594, 2396.05102539, 685.443603516, 1972.19006348, 2879.23291016, 2196.05102539, 920.371398926, 319.696258545, 623.380004883, 307.087615967, 160.909317017, 120.78351593, 51.7008628845, 25.4174079895, 11.8440551758, 26.381155014, 6.13160181046, 0.97941327095, 0.131793513894, 0.0106011610478, 0.000188285906916, 2.47077622362e-07],
        "max": [0.497127234936, 13.5346908569, 55.5117378235, 89.1579360962, 189.594070435, 116.761505127, 89.0714263916, 241.578735352, 156.826675415, 504.644195557, 345.298248291, 1132.72961426, 491.685058594, 1034.68310547, 741.191223145, 733.774475098, 622.379638672, 831.741516113, 1000.53204346, 610.894714355, 206.423858643, 512.610107422, 934.489807129, 694.610717773, 277.679779053, 124.888366699, 217.316818237, 172.071609497, 152.732131958, 114.114227295, 136.268264771, 109.738899231, 72.8012313843, 122.827445984, 48.9135322571, 9.86697864532, 2.38977432251, 0.832106173038, 0.0927671268582, 0.00264615681954],
        "mean": [0.0161752980202, 0.393467605114, 2.04623985291, 3.58104372025, 8.72579669952, 7.45889902115, 5.51436710358, 6.06598377228, 10.9465799332, 10.8416042328, 7.71404981613, 16.3100166321, 18.2003116608, 16.0273284912, 15.737203598, 15.790060997, 18.2450428009, 28.1905155182, 38.6426734924, 26.5788383484, 26.5716304779, 40.7965774536, 46.7642631531, 39.0922431946, 32.2404785156, 15.0928964615, 13.5908651352, 11.7865085602, 9.37904930115, 8.01985359192, 5.32811737061, 4.14761590958, 2.71642994881, 2.30407857895, 1.17314708233, 0.418956309557, 0.152694910765, 0.0368023887277, 0.00454826559871, 0.000172387764906],
        "median": [0.00150831730571, 0.0797027498484, 0.565194487572, 1.42056417465, 4.45810270309, 4.59826850891, 3.16513562202, 3.39733743668, 4.38790464401, 4.96237134933, 4.17102861404, 8.25588226318, 10.5821971893, 5.62811374664, 3.15008306503, 5.6804523468, 7.03401279449, 7.81914949417, 15.0601015091, 13.676071167, 20.0224971771, 26.9922847748, 24.266500473, 21.3782081604, 21.7580604553, 10.1038570404, 8.71536540985, 6.63559675217, 4.97895812988, 3.46718978882, 2.73092651367, 2.4540104866, 1.59535074234, 1.10095012188, 0.465655177832, 0.132744416595, 0.0348631329834, 0.00589699810371, 0.000288031209493, 3.46236993209e-05],
        "min": [1.97366647209e-21, 2.10791130199e-20, 3.51038552926e-20, 2.31856641591e-20, 3.27372689419e-20, 5.87476207991e-20, 3.69267513363e-19, 2.06515747037e-19, 3.61494419599e-19, 1.44770462472e-18, 1.09321616642e-18, 1.48922826429e-18, 1.11803758185e-18, 1.34579638684e-18, 1.2427562557e-18, 1.00733817182e-18, 4.11300091315e-18, 8.50637304055e-18, 9.66384935324e-18, 8.95859764452e-18, 1.74017046031e-17, 1.38667912688e-17, 1.57744765565e-17, 1.43730142231e-17, 1.70834104665e-17, 2.15617084002e-17, 1.47649390148e-17, 1.77926831002e-17, 1.65017502946e-17, 2.58639243969e-17, 2.62560361314e-17, 1.50169941823e-17, 1.64080621641e-17, 1.35812576203e-17, 8.79779869652e-18, 4.41966158164e-18, 2.84316348798e-18, 1.25297276344e-18, 3.13469424758e-19, 3.61559450212e-20],
        "var": [0.0033691294957, 1.79156410694, 40.4529457092, 62.4489593506, 258.037200928, 84.4697113037, 54.1804084778, 110.834709167, 374.495483398, 609.427490234, 287.985809326, 1749.6829834, 836.72265625, 1933.65612793, 2535.15405273, 2143.19067383, 1565.91894531, 4491.57617188, 5498.51660156, 1941.0234375, 575.212890625, 2068.40966797, 3675.77441406, 2554.0065918, 1046.57800293, 243.793426514, 265.787994385, 194.664505005, 129.632858276, 131.437759399, 60.8048591614, 42.0003929138, 20.3206386566, 29.716211319, 7.19782400131, 0.633323550224, 0.0802368223667, 0.00556728756055, 9.84080979833e-05, 1.13842958172e-07]
    },
    "gfcc": {
        "mean": [15.6381635666, 49.3884925842, -123.655975342, 35.9568099976, -57.3888587952, 1.84348082542, -47.8844070435, 7.27281713486, -31.4555454254, -5.12268400192, -26.7592334747, -5.38357448578, -17.2990875244],
        "cov": [[9548.5625, -229.780715942, -389.459228516, 106.720939636, -164.923538208, 36.8594703674, -193.977081299, 47.4777374268, -151.338043213, -22.8698444366, -168.367355347, -56.207901001, -225.209854126], [-229.780715942, 872.942504883, -357.624664307, 153.100662231, 28.3934879303, -76.128692627, 89.1573410034, -21.6732196808, 22.8890171051, -29.7829284668, 34.3010673523, -36.7144012451, 37.3000259399], [-389.459228516, -357.624664307, 693.84387207, -73.9394760132, 183.694854736, 11.8414812088, 14.4074230194, 38.9085159302, -4.71408319473, 28.267206192, -21.0177688599, 20.0537223816, -1.73133349419], [106.720939636, 153.100662231, -73.9394760132, 253.168289185, -52.9598388672, 56.6494369507, -62.6745910645, 35.1679420471, 35.9236450195, -25.5009651184, 5.87305641174, -35.5987129211, 23.9144954681], [-164.923538208, 28.3934879303, 183.694854736, -52.9598388672, 318.036865234, -55.2626609802, 138.049987793, 9.50702095032, 16.5175704956, 39.0819969177, 18.5169849396, 35.9176940918, -10.7512130737], [36.8594703674, -76.128692627, 11.8414812088, 56.6494369507, -55.2626609802, 244.916656494, -4.2200627327, 39.9657211304, -13.0562162399, -5.73888587952, 2.79907298088, -17.4331359863, 19.6141662598], [-193.977081299, 89.1573410034, 14.4074230194, -62.6745910645, 138.049987793, -4.2200627327, 190.640426636, 6.70454454422, 14.4345464706, 36.3369598389, 4.4510140419, 32.7862358093, -4.40530967712], [47.4777374268, -21.6732196808, 38.9085159302, 35.1679420471, 9.50702095032, 39.9657211304, 6.70454454422, 91.4713745117, 31.9407596588, 7.78739452362, 7.82344865799, -8.48009204865, 12.5821294785], [-151.338043213, 22.8890171051, -4.71408319473, 35.9236450195, 16.5175704956, -13.0562162399, 14.4345464706, 31.9407596588, 75.684715271, 22.6262722015, 18.9376430511, -1.28677511215, -0.372597336769], [-22.8698444366, -29.7829284668, 28.267206192, -25.5009651184, 39.0819969177, -5.73888587952, 36.3369598389, 7.78739452362, 22.6262722015, 62.897693634, 11.5331907272, 16.8411655426, -5.74433469772], [-168.367355347, 34.3010673523, -21.0177688599, 5.87305641174, 18.5169849396, 2.79907298088, 4.4510140419, 7.82344865799, 18.9376430511, 11.5331907272, 62.541343689, 17.275308609, 2.60245418549], [-56.207901001, -36.7144012451, 20.0537223816, -35.5987129211, 35.9176940918, -17.4331359863, 32.7862358093, -8.48009204865, -1.28677511215, 16.8411655426, 17.275308609, 56.7808189392, -2.44902658463], [-225.209854126, 37.3000259399, -1.73133349419, 23.9144954681, -10.7512130737, 19.6141662598, -4.40530967712, 12.5821294785, -0.372597336769, -5.74433469772, 2.60245418549, -2.44902658463, 59.6855049133]],
        "icov": [[0.000144705176353, 3.73328912247e-05, 0.00015592861746, -0.000130150248879, -9.76029987214e-05, 1.19136138892e-05, 0.000183654861758, -0.000357042852556, 0.000454769615317, -0.000210264726775, 0.000392541202018, -8.37577317725e-05, 0.000608728441875], [3.73328912247e-05, 0.00242796866223, 0.0010208816966, -0.00170655921102, -0.000301928987028, 0.00123478367459, -0.00209388509393, 0.000565276830457, 0.000872037606314, 0.000713834713679, -0.00159333320335, 0.00228275195695, -0.00115967856254], [0.00015592861746, 0.0010208816966, 0.00268185115419, -7.65334771131e-05, -0.00203252700157, -5.22144728166e-05, 0.000924375082832, -0.00109020317905, 0.000722201133613, -0.000369790388504, 0.00125902611762, 0.000132273024064, -7.26355938241e-05], [-0.000130150248879, -0.00170655921102, -7.65334771131e-05, 0.00725889531896, -0.000601685722359, -0.00226423819549, 0.00344835664146, -0.000782612187322, -0.00460411095992, 0.00175710394979, 0.00115946377628, -0.000106681109173, -0.00119463249575], [-9.76029987214e-05, -0.000301928987028, -0.00203252700157, -0.000601685722359, 0.00670738890767, 0.00159465591423, -0.00469423038885, 4.16795919591e-05, 0.000527602329385, -0.000504283350892, -0.00252387742512, -4.13269663113e-05, 0.000394542556023], [1.19136138892e-05, 0.00123478367459, -5.22144728166e-05, -0.00226423819549, 0.00159465591423, 0.00612174393609, -0.00283629354089, -0.0020876112394, 0.00363175477833, -0.000484457938001, -0.00238981633447, 0.00251010712236, -0.00113153539132], [0.000183654861758, -0.00209388509393, 0.000924375082832, 0.00344835664146, -0.00469423038885, -0.00283629354089, 0.0124067822471, -0.00156461994629, -0.00226035481319, -0.00283373612911, 0.00508937286213, -0.0053407936357, 0.00125085038599], [-0.000357042852556, 0.000565276830457, -0.00109020317905, -0.000782612187322, 4.16795919591e-05, -0.0020876112394, -0.00156461994629, 0.0165061093867, -0.00738528184593, 0.000896939716768, -0.0019075111486, 0.00257822847925, -0.004090892151], [0.000454769615317, 0.000872037606314, 0.000722201133613, -0.00460411095992, 0.000527602329385, 0.00363175477833, -0.00226035481319, -0.00738528184593, 0.0236401446164, -0.00762522034347, -0.00457025691867, 0.00317625142634, 0.00307159195654], [-0.000210264726775, 0.000713834713679, -0.000369790388504, 0.00175710394979, -0.000504283350892, -0.000484457938001, -0.00283373612911, 0.000896939716768, -0.00762522034347, 0.0227061621845, -0.00206749746576, -0.00285980617628, -0.00017359413323], [0.000392541202018, -0.00159333320335, 0.00125902611762, 0.00115946377628, -0.00252387742512, -0.00238981633447, 0.00508937286213, -0.0019075111486, -0.00457025691867, -0.00206749746576, 0.0232086591423, -0.0092052416876, 0.00154015677981], [-8.37577317725e-05, 0.00228275195695, 0.000132273024064, -0.000106681109173, -4.13269663113e-05, 0.00251010712236, -0.0053407936357, 0.00257822847925, 0.00317625142634, -0.00285980617628, -0.0092052416876, 0.0267818700522, -0.00222120038234], [0.000608728441875, -0.00115967856254, -7.26355938241e-05, -0.00119463249575, 0.000394542556023, -0.00113153539132, 0.00125085038599, -0.004090892151, 0.00307159195654, -0.00017359413323, 0.00154015677981, -0.00222120038234, 0.0214944779873]]
    },
    "melbands": {
        "dmean": [0.000361744547263, 0.00117531302385, 0.000813141523395, 0.000397778057959, 0.00010958686471, 8.5532432422e-05, 0.000132427827339, 8.68108982104e-05, 3.73517541448e-05, 5.41055051144e-05, 5.05505631736e-05, 4.38866663899e-05, 2.57939063886e-05, 3.44492254953e-05, 2.50006050919e-05, 2.35535389947e-05, 3.28328933392e-05, 3.52928800567e-05, 2.68025924015e-05, 1.63974873431e-05, 1.58567436301e-05, 1.97382378246e-05, 2.17634969886e-05, 1.78966274689e-05, 1.44808363984e-05, 1.41243217513e-05, 6.65995321469e-06, 4.67775589641e-06, 4.97303426528e-06, 3.49287847712e-06, 3.48410776496e-06, 2.62266189566e-06, 2.45519186137e-06, 2.21383493226e-06, 1.58840305176e-06, 1.30096270823e-06, 1.15962188829e-06, 7.96955248461e-07, 1.05942967821e-06, 1.05848903331e-06],
        "dmean2": [0.000661198107991, 0.00217775604688, 0.00144644815009, 0.000663288345095, 0.000178175279871, 0.000136343820486, 0.000221584457904, 0.000150418461999, 5.74257283006e-05, 8.2845443103e-05, 7.92482533143e-05, 6.78369542584e-05, 4.10085558542e-05, 5.53567078896e-05, 4.04117017752e-05, 3.69936497009e-05, 5.30154866283e-05, 5.54414618819e-05, 4.28822349932e-05, 2.74384656223e-05, 2.60558717855e-05, 3.17678386637e-05, 3.47675195371e-05, 2.84725738311e-05, 2.25981511903e-05, 2.20029123739e-05, 1.0545866644e-05, 7.64077685744e-06, 8.39651511342e-06, 5.73691113459e-06, 5.68730547457e-06, 4.13556927015e-06, 3.70678003492e-06, 3.40970063917e-06, 2.3855282052e-06, 1.93695973394e-06, 1.6939153511e-06, 1.15366879072e-06, 1.49988431986e-06, 1.48030085256e-06],
        "dvar": [1.31312469875e-06, 1.37772740345e-05, 3.31174555868e-06, 9.57264091994e-07, 3.80376548037e-08, 3.72731179255e-08, 9.2034007082e-08, 6.36612398353e-08, 1.55663109069e-08, 3.5612753635e-08, 1.43830209964e-08, 2.47050717661e-08, 7.5335169214e-09, 2.06220853727e-08, 7.37443839327e-09, 4.00068822515e-09, 8.40697733651e-09, 6.59197407771e-09, 3.99398425444e-09, 9.09460118326e-10, 4.58629523248e-10, 7.97066523894e-10, 1.50817358602e-09, 1.14946085983e-09, 7.80110531728e-10, 4.44721787174e-10, 1.1930824384e-10, 6.81852352358e-11, 1.21605642223e-10, 5.13485538811e-11, 4.45419118256e-11, 2.41560833836e-11, 2.12562224766e-11, 1.95960626198e-11, 1.04969305817e-11, 6.5891497987e-12, 5.68932964976e-12, 2.42705920465e-12, 9.06412705309e-12, 1.11945392192e-11],
        "dvar2": [3.61720776709e-06, 3.9109512727e-05, 9.12163341127e-06, 2.53867324318e-06, 1.03772009652e-07, 8.52432648912e-08, 2.47772931061e-07, 1.68347213503e-07, 3.81670268723e-08, 8.38435028072e-08, 3.75179673995e-08, 5.58961197328e-08, 1.94648208662e-08, 4.59970301847e-08, 1.97561398352e-08, 9.04201780116e-09, 2.21850324778e-08, 1.56695492137e-08, 1.01927719598e-08, 2.36677566434e-09, 1.19974608026e-09, 1.98978500343e-09, 3.75054520774e-09, 2.74953371182e-09, 1.97843119665e-09, 1.04379804799e-09, 3.02403962982e-10, 1.7493050064e-10, 3.25937360435e-10, 1.32853769652e-10, 1.14023637754e-10, 5.93126728288e-11, 4.99225834283e-11, 4.62327953699e-11, 2.31633271591e-11, 1.24179503486e-11, 1.09268046e-11, 4.40143624672e-12, 1.64350755227e-11, 1.98084864483e-11],
        "max": [0.0087270475924, 0.0256800819188, 0.0135093592107, 0.0115544646978, 0.00332070118748, 0.00505958776921, 0.00245649577118, 0.0048047141172, 0.00301850540563, 0.00693152891472, 0.00255789072253, 0.00442917691544, 0.00224140752107, 0.00320255151019, 0.00242798728868, 0.0011433622567, 0.00189951807261, 0.00146865029819, 0.00107754021883, 0.000680683762766, 0.000284551671939, 0.000400428194553, 0.00097580277361, 0.000956952571869, 0.000651423295494, 0.000476170534967, 0.000191731523955, 0.000103588296042, 0.000141254844493, 9.26848442759e-05, 0.000107530184323, 8.62025553943e-05, 7.87615426816e-05, 7.07075669197e-05, 8.61737426021e-05, 7.38139351597e-05, 7.5145282608e-05, 3.59436999133e-05, 8.13015431049e-05, 0.000109570763016],
        "mean": [0.00025613012258, 0.000896478828508, 0.000805118354037, 0.000635070202406, 0.000211291480809, 0.000135723079438, 0.000172410553205, 0.000106939587567, 6.75747432979e-05, 0.000102896512544, 8.95624907571e-05, 6.62438687868e-05, 4.18196614191e-05, 5.30894758413e-05, 3.7599929783e-05, 3.68123291992e-05, 5.47181298316e-05, 6.06103203609e-05, 4.60439150629e-05, 2.8889899113e-05, 3.1599560316e-05, 4.05255741498e-05, 4.5462489652e-05, 3.69168046745e-05, 3.08407215925e-05, 3.07467707898e-05, 1.38271652759e-05, 9.09954178496e-06, 9.1909441835e-06, 6.68478332955e-06, 6.94651771482e-06, 5.23634116689e-06, 5.08738230565e-06, 4.19040406996e-06, 3.03163665194e-06, 2.75320667242e-06, 2.41548696067e-06, 1.74934768893e-06, 2.03263834919e-06, 1.94818244381e-06],
        "median": [3.52217139152e-05, 0.000232048012549, 0.000335113552865, 0.0003894661495, 0.000125303326058, 7.49359460315e-05, 6.63641185383e-05, 5.00324604218e-05, 3.59052646672e-05, 5.21343754372e-05, 5.06847718498e-05, 2.21592235903e-05, 8.41878772917e-06, 1.36417493195e-05, 1.58766051754e-05, 1.35199943543e-05, 1.39959611261e-05, 2.27660675591e-05, 1.90303398995e-05, 1.77153051482e-05, 2.35505449382e-05, 2.79738305835e-05, 2.39434957621e-05, 1.71706233232e-05, 1.57423492055e-05, 1.98375892069e-05, 8.97842710401e-06, 5.76889124204e-06, 5.69324356547e-06, 3.92145238948e-06, 3.89553724744e-06, 2.82882365354e-06, 2.179268904e-06, 1.69921656834e-06, 1.44729608564e-06, 1.57765146014e-06, 1.37122526667e-06, 1.09014138161e-06, 9.7796657883e-07, 8.93406308933e-07],
        "min": [2.13348693994e-23, 2.27520185726e-23, 4.62737523963e-24, 2.59319346309e-24, 1.08105056689e-23, 5.70884713713e-24, 5.05015183115e-24, 1.81149837312e-23, 7.48162624488e-24, 1.02008999938e-23, 5.32201854264e-24, 5.10263395831e-24, 4.22747521993e-24, 4.30136900422e-24, 1.81757812412e-24, 1.33266106583e-23, 1.55663682062e-23, 1.55674379016e-23, 1.3484277132e-23, 1.05966557327e-23, 2.4112350828e-23, 1.63508383117e-23, 1.0790995561e-23, 1.55094124489e-23, 1.10044021574e-23, 1.25521054438e-23, 1.30628352931e-23, 1.52237990472e-23, 9.89748436812e-24, 9.47601097482e-24, 1.02221700504e-23, 7.66872669665e-24, 1.34381051032e-23, 1.47302214006e-23, 1.63167768755e-23, 9.9686088562e-24, 9.15695381512e-24, 1.12125186526e-23, 1.15317824938e-23, 1.19952595749e-23],
        "var": [8.18926594093e-07, 8.07711330708e-06, 2.2663132313e-06, 8.57673796872e-07, 6.77142182326e-08, 5.24093728416e-08, 9.91241790871e-08, 5.56663657392e-08, 2.33903083569e-08, 7.17027432984e-08, 2.13080220135e-08, 3.66750008141e-08, 1.75381718037e-08, 3.82430194179e-08, 8.19589729417e-09, 7.218818876e-09, 2.04212273758e-08, 1.46885845709e-08, 8.23580670328e-09, 1.53872059538e-09, 8.6861262627e-10, 1.93358551392e-09, 3.75523168117e-09, 2.92092972032e-09, 1.88084059438e-09, 1.15335829776e-09, 2.27161414679e-10, 1.06232148078e-10, 1.32483440884e-10, 6.56769708063e-11, 7.08740011124e-11, 4.10341656487e-11, 5.04717240224e-11, 3.9901647958e-11, 2.1062462538e-11, 1.86613415692e-11, 1.50822982575e-11, 7.08383698922e-12, 2.01787423576e-11, 2.18498049515e-11]
    },
    "mfcc": {
        "mean": [-621.09161377, 83.1585998535, -10.6486291885, 28.0684509277, 6.6262717247, -4.21261548996, -5.66806507111, 0.0739650726318, -2.2909655571, -2.95343923569, -2.53339505196, -8.32992076874, -10.1462421417],
        "cov": [[4513.18017578, -196.741912842, -95.8991241455, -35.8226280212, 11.0437736511, 65.4815979004, -41.5022010803, 54.4232406616, -71.2231521606, 28.2703266144, 25.4609642029, -51.3522644043, -39.7206535339], [-196.741912842, 679.378845215, -232.169448853, 183.690917969, -44.7574234009, 16.3995628357, 66.4552383423, 2.08540654182, 22.8061714172, -20.2484893799, 23.1197776794, 17.59790802, 13.839015007], [-95.8991241455, -232.169448853, 427.711791992, -55.9859848022, 118.046951294, -10.9385042191, -2.07882165909, -1.71418535709, 23.5344638824, 18.3842086792, -33.3303031921, -4.81164646149, -4.9134349823], [-35.8226280212, 183.690917969, -55.9859848022, 231.254180908, 41.1556015015, -15.9197721481, -14.8295946121, 3.30269503593, 16.2704486847, 17.6527709961, 7.62152767181, 4.07176589966, 12.1158485413], [11.0437736511, -44.7574234009, 118.046951294, 41.1556015015, 174.475845337, 0.0671643018723, 21.9725723267, 17.7258491516, 11.0517854691, 24.9985427856, 10.4843034744, -6.19108200073, -1.62310409546], [65.4815979004, 16.3995628357, -10.9385042191, -15.9197721481, 0.0671643018723, 117.915840149, 58.901714325, 21.1367645264, 19.0264568329, -2.58460330963, 9.03048992157, 13.9408426285, 9.72932720184], [-41.5022010803, 66.4552383423, -2.07882165909, -14.8295946121, 21.9725723267, 58.901714325, 126.538154602, 31.2466869354, 41.5342483521, -1.68164861202, 8.66471004486, 19.018995285, 14.9912700653], [54.4232406616, 2.08540654182, -1.71418535709, 3.30269503593, 17.7258491516, 21.1367645264, 31.2466869354, 77.648399353, 12.1112947464, 18.9784736633, 17.9876651764, -3.26649832726, 7.55232381821], [-71.2231521606, 22.8061714172, 23.5344638824, 16.2704486847, 11.0517854691, 19.0264568329, 41.5342483521, 12.1112947464, 92.1611022949, 29.3325080872, -6.6386384964, 18.8884944916, 2.09659719467], [28.2703266144, -20.2484893799, 18.3842086792, 17.6527709961, 24.9985427856, -2.58460330963, -1.68164861202, 18.9784736633, 29.3325080872, 71.7568359375, 16.5676593781, 8.25759506226, 4.33087491989], [25.4609642029, 23.1197776794, -33.3303031921, 7.62152767181, 10.4843034744, 9.03048992157, 8.66471004486, 17.9876651764, -6.6386384964, 16.5676593781, 59.655040741, 13.9210691452, 12.8662881851], [-51.3522644043, 17.59790802, -4.81164646149, 4.07176589966, -6.19108200073, 13.9408426285, 19.018995285, -3.26649832726, 18.8884944916, 8.25759506226, 13.9210691452, 53.4914665222, 21.726726532], [-39.7206535339, 13.839015007, -4.9134349823, 12.1158485413, -1.62310409546, 9.72932720184, 14.9912700653, 7.55232381821, 2.09659719467, 4.33087491989, 12.8662881851, 21.726726532, 48.5680046082]],
