{
"lowlevel": {
    "average_loudness": 0.978611528873,
    "barkbands_crest": {
        "dmean": 2.99608063698,
        "dmean2": 5.05120038986,
        "dvar": 7.36783742905,
        "dvar2": 19.9370193481,
        "max": 24.8283138275,
        "mean": 9.47251605988,
        "median": 8.57319831848,
        "min": 2.63446760178,
        "var": 14.1879777908
    },
    "barkbands_flatness_db": {
        "dmean": 0.0251586604863,
        "dmean2": 0.0402615219355,
        "dvar": 0.000637771154288,
        "dvar2": 0.00154369988013,
        "max": 0.425376743078,
        "mean": 0.118476673961,
        "median": 0.103901974857,
        "min": 0.0239195562899,
        "var": 0.00327624357305
    },
    "barkbands_kurtosis": {
        "dmean": 4.66981363297,
        "dmean2": 7.72509479523,
        "dvar": 109.446182251,
        "dvar2": 261.148773193,
        "max": 259.380859375,
        "mean": 6.1788392067,
        "median": 2.51420259476,
        "min": -1.88126051426,
        "var": 205.224014282
    },
    "barkbands_skewness": {
        "dmean": 0.70350933075,
        "dmean2": 1.12371134758,
        "dvar": 0.600460767746,
        "dvar2": 1.53887236118,
        "max": 11.3340845108,
        "mean": 1.89319336414,
        "median": 1.69975686073,
        "min": -2.07711172104,
        "var": 1.5492323637
    },
    "barkbands_spread": {
        "dmean": 6.53799915314,
        "dmean2": 10.2878904343,
        "dvar": 56.0902557373,
        "dvar2": 121.333625793,
        "max": 123.327514648,
        "mean": 22.5861053467,
        "median": 20.8957691193,
        "min": 0.442499727011,
        "var": 187.548309326
    },
    "dissonance": {
        "dmean": 0.0156684685498,
        "dmean2": 0.0264041554183,
        "dvar": 0.000375900533982,
        "dvar2": 0.00103304605,
        "max": 0.500000059605,
        "mean": 0.472807735205,
        "median": 0.47978374362,
        "min": 0.0733101963997,
        "var": 0.000602753018029
    },
    "dynamic_complexity": 2.17046236992,
    "erbbands_crest": {
        "dmean": 2.56202030182,
        "dmean2": 4.2216129303,
        "dvar": 7.87998390198,
        "dvar2": 19.7918701172,
        "max": 28.5166034698,
        "mean": 7.46083545685,
        "median": 6.06705522537,
        "min": 2.40484285355,
        "var": 17.7043628693
    },
    "erbbands_flatness_db": {
        "dmean": 0.0176111850888,
        "dmean2": 0.0258856117725,
        "dvar": 0.000320323917549,
        "dvar2": 0.000686779560056,
        "max": 0.30093061924,
        "mean": 0.133799225092,
        "median": 0.123947650194,
        "min": 0.0524318367243,
        "var": 0.00175065954681
    },
    "erbbands_kurtosis": {
        "dmean": 1.07680284977,
        "dmean2": 1.71107184887,
        "dvar": 4.75950098038,
        "dvar2": 11.2333364487,
        "max": 45.8812637329,
        "mean": 0.370011299849,
        "median": -0.521439313889,
        "min": -1.78275132179,
        "var": 8.5885181427
    },
    "erbbands_skewness": {
        "dmean": 0.405920743942,
        "dmean2": 0.625550806522,
        "dvar": 0.200784027576,
        "dvar2": 0.446269154549,
        "max": 5.04043722153,
        "mean": 0.403393894434,
        "median": 0.231115698814,
        "min": -3.41781210899,
        "var": 0.634161531925
    },
    "erbbands_spread": {
        "dmean": 10.5872831345,
        "dmean2": 16.6644306183,
        "dvar": 140.59967041,
        "dvar2": 345.136077881,
        "max": 135.199768066,
        "mean": 45.8798332214,
        "median": 44.2196121216,
        "min": 3.82130289078,
        "var": 323.39553833
    },
    "hfc": {
        "dmean": 6.99072408676,
        "dmean2": 10.4825906754,
        "dvar": 98.8613433838,
        "dvar2": 220.882553101,
        "max": 137.478179932,
        "mean": 19.928352356,
        "median": 14.5399026871,
        "min": 1.12570308113e-16,
        "var": 243.895889282
    },
    "melbands_crest": {
        "dmean": 3.60714817047,
        "dmean2": 6.0306186676,
        "dvar": 8.91137504578,
        "dvar2": 24.182094574,
        "max": 31.1517410278,
        "mean": 13.1096096039,
        "median": 12.5865077972,
        "min": 1.76866853237,
        "var": 17.3088817596
    },
    "melbands_flatness_db": {
        "dmean": 0.0314222536981,
        "dmean2": 0.049649566412,
        "dvar": 0.000977026531473,
        "dvar2": 0.00240568793379,
        "max": 0.546343207359,
        "mean": 0.193221881986,
        "median": 0.17993119359,
        "min": 0.00464515853673,
        "var": 0.00457720132545
    },
    "melbands_kurtosis": {
        "dmean": 10.9955129623,
        "dmean2": 18.252664566,
        "dvar": 359.386505127,
        "dvar2": 945.549072266,
        "max": 309.016998291,
        "mean": 17.6958274841,
        "median": 10.3967571259,
        "min": -1.55262756348,
        "var": 656.376220703
    },
    "melbands_skewness": {
        "dmean": 0.978784441948,
        "dmean2": 1.56955778599,
        "dvar": 1.23803329468,
        "dvar2": 3.31917119026,
        "max": 13.7747917175,
        "mean": 3.06900906563,
        "median": 2.84935212135,
        "min": -0.679011940956,
        "var": 2.5681347847
    },
    "melbands_spread": {
        "dmean": 7.34132385254,
        "dmean2": 11.4077959061,
        "dvar": 118.290817261,
        "dvar2": 268.625061035,
        "max": 280.291412354,
        "mean": 20.5370807648,
        "median": 18.2410373688,
        "min": 0.471862673759,
        "var": 266.808135986
    },
    "pitch_salience": {
        "dmean": 0.083249501884,
        "dmean2": 0.13760407269,
        "dvar": 0.00530887907371,
        "dvar2": 0.0147549817339,
        "max": 0.96994805336,
        "mean": 0.626138210297,
        "median": 0.642655909061,
        "min": 0.159746095538,
        "var": 0.0110152671114
    },
    "silence_rate_20dB": {
        "dmean": 0,
        "dmean2": 0,
        "dvar": 0,
        "dvar2": 0,
        "max": 1,
        "mean": 1,
        "median": 1,
        "min": 1,
        "var": 0
    },
    "silence_rate_30dB": {
        "dmean": 0.0030959751457,
        "dmean2": 0.0061943475157,
        "dvar": 0.00308634270914,
        "dvar2": 0.00770434737206,
        "max": 1,
        "mean": 0.997678935528,
        "median": 1,
        "min": 0,
        "var": 0.00231557060033
    },
    "silence_rate_60dB": {
        "dmean": 0.00193498446606,
        "dmean2": 0.00387146719731,
        "dvar": 0.00193130411208,
        "dvar2": 0.00463061593473,
        "max": 1,
        "mean": 0.0112185683101,
        "median": 0,
        "min": 0,
        "var": 0.0110927363858
    },
    "spectral_centroid": {
        "dmean": 270.900543213,
        "dmean2": 426.358795166,
        "dvar": 103441.921875,
        "dvar2": 217266.6875,
        "max": 11215.2558594,
        "mean": 1223.78771973,
        "median": 1162.89245605,
        "min": 146.84727478,
        "var": 516136.5625
    },
    "spectral_complexity": {
        "dmean": 3.8250772953,
        "dmean2": 5.90631055832,
        "dvar": 13.4059171677,
        "dvar2": 28.9932975769,
        "max": 48,
        "mean": 22.3148937225,
        "median": 23,
        "min": 0,
        "var": 81.5457839966
    },
    "spectral_decrease": {
        "dmean": 4.37626379579e-09,
        "dmean2": 7.36286009939e-09,
        "dvar": 4.97144084648e-17,
        "dvar2": 1.33405187798e-16,
        "max": 8.36346781841e-25,
        "mean": -7.48221218316e-09,
        "median": -5.44880274234e-09,
        "min": -5.14689162401e-08,
        "var": 4.39009963547e-17
    },
    "spectral_energy": {
        "dmean": 0.017006514594,
        "dmean2": 0.0285192467272,
        "dvar": 0.000739970651921,
        "dvar2": 0.00198217411526,
        "max": 0.1976210922,
        "mean": 0.0300471503288,
        "median": 0.022133404389,
        "min": 1.04077536804e-20,
        "var": 0.00066585582681
    },
    "spectral_energyband_high": {
        "dmean": 0.00043604086386,
        "dmean2": 0.000652797461953,
        "dvar": 5.66128164792e-07,
        "dvar2": 1.12265956886e-06,
        "max": 0.0137699907646,
        "mean": 0.000988911720924,
        "median": 0.000527556752786,
        "min": 7.40572540597e-21,
        "var": 1.64730988672e-06
    },
    "spectral_energyband_low": {
        "dmean": 0.00986254308373,
        "dmean2": 0.0174618456513,
        "dvar": 0.00053059484344,
        "dvar2": 0.00147848646156,
        "max": 0.17908154428,
        "mean": 0.0101495552808,
        "median": 0.00492691621184,
        "min": 2.93278920811e-23,
        "var": 0.000359797879355
    },
    "spectral_energyband_middle_high": {
        "dmean": 0.00156907213386,
        "dmean2": 0.00234288536012,
        "dvar": 6.33768831904e-06,
        "dvar2": 1.32934801513e-05,
        "max": 0.047505363822,
        "mean": 0.00439083157107,
        "median": 0.00332719366997,
        "min": 1.16409242715e-21,
        "var": 1.87005207408e-05
    },
    "spectral_energyband_middle_low": {
        "dmean": 0.00889886450022,
        "dmean2": 0.0144795803353,
        "dvar": 0.000226260453928,
        "dvar2": 0.000568925403059,
        "max": 0.128621429205,
        "mean": 0.0158031154424,
        "median": 0.0111366603523,
        "min": 2.88740433629e-22,
        "var": 0.000252322497545
    },
    "spectral_entropy": {
        "dmean": 0.158218979836,
        "dmean2": 0.244235187769,
        "dvar": 0.0336023494601,
        "dvar2": 0.0702857300639,
        "max": 9.81342887878,
        "mean": 7.73203134537,
        "median": 7.80392456055,
        "min": 5.63770675659,
        "var": 0.172373339534
    },
    "spectral_flux": {
        "dmean": 0.0381794050336,
        "dmean2": 0.0605074204504,
        "dvar": 0.00236290576868,
        "dvar2": 0.00443788524717,
        "max": 0.389805614948,
        "mean": 0.105702549219,
        "median": 0.0864901095629,
        "min": 6.58160193012e-11,
        "var": 0.00390256359242
    },
    "spectral_kurtosis": {
        "dmean": 1.3420830965,
        "dmean2": 2.20779848099,
        "dvar": 3.80330467224,
        "dvar2": 9.60153579712,
        "max": 51.7812767029,
        "mean": 3.89229106903,
        "median": 3.62879085541,
        "min": -1.21283364296,
        "var": 6.79076337814
    },
    "spectral_rms": {
        "dmean": 0.00130674534012,
        "dmean2": 0.00209890515544,
        "dvar": 2.82917130789e-06,
        "dvar2": 7.25689733372e-06,
        "max": 0.01388528198,
        "mean": 0.00505804968998,
        "median": 0.00464688753709,
        "min": 3.18651940771e-12,
        "var": 3.73040620616e-06
    },
    "spectral_rolloff": {
        "dmean": 541.654968262,
        "dmean2": 877.108703613,
        "dvar": 840139,
        "dvar2": 1584325.375,
        "max": 19143.0175781,
        "mean": 1362.21716309,
        "median": 968.994140625,
        "min": 86.1328125,
        "var": 3202267.25
    },
    "spectral_skewness": {
        "dmean": 0.210843190551,
        "dmean2": 0.338441491127,
        "dvar": 0.0577415786684,
        "dvar2": 0.14006254077,
        "max": 4.89636230469,
        "mean": 1.50003480911,
        "median": 1.49917864799,
        "min": -0.0221870001405,
        "var": 0.171122044325
    },
    "spectral_spread": {
        "dmean": 599509.6875,
        "dmean2": 874359.125,
        "dvar": 858504495104,
        "dvar2": 1.64672530022e+12,
        "max": 40914932,
        "mean": 5179478.5,
        "median": 5022254.5,
        "min": 1290967.125,
        "var": 5.92021081293e+12
    },
    "spectral_strongpeak": {
        "dmean": 0.410127907991,
        "dmean2": 0.693912088871,
        "dvar": 0.334309190512,
        "dvar2": 0.882937908173,
        "max": 7.10301065445,
        "mean": 0.626011252403,
        "median": 0.379988491535,
        "min": 0,
        "var": 0.475143551826
    },
    "zerocrossingrate": {
        "dmean": 0.0113377999514,
        "dmean2": 0.0133376587182,
        "dvar": 0.000222594288061,
        "dvar2": 0.000243355476414,
        "max": 0.517578125,
        "mean": 0.0656752437353,
        "median": 0.05810546875,
        "min": 0.00341796875,
        "var": 0.00236397702247
    },
    "barkbands": {
        "dmean": [0.000518307788298, 0.00562022579834, 0.00385389756411, 0.00188022095244, 0.00446476554498, 0.00185474555474, 0.00146518554538, 0.00101043411996, 0.00119231059216, 0.000718043709639, 0.000627436616924, 0.000303428882034, 0.000209290199564, 0.00024663170916, 0.000173719614395, 0.000224897637963, 0.000131474400405, 9.93689682218e-05, 8.98143698578e-05, 0.00011790163262, 0.000113175803563, 9.73671994871e-05, 6.17936893832e-05, 7.31062536943e-05, 7.70492915763e-05, 4.13915113313e-05, 4.56653106085e-06],
        "dmean2": [0.000817293999717, 0.0101849623024, 0.0068407934159, 0.00322263967246, 0.00758429383859, 0.00288498797454, 0.00247971503995, 0.00174455845263, 0.00195192138199, 0.00117071415298, 0.000993611756712, 0.000497558969073, 0.000349468027707, 0.000405202677939, 0.000281360640656, 0.000377679709345, 0.000221197085921, 0.000160427560331, 0.000146169870277, 0.000194126492715, 0.000186972974916, 0.000159892326337, 9.51706024352e-05, 0.000110336841317, 0.000106695166323, 5.51230587007e-05, 7.68467361922e-06],
        "dvar": [1.86910244793e-06, 0.000233604034293, 6.37348057353e-05, 7.09318192094e-06, 6.71710513416e-05, 9.7918573374e-06, 1.28478632178e-05, 6.98233316143e-06, 7.52145570004e-06, 2.83619306174e-06, 3.4006191072e-06, 5.29221040324e-07, 1.76295287702e-07, 1.43144475828e-07, 9.75559046879e-08, 6.73000357665e-08, 2.10074126983e-08, 1.99408010104e-08, 1.70188769744e-08, 3.20849551372e-08, 3.16093107244e-08, 3.66548604802e-08, 1.21501821937e-08, 4.48329373626e-08, 5.36445945443e-08, 8.66225580154e-09, 2.05842579093e-10],
        "dvar2": [4.1372763917e-06, 0.000651943264529, 0.000180217946763, 1.9075056116e-05, 0.000181567535037, 2.23910665227e-05, 3.41045342793e-05, 1.87468504009e-05, 1.80864753929e-05, 7.23706079953e-06, 7.68642348703e-06, 1.32567981836e-06, 4.66675402322e-07, 3.71832584278e-07, 2.50565278748e-07, 1.79277662937e-07, 5.34953805698e-08, 4.77297064094e-08, 4.40505765198e-08, 7.69836816517e-08, 7.91390348809e-08, 8.84023521053e-08, 2.91235604521e-08, 9.50716767534e-08, 9.55032248839e-08, 1.41622011895e-08, 5.82523307369e-10],
        "max": [0.0445702150464, 0.125071793795, 0.0661696344614, 0.0301255155355, 0.0765643790364, 0.0382983013988, 0.0306265372783, 0.0289881881326, 0.0372935608029, 0.030250415206, 0.0391244888306, 0.0152885084972, 0.00834097340703, 0.00604974990711, 0.00572851672769, 0.0043295440264, 0.00193103752099, 0.00211320910603, 0.00231974478811, 0.00424200342968, 0.00251919054426, 0.00322150508873, 0.00160587963182, 0.00552827632055, 0.00698458403349, 0.00285439030267, 0.00041768909432],
        "mean": [0.000685953011271, 0.00461016735062, 0.00374986324459, 0.00243156030774, 0.00637538777664, 0.00277957995422, 0.00149685377255, 0.000944286817685, 0.00141533650458, 0.00105479871854, 0.000800082692876, 0.000438183313236, 0.000339120131684, 0.000423941441113, 0.000307832175167, 0.000458076712675, 0.000279891246464, 0.000190234874026, 0.000185422584764, 0.00025018240558, 0.000210276979487, 0.000152439999511, 0.000109340915515, 0.000129244392156, 0.000146681340993, 7.73390420363e-05, 5.06296601088e-06],
        "median": [0.000112811845611, 0.000834031612612, 0.00178889848758, 0.00168406078592, 0.0041560921818, 0.00142975058407, 0.000537930813152, 0.000283487781417, 0.000416193244746, 0.000515571911819, 0.000285486603389, 0.000251632736763, 0.000209522884688, 0.000304583954858, 0.000212509854464, 0.000398811971536, 0.000252115249168, 0.000140701376949, 0.000154672583449, 0.000174733329914, 0.000117824441986, 6.02047985012e-05, 4.94443593198e-05, 5.09315614181e-05, 5.69319781789e-05, 3.40387450706e-05, 1.18179514175e-06],
        "min": [9.64537665016e-25, 1.04956491936e-23, 4.10323278281e-24, 1.14595228349e-23, 2.77958989596e-23, 2.55651139156e-23, 3.34069719151e-23, 1.59960007879e-23, 2.23375699857e-23, 2.24445190141e-23, 4.21039803794e-23, 5.58014392825e-23, 4.17304389636e-23, 7.76381378136e-23, 6.86380426786e-23, 7.96062195544e-23, 1.36829905629e-22, 1.33783993767e-22, 1.24435827957e-22, 2.00723372792e-22, 3.82990126706e-22, 3.98195426965e-22, 5.40129855874e-22, 7.83127842815e-22, 9.70280839041e-22, 1.51571325384e-21, 2.16847881546e-21],
        "var": [3.77970400223e-06, 0.000149783401866, 4.40121111751e-05, 7.27395718059e-06, 6.36026234133e-05, 1.6116138795e-05, 1.04900982478e-05, 5.34375476491e-06, 9.14295287657e-06, 3.8661146391e-06, 4.46028843726e-06, 6.37988989638e-07, 3.30286070493e-07, 2.62832259068e-07, 1.737070221e-07, 1.51053825448e-07, 4.58130742231e-08, 3.8715693762e-08, 2.88047399266e-08, 8.20920149636e-08, 6.35333208265e-08, 5.49574323827e-08, 2.43400037903e-08, 9.17292410918e-08, 1.3615309058e-07, 2.54025671609e-08, 1.59215654549e-10]
    },
    "erbbands": {
        "dmean": [0.130268231034, 1.38069093227, 4.24440431595, 5.51274824142, 12.8097839355, 14.2942991257, 14.2735815048, 15.20408535, 20.2102794647, 24.4974098206, 19.6188983917, 27.2761440277, 23.0639095306, 23.1769943237, 20.6701717377, 11.8909568787, 8.84705352783, 11.770275116, 9.83286571503, 8.23544788361, 12.1669282913, 6.1995882988, 5.21366977692, 4.96052742004, 4.29855585098, 5.70474386215, 5.46992635727, 3.76527881622, 3.63080573082, 2.67362713814, 1.59202361107, 1.42263281345, 1.31816875935, 0.857433974743, 0.591369330883, 0.237211510539, 0.063068471849, 0.0115835657343, 0.000591012125369, 3.28070600517e-05],
        "dmean2": [0.226083531976, 2.53344988823, 7.6220035553, 9.5291519165, 22.118227005, 24.1517124176, 22.4361896515, 23.9907875061, 33.9911155701, 42.439743042, 32.8087692261, 44.8378601074, 37.7873458862, 35.8562927246, 32.5063362122, 19.2097072601, 14.512635231, 19.5542125702, 15.8305797577, 13.4725227356, 20.3994121552, 10.2844934464, 8.37976932526, 7.99892568588, 6.97559070587, 9.41127967834, 9.02043056488, 6.20129060745, 6.04027509689, 4.22445249557, 2.4430038929, 2.18814134598, 1.94896030426, 1.20240604877, 0.84228259325, 0.317041277885, 0.0891612917185, 0.0177055988461, 0.00101070024539, 5.41619265277e-05],
        "dvar": [0.137130483985, 13.9418087006, 90.6797409058, 69.7289810181, 658.585327148, 580.686706543, 530.207885742, 899.807739258, 2681.59692383, 4731.12841797, 2285.43212891, 4683.09619141, 3427.75854492, 3292.93457031, 3024.37451172, 676.633300781, 296.851715088, 345.71697998, 292.086181641, 148.106842041, 192.155075073, 45.7433128357, 56.1400375366, 56.8037490845, 40.8381271362, 75.5741729736, 73.2506256104, 40.4827651978, 53.850643158, 22.8978462219, 8.72164916992, 12.4502706528, 15.383515358, 7.18975925446, 2.9232647419, 0.42009472847, 0.0150359794497, 0.000499134359416, 6.96759525454e-06, 1.15686011881e-08],
        "dvar2": [0.369947135448, 39.5573806763, 257.264190674, 192.280059814, 1768.09716797, 1545.62341309, 1335.43444824, 2080.19921875, 7161.78613281, 12817.6240234, 5977.53369141, 11329.4365234, 8977.11816406, 6815.75976562, 7156.0234375, 1671.77526855, 762.532104492, 873.640991211, 747.558410645, 384.561889648, 512.425109863, 117.7293396, 137.182449341, 138.389205933, 106.608222961, 182.478469849, 188.276870728, 97.9035797119, 136.692398071, 52.9257049561, 20.4619121552, 28.8248100281, 30.384552002, 13.5143547058, 5.50003480911, 0.657564163208, 0.0290365125984, 0.00111833587289, 2.03129493457e-05, 3.36262182543e-08],
        "max": [3.29493570328, 29.750415802, 77.2272796631, 83.1731338501, 211.437133789, 234.508728027, 368.334899902, 421.038787842, 589.096252441, 667.08392334, 623.904296875, 1109.0892334, 1075.73999023, 1486.23266602, 1117.25036621, 544.577880859, 442.217437744, 342.686737061, 366.292480469, 202.547058105, 212.958282471, 89.6314697266, 112.611175537, 167.781585693, 112.849327087, 202.60458374, 150.508087158, 101.862319946, 109.573532104, 75.76978302, 45.241859436, 79.7848739624, 105.321601868, 74.3022766113, 44.9560585022, 19.8467941284, 2.51324152946, 0.298548936844, 0.0827129483223, 0.00344328721985],
        "mean": [0.105147704482, 1.15217626095, 3.98707985878, 7.25398159027, 15.3645601273, 20.8002929688, 22.7950458527, 21.3015480042, 21.4468994141, 23.2890357971, 21.4711990356, 32.2128753662, 31.7298202515, 36.3101806641, 28.5066699982, 18.3048362732, 15.5469779968, 21.8004970551, 18.9956455231, 17.419752121, 26.2200584412, 15.153465271, 10.6598501205, 10.3392534256, 8.8366394043, 11.954826355, 11.1834611893, 6.40200090408, 5.36578798294, 4.46531629562, 2.91816115379, 2.51910758018, 2.29086709023, 1.53472685814, 1.11007583141, 0.450389057398, 0.117739342153, 0.0184707511216, 0.000655678159092, 5.60981570743e-05],
        "median": [0.0110603608191, 0.262744247913, 1.75732791424, 5.11109924316, 8.79883575439, 13.0606155396, 13.4344339371, 10.0944881439, 8.19974803925, 7.61989593506, 6.5453619957, 9.26664924622, 15.4810171127, 14.6096611023, 12.8001298904, 11.0597810745, 10.2941961288, 15.1691904068, 13.2948284149, 14.1990661621, 23.3118801117, 14.223192215, 8.16597080231, 8.28099536896, 7.19622850418, 8.31879901886, 6.95808076859, 3.17007875443, 2.15430855751, 1.7879319191, 1.3646941185, 1.09492254257, 0.84455871582, 0.570490241051, 0.424217283726, 0.183382838964, 0.0546487346292, 0.00649785902351, 0.00018085942429, 3.64969891962e-05],
        "min": [1.50245917894e-22, 5.36152684247e-22, 3.77209545843e-21, 3.03512212285e-20, 4.90459489743e-20, 5.63703941915e-20, 1.23778983745e-19, 3.63599542559e-19, 3.31005576196e-19, 4.87494086021e-19, 5.34303409705e-19, 5.62494655559e-19, 8.3933453239e-19, 9.83870334062e-19, 2.14036023387e-18, 2.49836172823e-18, 1.96319096796e-18, 3.61211740965e-18, 4.02780875468e-18, 5.27124402226e-18, 7.18755266785e-18, 8.13544540155e-18, 6.29442094505e-18, 7.86724366846e-18, 7.26117753263e-18, 8.68010743897e-18, 1.37400862241e-17, 1.41850374289e-17, 1.27388874901e-17, 1.24666755854e-17, 1.54328608896e-17, 1.55120154568e-17, 1.14680055427e-17, 1.02644271457e-17, 6.95288979987e-18, 5.02070342243e-18, 2.76366791559e-18, 1.16019877088e-18, 2.98588212894e-19, 3.24386341225e-20],
        "var": [0.0950887799263, 8.60508155823, 59.2540740967, 63.2584571838, 533.44720459, 648.37689209, 962.35534668, 1288.3651123, 2229.47998047, 3474.65258789, 2113.0925293, 5454.35351562, 3561.84033203, 6655.05126953, 4064.57324219, 872.436279297, 469.34942627, 823.578918457, 597.952392578, 297.563964844, 445.536834717, 108.432678223, 108.718170166, 102.384658813, 66.1035614014, 186.72253418, 162.370574951, 69.9687652588, 68.835067749, 42.7321968079, 18.1496524811, 24.38397789, 32.4144821167, 16.4343967438, 7.27201032639, 1.15341234207, 0.0418562889099, 0.00101729203016, 4.3099848881e-06, 7.56164109106e-09]
    },
    "gfcc": {
        "mean": [12.4265136719, 87.2316970825, -107.130081177, 32.3280906677, -57.0884552002, 8.43224239349, -41.9568519592, 5.50168085098, -33.9579315186, 0.659606099129, -25.8055648804, -0.269100338221, -9.00410556793],
        "cov": [[12660.609375, -549.590148926, -622.864135742, -103.539230347, -630.725402832, 363.708526611, -588.859863281, 99.5818328857, -458.162384033, 123.894470215, -367.429412842, 52.53074646, -237.047332764], [-549.590148926, 1528.49975586, -515.977233887, 226.605957031, 263.50579834, -287.277496338, 291.701324463, -179.822402954, 161.911300659, -130.830154419, 159.27142334, -119.819030762, 191.906661987], [-622.864135742, -515.977233887, 795.864379883, 76.669380188, -93.984916687, 118.695709229, -43.3540649414, 153.788391113, 17.2280292511, 101.231712341, -16.064825058, 94.6973495483, -78.3404541016], [-103.539230347, 226.605957031, 76.669380188, 414.538879395, 102.857498169, 26.8721790314, 86.5925369263, -8.72623348236, 91.8716964722, 7.70494794846, 68.3532714844, -4.87256526947, 53.4752693176], [-630.725402832, 263.50579834, -93.984916687, 102.857498169, 297.142181396, 10.3802042007, 77.9663467407, -32.498249054, 48.7843742371, -33.1866455078, 41.8933830261, -20.0330886841, 51.3117218018], [363.708526611, -287.277496338, 118.695709229, 26.8721790314, 10.3802042007, 275.613128662, 52.4690361023, 103.054588318, -29.6763248444, 39.5542221069, -9.53411865234, 39.2818908691, -26.3577728271], [-588.859863281, 291.701324463, -43.3540649414, 86.5925369263, 77.9663467407, 52.4690361023, 261.922241211, 42.9205131531, 81.533821106, -16.8083457947, 70.6804428101, -8.61127948761, 54.8065986633], [99.5818328857, -179.822402954, 153.788391113, -8.72623348236, -32.498249054, 103.054588318, 42.9205131531, 152.535949707, 26.6716365814, 34.2019386292, -14.8977918625, 42.4084472656, -26.1457443237], [-458.162384033, 161.911300659, 17.2280292511, 91.8716964722, 48.7843742371, -29.6763248444, 81.533821106, 26.6716365814, 124.557395935, 13.096493721, 39.6771011353, -9.22218990326, 25.7471027374], [123.894470215, -130.830154419, 101.231712341, 7.70494794846, -33.1866455078, 39.5542221069, -16.8083457947, 34.2019386292, 13.096493721, 76.871421814, 14.0925312042, 19.6701755524, -26.6666469574], [-367.429412842, 159.27142334, -16.064825058, 68.3532714844, 41.8933830261, -9.53411865234, 70.6804428101, -14.8977918625, 39.6771011353, 14.0925312042, 88.4472808838, 11.2832965851, 32.5815200806], [52.53074646, -119.819030762, 94.6973495483, -4.87256526947, -20.0330886841, 39.2818908691, -8.61127948761, 42.4084472656, -9.22218990326, 19.6701755524, 11.2832965851, 71.8652496338, 3.77013134956], [-237.047332764, 191.906661987, -78.3404541016, 53.4752693176, 51.3117218018, -26.3577728271, 54.8065986633, -26.1457443237, 25.7471027374, -26.6666469574, 32.5815200806, 3.77013134956, 78.7420578003]],
        "icov": [[0.000191318235011, -0.000308730726829, 0.00034960891935, -0.000308150949422, 0.00039610764361, -0.000402085774112, 0.000416034570662, -0.000268353673164, 0.000495246669743, -0.00063743715873, 0.000835655955598, -0.000512701284606, 0.000415047223214], [-0.000308730726829, 0.00275419815443, 1.43029619721e-05, -1.05945910036e-05, -0.00121524173301, 0.00253408984281, -0.00224365200847, 0.000467471691081, -0.000892779789865, 0.00191864557564, -0.00290629686788, 0.00246344413608, -0.00223708758131], [0.00034960891935, 1.43029619721e-05, 0.00290483259596, -0.00146060821135, 0.000742757285479, -7.43594573578e-05, 0.000438542600023, -0.00153871264774, 0.000741589348763, -0.00213989987969, 0.0017132058274, -0.00264454446733, 0.0020250568632], [-0.000308150949422, -1.05945910036e-05, -0.00146060821135, 0.00430373614654, -0.000926935113966, -0.00101117964368, 0.000130436048494, 0.00156703533139, -0.00315246824175, 0.00129267317243, -0.00257129385136, 0.00156610133126, -0.00212514330633], [0.00039610764361, -0.00121524173301, 0.000742757285479, -0.000926935113966, 0.00554082728922, -0.00260978355072, 0.00134375970811, 0.000469811551739, -0.000645208987407, 0.000461922056274, 0.00102293479722, -0.000885135901626, 0.000245649716817], [-0.000402085774112, 0.00253408984281, -7.43594573578e-05, -0.00101117964368, -0.00260978355072, 0.00950783677399, -0.00466041266918, -0.00343844457529, 0.00396642182022, -0.00147409166675, -0.00136962591205, 0.00127856631298, -0.00107902404852], [0.000416034570662, -0.00224365200847, 0.000438542600023, 0.000130436048494, 0.00134375970811, -0.00466041266918, 0.0105971479788, -0.00410666828975, -0.00205297791399, 0.0022005578503, -0.00376011570916, 0.00178988173138, -0.00122018880211], [-0.000268353673164, 0.000467471691081, -0.00153871264774, 0.00156703533139, 0.000469811551739, -0.00343844457529, -0.00410666828975, 0.0167871080339, -0.00720568932593, -0.000174072221853, 0.0051551181823, -0.00711907027289, 0.00293800793588], [0.000495246669743, -0.000892779789865, 0.000741589348763, -0.00315246824175, -0.000645208987407, 0.00396642182022, -0.00205297791399, -0.00720568932593, 0.0184243414551, -0.00695074861869, 0.00036122254096, 0.00289698923007, -0.00133655988611], [-0.00063743715873, 0.00191864557564, -0.00213989987969, 0.00129267317243, 0.000461922056274, -0.00147409166675, 0.0022005578503, -0.000174072221853, -0.00695074861869, 0.0259979665279, -0.0124134132639, 0.00159652612638, 0.00415135780349], [0.000835655955598, -0.00290629686788, 0.0017132058274, -0.00257129385136, 0.00102293479722, -0.00136962591205, -0.00376011570916, 0.0051551181823, 0.00036122254096, -0.0124134132639, 0.0285839866847, -0.0114251123741, 0.000650939065963], [-0.000512701284606, 0.00246344413608, -0.00264454446733, 0.00156610133126, -0.000885135901626, 0.00127856631298, 0.00178988173138, -0.00711907027289, 0.00289698923007, 0.00159652612638, -0.0114251123741, 0.027755798772, -0.0108548291028], [0.000415047223214, -0.00223708758131, 0.0020250568632, -0.00212514330633, 0.000245649716817, -0.00107902404852, -0.00122018880211, 0.00293800793588, -0.00133655988611, 0.00415135780349, 0.000650939065963, -0.0108548291028, 0.0262561161071]]
    },
    "melbands": {
        "dmean": [0.00136526091956, 0.00212737824768, 0.00105792284012, 0.0010795610724, 0.000487725337734, 0.000346314307535, 0.000301061489154, 0.000258451909758, 0.000161866119015, 0.000175505760126, 0.000116600072943, 9.53942144406e-05, 8.17702239146e-05, 3.75279960281e-05, 2.35156967392e-05, 2.01375351025e-05, 2.42129735852e-05, 1.74179949681e-05, 1.18533789646e-05, 1.41977880048e-05, 1.51093217937e-05, 7.83480209066e-06, 5.25677569385e-06, 4.88721389047e-06, 4.42625059804e-06, 3.43830174643e-06, 3.51372068508e-06, 4.31615580965e-06, 3.60009084943e-06, 3.08314406539e-06, 2.12729423765e-06, 2.1804703465e-06, 2.00738327294e-06, 1.40971349083e-06, 9.5927316579e-07, 8.95128948741e-07, 9.32308410029e-07, 9.93537923932e-07, 8.30683177355e-07, 7.42112604257e-07],
        "dmean2": [0.00241408566944, 0.00385109055787, 0.00182128732558, 0.00185190909542, 0.000771743361838, 0.000543476373423, 0.000504930678289, 0.000449165847385, 0.000269621610641, 0.00028849352384, 0.000191799277673, 0.000147362516145, 0.000129647902213, 6.14054806647e-05, 3.87296095141e-05, 3.36303419317e-05, 4.04545135098e-05, 2.835860505e-05, 1.91408216779e-05, 2.35619590967e-05, 2.55637551163e-05, 1.31882297865e-05, 8.52740049595e-06, 8.03166858532e-06, 7.19654099157e-06, 5.66986409467e-06, 5.8551318034e-06, 7.11209395376e-06, 5.96328800384e-06, 5.16395402883e-06, 3.53256359631e-06, 3.67666780221e-06, 3.31125511366e-06, 2.21439177039e-06, 1.4884680013e-06, 1.4037583469e-06, 1.46076047258e-06, 1.50543269228e-06, 1.22286348869e-06, 1.05630806502e-06],
        "dvar": [1.40817528518e-05, 2.55576978816e-05, 2.3593665901e-06, 4.56171983387e-06, 5.13028737714e-07, 4.44817146672e-07, 5.57981366001e-07, 5.24165727711e-07, 1.48218177287e-07, 1.93391443304e-07, 8.6841858149e-08, 5.39805995459e-08, 5.13376292588e-08, 1.03030259879e-08, 2.15504436518e-09, 1.68748837126e-09, 1.44607448238e-09, 8.90420681632e-10, 4.60200710872e-10, 3.43578221429e-10, 3.04896913272e-10, 7.46910103211e-11, 3.99537798679e-11, 6.15771461598e-11, 5.03831559806e-11, 2.47744689347e-11, 3.01816488468e-11, 4.58101716283e-11, 2.85759523683e-11, 2.64444594694e-11, 1.44756160184e-11, 2.11489263602e-11, 1.51009829641e-11, 6.10251085775e-12, 3.39078483173e-12, 2.95595709368e-12, 6.8020888401e-12, 8.49682390419e-12, 9.33725232549e-12, 5.18633313379e-12],
        "dvar2": [3.87217551179e-05, 7.25780701032e-05, 6.3796651375e-06, 1.23258805615e-05, 1.28915894493e-06, 1.03094589576e-06, 1.48648427967e-06, 1.41500652262e-06, 3.73238975726e-07, 4.65382157699e-07, 2.27850264878e-07, 1.16042819798e-07, 1.19335155091e-07, 2.58730850078e-08, 5.93054494402e-09, 4.3213601586e-09, 3.63011731785e-09, 2.25040741597e-09, 1.16297171893e-09, 9.21236698037e-10, 8.14685929829e-10, 1.91388072057e-10, 9.80206540935e-11, 1.51789830705e-10, 1.24439195059e-10, 6.49210546433e-11, 7.58090534791e-11, 1.11178996565e-10, 7.14049444572e-11, 6.79283573835e-11, 3.53453447066e-11, 5.51467933818e-11, 3.64629264282e-11, 1.45309059923e-11, 8.25700272045e-12, 7.07532643585e-12, 1.61999424292e-11, 1.77374070293e-11, 2.01329924954e-11, 9.76796508262e-12],
        "max": [0.0318147987127, 0.0392637290061, 0.0125409243628, 0.0202331878245, 0.0106265209615, 0.00868357997388, 0.00783242750913, 0.0075675137341, 0.00474714394659, 0.00721375597641, 0.00534190842882, 0.00553831830621, 0.00395521195605, 0.00223158020526, 0.000853715173434, 0.000903517880943, 0.00075921730604, 0.000611611059867, 0.000379715638701, 0.000321651285049, 0.000283718225546, 0.00012897857232, 8.60937580001e-05, 0.000117297393444, 0.000163885080838, 7.9295336036e-05, 0.000110292392492, 0.000179593072971, 0.000107728250441, 7.07484286977e-05, 6.51979935355e-05, 7.04805715941e-05, 7.54985667299e-05, 2.91971318802e-05, 3.03105207422e-05, 2.60306424025e-05, 6.20614155196e-05, 6.97629075148e-05, 9.44279454416e-05, 6.47541965009e-05],
        "mean": [0.0011577825062, 0.00195267552044, 0.00142246228643, 0.00140883901622, 0.000815562263597, 0.000491569109727, 0.000321032421198, 0.000242466136115, 0.00017832647427, 0.000207083226996, 0.000154676337843, 0.000144750534673, 0.000105530372821, 5.46793744434e-05, 3.65184569091e-05, 3.49839938281e-05, 4.15483264078e-05, 3.15938523272e-05, 2.14169576793e-05, 2.80922686215e-05, 3.08687049255e-05, 1.65375877259e-05, 1.05732806333e-05, 8.70769963512e-06, 8.40285338199e-06, 6.59305351292e-06, 6.30675140201e-06, 8.50791184348e-06, 7.31872751203e-06, 5.35405433766e-06, 3.18003708344e-06, 2.96924599752e-06, 3.03881688524e-06, 2.24348013944e-06, 1.63040624557e-06, 1.63250115293e-06, 1.51341578203e-06, 1.63770630479e-06, 1.41421537592e-06, 1.26856059524e-06],
        "median": [0.000170628161868, 0.000825719558634, 0.0010300228605, 0.000853794277646, 0.000518668384757, 0.000239812856307, 0.000124791855342, 7.90774138295e-05, 4.94611194881e-05, 6.10195820627e-05, 7.46808727854e-05, 5.69441799598e-05, 4.08465093642e-05, 3.01403997582e-05, 2.38902448473e-05, 2.16307544179e-05, 2.82434593828e-05, 2.17730630538e-05, 1.48973367686e-05, 2.36146443058e-05, 2.71853205049e-05, 1.4853405446e-05, 8.62152137415e-06, 6.02204227107e-06, 6.62024694975e-06, 5.37787718713e-06, 4.72924693895e-06, 5.6271410358e-06, 4.86446515424e-06, 2.76230321106e-06, 1.47293314967e-06, 1.2106295344e-06, 1.06526329091e-06, 9.37739912388e-07, 8.02736281003e-07, 6.58801411646e-07, 6.40775681404e-07, 5.86595774621e-07, 4.96067571021e-07, 4.50341957503e-07],
        "min": [2.96082414139e-24, 1.3515940431e-24, 5.7080073947e-24, 4.6849735242e-24, 5.332967932e-24, 7.9230049654e-24, 5.86645405182e-24, 4.35340503054e-24, 4.93979965684e-24, 3.20149850382e-24, 3.92183106221e-24, 3.54465733633e-24, 6.30900344193e-24, 6.73721765166e-24, 5.5066242218e-24, 3.60291274203e-24, 6.31182914169e-24, 5.85927028999e-24, 5.08771580973e-24, 5.04839109361e-24, 8.63636478224e-24, 7.09488166406e-24, 5.49400126403e-24, 5.76111824401e-24, 5.54017881484e-24, 5.03008912618e-24, 3.46809838548e-24, 6.33685772606e-24, 7.44331600387e-24, 7.48842938132e-24, 8.51074893828e-24, 7.26315595034e-24, 6.26659230751e-24, 7.61979917673e-24, 7.68356438142e-24, 8.91288340649e-24, 9.61598566498e-24, 7.71459501399e-24, 7.15567444086e-24, 8.40966035758e-24],
        "var": [9.51925630943e-06, 1.62038450071e-05, 2.20832498599e-06, 3.89221577279e-06, 9.78813886832e-07, 6.44300598651e-07, 4.69924714253e-07, 3.84925073149e-07, 1.53067503561e-07, 2.28780194789e-07, 8.89214888389e-08, 1.08774877106e-07, 6.74953426483e-08, 1.16252882876e-08, 2.43344788764e-09, 3.94257915204e-09, 2.95605562251e-09, 1.76618297765e-09, 7.96447574558e-10, 6.7994782027e-10, 6.59224841382e-10, 1.52469842307e-10, 8.33142305146e-11, 1.04528857792e-10, 8.07801117664e-11, 3.8863846169e-11, 4.2553141566e-11, 1.21783888529e-10, 6.98356164563e-11, 5.1439699722e-11, 2.13598964904e-11, 2.33076370704e-11, 2.45645968844e-11, 1.06561339613e-11, 5.98437792376e-12, 6.85843179124e-12, 1.2265935663e-11, 1.71126880028e-11, 1.57246212579e-11, 1.18378579508e-11]
    },
    "mfcc": {
        "mean": [-629.405517578, 120.2551651, 3.75106072426, 26.9406833649, 3.42639780045, 4.4339799881, -0.0065008867532, -1.50254786015, 1.27095675468, -3.1351287365, -10.8824996948, -4.8834195137, -3.51125669479],
        "cov": [[5902.05810547, -279.174713135, -143.783096313, -521.685974121, -36.9407501221, -24.8067188263, -81.2553787231, -145.342849731, -69.5656204224, -32.1634864807, -104.7264328, -106.478729248, -104.842575073], [-279.174713135, 1176.75549316, -428.074554443, 300.306518555, -63.7574424744, 9.33302402496, 18.7028522491, -7.10370540619, 19.8979148865, -7.65872716904, -43.1972312927, -0.195716172457, 16.6367778778], [-143.783096313, -428.074554443, 726.828552246, -5.46908330917, 5.00160169601, -20.5313739777, -9.56069469452, 57.0632743835, 23.0960464478, 13.8816623688, 94.6914749146, 46.2793884277, 33.4510993958], [-521.685974121, 300.306518555, -5.46908330917, 409.975280762, 59.4426879883, 65.3537063599, -11.1133890152, 16.3864459991, 25.3265552521, 13.5380401611, 12.6375408173, 40.9161987305, 50.0244827271], [-36.9407501221, -63.7574424744, 5.00160169601, 59.4426879883, 204.729171753, 53.1592674255, 1.83298075199, 0.870165169239, 1.49596846104, 6.09600973129, -10.2177715302, 2.42312812805, 2.78468108177], [-24.8067188263, 9.33302402496, -20.5313739777, 65.3537063599, 53.1592674255, 145.266067505, 80.0485916138, 37.2338066101, 17.9710044861, 26.49284935, 12.7991924286, 14.0128316879, 6.26614093781], [-81.2553787231, 18.7028522491, -9.56069469452, -11.1133890152, 1.83298075199, 80.0485916138, 148.007247925, 73.2345123291, 28.9825363159, 20.612783432, 19.5180110931, 15.0416479111, -5.33271360397], [-145.342849731, -7.10370540619, 57.0632743835, 16.3864459991, 0.870165169239, 37.2338066101, 73.2345123291, 139.709121704, 66.0143203735, 29.6390380859, 33.0838432312, 19.1932106018, 3.50036549568], [-69.5656204224, 19.8979148865, 23.0960464478, 25.3265552521, 1.49596846104, 17.9710044861, 28.9825363159, 66.0143203735, 85.4073791504, 38.0402641296, 20.0820789337, 11.8935222626, 1.52053713799], [-32.1634864807, -7.65872716904, 13.8816623688, 13.5380401611, 6.09600973129, 26.49284935, 20.612783432, 29.6390380859, 38.0402641296, 68.6280975342, 30.7355175018, 14.8681440353, 2.54070138931], [-104.7264328, -43.1972312927, 94.6914749146, 12.6375408173, -10.2177715302, 12.7991924286, 19.5180110931, 33.0838432312, 20.0820789337, 30.7355175018, 82.344871521, 41.5044670105, 5.76130580902], [-106.478729248, -0.195716172457, 46.2793884277, 40.9161987305, 2.42312812805, 14.0128316879, 15.0416479111, 19.1932106018, 11.8935222626, 14.8681440353, 41.5044670105, 67.4108810425, 22.1366252899], [-104.842575073, 16.6367778778, 33.4510993958, 50.0244827271, 2.78468108177, 6.26614093781, -5.33271360397, 3.50036549568, 1.52053713799, 2.54070138931, 5.76130580902, 22.1366252899, 55.5408172607]],
