{
"lowlevel": {
    "average_loudness": 0.00811445806175,
    "barkbands_crest": {
        "dmean": 2.39122223854,
        "dmean2": 4.1395907402,
        "dvar": 8.93605327606,
        "dvar2": 23.6836776733,
        "max": 26.9080257416,
        "mean": 17.9878845215,
        "median": 19.2409667969,
        "min": 3.60358262062,
        "var": 66.4120101929
    },
    "barkbands_flatness_db": {
        "dmean": 0.0313150696456,
        "dmean2": 0.0514370016754,
        "dvar": 0.00160894356668,
        "dvar2": 0.00352634023875,
        "max": 0.79219853878,
        "mean": 0.367523759604,
        "median": 0.455351561308,
        "min": 0.0520861968398,
        "var": 0.0324306152761
    },
    "barkbands_kurtosis": {
        "dmean": 200.195159912,
        "dmean2": 340.902130127,
        "dvar": 184928.5625,
        "dvar2": 516546.90625,
        "max": 8468.84179688,
        "mean": 681.550170898,
        "median": 72.3632659912,
        "min": -1.78846526146,
        "var": 846025.9375
    },
    "barkbands_skewness": {
        "dmean": 2.71352243423,
        "dmean2": 4.53349351883,
        "dvar": 18.8165054321,
        "dvar2": 48.5313148499,
        "max": 73.4296875,
        "mean": -9.85399913788,
        "median": 0.575293242931,
        "min": -53.5226554871,
        "var": 409.590148926
    },
    "barkbands_spread": {
        "dmean": 1.9620680809,
        "dmean2": 3.23490619659,
        "dvar": 17.4813499451,
        "dvar2": 44.0959892273,
        "max": 76.438583374,
        "mean": 8.05035209656,
        "median": 0.479896783829,
        "min": 0.0285145323724,
        "var": 192.507705688
    },
    "dissonance": {
        "dmean": 0.0217332057655,
        "dmean2": 0.0378380976617,
        "dvar": 0.000924604129978,
        "dvar2": 0.00280915107578,
        "max": 0.500000059605,
        "mean": 0.464982718229,
        "median": 0.48342564702,
        "min": 0.237424224615,
        "var": 0.00175488030072
    },
    "dynamic_complexity": 23.4974136353,
    "erbbands_crest": {
        "dmean": 2.72471165657,
        "dmean2": 4.59062862396,
        "dvar": 7.22496175766,
        "dvar2": 20.2789402008,
        "max": 29.046749115,
        "mean": 12.2835235596,
        "median": 11.2232398987,
        "min": 2.65013432503,
        "var": 26.3480014801
    },
    "erbbands_flatness_db": {
        "dmean": 0.0220008604228,
        "dmean2": 0.036852363497,
        "dvar": 0.000724535202608,
        "dvar2": 0.0018560126191,
        "max": 0.52163785696,
        "mean": 0.232122674584,
        "median": 0.18120136857,
        "min": 0.0838656947017,
        "var": 0.00954399630427
    },
    "erbbands_kurtosis": {
        "dmean": 12.9075012207,
        "dmean2": 22.5527153015,
        "dvar": 1185.58605957,
        "dvar2": 3423.07055664,
        "max": 369.528411865,
        "mean": 24.6812400818,
        "median": 1.24243354797,
        "min": -1.6848372221,
        "var": 3279.97290039
    },
    "erbbands_skewness": {
        "dmean": 0.648375988007,
        "dmean2": 1.0828653574,
        "dvar": 1.04151964188,
        "dvar2": 2.79802322388,
        "max": 13.8243560791,
        "mean": 1.17743778229,
        "median": -0.119691513479,
        "min": -2.66736507416,
        "var": 12.3175354004
    },
    "erbbands_spread": {
        "dmean": 4.23697710037,
        "dmean2": 7.14019012451,
        "dvar": 22.3236312866,
        "dvar2": 51.888923645,
        "max": 124.696807861,
        "mean": 24.7538776398,
        "median": 23.782743454,
        "min": 0.526325821877,
        "var": 293.458770752
    },
    "hfc": {
        "dmean": 4.13802146912,
        "dmean2": 6.12696075439,
        "dvar": 292.626617432,
        "dvar2": 560.503601074,
        "max": 571.968078613,
        "mean": 11.8743963242,
        "median": 0.357631772757,
        "min": 1.06205146682e-16,
        "var": 2127.99072266
    },
    "melbands_crest": {
        "dmean": 2.57187891006,
        "dmean2": 4.33887434006,
        "dvar": 7.52966356277,
        "dvar2": 20.8760528564,
        "max": 32.8343925476,
        "mean": 12.0753040314,
        "median": 10.0050773621,
        "min": 1.4545712471,
        "var": 74.4780578613
    },
    "melbands_flatness_db": {
        "dmean": 0.0290287714452,
        "dmean2": 0.0468521341681,
        "dvar": 0.00169161648955,
        "dvar2": 0.00385591457598,
        "max": 0.970854759216,
        "mean": 0.291234850883,
        "median": 0.226914599538,
        "min": 0.00154340802692,
        "var": 0.0757069513202
    },
    "melbands_kurtosis": {
        "dmean": 8.35656642914,
        "dmean2": 13.9041175842,
        "dvar": 468.269836426,
        "dvar2": 1217.73388672,
        "max": 378.742034912,
        "mean": 13.2788953781,
        "median": 0.838100910187,
        "min": -1.67968070507,
        "var": 1037.39025879
    },
    "melbands_skewness": {
        "dmean": 0.590355873108,
        "dmean2": 0.978258132935,
        "dvar": 0.646254897118,
        "dvar2": 1.57731330395,
        "max": 15.6194410324,
        "mean": 1.08991754055,
        "median": 0.627411067486,
        "min": -1.1648747921,
        "var": 3.52161383629
    },
    "melbands_spread": {
        "dmean": 6.20032310486,
        "dmean2": 10.4391803741,
        "dvar": 71.3116073608,
        "dvar2": 194.195785522,
        "max": 159.289413452,
        "mean": 55.8675003052,
        "median": 18.3378486633,
        "min": 0.171692535281,
        "var": 3339.46069336
    },
    "pitch_salience": {
        "dmean": 0.0701890736818,
        "dmean2": 0.117001190782,
        "dvar": 0.00522077688947,
        "dvar2": 0.0134200956672,
        "max": 0.98434305191,
        "mean": 0.571005821228,
        "median": 0.672442138195,
        "min": 0.0181881990284,
        "var": 0.0599511489272
    },
    "silence_rate_20dB": {
        "dmean": 0.0185758508742,
        "dmean2": 0.0371660850942,
        "dvar": 0.0182302072644,
        "dvar2": 0.0412044450641,
        "max": 1,
        "mean": 0.96402323246,
        "median": 1,
        "min": 0,
        "var": 0.0346837192774
    },
    "silence_rate_30dB": {
        "dmean": 0.0239938087761,
        "dmean2": 0.048006195575,
        "dvar": 0.0234183687717,
        "dvar2": 0.0518955923617,
        "max": 1,
        "mean": 0.915667295456,
        "median": 1,
        "min": 0,
        "var": 0.0772194042802
    },
    "silence_rate_60dB": {
        "dmean": 0.0348297208548,
        "dmean2": 0.0696864128113,
        "dvar": 0.0336165912449,
        "dvar2": 0.0795405432582,
        "max": 1,
        "mean": 0.600773692131,
        "median": 1,
        "min": 0,
        "var": 0.239842712879
    },
    "spectral_centroid": {
        "dmean": 170.777770996,
        "dmean2": 288.955993652,
        "dvar": 198711.125,
        "dvar2": 442920,
        "max": 11540.1259766,
        "mean": 2438.40991211,
        "median": 991.367431641,
        "min": 63.2306442261,
        "var": 6623341
    },
    "spectral_complexity": {
        "dmean": 0.929179549217,
        "dmean2": 1.5412311554,
        "dvar": 2.67176771164,
        "dvar2": 6.76924610138,
        "max": 56,
        "mean": 5.49245643616,
        "median": 1,
        "min": 0,
        "var": 92.0087966919
    },
    "spectral_decrease": {
        "dmean": 7.02891700399e-09,
        "dmean2": 1.06288968738e-08,
        "dvar": 1.18816890226e-15,
        "dvar2": 2.1505039977e-15,
        "max": 1.4796756214e-13,
        "mean": -1.22615002596e-08,
        "median": -3.03729597029e-10,
        "min": -6.02575710218e-07,
        "var": 2.75681124013e-15
    },
    "spectral_energy": {
        "dmean": 0.0268579274416,
        "dmean2": 0.0406133793294,
        "dvar": 0.0172055661678,
        "dvar2": 0.0311396494508,
        "max": 2.2975897789,
        "mean": 0.047354478389,
        "median": 0.00138893304393,
        "min": 9.98006899198e-21,
        "var": 0.0401432625949
    },
    "spectral_energyband_high": {
        "dmean": 3.86271822208e-05,
        "dmean2": 5.89375267737e-05,
        "dvar": 1.56785162631e-07,
        "dvar2": 4.21372163828e-07,
        "max": 0.0238845013082,
        "mean": 0.00014037231449,
        "median": 2.53385707083e-07,
        "min": 7.05247404797e-21,
        "var": 8.64504841047e-07
    },
    "spectral_energyband_low": {
        "dmean": 0.0244900044054,
        "dmean2": 0.037027798593,
        "dvar": 0.0164107289165,
        "dvar2": 0.0298238415271,
        "max": 2.18853664398,
        "mean": 0.0376289337873,
        "median": 0.000130600121338,
        "min": 1.23309932541e-23,
        "var": 0.0368755869567
    },
    "spectral_energyband_middle_high": {
        "dmean": 0.00115573115181,
        "dmean2": 0.00171362888068,
        "dvar": 5.90118288528e-05,
        "dvar2": 0.000126360362628,
        "max": 0.383434474468,
        "mean": 0.00364756956697,
        "median": 4.28742509939e-07,
        "min": 1.19411094487e-21,
        "var": 0.000426502345363
    },
    "spectral_energyband_middle_low": {
        "dmean": 0.00307038519531,
        "dmean2": 0.00478654354811,
        "dvar": 0.000159846400493,
        "dvar2": 0.000380797631806,
        "max": 0.291999846697,
        "mean": 0.00663635274395,
        "median": 8.53430174175e-05,
        "min": 1.84112738919e-22,
        "var": 0.000652723421808
    },
    "spectral_entropy": {
        "dmean": 0.188655942678,
        "dmean2": 0.313753992319,
        "dvar": 0.0793795064092,
        "dvar2": 0.190843522549,
        "max": 9.82408332825,
        "mean": 7.32173538208,
        "median": 7.42558908463,
        "min": 2.87194395065,
        "var": 3.40363121033
    },
    "spectral_flux": {
        "dmean": 0.0278266165406,
        "dmean2": 0.0478361360729,
        "dvar": 0.00794131867588,
        "dvar2": 0.0216377470642,
        "max": 1.34171295166,
        "mean": 0.0624294243753,
        "median": 0.0225907061249,
        "min": 6.29224311544e-11,
        "var": 0.0145718958229
    },
    "spectral_kurtosis": {
        "dmean": 6.93385219574,
        "dmean2": 11.2575111389,
        "dvar": 197.701416016,
        "dvar2": 446.225646973,
        "max": 238.699462891,
        "mean": 23.4807510376,
        "median": 5.70333576202,
        "min": -1.27254784107,
        "var": 1121.54003906
    },
    "spectral_rms": {
        "dmean": 0.00101133168209,
        "dmean2": 0.00156633986626,
        "dvar": 8.70887834026e-06,
        "dvar2": 1.5813173377e-05,
        "max": 0.047345019877,
        "mean": 0.00321095203981,
        "median": 0.00116406893358,
        "min": 3.12036095747e-12,
        "var": 3.58894503734e-05
    },
    "spectral_rolloff": {
        "dmean": 185.280990601,
        "dmean2": 326.391052246,
        "dvar": 298480.65625,
        "dvar2": 665464.125,
        "max": 21985.4003906,
        "mean": 8171.21142578,
        "median": 1356.59179688,
        "min": 64.599609375,
        "var": 96363488
    },
    "spectral_skewness": {
        "dmean": 0.458063185215,
        "dmean2": 0.74317330122,
        "dvar": 0.525554001331,
        "dvar2": 1.21523606777,
        "max": 12.973991394,
        "mean": 2.98226881027,
        "median": 1.8198492527,
        "min": -0.0876805409789,
        "var": 5.68622255325
    },
    "spectral_spread": {
        "dmean": 914607.5625,
        "dmean2": 1575419,
        "dvar": 4.57604543283e+12,
        "dvar2": 1.27705787924e+13,
        "max": 50275484,
        "mean": 12790094,
        "median": 3997167.75,
        "min": 496800.5625,
        "var": 1.91013687656e+14
    },
    "spectral_strongpeak": {
        "dmean": 0.305453509092,
        "dmean2": 0.507296025753,
        "dvar": 0.548059403896,
        "dvar2": 1.46041607857,
        "max": 17.0555591583,
        "mean": 0.476783394814,
        "median": 0.114567667246,
        "min": 0,
        "var": 1.07227873802
    },
    "zerocrossingrate": {
        "dmean": 0.00928017776459,
        "dmean2": 0.0130565613508,
        "dvar": 0.00139410968404,
        "dvar2": 0.0027145924978,
        "max": 0.90283203125,
        "mean": 0.321836262941,
        "median": 0.048828125,
        "min": 0.00244140625,
        "var": 0.153408810496
    },
    "barkbands": {
        "dmean": [0.000370871683117, 0.0210077501833, 0.00731884967536, 0.00114325864706, 0.00120317202527, 0.000415755814174, 0.000179461887456, 0.00076044164598, 0.000706185703166, 0.000516952772159, 0.000341537001077, 0.00029536508373, 0.000477921334095, 0.000219430919969, 6.01639439992e-05, 8.81751984707e-05, 0.000111193388875, 0.000113348265586, 2.88310620817e-05, 1.76835383172e-05, 7.55729206503e-06, 1.57822578331e-05, 1.16335413622e-05, 2.96647863252e-06, 2.87926332021e-06, 1.14846579891e-06, 4.1577740717e-07],
        "dmean2": [0.000635557516944, 0.0338496416807, 0.0109284119681, 0.00192438054364, 0.00185842486098, 0.000678681710269, 0.00029244061443, 0.00125393690541, 0.00112594733946, 0.000943227729294, 0.000573021592572, 0.000489752332214, 0.000831118319184, 0.000355203490471, 9.32255279622e-05, 0.000124209429487, 0.000166921774508, 0.000186264849617, 4.89007252327e-05, 2.85010155494e-05, 1.23468917081e-05, 2.70242471743e-05, 1.85769895324e-05, 4.45094474344e-06, 4.45343493993e-06, 1.37357119456e-06, 4.46510171059e-07],
        "dvar": [6.31211651125e-06, 0.0118029154837, 0.00244404468685, 3.65447231161e-05, 3.09266251861e-05, 4.40693202108e-06, 6.22749837476e-07, 2.10165053431e-05, 2.4970715458e-05, 2.47024054261e-05, 5.73002398596e-06, 6.02894215262e-06, 1.50811429194e-05, 3.27802831634e-06, 2.92878098662e-07, 1.49535298988e-06, 1.09044049168e-06, 8.52287769249e-07, 2.57319570096e-08, 2.7887574916e-08, 3.10674175275e-09, 3.98436021953e-08, 1.23805596886e-08, 3.98277910652e-10, 6.37313646301e-10, 1.01864239266e-10, 1.41609024853e-11],
        "dvar2": [1.84412074304e-05, 0.0243034753948, 0.00472009088844, 9.21442915569e-05, 7.25778591004e-05, 9.67589312495e-06, 1.62199637543e-06, 5.38500025868e-05, 6.56181582599e-05, 7.27482765797e-05, 1.29741565615e-05, 1.65179062606e-05, 4.20755459345e-05, 9.15500368137e-06, 6.5627193635e-07, 3.06362858282e-06, 2.5874990115e-06, 2.19598314288e-06, 5.99026037662e-08, 6.48208313692e-08, 8.31224511444e-09, 1.15190864847e-07, 3.30843938912e-08, 8.6843132685e-10, 1.55264778812e-09, 1.18457244014e-10, 1.60099260238e-11],
        "max": [0.0822922289371, 2.01407432556, 1.46812438965, 0.123512208462, 0.176592797041, 0.0598771832883, 0.018945781514, 0.184797376394, 0.193646416068, 0.173853114247, 0.123463071883, 0.0860423892736, 0.164894133806, 0.0506927333772, 0.0272417403758, 0.0691558793187, 0.0534485653043, 0.0302541032434, 0.00617143837735, 0.00592960324138, 0.00197422574274, 0.0103161204606, 0.00645341398194, 0.00101938762236, 0.0010851189727, 0.000547219009604, 0.000229110795772],
        "mean": [0.000390274566598, 0.0290822312236, 0.00758112501353, 0.00133988959715, 0.00172819709405, 0.000635002041236, 0.000276793027297, 0.00108921190258, 0.00126440660097, 0.000684454105794, 0.000639903999399, 0.000456158973975, 0.0008074704092, 0.000424451282015, 0.000109894659545, 0.000174252229044, 0.000212901126361, 0.000226233474677, 7.3112139944e-05, 3.75986055587e-05, 2.41092293436e-05, 3.90028872062e-05, 3.30843759002e-05, 1.06860006781e-05, 8.77590628079e-06, 3.72024419448e-06, 1.53222345034e-06],
        "median": [1.09724601316e-06, 2.87148832285e-05, 1.10494283945e-05, 1.32734594445e-05, 8.91078070708e-06, 2.91349442705e-06, 7.07983019765e-07, 4.86166300107e-07, 1.7475665004e-07, 5.20442036134e-08, 6.31515391092e-08, 3.42660797514e-08, 3.27980202997e-08, 1.86192607998e-08, 1.32271500419e-08, 1.35783224664e-08, 1.42663942881e-08, 1.49226977442e-08, 1.01489296966e-08, 8.17571432776e-09, 6.24332896493e-09, 3.86640275352e-09, 4.50510473371e-09, 3.31497029826e-09, 1.81598602822e-09, 2.68754263288e-09, 2.62895696324e-07],
        "min": [4.6681420921e-25, 1.70479073619e-24, 1.74891172662e-24, 6.23534986579e-25, 8.28157380126e-24, 6.7744637193e-24, 4.3011575895e-24, 7.92744783002e-24, 8.95079290615e-24, 2.56481431036e-23, 6.37258247544e-24, 1.81402036144e-23, 2.76436393385e-23, 2.89679821817e-23, 4.4165289702e-23, 4.88781182992e-23, 6.34683279332e-23, 9.0785798531e-23, 1.19682972558e-22, 1.74621745109e-22, 2.6557377241e-22, 3.42646820758e-22, 4.16463476533e-22, 5.12095481107e-22, 8.66221376618e-22, 1.30212950454e-21, 1.97936646545e-21],
        "var": [5.03442697664e-06, 0.0233166143298, 0.00330931739882, 4.74404987472e-05, 7.24012497813e-05, 9.56200710789e-06, 1.21156256228e-06, 3.69557055819e-05, 7.20745520084e-05, 3.65695632354e-05, 2.11159040191e-05, 1.13619398689e-05, 3.13837081194e-05, 9.50035064307e-06, 6.16270483533e-07, 3.88602802559e-06, 3.29578028868e-06, 2.75316938314e-06, 1.15284763069e-07, 7.06477436552e-08, 2.05887236149e-08, 1.23795473428e-07, 6.25819538413e-08, 3.41452133235e-09, 3.83860676578e-09, 7.93394072662e-10, 1.38641279013e-10]
    },
    "erbbands": {
        "dmean": [0.48277720809, 5.27307653427, 9.33957099915, 4.66140317917, 3.61721777916, 4.54199838638, 3.3761742115, 3.94796013832, 2.83228683472, 5.94127082825, 18.4815235138, 15.9741544724, 19.8066902161, 9.62561035156, 12.1466941833, 12.051618576, 20.3474407196, 14.8656148911, 4.45063924789, 3.30284166336, 5.04773664474, 5.33650875092, 6.36338806152, 1.99150764942, 1.17654454708, 0.904560267925, 0.367332041264, 0.310563504696, 0.430575668812, 0.493877768517, 0.440780311823, 0.128173753619, 0.0333368107677, 0.0339657589793, 0.0196230616421, 0.00685540679842, 0.00186352909077, 0.000432214001194, 9.11863753572e-05, 3.26288609358e-05],
        "dmean2": [0.767941117287, 8.45353889465, 14.3145112991, 7.39557409286, 5.33510541916, 7.32105875015, 5.36298465729, 6.50208759308, 4.57651662827, 9.17920684814, 31.0373287201, 25.4149703979, 34.791557312, 16.8263969421, 19.2485847473, 20.7824707031, 35.6929779053, 23.5973033905, 6.72776556015, 5.17826843262, 7.07092475891, 7.54746246338, 10.2729740143, 3.23096966743, 2.01609635353, 1.46847236156, 0.579432606697, 0.510177254677, 0.707946419716, 0.837370991707, 0.680368900299, 0.19596990943, 0.0509739667177, 0.0521656423807, 0.0298094507307, 0.00923169404268, 0.00197500712238, 0.00050056586042, 0.000101811965578, 4.77281464555e-05],
        "dvar": [5.85600090027, 758.82824707, 3518.73095703, 936.348022461, 252.968307495, 595.87310791, 405.99420166, 467.853942871, 147.22064209, 1113.6270752, 15224.2890625, 10900.2373047, 27035.5136719, 5362.09472656, 9270.48046875, 11669.1494141, 25638.9550781, 15612.2744141, 1316.03686523, 1256.67419434, 3088.46630859, 2144.06103516, 2462.37646484, 276.034240723, 59.4543762207, 91.185836792, 8.80890369415, 4.97777891159, 27.0870933533, 30.6746692657, 19.6687088013, 0.967586457729, 0.0436942651868, 0.0932046696544, 0.0274764858186, 0.00282969372347, 0.000358583929483, 1.76932589966e-05, 5.60903458791e-07, 2.14692583711e-08],
        "dvar2": [11.0485782623, 1628.9107666, 6301.98974609, 2227.76342773, 483.360290527, 1583.77124023, 916.144958496, 1011.2779541, 356.316070557, 2629.92285156, 41494.09375, 25931.3613281, 82109.78125, 12881.8671875, 17520.125, 32301.2890625, 72164.3828125, 45144.453125, 2998.52392578, 2442.74316406, 7199.36035156, 5021.42089844, 6333.98193359, 592.644592285, 149.171401978, 220.370422363, 21.4150447845, 12.9444732666, 76.9501113892, 89.657119751, 53.0660552979, 2.39154648781, 0.0730487182736, 0.212365299463, 0.0654986575246, 0.00520798750222, 0.000371147267288, 2.49762324529e-05, 6.54052939808e-07, 3.76483804132e-08],
        "max": [51.9466896057, 486.502227783, 1700.16796875, 698.720581055, 472.4012146, 674.182067871, 655.209228516, 776.196655273, 432.570373535, 909.704467773, 5040.70849609, 3621.98925781, 5426.84179688, 2735.12524414, 4978.60449219, 4351.53027344, 6504.43798828, 3788.73974609, 1756.19885254, 1673.078125, 2850.12817383, 2125.53051758, 1597.2623291, 767.101013184, 231.37147522, 327.380371094, 104.591812134, 94.812789917, 282.690490723, 271.935760498, 250.729110718, 49.3629455566, 11.7367544174, 10.7599849701, 7.58187198639, 2.46290779114, 1.06443619728, 0.247028961778, 0.0484019853175, 0.00249367346987],
        "mean": [0.646811366081, 7.0934047699, 11.5170125961, 5.09972476959, 5.49227762222, 5.57130432129, 4.61081981659, 5.80544662476, 4.85438585281, 9.1333656311, 26.3109073639, 28.199464798, 31.3574371338, 18.4528274536, 25.2298030853, 20.3597106934, 35.2340202332, 29.7063369751, 9.36427783966, 7.46708536148, 10.6710166931, 11.4401245117, 13.6381816864, 4.94390296936, 3.11486911774, 1.87790060043, 0.975955426693, 1.0015141964, 1.22581624985, 1.15027141571, 1.10585331917, 0.411359906197, 0.12112788111, 0.0958553552628, 0.0594495050609, 0.0201960988343, 0.00611946173012, 0.00148438522592, 0.000286814378342, 6.87882347847e-05],
        "median": [0.000940470723435, 0.00732532190159, 0.0224672053009, 0.0655745863914, 0.0504582114518, 0.0273236613721, 0.0242770910263, 0.0243837106973, 0.0143030807376, 0.0112966466695, 0.0105524212122, 0.00442527839914, 0.00257146940567, 0.00207075080834, 0.00235815835185, 0.00150185660459, 0.00147700193338, 0.00134460791014, 0.000878696213476, 0.000743563228752, 0.000772172003053, 0.000835074868519, 0.000810676079709, 0.000604001281317, 0.000517405860592, 0.000404366088333, 0.00032671817462, 0.000216344109504, 0.000138377232361, 0.000144818608533, 0.000126965256641, 8.04395822342e-05, 6.3624131144e-05, 2.85962469206e-05, 1.28535821204e-05, 8.164931387e-06, 5.85029738431e-06, 1.34058345793e-05, 2.21205900743e-05, 8.46710190672e-06],
        "min": [5.45438940253e-23, 6.83291121263e-22, 2.71454161216e-21, 2.41192538027e-21, 1.30402834448e-20, 2.49742984465e-20, 5.9274250506e-20, 7.11624256461e-20, 7.73151889127e-20, 1.69925774532e-19, 3.48840055492e-19, 3.14170150135e-19, 5.9480112496e-19, 6.58691521498e-19, 7.84469451817e-19, 1.03303226281e-18, 1.72575259884e-18, 1.61563345601e-18, 2.23067656944e-18, 2.95937616019e-18, 4.60251192399e-18, 4.53094094867e-18, 4.89467956097e-18, 5.88441936187e-18, 6.96536699223e-18, 8.53307773945e-18, 9.13217239708e-18, 8.64906417776e-18, 1.1027946284e-17, 1.23080330973e-17, 1.04374708483e-17, 1.09193267162e-17, 8.71793523556e-18, 8.35244796345e-18, 5.09541975203e-18, 4.16066719594e-18, 2.26735437818e-18, 9.12221707161e-19, 2.23451727242e-19, 2.75043757528e-20],
        "var": [12.0997714996, 1424.78149414, 5732.77636719, 1013.26739502, 747.035522461, 885.799987793, 829.422912598, 962.664611816, 437.501159668, 2064.26220703, 23762.3984375, 32342.2382812, 60154.4960938, 15563.6318359, 38928.8398438, 23122.6972656, 57427.5585938, 44513.234375, 3786.75830078, 3847.56054688, 11579.609375, 7699.02148438, 9131.50097656, 1009.04272461, 215.181213379, 195.594833374, 34.4099006653, 41.3808059692, 107.838249207, 91.8372192383, 81.9824752808, 6.80139684677, 0.385479211807, 0.461339086294, 0.18362633884, 0.0196445155889, 0.00285266595893, 0.000152566324687, 5.44385420653e-06, 6.37387245206e-08]
    },
    "gfcc": {
        "mean": [-448.684997559, 46.5338134766, -57.7850837708, -0.0488284640014, -17.007976532, 4.03059053421, -7.37803649902, -2.81255984306, -1.19260692596, -9.44361495972, 2.06556296349, -6.50437641144, -6.59709024429],
        "cov": [[124682.789062, 37515.3046875, -10352.2509766, 6093.35546875, -4911.17919922, 1544.28051758, -5068.42431641, 375.074462891, -3388.42529297, -976.413574219, -2430.63378906, -495.250061035, -2105.13378906], [37515.3046875, 17440.4746094, -1625.82714844, 1356.80859375, -821.188354492, 161.989074707, -1276.0144043, -50.8702392578, -703.007751465, -494.044647217, -692.43762207, -399.196258545, -690.802307129], [-10352.2509766, -1625.82714844, 5026.91894531, 2265.74072266, 838.475036621, 564.395263672, 1008.18829346, -87.4174880981, 508.612854004, 102.094985962, 291.457397461, -227.287704468, 374.196655273], [6093.35546875, 1356.80859375, 2265.74072266, 3374.08056641, -154.672470093, 717.946716309, 21.3185214996, 16.9361515045, -230.962371826, 15.5576667786, -60.1708183289, -169.961669922, 84.0847244263], [-4911.17919922, -821.188354492, 838.475036621, -154.672470093, 489.508270264, -76.6999893188, 325.555236816, -28.7834091187, 240.900878906, 28.6575565338, 166.904052734, -20.3777427673, 107.220283508], [1544.28051758, 161.989074707, 564.395263672, 717.946716309, -76.6999893188, 439.294006348, 73.3389282227, 66.0082015991, -52.0209159851, 66.911239624, -54.6517219543, -16.2853851318, 4.65603208542], [-5068.42431641, -1276.0144043, 1008.18829346, 21.3185214996, 325.555236816, 73.3389282227, 466.90222168, -6.38350105286, 232.696685791, 48.5716209412, 134.602645874, -27.3576545715, 101.731506348], [375.074462891, -50.8702392578, -87.4174880981, 16.9361515045, -28.7834091187, 66.0082015991, -6.38350105286, 68.7931213379, -4.3719830513, 29.296705246, -14.488527298, 18.9484348297, -13.5824422836], [-3388.42529297, -703.007751465, 508.612854004, -230.962371826, 240.900878906, -52.0209159851, 232.696685791, -4.3719830513, 223.025741577, 27.3329467773, 100.503517151, -6.69280099869, 65.9788284302], [-976.413574219, -494.044647217, 102.094985962, 15.5576667786, 28.6575565338, 66.911239624, 48.5716209412, 29.296705246, 27.3329467773, 73.9605484009, 22.2239990234, 27.4115371704, 21.0105552673], [-2430.63378906, -692.43762207, 291.457397461, -60.1708183289, 166.904052734, -54.6517219543, 134.602645874, -14.488527298, 100.503517151, 22.2239990234, 124.094024658, 4.09923410416, 57.5165939331], [-495.250061035, -399.196258545, -227.287704468, -169.961669922, -20.3777427673, -16.2853851318, -27.3576545715, 18.9484348297, -6.69280099869, 27.4115371704, 4.09923410416, 66.3932723999, 8.42098808289], [-2105.13378906, -690.802307129, 374.196655273, 84.0847244263, 107.220283508, 4.65603208542, 101.731506348, -13.5824422836, 65.9788284302, 21.0105552673, 57.5165939331, 8.42098808289, 81.3682632446]],
        "icov": [[9.2912625405e-05, -0.000141240336234, 0.000229452853091, -0.000230164863751, 0.000197350731469, -0.000225760813919, 0.000101437886769, 2.3226479243e-05, -0.000230251345783, 0.000105569597508, -8.00468842499e-06, -9.04683201952e-06, 0.000183297874173], [-0.000141240336234, 0.000358327291906, -0.000362520077033, 0.000293581513688, -0.000566203845665, 0.0001996064384, 0.000254765269347, 8.05576346465e-05, 0.000123260673718, 0.000339006714057, 0.00028697194648, 0.000327301968355, 0.000757176137995], [0.000229452853091, -0.000362520077033, 0.0018737151986, -0.00133616267703, -0.000248857511906, -0.00111012265552, -0.000744030112401, 0.00146828696597, -0.00235422095284, -0.000152299719048, 0.000895526027307, 0.00143020867836, -0.0016434538411], [-0.000230164863751, 0.000293581513688, -0.00133616267703, 0.00179259630386, 0.000109742024506, -0.000185775003047, 0.000416318478528, -0.00110522413161, 0.0027370438911, 7.49116006773e-05, -0.00125736324117, 0.00104685721453, -0.00146723701619], [0.000197350731469, -0.000566203845665, -0.000248857511906, 0.000109742024506, 0.00746910506859, 0.000710428575985, -0.00155702000484, -0.000769622332882, -0.001764341956, -0.000570083095226, -0.00426376843825, 0.000135887181386, -0.00215702969581], [-0.000225760813919, 0.0001996064384, -0.00111012265552, -0.000185775003047, 0.000710428575985, 0.00742460926995, -0.00291340169497, -0.00391571782529, 0.0028019072488, -0.00530563248321, 0.00301912194118, -0.000490791455377, -0.000206393247936], [0.000101437886769, 0.000254765269347, -0.000744030112401, 0.000416318478528, -0.00155702000484, -0.00291340169497, 0.00889775063843, 0.000127143648569, -0.00391216296703, 0.00189616181888, -0.00199578027241, 0.00183590082452, 0.00279722735286], [2.3226479243e-05, 8.05576346465e-05, 0.00146828696597, -0.00110522413161, -0.000769622332882, -0.00391571782529, 0.000127143648569, 0.0249525215477, -0.00577397504821, -0.00557745760307, 0.00200662505813, -0.00458745239303, 0.0060975048691], [-0.000230251345783, 0.000123260673718, -0.00235422095284, 0.0027370438911, -0.001764341956, 0.0028019072488, -0.00391216296703, -0.00577397504821, 0.0188537910581, -0.00216078385711, -0.00308739440516, 0.00158374733292, -0.00353187089786], [0.000105569597508, 0.000339006714057, -0.000152299719048, 7.49116006773e-05, -0.000570083095226, -0.00530563248321, 0.00189616181888, -0.00557745760307, -0.00216078385711, 0.0277975015342, -0.00388113921508, -0.00833664648235, 0.00216603372246], [-8.00468842499e-06, 0.00028697194648, 0.000895526027307, -0.00125736324117, -0.00426376843825, 0.00301912194118, -0.00199578027241, 0.00200662505813, -0.00308739440516, -0.00388113921508, 0.0212111342698, 1.34463798531e-05, -0.00380310183391], [-9.04683201952e-06, 0.000327301968355, 0.00143020867836, 0.00104685721453, 0.000135887181386, -0.000490791455377, 0.00183590082452, -0.00458745239303, 0.00158374733292, -0.00833664648235, 1.34463798531e-05, 0.0314864516258, -0.0107261352241], [0.000183297874173, 0.000757176137995, -0.0016434538411, -0.00146723701619, -0.00215702969581, -0.000206393247936, 0.00279722735286, 0.0060975048691, -0.00353187089786, 0.00216603372246, -0.00380310183391, -0.0107261352241, 0.0390121303499]]
    },
    "melbands": {
        "dmean": [0.00517970137298, 0.0051988279447, 0.000838950858451, 0.000264415895799, 0.000145881378558, 8.509059262e-05, 4.05037972087e-05, 8.09072880656e-05, 0.000146825172123, 0.000107083353214, 0.000103418715298, 4.09367385146e-05, 4.63129836135e-05, 3.36593875545e-05, 2.35682473431e-05, 6.26724722679e-05, 2.43567028519e-05, 9.07815865503e-06, 4.26688984589e-06, 6.77719481246e-06, 6.29244004813e-06, 5.75341664444e-06, 7.57363432058e-06, 4.57355918115e-06, 1.53060216235e-06, 1.22102926525e-06, 6.7768178269e-07, 6.62389084027e-07, 2.5494637157e-07, 2.16777877426e-07, 1.9358940051e-07, 1.56191731548e-07, 5.39898337593e-07, 1.70055159288e-07, 2.57831658246e-07, 1.92467354054e-07, 5.75721408325e-08, 2.54409915357e-08, 2.29870416035e-08, 3.70020742935e-08],
        "dmean2": [0.00835859309882, 0.00833785161376, 0.00132178352214, 0.000404666905524, 0.00023733364651, 0.000139570067404, 6.57859563944e-05, 0.000124338606838, 0.000247601128649, 0.00017354117881, 0.000181299983524, 7.00064847479e-05, 7.41806434235e-05, 5.93816621404e-05, 3.89973356505e-05, 0.000109984845039, 3.828125773e-05, 1.33092162287e-05, 6.89375428919e-06, 9.97916959022e-06, 9.12006453291e-06, 8.51342610986e-06, 1.21099210446e-05, 7.84838721302e-06, 2.41296334025e-06, 2.04409320759e-06, 1.17905722163e-06, 1.07191101506e-06, 3.95374996742e-07, 3.60871609928e-07, 3.03067707819e-07, 2.5533910275e-07, 9.31375780056e-07, 2.80857250345e-07, 4.19404415197e-07, 3.07363535512e-07, 8.69362253297e-08, 3.92505334901e-08, 3.32713163687e-08, 5.82340327071e-08],
        "dvar": [0.000697254901752, 0.000917596044019, 2.51251713053e-05, 1.3297442365e-06, 7.89154967151e-07, 2.02435700203e-07, 2.82674026408e-08, 1.9014690622e-07, 1.03237357507e-06, 5.65724519674e-07, 7.23825280602e-07, 1.12942558417e-07, 1.29350823386e-07, 7.41072128108e-08, 3.63999461683e-08, 2.46341500088e-07, 4.0597264217e-08, 5.09872943866e-09, 1.3971340751e-09, 1.07781064074e-08, 4.49359882637e-09, 2.8372295624e-09, 3.49136608513e-09, 1.70177127945e-09, 1.36408606632e-10, 4.21192317135e-11, 3.1529997363e-11, 5.71433247942e-11, 4.22347616949e-12, 2.44208472888e-12, 2.00328577511e-12, 1.9004719673e-12, 5.32964297695e-11, 2.00418653028e-12, 5.86078364659e-12, 4.19845018126e-12, 1.24158997428e-13, 2.38675385337e-14, 2.22835157715e-14, 1.35619298994e-13],
        "dvar2": [0.00131400779355, 0.00174833612982, 5.89358387515e-05, 2.96310895465e-06, 1.9922924821e-06, 4.45512142733e-07, 6.85021603886e-08, 4.31716046023e-07, 2.86662952931e-06, 1.45504145621e-06, 2.19820731218e-06, 2.76837710089e-07, 2.68681191073e-07, 2.11959445551e-07, 9.03664698626e-08, 7.11621737537e-07, 1.08604979232e-07, 1.10360067751e-08, 3.12926817791e-09, 2.32490542373e-08, 9.56129220242e-09, 7.0069430258e-09, 8.73803607249e-09, 4.49474857334e-09, 2.99189950592e-10, 1.04728795081e-10, 8.73918645783e-11, 1.37289235536e-10, 9.81617218065e-12, 7.01032244407e-12, 5.39286627507e-12, 5.17876063214e-12, 1.55571000526e-10, 5.59551667154e-12, 1.57323407773e-11, 1.06969303207e-11, 2.69898388578e-13, 4.83382085715e-14, 3.58371881161e-14, 3.3606507876e-13],
        "max": [0.538694798946, 0.67301928997, 0.115855671465, 0.0341955721378, 0.0228489860892, 0.0148670077324, 0.0059990384616, 0.0127783659846, 0.0414344370365, 0.0272875744849, 0.0279939528555, 0.0123678529635, 0.0202090013772, 0.00878387317061, 0.00765415700153, 0.0195355955511, 0.00657918769866, 0.00301756407134, 0.00170335301664, 0.00539485551417, 0.00383064569905, 0.0026061150711, 0.00173601927236, 0.001591184875, 0.000532729667611, 0.000189469166799, 0.000176333836862, 0.000266852875939, 5.97349135205e-05, 5.20712019352e-05, 6.40295620542e-05, 7.70323822508e-05, 0.000362951017451, 6.03508960921e-05, 0.000135494061396, 0.00010359789303, 1.8858758267e-05, 8.1432162915e-06, 8.27138592285e-06, 1.36496219056e-05],
        "mean": [0.00721203209832, 0.00749774463475, 0.000978174270131, 0.000386265164707, 0.000191102182725, 0.000129224514239, 7.09995001671e-05, 0.000124432452139, 0.000206667798921, 0.000187811994692, 0.000154409310198, 7.07292783773e-05, 8.95861012395e-05, 5.42204361409e-05, 4.81619463244e-05, 9.51710899244e-05, 4.9188893172e-05, 1.64328121173e-05, 8.18616354081e-06, 1.21646662592e-05, 1.30647267724e-05, 1.14348558782e-05, 1.44369496411e-05, 9.07348112378e-06, 3.37567871611e-06, 2.86399722427e-06, 1.44455793816e-06, 1.22165465655e-06, 5.97563087013e-07, 5.8279994164e-07, 5.40072846889e-07, 4.74247684679e-07, 1.14993599709e-06, 4.15953962829e-07, 6.45180591619e-07, 4.7493222155e-07, 1.8680066205e-07, 8.30671211816e-08, 6.14457462689e-08, 9.27773342596e-08],
        "median": [7.83873383625e-06, 9.2053805929e-06, 1.34408765007e-05, 2.36935193243e-06, 8.86827876911e-07, 5.34817445441e-07, 1.98850543143e-07, 1.19575773283e-07, 7.37298506692e-08, 2.55233789659e-08, 1.16462226529e-08, 7.29195948068e-09, 8.41354186321e-09, 4.47210313226e-09, 2.84973489251e-09, 3.22233661976e-09, 2.01753147522e-09, 1.43089151639e-09, 9.82797732085e-10, 9.27410870322e-10, 8.60424398397e-10, 8.77557748691e-10, 7.13369530114e-10, 6.08567252147e-10, 4.25004087479e-10, 3.73788777708e-10, 2.88864543396e-10, 2.32793881394e-10, 2.06762440502e-10, 1.4519446756e-10, 9.66825022819e-11, 6.69439503831e-11, 7.71214619943e-11, 7.45034797744e-11, 7.05373467969e-11, 6.04524902359e-11, 3.66909211347e-11, 3.55772737659e-11, 3.14384421274e-11, 1.72923585173e-11],
        "min": [1.0809627864e-24, 1.33855190436e-24, 5.01405365473e-25, 1.81485260969e-24, 2.140955875e-24, 1.40264320443e-24, 1.04742367476e-24, 1.64687207549e-24, 3.455658049e-24, 1.73919887673e-24, 2.30635870758e-24, 2.24723121615e-24, 1.86372352885e-24, 2.40341995614e-24, 2.15885434007e-24, 2.35991309392e-24, 2.64007566391e-24, 3.32213426889e-24, 3.65361993215e-24, 3.17444570237e-24, 4.03037832277e-24, 3.65015604392e-24, 2.94049854852e-24, 4.85769895813e-24, 3.63472276917e-24, 4.69732708597e-24, 4.37732053217e-24, 4.96227667061e-24, 5.4495383024e-24, 5.47501298761e-24, 4.65649091235e-24, 5.80731433305e-24, 5.98432367613e-24, 6.47804568429e-24, 5.45032558558e-24, 5.40105372787e-24, 5.78269043432e-24, 4.82957172812e-24, 6.15173928731e-24, 6.25650948185e-24],
        "var": [0.00147355778608, 0.00173466000706, 2.95143327094e-05, 3.24228221871e-06, 1.34732579227e-06, 4.43634377234e-07, 8.74005081641e-08, 3.85383714274e-07, 1.51749827637e-06, 1.58632133207e-06, 1.51401798121e-06, 2.66469072585e-07, 5.06578771819e-07, 1.37892484986e-07, 1.15245079257e-07, 4.54746157175e-07, 1.28808693489e-07, 1.3372613239e-08, 3.3751936801e-09, 2.12092849949e-08, 1.79525159183e-08, 8.92916052209e-09, 1.02519033263e-08, 4.94449015065e-09, 4.4110637365e-10, 1.72785119545e-10, 6.54205717376e-11, 1.09753713062e-10, 1.44974466459e-11, 1.2346529181e-11, 1.30689105371e-11, 1.08604236715e-11, 1.41757383609e-10, 7.65484377274e-12, 2.68923928265e-11, 1.59005985462e-11, 1.08748145038e-12, 1.92826047555e-13, 1.07740164988e-13, 5.92743681829e-13]
    },
    "mfcc": {
        "mean": [-950.27331543, 101.426887512, 19.3115348816, 14.7962398529, 11.6240739822, 8.46860122681, 5.06786823273, 7.47988986969, 0.0410321466625, 2.55874943733, 3.73490953445, 1.55762648582, -0.993425011635],
        "cov": [[35084.0390625, 10651.1289062, -2991.84667969, -501.823638916, -209.311309814, -133.115753174, -555.794799805, 604.760681152, -899.433349609, -213.717544556, 171.215301514, -358.732757568, -584.072875977], [10651.1289062, 7347.94824219, 414.791015625, 209.179611206, 465.005889893, 91.6327590942, -14.1387701035, 326.228607178, -20.4188480377, -28.9100227356, 206.716445923, 246.805648804, -116.115715027], [-2991.84667969, 414.791015625, 3347.08203125, 2037.04406738, 1001.2701416, 970.592224121, 719.485717773, 309.124694824, 475.373443604, 319.839019775, 161.658035278, 157.026229858, 141.810134888], [-501.823638916, 209.179611206, 2037.04406738, 1801.9342041, 843.718139648, 681.282958984, 527.212585449, 239.960678101, 211.522644043, 244.84085083, 50.8463096619, 18.8441390991, 81.0402374268], [-209.311309814, 465.005889893, 1001.2701416, 843.718139648, 535.002929688, 315.908691406, 243.146118164, 110.832214355, 98.246635437, 121.354598999, 16.3017082214, 14.2875995636, 61.0420188904], [-133.115753174, 91.6327590942, 970.592224121, 681.282958984, 315.908691406, 400.300323486, 279.056732178, 145.772445679, 144.70552063, 134.218093872, 64.9017791748, 20.4059638977, 46.814956665], [-555.794799805, -14.1387701035, 719.485717773, 527.212585449, 243.146118164, 279.056732178, 283.182250977, 117.695411682, 106.415565491, 129.290390015, 49.7819442749, 24.3091278076, 59.6451530457], [604.760681152, 326.228607178, 309.124694824, 239.960678101, 110.832214355, 145.772445679, 117.695411682, 118.848625183, 62.4823188782, 56.1013870239, 51.8022079468, 16.3049240112, 9.53778171539], [-899.433349609, -20.4188480377, 475.373443604, 211.522644043, 98.246635437, 144.70552063, 106.415565491, 62.4823188782, 135.75592041, 57.5053634644, 43.44713974, 53.9901428223, 28.4608192444], [-213.717544556, -28.9100227356, 319.839019775, 244.84085083, 121.354598999, 134.218093872, 129.290390015, 56.1013870239, 57.5053634644, 105.757209778, 35.0594825745, 18.0764789581, 48.2346458435], [171.215301514, 206.716445923, 161.658035278, 50.8463096619, 16.3017082214, 64.9017791748, 49.7819442749, 51.8022079468, 43.44713974, 35.0594825745, 64.4795303345, 35.3069458008, 4.98984193802], [-358.732757568, 246.805648804, 157.026229858, 18.8441390991, 14.2875995636, 20.4059638977, 24.3091278076, 16.3049240112, 53.9901428223, 18.0764789581, 35.3069458008, 78.7231369019, 19.9130020142], [-584.072875977, -116.115715027, 141.810134888, 81.0402374268, 61.0420188904, 46.814956665, 59.6451530457, 9.53778171539, 28.4608192444, 48.2346458435, 4.98984193802, 19.9130020142, 66.8244552612]],
