{
"lowlevel": {
    "average_loudness": 0.108629569411,
    "barkbands_crest": {
        "dmean": 2.41789340973,
        "dmean2": 4.0042309761,
        "dvar": 5.82262086868,
        "dvar2": 14.567609787,
        "max": 26.2210407257,
        "mean": 13.9301404953,
        "median": 12.900551796,
        "min": 2.86959815025,
        "var": 25.4480171204
    },
    "barkbands_flatness_db": {
        "dmean": 0.0202648863196,
        "dmean2": 0.0324626713991,
        "dvar": 0.000458308088128,
        "dvar2": 0.00109017291106,
        "max": 0.435713499784,
        "mean": 0.282360285521,
        "median": 0.294693857431,
        "min": 0.0447593145072,
        "var": 0.00368585530668
    },
    "barkbands_kurtosis": {
        "dmean": 2.76073265076,
        "dmean2": 4.36486625671,
        "dvar": 20.8992424011,
        "dvar2": 49.4309577942,
        "max": 138.830474854,
        "mean": 5.18441677094,
        "median": 3.05381011963,
        "min": -1.7697981596,
        "var": 66.8479309082
    },
    "barkbands_skewness": {
        "dmean": 0.561171591282,
        "dmean2": 0.863845169544,
        "dvar": 0.347726553679,
        "dvar2": 0.794875919819,
        "max": 6.24416780472,
        "mean": 0.787679672241,
        "median": 0.701036214828,
        "min": -6.9667930603,
        "var": 1.94439673424
    },
    "barkbands_spread": {
        "dmean": 1.66183519363,
        "dmean2": 2.58603739738,
        "dvar": 3.33668541908,
        "dvar2": 7.97840166092,
        "max": 32.4517097473,
        "mean": 7.03578805923,
        "median": 5.6442065239,
        "min": 0.268484920263,
        "var": 24.5376911163
    },
    "dissonance": {
        "dmean": 0.0403217971325,
        "dmean2": 0.0690367370844,
        "dvar": 0.00153421820141,
        "dvar2": 0.00430182227865,
        "max": 0.499999791384,
        "mean": 0.389029175043,
        "median": 0.398587673903,
        "min": 0.173403009772,
        "var": 0.00432689767331
    },
    "dynamic_complexity": 4.79902362823,
    "erbbands_crest": {
        "dmean": 2.75224328041,
        "dmean2": 4.46324443817,
        "dvar": 8.56387901306,
        "dvar2": 20.4772262573,
        "max": 34.1840667725,
        "mean": 16.3512153625,
        "median": 15.1115579605,
        "min": 3.65276122093,
        "var": 50.4482574463
    },
    "erbbands_flatness_db": {
        "dmean": 0.0172856189311,
        "dmean2": 0.0276190191507,
        "dvar": 0.00037101568887,
        "dvar2": 0.000842858396936,
        "max": 0.500529050827,
        "mean": 0.328422129154,
        "median": 0.334312498569,
        "min": 0.121577017009,
        "var": 0.00440277624875
    },
    "erbbands_kurtosis": {
        "dmean": 1.93952310085,
        "dmean2": 2.97056531906,
        "dvar": 15.328546524,
        "dvar2": 31.8920764923,
        "max": 91.8925170898,
        "mean": 3.01773500443,
        "median": 0.709627389908,
        "min": -1.85184276104,
        "var": 51.7905387878
    },
    "erbbands_skewness": {
        "dmean": 0.413973838091,
        "dmean2": 0.637634217739,
        "dvar": 0.208697736263,
        "dvar2": 0.474173754454,
        "max": 5.45419216156,
        "mean": 0.629353702068,
        "median": 0.641791462898,
        "min": -5.9491481781,
        "var": 1.41988563538
    },
    "erbbands_spread": {
        "dmean": 2.26093935966,
        "dmean2": 3.60996508598,
        "dvar": 6.88152599335,
        "dvar2": 16.8107128143,
        "max": 38.5282859802,
        "mean": 12.3150472641,
        "median": 10.7502222061,
        "min": 0.737542450428,
        "var": 53.6691970825
    },
    "hfc": {
        "dmean": 2.74707341194,
        "dmean2": 4.02840328217,
        "dvar": 102.212547302,
        "dvar2": 216.093154907,
        "max": 277.851989746,
        "mean": 9.13842964172,
        "median": 5.06975078583,
        "min": 0.0943663418293,
        "var": 239.857208252
    },
    "melbands_crest": {
        "dmean": 3.05966067314,
        "dmean2": 5.04971647263,
        "dvar": 9.18196392059,
        "dvar2": 22.7553024292,
        "max": 35.5129966736,
        "mean": 18.021156311,
        "median": 17.5932312012,
        "min": 4.05348062515,
        "var": 34.349445343
    },
    "melbands_flatness_db": {
        "dmean": 0.0228738840669,
        "dmean2": 0.0361715443432,
        "dvar": 0.000610575429164,
        "dvar2": 0.00146062148269,
        "max": 0.52781701088,
        "mean": 0.368495047092,
        "median": 0.381065905094,
        "min": 0.098799712956,
        "var": 0.00481383968145
    },
    "melbands_kurtosis": {
        "dmean": 3.04496955872,
        "dmean2": 4.87882709503,
        "dvar": 15.970790863,
        "dvar2": 38.8031082153,
        "max": 63.9491043091,
        "mean": 5.84476423264,
        "median": 3.56205320358,
        "min": -1.86736702919,
        "var": 56.3515586853
    },
    "melbands_skewness": {
        "dmean": 0.558405458927,
        "dmean2": 0.87499320507,
        "dvar": 0.325124651194,
        "dvar2": 0.756669938564,
        "max": 6.41476202011,
        "mean": 1.01332974434,
        "median": 0.878639578819,
        "min": -5.21754455566,
        "var": 2.10010886192
    },
    "melbands_spread": {
        "dmean": 2.97313952446,
        "dmean2": 4.49981069565,
        "dvar": 11.3136806488,
        "dvar2": 23.6732349396,
        "max": 63.3053016663,
        "mean": 11.1795463562,
        "median": 8.36154556274,
        "min": 0.677476108074,
        "var": 70.1960601807
    },
    "pitch_salience": {
        "dmean": 0.0642756223679,
        "dmean2": 0.107173077762,
        "dvar": 0.00429995544255,
        "dvar2": 0.011439409107,
        "max": 0.833564043045,
        "mean": 0.454723060131,
        "median": 0.460626155138,
        "min": 0.10285333544,
        "var": 0.0145484674722
    },
    "silence_rate_20dB": {
        "dmean": 0,
        "dmean2": 0,
        "dvar": 0,
        "dvar2": 0,
        "max": 1,
        "mean": 1,
        "median": 1,
        "min": 1,
        "var": 0
    },
    "silence_rate_30dB": {
        "dmean": 0.0100619196892,
        "dmean2": 0.0201316289604,
        "dvar": 0.00996056385338,
        "dvar2": 0.0235971286893,
        "max": 1,
        "mean": 0.981818199158,
        "median": 1,
        "min": 0,
        "var": 0.0178520642221
    },
    "silence_rate_60dB": {
        "dmean": 0.063080497086,
        "dmean2": 0.126209840178,
        "dvar": 0.0591027475893,
        "dvar2": 0.121896237135,
        "max": 1,
        "mean": 0.235976785421,
        "median": 0,
        "min": 0,
        "var": 0.180294603109
    },
    "spectral_centroid": {
        "dmean": 71.9400787354,
        "dmean2": 108.916809082,
        "dvar": 11457.0107422,
        "dvar2": 23071.734375,
        "max": 3220.86547852,
        "mean": 712.038146973,
        "median": 685.639465332,
        "min": 213.326934814,
        "var": 95167.609375
    },
    "spectral_complexity": {
        "dmean": 1.31269347668,
        "dmean2": 2.14943861961,
        "dvar": 2.13438391685,
        "dvar2": 4.55303621292,
        "max": 34,
        "mean": 8.46615123749,
        "median": 7,
        "min": 0,
        "var": 26.4168281555
    },
    "spectral_decrease": {
        "dmean": 1.35609246055e-09,
        "dmean2": 2.08084438569e-09,
        "dvar": 8.22881258601e-18,
        "dvar2": 1.8653531618e-17,
        "max": -3.40647961228e-11,
        "mean": -4.65346472467e-09,
        "median": -2.12845985281e-09,
        "min": -6.56495799944e-08,
        "var": 4.71967817001e-17
    },
    "spectral_energy": {
        "dmean": 0.00535113783553,
        "dmean2": 0.00819559860975,
        "dvar": 0.000131913169753,
        "dvar2": 0.000296960759442,
        "max": 0.270287960768,
        "mean": 0.0183921009302,
        "median": 0.00857891235501,
        "min": 0.00013712773216,
        "var": 0.00072805408854
    },
    "spectral_energyband_high": {
        "dmean": 8.69875748322e-06,
        "dmean2": 1.26633003674e-05,
        "dvar": 6.94107926691e-09,
        "dvar2": 1.63837849954e-08,
        "max": 0.00342664285563,
        "mean": 1.21560333355e-05,
        "median": 9.98313453238e-07,
        "min": 7.87975267258e-08,
        "var": 7.68574270893e-09
    },
    "spectral_energyband_low": {
        "dmean": 0.00212566182017,
        "dmean2": 0.00344102131203,
        "dvar": 3.29833783326e-05,
        "dvar2": 8.40905195219e-05,
        "max": 0.140069171786,
        "mean": 0.0043734414503,
        "median": 0.000389105378417,
        "min": 1.62029073181e-06,
        "var": 0.000123393445392
    },
    "spectral_energyband_middle_high": {
        "dmean": 0.00136261933949,
        "dmean2": 0.00179890647996,
        "dvar": 5.6244814914e-05,
        "dvar2": 0.000105786995846,
        "max": 0.256502836943,
        "mean": 0.00342942937277,
        "median": 0.00136562786065,
        "min": 3.41254453815e-05,
        "var": 0.000113825204608
    },
    "spectral_energyband_middle_low": {
        "dmean": 0.00365616101772,
        "dmean2": 0.00579729443416,
        "dvar": 5.54291582375e-05,
        "dvar2": 0.000139092036989,
        "max": 0.182081982493,
        "mean": 0.0117649901658,
        "median": 0.00511514768004,
        "min": 7.16291106073e-05,
        "var": 0.000309178547468
    },
    "spectral_entropy": {
        "dmean": 0.19890332222,
        "dmean2": 0.3275347054,
        "dvar": 0.064978800714,
        "dvar2": 0.164266511798,
        "max": 8.08113670349,
        "mean": 6.01397800446,
        "median": 5.94679641724,
        "min": 4.47455644608,
        "var": 0.325189232826
    },
    "spectral_flux": {
        "dmean": 0.0165350753814,
        "dmean2": 0.0271228700876,
        "dvar": 0.000592289841734,
        "dvar2": 0.00148993497714,
        "max": 0.475830465555,
        "mean": 0.0418533608317,
        "median": 0.0280428808182,
        "min": 0.00364143005572,
        "var": 0.00145700760186
    },
    "spectral_kurtosis": {
        "dmean": 14.4933786392,
        "dmean2": 25.0246715546,
        "dvar": 155.518798828,
        "dvar2": 439.343048096,
        "max": 120.791969299,
        "mean": 43.399848938,
        "median": 41.6906471252,
        "min": 1.53921842575,
        "var": 547.589355469
    },
    "spectral_rms": {
        "dmean": 0.000538421503734,
        "dmean2": 0.00080643419642,
        "dvar": 5.51831533357e-07,
        "dvar2": 1.18798448057e-06,
        "max": 0.0162387061864,
        "mean": 0.00349721265957,
        "median": 0.00289303832687,
        "min": 0.000365763786249,
        "var": 5.71301688979e-06
    },
    "spectral_rolloff": {
        "dmean": 102.982307434,
        "dmean2": 182.468994141,
        "dvar": 37117.3554688,
        "dvar2": 79842.4765625,
        "max": 4048.2421875,
        "mean": 876.767333984,
        "median": 861.328125,
        "min": 172.265625,
        "var": 181890.40625
    },
    "spectral_skewness": {
        "dmean": 0.943921089172,
        "dmean2": 1.63779437542,
        "dvar": 0.613051354885,
        "dvar2": 1.76361346245,
        "max": 9.00130844116,
        "mean": 4.45356416702,
        "median": 4.42064094543,
        "min": 0.779760658741,
        "var": 2.16698455811
    },
    "spectral_spread": {
        "dmean": 265531.34375,
        "dmean2": 464628.8125,
        "dvar": 81879343104,
        "dvar2": 196252024832,
        "max": 9053426,
        "mean": 1529556.375,
        "median": 1390464,
        "min": 698977.375,
        "var": 357538529280
    },
    "spectral_strongpeak": {
        "dmean": 0.473082989454,
        "dmean2": 0.760901093483,
        "dvar": 0.805945456028,
        "dvar2": 1.51880705357,
        "max": 21.9202976227,
        "mean": 1.42258322239,
        "median": 1.03908634186,
        "min": 0.00979351717979,
        "var": 2.40366983414
    },
    "zerocrossingrate": {
        "dmean": 0.00314151542261,
        "dmean2": 0.00379585265182,
        "dvar": 1.30178132167e-05,
        "dvar2": 1.58887778525e-05,
        "max": 0.1044921875,
        "mean": 0.0325922556221,
        "median": 0.03125,
        "min": 0.0068359375,
        "var": 0.000187250989256
    },
    "barkbands": {
        "dmean": [8.37314928503e-07, 0.000283024361124, 0.00169222289696, 0.00134015455842, 0.000751723884605, 0.00131773657631, 0.0006787677994, 0.000622938387096, 0.00031433039112, 0.000577107595745, 0.000266643037321, 6.52365779388e-05, 0.000289711286314, 0.000139296607813, 0.000340054859407, 2.40427125391e-05, 1.51612439367e-05, 1.20990562209e-05, 9.36466312851e-06, 6.02035834163e-06, 1.65646986261e-06, 1.53912105816e-06, 4.66650050157e-07, 1.2692460416e-07, 6.46372981805e-08, 2.85448038539e-08, 1.881237921e-08],
        "dmean2": [1.37794927468e-06, 0.000485048250994, 0.00282734259963, 0.00177942856681, 0.00126408971846, 0.00236914353445, 0.00110073911492, 0.00100130925421, 0.000415872607846, 0.000817280495539, 0.000357160228305, 0.000102608290035, 0.000331979099428, 0.000208060679142, 0.000500196416397, 3.33651041728e-05, 2.2658803573e-05, 1.90212031157e-05, 1.4128827388e-05, 8.70940857567e-06, 2.64189748123e-06, 2.22402422878e-06, 7.73591864345e-07, 2.16820851051e-07, 1.07754694056e-07, 5.03207751024e-08, 3.12396686297e-08],
        "dvar": [9.90714021237e-12, 4.40985189698e-07, 2.12091672438e-05, 2.09391728276e-05, 8.27691928862e-06, 1.84113487194e-05, 2.65958328782e-06, 2.15493059841e-06, 1.71086151113e-06, 2.89912040898e-05, 1.89295849395e-06, 4.49771100364e-08, 2.90979346573e-06, 2.43486596219e-07, 1.91898088815e-05, 9.24863563512e-09, 7.75011077536e-09, 5.43409717224e-09, 2.09855244293e-09, 5.78900571924e-09, 2.0433631176e-10, 1.86198959029e-10, 2.01126094945e-11, 1.15156549661e-12, 6.39625613759e-13, 8.68543044018e-14, 6.60897499447e-15],
        "dvar2": [2.21685152874e-11, 1.29089755774e-06, 5.84873232583e-05, 3.75427225663e-05, 2.44891580223e-05, 6.32041410427e-05, 7.12741120878e-06, 5.39743996342e-06, 2.59909506894e-06, 4.72035608254e-05, 3.71157852896e-06, 9.82190400123e-08, 3.66814765584e-06, 5.95257688474e-07, 4.46641279268e-05, 1.48365391084e-08, 1.70496399221e-08, 1.31703679074e-08, 5.00840258155e-09, 1.39817553091e-08, 4.53117848798e-10, 4.15930678788e-10, 4.47130422965e-11, 2.76400755582e-12, 1.7012787663e-12, 2.40525481476e-13, 7.86271716409e-15],
        "max": [7.33044071239e-05, 0.020825009793, 0.117968127131, 0.0820389091969, 0.0831767916679, 0.0843981802464, 0.0282768327743, 0.0200819503516, 0.0418758168817, 0.230636566877, 0.0398411862552, 0.00533579522744, 0.0863523632288, 0.0110984668136, 0.151171833277, 0.00338718690909, 0.00363426329568, 0.00263418629766, 0.00148346845526, 0.0032049540896, 0.000377375778044, 0.000494558888022, 0.00017956989177, 3.09662791551e-05, 3.16046134685e-05, 1.00788984128e-05, 4.06719254897e-06],
        "mean": [9.06020147795e-07, 0.000430038227933, 0.00293759303167, 0.00231353822164, 0.00149413384497, 0.00330546288751, 0.00167361483909, 0.0012854761444, 0.00131695298478, 0.00115254998673, 0.00066202133894, 0.00020668504294, 0.000629697402474, 0.000326730689267, 0.00051390909357, 5.45246475667e-05, 3.55299016519e-05, 2.01835628104e-05, 1.89133297681e-05, 7.27045517124e-06, 3.14812837132e-06, 2.15245336221e-06, 6.18005685737e-07, 1.78940737783e-07, 9.15529838608e-08, 4.62283402669e-08, 1.16969488317e-07],
        "median": [1.57519750132e-07, 9.04899061425e-05, 0.000194902851945, 2.74347585218e-05, 5.55138030904e-05, 9.11122333491e-05, 0.000461513351183, 0.000285248563159, 0.000131290595164, 0.000175942695932, 0.000165653502336, 3.19925493386e-05, 7.13560802978e-05, 7.95460728114e-05, 3.04363711621e-05, 1.28929259517e-05, 6.32566298009e-06, 2.3751460958e-06, 2.07377024708e-06, 4.69848743023e-07, 1.87359788129e-07, 9.98162619226e-08, 3.18582742409e-08, 1.70026890345e-08, 1.40149003514e-08, 1.41704497025e-08, 1.12397501084e-07],
        "min": [4.39527386709e-10, 2.6789803087e-07, 3.59835098607e-07, 2.03493950579e-08, 1.7096250815e-07, 2.36813562537e-07, 9.15223267839e-07, 1.90660125554e-06, 2.54519318332e-06, 1.41717202951e-06, 8.7467759613e-07, 9.81110872544e-08, 5.31829584816e-07, 4.42240377652e-07, 4.68244820695e-08, 1.1514469378e-07, 1.13506224864e-07, 2.67124744546e-09, 2.78692215971e-08, 2.66238942004e-09, 1.44063294627e-09, 1.42347678089e-09, 9.67547708619e-10, 1.49331491617e-09, 1.68316904858e-09, 9.36379751515e-10, 3.9310254607e-08],
        "var": [1.17398851057e-11, 1.44816749525e-06, 6.90532615408e-05, 5.59195395908e-05, 2.27804084716e-05, 7.01519093127e-05, 7.85694373917e-06, 5.66515382161e-06, 1.41470891322e-05, 5.56714476261e-05, 4.28208522862e-06, 2.83365238829e-07, 8.20972218207e-06, 6.85734107719e-07, 2.63944421022e-05, 2.43331559346e-08, 1.8523852674e-08, 8.82714523698e-09, 5.46497291865e-09, 5.51334089494e-09, 4.81041650957e-10, 2.92682433845e-10, 3.36377314891e-11, 1.35394755303e-12, 5.99332378431e-13, 6.39896393251e-14, 6.90419011703e-15]
    },
    "erbbands": {
        "dmean": [0.00269175181165, 0.102833263576, 1.44044065475, 2.91417217255, 3.21015286446, 3.22658395767, 3.96105575562, 14.2637777328, 7.70203065872, 18.7075214386, 6.08320188522, 8.82659244537, 9.65027236938, 17.653678894, 11.2723693848, 3.3784840107, 14.0761508942, 8.44253253937, 21.1872196198, 3.43109226227, 1.19853341579, 0.845962643623, 0.705107688904, 0.589497447014, 0.277489125729, 0.391297459602, 0.0861873179674, 0.0745621696115, 0.0499444305897, 0.0310201831162, 0.0113923912868, 0.0035369284451, 0.00201724027283, 0.000843387271743, 0.000249820499448, 0.000165183402714, 3.94010494347e-05, 1.35626341944e-05, 4.12059716837e-06, 6.10124061495e-06],
        "dmean2": [0.00460428325459, 0.176897779107, 2.45398235321, 4.01079177856, 4.50036478043, 5.61020612717, 7.15226650238, 25.6336040497, 12.217382431, 30.622177124, 9.59662246704, 11.5448102951, 15.8014545441, 22.7337875366, 15.1396951675, 4.7949924469, 16.2832832336, 11.6414470673, 30.8666763306, 4.99773263931, 1.64244234562, 1.26159334183, 1.10383617878, 0.940895497799, 0.378539562225, 0.562720298767, 0.127168223262, 0.117585659027, 0.0697033926845, 0.0490904599428, 0.0176523402333, 0.00570299290121, 0.00345578370616, 0.00140825449489, 0.000409659754951, 0.000294034573017, 6.65515835863e-05, 2.25955245696e-05, 6.50635365673e-06, 9.3341432148e-06],
        "dvar": [3.51099661202e-05, 0.0605474375188, 15.2817745209, 79.661277771, 113.200523376, 223.959030151, 154.833831787, 2253.40893555, 362.582458496, 1793.86608887, 156.02545166, 1372.03869629, 2968.84716797, 38939.4257812, 3721.9206543, 103.786849976, 5215.74511719, 1019.9520874, 70916.640625, 1011.20996094, 18.583820343, 30.6994667053, 13.382027626, 10.0728807449, 1.97529530525, 28.5251846313, 0.282081097364, 0.340782850981, 0.165056169033, 0.0771020725369, 0.0175002627075, 0.000932273396757, 0.000309835566441, 8.98630678421e-05, 4.14948726757e-06, 2.83739564111e-06, 1.26527950783e-07, 7.25283255676e-09, 1.54238635752e-10, 1.76029205101e-10],
        "dvar2": [9.70270994003e-05, 0.170483604074, 42.4141769409, 155.651611328, 209.540267944, 671.678039551, 507.826019287, 7676.44970703, 930.065612793, 4688.31640625, 397.226837158, 2059.74487305, 7448.56738281, 60339.9570312, 7320.52734375, 208.718276978, 6628.24169922, 1917.78820801, 163824.234375, 2342.34057617, 34.3891868591, 66.7313919067, 32.2564926147, 26.4189414978, 3.92108607292, 68.9821243286, 0.635793030262, 0.753075182438, 0.348734736443, 0.174833551049, 0.0299455709755, 0.00200909120031, 0.000811862875707, 0.000241386645939, 9.83545305644e-06, 7.90619560576e-06, 3.27806873202e-07, 1.54047565815e-08, 1.98781574534e-10, 3.92329890797e-10],
        "max": [0.125150501728, 9.02879619598, 121.506210327, 141.999526978, 229.238372803, 443.248077393, 218.329589844, 926.666015625, 403.988800049, 687.086364746, 242.474761963, 1187.58422852, 1283.37011719, 8793.51171875, 1887.00634766, 272.039337158, 3405.76977539, 1188.80493164, 9316.82421875, 1085.85473633, 118.30606842, 235.039230347, 131.591644287, 83.8288803101, 63.0466842651, 225.053344727, 15.5441246033, 13.5046520233, 15.6138715744, 10.6203117371, 6.33433771133, 1.3478988409, 0.522438168526, 0.36940035224, 0.069958075881, 0.0593226514757, 0.0121557991952, 0.00258861877955, 0.000590289419051, 0.000321079249261],
        "mean": [0.00414705462754, 0.179407343268, 2.63356947899, 5.77578163147, 5.71696901321, 6.61628103256, 8.85063076019, 33.2198181152, 24.9494743347, 39.7479400635, 16.7305431366, 37.8056106567, 22.3422107697, 34.9863052368, 28.8315830231, 10.7066497803, 32.2150611877, 20.2003593445, 33.4015541077, 6.14795780182, 2.78836464882, 2.05575346947, 1.3938574791, 1.00780701637, 0.663241744041, 0.469774574041, 0.155983403325, 0.121818214655, 0.0795297622681, 0.035353358835, 0.0170431882143, 0.00556267099455, 0.00270452490076, 0.00120413198601, 0.000425352336606, 0.000262382323854, 7.30508327251e-05, 3.31870032824e-05, 2.15015043068e-05, 2.29702764045e-05],
        "median": [0.00132552871946, 0.0320173762739, 0.20909640193, 0.2250829041, 0.130791291595, 0.189321011305, 0.402526259422, 1.34872925282, 5.30402183533, 10.4677467346, 6.56268644333, 4.29381322861, 5.52897596359, 7.20518493652, 8.77655029297, 3.01377797127, 4.60984134674, 5.67819690704, 2.80543613434, 1.24386227131, 0.600004315376, 0.370875388384, 0.221542805433, 0.144832119346, 0.0764802023768, 0.0313729532063, 0.0151149071753, 0.0064732064493, 0.00411732075736, 0.00184829579666, 0.000865905545652, 0.000466871657409, 0.000277300801827, 0.000170376035385, 0.000108718711999, 6.43301173113e-05, 3.21735387843e-05, 2.32489546761e-05, 1.67958605743e-05, 1.19701053336e-05],
        "min": [6.78050218994e-06, 0.000163048811373, 0.000329758040607, 0.000651203794405, 0.000571886950638, 0.000489116238896, 0.00133514404297, 0.00266168755479, 0.022996718064, 0.0951283350587, 0.0895657390356, 0.0773788765073, 0.093305721879, 0.062449477613, 0.131531715393, 0.0351707078516, 0.0726628899574, 0.0959533676505, 0.0415964461863, 0.011396384798, 0.00651695998386, 0.006534520071, 0.00099529477302, 0.00206672470085, 0.000856386963278, 0.000682572368532, 0.000168552753166, 6.6516091465e-05, 6.10989518464e-05, 4.95736021549e-05, 3.11798976327e-05, 3.1968113035e-05, 2.44597831625e-05, 2.3213429813e-05, 1.51357726281e-05, 7.93276558397e-06, 5.09378605784e-06, 4.71138218927e-06, 4.63534524897e-06, 1.98617749447e-06],
        "var": [7.24429919501e-05, 0.26505240798, 59.4937324524, 250.716201782, 298.561706543, 667.790283203, 501.241882324, 7738.09375, 2458.91381836, 4573.47802734, 720.739379883, 11337.4121094, 5205.81787109, 76618.0859375, 8575.00878906, 513.908447266, 16420.0351562, 2749.9128418, 99170.875, 1419.87634277, 50.0315055847, 73.8603897095, 28.4389419556, 15.4525432587, 7.41162443161, 26.9108867645, 0.682283163071, 0.646912157536, 0.342456549406, 0.0962969213724, 0.0364855676889, 0.00171064049937, 0.000303127482766, 8.29711570987e-05, 4.39852283307e-06, 2.11340784517e-06, 1.05253668892e-07, 6.41974118309e-09, 3.25927812517e-10, 9.24890997123e-10]
    },
    "gfcc": {
        "mean": [-164.248748779, 178.615951538, -139.678009033, -35.8416290283, -28.9915714264, -9.67297840118, -15.3655052185, -2.84775567055, -7.04606437683, -0.904136300087, -4.2148604393, -12.6773757935, -14.4284648895],
        "cov": [[4708.62988281, 848.776245117, -37.338684082, 1208.97058105, 1.4497038126, -177.322387695, -465.308959961, -783.74029541, -187.359375, -283.641387939, -79.1810073853, 223.327514648, 132.353164673], [848.776245117, 1029.59997559, 386.810882568, -50.0135536194, 206.082626343, -271.358215332, -186.335189819, -227.244628906, -86.6970596313, -156.045715332, 8.79615020752, -16.8269767761, -62.7524833679], [-37.338684082, 386.810882568, 882.87286377, 132.603713989, 69.8402938843, 124.327095032, -306.894866943, -127.480369568, -191.803665161, -206.192886353, -105.094696045, 61.8404045105, 20.9803390503], [1208.97058105, -50.0135536194, 132.603713989, 657.541381836, -18.3163223267, 125.69153595, -164.644683838, -235.621154785, -94.9486160278, -110.430953979, -79.7394256592, 113.047080994, 83.9917373657], [1.4497038126, 206.082626343, 69.8402938843, -18.3163223267, 188.872711182, 21.5075283051, -8.04930114746, -4.62585401535, -2.39249563217, -0.398545026779, 9.63383674622, -32.0576972961, -33.4668464661], [-177.322387695, -271.358215332, 124.327095032, 125.69153595, 21.5075283051, 334.860595703, 59.875629425, 69.4476242065, -0.629279792309, 12.0813913345, -43.4344596863, 13.34333992, 15.0218000412], [-465.308959961, -186.335189819, -306.894866943, -164.644683838, -8.04930114746, 59.875629425, 383.679504395, 261.297973633, 130.497512817, 110.671089172, 20.6122837067, -91.1936416626, -60.2466392517], [-783.74029541, -227.244628906, -127.480369568, -235.621154785, -4.62585401535, 69.4476242065, 261.297973633, 351.265441895, 120.74962616, 107.528701782, 23.6805305481, -88.9089736938, -67.3222351074], [-187.359375, -86.6970596313, -191.803665161, -94.9486160278, -2.39249563217, -0.629279792309, 130.497512817, 120.74962616, 173.12689209, 108.061470032, 13.3048582077, -77.3172607422, -54.6813278198], [-283.641387939, -156.045715332, -206.192886353, -110.430953979, -0.398545026779, 12.0813913345, 110.671089172, 107.528701782, 108.061470032, 171.994888306, 77.5528030396, -49.1147041321, -51.8018531799], [-79.1810073853, 8.79615020752, -105.094696045, -79.7394256592, 9.63383674622, -43.4344596863, 20.6122837067, 23.6805305481, 13.3048582077, 77.5528030396, 133.177322388, 27.8944473267, -34.4738349915], [223.327514648, -16.8269767761, 61.8404045105, 113.047080994, -32.0576972961, 13.34333992, -91.1936416626, -88.9089736938, -77.3172607422, -49.1147041321, 27.8944473267, 135.88873291, 70.6854705811], [132.353164673, -62.7524833679, 20.9803390503, 83.9917373657, -33.4668464661, 15.0218000412, -60.2466392517, -67.3222351074, -54.6813278198, -51.8018531799, -34.4738349915, 70.6854705811, 135.168548584]],
        "icov": [[0.00181927147787, -0.00411508139223, 0.00343677331693, -0.00334703177214, 0.00316652539186, -0.00259436643682, 0.00254539726302, -0.00123982038349, 0.0011313642608, -0.000764504307881, 0.00123180518858, -0.000309822877171, 8.47611372592e-05], [-0.00411508139223, 0.0143733825535, -0.0111351776868, 0.00789280794561, -0.0116190481931, 0.0105449100956, -0.0091594979167, 0.00705717224628, -0.00541905174032, 0.00521903298795, -0.00568014616147, 0.00143823376857, 0.000516938860528], [0.00343677331693, -0.0111351776868, 0.011692580767, -0.00618393858895, 0.00831810291857, -0.00937778316438, 0.0098192775622, -0.0065719964914, 0.00548565294594, -0.00179946166463, 0.00541792670265, -0.00135869893711, 0.00131991261151], [-0.00334703177214, 0.00789280794561, -0.00618393858895, 0.00897347927094, -0.00606264173985, 0.0037564469967, -0.0048235184513, 0.00431671924889, -0.00255758757703, 0.00188920029905, -0.000805821269751, -0.00128413538914, 0.000562354165595], [0.00316652539186, -0.0116190481931, 0.00831810291857, -0.00606264173985, 0.0157345812768, -0.00944666564465, 0.00720889959484, -0.00501367729157, 0.00439843488857, -0.00339637347497, 0.002263097791, 0.00173057510983, -0.000207081102417], [-0.00259436643682, 0.0105449100956, -0.00937778316438, 0.0037564469967, -0.00944666564465, 0.0131180463359, -0.0084019638598, 0.00455802166834, -0.00358956935816, 0.00103370321449, -0.00197793729603, -0.000797629996669, 0.000142406264786], [0.00254539726302, -0.0091594979167, 0.0098192775622, -0.0048235184513, 0.00720889959484, -0.0084019638598, 0.0142206177115, -0.00946769025177, 0.00349473394454, -0.0017849705182, 0.00401166500524, 0.000265110022156, 0.000684119237121], [-0.00123982038349, 0.00705717224628, -0.0065719964914, 0.00431671924889, -0.00501367729157, 0.00455802166834, -0.00946769025177, 0.0129403900355, -0.00512535404414, 0.00234809261747, -0.00376453227364, 0.00122185819782, 0.000532741541974], [0.0011313642608, -0.00541905174032, 0.00548565294594, -0.00255758757703, 0.00439843488857, -0.00358956935816, 0.00349473394454, -0.00512535404414, 0.0163073409349, -0.00935531966388, 0.00677085435018, 0.00105775846168, 0.0017924234271], [-0.000764504307881, 0.00521903298795, -0.00179946166463, 0.00188920029905, -0.00339637347497, 0.00103370321449, -0.0017849705182, 0.00234809261747, -0.00935531966388, 0.0216136239469, -0.0137292277068, 0.00617120414972, -0.000535145343747], [0.00123180518858, -0.00568014616147, 0.00541792670265, -0.000805821269751, 0.002263097791, -0.00197793729603, 0.00401166500524, -0.00376453227364, 0.00677085435018, -0.0137292277068, 0.0234449505806, -0.0130098490044, 0.00677024247125], [-0.000309822877171, 0.00143823376857, -0.00135869893711, -0.00128413538914, 0.00173057510983, -0.000797629996669, 0.000265110022156, 0.00122185819782, 0.00105775846168, 0.00617120414972, -0.0130098490044, 0.0210114642978, -0.00828916765749], [8.47611372592e-05, 0.000516938860528, 0.00131991261151, 0.000562354165595, -0.000207081102417, 0.000142406264786, 0.000684119237121, 0.000532741541974, 0.0017924234271, -0.000535145343747, 0.00677024247125, -0.00828916765749, 0.0140855079517]]
    },
    "melbands": {
        "dmean": [4.72656356578e-05, 0.000549211981706, 0.000534941325895, 0.000198388530407, 0.000161205709446, 0.000292993470794, 0.000123628502479, 0.000200628011953, 4.57562455267e-05, 4.99960733578e-05, 4.82403738715e-05, 7.47681260691e-05, 3.95615606976e-05, 1.20184913612e-05, 1.93564410438e-05, 2.6854691896e-05, 1.51297199409e-05, 3.17826670653e-05, 1.40933225339e-05, 1.78997458988e-06, 1.28997726279e-06, 8.52947209751e-07, 1.19481956062e-06, 3.2784774362e-07, 5.61555509648e-07, 1.94522584707e-07, 1.60998681054e-07, 2.90700540972e-07, 3.95247745644e-08, 5.54509469453e-08, 4.02863022941e-08, 3.29761604689e-08, 2.50046365835e-08, 1.43319986989e-08, 6.74512445897e-09, 3.57190388378e-09, 2.06373385048e-09, 1.4927097336e-09, 1.52000567688e-09, 4.39965425203e-10],
        "dmean2": [8.07768810773e-05, 0.000933550589252, 0.000732579326723, 0.000312908872729, 0.000290232594125, 0.000526235904545, 0.000198956433451, 0.000328155176248, 6.92801913829e-05, 6.65141633363e-05, 7.90788908489e-05, 9.6568131994e-05, 5.2691273595e-05, 1.73467633431e-05, 2.3292399419e-05, 3.07277623506e-05, 2.21930622502e-05, 4.60812989331e-05, 2.08976671274e-05, 2.50607308772e-06, 1.7975122546e-06, 1.23544316466e-06, 1.92778497876e-06, 5.09891833644e-07, 9.0205367087e-07, 2.77056273035e-07, 2.24200320531e-07, 4.21614998913e-07, 5.86835575689e-08, 8.97849616877e-08, 6.21512867838e-08, 4.66580445391e-08, 3.70015484918e-08, 2.41897986086e-08, 1.05114787985e-08, 5.29872323796e-09, 3.56496787646e-09, 2.56024690337e-09, 2.64197796973e-09, 7.19300674579e-10],
        "dvar": [1.10745421722e-08, 2.09812787944e-06, 2.84572274722e-06, 3.46242359228e-07, 3.01292999438e-07, 9.25821495912e-07, 8.955863251e-08, 2.02068079602e-07, 1.32608990455e-08, 4.08423694864e-08, 8.09278546399e-08, 7.63494767853e-07, 4.10089775471e-08, 4.27980761941e-09, 3.9636982585e-09, 4.88519233954e-08, 2.79731438013e-09, 1.53473266096e-07, 2.96334388139e-08, 6.85070680739e-11, 2.14357784994e-11, 5.43365560879e-11, 5.04055894246e-11, 2.40322952511e-12, 9.61899483676e-12, 1.2096918519e-12, 1.15483306511e-12, 1.69698248509e-11, 4.95479071454e-14, 3.7097427452e-13, 1.09184464584e-13, 1.22311245875e-13, 6.25298559676e-14, 1.6837229446e-14, 5.83286199831e-15, 1.79210085255e-15, 4.18172410414e-16, 1.73225424259e-16, 6.48467672111e-16, 9.91669365108e-18],
        "dvar2": [3.20730499936e-08, 5.80612322665e-06, 5.46962701264e-06, 9.10812559596e-07, 9.58954160524e-07, 3.16035402648e-06, 2.36113706364e-07, 5.2055810329e-07, 2.60080330605e-08, 6.25337577276e-08, 1.98226558723e-07, 1.1867516605e-06, 8.20464691742e-08, 7.99053090361e-09, 6.28794571966e-09, 6.01850516091e-08, 6.60311094691e-09, 3.53228188033e-07, 6.92884540854e-08, 1.0056739469e-10, 4.42588361793e-11, 1.18229509516e-10, 1.2889042611e-10, 5.61180399025e-12, 2.54712743952e-11, 2.38108382837e-12, 2.64290650996e-12, 4.11429189329e-11, 1.02844565275e-13, 8.31499474309e-13, 2.29519907854e-13, 2.72562923837e-13, 1.34850260841e-13, 4.26389846553e-14, 9.90457478674e-15, 2.94432104125e-15, 9.78535659348e-16, 4.23977444839e-16, 1.79684868398e-15, 2.29694109841e-17],
        "max": [0.00283253006637, 0.0448208115995, 0.0289927236736, 0.0142387785017, 0.0133230481297, 0.0193824619055, 0.00579173397273, 0.00690313102677, 0.00335537269711, 0.00641969311982, 0.00742950011045, 0.0387745536864, 0.00626058271155, 0.00231338781305, 0.00217954115942, 0.0119446609169, 0.00133424939122, 0.0138977188617, 0.0058345971629, 0.000293566583423, 0.000140080141136, 0.000326307170326, 0.000239398083067, 4.28265739174e-05, 7.48868405935e-05, 4.50428306067e-05, 3.85077473766e-05, 0.00017381136422, 9.77744730335e-06, 1.82546609722e-05, 1.05203253042e-05, 1.48246717799e-05, 1.03065494841e-05, 3.27585007653e-06, 3.55194970325e-06, 2.26638258027e-06, 6.61077763198e-07, 3.95876725179e-07, 1.04942500911e-06, 1.19342217886e-07],
        "mean": [7.1261638368e-05, 0.000983376521617, 0.00108589790761, 0.000397089519538, 0.000340243801475, 0.000725569552742, 0.000367946631741, 0.000424835481681, 0.00015333337069, 0.000208154961001, 0.000104139806353, 0.000143302269862, 0.000100033648778, 3.53577306669e-05, 4.8135232646e-05, 5.84859262744e-05, 3.5082015529e-05, 5.03334304085e-05, 2.22966318688e-05, 3.87945510738e-06, 2.86079807665e-06, 1.92497896023e-06, 2.22454855248e-06, 6.66540756811e-07, 8.74139630014e-07, 4.29127453572e-07, 3.32077377152e-07, 3.14883891406e-07, 8.09867799489e-08, 8.79400516851e-08, 6.51734524126e-08, 5.16182936394e-08, 3.02907139371e-08, 1.45948577668e-08, 9.810465329e-09, 5.87163473398e-09, 2.8014415232e-09, 1.95185090313e-09, 1.79227488406e-09, 6.96771917941e-10],
        "median": [1.77747897396e-05, 8.93604155863e-05, 4.05277169193e-05, 1.30981434268e-05, 1.2843274817e-05, 2.47153566306e-05, 8.87004716787e-05, 0.000108385364001, 3.61945712939e-05, 2.41078487306e-05, 1.91981798707e-05, 2.42443238676e-05, 2.55445556832e-05, 7.75530043029e-06, 5.81605172556e-06, 9.19390822673e-06, 8.43438920128e-06, 4.04524780606e-06, 1.82839596619e-06, 9.25486006054e-07, 4.42065044126e-07, 2.84764297476e-07, 3.02173191358e-07, 8.41014795583e-08, 1.0568933817e-07, 4.86926055032e-08, 3.01487936838e-08, 1.34310722544e-08, 6.41040820426e-09, 4.36172920004e-09, 2.89778712137e-09, 2.29279639719e-09, 1.17499820984e-09, 7.96143040382e-10, 4.75203321137e-10, 3.43598260955e-10, 2.2381942133e-10, 1.82262052673e-10, 1.50056800319e-10, 1.24280363778e-10],
        "min": [6.17296720407e-08, 2.54825380352e-07, 1.16583954934e-07, 2.14809947607e-08, 3.70668793437e-08, 5.13636422284e-08, 2.5014833227e-07, 1.02875719676e-06, 4.40512025079e-07, 3.7847470935e-07, 2.79703897377e-07, 1.13775158184e-07, 2.91416029086e-07, 2.37819470783e-08, 9.27558563291e-09, 1.27844771214e-07, 2.6556913113e-08, 1.91288229701e-08, 4.25590762632e-09, 9.39042532622e-09, 2.07872852265e-09, 2.35265207316e-09, 8.72342476033e-10, 2.76416112222e-10, 1.54335899616e-09, 6.47294162714e-10, 5.58349533275e-10, 1.01947124354e-10, 5.27160363972e-11, 2.47575935447e-11, 2.92867709251e-11, 3.2347392126e-11, 2.29880663116e-11, 2.06962277177e-11, 1.73940653547e-11, 1.78966893388e-11, 1.80060202859e-11, 1.56038740956e-11, 1.59546872242e-11, 1.68810486423e-11],
        "var": [3.09658041431e-08, 8.04819046607e-06, 9.04094940779e-06, 1.10954135835e-06, 7.94652692093e-07, 3.47635727849e-06, 4.72386659567e-07, 5.18813578765e-07, 1.03400772389e-07, 3.32079849841e-07, 1.39840253155e-07, 1.49316269926e-06, 8.96027358976e-08, 1.37416300561e-08, 2.00613854417e-08, 1.19352307593e-07, 8.32809998741e-09, 2.17072113173e-07, 4.03531998927e-08, 1.72386382946e-10, 5.57332235918e-11, 1.06891974438e-10, 8.57075660443e-11, 6.44825555798e-12, 1.3087706266e-11, 3.84509481546e-12, 2.32069593577e-12, 1.57799849576e-11, 2.0813567341e-13, 5.57014341335e-13, 2.32028914311e-13, 1.97315877829e-13, 8.8542474947e-14, 1.56473311142e-14, 1.20935145985e-14, 4.4163840472e-15, 4.93547040124e-16, 1.92042922926e-16, 5.38884531565e-16, 1.18251788224e-17]
    },
    "mfcc": {
        "mean": [-806.872436523, 216.526092529, -29.0138988495, -15.0785617828, -0.951088309288, -5.02712011337, -1.5025254488, -1.870398283, -2.18721556664, 7.90995740891, 8.40078926086, 0.325238794088, 1.1147544384],
        "cov": [[4219.33740234, 887.85369873, -568.580078125, 1087.70996094, 206.254547119, 351.528625488, -182.605270386, -248.351898193, -307.651550293, -511.572845459, -259.849578857, -106.328399658, -91.5028381348], [887.85369873, 1152.9864502, 165.766174316, 220.661346436, 300.811065674, -27.4850978851, -85.4124145508, -146.793121338, -186.269958496, -280.037689209, -143.946731567, -55.2438430786, -66.4174499512], [-568.580078125, 165.766174316, 541.951538086, -22.6810073853, 168.703201294, 70.7384643555, -6.77247285843, 53.4938850403, -0.461451858282, -129.614517212, -130.147415161, -23.4906711578, -53.2360992432], [1087.70996094, 220.661346436, -22.6810073853, 440.273742676, 131.693695068, 149.28125, -46.8106575012, -51.818649292, -79.6497039795, -210.85458374, -140.425170898, -46.7507820129, -54.083480835], [206.254547119, 300.811065674, 168.703201294, 131.693695068, 290.585205078, 111.467277527, -42.3910369873, -56.3528633118, -84.5384979248, -151.288696289, -119.637672424, -54.9593353271, -50.2151107788], [351.528625488, -27.4850978851, 70.7384643555, 149.28125, 111.467277527, 255.79447937, 24.0172519684, 6.9841799736, 0.483284264803, -87.6826477051, -68.9532546997, -29.8299446106, -27.4074192047], [-182.605270386, -85.4124145508, -6.77247285843, -46.8106575012, -42.3910369873, 24.0172519684, 152.646255493, 92.678352356, 68.3980407715, 67.8741989136, 23.2734737396, 47.5134162903, 45.9002456665], [-248.351898193, -146.793121338, 53.4938850403, -51.818649292, -56.3528633118, 6.9841799736, 92.678352356, 160.818008423, 111.937683105, 68.1907806396, 21.0290851593, 29.2174682617, 33.3031845093], [-307.651550293, -186.269958496, -0.461451858282, -79.6497039795, -84.5384979248, 0.483284264803, 68.3980407715, 111.937683105, 198.979095459, 155.179260254, 51.8447227478, 17.1946411133, 12.6333732605], [-511.572845459, -280.037689209, -129.614517212, -210.85458374, -151.288696289, -87.6826477051, 67.8741989136, 68.1907806396, 155.179260254, 345.711242676, 221.88633728, 37.0167617798, 44.2666816711], [-259.849578857, -143.946731567, -130.147415161, -140.425170898, -119.637672424, -68.9532546997, 23.2734737396, 21.0290851593, 51.8447227478, 221.88633728, 282.653198242, 97.7292861938, 6.78700447083], [-106.328399658, -55.2438430786, -23.4906711578, -46.7507820129, -54.9593353271, -29.8299446106, 47.5134162903, 29.2174682617, 17.1946411133, 37.0167617798, 97.7292861938, 165.810836792, 69.3962020874], [-91.5028381348, -66.4174499512, -53.2360992432, -54.083480835, -50.2151107788, -27.4074192047, 45.9002456665, 33.3031845093, 12.6333732605, 44.2666816711, 6.78700447083, 69.3962020874, 177.126693726]],
