{
"lowlevel": {
    "average_loudness": 0.859923183918,
    "barkbands_crest": {
        "dmean": 1.89938890934,
        "dmean2": 3.08102035522,
        "dvar": 2.85192990303,
        "dvar2": 7.05626630783,
        "max": 23.1827697754,
        "mean": 8.206782341,
        "median": 7.57108545303,
        "min": 2.80637741089,
        "var": 8.87226200104
    },
    "barkbands_flatness_db": {
        "dmean": 0.0178136471659,
        "dmean2": 0.0264402236789,
        "dvar": 0.000425978476414,
        "dvar2": 0.000829519703984,
        "max": 0.444451391697,
        "mean": 0.183221966028,
        "median": 0.156037971377,
        "min": 0.047527667135,
        "var": 0.0063882661052
    },
    "barkbands_kurtosis": {
        "dmean": 1.17613255978,
        "dmean2": 1.89141607285,
        "dvar": 2.28434324265,
        "dvar2": 5.71375083923,
        "max": 28.6645545959,
        "mean": 1.66917216778,
        "median": 1.08080387115,
        "min": -1.73245084286,
        "var": 6.55024766922
    },
    "barkbands_skewness": {
        "dmean": 0.310004651546,
        "dmean2": 0.480887323618,
        "dvar": 0.0771236345172,
        "dvar2": 0.17511074245,
        "max": 4.97489738464,
        "mean": 0.988562703133,
        "median": 0.998072326183,
        "min": -2.89716386795,
        "var": 0.546428978443
    },
    "barkbands_spread": {
        "dmean": 2.88006520271,
        "dmean2": 4.4036989212,
        "dvar": 12.3982028961,
        "dvar2": 25.7133960724,
        "max": 89.8587188721,
        "mean": 15.3346652985,
        "median": 13.2245082855,
        "min": 2.64254641533,
        "var": 93.9948196411
    },
    "dissonance": {
        "dmean": 0.0262334924191,
        "dmean2": 0.0433801598847,
        "dvar": 0.000792135135271,
        "dvar2": 0.00202667969279,
        "max": 0.499898225069,
        "mean": 0.440203011036,
        "median": 0.452852100134,
        "min": 0.199706599116,
        "var": 0.00236885296181
    },
    "dynamic_complexity": 3.82340216637,
    "erbbands_crest": {
        "dmean": 2.16286039352,
        "dmean2": 3.49753236771,
        "dvar": 4.29539728165,
        "dvar2": 10.3248634338,
        "max": 27.216003418,
        "mean": 9.34221458435,
        "median": 8.44921302795,
        "min": 3.28330421448,
        "var": 15.3302869797
    },
    "erbbands_flatness_db": {
        "dmean": 0.0156870838255,
        "dmean2": 0.0232413671911,
        "dvar": 0.000330074894009,
        "dvar2": 0.000658905599266,
        "max": 0.46234190464,
        "mean": 0.212481826544,
        "median": 0.188676938415,
        "min": 0.0728602856398,
        "var": 0.00550227565691
    },
    "erbbands_kurtosis": {
        "dmean": 0.87747836113,
        "dmean2": 1.33765637875,
        "dvar": 1.84708499908,
        "dvar2": 3.77028918266,
        "max": 30.9305267334,
        "mean": 1.0666410923,
        "median": 0.29419708252,
        "min": -1.68961191177,
        "var": 7.12015008926
    },
    "erbbands_skewness": {
        "dmean": 0.319533675909,
        "dmean2": 0.492072284222,
        "dvar": 0.0908964648843,
        "dvar2": 0.211802855134,
        "max": 3.62599158287,
        "mean": 0.412006139755,
        "median": 0.41295132041,
        "min": -3.67859172821,
        "var": 0.461786717176
    },
    "erbbands_spread": {
        "dmean": 4.27473545074,
        "dmean2": 6.60436868668,
        "dvar": 23.6522636414,
        "dvar2": 53.8763542175,
        "max": 114.873077393,
        "mean": 24.780954361,
        "median": 23.7659835815,
        "min": 1.93865525723,
        "var": 195.819198608
    },
    "hfc": {
        "dmean": 3.38724827766,
        "dmean2": 5.16599273682,
        "dvar": 29.7744922638,
        "dvar2": 56.7107696533,
        "max": 145.629806519,
        "mean": 16.7279968262,
        "median": 12.9636335373,
        "min": 0.0111378598958,
        "var": 229.354614258
    },
    "melbands_crest": {
        "dmean": 2.48672151566,
        "dmean2": 3.9832971096,
        "dvar": 4.6980342865,
        "dvar2": 11.6212320328,
        "max": 30.4645614624,
        "mean": 11.2512025833,
        "median": 10.7201948166,
        "min": 3.60792469978,
        "var": 13.6641168594
    },
    "melbands_flatness_db": {
        "dmean": 0.0218982212245,
        "dmean2": 0.0318189039826,
        "dvar": 0.000658937438857,
        "dvar2": 0.00124879577197,
        "max": 0.591034710407,
        "mean": 0.259173929691,
        "median": 0.226869016886,
        "min": 0.0312428511679,
        "var": 0.0112183205783
    },
    "melbands_kurtosis": {
        "dmean": 2.12434649467,
        "dmean2": 3.41414761543,
        "dvar": 12.2979097366,
        "dvar2": 26.7771492004,
        "max": 114.884643555,
        "mean": 4.60348558426,
        "median": 3.1967048645,
        "min": -1.82622206211,
        "var": 35.0831069946
    },
    "melbands_skewness": {
        "dmean": 0.377846956253,
        "dmean2": 0.585342347622,
        "dvar": 0.131160065532,
        "dvar2": 0.298897147179,
        "max": 9.43592357635,
        "mean": 1.56872701645,
        "median": 1.5115339756,
        "min": -1.15931046009,
        "var": 0.891498029232
    },
    "melbands_spread": {
        "dmean": 3.88952040672,
        "dmean2": 5.89453411102,
        "dvar": 34.6782836914,
        "dvar2": 63.3153610229,
        "max": 211.756469727,
        "mean": 19.0473880768,
        "median": 15.7868499756,
        "min": 2.83247041702,
        "var": 284.961181641
    },
    "pitch_salience": {
        "dmean": 0.056831561029,
        "dmean2": 0.0904899910092,
        "dvar": 0.00233175628819,
        "dvar2": 0.00584868015721,
        "max": 0.866360783577,
        "mean": 0.590340614319,
        "median": 0.589654743671,
        "min": 0.187834918499,
        "var": 0.00804110337049
    },
    "silence_rate_20dB": {
        "dmean": 0,
        "dmean2": 0,
        "dvar": 0,
        "dvar2": 0,
        "max": 1,
        "mean": 1,
        "median": 1,
        "min": 1,
        "var": 0
    },
    "silence_rate_30dB": {
        "dmean": 0.00154798757285,
        "dmean2": 0.00309717375785,
        "dvar": 0.00154558732174,
        "dvar2": 0.00386185734533,
        "max": 1,
        "mean": 0.998452603817,
        "median": 1,
        "min": 0,
        "var": 0.00154499115888
    },
    "silence_rate_60dB": {
        "dmean": 0.00270897825249,
        "dmean2": 0.00542005430907,
        "dvar": 0.00270153186284,
        "dvar2": 0.00616510678083,
        "max": 1,
        "mean": 0.0742746591568,
        "median": 0,
        "min": 0,
        "var": 0.0687642395496
    },
    "spectral_centroid": {
        "dmean": 130.960235596,
        "dmean2": 198.385818481,
        "dvar": 25265.8632812,
        "dvar2": 48932.03125,
        "max": 5127.98291016,
        "mean": 919.860717773,
        "median": 811.688720703,
        "min": 241.242248535,
        "var": 294061.90625
    },
    "spectral_complexity": {
        "dmean": 2.16873073578,
        "dmean2": 3.50871086121,
        "dvar": 4.8376250267,
        "dvar2": 10.311047554,
        "max": 43,
        "mean": 16.9802703857,
        "median": 18,
        "min": 0,
        "var": 60.5629310608
    },
    "spectral_decrease": {
        "dmean": 1.39160227786e-09,
        "dmean2": 2.15797579806e-09,
        "dvar": 2.84002144242e-18,
        "dvar2": 6.7683164403e-18,
        "max": -4.78174010804e-12,
        "mean": -6.64186794452e-09,
        "median": -5.60596413735e-09,
        "min": -3.18892965367e-08,
        "var": 2.14970741615e-17
    },
    "spectral_energy": {
        "dmean": 0.00548554118723,
        "dmean2": 0.0085187330842,
        "dvar": 4.40567855549e-05,
        "dvar2": 0.000104198450572,
        "max": 0.126617461443,
        "mean": 0.0265852194279,
        "median": 0.0223783683032,
        "min": 1.90576192836e-05,
        "var": 0.000343729712768
    },
    "spectral_energyband_high": {
        "dmean": 0.000141054493724,
        "dmean2": 0.000196618231712,
        "dvar": 2.93799530482e-07,
        "dvar2": 4.59531889874e-07,
        "max": 0.020692139864,
        "mean": 0.000404099613661,
        "median": 0.000111224275315,
        "min": 2.58019863253e-08,
        "var": 1.27483906454e-06
    },
    "spectral_energyband_low": {
        "dmean": 0.00256453105249,
        "dmean2": 0.00397112127393,
        "dvar": 1.35212658279e-05,
        "dvar2": 3.53684699803e-05,
        "max": 0.0513544157147,
        "mean": 0.00672309938818,
        "median": 0.00482530798763,
        "min": 1.54416454734e-06,
        "var": 4.28491621278e-05
    },
    "spectral_energyband_middle_high": {
        "dmean": 0.00132661953103,
        "dmean2": 0.00207302952185,
        "dvar": 3.69846134163e-06,
        "dvar2": 8.46708371682e-06,
        "max": 0.0363385081291,
        "mean": 0.00476282602176,
        "median": 0.00360502302647,
        "min": 3.11389567287e-06,
        "var": 2.23219758482e-05
    },
    "spectral_energyband_middle_low": {
        "dmean": 0.00398353999481,
        "dmean2": 0.00610599899665,
        "dvar": 2.82312248601e-05,
        "dvar2": 6.41436054138e-05,
        "max": 0.108925014734,
        "mean": 0.0156074333936,
        "median": 0.0123057905585,
        "min": 4.21830691266e-06,
        "var": 0.00016570671869
    },
    "spectral_entropy": {
        "dmean": 0.159099668264,
        "dmean2": 0.23093290627,
        "dvar": 0.0366784073412,
        "dvar2": 0.0764941200614,
        "max": 8.46116161346,
        "mean": 6.95360422134,
        "median": 7.08191108704,
        "min": 5.10694074631,
        "var": 0.403800278902
    },
    "spectral_flux": {
        "dmean": 0.0138679984957,
        "dmean2": 0.0228540785611,
        "dvar": 0.000189662576304,
        "dvar2": 0.000508250261191,
        "max": 0.214128181338,
        "mean": 0.0647064000368,
        "median": 0.0636550113559,
        "min": 0.00373248034157,
        "var": 0.00115007150453
    },
    "spectral_kurtosis": {
        "dmean": 9.02491855621,
        "dmean2": 14.8278646469,
        "dvar": 380.778991699,
        "dvar2": 855.164611816,
        "max": 380.863372803,
        "mean": 22.9950275421,
        "median": 7.69383811951,
        "min": -0.604046583176,
        "var": 1637.97973633
    },
    "spectral_rms": {
        "dmean": 0.000490247562993,
        "dmean2": 0.000757956819143,
        "dvar": 2.3336778554e-07,
        "dvar2": 5.44815804915e-07,
        "max": 0.0111143700778,
        "mean": 0.0047167763114,
        "median": 0.00467253196985,
        "min": 0.000136355418363,
        "var": 3.6888015984e-06
    },
    "spectral_rolloff": {
        "dmean": 224.165222168,
        "dmean2": 370.166992188,
        "dvar": 176699.328125,
        "dvar2": 335654.1875,
        "max": 9043.9453125,
        "mean": 1096.77355957,
        "median": 861.328125,
        "min": 193.798828125,
        "var": 968435.75
    },
    "spectral_skewness": {
        "dmean": 0.564067184925,
        "dmean2": 0.913585484028,
        "dvar": 0.887640714645,
        "dvar2": 2.10169219971,
        "max": 15.7134847641,
        "mean": 2.93067145348,
        "median": 2.14270186424,
        "min": -0.0165947582573,
        "var": 4.50665855408
    },
    "spectral_spread": {
        "dmean": 326617.3125,
        "dmean2": 495483.53125,
        "dvar": 163385180160,
        "dvar2": 332786270208,
        "max": 10027856,
        "mean": 3076882.25,
        "median": 3093609.25,
        "min": 285406.34375,
        "var": 2.48828710093e+12
    },
    "spectral_strongpeak": {
        "dmean": 0.416746020317,
        "dmean2": 0.722486138344,
        "dvar": 0.44476673007,
        "dvar2": 1.16809940338,
        "max": 8.30854511261,
        "mean": 0.83347851038,
        "median": 0.472103238106,
        "min": 0.00432934006676,
        "var": 0.934217393398
    },
    "zerocrossingrate": {
        "dmean": 0.0052393861115,
        "dmean2": 0.00634595472366,
        "dvar": 5.41998415429e-05,
        "dvar2": 5.63976245758e-05,
        "max": 0.2958984375,
        "mean": 0.0431665182114,
        "median": 0.037109375,
        "min": 0.00634765625,
        "var": 0.000929216912482
    },
    "barkbands": {
        "dmean": [1.55754162279e-06, 0.00152551487554, 0.00154409161769, 0.000732919026632, 0.00162846862804, 0.00130198989064, 0.00128218729515, 0.00103330099955, 0.000743507640436, 0.000397304596845, 0.000420798693085, 0.000450086256023, 0.000211176607991, 0.000380536890589, 0.000285263522528, 0.000172459462192, 0.000154046865646, 9.23674742808e-05, 0.000107962165202, 5.12234837515e-05, 4.53205539088e-05, 4.38855749962e-05, 3.35885160894e-05, 2.23958832066e-05, 1.90195496543e-05, 6.0285856307e-06, 6.36917889096e-07],
        "dmean2": [2.32600291383e-06, 0.0021960248705, 0.00240641389973, 0.00122965802439, 0.00252244994044, 0.00200440967456, 0.00210106163286, 0.00144033588003, 0.00106644211337, 0.00058215711033, 0.000644124229439, 0.000739439972676, 0.000338685757015, 0.000624071632046, 0.00046821180149, 0.000277777027804, 0.000261049339315, 0.000147927814396, 0.000183893484063, 8.40112115839e-05, 6.97861541994e-05, 6.39090067125e-05, 5.26503536094e-05, 3.20872277371e-05, 2.80504991679e-05, 9.20899219636e-06, 1.01937894215e-06],
        "dvar": [7.51342738026e-12, 4.2021729314e-06, 5.24522965861e-06, 3.07701907332e-06, 8.16698866402e-06, 5.33238244316e-06, 3.39110056302e-06, 5.84238250667e-06, 4.52629592473e-06, 3.26222703961e-07, 8.96876258594e-07, 7.41932183246e-07, 1.90619459772e-07, 1.03919387584e-06, 2.94957999358e-07, 1.34297977183e-07, 2.04878602972e-07, 8.35411739786e-08, 7.31251503794e-08, 1.69500413705e-08, 3.53495011041e-08, 4.19324379664e-08, 4.02229929364e-08, 1.32417090626e-08, 7.14590830952e-09, 8.03595578969e-10, 1.508805407e-11],
        "dvar2": [1.71589530779e-11, 9.78136267804e-06, 1.31658944156e-05, 8.3703916971e-06, 1.87674868357e-05, 1.23596164485e-05, 9.15786313271e-06, 1.33205739985e-05, 7.2403613558e-06, 7.35734431601e-07, 1.99307442017e-06, 1.98699467546e-06, 4.87924182835e-07, 2.31103513215e-06, 7.49264586375e-07, 3.15265253903e-07, 5.96038489675e-07, 2.03799629617e-07, 2.16900488681e-07, 4.06104128103e-08, 7.57098135296e-08, 8.17286220922e-08, 9.28897563313e-08, 2.63540425038e-08, 1.68581220095e-08, 1.83487336436e-09, 3.7185012014e-11],
        "max": [5.43441274203e-05, 0.0277289804071, 0.0309642143548, 0.0444952175021, 0.0515471845865, 0.0515626557171, 0.0308418497443, 0.0658283904195, 0.0741367340088, 0.0083321724087, 0.0214469693601, 0.0138698881492, 0.00707974564284, 0.0299511123449, 0.00772593636066, 0.0106384744868, 0.0131772570312, 0.00946089345962, 0.00532021559775, 0.003147642361, 0.00867628026754, 0.00862260907888, 0.00618716469035, 0.00358412601054, 0.00257467734627, 0.000553460384253, 7.70483675296e-05],
        "mean": [3.77136439056e-06, 0.00329962722026, 0.00274499994703, 0.00110354088247, 0.00379731529392, 0.00308110378683, 0.00293804053217, 0.00254529132508, 0.00166429800447, 0.000929006724618, 0.000833166763186, 0.000779637251981, 0.000408731109928, 0.000596280675381, 0.000451588392025, 0.000299318344332, 0.000301346066408, 0.000181847601198, 0.000174561020685, 9.76439114311e-05, 9.52749905991e-05, 9.85780498013e-05, 6.68166394462e-05, 4.88230580231e-05, 3.44356267306e-05, 9.394704648e-06, 8.01612372925e-07],
        "median": [2.61218201558e-06, 0.0022800527513, 0.0016944850795, 0.000475803622976, 0.00193885050248, 0.00179360457696, 0.00199313345365, 0.00140434049536, 0.000677361094858, 0.000613539421465, 0.000315478391713, 0.00032823428046, 0.000143140016007, 0.00023518029775, 0.000136752831168, 0.000100181023299, 7.38060043659e-05, 4.35253277828e-05, 4.56798952655e-05, 3.59066871169e-05, 2.04124844458e-05, 1.80837887456e-05, 1.37469360197e-05, 6.99902102497e-06, 4.36152640759e-06, 8.20308969196e-07, 9.01454910718e-08],
        "min": [5.78813441621e-10, 4.83487951897e-07, 9.68706359572e-09, 1.47138180751e-07, 6.62419950004e-07, 6.2423133329e-08, 5.5805600141e-08, 1.33707720451e-08, 3.03771869881e-08, 5.87254067597e-09, 2.24159961704e-08, 4.91435798722e-07, 3.89425252934e-07, 1.2312049158e-08, 2.90192292418e-09, 6.04909955459e-10, 3.12523562584e-10, 5.80365033809e-10, 1.5047491031e-10, 1.64678937153e-10, 3.73636399598e-10, 6.50670961555e-10, 8.46278047639e-10, 7.27604199113e-10, 2.65617194906e-10, 3.06512010217e-10, 1.36562023911e-08],
        "var": [1.98027375747e-11, 1.18888392535e-05, 1.09443817564e-05, 4.28295516031e-06, 2.89981071546e-05, 1.63484455697e-05, 9.49856257648e-06, 2.25359435717e-05, 1.43553697853e-05, 1.07162361473e-06, 2.27056557378e-06, 1.59500052632e-06, 5.01080990034e-07, 1.74987962964e-06, 5.7257585695e-07, 2.98566504853e-07, 7.41414908134e-07, 3.27367104092e-07, 1.25330515743e-07, 4.05176940887e-08, 9.3516085542e-08, 1.42841514617e-07, 7.0396083629e-08, 3.22797930608e-08, 1.4315073571e-08, 1.35816213831e-09, 1.33771526842e-11]
    },
    "erbbands": {
        "dmean": [0.0156457070261, 0.422525972128, 1.48422992229, 2.16576099396, 3.606133461, 5.98381090164, 9.56052589417, 9.4244890213, 13.984787941, 22.2123985291, 25.0509662628, 15.8995637894, 13.2302188873, 11.256146431, 16.6213932037, 20.0006980896, 10.2210321426, 17.4794998169, 15.067481041, 11.45454216, 7.79307174683, 7.77136516571, 5.11761665344, 7.83677864075, 2.14232325554, 2.27704262733, 1.82806110382, 1.68794596195, 1.69796407223, 1.20306777954, 0.850624382496, 0.680835008621, 0.292403310537, 0.248635590076, 0.120891325176, 0.0386026650667, 0.0098032830283, 0.00134473212529, 0.00010154487245, 8.6851305241e-06],
        "dmean2": [0.0222302209586, 0.609753489494, 2.30498671532, 3.62772941589, 5.72888946533, 9.2715845108, 15.41264534, 13.9698944092, 22.1266174316, 34.8056869507, 35.9078445435, 23.5320472717, 18.7957801819, 16.9330348969, 25.9700145721, 33.0398406982, 16.568944931, 28.3998012543, 25.0456695557, 18.5417804718, 12.5603342056, 12.9788856506, 8.03824043274, 13.3700017929, 3.60533571243, 3.71103167534, 2.80871748924, 2.55119109154, 2.45883345604, 1.81083440781, 1.32793474197, 1.03364312649, 0.432016849518, 0.362255483866, 0.187495231628, 0.0584210753441, 0.0151131069288, 0.00208870926872, 0.000165057863342, 1.33308121804e-05],
        "dvar": [0.000553713587578, 0.314305275679, 4.47504854202, 20.7116165161, 54.4946174622, 157.064498901, 321.765106201, 302.228820801, 524.420715332, 894.255493164, 4768.73339844, 1499.35717773, 386.382568359, 685.821716309, 1470.02209473, 1756.08068848, 425.996032715, 1338.1583252, 2101.95385742, 374.000274658, 266.73324585, 437.834503174, 239.927368164, 331.369384766, 43.3430099487, 39.065158844, 56.266494751, 47.3722801208, 82.5241928101, 28.0255718231, 23.5811080933, 20.7077445984, 1.61990332603, 1.70054852962, 0.306071281433, 0.0299991164356, 0.00224600802176, 5.21599358763e-05, 3.83956063388e-07, 3.55924956175e-10],
        "dvar2": [0.00119400629774, 0.741443634033, 10.8204851151, 62.1801261902, 134.054931641, 332.364318848, 762.187561035, 708.321838379, 1187.30273438, 2348.69311523, 10174.59375, 2710.203125, 806.817260742, 1350.77709961, 3675.18457031, 4724.33251953, 1092.42919922, 2871.98632812, 4728.39550781, 917.435241699, 672.307373047, 1172.95068359, 558.532653809, 963.155700684, 125.266357422, 95.0907592773, 124.397392273, 93.8741073608, 174.648696899, 64.3208007812, 50.7618865967, 40.6334915161, 2.9632806778, 4.00445604324, 0.748833179474, 0.0679056197405, 0.00538187753409, 0.000126213271869, 9.72650582298e-07, 8.52101222915e-10],
        "max": [0.364691883326, 7.73015451431, 28.1532306671, 93.8857269287, 145.003234863, 309.608123779, 369.877929688, 312.535919189, 598.267822266, 544.501831055, 2086.25024414, 1193.2947998, 302.938232422, 1025.58105469, 666.056030273, 707.647216797, 410.827026367, 1287.06518555, 1335.08178711, 372.759857178, 283.946960449, 618.40246582, 491.118560791, 284.159057617, 193.58946228, 151.13722229, 363.660095215, 255.103378296, 395.284667969, 188.538803101, 146.517364502, 152.495803833, 51.9430046082, 48.1022377014, 8.13125133514, 3.19712209702, 0.748886704445, 0.124321885407, 0.0112595139071, 0.000362503516953],
        "mean": [0.0598174929619, 0.885840296745, 2.94800305367, 3.92310810089, 7.83799266815, 13.4020719528, 18.6640815735, 22.8854045868, 35.1246109009, 54.4994239807, 61.2709846497, 38.1106681824, 33.1696090698, 27.2835350037, 33.8638305664, 34.4643135071, 21.4095230103, 30.5811042786, 24.8136749268, 20.7695960999, 15.7308177948, 16.3199386597, 11.092669487, 13.2259569168, 4.37650156021, 4.36440038681, 3.57694935799, 3.94009566307, 3.73885464668, 2.73073387146, 1.75579321384, 1.3404841423, 0.677451550961, 0.487635165453, 0.186745285988, 0.0605001412332, 0.0145512567833, 0.00184292474296, 0.000145001307828, 3.58817378583e-05],
        "median": [0.0434060320258, 0.597906351089, 1.93645524979, 2.02714204788, 3.75300312042, 5.41584396362, 9.58061313629, 12.7269392014, 22.2454795837, 38.6089477539, 30.7427082062, 16.8632907867, 18.1120758057, 17.3452949524, 15.42208004, 13.6709690094, 9.41494560242, 14.5206022263, 10.0365877151, 10.6258573532, 6.79966688156, 4.02380800247, 2.86901164055, 3.45892834663, 1.6978623867, 1.40698719025, 1.1436239481, 0.742395579815, 0.691734671593, 0.634528636932, 0.36410138011, 0.197118505836, 0.0961352959275, 0.0532738342881, 0.0238506328315, 0.00711677316576, 0.00134944380261, 0.000165651392308, 2.79604209936e-05, 2.90488842438e-05],
        "min": [1.00518791442e-05, 0.000120909760881, 0.000194522712263, 0.00112776085734, 0.00160268950276, 0.00341552775353, 0.00303844432347, 0.0010599718662, 0.00111787521746, 0.00182868784759, 0.000649563095067, 0.000733606924769, 0.000304592598695, 0.00105566601269, 0.0164138115942, 0.0273643471301, 0.0216461215168, 0.0021450300701, 0.000384946179111, 0.000167571910424, 3.87102554669e-05, 2.58109812421e-05, 3.36216362484e-05, 1.23390918816e-05, 9.22545768844e-06, 7.50661001803e-06, 1.1317471035e-05, 2.05647393159e-05, 2.21094524022e-05, 2.60695851466e-05, 2.04724165087e-05, 2.15619184019e-05, 7.81700509833e-06, 3.27362386088e-06, 1.71843919361e-06, 1.11635108624e-06, 5.99043119109e-07, 1.11068379738e-06, 1.55428938342e-06, 3.44561584598e-07],
        "var": [0.00351713807322, 0.857258796692, 10.9466695786, 31.9558696747, 145.944168091, 642.252258301, 864.310180664, 1028.40148926, 1937.63366699, 3080.64453125, 18819.7285156, 5345.29980469, 1575.79064941, 1697.16674805, 3238.66796875, 3657.93530273, 1171.76904297, 3255.86254883, 3115.90600586, 853.421569824, 766.518310547, 2011.11743164, 1166.49499512, 655.184082031, 89.7193527222, 93.1868667603, 130.541061401, 150.866638184, 234.952255249, 82.8546981812, 46.3696403503, 36.8606185913, 5.86118221283, 3.70999646187, 0.400214582682, 0.0525397658348, 0.0032264245674, 5.42411544302e-05, 3.30651090508e-07, 8.88988438419e-10]
    },
    "gfcc": {
        "mean": [-45.9217643738, 147.31477356, -116.666694641, 9.43434906006, -55.7027435303, 10.0145359039, -31.9088344574, 2.56861281395, -9.77127361298, -1.17118823528, -9.94759464264, -4.98092556, -9.35357761383],
        "cov": [[11389.6894531, -3596.83007812, -1185.23339844, 1508.96887207, -1053.48815918, 175.231964111, -844.559204102, 567.694763184, -728.632446289, 622.985839844, -479.845092773, 273.431030273, -188.318145752], [-3596.83007812, 3341.08325195, 525.042053223, -1232.76330566, 707.183349609, -398.806365967, 502.236297607, -232.015579224, 453.344512939, -218.863723755, 326.153808594, -253.196395874, 97.6725921631], [-1185.23339844, 525.042053223, 727.671630859, -183.035827637, 33.5581512451, 52.4014015198, 75.4914398193, -79.1744918823, 131.059020996, -4.53081130981, 61.8443069458, -2.63455200195, -9.66788387299], [1508.96887207, -1232.76330566, -183.035827637, 736.690673828, -222.766571045, 121.272544861, -205.215484619, 64.2095947266, -185.407730103, 79.7559432983, -88.4893112183, 94.2153930664, -24.6097450256], [-1053.48815918, 707.183349609, 33.5581512451, -222.766571045, 372.122497559, -83.3188705444, 110.735740662, -46.5590553284, 56.2084693909, -76.8225402832, 73.7748794556, -36.6894950867, 21.5741577148], [175.231964111, -398.806365967, 52.4014015198, 121.272544861, -83.3188705444, 203.31199646, -27.0765895844, 8.17978572845, -26.020160675, 21.4078731537, -26.9455337524, 36.1013526917, -27.405330658], [-844.559204102, 502.236297607, 75.4914398193, -205.215484619, 110.735740662, -27.0765895844, 232.539733887, -12.7764959335, 71.931098938, -36.0160560608, 57.9479866028, -50.0725212097, -5.87881135941], [567.694763184, -232.015579224, -79.1744918823, 64.2095947266, -46.5590553284, 8.17978572845, -12.7764959335, 169.781173706, 13.2331867218, 20.7060317993, -46.5769386292, 22.7582607269, -3.62630152702], [-728.632446289, 453.344512939, 131.059020996, -185.407730103, 56.2084693909, -26.020160675, 71.931098938, 13.2331867218, 190.639190674, -10.4648971558, 34.993270874, -29.8401126862, 21.8483009338], [622.985839844, -218.863723755, -4.53081130981, 79.7559432983, -76.8225402832, 21.4078731537, -36.0160560608, 20.7060317993, -10.4648971558, 139.247558594, 5.10696268082, 18.4472084045, -29.4514503479], [-479.845092773, 326.153808594, 61.8443069458, -88.4893112183, 73.7748794556, -26.9455337524, 57.9479866028, -46.5769386292, 34.993270874, 5.10696268082, 130.208908081, -12.7404441833, -5.3975276947], [273.431030273, -253.196395874, -2.63455200195, 94.2153930664, -36.6894950867, 36.1013526917, -50.0725212097, 22.7582607269, -29.8401126862, 18.4472084045, -12.7404441833, 88.4486236572, 12.3465099335], [-188.318145752, 97.6725921631, -9.66788387299, -24.6097450256, 21.5741577148, -27.405330658, -5.87881135941, -3.62630152702, 21.8483009338, -29.4514503479, -5.3975276947, 12.3465099335, 78.0692520142]],
        "icov": [[0.000513154605869, -0.000914628093597, 0.000599772320129, -0.000642227591015, 0.00110623170622, -0.000518202432431, 0.00111006235238, -0.0015048563946, 0.00185703078751, -0.00178356200922, 0.00122449651826, -0.000752182095312, 0.000791089609265], [-0.000914628093597, 0.00461122393608, -0.00196165917441, 0.00317739625461, -0.0039998437278, 0.00345747824758, -0.00313798035495, 0.00388635578565, -0.00549636036158, 0.00397826731205, -0.00448549119756, 0.00380223477259, -0.00282585481182], [0.000599772320129, -0.00196165917441, 0.00282659893855, -0.00113504938781, 0.00205014599487, -0.00195847754367, 0.00146573886741, -0.00111442455091, 0.00148128892761, -0.00227404851466, 0.00192609592341, -0.00242980779149, 0.00194280187134], [-0.000642227591015, 0.00317739625461, -0.00113504938781, 0.00482534430921, -0.00222211913206, 0.00153725990094, -0.00106085394509, 0.00212895195, -0.00221371580847, 0.00230051577091, -0.00309649878182, 0.00181416491978, -0.00198477809317], [0.00110623170622, -0.0039998437278, 0.00205014599487, -0.00222211913206, 0.00784931425005, -0.00197489652783, 0.00233296467923, -0.00372353685088, 0.00543535361066, -0.00277265929617, 0.00278326007538, -0.00364657025784, 0.00256840954535], [-0.000518202432431, 0.00345747824758, -0.00195847754367, 0.00153725990094, -0.00197489652783, 0.00928924698383, -0.00280403299257, 0.00308317225426, -0.00408886186779, 0.00290845264681, -0.00215609837323, 0.000456182140624, 0.000425393984187], [0.00111006235238, -0.00313798035495, 0.00146573886741, -0.00106085394509, 0.00233296467923, -0.00280403299257, 0.00970465037972, -0.00476877763867, 0.00436452496797, -0.00334129855037, 0.00164920988027, -0.000423677469371, 0.00303004612215], [-0.0015048563946, 0.00388635578565, -0.00111442455091, 0.00212895195, -0.00372353685088, 0.00308317225426, -0.00476877763867, 0.012922574766, -0.0089095113799, 0.00490236654878, -0.00161245942581, 0.000593204575125, -0.00146917323582], [0.00185703078751, -0.00549636036158, 0.00148128892761, -0.00221371580847, 0.00543535361066, -0.00408886186779, 0.00436452496797, -0.0089095113799, 0.0172979589552, -0.00798467546701, 0.0048162904568, -0.00228309491649, 0.000659942510538], [-0.00178356200922, 0.00397826731205, -0.00227404851466, 0.00230051577091, -0.00277265929617, 0.00290845264681, -0.00334129855037, 0.00490236654878, -0.00798467546701, 0.0159446373582, -0.00676272949204, 0.0018418043619, 0.000418179784901], [0.00122449651826, -0.00448549119756, 0.00192609592341, -0.00309649878182, 0.00278326007538, -0.00215609837323, 0.00164920988027, -0.00161245942581, 0.0048162904568, -0.00676272949204, 0.015718081966, -0.0051961527206, 0.00436058873311], [-0.000752182095312, 0.00380223477259, -0.00242980779149, 0.00181416491978, -0.00364657025784, 0.000456182140624, -0.000423677469371, 0.000593204575125, -0.00228309491649, 0.0018418043619, -0.0051961527206, 0.0195288658142, -0.00725085567683], [0.000791089609265, -0.00282585481182, 0.00194280187134, -0.00198477809317, 0.00256840954535, 0.000425393984187, 0.00303004612215, -0.00146917323582, 0.000659942510538, 0.000418179784901, 0.00436058873311, -0.00725085567683, 0.018888508901]]
    },
    "melbands": {
        "dmean": [0.000291669712169, 0.000647925306112, 0.000376220676117, 0.000335538614308, 0.000313318392728, 0.000229678858886, 0.000230712481425, 0.000221871188842, 0.000212435013964, 9.74654540187e-05, 6.62279417156e-05, 4.54932232969e-05, 5.26709154656e-05, 4.98556291859e-05, 4.2093830416e-05, 2.16189419007e-05, 3.72691210941e-05, 2.51253586612e-05, 2.13656367123e-05, 1.54072131409e-05, 8.35562968859e-06, 9.3584512797e-06, 6.98677195032e-06, 3.88643411497e-06, 7.45441275285e-06, 1.56479245561e-06, 1.74404726749e-06, 1.67538951246e-06, 1.28366752961e-06, 1.0812597111e-06, 1.16382580018e-06, 1.12862983315e-06, 8.22634092401e-07, 7.26966959519e-07, 4.39876430391e-07, 6.93875392699e-07, 3.51047248159e-07, 2.15570139517e-07, 2.49776547889e-07, 2.01647267772e-07],
        "dmean2": [0.000417506002123, 0.000996976043098, 0.000621070328634, 0.000523742288351, 0.000493374245707, 0.000341236649547, 0.000371761067072, 0.000340606056852, 0.000307102658553, 0.00014372219448, 9.43724589888e-05, 6.8612920586e-05, 8.08731201687e-05, 8.07768446975e-05, 6.98977892171e-05, 3.46121996699e-05, 6.07993970334e-05, 4.22831108153e-05, 3.48280700564e-05, 2.47300831688e-05, 1.3634284187e-05, 1.5494388208e-05, 1.1732799976e-05, 6.31514512861e-06, 1.27340044855e-05, 2.65975404545e-06, 2.99775615531e-06, 2.74384683507e-06, 2.01117768484e-06, 1.73013029325e-06, 1.82248834335e-06, 1.6965151417e-06, 1.27625435198e-06, 1.16981539122e-06, 7.16995998573e-07, 1.06545621748e-06, 5.2463042266e-07, 3.26249846694e-07, 3.79995555022e-07, 2.95382591275e-07],
        "dvar": [1.61869053272e-07, 8.04529463494e-07, 5.401867611e-07, 4.00288769242e-07, 3.23441355476e-07, 1.71700349938e-07, 1.20304605389e-07, 8.46729406589e-08, 3.81206490374e-07, 5.38215019219e-08, 9.73956915118e-09, 1.03933919249e-08, 1.32528850116e-08, 9.73550040584e-09, 7.01410529658e-09, 2.33511343595e-09, 5.87817750031e-09, 8.89245388436e-09, 1.86489179654e-09, 1.10183306923e-09, 4.00007416079e-10, 6.45081488226e-10, 6.75759004309e-10, 1.16932505345e-10, 3.08401693072e-10, 5.75195412134e-11, 2.0619408958e-11, 2.35419964772e-11, 2.34561328694e-11, 1.86928840462e-11, 2.34942031108e-11, 5.77716346983e-11, 1.22902868438e-11, 1.61987697561e-11, 4.86416636136e-12, 2.56833321971e-11, 4.80905809966e-12, 9.61437526814e-13, 1.24157216626e-12, 1.24864658543e-12],
        "dvar2": [3.6462688513e-07, 1.98474913304e-06, 1.5184697304e-06, 9.46570764881e-07, 7.36008644253e-07, 4.04565696499e-07, 2.8547631814e-07, 2.0563258829e-07, 7.70760379964e-07, 9.91931869976e-08, 2.0346831775e-08, 2.09727648581e-08, 3.11100158967e-08, 2.5768537526e-08, 1.81818311518e-08, 5.32459143443e-09, 1.36849340748e-08, 1.96327540891e-08, 4.93111729227e-09, 2.42234610148e-09, 1.03233344095e-09, 1.66738656215e-09, 1.89997995115e-09, 2.88874452137e-10, 9.03902452887e-10, 1.81518966524e-10, 5.27349587609e-11, 5.86380805023e-11, 5.31582972085e-11, 3.27106293441e-11, 5.59198451433e-11, 1.39322345327e-10, 2.76508711761e-11, 4.24404504595e-11, 1.1526784735e-11, 5.57348230068e-11, 1.06209199421e-11, 1.82542197504e-12, 2.81694459425e-12, 2.98295632986e-12],
        "max": [0.00582085736096, 0.0113016404212, 0.016415534541, 0.0118922302499, 0.0110205244273, 0.00784318428487, 0.00813913717866, 0.00689283572137, 0.0191876105964, 0.006536886096, 0.00149633269757, 0.00384241971187, 0.00187666004058, 0.00148791866377, 0.00159894465469, 0.00108191149775, 0.00242567132227, 0.00302934180945, 0.000640419078991, 0.00111086049583, 0.000409374566516, 0.000759689952247, 0.000735447451007, 0.00032383800135, 0.000275451573543, 0.000226019386901, 0.000114169823064, 0.000120599506772, 0.000210790982237, 0.000190074162674, 0.000158084483701, 0.000331181829097, 0.000108249623736, 0.000157798320288, 6.19133861619e-05, 0.000188735793927, 7.93622966739e-05, 4.27584782301e-05, 3.53336472472e-05, 4.22021003033e-05],
        "mean": [0.000755941669922, 0.00146408309229, 0.00076494703535, 0.000784294272307, 0.0006370076444, 0.000565363210626, 0.000565454829484, 0.00055732409237, 0.000493074534461, 0.000226294578169, 0.000160380935995, 0.000104418068076, 0.000109515727672, 9.02873362065e-05, 7.1095302701e-05, 4.12646804762e-05, 6.01539868512e-05, 3.85455314245e-05, 3.40803126164e-05, 2.61815039266e-05, 1.60063045769e-05, 1.8008708139e-05, 1.37405995702e-05, 7.21144306226e-06, 1.19197093227e-05, 2.59962689597e-06, 3.01622185361e-06, 2.91641549666e-06, 2.31260355577e-06, 2.03629679163e-06, 2.40365216087e-06, 2.26405563808e-06, 1.62262404046e-06, 1.43566069255e-06, 8.90190790415e-07, 1.14627835046e-06, 6.74635202813e-07, 4.53169178627e-07, 4.97845974223e-07, 3.65339417385e-07],
        "median": [0.000530043558683, 0.00100286258385, 0.000423963094363, 0.000356597622158, 0.000337217905326, 0.000323819927871, 0.000379166944185, 0.000400714168791, 0.000228970035096, 9.76500305114e-05, 8.64073736011e-05, 6.34828829789e-05, 4.47938182333e-05, 4.05834616686e-05, 2.50309949479e-05, 1.36697026392e-05, 2.43674494413e-05, 1.26852610265e-05, 1.01005898614e-05, 1.04112414192e-05, 6.12091889707e-06, 4.13043790104e-06, 2.22817675422e-06, 2.1397272576e-06, 2.56019256994e-06, 7.93228309703e-07, 8.64984031068e-07, 6.81196524965e-07, 7.33183185275e-07, 3.28889143475e-07, 3.7033606759e-07, 3.84256452435e-07, 2.61331507545e-07, 2.96892949336e-07, 1.83316842595e-07, 1.37925155741e-07, 8.69489298339e-08, 6.62294397102e-08, 4.8532779573e-08, 3.65053232088e-08],
        "min": [1.26597285544e-07, 1.49607132016e-07, 1.57594101324e-07, 1.53147269089e-07, 1.73686714788e-07, 1.7448947176e-08, 1.24575132432e-08, 1.99931768918e-08, 4.41307079768e-09, 4.39728253809e-09, 8.84627537889e-10, 1.67572644649e-09, 1.84884463295e-08, 4.13690415257e-08, 3.50476589972e-08, 1.50393777432e-08, 1.61258983944e-09, 2.09847098032e-10, 2.20210585877e-10, 9.33948543502e-11, 3.07258003762e-11, 1.43666354854e-11, 3.54898020694e-11, 1.81965623125e-11, 8.38694304978e-12, 6.26863838615e-12, 7.12130744998e-12, 4.11459885261e-12, 6.5324976331e-12, 7.07935186167e-12, 1.45180655692e-11, 1.27389340396e-11, 1.24328177961e-11, 1.5316258678e-11, 7.23451203458e-12, 1.42423364768e-11, 9.38734680267e-12, 5.42818481136e-12, 3.02056752007e-12, 2.15215952698e-12],
        "var": [5.88197281104e-07, 2.26172778639e-06, 1.04709795323e-06, 1.47356422531e-06, 9.10170456336e-07, 5.8853157725e-07, 4.25675580118e-07, 3.37005729989e-07, 1.4731963347e-06, 1.90062777961e-07, 3.84477267801e-08, 2.53810821249e-08, 3.47850317439e-08, 2.10311306148e-08, 1.5190225966e-08, 6.58521104313e-09, 1.28882202688e-08, 1.21338779024e-08, 3.67444963345e-09, 2.38487762871e-09, 1.18888954237e-09, 2.55898835455e-09, 2.31163976849e-09, 3.53447909829e-10, 5.79326753236e-10, 7.53569984191e-11, 3.97857441436e-11, 5.15483072894e-11, 5.40335935717e-11, 5.13035343375e-11, 5.97750807185e-11, 1.09597421416e-10, 3.78975462123e-11, 2.78592322822e-11, 9.925918594e-12, 3.68353229863e-11, 8.11479702878e-12, 2.9327085465e-12, 3.46773022623e-12, 2.37259951269e-12]
    },
    "mfcc": {
        "mean": [-688.18572998, 175.405517578, 2.81929516792, 5.75611782074, -0.055746473372, 4.19504594803, -7.82510948181, 2.85382556915, 0.449902236462, 2.93051815033, 2.52627754211, 2.3390610218, 0.732959389687],
        "cov": [[11276.6513672, -3353.15209961, -961.086608887, 786.800476074, -363.890563965, -184.247680664, -251.750442505, -249.139343262, -127.936653137, -8.40820026398, -171.001861572, -179.012405396, -2.78812813759], [-3353.15209961, 3262.42456055, 179.187103271, -524.655883789, 105.60974884, -124.368797302, 73.5403594971, -2.13919234276, 69.3311691284, 128.603027344, 123.161003113, 115.872390747, 90.9698410034], [-961.086608887, 179.187103271, 735.495056152, -105.770690918, -11.365064621, 84.9268112183, -34.6950912476, -10.8245706558, 19.2777843475, -7.03765821457, 69.9386291504, 23.3738059998, 12.4199638367], [786.800476074, -524.655883789, -105.770690918, 365.568267822, 25.6053295135, 8.27499389648, 14.7491807938, -21.7984027863, -40.3850288391, -33.8193054199, -19.6453723907, -23.951423645, 7.57329416275], [-363.890563965, 105.60974884, -11.365064621, 25.6053295135, 204.678817749, 5.83590841293, -6.16582345963, 18.2520656586, 4.78088855743, -45.6292037964, -15.3455047607, 20.9166374207, -8.76727676392], [-184.247680664, -124.368797302, 84.9268112183, 8.27499389648, 5.83590841293, 163.564498901, 37.2744522095, -13.5363368988, -44.3616294861, -2.28437161446, 19.7463092804, -15.0757894516, 2.07689023018], [-251.750442505, 73.5403594971, -34.6950912476, 14.7491807938, -6.16582345963, 37.2744522095, 159.471862793, 21.0706977844, -42.4033851624, 6.73381853104, 11.2158794403, -5.37463140488, 2.31374311447], [-249.139343262, -2.13919234276, -10.8245706558, -21.7984027863, 18.2520656586, -13.5363368988, 21.0706977844, 127.5625, 53.7936706543, -2.03778123856, -7.30197477341, 6.86417865753, 6.57603883743], [-127.936653137, 69.3311691284, 19.2777843475, -40.3850288391, 4.78088855743, -44.3616294861, -42.4033851624, 53.7936706543, 149.104736328, 9.35957145691, -22.0475177765, 13.7752609253, 13.1634559631], [-8.40820026398, 128.603027344, -7.03765821457, -33.8193054199, -45.6292037964, -2.28437161446, 6.73381853104, -2.03778123856, 9.35957145691, 123.233428955, 37.9588317871, -13.1989183426, 10.8298492432], [-171.001861572, 123.161003113, 69.9386291504, -19.6453723907, -15.3455047607, 19.7463092804, 11.2158794403, -7.30197477341, -22.0475177765, 37.9588317871, 129.884536743, 19.9139461517, 5.5973649025], [-179.012405396, 115.872390747, 23.3738059998, -23.951423645, 20.9166374207, -15.0757894516, -5.37463140488, 6.86417865753, 13.7752609253, -13.1989183426, 19.9139461517, 91.4168243408, 10.4717006683], [-2.78812813759, 90.9698410034, 12.4199638367, 7.57329416275, -8.76727676392, 2.07689023018, 2.31374311447, 6.57603883743, 13.1634559631, 10.8298492432, 5.5973649025, 10.4717006683, 94.7937088013]],
