{
"lowlevel": {
    "average_loudness": 0.85064470768,
    "barkbands_crest": {
        "dmean": 1.56617462635,
        "dmean2": 2.39969110489,
        "dvar": 2.79065656662,
        "dvar2": 6.30953168869,
        "max": 26.8470649719,
        "mean": 10.2136631012,
        "median": 9.75892925262,
        "min": 2.36322641373,
        "var": 12.8570232391
    },
    "barkbands_flatness_db": {
        "dmean": 0.0227648578584,
        "dmean2": 0.0307252015918,
        "dvar": 0.000577275990508,
        "dvar2": 0.00111404189374,
        "max": 0.516467630863,
        "mean": 0.177928864956,
        "median": 0.178676396608,
        "min": 0.0416049547493,
        "var": 0.00235406449065
    },
    "barkbands_kurtosis": {
        "dmean": 3.59008383751,
        "dmean2": 5.95249795914,
        "dvar": 2605.00292969,
        "dvar2": 5441.37548828,
        "max": 2773.18286133,
        "mean": 10.8238964081,
        "median": 1.46522903442,
        "min": -1.55421125889,
        "var": 18498.8261719
    },
    "barkbands_skewness": {
        "dmean": 0.297045409679,
        "dmean2": 0.456898391247,
        "dvar": 0.684674620628,
        "dvar2": 1.30465245247,
        "max": 5.49337291718,
        "mean": 0.934759497643,
        "median": 0.979531049728,
        "min": -45.3742408752,
        "var": 7.53805446625
    },
    "barkbands_spread": {
        "dmean": 3.39232301712,
        "dmean2": 5.25552797318,
        "dvar": 26.6789035797,
        "dvar2": 61.9878540039,
        "max": 57.0948638916,
        "mean": 14.5352287292,
        "median": 12.8144893646,
        "min": 0.109537020326,
        "var": 51.2440109253
    },
    "dissonance": {
        "dmean": 0.0208325982094,
        "dmean2": 0.0348197370768,
        "dvar": 0.000403838901548,
        "dvar2": 0.00105605123099,
        "max": 0.498948186636,
        "mean": 0.438077300787,
        "median": 0.441725164652,
        "min": 0.302932977676,
        "var": 0.000889035931323
    },
    "dynamic_complexity": 2.61433744431,
    "erbbands_crest": {
        "dmean": 1.8844640255,
        "dmean2": 2.76671743393,
        "dvar": 4.40346431732,
        "dvar2": 9.61235237122,
        "max": 25.8700714111,
        "mean": 11.8866386414,
        "median": 11.563908577,
        "min": 3.31600666046,
        "var": 17.2537937164
    },
    "erbbands_flatness_db": {
        "dmean": 0.0207225289196,
        "dmean2": 0.027750171721,
        "dvar": 0.000462295603938,
        "dvar2": 0.000844841066282,
        "max": 0.342033058405,
        "mean": 0.21186965704,
        "median": 0.212818786502,
        "min": 0.0677467286587,
        "var": 0.00193254463375
    },
    "erbbands_kurtosis": {
        "dmean": 0.581242799759,
        "dmean2": 0.879210233688,
        "dvar": 0.543572485447,
        "dvar2": 1.13915991783,
        "max": 9.94975090027,
        "mean": 0.611771285534,
        "median": 0.263858318329,
        "min": -1.55404949188,
        "var": 2.11556744576
    },
    "erbbands_skewness": {
        "dmean": 0.223367467523,
        "dmean2": 0.3413195014,
        "dvar": 0.062175873667,
        "dvar2": 0.147243022919,
        "max": 2.45567154884,
        "mean": 0.572581231594,
        "median": 0.568627357483,
        "min": -1.65387451649,
        "var": 0.279513895512
    },
    "erbbands_spread": {
        "dmean": 4.56968688965,
        "dmean2": 6.77958440781,
        "dvar": 36.4339981079,
        "dvar2": 81.1212081909,
        "max": 62.5886268616,
        "mean": 24.8830566406,
        "median": 23.0452709198,
        "min": 4.79623317719,
        "var": 95.9668426514
    },
    "hfc": {
        "dmean": 4.3088259697,
        "dmean2": 6.25184059143,
        "dvar": 56.523475647,
        "dvar2": 141.120758057,
        "max": 96.3803634644,
        "mean": 16.433921814,
        "median": 14.3168869019,
        "min": 0.000351651862729,
        "var": 112.336242676
    },
    "melbands_crest": {
        "dmean": 2.16483736038,
        "dmean2": 3.39428162575,
        "dvar": 4.29470872879,
        "dvar2": 10.7921199799,
        "max": 28.0568618774,
        "mean": 13.7639036179,
        "median": 13.0552482605,
        "min": 2.77922534943,
        "var": 20.9012413025
    },
    "melbands_flatness_db": {
        "dmean": 0.0276356004179,
        "dmean2": 0.0370807945728,
        "dvar": 0.000965776271187,
        "dvar2": 0.00190450926311,
        "max": 0.401566952467,
        "mean": 0.230705454946,
        "median": 0.234197691083,
        "min": 0.0067712017335,
        "var": 0.0036350202281
    },
    "melbands_kurtosis": {
        "dmean": 1.7496560812,
        "dmean2": 2.68635129929,
        "dvar": 7.72223758698,
        "dvar2": 19.1459293365,
        "max": 56.3247070312,
        "mean": 4.86373853683,
        "median": 3.06275367737,
        "min": -1.32736945152,
        "var": 30.6622467041
    },
    "melbands_skewness": {
        "dmean": 0.326396107674,
        "dmean2": 0.480925232172,
        "dvar": 0.12564894557,
        "dvar2": 0.294231981039,
        "max": 6.31145381927,
        "mean": 1.56546771526,
        "median": 1.41569685936,
        "min": -0.732532501221,
        "var": 0.906361281872
    },
    "melbands_spread": {
        "dmean": 4.29300642014,
        "dmean2": 6.77474737167,
        "dvar": 54.8406600952,
        "dvar2": 135.165618896,
        "max": 159.378326416,
        "mean": 19.632648468,
        "median": 17.3141613007,
        "min": 2.77269935608,
        "var": 150.641387939
    },
    "pitch_salience": {
        "dmean": 0.0427134111524,
        "dmean2": 0.0674034580588,
        "dvar": 0.00172340625431,
        "dvar2": 0.0039643002674,
        "max": 0.846368968487,
        "mean": 0.496746659279,
        "median": 0.487539410591,
        "min": 0.284551650286,
        "var": 0.00729539524764
    },
    "silence_rate_20dB": {
        "dmean": 0,
        "dmean2": 0,
        "dvar": 0,
        "dvar2": 0,
        "max": 1,
        "mean": 1,
        "median": 1,
        "min": 1,
        "var": 0
    },
    "silence_rate_30dB": {
        "dmean": 0.00154798757285,
        "dmean2": 0.00309717375785,
        "dvar": 0.00154559034854,
        "dvar2": 0.00308757741004,
        "max": 1,
        "mean": 0.993036746979,
        "median": 1,
        "min": 0,
        "var": 0.00691475067288
    },
    "silence_rate_60dB": {
        "dmean": 0.00580495363101,
        "dmean2": 0.0116144018248,
        "dvar": 0.00577099062502,
        "dvar2": 0.013027055189,
        "max": 1,
        "mean": 0.0123791098595,
        "median": 0,
        "min": 0,
        "var": 0.0122252292931
    },
    "spectral_centroid": {
        "dmean": 180.278167725,
        "dmean2": 272.392456055,
        "dvar": 94625.203125,
        "dvar2": 196379.0625,
        "max": 11065.4658203,
        "mean": 1065.57214355,
        "median": 957.488342285,
        "min": 291.651153564,
        "var": 304683.40625
    },
    "spectral_complexity": {
        "dmean": 2.93382358551,
        "dmean2": 4.58575296402,
        "dvar": 16.9593219757,
        "dvar2": 38.3746643066,
        "max": 47,
        "mean": 17.8638305664,
        "median": 17,
        "min": 0,
        "var": 32.5888938904
    },
    "spectral_decrease": {
        "dmean": 1.24333121576e-09,
        "dmean2": 1.75558334536e-09,
        "dvar": 3.64343860354e-18,
        "dvar2": 7.76534990624e-18,
        "max": 9.02075519859e-15,
        "mean": -6.89980472757e-09,
        "median": -5.56769697013e-09,
        "min": -3.76547220071e-08,
        "var": 2.83348468899e-17
    },
    "spectral_energy": {
        "dmean": 0.0049779061228,
        "dmean2": 0.00700318533927,
        "dvar": 5.55916813028e-05,
        "dvar2": 0.000118371695862,
        "max": 0.146182656288,
        "mean": 0.0275319870561,
        "median": 0.0226249489933,
        "min": 1.73301906159e-08,
        "var": 0.000430835061707
    },
    "spectral_energyband_high": {
        "dmean": 0.000292689946946,
        "dmean2": 0.000485341675812,
        "dvar": 6.54502912312e-07,
        "dvar2": 1.7448478502e-06,
        "max": 0.00917454902083,
        "mean": 0.000306168134557,
        "median": 8.97794088814e-05,
        "min": 5.42616263033e-09,
        "var": 5.03813282648e-07
    },
    "spectral_energyband_low": {
        "dmean": 0.00222903932445,
        "dmean2": 0.00354252522811,
        "dvar": 1.55728903337e-05,
        "dvar2": 4.02087753173e-05,
        "max": 0.0675478354096,
        "mean": 0.00602239230648,
        "median": 0.00278335739858,
        "min": 1.27997954033e-13,
        "var": 7.37753362046e-05
    },
    "spectral_energyband_middle_high": {
        "dmean": 0.0011269079987,
        "dmean2": 0.00152340682689,
        "dvar": 2.34170511249e-06,
        "dvar2": 4.6724353524e-06,
        "max": 0.0241910349578,
        "mean": 0.00499928789213,
        "median": 0.00446341140196,
        "min": 5.15773448256e-12,
        "var": 9.9745566331e-06
    },
    "spectral_energyband_middle_low": {
        "dmean": 0.00316196214408,
        "dmean2": 0.00444046314806,
        "dvar": 3.00574356515e-05,
        "dvar2": 6.25540560577e-05,
        "max": 0.13751745224,
        "mean": 0.0171274933964,
        "median": 0.0138694467023,
        "min": 2.78099320915e-13,
        "var": 0.000224881689064
    },
    "spectral_entropy": {
        "dmean": 0.247830554843,
        "dmean2": 0.331253170967,
        "dvar": 0.081402041018,
        "dvar2": 0.14992633462,
        "max": 9.82041549683,
        "mean": 6.88927125931,
        "median": 6.78011131287,
        "min": 5.82609081268,
        "var": 0.225349500775
    },
    "spectral_flux": {
        "dmean": 0.0170211531222,
        "dmean2": 0.0250444021076,
        "dvar": 0.00041243826854,
        "dvar2": 0.000854010984767,
        "max": 0.272402971983,
        "mean": 0.0463301576674,
        "median": 0.0378054901958,
        "min": 0.000108961903607,
        "var": 0.000931078044232
    },
    "spectral_kurtosis": {
        "dmean": 4.72617101669,
        "dmean2": 7.91585063934,
        "dvar": 23.9492797852,
        "dvar2": 67.9082565308,
        "max": 59.3335342407,
        "mean": 9.22197437286,
        "median": 7.53670024872,
        "min": -1.19613313675,
        "var": 47.6330680847
    },
    "spectral_rms": {
        "dmean": 0.000441806827439,
        "dmean2": 0.000607637863141,
        "dvar": 2.78306799828e-07,
        "dvar2": 5.46983699223e-07,
        "max": 0.0119422450662,
        "mean": 0.00484257051721,
        "median": 0.00469820387661,
        "min": 4.11187329519e-06,
        "var": 3.4100251014e-06
    },
    "spectral_rolloff": {
        "dmean": 288.308441162,
        "dmean2": 507.893920898,
        "dvar": 578131.6875,
        "dvar2": 1372791.5,
        "max": 21942.3339844,
        "mean": 1197.74487305,
        "median": 990.52734375,
        "min": 172.265625,
        "var": 2445775.25
    },
    "spectral_skewness": {
        "dmean": 0.442862272263,
        "dmean2": 0.711035966873,
        "dvar": 0.155995741487,
        "dvar2": 0.404090434313,
        "max": 5.43220472336,
        "mean": 1.91710042953,
        "median": 1.84679877758,
        "min": -0.0331457145512,
        "var": 0.434510916471
    },
    "spectral_spread": {
        "dmean": 485255.78125,
        "dmean2": 688537.25,
        "dvar": 446426120192,
        "dvar2": 789850161152,
        "max": 40456564,
        "mean": 2982224.25,
        "median": 2657560.5,
        "min": 1136018,
        "var": 4.293132288e+12
    },
    "spectral_strongpeak": {
        "dmean": 0.3661275208,
        "dmean2": 0.610697686672,
        "dvar": 0.320136576891,
        "dvar2": 0.751559972763,
        "max": 4.76822566986,
        "mean": 1.4022885561,
        "median": 1.28878188133,
        "min": 0.00191327824723,
        "var": 0.77293407917
    },
    "zerocrossingrate": {
        "dmean": 0.00731004634872,
        "dmean2": 0.00931571796536,
        "dvar": 0.000230913050473,
        "dvar2": 0.000241177185671,
        "max": 0.896484375,
        "mean": 0.0477180182934,
        "median": 0.04150390625,
        "min": 0.01220703125,
        "var": 0.00331024336629
    },
    "barkbands": {
        "dmean": [3.87064892493e-06, 0.000906794972252, 0.00132282904815, 0.000573489116505, 0.00137170450762, 0.000973546004388, 0.000415067974245, 0.000429746549344, 0.00102882750798, 0.000146884471178, 0.000632038281765, 8.57919731061e-05, 0.000110932400275, 0.000152908236487, 0.000136354661663, 8.92446332728e-05, 0.000152890614117, 0.000100977580587, 0.000107136016595, 7.91163984104e-05, 7.26857178961e-05, 8.69723808137e-05, 5.87944850849e-05, 2.37059502979e-05, 9.77503714239e-06, 2.88636965706e-06, 1.00273437056e-05],
        "dmean2": [6.6218781285e-06, 0.0014243631158, 0.00215582409874, 0.000838983629365, 0.00202672509477, 0.00146562198643, 0.000633752322756, 0.000592578551732, 0.0013126473641, 0.000200035472517, 0.000843226036523, 0.000117125287943, 0.000152937689563, 0.000215697029489, 0.000200269991183, 0.000131485765451, 0.000244950206252, 0.000158706418006, 0.000166058569448, 0.000122811004985, 0.000119455689855, 0.000149363375385, 0.000102751517261, 4.07840125263e-05, 1.60019571922e-05, 4.83155145048e-06, 1.7254769773e-05],
        "dvar": [6.04419403416e-10, 4.06652907259e-06, 5.83951759836e-06, 1.11750648557e-06, 1.67538782989e-05, 5.7919687606e-06, 8.20840455162e-07, 1.20515721846e-06, 3.94178687202e-06, 1.0569856812e-07, 1.04682681012e-06, 4.68459901981e-08, 3.74711994766e-08, 8.06617137528e-08, 4.42604530804e-08, 2.55786716252e-08, 6.14697270862e-08, 4.83656670269e-08, 4.84193982686e-08, 3.6556528471e-08, 4.00059434469e-08, 7.27346431972e-08, 3.66218415593e-08, 4.61634153126e-09, 7.75398079078e-10, 8.79893449768e-11, 1.97122496104e-09],
        "dvar2": [1.60615087896e-09, 1.076962144e-05, 1.43164006658e-05, 2.0817492441e-06, 3.69134286302e-05, 1.44559244291e-05, 1.97753661269e-06, 2.04131310966e-06, 8.08387449069e-06, 1.67331563716e-07, 1.99133523893e-06, 8.86659705657e-08, 7.42128989373e-08, 1.57544590706e-07, 8.57837179069e-08, 5.8951336257e-08, 1.52248915697e-07, 1.21505905781e-07, 1.23397498442e-07, 9.42905202805e-08, 1.05312686571e-07, 1.96474545078e-07, 9.95821736183e-08, 1.2471515376e-08, 1.92587124026e-09, 2.26915347623e-10, 5.30336130566e-09],
        "max": [0.000409546482842, 0.0442695058882, 0.0477238222957, 0.0328331440687, 0.126073911786, 0.0467700697482, 0.0191326104105, 0.0419012792408, 0.0281175971031, 0.0103952828795, 0.0150024471804, 0.00493728835136, 0.00454384321347, 0.00430832710117, 0.00343681056984, 0.00409187097102, 0.00407722266391, 0.00318054994568, 0.00368952471763, 0.00223741610534, 0.00284343957901, 0.00386277376674, 0.00251608877443, 0.0007960316143, 0.000487192708533, 0.000148386214278, 0.000738799688406],
        "mean": [3.36179095939e-06, 0.00167114613578, 0.00348555715755, 0.00178030994721, 0.00554400542751, 0.0035678204149, 0.00109582068399, 0.00116347998846, 0.00382270663977, 0.00040356896352, 0.00246079033241, 0.000236447245697, 0.000276367150946, 0.000357141543645, 0.000379222736228, 0.00022000898025, 0.000330820854288, 0.000156428533955, 0.000208325203857, 0.000122516707052, 8.06946191005e-05, 7.83338473411e-05, 4.73234722449e-05, 1.8818247554e-05, 9.13192980079e-06, 2.65958510681e-06, 8.04037154012e-06],
        "median": [8.01558996955e-08, 0.000444600591436, 0.00119912740774, 0.000462735129986, 0.00200084852986, 0.000793074606918, 0.000530818186235, 0.000278745137621, 0.00204744632356, 0.000157468894031, 0.00190779950935, 0.00011094220099, 0.000153654575115, 0.000182824689546, 0.00022590138542, 0.000150715408381, 0.000244578550337, 6.73755057505e-05, 0.000129642095999, 5.55853002879e-05, 2.6009613066e-05, 1.55482484843e-05, 4.57392525277e-06, 1.47579999066e-06, 1.06213872186e-06, 2.92028204285e-07, 6.44483748147e-07],
        "min": [6.5739887221e-14, 3.65541388256e-15, 1.11615172586e-15, 3.72957331115e-15, 1.24820096479e-14, 9.74363344457e-15, 3.87108727506e-14, 4.36657546059e-14, 5.33779766806e-14, 1.10816819046e-13, 7.50697382946e-14, 1.66491210467e-13, 1.97348566525e-13, 2.37138975991e-13, 2.49404311222e-13, 2.63362844987e-13, 4.19843440612e-13, 4.76397404598e-13, 6.16467217985e-13, 1.22206530919e-12, 9.85036704981e-13, 1.40071808319e-12, 3.90823051005e-12, 8.05568372425e-12, 9.91706283066e-12, 4.82576756333e-11, 7.90213139368e-09],
        "var": [4.8803161512e-10, 1.13836858873e-05, 3.99527307309e-05, 1.17247218441e-05, 0.000101993966382, 3.31942319463e-05, 2.60589399659e-06, 8.06488242233e-06, 1.64024568221e-05, 5.54248913431e-07, 4.31909711551e-06, 1.59807910904e-07, 1.10976607459e-07, 2.63208988827e-07, 1.98707695631e-07, 5.34035748956e-08, 1.00507257628e-07, 5.80396424255e-08, 6.68291590955e-08, 3.85629910227e-08, 3.26667723982e-08, 5.20143892402e-08, 2.51820306829e-08, 3.29474247884e-09, 7.28058502375e-10, 7.37758396041e-11, 1.53837564909e-09]
    },
    "erbbands": {
        "dmean": [0.0076062050648, 0.271018207073, 1.44530570507, 1.60403418541, 1.89896678925, 6.35538339615, 7.07464742661, 8.18006420135, 4.92261266708, 11.7084989548, 5.89161157608, 23.7896213531, 12.264424324, 8.71260356903, 21.1534423828, 3.99230384827, 5.35317802429, 7.04121589661, 8.60034942627, 4.11518621445, 5.01057291031, 7.65850782394, 6.58695697784, 5.9191198349, 4.53121900558, 3.59341025352, 2.97532749176, 3.25583291054, 3.04547810555, 3.03960871696, 1.15469312668, 0.544892191887, 0.368510514498, 0.142727315426, 0.0521321557462, 0.0147153884172, 0.00522115267813, 0.00375512056053, 0.000835483835544, 0.000156053371029],
        "dmean2": [0.0124871740118, 0.428544014692, 2.37486457825, 2.42519855499, 2.54467391968, 9.65098667145, 9.94002819061, 13.1273546219, 7.31464576721, 17.2057380676, 7.70945692062, 30.2106685638, 16.550994873, 11.5933771133, 27.8908004761, 5.34721708298, 7.23239898682, 9.65713691711, 12.6171960831, 6.16969299316, 7.48052167892, 12.1644229889, 10.2987680435, 9.14000225067, 6.86376047134, 5.57277154922, 4.70136213303, 5.34629058838, 5.23227071762, 5.37487602234, 1.99393641949, 0.934766888618, 0.629161655903, 0.235453143716, 0.0847858563066, 0.0242591612041, 0.00864792056382, 0.00671109417453, 0.00149995391257, 0.000268654432148],
        "dvar": [0.000638157420326, 0.326897442341, 6.62828493118, 6.26520299911, 18.1046848297, 492.943023682, 360.742095947, 511.270233154, 184.225692749, 685.179382324, 123.071388245, 2063.49633789, 1068.71899414, 213.955276489, 1117.62463379, 106.537635803, 86.0264434814, 205.40133667, 183.78012085, 41.1410179138, 103.333351135, 177.488861084, 149.338973999, 150.122573853, 106.49836731, 79.9931411743, 58.3202896118, 79.0490875244, 87.3732681274, 110.792488098, 13.820309639, 2.44608831406, 1.16850340366, 0.176296472549, 0.0237427130342, 0.00191700272262, 0.000291219825158, 0.000422856159275, 2.23291644943e-05, 3.92301700458e-07],
        "dvar2": [0.00179964583367, 0.859986126423, 16.96991539, 14.1394290924, 31.9483470917, 1095.41992188, 596.073181152, 1477.28979492, 380.16986084, 1443.28637695, 206.444442749, 3892.49487305, 2326.37988281, 354.95803833, 2000.22106934, 190.225708008, 163.158493042, 351.626708984, 378.088043213, 92.7140808105, 239.179473877, 437.045684814, 368.063232422, 378.753723145, 277.075317383, 208.727890015, 152.12348938, 211.400497437, 232.07510376, 304.659881592, 37.4886894226, 6.61301183701, 3.12576818466, 0.43409922719, 0.0596939474344, 0.00490542780608, 0.000745980010834, 0.00120228971355, 6.38245910523e-05, 1.03532977391e-06],
        "max": [0.566461980343, 12.131310463, 41.5935935974, 55.2795944214, 131.169967651, 754.308776855, 580.062011719, 524.105834961, 317.729888916, 757.652160645, 320.025268555, 643.823974609, 648.655822754, 441.314666748, 528.940917969, 254.024856567, 232.624176025, 251.92086792, 200.385620117, 102.668823242, 280.905761719, 273.940643311, 179.982421875, 151.451202393, 171.876281738, 117.558799744, 105.701225281, 123.835586548, 119.289985657, 149.65284729, 48.4542770386, 15.7061100006, 16.3295783997, 8.94471168518, 2.27375078201, 0.509864926338, 0.292940914631, 0.394805043936, 0.112699188292, 0.00844690203667],
        "mean": [0.0124769229442, 0.535984516144, 3.56612563133, 5.18534660339, 7.24368667603, 24.1823825836, 34.445476532, 24.4562320709, 13.8199615479, 31.8419857025, 20.8653526306, 93.5892715454, 36.7074890137, 33.3117485046, 86.2060394287, 13.5163850784, 14.6429519653, 17.5265007019, 23.2614364624, 11.3944988251, 12.5252580643, 16.6150302887, 12.2772293091, 10.8969554901, 8.27207565308, 5.57892608643, 3.90770673752, 3.59721088409, 2.65781807899, 2.28804516792, 0.97159487009, 0.457534879446, 0.295418173075, 0.132860451937, 0.0501849427819, 0.0140045294538, 0.00479925237596, 0.00299918092787, 0.000610443123151, 0.000151117841597],
        "median": [0.00369496201165, 0.16656062007, 1.27661705017, 2.36811065674, 2.29735088348, 5.98643684387, 8.08225917816, 7.61900997162, 5.47051286697, 12.0988054276, 11.8775482178, 50.0961647034, 23.3135356903, 25.8972053528, 66.1750793457, 8.21986103058, 8.54874801636, 8.12772464752, 13.049697876, 8.46981334686, 8.24190425873, 11.9504308701, 7.57154178619, 6.59972667694, 4.89559268951, 2.60694789886, 1.46106755733, 1.18197238445, 0.464453011751, 0.194240227342, 0.107058703899, 0.0471952483058, 0.0219260193408, 0.0138807436451, 0.00617769639939, 0.00174414936919, 0.000555543927476, 0.00068452738924, 5.9230151237e-05, 4.17101982748e-05],
        "min": [1.27256451904e-12, 4.70971026935e-13, 1.13893746864e-12, 1.13318503886e-11, 1.97124851165e-11, 3.27692283031e-11, 1.37084094076e-10, 1.06902910135e-10, 4.98819596739e-10, 5.21315324242e-10, 1.08124065257e-09, 1.17704224145e-09, 2.88275736615e-09, 5.16909182124e-09, 3.32949046111e-09, 9.00972985107e-09, 1.02554684744e-08, 1.30170034751e-08, 1.04239914478e-08, 1.57404898005e-08, 2.07361612325e-08, 2.67701238954e-08, 2.58698324984e-08, 2.91354744775e-08, 3.72033035489e-08, 5.93638169732e-08, 3.89855010496e-08, 5.11471363041e-08, 4.94641767546e-08, 7.61336238497e-08, 1.16826896601e-07, 1.06800001731e-07, 1.77938005663e-07, 1.39726836323e-07, 6.16045454649e-08, 4.11075689044e-08, 9.33408799142e-08, 5.23557616816e-07, 5.9734441038e-07, 1.79295881253e-07],
        "var": [0.000738144270144, 1.01578354836, 38.2462615967, 50.8097801208, 194.382598877, 3084.5534668, 4151.70849609, 2080.92138672, 665.64642334, 3368.40258789, 683.379089355, 10824.9697266, 2686.60302734, 1154.1574707, 5351.97460938, 394.145690918, 283.627075195, 716.751831055, 748.312438965, 107.854301453, 205.323379517, 275.259033203, 196.512832642, 209.813339233, 128.00630188, 81.0253295898, 53.3164634705, 62.795249939, 64.6127090454, 73.0717086792, 9.70362854004, 1.76759970188, 0.86194473505, 0.169875130057, 0.0215289741755, 0.0016936857719, 0.000250360841164, 0.00025405161432, 1.31073247758e-05, 3.16923404853e-07]
    },
    "gfcc": {
        "mean": [-28.1227760315, 132.406402588, -142.340057373, 12.817864418, -50.1927032471, -9.68437290192, -20.8951911926, -1.38608932495, -20.9544887543, -14.8705301285, -17.6519603729, -7.27037525177, -5.97019672394],
        "cov": [[6955.5234375, -242.08114624, 68.3972549438, 492.519836426, -712.598388672, 288.066986084, -351.65246582, -31.6696186066, -229.819473267, 41.5429611206, -125.430168152, 111.134666443, -136.686538696], [-242.08114624, 1852.26220703, -396.425201416, -120.690895081, 373.436981201, -304.862243652, 70.5037460327, -166.629928589, 68.6172027588, -2.09515881538, 77.0863876343, -95.8701782227, 67.4219741821], [68.3972549438, -396.425201416, 570.514587402, -7.54124450684, 16.6148509979, 99.086227417, -75.5433273315, -4.31143665314, -25.2908725739, 33.4936103821, -5.65852308273, 38.4313774109, -67.5414123535], [492.519836426, -120.690895081, -7.54124450684, 298.222381592, -61.161491394, 83.5975723267, -2.25077271461, 17.7267246246, 34.9078063965, 7.01097106934, -0.516100645065, -10.2477397919, -0.993461668491], [-712.598388672, 373.436981201, 16.6148509979, -61.161491394, 289.735748291, -85.0442657471, 68.2902069092, -17.4613037109, 29.7971916199, 18.1858978271, 24.8252048492, -27.9661369324, 23.0623683929], [288.066986084, -304.862243652, 99.086227417, 83.5975723267, -85.0442657471, 202.035583496, 2.84301066399, 50.835773468, -7.69374275208, 5.50977277756, 2.33938789368, 22.7262973785, -23.5293331146], [-351.65246582, 70.5037460327, -75.5433273315, -2.25077271461, 68.2902069092, 2.84301066399, 147.96156311, 51.7458229065, 31.2820034027, -9.0376033783, -6.03433036804, -3.99930882454, 5.82693338394], [-31.6696186066, -166.629928589, -4.31143665314, 17.7267246246, -17.4613037109, 50.835773468, 51.7458229065, 168.967803955, 17.6661643982, 8.41775894165, -20.2839756012, -8.57708644867, -12.5745687485], [-229.819473267, 68.6172027588, -25.2908725739, 34.9078063965, 29.7971916199, -7.69374275208, 31.2820034027, 17.6661643982, 96.0030288696, 22.7657566071, 22.1461963654, -23.5159492493, -4.9950056076], [41.5429611206, -2.09515881538, 33.4936103821, 7.01097106934, 18.1858978271, 5.50977277756, -9.0376033783, 8.41775894165, 22.7657566071, 70.8268280029, 30.6518058777, 5.79526996613, -5.42355394363], [-125.430168152, 77.0863876343, -5.65852308273, -0.516100645065, 24.8252048492, 2.33938789368, -6.03433036804, -20.2839756012, 22.1461963654, 30.6518058777, 76.0844650269, 17.7189102173, 11.3345909119], [111.134666443, -95.8701782227, 38.4313774109, -10.2477397919, -27.9661369324, 22.7262973785, -3.99930882454, -8.57708644867, -23.5159492493, 5.79526996613, 17.7189102173, 84.2722244263, 15.6100358963], [-136.686538696, 67.4219741821, -67.5414123535, -0.993461668491, 23.0623683929, -23.5293331146, 5.82693338394, -12.5745687485, -4.9950056076, -5.42355394363, 11.3345909119, 15.6100358963, 81.9828186035]],
        "icov": [[0.000346273562172, -0.00032983237179, -2.62979247054e-05, -0.000554292753804, 0.000797830172814, -0.000232816295465, 0.000425678794272, -0.00012024082389, 0.000770519429352, -0.000773582665715, 0.000790339312516, -0.000536599429324, 0.000468916783575], [-0.00032983237179, 0.00149301753845, 0.000760872790124, 0.000570431991946, -0.00200902181678, 0.000867182447109, -0.000284331094008, 0.000892532931175, -0.000866729824338, 0.000960935954936, -0.00151279405691, 0.00107185018715, -0.000157033326104], [-2.62979247054e-05, 0.000760872790124, 0.00326616154052, 0.000298866420053, -0.00233147689141, -0.00125446321908, 0.00208058953285, 0.000566553790122, -0.000316254299833, -0.000619514554273, 0.000885311048478, -0.00150137825403, 0.00236292975023], [-0.000554292753804, 0.000570431991946, 0.000298866420053, 0.00515694357455, -0.000781066075433, -0.00160493492149, -0.000371945818188, 0.000626084627584, -0.00320502743125, 0.000920460093766, -0.000557566294447, 0.00153766362928, -0.00155306758825], [0.000797830172814, -0.00200902181678, -0.00233147689141, -0.000781066075433, 0.00917889457196, 0.0011607974302, -0.00304956012405, -0.000342021085089, 0.00221250462346, -0.00322965625674, 0.000393964641262, 0.00119898736011, -0.0013941237703], [-0.000232816295465, 0.000867182447109, -0.00125446321908, -0.00160493492149, 0.0011607974302, 0.00883773714304, -0.0021409643814, -0.00144959206227, 0.00103247817606, 0.000993549940176, -0.00341499177739, 0.000261663226411, 0.000536437903065], [0.000425678794272, -0.000284331094008, 0.00208058953285, -0.000371945818188, -0.00304956012405, -0.0021409643814, 0.0120556131005, -0.00295655662194, -0.00266357348301, 0.00159138289746, 0.00313848513179, -0.00389517494477, 0.00183694425505], [-0.00012024082389, 0.000892532931175, 0.000566553790122, 0.000626084627584, -0.000342021085089, -0.00144959206227, -0.00295655662194, 0.00857591815293, -0.00128807988949, -0.00199867133051, 0.00201650825329, 0.00135607493576, -2.15075942833e-06], [0.000770519429352, -0.000866729824338, -0.000316254299833, -0.00320502743125, 0.00221250462346, 0.00103247817606, -0.00266357348301, -0.00128807988949, 0.0174013096839, -0.00516085978597, -0.00328607112169, 0.00350599363446, 0.0018692977028], [-0.000773582665715, 0.000960935954936, -0.000619514554273, 0.000920460093766, -0.00322965625674, 0.000993549940176, 0.00159138289746, -0.00199867133051, -0.00516085978597, 0.0215646680444, -0.00891496893018, -0.000112346926471, 0.000560857530218], [0.000790339312516, -0.00151279405691, 0.000885311048478, -0.000557566294447, 0.000393964641262, -0.00341499177739, 0.00313848513179, 0.00201650825329, -0.00328607112169, -0.00891496893018, 0.0230156909674, -0.00690202135593, -0.000378141441615], [-0.000536599429324, 0.00107185018715, -0.00150137825403, 0.00153766362928, 0.00119898736011, 0.000261663226411, -0.00389517494477, 0.00135607493576, 0.00350599363446, -0.000112346926471, -0.00690202135593, 0.0183276236057, -0.0051010157913], [0.000468916783575, -0.000157033326104, 0.00236292975023, -0.00155306758825, -0.0013941237703, 0.000536437903065, 0.00183694425505, -2.15075942833e-06, 0.0018692977028, 0.000560857530218, -0.000378141441615, -0.0051010157913, 0.0166262872517]]
    },
    "melbands": {
        "dmean": [0.000154363980982, 0.000622463878244, 0.000284597044811, 0.000267184164841, 0.00027197538293, 0.000180598770385, 7.66348530306e-05, 0.000126931467094, 5.68513714825e-05, 0.000156331414473, 5.98906735831e-05, 3.04563509417e-05, 9.46662185015e-05, 1.11000481411e-05, 1.18312873383e-05, 1.2682075976e-05, 1.3163586118e-05, 1.47798400576e-05, 6.79594222674e-06, 6.01749161433e-06, 5.90561876379e-06, 7.63653406466e-06, 9.51865877141e-06, 5.08066659677e-06, 5.02276407133e-06, 3.61284037353e-06, 2.9023967727e-06, 2.38258348872e-06, 1.99815713131e-06, 1.69430677488e-06, 2.01562443181e-06, 1.75464992935e-06, 1.67879727542e-06, 1.73082514721e-06, 7.51005586608e-07, 3.17296525054e-07, 3.31443345658e-07, 3.07507860953e-07, 1.55825389925e-07, 1.05486968494e-07],
        "dmean2": [0.000243425412918, 0.00100436457433, 0.00041565624997, 0.000392230373109, 0.000393394351704, 0.000283489091089, 0.000114484966616, 0.000183990647201, 7.05382408341e-05, 0.000201895614737, 8.02698195912e-05, 4.07908337365e-05, 0.000125758102513, 1.44867772178e-05, 1.64355260495e-05, 1.69771392393e-05, 1.83349256986e-05, 2.18846307689e-05, 1.01181803984e-05, 9.00771010492e-06, 8.87653550308e-06, 1.23196414279e-05, 1.52885113494e-05, 7.96297808847e-06, 7.81751987233e-06, 5.68144832869e-06, 4.41884958491e-06, 3.74582486984e-06, 3.13519785777e-06, 2.80716130874e-06, 3.32620788868e-06, 3.00163151223e-06, 2.98957206724e-06, 3.05632988784e-06, 1.30363946482e-06, 5.28553869117e-07, 5.77723426431e-07, 5.26743747287e-07, 2.63825029378e-07, 1.72751867922e-07],
        "dvar": [1.44431638205e-07, 1.24812652302e-06, 2.0217910901e-07, 6.45738055027e-07, 5.34863715984e-07, 2.27524154184e-07, 3.91900059071e-08, 8.6240014241e-08, 1.25742962709e-08, 8.6837651736e-08, 2.70831446159e-08, 3.08575476282e-09, 2.32000942901e-08, 7.43439310114e-10, 5.45622491632e-10, 4.61979871025e-10, 6.73254396677e-10, 5.55976875649e-10, 1.05551949126e-10, 8.5754806034e-11, 1.64503785594e-10, 2.2360098495e-10, 2.44200659694e-10, 1.21956236776e-10, 1.13567065474e-10, 6.56385223952e-11, 4.58984725227e-11, 3.59950541595e-11, 2.60572830674e-11, 2.41079916447e-11, 2.92723519035e-11, 2.77683293026e-11, 3.57868908119e-11, 3.6155290567e-11, 6.642036747e-12, 8.2473795588e-13, 9.77262650144e-13, 8.62309789545e-13, 2.1555076246e-13, 1.04329495347e-13],
        "dvar2": [3.92796749793e-07, 3.22805772157e-06, 4.07332436225e-07, 1.45589376643e-06, 1.02225362753e-06, 6.33947195183e-07, 8.28106223594e-08, 1.6944102299e-07, 1.9607306001e-08, 1.76827583687e-07, 5.90325335281e-08, 4.65577132402e-09, 4.34627693835e-08, 1.08212105943e-09, 1.20618526278e-09, 8.47210579469e-10, 1.21339072123e-09, 1.2109647729e-09, 2.08440764649e-10, 1.94279689558e-10, 3.76812220315e-10, 5.66354185771e-10, 6.06373229406e-10, 3.09488545902e-10, 2.87791568354e-10, 1.72246855668e-10, 1.16973986053e-10, 9.48217893093e-11, 6.77601239008e-11, 6.48076731169e-11, 7.80790432309e-11, 7.28843790876e-11, 9.87395928909e-11, 9.93101850755e-11, 1.80480214107e-11, 2.16171785333e-12, 2.67703220702e-12, 2.31703263347e-12, 5.57054348396e-13, 2.53566075472e-13],
        "max": [0.00867864303291, 0.0180449858308, 0.0108333751559, 0.026394566521, 0.0164907611907, 0.0105263721198, 0.00457765860483, 0.00961049180478, 0.00190481019672, 0.00372561509721, 0.00326428678818, 0.00186613644473, 0.0022270581685, 0.000610319199041, 0.000455459638033, 0.000325360859279, 0.000433332665125, 0.000399443146307, 0.00016405560018, 0.000131737018819, 0.000360343459761, 0.000372725538909, 0.00016824893828, 0.000163841497852, 0.000123943609651, 0.000130132539198, 0.000109237495053, 8.95932753338e-05, 7.77936438681e-05, 8.79994768184e-05, 8.32548321341e-05, 6.77392381476e-05, 9.69994143816e-05, 7.9181874753e-05, 3.73467628378e-05, 1.5548128431e-05, 1.03044440039e-05, 1.59114588314e-05, 6.59871420794e-06, 6.94527125233e-06],
        "mean": [0.00027568731457, 0.00150586641394, 0.000976661453024, 0.00102153851185, 0.00125556555577, 0.000564653426409, 0.000208594807191, 0.000345604988979, 0.00020767422393, 0.000598131737206, 0.000163604927366, 0.000107351712359, 0.000375391944544, 3.71248061128e-05, 3.01402906189e-05, 3.13065575028e-05, 3.12182237394e-05, 3.76245043299e-05, 2.04048556043e-05, 1.41911723404e-05, 1.36767248478e-05, 1.5498175344e-05, 1.88336125575e-05, 7.72433668317e-06, 9.1300744316e-06, 6.53822098684e-06, 5.00747728438e-06, 3.48355251845e-06, 2.68492658506e-06, 1.93506184587e-06, 2.18132436203e-06, 1.57428132752e-06, 1.30111402541e-06, 1.2829066236e-06, 6.25164375379e-07, 3.01063948882e-07, 2.58439456502e-07, 2.3977693786e-07, 1.35467033147e-07, 1.00423221738e-07],
        "median": [7.29206149117e-05, 0.000554358528461, 0.00041547062574, 0.000245454633841, 0.000332782976329, 0.000159892893862, 8.59678330016e-05, 0.000122436467791, 8.29379496281e-05, 0.000326875218889, 9.21900791582e-05, 7.63595162425e-05, 0.000293186894851, 1.81578143383e-05, 1.47125156218e-05, 1.87304267456e-05, 1.3471641978e-05, 2.15602012759e-05, 1.34047350002e-05, 9.28437384573e-06, 8.44412352308e-06, 1.03567936094e-05, 1.31240130941e-05, 3.1407384995e-06, 5.32574040335e-06, 4.07571224059e-06, 2.55138297689e-06, 1.55657210144e-06, 9.613486327e-07, 6.46059334031e-07, 6.70792132951e-07, 2.89141240728e-07, 1.28385764242e-07, 8.82738646624e-08, 6.63171917381e-08, 3.82162461676e-08, 2.00461318656e-08, 1.37683029422e-08, 1.35679467661e-08, 9.95569848783e-09],
        "min": [2.27259481849e-14, 4.6800465572e-16, 2.73788174783e-15, 2.64523264878e-15, 4.9245767105e-15, 2.8892607233e-15, 7.12257638665e-15, 5.88141096223e-15, 8.03248120145e-15, 6.58563246051e-15, 1.37798123538e-14, 2.28477498287e-14, 7.51991954221e-15, 1.96846442006e-14, 2.4254798609e-14, 2.11509971457e-14, 2.10535189e-14, 1.5288097665e-14, 1.5648149348e-14, 1.67407540873e-14, 2.625388615e-14, 2.64132977507e-14, 2.06724489415e-14, 2.47687578726e-14, 1.93921332307e-14, 2.19157086549e-14, 3.31860325895e-14, 3.50334351644e-14, 2.25426062094e-14, 2.65493176895e-14, 2.76219629445e-14, 2.61255301653e-14, 3.09653764761e-14, 3.64093961415e-14, 5.8474079257e-14, 6.09237324218e-14, 7.23233118901e-14, 1.13607982342e-13, 9.13344649477e-14, 1.06077906875e-13],
        "var": [3.12769969923e-07, 6.26609244136e-06, 1.89102183867e-06, 4.14894248024e-06, 4.43457020083e-06, 9.55738869379e-07, 1.37017153179e-07, 4.75838589864e-07, 7.13450916123e-08, 3.96003855485e-07, 6.86636525415e-08, 1.8174594274e-08, 9.87287620546e-08, 3.79357878444e-09, 1.64470592701e-09, 1.29193367115e-09, 2.44776288127e-09, 1.98869543055e-09, 4.68428518197e-10, 2.23757096185e-10, 3.37312178189e-10, 3.23871984786e-10, 3.88487575442e-10, 1.46140030632e-10, 1.6340867548e-10, 7.58614698837e-11, 5.76877573488e-11, 3.48165975217e-11, 2.50424941201e-11, 1.91216278922e-11, 2.35260786546e-11, 2.11681921991e-11, 2.34636025886e-11, 2.38895344479e-11, 4.62588387734e-12, 6.91780454535e-13, 6.65191697297e-13, 6.29037186922e-13, 1.77646715697e-13, 1.05058844924e-13]
    },
    "mfcc": {
        "mean": [-664.889038086, 165.305786133, -30.5636310577, 25.3936748505, -11.5987815857, -3.32477140427, -1.71580123901, 5.31850337982, 2.67280292511, -2.43567156792, -6.44808626175, -9.02199363708, -7.75318384171],
        "cov": [[3844.25244141, -914.198913574, 588.059570312, 86.0955276489, -124.650650024, 207.234832764, -106.183532715, 50.0979309082, -164.412567139, -57.4020576477, 23.2982845306, 43.2830276489, -93.221282959], [-914.198913574, 1670.49804688, -431.647979736, 129.050079346, 144.375915527, -34.5220756531, 56.2320098877, -140.026641846, -2.19925880432, -27.7752780914, -32.495010376, 20.5249004364, 22.2307624817], [588.059570312, -431.647979736, 458.724212646, -52.6780014038, 43.293598175, 66.3459243774, -38.8283615112, 31.8832893372, -51.5639572144, -17.6249294281, 35.2591094971, 21.0298786163, -31.6044082642], [86.0955276489, 129.050079346, -52.6780014038, 206.559082031, 33.6903877258, 24.5288982391, 7.36218452454, -3.29267215729, 26.5185127258, 28.3699607849, -17.487455368, 5.68272018433, 17.8647422791], [-124.650650024, 144.375915527, 43.293598175, 33.6903877258, 150.305664062, 17.3301715851, 17.1511898041, -29.011554718, -1.78614485264, 9.18224620819, 8.92388248444, 17.3313598633, 3.81585550308], [207.234832764, -34.5220756531, 66.3459243774, 24.5288982391, 17.3301715851, 131.680648804, 2.36346054077, 4.48522233963, -28.2353782654, -10.9818696976, 15.4255638123, 8.63917541504, -8.78236484528], [-106.183532715, 56.2320098877, -38.8283615112, 7.36218452454, 17.1511898041, 2.36346054077, 97.2639465332, 28.0436916351, 39.5706481934, 9.43694019318, 9.65588378906, 7.48196315765, 0.709898591042], [50.0979309082, -140.026641846, 31.8832893372, -3.29267215729, -29.011554718, 4.48522233963, 28.0436916351, 115.976356506, 39.8654747009, 20.4079647064, 19.425579071, -7.92120361328, 1.73322248459], [-164.412567139, -2.19925880432, -51.5639572144, 26.5185127258, -1.78614485264, -28.2353782654, 39.5706481934, 39.8654747009, 105.500450134, 45.399356842, -2.99303293228, -0.435257345438, 25.6603469849], [-57.4020576477, -27.7752780914, -17.6249294281, 28.3699607849, 9.18224620819, -10.9818696976, 9.43694019318, 20.4079647064, 45.399356842, 93.4803237915, 15.4094200134, 8.91119670868, 10.9448595047], [23.2982845306, -32.495010376, 35.2591094971, -17.487455368, 8.92388248444, 15.4255638123, 9.65588378906, 19.425579071, -2.99303293228, 15.4094200134, 106.322952271, 32.8421096802, -13.8967294693], [43.2830276489, 20.5249004364, 21.0298786163, 5.68272018433, 17.3313598633, 8.63917541504, 7.48196315765, -7.92120361328, -0.435257345438, 8.91119670868, 32.8421096802, 85.5351104736, 23.8311328888], [-93.221282959, 22.2307624817, -31.6044082642, 17.8647422791, 3.81585550308, -8.78236484528, 0.709898591042, 1.73322248459, 25.6603469849, 10.9448595047, -13.8967294693, 23.8311328888, 86.0643920898]],
