{
"lowlevel": {
    "average_loudness": 0.350043386221,
    "barkbands_crest": {
        "dmean": 3.36345672607,
        "dmean2": 5.50403690338,
        "dvar": 8.45502567291,
        "dvar2": 20.4711647034,
        "max": 26.8041992188,
        "mean": 12.7911920547,
        "median": 11.5818119049,
        "min": 3.26273822784,
        "var": 32.5626373291
    },
    "barkbands_flatness_db": {
        "dmean": 0.0328375250101,
        "dmean2": 0.0493408106267,
        "dvar": 0.00111181102693,
        "dvar2": 0.00242059468292,
        "max": 0.605910122395,
        "mean": 0.195416405797,
        "median": 0.167398035526,
        "min": 0.0550188831985,
        "var": 0.00967269483954
    },
    "barkbands_kurtosis": {
        "dmean": 17.5323085785,
        "dmean2": 29.8288726807,
        "dvar": 6394.37792969,
        "dvar2": 17871.4199219,
        "max": 1943.02160645,
        "mean": 23.9748592377,
        "median": 3.429728508,
        "min": -1.8496761322,
        "var": 8384.58105469
    },
    "barkbands_skewness": {
        "dmean": 0.966842710972,
        "dmean2": 1.56066024303,
        "dvar": 3.18653488159,
        "dvar2": 8.7451171875,
        "max": 34.8073196411,
        "mean": 2.54742646217,
        "median": 1.74949848652,
        "min": -0.511568188667,
        "var": 8.78872966766
    },
    "barkbands_spread": {
        "dmean": 3.81195235252,
        "dmean2": 5.99583864212,
        "dvar": 17.4715843201,
        "dvar2": 42.9387321472,
        "max": 60.6774330139,
        "mean": 13.3590784073,
        "median": 13.4799966812,
        "min": 0.0532737784088,
        "var": 60.4338912964
    },
    "dissonance": {
        "dmean": 0.0246971622109,
        "dmean2": 0.0415318086743,
        "dvar": 0.000534472055733,
        "dvar2": 0.00146073231008,
        "max": 0.499861955643,
        "mean": 0.453525304794,
        "median": 0.461526334286,
        "min": 0.308681994677,
        "var": 0.00107111060061
    },
    "dynamic_complexity": 8.49612998962,
    "erbbands_crest": {
        "dmean": 3.1408405304,
        "dmean2": 4.92134284973,
        "dvar": 8.30004882812,
        "dvar2": 18.6722488403,
        "max": 30.3399124146,
        "mean": 10.9823160172,
        "median": 9.91866588593,
        "min": 2.63667607307,
        "var": 24.4775695801
    },
    "erbbands_flatness_db": {
        "dmean": 0.0229494515806,
        "dmean2": 0.0341662801802,
        "dvar": 0.00054822769016,
        "dvar2": 0.00128808256704,
        "max": 0.403838664293,
        "mean": 0.177802816033,
        "median": 0.172737747431,
        "min": 0.074703656137,
        "var": 0.00251998426393
    },
    "erbbands_kurtosis": {
        "dmean": 2.4532263279,
        "dmean2": 4.16532373428,
        "dvar": 69.5518722534,
        "dvar2": 199.924194336,
        "max": 231.217834473,
        "mean": 2.81880569458,
        "median": 0.881335735321,
        "min": -1.54348313808,
        "var": 102.358222961
    },
    "erbbands_skewness": {
        "dmean": 0.491001039743,
        "dmean2": 0.766882300377,
        "dvar": 0.394250571728,
        "dvar2": 1.0228536129,
        "max": 10.431186676,
        "mean": 0.691192865372,
        "median": 0.487632215023,
        "min": -3.44386148453,
        "var": 1.39372169971
    },
    "erbbands_spread": {
        "dmean": 7.58363676071,
        "dmean2": 11.8707017899,
        "dvar": 81.4131469727,
        "dvar2": 212.072616577,
        "max": 157.691711426,
        "mean": 29.0128421783,
        "median": 25.6538887024,
        "min": 1.25065207481,
        "var": 243.544891357
    },
    "hfc": {
        "dmean": 3.47899794579,
        "dmean2": 4.74094724655,
        "dvar": 62.9067230225,
        "dvar2": 120.635017395,
        "max": 117.302154541,
        "mean": 10.8934583664,
        "median": 1.81788957119,
        "min": 0.00372637831606,
        "var": 306.880279541
    },
    "melbands_crest": {
        "dmean": 3.49137997627,
        "dmean2": 5.71799087524,
        "dvar": 8.53268432617,
        "dvar2": 21.5141201019,
        "max": 31.0645904541,
        "mean": 16.2100467682,
        "median": 15.7702760696,
        "min": 4.51637554169,
        "var": 30.2041549683
    },
    "melbands_flatness_db": {
        "dmean": 0.0396362058818,
        "dmean2": 0.0594984032214,
        "dvar": 0.00157929700799,
        "dvar2": 0.00335325393826,
        "max": 0.763415694237,
        "mean": 0.289127290249,
        "median": 0.256863802671,
        "min": 0.100450865924,
        "var": 0.0144614093006
    },
    "melbands_kurtosis": {
        "dmean": 14.7235765457,
        "dmean2": 24.0315246582,
        "dvar": 1465.39025879,
        "dvar2": 3607.89624023,
        "max": 775.570251465,
        "mean": 25.6839847565,
        "median": 8.92272758484,
        "min": -1.46232020855,
        "var": 3691.80957031
    },
    "melbands_skewness": {
        "dmean": 0.969296038151,
        "dmean2": 1.53766691685,
        "dvar": 1.25353968143,
        "dvar2": 3.02571606636,
        "max": 19.8889293671,
        "mean": 3.00664281845,
        "median": 2.53852534294,
        "min": -0.45537135005,
        "var": 5.03861856461
    },
    "melbands_spread": {
        "dmean": 4.39499759674,
        "dmean2": 6.9377579689,
        "dvar": 21.4010753632,
        "dvar2": 51.0967140198,
        "max": 52.5707511902,
        "mean": 13.5679979324,
        "median": 13.100479126,
        "min": 0.240104287863,
        "var": 77.9318695068
    },
    "pitch_salience": {
        "dmean": 0.0889302417636,
        "dmean2": 0.144978329539,
        "dvar": 0.00601167511195,
        "dvar2": 0.0155498282984,
        "max": 0.820464730263,
        "mean": 0.457679986954,
        "median": 0.47678822279,
        "min": 0.0281421560794,
        "var": 0.0212889555842
    },
    "silence_rate_20dB": {
        "dmean": 0,
        "dmean2": 0,
        "dvar": 0,
        "dvar2": 0,
        "max": 1,
        "mean": 1,
        "median": 1,
        "min": 1,
        "var": 0
    },
    "silence_rate_30dB": {
        "dmean": 0.0301857590675,
        "dmean2": 0.0603948906064,
        "dvar": 0.0292744766921,
        "dvar2": 0.0598443262279,
        "max": 1,
        "mean": 0.951257228851,
        "median": 1,
        "min": 0,
        "var": 0.0463666319847
    },
    "silence_rate_60dB": {
        "dmean": 0.0607585124671,
        "dmean2": 0.121564075351,
        "dvar": 0.0570675097406,
        "dvar2": 0.132333382964,
        "max": 1,
        "mean": 0.372920691967,
        "median": 0,
        "min": 0,
        "var": 0.23385708034
    },
    "spectral_centroid": {
        "dmean": 156.308761597,
        "dmean2": 243.787307739,
        "dvar": 32458.5722656,
        "dvar2": 77737.4921875,
        "max": 2981.67626953,
        "mean": 775.605957031,
        "median": 786.701538086,
        "min": 83.2069091797,
        "var": 136500.46875
    },
    "spectral_complexity": {
        "dmean": 2.11222910881,
        "dmean2": 3.23809528351,
        "dvar": 9.14219093323,
        "dvar2": 17.4055747986,
        "max": 62,
        "mean": 10.9303674698,
        "median": 7,
        "min": 0,
        "var": 105.166404724
    },
    "spectral_decrease": {
        "dmean": 2.54895926588e-09,
        "dmean2": 3.95488930494e-09,
        "dvar": 2.97240768763e-17,
        "dvar2": 7.10330233722e-17,
        "max": -4.16901495964e-12,
        "mean": -6.26815443994e-09,
        "median": -1.44929979129e-09,
        "min": -9.53790717517e-08,
        "var": 9.75265993058e-17
    },
    "spectral_energy": {
        "dmean": 0.00981711130589,
        "dmean2": 0.015185803175,
        "dvar": 0.000438222865341,
        "dvar2": 0.00103647820652,
        "max": 0.36739346385,
        "mean": 0.0246455278248,
        "median": 0.0056499093771,
        "min": 1.6723815861e-05,
        "var": 0.00149468344171
    },
    "spectral_energyband_high": {
        "dmean": 0.000169599923538,
        "dmean2": 0.000246989307925,
        "dvar": 2.60526917373e-07,
        "dvar2": 6.00486885105e-07,
        "max": 0.0077321017161,
        "mean": 0.000291873438982,
        "median": 2.34832314163e-05,
        "min": 9.7748893424e-09,
        "var": 5.81261190291e-07
    },
    "spectral_energyband_low": {
        "dmean": 0.00821337755769,
        "dmean2": 0.0133122391999,
        "dvar": 0.000358240795322,
        "dvar2": 0.000933826144319,
        "max": 0.322665095329,
        "mean": 0.0136113148183,
        "median": 0.00386201497167,
        "min": 6.44121200821e-06,
        "var": 0.000616412784439
    },
    "spectral_energyband_middle_high": {
        "dmean": 0.00139041000511,
        "dmean2": 0.00191338453442,
        "dvar": 1.10945629785e-05,
        "dvar2": 2.23651895794e-05,
        "max": 0.0898719653487,
        "mean": 0.00363843352534,
        "median": 0.000457102898508,
        "min": 1.25758683467e-08,
        "var": 4.42295204266e-05
    },
    "spectral_energyband_middle_low": {
        "dmean": 0.00348871643655,
        "dmean2": 0.00553095666692,
        "dvar": 6.82958416292e-05,
        "dvar2": 0.000160914161825,
        "max": 0.119600951672,
        "mean": 0.00843649636954,
        "median": 0.00169493199792,
        "min": 4.60694735693e-07,
        "var": 0.000191831364646
    },
    "spectral_entropy": {
        "dmean": 0.260268002748,
        "dmean2": 0.39260840416,
        "dvar": 0.0844054445624,
        "dvar2": 0.193909525871,
        "max": 8.26669025421,
        "mean": 7.08064699173,
        "median": 7.20124721527,
        "min": 3.8368768692,
        "var": 0.452238053083
    },
    "spectral_flux": {
        "dmean": 0.0190463420004,
        "dmean2": 0.0304926726967,
        "dvar": 0.000632822571788,
        "dvar2": 0.00143299391493,
        "max": 0.422926098108,
        "mean": 0.0634703114629,
        "median": 0.0336409881711,
        "min": 0.00175208225846,
        "var": 0.00394093664363
    },
    "spectral_kurtosis": {
        "dmean": 3.80594491959,
        "dmean2": 6.09996604919,
        "dvar": 46.0792961121,
        "dvar2": 106.112380981,
        "max": 137.124435425,
        "mean": 9.43620681763,
        "median": 5.91161727905,
        "min": 0.319662570953,
        "var": 168.369934082
    },
    "spectral_rms": {
        "dmean": 0.000747409008909,
        "dmean2": 0.0011325100204,
        "dvar": 1.0010405731e-06,
        "dvar2": 2.28465751206e-06,
        "max": 0.0189323183149,
        "mean": 0.00373520655558,
        "median": 0.00234778760932,
        "min": 0.000127733772388,
        "var": 1.0092670891e-05
    },
    "spectral_rolloff": {
        "dmean": 229.223419189,
        "dmean2": 389.957855225,
        "dvar": 90845.8671875,
        "dvar2": 212853.859375,
        "max": 3768.31054688,
        "mean": 690.462036133,
        "median": 667.529296875,
        "min": 64.599609375,
        "var": 224434.1875
    },
    "spectral_skewness": {
        "dmean": 0.374866753817,
        "dmean2": 0.584703922272,
        "dvar": 0.225576817989,
        "dvar2": 0.486947178841,
        "max": 9.98982810974,
        "mean": 2.265147686,
        "median": 2.03911113739,
        "min": 0.612998366356,
        "var": 1.1464099884
    },
    "spectral_spread": {
        "dmean": 638440.9375,
        "dmean2": 924134.25,
        "dvar": 477219389440,
        "dvar2": 990342676480,
        "max": 11204804,
        "mean": 3895518.25,
        "median": 3795109.5,
        "min": 840590,
        "var": 1.83555273523e+12
    },
    "spectral_strongpeak": {
        "dmean": 0.282721400261,
        "dmean2": 0.492841422558,
        "dvar": 0.403034090996,
        "dvar2": 1.07989966869,
        "max": 6.74741363525,
        "mean": 0.394652694464,
        "median": 0.189708933234,
        "min": 0.00494814710692,
        "var": 0.446954756975
    },
    "zerocrossingrate": {
        "dmean": 0.00663733715191,
        "dmean2": 0.00808622501791,
        "dvar": 3.95252900489e-05,
        "dvar2": 5.99047052674e-05,
        "max": 0.10546875,
        "mean": 0.0329150669277,
        "median": 0.0322265625,
        "min": 0.00244140625,
        "var": 0.000305453664623
    },
    "barkbands": {
        "dmean": [0.000189346916159, 0.0065711340867, 0.00254416069947, 0.00168885942549, 0.00151864869986, 0.000580106279813, 0.000560523127206, 0.000546054739971, 0.000628887850326, 0.000709602085408, 0.000217870736378, 0.000362096965546, 0.000325141067151, 0.000236100313487, 0.000244806346018, 6.18146441411e-05, 5.06224496348e-05, 3.34941105393e-05, 4.15450012952e-05, 3.394065061e-05, 3.73393231712e-05, 3.8987978769e-05, 4.98795197927e-05, 2.34951112361e-05, 1.04307246147e-05, 1.91843173525e-05, 5.44233273558e-07],
        "dmean2": [0.000318076985423, 0.0107378466055, 0.00420963158831, 0.00292048673145, 0.00255038309842, 0.000916947959922, 0.000891387462616, 0.000872695818543, 0.000951803813223, 0.000963643484283, 0.000330356415361, 0.00055256485939, 0.000496898661368, 0.000359155237675, 0.000393970462028, 9.83067729976e-05, 7.88113320596e-05, 5.23431808688e-05, 6.78664437146e-05, 5.41897898074e-05, 5.74889381824e-05, 6.22810184723e-05, 6.99216107023e-05, 3.81506943086e-05, 1.54753543029e-05, 3.00542233163e-05, 8.42627002839e-07],
        "dvar": [2.36683661115e-07, 0.000300656654872, 2.93267112284e-05, 1.89233378478e-05, 1.7801852664e-05, 2.07296170629e-06, 1.82171902452e-06, 2.16476678361e-06, 2.5380563784e-06, 6.56187603454e-06, 6.27762290151e-07, 1.20280594729e-06, 5.66715812056e-07, 5.7592160374e-07, 4.14057268472e-07, 2.34663648513e-08, 2.21897025199e-08, 1.20114655999e-08, 1.95480680532e-08, 1.79298957903e-08, 1.63634474859e-08, 1.71293805806e-08, 1.67628186887e-08, 7.16308168336e-09, 1.11380971113e-09, 5.68270186463e-09, 3.00153890458e-12],
        "dvar2": [6.52687162983e-07, 0.000770255108364, 7.49632599764e-05, 5.51184020878e-05, 4.61637318949e-05, 5.15984993399e-06, 4.05568971473e-06, 6.14105465502e-06, 5.52471237825e-06, 1.30529051603e-05, 1.3069114857e-06, 2.76688547274e-06, 1.33705520966e-06, 1.2659360209e-06, 1.04303580883e-06, 5.91263003002e-08, 5.3821636925e-08, 2.72450471073e-08, 5.11233189116e-08, 4.34428244489e-08, 3.81887268475e-08, 4.36137348458e-08, 3.62248933072e-08, 1.87708515398e-08, 2.43275599665e-09, 1.41849723079e-08, 6.996314552e-12],
        "max": [0.00864887796342, 0.302297949791, 0.0706976652145, 0.0564222931862, 0.0777426511049, 0.019368974492, 0.0216831061989, 0.0315364077687, 0.0354334637523, 0.0781057849526, 0.0219663120806, 0.0194772444665, 0.0109291085973, 0.0154743129387, 0.0100162727758, 0.00189645087812, 0.0033621112816, 0.00187018571887, 0.00375580368564, 0.00285436608829, 0.00254671880975, 0.00230621686205, 0.00218157982454, 0.00112438783981, 0.000488879391924, 0.0006662318483, 2.58037416643e-05],
        "mean": [0.000351556023816, 0.00884698238224, 0.00328458310105, 0.0019990876317, 0.00211956957355, 0.000915442011319, 0.00094329501735, 0.000969367974903, 0.00110443856101, 0.00123837671708, 0.000329068192514, 0.000550617754925, 0.000590463692788, 0.000379860081011, 0.000373871560441, 0.000110050132207, 8.58707353473e-05, 5.60535154364e-05, 7.33565684641e-05, 5.78744329687e-05, 6.50991350994e-05, 5.99354862061e-05, 7.98514083726e-05, 2.82776854874e-05, 1.33863159135e-05, 1.85857497854e-05, 6.05411059951e-07],
        "median": [8.27811527415e-06, 0.00251099932939, 0.00047242641449, 0.000277500192169, 0.000227426717174, 0.000183397787623, 0.000136702641612, 0.000150956722791, 0.000186721867067, 7.28353115846e-05, 2.11630995182e-05, 2.31901758525e-05, 9.87025123322e-05, 4.1083952965e-05, 3.68243017874e-05, 1.45439307744e-05, 8.93055130291e-06, 6.35814330963e-06, 4.98512554259e-06, 1.65660731e-06, 4.33197556049e-06, 7.1371323429e-06, 5.33769616595e-06, 1.63141805842e-06, 7.707726013e-07, 2.28498095112e-07, 3.4516432379e-08],
        "min": [1.09625442057e-09, 6.28663485713e-07, 6.92632227128e-08, 2.33062955601e-08, 1.31341471032e-08, 5.80174175369e-09, 3.07214342854e-09, 3.61903174095e-10, 1.64350200116e-09, 8.91774820655e-10, 8.27869661713e-10, 1.49519496784e-09, 5.3579679582e-10, 6.29109209171e-10, 2.10192210859e-10, 1.58673935102e-10, 1.85525123042e-10, 1.26964549985e-10, 1.16119627802e-10, 1.30980920554e-10, 2.22990736987e-10, 1.95970101258e-10, 1.82547893468e-10, 1.62218322108e-10, 1.9933685258e-10, 3.06369957181e-10, 8.64923865862e-09],
        "var": [4.67135691906e-07, 0.000377525109798, 4.4389777031e-05, 2.07987995964e-05, 2.4380384275e-05, 3.51683070221e-06, 4.38809092884e-06, 4.33617742601e-06, 5.91706839259e-06, 1.58106486197e-05, 1.33988589823e-06, 2.10872053685e-06, 1.42948817938e-06, 1.24677183067e-06, 8.23034781661e-07, 4.74416630425e-08, 4.06316047474e-08, 2.25853327152e-08, 4.18422878568e-08, 3.89059238159e-08, 4.18598880003e-08, 3.07640455333e-08, 3.60353205053e-08, 7.53712470214e-09, 1.52323176295e-09, 5.30185051417e-09, 3.36942453105e-12]
    },
    "erbbands": {
        "dmean": [0.174473688006, 1.57257854939, 2.99703478813, 4.12700080872, 5.17758178711, 5.45981454849, 4.53033971786, 5.42979288101, 8.47897911072, 5.59501028061, 14.478849411, 17.0829753876, 14.4981250763, 21.6742858887, 7.17436408997, 18.3529205322, 15.0665302277, 13.455997467, 14.7483415604, 5.34734010696, 2.64062738419, 2.39376974106, 2.08926320076, 2.16727566719, 1.92007291317, 1.59850132465, 1.36776936054, 1.5862288475, 1.40043199062, 1.50960958004, 1.36052155495, 0.718534827232, 0.293905258179, 0.139418885112, 0.0733722001314, 0.10198777169, 0.031566388905, 0.0016297865659, 0.000111531786388, 1.2895191503e-05],
        "dmean2": [0.279483914375, 2.58308696747, 4.92495250702, 7.02622556686, 8.86901569366, 9.2019329071, 7.45974445343, 8.6667137146, 13.3399553299, 8.78849983215, 22.6739845276, 26.0868396759, 20.1187515259, 28.9792480469, 10.892416954, 28.1170635223, 23.2636871338, 20.1969509125, 23.3531589508, 8.45432662964, 4.22313928604, 3.71305894852, 3.2507750988, 3.43615627289, 3.11567163467, 2.56550955772, 2.16675710678, 2.43062090874, 2.24506235123, 2.23442649841, 1.92278289795, 1.10044956207, 0.471303880215, 0.206543371081, 0.111510328948, 0.160742282867, 0.0495435073972, 0.00254078162834, 0.000168749989825, 1.94873282453e-05],
        "dvar": [0.211383730173, 17.1332397461, 43.3671531677, 94.4089431763, 219.26852417, 234.473999023, 177.655883789, 195.969985962, 377.589141846, 194.822052002, 1451.88781738, 1953.86315918, 1727.0748291, 8776.12402344, 343.301483154, 3165.19995117, 1243.86828613, 1514.75073242, 1482.24023438, 157.580123901, 53.7539176941, 50.2613105774, 41.760383606, 35.4593696594, 66.6761398315, 39.6813278198, 30.2324008942, 25.5544490814, 22.3304767609, 19.664850235, 12.1355628967, 5.86400985718, 1.12095057964, 0.199172407389, 0.0623058713973, 0.160182088614, 0.0157727692276, 2.85939131572e-05, 1.19396574405e-07, 8.0658618673e-10],
        "dvar2": [0.513318121433, 45.1907844543, 111.771751404, 264.926605225, 599.336853027, 609.515991211, 464.524108887, 493.025268555, 825.852111816, 472.906402588, 4085.10131836, 4276.38476562, 3395.20239258, 17426.4707031, 790.00970459, 7377.35888672, 2982.9987793, 3361.01269531, 3737.03710938, 391.677185059, 131.758789062, 119.242332458, 97.3242416382, 84.7503204346, 178.687652588, 97.6237792969, 74.4284515381, 59.2835502625, 56.989566803, 47.4849357605, 25.6968612671, 14.8012666702, 2.96334433556, 0.481102019548, 0.127333059907, 0.402989983559, 0.0390959382057, 6.81065575918e-05, 2.76266320043e-07, 1.75924730339e-09],
        "max": [6.72505569458, 73.3425064087, 81.876701355, 126.475822449, 256.155944824, 350.982666016, 201.937652588, 218.418914795, 324.898803711, 246.222564697, 853.853637695, 989.357421875, 801.634155273, 3034.47802734, 309.224914551, 980.230163574, 574.375915527, 780.733032227, 603.523620605, 178.498931885, 128.319366455, 154.750396729, 109.943222046, 120.235816956, 234.384872437, 147.00062561, 111.469833374, 94.4939804077, 78.5086593628, 97.2917785645, 51.3830223083, 37.8914299011, 17.7063674927, 7.00179672241, 5.05844926834, 3.4925763607, 1.10576081276, 0.056001868099, 0.00427809916437, 0.000453980028396],
        "mean": [0.228578969836, 2.05318760872, 4.16893529892, 5.5717921257, 6.61226892471, 7.1917591095, 6.41436767578, 8.26833057404, 14.3785209656, 9.87114620209, 27.5064411163, 30.0124759674, 27.2729816437, 38.0051040649, 12.7435808182, 28.7910690308, 28.6328964233, 24.0190105438, 22.9796066284, 9.75240421295, 5.01655626297, 4.28197097778, 3.50377821922, 3.90470075607, 3.28062224388, 2.76416945457, 2.23945617676, 2.79263234138, 2.14834880829, 2.33859443665, 2.16626524925, 0.971281409264, 0.358907938004, 0.179484471679, 0.0899056270719, 0.0997216925025, 0.0299309138209, 0.00174102338497, 0.000134910340421, 3.23700696754e-05],
        "median": [0.0574874505401, 0.586831450462, 0.681240558624, 1.20719313622, 0.616843640804, 0.830872476101, 0.83276361227, 1.71704947948, 2.51557087898, 1.62524569035, 5.09609794617, 4.83523178101, 2.34164857864, 2.4514708519, 1.06103539467, 1.43147480488, 4.68119621277, 3.19584298134, 1.78680038452, 1.817507267, 0.713879346848, 0.477913349867, 0.311070561409, 0.414472162724, 0.149497941136, 0.0784989967942, 0.11144182086, 0.221079617739, 0.221999406815, 0.24537101388, 0.12623269856, 0.0487447567284, 0.0210935734212, 0.00976599287242, 0.00454768352211, 0.00141653011087, 0.000339919235557, 4.24258723797e-05, 7.65412369219e-06, 7.07188064553e-06],
        "min": [3.02557582472e-05, 0.000247108953772, 0.000544204260223, 0.000104295293568, 0.000243177812081, 0.000102936995972, 0.000106242623588, 4.54180008091e-05, 5.39095053682e-05, 1.79697071871e-05, 1.50892255988e-05, 4.52580025012e-05, 4.12434383179e-05, 3.64916195394e-05, 3.97288131353e-05, 7.07167055225e-05, 3.31816445396e-05, 4.99272500747e-05, 1.24571788547e-05, 1.32973673317e-05, 1.01897212517e-05, 1.09945194708e-05, 8.92841217137e-06, 6.27831968814e-06, 5.56250824957e-06, 6.41362748866e-06, 7.77458353696e-06, 7.54445136408e-06, 6.81617711962e-06, 6.72782789479e-06, 5.91976595388e-06, 4.02651176046e-06, 2.92180516226e-06, 2.06776576306e-06, 1.68137580658e-06, 1.08629433271e-06, 5.41171743862e-07, 5.44077693121e-07, 7.45352735976e-07, 2.79525778524e-07],
        "var": [0.292237579823, 20.1540927887, 69.0512313843, 123.53427124, 247.862380981, 309.309997559, 260.602630615, 309.03503418, 887.143920898, 418.947692871, 3214.42651367, 4431.33984375, 4881.92871094, 20145.7128906, 705.462219238, 5451.39697266, 3146.8137207, 3463.92456055, 2988.81005859, 334.266815186, 108.17351532, 100.437080383, 81.9916229248, 80.0471343994, 132.151077271, 85.1751327515, 62.1960830688, 67.2453689575, 39.5964813232, 41.3649711609, 25.6525936127, 7.400182724, 1.18152582645, 0.256705850363, 0.083344809711, 0.149148479104, 0.0145430397242, 3.038351133e-05, 1.45054229961e-07, 2.74510481013e-09]
    },
    "gfcc": {
        "mean": [-108.605064392, 128.88394165, -99.0366210938, 25.6479167938, -50.3065261841, 28.0381317139, -23.7237739563, 2.58186864853, -3.57021999359, 3.51040530205, -12.3129730225, -2.74057483673, -13.8473720551],
        "cov": [[20340.2578125, -1664.60913086, -2695.828125, -221.774642944, -1303.64904785, 303.063140869, -739.907043457, 201.564682007, -995.18170166, 270.546112061, -515.17010498, 149.781692505, -558.197875977], [-1664.60913086, 1132.82678223, 145.67539978, -104.170265198, 329.509063721, -164.682479858, 169.049911499, -182.649002075, 181.68913269, -88.2304840088, 158.250030518, -114.592575073, 85.5575332642], [-2695.828125, 145.67539978, 1328.61364746, 216.573669434, 391.733154297, 55.8374137878, 103.968811035, 8.0380821228, -2.15405964851, -60.2866439819, 45.392162323, -11.891292572, 47.0579223633], [-221.774642944, -104.170265198, 216.573669434, 346.308807373, 88.4061660767, 16.8428382874, 18.0868396759, 1.37660896778, 12.2603302002, -39.8819961548, -11.7214479446, -9.54085540771, 31.8327560425], [-1303.64904785, 329.509063721, 391.733154297, 88.4061660767, 357.58416748, -29.3012313843, 108.252891541, -17.1905136108, 54.2798461914, -20.2938957214, 64.498046875, -42.7780380249, 44.8780212402], [303.063140869, -164.682479858, 55.8374137878, 16.8428382874, -29.3012313843, 147.248321533, 2.43900442123, 35.8157920837, -18.0701313019, 20.323261261, -1.43373465538, 13.1176424026, -16.5379676819], [-739.907043457, 169.049911499, 103.968811035, 18.0868396759, 108.252891541, 2.43900442123, 154.671401978, 24.5407123566, 81.8954772949, 3.437312603, 53.969909668, -6.91119480133, 37.5158081055], [201.564682007, -182.649002075, 8.0380821228, 1.37660896778, -17.1905136108, 35.8157920837, 24.5407123566, 136.713287354, 20.1810855865, 47.1640167236, -1.93386590481, 23.825958252, -1.01148676872], [-995.18170166, 181.68913269, -2.15405964851, 12.2603302002, 54.2798461914, -18.0701313019, 81.8954772949, 20.1810855865, 210.253067017, 23.0633182526, 59.2130966187, -4.04918622971, 49.7326202393], [270.546112061, -88.2304840088, -60.2866439819, -39.8819961548, -20.2938957214, 20.323261261, 3.437312603, 47.1640167236, 23.0633182526, 106.648910522, 24.4600448608, 16.2473659515, 1.10553348064], [-515.17010498, 158.250030518, 45.392162323, -11.7214479446, 64.498046875, -1.43373465538, 53.969909668, -1.93386590481, 59.2130966187, 24.4600448608, 113.823226929, 4.44569253922, 36.1374092102], [149.781692505, -114.592575073, -11.891292572, -9.54085540771, -42.7780380249, 13.1176424026, -6.91119480133, 23.825958252, -4.04918622971, 16.2473659515, 4.44569253922, 99.6700515747, 13.7383995056], [-558.197875977, 85.5575332642, 47.0579223633, 31.8327560425, 44.8780212402, -16.5379676819, 37.5158081055, -1.01148676872, 49.7326202393, 1.10553348064, 36.1374092102, 13.7383995056, 91.482925415]],
        "icov": [[0.000168697966728, -0.000431339343777, 0.000315057375701, -0.000423654913902, 0.000267671654001, -0.000425280653872, 0.000302544707665, -0.000587642251048, 0.000851302756928, -0.000612546340562, 0.000424120167736, -0.000375250616344, 0.000512765604071], [-0.000431339343777, 0.00507910503075, -0.00064404954901, 0.00309849530458, -0.00293364026584, 0.00304351793602, -0.00240317289717, 0.00528972828761, -0.00401590391994, 0.00395000725985, -0.00377290369943, 0.003247768851, -0.00195751269348], [0.000315057375701, -0.00064404954901, 0.00189147295896, -0.00106009026058, -0.00107542786282, -0.00141423603054, 0.000592523487285, -0.001202192856, 0.00181118492037, -0.000481597526232, 0.000682072597556, -0.00103124114685, 0.000842896755785], [-0.000423654913902, 0.00309849530458, -0.00106009026058, 0.00564945489168, -0.00237766187638, 0.00139940471854, -0.00115363730583, 0.00302875391208, -0.00340038840659, 0.00388454459608, -0.00148084678221, 0.00230419100262, -0.00293683120981], [0.000267671654001, -0.00293364026584, -0.00107542786282, -0.00237766187638, 0.00774551695213, -0.000231740195886, -0.00124372274149, -0.00242450577207, 0.00256753456779, -0.00269892322831, 0.000625801156275, 0.000127436855109, 0.000769570411649], [-0.000425280653872, 0.00304351793602, -0.00141423603054, 0.00139940471854, -0.000231740195886, 0.0103021953255, -0.00255509465933, 0.00195462489501, -0.0022209607996, 0.00146383605897, -0.0031779136043, 0.00181427469943, 1.72775889951e-05], [0.000302544707665, -0.00240317289717, 0.000592523487285, -0.00115363730583, -0.00124372274149, -0.00255509465933, 0.012382500805, -0.00496457610279, -0.000472411804367, -0.000384242594009, -0.000504814612214, -0.00132500578184, -0.000134519767016], [-0.000587642251048, 0.00528972828761, -0.001202192856, 0.00302875391208, -0.00242450577207, 0.00195462489501, -0.00496457610279, 0.0157914217561, -0.00531808706, -4.43094677394e-06, -0.00192206061911, 0.00181799381971, -0.00183764251415], [0.000851302756928, -0.00401590391994, 0.00181118492037, -0.00340038840659, 0.00256753456779, -0.0022209607996, -0.000472411804367, -0.00531808706, 0.0121888751164, -0.00512389559299, 0.00160407519434, -0.00222612544894, 0.000811990408693], [-0.000612546340562, 0.00395000725985, -0.000481597526232, 0.00388454459608, -0.00269892322831, 0.00146383605897, -0.000384242594009, -4.43094677394e-06, -0.00512389559299, 0.0168805196881, -0.00634692981839, 0.00199873535894, -0.0020010387525], [0.000424120167736, -0.00377290369943, 0.000682072597556, -0.00148084678221, 0.000625801156275, -0.0031779136043, -0.000504814612214, -0.00192206061911, 0.00160407519434, -0.00634692981839, 0.0163708552718, -0.00339372246526, -0.00116737443022], [-0.000375250616344, 0.003247768851, -0.00103124114685, 0.00230419100262, 0.000127436855109, 0.00181427469943, -0.00132500578184, 0.00181799381971, -0.00222612544894, 0.00199873535894, -0.00339372246526, 0.0140531975776, -0.00435326853767], [0.000512765604071, -0.00195751269348, 0.000842896755785, -0.00293683120981, 0.000769570411649, 1.72775889951e-05, -0.000134519767016, -0.00183764251415, 0.000811990408693, -0.0020010387525, -0.00116737443022, -0.00435326853767, 0.016836874187]]
    },
    "melbands": {
        "dmean": [0.00170321250334, 0.00167135335505, 0.000715502130333, 0.000365527957911, 0.000172742104041, 0.000116700968647, 0.000127830659039, 6.26917026239e-05, 0.000121549186588, 0.000101289995655, 7.20658572391e-05, 9.24666019273e-05, 2.4870303605e-05, 3.95115603169e-05, 3.76172392862e-05, 3.09031092911e-05, 2.68657240667e-05, 2.33648497669e-05, 1.23295694721e-05, 5.7708471104e-06, 2.91602350444e-06, 2.51564665632e-06, 2.82488304038e-06, 1.53261453306e-06, 1.917744612e-06, 1.61066816418e-06, 1.26226393604e-06, 1.03643958482e-06, 9.3345681762e-07, 8.35157777601e-07, 1.0021358321e-06, 8.12238454273e-07, 8.02522720278e-07, 9.43901568462e-07, 7.780240594e-07, 7.30350961931e-07, 3.66349524938e-07, 2.18046579903e-07, 1.65066992963e-07, 1.07929345461e-07],
        "dmean2": [0.00277659739368, 0.00272670667619, 0.00122635916341, 0.000611579976976, 0.00028921617195, 0.000186271907296, 0.000201528062462, 9.95913869701e-05, 0.000189669517567, 0.000153823173605, 0.000100910481706, 0.000124051279272, 3.81369100069e-05, 6.03935295658e-05, 5.93132608628e-05, 4.56812740595e-05, 4.07679326599e-05, 3.70730958821e-05, 1.97747958737e-05, 9.17713623494e-06, 4.68310281576e-06, 3.96861423724e-06, 4.43980434284e-06, 2.40401709561e-06, 3.06573838316e-06, 2.65667335952e-06, 2.0480213152e-06, 1.69963686858e-06, 1.52369818807e-06, 1.31039678308e-06, 1.55435213856e-06, 1.34409538077e-06, 1.25611063595e-06, 1.42696956118e-06, 1.12054146939e-06, 1.05610945411e-06, 6.00294242759e-07, 3.5378829466e-07, 2.66359194256e-07, 1.58929552185e-07],
        "dvar": [2.09950867429e-05, 1.40510019264e-05, 2.91297806143e-06, 1.03223101178e-06, 2.48316297302e-07, 8.61017781517e-08, 8.79724595393e-08, 2.45384423891e-08, 8.81308608314e-08, 6.81821887838e-08, 4.39141736308e-08, 1.66957576653e-07, 5.522256874e-09, 1.38180942244e-08, 8.12816924878e-09, 5.89783599736e-09, 7.73391306552e-09, 3.47791506705e-09, 1.0150857932e-09, 1.77678233237e-10, 7.85480430698e-11, 5.98752020187e-11, 7.43063319208e-11, 2.64580319459e-11, 2.63736445877e-11, 3.99135030582e-11, 2.59483216164e-11, 1.70328716409e-11, 1.38924713747e-11, 9.54559434968e-12, 9.3913427382e-12, 8.76974968339e-12, 6.09046060113e-12, 8.13531447069e-12, 3.79236659437e-12, 5.6102908777e-12, 1.81432993629e-12, 6.24230647641e-13, 3.55583536791e-13, 1.23778971014e-13],
        "dvar2": [5.22420232301e-05, 3.76455864171e-05, 8.18423541205e-06, 2.63071638074e-06, 6.59204260955e-07, 2.14814036781e-07, 1.90582738924e-07, 6.42944613105e-08, 2.37578134943e-07, 1.49290059426e-07, 8.63455653644e-08, 3.31632861617e-07, 1.23170185162e-08, 3.1755533314e-08, 2.00065617406e-08, 1.26617631935e-08, 1.70270570976e-08, 8.73253469535e-09, 2.56917931374e-09, 4.42887643226e-10, 1.96699767585e-10, 1.43471304281e-10, 1.8292735382e-10, 6.01682176304e-11, 6.53312681731e-11, 1.07904574165e-10, 6.57830387385e-11, 4.16677074788e-11, 3.61174076757e-11, 2.18878318248e-11, 2.20149714431e-11, 2.32112159354e-11, 1.48691996216e-11, 1.99091489822e-11, 8.33466455574e-12, 1.28935169832e-11, 4.7846245195e-12, 1.66478300329e-12, 9.37578465386e-13, 2.89567360975e-13],
        "max": [0.0772462636232, 0.0549312718213, 0.0203124061227, 0.0188974197954, 0.00723085831851, 0.0041595576331, 0.0049957241863, 0.0024683077354, 0.00626271497458, 0.00542195467278, 0.00399803742766, 0.0132626723498, 0.00160473072901, 0.00223106751218, 0.00123707158491, 0.00131890189368, 0.00177772983443, 0.000882334134076, 0.000468656013254, 0.000172842075699, 0.000165512872627, 0.000186033037608, 0.000146154954564, 9.15246928344e-05, 0.000105419021565, 0.00017711961118, 0.000116013819934, 9.9088967545e-05, 6.73264730722e-05, 6.23825981165e-05, 5.28336058778e-05, 4.58924114355e-05, 5.07252079842e-05, 6.45782929496e-05, 2.75539659924e-05, 5.45744478586e-05, 1.93275100173e-05, 1.26340610223e-05, 8.95230004971e-06, 6.31119655736e-06],
        "mean": [0.00230690045282, 0.00244391523302, 0.00100339215714, 0.000503611401655, 0.000244750495767, 0.000180803777766, 0.00021942082094, 0.000111217617814, 0.00023171993962, 0.000175660796231, 0.000132298562676, 0.000159140501637, 3.98159318138e-05, 6.02197469561e-05, 6.62308739265e-05, 5.71354285057e-05, 4.35171496065e-05, 3.58416764357e-05, 1.92031329789e-05, 1.04327818917e-05, 4.83881603941e-06, 4.34093817603e-06, 4.2891956582e-06, 2.58520049101e-06, 3.23396352542e-06, 2.55879876931e-06, 2.10314829019e-06, 1.72321244918e-06, 1.39026292345e-06, 1.38480993428e-06, 1.69764132352e-06, 1.15000557344e-06, 1.23182132938e-06, 1.33717367135e-06, 1.19415744848e-06, 1.11292035854e-06, 4.20360180442e-07, 2.59130274571e-07, 1.87908085536e-07, 1.38080949341e-07],
        "median": [0.00067008275073, 0.000567620561924, 0.000201001472306, 5.21144756931e-05, 3.07238296955e-05, 3.66849089914e-05, 3.73496004613e-05, 1.95560169232e-05, 4.64151271444e-05, 2.70345208264e-05, 1.05186409201e-05, 1.02603735286e-05, 3.04175682686e-06, 2.59579610429e-06, 7.6895012171e-06, 9.01057592273e-06, 4.76360764878e-06, 2.63879474005e-06, 2.6220534437e-06, 1.6430233245e-06, 5.86062697039e-07, 4.92445849432e-07, 3.31642695528e-07, 2.76187620329e-07, 3.43921158219e-07, 1.38086619472e-07, 5.41248645902e-08, 4.60631923715e-08, 6.2813221291e-08, 8.10866254142e-08, 1.36516234761e-07, 1.07726094711e-07, 1.59489786711e-07, 1.12647242645e-07, 7.42360484196e-08, 3.98786745848e-08, 2.27292140664e-08, 1.56697002041e-08, 8.1288433762e-09, 7.58717799698e-09],
        "min": [1.99461908323e-07, 9.02001943359e-07, 1.9175441679e-08, 5.53030687911e-09, 2.85487344875e-09, 9.71685287787e-10, 7.68216268376e-10, 1.557657614e-10, 1.66418226422e-10, 2.74412881307e-10, 2.12490067208e-10, 1.52078988291e-10, 1.10066622483e-10, 1.35210245777e-10, 8.15903802853e-11, 4.51856399519e-11, 7.86676487841e-11, 1.53133183217e-11, 1.679452237e-11, 1.30020308756e-11, 1.10160361735e-11, 1.16561387278e-11, 6.61172071953e-12, 5.16539372039e-12, 4.82867435272e-12, 3.64085454493e-12, 2.83978764982e-12, 3.6095380157e-12, 4.47424519309e-12, 4.53580532508e-12, 3.78224057976e-12, 3.97606773894e-12, 3.24089626663e-12, 3.60128224984e-12, 3.22069172547e-12, 2.26769341152e-12, 2.17433514769e-12, 1.65984901605e-12, 1.49133505024e-12, 1.36233190527e-12],
        "var": [2.71608132607e-05, 2.13896637433e-05, 3.90783043258e-06, 1.38353800594e-06, 3.53123539298e-07, 1.42235407452e-07, 2.12408892253e-07, 4.7986311813e-08, 2.11317413346e-07, 1.5806672593e-07, 1.22463376329e-07, 3.81537859084e-07, 1.10406821463e-08, 2.39908253263e-08, 1.80347008438e-08, 1.48826702073e-08, 1.66696274562e-08, 7.02467861657e-09, 1.91830729079e-09, 3.78137160473e-10, 1.33353258991e-10, 1.06969010039e-10, 1.33030322869e-10, 4.93829629966e-11, 5.36667238427e-11, 7.34006744274e-11, 5.72107951291e-11, 3.44471742797e-11, 2.38114077067e-11, 2.50479012531e-11, 2.25354786915e-11, 1.29807414817e-11, 1.22052359539e-11, 1.47660078609e-11, 7.69371111958e-12, 8.72988660527e-12, 1.84512344639e-12, 6.43565224983e-13, 3.50050311003e-13, 1.63970264233e-13]
    },
    "mfcc": {
        "mean": [-751.930114746, 152.190963745, 16.7205848694, 13.2430534363, 5.27683353424, 22.869228363, -4.21674394608, 10.8391656876, 3.36731529236, 11.2522125244, 11.6716346741, 2.41893315315, -1.96428143978],
        "cov": [[18775.2285156, -229.536880493, -2010.8026123, -855.856323242, -968.606994629, -82.8424301147, -419.020843506, -127.610328674, -632.634887695, 89.4242553711, -304.165527344, -288.894195557, -239.414093018], [-229.536880493, 898.761291504, -179.016677856, -74.3744659424, 10.7763366699, 12.4323921204, -24.9257335663, -67.4125289917, -20.489402771, -2.32469964027, 63.8434295654, -1.10255980492, -35.273021698], [-2010.8026123, -179.016677856, 803.863708496, 263.393676758, 260.184387207, 64.7105712891, 198.649337769, 56.4029655457, 58.7391166687, -8.54621982574, -53.4791564941, 54.575466156, 40.0520896912], [-855.856323242, -74.3744659424, 263.393676758, 353.564849854, 172.135345459, 42.5903930664, 96.9382095337, 25.0294685364, 69.5745544434, -12.0182247162, -32.1167907715, 47.8447151184, 10.3022356033], [-968.606994629, 10.7763366699, 260.184387207, 172.135345459, 228.600204468, 44.333732605, 105.291732788, 11.6660060883, 39.986366272, 2.16770601273, -23.5995407104, 38.3343925476, 8.80392074585], [-82.8424301147, 12.4323921204, 64.7105712891, 42.5903930664, 44.333732605, 103.368858337, 27.552652359, 15.0777111053, 5.29912471771, -1.84723806381, 2.28046655655, 7.39370298386, 0.285619795322], [-419.020843506, -24.9257335663, 198.649337769, 96.9382095337, 105.291732788, 27.552652359, 200.184509277, 11.0697450638, 15.9275712967, 13.34416008, -38.7658729553, 47.3125648499, 22.7389183044], [-127.610328674, -67.4125289917, 56.4029655457, 25.0294685364, 11.6660060883, 15.0777111053, 11.0697450638, 103.452438354, 26.2623500824, 3.52266955376, 7.60922670364, 7.35095834732, 14.1959562302], [-632.634887695, -20.489402771, 58.7391166687, 69.5745544434, 39.986366272, 5.29912471771, 15.9275712967, 26.2623500824, 114.629776001, 24.5464992523, 21.4518127441, 27.4633312225, 13.5848426819], [89.4242553711, -2.32469964027, -8.54621982574, -12.0182247162, 2.16770601273, -1.84723806381, 13.34416008, 3.52266955376, 24.5464992523, 109.130027771, 35.770980835, 10.038310051, 8.29126167297], [-304.165527344, 63.8434295654, -53.4791564941, -32.1167907715, -23.5995407104, 2.28046655655, -38.7658729553, 7.60922670364, 21.4518127441, 35.770980835, 113.02722168, 15.8940916061, 5.21883058548], [-288.894195557, -1.10255980492, 54.575466156, 47.8447151184, 38.3343925476, 7.39370298386, 47.3125648499, 7.35095834732, 27.4633312225, 10.038310051, 15.8940916061, 98.506362915, 31.7888565063], [-239.414093018, -35.273021698, 40.0520896912, 10.3022356033, 8.80392074585, 0.285619795322, 22.7389183044, 14.1959562302, 13.5848426819, 8.29126167297, 5.21883058548, 31.7888565063, 83.6829528809]],
