{
"lowlevel": {
    "average_loudness": 0.924554288387,
    "barkbands_crest": {
        "dmean": 2.35758733749,
        "dmean2": 3.762362957,
        "dvar": 5.7744679451,
        "dvar2": 15.4595584869,
        "max": 25.576675415,
        "mean": 11.7056922913,
        "median": 11.2700424194,
        "min": 2.68121290207,
        "var": 15.8292131424
    },
    "barkbands_flatness_db": {
        "dmean": 0.027682935819,
        "dmean2": 0.0399302840233,
        "dvar": 0.000973133777734,
        "dvar2": 0.00210166280158,
        "max": 0.555614352226,
        "mean": 0.19611133635,
        "median": 0.176683962345,
        "min": 0.0368694923818,
        "var": 0.00763664301485
    },
    "barkbands_kurtosis": {
        "dmean": 6.78732633591,
        "dmean2": 10.9480218887,
        "dvar": 273.791717529,
        "dvar2": 738.116699219,
        "max": 358.10446167,
        "mean": 11.5534505844,
        "median": 5.90499973297,
        "min": -1.92637872696,
        "var": 366.810241699
    },
    "barkbands_skewness": {
        "dmean": 0.728349924088,
        "dmean2": 1.13080990314,
        "dvar": 1.05017161369,
        "dvar2": 2.62156844139,
        "max": 17.360212326,
        "mean": 2.4375243187,
        "median": 2.2172305584,
        "min": -2.63134288788,
        "var": 2.859136343
    },
    "barkbands_spread": {
        "dmean": 4.92540884018,
        "dmean2": 7.35502576828,
        "dvar": 64.2459030151,
        "dvar2": 134.613769531,
        "max": 109.344200134,
        "mean": 14.673705101,
        "median": 11.1967563629,
        "min": 0.868704676628,
        "var": 206.657089233
    },
    "dissonance": {
        "dmean": 0.0200546514243,
        "dmean2": 0.0331198349595,
        "dvar": 0.000482497707708,
        "dvar2": 0.00123782537412,
        "max": 0.500000059605,
        "mean": 0.45518809557,
        "median": 0.464761793613,
        "min": 0.207721412182,
        "var": 0.00135181704536
    },
    "dynamic_complexity": 3.02772188187,
    "erbbands_crest": {
        "dmean": 2.27773404121,
        "dmean2": 3.69758725166,
        "dvar": 4.90163946152,
        "dvar2": 11.8617191315,
        "max": 28.1493206024,
        "mean": 8.89096641541,
        "median": 8.02263736725,
        "min": 2.51602315903,
        "var": 15.3806638718
    },
    "erbbands_flatness_db": {
        "dmean": 0.0209826733917,
        "dmean2": 0.028883907944,
        "dvar": 0.00057259836467,
        "dvar2": 0.00108919013292,
        "max": 0.412644773722,
        "mean": 0.167813807726,
        "median": 0.159546852112,
        "min": 0.0505010820925,
        "var": 0.00405089510605
    },
    "erbbands_kurtosis": {
        "dmean": 1.23363411427,
        "dmean2": 1.86283934116,
        "dvar": 4.17996501923,
        "dvar2": 9.00367355347,
        "max": 31.1255760193,
        "mean": 1.15384852886,
        "median": 0.0553224086761,
        "min": -1.88054227829,
        "var": 12.2260656357
    },
    "erbbands_skewness": {
        "dmean": 0.414823830128,
        "dmean2": 0.629173457623,
        "dvar": 0.223325505853,
        "dvar2": 0.513915300369,
        "max": 4.4642701149,
        "mean": 0.48046028614,
        "median": 0.41338133812,
        "min": -3.58593869209,
        "var": 0.866935491562
    },
    "erbbands_spread": {
        "dmean": 9.8840341568,
        "dmean2": 14.5264730453,
        "dvar": 173.332870483,
        "dvar2": 387.409393311,
        "max": 156.029937744,
        "mean": 40.5323829651,
        "median": 35.6596946716,
        "min": 4.52384805679,
        "var": 670.274841309
    },
    "hfc": {
        "dmean": 6.45631980896,
        "dmean2": 9.0871181488,
        "dvar": 169.512619019,
        "dvar2": 335.13458252,
        "max": 184.137985229,
        "mean": 17.6021537781,
        "median": 9.513215065,
        "min": 0.00742982933298,
        "var": 513.446533203
    },
    "melbands_crest": {
        "dmean": 2.62658643723,
        "dmean2": 4.21747159958,
        "dvar": 5.99503517151,
        "dvar2": 15.7913961411,
        "max": 34.5142784119,
        "mean": 15.8159818649,
        "median": 15.5323066711,
        "min": 4.64294719696,
        "var": 21.019285202
    },
    "melbands_flatness_db": {
        "dmean": 0.033411026001,
        "dmean2": 0.0482368469238,
        "dvar": 0.0015196375316,
        "dvar2": 0.00333682144992,
        "max": 0.713251948357,
        "mean": 0.29300314188,
        "median": 0.272501766682,
        "min": 0.0534458570182,
        "var": 0.0116335209459
    },
    "melbands_kurtosis": {
        "dmean": 14.9702091217,
        "dmean2": 24.2233505249,
        "dvar": 1082.79638672,
        "dvar2": 2723.48583984,
        "max": 572.417907715,
        "mean": 29.9586715698,
        "median": 16.0082836151,
        "min": -1.7786308527,
        "var": 2020.46948242
    },
    "melbands_skewness": {
        "dmean": 0.939225018024,
        "dmean2": 1.44075298309,
        "dvar": 1.45108032227,
        "dvar2": 3.45706605911,
        "max": 15.4722633362,
        "mean": 3.71303272247,
        "median": 3.36935901642,
        "min": -0.751017093658,
        "var": 5.47316265106
    },
    "melbands_spread": {
        "dmean": 4.69602251053,
        "dmean2": 7.35337781906,
        "dvar": 131.244094849,
        "dvar2": 339.828338623,
        "max": 225.81022644,
        "mean": 12.9820823669,
        "median": 8.86573791504,
        "min": 0.547912538052,
        "var": 228.633880615
    },
    "pitch_salience": {
        "dmean": 0.0729201957583,
        "dmean2": 0.11825890094,
        "dvar": 0.00496402895078,
        "dvar2": 0.0137504935265,
        "max": 0.865276217461,
        "mean": 0.529753923416,
        "median": 0.540719270706,
        "min": 0.124887101352,
        "var": 0.015123735182
    },
    "silence_rate_20dB": {
        "dmean": 0,
        "dmean2": 0,
        "dvar": 0,
        "dvar2": 0,
        "max": 1,
        "mean": 1,
        "median": 1,
        "min": 1,
        "var": 0
    },
    "silence_rate_30dB": {
        "dmean": 0.0425696596503,
        "dmean2": 0.0847851336002,
        "dvar": 0.0407585985959,
        "dvar2": 0.0822410881519,
        "max": 1,
        "mean": 0.955125749111,
        "median": 1,
        "min": 0,
        "var": 0.0428609028459
    },
    "silence_rate_60dB": {
        "dmean": 0.00967492256314,
        "dmean2": 0.0193573366851,
        "dvar": 0.00958119519055,
        "dvar2": 0.0189819727093,
        "max": 1,
        "mean": 0.0433268845081,
        "median": 0,
        "min": 0,
        "var": 0.041449315846
    },
    "spectral_centroid": {
        "dmean": 211.664978027,
        "dmean2": 325.379638672,
        "dvar": 119675.578125,
        "dvar2": 293564.71875,
        "max": 5171.50927734,
        "mean": 823.281616211,
        "median": 707.457092285,
        "min": 166.472991943,
        "var": 311762.65625
    },
    "spectral_complexity": {
        "dmean": 3.15712070465,
        "dmean2": 4.73519182205,
        "dvar": 19.8754901886,
        "dvar2": 37.7163124084,
        "max": 53,
        "mean": 14.9145069122,
        "median": 14,
        "min": 0,
        "var": 73.804977417
    },
    "spectral_decrease": {
        "dmean": 4.22784118825e-09,
        "dmean2": 6.71981359446e-09,
        "dvar": 1.19378203078e-16,
        "dvar2": 3.0982127929e-16,
        "max": -3.96703243172e-12,
        "mean": -1.00341459586e-08,
        "median": -8.13766298791e-09,
        "min": -1.28215035033e-07,
        "var": 1.13980379742e-16
    },
    "spectral_energy": {
        "dmean": 0.0163908116519,
        "dmean2": 0.025966277346,
        "dvar": 0.00175107840914,
        "dvar2": 0.00452190171927,
        "max": 0.488701969385,
        "mean": 0.0394677147269,
        "median": 0.0320000499487,
        "min": 1.56463956955e-05,
        "var": 0.00171113223769
    },
    "spectral_energyband_high": {
        "dmean": 0.000438233779278,
        "dmean2": 0.000607921392657,
        "dvar": 1.48564197389e-06,
        "dvar2": 2.83546933133e-06,
        "max": 0.0230681765825,
        "mean": 0.000788999488577,
        "median": 0.000115759394248,
        "min": 6.10446235783e-08,
        "var": 4.67855079478e-06
    },
    "spectral_energyband_low": {
        "dmean": 0.0110614430159,
        "dmean2": 0.0179553050548,
        "dvar": 0.00129461125471,
        "dvar2": 0.00347428489476,
        "max": 0.470750272274,
        "mean": 0.0229742154479,
        "median": 0.0182358566672,
        "min": 8.7793239345e-07,
        "var": 0.00110123015475
    },
    "spectral_energyband_middle_high": {
        "dmean": 0.00134985055774,
        "dmean2": 0.00195566401817,
        "dvar": 7.03806108504e-06,
        "dvar2": 1.47343116623e-05,
        "max": 0.0652498081326,
        "mean": 0.00407579727471,
        "median": 0.00173798471224,
        "min": 1.83408815246e-07,
        "var": 5.15447136422e-05
    },
    "spectral_energyband_middle_low": {
        "dmean": 0.00717058638111,
        "dmean2": 0.011561293155,
        "dvar": 0.000420669093728,
        "dvar2": 0.00106910977047,
        "max": 0.258565098047,
        "mean": 0.0139495274052,
        "median": 0.00983782950789,
        "min": 1.034768502e-05,
        "var": 0.00041780306492
    },
    "spectral_entropy": {
        "dmean": 0.238061740994,
        "dmean2": 0.345155417919,
        "dvar": 0.0814710557461,
        "dvar2": 0.160461112857,
        "max": 8.81911659241,
        "mean": 7.14149141312,
        "median": 7.24891519547,
        "min": 4.58187770844,
        "var": 0.555643737316
    },
    "spectral_flux": {
        "dmean": 0.029843442142,
        "dmean2": 0.045664165169,
        "dvar": 0.00278294575401,
        "dvar2": 0.0058572422713,
        "max": 0.584389150143,
        "mean": 0.0841636732221,
        "median": 0.0646875947714,
        "min": 0.00105987640563,
        "var": 0.00541602866724
    },
    "spectral_kurtosis": {
        "dmean": 4.58881235123,
        "dmean2": 6.89795589447,
        "dvar": 134.079574585,
        "dvar2": 265.314086914,
        "max": 257.896179199,
        "mean": 12.5558509827,
        "median": 6.10391521454,
        "min": -1.14241576195,
        "var": 665.570007324
    },
    "spectral_rms": {
        "dmean": 0.00101906154305,
        "dmean2": 0.00152058771346,
        "dvar": 3.24722782352e-06,
        "dvar2": 7.65923959989e-06,
        "max": 0.0218353476375,
        "mean": 0.00567852938548,
        "median": 0.005587446969,
        "min": 0.00012355070794,
        "var": 6.2593576331e-06
    },
    "spectral_rolloff": {
        "dmean": 330.6824646,
        "dmean2": 562.215270996,
        "dvar": 1046225.9375,
        "dvar2": 2335432.25,
        "max": 14039.6484375,
        "mean": 803.633422852,
        "median": 387.59765625,
        "min": 64.599609375,
        "var": 1834199.5
    },
    "spectral_skewness": {
        "dmean": 0.426970809698,
        "dmean2": 0.625199735165,
        "dvar": 0.451170921326,
        "dvar2": 0.902370214462,
        "max": 13.6492128372,
        "mean": 2.32447290421,
        "median": 1.95609986782,
        "min": -0.179657384753,
        "var": 2.9188990593
    },
    "spectral_spread": {
        "dmean": 786182.5,
        "dmean2": 1082524.625,
        "dvar": 1.04692298547e+12,
        "dvar2": 1.9370246144e+12,
        "max": 16806206,
        "mean": 4485104,
        "median": 4078366.5,
        "min": 448014.96875,
        "var": 5.36682273178e+12
    },
    "spectral_strongpeak": {
        "dmean": 0.322389125824,
        "dmean2": 0.538785159588,
        "dvar": 0.383279591799,
        "dvar2": 0.917384505272,
        "max": 8.9526386261,
        "mean": 0.71064478159,
        "median": 0.421215295792,
        "min": 0,
        "var": 0.926492631435
    },
    "zerocrossingrate": {
        "dmean": 0.00907893199474,
        "dmean2": 0.0106125082821,
        "dvar": 0.000186196906725,
        "dvar2": 0.000219126886805,
        "max": 0.3232421875,
        "mean": 0.0386605411768,
        "median": 0.03076171875,
        "min": 0.00244140625,
        "var": 0.0011824258836
    },
    "barkbands": {
        "dmean": [0.000124554877402, 0.00789196882397, 0.00365284620784, 0.00258189579472, 0.00402424484491, 0.00074610178126, 0.000534218212124, 0.000689044187311, 0.000417462200858, 0.000451140396763, 0.000464917946374, 0.000343761930708, 0.000306222238578, 0.000280942360405, 0.000117068251711, 0.000137180933962, 0.000164906232385, 8.24915259727e-05, 7.77250461397e-05, 7.66092998674e-05, 8.74992692843e-05, 0.000105164457636, 0.000116130642709, 8.22356669232e-05, 5.53606405447e-05, 2.53831858572e-05, 6.30644808552e-06],
        "dmean2": [0.000194466119865, 0.013105914928, 0.00598022667691, 0.00445979740471, 0.00646120356396, 0.00118112273049, 0.000870372750796, 0.00110419711564, 0.000622784777079, 0.000713577261195, 0.000696594128385, 0.000515632738825, 0.000497404835187, 0.000441320036771, 0.000182711417438, 0.000217771928874, 0.000259905122221, 0.000132202010718, 0.000123166275444, 0.000125190214021, 0.000134971312946, 0.000150816427777, 0.00016541685909, 0.000127320337924, 7.67575402278e-05, 3.72342474293e-05, 9.91010620055e-06],
        "dvar": [1.39570545343e-07, 0.000862130604219, 0.000104826656752, 4.65094599349e-05, 0.000193570333067, 2.34539720623e-06, 2.78370202977e-06, 6.69069368087e-06, 1.98158727471e-06, 1.77711740434e-06, 4.8188794608e-06, 2.10230746234e-06, 1.22221638321e-06, 7.04475098701e-07, 6.49316831414e-08, 8.24290111723e-08, 1.05838580566e-07, 4.24112371888e-08, 3.81030282881e-08, 8.18863838958e-08, 6.54123653021e-08, 1.18624001288e-07, 1.84825907468e-07, 1.03716310207e-07, 3.19653246095e-08, 5.11904874045e-09, 3.67097963139e-10],
        "dvar2": [3.55437975941e-07, 0.00235458952375, 0.000305873749312, 0.000129996420583, 0.000484452000819, 5.28683176526e-06, 6.09382914263e-06, 1.37716588142e-05, 3.56783084499e-06, 4.30709314969e-06, 8.07948072179e-06, 4.12217514167e-06, 2.87849024971e-06, 1.67539326412e-06, 1.41676778753e-07, 2.08086689213e-07, 2.55862403264e-07, 1.0727666222e-07, 9.33558581551e-08, 2.19947466462e-07, 1.519315731e-07, 2.56663838627e-07, 3.55892240123e-07, 2.46996819442e-07, 6.08647354738e-08, 1.06495310348e-08, 8.60088777976e-10],
        "max": [0.00505217490718, 0.328172981739, 0.16653983295, 0.0782253965735, 0.182318225503, 0.029813926667, 0.0393714495003, 0.0686267986894, 0.0434508770704, 0.0316026061773, 0.0570812933147, 0.0381248183548, 0.0244802311063, 0.0172737445682, 0.00643033115193, 0.00447660079226, 0.00545302918181, 0.00353886582889, 0.00379020953551, 0.00774144101888, 0.00395881943405, 0.00818650610745, 0.0119297821075, 0.00761067727581, 0.00356554449536, 0.0017320306506, 0.000390399975004],
        "mean": [0.000250383454841, 0.0134366368875, 0.00708065275103, 0.00371589697897, 0.00561216427013, 0.00146648602095, 0.000966969877481, 0.00125439756084, 0.000721813295968, 0.000882839085534, 0.000733929278795, 0.000613884418271, 0.000476551242173, 0.000457225949503, 0.000197358982405, 0.000236578125623, 0.000296646059724, 0.000124061392853, 0.000111221852421, 9.70687906374e-05, 0.000116056202387, 0.000162306256243, 0.000187666460988, 0.000130683212774, 9.29165835259e-05, 3.86462816095e-05, 6.63359787723e-06],
        "median": [6.52633680147e-05, 0.00839973054826, 0.00502294767648, 0.00202295091003, 0.00274435267784, 0.000792749284301, 0.000366563966963, 0.000300961692119, 0.00020246351778, 0.000170240004081, 0.000100471639598, 9.38321463764e-05, 0.000121456658235, 0.000111128552817, 9.35698626563e-05, 9.93093490251e-05, 0.000122961428133, 4.25032085332e-05, 3.46045235347e-05, 1.60302352015e-05, 1.45164358401e-05, 2.1272298909e-05, 1.53253786266e-05, 1.20110453281e-05, 8.93883134268e-06, 3.87982527172e-06, 4.28899227245e-07],
        "min": [2.28304064542e-09, 3.46281723296e-08, 1.87363482951e-07, 3.51371824081e-07, 2.17729143515e-06, 5.39634299912e-07, 4.61991689349e-08, 1.67574150112e-08, 1.63504925155e-08, 1.90755731211e-08, 1.68780474041e-08, 5.67174973654e-09, 7.82345388473e-09, 7.59489271474e-09, 4.5941397353e-09, 4.32382218918e-09, 4.8517532214e-09, 1.47970447006e-09, 2.23027085688e-09, 3.05905034637e-09, 2.92455171191e-09, 6.0848761585e-09, 5.6200786247e-09, 7.07747194184e-09, 7.37827354769e-09, 5.8550146953e-09, 1.60721178588e-08],
        "var": [2.04571492191e-07, 0.000677407253534, 8.48085110192e-05, 3.78414915758e-05, 0.000183835290954, 5.24036886418e-06, 5.74639489059e-06, 2.00723698072e-05, 4.55468034488e-06, 5.87137446928e-06, 9.66642983258e-06, 4.85205009682e-06, 2.34166304836e-06, 1.47838181874e-06, 1.23378484318e-07, 1.45073684621e-07, 2.02678833716e-07, 5.59847599391e-08, 5.38133271277e-08, 8.40989002882e-08, 1.03370716431e-07, 2.24378908342e-07, 5.63902403883e-07, 2.30996235473e-07, 9.2767415083e-08, 1.49562335849e-08, 4.39811492781e-10]
    },
    "erbbands": {
        "dmean": [0.171968013048, 2.00037765503, 4.2856926918, 6.5366601944, 14.2680244446, 11.3971157074, 8.54327869415, 6.07774496078, 6.51182556152, 9.8790845871, 16.2415676117, 10.1279983521, 10.3939371109, 18.0556678772, 12.1733703613, 14.2827768326, 11.0611991882, 14.4864625931, 7.82543039322, 5.34375667572, 7.87826061249, 8.44806957245, 4.60554552078, 4.39355564117, 3.47519373894, 3.64941358566, 3.6801905632, 3.48094725609, 3.60590481758, 3.85286641121, 3.09896540642, 2.12636876106, 1.2294973135, 0.715771555901, 0.369621515274, 0.138374581933, 0.0423314906657, 0.00813038833439, 0.00106928218156, 6.86302519171e-05],
        "dmean2": [0.28587526083, 3.30622410774, 7.00374889374, 10.9509744644, 23.293636322, 18.8449211121, 13.9622468948, 9.66642189026, 10.3645429611, 15.7279443741, 24.7562923431, 15.1036024094, 16.0886249542, 26.8811950684, 18.1393947601, 20.9836444855, 16.3853797913, 21.587852478, 11.972984314, 8.29026412964, 12.2241106033, 13.3531045914, 7.21398687363, 6.8939371109, 5.53293561935, 5.95369768143, 5.70075845718, 5.28510951996, 5.24538993835, 5.38644075394, 4.38692426682, 3.24907898903, 1.84350705147, 0.993904352188, 0.5231731534, 0.203143358231, 0.0626732707024, 0.0122376708314, 0.00168961752206, 0.00010863954958],
        "dvar": [0.437395840883, 51.7239074707, 167.247634888, 221.043563843, 3306.94360352, 1062.59594727, 334.319854736, 239.731781006, 440.016967773, 1034.54406738, 3973.82739258, 1230.35180664, 1238.26403809, 3964.76123047, 1687.52941895, 3718.046875, 1234.5234375, 1913.83239746, 323.716491699, 146.627365112, 235.850494385, 288.23034668, 120.212677002, 100.761146545, 106.874984741, 200.806503296, 125.34538269, 112.253204346, 131.639022827, 194.613830566, 124.818328857, 93.8213348389, 26.8709793091, 5.82340145111, 1.53309035301, 0.170710101724, 0.0164204649627, 0.000479469599668, 1.08382719191e-05, 4.13703631352e-08],
        "dvar2": [1.21213293076, 140.730697632, 478.739074707, 621.986450195, 8461.78125, 2865.82470703, 858.666442871, 547.690307617, 875.588439941, 2271.33276367, 8386.49316406, 2105.02954102, 2978.95849609, 7782.59716797, 3601.10595703, 7903.06445312, 2626.68945312, 4466.34521484, 707.864135742, 344.511444092, 570.364807129, 708.590209961, 303.597564697, 241.938461304, 267.311737061, 548.229553223, 308.215820312, 250.83972168, 276.70526123, 414.104095459, 226.573028564, 210.952896118, 66.6798477173, 11.5704526901, 3.3107881546, 0.346624016762, 0.0369789563119, 0.00102284015156, 2.5365021429e-05, 1.00051146035e-07],
        "max": [7.35396528244, 83.1387939453, 181.985168457, 163.375946045, 732.862915039, 546.418457031, 368.981231689, 381.167022705, 670.011779785, 768.667663574, 1713.54089355, 1301.91137695, 1045.97668457, 1990.70910645, 937.380554199, 1816.10424805, 840.858642578, 986.443603516, 365.60333252, 323.561431885, 218.589324951, 209.464889526, 190.519577026, 186.921691895, 188.067718506, 408.984008789, 208.053771973, 189.672485352, 257.996551514, 319.712493896, 306.488433838, 289.753936768, 167.488265991, 61.7818717957, 26.2636566162, 10.0677499771, 3.06723189354, 0.437187224627, 0.0542068146169, 0.00462110573426],
        "mean": [0.280107855797, 3.40346240997, 8.19556808472, 11.577917099, 16.5506401062, 17.1617240906, 15.5605773926, 11.570274353, 12.9254789352, 16.7694549561, 29.30443573, 18.4739398956, 19.9584140778, 37.2693634033, 22.4064846039, 26.7354412079, 20.9960041046, 27.1043128967, 14.6235780716, 9.89755916595, 14.7875318527, 15.3373975754, 7.48014783859, 6.75697898865, 4.77006626129, 4.66142225266, 4.66756296158, 4.79454994202, 5.4963312149, 6.06763410568, 5.01307725906, 3.54661464691, 1.79908561707, 1.15003252029, 0.600993812084, 0.225086838007, 0.0602371133864, 0.0102219805121, 0.00116063060705, 9.94367946987e-05],
        "median": [0.163637027144, 2.06618857384, 5.75555562973, 7.8240609169, 7.01075029373, 9.21125888824, 7.84214782715, 5.96808719635, 5.97352457047, 5.42838335037, 6.41296339035, 5.86442661285, 5.3167886734, 6.19016027451, 4.91719055176, 4.39857721329, 5.98858499527, 6.74087429047, 6.74004459381, 5.0124502182, 6.27937889099, 6.48742008209, 2.97800016403, 2.20442724228, 1.31479096413, 0.7883913517, 0.629430770874, 0.564758121967, 0.683045506477, 0.61699950695, 0.419727355242, 0.28405174613, 0.172691747546, 0.110500909388, 0.0537120848894, 0.0210512485355, 0.00608124071732, 0.000933668517973, 9.04086627997e-05, 4.59222610516e-05],
        "min": [2.10045664062e-06, 7.73518549977e-05, 0.00017860357184, 0.00108673900831, 0.00134246738162, 0.00441737519577, 0.0115578724071, 0.0031427280046, 0.000745744269807, 0.000588209601119, 0.000466093799332, 0.000476793415146, 0.000583987799473, 0.000659650075249, 0.000592458993196, 0.000435400143033, 0.000465504155727, 0.000585780653637, 0.000372021080693, 0.00018286483828, 0.000343146064552, 0.000253456091741, 0.000107426683826, 8.55034813867e-05, 0.000128993284306, 0.000145913043525, 0.000141187090776, 0.000159575065481, 0.000185292548849, 0.000207948993193, 0.000199060988962, 0.000154306006152, 0.00013303902233, 9.41818216234e-05, 5.31426521775e-05, 3.11520889227e-05, 1.43411789395e-05, 1.49163486185e-06, 2.42818600782e-06, 4.53588143046e-07],
        "var": [0.337765574455, 41.0709342957, 129.995269775, 208.908798218, 2710.80664062, 1009.84613037, 653.721618652, 475.235290527, 912.661010742, 2158.95678711, 9757.35351562, 2867.71411133, 3499.15942383, 13811.2265625, 4501.57177734, 8867.68359375, 3239.27441406, 5656.05615234, 809.421936035, 262.452728271, 489.457824707, 526.271850586, 170.81980896, 162.568832397, 131.863647461, 198.28302002, 164.262237549, 193.675048828, 242.234695435, 475.954833984, 387.94140625, 244.411743164, 40.0454711914, 14.3433599472, 4.12936639786, 0.542037189007, 0.039631806314, 0.000908150046598, 1.3041879356e-05, 4.3117580617e-08]
    },
    "gfcc": {
        "mean": [-31.1178321838, 117.425216675, -83.0005111694, 29.7629165649, -43.7939682007, 16.4100952148, -35.1329574585, 3.81446623802, -19.3689117432, -3.99907302856, -16.5802402496, -0.831218183041, -11.5697488785],
        "cov": [[8553.78125, -2641.04101562, -1323.30187988, 502.845581055, -143.552764893, 890.036010742, -209.604217529, 504.863677979, -164.944046021, 182.949478149, -281.240081787, 169.840408325, -145.811065674], [-2641.04101562, 2404.58032227, 74.938369751, -465.977905273, 347.063598633, -469.026550293, 188.762634277, -151.521682739, 190.702896118, -105.047454834, 179.90637207, -181.258041382, 112.121276855], [-1323.30187988, 74.938369751, 1787.11376953, 268.966827393, -216.105163574, 0.999639391899, 94.7253341675, -97.0109939575, 41.9842758179, 23.0188598633, 43.5058631897, 73.6630859375, -10.2401781082], [502.845581055, -465.977905273, 268.966827393, 620.247619629, 44.7607460022, 77.3558044434, 11.9272298813, 42.3382720947, 16.6945209503, 43.9516525269, 24.8008060455, 44.6433448792, 46.6904792786], [-143.552764893, 347.063598633, -216.105163574, 44.7607460022, 579.495910645, -19.6212062836, 20.1618671417, 99.9018936157, 97.0631103516, 20.5977039337, 56.1870117188, -15.7580070496, 34.8885498047], [890.036010742, -469.026550293, 0.999639391899, 77.3558044434, -19.6212062836, 378.327941895, 35.089515686, 91.6021728516, -27.1946163177, 1.13514924049, -22.9632148743, 44.2673225403, -4.04611301422], [-209.604217529, 188.762634277, 94.7253341675, 11.9272298813, 20.1618671417, 35.089515686, 194.237213135, 18.9337444305, 3.40507698059, -16.1181907654, 25.2720565796, -3.15804457664, 26.5299339294], [504.863677979, -151.521682739, -97.0109939575, 42.3382720947, 99.9018936157, 91.6021728516, 18.9337444305, 182.850891113, 39.0823287964, 11.3814220428, -12.4521131516, 17.6006259918, 0.346462666988], [-164.944046021, 190.702896118, 41.9842758179, 16.6945209503, 97.0631103516, -27.1946163177, 3.40507698059, 39.0823287964, 159.309906006, 40.3029174805, 18.332490921, -9.90215682983, 7.31670236588], [182.949478149, -105.047454834, 23.0188598633, 43.9516525269, 20.5977039337, 1.13514924049, -16.1181907654, 11.3814220428, 40.3029174805, 108.36051178, 13.7669820786, 11.0624704361, -15.2442340851], [-281.240081787, 179.90637207, 43.5058631897, 24.8008060455, 56.1870117188, -22.9632148743, 25.2720565796, -12.4521131516, 18.332490921, 13.7669820786, 89.8482818604, 3.77842378616, 17.7937793732], [169.840408325, -181.258041382, 73.6630859375, 44.6433448792, -15.7580070496, 44.2673225403, -3.15804457664, 17.6006259918, -9.90215682983, 11.0624704361, 3.77842378616, 85.4667510986, 2.21999144554], [-145.811065674, 112.121276855, -10.2401781082, 46.6904792786, 34.8885498047, -4.04611301422, 26.5299339294, 0.346462666988, 7.31670236588, -15.2442340851, 17.7937793732, 2.21999144554, 81.4017944336]],
        "icov": [[0.000292393320706, -3.74332398678e-06, 0.000241367815761, -0.000275320111541, 0.000138120347401, -0.000453349523013, 0.000163554796018, -0.000448225910077, 0.000243384638452, -0.000469401711598, 0.000531589030288, -0.000238594744587, 0.00036458284012], [-3.74332398678e-06, 0.00177498790435, -0.000276904698694, 0.00130864011589, -0.000736467365641, 0.00130649376661, -0.00121365790255, 0.000810923986137, -0.00163576530758, 0.00157322909217, -0.00222281785682, 0.00204909383319, -0.00159264390822], [0.000241367815761, -0.000276904698694, 0.000982974888757, -0.000778263027314, 0.000522601068951, -0.000540555454791, -0.000122480778373, -9.07449702936e-06, -6.25825196039e-05, -0.000470589613542, 0.000551293138415, -0.00113063096069, 0.00100073288195], [-0.000275320111541, 0.00130864011589, -0.000778263027314, 0.00324574508704, -0.000835934479255, 0.00107944721822, -0.000760674942285, 0.000586993293837, -0.00111897685565, 0.000708976702299, -0.00227049458772, 0.00139009614941, -0.00290616415441], [0.000138120347401, -0.000736467365641, 0.000522601068951, -0.000835934479255, 0.00276510813273, -0.000518574903253, 0.000545422139112, -0.00168830016628, -0.000236252715695, -0.000742920616176, -0.000250940094702, -0.000633887364529, 0.000379803299438], [-0.000453349523013, 0.00130649376661, -0.000540555454791, 0.00107944721822, -0.000518574903253, 0.00507537974045, -0.00177150627133, -0.000402217236115, -0.000820379180368, 0.00180373212788, -0.001857716823, 0.000657904718537, -0.00144548411481], [0.000163554796018, -0.00121365790255, -0.000122480778373, -0.000760674942285, 0.000545422139112, -0.00177150627133, 0.00700902519748, -0.00170792988501, 0.00148741074372, -0.000560043612495, 0.000104605293018, -0.00051505852025, -0.000460741663119], [-0.000448225910077, 0.000810923986137, -9.07449702936e-06, 0.000586993293837, -0.00168830016628, -0.000402217236115, -0.00170792988501, 0.00914150383323, -0.00312962126918, 0.00154318625573, 2.18229561142e-05, -0.000288167910185, -0.000462943484308], [0.000243384638452, -0.00163576530758, -6.25825196039e-05, -0.00111897685565, -0.000236252715695, -0.000820379180368, 0.00148741074372, -0.00312962126918, 0.0102999396622, -0.00486655626446, 0.0019989865832, -0.000515594147146, 0.000651952635963], [-0.000469401711598, 0.00157322909217, -0.000470589613542, 0.000708976702299, -0.000742920616176, 0.00180373212788, -0.000560043612495, 0.00154318625573, -0.00486655626446, 0.0137182231992, -0.00465060351416, 0.000732073152903, 0.00111349590588], [0.000531589030288, -0.00222281785682, 0.000551293138415, -0.00227049458772, -0.000250940094702, -0.001857716823, 0.000104605293018, 2.18229561142e-05, 0.0019989865832, -0.00465060351416, 0.0176235381514, -0.00410491554067, 0.000575550831854], [-0.000238594744587, 0.00204909383319, -0.00113063096069, 0.00139009614941, -0.000633887364529, 0.000657904718537, -0.00051505852025, -0.000288167910185, -0.000515594147146, 0.000732073152903, -0.00410491554067, 0.0164584498852, -0.00308396783657], [0.00036458284012, -0.00159264390822, 0.00100073288195, -0.00290616415441, 0.000379803299438, -0.00144548411481, -0.000460741663119, -0.000462943484308, 0.000651952635963, 0.00111349590588, 0.000575550831854, -0.00308396783657, 0.0169500093907]]
    },
    "melbands": {
        "dmean": [0.00187231018208, 0.00240448303521, 0.0013314607786, 0.00096645852318, 0.000324670050759, 0.000133979105158, 0.000101624340459, 0.000115088449093, 0.000128337342176, 6.03676089668e-05, 5.38088788744e-05, 7.27309670765e-05, 5.16085965501e-05, 3.9727143303e-05, 3.30950424541e-05, 2.6411642466e-05, 2.91586147796e-05, 1.44464420373e-05, 7.6774513218e-06, 9.60498528002e-06, 9.85602582659e-06, 1.06090619738e-05, 5.28191185367e-06, 3.81528661819e-06, 3.75385934603e-06, 2.75850516118e-06, 2.37603239839e-06, 2.52992595051e-06, 2.4051219043e-06, 2.17875253838e-06, 2.08510232369e-06, 2.07384732676e-06, 2.25314556701e-06, 2.1954301701e-06, 1.85618375781e-06, 1.92829179468e-06, 1.12412772069e-06, 8.5340957412e-07, 8.57213933614e-07, 5.5851057823e-07],
        "dmean2": [0.00313863297924, 0.00390421715565, 0.00222304998897, 0.00157038099132, 0.000534941733349, 0.000212454979192, 0.000162776894285, 0.000181667463039, 0.000197564630071, 8.98173893802e-05, 8.28701740829e-05, 0.000109575245006, 7.65847580624e-05, 5.72281023778e-05, 4.80278104078e-05, 3.96559989895e-05, 4.39353243564e-05, 2.23223796638e-05, 1.20163431347e-05, 1.52668071678e-05, 1.53628643602e-05, 1.68554452102e-05, 8.4498187789e-06, 6.02496265856e-06, 5.95596975472e-06, 4.3925792852e-06, 3.83369660995e-06, 4.22103403253e-06, 3.82668531529e-06, 3.42118437402e-06, 3.18253728437e-06, 3.09605593429e-06, 3.28754299517e-06, 3.12868542096e-06, 2.64576488007e-06, 2.94826850222e-06, 1.7454490262e-06, 1.31698823225e-06, 1.24794814838e-06, 7.83171003604e-07],
        "dvar": [5.29526187165e-05, 5.67718197999e-05, 1.27928788061e-05, 1.24187408801e-05, 4.91934713409e-07, 1.01371817607e-07, 9.26750800545e-08, 1.51393606984e-07, 2.3797994686e-07, 4.11246112719e-08, 3.29917106967e-08, 5.58763240122e-08, 4.57746516247e-08, 2.58664822894e-08, 1.79963475233e-08, 8.11368572329e-09, 7.68093588732e-09, 1.34351652026e-09, 3.36249333932e-10, 4.64528110422e-10, 3.64599267444e-10, 4.50229298288e-10, 1.58127275163e-10, 8.42109645904e-11, 7.38390806831e-11, 5.9954777254e-11, 6.60298066224e-11, 1.04513522836e-10, 6.42820241481e-11, 3.81985623688e-11, 4.20760822017e-11, 4.1679857482e-11, 7.64260807418e-11, 6.42558367625e-11, 3.95205257409e-11, 1.07304450048e-10, 2.15373951312e-11, 1.17015832787e-11, 1.412771896e-11, 3.06144237565e-12],
        "dvar2": [0.000144464036566, 0.000156782771228, 3.46061569871e-05, 3.16625992127e-05, 1.31693070671e-06, 2.28043106176e-07, 1.94261517095e-07, 3.25729104134e-07, 5.1883461083e-07, 7.2487488012e-08, 7.82071225558e-08, 1.15151699731e-07, 8.58500541767e-08, 4.64068961037e-08, 3.77899951332e-08, 1.58127875238e-08, 1.71036074192e-08, 2.91736146352e-09, 7.23044346618e-10, 1.19299592427e-09, 8.76849648446e-10, 1.1111368492e-09, 4.26286644872e-10, 2.03110750441e-10, 1.80064893551e-10, 1.50599338555e-10, 1.7103245209e-10, 2.89728435687e-10, 1.65452762602e-10, 8.92652063378e-11, 9.45765341043e-11, 8.58806220583e-11, 1.85734080893e-10, 1.31282373861e-10, 6.96013593982e-11, 2.63890354013e-10, 4.76683796602e-11, 3.00459865321e-11, 3.34199647123e-11, 5.65519462856e-12],
        "max": [0.0825808793306, 0.0989350751042, 0.0379637815058, 0.043723333627, 0.0141933150589, 0.00738080684096, 0.00926107075065, 0.0116515476257, 0.0136160710827, 0.00731066195294, 0.00544652109966, 0.00743228057399, 0.00578245101497, 0.00493802782148, 0.00345813995227, 0.00270864530466, 0.00196490483359, 0.000848843192216, 0.000484642689116, 0.000432440690929, 0.000258724554442, 0.000273945654044, 0.00023171135399, 0.00014699807798, 0.000168192345882, 0.000140173448017, 0.000184548553079, 0.000299353676382, 0.000157448943355, 8.92759417184e-05, 0.000122347308206, 0.000133190580527, 0.000221290363697, 0.000206652010093, 0.000180048606126, 0.000291951902909, 0.000119169941172, 9.73695496214e-05, 0.000126186816487, 3.42500134138e-05],
        "mean": [0.00326706143096, 0.00454086437821, 0.00214079022408, 0.00126066547818, 0.000587605929468, 0.000258467451204, 0.000200388560188, 0.000198695779545, 0.000229283250519, 0.000106111649075, 9.83909194474e-05, 0.000151165950228, 8.4326362412e-05, 6.84068800183e-05, 5.71757482248e-05, 4.80402668472e-05, 5.07040058437e-05, 2.41837133217e-05, 1.29441123136e-05, 1.61379903147e-05, 1.7510019461e-05, 1.85240951396e-05, 8.12421239971e-06, 5.78809203944e-06, 5.53796235181e-06, 3.63083950106e-06, 3.07363120555e-06, 3.07482946482e-06, 2.94033247883e-06, 2.73662863037e-06, 2.76920195574e-06, 3.02267631014e-06, 3.30238731294e-06, 3.39597613674e-06, 2.81824009107e-06, 2.97082556244e-06, 1.80060305865e-06, 1.16987246201e-06, 1.21720381685e-06, 8.93035746685e-07],
        "median": [0.00202239304781, 0.00341467605904, 0.00141810323112, 0.000605652225204, 0.000329621776473, 0.000140057003591, 8.98625512491e-05, 5.87521717534e-05, 4.55448716821e-05, 3.34360520355e-05, 2.30542846111e-05, 2.4075679903e-05, 1.47491718963e-05, 1.29158188429e-05, 9.64881928667e-06, 1.2938371583e-05, 1.10938426587e-05, 9.95918435365e-06, 6.34459183857e-06, 6.74278953738e-06, 7.04781859895e-06, 7.09708638169e-06, 2.97002929983e-06, 1.9547296688e-06, 1.69862312305e-06, 9.81179823611e-07, 6.56786710351e-07, 4.28696353083e-07, 3.85325364505e-07, 3.13257658036e-07, 2.96186158266e-07, 3.41470553167e-07, 3.84035359957e-07, 2.85393269905e-07, 2.30787762234e-07, 1.93908164192e-07, 1.54084446535e-07, 1.1654314136e-07, 1.02225143905e-07, 8.22014527557e-08],
        "min": [7.50127071569e-09, 1.27887616941e-07, 3.1632814057e-07, 1.46292265413e-07, 3.9857005163e-07, 7.6044145203e-08, 6.27010043885e-09, 4.90317919599e-09, 3.10641001811e-09, 2.55086241019e-09, 2.5511417423e-09, 2.32619035145e-09, 1.88134263723e-09, 1.06395481314e-09, 7.84630693751e-10, 1.05683739537e-09, 8.79479267191e-10, 4.4864420512e-10, 2.94914398458e-10, 2.16548973198e-10, 3.04409775165e-10, 2.65193172977e-10, 1.28889426909e-10, 6.59174173578e-11, 6.40024491738e-11, 9.01682339904e-11, 8.60854998397e-11, 9.41882336014e-11, 9.91941043194e-11, 6.31419708186e-11, 1.12833221932e-10, 1.19636064944e-10, 8.4044417259e-11, 9.1596445706e-11, 9.56267495744e-11, 9.39773953101e-11, 8.12539965866e-11, 7.88773629745e-11, 6.65270338818e-11, 6.29584578915e-11],
        "var": [4.18816271122e-05, 4.52319000033e-05, 1.06198176582e-05, 1.09103966679e-05, 8.43081920721e-07, 2.11582161569e-07, 2.08623703202e-07, 3.83054270969e-07, 5.57721193672e-07, 9.52750198735e-08, 9.28542434053e-08, 2.16894804339e-07, 9.69520783656e-08, 5.70680569467e-08, 4.735059278e-08, 2.43955060597e-08, 2.03002556987e-08, 3.11178949275e-09, 6.16197759484e-10, 7.28280380446e-10, 7.23820725579e-10, 8.17106826645e-10, 1.97957122916e-10, 1.23716412115e-10, 1.16188995924e-10, 7.05492955722e-11, 7.49532588773e-11, 9.75942104908e-11, 7.32563107397e-11, 5.85762757743e-11, 7.12344211395e-11, 7.62425747536e-11, 1.1825633528e-10, 1.67986985433e-10, 1.11945799852e-10, 2.15357037758e-10, 5.69757192814e-11, 1.55770205762e-11, 2.15928681185e-11, 8.57242662272e-12]
    },
    "mfcc": {
        "mean": [-686.70501709, 150.93157959, 22.1428623199, 24.3219051361, 16.4050388336, 12.6240730286, -0.00122447207104, 8.37241458893, 0.533395469189, -0.464760392904, -0.875886082649, -0.742506086826, -1.94861674309],
        "cov": [[9445.68457031, -2729.18017578, -1400.14147949, -441.959350586, 89.4841690063, 226.616485596, 82.8323669434, 303.408752441, 214.940063477, 129.59602356, 84.4293518066, -10.4252319336, -142.956832886], [-2729.18017578, 2422.80786133, -213.422119141, -6.11391925812, 23.5252246857, -217.058395386, -21.0656261444, -111.632995605, -4.69756650925, 6.86566162109, 8.17513084412, 80.465675354, 21.8029708862], [-1400.14147949, -213.422119141, 1799.81420898, 215.335601807, -172.358352661, 128.041946411, 5.16484594345, 10.4931707382, -59.0454292297, -49.4865760803, 1.3772354126, -56.7915916443, 89.4118881226], [-441.959350586, -6.11391925812, 215.335601807, 542.977539062, 131.221969604, 20.4369049072, 15.1487884521, -36.7472190857, 16.7891082764, 26.484287262, -7.83885955811, 39.2645149231, 46.9665870667], [89.4841690063, 23.5252246857, -172.358352661, 131.221969604, 404.60458374, 46.8470039368, 24.1138095856, 52.247428894, 51.6932945251, 75.5992965698, 28.0107421875, 40.5969848633, 26.8753929138], [226.616485596, -217.058395386, 128.041946411, 20.4369049072, 46.8470039368, 187.515289307, 58.2137374878, 34.8777885437, 11.9435310364, 11.9033670425, 21.6219959259, -4.95606422424, 1.02909076214], [82.8323669434, -21.0656261444, 5.16484594345, 15.1487884521, 24.1138095856, 58.2137374878, 196.280776978, 72.8652572632, 19.6449985504, 6.38834142685, -6.32403755188, 0.420684665442, -15.0796699524], [303.408752441, -111.632995605, 10.4931707382, -36.7472190857, 52.247428894, 34.8777885437, 72.8652572632, 171.981842041, 54.0908241272, 19.0187950134, 13.4848108292, -18.5212345123, 2.73145270348], [214.940063477, -4.69756650925, -59.0454292297, 16.7891082764, 51.6932945251, 11.9435310364, 19.6449985504, 54.0908241272, 126.678367615, 47.7029075623, 14.5274209976, 7.14712667465, 6.36333656311], [129.59602356, 6.86566162109, -49.4865760803, 26.484287262, 75.5992965698, 11.9033670425, 6.38834142685, 19.0187950134, 47.7029075623, 103.089141846, 27.438627243, 17.0071525574, 7.43075466156], [84.4293518066, 8.17513084412, 1.3772354126, -7.83885955811, 28.0107421875, 21.6219959259, -6.32403755188, 13.4848108292, 14.5274209976, 27.438627243, 89.0415802002, 27.9293575287, 13.8493356705], [-10.4252319336, 80.465675354, -56.7915916443, 39.2645149231, 40.5969848633, -4.95606422424, 0.420684665442, -18.5212345123, 7.14712667465, 17.0071525574, 27.9293575287, 88.5893325806, 25.8171653748], [-142.956832886, 21.8029708862, 89.4118881226, 46.9665870667, 26.8753929138, 1.02909076214, -15.0796699524, 2.73145270348, 6.36333656311, 7.43075466156, 13.8493356705, 25.8171653748, 83.1223449707]],
