{
"lowlevel": {
    "average_loudness": 0.775610804558,
    "barkbands_crest": {
        "dmean": 2.66688513756,
        "dmean2": 4.30675792694,
        "dvar": 6.70399141312,
        "dvar2": 16.27850914,
        "max": 25.3030834198,
        "mean": 11.5234069824,
        "median": 10.6334133148,
        "min": 3.36263847351,
        "var": 21.0108642578
    },
    "barkbands_flatness_db": {
        "dmean": 0.0272672325373,
        "dmean2": 0.0407640226185,
        "dvar": 0.000692547357175,
        "dvar2": 0.00153677980416,
        "max": 0.303169935942,
        "mean": 0.144413992763,
        "median": 0.142084464431,
        "min": 0.0313216149807,
        "var": 0.00195835786872
    },
    "barkbands_kurtosis": {
        "dmean": 5.2959446907,
        "dmean2": 8.10880279541,
        "dvar": 56.6044578552,
        "dvar2": 124.761299133,
        "max": 85.3766784668,
        "mean": 9.63055419922,
        "median": 5.95539474487,
        "min": -1.91738569736,
        "var": 123.02180481
    },
    "barkbands_skewness": {
        "dmean": 0.71169257164,
        "dmean2": 1.06946957111,
        "dvar": 0.618231117725,
        "dvar2": 1.34452521801,
        "max": 8.14826488495,
        "mean": 2.46098279953,
        "median": 2.36501407623,
        "min": -3.52951931953,
        "var": 2.31733465195
    },
    "barkbands_spread": {
        "dmean": 7.09574842453,
        "dmean2": 11.075586319,
        "dvar": 102.895362854,
        "dvar2": 227.767303467,
        "max": 102.731155396,
        "mean": 19.3010959625,
        "median": 15.2459621429,
        "min": 1.5973546505,
        "var": 241.93939209
    },
    "dissonance": {
        "dmean": 0.0166433621198,
        "dmean2": 0.0269566681236,
        "dvar": 0.000307540001813,
        "dvar2": 0.000779644469731,
        "max": 0.499475240707,
        "mean": 0.462188333273,
        "median": 0.470822691917,
        "min": 0.2999317348,
        "var": 0.000830560573377
    },
    "dynamic_complexity": 3.18972468376,
    "erbbands_crest": {
        "dmean": 2.1874423027,
        "dmean2": 3.42896699905,
        "dvar": 4.95277404785,
        "dvar2": 11.3957605362,
        "max": 29.3492546082,
        "mean": 8.83663368225,
        "median": 7.7233748436,
        "min": 2.4500849247,
        "var": 21.3624477386
    },
    "erbbands_flatness_db": {
        "dmean": 0.0163957998157,
        "dmean2": 0.0246143694967,
        "dvar": 0.000272189965472,
        "dvar2": 0.000572888297029,
        "max": 0.256977677345,
        "mean": 0.133187651634,
        "median": 0.130013167858,
        "min": 0.0303295198828,
        "var": 0.00127330247778
    },
    "erbbands_kurtosis": {
        "dmean": 0.941409111023,
        "dmean2": 1.4659897089,
        "dvar": 2.36103272438,
        "dvar2": 5.47214269638,
        "max": 23.1904449463,
        "mean": 0.544435739517,
        "median": -0.45093536377,
        "min": -1.76507937908,
        "var": 6.79394483566
    },
    "erbbands_skewness": {
        "dmean": 0.386480540037,
        "dmean2": 0.564135372639,
        "dvar": 0.179839059711,
        "dvar2": 0.33828791976,
        "max": 3.52105879784,
        "mean": 0.431074053049,
        "median": 0.496070504189,
        "min": -3.87796998024,
        "var": 0.856496036053
    },
    "erbbands_spread": {
        "dmean": 9.77398586273,
        "dmean2": 15.0530557632,
        "dvar": 106.693374634,
        "dvar2": 246.001312256,
        "max": 137.732452393,
        "mean": 52.8970336914,
        "median": 52.5027008057,
        "min": 5.38682317734,
        "var": 525.39440918
    },
    "hfc": {
        "dmean": 7.10859489441,
        "dmean2": 10.4149332047,
        "dvar": 298.551574707,
        "dvar2": 636.680541992,
        "max": 350.980224609,
        "mean": 20.7860794067,
        "median": 12.9688692093,
        "min": 2.76760983979e-05,
        "var": 721.618774414
    },
    "melbands_crest": {
        "dmean": 3.3299703598,
        "dmean2": 5.38805389404,
        "dvar": 10.0861721039,
        "dvar2": 23.1387519836,
        "max": 32.471786499,
        "mean": 16.4805088043,
        "median": 16.0534000397,
        "min": 3.19939827919,
        "var": 33.0077323914
    },
    "melbands_flatness_db": {
        "dmean": 0.0306433457881,
        "dmean2": 0.0459167249501,
        "dvar": 0.000927012006287,
        "dvar2": 0.00200716196559,
        "max": 0.393662303686,
        "mean": 0.219623431563,
        "median": 0.218694746494,
        "min": 0.0281036626548,
        "var": 0.00320969847962
    },
    "melbands_kurtosis": {
        "dmean": 14.7448711395,
        "dmean2": 22.8937892914,
        "dvar": 452.933959961,
        "dvar2": 1064.03356934,
        "max": 224.451080322,
        "mean": 32.163066864,
        "median": 21.5979976654,
        "min": -1.88259029388,
        "var": 1070.95898438
    },
    "melbands_skewness": {
        "dmean": 0.999550104141,
        "dmean2": 1.54270660877,
        "dvar": 1.22787690163,
        "dvar2": 2.85464024544,
        "max": 12.7267580032,
        "mean": 4.18234682083,
        "median": 3.98054814339,
        "min": -0.968715012074,
        "var": 5.34840202332
    },
    "melbands_spread": {
        "dmean": 7.02332162857,
        "dmean2": 10.5866069794,
        "dvar": 219.363601685,
        "dvar2": 408.797912598,
        "max": 241.462799072,
        "mean": 18.1745452881,
        "median": 11.733628273,
        "min": 1.37302529812,
        "var": 730.737060547
    },
    "pitch_salience": {
        "dmean": 0.0786894261837,
        "dmean2": 0.126074925065,
        "dvar": 0.00534761417657,
        "dvar2": 0.0133080622181,
        "max": 0.836314618587,
        "mean": 0.527563214302,
        "median": 0.524763166904,
        "min": 0.141884416342,
        "var": 0.0150287076831
    },
    "silence_rate_20dB": {
        "dmean": 0,
        "dmean2": 0,
        "dvar": 0,
        "dvar2": 0,
        "max": 1,
        "mean": 1,
        "median": 1,
        "min": 1,
        "var": 0
    },
    "silence_rate_30dB": {
        "dmean": 0.0185758508742,
        "dmean2": 0.0371660850942,
        "dvar": 0.0182307139039,
        "dvar2": 0.0373332090676,
        "max": 1,
        "mean": 0.972146987915,
        "median": 1,
        "min": 0,
        "var": 0.0270771700889
    },
    "silence_rate_60dB": {
        "dmean": 0.0352167189121,
        "dmean2": 0.0704607069492,
        "dvar": 0.0339789055288,
        "dvar2": 0.0817519426346,
        "max": 1,
        "mean": 0.0738878175616,
        "median": 0,
        "min": 0,
        "var": 0.0684308707714
    },
    "spectral_centroid": {
        "dmean": 309.672332764,
        "dmean2": 453.119232178,
        "dvar": 187111.0625,
        "dvar2": 332167.5625,
        "max": 11304.3339844,
        "mean": 1108.71411133,
        "median": 915.870544434,
        "min": 214.388793945,
        "var": 593395
    },
    "spectral_complexity": {
        "dmean": 3.33900928497,
        "dmean2": 5.16569900513,
        "dvar": 13.868060112,
        "dvar2": 29.725522995,
        "max": 54,
        "mean": 14.8147001266,
        "median": 14,
        "min": 0,
        "var": 67.2319793701
    },
    "spectral_decrease": {
        "dmean": 3.37825434293e-09,
        "dmean2": 5.13801445834e-09,
        "dvar": 4.19335009456e-17,
        "dvar2": 9.59044319501e-17,
        "max": -7.09346005261e-15,
        "mean": -8.96609186896e-09,
        "median": -7.04264779827e-09,
        "min": -9.07198440814e-08,
        "var": 8.21431971994e-17
    },
    "spectral_energy": {
        "dmean": 0.0130566749722,
        "dmean2": 0.019843833521,
        "dvar": 0.000606744200923,
        "dvar2": 0.00138714315835,
        "max": 0.346421092749,
        "mean": 0.0357254967093,
        "median": 0.0283559318632,
        "min": 2.9282697156e-08,
        "var": 0.0012323805131
    },
    "spectral_energyband_high": {
        "dmean": 0.000678119133227,
        "dmean2": 0.000970153138041,
        "dvar": 5.0174048738e-06,
        "dvar2": 1.0123823813e-05,
        "max": 0.0497993864119,
        "mean": 0.00129602546804,
        "median": 0.000396933173761,
        "min": 2.09810457896e-09,
        "var": 1.08113445094e-05
    },
    "spectral_energyband_low": {
        "dmean": 0.0102212335914,
        "dmean2": 0.0158433429897,
        "dvar": 0.00058432680089,
        "dvar2": 0.00137646915391,
        "max": 0.333822667599,
        "mean": 0.0180658698082,
        "median": 0.0117595046759,
        "min": 2.05474854909e-08,
        "var": 0.000794667750597
    },
    "spectral_energyband_middle_high": {
        "dmean": 0.00100803433452,
        "dmean2": 0.00148754857946,
        "dvar": 6.09619337411e-06,
        "dvar2": 1.34167476062e-05,
        "max": 0.0775312259793,
        "mean": 0.00355186872184,
        "median": 0.00155977986287,
        "min": 6.66064092769e-10,
        "var": 3.3632870327e-05
    },
    "spectral_energyband_middle_low": {
        "dmean": 0.00519609404728,
        "dmean2": 0.00793784949929,
        "dvar": 4.66021920147e-05,
        "dvar2": 0.000107449195639,
        "max": 0.104114882648,
        "mean": 0.0147140165791,
        "median": 0.0120241222903,
        "min": 2.37931563341e-09,
        "var": 0.000152739696205
    },
    "spectral_entropy": {
        "dmean": 0.19073164463,
        "dmean2": 0.277631640434,
        "dvar": 0.0345193333924,
        "dvar2": 0.0668952837586,
        "max": 9.79971408844,
        "mean": 7.62846708298,
        "median": 7.61151313782,
        "min": 6.25069618225,
        "var": 0.135883659124
    },
    "spectral_flux": {
        "dmean": 0.0293390192091,
        "dmean2": 0.0477298349142,
        "dvar": 0.00134890584741,
        "dvar2": 0.00318413064815,
        "max": 0.526229262352,
        "mean": 0.0803489908576,
        "median": 0.067600056529,
        "min": 9.856763063e-05,
        "var": 0.00329076102935
    },
    "spectral_kurtosis": {
        "dmean": 1.01482498646,
        "dmean2": 1.6572779417,
        "dvar": 1.06344079971,
        "dvar2": 2.86722183228,
        "max": 13.7165164948,
        "mean": 3.03760838509,
        "median": 2.86279201508,
        "min": -1.18123114109,
        "var": 2.88103699684
    },
    "spectral_rms": {
        "dmean": 0.000966385705397,
        "dmean2": 0.00146672769915,
        "dvar": 1.44640102917e-06,
        "dvar2": 3.23268636748e-06,
        "max": 0.0183840095997,
        "mean": 0.00533372117206,
        "median": 0.00525968847796,
        "min": 5.3449493862e-06,
        "var": 6.40554753772e-06
    },
    "spectral_rolloff": {
        "dmean": 466.349884033,
        "dmean2": 795.920043945,
        "dvar": 1173427.625,
        "dvar2": 2505262.75,
        "max": 13695.1171875,
        "mean": 1070.60998535,
        "median": 516.796875,
        "min": 86.1328125,
        "var": 2790883.75
    },
    "spectral_skewness": {
        "dmean": 0.191137477756,
        "dmean2": 0.292886376381,
        "dvar": 0.033521823585,
        "dvar2": 0.0750506445765,
        "max": 2.99142289162,
        "mean": 1.33857297897,
        "median": 1.38080823421,
        "min": -0.0429612956941,
        "var": 0.168441548944
    },
    "spectral_spread": {
        "dmean": 602700.3125,
        "dmean2": 911934.0625,
        "dvar": 835680796672,
        "dvar2": 1.49211132723e+12,
        "max": 39374916,
        "mean": 5262728.5,
        "median": 5067088.5,
        "min": 2304365.5,
        "var": 2.24808062157e+12
    },
    "spectral_strongpeak": {
        "dmean": 0.427839100361,
        "dmean2": 0.719347894192,
        "dvar": 0.611446678638,
        "dvar2": 1.55378615856,
        "max": 10.6704349518,
        "mean": 0.913053631783,
        "median": 0.58855009079,
        "min": 0,
        "var": 1.17299687862
    },
    "zerocrossingrate": {
        "dmean": 0.0127835581079,
        "dmean2": 0.0153733920306,
        "dvar": 0.000305150606437,
        "dvar2": 0.000352242117515,
        "max": 0.32666015625,
        "mean": 0.0533310808241,
        "median": 0.0419921875,
        "min": 0.00634765625,
        "var": 0.00199195696041
    },
    "barkbands": {
        "dmean": [0.000334181502694, 0.00602098368108, 0.00432559335604, 0.00203686370514, 0.00277324626222, 0.00114528741688, 0.000426612212323, 0.000367234402802, 0.000745005439967, 0.000313949247357, 0.000298711733194, 0.000236926454818, 0.00015428653569, 0.000152500753757, 0.000122668003314, 9.27388391574e-05, 0.000113079506264, 0.000121644166938, 9.59798344411e-05, 0.000116516952403, 0.000130388129037, 0.000166218567756, 0.000186309436685, 0.000113742396934, 6.37917473796e-05, 6.82930258336e-05, 1.91970084416e-05],
        "dmean2": [0.000552863057237, 0.00962899345905, 0.00680825999007, 0.00331466877833, 0.00424374360591, 0.00177532236557, 0.000654322851915, 0.000556076527573, 0.00103968696203, 0.000464639189886, 0.000432400527643, 0.000350804708432, 0.000235259969486, 0.000236844149185, 0.000184875330888, 0.000151828528033, 0.000187306868611, 0.000200973983738, 0.00015558427549, 0.000196171560674, 0.000205560907489, 0.00024243973894, 0.000263765861746, 0.000168699029018, 9.45717983996e-05, 0.000115796967293, 3.40020851581e-05],
        "dvar": [4.34553203377e-06, 0.000522270158399, 4.80269372929e-05, 9.29363523028e-06, 1.64311932167e-05, 1.00662746263e-05, 3.15804413731e-06, 1.22374729017e-06, 6.81346500642e-06, 1.24372763821e-06, 1.03751551705e-06, 1.49560480622e-06, 3.1423419955e-07, 1.30064108816e-07, 1.08870921167e-07, 5.56711263755e-08, 1.02453320494e-07, 1.63177645618e-07, 3.98421100556e-08, 7.55905915639e-08, 1.68390982935e-07, 4.77788148601e-07, 5.59599072858e-07, 2.89704473744e-07, 3.76969921945e-08, 3.75652398077e-08, 4.31889102259e-09],
        "dvar2": [1.07891246444e-05, 0.00127963547129, 0.00011165644537, 2.37095755438e-05, 3.7603025703e-05, 2.25019139179e-05, 7.71825671109e-06, 2.65801486421e-06, 1.4073040802e-05, 2.58300019595e-06, 1.83238830687e-06, 3.54257144863e-06, 6.23381026799e-07, 2.66870955556e-07, 2.18073992642e-07, 1.46064977002e-07, 2.78827457123e-07, 4.45378844915e-07, 1.01982628564e-07, 2.06162567906e-07, 3.9662393192e-07, 1.12615066428e-06, 1.1578071053e-06, 5.932233762e-07, 8.00146580104e-08, 9.61550128409e-08, 1.22438423844e-08],
        "max": [0.0252651795745, 0.314285874367, 0.0689675658941, 0.0380567312241, 0.0537357665598, 0.0580853745341, 0.0515639446676, 0.02087219432, 0.0818085819483, 0.0268968585879, 0.0305428728461, 0.0353385433555, 0.0172249544412, 0.00905016344041, 0.00932395644486, 0.00425068754703, 0.00603856192902, 0.00700746150687, 0.00466964906082, 0.00507412385195, 0.00849652849138, 0.0185623019934, 0.0142389284447, 0.0104302242398, 0.0041783945635, 0.00336956279352, 0.000876232923474],
        "mean": [0.000278653431451, 0.00864306464791, 0.00736771663651, 0.0034462925978, 0.00563455326483, 0.00203564553522, 0.000816406158265, 0.000828360614832, 0.00166996195912, 0.000812456361018, 0.000686933752149, 0.000532558595296, 0.000328235182678, 0.000292624055874, 0.000252358615398, 0.000161075382493, 0.000194711537915, 0.000200355949346, 0.000149858256918, 0.000183666299563, 0.000228128745221, 0.000291012693197, 0.000333616218995, 0.000181950934348, 9.18515797821e-05, 6.7528024374e-05, 1.59085320774e-05],
        "median": [1.7285159629e-05, 0.00316932587884, 0.00301280943677, 0.00182934780605, 0.00373639911413, 0.00055546144722, 0.000206475917366, 0.000123233810882, 0.000213316525333, 0.000123965495732, 0.000107787054731, 0.000117742165457, 9.38926968956e-05, 0.000117378149298, 8.52544544614e-05, 7.52504347474e-05, 9.47037115111e-05, 9.66306761256e-05, 7.10470994818e-05, 9.10685484996e-05, 5.92072210566e-05, 6.82171958033e-05, 8.5580497398e-05, 3.85686653317e-05, 2.14931642404e-05, 7.68378322391e-06, 1.28176122871e-06],
        "min": [2.11020576013e-10, 9.96769156103e-09, 3.62811558574e-09, 1.20562471118e-09, 7.96466559372e-10, 9.09798902882e-11, 1.32009653209e-10, 3.76799841328e-11, 9.76174210909e-11, 2.34734887777e-11, 1.43325342913e-11, 5.80891758306e-11, 2.45222279982e-11, 5.97597388241e-11, 5.21960565047e-11, 6.01793129218e-11, 5.7742980536e-11, 3.88120646733e-11, 1.34350836012e-10, 1.02652199241e-10, 8.90730544878e-11, 2.19373491595e-10, 2.00523014859e-10, 2.51637627402e-10, 3.73006903143e-10, 3.33134991815e-10, 2.71267203145e-10],
        "var": [3.65414985026e-06, 0.000536027888302, 9.44574421737e-05, 1.95819375222e-05, 3.90221794078e-05, 1.77925176104e-05, 5.58590181754e-06, 5.23979042555e-06, 2.06755194085e-05, 5.75832746108e-06, 5.21323408975e-06, 4.27550185123e-06, 1.08175447622e-06, 3.74418419824e-07, 4.61653144157e-07, 9.10764867967e-08, 1.41621541161e-07, 1.7723199619e-07, 5.4443706432e-08, 8.32438189491e-08, 3.05946826984e-07, 7.81199162248e-07, 1.04496143649e-06, 5.11467987963e-07, 6.603823266e-08, 4.09747435981e-08, 3.31422222999e-09]
    },
    "erbbands": {
        "dmean": [0.152417480946, 1.46655654907, 4.56385612488, 5.94423007965, 8.3333234787, 9.58837890625, 9.65356349945, 8.9622297287, 6.8831577301, 5.95006465912, 9.8756980896, 16.6497688293, 11.5849161148, 10.4204864502, 9.8369436264, 7.92882490158, 6.49430704117, 6.96377801895, 6.1974864006, 5.63463973999, 5.23809194565, 5.81576538086, 6.71928310394, 5.23130846024, 5.52081251144, 5.25805521011, 4.93830442429, 5.61232566833, 5.61992263794, 6.27261972427, 5.17711925507, 3.03670716286, 1.5434422493, 0.719907701015, 0.454442977905, 0.30003118515, 0.125920921564, 0.0328977182508, 0.00316657591611, 0.000110035747639],
        "dmean2": [0.240345835686, 2.45412278175, 7.22746992111, 9.4233455658, 13.1394548416, 14.8396778107, 14.7600383759, 13.8197002411, 10.9240159988, 8.97602367401, 14.5163297653, 23.2139415741, 16.206199646, 14.3847494125, 14.0892419815, 11.8789520264, 9.76148700714, 10.6236095428, 9.47313594818, 8.84993934631, 8.58042907715, 9.66133594513, 11.002869606, 8.64446353912, 9.1342382431, 8.84902477264, 8.09016990662, 8.59025001526, 8.35605049133, 9.30402755737, 7.51176023483, 4.49519014359, 2.29722237587, 1.06559097767, 0.689271628857, 0.507223665714, 0.21383947134, 0.0577119998634, 0.00562639301643, 0.000191167491721],
        "dvar": [0.628388285637, 26.5351963043, 49.3351745605, 78.3496170044, 215.703201294, 249.435073853, 567.011169434, 773.143493652, 1197.08984375, 354.413452148, 919.123657227, 4779.58691406, 2478.73828125, 994.022521973, 1000.18255615, 2152.72021484, 689.190795898, 322.7003479, 196.447006226, 191.57989502, 181.597595215, 279.737121582, 404.626220703, 240.742675781, 131.803848267, 179.923370361, 179.365646362, 386.267852783, 574.127868652, 570.858581543, 470.515441895, 193.877578735, 54.9735031128, 6.86630487442, 1.88249373436, 0.764942765236, 0.140138268471, 0.011168686673, 0.000113835572847, 1.31649727564e-07],
        "dvar2": [1.29873251915, 74.4813842773, 124.54271698, 185.840255737, 522.62286377, 583.899108887, 1278.31079102, 1715.46496582, 3121.8996582, 797.238769531, 1876.21020508, 10194.4423828, 4662.04150391, 1934.04101562, 1745.89587402, 5751.48681641, 1389.25756836, 623.208374023, 430.42565918, 399.826202393, 488.916320801, 793.525695801, 1095.68066406, 636.75201416, 350.004058838, 488.232543945, 445.58581543, 861.899841309, 1367.68029785, 1255.6114502, 978.327514648, 404.483795166, 113.502174377, 14.5267915726, 4.05918645859, 1.87807750702, 0.367360115051, 0.0312499199063, 0.000320234074024, 3.6634739331e-07],
        "max": [10.2910699844, 66.8178329468, 76.4192352295, 117.411636353, 250.453948975, 239.919128418, 380.698028564, 527.383300781, 1125.27319336, 426.694000244, 678.677307129, 2571.18945312, 1786.43615723, 858.334655762, 948.407226562, 1664.90014648, 840.316223145, 607.241638184, 397.662628174, 424.559814453, 280.292144775, 345.54510498, 409.484741211, 400.651062012, 174.459854126, 264.716186523, 225.884460449, 397.650360107, 691.075805664, 496.63973999, 439.685119629, 269.015014648, 163.424316406, 71.7925415039, 36.3415908813, 18.1793785095, 6.35094451904, 1.30736780167, 0.14420902729, 0.00464106537402],
        "mean": [0.184825524688, 2.18903517723, 8.13452720642, 10.5030765533, 15.9652748108, 19.0483703613, 16.8276252747, 16.0254249573, 12.1562852859, 13.096616745, 24.2729492188, 36.1809768677, 30.5153312683, 30.6681671143, 25.4838485718, 17.4462032318, 14.7803087234, 16.1648807526, 13.1481809616, 11.2547359467, 10.1294975281, 10.508181572, 11.5457878113, 8.43043613434, 8.20158100128, 8.43791675568, 8.58765888214, 9.64928436279, 9.93423175812, 11.3145914078, 9.02977466583, 4.86363601685, 2.43819832802, 1.15455782413, 0.594356477261, 0.314337939024, 0.120161540806, 0.0282126981765, 0.00268655782565, 0.00013067292457],
        "median": [0.0323159955442, 0.981031179428, 4.31771326065, 6.33286857605, 9.10593605042, 10.7279586792, 6.36981248856, 4.4428563118, 3.14102649689, 4.05789852142, 3.90437817574, 5.36234474182, 4.55901241302, 4.70892953873, 5.3598151207, 4.99962806702, 4.83457803726, 5.90362501144, 5.69831991196, 4.37788915634, 4.71290302277, 5.78121185303, 5.71549510956, 4.09680080414, 4.02248764038, 4.29838037491, 2.86842298508, 2.15235567093, 2.3727312088, 2.56492829323, 2.32785606384, 1.05598151684, 0.522330880165, 0.303153663874, 0.117232009768, 0.0404791235924, 0.012619539164, 0.0025157330092, 0.00024787359871, 5.13416671311e-05],
        "min": [6.47106389806e-07, 1.01414138953e-06, 2.98781765196e-06, 5.12534779773e-06, 3.93526306652e-06, 1.35792856781e-06, 1.24247651456e-06, 6.32096600839e-07, 1.75720640527e-06, 1.2005264125e-06, 1.05110962068e-06, 2.16968874156e-06, 1.52550524035e-06, 6.97409234363e-07, 2.31692479247e-06, 2.41467205342e-06, 1.49251729908e-06, 2.8144411317e-06, 2.61861941908e-06, 2.3982086077e-06, 4.52342328572e-06, 3.30516127178e-06, 2.15914838009e-06, 4.15209206039e-06, 8.16656665847e-06, 4.64253389509e-06, 4.83374560645e-06, 3.47667491951e-06, 8.2899341578e-06, 6.32972478343e-06, 5.53259860681e-06, 4.76310515296e-06, 4.66583196612e-06, 4.51596179118e-06, 2.21157415581e-06, 9.36684784847e-07, 6.91948628173e-07, 2.89584164648e-07, 1.09574138207e-07, 8.13898637375e-09],
        "var": [0.715736746788, 22.5334949493, 93.186164856, 150.848602295, 484.545501709, 573.586242676, 1034.05969238, 1329.38244629, 1478.67492676, 1136.67785645, 3672.2175293, 11468.0908203, 9547.05566406, 7908.25927734, 5834.82617188, 3142.12695312, 2077.84204102, 1587.51147461, 691.139282227, 706.614074707, 364.753295898, 323.662322998, 480.193328857, 272.189666748, 152.582962036, 196.579437256, 298.30078125, 714.462158203, 923.024658203, 1089.56323242, 825.913269043, 328.144805908, 97.3550872803, 13.3024225235, 2.85268950462, 0.889258027077, 0.143276929855, 0.00887683965266, 9.06414497877e-05, 1.19912655805e-07]
    },
    "gfcc": {
        "mean": [3.03306651115, 86.8508911133, -98.1023864746, 43.2301902771, -56.6840438843, 15.8011789322, -34.6090507507, 0.302786827087, -25.1558322906, -6.0428853035, -19.788898468, -2.10808420181, -14.601275444],
        "cov": [[4412.80419922, -936.816650391, 794.858703613, -196.299987793, 94.2138519287, 298.412963867, 118.616958618, 280.19052124, -46.1923065186, 87.8527297974, -162.094451904, 180.144104004, -105.482116699], [-936.816650391, 1230.03149414, -474.397216797, 10.1971139908, 120.976623535, -101.811691284, 8.30724811554, -72.1782073975, 90.3396530151, -91.2734375, 132.208358765, -122.684165955, 65.7428436279], [794.858703613, -474.397216797, 680.780029297, 117.57585144, 62.2775382996, 94.4829940796, -5.01268291473, 86.9260025024, -61.3902206421, 44.3962173462, -71.295425415, 23.9632339478, -53.3267326355], [-196.299987793, 10.1971139908, 117.57585144, 470.261016846, 85.5910873413, -7.9914393425, -10.9261264801, -32.7232666016, -20.062374115, -4.41801929474, 9.52680587769, -53.2593650818, 8.46465015411], [94.2138519287, 120.976623535, 62.2775382996, 85.5910873413, 274.940124512, 14.1926593781, 19.4746685028, 29.3843154907, -20.9027099609, 13.9268875122, 21.4613838196, -8.6810874939, 4.12840795517], [298.412963867, -101.811691284, 94.4829940796, -7.9914393425, 14.1926593781, 208.610046387, 59.2924804688, 32.5782432556, -3.13073635101, 1.0168005228, -22.8866081238, -13.5009860992, -19.1525592804], [118.616958618, 8.30724811554, -5.01268291473, -10.9261264801, 19.4746685028, 59.2924804688, 157.330200195, 46.3200874329, 7.06303834915, 17.7359237671, -3.79971122742, 6.72445678711, -1.82467055321], [280.19052124, -72.1782073975, 86.9260025024, -32.7232666016, 29.3843154907, 32.5782432556, 46.3200874329, 121.782714844, 12.894952774, 12.4587345123, -12.0367679596, 8.97192955017, -12.6626758575], [-46.1923065186, 90.3396530151, -61.3902206421, -20.062374115, -20.9027099609, -3.13073635101, 7.06303834915, 12.894952774, 107.698623657, 14.3367385864, 17.0362815857, -2.78206062317, 7.38715028763], [87.8527297974, -91.2734375, 44.3962173462, -4.41801929474, 13.9268875122, 1.0168005228, 17.7359237671, 12.4587345123, 14.3367385864, 88.8164596558, 17.3662242889, 24.2163562775, -1.59465754032], [-162.094451904, 132.208358765, -71.295425415, 9.52680587769, 21.4613838196, -22.8866081238, -3.79971122742, -12.0367679596, 17.0362815857, 17.3662242889, 78.3400802612, 6.1516289711, 22.6953392029], [180.144104004, -122.684165955, 23.9632339478, -53.2593650818, -8.6810874939, -13.5009860992, 6.72445678711, 8.97192955017, -2.78206062317, 24.2163562775, 6.1516289711, 92.4161987305, 17.1406745911], [-105.482116699, 65.7428436279, -53.3267326355, 8.46465015411, 4.12840795517, -19.1525592804, -1.82467055321, -12.6626758575, 7.38715028763, -1.59465754032, 22.6953392029, 17.1406745911, 63.3535461426]],
        "icov": [[0.000381196674425, 4.65150806122e-05, -0.000258168118307, 0.000126805869513, -0.000128417581436, -0.000312740245136, 4.25085090683e-06, -0.000406389881391, -7.18200826668e-05, 9.0469047791e-06, 0.000333732110448, -0.000632069306448, 0.00024494016543], [4.65150806122e-05, 0.00210057431832, 0.000606463174336, 0.000379763339879, -0.00116122758482, 0.000673713977449, -0.000737478490919, 0.000597604783252, -0.0013140484225, 0.00207505607978, -0.00249895243905, 0.00248258444481, -0.000836079707369], [-0.000258168118307, 0.000606463174336, 0.00287846499123, -0.000830562610645, -0.000438124203356, -0.000527653493918, 0.000906189379748, -0.0012797252275, 0.000800491252448, -0.00081811560085, 0.000774027954321, 8.02767826826e-05, 0.000701107084751], [0.000126805869513, 0.000379763339879, -0.000830562610645, 0.00290543842129, -0.000942478014622, 0.000454363151221, -0.000528291799128, 0.00123859010637, -0.000284087989712, 0.00050087668933, -0.000838876701891, 0.00215854449198, -0.00107690284494], [-0.000128417581436, -0.00116122758482, -0.000438124203356, -0.000942478014622, 0.00497381621972, -0.000415053335018, 0.000174721775693, -0.00150049792137, 0.00184742326383, -0.00153441051953, -0.000318068632623, -0.00071289105108, 5.66650051042e-05], [-0.000312740245136, 0.000673713977449, -0.000527653493918, 0.000454363151221, -0.000415053335018, 0.00658821966499, -0.00264311558567, 0.000647778564598, -0.000701149750967, 0.00122404645663, -0.000627402565442, 0.00266205659136, -3.54954536306e-05], [4.25085090683e-06, -0.000737478490919, 0.000906189379748, -0.000528291799128, 0.000174721775693, -0.00264311558567, 0.00872613396496, -0.00342973950319, 0.000855787598994, -0.00252864928916, 0.00171383202542, -0.00162865722086, 2.435944225e-05], [-0.000406389881391, 0.000597604783252, -0.0012797252275, 0.00123859010637, -0.00150049792137, 0.000647778564598, -0.00342973950319, 0.0122889354825, -0.00272868969478, 0.00115683954209, -0.000712678243872, 0.00123289576732, 0.000380639336072], [-7.18200826668e-05, -0.0013140484225, 0.000800491252448, -0.000284087989712, 0.00184742326383, -0.000701149750967, 0.000855787598994, -0.00272868969478, 0.0118471328169, -0.00360139692202, 8.08239856269e-05, -0.000350734131644, -0.000303423119476], [9.0469047791e-06, 0.00207505607978, -0.00081811560085, 0.00050087668933, -0.00153441051953, 0.00122404645663, -0.00252864928916, 0.00115683954209, -0.00360139692202, 0.0165168382227, -0.00660498114303, -0.000869895273354, 0.00117176852655], [0.000333732110448, -0.00249895243905, 0.000774027954321, -0.000838876701891, -0.000318068632623, -0.000627402565442, 0.00171383202542, -0.000712678243872, 8.08239856269e-05, -0.00660498114303, 0.0209737811238, -0.00394073827192, -0.00297255953774], [-0.000632069306448, 0.00248258444481, 8.02767826826e-05, 0.00215854449198, -0.00071289105108, 0.00266205659136, -0.00162865722086, 0.00123289576732, -0.000350734131644, -0.000869895273354, -0.00394073827192, 0.0185568779707, -0.00638864887878], [0.00024494016543, -0.000836079707369, 0.000701107084751, -0.00107690284494, 5.66650051042e-05, -3.54954536306e-05, 2.435944225e-05, 0.000380639336072, -0.000303423119476, 0.00117176852655, -0.00297255953774, -0.00638864887878, 0.0207144841552]]
    },
    "melbands": {
        "dmean": [0.00148656743113, 0.00223477883264, 0.00108664121944, 0.000627035624348, 0.000360465084668, 0.000204860887607, 0.000100385419501, 6.43047242193e-05, 9.42588085309e-05, 0.000102964659163, 5.78456856601e-05, 4.2259645852e-05, 3.82926664315e-05, 2.85389851342e-05, 1.61374682648e-05, 1.45325675476e-05, 1.3740884242e-05, 1.08938402263e-05, 9.42286169447e-06, 6.5622944021e-06, 6.79116146785e-06, 6.35648848402e-06, 6.75962655805e-06, 6.25039319857e-06, 4.31028865933e-06, 3.54219241672e-06, 5.00974465467e-06, 3.26312147081e-06, 3.22082451021e-06, 3.09183678837e-06, 3.58507531928e-06, 3.29086878992e-06, 3.42102430295e-06, 3.80748201678e-06, 3.34741343977e-06, 2.21432151193e-06, 1.83588849723e-06, 1.2402261973e-06, 7.46173668631e-07, 5.73806573811e-07],
        "dmean2": [0.00234755384736, 0.00360390380956, 0.00172461627517, 0.000979330623522, 0.000544154027011, 0.00031562615186, 0.000157911897986, 9.67757077888e-05, 0.000137332564918, 0.00014441710664, 8.09370394563e-05, 5.92917567701e-05, 5.42143170605e-05, 4.10270040447e-05, 2.44976727117e-05, 2.21620521188e-05, 2.12987251871e-05, 1.69614177139e-05, 1.41261634781e-05, 1.05561248347e-05, 1.10796518129e-05, 1.06908655653e-05, 1.09537413664e-05, 1.05177823571e-05, 7.14239467925e-06, 5.84618328503e-06, 8.4442053776e-06, 5.47341460333e-06, 5.3701824072e-06, 4.91569744554e-06, 5.57559997105e-06, 4.98221515954e-06, 5.08535867993e-06, 5.78847539145e-06, 4.97256087328e-06, 3.24103098137e-06, 2.77891012956e-06, 1.90028924862e-06, 1.11768281386e-06, 8.69665086611e-07],
        "dvar": [4.2282488721e-05, 1.81464383786e-05, 2.24059544962e-06, 8.94200240964e-07, 5.54187749913e-07, 3.88230773751e-07, 2.19504869392e-07, 3.98159585302e-08, 8.43940384243e-08, 1.76764004323e-07, 5.94752727068e-08, 1.6785136836e-08, 1.63130877695e-08, 1.92613729411e-08, 7.23533588598e-09, 2.1479358292e-09, 1.13855025408e-09, 5.73058600573e-10, 8.82179052031e-10, 2.81083240017e-10, 3.19148957262e-10, 3.40429240353e-10, 2.64445715326e-10, 5.28811550105e-10, 1.50668810761e-10, 5.07557398888e-11, 1.27911500836e-10, 7.62012050681e-11, 6.97715080156e-11, 8.41485839342e-11, 1.70956651613e-10, 1.79897055586e-10, 2.22124110771e-10, 2.02390590398e-10, 1.94874241743e-10, 8.72482155967e-11, 7.8823114702e-11, 3.6790345076e-11, 1.06839181599e-11, 4.00940869047e-12],
        "dvar2": [9.47119260672e-05, 4.98647605127e-05, 5.4924394135e-06, 2.06358686228e-06, 1.24351299746e-06, 8.81121650309e-07, 5.64839240269e-07, 9.23496799032e-08, 1.73030741735e-07, 3.78796158884e-07, 1.09891942657e-07, 3.36672343337e-08, 2.8246580186e-08, 4.20276258239e-08, 1.69556759744e-08, 4.36729763464e-09, 2.20223594916e-09, 1.2876503197e-09, 1.78015635566e-09, 6.57869980714e-10, 8.27815094251e-10, 9.66878355158e-10, 6.81882217357e-10, 1.46990031258e-09, 3.90173088283e-10, 1.32114083562e-10, 3.50810769323e-10, 2.05416295085e-10, 1.80978426689e-10, 2.02688629769e-10, 3.82845588565e-10, 4.29131952195e-10, 5.3788951071e-10, 4.4955916767e-10, 4.18830969906e-10, 1.8189821871e-10, 1.67507743787e-10, 7.85804893377e-11, 2.20170218862e-11, 8.70611482212e-12],
        "max": [0.0892069041729, 0.0605960786343, 0.0179344695061, 0.0152396410704, 0.0113023882732, 0.0114138321951, 0.014625097625, 0.00459321960807, 0.00680606113747, 0.0151936709881, 0.00866039190441, 0.00363932549953, 0.00433218153194, 0.00365754705854, 0.00350506254472, 0.00112378341146, 0.00101529946551, 0.000515730527695, 0.000958717777394, 0.000394278409658, 0.000380045559723, 0.000369784393115, 0.000312116288114, 0.000423051358666, 0.000334074749844, 0.000114294285595, 0.000197164321435, 0.000171570602106, 0.000117151648737, 0.000195431624888, 0.000280598673271, 0.000383831793442, 0.000372712354874, 0.000231565602007, 0.000291374075459, 0.000194516178453, 0.000158093956998, 0.000144538207678, 7.37948939786e-05, 5.97708567511e-05],
        "mean": [0.00202473369427, 0.00390542135574, 0.00202087312937, 0.00129850232042, 0.0006544070784, 0.00036477582762, 0.000181652052561, 0.000143683326314, 0.000223625902436, 0.000225190451602, 0.00014802532678, 0.000120874370623, 9.16045246413e-05, 6.66519554215e-05, 3.16159967042e-05, 3.21165352943e-05, 2.97903934552e-05, 2.06931999855e-05, 1.90110822587e-05, 1.13573560157e-05, 1.21357188618e-05, 1.062165029e-05, 1.1459608686e-05, 9.36836750043e-06, 6.50804031466e-06, 5.43807664144e-06, 6.61224021314e-06, 5.20370940649e-06, 5.28103782926e-06, 5.09432948093e-06, 5.87302474742e-06, 5.58806414119e-06, 5.63236017115e-06, 6.58494036543e-06, 5.61564456802e-06, 3.65023402082e-06, 2.74647936749e-06, 1.82750693511e-06, 1.20503057133e-06, 8.89557725259e-07],
        "median": [0.000604729109909, 0.00237972592004, 0.00139162119012, 0.000863677705638, 0.000302805565298, 9.75181319518e-05, 4.57765963802e-05, 3.80259371013e-05, 2.97404203593e-05, 2.99096082017e-05, 1.96483233594e-05, 1.72019335878e-05, 1.75918721652e-05, 1.34169040393e-05, 1.05358012661e-05, 9.96622202365e-06, 1.04422388176e-05, 8.99429869605e-06, 6.08520485912e-06, 4.93968764204e-06, 5.30022680323e-06, 5.34166838406e-06, 5.82867460253e-06, 4.20610831497e-06, 3.00300962408e-06, 2.61288414549e-06, 3.01943873637e-06, 2.56402995547e-06, 1.86048282558e-06, 1.32322986701e-06, 1.18549098715e-06, 1.2729313994e-06, 1.29398472382e-06, 1.46748436691e-06, 1.46563127146e-06, 8.12228506675e-07, 5.31402292836e-07, 3.54316881612e-07, 3.03143195879e-07, 2.34243188402e-07],
        "min": [4.67243443936e-09, 1.39443345759e-09, 8.711137367e-10, 1.93250013214e-10, 4.70704066002e-11, 1.51963146927e-11, 2.75706818487e-11, 1.20633347062e-11, 8.16808426451e-12, 1.49558403856e-11, 7.36363227338e-12, 2.62440611777e-12, 4.10124061448e-12, 7.93355572209e-12, 2.60718681887e-12, 3.4785225915e-12, 4.30544098637e-12, 4.21385842886e-12, 3.69902546093e-12, 2.89221142695e-12, 5.8778576624e-12, 3.86770823702e-12, 1.48248796052e-12, 2.05155814212e-12, 3.01002018449e-12, 6.52615071359e-12, 4.68091971434e-12, 2.33431351505e-12, 3.84253392993e-12, 1.2291457999e-12, 2.14996878807e-12, 5.73044129509e-12, 2.81650744394e-12, 3.78479149063e-12, 3.50838347089e-12, 2.44471587071e-12, 3.15371231734e-12, 3.35181231728e-12, 4.03827579015e-12, 3.61213576411e-12],
        "var": [4.67754543934e-05, 2.35788684222e-05, 4.76841842101e-06, 2.20695801545e-06, 1.084227506e-06, 6.56138013255e-07, 3.01382101497e-07, 1.37419590374e-07, 3.07729749238e-07, 4.34745118127e-07, 2.38951287201e-07, 1.2810839678e-07, 8.27712653972e-08, 7.26553608388e-08, 1.22588375007e-08, 8.67512905955e-09, 5.09705166962e-09, 1.56083501679e-09, 3.40069394866e-09, 5.67129510021e-10, 6.5736738275e-10, 3.88396897977e-10, 3.9189243517e-10, 5.0236759197e-10, 1.70819122736e-10, 6.69126143382e-11, 1.19713766678e-10, 8.41206132529e-11, 1.04955689972e-10, 1.44925862977e-10, 3.0756522329e-10, 2.9665039869e-10, 3.27418342438e-10, 3.75012632059e-10, 3.21204007836e-10, 1.52645826534e-10, 1.26467350481e-10, 6.04040706342e-11, 2.02639831998e-11, 7.35285530379e-12]
    },
    "mfcc": {
        "mean": [-643.114868164, 113.467323303, 16.7134380341, 30.5292892456, 5.26685094833, 14.4515047073, -0.199720472097, 8.18765354156, -4.226375103, 0.634566247463, -4.73485708237, -4.67829561234, -4.27324867249],
        "cov": [[3364.30419922, -467.462371826, 444.785552979, -135.728393555, 106.142089844, 80.0545883179, 130.544631958, 207.939239502, 138.89151001, 77.6426315308, 77.3044662476, 14.3510923386, -6.05357503891], [-467.462371826, 931.672607422, -356.667449951, -27.6319046021, 42.1990661621, -57.792552948, -1.28812801838, -8.4460144043, -44.9871139526, 36.5299758911, 5.59914016724, -8.98983192444, 29.2200622559], [444.785552979, -356.667449951, 530.340881348, 34.5430984497, 54.8306159973, 44.7054290771, 38.002407074, 29.0263366699, 50.5868644714, 8.39330005646, 8.76830673218, 23.6113376617, -18.7568626404], [-135.728393555, -27.6319046021, 34.5430984497, 384.934295654, 105.568725586, 22.5220546722, 44.2373542786, -31.6764259338, 14.4246244431, -27.3142166138, -4.22785902023, 19.7664775848, 27.6448402405], [106.142089844, 42.1990661621, 54.8306159973, 105.568725586, 243.134384155, 25.3033351898, 46.0629043579, 1.16466152668, 5.25638866425, 11.8503627777, -0.366156756878, -0.623941004276, 15.0342512131], [80.0545883179, -57.792552948, 44.7054290771, 22.5220546722, 25.3033351898, 148.589996338, 48.7783699036, 12.175693512, 21.2209701538, 3.90137481689, 14.3657569885, 3.76074790955, -4.87433099747], [130.544631958, -1.28812801838, 38.002407074, 44.2373542786, 46.0629043579, 48.7783699036, 166.298950195, 37.8255958557, 32.3203468323, 17.0892772675, 15.7545824051, 8.48873329163, -6.38057661057], [207.939239502, -8.4460144043, 29.0263366699, -31.6764259338, 1.16466152668, 12.175693512, 37.8255958557, 108.306900024, 36.3138923645, 23.0768432617, 12.1044921875, -4.34935331345, -8.14402866364], [138.89151001, -44.9871139526, 50.5868644714, 14.4246244431, 5.25638866425, 21.2209701538, 32.3203468323, 36.3138923645, 88.9468154907, 27.9850730896, 18.3910713196, 13.4180622101, -4.55011081696], [77.6426315308, 36.5299758911, 8.39330005646, -27.3142166138, 11.8503627777, 3.90137481689, 17.0892772675, 23.0768432617, 27.9850730896, 82.4737243652, 24.540763855, 11.0781106949, 1.26901495457], [77.3044662476, 5.59914016724, 8.76830673218, -4.22785902023, -0.366156756878, 14.3657569885, 15.7545824051, 12.1044921875, 18.3910713196, 24.540763855, 65.2605209351, 19.8030853271, 11.5817193985], [14.3510923386, -8.98983192444, 23.6113376617, 19.7664775848, -0.623941004276, 3.76074790955, 8.48873329163, -4.34935331345, 13.4180622101, 11.0781106949, 19.8030853271, 56.5947723389, 15.5737695694], [-6.05357503891, 29.2200622559, -18.7568626404, 27.6448402405, 15.0342512131, -4.87433099747, -6.38057661057, -8.14402866364, -4.55011081696, 1.26901495457, 11.5817193985, 15.5737695694, 57.8907279968]],
