{
"lowlevel": {
    "average_loudness": 0.880404651165,
    "barkbands_crest": {
        "dmean": 2.55764579773,
        "dmean2": 4.0465502739,
        "dvar": 6.68263530731,
        "dvar2": 15.4429864883,
        "max": 26.8391780853,
        "mean": 11.2392416,
        "median": 10.3483638763,
        "min": 3.25296711922,
        "var": 21.3351917267
    },
    "barkbands_flatness_db": {
        "dmean": 0.0275263115764,
        "dmean2": 0.0395144484937,
        "dvar": 0.000822748581413,
        "dvar2": 0.00149958604015,
        "max": 0.497984200716,
        "mean": 0.243124887347,
        "median": 0.240472242236,
        "min": 0.0533407106996,
        "var": 0.00369438924827
    },
    "barkbands_kurtosis": {
        "dmean": 4.65299510956,
        "dmean2": 6.97828865051,
        "dvar": 1871.47314453,
        "dvar2": 3368.65771484,
        "max": 2471.03710938,
        "mean": 7.81156253815,
        "median": 1.06175661087,
        "min": -1.82414031029,
        "var": 7981.30224609
    },
    "barkbands_skewness": {
        "dmean": 0.604635059834,
        "dmean2": 0.890619397163,
        "dvar": 0.890154182911,
        "dvar2": 1.62432837486,
        "max": 9.61146831512,
        "mean": 0.813998281956,
        "median": 0.86344820261,
        "min": -44.9788551331,
        "var": 5.51528358459
    },
    "barkbands_spread": {
        "dmean": 3.47380924225,
        "dmean2": 5.25238227844,
        "dvar": 24.3663311005,
        "dvar2": 55.7045707703,
        "max": 102.532394409,
        "mean": 10.787314415,
        "median": 9.30635356903,
        "min": 0.149772018194,
        "var": 51.9127731323
    },
    "dissonance": {
        "dmean": 0.0320265255868,
        "dmean2": 0.0519217178226,
        "dvar": 0.000996932387352,
        "dvar2": 0.00253401324153,
        "max": 0.499999940395,
        "mean": 0.428830891848,
        "median": 0.440791636705,
        "min": 0.185457795858,
        "var": 0.00282935844734
    },
    "dynamic_complexity": 4.73621749878,
    "erbbands_crest": {
        "dmean": 3.21891069412,
        "dmean2": 5.03264093399,
        "dvar": 10.0982809067,
        "dvar2": 23.0540828705,
        "max": 33.5716629028,
        "mean": 13.7011756897,
        "median": 12.1135635376,
        "min": 3.04366993904,
        "var": 41.8581466675
    },
    "erbbands_flatness_db": {
        "dmean": 0.0239404086024,
        "dmean2": 0.0349835045636,
        "dvar": 0.000757086032536,
        "dvar2": 0.00135637877975,
        "max": 0.508534371853,
        "mean": 0.292286962271,
        "median": 0.294410735369,
        "min": 0.0804703310132,
        "var": 0.00328208506107
    },
    "erbbands_kurtosis": {
        "dmean": 1.97940444946,
        "dmean2": 3.04198598862,
        "dvar": 19.5957126617,
        "dvar2": 40.0762672424,
        "max": 109.647262573,
        "mean": 1.98917353153,
        "median": 0.187225818634,
        "min": -1.8480206728,
        "var": 48.0991706848
    },
    "erbbands_skewness": {
        "dmean": 0.53220230341,
        "dmean2": 0.797085046768,
        "dvar": 0.358626902103,
        "dvar2": 0.785554885864,
        "max": 5.27588939667,
        "mean": 0.19130025804,
        "median": 0.232152402401,
        "min": -7.32620954514,
        "var": 1.27067494392
    },
    "erbbands_spread": {
        "dmean": 4.91014003754,
        "dmean2": 7.50644779205,
        "dvar": 32.9513015747,
        "dvar2": 76.1902618408,
        "max": 70.0958023071,
        "mean": 18.1889648438,
        "median": 16.3876743317,
        "min": 0.77926582098,
        "var": 104.955474854
    },
    "hfc": {
        "dmean": 6.35206127167,
        "dmean2": 9.34166145325,
        "dvar": 105.961914062,
        "dvar2": 229.428939819,
        "max": 123.978164673,
        "mean": 15.9622354507,
        "median": 10.5411987305,
        "min": 0.00102088763379,
        "var": 289.005767822
    },
    "melbands_crest": {
        "dmean": 2.93425607681,
        "dmean2": 4.58080768585,
        "dvar": 8.96203899384,
        "dvar2": 20.7141132355,
        "max": 32.8543663025,
        "mean": 13.0280332565,
        "median": 12.0959291458,
        "min": 2.04660868645,
        "var": 26.7152175903
    },
    "melbands_flatness_db": {
        "dmean": 0.0324434302747,
        "dmean2": 0.0460238195956,
        "dvar": 0.00116161408368,
        "dvar2": 0.00217546592467,
        "max": 0.589546442032,
        "mean": 0.29900187254,
        "median": 0.296259224415,
        "min": 0.00892973784357,
        "var": 0.00565023440868
    },
    "melbands_kurtosis": {
        "dmean": 3.38150024414,
        "dmean2": 5.29591464996,
        "dvar": 38.6387214661,
        "dvar2": 90.1091537476,
        "max": 111.328147888,
        "mean": 4.78105068207,
        "median": 2.28286361694,
        "min": -1.82887220383,
        "var": 63.1272125244
    },
    "melbands_skewness": {
        "dmean": 0.590140163898,
        "dmean2": 0.867230415344,
        "dvar": 0.486214995384,
        "dvar2": 1.04572021961,
        "max": 9.38143157959,
        "mean": 1.29694366455,
        "median": 1.23439574242,
        "min": -3.60660409927,
        "var": 1.71894133091
    },
    "melbands_spread": {
        "dmean": 5.49290800095,
        "dmean2": 8.34597492218,
        "dvar": 57.2946548462,
        "dvar2": 124.487045288,
        "max": 143.887374878,
        "mean": 17.1498031616,
        "median": 14.2016935349,
        "min": 0.797869205475,
        "var": 177.050643921
    },
    "pitch_salience": {
        "dmean": 0.0711923465133,
        "dmean2": 0.111419603229,
        "dvar": 0.00517936050892,
        "dvar2": 0.0112712476403,
        "max": 0.952556312084,
        "mean": 0.569551169872,
        "median": 0.582076191902,
        "min": 0.109677203,
        "var": 0.0190015994012
    },
    "silence_rate_20dB": {
        "dmean": 0,
        "dmean2": 0,
        "dvar": 0,
        "dvar2": 0,
        "max": 1,
        "mean": 1,
        "median": 1,
        "min": 1,
        "var": 0
    },
    "silence_rate_30dB": {
        "dmean": 0.000773993786424,
        "dmean2": 0.00154858687893,
        "dvar": 0.000773394596763,
        "dvar2": 0.0023204816971,
        "max": 1,
        "mean": 0.999613165855,
        "median": 1,
        "min": 0,
        "var": 0.000386699219234
    },
    "silence_rate_60dB": {
        "dmean": 0.0452786386013,
        "dmean2": 0.0905923321843,
        "dvar": 0.0432296209037,
        "dvar2": 0.0955501869321,
        "max": 1,
        "mean": 0.155512571335,
        "median": 0,
        "min": 0,
        "var": 0.131321251392
    },
    "spectral_centroid": {
        "dmean": 195.526260376,
        "dmean2": 288.898376465,
        "dvar": 81213.4375,
        "dvar2": 143360.609375,
        "max": 11199.6298828,
        "mean": 933.53527832,
        "median": 838.471496582,
        "min": 209.351074219,
        "var": 282670.90625
    },
    "spectral_complexity": {
        "dmean": 3.342492342,
        "dmean2": 4.91095638275,
        "dvar": 12.9603996277,
        "dvar2": 26.0083599091,
        "max": 42,
        "mean": 14.2800769806,
        "median": 13,
        "min": 0,
        "var": 69.2500686646
    },
    "spectral_decrease": {
        "dmean": 1.75420045156e-09,
        "dmean2": 2.61313326533e-09,
        "dvar": 7.55914536006e-18,
        "dvar2": 1.71828739721e-17,
        "max": 2.14985669512e-14,
        "mean": -4.95185714655e-09,
        "median": -3.83974363416e-09,
        "min": -3.25523501488e-08,
        "var": 2.0728598557e-17
    },
    "spectral_energy": {
        "dmean": 0.00714774755761,
        "dmean2": 0.0106236934662,
        "dvar": 0.000124450860312,
        "dvar2": 0.000281274988083,
        "max": 0.131375029683,
        "mean": 0.0201371908188,
        "median": 0.0154608897865,
        "min": 4.9963151838e-08,
        "var": 0.000345109408954
    },
    "spectral_energyband_high": {
        "dmean": 2.88051414827e-05,
        "dmean2": 5.01793329022e-05,
        "dvar": 3.31613811966e-08,
        "dvar2": 8.86296334102e-08,
        "max": 0.00313318357803,
        "mean": 2.7315436455e-05,
        "median": 4.73995578432e-06,
        "min": 1.27920740667e-08,
        "var": 2.32308519088e-08
    },
    "spectral_energyband_low": {
        "dmean": 0.000292032258585,
        "dmean2": 0.000431539374404,
        "dvar": 5.88316936501e-07,
        "dvar2": 1.34121319206e-06,
        "max": 0.0201829373837,
        "mean": 0.000863444467541,
        "median": 0.000380428973585,
        "min": 9.46033182347e-13,
        "var": 1.83948452559e-06
    },
    "spectral_energyband_middle_high": {
        "dmean": 0.00313076144084,
        "dmean2": 0.00444017164409,
        "dvar": 3.22893065459e-05,
        "dvar2": 6.59060751786e-05,
        "max": 0.0816964358091,
        "mean": 0.00704278098419,
        "median": 0.00325215933844,
        "min": 1.49284022644e-11,
        "var": 9.89926047623e-05
    },
    "spectral_energyband_middle_low": {
        "dmean": 0.00506032072008,
        "dmean2": 0.00778883881867,
        "dvar": 7.43464188417e-05,
        "dvar2": 0.00017507011944,
        "max": 0.0999785587192,
        "mean": 0.0125992335379,
        "median": 0.00846416503191,
        "min": 1.74278820542e-12,
        "var": 0.000172289757757
    },
    "spectral_entropy": {
        "dmean": 0.247166991234,
        "dmean2": 0.357962012291,
        "dvar": 0.0727538019419,
        "dvar2": 0.142880603671,
        "max": 9.79608154297,
        "mean": 6.6515955925,
        "median": 6.74594926834,
        "min": 4.74217414856,
        "var": 0.334876090288
    },
    "spectral_flux": {
        "dmean": 0.0233654901385,
        "dmean2": 0.0365379266441,
        "dvar": 0.000911358685698,
        "dvar2": 0.00210252567194,
        "max": 0.288626104593,
        "mean": 0.0648956745863,
        "median": 0.0544506981969,
        "min": 0.00016285404854,
        "var": 0.00222804141231
    },
    "spectral_kurtosis": {
        "dmean": 11.5804586411,
        "dmean2": 19.6477298737,
        "dvar": 163.39604187,
        "dvar2": 396.701690674,
        "max": 222.301101685,
        "mean": 26.1857013702,
        "median": 19.0008678436,
        "min": -1.19798243046,
        "var": 667.415588379
    },
    "spectral_rms": {
        "dmean": 0.000726380618289,
        "dmean2": 0.00104880041908,
        "dvar": 8.46791976983e-07,
        "dvar2": 1.77496974629e-06,
        "max": 0.0113212531433,
        "mean": 0.00393320806324,
        "median": 0.00388378626667,
        "min": 6.9817288022e-06,
        "var": 4.17593400925e-06
    },
    "spectral_rolloff": {
        "dmean": 329.049224854,
        "dmean2": 561.665344238,
        "dvar": 927256,
        "dvar2": 1983986.375,
        "max": 21770.0683594,
        "mean": 1368.890625,
        "median": 1162.79296875,
        "min": 107.666015625,
        "var": 4100144
    },
    "spectral_skewness": {
        "dmean": 0.832996547222,
        "dmean2": 1.39320540428,
        "dvar": 0.650188148022,
        "dvar2": 1.61307215691,
        "max": 12.2492761612,
        "mean": 3.14511728287,
        "median": 2.79872941971,
        "min": -0.0211275964975,
        "var": 2.44529533386
    },
    "spectral_spread": {
        "dmean": 388227.8125,
        "dmean2": 611405.5625,
        "dvar": 591967354880,
        "dvar2": 938666491904,
        "max": 41558344,
        "mean": 1963126.875,
        "median": 1637321.25,
        "min": 453228.8125,
        "var": 3.61321096806e+12
    },
    "spectral_strongpeak": {
        "dmean": 0.642306864262,
        "dmean2": 0.973344802856,
        "dvar": 1.07772254944,
        "dvar2": 2.08486366272,
        "max": 16.6141414642,
        "mean": 1.79031276703,
        "median": 1.10247290134,
        "min": 0.000394163304009,
        "var": 4.11493682861
    },
    "zerocrossingrate": {
        "dmean": 0.00692550605163,
        "dmean2": 0.00766561878845,
        "dvar": 0.000207797158509,
        "dvar2": 0.000188996273209,
        "max": 0.8994140625,
        "mean": 0.0459101498127,
        "median": 0.0390625,
        "min": 0.0087890625,
        "var": 0.00334289716557
    },
    "barkbands": {
        "dmean": [7.22109092521e-08, 0.000101452089439, 0.000169036444277, 0.000121846023831, 0.000542431313079, 0.00233547762036, 0.0017067710869, 0.000963869912084, 0.00113826768938, 0.000771462044213, 0.000462382420665, 0.000833391328342, 0.000380677549401, 0.000645989261102, 0.000584497989621, 0.00024935696274, 0.000331109476974, 0.000181080991752, 3.41807681252e-05, 9.92439890979e-06, 5.81750782658e-06, 4.31833268522e-06, 3.19146329275e-06, 2.08584856409e-06, 2.80954873233e-06, 1.48926335442e-06, 7.4695362855e-06],
        "dmean2": [1.18186207487e-07, 0.000143787256093, 0.000256599014392, 0.000210886399145, 0.000862901622895, 0.00383171578869, 0.00268407119438, 0.00148305296898, 0.00162207055837, 0.00113569176756, 0.000671335612424, 0.00128204317298, 0.000614039890934, 0.000857018691022, 0.000906385947019, 0.000392906891648, 0.000523678958416, 0.000293148157652, 5.55250771868e-05, 1.68715232576e-05, 9.70041674009e-06, 7.27059568817e-06, 5.44044951312e-06, 3.59989530807e-06, 5.03689943798e-06, 2.55247528003e-06, 1.38908708323e-05],
        "dvar": [4.8956979692e-14, 9.89913075955e-08, 1.92507712882e-07, 8.27322637065e-08, 8.31897466469e-07, 2.26041247515e-05, 1.63110125868e-05, 5.76486672799e-06, 1.03841721284e-05, 7.1299582487e-06, 4.53320853921e-06, 5.48394837097e-06, 1.41477084981e-06, 7.89063142292e-06, 2.3835277716e-06, 5.00155863392e-07, 6.30325814654e-07, 3.24990026002e-07, 6.56858389902e-09, 2.28128205215e-09, 1.12752807091e-09, 3.67439717541e-10, 1.53051682439e-10, 1.29681640426e-10, 6.79638623158e-10, 3.09067549331e-10, 8.81917472384e-09],
        "dvar2": [9.55833041839e-14, 1.87124271633e-07, 4.87573913688e-07, 2.20547065055e-07, 2.05675064535e-06, 5.66850540054e-05, 3.96047107643e-05, 1.32918166855e-05, 1.9541628717e-05, 1.39678631967e-05, 8.10130586615e-06, 1.26223376355e-05, 3.65491746379e-06, 1.27028170027e-05, 4.86619592266e-06, 1.20675110793e-06, 1.51547749283e-06, 8.29768566746e-07, 1.62984576946e-08, 5.65735547298e-09, 3.05902458919e-09, 1.00004038384e-09, 4.23413443196e-10, 3.33177485601e-10, 1.79544223933e-09, 7.72483021994e-10, 2.56088448225e-08],
        "max": [6.04116439717e-06, 0.00690555479378, 0.0114521225914, 0.00614668987691, 0.0247716531157, 0.0646499991417, 0.0640566721559, 0.0422219894826, 0.0858108103275, 0.0760749876499, 0.0726161077619, 0.0450294725597, 0.0223154742271, 0.0785713791847, 0.0482655353844, 0.0115042757243, 0.0126567762345, 0.0120570920408, 0.00122706452385, 0.000677041825838, 0.000871181895491, 0.000366947439034, 0.000195748900296, 0.000264327711193, 0.000568832445424, 0.000648442539386, 0.00229225307703],
        "mean": [7.42723358371e-08, 0.000157110320288, 0.000548177864403, 0.000266034010565, 0.0014498346718, 0.00403396785259, 0.00247690873221, 0.00170786096714, 0.00219596573152, 0.00146624876652, 0.000782316375989, 0.00168776721694, 0.00046267118887, 0.00104439130519, 0.000818031374365, 0.00031679373933, 0.000436448695837, 0.000210758196772, 4.20264404966e-05, 1.0853306776e-05, 5.50678942091e-06, 4.33273544331e-06, 3.20723097502e-06, 1.79033543191e-06, 2.06214008358e-06, 1.05131812234e-06, 4.54539167549e-06],
        "median": [1.63864104508e-08, 2.3727387088e-05, 0.000195018175873, 0.000153995162691, 0.000915659882594, 0.00160730537027, 0.000847820600029, 0.000439032592112, 0.000282463268377, 0.000259300228208, 9.45738938753e-05, 0.000181039693416, 8.06640455266e-05, 0.000110686138214, 0.000149770610733, 7.6580530731e-05, 8.47304982017e-05, 4.70283412142e-05, 1.28297733681e-05, 1.38271423111e-06, 5.58101305614e-07, 8.31781790112e-07, 7.68472943946e-07, 2.8175065836e-07, 8.66526690402e-08, 2.3345377187e-08, 6.16318232005e-08],
        "min": [1.0832197769e-12, 1.72796957407e-14, 1.84759485136e-15, 2.12055037158e-15, 8.29738838401e-14, 1.07692805682e-13, 1.05155061091e-13, 7.98725912883e-14, 5.43051281027e-13, 5.61141790586e-13, 2.51992220493e-13, 8.57980461851e-13, 1.10521411901e-12, 1.20626197832e-12, 1.17400718053e-12, 1.18631179099e-12, 1.02970995446e-12, 1.42314578091e-12, 1.51923124688e-12, 2.80156670432e-12, 3.95044804161e-12, 4.62866984324e-12, 1.06816890402e-11, 2.57041419399e-11, 2.58357155114e-11, 1.0485232127e-10, 2.14490309958e-08],
        "var": [5.37620654646e-14, 2.29755841019e-07, 7.02543843545e-07, 1.33638380362e-07, 2.46194053943e-06, 3.40959559253e-05, 2.084298103e-05, 1.37551032822e-05, 2.87261063932e-05, 2.23210445256e-05, 1.40188249134e-05, 1.66175123013e-05, 1.54803535679e-06, 2.33889986703e-05, 5.7454317357e-06, 6.34070829619e-07, 9.02748070075e-07, 3.22562840438e-07, 7.52067386145e-09, 2.15947015825e-09, 8.46082592876e-10, 2.60634541727e-10, 1.06708739067e-10, 9.97399385305e-11, 4.66354344031e-10, 2.32826133373e-10, 4.8440158551e-09]
    },
    "erbbands": {
        "dmean": [0.00076574110426, 0.029798829928, 0.157890573144, 0.335616081953, 0.841886162758, 1.58077669144, 9.08168315887, 21.9946289062, 24.5736522675, 22.4996032715, 21.8962974548, 25.7695999146, 24.9053649902, 21.1806755066, 22.4613876343, 37.426738739, 18.0820293427, 30.876745224, 31.2156486511, 19.2769927979, 13.6588411331, 18.1573028564, 10.9950933456, 4.10307598114, 1.00969469547, 0.496549516916, 0.337091743946, 0.167629823089, 0.145399644971, 0.123248070478, 0.0839562043548, 0.056272123009, 0.0276283640414, 0.0209461543709, 0.0254458468407, 0.00658877799287, 0.00272588804364, 0.00293167051859, 0.000655651674606, 0.0001221443963],
        "dmean2": [0.00110193784349, 0.0423929542303, 0.237291365862, 0.546571016312, 1.37365996838, 2.58413672447, 14.0985574722, 36.1691169739, 38.8002929688, 36.4838180542, 32.9022254944, 37.2709159851, 37.2561073303, 29.8781585693, 32.1562004089, 57.3351783752, 27.1487827301, 40.2232398987, 47.5662384033, 30.2767772675, 21.4287090302, 28.987493515, 17.5875644684, 6.52846431732, 1.65828514099, 0.836693763733, 0.564993560314, 0.275863915682, 0.247922062874, 0.206382215023, 0.144613146782, 0.0987579748034, 0.0474166944623, 0.0365551970899, 0.0462553501129, 0.0115838395432, 0.00470948591828, 0.00543582160026, 0.00119757151697, 0.000223914044909],
        "dvar": [4.77591856907e-06, 0.00846849102527, 0.183091163635, 0.686473667622, 1.61494624615, 11.1638879776, 322.183929443, 2423.3059082, 3283.6394043, 3496.29248047, 3091.48730469, 4538.34228516, 7112.16796875, 8023.51611328, 8024.96826172, 11910.2236328, 2443.22241211, 22773.3144531, 6471.74707031, 2143.85327148, 1349.96887207, 1858.24865723, 1096.41625977, 116.321174622, 10.6364297867, 5.45384168625, 4.95568752289, 0.478550255299, 0.389094978571, 0.23460829258, 0.13855728507, 0.0943449065089, 0.0213836412877, 0.0241474304348, 0.0696410238743, 0.00377570209093, 0.00102014478762, 0.00138813990634, 6.3205457991e-05, 2.44886268774e-06],
        "dvar2": [9.74057275016e-06, 0.016217501834, 0.443332403898, 1.79775822163, 4.20025587082, 28.1760692596, 801.508666992, 5977.02783203, 7910.15429688, 8671.10058594, 6955.70117188, 8737.98242188, 14365.6396484, 14393.3564453, 15381.7158203, 26477.3945312, 5533.32421875, 36019.2734375, 12767.2919922, 5094.56640625, 3440.01538086, 4531.48583984, 2796.1237793, 292.33972168, 28.4374160767, 12.7484483719, 13.2344112396, 1.28027009964, 1.06771111488, 0.631691932678, 0.383235245943, 0.255544900894, 0.0524098835886, 0.0613390281796, 0.185751527548, 0.00969692971557, 0.00258731259964, 0.00401557376608, 0.000177828638698, 7.1299150477e-06],
        "max": [0.0465512648225, 1.95967459679, 10.7668008804, 21.2634067535, 29.3439903259, 101.948516846, 303.475128174, 748.259216309, 1028.36694336, 1053.41027832, 1005.43304443, 1203.45678711, 2287.91455078, 3118.2421875, 2656.20068359, 2186.56176758, 1125.65270996, 4295.48632812, 2599.53393555, 603.273742676, 617.834228516, 536.68145752, 664.635803223, 193.138809204, 83.4075775146, 45.96251297, 61.8321037292, 12.9244222641, 11.9697360992, 10.8678503036, 7.14735841751, 5.90543031693, 3.76476073265, 3.55767083168, 5.87189245224, 1.76453065872, 1.16121804714, 0.836408913136, 0.200573638082, 0.0462619327009],
        "mean": [0.00120142207015, 0.0511224865913, 0.431402444839, 1.03950095177, 2.66376447678, 3.62214660645, 19.9329357147, 34.1915512085, 36.2507209778, 33.7027778625, 45.0319633484, 53.5968284607, 42.2848472595, 44.5685539246, 39.6068229675, 81.1875839233, 29.7387084961, 54.0536880493, 46.9033660889, 26.16248703, 17.9240818024, 23.6690120697, 13.3329000473, 5.09813737869, 1.23043322563, 0.593890428543, 0.321338444948, 0.174758866429, 0.142328023911, 0.131189018488, 0.0804615393281, 0.0473200902343, 0.0243112612516, 0.0171048380435, 0.0177652258426, 0.00466502923518, 0.00189054640941, 0.00179659074638, 0.000416390801547, 9.4941475254e-05],
        "median": [0.000332425348461, 0.0141319781542, 0.184815362096, 0.44362077117, 1.7743601799, 2.07016038895, 8.92675971985, 10.1781272888, 15.1971845627, 9.74359893799, 12.1683588028, 9.20244026184, 10.5050992966, 6.8143029213, 7.33865833282, 9.29304218292, 6.8363699913, 7.22740602493, 9.07530879974, 6.66120004654, 4.89951133728, 4.71876811981, 2.92424178123, 1.5155313015, 0.40653014183, 0.0880944430828, 0.0403665751219, 0.0230556037277, 0.0269706305116, 0.0318388454616, 0.0194425303489, 0.00752088055015, 0.00436810962856, 0.0013925768435, 0.000436720903963, 0.000125397549709, 4.80170092487e-05, 1.73283533513e-05, 1.75599434442e-05, 2.29958623095e-05],
        "min": [9.53615398452e-12, 2.0406083507e-12, 2.20956759833e-12, 8.76335636002e-12, 4.18931486723e-11, 2.39158914894e-10, 3.5345737448e-10, 1.03245545446e-09, 1.09130138259e-09, 2.43809772371e-09, 2.74133782341e-09, 1.20176020246e-08, 1.2160129792e-08, 2.76700138357e-08, 1.87981648025e-08, 3.68741339685e-08, 5.29719450526e-08, 4.78597534936e-08, 5.29849870645e-08, 6.098596117e-08, 7.36343963581e-08, 6.45363300578e-08, 7.63425376249e-08, 1.08127871101e-07, 6.25521181519e-08, 1.34004238816e-07, 1.30616029992e-07, 1.73910606804e-07, 1.85945921771e-07, 1.51244137214e-07, 3.4324281728e-07, 3.80490888574e-07, 4.75778051623e-07, 3.01070741671e-07, 1.57664516109e-07, 9.25620469161e-08, 2.05467856063e-07, 8.93395110779e-07, 1.59215869644e-06, 4.55834054947e-07],
        "var": [1.00467805169e-05, 0.0196963511407, 0.485338956118, 2.0912604332, 7.5335521698, 20.8537502289, 897.651550293, 3320.22631836, 4252.40625, 4860.25341797, 8942.29589844, 14760.3105469, 13440.1064453, 31913.3613281, 22692.5039062, 40839.3320312, 4413.07373047, 69101.3046875, 16692.1230469, 3064.13427734, 1590.27893066, 2625.45751953, 1147.25817871, 128.173995972, 9.56238651276, 5.9332909584, 3.62477040291, 0.404073506594, 0.273028850555, 0.174464419484, 0.0929269120097, 0.0650265365839, 0.0177911166102, 0.0181004144251, 0.0467131473124, 0.00272034108639, 0.000749806582462, 0.000771206745412, 3.76360076189e-05, 1.3392055962e-06]
    },
    "gfcc": {
        "mean": [-117.126754761, 158.624099731, -152.434036255, -19.0203781128, -46.9182739258, -19.5737266541, -47.8320846558, -12.2234487534, -9.90090274811, -21.990354538, -4.53071403503, -7.68347263336, -10.5990056992],
        "cov": [[11030.9179688, 866.503295898, -1881.15637207, 95.6899642944, -730.296264648, 74.6957855225, -320.375183105, 227.725357056, 127.374916077, -9.52199935913, -77.2978057861, 207.207122803, -118.484275818], [866.503295898, 2171.94848633, 99.8468856812, -190.25479126, -63.3395462036, -126.5131073, 20.1550140381, -144.673919678, 60.2942733765, -236.556060791, 54.3972702026, -154.945465088, 12.7168207169], [-1881.15637207, 99.8468856812, 1293.32800293, 48.4616966248, 151.060546875, 10.3588733673, 204.368621826, 26.6861114502, -140.254653931, 120.956077576, -110.763618469, -65.5312042236, 23.7678852081], [95.6899642944, -190.25479126, 48.4616966248, 419.394439697, 140.005508423, 35.9851074219, -45.3235855103, 20.3407726288, 4.72885704041, -23.4898910522, -20.4315643311, -17.5751037598, -3.12967038155], [-730.296264648, -63.3395462036, 151.060546875, 140.005508423, 333.976928711, 129.712738037, 48.9685745239, -37.2273483276, -5.33732843399, 24.4634914398, -12.9362707138, -27.466501236, -18.1765232086], [74.6957855225, -126.5131073, 10.3588733673, 35.9851074219, 129.712738037, 238.867935181, 150.155517578, -12.7637109756, -46.5444297791, 38.976978302, -32.2325019836, -24.5746917725, -11.636100769], [-320.375183105, 20.1550140381, 204.368621826, -45.3235855103, 48.9685745239, 150.155517578, 328.449371338, 11.1651353836, -81.9907226562, 46.1840133667, -50.9501457214, -49.8611564636, 18.9606876373], [227.725357056, -144.673919678, 26.6861114502, 20.3407726288, -37.2273483276, -12.7637109756, 11.1651353836, 169.958694458, 33.7741889954, -14.4062805176, -8.21188545227, 51.9674568176, -13.3215322495], [127.374916077, 60.2942733765, -140.254653931, 4.72885704041, -5.33732843399, -46.5444297791, -81.9907226562, 33.7741889954, 152.137054443, 4.40847349167, 23.3316421509, -3.07063627243, -3.98022866249], [-9.52199935913, -236.556060791, 120.956077576, -23.4898910522, 24.4634914398, 38.976978302, 46.1840133667, -14.4062805176, 4.40847349167, 212.375991821, -18.613817215, -8.65853691101, -4.41147994995], [-77.2978057861, 54.3972702026, -110.763618469, -20.4315643311, -12.9362707138, -32.2325019836, -50.9501457214, -8.21188545227, 23.3316421509, -18.613817215, 147.879425049, 37.7511787415, -16.0380744934], [207.207122803, -154.945465088, -65.5312042236, -17.5751037598, -27.466501236, -24.5746917725, -49.8611564636, 51.9674568176, -3.07063627243, -8.65853691101, 37.7511787415, 146.925704956, 30.9917106628], [-118.484275818, 12.7168207169, 23.7678852081, -3.12967038155, -18.1765232086, -11.636100769, 18.9606876373, -13.3215322495, -3.98022866249, -4.41147994995, -16.0380744934, 30.9917106628, 116.857635498]],
        "icov": [[0.000317488767905, -0.000436427391833, 0.000534776074346, -0.000511527527124, 0.000797046930529, -0.000698563351762, 0.000389472668758, -0.00063234125264, 0.000497824861668, -0.00089165114332, 0.000693578040227, -0.000651033362374, 0.000417215342168], [-0.000436427391833, 0.00135464104824, -0.00096517620841, 0.00102985848207, -0.00100770010613, 0.00119831366464, -0.000843678310048, 0.00162505998742, -0.00143935123924, 0.00230950862169, -0.00124912895262, 0.00144055148121, -0.00059662637068], [0.000534776074346, -0.00096517620841, 0.00224655959755, -0.000926412059925, 0.000346701068338, 1.61891966854e-05, 0.000193406725884, -0.00214185100049, 0.00245149829425, -0.00258764019236, 0.00163945206441, -0.000577940256335, 0.000309596740408], [-0.000511527527124, 0.00102985848207, -0.000926412059925, 0.00411362014711, -0.00274287979119, 0.000945954001509, 0.00041979062371, 4.17261726398e-05, -0.000438555522123, 0.0021416512318, -0.00107678491622, 0.00235582725145, -0.00143458484672], [0.000797046930529, -0.00100770010613, 0.000346701068338, -0.00274287979119, 0.00742767285556, -0.00494847120717, 0.00113174761645, 0.000561535358429, -0.00080277241068, -0.00165881728753, 0.00145605101716, -0.00254592229612, 0.00210186908953], [-0.000698563351762, 0.00119831366464, 1.61891966854e-05, 0.000945954001509, -0.00494847120717, 0.0105901304632, -0.00475750444457, 0.00146950979251, 0.000354798074113, 0.00115479342639, -0.000583100598305, 0.00129828590434, 3.89392880606e-05], [0.000389472668758, -0.000843678310048, 0.000193406725884, 0.00041979062371, 0.00113174761645, -0.00475750444457, 0.00713347224519, -0.00342798512429, 0.00332362623885, -0.00200323644094, 0.000585857429542, 0.00192281091586, -0.00177926337346], [-0.00063234125264, 0.00162505998742, -0.00214185100049, 4.17261726398e-05, 0.000561535358429, 0.00146950979251, -0.00342798512429, 0.0119164558128, -0.00626439694315, 0.00426714774221, 0.000135575261083, -0.00386850652285, 0.00275938329287], [0.000497824861668, -0.00143935123924, 0.00245149829425, -0.000438555522123, -0.00080277241068, 0.000354798074113, 0.00332362623885, -0.00626439694315, 0.0123808719218, -0.00432982342318, 9.53028866206e-05, 0.00238029705361, -0.00155186315533], [-0.00089165114332, 0.00230950862169, -0.00258764019236, 0.0021416512318, -0.00165881728753, 0.00115479342639, -0.00200323644094, 0.00426714774221, -0.00432982342318, 0.00963995791972, -0.00182962731924, 0.00150802801363, -0.00033788694418], [0.000693578040227, -0.00124912895262, 0.00163945206441, -0.00107678491622, 0.00145605101716, -0.000583100598305, 0.000585857429542, 0.000135575261083, 9.53028866206e-05, -0.00182962731924, 0.010184712708, -0.00475657451898, 0.00315915187821], [-0.000651033362374, 0.00144055148121, -0.000577940256335, 0.00235582725145, -0.00254592229612, 0.00129828590434, 0.00192281091586, -0.00386850652285, 0.00238029705361, 0.00150802801363, -0.00475657451898, 0.013609547168, -0.00578011898324], [0.000417215342168, -0.00059662637068, 0.000309596740408, -0.00143458484672, 0.00210186908953, 3.89392880606e-05, -0.00177926337346, 0.00275938329287, -0.00155186315533, -0.00033788694418, 0.00315915187821, -0.00578011898324, 0.0117789525539]]
    },
    "melbands": {
        "dmean": [1.72193449544e-05, 6.85964914737e-05, 6.3305189542e-05, 7.64515643823e-05, 0.000266543298494, 0.000482459407067, 0.00037120867637, 0.000226688571274, 0.000180364804692, 0.000162455995451, 0.000124227546621, 8.78332648426e-05, 7.27338047e-05, 9.11807946977e-05, 6.5515137976e-05, 4.19669486291e-05, 5.8659210481e-05, 4.989131412e-05, 3.88760963688e-05, 1.89331112779e-05, 1.67948746821e-05, 2.06199711101e-05, 1.56599362526e-05, 7.03942259861e-06, 3.12512747769e-06, 1.01400246422e-06, 3.75783770323e-07, 3.19090389667e-07, 2.14590315295e-07, 1.67336636991e-07, 8.11639537801e-08, 8.32677002904e-08, 8.33014581758e-08, 6.66847981279e-08, 4.88075677652e-08, 4.94428675779e-08, 2.71253277617e-08, 2.09224211289e-08, 1.44536347335e-08, 1.82458830267e-08],
        "dmean2": [2.44772163569e-05, 9.98967589112e-05, 0.000102259495179, 0.000128664134536, 0.000414579728385, 0.00079529028153, 0.00058708229335, 0.000365667190636, 0.000270030548563, 0.000233893937548, 0.000186468372704, 0.000124950849568, 0.000103266895167, 0.000140231306432, 9.99736512313e-05, 5.98012229602e-05, 7.76156157372e-05, 7.63934949646e-05, 6.08476584603e-05, 3.04035802401e-05, 2.67234936473e-05, 3.28851274389e-05, 2.49167642323e-05, 1.14701151688e-05, 5.01904060002e-06, 1.65967287558e-06, 6.32328976735e-07, 5.41916506336e-07, 3.66761355508e-07, 2.82922059114e-07, 1.34261739504e-07, 1.42522267765e-07, 1.42824021054e-07, 1.10445185442e-07, 8.32973086062e-08, 8.65231370994e-08, 4.74597214861e-08, 3.62061243209e-08, 2.47657876429e-08, 3.22183311141e-08],
        "dvar": [2.69755173754e-09, 3.41346471089e-08, 1.76620584824e-08, 1.66208806718e-08, 2.58423568766e-07, 1.07807909444e-06, 6.94273978752e-07, 3.41439488238e-07, 1.9492898673e-07, 2.0130754308e-07, 1.79488139906e-07, 1.45590192346e-07, 1.12409175301e-07, 6.51899867421e-08, 2.97396596238e-08, 2.70864894958e-08, 7.63809069326e-08, 1.51466323928e-08, 9.94721016667e-09, 2.84374968018e-09, 2.19871476581e-09, 2.58775223472e-09, 1.88031834547e-09, 5.17235809738e-10, 6.30922744604e-11, 8.61337303565e-12, 2.7793186589e-12, 2.70106831866e-12, 2.25331992648e-12, 1.14772059044e-12, 9.27969249294e-14, 1.20896822826e-13, 2.04849226232e-13, 4.83050523138e-14, 4.15566730604e-14, 8.0983715556e-14, 1.88635609547e-14, 1.17791442493e-14, 6.4479900301e-15, 2.11273107163e-14],
        "dvar2": [5.1660808964e-09, 7.67720251815e-08, 4.52672708207e-08, 4.47871997267e-08, 6.46544037863e-07, 2.67372092821e-06, 1.68130497968e-06, 8.4016380697e-07, 4.33417937984e-07, 3.85120330293e-07, 3.63053771935e-07, 2.60633385096e-07, 1.96424309706e-07, 1.56665663553e-07, 6.38579820134e-08, 5.05743109613e-08, 1.23200337043e-07, 3.10406420567e-08, 2.17859419394e-08, 6.74215838714e-09, 5.69831337671e-09, 6.29980467792e-09, 4.80285722304e-09, 1.30070310078e-09, 1.60085403267e-10, 2.17524279839e-11, 7.62872404136e-12, 6.16371970824e-12, 5.91584593812e-12, 3.21517552165e-12, 2.39664001535e-13, 3.33445673417e-13, 5.62346230779e-13, 1.28400071066e-13, 1.14853195314e-13, 2.23442033105e-13, 5.08024883012e-14, 2.9249057332e-14, 1.66348614164e-14, 5.25655772165e-14],
        "max": [0.00112256873399, 0.00444547552615, 0.00320469937287, 0.00311395153403, 0.00827167648822, 0.014844769612, 0.0148607445881, 0.0114424172789, 0.00769209722057, 0.00898606237024, 0.0113505478948, 0.013401328586, 0.0117540592328, 0.00514877820387, 0.00296317995526, 0.00408028671518, 0.00753207830712, 0.00349853304215, 0.00265825772658, 0.00103152787779, 0.000834580278024, 0.000815068138763, 0.000633201096207, 0.000514872430358, 0.000139727460919, 5.9871304984e-05, 3.14325698128e-05, 3.5724897316e-05, 4.00339413318e-05, 2.61519817286e-05, 6.2706690187e-06, 5.94567563894e-06, 1.01412733784e-05, 4.44241004516e-06, 3.91651883547e-06, 5.12295491717e-06, 2.67279278887e-06, 2.67036216428e-06, 1.52062352754e-06, 3.39337566402e-06],
        "mean": [2.61851855612e-05, 0.000186401593965, 0.000222343747737, 0.000199589878321, 0.000582505017519, 0.000775721448008, 0.000550343014766, 0.000342690793332, 0.00038526172284, 0.000316850579111, 0.000202407580218, 0.000179502152605, 0.000124463942484, 0.000184964068467, 0.000125690188725, 6.71237066854e-05, 9.80087788776e-05, 7.13743575034e-05, 5.17837434018e-05, 2.45457631536e-05, 2.0673902327e-05, 2.59602475126e-05, 1.82479689101e-05, 8.29104283184e-06, 3.72108115698e-06, 1.18900345569e-06, 4.0138624513e-07, 3.71845231939e-07, 1.94006375409e-07, 1.56317142341e-07, 8.82301733895e-08, 8.13873555217e-08, 7.69792904975e-08, 7.27594411387e-08, 4.68440006784e-08, 3.98137558477e-08, 2.33096670854e-08, 1.78858172717e-08, 1.26644463805e-08, 1.47812588835e-08],
        "median": [4.36976324636e-06, 8.20529021439e-05, 0.000142464064993, 0.000132329776534, 0.000263997790171, 0.000259097403614, 0.000222369970288, 9.59137032623e-05, 8.95420598681e-05, 4.59998263977e-05, 4.24397549068e-05, 2.26388110605e-05, 1.56531368702e-05, 2.05908600037e-05, 1.72357304109e-05, 9.22266281123e-06, 9.54335610004e-06, 1.261736179e-05, 1.07256846604e-05, 5.66966537008e-06, 4.90807133247e-06, 4.60995534013e-06, 3.23432914229e-06, 1.93140681404e-06, 1.05585320398e-06, 3.76807690827e-07, 7.85251614843e-08, 3.57104319448e-08, 2.36392434516e-08, 1.13699414328e-08, 1.07489039891e-08, 1.30529462794e-08, 1.49400385396e-08, 1.65611115932e-08, 1.10066498138e-08, 5.55038015548e-09, 3.77553499575e-09, 2.96337376859e-09, 1.55519108702e-09, 9.79349046304e-10],
        "min": [1.83084518141e-13, 1.44456746946e-15, 1.94427688603e-15, 6.53525221135e-15, 1.61743482377e-14, 2.69327644225e-14, 2.1870234844e-14, 2.06525944892e-14, 2.52107227238e-14, 9.11649770431e-14, 6.10953548494e-14, 1.12914906104e-13, 4.96691040077e-14, 8.99394016836e-14, 7.29310681942e-14, 1.24686231392e-13, 9.14211604639e-14, 7.04410894848e-14, 1.0040483256e-13, 4.81237093361e-14, 7.67997319386e-14, 6.63888093263e-14, 6.67919563516e-14, 5.14068259803e-14, 7.70130622685e-14, 3.6415321984e-14, 7.14535378023e-14, 8.61845114047e-14, 7.68455869142e-14, 8.49369064123e-14, 1.02060951379e-13, 9.7279545259e-14, 6.45105036013e-14, 8.9693199699e-14, 1.87445870457e-13, 1.60291620472e-13, 2.37378801511e-13, 3.21007977144e-13, 3.00035522685e-13, 2.16525040085e-13],
        "var": [6.16310913415e-09, 9.63298631973e-08, 6.29323011481e-08, 4.31623412567e-08, 7.25721065464e-07, 1.52414202148e-06, 9.10127710085e-07, 4.83057590372e-07, 5.90399451994e-07, 5.66823075587e-07, 3.34996627771e-07, 5.81831898216e-07, 3.51199162196e-07, 1.91644815573e-07, 8.21245578209e-08, 6.9359160193e-08, 2.24260475079e-07, 3.56170311022e-08, 2.01743066697e-08, 3.69682040535e-09, 2.40816411257e-09, 3.4874163557e-09, 2.15079509758e-09, 5.24756849085e-10, 6.82989220735e-11, 8.77784216841e-12, 2.07914826848e-12, 3.0535819099e-12, 1.69728640864e-12, 9.04170076484e-13, 8.11586312478e-14, 8.64428293485e-14, 1.35456207882e-13, 3.97858795334e-14, 2.83472789513e-14, 5.39916384984e-14, 1.30901725277e-14, 9.5584771245e-15, 4.92635336211e-15, 1.63118758952e-14]
    },
    "mfcc": {
        "mean": [-752.291931152, 196.24079895, -38.7472763062, -4.11422586441, 5.60100030899, -16.7548122406, -24.9907722473, -0.178791433573, -17.4197788239, -9.35948562622, -2.86234068871, -7.93421030045, -4.81902170181],
        "cov": [[8157.39941406, 965.278930664, -1682.4675293, -141.23135376, -196.141662598, -70.8902740479, -479.57723999, 348.951965332, -54.4058074951, -42.0264434814, 183.25970459, 68.8873672485, 136.078384399], [965.278930664, 1641.0916748, 26.5980014801, -125.166526794, -0.795546233654, -67.010269165, -41.2822380066, 29.3702259064, -69.7423324585, -49.8982696533, -31.7292766571, -0.761406898499, 1.47734880447], [-1682.4675293, 26.5980014801, 1090.34985352, 191.186401367, -61.4822998047, 92.1669311523, 262.454101562, -142.715499878, 126.95463562, 77.5721206665, -131.354598999, 32.7422370911, -34.7014198303], [-141.23135376, -125.166526794, 191.186401367, 296.757904053, 128.426528931, 23.5665931702, 29.4902667999, 4.32439804077, 30.2322063446, 28.7128448486, -27.2508201599, -12.6101236343, 5.59540176392], [-196.141662598, -0.795546233654, -61.4822998047, 128.426528931, 345.592315674, 22.0822238922, -73.4798202515, 45.6027565002, -42.2333030701, -25.7211685181, 44.8941688538, -73.6662216187, 16.2560844421], [-70.8902740479, -67.010269165, 92.1669311523, 23.5665931702, 22.0822238922, 290.406005859, 174.379806519, -43.3061294556, 86.3361816406, 41.2815284729, 36.6201820374, -3.80122351646, -34.8278694153], [-479.57723999, -41.2822380066, 262.454101562, 29.4902667999, -73.4798202515, 174.379806519, 342.284362793, 6.86598873138, 74.278175354, 41.4281959534, -26.2698402405, 41.1681632996, -46.1632766724], [348.951965332, 29.3702259064, -142.715499878, 4.32439804077, 45.6027565002, -43.3061294556, 6.86598873138, 210.816726685, 10.1375541687, -41.7104377747, 17.2894973755, -13.1565656662, 21.7716712952], [-54.4058074951, -69.7423324585, 126.95463562, 30.2322063446, -42.2333030701, 86.3361816406, 74.278175354, 10.1375541687, 176.19229126, 55.4145889282, -22.5879669189, -14.7905893326, -3.01406359673], [-42.0264434814, -49.8982696533, 77.5721206665, 28.7128448486, -25.7211685181, 41.2815284729, 41.4281959534, -41.7104377747, 55.4145889282, 145.274688721, 39.2343177795, -7.63206481934, -37.8514251709], [183.25970459, -31.7292766571, -131.354598999, -27.2508201599, 44.8941688538, 36.6201820374, -26.2698402405, 17.2894973755, -22.5879669189, 39.2343177795, 182.202957153, 28.5848999023, -44.6986160278], [68.8873672485, -0.761406898499, 32.7422370911, -12.6101236343, -73.6662216187, -3.80122351646, 41.1681632996, -13.1565656662, -14.7905893326, -7.63206481934, 28.5848999023, 162.815658569, 41.8378601074], [136.078384399, 1.47734880447, -34.7014198303, 5.59540176392, 16.2560844421, -34.8278694153, -46.1632766724, 21.7716712952, -3.01406359673, -37.8514251709, -44.6986160278, 41.8378601074, 162.715255737]],
