{
"lowlevel": {
    "average_loudness": 0.966068148613,
    "barkbands_crest": {
        "dmean": 4.22221279144,
        "dmean2": 6.73627376556,
        "dvar": 16.3516616821,
        "dvar2": 35.3219871521,
        "max": 25.248468399,
        "mean": 11.2505064011,
        "median": 9.77991104126,
        "min": 2.57848358154,
        "var": 29.1452980042
    },
    "barkbands_flatness_db": {
        "dmean": 0.0415695793927,
        "dmean2": 0.0691202282906,
        "dvar": 0.00188595661893,
        "dvar2": 0.00482575129718,
        "max": 0.343546301126,
        "mean": 0.143394634128,
        "median": 0.136570036411,
        "min": 0.0245345439762,
        "var": 0.00317649799399
    },
    "barkbands_kurtosis": {
        "dmean": 10.0219764709,
        "dmean2": 17.5425262451,
        "dvar": 287.858795166,
        "dvar2": 805.39630127,
        "max": 181.156600952,
        "mean": 8.64412689209,
        "median": 3.06345462799,
        "min": -1.84411263466,
        "var": 240.130584717
    },
    "barkbands_skewness": {
        "dmean": 1.25237011909,
        "dmean2": 2.09248924255,
        "dvar": 2.24210572243,
        "dvar2": 5.97786235809,
        "max": 12.1811790466,
        "mean": 2.36537241936,
        "median": 2.03145098686,
        "min": -2.31438493729,
        "var": 3.16771483421
    },
    "barkbands_spread": {
        "dmean": 10.8477296829,
        "dmean2": 18.660692215,
        "dvar": 130.279769897,
        "dvar2": 346.599304199,
        "max": 107.924552917,
        "mean": 25.8347797394,
        "median": 25.0167255402,
        "min": 1.24937355518,
        "var": 221.857498169
    },
    "dissonance": {
        "dmean": 0.00709413690493,
        "dmean2": 0.011911788024,
        "dvar": 4.68010657642e-05,
        "dvar2": 0.000124066660646,
        "max": 0.500000059605,
        "mean": 0.486528545618,
        "median": 0.48748973012,
        "min": 0.417455941439,
        "var": 7.36397923902e-05
    },
    "dynamic_complexity": 2.02440881729,
    "erbbands_crest": {
        "dmean": 1.53490877151,
        "dmean2": 2.4760491848,
        "dvar": 2.32116031647,
        "dvar2": 5.26592111588,
        "max": 20.8630084991,
        "mean": 5.54070425034,
        "median": 4.98189592361,
        "min": 2.203104496,
        "var": 4.84381532669
    },
    "erbbands_flatness_db": {
        "dmean": 0.0129976933822,
        "dmean2": 0.0198082979769,
        "dvar": 0.000209122663364,
        "dvar2": 0.000404216581956,
        "max": 0.270396649837,
        "mean": 0.137081086636,
        "median": 0.129335388541,
        "min": 0.0256896112114,
        "var": 0.00133317674045
    },
    "erbbands_kurtosis": {
        "dmean": 0.692859530449,
        "dmean2": 1.19510185719,
        "dvar": 0.728334069252,
        "dvar2": 1.9631601572,
        "max": 11.3942499161,
        "mean": -0.650712192059,
        "median": -0.972528457642,
        "min": -1.72271347046,
        "var": 1.04639256001
    },
    "erbbands_skewness": {
        "dmean": 0.403926730156,
        "dmean2": 0.641417980194,
        "dvar": 0.153746083379,
        "dvar2": 0.387510180473,
        "max": 2.42210650444,
        "mean": -0.437388926744,
        "median": -0.482163280249,
        "min": -3.03972768784,
        "var": 0.334344625473
    },
    "erbbands_spread": {
        "dmean": 10.9476051331,
        "dmean2": 18.4010562897,
        "dvar": 113.549659729,
        "dvar2": 323.102355957,
        "max": 137.53994751,
        "mean": 59.0068016052,
        "median": 59.1166572571,
        "min": 16.6021099091,
        "var": 229.19631958
    },
    "hfc": {
        "dmean": 12.3363866806,
        "dmean2": 20.9821891785,
        "dvar": 384.472076416,
        "dvar2": 1029.7590332,
        "max": 137.896713257,
        "mean": 20.9662685394,
        "median": 14.146985054,
        "min": 9.9625911389e-05,
        "var": 372.972747803
    },
    "melbands_crest": {
        "dmean": 5.53903770447,
        "dmean2": 8.88213539124,
        "dvar": 26.2167415619,
        "dvar2": 55.1288604736,
        "max": 36.3260917664,
        "mean": 16.8655376434,
        "median": 15.5349721909,
        "min": 3.53761792183,
        "var": 50.07837677
    },
    "melbands_flatness_db": {
        "dmean": 0.0504513382912,
        "dmean2": 0.0829567983747,
        "dvar": 0.00253727659583,
        "dvar2": 0.00645139813423,
        "max": 0.440513253212,
        "mean": 0.210623562336,
        "median": 0.204245969653,
        "min": 0.0280810594559,
        "var": 0.00516019156203
    },
    "melbands_kurtosis": {
        "dmean": 31.8372459412,
        "dmean2": 55.4278678894,
        "dvar": 2666.80297852,
        "dvar2": 7147.05371094,
        "max": 434.802032471,
        "mean": 36.4503974915,
        "median": 20.4653053284,
        "min": -1.81064164639,
        "var": 2382.86206055
    },
    "melbands_skewness": {
        "dmean": 1.88313090801,
        "dmean2": 3.12385702133,
        "dvar": 5.30572509766,
        "dvar2": 13.3165693283,
        "max": 18.2827682495,
        "mean": 4.68889284134,
        "median": 4.20500946045,
        "min": -0.404856085777,
        "var": 7.48942613602
    },
    "melbands_spread": {
        "dmean": 10.2063512802,
        "dmean2": 16.8159790039,
        "dvar": 115.761077881,
        "dvar2": 259.649078369,
        "max": 174.469085693,
        "mean": 22.4167366028,
        "median": 16.1728820801,
        "min": 0.752812743187,
        "var": 431.857818604
    },
    "pitch_salience": {
        "dmean": 0.132078230381,
        "dmean2": 0.211867660284,
        "dvar": 0.0178384520113,
        "dvar2": 0.0359817184508,
        "max": 0.821667611599,
        "mean": 0.565565824509,
        "median": 0.618909657001,
        "min": 0.0740574598312,
        "var": 0.0302934087813
    },
    "silence_rate_20dB": {
        "dmean": 0,
        "dmean2": 0,
        "dvar": 0,
        "dvar2": 0,
        "max": 1,
        "mean": 1,
        "median": 1,
        "min": 1,
        "var": 0
    },
    "silence_rate_30dB": {
        "dmean": 0.198916405439,
        "dmean2": 0.397986829281,
        "dvar": 0.159351438284,
        "dvar2": 0.313150107861,
        "max": 1,
        "mean": 0.830947756767,
        "median": 1,
        "min": 0,
        "var": 0.140469565988
    },
    "silence_rate_60dB": {
        "dmean": 0.00967492256314,
        "dmean2": 0.0193573366851,
        "dvar": 0.009581184946,
        "dvar2": 0.0189818888903,
        "max": 1,
        "mean": 0.0352030955255,
        "median": 0,
        "min": 0,
        "var": 0.0339617058635
    },
    "spectral_centroid": {
        "dmean": 438.027374268,
        "dmean2": 711.845214844,
        "dvar": 165546.78125,
        "dvar2": 448639.75,
        "max": 4409.41894531,
        "mean": 1873.22558594,
        "median": 1906.95825195,
        "min": 302.186462402,
        "var": 414996.75
    },
    "spectral_complexity": {
        "dmean": 7.65363788605,
        "dmean2": 11.7568721771,
        "dvar": 58.350112915,
        "dvar2": 132.077148438,
        "max": 61,
        "mean": 26.8112182617,
        "median": 26,
        "min": 0,
        "var": 166.235656738
    },
    "spectral_decrease": {
        "dmean": 1.01553574439e-08,
        "dmean2": 1.67062879086e-08,
        "dvar": 2.04973119094e-16,
        "dvar2": 4.74813371248e-16,
        "max": -1.03222382627e-14,
        "mean": -1.28336647975e-08,
        "median": -7.04368696702e-09,
        "min": -9.81346843787e-08,
        "var": 2.20941609209e-16
    },
    "spectral_energy": {
        "dmean": 0.038936201483,
        "dmean2": 0.063733972609,
        "dvar": 0.00295753171667,
        "dvar2": 0.00681384745985,
        "max": 0.372992068529,
        "mean": 0.0503388978541,
        "median": 0.0279476027936,
        "min": 4.98314172148e-08,
        "var": 0.00323598529212
    },
    "spectral_energyband_high": {
        "dmean": 0.000994564616121,
        "dmean2": 0.00181511300616,
        "dvar": 3.38733548233e-06,
        "dvar2": 9.45310148381e-06,
        "max": 0.013110675849,
        "mean": 0.00123472092673,
        "median": 0.000609644223005,
        "min": 7.78789566169e-09,
        "var": 2.63477409135e-06
    },
    "spectral_energyband_low": {
        "dmean": 0.0358348041773,
        "dmean2": 0.0597774684429,
        "dvar": 0.00302525400184,
        "dvar2": 0.00713709788397,
        "max": 0.35871425271,
        "mean": 0.0356851778924,
        "median": 0.0128412488848,
        "min": 2.95656210625e-08,
        "var": 0.0030322840903
    },
    "spectral_energyband_middle_high": {
        "dmean": 0.00208244589157,
        "dmean2": 0.00359491608106,
        "dvar": 1.05702056317e-05,
        "dvar2": 2.84577999992e-05,
        "max": 0.0365735068917,
        "mean": 0.00366180064157,
        "median": 0.00263375346549,
        "min": 1.49079237843e-09,
        "var": 1.17021199912e-05
    },
    "spectral_energyband_middle_low": {
        "dmean": 0.00552308745682,
        "dmean2": 0.00904727447778,
        "dvar": 0.000112289242679,
        "dvar2": 0.000296228274237,
        "max": 0.126407966018,
        "mean": 0.0106359152123,
        "median": 0.0077808056958,
        "min": 3.76450559614e-09,
        "var": 0.00011816163169
    },
    "spectral_entropy": {
        "dmean": 0.14086343348,
        "dmean2": 0.225530549884,
        "dvar": 0.025889609009,
        "dvar2": 0.0616002343595,
        "max": 8.7100982666,
        "mean": 7.82888126373,
        "median": 7.82216310501,
        "min": 6.57688236237,
        "var": 0.0612723380327
    },
    "spectral_flux": {
        "dmean": 0.0688969641924,
        "dmean2": 0.113203883171,
        "dvar": 0.00603903038427,
        "dvar2": 0.0129218325019,
        "max": 0.535244226456,
        "mean": 0.137907519937,
        "median": 0.0960107147694,
        "min": 7.98423716333e-05,
        "var": 0.00982572324574
    },
    "spectral_kurtosis": {
        "dmean": 1.32188498974,
        "dmean2": 2.36009192467,
        "dvar": 2.2533390522,
        "dvar2": 6.87880945206,
        "max": 18.4330482483,
        "mean": 2.53447437286,
        "median": 2.28555440903,
        "min": -0.408981800079,
        "var": 2.26541447639
    },
    "spectral_rms": {
        "dmean": 0.00226202746853,
        "dmean2": 0.0035378348548,
        "dvar": 7.08846619091e-06,
        "dvar2": 1.49244906424e-05,
        "max": 0.0190760251135,
        "mean": 0.00613612635061,
        "median": 0.00522168120369,
        "min": 6.9725188041e-06,
        "var": 1.14590802696e-05
    },
    "spectral_rolloff": {
        "dmean": 767.829162598,
        "dmean2": 1340.55163574,
        "dvar": 959508.5,
        "dvar2": 2186077.25,
        "max": 11498.7304688,
        "mean": 1417.42663574,
        "median": 624.462890625,
        "min": 64.599609375,
        "var": 2403902
    },
    "spectral_skewness": {
        "dmean": 0.198672026396,
        "dmean2": 0.340454608202,
        "dvar": 0.0430929772556,
        "dvar2": 0.122915379703,
        "max": 3.56405162811,
        "mean": 0.845602273941,
        "median": 0.850125968456,
        "min": -0.0135140530765,
        "var": 0.0925685688853
    },
    "spectral_spread": {
        "dmean": 365757.65625,
        "dmean2": 582128.5625,
        "dvar": 281656852480,
        "dvar2": 590972583936,
        "max": 12339310,
        "mean": 3983841,
        "median": 3913367.5,
        "min": 2157102.5,
        "var": 1.12827485389e+12
    },
    "spectral_strongpeak": {
        "dmean": 0.305683016777,
        "dmean2": 0.516769886017,
        "dvar": 0.18259075284,
        "dvar2": 0.460830420256,
        "max": 9.08084011078,
        "mean": 0.46100705862,
        "median": 0.344319373369,
        "min": 0,
        "var": 0.278531223536
    },
    "zerocrossingrate": {
        "dmean": 0.0119644021615,
        "dmean2": 0.0146677196026,
        "dvar": 0.000126047234517,
        "dvar2": 0.000144474441186,
        "max": 0.263671875,
        "mean": 0.0577592328191,
        "median": 0.05029296875,
        "min": 0.009765625,
        "var": 0.00117546436377
    },
    "barkbands": {
        "dmean": [0.00367141654715, 0.031759172678, 0.00364141818136, 0.00183590117376, 0.00348382513039, 0.00112164451275, 0.0003779627732, 0.000246781040914, 0.000370735127944, 0.000141831944347, 9.02425308595e-05, 0.000129402789753, 0.00015299077495, 0.000189361264347, 0.000197092929739, 0.000301641150145, 0.000278121558949, 0.000369538203813, 0.000601153995376, 0.000375318370061, 0.000335243879817, 0.000274379039183, 0.000127184408484, 7.11268585292e-05, 2.87696184387e-05, 1.00814695543e-05, 4.70120403406e-06],
        "dmean2": [0.00611610291526, 0.053702544421, 0.00634518684819, 0.00301466276869, 0.00565670384094, 0.00192543084268, 0.000634251045994, 0.000430142390542, 0.000612292555161, 0.000237968604779, 0.000151209795149, 0.000221809954382, 0.000271979253739, 0.000309458235279, 0.000344059953932, 0.000514823710546, 0.000479237030959, 0.000659427780192, 0.00107553065754, 0.000660648918711, 0.000614311778918, 0.000508839846589, 0.000229931014474, 0.000131554013933, 5.18798078701e-05, 1.70824932866e-05, 8.75866044225e-06],
        "dvar": [4.95523527206e-05, 0.00270789139904, 2.81787415588e-05, 6.02721365794e-06, 5.51800621906e-05, 6.45130603516e-06, 3.70840524511e-07, 2.82358882941e-07, 2.22986130893e-07, 5.44719966911e-08, 2.97406224092e-08, 4.59023929977e-08, 6.60652972329e-08, 8.46495993301e-08, 1.6109123635e-07, 2.33667876159e-07, 1.72863693138e-07, 4.05443017826e-07, 8.23338154987e-07, 3.09663448661e-07, 3.97252591711e-07, 3.37040717113e-07, 5.97375588995e-08, 2.29024443854e-08, 2.87524937193e-09, 5.60855861753e-10, 3.04181901889e-10],
        "dvar2": [0.000116288952995, 0.00657979212701, 7.74155414547e-05, 1.4882686628e-05, 0.000146372200106, 1.80826118594e-05, 1.05767355763e-06, 7.95643586571e-07, 5.64228059829e-07, 1.47744245282e-07, 7.73776065444e-08, 1.22819884041e-07, 1.86658738244e-07, 1.99864715e-07, 4.38713925632e-07, 5.94920038566e-07, 4.63774483705e-07, 1.13068097107e-06, 2.28815451919e-06, 8.44374540065e-07, 1.11529868718e-06, 9.5796383448e-07, 1.63772810424e-07, 6.45035669322e-08, 7.82060372018e-09, 1.45595291379e-09, 8.76018313445e-10],
        "max": [0.0510285943747, 0.334342390299, 0.0581186637282, 0.0312781371176, 0.0923814103007, 0.0315336100757, 0.0135055622086, 0.0061213648878, 0.00526497932151, 0.00411328300834, 0.00393013423309, 0.00394119648263, 0.00369958556257, 0.00680562574416, 0.00662922533229, 0.0136776790023, 0.0042143505998, 0.00528453104198, 0.00724424468353, 0.00660943659022, 0.00498663634062, 0.0044978489168, 0.00185064517427, 0.00127091852482, 0.000811300647911, 0.00039986759657, 0.000279994797893],
        "mean": [0.00312717212364, 0.0274688899517, 0.00426640594378, 0.00249134539627, 0.00488802604377, 0.00166261685081, 0.000575011305045, 0.000303676148178, 0.000638101308141, 0.000213913270272, 0.000128629631945, 0.000181811366929, 0.000185087832506, 0.000298611441394, 0.000258575513726, 0.000465198914753, 0.000398137723096, 0.000465770979645, 0.000805025163572, 0.00057600036962, 0.000404507329222, 0.000281462183921, 0.000136614529765, 6.8238703534e-05, 3.41558770742e-05, 1.27292132674e-05, 3.2669729535e-06],
        "median": [0.000460039533209, 0.00609225826338, 0.00259600812569, 0.00155946915038, 0.00273334584199, 0.00103891396429, 0.000353541516233, 0.000173065534909, 0.000458064139821, 0.000140600663144, 8.19377455628e-05, 0.000116131399409, 0.00010656210361, 0.000178072747076, 0.00012881695875, 0.000268507690635, 0.000276463513728, 0.000309236784233, 0.000562583911233, 0.000413488654885, 0.00021605801885, 9.42248661886e-05, 3.90814384446e-05, 1.74541382876e-05, 8.9823261078e-06, 1.98214320335e-06, 1.07298177454e-07],
        "min": [5.92812576805e-10, 9.15405529156e-09, 4.92550622511e-09, 1.21371446227e-09, 1.05564912367e-09, 1.79494613617e-10, 4.67755521816e-11, 2.03548740363e-11, 2.57239871765e-11, 4.63441368614e-11, 3.60916400932e-11, 3.30546284788e-11, 3.40885410177e-11, 6.07860428659e-11, 6.97576996167e-11, 8.50913575712e-11, 1.37376610088e-10, 1.51052753639e-10, 1.91299046048e-10, 3.11980580259e-10, 3.33842453681e-10, 4.53165782677e-10, 5.53630474798e-10, 7.0032174504e-10, 9.88272796931e-10, 1.55569801485e-09, 2.70248046164e-10],
        "var": [4.52036474599e-05, 0.00245829229243, 2.81139746221e-05, 8.89950388228e-06, 5.218057413e-05, 6.35918149783e-06, 7.24082781289e-07, 2.27814510367e-07, 3.51705239154e-07, 6.22276274953e-08, 3.03789171596e-08, 5.00756804911e-08, 5.96927378638e-08, 1.73621941713e-07, 1.63625017535e-07, 5.70274835354e-07, 1.69189476651e-07, 3.01864389485e-07, 6.86069427047e-07, 3.01929446778e-07, 2.93344527336e-07, 2.31862813393e-07, 5.05474311296e-08, 1.62729580921e-08, 3.51206774774e-09, 8.51868298124e-10, 1.84336559905e-10]
    },
    "erbbands": {
        "dmean": [1.31968688965, 5.83740997314, 5.22932004929, 4.66816091537, 11.8875541687, 10.3612565994, 7.11094284058, 10.4134206772, 5.59020137787, 5.39262580872, 6.19014072418, 8.68285179138, 5.38595247269, 3.90780520439, 3.39236950874, 5.45798921585, 6.64881324768, 8.37766742706, 10.0224952698, 13.4396333694, 16.2005519867, 15.4039707184, 18.7598590851, 27.968667984, 27.0987167358, 18.2332992554, 15.4921226501, 12.0100126266, 10.1887483597, 7.04121208191, 3.09061741829, 1.80961036682, 0.984820127487, 0.398911505938, 0.181390985847, 0.0514898970723, 0.0181244835258, 0.00572668714449, 0.000861706677824, 6.43445746391e-05],
        "dmean2": [2.22520565987, 9.94516468048, 9.16108226776, 7.78896188736, 19.603219986, 16.5620098114, 11.5165433884, 18.123752594, 9.42344856262, 9.20486068726, 10.6763381958, 14.407037735, 8.93972873688, 6.53939294815, 5.70194149017, 9.42651367188, 11.8373289108, 14.0088682175, 16.8598976135, 23.3015232086, 27.6806907654, 26.5618400574, 33.5357551575, 49.66198349, 48.4159011841, 32.3243141174, 28.5092182159, 21.8092041016, 18.8924655914, 13.0132474899, 5.51788663864, 3.33233594894, 1.80812513828, 0.72214114666, 0.324817150831, 0.0874995291233, 0.0315395221114, 0.0102784521878, 0.00160972494632, 0.000105138613435],
        "dvar": [5.27765989304, 94.0961914062, 60.6816177368, 38.6491584778, 650.904174805, 355.360443115, 95.8746795654, 759.178955078, 101.09009552, 118.325080872, 139.573013306, 123.875717163, 76.0495986938, 46.9473304749, 38.2727851868, 68.4570922852, 114.010276794, 169.933746338, 360.086517334, 670.614501953, 603.156616211, 517.395019531, 1206.62573242, 1695.07067871, 1735.03100586, 686.997680664, 842.303039551, 492.293243408, 532.180786133, 188.917816162, 31.465303421, 14.6888456345, 4.20861387253, 0.535929381847, 0.141343519092, 0.0125593785197, 0.00212993077002, 0.00035744876368, 1.02551257442e-05, 1.73474159482e-08],
        "dvar2": [12.5845756531, 243.909072876, 166.147277832, 97.2167053223, 1723.1517334, 916.946960449, 244.48765564, 2106.63378906, 291.592132568, 317.816864014, 392.866394043, 309.805511475, 201.64465332, 122.425163269, 102.099784851, 181.80960083, 319.347503662, 400.008789062, 946.886108398, 1762.68371582, 1567.68078613, 1386.01757812, 3383.3515625, 4710.25830078, 4808.42236328, 1875.97961426, 2366.46313477, 1378.29199219, 1518.39672852, 530.53326416, 83.7349472046, 41.4090614319, 11.808637619, 1.47893929482, 0.381924033165, 0.031943384558, 0.00568094989285, 0.00100108550396, 2.96783109661e-05, 4.58449491703e-08],
        "max": [13.0619935989, 61.6053581238, 73.2322845459, 102.949134827, 391.577850342, 257.101654053, 111.727920532, 343.516296387, 236.66960144, 166.099472046, 131.871078491, 133.211578369, 182.819992065, 120.118003845, 114.650016785, 116.169151306, 155.953933716, 393.782196045, 406.126098633, 787.299499512, 288.999176025, 207.6277771, 245.521896362, 291.859680176, 379.811737061, 275.248596191, 223.235931396, 190.195053101, 187.030136108, 116.550582886, 37.5914840698, 31.5282249451, 18.7927246094, 7.6320810318, 6.23626756668, 2.6710703373, 0.618903815746, 0.302973210812, 0.0555107966065, 0.00295820645988],
        "mean": [1.07712972164, 4.96526432037, 5.89941692352, 6.84100103378, 14.4941425323, 15.5468626022, 12.6543998718, 13.9475688934, 8.93549823761, 7.23876094818, 8.90771389008, 14.235543251, 8.78858184814, 6.06403255463, 5.2109837532, 7.74609851837, 8.63818264008, 12.8167734146, 15.2017364502, 19.514005661, 24.3070335388, 22.7846355438, 23.9328117371, 37.2108726501, 37.2001953125, 27.9096927643, 17.7555751801, 15.5699510574, 10.4052467346, 7.34294319153, 3.42098116875, 1.7553255558, 0.977510273457, 0.456996828318, 0.209542691708, 0.0676974877715, 0.0216019302607, 0.00515029253438, 0.000604736793321, 7.69582402427e-05],
        "median": [0.145066395402, 1.37751364708, 3.5077226162, 4.90674686432, 7.11050796509, 8.72757053375, 8.67154598236, 7.46712446213, 5.60972118378, 4.49326610565, 5.3859333992, 10.127989769, 6.23248386383, 4.02800703049, 3.47651147842, 5.15372419357, 5.46732664108, 7.6679816246, 8.1462688446, 9.18416595459, 15.5200862885, 16.0118103027, 15.5172748566, 25.9718036652, 26.3968448639, 20.2806510925, 9.43988513947, 8.82888317108, 3.34849953651, 2.43749547005, 0.969618320465, 0.450934529305, 0.249157518148, 0.1326366961, 0.0481656305492, 0.0130693847314, 0.00285482453182, 0.000394001690438, 3.94002163375e-05, 3.68576402252e-05],
        "min": [2.1437342923e-07, 2.59601665675e-06, 6.68575967211e-06, 4.28976682088e-06, 4.37565449829e-06, 3.50113305103e-06, 1.7511142687e-06, 9.11986660412e-07, 9.00234454093e-07, 1.26602776618e-06, 6.91977220413e-07, 6.06051287377e-07, 1.05046945009e-06, 1.67859025169e-06, 1.61497246154e-06, 1.90621187812e-06, 1.67293831055e-06, 3.03426008941e-06, 3.02615126202e-06, 5.3265994211e-06, 5.16661566508e-06, 7.04241392668e-06, 7.5080224633e-06, 1.00572688098e-05, 1.13879814307e-05, 1.40243309943e-05, 1.09609509309e-05, 1.62669184647e-05, 1.50834284796e-05, 1.34393721964e-05, 1.52699358296e-05, 1.53537166625e-05, 1.17995432447e-05, 1.06631014205e-05, 8.34957245388e-06, 5.51066887056e-06, 3.01020304505e-06, 1.19767128126e-06, 2.97857553733e-07, 1.24606689411e-08],
        "var": [4.75355625153, 78.3901977539, 55.3454017639, 54.5989227295, 595.103637695, 417.436035156, 168.254394531, 702.639343262, 196.034393311, 106.899833679, 137.198944092, 188.79460144, 86.0303421021, 53.7765960693, 42.0272903442, 77.4215240479, 98.5360183716, 363.979370117, 491.837036133, 1685.88623047, 733.668151855, 514.487060547, 868.740905762, 1424.75878906, 1467.8527832, 666.194702148, 595.03338623, 395.161224365, 355.124603271, 138.39831543, 30.6436767578, 10.5948190689, 3.13387966156, 0.564158797264, 0.170576587319, 0.0211571101099, 0.00269805081189, 0.000278172752587, 6.07069478065e-06, 1.39857894155e-08]
    },
    "gfcc": {
        "mean": [3.43081355095, 99.5402755737, -122.059440613, 69.5794906616, -49.494392395, 0.389897227287, -26.9419326782, 4.27670574188, -20.1044979095, -0.157249391079, -14.3078536987, -4.42031431198, -6.78723859787],
        "cov": [[8565.35644531, -98.1095123291, -6.19174575806, 267.882507324, -115.371009827, 400.010375977, -163.891571045, 325.998779297, 75.3512802124, 199.025421143, 28.5390071869, 112.105407715, -22.3368968964], [-98.1095123291, 1257.81726074, -469.368621826, 136.551071167, 145.685562134, -300.734680176, 217.595230103, -116.354911804, 67.3055343628, -154.142623901, 67.5178527832, -166.899612427, 102.403709412], [-6.19174575806, -469.368621826, 855.251831055, 86.1685409546, 157.399551392, 350.822357178, -42.9747810364, 214.222976685, 13.3355760574, 74.6869049072, 27.6805725098, 89.9374847412, 21.2270069122], [267.882507324, 136.551071167, 86.1685409546, 180.822921753, 74.7615585327, 98.4396972656, 69.5787124634, 43.5791511536, 64.0925064087, -3.50368022919, 61.1580200195, -7.49878978729, 27.8612594604], [-115.371009827, 145.685562134, 157.399551392, 74.7615585327, 238.785751343, 67.4535675049, 120.995597839, 72.3676834106, 57.2247238159, 20.4152202606, 57.1175270081, -14.4369363785, 27.8069667816], [400.010375977, -300.734680176, 350.822357178, 98.4396972656, 67.4535675049, 275.229858398, -3.11082100868, 140.90625, 42.0057449341, 64.2129058838, 35.5260925293, 52.3106384277, 3.73954772949], [-163.891571045, 217.595230103, -42.9747810364, 69.5787124634, 120.995597839, -3.11082100868, 164.020874023, 29.5481624603, 69.8378067017, -0.872883617878, 56.8904418945, -23.0085964203, 28.1279506683], [325.998779297, -116.354911804, 214.222976685, 43.5791511536, 72.3676834106, 140.90625, 29.5481624603, 147.958709717, 46.5754928589, 57.769569397, 31.5111598969, 31.8705005646, 14.5390033722], [75.3512802124, 67.3055343628, 13.3355760574, 64.0925064087, 57.2247238159, 42.0057449341, 69.8378067017, 46.5754928589, 95.4341659546, 28.3659381866, 47.8091926575, -3.46123838425, 21.4430427551], [199.025421143, -154.142623901, 74.6869049072, -3.50368022919, 20.4152202606, 64.2129058838, -0.872883617878, 57.769569397, 28.3659381866, 84.9639892578, 29.8151130676, 39.7884941101, -6.74753761292], [28.5390071869, 67.5178527832, 27.6805725098, 61.1580200195, 57.1175270081, 35.5260925293, 56.8904418945, 31.5111598969, 47.8091926575, 29.8151130676, 75.1054153442, 16.8716220856, 25.7580413818], [112.105407715, -166.899612427, 89.9374847412, -7.49878978729, -14.4369363785, 52.3106384277, -23.0085964203, 31.8705005646, -3.46123838425, 39.7884941101, 16.8716220856, 64.9772872925, 5.40627002716], [-22.3368968964, 102.403709412, 21.2270069122, 27.8612594604, 27.8069667816, 3.73954772949, 28.1279506683, 14.5390033722, 21.4430427551, -6.74753761292, 25.7580413818, 5.40627002716, 56.5920372009]],
        "icov": [[0.00018709001597, -0.000230263482081, 0.000279417145066, -0.000369144632714, 3.05182329612e-05, -0.000366201653378, 0.000462308526039, -0.000526232004631, 0.000101134886791, -0.00045307027176, 0.000508705736138, -0.000486473931232, 0.000204647076316], [-0.000230263482081, 0.00433376105502, 0.0005821264931, -0.00286954781041, -0.00171564752236, 0.00508430739865, -0.000608091184404, -0.00160047225654, 0.000897414225619, 0.00317103392445, -0.00322310090996, 0.00581031711772, -0.00456803804263], [0.000279417145066, 0.0005821264931, 0.00430040527135, -0.00108460662887, -0.00313826533966, -0.00268989009783, 0.00313682621345, -0.0032489229925, 0.00117974192835, 0.00173946353607, 0.000815976585727, -0.00198549078777, -0.00144813000225], [-0.000369144632714, -0.00286954781041, -0.00108460662887, 0.0172276664525, 0.00140654284041, -0.00976398866624, -0.00172549532726, 0.00473927007988, -0.00499572092667, 0.00589429074898, -0.00819359812886, 4.72472629554e-06, 0.00289082666859], [3.05182329612e-05, -0.00171564752236, -0.00313826533966, 0.00140654284041, 0.0112912049517, -0.00128920166753, -0.00731685059145, 0.000435696187196, 0.0015619660262, -0.00410196185112, -0.00160578009672, 0.00372096570209, 0.000957596232183], [-0.000366201653378, 0.00508430739865, -0.00268989009783, -0.00976398866624, -0.00128920166753, 0.0203181561083, 0.000563115696423, -0.0079493438825, 0.000100331759313, 0.00118836073671, -0.00194197241217, 0.0036772203166, -0.00183919200208], [0.000462308526039, -0.000608091184404, 0.00313682621345, -0.00172549532726, -0.00731685059145, 0.000563115696423, 0.0186862647533, -0.00483221234754, -0.0059543964453, 0.00423544831574, -0.00410273252055, -0.00194462854415, 0.00128180580214], [-0.000526232004631, -0.00160047225654, -0.0032489229925, 0.00473927007988, 0.000435696187196, -0.0079493438825, -0.00483221234754, 0.0221668556333, -0.00416251132265, -0.007513073273, 0.00325827440247, -0.000533832178917, -0.00215874845162], [0.000101134886791, 0.000897414225619, 0.00117974192835, -0.00499572092667, 0.0015619660262, 0.000100331759313, -0.0059543964453, -0.00416251132265, 0.0246598478407, -0.00846516154706, -0.00453048944473, 0.00824265833944, -0.0053906259127], [-0.00045307027176, 0.00317103392445, 0.00173946353607, 0.00589429074898, -0.00410196185112, 0.00118836073671, 0.00423544831574, -0.007513073273, -0.00846516154706, 0.0348585397005, -0.0146974502131, -0.00805591419339, 0.00711378548294], [0.000508705736138, -0.00322310090996, 0.000815976585727, -0.00819359812886, -0.00160578009672, -0.00194197241217, -0.00410273252055, 0.00325827440247, -0.00453048944473, -0.0146974502131, 0.03989046067, -0.0142631568015, -0.00494922697544], [-0.000486473931232, 0.00581031711772, -0.00198549078777, 4.72472629554e-06, 0.00372096570209, 0.0036772203166, -0.00194462854415, -0.000533832178917, 0.00824265833944, -0.00805591419339, -0.0142631568015, 0.0414561145008, -0.0124831562862], [0.000204647076316, -0.00456803804263, -0.00144813000225, 0.00289082666859, 0.000957596232183, -0.00183919200208, 0.00128180580214, -0.00215874845162, -0.0053906259127, 0.00711378548294, -0.00494922697544, -0.0124831562862, 0.0310413930565]]
    },
    "melbands": {
        "dmean": [0.0100977383554, 0.00425644498318, 0.000932766124606, 0.000889511487912, 0.000256050756434, 0.000219903915422, 8.36885519675e-05, 5.60997868888e-05, 5.62553796044e-05, 5.34746977792e-05, 2.69314623438e-05, 1.64230186783e-05, 1.16587680168e-05, 1.18596299217e-05, 1.75007917278e-05, 1.49802272063e-05, 1.66976988112e-05, 1.71482734004e-05, 1.64478096849e-05, 1.94717977138e-05, 2.05898577406e-05, 1.6214857169e-05, 1.67501038959e-05, 1.81224295375e-05, 2.39063374465e-05, 2.34355065913e-05, 1.53306191351e-05, 1.18292618936e-05, 1.10696128104e-05, 7.02330771674e-06, 7.1873178058e-06, 6.00857129029e-06, 5.04647277921e-06, 3.52373581336e-06, 1.91031153918e-06, 1.23862150758e-06, 1.06761081042e-06, 7.16440240467e-07, 5.19165610058e-07, 2.83404261836e-07],
        "dmean2": [0.0170147623867, 0.00740194972605, 0.00153046206106, 0.00145438138861, 0.000410414912039, 0.000382114871172, 0.000140963398735, 9.60370307439e-05, 9.57697775448e-05, 8.81522937561e-05, 4.48175342171e-05, 2.75134188996e-05, 1.95684133359e-05, 2.04179959837e-05, 3.03307770082e-05, 2.67376326519e-05, 2.76307873719e-05, 2.85206115223e-05, 2.9054181141e-05, 3.32475574396e-05, 3.53341565642e-05, 2.80181029666e-05, 2.93996054097e-05, 3.24266220559e-05, 4.24415193265e-05, 4.19524440076e-05, 2.71768858511e-05, 2.09586014535e-05, 2.04391490115e-05, 1.26975701278e-05, 1.30939079099e-05, 1.11427789307e-05, 9.35532352742e-06, 6.49605681247e-06, 3.42541807186e-06, 2.23263987209e-06, 1.98305497179e-06, 1.3115186448e-06, 9.56869257607e-07, 5.10707764079e-07],
        "dvar": [0.000283162051346, 4.42129348812e-05, 1.51930100856e-06, 3.80210713047e-06, 1.22451652373e-07, 3.11238977702e-07, 2.16543316611e-08, 1.35249438316e-08, 9.29546750683e-09, 4.66078020622e-09, 1.85647996975e-09, 7.63565044526e-10, 4.95972707348e-10, 6.28831486882e-10, 5.56754642389e-10, 6.64877319867e-10, 6.73140931884e-10, 1.04163266901e-09, 1.14647824567e-09, 1.24805943358e-09, 1.03100328275e-09, 5.99371274834e-10, 6.62070454016e-10, 1.08159403656e-09, 1.23066357105e-09, 1.20769416689e-09, 5.67705604748e-10, 2.74056610738e-10, 4.0476980101e-10, 1.78567702291e-10, 1.87906662452e-10, 2.04184294472e-10, 9.96969520828e-11, 5.05778162407e-11, 1.21843394749e-11, 5.30824039238e-12, 5.94703453149e-12, 2.29506496273e-12, 1.09327488469e-12, 2.67846752807e-13],
        "dvar2": [0.000669528264552, 0.00011687893857, 3.85618841392e-06, 1.01194227682e-05, 3.0626765124e-07, 8.66327582116e-07, 6.20163689291e-08, 3.64314090007e-08, 2.59953747417e-08, 1.1686231538e-08, 4.94006213714e-09, 2.01034167091e-09, 1.32127908614e-09, 1.73562242356e-09, 1.50188717019e-09, 1.87525017736e-09, 1.49958578888e-09, 2.71530153917e-09, 3.14139692037e-09, 3.20650861418e-09, 2.72832645365e-09, 1.60522750647e-09, 1.82755444111e-09, 3.0332951706e-09, 3.43126327351e-09, 3.35588401512e-09, 1.55908197463e-09, 7.48044792775e-10, 1.13064013707e-09, 5.03425634513e-10, 5.29082222478e-10, 5.84600812203e-10, 2.81572071215e-10, 1.424973195e-10, 3.222535086e-11, 1.44658425863e-11, 1.6897712396e-11, 6.42936355197e-12, 3.08023398454e-12, 7.35332910014e-13],
        "max": [0.104932643473, 0.0415625013411, 0.0163243897259, 0.0234203208238, 0.00459602894261, 0.00696386583149, 0.00314595480449, 0.00159665266983, 0.000988603103906, 0.000803725328296, 0.000900055747479, 0.000504112860654, 0.000517673790455, 0.000529121956788, 0.000338099809596, 0.000393410824472, 0.00086891639512, 0.000724099227227, 0.000461091345642, 0.00116832938511, 0.00039560571895, 0.000266453862423, 0.000217542648898, 0.000278927880572, 0.000262719433522, 0.000305997178657, 0.000240136214416, 0.000174862099811, 0.000198834182811, 0.000131226115627, 0.000144074554555, 0.000119769152661, 8.08745826362e-05, 6.34563475614e-05, 2.52232166531e-05, 1.68620808836e-05, 2.07753837458e-05, 1.38263740155e-05, 8.30080443848e-06, 7.04891863279e-06],
        "mean": [0.00862535182387, 0.00432174699381, 0.00140918768011, 0.00117214908823, 0.000478550093248, 0.000305882975226, 0.000131648033857, 7.32157204766e-05, 8.19770721137e-05, 8.83776883711e-05, 4.18292765971e-05, 2.45175033342e-05, 1.71649626282e-05, 1.66506470123e-05, 2.33785031014e-05, 1.80002716661e-05, 2.48073756666e-05, 2.58480067714e-05, 2.12317590922e-05, 2.89237395918e-05, 2.86793365376e-05, 2.23054921662e-05, 2.34389844991e-05, 2.14202191273e-05, 3.0957889976e-05, 3.08040107484e-05, 2.1654241209e-05, 1.780304774e-05, 1.18598727568e-05, 9.07073263079e-06, 8.83371194504e-06, 5.90466243011e-06, 5.06796777699e-06, 3.60525814358e-06, 2.07492871596e-06, 1.32774425765e-06, 9.64433411355e-07, 7.0720864187e-07, 5.24029758253e-07, 3.37368305736e-07],
        "median": [0.00153123843484, 0.00217638537288, 0.000976923154667, 0.000606533023529, 0.000339526450261, 0.000176199289854, 8.40893844725e-05, 4.5777997002e-05, 4.99401648995e-05, 6.39695717837e-05, 2.9071688914e-05, 1.60089512065e-05, 1.12846264528e-05, 1.03936736195e-05, 1.51487756739e-05, 1.01645191535e-05, 1.46339707499e-05, 1.39355215651e-05, 9.16444787435e-06, 1.45973190229e-05, 1.86225261132e-05, 1.49000961756e-05, 1.65135552379e-05, 1.35656355269e-05, 2.13814437302e-05, 2.17786237044e-05, 1.49875340867e-05, 1.29839027068e-05, 6.07056290391e-06, 5.35228082299e-06, 4.76138393424e-06, 1.85742737813e-06, 1.60032402619e-06, 1.13738644814e-06, 5.69698272557e-07, 3.6116210822e-07, 2.22163677677e-07, 1.75479542008e-07, 1.37090395924e-07, 1.02090353948e-07],
        "min": [2.78141576437e-09, 5.49171197406e-09, 1.29207311517e-09, 2.68629563038e-10, 7.00175542545e-11, 2.41933764689e-11, 1.10143092563e-11, 1.03160570364e-11, 5.12002636469e-12, 3.62804447943e-12, 4.91580821188e-12, 5.99298648901e-12, 5.53576412141e-12, 3.43662923639e-12, 6.59576169723e-12, 2.2756881015e-12, 4.44389100171e-12, 4.94049636271e-12, 5.45286298753e-12, 6.44083137519e-12, 5.79134309953e-12, 6.89425990255e-12, 5.91767823979e-12, 6.38081644813e-12, 6.77782049235e-12, 8.20038741772e-12, 8.95909822024e-12, 8.40021628645e-12, 5.56640237376e-12, 6.76438072222e-12, 9.26026529763e-12, 7.44965113902e-12, 7.4331122854e-12, 7.93520891357e-12, 7.8522917335e-12, 7.73257326225e-12, 7.80454086774e-12, 7.92535308214e-12, 8.51912811128e-12, 8.51909081473e-12],
        "var": [0.000263090536464, 3.80775636586e-05, 2.12692089008e-06, 3.49604692929e-06, 2.21401364797e-07, 2.92643619559e-07, 3.8244866829e-08, 1.16233724867e-08, 1.04773461018e-08, 7.05970837345e-09, 2.10148454194e-09, 8.87984519249e-10, 4.99886854133e-10, 5.68585567517e-10, 6.62171928401e-10, 5.94529148135e-10, 1.54207213665e-09, 1.47267242845e-09, 1.50846590774e-09, 3.49615292272e-09, 1.06920783338e-09, 5.72177361047e-10, 5.91774407255e-10, 7.66599617119e-10, 1.03404718121e-09, 1.01320873913e-09, 5.13500519883e-10, 2.71935224339e-10, 2.85980378267e-10, 1.38826158902e-10, 1.44697129278e-10, 1.31950492199e-10, 7.22749152193e-11, 3.60641239094e-11, 1.18467111121e-11, 4.94004533461e-12, 3.92072485589e-12, 1.70010685217e-12, 8.78758166494e-13, 3.11738509355e-13]
    },
    "mfcc": {
        "mean": [-627.70892334, 111.329772949, -6.44574308395, 61.4790496826, 2.42281508446, 9.39484214783, 1.90616989136, 3.54129815102, 1.43798029423, 3.39968943596, 1.23539090157, -3.94199299812, -2.33485603333],
        "cov": [[5984.61279297, -5.64035272598, 283.819458008, 110.609481812, 219.476272583, 146.169631958, -2.07441782951, 125.390830994, 15.6283502579, 173.957107544, 48.10987854, 66.4528274536, 45.3936500549], [-5.64035272598, 936.92010498, -349.10647583, 326.639984131, -76.6389541626, -60.0000495911, 55.1263656616, -28.3617687225, 40.37159729, -30.6175956726, -6.33193254471, -38.4701805115, -27.235704422], [283.819458008, -349.10647583, 601.238220215, -101.657310486, 247.96333313, 81.453453064, 67.3955917358, 121.42591095, 33.5675811768, 74.1247558594, 6.58403253555, 42.6390419006, 23.5742988586], [110.609481812, 326.639984131, -101.657310486, 199.912246704, -4.1386680603, 20.3643703461, 46.6520042419, 20.0307502747, 24.2183170319, 4.09196949005, 26.331205368, 10.2929153442, 7.42030191422], [219.476272583, -76.6389541626, 247.96333313, -4.1386680603, 209.327346802, 66.1945419312, 83.7691650391, 81.9564666748, 43.2790031433, 72.5947875977, 27.0879020691, 39.7423477173, 23.9619522095], [146.169631958, -60.0000495911, 81.453453064, 20.3643703461, 66.1945419312, 87.7655792236, 41.2614479065, 46.8876495361, 16.0992183685, 34.5037384033, 26.5294017792, 29.6327285767, 19.6170158386], [-2.07441782951, 55.1263656616, 67.3955917358, 46.6520042419, 83.7691650391, 41.2614479065, 114.12411499, 61.7221488953, 43.2073478699, 38.4279594421, 33.6456604004, 36.2878265381, 20.0018177032], [125.390830994, -28.3617687225, 121.42591095, 20.0307502747, 81.9564666748, 46.8876495361, 61.7221488953, 95.7180786133, 43.7531700134, 50.7694702148, 28.0668468475, 32.1983718872, 22.5141067505], [15.6283502579, 40.37159729, 33.5675811768, 24.2183170319, 43.2790031433, 16.0992183685, 43.2073478699, 43.7531700134, 62.8387184143, 45.9204826355, 22.3855266571, 18.9036121368, 11.9401760101], [173.957107544, -30.6175956726, 74.1247558594, 4.09196949005, 72.5947875977, 34.5037384033, 38.4279594421, 50.7694702148, 45.9204826355, 82.9996337891, 41.7265968323, 35.2514038086, 20.0730667114], [48.10987854, -6.33193254471, 6.58403253555, 26.331205368, 27.0879020691, 26.5294017792, 33.6456604004, 28.0668468475, 22.3855266571, 41.7265968323, 57.8743591309, 40.8855209351, 23.5353126526], [66.4528274536, -38.4701805115, 42.6390419006, 10.2929153442, 39.7423477173, 29.6327285767, 36.2878265381, 32.1983718872, 18.9036121368, 35.2514038086, 40.8855209351, 61.44348526, 34.4409751892], [45.3936500549, -27.235704422, 23.5742988586, 7.42030191422, 23.9619522095, 19.6170158386, 20.0018177032, 22.5141067505, 11.9401760101, 20.0730667114, 23.5353126526, 34.4409751892, 43.985080719]],
