{
"lowlevel": {
    "average_loudness": 0.933350145817,
    "barkbands_crest": {
        "dmean": 3.16600942612,
        "dmean2": 5.12022018433,
        "dvar": 10.5751800537,
        "dvar2": 27.168466568,
        "max": 24.9968891144,
        "mean": 9.62083053589,
        "median": 8.76608467102,
        "min": 2.34217596054,
        "var": 19.150598526
    },
    "barkbands_flatness_db": {
        "dmean": 0.0241434518248,
        "dmean2": 0.0380251258612,
        "dvar": 0.000698692805599,
        "dvar2": 0.00173887447454,
        "max": 0.355612576008,
        "mean": 0.123647794127,
        "median": 0.119592390954,
        "min": 0.0303572658449,
        "var": 0.00211590528488
    },
    "barkbands_kurtosis": {
        "dmean": 3.60456395149,
        "dmean2": 5.89742898941,
        "dvar": 51.6167144775,
        "dvar2": 129.996429443,
        "max": 115.224441528,
        "mean": 3.49359703064,
        "median": 1.0587015152,
        "min": -1.82267987728,
        "var": 70.1190872192
    },
    "barkbands_skewness": {
        "dmean": 0.675660312176,
        "dmean2": 1.07423257828,
        "dvar": 0.662449061871,
        "dvar2": 1.66953015327,
        "max": 10.1296873093,
        "mean": 1.71216738224,
        "median": 1.55112540722,
        "min": -0.598528206348,
        "var": 1.44185304642
    },
    "barkbands_spread": {
        "dmean": 7.82947254181,
        "dmean2": 12.6485147476,
        "dvar": 65.2368927002,
        "dvar2": 176.695159912,
        "max": 73.5217056274,
        "mean": 30.9538955688,
        "median": 31.1826057434,
        "min": 1.77255189419,
        "var": 153.481521606
    },
    "dissonance": {
        "dmean": 0.00823370460421,
        "dmean2": 0.0135696316138,
        "dvar": 5.37209853064e-05,
        "dvar2": 0.000139367693919,
        "max": 0.499475985765,
        "mean": 0.481375038624,
        "median": 0.483398556709,
        "min": 0.433332443237,
        "var": 0.000116335482744
    },
    "dynamic_complexity": 2.08986735344,
    "erbbands_crest": {
        "dmean": 1.2930970192,
        "dmean2": 2.17902326584,
        "dvar": 1.73851215839,
        "dvar2": 4.32883167267,
        "max": 16.2887611389,
        "mean": 5.16137647629,
        "median": 4.75028133392,
        "min": 2.66950774193,
        "var": 3.12262582779
    },
    "erbbands_flatness_db": {
        "dmean": 0.0102127259597,
        "dmean2": 0.0153416311368,
        "dvar": 0.000103966507595,
        "dvar2": 0.000216438536881,
        "max": 0.255705952644,
        "mean": 0.140201851726,
        "median": 0.127164229751,
        "min": 0.0378095060587,
        "var": 0.00160461920314
    },
    "erbbands_kurtosis": {
        "dmean": 0.517073631287,
        "dmean2": 0.833802342415,
        "dvar": 0.362604081631,
        "dvar2": 0.897680401802,
        "max": 9.89940834045,
        "mean": -0.629580140114,
        "median": -0.82051897049,
        "min": -1.77216815948,
        "var": 0.72019213438
    },
    "erbbands_skewness": {
        "dmean": 0.27811819315,
        "dmean2": 0.433429569006,
        "dvar": 0.0808744356036,
        "dvar2": 0.176243379712,
        "max": 3.17603564262,
        "mean": -0.510952711105,
        "median": -0.552806437016,
        "min": -2.12463521957,
        "var": 0.253871947527
    },
    "erbbands_spread": {
        "dmean": 8.44605922699,
        "dmean2": 13.6368112564,
        "dvar": 56.6069755554,
        "dvar2": 144.924865723,
        "max": 105.945152283,
        "mean": 55.8051757812,
        "median": 56.0448150635,
        "min": 21.5124416351,
        "var": 163.412200928
    },
    "hfc": {
        "dmean": 7.38268756866,
        "dmean2": 12.2972173691,
        "dvar": 204.761032104,
        "dvar2": 545.469726562,
        "max": 148.201065063,
        "mean": 24.6023826599,
        "median": 20.5117950439,
        "min": 4.24442405347e-05,
        "var": 366.893920898
    },
    "melbands_crest": {
        "dmean": 4.03451871872,
        "dmean2": 6.70571565628,
        "dvar": 14.1535634995,
        "dvar2": 35.8124923706,
        "max": 33.6766853333,
        "mean": 15.4050273895,
        "median": 14.6875658035,
        "min": 4.22659254074,
        "var": 29.3954811096
    },
    "melbands_flatness_db": {
        "dmean": 0.0313951186836,
        "dmean2": 0.0492969788611,
        "dvar": 0.00105698953848,
        "dvar2": 0.00259054172784,
        "max": 0.433854907751,
        "mean": 0.185038685799,
        "median": 0.178720578551,
        "min": 0.0528273843229,
        "var": 0.00310949445702
    },
    "melbands_kurtosis": {
        "dmean": 12.4563493729,
        "dmean2": 20.3521347046,
        "dvar": 493.852996826,
        "dvar2": 1269.06665039,
        "max": 319.363006592,
        "mean": 20.2212772369,
        "median": 12.8374156952,
        "min": -1.16612517834,
        "var": 649.237121582
    },
    "melbands_skewness": {
        "dmean": 1.0381346941,
        "dmean2": 1.65232241154,
        "dvar": 1.58933997154,
        "dvar2": 3.97653269768,
        "max": 14.7929048538,
        "mean": 3.72858738899,
        "median": 3.47405076027,
        "min": 0.361850649118,
        "var": 3.34893059731
    },
    "melbands_spread": {
        "dmean": 9.05839157104,
        "dmean2": 14.414894104,
        "dvar": 80.7859191895,
        "dvar2": 196.917495728,
        "max": 128.92791748,
        "mean": 26.8126716614,
        "median": 22.9983501434,
        "min": 1.15173316002,
        "var": 274.628662109
    },
    "pitch_salience": {
        "dmean": 0.0886739715934,
        "dmean2": 0.145381003618,
        "dvar": 0.008171713911,
        "dvar2": 0.0212212651968,
        "max": 0.847172915936,
        "mean": 0.600669205189,
        "median": 0.622298538685,
        "min": 0.11035502702,
        "var": 0.0143574448302
    },
    "silence_rate_20dB": {
        "dmean": 0,
        "dmean2": 0,
        "dvar": 0,
        "dvar2": 0,
        "max": 1,
        "mean": 1,
        "median": 1,
        "min": 1,
        "var": 0
    },
    "silence_rate_30dB": {
        "dmean": 0.082817338407,
        "dmean2": 0.165698796511,
        "dvar": 0.0759554356337,
        "dvar2": 0.183929100633,
        "max": 1,
        "mean": 0.938491284847,
        "median": 1,
        "min": 0,
        "var": 0.0577261075377
    },
    "silence_rate_60dB": {
        "dmean": 0.0127708977088,
        "dmean2": 0.0255516842008,
        "dvar": 0.0126086464152,
        "dvar2": 0.0310959890485,
        "max": 1,
        "mean": 0.0158607345074,
        "median": 0,
        "min": 0,
        "var": 0.0156093733385
    },
    "spectral_centroid": {
        "dmean": 318.032409668,
        "dmean2": 497.655578613,
        "dvar": 114967.578125,
        "dvar2": 229238.609375,
        "max": 11185.6054688,
        "mean": 1955.41625977,
        "median": 1984.07019043,
        "min": 224.783401489,
        "var": 338239.78125
    },
    "spectral_complexity": {
        "dmean": 4.96439647675,
        "dmean2": 7.78745651245,
        "dvar": 23.2966976166,
        "dvar2": 49.7228927612,
        "max": 62,
        "mean": 30.6502895355,
        "median": 32,
        "min": 0,
        "var": 144.465744019
    },
    "spectral_decrease": {
        "dmean": 4.84945505974e-09,
        "dmean2": 7.99916222149e-09,
        "dvar": 7.80193312689e-17,
        "dvar2": 1.98529236539e-16,
        "max": -6.79869258696e-15,
        "mean": -9.40927069593e-09,
        "median": -7.31075955329e-09,
        "min": -7.66739418623e-08,
        "var": 8.72264404392e-17
    },
    "spectral_energy": {
        "dmean": 0.0186437536031,
        "dmean2": 0.0306750275195,
        "dvar": 0.00114402000327,
        "dvar2": 0.00289490818977,
        "max": 0.291695892811,
        "mean": 0.0377442464232,
        "median": 0.0297956038266,
        "min": 2.9509690691e-08,
        "var": 0.00131274177693
    },
    "spectral_energyband_high": {
        "dmean": 0.000742346746847,
        "dmean2": 0.00125717232004,
        "dvar": 2.43395538746e-06,
        "dvar2": 6.53045481158e-06,
        "max": 0.0195559095591,
        "mean": 0.00170088477898,
        "median": 0.000998283969238,
        "min": 3.45590023265e-09,
        "var": 4.12309327658e-06
    },
    "spectral_energyband_low": {
        "dmean": 0.0154836699367,
        "dmean2": 0.0254193488508,
        "dvar": 0.00102952145971,
        "dvar2": 0.00262728729285,
        "max": 0.283352196217,
        "mean": 0.0211281199008,
        "median": 0.0115979686379,
        "min": 1.72076592975e-08,
        "var": 0.00102303177118
    },
    "spectral_energyband_middle_high": {
        "dmean": 0.00128452118952,
        "dmean2": 0.00212622154504,
        "dvar": 3.84356053473e-06,
        "dvar2": 1.02186750155e-05,
        "max": 0.0227867681533,
        "mean": 0.00426668999717,
        "median": 0.00403391895816,
        "min": 5.70893388119e-10,
        "var": 7.02287525201e-06
    },
    "spectral_energyband_middle_low": {
        "dmean": 0.00596152339131,
        "dmean2": 0.00991422683001,
        "dvar": 0.000173555570655,
        "dvar2": 0.000481700932141,
        "max": 0.161566868424,
        "mean": 0.0131227830425,
        "median": 0.0104622049257,
        "min": 3.20658255504e-09,
        "var": 0.000177900365088
    },
    "spectral_entropy": {
        "dmean": 0.0993874967098,
        "dmean2": 0.148529022932,
        "dvar": 0.0125406943262,
        "dvar2": 0.0240605194122,
        "max": 9.80879878998,
        "mean": 7.82611608505,
        "median": 7.82357215881,
        "min": 6.36435985565,
        "var": 0.0533477477729
    },
    "spectral_flux": {
        "dmean": 0.0369515419006,
        "dmean2": 0.0582245923579,
        "dvar": 0.00264850514941,
        "dvar2": 0.00584494415671,
        "max": 0.427931398153,
        "mean": 0.101675122976,
        "median": 0.0801981091499,
        "min": 7.1190581366e-05,
        "var": 0.00515027204528
    },
    "spectral_kurtosis": {
        "dmean": 1.07101595402,
        "dmean2": 1.89273202419,
        "dvar": 1.29436957836,
        "dvar2": 3.97855067253,
        "max": 11.4479789734,
        "mean": 2.45409250259,
        "median": 2.32826185226,
        "min": -1.17730391026,
        "var": 1.69390809536
    },
    "spectral_rms": {
        "dmean": 0.00119539757725,
        "dmean2": 0.00189739454072,
        "dvar": 2.93299331133e-06,
        "dvar2": 7.01332646713e-06,
        "max": 0.016869539395,
        "mean": 0.00554051343352,
        "median": 0.00539155676961,
        "min": 5.36562583875e-06,
        "var": 6.12641406406e-06
    },
    "spectral_rolloff": {
        "dmean": 752.645019531,
        "dmean2": 1256.58666992,
        "dvar": 711992.9375,
        "dvar2": 1731680.875,
        "max": 7105.95703125,
        "mean": 1814.45007324,
        "median": 1765.72265625,
        "min": 64.599609375,
        "var": 1772306.75
    },
    "spectral_skewness": {
        "dmean": 0.162567585707,
        "dmean2": 0.271587699652,
        "dvar": 0.0262646842748,
        "dvar2": 0.069028750062,
        "max": 2.58252191544,
        "mean": 0.803701043129,
        "median": 0.800639033318,
        "min": -0.00743505032733,
        "var": 0.0932705253363
    },
    "spectral_spread": {
        "dmean": 329542.03125,
        "dmean2": 497539.625,
        "dvar": 470341287936,
        "dvar2": 629687975936,
        "max": 39240748,
        "mean": 3944433.75,
        "median": 3888825.75,
        "min": 2280451.25,
        "var": 1.25791882445e+12
    },
    "spectral_strongpeak": {
        "dmean": 0.239477857947,
        "dmean2": 0.404498755932,
        "dvar": 0.0638532266021,
        "dvar2": 0.169228896499,
        "max": 3.06925845146,
        "mean": 0.464944660664,
        "median": 0.389169365168,
        "min": 0,
        "var": 0.0969809740782
    },
    "zerocrossingrate": {
        "dmean": 0.0105564361438,
        "dmean2": 0.0130297178403,
        "dvar": 9.0201261628e-05,
        "dvar2": 0.000125247126562,
        "max": 0.19189453125,
        "mean": 0.0659967362881,
        "median": 0.0634765625,
        "min": 0.005859375,
        "var": 0.000653591414448
    },
    "barkbands": {
        "dmean": [0.000971369212493, 0.0120741100982, 0.00370148499496, 0.00293520628475, 0.00336321466602, 0.000952368893195, 0.000357449986041, 0.000249642995186, 0.000361758255167, 0.000288244889816, 0.000136484901304, 0.000107355102955, 9.76937662927e-05, 0.000135919966851, 0.000141750773764, 0.000255629856838, 0.00029915079358, 0.000307271810016, 0.000355849595508, 0.000283723406028, 0.000320574385114, 0.00022524772794, 0.00010662200657, 4.19602110924e-05, 2.74345293292e-05, 1.14435160867e-05, 4.60886576548e-06],
        "dmean2": [0.00167160003912, 0.020539553836, 0.00603442825377, 0.00471121631563, 0.00584400352091, 0.00156663765665, 0.000566509785131, 0.000419532647356, 0.000571035314351, 0.0004694336385, 0.000222255548579, 0.000177019566763, 0.000166917190654, 0.000229009834584, 0.000241949601332, 0.000430864922237, 0.000507887161803, 0.000514797284268, 0.00061550620012, 0.00048536263057, 0.000563819310628, 0.000386658357456, 0.000173810578417, 6.76870695315e-05, 4.29576866736e-05, 1.66722402355e-05, 7.73985539126e-06],
        "dvar": [7.407051271e-06, 0.000958951364737, 2.58083382505e-05, 1.94704407477e-05, 0.000115655064292, 2.73547425422e-06, 2.65604882088e-07, 4.16935876046e-07, 2.52384012356e-07, 2.00580757337e-07, 5.52917462926e-08, 4.03611331024e-08, 2.32642065612e-08, 3.16205657214e-08, 4.17300825006e-08, 9.78834364673e-08, 1.25332519474e-07, 2.29776503602e-07, 2.77503801271e-07, 1.82914561719e-07, 3.70954921891e-07, 3.78077913865e-07, 5.23058005797e-08, 8.69058958131e-09, 5.54022872024e-09, 7.57365059556e-10, 2.14786952113e-10],
        "dvar2": [1.93096402654e-05, 0.00250881537795, 6.52934177197e-05, 4.34604662587e-05, 0.000331280694809, 7.57320367484e-06, 6.42216832603e-07, 1.17795877941e-06, 6.09922267358e-07, 5.12182225521e-07, 1.45297548215e-07, 1.09552217964e-07, 6.50730527241e-08, 8.57781685681e-08, 1.13991141859e-07, 2.65234206154e-07, 3.46262311268e-07, 5.971758128e-07, 7.9163311284e-07, 5.05159903241e-07, 1.0320615047e-06, 1.04131368062e-06, 1.25463699874e-07, 2.13982822572e-08, 1.35233069187e-08, 1.53024382055e-09, 5.57196344619e-10],
        "max": [0.0231654718518, 0.263977199793, 0.0706783980131, 0.0908551216125, 0.134155273438, 0.0306735541672, 0.00833281688392, 0.0128315500915, 0.00718602724373, 0.00642968155444, 0.00385011802427, 0.00354791642167, 0.00158111378551, 0.00266527058557, 0.00296900747344, 0.00477338768542, 0.00495344400406, 0.00820019003004, 0.00514565687627, 0.00497815851122, 0.00533160241321, 0.0104779023677, 0.00320178456604, 0.00108337169513, 0.00157420418691, 0.00067491736263, 0.000214636864257],
        "mean": [0.00076411862392, 0.0122513193637, 0.00573477474973, 0.00499034393579, 0.00456286175177, 0.00170260563027, 0.000687208608724, 0.00036652648123, 0.000650877482258, 0.000495986663736, 0.000216464060941, 0.000168242186191, 0.000150254054461, 0.000235253144638, 0.000246635609074, 0.000493872095831, 0.000638171855826, 0.000612935400568, 0.000763949821703, 0.000636851007584, 0.000627474568319, 0.000391450943425, 0.000204673822736, 7.58567475714e-05, 4.84760239488e-05, 2.20796773647e-05, 5.05426396558e-06],
        "median": [3.70335219486e-05, 0.00321061885916, 0.00335936015472, 0.00329296290874, 0.00281654531136, 0.00108971679583, 0.000422707962571, 0.000198111549253, 0.000455396948382, 0.000332251976943, 0.000131285079988, 0.000111321089207, 9.77851595962e-05, 0.000169676946825, 0.000186473567737, 0.000402842240874, 0.000560792337637, 0.000506464217324, 0.000652457762044, 0.000505281961523, 0.000411397428252, 0.000146818318171, 7.60158145567e-05, 2.49338881986e-05, 1.60616182256e-05, 8.1685702753e-06, 9.44117743984e-07],
        "min": [7.69407537682e-10, 7.87703680061e-09, 2.5393607217e-09, 1.19226450934e-09, 1.0559011443e-09, 1.33049890549e-10, 2.45304193625e-11, 1.75146321058e-11, 3.22083575088e-11, 3.32104760359e-11, 2.99250242641e-11, 2.37789388874e-11, 1.85865420277e-11, 7.74199732101e-11, 3.00775689077e-11, 6.11757589031e-11, 6.10295147752e-11, 7.63378041335e-11, 7.12725364838e-11, 1.54311785572e-10, 1.66629793297e-10, 1.77336215157e-10, 3.6131608816e-10, 3.53799739505e-10, 9.41331568249e-10, 6.86971701747e-10, 7.45186204409e-11],
        "var": [5.75850981477e-06, 0.000792937120423, 4.65836346848e-05, 4.13316229242e-05, 8.10207420727e-05, 3.89578008253e-06, 6.26287373962e-07, 3.75416419729e-07, 4.340303974e-07, 3.08467718924e-07, 7.78174324978e-08, 4.46258709985e-08, 2.76119127562e-08, 4.74290438035e-08, 5.32518207308e-08, 1.54667475272e-07, 1.94520765717e-07, 3.04984126842e-07, 3.33507927053e-07, 2.80520254137e-07, 4.73229363251e-07, 4.85184614263e-07, 1.12144341813e-07, 1.71565552876e-08, 1.08220463702e-08, 1.97548377656e-09, 2.0481860652e-10]
    },
    "erbbands": {
        "dmean": [0.437796384096, 2.43572831154, 4.06038618088, 6.83282661438, 11.5108299255, 11.9233388901, 6.33619785309, 9.01626968384, 5.21237325668, 5.89239692688, 4.92210674286, 8.24241828918, 8.51050949097, 7.45671844482, 4.89644861221, 4.40870332718, 4.32589101791, 4.77553892136, 8.09841251373, 8.44592571259, 15.4590921402, 17.0149803162, 16.6090183258, 16.2847042084, 17.7393093109, 13.946059227, 12.9861917496, 12.0972671509, 8.88205051422, 5.57905721664, 2.63304495811, 1.23601341248, 0.533369600773, 0.31555518508, 0.205034822226, 0.072597682476, 0.0152709893882, 0.00424883840606, 0.00093221856514, 5.28024211235e-05],
        "dmean2": [0.758770167828, 4.12973165512, 6.67471075058, 11.0028381348, 19.5228424072, 20.4468345642, 10.4311933517, 14.7717638016, 8.48536491394, 9.57053661346, 8.15403175354, 13.0558128357, 13.9201917648, 12.1917591095, 7.89036846161, 7.3196182251, 7.397793293, 8.02708625793, 13.6190261841, 14.5108232498, 25.9530525208, 29.0126132965, 27.8970470428, 27.5579814911, 30.7479515076, 23.8372478485, 23.1378326416, 21.0980243683, 15.3018598557, 9.27999401093, 4.17760276794, 1.97378456593, 0.855094432831, 0.497877776623, 0.328174054623, 0.109290972352, 0.0224338881671, 0.00648698117584, 0.00158030993771, 8.85424888111e-05],
        "dvar": [1.59786128998, 34.8731842041, 34.3918991089, 88.1167907715, 782.905578613, 1307.71582031, 114.158958435, 297.499725342, 69.7357559204, 98.223487854, 196.019134521, 143.356292725, 166.253555298, 180.217712402, 66.8067169189, 66.4148025513, 43.6915435791, 66.2284622192, 99.3958969116, 164.040435791, 313.930969238, 424.158081055, 848.286254883, 424.402801514, 773.191711426, 407.848480225, 680.182495117, 502.095214844, 692.423339844, 157.074188232, 31.7970924377, 8.13579463959, 1.22582936287, 0.532157421112, 0.425743401051, 0.0372185409069, 0.00115515035577, 0.000119121199532, 9.1201172836e-06, 1.94348928062e-08],
        "dvar2": [4.15385818481, 94.2776794434, 90.5445022583, 207.542709351, 2188.97485352, 3757.29760742, 309.053009033, 810.500793457, 173.627197266, 256.420959473, 554.80065918, 332.209747314, 425.596679688, 467.854736328, 167.854415894, 178.796234131, 121.79750061, 183.433776855, 268.769317627, 452.138885498, 827.265075684, 1173.54272461, 2217.32958984, 1195.12731934, 2191.25537109, 1136.18481445, 1924.60339355, 1367.72412109, 1949.51513672, 413.835571289, 73.3303756714, 20.1259384155, 3.0083463192, 1.29557907581, 1.05767500401, 0.0826100483537, 0.00225987797603, 0.000256338273175, 2.40954741457e-05, 5.18556326767e-08],
        "max": [10.1024436951, 51.4594459534, 63.5112037659, 213.891235352, 368.699737549, 434.117553711, 137.172805786, 319.747253418, 132.08656311, 115.85546875, 346.102142334, 196.607879639, 179.778015137, 308.822814941, 119.681800842, 146.496307373, 72.8199768066, 159.355575562, 129.153015137, 171.948425293, 223.027618408, 300.079681396, 517.170349121, 213.551086426, 283.04309082, 242.572158813, 259.958984375, 255.921234131, 460.339813232, 161.130569458, 88.978805542, 36.1741333008, 13.0091838837, 14.3219709396, 14.6366739273, 4.7832198143, 0.796011984348, 0.194260686636, 0.0458976216614, 0.00239926017821],
        "mean": [0.359349250793, 2.68432950974, 6.46868038177, 12.5179338455, 16.6918106079, 15.4849805832, 11.4962129593, 15.4435110092, 10.1677331924, 10.5986595154, 8.16697311401, 14.7424230576, 15.3092861176, 12.9659442902, 8.68904876709, 7.3048787117, 7.31304454803, 8.77993392944, 14.8845005035, 15.3087882996, 32.2264709473, 36.5452804565, 33.5268707275, 37.3091812134, 36.9931297302, 30.9850845337, 24.7354125977, 23.9482097626, 14.9835138321, 10.1373977661, 5.08715486526, 2.1938958168, 1.0017387867, 0.58117377758, 0.332520574331, 0.129765823483, 0.0313918069005, 0.00720395892859, 0.000970236142166, 7.97820175649e-05],
        "median": [0.0496335290372, 0.924580454826, 3.9333782196, 9.71048641205, 10.6660327911, 8.22722244263, 7.22604036331, 9.38555145264, 6.3634147644, 6.2456073761, 5.07128953934, 9.91152858734, 10.6850786209, 8.0414981842, 5.45693540573, 4.99041318893, 5.27443170547, 6.46234464645, 11.6971416473, 11.8070278168, 27.4096069336, 32.0420875549, 27.0745811462, 33.137928009, 30.2337169647, 24.7211666107, 16.524312973, 14.9493379593, 5.68248128891, 4.0521645546, 1.7556655407, 0.685967206955, 0.351144522429, 0.204735830426, 0.10045157373, 0.0461062043905, 0.0121396919712, 0.00215298309922, 0.000176699613803, 4.7737325076e-05],
        "min": [5.08447726588e-07, 8.43351187996e-07, 1.99421106117e-06, 4.84944121126e-06, 5.62481091038e-06, 2.53480948231e-06, 1.44324508256e-06, 5.90259787714e-07, 5.51368827928e-07, 4.59073504544e-07, 6.78123456055e-07, 6.83473331264e-07, 1.31061005959e-06, 5.28270049927e-07, 1.31428009809e-06, 1.05829315089e-06, 8.72575640187e-07, 3.26150188812e-06, 2.21763707486e-06, 1.77176923444e-06, 4.01014312956e-06, 3.64665993402e-06, 4.46698595624e-06, 3.7862064346e-06, 4.68708049084e-06, 7.98412474978e-06, 6.68530992698e-06, 6.15961289441e-06, 6.96981805959e-06, 7.12711289452e-06, 1.12525121949e-05, 8.32720525068e-06, 6.42468967271e-06, 1.55516700033e-05, 4.16129751102e-06, 2.10112420973e-06, 1.44884916153e-06, 4.03881244893e-07, 1.45277283536e-07, 9.07949271323e-09],
        "var": [1.1963943243, 29.4051074982, 55.4242401123, 169.908599854, 670.679626465, 948.583374023, 182.418792725, 411.754882812, 145.74861145, 170.292160034, 163.296585083, 256.295440674, 260.195343018, 255.452850342, 116.748222351, 75.3742599487, 52.8368721008, 78.6950759888, 151.10786438, 201.47869873, 542.680969238, 650.52142334, 1033.13842773, 629.22088623, 913.638000488, 638.83782959, 726.729064941, 769.99798584, 762.836486816, 269.656433105, 74.702583313, 15.4284420013, 2.76043820381, 1.18865096569, 0.689796745777, 0.0812702551484, 0.00338603439741, 0.00022783660097, 8.18524404167e-06, 1.6613693532e-08]
    },
    "gfcc": {
        "mean": [21.2397613525, 93.3726577759, -126.908714294, 66.7879180908, -52.4009552002, -5.1258354187, -25.774930954, 1.79043078423, -21.5381278992, -6.31230401993, -23.1871490479, -1.31266570091, -10.1296863556],
        "cov": [[4271.65869141, -1399.10327148, 1387.84399414, -67.6304321289, 116.015914917, 699.472412109, -333.959259033, 569.458251953, -241.88331604, 378.453552246, -80.8554382324, 186.348739624, -104.126861572], [-1399.10327148, 1164.49658203, -670.84753418, 199.11164856, 50.1511306763, -315.694580078, 251.323776245, -283.279327393, 168.646484375, -172.152587891, 80.3768310547, -107.470458984, 79.8806533813], [1387.84399414, -670.84753418, 1021.24053955, -29.1783485413, 175.323364258, 358.288482666, -184.695755005, 292.26940918, -138.922027588, 192.61227417, -28.2275180817, 82.9828491211, -41.2573204041], [-67.6304321289, 199.11164856, -29.1783485413, 181.023178101, 51.423412323, 40.5415992737, 70.0299377441, -23.8384876251, 65.4845046997, -4.49400472641, 38.2900657654, -11.7018518448, 22.9033336639], [116.015914917, 50.1511306763, 175.323364258, 51.423412323, 162.570343018, 67.3497772217, 42.8480415344, 50.0942077637, 3.24175739288, 36.3759384155, 16.4527339935, 7.46563434601, 10.6633615494], [699.472412109, -315.694580078, 358.288482666, 40.5415992737, 67.3497772217, 246.779647827, -32.912147522, 158.768661499, -37.0354995728, 91.1870117188, -4.40345001221, 41.7883491516, -14.5969200134], [-333.959259033, 251.323776245, -184.695755005, 70.0299377441, 42.8480415344, -32.912147522, 150.838562012, -30.2212924957, 76.8567733765, -42.2086181641, 25.1289100647, -18.3602161407, 29.1448879242], [569.458251953, -283.279327393, 292.26940918, -23.8384876251, 50.0942077637, 158.768661499, -30.2212924957, 184.185974121, -25.1872425079, 85.8272323608, -19.0291042328, 34.0477638245, -17.4586925507], [-241.88331604, 168.646484375, -138.922027588, 65.4845046997, 3.24175739288, -37.0354995728, 76.8567733765, -25.1872425079, 97.9435501099, -4.52356243134, 27.4757194519, -21.9381523132, 13.5248241425], [378.453552246, -172.152587891, 192.61227417, -4.49400472641, 36.3759384155, 91.1870117188, -42.2086181641, 85.8272323608, -4.52356243134, 103.831077576, 17.4032039642, 28.0224552155, -17.5692062378], [-80.8554382324, 80.3768310547, -28.2275180817, 38.2900657654, 16.4527339935, -4.40345001221, 25.1289100647, -19.0291042328, 27.4757194519, 17.4032039642, 54.3399658203, 14.4258508682, 15.1919879913], [186.348739624, -107.470458984, 82.9828491211, -11.7018518448, 7.46563434601, 41.7883491516, -18.3602161407, 34.0477638245, -21.9381523132, 28.0224552155, 14.4258508682, 56.2194290161, 16.6144866943], [-104.126861572, 79.8806533813, -41.2573204041, 22.9033336639, 10.6633615494, -14.5969200134, 29.1448879242, -17.4586925507, 13.5248241425, -17.5692062378, 15.1919879913, 16.6144866943, 45.7947006226]],
        "icov": [[0.000629236281384, 2.45907849603e-05, -0.000213547929889, -0.000364525971236, 0.000361201178748, -0.000631205795798, 0.00012241701188, -0.000388154003303, 0.000507576740347, -0.000923091487493, 0.000833436264656, -0.000766374520026, 0.000364086590707], [2.45907849603e-05, 0.00420715892687, 0.000645347929094, -0.00331411394291, -0.00196684920229, 0.00418002298102, -0.00230643572286, 0.000142566859722, 0.00172975391615, 0.000291548931273, -0.00288620754145, 0.00476044183597, -0.00289988424629], [-0.000213547929889, 0.000645347929094, 0.00468119978905, -0.000316070538247, -0.00469539873302, -0.00214499002323, 0.0049070189707, -0.00227220263332, 0.000635463919025, 0.000403642858146, -0.000834663398564, 0.000663493352477, -0.000812016543932], [-0.000364525971236, -0.00331411394291, -0.000316070538247, 0.0162115879357, -0.00184263545088, -0.0114130675793, 0.00326448003761, 0.00572796072811, -0.0109266974032, 0.00443285284564, -0.00269431760535, -0.00059322983725, -0.000506575917825], [0.000361201178748, -0.00196684920229, -0.00469539873302, -0.00184263545088, 0.0156970154494, 0.0012828289764, -0.0102022057399, 0.000129841180751, 0.00668488163501, -0.00750739406794, 0.00149104685988, 0.00161000422668, -0.00169351173099], [-0.000631205795798, 0.00418002298102, -0.00214499002323, -0.0114130675793, 0.0012828289764, 0.0224938727915, -0.00784979574382, -0.00852169468999, 0.00955185480416, -0.00384920369834, -0.00225245836191, 0.00310266716406, -0.00100899103563], [0.00012241701188, -0.00230643572286, 0.0049070189707, 0.00326448003761, -0.0102022057399, -0.00784979574382, 0.0273249857128, -0.00558255985379, -0.0156751293689, 0.0140656633303, -0.00385370361619, -0.00409187469631, 0.000233310027397], [-0.000388154003303, 0.000142566859722, -0.00227220263332, 0.00572796072811, 0.000129841180751, -0.00852169468999, -0.00558255985379, 0.0222956836224, -0.00517889624462, -0.00825030356646, 0.00990518275648, -0.00320771918632, -0.000494618259836], [0.000507576740347, 0.00172975391615, 0.000635463919025, -0.0109266974032, 0.00668488163501, 0.00955185480416, -0.0156751293689, -0.00517889624462, 0.035177577287, -0.0157443378121, -0.00404312601313, 0.0128527758643, -0.00608747079968], [-0.000923091487493, 0.000291548931273, 0.000403642858146, 0.00443285284564, -0.00750739406794, -0.00384920369834, 0.0140656633303, -0.00825030356646, -0.0157443378121, 0.0371846854687, -0.0175479073077, -0.00599779887125, 0.0108765196055], [0.000833436264656, -0.00288620754145, -0.000834663398564, -0.00269431760535, 0.00149104685988, -0.00225245836191, -0.00385370361619, 0.00990518275648, -0.00404312601313, -0.0175479073077, 0.0423520468175, -0.0168566890061, -0.000783712195698], [-0.000766374520026, 0.00476044183597, 0.000663493352477, -0.00059322983725, 0.00161000422668, 0.00310266716406, -0.00409187469631, -0.00320771918632, 0.0128527758643, -0.00599779887125, -0.0168566890061, 0.0459306426346, -0.024325216189], [0.000364086590707, -0.00289988424629, -0.000812016543932, -0.000506575917825, -0.00169351173099, -0.00100899103563, 0.000233310027397, -0.000494618259836, -0.00608747079968, 0.0108765196055, -0.000783712195698, -0.024325216189, 0.0420361422002]]
    },
    "melbands": {
        "dmean": [0.00358316372149, 0.00236995494924, 0.00124088709708, 0.000874614284839, 0.000256917759543, 0.000190122998902, 7.72491184762e-05, 6.33781965007e-05, 4.44071702077e-05, 5.13778322784e-05, 4.33902641817e-05, 3.28231144522e-05, 1.79842463695e-05, 1.06876414065e-05, 1.26343320517e-05, 9.32957482291e-06, 9.85367569228e-06, 1.50377554746e-05, 1.01779696706e-05, 1.32269069582e-05, 2.06810127565e-05, 1.8807770175e-05, 1.77633337444e-05, 1.51912536239e-05, 1.42072722156e-05, 1.56060468726e-05, 1.18691714306e-05, 9.44405837799e-06, 8.1954349298e-06, 9.10896233108e-06, 6.73960812492e-06, 5.56463783141e-06, 3.99568079956e-06, 2.96225312013e-06, 1.719487841e-06, 1.04493221897e-06, 7.10639938006e-07, 3.89126398659e-07, 3.02979515254e-07, 2.6930379704e-07],
        "dmean2": [0.00617011589929, 0.00392168574035, 0.00199822173454, 0.00152356410399, 0.000425183359766, 0.000312180636683, 0.000124725338537, 0.000104234299215, 7.25953868823e-05, 8.10347846709e-05, 7.12222463335e-05, 5.3754189139e-05, 2.91609776468e-05, 1.76759913302e-05, 2.1081934392e-05, 1.58889579325e-05, 1.65714045579e-05, 2.53082180279e-05, 1.74806173163e-05, 2.26428746828e-05, 3.48221437889e-05, 3.20790932165e-05, 3.0172710467e-05, 2.55143349932e-05, 2.41234665737e-05, 2.70349664788e-05, 2.05718497455e-05, 1.63476652233e-05, 1.46273787323e-05, 1.59845894814e-05, 1.17356339615e-05, 9.75873444986e-06, 6.81676874592e-06, 4.93707921123e-06, 2.7979542665e-06, 1.64374500855e-06, 1.17643764952e-06, 6.4477194428e-07, 4.81940901409e-07, 4.32686363183e-07],
        "dvar": [9.61822661338e-05, 1.64434004546e-05, 2.83293320535e-06, 8.11712288851e-06, 2.28627826004e-07, 1.23445303757e-07, 1.47747867274e-08, 1.3054139103e-08, 1.19082885774e-08, 4.99520691477e-09, 4.3056957999e-09, 3.44961947896e-09, 9.04235908372e-10, 5.95491767008e-10, 3.09294950762e-10, 2.57938392867e-10, 2.41846959126e-10, 3.26446814025e-10, 2.53707360676e-10, 3.74773462264e-10, 5.53775580947e-10, 5.19063181326e-10, 7.25996873729e-10, 4.74392525263e-10, 3.11850351098e-10, 5.62147606242e-10, 3.36415145741e-10, 1.7532741925e-10, 2.72902367371e-10, 2.61700217052e-10, 1.66805166901e-10, 3.15342280066e-10, 8.60080895393e-11, 4.47528750169e-11, 1.33192346041e-11, 5.7849306942e-12, 2.97178210859e-12, 6.55684328447e-13, 3.79230148803e-13, 4.6712579551e-13],
        "dvar2": [0.00024899104028, 4.37548405898e-05, 6.73935528539e-06, 2.33993650909e-05, 6.33885008483e-07, 3.38068929295e-07, 3.65368251209e-08, 3.51367468454e-08, 3.30538938442e-08, 1.17774421327e-08, 1.10610418602e-08, 9.00243346535e-09, 2.33722308174e-09, 1.64133195923e-09, 8.23669465966e-10, 7.24507842609e-10, 6.66798949389e-10, 8.73780547916e-10, 6.8963307287e-10, 1.04061093076e-09, 1.46213197105e-09, 1.45246326078e-09, 1.95015470439e-09, 1.24466636997e-09, 8.87154960605e-10, 1.5987193791e-09, 9.3130303469e-10, 4.86605700178e-10, 7.73513531005e-10, 7.27351956442e-10, 4.58566101758e-10, 8.99818164424e-10, 2.30580152194e-10, 1.18403592486e-10, 3.1511980525e-11, 1.39364552884e-11, 7.87652061629e-12, 1.62210284267e-12, 9.26722023772e-13, 1.17769195004e-12],
        "max": [0.0809544399381, 0.043725810945, 0.0345101356506, 0.0354991480708, 0.00667246198282, 0.00654785009101, 0.00179271353409, 0.00158020458184, 0.00265293824486, 0.00106774736196, 0.000919736921787, 0.00127783569042, 0.000455944624264, 0.000479193258798, 0.000196679699002, 0.000239343731664, 0.00028717960231, 0.00026055710623, 0.000250182667514, 0.000362682680134, 0.000285937247099, 0.000344411440892, 0.000468064798042, 0.000375825882656, 0.00018891748914, 0.000251676392509, 0.000190998762264, 0.000171981213498, 0.000191642102436, 0.000152833919856, 0.000161200558068, 0.00033449116745, 0.000127204548335, 8.82037347765e-05, 5.31688092451e-05, 4.15331051045e-05, 2.04905791179e-05, 1.02909380075e-05, 8.00466841611e-06, 1.48738217831e-05],
        "mean": [0.00332052120939, 0.00355383683927, 0.00236814981326, 0.00117753713857, 0.000460824667243, 0.000332782277837, 0.000151547472342, 0.000108428321255, 7.23276898498e-05, 9.24988344195e-05, 7.59288668633e-05, 5.41818044439e-05, 2.98957929772e-05, 1.78014161065e-05, 2.00694539672e-05, 1.41376667671e-05, 1.66488462128e-05, 2.63030979113e-05, 1.70475523191e-05, 2.43861049967e-05, 4.04094098485e-05, 3.78898512281e-05, 3.25660003e-05, 2.91152064165e-05, 3.00149476971e-05, 2.97878159472e-05, 2.31567337323e-05, 1.98203306354e-05, 1.43384158946e-05, 1.65933997778e-05, 1.26121149151e-05, 8.52591438161e-06, 6.86241901349e-06, 5.13395116286e-06, 3.13764098792e-06, 1.84778900802e-06, 1.12894008453e-06, 6.98187932358e-07, 5.62745071875e-07, 4.64166049596e-07],
        "median": [0.000704486097675, 0.00203010858968, 0.00185263727326, 0.000743248732761, 0.000292007520329, 0.000208362500416, 9.51350812102e-05, 6.26102337264e-05, 4.3743486458e-05, 6.3998362748e-05, 5.2435330872e-05, 3.26290246448e-05, 1.81592240551e-05, 1.15930324682e-05, 1.43184033732e-05, 8.7888138296e-06, 1.18582729556e-05, 1.99900914595e-05, 1.22463061416e-05, 1.86430352187e-05, 3.44539002981e-05, 3.24770408042e-05, 2.54497008427e-05, 2.36419164139e-05, 2.64660102403e-05, 2.44816983468e-05, 1.77162510226e-05, 1.56948317453e-05, 9.50441426539e-06, 1.09115435407e-05, 7.28662234906e-06, 2.86575573227e-06, 2.72126612799e-06, 2.0096897515e-06, 1.0510877928e-06, 5.97708890382e-07, 3.30737123022e-07, 2.39081231257e-07, 2.08634531873e-07, 1.56085832259e-07],
        "min": [3.87840337623e-09, 1.00872932229e-09, 8.93941087821e-10, 3.01893926524e-10, 4.58230016431e-11, 1.58746002454e-11, 7.94277404265e-12, 4.43565149888e-12, 5.09063754692e-12, 4.27087618743e-12, 6.56752213377e-12, 1.89850218879e-12, 4.8186008135e-12, 2.9512529573e-12, 2.24778290599e-12, 2.17148868331e-12, 6.83220754277e-12, 4.2504589258e-12, 2.41345918944e-12, 2.42619401132e-12, 5.08239934513e-12, 3.3139309439e-12, 3.78985428109e-12, 4.10165131026e-12, 2.89158215601e-12, 2.64582821798e-12, 5.12698780999e-12, 5.03070068242e-12, 3.60749277672e-12, 3.59856155291e-12, 3.83998388642e-12, 4.30430387513e-12, 2.94825600565e-12, 4.44392135937e-12, 7.24717508227e-12, 5.53545057014e-12, 4.73462501843e-12, 3.62340908146e-12, 6.69563406455e-12, 1.52145362281e-11],
        "var": [7.58490787121e-05, 2.06054792216e-05, 5.62387640457e-06, 5.53510972168e-06, 2.98536463106e-07, 1.71675196725e-07, 3.18232338259e-08, 1.91749851552e-08, 1.10267190934e-08, 8.98006113914e-09, 6.60429044785e-09, 4.82618833786e-09, 1.43842771028e-09, 5.93079418909e-10, 4.02540917266e-10, 2.85730550331e-10, 2.96959262736e-10, 5.03269148577e-10, 3.05582337212e-10, 4.8902010219e-10, 8.94018248321e-10, 7.44562578259e-10, 9.04805508295e-10, 6.45308084746e-10, 4.37637953654e-10, 6.14799544607e-10, 4.33425684232e-10, 2.69413880094e-10, 2.7264843161e-10, 3.2395025551e-10, 2.51237919358e-10, 3.04628489101e-10, 1.30037008939e-10, 7.2899263015e-11, 2.94828987613e-11, 1.13756408807e-11, 4.45002628496e-12, 1.36103270581e-12, 9.04887926742e-13, 8.8764954588e-13]
    },
    "mfcc": {
        "mean": [-612.151184082, 108.425712585, -11.6651916504, 63.590965271, -4.32456684113, 8.58444786072, -4.11377334595, 8.39203929901, 3.19447541237, -1.58645749092, -4.0901350975, -6.75623559952, -3.34898161888],
        "cov": [[2997.31762695, -817.164550781, 926.560546875, -344.732208252, 486.409912109, 38.8077430725, 248.082870483, 67.3752441406, 99.0173873901, 145.583053589, 55.9241676331, 180.306991577, -23.3201122284], [-817.164550781, 686.820251465, -385.338684082, 267.417388916, -156.902740479, 35.8138923645, -52.7068061829, -10.1790657043, -12.8537139893, -44.3513374329, 9.21222782135, -51.3184089661, 15.3984889984], [926.560546875, -385.338684082, 660.025756836, -156.205718994, 335.829803467, 15.3059825897, 149.150650024, 20.8673477173, 39.4053497314, 71.1076889038, 19.653799057, 90.4022827148, -21.9421081543], [-344.732208252, 267.417388916, -156.205718994, 193.545623779, -50.0648117065, 62.2819328308, -22.8610401154, 11.9454488754, 3.33004021645, -3.06641769409, 21.6872425079, -16.534072876, 9.83396053314], [486.409912109, -156.902740479, 335.829803467, -50.0648117065, 250.345367432, 32.6085319519, 114.301879883, 12.7490234375, 31.0684223175, 48.8714981079, 21.3295116425, 59.9658164978, -8.30087375641], [38.8077430725, 35.8138923645, 15.3059825897, 62.2819328308, 32.6085319519, 94.2196044922, 34.8337478638, 24.3860988617, 11.4211359024, 15.6170167923, 24.4826774597, 14.346739769, 5.49853563309], [248.082870483, -52.7068061829, 149.150650024, -22.8610401154, 114.301879883, 34.8337478638, 114.38306427, 44.0622138977, 35.6269989014, 27.6807327271, 14.3907899857, 36.6644744873, 2.60655522346], [67.3752441406, -10.1790657043, 20.8673477173, 11.9454488754, 12.7490234375, 24.3860988617, 44.0622138977, 72.5058898926, 45.3185119629, 19.6530323029, 5.65464496613, 11.4139719009, 8.09186458588], [99.0173873901, -12.8537139893, 39.4053497314, 3.33004021645, 31.0684223175, 11.4211359024, 35.6269989014, 45.3185119629, 66.6439361572, 38.7023048401, 15.9106340408, 15.2334527969, 3.69753050804], [145.583053589, -44.3513374329, 71.1076889038, -3.06641769409, 48.8714981079, 15.6170167923, 27.6807327271, 19.6530323029, 38.7023048401, 68.5785064697, 41.3855476379, 27.9465312958, -4.04967260361], [55.9241676331, 9.21222782135, 19.653799057, 21.6872425079, 21.3295116425, 24.4826774597, 14.3907899857, 5.65464496613, 15.9106340408, 41.3855476379, 63.1145744324, 31.9968070984, 1.23765015602], [180.306991577, -51.3184089661, 90.4022827148, -16.534072876, 59.9658164978, 14.346739769, 36.6644744873, 11.4139719009, 15.2334527969, 27.9465312958, 31.9968070984, 58.332447052, 16.0190391541], [-23.3201122284, 15.3984889984, -21.9421081543, 9.83396053314, -8.30087375641, 5.49853563309, 2.60655522346, 8.09186458588, 3.69753050804, -4.04967260361, 1.23765015602, 16.0190391541, 41.4103965759]],
