{
"lowlevel": {
    "average_loudness": 0.932833790779,
    "barkbands_crest": {
        "dmean": 1.83330619335,
        "dmean2": 3.38934898376,
        "dvar": 2.51877260208,
        "dvar2": 8.18140983582,
        "max": 23.0860900879,
        "mean": 11.6413803101,
        "median": 11.1813602448,
        "min": 3.87566137314,
        "var": 13.3246011734
    },
    "barkbands_flatness_db": {
        "dmean": 0.0192320235074,
        "dmean2": 0.0296224933118,
        "dvar": 0.000341987266438,
        "dvar2": 0.000800373847596,
        "max": 0.523988723755,
        "mean": 0.266379863024,
        "median": 0.27560031414,
        "min": 0.0795757994056,
        "var": 0.00430927891284
    },
    "barkbands_kurtosis": {
        "dmean": 3.88486909866,
        "dmean2": 5.9543466568,
        "dvar": 45.5606689453,
        "dvar2": 122.730827332,
        "max": 108.022789001,
        "mean": 10.105389595,
        "median": 6.110414505,
        "min": -1.8416261673,
        "var": 134.556884766
    },
    "barkbands_skewness": {
        "dmean": 0.455995172262,
        "dmean2": 0.716677308083,
        "dvar": 0.322439819574,
        "dvar2": 0.78544485569,
        "max": 7.2887172699,
        "mean": 2.36932039261,
        "median": 2.20728945732,
        "min": -1.61073052883,
        "var": 1.50070440769
    },
    "barkbands_spread": {
        "dmean": 1.85834217072,
        "dmean2": 2.77995347977,
        "dvar": 14.6246204376,
        "dvar2": 31.4701919556,
        "max": 92.6471481323,
        "mean": 9.01964855194,
        "median": 7.44227838516,
        "min": 0.5658172369,
        "var": 45.0663337708
    },
    "dissonance": {
        "dmean": 0.0302811060101,
        "dmean2": 0.050208710134,
        "dvar": 0.000790726277046,
        "dvar2": 0.00203105784021,
        "max": 0.497633963823,
        "mean": 0.414695382118,
        "median": 0.421861886978,
        "min": 0.186495408416,
        "var": 0.00213730009273
    },
    "dynamic_complexity": 2.62180757523,
    "erbbands_crest": {
        "dmean": 2.10116434097,
        "dmean2": 3.03207945824,
        "dvar": 4.26868009567,
        "dvar2": 9.52654933929,
        "max": 28.2580566406,
        "mean": 12.0134010315,
        "median": 11.2433738708,
        "min": 3.19330334663,
        "var": 21.2311477661
    },
    "erbbands_flatness_db": {
        "dmean": 0.0154128586873,
        "dmean2": 0.0206115227193,
        "dvar": 0.000257230247371,
        "dvar2": 0.000510418205522,
        "max": 0.428341656923,
        "mean": 0.226364001632,
        "median": 0.227668613195,
        "min": 0.0650778338313,
        "var": 0.00188991590403
    },
    "erbbands_kurtosis": {
        "dmean": 1.29211401939,
        "dmean2": 1.94123351574,
        "dvar": 17.3079109192,
        "dvar2": 39.4847640991,
        "max": 93.2677307129,
        "mean": 1.10388445854,
        "median": -0.276822566986,
        "min": -1.91840910912,
        "var": 42.8788719177
    },
    "erbbands_skewness": {
        "dmean": 0.323672920465,
        "dmean2": 0.439135313034,
        "dvar": 0.173734918237,
        "dvar2": 0.365653425455,
        "max": 7.91632699966,
        "mean": 0.387030184269,
        "median": 0.17139826715,
        "min": -2.6100666523,
        "var": 1.08998262882
    },
    "erbbands_spread": {
        "dmean": 5.70397138596,
        "dmean2": 7.95776700974,
        "dvar": 78.6360626221,
        "dvar2": 153.968948364,
        "max": 157.037750244,
        "mean": 30.9971561432,
        "median": 28.4133529663,
        "min": 0.975128650665,
        "var": 246.822875977
    },
    "hfc": {
        "dmean": 1.75355267525,
        "dmean2": 2.55453515053,
        "dvar": 7.42807388306,
        "dvar2": 16.2692985535,
        "max": 72.3403930664,
        "mean": 13.2052993774,
        "median": 10.2342290878,
        "min": 0.014821366407,
        "var": 120.557952881
    },
    "melbands_crest": {
        "dmean": 2.02180457115,
        "dmean2": 3.63555192947,
        "dvar": 4.17234325409,
        "dvar2": 12.8561086655,
        "max": 33.4128036499,
        "mean": 17.2804775238,
        "median": 16.8149967194,
        "min": 5.63848972321,
        "var": 21.3852825165
    },
    "melbands_flatness_db": {
        "dmean": 0.0232959780842,
        "dmean2": 0.0354803130031,
        "dvar": 0.000537204323336,
        "dvar2": 0.00122620619368,
        "max": 0.681283056736,
        "mean": 0.375491052866,
        "median": 0.392122119665,
        "min": 0.128000065684,
        "var": 0.00699420692399
    },
    "melbands_kurtosis": {
        "dmean": 8.76782894135,
        "dmean2": 13.5697412491,
        "dvar": 289.992370605,
        "dvar2": 721.827575684,
        "max": 285.343933105,
        "mean": 23.8499660492,
        "median": 14.8547477722,
        "min": -1.04083049297,
        "var": 739.207824707
    },
    "melbands_skewness": {
        "dmean": 0.625541985035,
        "dmean2": 0.978120982647,
        "dvar": 0.769105553627,
        "dvar2": 1.78940677643,
        "max": 14.752954483,
        "mean": 3.52046203613,
        "median": 3.25668001175,
        "min": -0.977708935738,
        "var": 3.02415752411
    },
    "melbands_spread": {
        "dmean": 1.81660056114,
        "dmean2": 2.79472970963,
        "dvar": 8.82252216339,
        "dvar2": 21.0339374542,
        "max": 80.6919326782,
        "mean": 8.48644447327,
        "median": 6.34641933441,
        "min": 0.503230392933,
        "var": 45.0253334045
    },
    "pitch_salience": {
        "dmean": 0.0439874790609,
        "dmean2": 0.079669572413,
        "dvar": 0.00159101421013,
        "dvar2": 0.00487568043172,
        "max": 0.715350031853,
        "mean": 0.465248972178,
        "median": 0.471812576056,
        "min": 0.176728770137,
        "var": 0.00661450298503
    },
    "silence_rate_20dB": {
        "dmean": 0,
        "dmean2": 0,
        "dvar": 0,
        "dvar2": 0,
        "max": 1,
        "mean": 1,
        "median": 1,
        "min": 1,
        "var": 0
    },
    "silence_rate_30dB": {
        "dmean": 0.00232198135927,
        "dmean2": 0.00464576063678,
        "dvar": 0.00231660087593,
        "dvar2": 0.00694710109383,
        "max": 1,
        "mean": 0.998839437962,
        "median": 1,
        "min": 0,
        "var": 0.0011591904331
    },
    "silence_rate_60dB": {
        "dmean": 0.00735294120386,
        "dmean2": 0.0147115755826,
        "dvar": 0.00729845184833,
        "dvar2": 0.0175929199904,
        "max": 1,
        "mean": 0.0359767898917,
        "median": 0,
        "min": 0,
        "var": 0.0346820987761
    },
    "spectral_centroid": {
        "dmean": 89.8207015991,
        "dmean2": 131.0753479,
        "dvar": 31070.5722656,
        "dvar2": 64466.625,
        "max": 4430.14355469,
        "mean": 560.271118164,
        "median": 461.62789917,
        "min": 162.668136597,
        "var": 122498.390625
    },
    "spectral_complexity": {
        "dmean": 1.28792572021,
        "dmean2": 2.10181951523,
        "dvar": 1.59590554237,
        "dvar2": 3.61368989944,
        "max": 32,
        "mean": 10.3311414719,
        "median": 9,
        "min": 0,
        "var": 36.4804878235
    },
    "spectral_decrease": {
        "dmean": 1.89399051997e-09,
        "dmean2": 3.5010432331e-09,
        "dvar": 2.50836358261e-18,
        "dvar2": 8.1241113728e-18,
        "max": -2.3581256739e-11,
        "mean": -1.18736567245e-08,
        "median": -1.22134453662e-08,
        "min": -3.05514333832e-08,
        "var": 3.45241331791e-17
    },
    "spectral_energy": {
        "dmean": 0.00724725658074,
        "dmean2": 0.013367285952,
        "dvar": 3.7060581235e-05,
        "dvar2": 0.00011909580644,
        "max": 0.119437359273,
        "mean": 0.0460115969181,
        "median": 0.0472725182772,
        "min": 9.28197841858e-05,
        "var": 0.00052064441843
    },
    "spectral_energyband_high": {
        "dmean": 5.21474612469e-05,
        "dmean2": 7.59424438002e-05,
        "dvar": 3.01747533626e-08,
        "dvar2": 5.22139238512e-08,
        "max": 0.00554507318884,
        "mean": 0.000102815371065,
        "median": 1.15907887448e-05,
        "min": 9.02970000993e-08,
        "var": 7.53706004275e-08
    },
    "spectral_energyband_low": {
        "dmean": 0.00618568947539,
        "dmean2": 0.0118644079193,
        "dvar": 2.71253065875e-05,
        "dvar2": 9.40339668887e-05,
        "max": 0.0967677757144,
        "mean": 0.0270945541561,
        "median": 0.0237674098462,
        "min": 7.08999650669e-05,
        "var": 0.000308279617457
    },
    "spectral_energyband_middle_high": {
        "dmean": 0.000909295515157,
        "dmean2": 0.00112659984734,
        "dvar": 4.58308977613e-06,
        "dvar2": 1.03079637483e-05,
        "max": 0.0547259151936,
        "mean": 0.00400831503794,
        "median": 0.00194180908147,
        "min": 2.04727234632e-06,
        "var": 3.19678547385e-05
    },
    "spectral_energyband_middle_low": {
        "dmean": 0.00287867966108,
        "dmean2": 0.00474812090397,
        "dvar": 1.37509532578e-05,
        "dvar2": 3.6156441638e-05,
        "max": 0.066501557827,
        "mean": 0.0197566710413,
        "median": 0.0176921095699,
        "min": 7.01041517459e-06,
        "var": 0.00015126002836
    },
    "spectral_entropy": {
        "dmean": 0.202924534678,
        "dmean2": 0.278848469257,
        "dvar": 0.0496418997645,
        "dvar2": 0.0995285362005,
        "max": 8.52694892883,
        "mean": 6.29655742645,
        "median": 6.24088144302,
        "min": 3.91239666939,
        "var": 0.358083814383
    },
    "spectral_flux": {
        "dmean": 0.0098855253309,
        "dmean2": 0.0160731934011,
        "dvar": 9.06375134946e-05,
        "dvar2": 0.000253976904787,
        "max": 0.18453450501,
        "mean": 0.0549387522042,
        "median": 0.0518480427563,
        "min": 0.00302710314281,
        "var": 0.000503217393998
    },
    "spectral_kurtosis": {
        "dmean": 7.55217599869,
        "dmean2": 11.9661083221,
        "dvar": 66.9164886475,
        "dvar2": 166.286132812,
        "max": 138.691879272,
        "mean": 17.3668994904,
        "median": 13.6425361633,
        "min": -1.19014358521,
        "var": 192.144180298
    },
    "spectral_rms": {
        "dmean": 0.000533831538633,
        "dmean2": 0.000983735895716,
        "dvar": 1.5977192902e-07,
        "dvar2": 5.3363595498e-07,
        "max": 0.0107946395874,
        "mean": 0.00641072634608,
        "median": 0.00679113622755,
        "min": 0.000300925050396,
        "var": 3.79195853384e-06
    },
    "spectral_rolloff": {
        "dmean": 122.782287598,
        "dmean2": 223.65171814,
        "dvar": 125264.25,
        "dvar2": 318471.25,
        "max": 7062.890625,
        "mean": 454.094909668,
        "median": 322.998046875,
        "min": 64.599609375,
        "var": 194470.0625
    },
    "spectral_skewness": {
        "dmean": 0.617148458958,
        "dmean2": 0.945885360241,
        "dvar": 0.340845584869,
        "dvar2": 0.813656151295,
        "max": 10.1969661713,
        "mean": 2.88401675224,
        "median": 2.74513864517,
        "min": 0.1738178581,
        "var": 1.40210437775
    },
    "spectral_spread": {
        "dmean": 506394.4375,
        "dmean2": 688717.25,
        "dvar": 464061792256,
        "dvar2": 768102825984,
        "max": 14064429,
        "mean": 2807278.75,
        "median": 2439815.5,
        "min": 958231.4375,
        "var": 1.97384758886e+12
    },
    "spectral_strongpeak": {
        "dmean": 0.237103939056,
        "dmean2": 0.430838406086,
        "dvar": 0.330284118652,
        "dvar2": 0.790681958199,
        "max": 7.95719814301,
        "mean": 0.638669133186,
        "median": 0.477290958166,
        "min": 0,
        "var": 0.479232549667
    },
    "zerocrossingrate": {
        "dmean": 0.00332783325575,
        "dmean2": 0.00425256462768,
        "dvar": 2.52079025813e-05,
        "dvar2": 3.67619286408e-05,
        "max": 0.14990234375,
        "mean": 0.0219288337976,
        "median": 0.01904296875,
        "min": 0.00390625,
        "var": 0.000146818143548
    },
    "barkbands": {
        "dmean": [0.000122490848298, 0.00540927425027, 0.00127453252207, 0.0014410460135, 0.0011046747677, 0.000964055943768, 0.000258523097727, 0.000233888698858, 0.000625448999926, 0.000275917729596, 0.00035648336052, 0.000117811614473, 0.000332310184604, 0.000176200745045, 6.63786850055e-05, 5.56357335881e-05, 5.71119453525e-05, 3.08094349748e-05, 5.14607927471e-05, 2.35387506109e-05, 2.21118698391e-05, 1.27481434902e-05, 7.85581869422e-06, 6.13418342255e-06, 2.78026027445e-06, 6.20328250989e-07, 2.43880275974e-08],
        "dmean2": [0.000235247120145, 0.0106501309201, 0.00177748093847, 0.0023848770652, 0.00182496570051, 0.00163667055313, 0.000427876715548, 0.000350620102836, 0.000916046847124, 0.000259122549323, 0.00053231039783, 0.000152812644956, 0.000420512922574, 0.000209431585972, 9.93472713162e-05, 7.31734835426e-05, 8.38056803332e-05, 4.34781104559e-05, 6.94161863066e-05, 3.73056245735e-05, 3.31470146193e-05, 1.9885806978e-05, 1.13543992484e-05, 8.22126003186e-06, 3.66037602362e-06, 8.51752474773e-07, 3.6178676055e-08],
        "dvar": [1.04060040584e-08, 2.07046359719e-05, 3.15696547659e-06, 2.50621974374e-06, 5.1758902373e-06, 3.05096295961e-06, 2.2120605081e-07, 1.88263612699e-07, 3.27454858962e-06, 2.87202851723e-07, 4.31794023825e-06, 9.10654733843e-08, 3.88349519653e-07, 1.45032061027e-07, 1.8752652764e-08, 2.6838813838e-08, 1.56341002366e-08, 8.86905660025e-09, 1.71470730947e-08, 3.1125633182e-09, 6.70292399363e-09, 1.37447997428e-09, 1.53711521289e-09, 2.76810951938e-09, 1.82259846104e-10, 6.98411380812e-12, 1.01556031651e-14],
        "dvar2": [3.74298032568e-08, 7.84247386036e-05, 7.57691168474e-06, 7.21377682567e-06, 1.22633082356e-05, 7.78405956225e-06, 6.71926613904e-07, 4.18828250304e-07, 8.63673813001e-06, 2.70690094339e-07, 9.94351557893e-06, 1.12178028644e-07, 8.21268315576e-07, 2.09350190516e-07, 4.85232973801e-08, 5.18499376767e-08, 3.46098580906e-08, 1.69102847281e-08, 3.38654544407e-08, 7.64961338717e-09, 1.29748256583e-08, 3.00199509695e-09, 2.86320700482e-09, 4.47512693569e-09, 2.64788496684e-10, 1.15225060396e-11, 1.97231875878e-14],
        "max": [0.00143754784949, 0.0622341036797, 0.0534513704479, 0.0426319465041, 0.0390958338976, 0.0389470718801, 0.00561382481828, 0.0078976303339, 0.0381129346788, 0.0140454191715, 0.0430747494102, 0.00679527688771, 0.0122690014541, 0.00950940325856, 0.00183746346738, 0.00451119011268, 0.00259330053814, 0.00218986999243, 0.00224612350576, 0.000867126043886, 0.00245482916944, 0.000968676584307, 0.00114911771379, 0.00257883663289, 0.000521623180248, 7.72666680859e-05, 2.82168662125e-06],
        "mean": [0.000496655877214, 0.0134965023026, 0.00867749471217, 0.0109119750559, 0.00303795048967, 0.00257538887672, 0.000407165847719, 0.000473326275824, 0.00148281420115, 0.00127359014004, 0.000637871329673, 0.000282150547719, 0.000883127329871, 0.000633754010778, 0.000122023506265, 0.000164113254868, 0.000135196591145, 7.90577469161e-05, 0.000112660614832, 4.48309074272e-05, 3.61168240488e-05, 2.25145886361e-05, 1.1538488252e-05, 8.4525991042e-06, 4.29860756412e-06, 1.05170181541e-06, 6.25948928246e-08],
        "median": [0.000503144867253, 0.0104036591947, 0.00802555121481, 0.00816842820495, 0.00163678696845, 0.00154193653725, 0.000133977649966, 7.64906071709e-05, 0.000450290332083, 5.19190762134e-05, 2.02164319489e-05, 2.52495574387e-05, 0.000178284171852, 3.19201099046e-05, 2.24938521569e-05, 1.65746332641e-05, 2.37178883253e-05, 9.65362869465e-06, 9.59031422099e-06, 4.58850126961e-06, 2.68495955424e-06, 3.70877978639e-06, 1.01228488347e-06, 6.88459977027e-07, 4.67708417773e-07, 1.39075595484e-07, 4.14928535974e-08],
        "min": [2.96903721164e-07, 2.66900024144e-05, 2.0651664272e-06, 6.74722173244e-07, 4.21299091613e-07, 8.62626279741e-07, 6.58514636598e-07, 1.15165526893e-07, 1.56471813284e-07, 2.50307039096e-07, 3.18190060966e-08, 3.04930480866e-08, 2.60288182119e-08, 7.41345047572e-08, 1.6401365599e-08, 1.39346383321e-08, 1.01297565891e-08, 8.6764524454e-09, 9.69678648488e-09, 1.04141317792e-08, 6.76370026653e-09, 1.00691144311e-08, 3.83853482333e-09, 5.27336352363e-09, 6.56497656237e-09, 2.69396527308e-09, 8.83420359088e-09],
        "var": [6.58119034824e-08, 0.000119320116937, 5.64365145692e-05, 9.33983537834e-05, 2.27633590839e-05, 1.0898270375e-05, 4.02872075256e-07, 6.95338428613e-07, 6.74994362271e-06, 4.88416344524e-06, 9.92214427242e-06, 5.86093960919e-07, 1.68222436514e-06, 1.6061678707e-06, 5.45440563826e-08, 1.78082686375e-07, 7.41847259178e-08, 3.08119609826e-08, 5.64266819936e-08, 9.26294951853e-09, 1.16119398541e-08, 3.16690629276e-09, 3.99029653764e-09, 4.64736338301e-09, 4.5880779731e-10, 1.99183048527e-11, 1.73748344813e-14]
    },
    "erbbands": {
        "dmean": [0.139699369669, 1.33462142944, 1.58950471878, 2.89726924896, 6.20409631729, 2.24085617065, 4.05234384537, 9.04789447784, 4.57245063782, 4.09605169296, 5.25434494019, 17.3240776062, 8.60799694061, 7.04475021362, 14.8561506271, 6.43630409241, 16.4392662048, 8.98378181458, 4.0180811882, 4.13078260422, 2.33357405663, 2.4156639576, 2.05792117119, 3.51128005981, 0.872458994389, 1.17870998383, 0.92352360487, 0.72413367033, 0.425819456577, 0.362443894148, 0.239227667451, 0.17843721807, 0.0712281316519, 0.0392434149981, 0.0162983909249, 0.0043302741833, 0.000885051675141, 8.68007409736e-05, 5.98397764406e-06, 7.90684680396e-06],
        "dmean2": [0.275949150324, 2.61755037308, 2.52063584328, 4.41949033737, 10.7038345337, 3.62275242805, 6.72508573532, 15.5104064941, 7.86090373993, 6.15476894379, 7.74971866608, 25.8322257996, 9.23156356812, 7.74013519287, 21.5734386444, 8.06068134308, 20.9595737457, 10.1788311005, 5.42995595932, 6.46790933609, 3.06973648071, 3.56208872795, 2.95217227936, 4.68716335297, 1.30950701237, 1.87756919861, 1.42244911194, 1.07635593414, 0.665595293045, 0.55351537466, 0.344562679529, 0.247426152229, 0.0951988920569, 0.0516347512603, 0.0213481169194, 0.00600958010182, 0.00120450009126, 0.000121480545204, 9.46339150687e-06, 1.45283320307e-05],
        "dvar": [0.0133626619354, 1.23185360432, 3.45531916618, 9.54596805573, 90.4553833008, 23.7492141724, 82.8969802856, 280.761383057, 72.4331359863, 52.3915023804, 101.994186401, 3041.56689453, 255.4947052, 410.945953369, 7334.83056641, 236.382263184, 1011.53460693, 275.520904541, 93.5791168213, 116.189178467, 40.1651725769, 25.6887283325, 39.3379592896, 88.0053634644, 3.52246403694, 7.77358055115, 10.7105894089, 10.2663869858, 1.66203892231, 1.44013905525, 1.63526332378, 2.5395886898, 0.206991240382, 0.0443183295429, 0.00521938689053, 0.000322055624565, 1.45587746374e-05, 1.28078767148e-07, 2.46892339906e-10, 4.44825842827e-11],
        "dvar2": [0.0518512092531, 4.6247344017, 7.8290143013, 24.9152126312, 230.790740967, 58.1279525757, 205.926834106, 707.512695312, 239.239044189, 122.833610535, 222.527130127, 8131.71582031, 331.504608154, 653.432617188, 15853.1640625, 305.937683105, 2228.18652344, 305.200073242, 207.789657593, 322.2315979, 78.4053192139, 58.8724594116, 74.0730438232, 174.329650879, 7.91057682037, 19.2263832092, 23.7172584534, 19.7421741486, 3.72354364395, 2.9370803833, 3.20455408096, 4.11349344254, 0.331473857164, 0.0654212832451, 0.00864950567484, 0.000524123257492, 2.50406919804e-05, 2.42361153369e-07, 3.99199368006e-10, 1.41742853565e-10],
        "max": [0.904523193836, 16.5959663391, 51.5721702576, 89.5019226074, 168.273178101, 127.403053284, 235.740814209, 455.498352051, 118.758239746, 114.377471924, 171.506546021, 1217.71240234, 458.568084717, 427.966186523, 1809.45471191, 344.666656494, 656.404418945, 444.011138916, 238.712478638, 214.757614136, 167.366439819, 114.262870789, 161.554855347, 161.290725708, 36.8987770081, 41.2839012146, 84.5982666016, 95.594078064, 31.3653106689, 44.9850845337, 38.9431762695, 75.0271606445, 21.5726604462, 8.56425285339, 2.3094701767, 0.549060821533, 0.151201710105, 0.011401896365, 0.000651635346003, 0.000134894886287],
        "mean": [0.235957354307, 3.4638402462, 10.1093168259, 23.1806755066, 26.5999145508, 7.15713262558, 11.0944252014, 23.3837909698, 8.4651594162, 7.83547496796, 12.6010856628, 39.381980896, 44.3098449707, 20.6374111176, 27.7948436737, 17.6120643616, 43.1437683105, 34.5359764099, 12.4407739639, 8.81548023224, 7.73909664154, 6.13123893738, 5.54079818726, 8.05790328979, 2.05080103874, 2.37211728096, 1.65899097919, 1.16978013515, 0.715986788273, 0.557577490807, 0.349490880966, 0.249137744308, 0.101843051612, 0.0583076477051, 0.0244953930378, 0.00735656684265, 0.00153029628564, 0.000142552904435, 2.9510270906e-05, 5.19909226568e-05],
        "median": [0.206692114472, 2.54368948936, 8.48873138428, 18.7439289093, 22.2961483002, 3.86955308914, 6.31641101837, 13.4979667664, 3.36870193481, 2.16457915306, 4.09699773788, 12.6428184509, 7.65669059753, 1.8559128046, 1.31389820576, 3.40065670013, 11.5470161438, 6.50037574768, 1.90250205994, 1.60643792152, 0.946605741978, 1.22636651993, 1.59318006039, 0.789707124233, 0.456021308899, 0.25891572237, 0.140696436167, 0.106753639877, 0.099059946835, 0.0658652409911, 0.0308812335134, 0.017309198156, 0.00874400977045, 0.00559271220118, 0.00301367719658, 0.000953389622737, 0.000205368662137, 2.49697022809e-05, 2.6453342798e-05, 5.31727891939e-05],
        "min": [0.000659845769405, 0.00467173336074, 0.0042602866888, 0.00283667678013, 0.00139566767029, 0.00161068944726, 0.0037755551748, 0.00759109156206, 0.00835821498185, 0.00634369673207, 0.00158372218721, 0.00752981519327, 0.00895601790398, 0.00801347754896, 0.00186910375487, 0.00212692352943, 0.00209685927257, 0.00755645614117, 0.00269830552861, 0.000927421322558, 0.00069687521318, 0.000585820700508, 0.000396174058551, 0.000524395727552, 0.000636288372334, 0.000598147977144, 0.00041702229646, 0.000225106690777, 0.000403095793445, 0.000284182693576, 0.000162558353622, 0.000128064522869, 9.7138377896e-05, 7.06293430994e-05, 5.10404788656e-05, 1.96853870875e-05, 3.51016046807e-06, 2.06391018764e-06, 2.20905326387e-06, 8.05128763659e-07],
        "var": [0.023245152086, 9.22504329681, 71.6016769409, 310.861877441, 486.358276367, 145.241195679, 257.117462158, 966.581542969, 178.15007019, 175.1665802, 469.041625977, 5298.97314453, 5221.94433594, 2858.34643555, 16728.2070312, 1582.44714355, 3873.54321289, 3598.13232422, 485.558074951, 367.791320801, 320.477813721, 148.549789429, 130.629165649, 287.733978271, 11.8121137619, 25.9461956024, 18.3205013275, 15.8308010101, 3.48297572136, 3.57758545876, 3.71769523621, 4.3556728363, 0.399958908558, 0.108500473201, 0.0117135094479, 0.000839988235384, 4.96330940223e-05, 3.1666914424e-07, 1.00066366304e-09, 6.50603348973e-10]
    },
    "gfcc": {
        "mean": [-68.8651733398, 167.643814087, -93.9915542603, 34.3097381592, -30.8263530731, 12.2676057816, -23.393705368, -2.19854354858, -16.6011676788, -5.97132253647, -8.64591789246, -12.4974517822, -10.8992137909],
        "cov": [[4664.76367188, -606.042175293, -1278.75939941, 149.498397827, -368.079101562, 175.116851807, -55.933467865, 8.44578552246, -205.943374634, -99.7991485596, -326.333068848, 71.3909301758, -20.7691612244], [-606.042175293, 1003.10601807, -43.1110420227, -375.12713623, 353.830932617, -180.523925781, 90.0219192505, -111.611938477, 122.768371582, -135.063522339, 116.149368286, -80.7203979492, -48.3440055847], [-1278.75939941, -43.1110420227, 851.359924316, 148.190811157, 42.8522529602, 71.3410263062, -38.8265075684, -37.6916236877, -5.55588960648, 18.1312923431, 37.5827178955, -27.8836841583, -7.00904512405], [149.498397827, -375.12713623, 148.190811157, 405.835418701, -42.4820747375, -8.32284450531, -30.7488269806, 16.5459632874, -38.5711746216, 0.0666093379259, -44.4527206421, -0.190923437476, 33.4863357544], [-368.079101562, 353.830932617, 42.8522529602, -42.4820747375, 325.968719482, -81.8660964966, -2.37611889839, -22.2558441162, 47.7300300598, -86.1090393066, 29.8803939819, -32.7676887512, -19.6071929932], [175.116851807, -180.523925781, 71.3410263062, -8.32284450531, -81.8660964966, 211.929489136, 18.8334064484, -39.0528907776, -33.4647254944, 27.0229663849, -23.7615184784, 11.8861684799, -22.363319397], [-55.933467865, 90.0219192505, -38.8265075684, -30.7488269806, -2.37611889839, 18.8334064484, 150.430343628, 9.24425888062, -5.55666542053, -36.8224906921, -1.75647461414, -0.862738907337, 3.66324806213], [8.44578552246, -111.611938477, -37.6916236877, 16.5459632874, -22.2558441162, -39.0528907776, 9.24425888062, 177.968856812, 30.211227417, -20.4369869232, -6.16010570526, 22.8952693939, 28.939250946], [-205.943374634, 122.768371582, -5.55588960648, -38.5711746216, 47.7300300598, -33.4647254944, -5.55666542053, 30.211227417, 124.022979736, 10.8612174988, 20.6847038269, -6.03049182892, -12.3277788162], [-99.7991485596, -135.063522339, 18.1312923431, 0.0666093379259, -86.1090393066, 27.0229663849, -36.8224906921, -20.4369869232, 10.8612174988, 152.640167236, 31.6221981049, -4.02580022812, 0.581354439259], [-326.333068848, 116.149368286, 37.5827178955, -44.4527206421, 29.8803939819, -23.7615184784, -1.75647461414, -6.16010570526, 20.6847038269, 31.6221981049, 119.974311829, 4.0516204834, -16.9034004211], [71.3909301758, -80.7203979492, -27.8836841583, -0.190923437476, -32.7676887512, 11.8861684799, -0.862738907337, 22.8952693939, -6.03049182892, -4.02580022812, 4.0516204834, 99.9294204712, 19.141500473], [-20.7691612244, -48.3440055847, -7.00904512405, 33.4863357544, -19.6071929932, -22.363319397, 3.66324806213, 28.939250946, -12.3277788162, 0.581354439259, -16.9034004211, 19.141500473, 101.040687561]],
        "icov": [[0.00112883700058, -0.00256753573194, 0.00209005037323, -0.00272983848117, 0.00172670336906, -0.00282265152782, 0.0023290431127, -0.00195944006555, 0.00248099886812, -0.000806723895948, 0.00283378642052, -0.00116723170504, 0.00124290306121], [-0.00256753573194, 0.0193288978189, -0.00589911453426, 0.0164554193616, -0.00933609064668, 0.0152326831594, -0.0113581120968, 0.0151805356145, -0.0139070032164, 0.0114642959088, -0.0134334890172, 0.00853665452451, -0.00514602893963], [0.00209005037323, -0.00589911453426, 0.0054012532346, -0.00655726948753, 0.00333098066039, -0.00677982857451, 0.00516828009859, -0.00443525798619, 0.00518815638497, -0.00224144035019, 0.00504485378042, -0.00222561554983, 0.00229520117864], [-0.00272983848117, 0.0164554193616, -0.00655726948753, 0.0174166858196, -0.00794082228094, 0.0140965282917, -0.00978693459183, 0.0125895552337, -0.0114817600697, 0.00920857395977, -0.0110139213502, 0.00733104161918, -0.00527200521901], [0.00172670336906, -0.00933609064668, 0.00333098066039, -0.00794082228094, 0.00975418277085, -0.00653692986816, 0.00655273441225, -0.00604708632454, 0.00535826059058, -0.00177948444616, 0.00586573034525, -0.00298468978144, 0.00290185003541], [-0.00282265152782, 0.0152326831594, -0.00677982857451, 0.0140965282917, -0.00653692986816, 0.0193999148905, -0.0109752854332, 0.0129933087155, -0.0106086973101, 0.00733895134181, -0.00977990869433, 0.00551207130775, -0.00274922326207], [0.0023290431127, -0.0113581120968, 0.00516828009859, -0.00978693459183, 0.00655273441225, -0.0109752854332, 0.0151612395421, -0.00912396237254, 0.00876207277179, -0.0034568819683, 0.00796637684107, -0.0042039398104, 0.00277039082721], [-0.00195944006555, 0.0151805356145, -0.00443525798619, 0.0125895552337, -0.00604708632454, 0.0129933087155, -0.00912396237254, 0.018958941102, -0.0132036283612, 0.0105892047286, -0.0105338180438, 0.00561082782224, -0.00551346829161], [0.00248099886812, -0.0139070032164, 0.00518815638497, -0.0114817600697, 0.00535826059058, -0.0106086973101, 0.00876207277179, -0.0132036283612, 0.0206913333386, -0.00985336769372, 0.0103798490018, -0.00611266726628, 0.00565258553252], [-0.000806723895948, 0.0114642959088, -0.00224144035019, 0.00920857395977, -0.00177948444616, 0.00733895134181, -0.0034568819683, 0.0105892047286, -0.00985336769372, 0.0177846476436, -0.0105411829427, 0.00660043768585, -0.0038348690141], [0.00283378642052, -0.0134334890172, 0.00504485378042, -0.0110139213502, 0.00586573034525, -0.00977990869433, 0.00796637684107, -0.0105338180438, 0.0103798490018, -0.0105411829427, 0.0217040646821, -0.00780392950401, 0.00629349984229], [-0.00116723170504, 0.00853665452451, -0.00222561554983, 0.00733104161918, -0.00298468978144, 0.00551207130775, -0.0042039398104, 0.00561082782224, -0.00611266726628, 0.00660043768585, -0.00780392950401, 0.0152551103383, -0.00453256256878], [0.00124290306121, -0.00514602893963, 0.00229520117864, -0.00527200521901, 0.00290185003541, -0.00274922326207, 0.00277039082721, -0.00551346829161, 0.00565258553252, -0.0038348690141, 0.00629349984229, -0.00453256256878, 0.0136533016339]]
    },
    "melbands": {
        "dmean": [0.00138881930616, 0.00115487352014, 0.000589725386817, 0.000298868282698, 0.00012812470959, 0.000194650827325, 6.37982957414e-05, 4.79370282847e-05, 5.44336653547e-05, 0.000103209429653, 4.12492845498e-05, 2.55114282481e-05, 5.7287474192e-05, 1.29672107505e-05, 3.20175713568e-05, 2.85932819679e-05, 1.87318037206e-05, 8.10836081655e-06, 4.3198451749e-06, 5.86186661167e-06, 2.51916162597e-06, 2.80935182673e-06, 2.76484774986e-06, 1.76431888121e-06, 3.31428373102e-06, 6.40352425307e-07, 6.84836663822e-07, 8.27675648907e-07, 5.65597645164e-07, 7.32317630536e-07, 3.96244047352e-07, 2.82203330926e-07, 2.05159139455e-07, 1.85889589943e-07, 1.39860901527e-07, 1.31811489723e-07, 1.06971008051e-07, 5.11361051281e-08, 4.08620159931e-08, 3.10116767821e-08],
        "dmean2": [0.00274288095534, 0.00215305411257, 0.000973441812675, 0.000503526243847, 0.000212477491004, 0.000333402917022, 0.000107798565296, 7.15625137673e-05, 7.9570170783e-05, 0.000152814202011, 4.24349564128e-05, 2.66544648184e-05, 8.51473814691e-05, 1.77323636308e-05, 3.92423244193e-05, 3.59207842848e-05, 2.13306775549e-05, 1.10936434794e-05, 6.59798388369e-06, 8.35417267808e-06, 3.43657916346e-06, 4.02741761718e-06, 4.29070496466e-06, 2.44085322265e-06, 4.42259533884e-06, 1.00235763512e-06, 1.04190201e-06, 1.34390018047e-06, 8.97384893506e-07, 1.08781989638e-06, 6.0537297486e-07, 4.57067017123e-07, 3.06402114347e-07, 2.87545049105e-07, 2.0974978554e-07, 1.87116455663e-07, 1.46481184515e-07, 7.16080421626e-08, 5.7767177708e-08, 4.16491658939e-08],
        "dvar": [1.3827393559e-06, 1.04830928649e-06, 4.30395090234e-07, 3.18092446605e-07, 7.64694476629e-08, 1.23150883269e-07, 1.29600907783e-08, 7.36668459567e-09, 1.40659244252e-08, 1.04424096037e-07, 6.00083005509e-09, 5.3757260865e-09, 1.18748459954e-07, 1.20745535792e-09, 4.35713198854e-09, 3.29359250983e-09, 1.44780998301e-09, 4.54021015228e-10, 7.91518309229e-11, 2.84736068057e-10, 4.33321330207e-11, 3.87142574942e-11, 4.50520107331e-11, 2.12411234435e-11, 8.26000240428e-11, 2.30065337441e-12, 2.55118278933e-12, 3.98972651791e-12, 5.2775756855e-12, 6.88694370629e-12, 3.12898556891e-12, 6.82789545389e-13, 4.3710963126e-13, 4.25501268334e-13, 5.17712825734e-13, 8.088026234e-13, 1.28844146723e-12, 1.03304246667e-13, 4.45882209193e-14, 2.72090733462e-14],
        "dvar2": [5.30482111571e-06, 3.1464460335e-06, 1.20356924072e-06, 7.86469001923e-07, 1.79880629503e-07, 3.13176172995e-07, 4.14565555218e-08, 1.71609411126e-08, 3.19357980061e-08, 2.75751773415e-07, 7.18082038276e-09, 5.71304026309e-09, 2.67155712663e-07, 2.00719396659e-09, 6.81493306232e-09, 6.7121073144e-09, 1.61904489815e-09, 1.03234754079e-09, 2.17868875718e-10, 6.17116857615e-10, 8.98430357887e-11, 8.23016585438e-11, 1.04248353006e-10, 4.13503675745e-11, 1.63192598324e-10, 5.67948075722e-12, 5.67139260901e-12, 1.02513475139e-11, 1.21980654744e-11, 1.39615307163e-11, 6.89698645417e-12, 1.73714395733e-12, 8.63660000721e-13, 8.88587272339e-13, 1.15760244272e-12, 1.20513256492e-12, 2.28597327699e-12, 1.71129725516e-13, 7.4152821741e-14, 3.95985700556e-14],
        "max": [0.0131495520473, 0.0206874348223, 0.0156418904662, 0.00988020189106, 0.0067596398294, 0.0087122945115, 0.00151749234647, 0.00145175133366, 0.00242329575121, 0.00721066724509, 0.00230651604943, 0.00186199799646, 0.00714585836977, 0.000823902897537, 0.00136734521948, 0.0010912042344, 0.000983506673947, 0.000560545537155, 0.000122214041767, 0.000479394569993, 0.000133930880111, 0.000161850373843, 0.000110060835141, 0.000102888887341, 0.000154347464559, 3.35292352247e-05, 2.91331889457e-05, 3.03002670989e-05, 7.42431147955e-05, 7.8603210568e-05, 4.87121978949e-05, 1.64558405231e-05, 1.804681051e-05, 2.36955056607e-05, 1.84740110853e-05, 3.32685012836e-05, 5.52359124413e-05, 1.46635347846e-05, 8.11091558717e-06, 6.22947754891e-06],
        "mean": [0.00293589476496, 0.00536311883479, 0.00455254176632, 0.00108512677252, 0.000382297439501, 0.000516794330906, 0.00011052784248, 9.1581059678e-05, 0.000126559840282, 0.000241000365349, 0.000213431369048, 7.46005243855e-05, 0.00010053684673, 3.18653910654e-05, 8.17186737549e-05, 7.5509720773e-05, 6.89205699018e-05, 2.46512008744e-05, 7.69247344579e-06, 1.61810894497e-05, 7.5765665315e-06, 6.79238883095e-06, 5.31739033249e-06, 5.16154614161e-06, 7.18473393135e-06, 1.27311727738e-06, 1.31967431116e-06, 1.56303383392e-06, 8.66390848842e-07, 1.25398821638e-06, 5.16351690294e-07, 4.49657761692e-07, 3.27933321387e-07, 2.64849518317e-07, 1.87524022977e-07, 1.97791280243e-07, 1.35400952672e-07, 6.9654610968e-08, 6.0213132258e-08, 4.5043051955e-08],
        "median": [0.00239545037039, 0.00441530440003, 0.00380291067995, 0.00079764414113, 0.000222902788664, 0.000301672989735, 3.68563705706e-05, 1.95442917175e-05, 3.62690225302e-05, 8.25463284855e-05, 3.45844855474e-05, 5.17379748999e-06, 3.31097089656e-06, 3.11216786031e-06, 1.38663881444e-05, 1.94934455067e-05, 6.22827337793e-06, 2.46354443334e-06, 1.76229195858e-06, 1.24961331949e-06, 7.58710882565e-07, 8.68638949214e-07, 1.19080061722e-06, 6.13640452229e-07, 4.1316906163e-07, 2.1032455777e-07, 2.19633491838e-07, 1.25490302594e-07, 8.0846852768e-08, 5.92582907188e-08, 5.78768251103e-08, 6.05121641684e-08, 3.71787507447e-08, 2.65554618295e-08, 1.78477890245e-08, 1.20255014835e-08, 8.99092800211e-09, 6.04619199152e-09, 5.39737277094e-09, 4.53082993346e-09],
        "min": [7.92156333773e-06, 3.62685432265e-06, 4.69837289074e-07, 1.12410340591e-07, 1.39150486689e-07, 1.50762105022e-07, 1.1462553573e-07, 6.29205274549e-08, 5.55539170222e-09, 4.00706596793e-08, 3.14140429225e-08, 2.46521310032e-08, 4.41878222901e-09, 5.23615328873e-09, 3.7949714482e-09, 3.81106080027e-09, 8.60133564373e-09, 5.21508480844e-09, 1.37105493625e-09, 9.27671828244e-10, 8.43846992282e-10, 5.99811256219e-10, 3.68324898359e-10, 3.85378950973e-10, 4.13398454358e-10, 4.35343983085e-10, 4.90577856116e-10, 3.59121593574e-10, 2.21260607058e-10, 1.49721762766e-10, 9.05428440556e-11, 1.44065537278e-10, 1.99158592395e-10, 7.5197945093e-11, 4.90272197839e-11, 5.26538639078e-11, 7.37732583356e-11, 6.38397390507e-11, 5.8555826854e-11, 4.69362326783e-11],
        "var": [4.77871253679e-06, 1.90090431715e-05, 1.10170849439e-05, 1.21364359984e-06, 3.23798900581e-07, 4.51675788327e-07, 3.20465076697e-08, 2.70818603099e-08, 5.86069646147e-08, 1.96069279923e-07, 1.27931954808e-07, 4.72547014851e-08, 2.62786642224e-07, 6.83898271348e-09, 2.34578418912e-08, 1.58518282944e-08, 1.80965891161e-08, 2.20837104159e-09, 1.8943849267e-10, 1.73626968358e-09, 2.92661839207e-10, 2.26547475224e-10, 1.07731185084e-10, 9.92809376377e-11, 2.57780047308e-10, 5.65237570291e-12, 7.05921172212e-12, 1.20952310667e-11, 6.67770309534e-12, 1.33290713536e-11, 3.92937158505e-12, 1.37800361399e-12, 9.98537298853e-13, 9.99176544454e-13, 9.59654231081e-13, 1.9424548775e-12, 1.86858319616e-12, 1.92540888832e-13, 9.69563378151e-14, 6.96506993248e-14]
    },
    "mfcc": {
        "mean": [-727.337890625, 193.179244995, 14.0544605255, 37.9949073792, 16.60846138, 18.5807952881, 6.62181663513, 5.88654232025, -1.56436800957, 3.87195158005, 7.96295166016, -2.45865654945, -9.71326732635],
        "cov": [[5595.06445312, -866.746520996, -1172.26049805, -138.983291626, -499.599639893, 61.0503692627, -146.696746826, 65.6245040894, 116.461769104, -58.4676437378, -165.68510437, -166.199935913, -223.454315186], [-866.746520996, 1299.5904541, -281.010131836, -148.781616211, 144.677322388, -69.0006484985, 0.0725133121014, 68.5280532837, -85.6040039062, -34.3747596741, 107.434104919, 0.0270212758332, 30.3256492615], [-1172.26049805, -281.010131836, 818.65045166, 85.3406982422, 80.0610427856, 117.384613037, 57.5427436829, -44.009803772, -12.1779851913, -4.41233205795, -7.65518951416, 67.3769760132, 2.77965259552], [-138.983291626, -148.781616211, 85.3406982422, 340.892425537, 95.1530075073, -19.9480228424, 5.33327245712, -7.94218635559, 13.3943090439, 24.5572853088, -55.4960861206, -45.0968513489, 6.62812995911], [-499.599639893, 144.677322388, 80.0610427856, 95.1530075073, 280.336578369, -13.7149085999, -29.6812286377, -2.34956240654, -23.5493736267, 20.4645652771, 4.16549301147, -12.5217161179, 11.2942771912], [61.0503692627, -69.0006484985, 117.384613037, -19.9480228424, -13.7149085999, 220.452468872, 23.6566371918, -22.2227497101, -14.4862117767, -36.5702056885, 4.67506361008, 30.830072403, -47.4575195312], [-146.696746826, 0.0725133121014, 57.5427436829, 5.33327245712, -29.6812286377, 23.6566371918, 122.475112915, 24.4614677429, -14.8680477142, -4.15041303635, -20.5378265381, -7.92262411118, -4.98404359818], [65.6245040894, 68.5280532837, -44.009803772, -7.94218635559, -2.34956240654, -22.2227497101, 24.4614677429, 187.280105591, 23.0105361938, -12.3281373978, 9.78103637695, -58.9362716675, -48.1928749084], [116.461769104, -85.6040039062, -12.1779851913, 13.3943090439, -23.5493736267, -14.4862117767, -14.8680477142, 23.0105361938, 124.823623657, 6.33694505692, -39.5907402039, -18.2425575256, 1.38662147522], [-58.4676437378, -34.3747596741, -4.41233205795, 24.5572853088, 20.4645652771, -36.5702056885, -4.15041303635, -12.3281373978, 6.33694505692, 162.539855957, 11.7794694901, -112.659103394, -30.1591701508], [-165.68510437, 107.434104919, -7.65518951416, -55.4960861206, 4.16549301147, 4.67506361008, -20.5378265381, 9.78103637695, -39.5907402039, 11.7794694901, 168.164459229, 50.2198066711, -63.9094848633], [-166.199935913, 0.0270212758332, 67.3769760132, -45.0968513489, -12.5217161179, 30.830072403, -7.92262411118, -58.9362716675, -18.2425575256, -112.659103394, 50.2198066711, 313.993347168, 82.0542678833], [-223.454315186, 30.3256492615, 2.77965259552, 6.62812995911, 11.2942771912, -47.4575195312, -4.98404359818, -48.1928749084, 1.38662147522, -30.1591701508, -63.9094848633, 82.0542678833, 205.53843689]],
