{
"lowlevel": {
    "average_loudness": 0.891326546669,
    "barkbands_crest": {
        "dmean": 2.42386031151,
        "dmean2": 3.78554081917,
        "dvar": 7.32666778564,
        "dvar2": 17.5369567871,
        "max": 25.3914146423,
        "mean": 11.178478241,
        "median": 10.5246267319,
        "min": 2.53258323669,
        "var": 28.6015834808
    },
    "barkbands_flatness_db": {
        "dmean": 0.0235888287425,
        "dmean2": 0.0338842570782,
        "dvar": 0.000644026382361,
        "dvar2": 0.00129649590235,
        "max": 0.473108291626,
        "mean": 0.173334106803,
        "median": 0.144273430109,
        "min": 0.0242258664221,
        "var": 0.0111687062308
    },
    "barkbands_kurtosis": {
        "dmean": 2.31284928322,
        "dmean2": 3.33121919632,
        "dvar": 16.3843898773,
        "dvar2": 30.3372268677,
        "max": 85.4769668579,
        "mean": 3.90925383568,
        "median": 0.913111925125,
        "min": -1.8363802433,
        "var": 75.8876571655
    },
    "barkbands_skewness": {
        "dmean": 0.521025240421,
        "dmean2": 0.753182172775,
        "dvar": 0.319807350636,
        "dvar2": 0.660833477974,
        "max": 7.9585108757,
        "mean": 1.33340597153,
        "median": 1.07451093197,
        "min": -3.22822976112,
        "var": 1.74812579155
    },
    "barkbands_spread": {
        "dmean": 5.37703227997,
        "dmean2": 8.15347003937,
        "dvar": 62.6388282776,
        "dvar2": 137.018722534,
        "max": 112.722114563,
        "mean": 24.0704746246,
        "median": 19.386920929,
        "min": 0.902386426926,
        "var": 323.971099854
    },
    "dissonance": {
        "dmean": 0.0210340861231,
        "dmean2": 0.0344981439412,
        "dvar": 0.00071977020707,
        "dvar2": 0.00187594641466,
        "max": 0.499909162521,
        "mean": 0.449072867632,
        "median": 0.472187548876,
        "min": 0.224296599627,
        "var": 0.00263079465367
    },
    "dynamic_complexity": 4.55196762085,
    "erbbands_crest": {
        "dmean": 2.11446285248,
        "dmean2": 3.25607252121,
        "dvar": 5.22330570221,
        "dvar2": 11.1604652405,
        "max": 31.4676151276,
        "mean": 11.5733690262,
        "median": 10.1787919998,
        "min": 2.88064193726,
        "var": 41.5792388916
    },
    "erbbands_flatness_db": {
        "dmean": 0.0177087821066,
        "dmean2": 0.0245811380446,
        "dvar": 0.000392755348003,
        "dvar2": 0.000678112963215,
        "max": 0.500754892826,
        "mean": 0.212663203478,
        "median": 0.174309879541,
        "min": 0.0502257309854,
        "var": 0.0119575113058
    },
    "erbbands_kurtosis": {
        "dmean": 1.1176905632,
        "dmean2": 1.65111482143,
        "dvar": 2.80830359459,
        "dvar2": 5.41135883331,
        "max": 24.740064621,
        "mean": 1.60106992722,
        "median": 0.270123004913,
        "min": -1.80210185051,
        "var": 11.8632535934
    },
    "erbbands_skewness": {
        "dmean": 0.321686625481,
        "dmean2": 0.458332210779,
        "dvar": 0.122976377606,
        "dvar2": 0.245895236731,
        "max": 4.15331983566,
        "mean": 0.320659339428,
        "median": 0.250212281942,
        "min": -3.59829878807,
        "var": 1.348315835
    },
    "erbbands_spread": {
        "dmean": 6.67003917694,
        "dmean2": 9.90964508057,
        "dvar": 81.7054672241,
        "dvar2": 168.28036499,
        "max": 126.376991272,
        "mean": 33.7365150452,
        "median": 33.3299102783,
        "min": 2.17768788338,
        "var": 501.8359375
    },
    "hfc": {
        "dmean": 5.98521757126,
        "dmean2": 9.50822925568,
        "dvar": 144.786819458,
        "dvar2": 369.413299561,
        "max": 161.358398438,
        "mean": 20.9999389648,
        "median": 19.7060108185,
        "min": 0.00481285760179,
        "var": 441.007507324
    },
    "melbands_crest": {
        "dmean": 3.33538913727,
        "dmean2": 5.14220285416,
        "dvar": 13.3885478973,
        "dvar2": 33.3114051819,
        "max": 34.0901832581,
        "mean": 15.8474159241,
        "median": 15.139629364,
        "min": 3.93718075752,
        "var": 38.6414222717
    },
    "melbands_flatness_db": {
        "dmean": 0.0269145015627,
        "dmean2": 0.0385196357965,
        "dvar": 0.000864344008733,
        "dvar2": 0.00178338517435,
        "max": 0.506400942802,
        "mean": 0.221421137452,
        "median": 0.200932607055,
        "min": 0.0356552861631,
        "var": 0.0121033648029
    },
    "melbands_kurtosis": {
        "dmean": 5.82364034653,
        "dmean2": 8.75157546997,
        "dvar": 103.037139893,
        "dvar2": 218.637115479,
        "max": 186.357711792,
        "mean": 12.1298379898,
        "median": 5.42764091492,
        "min": -1.76452100277,
        "var": 412.348510742
    },
    "melbands_skewness": {
        "dmean": 0.687391936779,
        "dmean2": 1.02208471298,
        "dvar": 0.62980902195,
        "dvar2": 1.41966855526,
        "max": 11.1515321732,
        "mean": 2.34611797333,
        "median": 1.93201494217,
        "min": -1.12961256504,
        "var": 3.16227340698
    },
    "melbands_spread": {
        "dmean": 7.80796337128,
        "dmean2": 11.9950399399,
        "dvar": 130.441116333,
        "dvar2": 283.167114258,
        "max": 201.515289307,
        "mean": 27.3672275543,
        "median": 18.2909870148,
        "min": 1.2312732935,
        "var": 592.700561523
    },
    "pitch_salience": {
        "dmean": 0.0653764158487,
        "dmean2": 0.0989852845669,
        "dvar": 0.00499329529703,
        "dvar2": 0.0119472090155,
        "max": 0.833963394165,
        "mean": 0.535024702549,
        "median": 0.537833273411,
        "min": 0.130208283663,
        "var": 0.0219911653548
    },
    "silence_rate_20dB": {
        "dmean": 0,
        "dmean2": 0,
        "dvar": 0,
        "dvar2": 0,
        "max": 1,
        "mean": 1,
        "median": 1,
        "min": 1,
        "var": 0
    },
    "silence_rate_30dB": {
        "dmean": 0.00386996893212,
        "dmean2": 0.00774293439463,
        "dvar": 0.00385513249785,
        "dvar2": 0.0115539934486,
        "max": 1,
        "mean": 0.998065769672,
        "median": 1,
        "min": 0,
        "var": 0.00193053192925
    },
    "silence_rate_60dB": {
        "dmean": 0.0328947380185,
        "dmean2": 0.0658149421215,
        "dvar": 0.0318128466606,
        "dvar2": 0.0707763507962,
        "max": 1,
        "mean": 0.302514493465,
        "median": 0,
        "min": 0,
        "var": 0.211000964046
    },
    "spectral_centroid": {
        "dmean": 209.036346436,
        "dmean2": 315.439605713,
        "dvar": 79254.1015625,
        "dvar2": 167078.21875,
        "max": 5126.72509766,
        "mean": 1590.58776855,
        "median": 1284.41259766,
        "min": 266.035491943,
        "var": 660062.0625
    },
    "spectral_complexity": {
        "dmean": 3.01934981346,
        "dmean2": 4.69918680191,
        "dvar": 15.5415315628,
        "dvar2": 34.7574272156,
        "max": 59,
        "mean": 19.4150867462,
        "median": 12,
        "min": 0,
        "var": 274.344818115
    },
    "spectral_decrease": {
        "dmean": 2.05645767082e-09,
        "dmean2": 3.22962656618e-09,
        "dvar": 2.04668372522e-17,
        "dvar2": 5.00049837791e-17,
        "max": -1.0416100274e-11,
        "mean": -5.39424638291e-09,
        "median": -4.33420366264e-09,
        "min": -4.256322228e-08,
        "var": 3.52817942242e-17
    },
    "spectral_energy": {
        "dmean": 0.00811970885843,
        "dmean2": 0.0127229206264,
        "dvar": 0.000313226075377,
        "dvar2": 0.000767692807131,
        "max": 0.16404440999,
        "mean": 0.0222638361156,
        "median": 0.0186308007687,
        "min": 3.97491421609e-05,
        "var": 0.000558109604754
    },
    "spectral_energyband_high": {
        "dmean": 0.00047007802641,
        "dmean2": 0.000778004934546,
        "dvar": 1.11174244921e-06,
        "dvar2": 2.80490917248e-06,
        "max": 0.0225543752313,
        "mean": 0.00112701731268,
        "median": 0.000473683263408,
        "min": 2.9268942825e-09,
        "var": 3.06749302581e-06
    },
    "spectral_energyband_low": {
        "dmean": 0.0048689940013,
        "dmean2": 0.00758776208386,
        "dvar": 0.000202481474844,
        "dvar2": 0.00049289065646,
        "max": 0.147003665566,
        "mean": 0.0078113777563,
        "median": 0.00133686419576,
        "min": 5.42647057955e-07,
        "var": 0.000248495402047
    },
    "spectral_energyband_middle_high": {
        "dmean": 0.00125251209829,
        "dmean2": 0.00196931418031,
        "dvar": 5.0355743042e-06,
        "dvar2": 1.26654576889e-05,
        "max": 0.0316833928227,
        "mean": 0.00514656351879,
        "median": 0.00339431851171,
        "min": 9.4114504634e-08,
        "var": 3.19101491186e-05
    },
    "spectral_energyband_middle_low": {
        "dmean": 0.00378481531516,
        "dmean2": 0.00607456546277,
        "dvar": 8.97845966392e-05,
        "dvar2": 0.000230503734201,
        "max": 0.112824320793,
        "mean": 0.00930977798998,
        "median": 0.00650833686814,
        "min": 7.97028951638e-06,
        "var": 0.000139445983223
    },
    "spectral_entropy": {
        "dmean": 0.18609559536,
        "dmean2": 0.26320964098,
        "dvar": 0.0627542510629,
        "dvar2": 0.115519098938,
        "max": 8.82778263092,
        "mean": 7.23398971558,
        "median": 7.63628196716,
        "min": 4.78265857697,
        "var": 0.866286695004
    },
    "spectral_flux": {
        "dmean": 0.0224585719407,
        "dmean2": 0.0336384736001,
        "dvar": 0.00121670227963,
        "dvar2": 0.00246264901944,
        "max": 0.336516261101,
        "mean": 0.0645411685109,
        "median": 0.0562922693789,
        "min": 0.00270572048612,
        "var": 0.00347207649611
    },
    "spectral_kurtosis": {
        "dmean": 4.71024608612,
        "dmean2": 7.94586229324,
        "dvar": 102.538528442,
        "dvar2": 283.215026855,
        "max": 109.695236206,
        "mean": 10.597782135,
        "median": 3.22014856339,
        "min": -0.772943973541,
        "var": 325.414581299
    },
    "spectral_rms": {
        "dmean": 0.000674145121593,
        "dmean2": 0.00100737647153,
        "dvar": 1.27470252664e-06,
        "dvar2": 2.953670446e-06,
        "max": 0.0126508232206,
        "mean": 0.00399654265493,
        "median": 0.00426337774843,
        "min": 0.000196925495402,
        "var": 5.74848991164e-06
    },
    "spectral_rolloff": {
        "dmean": 602.879150391,
        "dmean2": 982.323730469,
        "dvar": 1783784,
        "dvar2": 3725883.75,
        "max": 15008.6425781,
        "mean": 2118.11694336,
        "median": 1399.65820312,
        "min": 43.06640625,
        "var": 3853149.5
    },
    "spectral_skewness": {
        "dmean": 0.415963172913,
        "dmean2": 0.686053752899,
        "dvar": 0.45402726531,
        "dvar2": 1.27282297611,
        "max": 7.62402582169,
        "mean": 1.78824424744,
        "median": 1.25484895706,
        "min": -0.0516597852111,
        "var": 1.86709344387
    },
    "spectral_spread": {
        "dmean": 582487.3125,
        "dmean2": 836107.375,
        "dvar": 772304207872,
        "dvar2": 1.5279751168e+12,
        "max": 15215855,
        "mean": 4434870.5,
        "median": 4213847.5,
        "min": 629951,
        "var": 5.58125390234e+12
    },
    "spectral_strongpeak": {
        "dmean": 0.418502658606,
        "dmean2": 0.720278859138,
        "dvar": 0.837511777878,
        "dvar2": 2.21560978889,
        "max": 9.64820766449,
        "mean": 0.97971612215,
        "median": 0.602912724018,
        "min": 0,
        "var": 1.4379234314
    },
    "zerocrossingrate": {
        "dmean": 0.012336849235,
        "dmean2": 0.0141565641388,
        "dvar": 0.000363739265595,
        "dvar2": 0.000436057394836,
        "max": 0.4375,
        "mean": 0.0740797296166,
        "median": 0.06396484375,
        "min": 0.00439453125,
        "var": 0.00224253139459
    },
    "barkbands": {
        "dmean": [0.000643566658255, 0.00350481248461, 0.0012278649956, 0.0011187645141, 0.0020378511399, 0.000838243344333, 0.000222308575758, 0.000364041537978, 0.000497652450576, 0.000267711438937, 0.000284612702671, 0.000135613940074, 0.000189045298612, 0.000104474085674, 0.000157598260557, 0.000251875142567, 0.000331805960741, 0.000195259490283, 0.000248521828325, 0.000243744885665, 0.000138783958391, 9.65829094639e-05, 7.24841229385e-05, 5.06505239173e-05, 4.45330879302e-05, 4.35918955191e-05, 1.27371595227e-05],
        "dmean2": [0.00105445156805, 0.00571973901242, 0.00209261802956, 0.00184262602124, 0.00342303910293, 0.00132506503724, 0.000356339645805, 0.00056340591982, 0.000694273912814, 0.000414595881011, 0.000422551849624, 0.000212033541175, 0.00026655223337, 0.000171575913555, 0.000263765046839, 0.000415104237618, 0.000543123809621, 0.000334062322509, 0.000411606684793, 0.000421487318818, 0.000243753223913, 0.000161421761732, 0.000118074975035, 8.03606308182e-05, 7.03673576936e-05, 7.2336057201e-05, 2.16554890358e-05],
        "dvar": [5.39282063983e-06, 0.000136289774673, 1.22736046251e-05, 5.66274957237e-06, 5.87940994592e-05, 3.24789402839e-06, 2.12200419014e-07, 1.44279829328e-06, 1.90197999927e-06, 2.73941878959e-07, 8.44091005092e-07, 1.08554964129e-07, 1.48349585061e-07, 5.00263155345e-08, 2.85913472453e-07, 4.28061468938e-07, 5.2797315675e-07, 1.75916653689e-07, 2.61151370751e-07, 2.70804349611e-07, 1.28660644805e-07, 5.17624130225e-08, 3.86173013567e-08, 3.94821739746e-08, 1.4508146684e-08, 2.48586502494e-08, 2.99292213235e-09],
        "dvar2": [1.24824846353e-05, 0.000355034484528, 3.47779277945e-05, 1.41878408613e-05, 0.000153099259478, 8.11256268207e-06, 5.33984234607e-07, 3.15360352943e-06, 4.00864564654e-06, 5.79479262797e-07, 1.74027172761e-06, 2.27212893833e-07, 3.45001865298e-07, 1.2957136164e-07, 8.0620384324e-07, 1.11551730697e-06, 1.39524036058e-06, 4.75578133319e-07, 6.67411086397e-07, 7.57136604079e-07, 3.63224131661e-07, 1.34096808324e-07, 9.06633985664e-08, 9.27747763058e-08, 3.52514462065e-08, 6.65122996679e-08, 7.67131957957e-09],
        "max": [0.024187143892, 0.124764457345, 0.0408190377057, 0.0487021133304, 0.088041678071, 0.0381369590759, 0.00802799407393, 0.031299199909, 0.0313765816391, 0.00856438465416, 0.0218867622316, 0.00936534442008, 0.0110025014728, 0.0053424667567, 0.012453570962, 0.0114493649453, 0.00951558724046, 0.00573286740109, 0.00842675566673, 0.00610478688031, 0.00504529802129, 0.00643711630255, 0.00689108949155, 0.00840455107391, 0.00239226897247, 0.00408082921058, 0.00159254716709],
        "mean": [0.000611246970948, 0.00446975324303, 0.00168231490534, 0.00182092725299, 0.00277343625203, 0.001782210893, 0.000432429311331, 0.000836950959638, 0.00153055030387, 0.000604905188084, 0.00101399631239, 0.000238850989263, 0.000561924243812, 0.000175102046342, 0.000253854988841, 0.000415629911004, 0.000636794487946, 0.000401764555136, 0.000626969151199, 0.000519506633282, 0.000293417600915, 0.000206599128433, 0.000150956751895, 0.000101041434391, 6.11138166278e-05, 4.88882433274e-05, 1.27398352561e-05],
        "median": [1.81811228686e-05, 0.000224875155254, 0.000187265162822, 0.000241135770921, 0.000730966916308, 0.000712699780706, 0.000107495165139, 0.000381663441658, 0.000384356913855, 0.000163596967468, 7.5621297583e-05, 0.000103912920167, 0.000235102867009, 6.39862191747e-05, 9.90796688711e-05, 3.99595301133e-05, 9.70905239228e-05, 9.95549125946e-05, 5.22246773471e-05, 6.72337191645e-05, 5.9859117755e-05, 8.00580965006e-05, 6.96940987837e-05, 2.66833194473e-05, 1.14666745503e-05, 5.17010175827e-06, 6.20514242655e-07],
        "min": [6.56141529998e-11, 3.28346416723e-08, 7.47744337559e-08, 5.39929416732e-08, 1.51420366024e-07, 1.24488002129e-08, 2.38260629004e-08, 6.92287130732e-07, 1.27413059658e-07, 2.63292996294e-08, 4.96116614457e-09, 2.30663772527e-08, 9.19768616825e-09, 7.01412261606e-09, 2.20785478788e-09, 3.00050251312e-09, 1.92305926738e-09, 2.65686472822e-09, 1.33478450515e-09, 1.44673772962e-09, 5.3499832342e-10, 5.39941424904e-10, 1.64724359153e-10, 1.28409408107e-10, 1.46887876862e-10, 8.956957398e-11, 3.25226442999e-11],
        "var": [5.23699327459e-06, 0.000127725768834, 1.25239594126e-05, 1.42375793075e-05, 5.51480152353e-05, 1.11377903522e-05, 5.30143438482e-07, 3.69795770894e-06, 1.2969450836e-05, 1.17071920158e-06, 9.61959904089e-06, 2.49111280937e-07, 1.16799878924e-06, 1.0669074868e-07, 2.49386630458e-07, 5.99771226462e-07, 1.08693768652e-06, 3.7564555555e-07, 9.79885385277e-07, 5.60769876756e-07, 2.03833707246e-07, 1.51410731064e-07, 1.13400794532e-07, 1.73901213429e-07, 2.3575417174e-08, 4.06693700938e-08, 5.05369524006e-09]
    },
    "erbbands": {
        "dmean": [0.134614035487, 0.704435288906, 1.37943196297, 2.90639710426, 5.33154678345, 7.42394304276, 5.61184215546, 7.37311887741, 4.54522132874, 2.70514559746, 10.0917472839, 12.8565597534, 5.76339960098, 10.5927238464, 10.4152793884, 5.96982955933, 8.39239406586, 4.91932344437, 7.61040592194, 7.880838871, 16.4991855621, 15.0896673203, 10.8266983032, 11.3927583694, 13.5802383423, 12.4413223267, 6.47823524475, 5.28422403336, 3.43035745621, 3.05854582787, 1.79155647755, 1.29338872433, 0.719888865948, 0.444472879171, 0.359704732895, 0.231249779463, 0.0650852844119, 0.0176402255893, 0.00212858943269, 8.97400605027e-05],
        "dmean2": [0.227374389768, 1.17109167576, 2.35021853447, 4.65645360947, 9.13986682892, 12.019534111, 8.69348144531, 12.0088405609, 7.35387992859, 4.4002161026, 15.016497612, 17.8409137726, 8.97485351562, 15.8392572403, 14.9754209518, 9.08786869049, 11.8730564117, 7.69066143036, 12.6635103226, 13.2511615753, 27.1432952881, 24.9288311005, 18.204000473, 18.5411529541, 22.1808738708, 21.4134082794, 11.520277977, 9.07917404175, 5.73860120773, 5.03208780289, 2.88886022568, 1.9705773592, 1.1785544157, 0.696642875671, 0.578620910645, 0.383614480495, 0.108192317188, 0.0295025017112, 0.0035499103833, 0.000148472041474],
        "dvar": [0.274519503117, 5.01389789581, 16.7766399384, 39.1997680664, 284.155731201, 820.204711914, 121.879219055, 343.826873779, 95.7043457031, 41.6281929016, 1064.04663086, 1231.49560547, 135.349334717, 523.133117676, 1223.14758301, 175.428894043, 296.697296143, 109.074676514, 497.300415039, 402.062225342, 1964.33837891, 1090.61950684, 465.540252686, 507.20690918, 974.653442383, 656.197387695, 305.043060303, 145.949127197, 66.7105255127, 64.6406021118, 24.5448322296, 33.2957611084, 4.90049886703, 1.34251058102, 1.00311779976, 0.615546345711, 0.0725020170212, 0.00582090532407, 8.14955565147e-05, 1.28241978814e-07],
        "dvar2": [0.709864854813, 13.8264904022, 47.4917449951, 94.0471191406, 768.208251953, 2070.06030273, 280.663787842, 900.709533691, 251.915985107, 105.067001343, 2348.53344727, 2673.0690918, 323.306427002, 1120.90478516, 2358.96826172, 358.213256836, 694.196838379, 266.622375488, 1363.95129395, 1079.46289062, 5086.45458984, 2858.3034668, 1265.79650879, 1291.31066895, 2437.25268555, 1838.03479004, 874.983764648, 403.764099121, 173.211471558, 151.775558472, 56.3551940918, 72.3135070801, 12.2581243515, 3.17476010323, 2.48554730415, 1.66139447689, 0.189093470573, 0.0154244545847, 0.000203171308385, 3.09861007963e-07],
        "max": [6.34485864639, 21.3150463104, 46.3281593323, 138.803604126, 202.58152771, 312.252288818, 150.606948853, 340.349090576, 158.625656128, 171.941757202, 831.632873535, 932.152282715, 150.698776245, 497.673461914, 1030.28894043, 476.795623779, 468.043823242, 324.628631592, 482.317443848, 314.780792236, 768.582580566, 406.537597656, 302.822998047, 307.994140625, 477.042633057, 326.927429199, 220.739547729, 163.600784302, 214.497070312, 289.455230713, 189.642211914, 257.745727539, 71.9282684326, 23.2313194275, 20.2381286621, 11.0899400711, 9.57301616669, 2.70284414291, 0.268775194883, 0.0121799772605],
        "mean": [0.136320024729, 0.963344335556, 1.939037323, 4.86903524399, 6.87318754196, 9.95918560028, 12.2453317642, 13.5965185165, 8.52730941772, 5.43000125885, 27.4553375244, 41.7980461121, 13.8048677444, 28.2130661011, 37.6661987305, 13.8190040588, 26.2250213623, 11.1691999435, 13.269862175, 13.6586484909, 28.8406009674, 31.1281032562, 23.6363430023, 28.1687107086, 32.2178916931, 26.6545906067, 13.4594249725, 11.2178134918, 7.32126283646, 6.23654508591, 3.83779478073, 2.6878786087, 1.35173141956, 0.694232523441, 0.438762128353, 0.248608350754, 0.0773872211576, 0.0185407102108, 0.00215793028474, 0.000113183501526],
        "median": [0.00632669404149, 0.0556213818491, 0.270432025194, 0.828413486481, 1.76309120655, 2.28132653236, 4.02868509293, 4.50138807297, 2.52593541145, 2.428637743, 10.8431787491, 10.6784496307, 6.40917110443, 7.45445394516, 4.13188314438, 6.47316646576, 10.6954126358, 6.64655447006, 6.08756160736, 3.61652827263, 2.7048573494, 4.37297296524, 6.4300069809, 3.30799269676, 2.60014867783, 3.23446083069, 2.88019347191, 2.37296319008, 2.84502673149, 2.60152816772, 1.79824507236, 0.863799452782, 0.350403994322, 0.158681795001, 0.0647140070796, 0.0302955340594, 0.00676905596629, 0.00131571909878, 0.000107903171738, 3.54108487954e-05],
        "min": [4.93167988225e-07, 1.41163209264e-05, 0.000104369610199, 0.000305728783133, 0.000357058655936, 0.000408660416724, 0.000246053212322, 0.000198050795007, 0.000911755021662, 0.0124735282734, 0.0195104461163, 0.00276683527045, 0.0022580861114, 0.00091609422816, 0.000777341076173, 0.00132286571898, 0.000516930769663, 0.000353302893927, 0.000236274514464, 0.000186501725693, 0.000124779136968, 0.000115996183013, 0.000157655478688, 7.1654569183e-05, 0.000108578242362, 5.81038220844e-05, 3.44868094544e-05, 2.52844620263e-05, 2.3362274078e-05, 8.02174599812e-06, 5.230057468e-06, 3.79250786864e-06, 2.76455352832e-06, 2.00694375962e-06, 1.08936581e-06, 4.42303189629e-07, 1.44945289549e-07, 7.04285199049e-08, 2.06354702215e-08, 4.32514113413e-08],
        "var": [0.211899548769, 5.17087268829, 16.9744491577, 104.481758118, 267.550598145, 814.374267578, 400.415924072, 839.481262207, 202.646728516, 70.5423202515, 3593.36181641, 9462.70117188, 466.723632812, 2927.11499023, 14758.8486328, 602.97857666, 2515.81225586, 316.182891846, 541.579956055, 539.387329102, 2786.04736328, 2329.84863281, 1159.16821289, 1837.37268066, 2992.48974609, 1476.89990234, 422.768463135, 285.795227051, 167.996688843, 213.354614258, 75.8974456787, 147.647354126, 15.5098514557, 2.58358216286, 1.44235575199, 0.644003748894, 0.167494922876, 0.0101827979088, 0.000149554747622, 2.75709737707e-07]
    },
    "gfcc": {
        "mean": [-57.0289115906, 80.9412689209, -136.508377075, 16.4074497223, -57.5486335754, 5.00181818008, -24.0289993286, 6.17389822006, -20.2468605042, -3.05541157722, -19.3448677063, -7.41610336304, -18.518705368],
        "cov": [[18551.9082031, -4029.15625, 3562.64672852, 4746.77832031, -1524.80249023, 803.157287598, -2201.12597656, -17.1876316071, -1168.90087891, 182.060195923, 253.928573608, 2016.68127441, 1309.08703613], [-4029.15625, 3359.41333008, -1374.24182129, -482.486419678, 1032.02270508, -691.466674805, 735.89074707, -164.568572998, 301.098358154, -221.48727417, 135.543014526, -489.37121582, -56.0054473877], [3562.64672852, -1374.24182129, 1798.8684082, 875.424438477, -413.634399414, 590.583251953, -438.413452148, 143.448959351, -183.520141602, 184.948638916, 3.90994310379, 383.916595459, 112.907943726], [4746.77832031, -482.486419678, 875.424438477, 2163.80639648, -52.3964195251, 79.9978408813, -473.861999512, 62.4672813416, -242.344482422, 59.8471717834, 54.2351799011, 453.813140869, 402.494567871], [-1524.80249023, 1032.02270508, -413.634399414, -52.3964195251, 635.932617188, -215.902893066, 325.04095459, 35.7826194763, 147.842987061, -28.057384491, -14.7458095551, -236.811538696, -68.3302001953], [803.157287598, -691.466674805, 590.583251953, 79.9978408813, -215.902893066, 552.393310547, -9.91927146912, 98.5759277344, -12.6038751602, 80.5684890747, -24.158285141, 82.9994049072, -70.8993530273], [-2201.12597656, 735.89074707, -438.413452148, -473.861999512, 325.04095459, -9.91927146912, 526.829467773, 70.0044784546, 178.691452026, -33.7858161926, -28.9222831726, -272.596923828, -168.791625977], [-17.1876316071, -164.568572998, 143.448959351, 62.4672813416, 35.7826194763, 98.5759277344, 70.0044784546, 161.312515259, 44.4570999146, 31.4088077545, -35.1199684143, -9.96024036407, -25.3921852112], [-1168.90087891, 301.098358154, -183.520141602, -242.344482422, 147.842987061, -12.6038751602, 178.691452026, 44.4570999146, 170.239593506, 24.4522094727, -13.9227352142, -147.361099243, -93.8645095825], [182.060195923, -221.48727417, 184.948638916, 59.8471717834, -28.057384491, 80.5684890747, -33.7858161926, 31.4088077545, 24.4522094727, 117.115020752, 13.5429382324, -1.85482347012, -27.9754886627], [253.928573608, 135.543014526, 3.90994310379, 54.2351799011, -14.7458095551, -24.158285141, -28.9222831726, -35.1199684143, -13.9227352142, 13.5429382324, 103.694633484, 62.0592536926, 45.2168045044], [2016.68127441, -489.37121582, 383.916595459, 453.813140869, -236.811538696, 82.9994049072, -272.596923828, -9.96024036407, -147.361099243, -1.85482347012, 62.0592536926, 317.316436768, 188.812774658], [1309.08703613, -56.0054473877, 112.907943726, 402.494567871, -68.3302001953, -70.8993530273, -168.791625977, -25.3921852112, -93.8645095825, -27.9754886627, 45.2168045044, 188.812774658, 214.267318726]],
        "icov": [[0.000435793685028, 0.000104937156721, -0.000136646587634, -0.000459838687675, -3.37314741046e-05, -0.000214584768401, 0.000293290184345, 0.000184558419278, 0.000612627249211, -9.69303000602e-05, -1.64742759807e-05, -0.000954307848588, -0.000428010127507], [0.000104937156721, 0.00162860832643, -0.000215038133319, -0.000249865610385, -0.00131398253143, 0.000496057327837, -0.000940761470702, 0.00143610674422, -0.000945077685174, 0.00231938553043, -0.00285465060733, 0.00147651566658, -0.00126843119506], [-0.000136646587634, -0.000215038133319, 0.00168407568708, -6.81827586959e-05, -3.28700298269e-05, -0.00123223348055, 0.000768366910052, -0.000922215229366, 0.000507688673679, -0.00154578534421, 0.000638777390122, -0.000761686707847, 0.000654068309814], [-0.000459838687675, -0.000249865610385, -6.81827586959e-05, 0.0015484825708, -0.000575183541514, 2.07928769669e-05, 0.000186918521649, -0.000676778610796, -3.04369677906e-06, -0.000630738562904, 0.000547984673176, 0.000541910878383, -0.000915090320632], [-3.37314741046e-05, -0.00131398253143, -3.28700298269e-05, -0.000575183541514, 0.00478540919721, 0.000859727326315, -0.000961881829426, -0.00144673255272, -0.000122605080833, -0.00145264959428, 0.00167951150797, 0.000821820285637, 0.000519801280461], [-0.000214584768401, 0.000496057327837, -0.00123223348055, 2.07928769669e-05, 0.000859727326315, 0.00474911695346, -0.00239402614534, 7.21466640243e-05, -0.0011269308161, 0.000277047918644, -0.000157502174261, -0.00106166687328, 0.00253046886064], [0.000293290184345, -0.000940761470702, 0.000768366910052, 0.000186918521649, -0.000961881829426, -0.00239402614534, 0.00696098897606, -0.00314133591019, -3.97811018047e-05, 0.00090463453671, -0.000395909301005, 0.00106676726136, 0.000462824711576], [0.000184558419278, 0.00143610674422, -0.000922215229366, -0.000676778610796, -0.00144673255272, 7.21466640243e-05, -0.00314133591019, 0.0115347970277, -0.00362367462367, 0.000130327855004, 0.00188185216393, -0.00182397372555, -0.000900352955796], [0.000612627249211, -0.000945077685174, 0.000507688673679, -3.04369677906e-06, -0.000122605080833, -0.0011269308161, -3.97811018047e-05, -0.00362367462367, 0.0147967655212, -0.00501447776332, 0.000343251711456, 0.00103954679798, -0.000285646616248], [-9.69303000602e-05, 0.00231938553043, -0.00154578534421, -0.000630738562904, -0.00145264959428, 0.000277047918644, 0.00090463453671, 0.000130327855004, -0.00501447776332, 0.0177904125303, -0.00893734395504, 0.00588862830773, 0.000377376010874], [-1.64742759807e-05, -0.00285465060733, 0.000638777390122, 0.000547984673176, 0.00167951150797, -0.000157502174261, -0.000395909301005, 0.00188185216393, 0.000343251711456, -0.00893734395504, 0.0201057586819, -0.00961657240987, 0.00159784196876], [-0.000954307848588, 0.00147651566658, -0.000761686707847, 0.000541910878383, 0.000821820285637, -0.00106166687328, 0.00106676726136, -0.00182397372555, 0.00103954679798, 0.00588862830773, -0.00961657240987, 0.0214479006827, -0.00951154623181], [-0.000428010127507, -0.00126843119506, 0.000654068309814, -0.000915090320632, 0.000519801280461, 0.00253046886064, 0.000462824711576, -0.000900352955796, -0.000285646616248, 0.000377376010874, 0.00159784196876, -0.00951154623181, 0.0175543148071]]
    },
    "melbands": {
        "dmean": [0.00105373561382, 0.000771929102484, 0.000502574257553, 0.000527340220287, 0.000194167776499, 0.000160114141181, 6.53240276733e-05, 3.29368667735e-05, 8.97849968169e-05, 7.55948276492e-05, 2.80233234662e-05, 4.35929505329e-05, 3.8822152419e-05, 1.74136293936e-05, 1.74182841874e-05, 1.82586572919e-05, 8.93648666533e-06, 1.26869017549e-05, 1.06751895146e-05, 1.18811713037e-05, 2.26536940318e-05, 1.63959775819e-05, 1.77310830622e-05, 8.2708966147e-06, 1.01180712591e-05, 1.16087521747e-05, 8.95677385415e-06, 8.62037086335e-06, 4.69865790365e-06, 3.9376445784e-06, 3.06483912027e-06, 2.08596884477e-06, 1.91651838577e-06, 1.78137065632e-06, 1.15523391742e-06, 8.44793305532e-07, 8.44252383558e-07, 5.62337561405e-07, 4.31502854781e-07, 3.68625791225e-07],
        "dmean2": [0.00173510517925, 0.00129615655169, 0.000824365532026, 0.000886582711246, 0.000304015702568, 0.000258671905613, 0.000105654318759, 5.42495326954e-05, 0.000133387628011, 0.000104743172415, 4.41735719505e-05, 6.49842986604e-05, 5.53928257432e-05, 2.60154083662e-05, 2.57008941844e-05, 2.53763337241e-05, 1.44839723362e-05, 2.13091989281e-05, 1.80710594577e-05, 1.96117944142e-05, 3.74640949303e-05, 2.75194615824e-05, 2.94884539471e-05, 1.41428681673e-05, 1.64715620485e-05, 1.88852554857e-05, 1.54301324073e-05, 1.4855822883e-05, 8.25783536129e-06, 6.90971182848e-06, 5.21613446836e-06, 3.52199185727e-06, 3.16938780998e-06, 3.00158330901e-06, 1.9229114514e-06, 1.32528384711e-06, 1.30950138555e-06, 9.48834269821e-07, 6.87614715389e-07, 5.79574532367e-07],
        "dvar": [1.42491762745e-05, 5.52494748263e-06, 1.02580690964e-06, 4.35607853433e-06, 1.6567314276e-07, 1.47498241176e-07, 1.98961647158e-08, 6.27267882081e-09, 8.08786566608e-08, 4.14413570127e-08, 3.32545746495e-09, 8.53161896686e-09, 1.64748819032e-08, 2.23548135558e-09, 1.47646417314e-09, 1.56127399897e-09, 4.03414190941e-10, 1.02650266065e-09, 1.48431522629e-09, 7.08067215971e-10, 3.59847884823e-09, 1.57727886307e-09, 1.26362675879e-09, 3.45210360297e-10, 4.08656053441e-10, 6.34327923521e-10, 4.44050352044e-10, 3.17840476161e-10, 1.3877109184e-10, 1.06344003048e-10, 3.95445343138e-11, 2.22735996314e-11, 2.81808534841e-11, 2.45731889698e-11, 9.79588025279e-12, 7.65537720021e-12, 1.83272650528e-11, 3.79545049903e-12, 1.34640887849e-12, 9.08932271896e-13],
        "dvar2": [3.61137499567e-05, 1.54736062541e-05, 2.58361615124e-06, 1.13596861411e-05, 4.11947723933e-07, 3.81592428766e-07, 5.19735650073e-08, 1.47222936064e-08, 1.82877670341e-07, 8.9306126938e-08, 7.9730027025e-09, 1.79456556282e-08, 3.24622781989e-08, 4.59470861358e-09, 3.21715876161e-09, 3.44171002808e-09, 9.6064378674e-10, 2.73559641606e-09, 4.17682732845e-09, 1.83523229946e-09, 9.43581923707e-09, 4.2452321658e-09, 3.3072744543e-09, 9.41778766084e-10, 1.0395762029e-09, 1.50455403691e-09, 1.23843024724e-09, 8.97722340909e-10, 3.99190569489e-10, 3.0160224318e-10, 1.08283215727e-10, 5.72605469984e-11, 7.69270133705e-11, 5.85189327551e-11, 2.4648661584e-11, 1.58188809274e-11, 4.03226965706e-11, 1.02704069208e-11, 3.15766445109e-12, 2.20036315557e-12],
        "max": [0.0448191352189, 0.0244512464851, 0.0193019211292, 0.0232694130391, 0.00456074997783, 0.00743943545967, 0.00209870561957, 0.00197350326926, 0.00699228374287, 0.00507781840861, 0.000739146023989, 0.0018738922663, 0.00358565081842, 0.00132816145197, 0.00107383134309, 0.00151766871568, 0.000679277465679, 0.000597568054218, 0.0008781098295, 0.000374637776986, 0.000924858613871, 0.000533342070412, 0.000706773193087, 0.000225737036089, 0.00025615512277, 0.000416031078203, 0.000288505369099, 0.000252767466009, 0.000148009115946, 0.000136051356094, 8.63416353241e-05, 0.000114302078146, 0.000184166696272, 0.00018608305254, 9.41348698689e-05, 0.000142332501127, 0.00020325697551, 6.85004561092e-05, 2.53268772212e-05, 1.99272180907e-05],
        "mean": [0.00127995607909, 0.00113805360161, 0.000839356624056, 0.00066918542143, 0.000407706014812, 0.000310162984533, 0.00012187910761, 6.77557982272e-05, 0.000252983823884, 0.00023981484992, 5.98911319685e-05, 0.000109565269668, 0.000137936745887, 4.15710928792e-05, 4.18691597588e-05, 5.6358094298e-05, 1.58798757184e-05, 2.13906496356e-05, 1.64674383996e-05, 2.08339624805e-05, 3.73618095182e-05, 3.08720918838e-05, 3.26142071572e-05, 1.69751128851e-05, 2.25520561798e-05, 2.60984234046e-05, 1.87428759091e-05, 1.73207627086e-05, 8.55566850078e-06, 7.26253847461e-06, 6.18593321633e-06, 4.1430357669e-06, 3.74776846002e-06, 3.30250190927e-06, 2.19743265006e-06, 1.86496674814e-06, 1.60533079452e-06, 9.93747789835e-07, 7.09526887022e-07, 5.35451647465e-07],
        "median": [7.25820937078e-05, 0.000134672241984, 0.000184612028534, 0.000163764780154, 0.000141375378007, 0.000115855080367, 3.11421536026e-05, 3.65683044947e-05, 8.93327378435e-05, 6.12274816376e-05, 2.15884574573e-05, 2.47477619268e-05, 1.17346180559e-05, 1.21255052363e-05, 1.79197177204e-05, 2.35571369558e-05, 6.96659162713e-06, 9.04386160983e-06, 6.21518347543e-06, 3.01000272884e-06, 3.45018065673e-06, 3.82467078452e-06, 7.16913154974e-06, 4.45087925982e-06, 1.96265295926e-06, 1.93029700313e-06, 1.8982648271e-06, 2.15131944969e-06, 1.90604475847e-06, 1.26628867747e-06, 1.43582622059e-06, 1.52207462634e-06, 1.52779398377e-06, 1.29035765895e-06, 9.55420205173e-07, 7.56615520459e-07, 3.70900977487e-07, 2.36964396549e-07, 1.9411180574e-07, 1.11288777305e-07],
        "min": [1.12480158521e-08, 6.64312906906e-08, 5.37076161322e-08, 4.20482315633e-08, 5.29881427624e-09, 3.23445092931e-09, 7.52067474963e-09, 2.88354176092e-08, 1.09143883265e-07, 1.59451190029e-08, 8.39726777002e-09, 3.32056537822e-09, 1.42627987199e-09, 3.03629965615e-09, 1.73487024746e-09, 9.51148604322e-10, 6.46034892249e-10, 4.51485571151e-10, 2.22136184447e-10, 2.28399396618e-10, 1.3747583627e-10, 1.17633291996e-10, 1.30148933297e-10, 1.18441992325e-10, 5.17784738696e-11, 4.89830641326e-11, 6.46243752955e-11, 3.03302348514e-11, 2.20045839189e-11, 1.12936795332e-11, 1.60140095629e-11, 1.45901780241e-11, 5.63468369186e-12, 2.21697573494e-12, 1.95204703096e-12, 2.12185087209e-12, 1.51527271633e-12, 1.24015229509e-12, 1.06490120541e-12, 9.56860675763e-13],
        "var": [1.25266269606e-05, 5.89708679399e-06, 2.45100613938e-06, 3.96786117562e-06, 4.10023716313e-07, 4.04641099294e-07, 4.36995790665e-08, 1.16282654616e-08, 3.12307150807e-07, 3.23554900206e-07, 1.04986543903e-08, 4.64310083714e-08, 1.86308056982e-07, 1.50671315424e-08, 6.91845691847e-09, 1.41842431134e-08, 9.82959047491e-10, 1.3290675227e-09, 1.20289334049e-09, 1.25915722293e-09, 4.85036677489e-09, 2.54325582816e-09, 2.99464808506e-09, 6.78316625091e-10, 1.27683164042e-09, 2.13742934463e-09, 8.61808513442e-10, 6.34986174752e-10, 1.77954789793e-10, 1.4438596152e-10, 8.61046928202e-11, 5.05268708817e-11, 7.25403695445e-11, 6.75818498386e-11, 2.37953250853e-11, 2.83977043269e-11, 7.58645993248e-11, 1.0289388265e-11, 2.53695892419e-12, 1.66432622892e-12]
    },
    "mfcc": {
        "mean": [-692.919799805, 104.000808716, -10.0018205643, 11.4986524582, -7.87319135666, -0.0277086589485, -1.64343392849, 6.995865345, -0.969606697559, 5.50403547287, 4.93291425705, 2.76269006729, -8.21645259857],
        "cov": [[16085.7041016, -2155.76660156, 1331.53796387, 3872.93603516, 565.020629883, 678.007080078, -321.172515869, -180.275497437, -637.084106445, -1179.15063477, -1708.42932129, -748.847351074, 873.520996094], [-2155.76660156, 1550.62927246, -437.467254639, -374.532836914, 81.1419448853, -107.363098145, 137.384597778, 63.9010810852, 11.6727027893, 154.229095459, 140.868515015, 45.5132408142, -42.3088874817], [1331.53796387, -437.467254639, 992.273193359, 267.977020264, 88.5414199829, 233.572662354, 32.311252594, 40.0667953491, -6.71593523026, -64.3731231689, -39.9843254089, 17.4204788208, 89.7670669556], [3872.93603516, -374.532836914, 267.977020264, 1685.57470703, 382.717071533, 183.879852295, 6.06258964539, -34.191619873, -17.574426651, -250.059326172, -421.882995605, -152.577880859, 265.845397949], [565.020629883, 81.1419448853, 88.5414199829, 382.717071533, 306.268615723, 62.8315887451, 26.3885688782, -11.6889009476, 38.8450431824, -0.952819645405, -39.3113708496, 5.53957176208, 65.7389984131], [678.007080078, -107.363098145, 233.572662354, 183.879852295, 62.8315887451, 245.746154785, 70.3709030151, 52.4532928467, 17.6758823395, 12.5770483017, 7.54528999329, 5.21107053757, 36.3193664551], [-321.172515869, 137.384597778, 32.311252594, 6.06258964539, 26.3885688782, 70.3709030151, 173.618667603, 95.7087097168, 79.5700378418, 71.5831451416, 66.1981201172, 27.5885677338, 4.73720359802], [-180.275497437, 63.9010810852, 40.0667953491, -34.191619873, -11.6889009476, 52.4532928467, 95.7087097168, 166.320770264, 86.6093597412, 31.9137840271, 31.5934906006, 13.6638088226, 4.50176477432], [-637.084106445, 11.6727027893, -6.71593523026, -17.574426651, 38.8450431824, 17.6758823395, 79.5700378418, 86.6093597412, 197.28527832, 111.723075867, 94.295425415, 38.460105896, -21.6507225037], [-1179.15063477, 154.229095459, -64.3731231689, -250.059326172, -0.952819645405, 12.5770483017, 71.5831451416, 31.9137840271, 111.723075867, 209.184524536, 196.455963135, 67.2725906372, -56.4948196411], [-1708.42932129, 140.868515015, -39.9843254089, -421.882995605, -39.3113708496, 7.54528999329, 66.1981201172, 31.5934906006, 94.295425415, 196.455963135, 311.014770508, 143.554214478, -103.56665802], [-748.847351074, 45.5132408142, 17.4204788208, -152.577880859, 5.53957176208, 5.21107053757, 27.5885677338, 13.6638088226, 38.460105896, 67.2725906372, 143.554214478, 147.075897217, -7.81966161728], [873.520996094, -42.3088874817, 89.7670669556, 265.845397949, 65.7389984131, 36.3193664551, 4.73720359802, 4.50176477432, -21.6507225037, -56.4948196411, -103.56665802, -7.81966161728, 167.078918457]],
