{
"lowlevel": {
    "average_loudness": 0.88929361105,
    "barkbands_crest": {
        "dmean": 2.04653692245,
        "dmean2": 3.50577807426,
        "dvar": 3.165828228,
        "dvar2": 9.51712322235,
        "max": 22.0447826385,
        "mean": 7.98771286011,
        "median": 7.21563529968,
        "min": 3.11455869675,
        "var": 9.31163215637
    },
    "barkbands_flatness_db": {
        "dmean": 0.0147583968937,
        "dmean2": 0.0236507356167,
        "dvar": 0.000187421392184,
        "dvar2": 0.00043589391862,
        "max": 0.399094700813,
        "mean": 0.167987257242,
        "median": 0.161970883608,
        "min": 0.0515686199069,
        "var": 0.00191923801322
    },
    "barkbands_kurtosis": {
        "dmean": 1.38874650002,
        "dmean2": 2.25831413269,
        "dvar": 3.93893265724,
        "dvar2": 9.62465667725,
        "max": 41.1816291809,
        "mean": 2.09790658951,
        "median": 0.778980493546,
        "min": -1.56159591675,
        "var": 19.3621921539
    },
    "barkbands_skewness": {
        "dmean": 0.356217771769,
        "dmean2": 0.580043017864,
        "dvar": 0.0967340394855,
        "dvar2": 0.256561279297,
        "max": 5.2277007103,
        "mean": 1.23165953159,
        "median": 1.09958291054,
        "min": -0.839666724205,
        "var": 0.538935780525
    },
    "barkbands_spread": {
        "dmean": 2.49662351608,
        "dmean2": 4.12474918365,
        "dvar": 7.97001695633,
        "dvar2": 21.1930828094,
        "max": 58.9979019165,
        "mean": 14.1292676926,
        "median": 13.9569101334,
        "min": 0.967179059982,
        "var": 29.2234230042
    },
    "dissonance": {
        "dmean": 0.0200609602034,
        "dmean2": 0.0341148786247,
        "dvar": 0.000296029291349,
        "dvar2": 0.000815045787022,
        "max": 0.500000119209,
        "mean": 0.465248972178,
        "median": 0.470488786697,
        "min": 0.348706185818,
        "var": 0.00056886812672
    },
    "dynamic_complexity": 1.21046149731,
    "erbbands_crest": {
        "dmean": 2.31876778603,
        "dmean2": 3.74230313301,
        "dvar": 5.1807847023,
        "dvar2": 12.4137735367,
        "max": 28.7586269379,
        "mean": 9.00485134125,
        "median": 8.18619823456,
        "min": 2.80612254143,
        "var": 12.3872013092
    },
    "erbbands_flatness_db": {
        "dmean": 0.012476965785,
        "dmean2": 0.0185470860451,
        "dvar": 0.000128293890157,
        "dvar2": 0.000270384654868,
        "max": 0.312281697989,
        "mean": 0.193927317858,
        "median": 0.195463821292,
        "min": 0.0667404308915,
        "var": 0.00110180617776
    },
    "erbbands_kurtosis": {
        "dmean": 0.552798032761,
        "dmean2": 0.894226908684,
        "dvar": 0.367672294378,
        "dvar2": 0.874262750149,
        "max": 12.4387531281,
        "mean": 0.271001666784,
        "median": 0.0505366325378,
        "min": -1.46477854252,
        "var": 1.10774958134
    },
    "erbbands_skewness": {
        "dmean": 0.27708530426,
        "dmean2": 0.443428099155,
        "dvar": 0.0554036311805,
        "dvar2": 0.14078207314,
        "max": 2.51670193672,
        "mean": 0.0480307638645,
        "median": 0.0371018350124,
        "min": -2.07600951195,
        "var": 0.24948617816
    },
    "erbbands_spread": {
        "dmean": 3.5422129631,
        "dmean2": 5.57195043564,
        "dvar": 13.6552314758,
        "dvar2": 30.7548789978,
        "max": 94.5703201294,
        "mean": 23.3105373383,
        "median": 21.8931655884,
        "min": 4.19832038879,
        "var": 74.3802490234
    },
    "hfc": {
        "dmean": 4.6705493927,
        "dmean2": 7.02532052994,
        "dvar": 80.9629898071,
        "dvar2": 200.954559326,
        "max": 241.596588135,
        "mean": 23.5090293884,
        "median": 21.9938354492,
        "min": 0.0884045958519,
        "var": 170.443786621
    },
    "melbands_crest": {
        "dmean": 3.00811195374,
        "dmean2": 5.29550790787,
        "dvar": 6.07188177109,
        "dvar2": 18.5684375763,
        "max": 28.4250106812,
        "mean": 12.6216726303,
        "median": 11.989657402,
        "min": 4.22790336609,
        "var": 18.7330799103
    },
    "melbands_flatness_db": {
        "dmean": 0.0183945633471,
        "dmean2": 0.0303720962256,
        "dvar": 0.00027963554021,
        "dvar2": 0.000697089941241,
        "max": 0.537099719048,
        "mean": 0.261945545673,
        "median": 0.254176110029,
        "min": 0.102753512561,
        "var": 0.00288026034832
    },
    "melbands_kurtosis": {
        "dmean": 2.68989133835,
        "dmean2": 4.33706903458,
        "dvar": 15.258313179,
        "dvar2": 36.7798995972,
        "max": 80.2126846313,
        "mean": 5.64824533463,
        "median": 3.21375989914,
        "min": -1.60478293896,
        "var": 59.0402565002
    },
    "melbands_skewness": {
        "dmean": 0.439812093973,
        "dmean2": 0.717985510826,
        "dvar": 0.151791036129,
        "dvar2": 0.39334705472,
        "max": 7.48789024353,
        "mean": 1.92082154751,
        "median": 1.74507534504,
        "min": -0.209279090166,
        "var": 0.831342458725
    },
    "melbands_spread": {
        "dmean": 3.39072394371,
        "dmean2": 5.61868190765,
        "dvar": 12.0046710968,
        "dvar2": 32.5196609497,
        "max": 56.802734375,
        "mean": 16.2291240692,
        "median": 16.2056655884,
        "min": 1.00496292114,
        "var": 41.6324081421
    },
    "pitch_salience": {
        "dmean": 0.0628006085753,
        "dmean2": 0.106704622507,
        "dvar": 0.00248620240018,
        "dvar2": 0.00719787646085,
        "max": 0.850216805935,
        "mean": 0.582973778248,
        "median": 0.591001868248,
        "min": 0.250731289387,
        "var": 0.0078574474901
    },
    "silence_rate_20dB": {
        "dmean": 0,
        "dmean2": 0,
        "dvar": 0,
        "dvar2": 0,
        "max": 1,
        "mean": 1,
        "median": 1,
        "min": 1,
        "var": 0
    },
    "silence_rate_30dB": {
        "dmean": 0.0185758508742,
        "dmean2": 0.0371660850942,
        "dvar": 0.0182308722287,
        "dvar2": 0.0443016067147,
        "max": 1,
        "mean": 0.970212757587,
        "median": 1,
        "min": 0,
        "var": 0.028899660334
    },
    "silence_rate_60dB": {
        "dmean": 0.000386996893212,
        "dmean2": 0.000774293439463,
        "dvar": 0.000386876112316,
        "dvar2": 0.000773690466303,
        "max": 1,
        "mean": 0.00309477746487,
        "median": 0,
        "min": 0,
        "var": 0.00308515923098
    },
    "spectral_centroid": {
        "dmean": 105.645629883,
        "dmean2": 172.198608398,
        "dvar": 15862.015625,
        "dvar2": 41818.390625,
        "max": 2239.8737793,
        "mean": 732.709472656,
        "median": 725.895324707,
        "min": 178.362915039,
        "var": 48106.8945312
    },
    "spectral_complexity": {
        "dmean": 2.61184215546,
        "dmean2": 4.17421579361,
        "dvar": 6.9395160675,
        "dvar2": 14.5139770508,
        "max": 60,
        "mean": 21.6994190216,
        "median": 22,
        "min": 1,
        "var": 35.4566574097
    },
    "spectral_decrease": {
        "dmean": 3.05640734943e-09,
        "dmean2": 5.11272135739e-09,
        "dvar": 1.27983278618e-17,
        "dvar2": 3.21636210999e-17,
        "max": -7.9205843273e-11,
        "mean": -1.30924338038e-08,
        "median": -1.2044181652e-08,
        "min": -6.0756100595e-08,
        "var": 3.85032689722e-17
    },
    "spectral_energy": {
        "dmean": 0.0118095641956,
        "dmean2": 0.0197029206902,
        "dvar": 0.000193711792235,
        "dvar2": 0.000484350748593,
        "max": 0.245228111744,
        "mean": 0.0515461266041,
        "median": 0.0476083755493,
        "min": 0.000306959496811,
        "var": 0.000586847541854
    },
    "spectral_energyband_high": {
        "dmean": 0.000121652294183,
        "dmean2": 0.000187221652595,
        "dvar": 4.19806582386e-07,
        "dvar2": 1.11034125894e-06,
        "max": 0.0174505189061,
        "mean": 0.000224929040996,
        "median": 7.65993245295e-05,
        "min": 1.94548277932e-07,
        "var": 7.23738367014e-07
    },
    "spectral_energyband_low": {
        "dmean": 0.00895985774696,
        "dmean2": 0.0151498774067,
        "dvar": 0.000112610476208,
        "dvar2": 0.000289578572847,
        "max": 0.162613749504,
        "mean": 0.0219405610114,
        "median": 0.0178086142987,
        "min": 0.000108937078039,
        "var": 0.000303947454086
    },
    "spectral_energyband_middle_high": {
        "dmean": 0.00234629050829,
        "dmean2": 0.00355002074502,
        "dvar": 1.16807332233e-05,
        "dvar2": 2.72222787316e-05,
        "max": 0.0637889504433,
        "mean": 0.00856096483767,
        "median": 0.00778153119609,
        "min": 9.84330745268e-06,
        "var": 2.72369215963e-05
    },
    "spectral_energyband_middle_low": {
        "dmean": 0.00687050167471,
        "dmean2": 0.0115407695994,
        "dvar": 8.30634962767e-05,
        "dvar2": 0.000220077316044,
        "max": 0.177419170737,
        "mean": 0.025368085131,
        "median": 0.0232634395361,
        "min": 0.000215395222767,
        "var": 0.00018819894467
    },
    "spectral_entropy": {
        "dmean": 0.10469083488,
        "dmean2": 0.162943720818,
        "dvar": 0.0108928484842,
        "dvar2": 0.0230913180858,
        "max": 8.32742881775,
        "mean": 7.01403665543,
        "median": 7.01780843735,
        "min": 5.33162498474,
        "var": 0.107059545815
    },
    "spectral_flux": {
        "dmean": 0.018471416086,
        "dmean2": 0.0302023589611,
        "dvar": 0.000399652693886,
        "dvar2": 0.000960561388638,
        "max": 0.36504560709,
        "mean": 0.0984062179923,
        "median": 0.0936396047473,
        "min": 0.010413759388,
        "var": 0.0013149806764
    },
    "spectral_kurtosis": {
        "dmean": 3.84157395363,
        "dmean2": 6.72120380402,
        "dvar": 18.2886142731,
        "dvar2": 54.8319168091,
        "max": 93.8080062866,
        "mean": 12.9729223251,
        "median": 11.0181341171,
        "min": -0.168856620789,
        "var": 94.4774932861
    },
    "spectral_rms": {
        "dmean": 0.000779856578447,
        "dmean2": 0.00130230118521,
        "dvar": 5.60545402095e-07,
        "dvar2": 1.41425300626e-06,
        "max": 0.0154676092789,
        "mean": 0.00692206341773,
        "median": 0.00681521790102,
        "min": 0.000547240953892,
        "var": 2.37385143009e-06
    },
    "spectral_rolloff": {
        "dmean": 204.406494141,
        "dmean2": 357.445037842,
        "dvar": 60478.6132812,
        "dvar2": 156528.484375,
        "max": 3208.44726562,
        "mean": 895.664489746,
        "median": 882.861328125,
        "min": 107.666015625,
        "var": 147599.609375
    },
    "spectral_skewness": {
        "dmean": 0.315629154444,
        "dmean2": 0.539474546909,
        "dvar": 0.0833111330867,
        "dvar2": 0.240727290511,
        "max": 7.8669629097,
        "mean": 2.5990216732,
        "median": 2.50800943375,
        "min": 0.430636674166,
        "var": 0.543487131596
    },
    "spectral_spread": {
        "dmean": 249468.109375,
        "dmean2": 378782.125,
        "dvar": 174846754816,
        "dvar2": 243042402304,
        "max": 19457524,
        "mean": 2627985.75,
        "median": 2482784,
        "min": 855642.0625,
        "var": 796056027136
    },
    "spectral_strongpeak": {
        "dmean": 0.533162176609,
        "dmean2": 0.956164717674,
        "dvar": 0.880966424942,
        "dvar2": 2.39045357704,
        "max": 10.0807628632,
        "mean": 0.744499802589,
        "median": 0.447659492493,
        "min": 0,
        "var": 0.857641816139
    },
    "zerocrossingrate": {
        "dmean": 0.00403909105808,
        "dmean2": 0.00530171720311,
        "dvar": 1.65087913047e-05,
        "dvar2": 2.47518273682e-05,
        "max": 0.17138671875,
        "mean": 0.0329332016408,
        "median": 0.0322265625,
        "min": 0.00439453125,
        "var": 0.000154065608513
    },
    "barkbands": {
        "dmean": [0.000148964216351, 0.00509856967255, 0.00461745494977, 0.00420909374952, 0.00263637630269, 0.00156027451158, 0.00147924397606, 0.00110663217492, 0.00110827584285, 0.000831163779367, 0.000643169390969, 0.000791612430476, 0.000605168519542, 0.000556712970138, 0.000606276968028, 0.000110046559712, 6.85024861014e-05, 5.53399368073e-05, 7.49057362555e-05, 4.0329676267e-05, 3.78337535949e-05, 3.1559211493e-05, 2.23386796279e-05, 1.0723260857e-05, 6.08086656939e-06, 9.81079938356e-06, 3.93692016587e-06],
        "dmean2": [0.000218730128836, 0.00873207207769, 0.00776873668656, 0.00742609379813, 0.00437087053433, 0.00260231108405, 0.00232821656391, 0.00177671480924, 0.00173015566543, 0.00122895964887, 0.00100969185587, 0.00126441812608, 0.000936693802942, 0.000880885461811, 0.000990002183244, 0.000178623857209, 0.00011050527246, 8.4036772023e-05, 0.000122184414067, 6.63376267767e-05, 6.27706249361e-05, 5.14537023264e-05, 3.48225694324e-05, 1.59238170454e-05, 8.22702622827e-06, 1.42772951222e-05, 5.84777217227e-06],
        "dvar": [3.43463170793e-07, 6.24421518296e-05, 3.34838114213e-05, 3.50489499397e-05, 2.46584004344e-05, 3.37484084412e-06, 4.34551930084e-06, 2.1612195269e-06, 1.75908610345e-06, 3.07916548081e-06, 8.03763839485e-07, 1.67214648172e-06, 1.11666031444e-06, 6.87518820541e-07, 1.99255646294e-06, 7.02908096173e-08, 2.95882980339e-08, 3.85102971734e-08, 6.69854856028e-08, 1.60493609513e-08, 6.12239929865e-08, 4.21787298421e-08, 2.61184638362e-08, 2.52137000167e-09, 7.26340654289e-10, 2.44944176053e-09, 2.78246869989e-10],
        "dvar2": [5.958400493e-07, 0.000166118014022, 8.50345095387e-05, 0.000105321865703, 5.84636654821e-05, 9.1576075647e-06, 1.12428288048e-05, 5.45069633517e-06, 4.04172533308e-06, 5.53766403755e-06, 1.73219018507e-06, 3.95499728256e-06, 2.80659401142e-06, 1.72631416717e-06, 4.89390913572e-06, 1.81049955472e-07, 7.51080833084e-08, 9.93332562871e-08, 1.89402101114e-07, 4.34385185599e-08, 1.75085702381e-07, 1.15118361066e-07, 6.63101786813e-08, 6.01211080919e-09, 1.26138643974e-09, 5.39424993562e-09, 5.70161695634e-10],
        "max": [0.0111316507682, 0.128777831793, 0.0739083960652, 0.0868125557899, 0.0916206464171, 0.0305473115295, 0.0360459089279, 0.0240969602019, 0.029025606811, 0.0477576591074, 0.0161342732608, 0.0205920748413, 0.0256197266281, 0.0141502767801, 0.0270495768636, 0.00591649021953, 0.00379789317958, 0.00558765418828, 0.00822499580681, 0.00275563332252, 0.00648743705824, 0.00509076332673, 0.0064484840259, 0.00216504558921, 0.00131276564207, 0.0012229939457, 0.000280865409877],
        "mean": [0.000236706997384, 0.00927058979869, 0.00821013189852, 0.00718380743638, 0.00537987658754, 0.00396169023588, 0.0032322043553, 0.00222135637887, 0.00274112075567, 0.00180635449942, 0.00124507234432, 0.0015585682122, 0.0012410763884, 0.00120474770665, 0.00118764489889, 0.000212623897824, 0.000130485990667, 0.000108194239147, 0.000151893502334, 7.01237950125e-05, 5.26783369423e-05, 4.91184291604e-05, 4.15534886997e-05, 1.95214288397e-05, 1.11924873636e-05, 1.32893383125e-05, 4.57939177068e-06],
        "median": [0.000102069192508, 0.0058793341741, 0.00610554916784, 0.00436103250831, 0.00368320289999, 0.00325689651072, 0.00239638844505, 0.00145894673187, 0.00192954996601, 0.000921581173316, 0.000779640278779, 0.000831307668705, 0.00079447880853, 0.00101147510577, 0.00045428914018, 0.000146583246533, 8.60305517563e-05, 4.63191827293e-05, 8.38654377731e-05, 4.0171740693e-05, 1.67360885825e-05, 1.04686660052e-05, 1.27133625938e-05, 5.45506600247e-06, 2.07051448342e-06, 1.59410410561e-06, 3.97178069989e-07],
        "min": [1.72847791191e-07, 3.1624091207e-05, 3.26902227243e-05, 2.04037241929e-05, 4.96921638842e-05, 5.0748240028e-06, 5.97874441155e-06, 3.59214095624e-06, 1.07313644548e-05, 8.99581209524e-07, 1.25897804537e-06, 8.20467732865e-07, 7.72230009716e-07, 6.44371596081e-07, 1.34554011311e-06, 3.68759401681e-07, 1.5545587928e-07, 1.99862029149e-07, 3.21893693922e-08, 5.30180450653e-08, 2.41653950184e-08, 9.35904154176e-09, 2.43175204417e-08, 2.82157994747e-08, 1.14173275279e-08, 5.1505977261e-09, 4.01389055327e-09],
        "var": [5.46888770714e-07, 0.000123388483189, 6.21008730377e-05, 7.36984948162e-05, 3.95397655666e-05, 9.05915658223e-06, 9.0025823738e-06, 5.70574093217e-06, 7.02817669662e-06, 9.03925592866e-06, 2.04866637432e-06, 3.95139795728e-06, 2.20945617002e-06, 1.29477996325e-06, 3.37706069331e-06, 8.64701021897e-08, 4.29734257068e-08, 5.59154145208e-08, 6.69264963449e-08, 1.74678032039e-08, 4.91121845414e-08, 5.8268938119e-08, 5.65992550605e-08, 7.53326290237e-09, 2.88375834323e-09, 4.92541873953e-09, 4.04436428791e-10]
    },
    "erbbands": {
        "dmean": [0.102802373469, 1.33793318272, 4.5850186348, 9.9448223114, 9.64957237244, 9.10586071014, 11.7920389175, 14.2539262772, 19.6926174164, 22.9730014801, 23.7181282043, 26.7834472656, 22.820526123, 24.3872756958, 23.6698875427, 38.0765991211, 28.9259967804, 28.4293365479, 38.1294517517, 10.4490470886, 4.7425904274, 3.44804406166, 3.04972863197, 4.67857837677, 2.28399372101, 2.06730389595, 1.63381397724, 1.38624882698, 1.21972715855, 0.835915029049, 0.611834824085, 0.27450299263, 0.149336084723, 0.0830727592111, 0.0391647331417, 0.0251960288733, 0.0228031240404, 0.00484974076971, 0.000772236613557, 5.00788046338e-05],
        "dmean2": [0.176605403423, 2.28940987587, 7.61847448349, 17.3502235413, 16.3354701996, 14.8124094009, 19.9577217102, 24.0550079346, 31.6965141296, 35.9432754517, 37.7476997375, 40.8851547241, 35.1903839111, 35.2250556946, 37.0669021606, 60.6517181396, 44.7763442993, 45.0128440857, 62.0373725891, 17.202539444, 7.59620952606, 5.56525278091, 4.74363040924, 7.52874946594, 3.70881390572, 3.44519615173, 2.71229720116, 2.29116654396, 2.06956863403, 1.29315209389, 0.960350334644, 0.403661996126, 0.216191291809, 0.11821360141, 0.0539259724319, 0.0355558097363, 0.0343966297805, 0.00702659832314, 0.00114234082866, 7.58728638175e-05],
        "dvar": [0.030461538583, 3.83115720749, 30.1876296997, 189.939620972, 356.289459229, 190.321166992, 228.504302979, 338.318847656, 830.905456543, 1062.9083252, 1098.49194336, 1134.609375, 1319.22790527, 3458.66455078, 1146.02075195, 3987.27099609, 2244.37426758, 2234.11181641, 7610.82373047, 203.801452637, 236.760284424, 93.3526229858, 130.080841064, 202.342987061, 67.5416641235, 47.5603523254, 119.984458923, 75.037612915, 74.2363739014, 21.460515976, 27.0195045471, 2.05797886848, 0.527814865112, 0.121890857816, 0.028489343822, 0.0176129359752, 0.0163101106882, 0.000512511876877, 1.58317288879e-05, 4.05752018651e-08],
        "dvar2": [0.0813121572137, 10.1339607239, 75.6017150879, 539.831726074, 882.770996094, 465.411834717, 638.774047852, 942.245910645, 2333.97900391, 2731.19628906, 2519.43408203, 2471.05444336, 2997.72998047, 5742.43066406, 2509.71655273, 9302.17285156, 5546.78808594, 5762.20507812, 18716.765625, 494.142822266, 601.781188965, 228.633102417, 338.946502686, 566.793640137, 185.814361572, 129.442550659, 349.066986084, 210.756103516, 209.464889526, 48.8155212402, 71.7329101562, 5.1139755249, 1.1145131588, 0.23098886013, 0.0500861927867, 0.0359033234417, 0.0394132360816, 0.00102197588421, 3.30669608957e-05, 8.07606141962e-08],
        "max": [3.05491733551, 30.0456161499, 63.3557891846, 210.077148438, 368.828399658, 231.014022827, 269.753356934, 368.353210449, 583.222717285, 520.574401855, 552.011901855, 811.164672852, 920.924133301, 1783.30578613, 831.251953125, 1068.49572754, 1001.2456665, 901.243774414, 1721.66821289, 193.161361694, 368.470184326, 228.259933472, 342.700866699, 427.369415283, 238.764312744, 153.231826782, 328.610076904, 153.18006897, 200.926437378, 166.344589233, 194.501571655, 60.5708618164, 32.7309188843, 15.4207582474, 7.62157535553, 3.41654920578, 3.0488243103, 0.510791540146, 0.0617381073534, 0.00307636475191],
        "mean": [0.210077881813, 2.32748436928, 8.63412380219, 19.0587120056, 18.0373859406, 18.7601242065, 23.7668228149, 33.8181915283, 44.1835670471, 48.3642883301, 54.7563781738, 68.690612793, 51.8314971924, 55.4320411682, 50.3788299561, 77.7700500488, 63.37317276, 62.9255027771, 80.337600708, 23.9872665405, 10.0201692581, 7.08833646774, 6.33952713013, 8.65303707123, 5.45234966278, 3.4815363884, 2.46997594833, 1.85551011562, 1.69907236099, 1.64893579483, 1.089646101, 0.502473115921, 0.278931170702, 0.148004889488, 0.0729859396815, 0.0400898903608, 0.0286320317537, 0.00630829390138, 0.000875789904967, 0.000101164034277],
        "median": [0.134355604649, 1.43735551834, 6.39499330521, 12.2371101379, 10.9415616989, 11.9653215408, 17.8322086334, 26.4018707275, 31.8621273041, 35.8715591431, 37.888885498, 46.8394966125, 33.8263244629, 28.8190174103, 35.2040023804, 42.3168144226, 43.5793914795, 49.097202301, 42.2734184265, 19.3917331696, 7.00658369064, 4.42558717728, 3.27460598946, 4.13969898224, 3.79048800468, 2.02208590508, 1.02559196949, 0.52464056015, 0.357921302319, 0.452592372894, 0.306703358889, 0.153142809868, 0.0628232881427, 0.0270279794931, 0.0130749773234, 0.00628154631704, 0.00297365291044, 0.000678029668052, 9.49194654822e-05, 5.85850684729e-05],
        "min": [0.00195558788255, 0.00371115212329, 0.0345648266375, 0.117965944111, 0.188133016229, 0.186440080404, 0.109450139105, 0.0346628166735, 0.0878178700805, 0.0957747250795, 0.119480825961, 0.183114483953, 0.213048458099, 0.0495052747428, 0.0465932525694, 0.0416797138751, 0.0348335690796, 0.0374343842268, 0.0594919621944, 0.0271571278572, 0.0245299134403, 0.0112035702914, 0.0138005074114, 0.00424742046744, 0.00170291156974, 0.00261845695786, 0.00151758547872, 0.000668556720484, 0.000331786897732, 0.000388531479985, 0.000586766458582, 0.000836475926917, 0.000280790613033, 0.000152509805048, 7.4683171988e-05, 4.38264141849e-05, 8.82205313246e-06, 1.12573650313e-06, 1.41820407862e-06, 5.98866108703e-07],
        "var": [0.0630681365728, 7.84031581879, 63.1961746216, 444.214416504, 561.524353027, 462.567901611, 426.366241455, 830.398620605, 1736.1529541, 1978.02648926, 3418.37792969, 4881.28564453, 3634.36132812, 10559.4462891, 2924.12329102, 9596.86816406, 4544.95117188, 3419.10791016, 12360.2441406, 432.768768311, 258.01651001, 141.316879272, 173.535125732, 218.525680542, 75.4516906738, 46.1689605713, 90.5476150513, 67.511680603, 78.7098846436, 64.1200408936, 48.5199966431, 5.03985881805, 1.88940644264, 0.466114789248, 0.117665365338, 0.043699208647, 0.0265061818063, 0.00101376627572, 1.94238054974e-05, 5.20851735075e-08]
    },
    "gfcc": {
        "mean": [13.8922433853, 152.061386108, -114.715270996, 9.07175064087, -43.0483551025, 12.6500892639, -27.2078876495, -3.33468818665, -16.592420578, 1.73054850101, -8.60599422455, -8.9642162323, -15.715555191],
        "cov": [[2173.78320312, -934.345031738, -208.908325195, 102.547149658, -112.80406189, 61.2382888794, 19.9546451569, 34.9180641174, -180.628723145, 129.370544434, -115.125740051, 165.393981934, -144.082122803], [-934.345031738, 717.093017578, -35.3716583252, -75.503074646, 70.0029525757, -44.7966079712, 16.4489097595, -10.6316194534, 111.038917542, -67.5784301758, 87.4098587036, -111.875602722, 77.3814849854], [-208.908325195, -35.3716583252, 315.727813721, 32.996131897, 22.4582233429, 3.20315480232, 5.3151679039, 11.0987472534, 8.44662761688, -43.1257476807, -15.766371727, 0.703999042511, -16.1647663116], [102.547149658, -75.503074646, 32.996131897, 155.676452637, -1.54969108105, 15.3666734695, -5.13806915283, 3.03058552742, -6.3100810051, -9.34224414825, -5.97207117081, 3.35353899002, -13.2058410645], [-112.80406189, 70.0029525757, 22.4582233429, -1.54969108105, 100.889251709, 0.960820317268, 10.8597011566, 8.41354751587, -2.17993402481, 7.5163974762, 14.7342967987, -10.5987176895, 11.4058856964], [61.2382888794, -44.7966079712, 3.20315480232, 15.3666734695, 0.960820317268, 68.7199325562, 5.71956920624, 1.73042058945, 2.92630386353, 6.0677986145, -6.37583351135, 5.90890932083, 8.15023136139], [19.9546451569, 16.4489097595, 5.3151679039, -5.13806915283, 10.8597011566, 5.71956920624, 83.1987380981, 21.3145580292, -6.5130443573, -1.04119157791, 3.55268335342, 5.64516925812, -10.6608953476], [34.9180641174, -10.6316194534, 11.0987472534, 3.03058552742, 8.41354751587, 1.73042058945, 21.3145580292, 75.2263412476, 13.634393692, 16.3308773041, 2.34523034096, 0.806361436844, -8.45149898529], [-180.628723145, 111.038917542, 8.44662761688, -6.3100810051, -2.17993402481, 2.92630386353, -6.5130443573, 13.634393692, 85.5994796753, 12.3211050034, 17.5554199219, -23.1908988953, 18.7202758789], [129.370544434, -67.5784301758, -43.1257476807, -9.34224414825, 7.5163974762, 6.0677986145, -1.04119157791, 16.3308773041, 12.3211050034, 96.5318374634, 9.40694904327, 10.2538757324, 1.98868072033], [-115.125740051, 87.4098587036, -15.766371727, -5.97207117081, 14.7342967987, -6.37583351135, 3.55268335342, 2.34523034096, 17.5554199219, 9.40694904327, 62.063999176, 1.47206807137, 13.6787567139], [165.393981934, -111.875602722, 0.703999042511, 3.35353899002, -10.5987176895, 5.90890932083, 5.64516925812, 0.806361436844, -23.1908988953, 10.2538757324, 1.47206807137, 65.6797027588, 1.3886038065], [-144.082122803, 77.3814849854, -16.1647663116, -13.2058410645, 11.4058856964, 8.15023136139, -10.6608953476, -8.45149898529, 18.7202758789, 1.98868072033, 13.6787567139, 1.3886038065, 77.9538726807]],
        "icov": [[0.00153509818483, 0.00146866077557, 0.00124460516963, -0.000386668136343, 0.000210328522371, -0.000321571162203, -0.000411373126553, -0.00045134575339, 0.000638218247332, -0.000500970170833, 0.000663425773382, -0.00099117483478, 0.00123043812346], [0.00146866077557, 0.00611045723781, 0.00198987987824, 0.000988181564026, -0.00193577469327, 0.00181487435475, -0.00217263563536, 0.000359920639312, -0.00337628717534, 0.00358688971028, -0.00386722898111, 0.00471361353993, -0.0016217303928], [0.00124460516963, 0.00198987987824, 0.00490175141022, -0.000664908613544, -0.00156842591241, 4.80924500152e-05, -0.000537842977792, -0.000732937827706, -0.00153388211038, 0.00226131011732, 0.00091257301392, -0.000911582203116, 0.00146715145092], [-0.000386668136343, 0.000988181564026, -0.000664908613544, 0.00740705104545, -0.000650659727398, -0.00110210524872, 0.000513954844791, -0.000122469500639, -0.000918008503504, 0.00187463127077, -0.00163874577265, 0.00165473506786, 0.000119465694297], [0.000210328522371, -0.00193577469327, -0.00156842591241, -0.000650659727398, 0.0127456495538, -0.00124256440904, -0.00060935143847, -0.0015023042215, 0.00477564614266, -0.00363941281103, -0.00100381695665, 0.000760462717153, -0.000997744384222], [-0.000321571162203, 0.00181487435475, 4.80924500152e-05, -0.00110210524872, -0.00124256440904, 0.0169003363699, -0.00237898388878, 0.000800699461251, -0.00306014204398, 0.000777169421781, 0.000441214564489, 0.00129881361499, -0.00378183764406], [-0.000411373126553, -0.00217263563536, -0.000537842977792, 0.000513954844791, -0.00060935143847, -0.00237898388878, 0.0146500105038, -0.00417052255943, 0.0024833495263, -0.000182886593393, 0.00023293774575, -0.00293409219012, 0.00268082367256], [-0.00045134575339, 0.000359920639312, -0.000732937827706, -0.000122469500639, -0.0015023042215, 0.000800699461251, -0.00417052255943, 0.0162428859621, -0.00414069183171, -0.00171610631514, -0.000286404159851, 0.000398560747271, 0.00104381248821], [0.000638218247332, -0.00337628717534, -0.00153388211038, -0.000918008503504, 0.00477564614266, -0.00306014204398, 0.0024833495263, -0.00414069183171, 0.020276915282, -0.00613955175504, -0.000582837150432, 0.001742325956, -0.00107212970033], [-0.000500970170833, 0.00358688971028, 0.00226131011732, 0.00187463127077, -0.00363941281103, 0.000777169421781, -0.000182886593393, -0.00171610631514, -0.00613955175504, 0.0163064785302, -0.00463246833533, 0.00205550389364, -0.00162517896388], [0.000663425773382, -0.00386722898111, 0.00091257301392, -0.00163874577265, -0.00100381695665, 0.000441214564489, 0.00023293774575, -0.000286404159851, -0.000582837150432, -0.00463246833533, 0.0239283107221, -0.00844828505069, 0.00128808966838], [-0.00099117483478, 0.00471361353993, -0.000911582203116, 0.00165473506786, 0.000760462717153, 0.00129881361499, -0.00293409219012, 0.000398560747271, 0.001742325956, 0.00205550389364, -0.00844828505069, 0.0265495274216, -0.00648615183309], [0.00123043812346, -0.0016217303928, 0.00146715145092, 0.000119465694297, -0.000997744384222, -0.00378183764406, 0.00268082367256, 0.00104381248821, -0.00107212970033, -0.00162517896388, 0.00128808966838, -0.00648615183309, 0.0182462316006]]
    },
    "melbands": {
        "dmean": [0.00116355845239, 0.0020342275966, 0.00164237816352, 0.000590013572946, 0.000416371709434, 0.000317858532071, 0.000299390929285, 0.000240719076828, 0.000196603548829, 0.00016542065714, 0.00011504143913, 0.000102389778476, 8.60075742821e-05, 8.34239108372e-05, 9.31300965021e-05, 4.92576800752e-05, 5.89631454204e-05, 6.12905496382e-05, 2.73246878351e-05, 1.06910320028e-05, 5.3914614e-06, 3.98554402636e-06, 3.05584103444e-06, 3.28427017848e-06, 4.29165584137e-06, 1.86477325315e-06, 1.46307036175e-06, 1.38321172471e-06, 1.09218615307e-06, 8.86702423486e-07, 8.29604118735e-07, 7.55481039505e-07, 5.87341901337e-07, 4.73709889093e-07, 4.27509149858e-07, 2.32462028293e-07, 1.52166194312e-07, 1.06490034568e-07, 9.57746593144e-08, 6.59287522353e-08],
        "dmean2": [0.00199566478841, 0.00339931552298, 0.00287321698852, 0.000962358433753, 0.000705082784407, 0.000530735240318, 0.000475818145787, 0.000380704732379, 0.000309073366225, 0.000256157072727, 0.000178133239388, 0.000148856954183, 0.000135111025884, 0.000132789544296, 0.000146105434396, 7.66814118833e-05, 9.37524673645e-05, 9.95726368274e-05, 4.48397659056e-05, 1.75303703145e-05, 8.75381465448e-06, 6.49959838483e-06, 4.9005902838e-06, 4.94356709169e-06, 6.98973008184e-06, 3.04427112496e-06, 2.39886890085e-06, 2.31881426771e-06, 1.83823874522e-06, 1.42475300891e-06, 1.40078134336e-06, 1.32026082156e-06, 9.05138904272e-07, 7.48029208353e-07, 6.74261968925e-07, 3.50282618911e-07, 2.34555471934e-07, 1.55317167128e-07, 1.43147858012e-07, 9.66145989878e-08],
        "dvar": [3.55313613909e-06, 6.03380294706e-06, 5.06311607751e-06, 1.5055802578e-06, 2.61327159023e-07, 1.58336476375e-07, 1.77679780222e-07, 1.11227080879e-07, 6.65922712528e-08, 4.30508713123e-08, 3.38327481586e-08, 6.74334259543e-08, 1.47567034148e-08, 1.71444334285e-08, 1.57740860374e-08, 1.09945021975e-08, 9.27732912714e-09, 1.75025824944e-08, 2.79248268953e-09, 2.26410501458e-10, 4.28329760549e-10, 1.14667400575e-10, 8.19065856805e-11, 1.07990762166e-10, 1.56109999927e-10, 7.23306900485e-11, 1.69790622534e-11, 2.1014145285e-11, 5.47067079137e-11, 2.54857385196e-11, 3.04392795691e-11, 2.78342088961e-11, 1.53661181002e-11, 5.88841128635e-12, 1.61432429924e-11, 2.45827360204e-12, 4.91002854694e-13, 2.61901259143e-13, 2.12371163407e-13, 7.38060193474e-14],
        "dvar2": [9.47270109464e-06, 1.4860360352e-05, 1.45228168549e-05, 3.60168769475e-06, 7.43474458886e-07, 4.47097562528e-07, 4.81903612126e-07, 2.92856839224e-07, 1.4917922897e-07, 9.95015199123e-08, 7.67359651377e-08, 1.11782192391e-07, 3.17469961431e-08, 3.99114057359e-08, 3.79702598252e-08, 2.9286853831e-08, 2.33589094734e-08, 4.31842970272e-08, 6.80114276008e-09, 5.76062419988e-10, 1.10389442032e-09, 2.92909668742e-10, 2.0466082995e-10, 2.78051276448e-10, 4.40527198053e-10, 2.02646080472e-10, 4.48301777645e-11, 5.74616708382e-11, 1.60917529302e-10, 7.18402559663e-11, 8.60606377828e-11, 7.98249799594e-11, 3.98409014113e-11, 1.34776625624e-11, 4.38893296706e-11, 6.89148477867e-12, 1.17337617487e-12, 5.34375386822e-13, 4.29550411083e-13, 1.51732725234e-13],
        "max": [0.032953388989, 0.0299979690462, 0.0316482596099, 0.025170808658, 0.00823982525617, 0.00727433897555, 0.00822533573955, 0.00581229571253, 0.00423124013469, 0.00449332920834, 0.00463279755786, 0.00790976919234, 0.00222371844575, 0.00202109175734, 0.00159389397595, 0.00315113761462, 0.00149566843174, 0.00271535012871, 0.000873163575307, 0.000286644150037, 0.000506170443259, 0.000241488422034, 0.000239584012888, 0.000302561064018, 0.000366556167137, 0.000273995305179, 9.90445550997e-05, 9.66859151958e-05, 0.000213490231545, 0.000147267986904, 0.000104006692709, 0.000107184379885, 0.000114323913294, 9.50933317654e-05, 0.000158780399943, 6.64355029585e-05, 2.4247347028e-05, 2.27262225962e-05, 2.06051372516e-05, 9.74753766059e-06],
        "mean": [0.00225002504885, 0.00410618353635, 0.00331305433065, 0.00123269460164, 0.000865967071149, 0.00077257072553, 0.000690761778969, 0.000509496137965, 0.000471013830975, 0.000405394675909, 0.000250035780482, 0.000223858558456, 0.000170286119101, 0.000167177742696, 0.000191708328202, 0.000105127641291, 0.000121128767205, 0.00013141168165, 5.52050842089e-05, 2.05417672987e-05, 9.68948552327e-06, 7.5151888268e-06, 5.54510279471e-06, 6.34425850876e-06, 7.33000706532e-06, 3.84691247746e-06, 3.13440227728e-06, 2.09503059523e-06, 1.55927625656e-06, 1.33253490731e-06, 9.95097025225e-07, 9.33362855449e-07, 9.97185679807e-07, 8.96270250905e-07, 7.00784653418e-07, 4.08076914482e-07, 2.58245876239e-07, 1.96321892076e-07, 1.5905034445e-07, 1.15077469331e-07],
        "median": [0.00144564919174, 0.00309217232279, 0.0022767665796, 0.000838419480715, 0.000651274400298, 0.000607894849963, 0.000524004513863, 0.000377564516384, 0.000329847593093, 0.000278610124951, 0.000157277216204, 0.000109933251224, 0.000110488603241, 9.1401670943e-05, 0.000137501687277, 6.41140140942e-05, 8.91625022632e-05, 7.87837489042e-05, 3.08953458443e-05, 1.53152031999e-05, 6.07103265793e-06, 4.64010508949e-06, 3.00567216982e-06, 2.86161412077e-06, 3.35392928719e-06, 2.60391743723e-06, 1.97411713998e-06, 1.06379320641e-06, 6.29194232715e-07, 4.07533349289e-07, 2.17309093387e-07, 1.81655764209e-07, 1.66706854543e-07, 2.80507578054e-07, 1.810231538e-07, 1.16107159442e-07, 7.58361551334e-08, 4.68954901578e-08, 2.53334082601e-08, 1.93102493995e-08],
        "min": [1.31747356136e-05, 1.23659337987e-05, 2.90897460218e-05, 1.34612728289e-05, 6.49236199024e-06, 9.36507944971e-07, 1.1129094446e-06, 9.86786858448e-07, 1.37172480663e-06, 1.25538338125e-06, 1.00517411283e-06, 1.62831412354e-07, 1.77621842568e-07, 6.99242050928e-08, 1.30010661792e-07, 5.0788429462e-08, 6.29900469562e-08, 7.88811149732e-08, 7.20661788023e-08, 2.20418652219e-08, 2.72193805273e-08, 9.06698449654e-09, 1.26407027068e-08, 8.65980176457e-09, 2.16634643557e-09, 1.24149124314e-09, 1.33124500312e-09, 1.10970710399e-09, 8.9946355919e-10, 3.42511075058e-10, 2.07376796291e-10, 1.29382810021e-10, 1.86200999064e-10, 2.29411073471e-10, 1.84176340845e-10, 4.10242562143e-10, 4.19094592363e-10, 1.79643910858e-10, 1.42220679678e-10, 9.501494036e-11],
        "var": [7.4408603723e-06, 1.40248821481e-05, 1.14632921395e-05, 2.29793045037e-06, 5.2863555311e-07, 4.00221182417e-07, 3.96370751332e-07, 2.0921424948e-07, 2.31204595025e-07, 1.63362855687e-07, 9.36603470336e-08, 2.03095709139e-07, 3.82694089751e-08, 4.2635512898e-08, 3.75003779141e-08, 1.82742603272e-08, 1.59048330062e-08, 2.86373946778e-08, 4.90402829456e-09, 4.06962380461e-10, 4.20358942099e-10, 1.60949573114e-10, 1.23362667304e-10, 1.63921307084e-10, 1.65604543967e-10, 6.50301201777e-11, 2.19099668963e-11, 1.99398431794e-11, 4.03361614942e-11, 2.24240227081e-11, 2.57687465116e-11, 2.51580093563e-11, 2.7272101244e-11, 1.81120726056e-11, 2.51585731414e-11, 4.08156451345e-12, 1.20019998714e-12, 9.18613058884e-13, 7.25365676812e-13, 2.48580317571e-13]
    },
    "mfcc": {
        "mean": [-634.671630859, 188.747131348, -7.89651679993, 10.8533115387, 2.45631051064, 13.592675209, 1.4705773592, 0.686263501644, -8.77915859222, 12.3772239685, 1.52126729488, -2.70995879173, -0.39833983779],
        "cov": [[2249.19238281, -824.337768555, -271.95123291, 29.249288559, -184.093200684, 59.7336730957, 28.1150112152, 14.811255455, -39.1649017334, -91.8182830811, 35.5129814148, 26.8958797455, -5.52202272415], [-824.337768555, 604.285461426, -31.7821846008, -51.3503723145, 47.2826271057, -47.4358100891, -0.857012987137, -16.3726787567, 3.60474467278, 77.902053833, -1.31705534458, -16.4093837738, 2.07801985741], [-271.95123291, -31.7821846008, 270.516265869, 31.1759204865, 44.8575401306, -0.0247815940529, -12.4802980423, 39.52110672, 22.4846191406, -31.033285141, 1.27379798889, 10.4189729691, -1.19638204575], [29.249288559, -51.3503723145, 31.1759204865, 117.473419189, 15.1386070251, 4.0083155632, 15.2643699646, 13.7507209778, -1.09764039516, -6.80085086823, 13.4654788971, 4.75468921661, -3.72328352928], [-184.093200684, 47.2826271057, 44.8575401306, 15.1386070251, 104.503166199, 3.30265307426, -1.46987760067, -6.3775229454, 10.5571928024, -0.960476160049, 3.3665201664, -5.49261713028, 2.8915708065], [59.7336730957, -47.4358100891, -0.0247815940529, 4.0083155632, 3.30265307426, 67.5952453613, 4.96270704269, -3.85895442963, -0.0974524021149, -6.40172100067, -2.2675974369, -4.75920534134, 5.68626928329], [28.1150112152, -0.857012987137, -12.4802980423, 15.2643699646, -1.46987760067, 4.96270704269, 82.0292205811, 14.9648694992, 1.52310371399, -7.40446519852, -0.611516773701, 1.74586164951, -1.3613960743], [14.811255455, -16.3726787567, 39.52110672, 13.7507209778, -6.3775229454, -3.85895442963, 14.9648694992, 78.9092636108, 4.28301858902, -14.0514945984, 2.07064914703, 2.4640712738, -12.3507099152], [-39.1649017334, 3.60474467278, 22.4846191406, -1.09764039516, 10.5571928024, -0.0974524021149, 1.52310371399, 4.28301858902, 61.9301834106, 6.07863140106, 2.79969739914, -1.68099594116, 0.784337222576], [-91.8182830811, 77.902053833, -31.033285141, -6.80085086823, -0.960476160049, -6.40172100067, -7.40446519852, -14.0514945984, 6.07863140106, 99.8548431396, 15.6248264313, -6.04841947556, 3.18492245674], [35.5129814148, -1.31705534458, 1.27379798889, 13.4654788971, 3.3665201664, -2.2675974369, -0.611516773701, 2.07064914703, 2.79969739914, 15.6248264313, 65.087387085, 12.499130249, 5.12645959854], [26.8958797455, -16.4093837738, 10.4189729691, 4.75468921661, -5.49261713028, -4.75920534134, 1.74586164951, 2.4640712738, -1.68099594116, -6.04841947556, 12.499130249, 56.0721511841, 11.1416034698], [-5.52202272415, 2.07801985741, -1.19638204575, -3.72328352928, 2.8915708065, 5.68626928329, -1.3613960743, -12.3507099152, 0.784337222576, 3.18492245674, 5.12645959854, 11.1416034698, 56.2462387085]],
