{
"lowlevel": {
    "average_loudness": 0.956691920757,
    "barkbands_crest": {
        "dmean": 2.15182638168,
        "dmean2": 3.51562190056,
        "dvar": 4.87122392654,
        "dvar2": 13.2660646439,
        "max": 26.8344459534,
        "mean": 9.04526424408,
        "median": 8.34834384918,
        "min": 2.24537420273,
        "var": 14.0770187378
    },
    "barkbands_flatness_db": {
        "dmean": 0.0165625233203,
        "dmean2": 0.0254833735526,
        "dvar": 0.000416315655457,
        "dvar2": 0.000972057750914,
        "max": 0.495262950659,
        "mean": 0.121339693666,
        "median": 0.107977993786,
        "min": 0.0262039732188,
        "var": 0.00445085531101
    },
    "barkbands_kurtosis": {
        "dmean": 3.48518753052,
        "dmean2": 5.63934469223,
        "dvar": 1415.04418945,
        "dvar2": 2644.29956055,
        "max": 2319.48413086,
        "mean": 9.26281452179,
        "median": 0.501577854156,
        "min": -1.92340052128,
        "var": 12629.4013672
    },
    "barkbands_skewness": {
        "dmean": 0.449328780174,
        "dmean2": 0.709255754948,
        "dvar": 0.781204342842,
        "dvar2": 1.62901341915,
        "max": 12.1413316727,
        "mean": 0.944252550602,
        "median": 1.09225666523,
        "min": -42.650554657,
        "var": 7.453145504
    },
    "barkbands_spread": {
        "dmean": 4.48220252991,
        "dmean2": 7.12294006348,
        "dvar": 38.9427108765,
        "dvar2": 104.506362915,
        "max": 133.785110474,
        "mean": 25.8610591888,
        "median": 24.0635032654,
        "min": 0.135696202517,
        "var": 148.843429565
    },
    "dissonance": {
        "dmean": 0.0141543969512,
        "dmean2": 0.0244801528752,
        "dvar": 0.000296962738503,
        "dvar2": 0.000800724956207,
        "max": 0.499854415655,
        "mean": 0.477411091328,
        "median": 0.483175128698,
        "min": 0.320831090212,
        "var": 0.000418453797465
    },
    "dynamic_complexity": 3.11732363701,
    "erbbands_crest": {
        "dmean": 2.05859327316,
        "dmean2": 3.33370375633,
        "dvar": 4.70534992218,
        "dvar2": 10.7924089432,
        "max": 27.443944931,
        "mean": 8.20894145966,
        "median": 6.9086933136,
        "min": 2.44265174866,
        "var": 20.6717758179
    },
    "erbbands_flatness_db": {
        "dmean": 0.0123933516443,
        "dmean2": 0.0182388592511,
        "dvar": 0.000235467392486,
        "dvar2": 0.000470914063044,
        "max": 0.456459194422,
        "mean": 0.156702846289,
        "median": 0.12749145925,
        "min": 0.0514298081398,
        "var": 0.00537501554936
    },
    "erbbands_kurtosis": {
        "dmean": 0.866169631481,
        "dmean2": 1.36485159397,
        "dvar": 4.57540512085,
        "dvar2": 11.1113681793,
        "max": 58.9627571106,
        "mean": 0.773873329163,
        "median": -0.187121391296,
        "min": -1.56982600689,
        "var": 11.4801244736
    },
    "erbbands_skewness": {
        "dmean": 0.268265098333,
        "dmean2": 0.414746195078,
        "dvar": 0.104140102863,
        "dvar2": 0.230004027486,
        "max": 6.58198308945,
        "mean": -0.205082640052,
        "median": -0.210052013397,
        "min": -4.02549886703,
        "var": 0.370621591806
    },
    "erbbands_spread": {
        "dmean": 5.88641881943,
        "dmean2": 9.20931148529,
        "dvar": 44.7274017334,
        "dvar2": 101.697990417,
        "max": 101.779594421,
        "mean": 37.410118103,
        "median": 37.0694465637,
        "min": 1.1971309185,
        "var": 349.351776123
    },
    "hfc": {
        "dmean": 5.91576528549,
        "dmean2": 8.80486106873,
        "dvar": 219.883972168,
        "dvar2": 536.680664062,
        "max": 179.907150269,
        "mean": 24.347946167,
        "median": 19.9821453094,
        "min": 0.000110563065391,
        "var": 443.552276611
    },
    "melbands_crest": {
        "dmean": 2.59834051132,
        "dmean2": 4.24784231186,
        "dvar": 5.84932899475,
        "dvar2": 15.3748559952,
        "max": 30.4646015167,
        "mean": 13.5560493469,
        "median": 13.4412679672,
        "min": 2.47423028946,
        "var": 17.3305988312
    },
    "melbands_flatness_db": {
        "dmean": 0.0220598522574,
        "dmean2": 0.0341141074896,
        "dvar": 0.000754312553909,
        "dvar2": 0.00185549352318,
        "max": 0.614194273949,
        "mean": 0.192279979587,
        "median": 0.185542061925,
        "min": 0.0169278644025,
        "var": 0.00483385939151
    },
    "melbands_kurtosis": {
        "dmean": 4.5958571434,
        "dmean2": 7.40090847015,
        "dvar": 94.5874176025,
        "dvar2": 229.802307129,
        "max": 239.677978516,
        "mean": 9.35996437073,
        "median": 5.52667045593,
        "min": -1.87418866158,
        "var": 192.6587677
    },
    "melbands_skewness": {
        "dmean": 0.598865091801,
        "dmean2": 0.934384465218,
        "dvar": 0.541944563389,
        "dvar2": 1.36116290092,
        "max": 11.7998838425,
        "mean": 2.33302569389,
        "median": 2.24247050285,
        "min": -3.57895636559,
        "var": 2.71529388428
    },
    "melbands_spread": {
        "dmean": 6.24528884888,
        "dmean2": 9.93667888641,
        "dvar": 53.6207008362,
        "dvar2": 141.037582397,
        "max": 161.512313843,
        "mean": 26.3876571655,
        "median": 24.468547821,
        "min": 0.352688610554,
        "var": 200.668228149
    },
    "pitch_salience": {
        "dmean": 0.0638448670506,
        "dmean2": 0.103517495096,
        "dvar": 0.00393879460171,
        "dvar2": 0.0100351143628,
        "max": 0.888106048107,
        "mean": 0.544728338718,
        "median": 0.548084616661,
        "min": 0.0641224011779,
        "var": 0.0131175555289
    },
    "silence_rate_20dB": {
        "dmean": 0,
        "dmean2": 0,
        "dvar": 0,
        "dvar2": 0,
        "max": 1,
        "mean": 1,
        "median": 1,
        "min": 1,
        "var": 0
    },
    "silence_rate_30dB": {
        "dmean": 0.0216718260199,
        "dmean2": 0.0433604344726,
        "dvar": 0.0212018247694,
        "dvar2": 0.0554158873856,
        "max": 1,
        "mean": 0.985299825668,
        "median": 1,
        "min": 0,
        "var": 0.0144840767607
    },
    "silence_rate_60dB": {
        "dmean": 0.00503095984459,
        "dmean2": 0.0100658144802,
        "dvar": 0.00500604929402,
        "dvar2": 0.0115128504112,
        "max": 1,
        "mean": 0.0920696333051,
        "median": 0,
        "min": 0,
        "var": 0.08359939605
    },
    "spectral_centroid": {
        "dmean": 190.199615479,
        "dmean2": 297.492767334,
        "dvar": 65858.6875,
        "dvar2": 152895.484375,
        "max": 10602.9101562,
        "mean": 1405.74121094,
        "median": 1362.89892578,
        "min": 138.20010376,
        "var": 326979.75
    },
    "spectral_complexity": {
        "dmean": 3.23374605179,
        "dmean2": 5.19008922577,
        "dvar": 13.0374965668,
        "dvar2": 26.7526836395,
        "max": 61,
        "mean": 25.5048351288,
        "median": 26,
        "min": 0,
        "var": 151.340911865
    },
    "spectral_decrease": {
        "dmean": 2.36527086805e-09,
        "dmean2": 3.7702609923e-09,
        "dvar": 2.5116262311e-17,
        "dvar2": 6.3978033015e-17,
        "max": 3.64384171843e-15,
        "mean": -7.82184450543e-09,
        "median": -6.80911771411e-09,
        "min": -5.71901885849e-08,
        "var": 3.85546898277e-17
    },
    "spectral_energy": {
        "dmean": 0.00929210055619,
        "dmean2": 0.0147096160799,
        "dvar": 0.000380931305699,
        "dvar2": 0.000953281472903,
        "max": 0.224909618497,
        "mean": 0.0317298509181,
        "median": 0.027806289494,
        "min": 5.54194778957e-09,
        "var": 0.000615100725554
    },
    "spectral_energyband_high": {
        "dmean": 0.000371784029994,
        "dmean2": 0.000588160997722,
        "dvar": 1.05402864392e-06,
        "dvar2": 2.73957857644e-06,
        "max": 0.0115768155083,
        "mean": 0.00111383351032,
        "median": 0.000721568008885,
        "min": 2.68611732857e-09,
        "var": 2.02248747883e-06
    },
    "spectral_energyband_low": {
        "dmean": 0.00643637822941,
        "dmean2": 0.0107909440994,
        "dvar": 0.000253464793786,
        "dvar2": 0.000713988149073,
        "max": 0.160900086164,
        "mean": 0.0149456001818,
        "median": 0.0107785118744,
        "min": 5.72031097078e-14,
        "var": 0.00027212544228
    },
    "spectral_energyband_middle_high": {
        "dmean": 0.00213507073931,
        "dmean2": 0.0032675282564,
        "dvar": 1.88160902326e-05,
        "dvar2": 4.70520353701e-05,
        "max": 0.051395624876,
        "mean": 0.00707104010507,
        "median": 0.0055433162488,
        "min": 1.37902601664e-12,
        "var": 3.9326147089e-05
    },
    "spectral_energyband_middle_low": {
        "dmean": 0.00373324588872,
        "dmean2": 0.00589848263189,
        "dvar": 6.5495580202e-05,
        "dvar2": 0.000155223620823,
        "max": 0.102816574275,
        "mean": 0.0112688075751,
        "median": 0.00935273617506,
        "min": 1.78687034787e-13,
        "var": 0.000114351787488
    },
    "spectral_entropy": {
        "dmean": 0.105158932507,
        "dmean2": 0.155058532953,
        "dvar": 0.0222597103566,
        "dvar2": 0.0438111647964,
        "max": 9.79970932007,
        "mean": 7.66679000854,
        "median": 7.83787202835,
        "min": 4.65940618515,
        "var": 0.248123511672
    },
    "spectral_flux": {
        "dmean": 0.0193469133228,
        "dmean2": 0.0305932462215,
        "dvar": 0.00107597699389,
        "dvar2": 0.00202431506477,
        "max": 0.405120790005,
        "mean": 0.0776065587997,
        "median": 0.0683414116502,
        "min": 5.08178309246e-05,
        "var": 0.00273305876181
    },
    "spectral_kurtosis": {
        "dmean": 2.30156970024,
        "dmean2": 3.86930203438,
        "dvar": 26.6925907135,
        "dvar2": 75.0323562622,
        "max": 89.223236084,
        "mean": 6.31974029541,
        "median": 3.42560005188,
        "min": -1.20298874378,
        "var": 62.7453956604
    },
    "spectral_rms": {
        "dmean": 0.000686193001457,
        "dmean2": 0.00105046131648,
        "dvar": 1.1429604001e-06,
        "dvar2": 2.68754070021e-06,
        "max": 0.01481296774,
        "mean": 0.00515130721033,
        "median": 0.00520846294239,
        "min": 2.32524803323e-06,
        "var": 4.42000327894e-06
    },
    "spectral_rolloff": {
        "dmean": 390.207733154,
        "dmean2": 655.016357422,
        "dvar": 427950.5625,
        "dvar2": 1001794.1875,
        "max": 21748.5351562,
        "mean": 1608.7947998,
        "median": 1399.65820312,
        "min": 86.1328125,
        "var": 2668167.25
    },
    "spectral_skewness": {
        "dmean": 0.230783253908,
        "dmean2": 0.374333232641,
        "dvar": 0.142407596111,
        "dvar2": 0.378471642733,
        "max": 7.06261253357,
        "mean": 1.64093387127,
        "median": 1.36164104939,
        "min": 0.0688676834106,
        "var": 0.508719801903
    },
    "spectral_spread": {
        "dmean": 362860.125,
        "dmean2": 498426,
        "dvar": 532119879680,
        "dvar2": 671066619904,
        "max": 41480256,
        "mean": 4249864.5,
        "median": 4401420.5,
        "min": 840768.4375,
        "var": 5.46227460506e+12
    },
    "spectral_strongpeak": {
        "dmean": 0.441616088152,
        "dmean2": 0.75668913126,
        "dvar": 0.815094769001,
        "dvar2": 1.9447312355,
        "max": 10.8062858582,
        "mean": 0.747149348259,
        "median": 0.434760540724,
        "min": 0,
        "var": 1.03807449341
    },
    "zerocrossingrate": {
        "dmean": 0.00824069045484,
        "dmean2": 0.00932687148452,
        "dvar": 0.00023079138191,
        "dvar2": 0.000216974352952,
        "max": 0.892578125,
        "mean": 0.0654831454158,
        "median": 0.05859375,
        "min": 0.005859375,
        "var": 0.0034874456469
    },
    "barkbands": {
        "dmean": [0.000156831301865, 0.00329529354349, 0.00343430484645, 0.00166119146161, 0.00167668587528, 0.000730048224796, 0.000674198847264, 0.000598589482252, 0.000435477384599, 0.000469626480481, 0.000492502178531, 0.000354352785507, 0.000775751133915, 0.000571355456486, 0.000391548906919, 0.000265402166406, 0.000216105312575, 0.00017578114057, 0.000185100376257, 0.000101658246422, 0.000137597584398, 0.000128417479573, 8.68152128533e-05, 4.28050589107e-05, 2.8530268537e-05, 1.43379083966e-05, 1.4980870219e-05],
        "dmean2": [0.000248139316682, 0.005784843117, 0.00564303249121, 0.00276787881739, 0.00270963157527, 0.00121630029753, 0.00111326482147, 0.000948223168962, 0.000716061796993, 0.000738039729185, 0.000796173873823, 0.000581994536333, 0.00110498175491, 0.000935227726586, 0.000660568242893, 0.000446705729701, 0.000368930021068, 0.000301323249005, 0.000309425609885, 0.00016888830578, 0.000239634697209, 0.00021482455486, 0.000142832155689, 6.60735167912e-05, 3.76412899641e-05, 1.8433038349e-05, 1.92754650925e-05],
        "dvar": [3.75626029836e-07, 0.000160797295393, 3.36481643899e-05, 8.3075983639e-06, 1.94173007912e-05, 3.16041155202e-06, 2.63767628894e-06, 1.35637037602e-06, 5.17729688454e-07, 8.02656188625e-07, 6.38969368083e-07, 5.35901904186e-07, 2.19920593736e-06, 1.55443922267e-06, 2.08657593248e-06, 2.38619691117e-07, 1.44006946812e-07, 1.36495344805e-07, 1.33838909733e-07, 8.03726081244e-08, 1.84393542213e-07, 1.06230174879e-07, 3.29474509897e-08, 1.07345590195e-08, 4.69219019195e-09, 1.68625968744e-09, 5.79267744882e-09],
        "dvar2": [7.96020458438e-07, 0.000463857315481, 9.39857200137e-05, 2.31543490372e-05, 4.72271676699e-05, 8.68820006872e-06, 6.91301966071e-06, 2.96550024359e-06, 1.26428608382e-06, 1.71187457454e-06, 1.68631333963e-06, 1.38861832966e-06, 3.99714144805e-06, 3.79839934794e-06, 5.5136656556e-06, 6.37403616111e-07, 3.94940229853e-07, 3.73007651433e-07, 3.58247916665e-07, 2.12440994574e-07, 5.17749754181e-07, 2.91306434974e-07, 8.19906489369e-08, 2.49507490224e-08, 8.14573386521e-09, 2.72999312045e-09, 8.76690187113e-09],
        "max": [0.00727735739201, 0.12011885643, 0.0653033405542, 0.0383487716317, 0.063140399754, 0.028956014663, 0.0235193222761, 0.0268818326294, 0.0116841513664, 0.0187158603221, 0.0103617291898, 0.0127561017871, 0.0253919977695, 0.0196259617805, 0.0249604675919, 0.0094488337636, 0.00505111226812, 0.00468383496627, 0.00534022832289, 0.0043247747235, 0.00526003912091, 0.00459681963548, 0.00241919164546, 0.00241194781847, 0.000941822188906, 0.000648581830319, 0.00098770018667],
        "mean": [0.000250376324402, 0.00427836505696, 0.00803673453629, 0.00340058491565, 0.00297758029774, 0.00128450768534, 0.00107651075814, 0.00120831979439, 0.000789618468843, 0.000887574569788, 0.000921731407288, 0.000721763644833, 0.00140686251689, 0.000907825189643, 0.00057002028916, 0.000527424388565, 0.000462438183604, 0.000370663998183, 0.000426711048931, 0.000206695505767, 0.000244708702667, 0.000298226164887, 0.000228767326917, 0.000117471565318, 7.29243256501e-05, 3.31928531523e-05, 2.12189679587e-05],
        "median": [7.12320761522e-05, 0.00234784698114, 0.00568661931902, 0.00233350950293, 0.00166649231687, 0.000857486971654, 0.000514650193509, 0.000532636477146, 0.000511822348926, 0.000455775298178, 0.000495914719068, 0.0003874473623, 0.000653836410493, 0.000390937493648, 0.000273948797258, 0.000395694398321, 0.000353481707862, 0.000267847412033, 0.000282796332613, 0.000118450647278, 0.000133569017635, 0.000173754335265, 0.000137023904244, 6.68339416734e-05, 3.6455992813e-05, 1.14203267003e-05, 7.27632595954e-07],
        "min": [2.1075076905e-13, 2.38786846402e-15, 3.16073467702e-16, 5.81518717355e-16, 2.39580960966e-15, 1.70097293997e-14, 3.37036340948e-14, 2.1604097092e-14, 3.25932755449e-14, 3.02535333753e-14, 5.34605725574e-14, 5.1767821258e-14, 1.6217372768e-13, 4.2110249749e-14, 4.17758411414e-14, 1.25165082834e-13, 1.28644531551e-13, 1.67815888681e-13, 1.88877654294e-13, 2.754393122e-13, 3.07650579274e-13, 3.82966390804e-13, 1.06443423954e-12, 2.56272824142e-12, 2.34600750285e-12, 1.1362672088e-11, 4.70724792478e-10],
        "var": [5.44717920548e-07, 0.000107848871266, 6.84859987814e-05, 1.24927864817e-05, 2.61564600805e-05, 3.20254207509e-06, 3.93228219764e-06, 5.57564590054e-06, 9.972470707e-07, 2.03625745598e-06, 1.36686605856e-06, 1.09362713374e-06, 5.01692829857e-06, 2.45609135163e-06, 2.00569138542e-06, 3.37231483627e-07, 2.22975373276e-07, 1.86550749959e-07, 2.54719168424e-07, 1.06161721192e-07, 1.86633528187e-07, 1.72958024791e-07, 8.42123100142e-08, 2.62175614552e-08, 1.36642226423e-08, 4.32730917765e-09, 1.11719833384e-08]
    },
    "erbbands": {
        "dmean": [0.0785961151123, 0.809022963047, 3.17753982544, 5.11845970154, 5.97614336014, 4.89375686646, 6.3440861702, 6.776014328, 7.78934764862, 14.9768619537, 8.32119178772, 9.81821155548, 17.2391452789, 8.14110183716, 23.8779067993, 13.7484960556, 32.4025878906, 27.7795772552, 26.4008293152, 12.7871665955, 13.0557594299, 11.5380325317, 9.6628036499, 9.77178001404, 8.24317550659, 4.75080013275, 5.74364948273, 5.33063411713, 5.36312198639, 2.94391059875, 2.42793869972, 1.38973450661, 0.603001713753, 0.397796064615, 0.174648687243, 0.065933637321, 0.026791760698, 0.00853953883052, 0.00231799599715, 0.000207728720852],
        "dmean2": [0.142496734858, 1.41369175911, 5.31545782089, 8.20579624176, 9.9525718689, 8.00495243073, 10.1257133484, 11.5240850449, 13.0622854233, 24.0708904266, 13.5645866394, 16.1564655304, 27.4449672699, 13.3453893661, 38.4537734985, 21.9649791718, 46.8106651306, 43.7808837891, 43.3558349609, 21.0414829254, 22.0650157928, 19.7011795044, 16.5435142517, 16.5213794708, 13.9383440018, 7.80232810974, 9.8602437973, 9.31445598602, 9.01664924622, 4.87704801559, 3.99161100388, 2.24657440186, 0.896435797215, 0.550097644329, 0.237200006843, 0.085956774652, 0.0357288680971, 0.0111743900925, 0.00289603206329, 0.000272273580777],
        "dvar": [0.108523271978, 8.67395687103, 38.9575500488, 57.8482971191, 287.990783691, 115.015586853, 202.388214111, 291.827514648, 452.283630371, 1083.69897461, 179.115585327, 251.461593628, 1075.31445312, 246.289718628, 1662.1776123, 967.227722168, 3809.546875, 2896.07958984, 8156.69335938, 788.615783691, 655.360656738, 447.542755127, 447.365509033, 370.127655029, 321.368286133, 210.815475464, 323.960906982, 242.961593628, 197.947952271, 45.0420951843, 27.5132598877, 12.2553567886, 1.62353682518, 0.937515377998, 0.18086117506, 0.0301620494574, 0.00574631476775, 0.00122188264504, 0.000134259593324, 1.13519513434e-06],
        "dvar2": [0.321867913008, 24.6243247986, 110.286560059, 157.528488159, 721.020629883, 291.873291016, 493.128540039, 842.484985352, 1264.6048584, 2761.55810547, 412.521087646, 633.498840332, 2293.77539062, 555.60345459, 4343.83886719, 2398.12109375, 7093.55566406, 7106.21777344, 21177.0605469, 1915.74023438, 1790.03735352, 1208.61804199, 1238.50720215, 1007.20593262, 854.521972656, 557.943664551, 895.00213623, 685.167175293, 545.884887695, 119.623260498, 68.3719482422, 31.7594852448, 3.19125723839, 1.8071693182, 0.326929211617, 0.0494839176536, 0.00951009243727, 0.00194952927995, 0.000214326209971, 1.74468084424e-06],
        "max": [3.55949568748, 30.1116542816, 70.5447311401, 90.6433334351, 261.929840088, 166.330474854, 213.593093872, 245.255722046, 350.093292236, 598.14251709, 342.68170166, 241.370681763, 797.520263672, 552.767883301, 566.06652832, 516.508728027, 1058.54504395, 653.524963379, 1561.63305664, 644.530517578, 307.799438477, 304.724182129, 281.272064209, 307.514923096, 207.060470581, 218.93838501, 262.690917969, 213.2137146, 204.571746826, 94.4383926392, 85.0116653442, 78.7390899658, 23.980304718, 13.743514061, 6.51213741302, 2.78087520599, 1.47579669952, 0.490301609039, 0.153634205461, 0.0135855255648],
        "mean": [0.100737117231, 1.10449206829, 6.47404050827, 13.98711586, 9.41676902771, 8.38710689545, 11.3292894363, 11.3886604309, 12.34349823, 29.2961921692, 17.0231208801, 18.9020633698, 33.0377349854, 17.4958209991, 44.7320480347, 32.2773475647, 61.4388465881, 53.6044921875, 40.2922897339, 26.5947132111, 28.3973007202, 26.3649139404, 21.3317737579, 21.5575199127, 18.0568275452, 9.61762523651, 10.2587633133, 9.63218975067, 11.506064415, 7.300740242, 6.40893602371, 3.65012288094, 1.66110765934, 0.964935064316, 0.423691898584, 0.158933922648, 0.0592512115836, 0.0147036276758, 0.00325986882672, 0.00031133912853],
        "median": [0.0582359284163, 0.649066329002, 4.49603652954, 10.2912864685, 5.16119384766, 5.06880998611, 6.53468513489, 7.75651741028, 7.32797765732, 9.65990257263, 11.6277856827, 12.2801713943, 17.4071521759, 10.0579862595, 24.635892868, 16.7009773254, 31.8229846954, 27.4790382385, 16.7351074219, 19.9301490784, 22.295955658, 20.6676292419, 15.8237476349, 15.271197319, 11.2226514816, 5.56304836273, 5.14388179779, 5.26151800156, 6.36004590988, 4.42654561996, 3.79117512703, 2.17620301247, 0.918907463551, 0.481645822525, 0.200013831258, 0.063923753798, 0.0198483001441, 0.00225281761959, 0.000156101858011, 4.52446329291e-05],
        "min": [6.2945514686e-13, 3.11588455775e-13, 4.05753989435e-13, 1.87861293362e-12, 3.20702232132e-12, 1.08237490151e-11, 5.32758490102e-11, 1.797484106e-10, 3.65574931438e-10, 2.53643300807e-10, 5.52917100993e-10, 6.77748246414e-10, 1.22411780712e-09, 1.64063029828e-09, 1.91941462724e-09, 2.10408601653e-09, 7.43598471686e-09, 4.19191925616e-09, 3.30764615697e-09, 6.01709837511e-09, 8.48048831159e-09, 8.26196089321e-09, 8.77727313053e-09, 1.00930108715e-08, 1.2509024927e-08, 1.19827197054e-08, 1.12554197074e-08, 1.41485827498e-08, 1.58755053548e-08, 1.78898158509e-08, 3.27969935654e-08, 3.45128725598e-08, 5.02527015556e-08, 3.30724141406e-08, 1.4224533551e-08, 9.43873246229e-09, 2.04201224818e-08, 1.24562177461e-07, 2.24802249704e-07, 7.67408963043e-08],
        "var": [0.0722621008754, 5.91139268875, 49.1156578064, 180.314331055, 314.741668701, 151.011749268, 315.448272705, 255.034500122, 400.818939209, 4040.01660156, 488.802307129, 516.459716797, 2786.84301758, 669.038146973, 3117.38500977, 2489.04516602, 8568.22265625, 5330.11816406, 9022.046875, 1074.3170166, 903.596801758, 719.237548828, 596.611877441, 601.975952148, 547.089294434, 254.907913208, 350.71307373, 255.649658203, 287.552307129, 91.65965271, 67.8729171753, 25.5838069916, 4.86227464676, 2.37215018272, 0.533660590649, 0.086844548583, 0.0140488287434, 0.00239015207626, 0.000252258818364, 2.14299643631e-06]
    },
    "gfcc": {
        "mean": [5.7765173912, 98.4608535767, -123.542755127, 31.7011852264, -42.8545417786, 19.7703113556, -32.1930351257, 2.45603275299, -22.2622642517, -3.96795773506, -16.4616680145, -3.03973150253, -18.2576847076],
        "cov": [[16194.6884766, -2170.56689453, 1610.68591309, 986.434570312, -1782.89416504, 585.186218262, -1249.11584473, 970.003845215, -327.521148682, 701.19720459, -447.45401001, 466.403106689, -220.383300781], [-2170.56689453, 1767.52734375, -675.389343262, -382.242950439, 503.741546631, -174.64944458, 219.785705566, -182.007904053, 43.5086250305, -139.971282959, 114.636390686, -172.580963135, 53.2149276733], [1610.68591309, -675.389343262, 859.163513184, 81.112991333, -253.410888672, 88.8500671387, -237.749267578, 242.582168579, -52.6160621643, 159.074829102, -86.9333877563, 86.5771026611, -29.9519767761], [986.434570312, -382.242950439, 81.112991333, 535.870666504, -268.296234131, -17.3061389923, -73.1725082397, 74.2400131226, 12.4639148712, -48.4377708435, -58.0620155334, 80.6137008667, -12.9271497726], [-1782.89416504, 503.741546631, -253.410888672, -268.296234131, 406.838775635, -30.6138381958, 163.066558838, -143.751266479, 23.1381473541, -57.0487365723, 68.8407669067, -87.0491943359, 30.8659591675], [585.186218262, -174.64944458, 88.8500671387, -17.3061389923, -30.6138381958, 180.935333252, -21.6356334686, 28.300491333, -35.3702392578, 62.0794677734, 0.766829431057, 17.2272891998, -10.0747051239], [-1249.11584473, 219.785705566, -237.749267578, -73.1725082397, 163.066558838, -21.6356334686, 231.897537231, -113.485656738, 36.0227241516, -95.5756149292, 44.6746253967, -51.3078727722, 7.82028913498], [970.003845215, -182.007904053, 242.582168579, 74.2400131226, -143.751266479, 28.300491333, -113.485656738, 218.925796509, -1.47290062904, 64.2426757812, -62.4159317017, 39.7835006714, -22.3675251007], [-327.521148682, 43.5086250305, -52.6160621643, 12.4639148712, 23.1381473541, -35.3702392578, 36.0227241516, -1.47290062904, 80.3375701904, -7.07345438004, 15.3125228882, -18.0347442627, 3.71661806107], [701.19720459, -139.971282959, 159.074829102, -48.4377708435, -57.0487365723, 62.0794677734, -95.5756149292, 64.2426757812, -7.07345438004, 139.850418091, 3.75708341599, 14.2989673615, -13.1270608902], [-447.45401001, 114.636390686, -86.9333877563, -58.0620155334, 68.8407669067, 0.766829431057, 44.6746253967, -62.4159317017, 15.3125228882, 3.75708341599, 77.3243255615, -5.39024829865, 14.5183191299], [466.403106689, -172.580963135, 86.5771026611, 80.6137008667, -87.0491943359, 17.2272891998, -51.3078727722, 39.7835006714, -18.0347442627, 14.2989673615, -5.39024829865, 82.8144454956, 12.5639705658], [-220.383300781, 53.2149276733, -29.9519767761, -12.9271497726, 30.8659591675, -10.0747051239, 7.82028913498, -22.3675251007, 3.71661806107, -13.1270608902, 14.5183191299, 12.5639705658, 55.4815826416]],
        "icov": [[0.000212177124922, -0.000118693460536, 5.74058285565e-05, -7.7493772551e-05, 0.000594503479078, -0.000422805227572, 0.000385293766158, -3.84223239962e-05, 0.000213193401578, -0.00050561898388, 0.000535438943189, -0.000332833558787, 0.000293620192679], [-0.000118693460536, 0.0014487223234, 0.000768501718994, 0.000337026227498, -0.0012649068376, 0.00108504795935, 0.00025402623578, -0.00116529851221, 0.000694597663824, 0.000823234324344, -0.00159491365775, 0.00174491095822, -0.000802005408332], [5.74058285565e-05, 0.000768501718994, 0.00264659733512, 0.000277522631222, -0.000137507187901, 0.000227684664424, 0.000909065478481, -0.00189637427684, 0.00105704006273, -0.00107006169856, 0.000319549086271, -1.10397822937e-05, -0.000195565371541], [-7.7493772551e-05, 0.000337026227498, 0.000277522631222, 0.00374882761389, 0.00176359259058, -3.40444676112e-05, 0.000574552686885, 8.01284913905e-05, -0.00186683039647, 0.00289405044168, 0.000382631871616, -0.00156740518287, 0.000420830154326], [0.000594503479078, -0.0012649068376, -0.000137507187901, 0.00176359259058, 0.00837918836623, -0.00170810008422, -0.000801328977104, 0.00140763167292, -6.00876446697e-05, -0.000689966662321, 0.000916451099329, 0.000742527481634, -0.000947099353652], [-0.000422805227572, 0.00108504795935, 0.000227684664424, -3.40444676112e-05, -0.00170810008422, 0.00911457557231, -0.00288448715582, -0.00113446335308, 0.00397142348811, -0.00315958354622, -0.00207934109494, 0.000888407405, -0.000721301708836], [0.000385293766158, 0.00025402623578, 0.000909065478481, 0.000574552686885, -0.000801328977104, -0.00288448715582, 0.0113837588578, 0.000822469650302, -0.00318324589171, 0.0058494838886, -0.00189643085469, 0.00107281422243, 0.0024110225495], [-3.84223239962e-05, -0.00116529851221, -0.00189637427684, 8.01284913905e-05, 0.00140763167292, -0.00113446335308, 0.000822469650302, 0.0105912527069, -0.00418405234814, -0.0018314056797, 0.0065357722342, -0.00365686998703, 0.00208963220939], [0.000213193401578, 0.000694597663824, 0.00105704006273, -0.00186683039647, -6.00876446697e-05, 0.00397142348811, -0.00318324589171, -0.00418405234814, 0.0187242403626, -0.00392835820094, -0.00426397752017, 0.00494306860492, -0.00235458137468], [-0.00050561898388, 0.000823234324344, -0.00107006169856, 0.00289405044168, -0.000689966662321, -0.00315958354622, 0.0058494838886, -0.0018314056797, -0.00392835820094, 0.0185963828117, -0.00765028782189, 0.00248624454252, 0.00164788449183], [0.000535438943189, -0.00159491365775, 0.000319549086271, 0.000382631871616, 0.000916451099329, -0.00207934109494, -0.00189643085469, 0.0065357722342, -0.00426397752017, -0.00765028782189, 0.0253718066961, -0.00785221345723, -0.000452455540653], [-0.000332833558787, 0.00174491095822, -1.10397822937e-05, -0.00156740518287, 0.000742527481634, 0.000888407405, 0.00107281422243, -0.00365686998703, 0.00494306860492, 0.00248624454252, -0.00785221345723, 0.023529695347, -0.00826061703265], [0.000293620192679, -0.000802005408332, -0.000195565371541, 0.000420830154326, -0.000947099353652, -0.000721301708836, 0.0024110225495, 0.00208963220939, -0.00235458137468, 0.00164788449183, -0.000452455540653, -0.00826061703265, 0.0233872104436]]
    },
    "melbands": {
        "dmean": [0.000806304160506, 0.00141813699156, 0.000873253622558, 0.000353301787982, 0.000233348488109, 0.00014736004232, 0.000123194084154, 0.000161224539625, 6.3093197241e-05, 6.7987915827e-05, 8.65379042807e-05, 3.32170129695e-05, 6.90180677339e-05, 4.54682267446e-05, 3.87542422686e-05, 9.93124922388e-05, 5.34070459253e-05, 4.63268406747e-05, 2.38107368205e-05, 1.84075452125e-05, 1.68765000126e-05, 1.33302200993e-05, 1.1547577742e-05, 7.31340605853e-06, 9.01487692317e-06, 7.45584929973e-06, 4.46548074251e-06, 3.18695924761e-06, 3.72345152755e-06, 3.3304002045e-06, 3.33981938638e-06, 3.49329161509e-06, 2.33056994148e-06, 1.56581882038e-06, 1.45351214087e-06, 1.7214753143e-06, 6.65278662382e-07, 4.61831746179e-07, 4.53912122111e-07, 3.31312321578e-07],
        "dmean2": [0.00143202766776, 0.00238688802347, 0.00141637458, 0.000584598921705, 0.000371023867046, 0.000249704986345, 0.000203691932256, 0.000258090876741, 0.000103697384475, 0.000112127308967, 0.000137338312925, 5.42008310731e-05, 0.000110989756649, 7.30720639694e-05, 6.30754366284e-05, 0.000139790368848, 8.72888340382e-05, 7.55908185965e-05, 4.02141231461e-05, 3.05991052301e-05, 2.87127295451e-05, 2.27182244998e-05, 1.9875325961e-05, 1.26922504933e-05, 1.52742577484e-05, 1.25744509205e-05, 7.46083469494e-06, 5.28487225893e-06, 6.38895653537e-06, 5.76607180847e-06, 5.839536243e-06, 5.95560049987e-06, 3.88896160075e-06, 2.61120771938e-06, 2.36398113884e-06, 2.83993972516e-06, 1.06604147732e-06, 7.12791006663e-07, 6.61450428652e-07, 4.73481492236e-07],
        "dvar": [1.07495934571e-05, 1.07543237391e-05, 2.17200226871e-06, 9.97329493657e-07, 2.55566988017e-07, 1.40587758324e-07, 1.02828138893e-07, 1.16169175612e-07, 9.24823684301e-09, 1.26253318911e-08, 2.67363002848e-08, 4.35782787633e-09, 1.31569697359e-08, 7.33796712282e-09, 7.07467018302e-09, 4.07297413574e-08, 1.14845182253e-08, 2.19225242404e-08, 5.61522872644e-09, 1.018902962e-09, 1.13541032132e-09, 5.26864607497e-10, 4.12347961332e-10, 3.32987859508e-10, 2.7401256264e-10, 2.13873405097e-10, 1.21515242313e-10, 8.97540861078e-11, 1.32254346363e-10, 9.90115003874e-11, 7.95141105736e-11, 9.16644746218e-11, 2.53397164363e-11, 1.22914985481e-11, 9.60986151766e-12, 1.32275327844e-11, 2.8240456848e-12, 8.10081385652e-13, 9.40158649716e-13, 7.16980186159e-13],
        "dvar2": [3.1267740269e-05, 3.01416603179e-05, 5.93980439589e-06, 2.51522988037e-06, 6.43185558147e-07, 4.04342131333e-07, 2.84426221242e-07, 2.89470079906e-07, 2.17043147899e-08, 3.13704546784e-08, 5.74018628186e-08, 9.40112077075e-09, 3.47089645913e-08, 1.93205043075e-08, 1.77595644857e-08, 7.22450650414e-08, 2.89772490447e-08, 5.58819728269e-08, 1.54787098694e-08, 2.38928188345e-09, 3.1384221888e-09, 1.42524347879e-09, 1.15047105176e-09, 9.17365461373e-10, 7.51126438825e-10, 5.77881631436e-10, 3.18534199018e-10, 2.39093023158e-10, 3.6637257117e-10, 2.76677430966e-10, 2.23890753159e-10, 2.55623910927e-10, 6.93194251999e-11, 3.2353050794e-11, 2.39322572176e-11, 3.57391650996e-11, 7.05492261832e-12, 1.7210399772e-12, 1.8269892977e-12, 1.52502327173e-12],
        "max": [0.0332239419222, 0.0348344147205, 0.0191180165857, 0.0134202167392, 0.00770287867635, 0.00547216134146, 0.00535283517092, 0.00683745974675, 0.00227262102999, 0.00159134995192, 0.00387047440745, 0.00241354922764, 0.00154099694919, 0.00144003611058, 0.00113802496344, 0.00351857906207, 0.00122634146828, 0.00238361675292, 0.00108627357986, 0.000854813377373, 0.000433798966696, 0.00032369006658, 0.000259782100329, 0.000247145886533, 0.00027752207825, 0.00017139382544, 0.000138699106174, 0.000156816982781, 0.000182665564353, 0.000120571217849, 0.000128802043037, 0.0001289202919, 7.52396808821e-05, 4.75990927953e-05, 4.24006029789e-05, 7.36101719667e-05, 4.19327225245e-05, 1.79427406692e-05, 1.33953772092e-05, 1.27645726025e-05],
        "mean": [0.00106097233947, 0.00292008277029, 0.00228853616863, 0.000587852846365, 0.000427846622188, 0.000250694982242, 0.000194731837837, 0.000323441287037, 0.000121009732538, 0.000124300291645, 0.000163915712619, 6.40361031401e-05, 0.000128321844386, 9.6517665952e-05, 7.94712104835e-05, 0.000172104613739, 8.98837752175e-05, 6.84379920131e-05, 3.76734460588e-05, 3.63975632354e-05, 3.31194169121e-05, 2.78564384644e-05, 2.34573162743e-05, 1.51720823851e-05, 1.78369064088e-05, 1.53599630721e-05, 8.90726005309e-06, 5.68084669794e-06, 6.4024452513e-06, 5.47675153939e-06, 5.66367361898e-06, 6.77987918607e-06, 5.18734077559e-06, 3.61203933608e-06, 3.42778525919e-06, 3.89022170566e-06, 1.61338471116e-06, 1.14246915928e-06, 1.05948697637e-06, 7.21587355201e-07],
        "median": [0.000609145732597, 0.00207120343111, 0.00175404956099, 0.000335861986969, 0.000254096725257, 0.00017469546583, 0.000108221684059, 0.000106900282844, 8.84296096046e-05, 7.56583103794e-05, 8.52672455949e-05, 3.39596190315e-05, 6.9563742727e-05, 5.85239286011e-05, 3.27757988998e-05, 6.53115348541e-05, 4.16725488321e-05, 2.55305985775e-05, 2.17918277485e-05, 2.70770196948e-05, 2.50361808867e-05, 2.0984944058e-05, 1.72897707671e-05, 1.05608405647e-05, 1.1952186469e-05, 9.09636764845e-06, 5.52242136109e-06, 2.92177765004e-06, 2.8846288842e-06, 2.9049369914e-06, 2.90435627903e-06, 3.38293375535e-06, 2.87165289592e-06, 2.02029013963e-06, 2.00731165023e-06, 2.12300233216e-06, 9.12544180665e-07, 6.10460404005e-07, 5.61052843295e-07, 3.22710093315e-07],
        "min": [1.08726987171e-14, 2.31842049737e-16, 3.85813131321e-16, 4.46826555638e-16, 1.71021140127e-15, 4.64778413103e-15, 5.83030734694e-15, 2.71564670945e-15, 4.1476399748e-15, 4.53064625069e-15, 6.19919951283e-15, 6.34844756517e-15, 6.18507989711e-15, 5.87013398908e-15, 4.76089902839e-15, 1.68311172562e-14, 5.43757078006e-15, 4.32957587561e-15, 5.14030837887e-15, 6.25699384137e-15, 9.10745579701e-15, 7.2755319022e-15, 7.06460883987e-15, 6.9212036208e-15, 8.1028654042e-15, 5.02402346071e-15, 9.27176833031e-15, 6.80777023906e-15, 6.89864332177e-15, 6.55275275908e-15, 8.12514406478e-15, 8.76767615351e-15, 6.2200305941e-15, 1.16242702042e-14, 1.79285466952e-14, 1.52287274317e-14, 2.25565009379e-14, 3.10343181817e-14, 2.98147194867e-14, 2.38007753968e-14],
        "var": [7.29882276573e-06, 1.11020881377e-05, 4.61673334939e-06, 1.136979904e-06, 3.97841915856e-07, 1.23286085341e-07, 1.0198538547e-07, 4.79427910705e-07, 2.09426413988e-08, 2.54301415481e-08, 6.99013256167e-08, 1.16491776225e-08, 2.65824375845e-08, 1.3697011525e-08, 1.65176317068e-08, 9.19393414733e-08, 1.84680146731e-08, 2.67943764953e-08, 5.07562836205e-09, 1.72059899661e-09, 1.41719336266e-09, 8.36881064448e-10, 6.3211075263e-10, 3.74501291089e-10, 4.33337976613e-10, 3.81419923423e-10, 1.74112849138e-10, 1.01396113728e-10, 1.45009171337e-10, 9.95029891815e-11, 8.55528287103e-11, 1.14526076123e-10, 4.86374933384e-11, 2.39443742611e-11, 2.10962081137e-11, 2.82682020153e-11, 5.68533501527e-12, 2.29122341759e-12, 2.41926530892e-12, 1.58701545828e-12]
    },
    "mfcc": {
        "mean": [-630.382629395, 124.427612305, -9.71693611145, 18.2427463531, 11.4673366547, 14.4619512558, 2.88238763809, 9.24102306366, -2.57480049133, 0.338589131832, 1.39513456821, -0.350237876177, -3.24765849113],
        "cov": [[10451.9716797, -1481.32446289, 1396.38415527, 757.567871094, -377.087677002, -165.545639038, -592.898193359, 63.9375915527, -7.2557053566, 178.559783936, 22.506193161, 26.6771030426, 92.6408615112], [-1481.32446289, 1557.60070801, -502.011138916, -249.258804321, 157.628005981, -6.37937355042, 155.365768433, -88.0145874023, 12.771440506, 19.727104187, 74.0361480713, 27.5744724274, -16.1005306244], [1396.38415527, -502.011138916, 601.126708984, 146.49810791, -40.784122467, -74.4231948853, -115.155136108, 18.4682540894, 13.8649997711, 14.4509496689, -22.0927124023, -4.55874061584, 35.5450515747], [757.567871094, -249.258804321, 146.49810791, 347.705169678, -51.0151290894, -65.9595031738, -104.569831848, 66.0863571167, 13.1658630371, -6.97705745697, -35.8706703186, -5.6937789917, 27.564573288], [-377.087677002, 157.628005981, -40.784122467, -51.0151290894, 137.174804688, 9.67719554901, 20.792181015, -24.5319137573, 9.04291915894, -10.4913139343, 7.61657905579, 6.91977357864, 1.04169440269], [-165.545639038, -6.37937355042, -74.4231948853, -65.9595031738, 9.67719554901, 166.972625732, 62.8856201172, -15.8204622269, -33.9888725281, -3.69030046463, 6.49393129349, 20.224401474, -15.891793251], [-592.898193359, 155.365768433, -115.155136108, -104.569831848, 20.792181015, 62.8856201172, 130.164505005, 6.94048500061, -1.85891091824, -8.70984554291, 7.76994371414, 0.546902060509, -15.553188324], [63.9375915527, -88.0145874023, 18.4682540894, 66.0863571167, -24.5319137573, -15.8204622269, 6.94048500061, 117.413520813, 18.1962909698, -1.49523305893, -29.1292991638, -9.31038475037, 6.74221086502], [-7.2557053566, 12.771440506, 13.8649997711, 13.1658630371, 9.04291915894, -33.9888725281, -1.85891091824, 18.1962909698, 69.2296142578, 22.1949234009, 4.93555164337, -8.93424034119, 2.15318894386], [178.559783936, 19.727104187, 14.4509496689, -6.97705745697, -10.4913139343, -3.69030046463, -8.70984554291, -1.49523305893, 22.1949234009, 68.1972579956, 32.3414878845, -0.792972326279, -5.72497320175], [22.506193161, 74.0361480713, -22.0927124023, -35.8706703186, 7.61657905579, 6.49393129349, 7.76994371414, -29.1292991638, 4.93555164337, 32.3414878845, 68.1379241943, 20.8112430573, -1.33364629745], [26.6771030426, 27.5744724274, -4.55874061584, -5.6937789917, 6.91977357864, 20.224401474, 0.546902060509, -9.31038475037, -8.93424034119, -0.792972326279, 20.8112430573, 61.1692390442, 21.1141033173], [92.6408615112, -16.1005306244, 35.5450515747, 27.564573288, 1.04169440269, -15.891793251, -15.553188324, 6.74221086502, 2.15318894386, -5.72497320175, -1.33364629745, 21.1141033173, 49.8078422546]],
