{
"lowlevel": {
    "average_loudness": 0.7726765275,
    "barkbands_crest": {
        "dmean": 1.75906133652,
        "dmean2": 2.79872703552,
        "dvar": 3.99553203583,
        "dvar2": 10.9082708359,
        "max": 23.2415370941,
        "mean": 12.2714605331,
        "median": 11.5451574326,
        "min": 4.09147024155,
        "var": 15.4898147583
    },
    "barkbands_flatness_db": {
        "dmean": 0.0236825142056,
        "dmean2": 0.0349696613848,
        "dvar": 0.000779932423029,
        "dvar2": 0.00180192035623,
        "max": 0.537927806377,
        "mean": 0.282036781311,
        "median": 0.269183844328,
        "min": 0.0530173182487,
        "var": 0.0102920681238
    },
    "barkbands_kurtosis": {
        "dmean": 7.18569803238,
        "dmean2": 11.0529356003,
        "dvar": 116.061401367,
        "dvar2": 273.976806641,
        "max": 150.968215942,
        "mean": 23.2878837585,
        "median": 18.7818317413,
        "min": -1.69666242599,
        "var": 399.07711792
    },
    "barkbands_skewness": {
        "dmean": 0.636408984661,
        "dmean2": 0.96086025238,
        "dvar": 0.613358139992,
        "dvar2": 1.47344982624,
        "max": 9.99568557739,
        "mean": 3.36900043488,
        "median": 3.206356287,
        "min": -2.05002331734,
        "var": 2.60443258286
    },
    "barkbands_spread": {
        "dmean": 2.54925346375,
        "dmean2": 4.02681684494,
        "dvar": 23.8367576599,
        "dvar2": 59.582649231,
        "max": 68.6525650024,
        "mean": 7.02907562256,
        "median": 4.33038711548,
        "min": 0.477014243603,
        "var": 61.7578086853
    },
    "dissonance": {
        "dmean": 0.0215980503708,
        "dmean2": 0.0338647961617,
        "dvar": 0.00042311384459,
        "dvar2": 0.000967746484093,
        "max": 0.497803449631,
        "mean": 0.40032851696,
        "median": 0.416056871414,
        "min": 0.19531263411,
        "var": 0.00396235613152
    },
    "dynamic_complexity": 3.42899847031,
    "erbbands_crest": {
        "dmean": 2.38517713547,
        "dmean2": 3.65976142883,
        "dvar": 6.83271169662,
        "dvar2": 17.2757892609,
        "max": 28.8623886108,
        "mean": 15.1015129089,
        "median": 14.5974798203,
        "min": 2.84713244438,
        "var": 39.5456695557
    },
    "erbbands_flatness_db": {
        "dmean": 0.0188513919711,
        "dmean2": 0.0271240863949,
        "dvar": 0.000462955562398,
        "dvar2": 0.000992823508568,
        "max": 0.457851290703,
        "mean": 0.228608235717,
        "median": 0.206016600132,
        "min": 0.0583156235516,
        "var": 0.00783784873784
    },
    "erbbands_kurtosis": {
        "dmean": 2.28113746643,
        "dmean2": 3.40364766121,
        "dvar": 11.7027082443,
        "dvar2": 25.4705867767,
        "max": 46.6430130005,
        "mean": 5.2980632782,
        "median": 2.56452274323,
        "min": -1.83214461803,
        "var": 55.8413619995
    },
    "erbbands_skewness": {
        "dmean": 0.444034218788,
        "dmean2": 0.661346375942,
        "dvar": 0.277416080236,
        "dvar2": 0.619575440884,
        "max": 6.30643415451,
        "mean": 1.83673727512,
        "median": 1.71810305119,
        "min": -1.81760168076,
        "var": 1.60915136337
    },
    "erbbands_spread": {
        "dmean": 8.76752948761,
        "dmean2": 12.9949808121,
        "dvar": 133.614593506,
        "dvar2": 300.935424805,
        "max": 145.217575073,
        "mean": 34.3500900269,
        "median": 28.863368988,
        "min": 2.42424416542,
        "var": 568.184143066
    },
    "hfc": {
        "dmean": 5.08573961258,
        "dmean2": 8.31809234619,
        "dvar": 345.198577881,
        "dvar2": 930.33013916,
        "max": 259.181060791,
        "mean": 10.5735874176,
        "median": 5.5287733078,
        "min": 1.10230035489e-16,
        "var": 383.756500244
    },
    "melbands_crest": {
        "dmean": 2.32717895508,
        "dmean2": 3.68512606621,
        "dvar": 7.35678386688,
        "dvar2": 18.8643074036,
        "max": 34.5383605957,
        "mean": 17.4894943237,
        "median": 16.6347789764,
        "min": 1.81739008427,
        "var": 29.1192455292
    },
    "melbands_flatness_db": {
        "dmean": 0.0252807904035,
        "dmean2": 0.0372756160796,
        "dvar": 0.000999045325443,
        "dvar2": 0.00222741672769,
        "max": 0.65216755867,
        "mean": 0.370820432901,
        "median": 0.351356446743,
        "min": 0.00432369299233,
        "var": 0.0151681955904
    },
    "melbands_kurtosis": {
        "dmean": 14.0105037689,
        "dmean2": 21.8246097565,
        "dvar": 524.48260498,
        "dvar2": 1279.84692383,
        "max": 332.445800781,
        "mean": 42.2854919434,
        "median": 30.8012962341,
        "min": -1.30099749565,
        "var": 1550.84973145
    },
    "melbands_skewness": {
        "dmean": 0.848000228405,
        "dmean2": 1.31030869484,
        "dvar": 1.2084852457,
        "dvar2": 2.84230613708,
        "max": 14.6665258408,
        "mean": 3.98326611519,
        "median": 3.62461972237,
        "min": -0.377118885517,
        "var": 4.57868766785
    },
    "melbands_spread": {
        "dmean": 1.93019556999,
        "dmean2": 3.02740335464,
        "dvar": 21.031829834,
        "dvar2": 49.982673645,
        "max": 146.985473633,
        "mean": 6.14337396622,
        "median": 3.70244526863,
        "min": 0.489916175604,
        "var": 94.7501678467
    },
    "pitch_salience": {
        "dmean": 0.0513910166919,
        "dmean2": 0.0825359746814,
        "dvar": 0.00363306957297,
        "dvar2": 0.00939099118114,
        "max": 0.860431194305,
        "mean": 0.470786511898,
        "median": 0.467273056507,
        "min": 0.134006530046,
        "var": 0.0103678172454
    },
    "silence_rate_20dB": {
        "dmean": 0.00232198135927,
        "dmean2": 0.00464576063678,
        "dvar": 0.0023165831808,
        "dvar2": 0.00617282418534,
        "max": 1,
        "mean": 0.998452603817,
        "median": 1,
        "min": 0,
        "var": 0.00154498778284
    },
    "silence_rate_30dB": {
        "dmean": 0.039473682642,
        "dmean2": 0.0789779350162,
        "dvar": 0.0379147492349,
        "dvar2": 0.0789361745119,
        "max": 1,
        "mean": 0.9558994174,
        "median": 1,
        "min": 0,
        "var": 0.0421560034156
    },
    "silence_rate_60dB": {
        "dmean": 0.0158668737859,
        "dmean2": 0.0317460335791,
        "dvar": 0.0156151223928,
        "dvar2": 0.0338347330689,
        "max": 1,
        "mean": 0.0572533831,
        "median": 0,
        "min": 0,
        "var": 0.0539777390659
    },
    "spectral_centroid": {
        "dmean": 118.8436203,
        "dmean2": 186.255432129,
        "dvar": 68910.359375,
        "dvar2": 138788,
        "max": 11256.9140625,
        "mean": 546.729919434,
        "median": 375.400695801,
        "min": 147.571914673,
        "var": 521199.5625
    },
    "spectral_complexity": {
        "dmean": 2.00928783417,
        "dmean2": 2.98799848557,
        "dvar": 19.8608188629,
        "dvar2": 36.6236839294,
        "max": 61,
        "mean": 8.0042552948,
        "median": 5,
        "min": 0,
        "var": 67.9677734375
    },
    "spectral_decrease": {
        "dmean": 3.63447849594e-09,
        "dmean2": 6.05104322204e-09,
        "dvar": 1.43597402904e-16,
        "dvar2": 3.79303418423e-16,
        "max": 8.30144236729e-29,
        "mean": -8.40549407854e-09,
        "median": -6.00274585594e-09,
        "min": -1.37701377412e-07,
        "var": 1.35900321868e-16
    },
    "spectral_energy": {
        "dmean": 0.0140912393108,
        "dmean2": 0.0234693102539,
        "dvar": 0.00214894278906,
        "dvar2": 0.00567379407585,
        "max": 0.528049170971,
        "mean": 0.0326833389699,
        "median": 0.0233356785029,
        "min": 1.04012897163e-20,
        "var": 0.0020491881296
    },
    "spectral_energyband_high": {
        "dmean": 0.000253709120443,
        "dmean2": 0.00041688742931,
        "dvar": 1.09159191197e-06,
        "dvar2": 3.01649106405e-06,
        "max": 0.0164978019893,
        "mean": 0.000362362479791,
        "median": 4.70303712063e-05,
        "min": 7.45136493471e-21,
        "var": 1.53149687776e-06
    },
    "spectral_energyband_low": {
        "dmean": 0.00939045846462,
        "dmean2": 0.0156293734908,
        "dvar": 0.00157858640887,
        "dvar2": 0.00419691111892,
        "max": 0.50024664402,
        "mean": 0.0174628850073,
        "median": 0.00933057814837,
        "min": 4.84014128096e-23,
        "var": 0.00130023306701
    },
    "spectral_energyband_middle_high": {
        "dmean": 0.00100817449857,
        "dmean2": 0.00160711037461,
        "dvar": 1.9613728e-05,
        "dvar2": 5.24848073837e-05,
        "max": 0.0588166601956,
        "mean": 0.00136977399234,
        "median": 0.000288994779112,
        "min": 1.34337110217e-21,
        "var": 1.94992899196e-05
    },
    "spectral_energyband_middle_low": {
        "dmean": 0.00600645970553,
        "dmean2": 0.00987009610981,
        "dvar": 0.000413035682868,
        "dvar2": 0.00111264723819,
        "max": 0.363155901432,
        "mean": 0.0169447623193,
        "median": 0.0117993885651,
        "min": 1.98842539068e-22,
        "var": 0.000490960548632
    },
    "spectral_entropy": {
        "dmean": 0.248534590006,
        "dmean2": 0.362924039364,
        "dvar": 0.0879633873701,
        "dvar2": 0.19382032752,
        "max": 9.81120586395,
        "mean": 6.35271024704,
        "median": 6.53490829468,
        "min": 3.73780822754,
        "var": 1.13509726524
    },
    "spectral_flux": {
        "dmean": 0.0268544796854,
        "dmean2": 0.0407444126904,
        "dvar": 0.00336936791427,
        "dvar2": 0.00670458795503,
        "max": 0.637762248516,
        "mean": 0.0566244274378,
        "median": 0.0327729061246,
        "min": 6.65940358413e-11,
        "var": 0.00622405717149
    },
    "spectral_kurtosis": {
        "dmean": 7.85139989853,
        "dmean2": 13.5229358673,
        "dvar": 172.432525635,
        "dvar2": 482.246704102,
        "max": 147.468978882,
        "mean": 18.7890853882,
        "median": 5.47357940674,
        "min": -1.20101094246,
        "var": 746.138122559
    },
    "spectral_rms": {
        "dmean": 0.000832488294691,
        "dmean2": 0.00131784670521,
        "dvar": 3.62299147127e-06,
        "dvar2": 8.8017741291e-06,
        "max": 0.0226973555982,
        "mean": 0.0049831434153,
        "median": 0.00477142678574,
        "min": 3.18552974797e-12,
        "var": 7.054462003e-06
    },
    "spectral_rolloff": {
        "dmean": 115.440635681,
        "dmean2": 205.352371216,
        "dvar": 236133.046875,
        "dvar2": 523401.40625,
        "max": 19099.9511719,
        "mean": 452.246917725,
        "median": 279.931640625,
        "min": 64.599609375,
        "var": 1448547.375
    },
    "spectral_skewness": {
        "dmean": 0.612047016621,
        "dmean2": 1.03071081638,
        "dvar": 0.644827067852,
        "dvar2": 1.82750177383,
        "max": 9.84083557129,
        "mean": 2.64906167984,
        "median": 1.94674086571,
        "min": -0.0290318857878,
        "var": 3.49620103836
    },
    "spectral_spread": {
        "dmean": 574383.8125,
        "dmean2": 869322,
        "dvar": 1.01989135155e+12,
        "dvar2": 1.98491543962e+12,
        "max": 40460920,
        "mean": 3871948.75,
        "median": 3929874,
        "min": 606484.8125,
        "var": 8.49150004429e+12
    },
    "spectral_strongpeak": {
        "dmean": 0.234911322594,
        "dmean2": 0.395733594894,
        "dvar": 0.187449932098,
        "dvar2": 0.497863948345,
        "max": 7.7424120903,
        "mean": 0.873350322247,
        "median": 0.718961775303,
        "min": 0,
        "var": 0.411816745996
    },
    "zerocrossingrate": {
        "dmean": 0.00531119247898,
        "dmean2": 0.00665257219225,
        "dvar": 0.000123226185679,
        "dvar2": 0.00021661655046,
        "max": 0.51025390625,
        "mean": 0.0254903584719,
        "median": 0.0185546875,
        "min": 0.00390625,
        "var": 0.00114140671212
    },
    "barkbands": {
        "dmean": [0.000779365422204, 0.00582285737619, 0.00292639504187, 0.00199794396758, 0.00332424766384, 0.00130241992883, 0.000288010312943, 0.000223422088311, 0.000134275789605, 0.000179705137271, 6.73151225783e-05, 0.000191888510017, 8.17579857539e-05, 7.61179835536e-05, 7.78166722739e-05, 0.000119891337818, 0.000149113606312, 0.000121183235024, 8.66986374604e-05, 9.86041122815e-05, 7.81463095336e-05, 5.73226498091e-05, 2.75672064163e-05, 1.60092204169e-05, 3.50925365638e-05, 1.29174641188e-05, 7.71415841427e-07],
        "dmean2": [0.00130351271946, 0.0102293929085, 0.00501849455759, 0.00325227668509, 0.0053543029353, 0.00219380087219, 0.000422702054493, 0.000322827050695, 0.000221334499656, 0.000261103676166, 0.000110059962026, 0.000318489532219, 0.000144656572957, 0.000126757891849, 0.000132577653858, 0.000206000870094, 0.000254141603364, 0.000208643759834, 0.000151187807205, 0.000179870243301, 0.000133806315716, 9.12485265872e-05, 4.1261788283e-05, 2.45626979449e-05, 5.60147345823e-05, 2.29581091844e-05, 1.3403741832e-06],
        "dvar": [1.91810286196e-05, 0.000909171882086, 8.90780065674e-05, 8.73929893714e-05, 0.000114855924039, 3.60322665074e-05, 9.33313913265e-07, 8.1029344301e-07, 7.82565962254e-07, 5.83978021496e-07, 1.46156523329e-07, 1.3392824485e-06, 3.0985879107e-07, 1.3200795479e-07, 2.06814817716e-07, 5.32460319391e-07, 4.03041099162e-07, 3.72453058617e-07, 1.87075642089e-07, 3.31456220692e-07, 1.29136140004e-07, 6.82709213606e-08, 9.92562831925e-09, 2.68385691449e-09, 2.24181455621e-08, 4.3237102787e-09, 1.32822494323e-11],
        "dvar2": [4.54112087027e-05, 0.00249580526724, 0.000261310167843, 0.000249810691457, 0.000294972996926, 9.95256486931e-05, 2.06904587685e-06, 2.11238671e-06, 1.86169995686e-06, 1.32853881496e-06, 3.58252719934e-07, 3.46143133356e-06, 8.98637779301e-07, 3.22627187188e-07, 5.81099072861e-07, 1.5186226392e-06, 1.09114000679e-06, 1.05916080884e-06, 5.30042541413e-07, 9.65997401181e-07, 3.72299524543e-07, 1.7906704386e-07, 2.340848404e-08, 6.61181731587e-09, 5.90626179076e-08, 1.19317498104e-08, 3.57578897048e-11],
        "max": [0.0611377619207, 0.378625065088, 0.115918748081, 0.301250785589, 0.222770854831, 0.107560187578, 0.0201109964401, 0.0237396657467, 0.0280344765633, 0.014176488854, 0.0111039467156, 0.0219269841909, 0.0138285420835, 0.0084218243137, 0.0116692194715, 0.0186964627355, 0.0112665966153, 0.0156859811395, 0.00697668129578, 0.00924804061651, 0.0070144822821, 0.00690526375547, 0.00263226917014, 0.00105242512655, 0.00263175624423, 0.000991060282104, 5.24384595337e-05],
        "mean": [0.00063828995917, 0.00745750358328, 0.00592855270952, 0.00438490929082, 0.00856898631901, 0.00251413020305, 0.000653324066661, 0.000565195456147, 0.000230010075029, 0.000269624724751, 7.78301327955e-05, 0.000183560841833, 8.14880331745e-05, 0.000100076460512, 8.16842657514e-05, 0.000134474903462, 0.000176092959009, 0.000124918326037, 0.000106993160443, 9.49269888224e-05, 0.000110139910248, 8.05014133221e-05, 4.72679203085e-05, 2.69521715381e-05, 3.62525242963e-05, 9.13424719329e-06, 5.44529825675e-07],
        "median": [4.48990294899e-06, 0.00350200105458, 0.0029678591527, 0.00220404588617, 0.00483809318393, 0.000979320029728, 0.000135019494337, 0.000118486554129, 1.16854080261e-05, 3.91685098293e-05, 4.89044305141e-06, 8.88594058779e-06, 1.26939658003e-05, 2.25544863497e-05, 9.88404735836e-06, 2.36547148234e-05, 2.76998380286e-05, 8.83086795511e-06, 1.88515205082e-05, 1.04167966128e-05, 1.037093989e-05, 7.89377918409e-06, 8.15335442894e-06, 5.22528671354e-06, 2.14079500438e-06, 6.3479525636e-08, 1.05968238628e-08],
        "min": [2.84733308954e-24, 1.22234155036e-23, 4.39045072751e-24, 3.0405882341e-24, 1.23307700065e-23, 1.78945128854e-23, 1.40353422282e-23, 1.61913842792e-23, 2.11315610115e-23, 1.94221057408e-23, 5.38672217626e-23, 3.49343391563e-23, 8.29717084353e-23, 3.72531579218e-23, 4.66750380502e-23, 7.09591996279e-23, 7.84094418305e-23, 1.21279210511e-22, 1.41808716036e-22, 1.72598802825e-22, 3.61125123845e-22, 4.37228920887e-22, 4.82288706281e-22, 6.74790558097e-22, 1.03232786681e-21, 1.40773881989e-21, 2.07959930877e-21],
        "var": [1.67520993273e-05, 0.000606212939601, 8.72626842465e-05, 0.000100095494417, 0.000156268142746, 3.72837530449e-05, 1.83700262824e-06, 1.52836514644e-06, 2.74166018244e-06, 7.72254054482e-07, 1.75281059001e-07, 1.10849975954e-06, 1.94942259668e-07, 1.37280295576e-07, 1.50435795376e-07, 3.62105311069e-07, 3.88163130083e-07, 3.32303329742e-07, 1.50009839217e-07, 2.15910318957e-07, 2.07457389934e-07, 1.07420873974e-07, 2.36519817065e-08, 4.83167372778e-09, 1.94648155372e-08, 2.8047135725e-09, 9.0475491682e-12]
    },
    "erbbands": {
        "dmean": [0.203688770533, 1.20332872868, 2.89392971992, 6.07891702652, 6.5724029541, 9.93260955811, 18.9164276123, 10.3081159592, 6.10607004166, 3.02698087692, 4.57673406601, 2.6711101532, 5.37019014359, 3.37865567207, 4.95439052582, 5.77520751953, 4.00704431534, 3.32658910751, 4.14144468307, 4.42154169083, 7.8569726944, 8.96411418915, 7.06601381302, 4.1372551918, 4.8521528244, 4.57009887695, 3.4010078907, 3.10474443436, 2.30470252037, 1.31067454815, 0.657243788242, 0.416903764009, 0.238310202956, 0.244203194976, 0.326584041119, 0.110154829919, 0.0134025784209, 0.00172736123204, 0.000141036027344, 1.99979876925e-05],
        "dmean2": [0.353136062622, 2.17256617546, 5.14007949829, 9.75425720215, 11.1649856567, 16.119146347, 29.9153022766, 17.1194915771, 9.37197780609, 4.60659694672, 6.68515348434, 4.59168052673, 7.82983398438, 5.08254957199, 7.97732305527, 9.67658996582, 6.96665763855, 5.83495616913, 7.04839086533, 7.47809886932, 13.24746418, 15.3972234726, 12.1761522293, 7.00057840347, 8.4736032486, 8.25226306915, 5.90963983536, 5.22902822495, 3.75135159492, 1.9933848381, 1.00104343891, 0.655937075615, 0.359453707933, 0.361560106277, 0.542842328548, 0.195324763656, 0.023168021813, 0.00296674924903, 0.000246887240792, 3.33884418069e-05],
        "dvar": [1.33053219318, 37.4339942932, 125.749588013, 449.555725098, 971.67755127, 999.620239258, 1722.22412109, 4395.04101562, 506.772003174, 209.748352051, 408.850524902, 288.951690674, 582.721496582, 214.468536377, 906.765869141, 1184.18066406, 647.891174316, 328.921478271, 492.050994873, 712.334289551, 1721.0456543, 1471.02307129, 1242.06542969, 405.956573486, 767.271606445, 724.517089844, 286.371643066, 186.362030029, 130.424102783, 24.2130756378, 6.55275774002, 2.31377053261, 0.444361060858, 0.65527766943, 2.21787691116, 0.352715104818, 0.00403084140271, 6.48859931971e-05, 4.18978146399e-07, 4.0315701888e-09],
        "dvar2": [3.56280207634, 107.635490417, 369.834411621, 1246.08532715, 2566.08447266, 2566.12768555, 4911.86816406, 12009.4423828, 1223.9642334, 535.234680176, 1107.7331543, 809.564208984, 1240.14880371, 522.137695312, 2393.01879883, 3109.35375977, 1831.22509766, 925.433105469, 1334.84790039, 1965.08825684, 4758.28564453, 4058.01171875, 3524.70336914, 1131.60266113, 2198.51635742, 2107.40380859, 838.767028809, 526.952453613, 347.533599854, 60.3397827148, 16.3890075684, 5.90546703339, 1.01191115379, 1.55162239075, 5.92019510269, 0.981746912003, 0.0108573697507, 0.000171749838046, 1.13220210096e-06, 1.04834363412e-08],
        "max": [17.6298332214, 84.6998519897, 135.098327637, 586.448181152, 503.617218018, 578.015625, 854.951599121, 1259.14123535, 365.628143311, 355.131256104, 502.093353271, 359.661743164, 650.11529541, 288.159332275, 725.243835449, 802.01385498, 544.487365723, 436.944000244, 566.259765625, 705.319335938, 935.484436035, 794.596435547, 983.952148438, 423.960906982, 495.742462158, 417.832824707, 341.177001953, 339.209320068, 325.290557861, 119.248832703, 61.8117141724, 35.2280883789, 11.0871038437, 10.3277788162, 23.6027126312, 11.3669557571, 0.986325860023, 0.115196481347, 0.0106852464378, 0.000791432103142],
        "mean": [0.213779807091, 1.69418299198, 4.97791814804, 15.4004306793, 8.88374519348, 23.8168754578, 60.41015625, 15.9523468018, 13.076333046, 6.62460422516, 11.107129097, 4.18082380295, 9.27815628052, 5.40415620804, 5.28736829758, 5.68473434448, 4.18138170242, 3.81336808205, 5.35401010513, 4.72779655457, 9.58700752258, 10.5087070465, 7.62561750412, 5.00304269791, 5.4617972374, 4.49736022949, 3.9713177681, 4.49492549896, 3.19242429733, 2.07731366158, 1.12999844551, 0.680952191353, 0.404973626137, 0.363983154297, 0.275028824806, 0.0777987539768, 0.0099041480571, 0.00127438642085, 0.000112030378659, 4.0389761125e-05],
        "median": [0.0743418633938, 0.907129585743, 2.26835298538, 8.38003444672, 2.86227035522, 12.5325813293, 28.8869380951, 4.72620391846, 3.41130757332, 1.96900844574, 2.21649169922, 0.617416799068, 0.963568031788, 0.893879711628, 0.325665831566, 0.342140614986, 0.633612275124, 0.719265162945, 1.23223221302, 0.695961534977, 1.82050859928, 1.78512454033, 0.628801584244, 0.859506845474, 0.803015649319, 0.505226314068, 0.449386864901, 0.359762698412, 0.28869882226, 0.281640738249, 0.212831556797, 0.131013154984, 0.0757216140628, 0.0388989970088, 0.00597907789052, 0.000783914292697, 0.000103120379208, 1.44469941006e-05, 1.49329307533e-05, 2.67762279691e-05],
        "min": [4.76008212272e-22, 1.44762726233e-21, 3.20267591659e-21, 1.84339784447e-20, 1.72522443109e-20, 4.19675835269e-20, 3.21136555394e-20, 2.08632140333e-19, 2.65595829819e-19, 5.41797769452e-19, 5.70007781966e-19, 4.18370738133e-19, 5.63897812371e-19, 1.7558205107e-18, 1.89731492436e-18, 1.55015373532e-18, 3.38067971888e-18, 2.37081544086e-18, 3.67707176725e-18, 4.18431753043e-18, 4.37762219496e-18, 5.42754393491e-18, 6.25201511736e-18, 1.20921215866e-17, 7.06413153019e-18, 8.65448055641e-18, 1.24493320895e-17, 1.41622833446e-17, 1.55578495346e-17, 1.03443956586e-17, 1.35831923957e-17, 1.35164835881e-17, 9.49744708378e-18, 9.98547702774e-18, 7.86507397371e-18, 3.81249736354e-18, 2.71839032361e-18, 1.11822824698e-18, 2.75381402315e-19, 2.96391608928e-20],
        "var": [0.911584854126, 22.9747486115, 94.6430511475, 689.351745605, 840.645446777, 1269.19165039, 6388.30273438, 3660.28540039, 760.185852051, 261.349365234, 620.666015625, 459.080230713, 1752.77636719, 293.035430908, 840.265075684, 961.324768066, 447.623260498, 268.533508301, 401.880554199, 543.797729492, 1331.36108398, 1361.50524902, 1158.28979492, 334.222869873, 559.671447754, 475.094787598, 270.781707764, 358.698883057, 195.199981689, 55.6228523254, 12.2698993683, 3.96080040932, 0.919921040535, 0.97850638628, 1.68973684311, 0.224645659328, 0.00280470470898, 4.64786717203e-05, 2.84882759161e-07, 3.78864495332e-09]
    },
    "gfcc": {
        "mean": [-109.231651306, 151.055633545, -85.6278152466, 48.6993217468, -37.4346847534, -9.58606529236, -45.189743042, -4.89082431793, -17.5593585968, -12.0461397171, -10.0153017044, -9.00094413757, 0.539294242859],
        "cov": [[16687.4375, -4059.90673828, -733.019104004, 2494.55078125, -3104.9296875, 2431.37695312, -203.548233032, 595.542297363, -125.395172119, 626.533691406, 173.546844482, 643.149536133, 40.5638046265], [-4059.90673828, 2602.51733398, -79.6272888184, -1038.45593262, 1324.08837891, -1088.64538574, 148.380401611, -209.190307617, 158.868453979, -352.279022217, -9.31302261353, -313.86605835, 35.0911331177], [-733.019104004, -79.6272888184, 748.605407715, 101.493988037, 101.046653748, 192.015365601, -5.95534896851, -29.4980831146, -0.602694034576, 63.2537612915, 14.7963008881, 27.5793037415, -0.253607958555], [2494.55078125, -1038.45593262, 101.493988037, 924.120544434, -659.250366211, 631.721130371, 28.2764282227, 34.4974784851, 44.3673591614, 143.997558594, 125.453025818, 115.538589478, 50.1738166809], [-3104.9296875, 1324.08837891, 101.046653748, -659.250366211, 1139.26965332, -671.274230957, 53.4285697937, -164.991638184, -37.695690155, -148.879226685, -64.4364776611, -114.784790039, -13.7484703064], [2431.37695312, -1088.64538574, 192.015365601, 631.721130371, -671.274230957, 898.406860352, 65.7587127686, 74.5773925781, -31.3012104034, 109.974082947, 76.9086380005, 147.824890137, 21.0559024811], [-203.548233032, 148.380401611, -5.95534896851, 28.2764282227, 53.4285697937, 65.7587127686, 322.978729248, 114.721435547, 43.9539642334, -38.4616584778, -22.8536643982, -32.3330230713, -28.8026943207], [595.542297363, -209.190307617, -29.4980831146, 34.4974784851, -164.991638184, 74.5773925781, 114.721435547, 296.985900879, 63.0654525757, 38.3770675659, -42.2220497131, -4.95116090775, -34.5915412903], [-125.395172119, 158.868453979, -0.602694034576, 44.3673591614, -37.695690155, -31.3012104034, 43.9539642334, 63.0654525757, 183.654174805, 2.66154289246, 37.3059043884, -36.3774414062, 25.8977813721], [626.533691406, -352.279022217, 63.2537612915, 143.997558594, -148.879226685, 109.974082947, -38.4616584778, 38.3770675659, 2.66154289246, 143.695510864, 21.4510688782, 66.7802734375, -5.26615810394], [173.546844482, -9.31302261353, 14.7963008881, 125.453025818, -64.4364776611, 76.9086380005, -22.8536643982, -42.2220497131, 37.3059043884, 21.4510688782, 134.959075928, 25.5994758606, 45.3128471375], [643.149536133, -313.86605835, 27.5793037415, 115.538589478, -114.784790039, 147.824890137, -32.3330230713, -4.95116090775, -36.3774414062, 66.7802734375, 25.5994758606, 134.569122314, 24.0966472626], [40.5638046265, 35.0911331177, -0.253607958555, 50.1738166809, -13.7484703064, 21.0559024811, -28.8026943207, -34.5915412903, 25.8977813721, -5.26615810394, 45.3128471375, 24.0966472626, 85.4374237061]],
        "icov": [[0.000339926918969, -0.000808379205409, 0.000544726615772, -0.000859935767949, 0.000595146440901, -0.000737503054552, 0.000783601542935, -0.000793484738097, 0.000821974477731, -0.000907475012355, 0.00078499148367, -0.000963516766205, 0.000448010250693], [-0.000808379205409, 0.00507642468438, -0.00145713076927, 0.00354699767195, -0.00297017837875, 0.00289878831245, -0.00329719763249, 0.00306577957235, -0.00425916956738, 0.0046609104611, -0.00400017853826, 0.00427848566324, -0.00235800887458], [0.000544726615772, -0.00145713076927, 0.00268499646336, -0.00151989527512, 0.000132664645207, -0.00228120083921, 0.00170915538911, -0.00125021429267, 0.00101989286486, -0.0026265962515, 0.00163815438282, -0.0011535435915, 0.000879430153873], [-0.000859935767949, 0.00354699767195, -0.00151989527512, 0.00577754341066, -0.00133519910742, 0.00126012496185, -0.00332453544252, 0.00334682571702, -0.00360452779569, 0.00200661481358, -0.00392047781497, 0.00375862675719, -0.00250162463635], [0.000595146440901, -0.00297017837875, 0.000132664645207, -0.00133519910742, 0.0045191491954, -0.000224188857828, 0.000687893072609, -0.000824662973173, 0.00316626089625, -0.00227075465955, 0.00211156508885, -0.00302102416754, 0.00103477074299], [-0.000737503054552, 0.00289878831245, -0.00228120083921, 0.00126012496185, -0.000224188857828, 0.00573913892731, -0.003410177771, 0.00210479577072, -0.00137055944651, 0.00397660955787, -0.00305456854403, 0.000905564753339, -0.00130999740213], [0.000783601542935, -0.00329719763249, 0.00170915538911, -0.00332453544252, 0.000687893072609, -0.003410177771, 0.00733768800274, -0.0044033229351, 0.00191340432502, -0.00149438600056, 0.00300897634588, -0.00287024723366, 0.00312321446836], [-0.000793484738097, 0.00306577957235, -0.00125021429267, 0.00334682571702, -0.000824662973173, 0.00210479577072, -0.0044033229351, 0.00802012532949, -0.00469403387979, 0.00119726371486, -0.00080705905566, 0.00295375473797, -0.000648728513625], [0.000821974477731, -0.00425916956738, 0.00101989286486, -0.00360452779569, 0.00316626089625, -0.00137055944651, 0.00191340432502, -0.00469403387979, 0.0119894212112, -0.00479049235582, 0.00103757169563, -0.000853178964462, -0.00116843753494], [-0.000907475012355, 0.0046609104611, -0.0026265962515, 0.00200661481358, -0.00227075465955, 0.00397660955787, -0.00149438600056, 0.00119726371486, -0.00479049235582, 0.017033200711, -0.00489801866934, -0.00168873788789, 0.00154182396363], [0.00078499148367, -0.00400017853826, 0.00163815438282, -0.00392047781497, 0.00211156508885, -0.00305456854403, 0.00300897634588, -0.00080705905566, 0.00103757169563, -0.00489801866934, 0.0144370729104, -0.0039122463204, -0.00181221961975], [-0.000963516766205, 0.00427848566324, -0.0011535435915, 0.00375862675719, -0.00302102416754, 0.000905564753339, -0.00287024723366, 0.00295375473797, -0.000853178964462, -0.00168873788789, -0.0039122463204, 0.0174187347293, -0.00667487224564], [0.000448010250693, -0.00235800887458, 0.000879430153873, -0.00250162463635, 0.00103477074299, -0.00130999740213, 0.00312321446836, -0.000648728513625, -0.00116843753494, 0.00154182396363, -0.00181221961975, -0.00667487224564, 0.0185044873506]]
    },
    "melbands": {
        "dmean": [0.00169646146242, 0.00152145011816, 0.000989234889857, 0.000562097935472, 0.000649643829092, 0.000222330461838, 8.4145074652e-05, 3.77500546165e-05, 3.36471348419e-05, 1.75803033926e-05, 2.8641848985e-05, 1.62979486049e-05, 1.36908311106e-05, 1.84557247849e-05, 1.48958397403e-05, 7.9021720012e-06, 6.12880558037e-06, 7.33583465262e-06, 5.59321460969e-06, 6.55497115076e-06, 9.51732909016e-06, 9.80363529379e-06, 7.68343488744e-06, 5.39414122613e-06, 3.18366460306e-06, 3.36632933795e-06, 3.54484404852e-06, 3.14058115691e-06, 2.19046046368e-06, 2.13919338421e-06, 1.72968384504e-06, 1.49690299622e-06, 8.8781280283e-07, 7.14220902864e-07, 4.03488712664e-07, 3.19962765616e-07, 2.42812859597e-07, 1.71368213842e-07, 1.52246755647e-07, 2.30840811355e-07],
        "dmean2": [0.00290445284918, 0.0027346177958, 0.00161787378602, 0.000936084485147, 0.00102592073381, 0.000368619570509, 0.000129088919493, 5.6406173826e-05, 5.03647825099e-05, 2.97201258945e-05, 4.14491478296e-05, 2.40140088863e-05, 2.21647824219e-05, 3.05850699078e-05, 2.52989848377e-05, 1.4019480659e-05, 1.06948118628e-05, 1.21416560432e-05, 9.51344463829e-06, 1.13447367767e-05, 1.60370891535e-05, 1.69639442902e-05, 1.3316105651e-05, 9.36074775382e-06, 5.48380376131e-06, 5.90313084103e-06, 6.25994016445e-06, 5.74803198106e-06, 3.84955956179e-06, 3.71764690499e-06, 2.91104083772e-06, 2.4752121135e-06, 1.42194051023e-06, 1.088894237e-06, 6.30174838534e-07, 5.0029416343e-07, 3.87046014794e-07, 2.67869864956e-07, 2.33636541225e-07, 3.49925841192e-07],
        "dvar": [8.13534643385e-05, 4.42918426415e-05, 1.22277333503e-05, 7.24623623682e-06, 1.75001889602e-06, 1.79830158231e-06, 9.74981446689e-08, 2.64495980673e-08, 2.6327425573e-08, 1.28318946579e-08, 1.57847956928e-08, 4.71667682689e-09, 6.0379901079e-09, 1.4053124886e-08, 1.15401990186e-08, 2.70512257039e-09, 9.8616459443e-10, 1.37584388327e-09, 1.11411380121e-09, 2.15415596472e-09, 2.3335391397e-09, 1.69700875574e-09, 1.75757208787e-09, 5.88507631516e-10, 2.54563342628e-10, 3.12218473297e-10, 4.36008784632e-10, 3.48876871836e-10, 1.26682414558e-10, 8.68363089768e-11, 6.38113450968e-11, 5.8909911671e-11, 2.18603538049e-11, 6.34197425478e-12, 2.72829870675e-12, 1.38635066968e-12, 8.88789801305e-13, 2.36685101856e-13, 1.95914153498e-13, 6.45754066539e-13],
        "dvar2": [0.000217215449084, 0.000128910105559, 3.45547705365e-05, 1.85567914741e-05, 4.89760532218e-06, 4.91495211463e-06, 2.38119028495e-07, 6.79220448774e-08, 7.335709995e-08, 3.29218359241e-08, 3.3148992884e-08, 1.11653619683e-08, 1.55759547482e-08, 3.71866022419e-08, 3.04615497271e-08, 7.88852716482e-09, 2.69433697575e-09, 3.50778939229e-09, 3.13514258998e-09, 6.14822015521e-09, 6.35015195982e-09, 4.61690685682e-09, 5.11612663345e-09, 1.61761481987e-09, 7.14752812492e-10, 8.89280371563e-10, 1.2571225172e-09, 1.01846664435e-09, 3.70439068309e-10, 2.52133813827e-10, 1.7379070405e-10, 1.55320256656e-10, 6.14009537658e-11, 1.47471913153e-11, 7.06982389298e-12, 3.5777448712e-12, 2.31326936773e-12, 5.51097362189e-13, 4.50260380196e-13, 1.55932320008e-12],
        "max": [0.122302614152, 0.0884411484003, 0.103325471282, 0.0466276109219, 0.0267193615437, 0.0252714343369, 0.00490036606789, 0.00425773393363, 0.00400941586122, 0.00305801490322, 0.00327159441076, 0.00131638813764, 0.0017683764454, 0.00272358884104, 0.00326977088116, 0.00124711554963, 0.00072200212162, 0.000773057341576, 0.000779204594437, 0.00132109236438, 0.00103142263833, 0.000959301542025, 0.00101895572152, 0.000412876863265, 0.00035056375782, 0.000320096994983, 0.000355341209797, 0.000280192442006, 0.000232827980653, 0.000166910103871, 0.000195288914256, 0.000249145756243, 0.000125687176478, 7.75838416303e-05, 4.30687177868e-05, 2.33401042351e-05, 2.16272619582e-05, 8.75089153851e-06, 6.98964595358e-06, 1.11807348731e-05],
        "mean": [0.00207644165494, 0.00263714161702, 0.00233202194795, 0.000876773323398, 0.00211252039298, 0.000354244111804, 0.000177549984073, 8.85981280589e-05, 7.56949884817e-05, 2.87962466246e-05, 4.92501931149e-05, 2.56902239926e-05, 1.52094880832e-05, 1.7479302187e-05, 1.40023385029e-05, 8.20295826998e-06, 7.02714260115e-06, 9.68082713371e-06, 5.7103020481e-06, 6.8093399932e-06, 1.17809222502e-05, 1.1348022781e-05, 8.00292582426e-06, 5.5933664953e-06, 3.81359154744e-06, 4.00907674702e-06, 3.64641027772e-06, 2.90798493552e-06, 2.2557057946e-06, 2.90224943456e-06, 2.43864951699e-06, 1.95324082597e-06, 1.26319946503e-06, 1.12313944101e-06, 6.54909285913e-07, 5.31572538875e-07, 3.66852646039e-07, 2.75383030157e-07, 2.67669236109e-07, 3.25984188976e-07],
        "median": [0.000908232526854, 0.00138551311102, 0.00127825827803, 0.000366290390957, 0.00108504237141, 0.000108588537842, 4.48694700026e-05, 2.08915244002e-05, 1.45430931298e-05, 1.88728972716e-06, 5.05330945089e-06, 4.12222016166e-06, 8.84043004135e-07, 7.79550134666e-07, 9.1544558245e-07, 1.29387967718e-06, 1.25219003166e-06, 2.23850634029e-06, 7.0550942155e-07, 1.08060339699e-06, 2.28601265917e-06, 1.88395597434e-06, 7.81493668001e-07, 3.76155014692e-07, 7.02870295299e-07, 6.30337297025e-07, 4.69409059178e-07, 2.87247814867e-07, 2.45970596779e-07, 2.91622200166e-07, 1.70034056168e-07, 1.54987603196e-07, 1.50173718794e-07, 1.48230000718e-07, 1.11141090997e-07, 1.04865264916e-07, 6.9475312614e-08, 4.88678679744e-08, 4.58416558047e-08, 2.66965098916e-08],
        "min": [6.28768289824e-24, 1.61934122433e-24, 2.68027719893e-24, 2.06459492823e-24, 1.03815515077e-24, 4.22960632767e-24, 3.91821176837e-24, 7.65551958738e-24, 4.55464541961e-24, 2.78526373858e-24, 2.62152599415e-24, 6.40720400285e-24, 6.67377509108e-24, 5.08690486072e-24, 5.20931595726e-24, 6.73573064886e-24, 3.45559691228e-24, 4.67198335167e-24, 3.37724133072e-24, 3.7651901077e-24, 3.94874265756e-24, 5.59006322304e-24, 4.2505194247e-24, 5.3397509525e-24, 9.49439695594e-24, 5.13284535883e-24, 5.42733541779e-24, 5.41259042418e-24, 5.26016829779e-24, 6.61106025469e-24, 7.32615201565e-24, 7.84820990753e-24, 6.98242402e-24, 4.60967951181e-24, 7.86099892053e-24, 5.96636210217e-24, 8.20862783335e-24, 6.46200222563e-24, 6.71270222131e-24, 6.32014610221e-24],
        "var": [5.71035052417e-05, 3.02198259305e-05, 1.63146105479e-05, 6.11608311374e-06, 7.17101147529e-06, 1.54312544964e-06, 1.43490083815e-07, 3.95102581763e-08, 3.21135509296e-08, 3.56274512114e-08, 4.62101965581e-08, 6.60022925203e-09, 6.51030518384e-09, 1.09727267272e-08, 8.71424976623e-09, 1.72626934969e-09, 8.89742279853e-10, 1.27123200855e-09, 7.89777854227e-10, 1.44112066724e-09, 1.8759955811e-09, 1.62889901567e-09, 1.47674283912e-09, 5.23876886316e-10, 2.00243224779e-10, 2.41651226807e-10, 3.04421127195e-10, 2.19534168622e-10, 1.00612337905e-10, 1.43887499138e-10, 1.10627527972e-10, 8.45590472642e-11, 2.51593555017e-11, 1.68524950939e-11, 4.4943888021e-12, 2.38551452897e-12, 1.26833808213e-12, 4.57792549528e-13, 3.83480953155e-13, 8.9198125882e-13]
    },
    "mfcc": {
        "mean": [-748.021972656, 153.789810181, 30.929523468, 46.9443435669, 27.1838703156, 3.11489534378, -9.39663124084, -2.1331884861, -5.37734746933, -4.75551223755, -8.01650619507, -8.2444524765, -5.01963424683],
        "cov": [[12234.7578125, -3118.21337891, 116.648002625, 377.503143311, -1299.87243652, 656.841308594, 509.956420898, 417.797851562, 271.432739258, 10.1885375977, 402.924743652, 791.783691406, 456.263824463], [-3118.21337891, 1890.55224609, -229.937255859, -93.6918411255, 470.490661621, -277.01663208, -139.952346802, -28.8866138458, -32.8831825256, 71.1675186157, -83.694519043, -217.433242798, -64.3340377808], [116.648002625, -229.937255859, 594.323303223, 67.4819259644, 0.916061341763, 180.692550659, 87.7631530762, 4.54364013672, 43.1698303223, 4.85814476013, 42.9377708435, 86.2167816162, 26.9315071106], [377.503143311, -93.6918411255, 67.4819259644, 325.597076416, 11.5963535309, 62.5756530762, 37.1216773987, 9.44086551666, 24.0975570679, 57.5767402649, 56.7256202698, 72.4137878418, 49.4176483154], [-1299.87243652, 470.490661621, 0.916061341763, 11.5963535309, 407.415924072, -13.0030431747, -60.9257507324, -93.8810195923, -73.3593444824, -46.3874015808, -69.0850753784, -80.6878585815, -34.221321106], [656.841308594, -277.01663208, 180.692550659, 62.5756530762, -13.0030431747, 389.060974121, 166.161819458, 27.5839805603, -0.338648080826, -63.9667434692, 5.06470108032, 77.3619537354, 10.1662464142], [509.956420898, -139.952346802, 87.7631530762, 37.1216773987, -60.9257507324, 166.161819458, 248.451431274, 126.227249146, 52.8567504883, 19.8030433655, 41.9717178345, 69.9323577881, 32.123374939], [417.797851562, -28.8866138458, 4.54364013672, 9.44086551666, -93.8810195923, 27.5839805603, 126.227249146, 194.578201294, 112.569076538, 58.4593772888, 55.8371162415, 50.1778793335, 29.8724994659], [271.432739258, -32.8831825256, 43.1698303223, 24.0975570679, -73.3593444824, -0.338648080826, 52.8567504883, 112.569076538, 146.173233032, 82.1506195068, 43.706287384, 39.4497947693, 33.6578483582], [10.1885375977, 71.1675186157, 4.85814476013, 57.5767402649, -46.3874015808, -63.9667434692, 19.8030433655, 58.4593772888, 82.1506195068, 140.838378906, 68.1668319702, 20.5963153839, 35.6461296082], [402.924743652, -83.694519043, 42.9377708435, 56.7256202698, -69.0850753784, 5.06470108032, 41.9717178345, 55.8371162415, 43.706287384, 68.1668319702, 108.3358078, 79.7930145264, 38.7549743652], [791.783691406, -217.433242798, 86.2167816162, 72.4137878418, -80.6878585815, 77.3619537354, 69.9323577881, 50.1778793335, 39.4497947693, 20.5963153839, 79.7930145264, 159.64982605, 80.8962936401], [456.263824463, -64.3340377808, 26.9315071106, 49.4176483154, -34.221321106, 10.1662464142, 32.123374939, 29.8724994659, 33.6578483582, 35.6461296082, 38.7549743652, 80.8962936401, 110.838249207]],
