{
"lowlevel": {
    "average_loudness": 0.944458603859,
    "barkbands_crest": {
        "dmean": 1.64649868011,
        "dmean2": 2.58355784416,
        "dvar": 3.19281244278,
        "dvar2": 8.65641784668,
        "max": 22.4807567596,
        "mean": 8.91096305847,
        "median": 8.1552066803,
        "min": 2.49431347847,
        "var": 13.4492368698
    },
    "barkbands_flatness_db": {
        "dmean": 0.0124191353098,
        "dmean2": 0.0191945917904,
        "dvar": 0.000240322464379,
        "dvar2": 0.000588351627812,
        "max": 0.3431455791,
        "mean": 0.122296512127,
        "median": 0.104498028755,
        "min": 0.0254082400352,
        "var": 0.00330015923828
    },
    "barkbands_kurtosis": {
        "dmean": 1.42373538017,
        "dmean2": 2.21492266655,
        "dvar": 10.0365610123,
        "dvar2": 23.1891689301,
        "max": 66.6232147217,
        "mean": 1.98555648327,
        "median": 0.385739326477,
        "min": -1.56952893734,
        "var": 25.0331115723
    },
    "barkbands_skewness": {
        "dmean": 0.329391568899,
        "dmean2": 0.509846270084,
        "dvar": 0.151095882058,
        "dvar2": 0.342661231756,
        "max": 7.23265457153,
        "mean": 1.40545260906,
        "median": 1.21254694462,
        "min": -0.225124493241,
        "var": 0.700037658215
    },
    "barkbands_spread": {
        "dmean": 3.74297857285,
        "dmean2": 5.83586549759,
        "dvar": 19.1249523163,
        "dvar2": 45.2077102661,
        "max": 85.1248626709,
        "mean": 27.008731842,
        "median": 28.3858718872,
        "min": 1.96720099449,
        "var": 115.50415802
    },
    "dissonance": {
        "dmean": 0.0102674001828,
        "dmean2": 0.0169569253922,
        "dvar": 0.000170368759427,
        "dvar2": 0.00044107294525,
        "max": 0.499999970198,
        "mean": 0.47033521533,
        "median": 0.480717539787,
        "min": 0.247602954507,
        "var": 0.00104299932718
    },
    "dynamic_complexity": 2.71068716049,
    "erbbands_crest": {
        "dmean": 1.43118536472,
        "dmean2": 2.25213170052,
        "dvar": 2.32833361626,
        "dvar2": 5.23700857162,
        "max": 28.9689712524,
        "mean": 6.58269691467,
        "median": 5.07185840607,
        "min": 2.39170479774,
        "var": 18.4739685059
    },
    "erbbands_flatness_db": {
        "dmean": 0.009142505005,
        "dmean2": 0.0138161322102,
        "dvar": 0.000134281246574,
        "dvar2": 0.000286399736069,
        "max": 0.350489705801,
        "mean": 0.154041931033,
        "median": 0.143083065748,
        "min": 0.0343719311059,
        "var": 0.00155921559781
    },
    "erbbands_kurtosis": {
        "dmean": 0.365561366081,
        "dmean2": 0.56506562233,
        "dvar": 0.330736339092,
        "dvar2": 0.703633725643,
        "max": 14.3927383423,
        "mean": -0.562365114689,
        "median": -0.878055095673,
        "min": -1.77035212517,
        "var": 1.40856170654
    },
    "erbbands_skewness": {
        "dmean": 0.21440730989,
        "dmean2": 0.330921441317,
        "dvar": 0.0422517172992,
        "dvar2": 0.0994733721018,
        "max": 3.00672841072,
        "mean": -0.119360797107,
        "median": -0.255025595427,
        "min": -1.42508029938,
        "var": 0.321248441935
    },
    "erbbands_spread": {
        "dmean": 5.41638755798,
        "dmean2": 8.64174365997,
        "dvar": 26.5343036652,
        "dvar2": 64.0962677002,
        "max": 115.250480652,
        "mean": 46.9729385376,
        "median": 47.8565368652,
        "min": 6.45913124084,
        "var": 151.955734253
    },
    "hfc": {
        "dmean": 4.10350370407,
        "dmean2": 6.43992424011,
        "dvar": 68.1896362305,
        "dvar2": 155.964691162,
        "max": 124.780143738,
        "mean": 21.9371757507,
        "median": 19.9703292847,
        "min": 1.41415575854e-05,
        "var": 257.541717529
    },
    "melbands_crest": {
        "dmean": 2.28219532967,
        "dmean2": 3.58175420761,
        "dvar": 5.8718047142,
        "dvar2": 15.3217506409,
        "max": 31.1568069458,
        "mean": 13.9371852875,
        "median": 12.9217090607,
        "min": 4.3730597496,
        "var": 25.8626270294
    },
    "melbands_flatness_db": {
        "dmean": 0.0159203205258,
        "dmean2": 0.02396132797,
        "dvar": 0.000349025795003,
        "dvar2": 0.000816572108306,
        "max": 0.458907663822,
        "mean": 0.180281534791,
        "median": 0.161108091474,
        "min": 0.0444499775767,
        "var": 0.00481980154291
    },
    "melbands_kurtosis": {
        "dmean": 4.00693511963,
        "dmean2": 6.31080341339,
        "dvar": 56.6411628723,
        "dvar2": 129.384918213,
        "max": 133.72164917,
        "mean": 10.6067008972,
        "median": 7.01630878448,
        "min": -0.464797019958,
        "var": 146.667266846
    },
    "melbands_skewness": {
        "dmean": 0.467299431562,
        "dmean2": 0.718389511108,
        "dvar": 0.303451597691,
        "dvar2": 0.702152431011,
        "max": 10.1734819412,
        "mean": 2.76188230515,
        "median": 2.55533099174,
        "min": -0.0586289092898,
        "var": 1.32378470898
    },
    "melbands_spread": {
        "dmean": 5.16352844238,
        "dmean2": 8.18570899963,
        "dvar": 31.1421966553,
        "dvar2": 79.9621734619,
        "max": 77.0464706421,
        "mean": 26.2646427155,
        "median": 25.8849334717,
        "min": 1.40086364746,
        "var": 154.653808594
    },
    "pitch_salience": {
        "dmean": 0.045407563448,
        "dmean2": 0.0725527480245,
        "dvar": 0.00202249106951,
        "dvar2": 0.00525316363201,
        "max": 0.830640614033,
        "mean": 0.595190227032,
        "median": 0.617225587368,
        "min": 0.103065498173,
        "var": 0.0124491807073
    },
    "silence_rate_20dB": {
        "dmean": 0,
        "dmean2": 0,
        "dvar": 0,
        "dvar2": 0,
        "max": 1,
        "mean": 1,
        "median": 1,
        "min": 1,
        "var": 0
    },
    "silence_rate_30dB": {
        "dmean": 0,
        "dmean2": 0,
        "dvar": 0,
        "dvar2": 0,
        "max": 1,
        "mean": 1,
        "median": 1,
        "min": 1,
        "var": 0
    },
    "silence_rate_60dB": {
        "dmean": 0.0123839005828,
        "dmean2": 0.0247773900628,
        "dvar": 0.0122304428369,
        "dvar2": 0.0272605419159,
        "max": 1,
        "mean": 0.106769822538,
        "median": 0,
        "min": 0,
        "var": 0.0953705906868
    },
    "spectral_centroid": {
        "dmean": 191.934921265,
        "dmean2": 300.899841309,
        "dvar": 85134.9453125,
        "dvar2": 145474.3125,
        "max": 11510.8125,
        "mean": 1638.92480469,
        "median": 1725.51660156,
        "min": 298.305084229,
        "var": 334837.5625
    },
    "spectral_complexity": {
        "dmean": 3.48103713989,
        "dmean2": 5.51916360855,
        "dvar": 14.3758087158,
        "dvar2": 29.2931976318,
        "max": 62,
        "mean": 29.3056087494,
        "median": 32,
        "min": 0,
        "var": 192.604660034
    },
    "spectral_decrease": {
        "dmean": 1.35500088927e-09,
        "dmean2": 2.16185225277e-09,
        "dvar": 7.26855598369e-18,
        "dvar2": 1.7890933959e-17,
        "max": -1.10634604895e-15,
        "mean": -6.28781426926e-09,
        "median": -6.01918914711e-09,
        "min": -3.48807951411e-08,
        "var": 1.68768750481e-17
    },
    "spectral_energy": {
        "dmean": 0.00534615432844,
        "dmean2": 0.00852703489363,
        "dvar": 0.000113378089736,
        "dvar2": 0.000278294988675,
        "max": 0.138747632504,
        "mean": 0.0257214214653,
        "median": 0.024694474414,
        "min": 5.45828626741e-09,
        "var": 0.00027504118043
    },
    "spectral_energyband_high": {
        "dmean": 0.00034325235174,
        "dmean2": 0.000535729108378,
        "dvar": 5.50718254999e-07,
        "dvar2": 1.28429633151e-06,
        "max": 0.010162091814,
        "mean": 0.0011346230749,
        "median": 0.000737461494282,
        "min": 1.14984632926e-09,
        "var": 1.61540344834e-06
    },
    "spectral_energyband_low": {
        "dmean": 0.00302522769198,
        "dmean2": 0.00477344030514,
        "dvar": 6.75394039718e-05,
        "dvar2": 0.000166564539541,
        "max": 0.0987700596452,
        "mean": 0.00684574060142,
        "median": 0.00440619047731,
        "min": 3.51851481284e-09,
        "var": 8.51212171256e-05
    },
    "spectral_energyband_middle_high": {
        "dmean": 0.00112271518447,
        "dmean2": 0.00176284962799,
        "dvar": 2.8257932172e-06,
        "dvar2": 6.4580713115e-06,
        "max": 0.0303067695349,
        "mean": 0.00518765579909,
        "median": 0.00494357198477,
        "min": 3.55062396151e-10,
        "var": 1.34178008011e-05
    },
    "spectral_energyband_middle_low": {
        "dmean": 0.00318785617128,
        "dmean2": 0.00512235146016,
        "dvar": 2.79858577414e-05,
        "dvar2": 7.41975891287e-05,
        "max": 0.0973985493183,
        "mean": 0.0143853854388,
        "median": 0.0135383773595,
        "min": 7.03590963269e-10,
        "var": 9.83586942311e-05
    },
    "spectral_entropy": {
        "dmean": 0.0882690325379,
        "dmean2": 0.13419239223,
        "dvar": 0.0208674632013,
        "dvar2": 0.0421725735068,
        "max": 9.79946517944,
        "mean": 7.5686879158,
        "median": 7.74764823914,
        "min": 5.27469110489,
        "var": 0.311997979879
    },
    "spectral_flux": {
        "dmean": 0.0133989723399,
        "dmean2": 0.0207297783345,
        "dvar": 0.000562991655897,
        "dvar2": 0.00110659713391,
        "max": 0.289035767317,
        "mean": 0.0627494081855,
        "median": 0.0579497031868,
        "min": 7.38802191336e-05,
        "var": 0.00158349738922
    },
    "spectral_kurtosis": {
        "dmean": 1.4228605032,
        "dmean2": 2.48637223244,
        "dvar": 3.49735450745,
        "dvar2": 9.74682235718,
        "max": 27.8534507751,
        "mean": 3.37152862549,
        "median": 2.55315256119,
        "min": -1.2028580904,
        "var": 8.36647319794
    },
    "spectral_rms": {
        "dmean": 0.000455026893178,
        "dmean2": 0.000708583684172,
        "dvar": 5.38025233254e-07,
        "dvar2": 1.2502134723e-06,
        "max": 0.011634583585,
        "mean": 0.00469664297998,
        "median": 0.00490837777033,
        "min": 2.30763021136e-06,
        "var": 3.0356050047e-06
    },
    "spectral_rolloff": {
        "dmean": 424.423370361,
        "dmean2": 691.372192383,
        "dvar": 283612.125,
        "dvar2": 670008.5625,
        "max": 7708.88671875,
        "mean": 1768.19287109,
        "median": 1937.98828125,
        "min": 129.19921875,
        "var": 1008400.8125
    },
    "spectral_skewness": {
        "dmean": 0.172158390284,
        "dmean2": 0.290775537491,
        "dvar": 0.0394979678094,
        "dvar2": 0.102787598968,
        "max": 3.82463812828,
        "mean": 1.05720746517,
        "median": 0.93777269125,
        "min": -0.0586761385202,
        "var": 0.178785353899
    },
    "spectral_spread": {
        "dmean": 260397.875,
        "dmean2": 403491.71875,
        "dvar": 753813094400,
        "dvar2": 797936320512,
        "max": 41930064,
        "mean": 3686709.75,
        "median": 3613411,
        "min": 1456441.25,
        "var": 1.07349383578e+12
    },
    "spectral_strongpeak": {
        "dmean": 0.217996105552,
        "dmean2": 0.379142642021,
        "dvar": 0.100686267018,
        "dvar2": 0.250561445951,
        "max": 4.97267866135,
        "mean": 0.558507561684,
        "median": 0.484528034925,
        "min": 0,
        "var": 0.168130800128
    },
    "zerocrossingrate": {
        "dmean": 0.00652906112373,
        "dmean2": 0.00788282137364,
        "dvar": 4.1156567022e-05,
        "dvar2": 5.45401126146e-05,
        "max": 0.1396484375,
        "mean": 0.0617650263011,
        "median": 0.0634765625,
        "min": 0.00634765625,
        "var": 0.000520526897162
    },
    "barkbands": {
        "dmean": [0.000300084881019, 0.00173357815947, 0.00108918535989, 0.00148914835881, 0.00160335609689, 0.00103305885568, 0.000277860439382, 0.000289053219603, 0.000422673707362, 0.000228810677072, 0.000243526679697, 0.000145349695231, 0.000251141900662, 0.000191573912161, 0.000265235226834, 0.000241973539232, 0.000341920531355, 0.000210380312637, 0.000260912900558, 0.000202844181331, 0.000150848776684, 0.000110563167254, 5.51071570953e-05, 2.5627499781e-05, 1.2715901903e-05, 6.77866000842e-06, 8.52328639667e-07],
        "dmean2": [0.000494231586345, 0.00290310243145, 0.00174919271376, 0.00222627050243, 0.00261111627333, 0.00172011135146, 0.000391031935578, 0.000423229590524, 0.000618057965767, 0.000334953772835, 0.000361752143363, 0.000227356315008, 0.000405108701671, 0.000314477016218, 0.000445349753136, 0.000409111613408, 0.000583855027799, 0.00035763302003, 0.000437630718807, 0.000336289696861, 0.000256558996625, 0.000173958731466, 8.58966595843e-05, 4.00698445446e-05, 1.96683777176e-05, 1.11660965558e-05, 1.46880972807e-06],
        "dvar": [1.64303844485e-06, 3.92318470404e-05, 6.47708020551e-06, 7.17620878277e-06, 1.21190596474e-05, 3.79803373107e-06, 1.94404279341e-07, 2.75042708608e-07, 3.89473541418e-07, 1.70201076344e-07, 2.02749859568e-07, 6.1599941148e-08, 1.59962993962e-07, 9.58588159961e-08, 1.23710833577e-07, 1.10469379422e-07, 1.8717076955e-07, 9.86577930462e-08, 1.02450833595e-07, 7.77790489792e-08, 7.60191127824e-08, 5.60626176593e-08, 1.61229554152e-08, 5.80175685272e-09, 3.02972158472e-09, 1.88430560044e-09, 2.23151393197e-11],
        "dvar2": [4.0197405724e-06, 0.000102333004179, 1.82886942639e-05, 1.52263737618e-05, 3.2843574445e-05, 1.26099248519e-05, 4.15284091559e-07, 6.45090096896e-07, 7.9818426002e-07, 3.13564953558e-07, 3.94900922629e-07, 1.48141481304e-07, 3.89800817402e-07, 2.5441948992e-07, 3.18728126558e-07, 3.04154184505e-07, 5.17810690326e-07, 2.71167579058e-07, 2.84794737127e-07, 2.08754244113e-07, 2.080098227e-07, 1.36370445603e-07, 3.868581544e-08, 1.2846221864e-08, 6.71295596888e-09, 4.81772000072e-09, 5.92118645781e-11],
        "max": [0.0128287933767, 0.0650899261236, 0.0523561686277, 0.0761013925076, 0.0767323300242, 0.026568505913, 0.0114003457129, 0.00954007264227, 0.00971796829253, 0.0144134992734, 0.0116513604298, 0.00377581128851, 0.00638914294541, 0.0046964334324, 0.00444834725931, 0.00489405635744, 0.00429748976603, 0.00616558780894, 0.00434345100075, 0.00395445525646, 0.0031450772658, 0.00415138434619, 0.0017323163338, 0.00120639475062, 0.000976396375336, 0.000860280066263, 8.54142490425e-05],
        "mean": [0.00026748405071, 0.0024784905836, 0.00237599294633, 0.00448566256091, 0.0047034653835, 0.00253279972821, 0.000852120749187, 0.000621295999736, 0.00097577588167, 0.000496361521073, 0.000478256872157, 0.000294244033284, 0.000445300043793, 0.000393735099351, 0.000467405101517, 0.000514812301844, 0.000684310507495, 0.000501385482494, 0.000722797354683, 0.000540643755812, 0.000405968516134, 0.000272862729616, 0.000125396880321, 5.17634907737e-05, 2.34024028032e-05, 8.7458811322e-06, 9.57123916123e-07],
        "median": [1.90498667507e-05, 0.00106640579179, 0.00117575773038, 0.00284218904562, 0.00362523505464, 0.0017224077601, 0.000544264272321, 0.000309995259158, 0.000634169962723, 0.000294823985314, 0.0002528410987, 0.000180971954251, 0.000260266213445, 0.000250776880421, 0.000345996231772, 0.000419747957494, 0.00058166688541, 0.000428398285294, 0.000671441550367, 0.000471817038488, 0.000285553716822, 0.000131624081405, 5.17683911312e-05, 2.3266475182e-05, 8.89147486305e-06, 2.82707719634e-06, 3.42553363453e-07],
        "min": [1.10414663523e-10, 2.4578390434e-09, 6.82281897646e-10, 4.00937172351e-10, 1.02013689163e-10, 5.31128058201e-11, 7.1368924659e-11, 3.51434090162e-11, 3.26631673098e-11, 1.24387193254e-11, 4.68825742117e-11, 4.27578528139e-11, 2.47641993717e-11, 1.95059142449e-11, 2.66988531977e-11, 7.0261470253e-11, 2.44176085601e-11, 3.9609919511e-11, 2.26600335718e-11, 5.85886755777e-11, 7.39797945126e-11, 1.05957423391e-10, 1.23322435597e-10, 1.30672223042e-10, 1.76835490695e-10, 2.55226645374e-10, 2.5560595307e-10],
        "var": [1.43050783663e-06, 3.19745267916e-05, 1.27526172946e-05, 3.35940094374e-05, 2.35103852901e-05, 7.64318338042e-06, 1.0035678315e-06, 7.53018809974e-07, 1.1773049664e-06, 5.67061817947e-07, 5.59414900181e-07, 1.40074448041e-07, 3.14361585652e-07, 2.09927094375e-07, 2.13665217075e-07, 2.11979980236e-07, 3.49650690623e-07, 1.89707549225e-07, 2.88346257094e-07, 2.03542981581e-07, 1.84245394053e-07, 1.38211248668e-07, 3.99676594043e-08, 9.70509272946e-09, 4.11000122824e-09, 1.56903245951e-09, 1.68112381654e-11]
    },
    "erbbands": {
        "dmean": [0.0618968009949, 0.368040859699, 1.08553671837, 3.07010531425, 6.11824607849, 5.12455892563, 4.80939102173, 10.3588409424, 4.29451799393, 6.58832979202, 4.94363164902, 11.3625049591, 6.60667800903, 6.08295106888, 9.7250995636, 6.790579319, 11.7029628754, 9.32083892822, 10.7676095963, 15.9688482285, 13.2054805756, 14.7536973953, 11.882610321, 13.6502685547, 11.1429367065, 10.1219263077, 6.46994256973, 5.6355214119, 4.14787578583, 2.79708385468, 1.3783955574, 0.703192532063, 0.345488786697, 0.199730843306, 0.0571384429932, 0.0185269694775, 0.0150040751323, 0.00355492741801, 0.000157378744916, 1.00512570498e-05],
        "dmean2": [0.104709558189, 0.628721535206, 1.76770198345, 4.74736642838, 9.76895236969, 8.37148761749, 7.6143155098, 17.5614185333, 6.08144760132, 9.80342006683, 7.51344060898, 16.4655990601, 9.79847335815, 8.77550125122, 14.5817699432, 10.7497940063, 18.7547683716, 15.4145097733, 17.7623138428, 26.6923446655, 21.9567279816, 24.9203453064, 20.1106910706, 23.221113205, 18.4256896973, 16.8396186829, 11.015542984, 9.39865207672, 6.63290786743, 4.52216672897, 2.12425470352, 1.09927332401, 0.521525382996, 0.311346262693, 0.0926285535097, 0.0299366787076, 0.0248647667468, 0.0058215605095, 0.000264448404778, 1.58545135491e-05],
        "dvar": [0.0716121420264, 1.58000659943, 6.78332996368, 35.8988075256, 120.358139038, 128.296798706, 48.7748908997, 440.249481201, 48.5907020569, 123.738113403, 96.1219940186, 291.138519287, 115.9895401, 148.737075806, 279.84854126, 123.960952759, 358.134490967, 247.362319946, 245.228881836, 504.058624268, 274.710418701, 380.663452148, 283.96572876, 317.67086792, 215.744720459, 189.309295654, 130.250686646, 107.437454224, 75.1567611694, 44.4066390991, 10.0697660446, 3.27942276001, 1.54857552052, 0.786055624485, 0.0539083220065, 0.00531628169119, 0.0114259356633, 0.000670479843393, 7.15728958767e-07, 9.25579723976e-10],
        "dvar2": [0.183882474899, 4.43370866776, 19.2507266998, 89.4971923828, 318.0105896, 352.736053467, 140.078521729, 1456.75268555, 113.069206238, 296.180908203, 232.07585144, 576.519287109, 261.687438965, 223.394775391, 554.546447754, 296.114074707, 862.343566895, 669.588317871, 650.282897949, 1318.37194824, 763.368591309, 1031.51147461, 762.984802246, 878.117858887, 585.461120605, 514.458374023, 357.639312744, 286.006256104, 183.263885498, 114.110031128, 23.3525886536, 7.68198823929, 3.2683236599, 1.66574811935, 0.136363491416, 0.013904619962, 0.0294110625982, 0.00173600565176, 1.85897704341e-06, 2.24292473483e-09],
        "max": [2.67967271805, 15.225982666, 45.1631202698, 131.516616821, 228.162765503, 230.586746216, 115.355278015, 283.39642334, 173.140045166, 243.461227417, 199.169433594, 268.145324707, 211.965881348, 521.125854492, 395.070098877, 180.36579895, 311.008239746, 217.854675293, 240.408721924, 310.098083496, 241.858032227, 246.777633667, 250.340133667, 303.789733887, 197.079437256, 179.490097046, 139.699966431, 121.499671936, 151.244659424, 87.9005889893, 47.1693611145, 24.4704666138, 20.491815567, 14.7196397781, 4.1400718689, 1.33927762508, 2.31877446175, 0.460597157478, 0.0150560578331, 0.000519083696418],
        "mean": [0.0690917670727, 0.572490930557, 2.42132258415, 8.9981136322, 18.8355331421, 13.5448589325, 12.6376276016, 23.7714519501, 13.7487668991, 15.8953094482, 11.833694458, 25.9367084503, 15.5668592453, 14.0953760147, 19.9031543732, 14.6982784271, 21.9017696381, 19.2828502655, 22.2605495453, 28.2900028229, 30.3918151855, 34.0854072571, 29.8594684601, 35.5452537537, 32.5412216187, 26.5522785187, 17.1209945679, 15.2707700729, 10.2043743134, 6.65569925308, 3.19477200508, 1.42885351181, 0.682862639427, 0.36424446106, 0.108568355441, 0.0344565175474, 0.0171211883426, 0.00367500120774, 0.000188149308087, 3.7410252844e-05],
        "median": [0.0264120474458, 0.278135359287, 1.47859919071, 6.45106267929, 14.9634571075, 10.0256624222, 9.12730884552, 14.9571037292, 9.20431900024, 10.1640825272, 7.43146419525, 16.3606719971, 10.6715784073, 8.93680858612, 10.779340744, 10.1491003036, 13.4792022705, 13.3390827179, 16.6942100525, 20.1469993591, 26.9421138763, 29.9768199921, 26.2828807831, 32.6157150269, 29.3631725311, 23.1973018646, 12.7128257751, 10.0676803589, 4.92944669724, 2.88546466827, 1.4265601635, 0.639382243156, 0.268629640341, 0.128505080938, 0.0487327165902, 0.0165688265115, 0.00464811455458, 0.000812922138721, 7.40598843549e-05, 3.33804964612e-05],
        "min": [7.00533533404e-08, 5.4129242244e-07, 8.84253722688e-07, 1.21513073736e-06, 5.21371077866e-07, 4.40893671794e-07, 3.50347022504e-07, 5.81365497965e-07, 8.85257804839e-07, 9.44307998907e-07, 1.10563212274e-06, 6.59740976516e-07, 4.87181864628e-07, 5.65736456792e-07, 2.21332038564e-06, 1.76990840828e-06, 1.20619506561e-06, 9.47901867221e-07, 1.27272915051e-06, 2.41754696617e-06, 3.06205788547e-06, 1.62139451731e-06, 1.43561999266e-06, 2.08138408198e-06, 1.68571170889e-06, 2.28862063523e-06, 2.79488835986e-06, 4.64813183498e-06, 3.23863173435e-06, 2.86911881631e-06, 3.21395145875e-06, 2.8054903396e-06, 2.0432837573e-06, 2.36059463532e-06, 1.01465070657e-06, 8.27570715956e-07, 5.65794096019e-07, 1.76406942387e-07, 4.57225972639e-08, 2.86809109795e-09],
        "var": [0.0546274147928, 1.20190536976, 10.0532007217, 109.887115479, 339.257202148, 229.154067993, 159.77381897, 801.410705566, 242.981063843, 354.607543945, 225.917144775, 887.257751465, 347.40927124, 540.020874023, 795.927368164, 284.913543701, 718.295959473, 467.4737854, 460.860778809, 830.255004883, 601.403381348, 801.820617676, 608.437744141, 752.67578125, 644.839233398, 475.276733398, 294.847839355, 280.909484863, 184.553909302, 102.712753296, 25.5317726135, 5.8509759903, 2.47890877724, 1.13020634651, 0.0586896985769, 0.0053305150941, 0.00912825297564, 0.000531741708983, 5.77783112021e-07, 1.27639632197e-09]
    },
    "gfcc": {
        "mean": [4.34980392456, 104.131141663, -133.960479736, 52.6642227173, -56.6500778198, -2.07502555847, -32.7079772949, -0.205601617694, -24.8954277039, -3.5534620285, -17.9846687317, -4.14703226089, -11.0420436859],
        "cov": [[8524.44140625, -1912.67834473, -243.712051392, 687.233886719, -391.442382812, 587.466552734, -768.931945801, -97.1069717407, -273.394317627, -79.8093948364, -307.51574707, 116.362930298, -258.521972656], [-1912.67834473, 739.494506836, 17.8334999084, -142.477127075, 151.427947998, -211.06602478, 184.974212646, -2.20038437843, 90.1984786987, -3.87868285179, 92.7973556519, -66.1047439575, 77.7653656006], [-243.712051392, 17.8334999084, 224.469360352, 18.3743400574, 34.4699249268, 25.6855201721, -21.6217155457, 6.32101249695, 4.68060398102, -7.53680038452, -1.54575800896, 0.812895894051, -2.55796432495], [687.233886719, -142.477127075, 18.3743400574, 189.402587891, 3.61967206001, 73.8306503296, -57.4716148376, -19.0809326172, -10.9654350281, -21.2993125916, -28.4744815826, -4.51212310791, -30.4246749878], [-391.442382812, 151.427947998, 34.4699249268, 3.61967206001, 121.902359009, -10.4253559113, 54.9871520996, 8.16842460632, 16.1168270111, -1.87820518017, 10.4719400406, -18.300775528, 9.04326534271], [587.466552734, -211.06602478, 25.6855201721, 73.8306503296, -10.4253559113, 150.080368042, -22.1177120209, 7.39379739761, -17.5407428741, -4.38633155823, -31.1938648224, 13.8190908432, -32.519153595], [-768.931945801, 184.974212646, -21.6217155457, -57.4716148376, 54.9871520996, -22.1177120209, 185.891784668, 46.2800598145, 45.7347564697, 21.2445716858, 31.5033893585, -5.30976724625, 22.3068332672], [-97.1069717407, -2.20038437843, 6.32101249695, -19.0809326172, 8.16842460632, 7.39379739761, 46.2800598145, 72.6404647827, 30.6524066925, 11.7574539185, -7.92153024673, -15.4009408951, 3.92182254791], [-273.394317627, 90.1984786987, 4.68060398102, -10.9654350281, 16.1168270111, -17.5407428741, 45.7347564697, 30.6524066925, 69.1411132812, 19.6892375946, 6.74845600128, -22.3295307159, 5.82809638977], [-79.8093948364, -3.87868285179, -7.53680038452, -21.2993125916, -1.87820518017, -4.38633155823, 21.2445716858, 11.7574539185, 19.6892375946, 53.2552261353, 19.0395832062, 6.33108139038, -2.94402480125], [-307.51574707, 92.7973556519, -1.54575800896, -28.4744815826, 10.4719400406, -31.1938648224, 31.5033893585, -7.92153024673, 6.74845600128, 19.0395832062, 56.675945282, 21.6840400696, 15.2476053238], [116.362930298, -66.1047439575, 0.812895894051, -4.51212310791, -18.300775528, 13.8190908432, -5.30976724625, -15.4009408951, -22.3295307159, 6.33108139038, 21.6840400696, 69.9577407837, 13.1488361359], [-258.521972656, 77.7653656006, -2.55796432495, -30.4246749878, 9.04326534271, -32.519153595, 22.3068332672, 3.92182254791, 5.82809638977, -2.94402480125, 15.2476053238, 13.1488361359, 49.785823822]],
        "icov": [[0.00052463193424, 0.000318393431371, 0.000829418946523, -0.000944009399973, 0.000167907535797, -0.000651501992252, 0.00143034930807, -0.000673346628901, 0.00029141039704, -0.000176511879545, 0.000749044877011, -0.000739705981687, 0.000570160686038], [0.000318393431371, 0.0092383204028, -0.000674366310704, 0.00177817966323, -0.00546479644254, 0.0058522936888, -0.00363410427235, 0.0060052704066, -0.00611095968634, 0.00642065284774, -0.00873204413801, 0.00771405594423, -0.00402241852134], [0.000829418946523, -0.000674366310704, 0.00660989992321, -0.00149627868086, -0.00113402993884, -0.00295423716307, 0.00462715420872, -0.00298026343808, 5.39144712093e-05, 6.27021972832e-06, 0.00130004459061, -0.00289198919199, 0.00158306863159], [-0.000944009399973, 0.00177817966323, -0.00149627868086, 0.0103334058076, -0.00329269096255, -0.000730708474293, -0.00165753776673, 0.00467055197805, -0.00464702257887, 0.00462376140058, -0.00335719506256, 0.00325084873475, 4.11199325754e-05], [0.000167907535797, -0.00546479644254, -0.00113402993884, -0.00329269096255, 0.0148497419432, -0.00378854456358, -0.000824651797302, -0.00278305727988, 0.00476763024926, -0.00354179251008, 0.0042789420113, -0.00136331003159, 0.00103620707523], [-0.000651501992252, 0.0058522936888, -0.00295423716307, -0.000730708474293, -0.00378854456358, 0.0166593827307, -0.00629126187414, 0.00266627967358, -0.00245159165934, 0.00331375491805, -0.00168614007998, 0.00155978277326, 0.00164331344422], [0.00143034930807, -0.00363410427235, 0.00462715420872, -0.00165753776673, -0.000824651797302, -0.00629126187414, 0.0162308365107, -0.00957932788879, 0.000152260865434, -0.00289300084114, 0.00209580222145, -0.00668664462864, 0.00278658256866], [-0.000673346628901, 0.0060052704066, -0.00298026343808, 0.00467055197805, -0.00278305727988, 0.00266627967358, -0.00957932788879, 0.0270950458944, -0.0108438553289, 0.00183913100045, -0.00119413470384, 0.00906271487474, -0.00642045633867], [0.00029141039704, -0.00611095968634, 5.39144712093e-05, -0.00464702257887, 0.00476763024926, -0.00245159165934, 0.000152260865434, -0.0108438553289, 0.0293272174895, -0.012526948005, 0.00547364354134, 0.00154109694995, 0.00028277686215], [-0.000176511879545, 0.00642065284774, 6.27021972832e-06, 0.00462376140058, -0.00354179251008, 0.00331375491805, -0.00289300084114, 0.00183913100045, -0.012526948005, 0.0319380648434, -0.0159803628922, 0.00269260862842, 0.00337764760479], [0.000749044877011, -0.00873204413801, 0.00130004459061, -0.00335719506256, 0.0042789420113, -0.00168614007998, 0.00209580222145, -0.00119413470384, 0.00547364354134, -0.0159803628922, 0.0423907078803, -0.0189376678318, 0.00325369858183], [-0.000739705981687, 0.00771405594423, -0.00289198919199, 0.00325084873475, -0.00136331003159, 0.00155978277326, -0.00668664462864, 0.00906271487474, 0.00154109694995, 0.00269260862842, -0.0189376678318, 0.0324995554984, -0.0133084645495], [0.000570160686038, -0.00402241852134, 0.00158306863159, 4.11199325754e-05, 0.00103620707523, 0.00164331344422, 0.00278658256866, -0.00642045633867, 0.00028277686215, 0.00337764760479, 0.00325369858183, -0.0133084645495, 0.0322635695338]]
    },
    "melbands": {
        "dmean": [0.000499379006214, 0.000529761542566, 0.000604928354733, 0.000400501186959, 0.000174120228621, 0.000216671003727, 6.17982077529e-05, 7.22140903235e-05, 4.70578779641e-05, 6.72569003655e-05, 3.26557128574e-05, 2.52264089795e-05, 3.47787681676e-05, 1.84708624147e-05, 2.32879465329e-05, 2.17630640691e-05, 1.94860840566e-05, 1.84016989806e-05, 1.63494878507e-05, 2.30326550081e-05, 1.76037701749e-05, 1.59429619089e-05, 1.81632658496e-05, 1.00083398138e-05, 1.25623910208e-05, 1.09868706204e-05, 7.81688595453e-06, 7.05069669493e-06, 4.4742278078e-06, 4.43723911303e-06, 3.33165917255e-06, 2.61570107796e-06, 2.24794439418e-06, 1.50878963723e-06, 9.29448219722e-07, 5.74233581574e-07, 4.16876474674e-07, 2.60125631257e-07, 2.54645527775e-07, 1.4427709516e-07],
        "dmean2": [0.000835295184515, 0.00087252096273, 0.000925441854633, 0.000655387411825, 0.000275614729617, 0.00036442183773, 8.61654843902e-05, 0.000107133419078, 7.20427487977e-05, 9.74384674919e-05, 4.84422853333e-05, 3.65446067008e-05, 5.18884917255e-05, 2.84750203718e-05, 3.74851733795e-05, 3.53566028934e-05, 3.23302156175e-05, 3.00870342471e-05, 2.72202960332e-05, 3.89854722016e-05, 2.9529679523e-05, 2.71664430329e-05, 3.09789502353e-05, 1.68613423739e-05, 2.14785468415e-05, 1.81656723726e-05, 1.3134058463e-05, 1.17342269732e-05, 7.59758086133e-06, 7.59504564485e-06, 5.55871656616e-06, 4.26869110015e-06, 3.67585835193e-06, 2.49533991337e-06, 1.48163519498e-06, 8.87241242253e-07, 6.73452291267e-07, 4.02693217438e-07, 4.02528883114e-07, 2.25963134426e-07],
        "dvar": [3.8553939703e-06, 2.00919862436e-06, 1.08163055756e-06, 8.59922124619e-07, 5.91638062986e-08, 1.83607951953e-07, 1.01484127768e-08, 1.49075169986e-08, 6.80712775036e-09, 1.03913553318e-08, 2.91067081548e-09, 2.8251911921e-09, 4.24233004281e-09, 9.58127244211e-10, 1.33380007039e-09, 1.2535716909e-09, 1.12099129979e-09, 6.70130118063e-10, 5.11779674195e-10, 9.3675511792e-10, 5.35192112849e-10, 4.51532089496e-10, 6.38475494696e-10, 1.94886731752e-10, 2.66758753975e-10, 1.6995946317e-10, 1.20151208427e-10, 8.92047269385e-11, 5.63644964036e-11, 5.99575736282e-11, 3.40170669411e-11, 2.51352341718e-11, 3.11524417373e-11, 1.24001382079e-11, 3.97659336016e-12, 2.41015128861e-12, 1.36201759506e-12, 8.45674225092e-13, 1.14963919461e-12, 3.8205834438e-13],
        "dvar2": [9.69198026723e-06, 5.70202610106e-06, 2.56990779235e-06, 2.3642846827e-06, 1.64781269518e-07, 6.08516586453e-07, 2.31834000886e-08, 3.55702631794e-08, 1.61495812279e-08, 2.08669259649e-08, 6.60023724564e-09, 4.19041867872e-09, 8.27608293008e-09, 2.17604112507e-09, 3.159052131e-09, 3.14554005065e-09, 3.05143088575e-09, 1.77671777291e-09, 1.28952137857e-09, 2.56170018531e-09, 1.49515066994e-09, 1.23536247898e-09, 1.73281766713e-09, 5.33156740978e-10, 7.44004413633e-10, 4.66802319021e-10, 3.27374072295e-10, 2.42183773036e-10, 1.53568852079e-10, 1.6703860517e-10, 8.96270141437e-11, 6.32800478684e-11, 7.89898146891e-11, 3.31062260939e-11, 9.83974967478e-12, 5.55119795617e-12, 3.30662016865e-12, 1.84602745416e-12, 2.48398003555e-12, 8.24825993097e-13],
        "max": [0.0193517301232, 0.0187161248177, 0.0253265947104, 0.0206464994699, 0.00332562695257, 0.00593397580087, 0.00264122686349, 0.00222536106594, 0.00144782615826, 0.00176431110594, 0.00104858342092, 0.00230713398196, 0.00163848197553, 0.00048092418001, 0.00061836943496, 0.000604502507485, 0.000429181061918, 0.00037096143933, 0.000285228190478, 0.000325461587636, 0.000259763677604, 0.000286486960249, 0.000259662541794, 0.000240378343733, 0.000248911994277, 0.000159502204042, 0.000138310802868, 0.000116693059681, 8.9040659077e-05, 8.95708872122e-05, 7.31508698664e-05, 6.93892652635e-05, 0.000107976418803, 4.40835137852e-05, 3.42906168953e-05, 2.70971340797e-05, 1.74606047949e-05, 1.6774298274e-05, 1.9058752514e-05, 1.09310376502e-05],
        "mean": [0.000652843213174, 0.00110078451689, 0.00195781514049, 0.00122164748609, 0.000476787681691, 0.000516177213285, 0.000196958091692, 0.000167811682331, 0.000108164837002, 0.000153478147695, 7.27991355234e-05, 5.49475844309e-05, 6.82401732774e-05, 3.75402923964e-05, 4.65273878945e-05, 4.00978715334e-05, 3.66613312508e-05, 3.65206433344e-05, 2.93274097203e-05, 4.07631050621e-05, 3.56851996912e-05, 3.3738091588e-05, 3.64850129699e-05, 2.29464840231e-05, 2.90888365271e-05, 2.77162180282e-05, 1.95070624613e-05, 1.68689439306e-05, 1.0408621165e-05, 1.05124099719e-05, 8.21476078272e-06, 5.84376448387e-06, 4.87117813464e-06, 3.20422054756e-06, 1.9801595954e-06, 1.15145564905e-06, 7.46595048895e-07, 4.78526089864e-07, 4.39990031964e-07, 2.534857515e-07],
        "median": [0.000270734162768, 0.000677945965435, 0.00154858315364, 0.000962018617429, 0.000364907871699, 0.000334959157044, 0.000130372965941, 0.000105096085463, 6.80268567521e-05, 9.67887754086e-05, 4.62834868813e-05, 3.25927358062e-05, 3.51792587026e-05, 2.28430817515e-05, 3.17165504384e-05, 2.34475264733e-05, 2.25577805395e-05, 2.67639388767e-05, 2.11508704524e-05, 3.11817493639e-05, 3.01863619825e-05, 2.89922518277e-05, 2.91633077723e-05, 1.99332425836e-05, 2.55414779531e-05, 2.48176256719e-05, 1.63948116096e-05, 1.43440747706e-05, 7.50360231905e-06, 7.19350828149e-06, 5.35762455911e-06, 2.76329274129e-06, 2.22443463826e-06, 1.30648834329e-06, 9.27217001845e-07, 4.30562295151e-07, 3.42952859e-07, 1.80868156008e-07, 1.49275251715e-07, 8.90386147034e-08],
        "min": [6.66967092666e-10, 5.72934588661e-10, 1.91315491227e-10, 2.63641677933e-11, 1.63761764566e-11, 1.28040737735e-11, 1.39733988269e-11, 8.91170037071e-12, 9.85779340101e-12, 3.53205485693e-12, 2.26571452572e-12, 1.78874731867e-12, 6.53155784666e-12, 5.3755147035e-12, 3.66375940003e-12, 2.46384032968e-12, 1.5982998345e-12, 1.96320650708e-12, 2.21994471417e-12, 5.69023344069e-12, 2.65491404902e-12, 1.47847608722e-12, 1.66728577559e-12, 1.37177823354e-12, 1.7501248931e-12, 7.94081922613e-13, 1.88329126599e-12, 1.45740581062e-12, 1.80186237025e-12, 1.39891223605e-12, 3.19729854571e-12, 2.13871325164e-12, 1.11180075563e-12, 1.82541004881e-12, 1.72105645707e-12, 2.26603328116e-12, 1.5277130689e-12, 1.13938762938e-12, 2.19634900545e-12, 1.88912947785e-12],
        "var": [3.17357307722e-06, 2.24839641305e-06, 4.16749435317e-06, 1.53018493165e-06, 2.02316428499e-07, 3.47061529737e-07, 5.13066922281e-08, 4.11172607073e-08, 1.62392570502e-08, 3.12242498524e-08, 8.53502335474e-09, 1.01153405652e-08, 1.15013438773e-08, 2.30790808686e-09, 2.85894108387e-09, 2.5681765603e-09, 2.05307970624e-09, 1.30396538012e-09, 9.00730046105e-10, 1.53075818687e-09, 9.82432579733e-10, 8.64515903309e-10, 1.1370400177e-09, 3.86228493632e-10, 5.67921765171e-10, 4.6615128424e-10, 2.92408930402e-10, 2.02802274973e-10, 1.16069126532e-10, 1.29848354291e-10, 8.59784674012e-11, 6.10073311313e-11, 5.46509608401e-11, 2.68107064327e-11, 9.54939946562e-12, 4.48309835435e-12, 1.94227424942e-12, 1.25785666605e-12, 1.65308196819e-12, 5.27890502578e-13]
    },
    "mfcc": {
        "mean": [-627.622802734, 118.823539734, -12.5927095413, 47.35546875, -2.23042678833, 4.69443082809, -3.59791493416, 0.785254359245, -2.73638939857, -1.54078686237, -4.79407167435, -4.54581928253, -3.74922847748],
        "cov": [[8849.1015625, -1755.20495605, -440.038116455, -34.0597648621, 2.96126484871, 508.055633545, -280.564300537, 98.0389404297, -381.551574707, -130.458816528, 31.7139968872, -129.059616089, -211.911010742], [-1755.20495605, 618.215087891, 30.6969623566, 52.9636459351, 27.9993839264, -144.449752808, 44.2042236328, -42.4745597839, 69.4154205322, 43.1618843079, -7.64834451675, -1.10433161259, 37.42735672], [-440.038116455, 30.6969623566, 188.761932373, -8.08124256134, 31.0003662109, 9.82652759552, 6.16488313675, 10.1334505081, 8.05603122711, -1.25959968567, -4.37797832489, 14.5101242065, 23.9214744568], [-34.0597648621, 52.9636459351, -8.08124256134, 116.809013367, 28.2478713989, 9.87206554413, 1.68001723289, 3.14594197273, 2.18501091003, 8.72251987457, 7.04109573364, -0.550393760204, -6.37628173828], [2.96126484871, 27.9993839264, 31.0003662109, 28.2478713989, 96.5721969604, 29.3906040192, -0.613656759262, 7.53745794296, -8.83353424072, 1.49933433533, -3.29994869232, -10.1170291901, -3.81204009056], [508.055633545, -144.449752808, 9.82652759552, 9.87206554413, 29.3906040192, 117.979522705, 6.8062210083, 27.4892463684, -23.6097831726, -18.2440357208, 7.41201782227, 9.34268474579, -6.22675037384], [-280.564300537, 44.2042236328, 6.16488313675, 1.68001723289, -0.613656759262, 6.8062210083, 71.682975769, 26.2320747375, 27.2690410614, 7.03102874756, 3.05296111107, 13.6301212311, 6.67168283463], [98.0389404297, -42.4745597839, 10.1334505081, 3.14594197273, 7.53745794296, 27.4892463684, 26.2320747375, 67.2195663452, 23.8012199402, 5.7926030159, 4.48128032684, -3.37413835526, -1.14845979214], [-381.551574707, 69.4154205322, 8.05603122711, 2.18501091003, -8.83353424072, -23.6097831726, 27.2690410614, 23.8012199402, 88.8917770386, 46.2160758972, 12.4527015686, 7.96563005447, 16.2729091644], [-130.458816528, 43.1618843079, -1.25959968567, 8.72251987457, 1.49933433533, -18.2440357208, 7.03102874756, 5.7926030159, 46.2160758972, 87.7742156982, 25.1746692657, -19.6832084656, 2.45887064934], [31.7139968872, -7.64834451675, -4.37797832489, 7.04109573364, -3.29994869232, 7.41201782227, 3.05296111107, 4.48128032684, 12.4527015686, 25.1746692657, 48.1417045593, 16.8783397675, -2.63071489334], [-129.059616089, -1.10433161259, 14.5101242065, -0.550393760204, -10.1170291901, 9.34268474579, 13.6301212311, -3.37413835526, 7.96563005447, -19.6832084656, 16.8783397675, 90.1870040894, 23.6673812866], [-211.911010742, 37.42735672, 23.9214744568, -6.37628173828, -3.81204009056, -6.22675037384, 6.67168283463, -1.14845979214, 16.2729091644, 2.45887064934, -2.63071489334, 23.6673812866, 50.0667266846]],
