{
"lowlevel": {
    "average_loudness": 0.212994426489,
    "barkbands_crest": {
        "dmean": 2.40566563606,
        "dmean2": 3.91251134872,
        "dvar": 5.30985736847,
        "dvar2": 14.0027208328,
        "max": 26.8662261963,
        "mean": 12.1289024353,
        "median": 11.3632602692,
        "min": 2.74672603607,
        "var": 21.551607132
    },
    "barkbands_flatness_db": {
        "dmean": 0.0232424810529,
        "dmean2": 0.0333158709109,
        "dvar": 0.000495575135574,
        "dvar2": 0.00104105449282,
        "max": 0.531517207623,
        "mean": 0.244542509317,
        "median": 0.232563644648,
        "min": 0.036631975323,
        "var": 0.0131360255182
    },
    "barkbands_kurtosis": {
        "dmean": 6.55881881714,
        "dmean2": 10.0547924042,
        "dvar": 3770.34863281,
        "dvar2": 7715.34667969,
        "max": 2546.94067383,
        "mean": 14.9611730576,
        "median": 2.70829916,
        "min": -1.7399572134,
        "var": 16572.6132812
    },
    "barkbands_skewness": {
        "dmean": 0.561638355255,
        "dmean2": 0.849979221821,
        "dvar": 1.02295672894,
        "dvar2": 2.09335064888,
        "max": 10.822470665,
        "mean": 1.2714817524,
        "median": 1.30255353451,
        "min": -43.603351593,
        "var": 8.48516464233
    },
    "barkbands_spread": {
        "dmean": 2.53332781792,
        "dmean2": 3.97550725937,
        "dvar": 16.7806358337,
        "dvar2": 42.2413520813,
        "max": 81.24559021,
        "mean": 11.0953483582,
        "median": 8.4359998703,
        "min": 0.107174992561,
        "var": 113.891777039
    },
    "dissonance": {
        "dmean": 0.0309954863042,
        "dmean2": 0.0522002279758,
        "dvar": 0.000951168127358,
        "dvar2": 0.00249616592191,
        "max": 0.499999970198,
        "mean": 0.417212486267,
        "median": 0.43584394455,
        "min": 0.136977478862,
        "var": 0.00450198259205
    },
    "dynamic_complexity": 4.52230119705,
    "erbbands_crest": {
        "dmean": 2.5276954174,
        "dmean2": 3.89546918869,
        "dvar": 6.62726163864,
        "dvar2": 15.6538639069,
        "max": 31.159734726,
        "mean": 12.7180929184,
        "median": 11.5096607208,
        "min": 2.97044658661,
        "var": 32.3717727661
    },
    "erbbands_flatness_db": {
        "dmean": 0.021631386131,
        "dmean2": 0.0290621779859,
        "dvar": 0.000426896353019,
        "dvar2": 0.000801041314844,
        "max": 0.511038601398,
        "mean": 0.253654003143,
        "median": 0.256784111261,
        "min": 0.0536370836198,
        "var": 0.00975917093456
    },
    "erbbands_kurtosis": {
        "dmean": 1.90411567688,
        "dmean2": 2.82923388481,
        "dvar": 11.5645570755,
        "dvar2": 25.1127510071,
        "max": 79.0484771729,
        "mean": 3.94763588905,
        "median": 0.907447814941,
        "min": -1.85594499111,
        "var": 75.0533218384
    },
    "erbbands_skewness": {
        "dmean": 0.385880440474,
        "dmean2": 0.555979728699,
        "dvar": 0.158852562308,
        "dvar2": 0.344293832779,
        "max": 6.59593915939,
        "mean": 0.694333314896,
        "median": 0.411317706108,
        "min": -3.7369081974,
        "var": 1.64561629295
    },
    "erbbands_spread": {
        "dmean": 4.72335767746,
        "dmean2": 6.93830966949,
        "dvar": 39.9453773499,
        "dvar2": 86.9616851807,
        "max": 96.1988754272,
        "mean": 21.2213459015,
        "median": 16.1916236877,
        "min": 0.910212099552,
        "var": 285.266571045
    },
    "hfc": {
        "dmean": 3.85546731949,
        "dmean2": 5.85351324081,
        "dvar": 175.154449463,
        "dvar2": 443.267944336,
        "max": 265.221405029,
        "mean": 13.0836362839,
        "median": 3.94994449615,
        "min": 0.000112610105134,
        "var": 560.024108887
    },
    "melbands_crest": {
        "dmean": 2.78853392601,
        "dmean2": 4.50178050995,
        "dvar": 7.30930328369,
        "dvar2": 19.4984054565,
        "max": 32.3737564087,
        "mean": 14.6646356583,
        "median": 14.4011325836,
        "min": 3.05603456497,
        "var": 24.4634895325
    },
    "melbands_flatness_db": {
        "dmean": 0.0275899730623,
        "dmean2": 0.03937523067,
        "dvar": 0.000717113667633,
        "dvar2": 0.00151159137022,
        "max": 0.647452652454,
        "mean": 0.325689405203,
        "median": 0.307950943708,
        "min": 0.0146113755181,
        "var": 0.0186501387507
    },
    "melbands_kurtosis": {
        "dmean": 4.78182983398,
        "dmean2": 7.32768964767,
        "dvar": 66.8183135986,
        "dvar2": 167.92906189,
        "max": 155.212036133,
        "mean": 9.59091854095,
        "median": 5.0835981369,
        "min": -1.7982571125,
        "var": 168.607192993
    },
    "melbands_skewness": {
        "dmean": 0.59134221077,
        "dmean2": 0.881798803806,
        "dvar": 0.390262693167,
        "dvar2": 0.948822975159,
        "max": 8.95346832275,
        "mean": 1.87877762318,
        "median": 1.66702532768,
        "min": -2.03660035133,
        "var": 2.26938509941
    },
    "melbands_spread": {
        "dmean": 3.32453203201,
        "dmean2": 5.20477199554,
        "dvar": 27.80377388,
        "dvar2": 67.0183639526,
        "max": 163.42250061,
        "mean": 13.457783699,
        "median": 10.6127338409,
        "min": 0.460503041744,
        "var": 174.3487854
    },
    "pitch_salience": {
        "dmean": 0.0652440860868,
        "dmean2": 0.104301273823,
        "dvar": 0.0034976170864,
        "dvar2": 0.00937484297901,
        "max": 0.863610863686,
        "mean": 0.534273028374,
        "median": 0.526250064373,
        "min": 0.180977493525,
        "var": 0.012628682889
    },
    "silence_rate_20dB": {
        "dmean": 0,
        "dmean2": 0,
        "dvar": 0,
        "dvar2": 0,
        "max": 1,
        "mean": 1,
        "median": 1,
        "min": 1,
        "var": 0
    },
    "silence_rate_30dB": {
        "dmean": 0.0255417954177,
        "dmean2": 0.0511033684015,
        "dvar": 0.0248898044229,
        "dvar2": 0.053137358278,
        "max": 1,
        "mean": 0.960928440094,
        "median": 1,
        "min": 0,
        "var": 0.03754485026
    },
    "silence_rate_60dB": {
        "dmean": 0.025928793475,
        "dmean2": 0.0518776625395,
        "dvar": 0.0252556763589,
        "dvar2": 0.0546055100858,
        "max": 1,
        "mean": 0.0951644107699,
        "median": 0,
        "min": 0,
        "var": 0.0861140713096
    },
    "spectral_centroid": {
        "dmean": 114.154457092,
        "dmean2": 177.49772644,
        "dvar": 45439.1289062,
        "dvar2": 89598.390625,
        "max": 10990.7666016,
        "mean": 797.61328125,
        "median": 631.826965332,
        "min": 146.90625,
        "var": 406814.53125
    },
    "spectral_complexity": {
        "dmean": 2.1068110466,
        "dmean2": 3.32752609253,
        "dvar": 13.4700202942,
        "dvar2": 28.0390148163,
        "max": 61,
        "mean": 12.1187620163,
        "median": 9,
        "min": 0,
        "var": 101.835929871
    },
    "spectral_decrease": {
        "dmean": 1.8986689998e-09,
        "dmean2": 3.00917113449e-09,
        "dvar": 2.32009404919e-17,
        "dvar2": 5.94201685782e-17,
        "max": 4.0598831263e-15,
        "mean": -5.56270407515e-09,
        "median": -2.79135026204e-09,
        "min": -8.08651350326e-08,
        "var": 6.44674592398e-17
    },
    "spectral_energy": {
        "dmean": 0.00742527702823,
        "dmean2": 0.0117435008287,
        "dvar": 0.000360947102308,
        "dvar2": 0.000921862549148,
        "max": 0.320272386074,
        "mean": 0.0221816375852,
        "median": 0.0110381608829,
        "min": 5.57006529789e-09,
        "var": 0.00103091215715
    },
    "spectral_energyband_high": {
        "dmean": 0.000236486986978,
        "dmean2": 0.000364034494851,
        "dvar": 8.01774831416e-07,
        "dvar2": 1.95167740458e-06,
        "max": 0.0155447870493,
        "mean": 0.000553313700948,
        "median": 3.94417111238e-06,
        "min": 2.23503415775e-09,
        "var": 2.50497578236e-06
    },
    "spectral_energyband_low": {
        "dmean": 0.00449663260952,
        "dmean2": 0.00712546892464,
        "dvar": 0.000157493821462,
        "dvar2": 0.000401164550567,
        "max": 0.203795030713,
        "mean": 0.00998917222023,
        "median": 0.0012768645538,
        "min": 5.58516720286e-14,
        "var": 0.000402498146286
    },
    "spectral_energyband_middle_high": {
        "dmean": 0.0013340797741,
        "dmean2": 0.0020033060573,
        "dvar": 1.8306020138e-05,
        "dvar2": 4.49644212495e-05,
        "max": 0.100165173411,
        "mean": 0.00366817554459,
        "median": 0.000956400821451,
        "min": 1.67048601514e-12,
        "var": 5.25754803675e-05
    },
    "spectral_energyband_middle_low": {
        "dmean": 0.00408600224182,
        "dmean2": 0.00657996954396,
        "dvar": 0.000148049235577,
        "dvar2": 0.000390513188904,
        "max": 0.194774895906,
        "mean": 0.00940004270524,
        "median": 0.00551612768322,
        "min": 1.04941473263e-13,
        "var": 0.000196041015442
    },
    "spectral_entropy": {
        "dmean": 0.195713922381,
        "dmean2": 0.277542740107,
        "dvar": 0.0401886031032,
        "dvar2": 0.080063059926,
        "max": 9.80781555176,
        "mean": 6.6404094696,
        "median": 6.62391901016,
        "min": 3.93343901634,
        "var": 0.923354268074
    },
    "spectral_flux": {
        "dmean": 0.0180163756013,
        "dmean2": 0.0284556280822,
        "dvar": 0.00084447232075,
        "dvar2": 0.00195406703278,
        "max": 0.421825051308,
        "mean": 0.0555389337242,
        "median": 0.0341907478869,
        "min": 6.86247803969e-05,
        "var": 0.00331455096602
    },
    "spectral_kurtosis": {
        "dmean": 11.3862276077,
        "dmean2": 18.464887619,
        "dvar": 288.749572754,
        "dvar2": 732.919189453,
        "max": 278.257507324,
        "mean": 27.3431549072,
        "median": 13.5263538361,
        "min": -1.13684332371,
        "var": 1421.37805176
    },
    "spectral_rms": {
        "dmean": 0.000582793029025,
        "dmean2": 0.000892939511687,
        "dvar": 9.50828564328e-07,
        "dvar2": 2.36120149566e-06,
        "max": 0.0176765620708,
        "mean": 0.00392731884494,
        "median": 0.00328160589561,
        "min": 2.33113928516e-06,
        "var": 6.21674143986e-06
    },
    "spectral_rolloff": {
        "dmean": 203.73147583,
        "dmean2": 352.342681885,
        "dvar": 313758.375,
        "dvar2": 703938,
        "max": 21813.1347656,
        "mean": 1014.91809082,
        "median": 710.595703125,
        "min": 86.1328125,
        "var": 2785119.25
    },
    "spectral_skewness": {
        "dmean": 0.722883522511,
        "dmean2": 1.16073322296,
        "dvar": 0.73358052969,
        "dvar2": 1.83889019489,
        "max": 13.7720069885,
        "mean": 3.30844187737,
        "median": 2.72184276581,
        "min": 0.00351269869134,
        "var": 4.61913013458
    },
    "spectral_spread": {
        "dmean": 510480.53125,
        "dmean2": 714704.1875,
        "dvar": 432746430464,
        "dvar2": 715326423040,
        "max": 39000224,
        "mean": 3014276.75,
        "median": 2209038,
        "min": 332494.78125,
        "var": 6.9444394025e+12
    },
    "spectral_strongpeak": {
        "dmean": 0.383224308491,
        "dmean2": 0.653988718987,
        "dvar": 0.604286432266,
        "dvar2": 1.48469614983,
        "max": 9.17554187775,
        "mean": 0.82528680563,
        "median": 0.461764007807,
        "min": 0,
        "var": 1.03454315662
    },
    "zerocrossingrate": {
        "dmean": 0.00557630788535,
        "dmean2": 0.00657147541642,
        "dvar": 0.000178339905688,
        "dvar2": 0.000166458368767,
        "max": 0.88916015625,
        "mean": 0.0418435297906,
        "median": 0.03125,
        "min": 0.0029296875,
        "var": 0.0039726421237
    },
    "barkbands": {
        "dmean": [0.000204318421311, 0.00281141139567, 0.00230177375488, 0.00156060641166, 0.0020578445401, 0.000701272219885, 0.000490147271194, 0.000451361003798, 0.000305285997456, 0.000348468893208, 0.000195458327653, 0.00057895219652, 0.000326225854224, 0.000127383798826, 0.000146572609083, 7.2657749115e-05, 0.00010492765432, 7.4480616604e-05, 6.0983828007e-05, 8.20751520223e-05, 7.39408569643e-05, 6.74459952279e-05, 4.85133496113e-05, 2.47817552008e-05, 1.49627885548e-05, 1.56668120326e-05, 3.25826727021e-06],
        "dmean2": [0.000307940004859, 0.00462294695899, 0.00375932548195, 0.00267607741989, 0.00320437550545, 0.00115563208237, 0.000750516424887, 0.000657851400319, 0.000441459094873, 0.000522596645169, 0.000272003177088, 0.000850342039485, 0.000523178547155, 0.000197903762455, 0.000221276699449, 0.000114293383376, 0.000168728700373, 0.000122766534332, 0.000103905826109, 0.000142524921102, 0.000126027720398, 0.000105279257696, 7.60957409511e-05, 3.82144135074e-05, 2.14731117012e-05, 1.96962173504e-05, 4.15978684032e-06],
        "dvar": [8.22581228022e-07, 8.16407118691e-05, 4.54258552054e-05, 2.67256309598e-05, 6.85170671204e-05, 1.65045173617e-06, 1.36606377055e-06, 1.23991299006e-06, 4.98497854551e-07, 1.79145251877e-06, 1.37899633046e-06, 3.09605820803e-06, 1.82733504062e-06, 3.87333329854e-07, 1.58046901788e-07, 7.35336413982e-08, 1.57356581099e-07, 1.68709576087e-07, 8.4606668338e-08, 1.61912964813e-07, 1.04654965583e-07, 5.90905528952e-08, 2.96094846419e-08, 6.47062980974e-09, 2.9185043271e-09, 6.98274416067e-09, 3.24050480893e-10],
        "dvar2": [1.71653960024e-06, 0.00022001103207, 0.000116103641631, 7.63669449952e-05, 0.000164333541761, 4.79116806673e-06, 3.6943251871e-06, 2.92048298434e-06, 1.10386770302e-06, 3.86344527215e-06, 1.86288605164e-06, 6.57455348119e-06, 4.11083419749e-06, 9.43217514759e-07, 3.20303144008e-07, 1.83876281312e-07, 4.21175485599e-07, 4.67753238809e-07, 2.29686207831e-07, 4.58881515897e-07, 2.89145873467e-07, 1.42329184882e-07, 6.98324384985e-08, 1.43973046818e-08, 5.25068877266e-09, 8.85161277608e-09, 5.33522448443e-10],
        "max": [0.0142632424831, 0.12404678762, 0.107034705579, 0.0686545819044, 0.135637119412, 0.0171633306891, 0.0273955464363, 0.0218201391399, 0.0149146281183, 0.0607362724841, 0.064919732511, 0.0297460667789, 0.0201935917139, 0.0170891880989, 0.0081029990688, 0.00682073412463, 0.00843298342079, 0.0101261772215, 0.0060532623902, 0.00838346220553, 0.00474166497588, 0.00426787463948, 0.00359324784949, 0.00157175969798, 0.00124716688879, 0.00223539583385, 0.000566959497519],
        "mean": [0.000252017518505, 0.00493329251185, 0.00349667109549, 0.00200744764879, 0.00320726307109, 0.00134404131677, 0.000980128999799, 0.00091679074103, 0.000712237728294, 0.000649552966934, 0.000337155186571, 0.00115020642988, 0.000519518041983, 0.000225638897973, 0.00033023886499, 0.000118346586532, 0.000188704812899, 0.000120155978948, 8.5657236923e-05, 0.000121484852571, 0.000105935010652, 0.000128165716887, 9.45219653659e-05, 6.306211435e-05, 4.2842260882e-05, 4.29239553341e-05, 7.57065390644e-06],
        "median": [1.31444448925e-06, 0.000152909269673, 0.000271668512141, 0.000256250088569, 0.00134699535556, 0.000579085899517, 0.000460517738247, 0.000260487897322, 0.000188271442312, 7.82405695645e-05, 5.02997863805e-05, 6.23102314421e-05, 3.2068015571e-05, 2.87271959678e-05, 6.61440717522e-05, 9.13701842364e-06, 9.85737369774e-06, 5.47130684936e-06, 2.40321242018e-06, 1.94663016373e-06, 1.01645980521e-06, 8.80855282048e-07, 4.44369845809e-07, 1.92125369836e-07, 1.0100658443e-07, 3.64530237107e-08, 2.11649116011e-08],
        "min": [1.25179624695e-13, 4.63019496249e-16, 3.75982652223e-16, 3.17117700507e-16, 4.98515565986e-15, 1.12156174647e-14, 1.39343645265e-14, 8.18461763614e-15, 2.34652724226e-14, 2.34843103351e-14, 4.18894316478e-14, 5.15987805868e-14, 1.28939190596e-13, 1.19988451141e-13, 1.20477751582e-13, 8.88978289853e-14, 1.44941323483e-13, 2.32416977374e-13, 2.6234388468e-13, 2.14192717924e-13, 4.68990189566e-13, 4.55485421515e-13, 9.77871321244e-13, 2.8259827204e-12, 3.46528426613e-12, 1.15489597052e-11, 2.75420730667e-09],
        "var": [1.20096979117e-06, 0.000112271227408, 8.5153937107e-05, 3.22666128341e-05, 7.28120212443e-05, 4.14442229157e-06, 2.18846753341e-06, 2.9820726013e-06, 2.16722696678e-06, 5.29714907316e-06, 3.48648950421e-06, 7.10043559593e-06, 3.54771964339e-06, 5.51524692582e-07, 5.53978964035e-07, 1.61002972732e-07, 2.71873261681e-07, 1.71835239371e-07, 9.50080192297e-08, 2.11938726125e-07, 1.36489049396e-07, 1.49738070832e-07, 7.8259581926e-08, 3.26755120739e-08, 1.71888139278e-08, 3.31383880336e-08, 1.15325138328e-09]
    },
    "erbbands": {
        "dmean": [0.0741553008556, 0.688889682293, 2.16897273064, 4.28627204895, 6.46104717255, 6.8823633194, 5.03225517273, 6.27673435211, 5.93762111664, 6.51575183868, 11.4053602219, 7.92055606842, 8.38007926941, 11.5275764465, 6.94578933716, 29.1859226227, 14.0975065231, 7.44161653519, 7.7722992897, 4.60676527023, 4.37256765366, 5.21381950378, 4.1333656311, 3.08599424362, 3.35591292381, 3.68044066429, 3.1698513031, 3.07405138016, 2.72191286087, 1.87303650379, 1.26931416988, 0.559109032154, 0.41139537096, 0.203202620149, 0.110672749579, 0.0676372721791, 0.0320575982332, 0.00601014355198, 0.000483362819068, 2.53811031143e-05],
        "dmean2": [0.124719567597, 1.11716783047, 3.54041600227, 7.20355653763, 10.5778102875, 10.8711576462, 7.96006965637, 10.1547698975, 8.98648166656, 10.3313102722, 16.3681087494, 11.2230653763, 12.7065839767, 17.6349639893, 10.6837491989, 42.3752555847, 22.0966587067, 11.7062883377, 11.6787290573, 7.19385385513, 6.69818067551, 8.43716335297, 6.76608467102, 5.20543956757, 5.73461389542, 6.41719532013, 5.46774578094, 5.1552066803, 4.41673755646, 2.83686518669, 1.95536077023, 0.87688934803, 0.626461267471, 0.298761129379, 0.151640191674, 0.0887285843492, 0.0426557660103, 0.00753369089216, 0.000600775063504, 3.2059768273e-05],
        "dvar": [0.0706476047635, 4.38752985001, 39.1155471802, 174.194442749, 717.413696289, 594.459350586, 130.880004883, 162.969589233, 146.826431274, 515.505981445, 746.968078613, 323.283721924, 628.321228027, 4230.42578125, 799.208740234, 7151.76220703, 2524.35644531, 1484.96813965, 440.533996582, 288.593322754, 266.969421387, 430.007507324, 492.165344238, 255.753112793, 272.563873291, 353.764038086, 195.85874939, 179.209213257, 105.281723022, 42.0643959045, 20.6023006439, 3.1425280571, 1.81432080269, 0.468408823013, 0.187620043755, 0.111756660044, 0.0290183834732, 0.00106305617373, 7.02447596268e-06, 1.1908181996e-08],
        "dvar2": [0.187682271004, 11.8630561829, 100.795257568, 483.844451904, 1766.40844727, 1536.33532715, 357.497955322, 480.427398682, 383.948974609, 1355.23950195, 1724.35302734, 687.566772461, 1503.39465332, 8904.63378906, 1777.30773926, 14638.0195312, 5827.95996094, 3777.75415039, 910.65612793, 682.819274902, 661.117675781, 1151.11706543, 1359.04223633, 696.729492188, 750.972106934, 1029.39538574, 537.765869141, 488.647705078, 268.021850586, 95.1373672485, 46.6877784729, 7.29704761505, 3.92224788666, 0.956270575523, 0.31786558032, 0.152968659997, 0.0422349907458, 0.00150759494863, 1.03934025901e-05, 1.71520060377e-08],
        "max": [3.72512245178, 31.2470264435, 95.9701156616, 171.337738037, 459.052032471, 424.646392822, 182.660842896, 172.132827759, 215.569076538, 668.565490723, 476.439788818, 437.382995605, 629.511535645, 3292.57250977, 1107.25512695, 1464.16210938, 853.825805664, 1018.79949951, 477.927093506, 399.35824585, 422.209625244, 436.489746094, 520.393859863, 433.625579834, 292.515289307, 442.849304199, 260.780578613, 248.463531494, 172.059310913, 107.500534058, 106.738357544, 29.8846282959, 25.8668823242, 16.1781387329, 11.0621919632, 9.42963218689, 4.17431688309, 0.98871076107, 0.0775996595621, 0.00304879597388],
        "mean": [0.116095915437, 1.22354364395, 3.65965795517, 6.47076272964, 7.9621591568, 11.6291713715, 9.41006183624, 12.132850647, 13.2272920609, 12.3824110031, 24.2082576752, 19.5300445557, 17.0550117493, 21.7352371216, 14.4219932556, 59.0397262573, 25.4723758698, 14.385676384, 18.0678043365, 9.00557518005, 8.23784255981, 9.65425109863, 6.70148229599, 4.92783308029, 5.07434082031, 5.22806787491, 4.68535804749, 4.52655553818, 4.81954813004, 3.56570649147, 2.52522373199, 1.37102079391, 0.995453715324, 0.548024833202, 0.302180051804, 0.178544223309, 0.0816110521555, 0.0148829715326, 0.00123455061112, 7.60514158173e-05],
        "median": [0.00301878387108, 0.0408232584596, 0.331599056721, 0.871409773827, 2.21003746986, 5.00682640076, 4.77167510986, 4.609811306, 6.83576393127, 5.90867137909, 6.2756524086, 6.04159450531, 3.8015434742, 2.526501894, 3.89003372192, 3.52071642876, 4.12829828262, 3.32131433487, 5.49017715454, 1.67655479908, 0.628396451473, 0.530385136604, 0.372165411711, 0.182118013501, 0.118526227772, 0.0942372977734, 0.0557335279882, 0.036252502352, 0.0327835790813, 0.020277839154, 0.011738345027, 0.00538119487464, 0.00255951378495, 0.00135929323733, 0.000590512237977, 0.000222116272198, 5.70744778088e-05, 9.83732934401e-06, 9.21661285247e-06, 1.3604491869e-05],
        "min": [4.82679597246e-13, 1.30341741632e-13, 3.73014336433e-13, 2.22259190219e-12, 3.70342602071e-12, 1.56778721949e-11, 4.35170163793e-11, 1.16528092731e-10, 1.74279937704e-10, 1.73923375701e-10, 3.66657426643e-10, 5.84134240977e-10, 5.40395506121e-10, 1.0436332909e-09, 2.74633005226e-09, 3.06895930891e-09, 6.21907458864e-09, 7.06033276288e-09, 6.77736178289e-09, 3.58523721822e-09, 7.8583601848e-09, 6.4559673163e-09, 1.0427959829e-08, 1.4608692922e-08, 1.32905908501e-08, 9.38084188107e-09, 9.75644098844e-09, 2.31865264766e-08, 1.37199185346e-08, 2.04867607323e-08, 2.61420982639e-08, 3.00186826507e-08, 6.79469067677e-08, 4.44844658887e-08, 2.00486383051e-08, 1.0529237926e-08, 2.13835829044e-08, 1.05771619019e-07, 1.82127891435e-07, 6.99800324355e-08],
        "var": [0.0837692916393, 6.43433046341, 78.8524856567, 283.522155762, 717.495605469, 627.941650391, 214.650604248, 429.62600708, 329.974639893, 559.626647949, 2015.09289551, 1623.25012207, 1406.54968262, 13768.2568359, 1742.94482422, 17406.5976562, 5146.18115234, 1846.97949219, 1431.92199707, 633.820861816, 607.907592773, 737.306030273, 509.144134521, 280.315826416, 333.030792236, 381.501861572, 301.07901001, 240.970413208, 224.586212158, 112.630775452, 56.4878387451, 14.3898153305, 8.53539848328, 2.61847162247, 0.997461140156, 0.526511192322, 0.124017037451, 0.00436665862799, 2.88823121082e-05, 5.57126647038e-08]
    },
    "gfcc": {
        "mean": [-121.773582458, 150.700912476, -112.33972168, 3.22312927246, -47.1701011658, -4.12035417557, -31.2831535339, -10.3871898651, -13.5775699615, -5.25638961792, -11.0794219971, -6.96304321289, -8.82590293884],
        "cov": [[21392.4902344, -3830.62646484, 379.873535156, 1723.01940918, -1119.2557373, 2624.82226562, -603.866638184, 899.609436035, -1358.75671387, 458.550018311, -919.815612793, 335.514282227, -1027.12854004], [-3830.62646484, 5081.83984375, 908.906860352, -713.479125977, 523.746826172, -1304.96801758, 21.8442993164, -495.85043335, 193.937240601, -366.610778809, 215.576599121, -221.532241821, 447.307434082], [379.873535156, 908.906860352, 1991.04602051, 638.195129395, 411.110534668, -27.5778160095, 37.7489433289, 96.7991485596, -129.207855225, -23.0105857849, 6.25942087173, 91.1616439819, 62.1976509094], [1723.01940918, -713.479125977, 638.195129395, 938.606811523, 157.889663696, 397.032989502, 46.7044410706, 137.932357788, -51.1717796326, 90.9265213013, -39.5565757751, 89.3678359985, -43.458480835], [-1119.2557373, 523.746826172, 411.110534668, 157.889663696, 549.523925781, -15.999253273, 124.659820557, 34.3525772095, 80.2578048706, -7.18746423721, 80.6061935425, 8.58260631561, 89.8225708008], [2624.82226562, -1304.96801758, -27.5778160095, 397.032989502, -15.999253273, 869.130432129, 50.139503479, 231.110855103, -162.359100342, 151.045181274, -57.3445129395, 93.6036148071, -168.991271973], [-603.866638184, 21.8442993164, 37.7489433289, 46.7044410706, 124.659820557, 50.139503479, 250.79750061, 101.211677551, 112.267883301, -3.36180663109, 43.8943786621, -2.03612756729, 20.5549716949], [899.609436035, -495.85043335, 96.7991485596, 137.932357788, 34.3525772095, 231.110855103, 101.211677551, 267.374633789, 26.7172527313, 57.6561660767, -38.5113563538, 35.0303535461, -55.6753387451], [-1358.75671387, 193.937240601, -129.207855225, -51.1717796326, 80.2578048706, -162.359100342, 112.267883301, 26.7172527313, 261.679870605, 19.7978992462, 60.8051300049, -43.5475387573, 80.9237442017], [458.550018311, -366.610778809, -23.0105857849, 90.9265213013, -7.18746423721, 151.045181274, -3.36180663109, 57.6561660767, 19.7978992462, 128.195144653, 23.4161949158, 25.2751102448, -33.6011543274], [-919.815612793, 215.576599121, 6.25942087173, -39.5565757751, 80.6061935425, -57.3445129395, 43.8943786621, -38.5113563538, 60.8051300049, 23.4161949158, 161.570648193, 38.8767280579, 50.8256149292], [335.514282227, -221.532241821, 91.1616439819, 89.3678359985, 8.58260631561, 93.6036148071, -2.03612756729, 35.0303535461, -43.5475387573, 25.2751102448, 38.8767280579, 101.894882202, 7.90560817719], [-1027.12854004, 447.307434082, 62.1976509094, -43.458480835, 89.8225708008, -168.991271973, 20.5549716949, -55.6753387451, 80.9237442017, -33.6011543274, 50.8256149292, 7.90560817719, 153.535552979]],
        "icov": [[0.000366120279068, -0.000477820809465, 0.000348868285073, -0.000663975079078, 0.000551432021894, -0.000456090201624, 0.000419281423092, -0.00100226607174, 0.000935781630687, -0.00098519702442, 0.0014951727353, -0.00126244022977, 0.00112913060002], [-0.000477820809465, 0.00127788051032, -0.00085673230933, 0.00127354788128, -0.00096827337984, 0.000850584066939, -0.000580096559133, 0.00166598206852, -0.00100359332282, 0.00190605327953, -0.00261463481002, 0.00299673643894, -0.00237016147003], [0.000348868285073, -0.00085673230933, 0.00155048805755, -0.00159058184363, 0.000143995770486, 0.000103404338006, 0.000318308215356, -0.00185145565774, 0.00197244272567, -0.00144887447823, 0.00166907534003, -0.00200002803467, 0.00126087921672], [-0.000663975079078, 0.00127354788128, -0.00159058184363, 0.00352740497328, -0.00132711278275, -4.03275007557e-05, -0.000773259147536, 0.00273276213557, -0.00270818988793, 0.0017747139791, -0.00199763430282, 0.00182128639426, -0.00229963497259], [0.000551432021894, -0.00096827337984, 0.000143995770486, -0.00132711278275, 0.00377567764372, -0.00114990398288, -9.64470236795e-05, -0.00179812649731, 0.00113111629616, -0.00137341418304, 0.00125375739299, -0.00124088139273, 0.000714412657544], [-0.000456090201624, 0.000850584066939, 0.000103404338006, -4.03275007557e-05, -0.00114990398288, 0.00396450096741, -0.0016728482442, -0.000155727975653, 0.00165357557125, -0.00105503050145, -0.00189126643818, 0.00153143785428, -0.000933968403842], [0.000419281423092, -0.000580096559133, 0.000318308215356, -0.000773259147536, -9.64470236795e-05, -0.0016728482442, 0.00792320072651, -0.00361341540702, -0.00218023452908, 0.00231200433336, -0.000516981526744, -0.000755006039981, 0.00185641192365], [-0.00100226607174, 0.00166598206852, -0.00185145565774, 0.00273276213557, -0.00179812649731, -0.000155727975653, -0.00361341540702, 0.0110418181866, -0.00556398602203, 0.00172950641718, -0.000541568559129, 9.95239024633e-05, -0.00118153321091], [0.000935781630687, -0.00100359332282, 0.00197244272567, -0.00270818988793, 0.00113111629616, 0.00165357557125, -0.00218023452908, -0.00556398602203, 0.0133488280699, -0.00669520301744, 0.00113317871001, 0.0026880344376, -0.00196347478777], [-0.00098519702442, 0.00190605327953, -0.00144887447823, 0.0017747139791, -0.00137341418304, -0.00105503050145, 0.00231200433336, 0.00172950641718, -0.00669520301744, 0.0171080511063, -0.00798926874995, 0.00371353351511, -0.00136827968527], [0.0014951727353, -0.00261463481002, 0.00166907534003, -0.00199763430282, 0.00125375739299, -0.00189126643818, -0.000516981526744, -0.000541568559129, 0.00113317871001, -0.00798926874995, 0.0185809321702, -0.013602216728, 0.0056397463195], [-0.00126244022977, 0.00299673643894, -0.00200002803467, 0.00182128639426, -0.00124088139273, 0.00153143785428, -0.000755006039981, 9.95239024633e-05, 0.0026880344376, 0.00371353351511, -0.013602216728, 0.0255757123232, -0.0107198748738], [0.00112913060002, -0.00237016147003, 0.00126087921672, -0.00229963497259, 0.000714412657544, -0.000933968403842, 0.00185641192365, -0.00118153321091, -0.00196347478777, -0.00136827968527, 0.0056397463195, -0.0107198748738, 0.0171078722924]]
    },
    "melbands": {
        "dmean": [0.000708966457751, 0.000973433372565, 0.000753529137, 0.000522955262568, 0.000183949567145, 0.00013360408775, 9.62046906352e-05, 6.7563043558e-05, 9.07937428565e-05, 4.8340192734e-05, 4.15507565776e-05, 4.78058645967e-05, 2.27108612307e-05, 5.15797000844e-05, 7.28764789528e-05, 2.02127339435e-05, 1.41736018122e-05, 1.19232799989e-05, 8.82670701685e-06, 5.10007157573e-06, 5.76566435484e-06, 6.19760157861e-06, 4.23178653364e-06, 4.10180700783e-06, 2.44630678026e-06, 2.35863558373e-06, 2.74248145615e-06, 2.57062879427e-06, 2.28088129006e-06, 1.69837323938e-06, 1.90626235508e-06, 1.75199238583e-06, 1.20411459648e-06, 1.09261247871e-06, 9.0305508138e-07, 4.77897572182e-07, 3.36372750098e-07, 2.9844176197e-07, 2.73711918908e-07, 1.76208729386e-07],
        "dmean2": [0.00118861580268, 0.00154853495769, 0.00126824469771, 0.000827038893476, 0.000292711280053, 0.000217397449887, 0.000145508500282, 0.000106626801426, 0.000131066262838, 6.83774924255e-05, 6.32019946352e-05, 7.36111978767e-05, 3.51843445969e-05, 7.65748482081e-05, 0.00010794444097, 3.34268261213e-05, 2.17412143684e-05, 1.81128325494e-05, 1.35746431624e-05, 8.04728824733e-06, 8.97603422345e-06, 9.94577931124e-06, 7.05197908246e-06, 6.72233591104e-06, 4.16953844251e-06, 4.02906061936e-06, 4.67924746772e-06, 4.51546884506e-06, 3.96449649998e-06, 2.85262490252e-06, 3.19555169881e-06, 2.89111540042e-06, 1.87364037174e-06, 1.70363000507e-06, 1.4009831375e-06, 7.6030960372e-07, 5.32990725333e-07, 4.65033281216e-07, 4.16534959413e-07, 2.70217782372e-07],
        "dvar": [5.9534841057e-06, 7.50085382606e-06, 5.35295112059e-06, 4.50895049653e-06, 2.13524259607e-07, 6.79640663748e-08, 4.05172997375e-08, 5.41883302674e-08, 4.59536266817e-08, 1.25914416671e-08, 1.60023834184e-08, 6.79187692754e-08, 1.36597488876e-08, 2.42788651406e-08, 5.80243693094e-08, 7.14278991509e-09, 5.36522470895e-09, 1.00723340779e-09, 7.6292683282e-10, 3.5408903587e-10, 5.01678976139e-10, 5.78773806659e-10, 3.23716109474e-10, 5.43408984477e-10, 1.42481693111e-10, 1.35700339854e-10, 1.89218918312e-10, 1.60325377974e-10, 1.1377122161e-10, 5.05649654092e-11, 6.9699732097e-11, 4.44515674269e-11, 1.9496805212e-11, 1.54492304366e-11, 1.08509876431e-11, 2.29693152519e-12, 1.26380188866e-12, 9.86952815481e-13, 9.81419589693e-13, 3.72415558678e-13],
        "dvar2": [1.57681024575e-05, 1.91778181033e-05, 1.52298343892e-05, 1.08671993075e-05, 5.93085019318e-07, 1.99757565156e-07, 1.07197138277e-07, 1.42254606317e-07, 1.057279988e-07, 2.6826771915e-08, 3.78832929471e-08, 1.46774141285e-07, 2.46592204434e-08, 5.61863870985e-08, 1.28599452864e-07, 1.9691061226e-08, 1.33141773162e-08, 2.14607864812e-09, 1.68399882927e-09, 8.56608339816e-10, 1.27146115858e-09, 1.55850399253e-09, 8.55193582616e-10, 1.51726597952e-09, 3.88004683938e-10, 3.69678870848e-10, 5.23023069299e-10, 4.69051797403e-10, 3.12564696348e-10, 1.38046088449e-10, 1.8763096632e-10, 1.16267516448e-10, 4.64119472021e-11, 3.69948273404e-11, 2.46697020451e-11, 5.59854593241e-12, 3.18928672534e-12, 2.22361040171e-12, 2.2542761928e-12, 8.39423149046e-13],
        "max": [0.0320522114635, 0.047768458724, 0.0271215494722, 0.0348783321679, 0.00737826200202, 0.00338005949743, 0.00391479348764, 0.00703930715099, 0.00374346785247, 0.00284177926369, 0.00348870409653, 0.01337651629, 0.00537233008072, 0.00239605573006, 0.00328350951895, 0.00155004404951, 0.00195953506045, 0.000682480458636, 0.000868266623002, 0.000396521558287, 0.000549266871531, 0.00053188810125, 0.000289610208711, 0.000575964979362, 0.000316767109325, 0.000268720788881, 0.000249224016443, 0.000297324702842, 0.000281663204078, 0.000115419155918, 0.000171379928361, 0.000114634967758, 9.34398849495e-05, 7.51500483602e-05, 8.19429697003e-05, 2.32139755099e-05, 2.10291345866e-05, 1.93067771761e-05, 2.63455149252e-05, 1.35950076583e-05],
        "mean": [0.00126225035638, 0.00186829501763, 0.00111332791857, 0.00075743556954, 0.000367722968804, 0.000258376298007, 0.000209888079553, 0.000132276836666, 0.000192637671717, 0.00011546175665, 8.13375445432e-05, 8.73820390552e-05, 4.19044736191e-05, 0.000110062268504, 0.000127960272948, 3.43333522324e-05, 2.5535477107e-05, 2.68079274974e-05, 1.8973090846e-05, 8.62377510202e-06, 1.0143223335e-05, 1.12626657938e-05, 5.73036959395e-06, 6.79782624502e-06, 3.5440712054e-06, 3.30398984261e-06, 3.90680634155e-06, 3.44500517713e-06, 3.18560023516e-06, 2.36706796386e-06, 2.72641455012e-06, 2.91918627227e-06, 2.12678992284e-06, 1.96092537408e-06, 1.63811569109e-06, 9.84279722616e-07, 7.62106196817e-07, 6.97063796906e-07, 6.0501383814e-07, 4.22854185445e-07],
        "median": [3.58741599484e-05, 0.000154726454639, 0.000184781776625, 0.000297632301226, 0.000191503524547, 0.000103579805, 0.000105784230982, 6.44160827505e-05, 4.38595016021e-05, 3.25572109432e-05, 1.63959830388e-05, 9.17958914215e-06, 6.92975663696e-06, 1.14165404739e-05, 7.24156370779e-06, 3.1748334095e-06, 3.46555248143e-06, 8.54386325955e-06, 3.74513456336e-06, 7.54557049731e-07, 6.3988261445e-07, 5.49513288206e-07, 3.73698838985e-07, 2.42603192646e-07, 1.19527953757e-07, 8.42666096901e-08, 6.61345964659e-08, 5.81877301897e-08, 3.59846978881e-08, 2.36432065037e-08, 1.94989819846e-08, 1.95683345083e-08, 1.3324500614e-08, 9.81429959523e-09, 6.99119073744e-09, 4.79970463374e-09, 2.53324405897e-09, 1.70431113666e-09, 1.46224865549e-09, 9.6636110225e-10],
        "min": [1.00410029954e-14, 2.96384398601e-16, 4.59930261211e-16, 8.39548087676e-16, 1.49231079916e-15, 2.56160783876e-15, 2.85864132929e-15, 1.95533447764e-15, 3.55075872676e-15, 3.14707531783e-15, 2.39899657113e-15, 3.69362989155e-15, 8.99813857187e-15, 5.2097587278e-15, 1.19012194847e-14, 1.45234335897e-14, 1.10111547227e-14, 1.04052720555e-14, 7.95984389106e-15, 2.29425480621e-15, 1.00967267519e-14, 7.31140120642e-15, 6.48126868404e-15, 1.11549097663e-14, 1.04168332082e-14, 7.33789724404e-15, 8.45825925304e-15, 5.58818255545e-15, 4.8503503663e-15, 1.05505322767e-14, 1.17850277402e-14, 7.47957112777e-15, 8.1147789226e-15, 1.1503152963e-14, 1.24349120749e-14, 1.91949744538e-14, 1.60567478774e-14, 4.79651515446e-14, 4.26340379829e-14, 3.24172078883e-14],
        "var": [7.99821282271e-06, 1.6070489437e-05, 7.68778318161e-06, 4.71404018754e-06, 3.12428710458e-07, 1.77508454158e-07, 8.50209715964e-08, 6.05680199328e-08, 1.25916741922e-07, 6.29183887213e-08, 3.53936613351e-08, 2.24717254582e-07, 3.21199848941e-08, 5.63744073645e-08, 1.205909399e-07, 9.7340038252e-09, 7.40007255473e-09, 3.00722691193e-09, 2.44966513741e-09, 7.7897410744e-10, 9.4563901154e-10, 1.01079133952e-09, 3.62276764143e-10, 5.62307922447e-10, 1.53299650751e-10, 1.54374735217e-10, 2.31004534945e-10, 1.76978487421e-10, 1.71482619771e-10, 6.68428992712e-11, 9.29770427316e-11, 8.50486348014e-11, 4.47637725498e-11, 3.56734988771e-11, 2.5989288846e-11, 7.59974895514e-12, 4.71906498253e-12, 4.18001570857e-12, 3.54382538939e-12, 1.63214418109e-12]
    },
    "mfcc": {
        "mean": [-759.02923584, 175.9271698, 6.0347495079, 8.96909046173, 3.92504954338, 3.20575213432, -8.80984687805, -3.33752155304, -4.41917037964, -2.45550775528, -0.911647737026, -1.64212703705, -3.30571722984],
        "cov": [[15499.7587891, -3407.72802734, -492.856414795, 59.6964569092, -556.017150879, 979.648986816, 664.780639648, 661.904052734, 82.6867294312, 161.438766479, 140.562484741, 51.0634918213, 115.271530151], [-3407.72802734, 3505.72607422, 507.445129395, -10.2455368042, 179.029129028, -389.664001465, -210.625946045, -244.380081177, -107.041519165, -119.614372253, -125.45917511, -97.3871688843, -19.9893054962], [-492.856414795, 507.445129395, 1267.36779785, 523.074523926, 256.771514893, -4.69041728973, 56.8359985352, 67.8607330322, 15.916636467, -19.4296855927, -15.6108894348, 5.41950941086, 13.5066194534], [59.6964569092, -10.2455368042, 523.074523926, 598.074279785, 299.81640625, 143.410400391, 109.055374146, 68.927444458, 57.7624397278, 30.255607605, 20.5943641663, 16.656129837, 32.4254760742], [-556.017150879, 179.029129028, 256.771514893, 299.81640625, 412.86038208, 125.373344421, 105.145973206, 58.492225647, 59.8070526123, 17.0882949829, 20.1366939545, 40.0814552307, 33.3960838318], [979.648986816, -389.664001465, -4.69041728973, 143.410400391, 125.373344421, 380.058319092, 207.908966064, 111.650444031, 19.6972312927, 43.9588737488, 53.2698631287, 22.4484367371, 28.3430728912], [664.780639648, -210.625946045, 56.8359985352, 109.055374146, 105.145973206, 207.908966064, 268.295715332, 164.425292969, 44.7447738647, 31.4146366119, 61.5492095947, 60.3508071899, 34.4770202637], [661.904052734, -244.380081177, 67.8607330322, 68.927444458, 58.492225647, 111.650444031, 164.425292969, 207.712585449, 94.1171951294, 38.4506950378, 35.9808616638, 53.9617958069, 43.128238678], [82.6867294312, -107.041519165, 15.916636467, 57.7624397278, 59.8070526123, 19.6972312927, 44.7447738647, 94.1171951294, 190.647293091, 93.6453323364, 11.3428649902, 31.129486084, 44.4879684448], [161.438766479, -119.614372253, -19.4296855927, 30.255607605, 17.0882949829, 43.9588737488, 31.4146366119, 38.4506950378, 93.6453323364, 130.476760864, 55.9873695374, 10.9978790283, 11.5684890747], [140.562484741, -125.45917511, -15.6108894348, 20.5943641663, 20.1366939545, 53.2698631287, 61.5492095947, 35.9808616638, 11.3428649902, 55.9873695374, 119.636634827, 53.8204650879, -1.18888676167], [51.0634918213, -97.3871688843, 5.41950941086, 16.656129837, 40.0814552307, 22.4484367371, 60.3508071899, 53.9617958069, 31.129486084, 10.9978790283, 53.8204650879, 108.983711243, 51.3869247437], [115.271530151, -19.9893054962, 13.5066194534, 32.4254760742, 33.3960838318, 28.3430728912, 34.4770202637, 43.128238678, 44.4879684448, 11.5684890747, -1.18888676167, 51.3869247437, 104.1717453]],
