{
"lowlevel": {
    "average_loudness": 0.9671241045,
    "barkbands_crest": {
        "dmean": 3.08583498001,
        "dmean2": 5.03937101364,
        "dvar": 7.23791837692,
        "dvar2": 17.9153652191,
        "max": 22.7518024445,
        "mean": 9.66250133514,
        "median": 9.08798217773,
        "min": 2.58044409752,
        "var": 14.9094400406
    },
    "barkbands_flatness_db": {
        "dmean": 0.030131008476,
        "dmean2": 0.0476964116096,
        "dvar": 0.000982137746178,
        "dvar2": 0.00227933726273,
        "max": 0.453509777784,
        "mean": 0.121627151966,
        "median": 0.111642614007,
        "min": 0.022608468309,
        "var": 0.00328251929022
    },
    "barkbands_kurtosis": {
        "dmean": 3.80160427094,
        "dmean2": 6.17889928818,
        "dvar": 47.7555999756,
        "dvar2": 110.601577759,
        "max": 92.0912322998,
        "mean": 3.55001521111,
        "median": 0.891594171524,
        "min": -1.8604375124,
        "var": 70.8323135376
    },
    "barkbands_skewness": {
        "dmean": 0.746901452541,
        "dmean2": 1.18009924889,
        "dvar": 0.52092897892,
        "dvar2": 1.19641387463,
        "max": 7.04946279526,
        "mean": 1.51958024502,
        "median": 1.38171720505,
        "min": -2.84077882767,
        "var": 1.56105434895
    },
    "barkbands_spread": {
        "dmean": 9.07202720642,
        "dmean2": 14.35060215,
        "dvar": 66.6741409302,
        "dvar2": 152.173049927,
        "max": 101.723854065,
        "mean": 31.3870010376,
        "median": 30.4928588867,
        "min": 0.402812212706,
        "var": 240.02671814
    },
    "dissonance": {
        "dmean": 0.0131381358951,
        "dmean2": 0.0213892683387,
        "dvar": 0.000307678070385,
        "dvar2": 0.000755765824579,
        "max": 0.500000059605,
        "mean": 0.478602409363,
        "median": 0.486610531807,
        "min": 0.292247056961,
        "var": 0.000570301723201
    },
    "dynamic_complexity": 2.11378002167,
    "erbbands_crest": {
        "dmean": 2.46115469933,
        "dmean2": 4.00395870209,
        "dvar": 6.74830007553,
        "dvar2": 16.4125061035,
        "max": 27.661272049,
        "mean": 7.44134569168,
        "median": 6.06947612762,
        "min": 2.29645562172,
        "var": 15.7333593369
    },
    "erbbands_flatness_db": {
        "dmean": 0.018471935764,
        "dmean2": 0.0275287926197,
        "dvar": 0.000375938980142,
        "dvar2": 0.000798669934738,
        "max": 0.361820369959,
        "mean": 0.133922696114,
        "median": 0.120527453721,
        "min": 0.0439956560731,
        "var": 0.00255411257967
    },
    "erbbands_kurtosis": {
        "dmean": 1.06265830994,
        "dmean2": 1.71069777012,
        "dvar": 1.74045491219,
        "dvar2": 4.37590265274,
        "max": 15.6932563782,
        "mean": 0.428099513054,
        "median": 0.0632698535919,
        "min": -1.68752753735,
        "var": 2.78365635872
    },
    "erbbands_skewness": {
        "dmean": 0.430397540331,
        "dmean2": 0.643855273724,
        "dvar": 0.204187303782,
        "dvar2": 0.444867938757,
        "max": 3.75876688957,
        "mean": -0.333297282457,
        "median": -0.463129997253,
        "min": -2.90088486671,
        "var": 0.574225008488
    },
    "erbbands_spread": {
        "dmean": 11.1534605026,
        "dmean2": 17.3670959473,
        "dvar": 112.092102051,
        "dvar2": 258.861114502,
        "max": 134.585800171,
        "mean": 44.8148880005,
        "median": 41.4123764038,
        "min": 5.17855882645,
        "var": 443.622955322
    },
    "hfc": {
        "dmean": 10.0866737366,
        "dmean2": 15.1255569458,
        "dvar": 171.545623779,
        "dvar2": 380.624603271,
        "max": 183.416381836,
        "mean": 28.6073989868,
        "median": 23.9710216522,
        "min": 1.1618925638e-16,
        "var": 483.641693115
    },
    "melbands_crest": {
        "dmean": 3.69426631927,
        "dmean2": 6.02117538452,
        "dvar": 9.56490421295,
        "dvar2": 24.4056510925,
        "max": 33.0733680725,
        "mean": 14.8501091003,
        "median": 14.8571901321,
        "min": 1.9709944725,
        "var": 24.6216259003
    },
    "melbands_flatness_db": {
        "dmean": 0.0401784814894,
        "dmean2": 0.0634559690952,
        "dvar": 0.00165410770569,
        "dvar2": 0.00379294948652,
        "max": 0.594582617283,
        "mean": 0.191407307982,
        "median": 0.182216078043,
        "min": 0.00633268384263,
        "var": 0.00521565275267
    },
    "melbands_kurtosis": {
        "dmean": 11.5014886856,
        "dmean2": 18.6224575043,
        "dvar": 222.798446655,
        "dvar2": 536.022949219,
        "max": 164.281967163,
        "mean": 17.4937610626,
        "median": 9.92052364349,
        "min": -1.57673883438,
        "var": 425.995544434
    },
    "melbands_skewness": {
        "dmean": 1.12173235416,
        "dmean2": 1.78221309185,
        "dvar": 1.10772335529,
        "dvar2": 2.6566131115,
        "max": 10.2359409332,
        "mean": 3.28981804848,
        "median": 3.04940509796,
        "min": -0.647287070751,
        "var": 3.7845928669
    },
    "melbands_spread": {
        "dmean": 11.1690607071,
        "dmean2": 17.8155708313,
        "dvar": 142.437759399,
        "dvar2": 326.154571533,
        "max": 169.245849609,
        "mean": 28.5295505524,
        "median": 23.7805919647,
        "min": 0.461252629757,
        "var": 411.737670898
    },
    "pitch_salience": {
        "dmean": 0.0938092246652,
        "dmean2": 0.15394115448,
        "dvar": 0.00636634230614,
        "dvar2": 0.0165063831955,
        "max": 0.944513618946,
        "mean": 0.542353570461,
        "median": 0.54648989439,
        "min": 0.120647884905,
        "var": 0.0127156199887
    },
    "silence_rate_20dB": {
        "dmean": 0,
        "dmean2": 0,
        "dvar": 0,
        "dvar2": 0,
        "max": 1,
        "mean": 1,
        "median": 1,
        "min": 1,
        "var": 0
    },
    "silence_rate_30dB": {
        "dmean": 0.00154798757285,
        "dmean2": 0.00309717375785,
        "dvar": 0.00154558406211,
        "dvar2": 0.00463613495231,
        "max": 1,
        "mean": 0.999226331711,
        "median": 1,
        "min": 0,
        "var": 0.000773094245233
    },
    "silence_rate_60dB": {
        "dmean": 0.00270897825249,
        "dmean2": 0.00542005430907,
        "dvar": 0.0027014692314,
        "dvar2": 0.00693884585053,
        "max": 1,
        "mean": 0.00696324929595,
        "median": 0,
        "min": 0,
        "var": 0.00691402237862
    },
    "spectral_centroid": {
        "dmean": 399.790527344,
        "dmean2": 607.036987305,
        "dvar": 185821.90625,
        "dvar2": 336139.8125,
        "max": 11476.1796875,
        "mean": 1800.61523438,
        "median": 1861.99536133,
        "min": 156.194534302,
        "var": 629298.5625
    },
    "spectral_complexity": {
        "dmean": 7.41331291199,
        "dmean2": 10.4355401993,
        "dvar": 46.2154006958,
        "dvar2": 86.9583358765,
        "max": 62,
        "mean": 26.6912956238,
        "median": 27,
        "min": 0,
        "var": 178.340393066
    },
    "spectral_decrease": {
        "dmean": 3.78150710745e-09,
        "dmean2": 6.16206019544e-09,
        "dvar": 2.62643856925e-17,
        "dvar2": 6.29247673974e-17,
        "max": 4.82572451849e-20,
        "mean": -8.22403567469e-09,
        "median": -7.01103219924e-09,
        "min": -3.56890765829e-08,
        "var": 3.62634028397e-17
    },
    "spectral_energy": {
        "dmean": 0.0148730082437,
        "dmean2": 0.0240999124944,
        "dvar": 0.000398276170017,
        "dvar2": 0.000951867958065,
        "max": 0.139852806926,
        "mean": 0.0336341522634,
        "median": 0.0293124783784,
        "min": 1.06479599833e-20,
        "var": 0.000569893571083
    },
    "spectral_energyband_high": {
        "dmean": 0.000658366130665,
        "dmean2": 0.000982960569672,
        "dvar": 1.41883060678e-06,
        "dvar2": 3.03914634969e-06,
        "max": 0.0234716720879,
        "mean": 0.00150561216287,
        "median": 0.000996885122731,
        "min": 7.62698248733e-21,
        "var": 3.23938161273e-06
    },
    "spectral_energyband_low": {
        "dmean": 0.012140372768,
        "dmean2": 0.0200053844601,
        "dvar": 0.00033281245851,
        "dvar2": 0.000802360591479,
        "max": 0.120517536998,
        "mean": 0.01823140122,
        "median": 0.0105057228357,
        "min": 7.38950811707e-23,
        "var": 0.000410357199144
    },
    "spectral_energyband_middle_high": {
        "dmean": 0.00281709944829,
        "dmean2": 0.00422920240089,
        "dvar": 1.33733874463e-05,
        "dvar2": 3.01250602206e-05,
        "max": 0.0666696056724,
        "mean": 0.0069234687835,
        "median": 0.00446699140593,
        "min": 1.33124965483e-21,
        "var": 4.80949711346e-05
    },
    "spectral_energyband_middle_low": {
        "dmean": 0.00425302516669,
        "dmean2": 0.00687351077795,
        "dvar": 2.40162553382e-05,
        "dvar2": 5.9411086113e-05,
        "max": 0.0490813478827,
        "mean": 0.00950120482594,
        "median": 0.00724304746836,
        "min": 1.52983984676e-22,
        "var": 5.38888925803e-05
    },
    "spectral_entropy": {
        "dmean": 0.190257042646,
        "dmean2": 0.283572465181,
        "dvar": 0.080807954073,
        "dvar2": 0.175626769662,
        "max": 9.81139469147,
        "mean": 7.78608798981,
        "median": 7.89922475815,
        "min": 4.39215135574,
        "var": 0.223579704762
    },
    "spectral_flux": {
        "dmean": 0.0354900546372,
        "dmean2": 0.0590855814517,
        "dvar": 0.00151328777429,
        "dvar2": 0.00374932750128,
        "max": 0.335384726524,
        "mean": 0.107918761671,
        "median": 0.0975139141083,
        "min": 6.90044341112e-11,
        "var": 0.00263754301704
    },
    "spectral_kurtosis": {
        "dmean": 2.08046889305,
        "dmean2": 3.51747488976,
        "dvar": 26.7705039978,
        "dvar2": 68.244934082,
        "max": 79.3569793701,
        "mean": 4.65632534027,
        "median": 3.51145935059,
        "min": -1.24492442608,
        "var": 29.946516037
    },
    "spectral_rms": {
        "dmean": 0.00117446528748,
        "dmean2": 0.00187470251694,
        "dvar": 1.86211013897e-06,
        "dvar2": 4.18142690251e-06,
        "max": 0.0116808293387,
        "mean": 0.00537739740685,
        "median": 0.0053476667963,
        "min": 3.22308130705e-12,
        "var": 3.89736578654e-06
    },
    "spectral_rolloff": {
        "dmean": 818.620544434,
        "dmean2": 1370.26281738,
        "dvar": 1163341,
        "dvar2": 2730752.75,
        "max": 19616.7480469,
        "mean": 1753.55322266,
        "median": 1571.92382812,
        "min": 107.666015625,
        "var": 3210547.5
    },
    "spectral_skewness": {
        "dmean": 0.28621289134,
        "dmean2": 0.456327974796,
        "dvar": 0.240671187639,
        "dvar2": 0.570604860783,
        "max": 7.37090063095,
        "mean": 1.41862857342,
        "median": 1.34703063965,
        "min": -0.0223488975316,
        "var": 0.35774102807
    },
    "spectral_spread": {
        "dmean": 667102.3125,
        "dmean2": 977971.625,
        "dvar": 1.51481653658e+12,
        "dvar2": 2.4310293463e+12,
        "max": 42162604,
        "mean": 4771446.5,
        "median": 4675447,
        "min": 875617.0625,
        "var": 5.12868692787e+12
    },
    "spectral_strongpeak": {
        "dmean": 0.496839791536,
        "dmean2": 0.869019627571,
        "dvar": 1.01160371304,
        "dvar2": 2.68061518669,
        "max": 9.71180152893,
        "mean": 0.716034054756,
        "median": 0.343349069357,
        "min": 0,
        "var": 1.21618151665
    },
    "zerocrossingrate": {
        "dmean": 0.013439072296,
        "dmean2": 0.016273394227,
        "dvar": 0.000232808291912,
        "dvar2": 0.000382381869713,
        "max": 0.52099609375,
        "mean": 0.0734188035131,
        "median": 0.06884765625,
        "min": 0.005859375,
        "var": 0.00189513736404
    },
    "barkbands": {
        "dmean": [0.000118756084703, 0.00800301972777, 0.00500021828339, 0.0023265152704, 0.00173252040986, 0.000677405798342, 0.000388593209209, 0.000553993682843, 0.000511314545292, 0.000527820200659, 0.00029367802199, 0.00044844506192, 0.000450289662695, 0.000704101461452, 0.000372886424884, 0.000427986582508, 0.000513957056683, 0.000340700702509, 0.000372471811716, 0.000363829865819, 0.000222801609198, 0.000111595923954, 8.42520967126e-05, 8.09376433608e-05, 7.95622909209e-05, 0.000100433840998, 5.57910880161e-06],
        "dmean2": [0.000187379511772, 0.0133248232305, 0.00868751481175, 0.00377165153623, 0.00287591735832, 0.00108261883724, 0.000674221373629, 0.000865990004968, 0.000845472968649, 0.00084764265921, 0.0004836601438, 0.000705891172402, 0.000727203267161, 0.00115130248014, 0.000593679957092, 0.000694246846251, 0.000830462318845, 0.000551232951693, 0.000585994217545, 0.000578661332838, 0.000353443669155, 0.000174775661435, 0.000131054446683, 0.000125791804749, 0.000117796167615, 0.000150660373038, 9.29046200326e-06],
        "dvar": [3.56618379271e-08, 0.000166078039911, 5.7541179558e-05, 6.99336897014e-06, 6.37127959635e-06, 2.18258151108e-06, 1.04824778191e-06, 2.17941101255e-06, 1.42991450502e-06, 1.53784014856e-06, 6.49090111438e-07, 1.48378990161e-06, 1.30131957121e-06, 1.69235408976e-06, 7.74214868215e-07, 6.46255557513e-07, 4.80262087876e-07, 3.37069451462e-07, 3.35741987101e-07, 2.24698084139e-07, 1.49102206137e-07, 6.99687134897e-08, 5.53411716453e-08, 6.64289316887e-08, 3.14608392671e-08, 4.18262224855e-08, 1.48278597734e-10],
        "dvar2": [8.14530309867e-08, 0.000384142622352, 0.000158824317623, 1.74629367393e-05, 1.61220705195e-05, 5.08189805259e-06, 2.70502914645e-06, 4.47462934972e-06, 3.650977078e-06, 3.73716034119e-06, 1.62923981861e-06, 3.08766743728e-06, 2.93282164421e-06, 4.16610646425e-06, 1.77636172793e-06, 1.6424809246e-06, 1.22446340356e-06, 8.25935558169e-07, 7.71268219069e-07, 5.55167559924e-07, 3.68353340718e-07, 1.31784190671e-07, 1.19872197502e-07, 1.56097954118e-07, 7.17416028806e-08, 9.2142578012e-08, 3.84298037837e-10],
        "max": [0.0022053939756, 0.0922225564718, 0.055298037827, 0.0241255257279, 0.0429124385118, 0.0221280436963, 0.0154133243486, 0.0333571024239, 0.0197801329195, 0.022708080709, 0.0217091403902, 0.0256323236972, 0.0283944830298, 0.0225641913712, 0.0184650011361, 0.0161511264741, 0.0108522176743, 0.0142223555595, 0.0133737958968, 0.00533702783287, 0.00610380945727, 0.00893775653094, 0.00709280744195, 0.0061043468304, 0.0036666796077, 0.00401645991951, 0.000213410428842],
        "mean": [0.000162976342835, 0.00991114974022, 0.00581730855629, 0.00339475437067, 0.00276039750315, 0.000951617665123, 0.000396486866521, 0.000953598122578, 0.000699939322658, 0.000762476585805, 0.000409603118896, 0.000704329635482, 0.000606235931627, 0.00104268454015, 0.000535445695277, 0.000697392912116, 0.00083771214122, 0.000517669890542, 0.000605598383117, 0.000629167829175, 0.000360466656275, 0.000211835984373, 0.000168192738784, 0.00017270311946, 0.000170095489011, 0.000148353501572, 6.0115139604e-06],
        "median": [4.80563794554e-05, 0.0047664726153, 0.00311491684988, 0.00225495174527, 0.00163803598844, 0.000449150655186, 0.000147120430483, 0.000120411990792, 0.000260378525127, 0.000246961717494, 0.000146142032463, 0.000198612469831, 0.000189146579942, 0.00051011890173, 0.000192832638277, 0.000428589672083, 0.000561896536965, 0.000304849439999, 0.000370385765564, 0.000432393717347, 0.000221997019253, 0.000105636070657, 9.35634307098e-05, 0.000103260921605, 9.78492753347e-05, 5.55493716092e-05, 1.01287764664e-06],
        "min": [1.237796716e-24, 7.11502759386e-24, 1.93857550303e-23, 8.78213996664e-24, 3.12456539624e-23, 1.31076654695e-23, 1.16630876026e-23, 2.10240897572e-23, 4.20358732843e-23, 2.11575934214e-23, 3.20103031487e-23, 4.24620727433e-23, 5.79093261083e-23, 1.09634651674e-22, 1.03421759889e-22, 7.61686982064e-23, 9.69806916652e-23, 1.22475085778e-22, 2.06483420552e-22, 2.36441808134e-22, 3.53227427115e-22, 3.57023198599e-22, 4.06552985426e-22, 6.10554813653e-22, 8.50469402062e-22, 1.57763921355e-21, 2.12443205369e-21],
        "var": [7.24203346181e-08, 0.000190322258277, 5.64289293834e-05, 1.18407306218e-05, 1.33079083753e-05, 2.91246192319e-06, 9.51660467763e-07, 8.27894928079e-06, 1.99272835744e-06, 3.00872920889e-06, 1.17230626984e-06, 3.4678234897e-06, 2.52690870184e-06, 2.93572429655e-06, 1.59917124165e-06, 1.07109030978e-06, 8.17662396457e-07, 4.9240742328e-07, 5.65527898289e-07, 4.16943294113e-07, 2.18577667965e-07, 1.45629897474e-07, 9.37813524615e-08, 9.50370662167e-08, 6.44608704192e-08, 6.93378154892e-08, 1.63498992123e-10]
    },
    "erbbands": {
        "dmean": [0.194447338581, 1.97763538361, 5.22419500351, 7.54220628738, 5.09301280975, 6.21075487137, 7.08720636368, 5.96624326706, 5.48436450958, 8.89647388458, 11.3304271698, 10.1032047272, 18.3568401337, 11.7091035843, 12.9682750702, 18.3061714172, 18.9707946777, 32.6392478943, 23.671962738, 17.2765293121, 26.3615913391, 28.1423339844, 18.5076618195, 16.8563556671, 20.545879364, 17.2857131958, 10.924074173, 7.05229091644, 4.08492898941, 3.24282741547, 2.29199194908, 1.86090016365, 1.39752578735, 0.946095824242, 0.573807895184, 0.385799080133, 0.19730246067, 0.0343752354383, 0.000672067690175, 3.27317284246e-05],
        "dmean2": [0.322968661785, 3.32652759552, 9.1742477417, 12.2345485687, 8.46375656128, 10.3195743561, 11.6422519684, 9.55128669739, 9.22984027863, 14.8466796875, 17.2272720337, 16.6401519775, 30.1105728149, 18.589258194, 20.930147171, 27.9353275299, 29.8360462189, 52.8357582092, 38.3772277832, 27.478931427, 42.7717628479, 45.1198425293, 29.7925834656, 27.1632003784, 32.0794029236, 27.489156723, 17.4310512543, 11.2418308258, 6.48971796036, 5.04069852829, 3.62188124657, 2.91350722313, 2.20673441887, 1.42039358616, 0.854739546776, 0.57969468832, 0.298571258783, 0.0541746988893, 0.00105088530108, 4.98304652865e-05],
        "dvar": [0.116319470108, 9.84165859222, 66.2894744873, 82.6686782837, 38.2022438049, 121.732162476, 171.085327148, 215.641616821, 198.254974365, 637.879333496, 902.3125, 490.297851562, 1954.91674805, 649.26739502, 1426.81994629, 2407.06762695, 2160.0246582, 4629.61865234, 1998.55053711, 1455.69116211, 2029.07116699, 1423.8807373, 858.362243652, 867.800476074, 1009.97601318, 507.754638672, 327.178100586, 176.708221436, 73.9901351929, 68.1086349487, 39.0549850464, 46.3770027161, 19.0120639801, 5.09750413895, 1.52501296997, 0.76310479641, 0.151923790574, 0.00485895387828, 1.83488657512e-06, 2.16685624999e-09],
        "dvar2": [0.252631992102, 23.7373218536, 183.57258606, 200.349380493, 95.6948699951, 304.79083252, 424.38381958, 510.66986084, 516.967712402, 1543.26794434, 1839.17456055, 1244.77233887, 4854.30761719, 1460.3885498, 3611.72900391, 4898.43261719, 4755.23730469, 11514.7197266, 4563.10205078, 3311.07739258, 5316.47021484, 3575.63867188, 2095.52807617, 2174.39013672, 2273.04492188, 1267.78283691, 817.589538574, 411.666290283, 154.183654785, 137.903549194, 81.8334274292, 116.041412354, 44.0783081055, 12.0845689774, 3.44307160378, 1.69100570679, 0.343824088573, 0.0110469181091, 4.16991042584e-06, 4.68566607736e-09],
        "max": [2.75029110909, 21.2743225098, 56.4191627502, 97.4075546265, 90.5249710083, 198.612564087, 217.255157471, 266.74520874, 229.810836792, 536.756652832, 781.210083008, 340.583862305, 845.419006348, 609.250549316, 929.910339355, 1096.00378418, 1237.43530273, 1286.44018555, 803.261535645, 1155.20300293, 1006.70776367, 539.785400391, 665.999633789, 552.678955078, 743.323120117, 264.264038086, 324.837371826, 275.920898438, 227.660400391, 265.132781982, 186.88861084, 218.856018066, 111.365234375, 48.0956077576, 25.416349411, 16.5251655579, 7.51847505569, 1.15419256687, 0.0233526416123, 0.000806404277682],
        "mean": [0.225049704313, 2.43139338493, 6.25486707687, 11.0390529633, 7.98209524155, 9.15626335144, 10.3769922256, 7.9847574234, 6.00375461578, 12.2908372879, 18.5452423096, 14.443819046, 27.273147583, 18.0930652618, 19.426361084, 29.3304710388, 28.5009994507, 50.0504150391, 37.4860954285, 28.9891109467, 44.8496856689, 47.3718452454, 30.2770671844, 26.6236095428, 34.7377548218, 30.0078125, 18.085018158, 11.6329259872, 7.75413751602, 6.01077795029, 4.65267372131, 3.79458713531, 2.84514784813, 1.98403668404, 1.13634610176, 0.62587594986, 0.276870697737, 0.0446188934147, 0.000898779835552, 7.05096899765e-05],
        "median": [0.0838712081313, 1.25655567646, 3.27053618431, 7.06902742386, 5.54452991486, 4.44379615784, 5.32166290283, 3.32831072807, 2.43667626381, 2.7338244915, 2.80360221863, 5.96874332428, 8.86501216888, 7.1938495636, 7.35685539246, 8.80431652069, 9.79403018951, 22.84557724, 18.2387657166, 13.1521520615, 29.7989959717, 32.5139389038, 19.5576152802, 15.3055448532, 22.0342254639, 21.3345851898, 12.0036592484, 6.40095424652, 4.0365023613, 3.01349806786, 2.63290095329, 2.18536639214, 1.64294314384, 1.1324095726, 0.591353178024, 0.270133942366, 0.0974972620606, 0.0124131310731, 0.000277775950963, 5.33345373697e-05],
        "min": [2.69233380191e-22, 2.054965442e-21, 2.11948552978e-20, 2.70833424366e-20, 4.00217445334e-20, 8.32181759461e-20, 8.0247001347e-20, 1.11740261733e-19, 1.62206331185e-19, 1.37558752925e-19, 7.10470494603e-19, 9.19542152185e-19, 4.79290005308e-19, 1.12276936515e-18, 1.17302286211e-18, 1.81802118405e-18, 2.75257087408e-18, 5.63077890269e-18, 5.95368084892e-18, 3.25527396814e-18, 3.76573560274e-18, 6.03454437124e-18, 7.23553989672e-18, 1.05868447777e-17, 1.06951905487e-17, 1.01285660388e-17, 1.37678803198e-17, 1.43229201652e-17, 1.45633898411e-17, 1.58228732397e-17, 1.10567569847e-17, 1.18752927327e-17, 1.11552311823e-17, 9.12740535521e-18, 6.60520552249e-18, 5.50615711237e-18, 2.72076619312e-18, 1.25342554143e-18, 2.4906749456e-19, 3.3682513431e-20],
        "var": [0.132907494903, 10.8282394409, 64.2188262939, 129.603759766, 62.0335235596, 249.732452393, 296.277954102, 277.057128906, 186.336471558, 1422.24328613, 2782.04614258, 759.913879395, 3720.19140625, 1442.96008301, 2182.69360352, 5964.12207031, 4949.94335938, 7853.11035156, 4018.80932617, 4128.41064453, 3147.00219727, 2500.07226562, 1319.39550781, 1261.59204102, 1797.83129883, 910.703308105, 477.897766113, 277.566253662, 157.061019897, 128.171859741, 68.9636230469, 54.2118034363, 27.0752696991, 9.50685787201, 3.03768587112, 1.247579813, 0.243026956916, 0.00714906444773, 2.73584782917e-06, 4.3481449552e-09]
    },
    "gfcc": {
        "mean": [23.8582000732, 76.0844497681, -111.364639282, 47.4876937866, -35.0405273438, 17.0186042786, -34.6638069153, 12.1521654129, -32.2342758179, 3.36312937737, -23.2755775452, -2.22137665749, -12.7155342102],
        "cov": [[10686.9267578, -2086.98461914, 127.856239319, 459.228179932, -412.322479248, 748.759216309, -394.803863525, 665.49407959, -224.042327881, 459.961334229, -101.692726135, 547.035827637, -247.567718506], [-2086.98461914, 1865.56518555, -665.881958008, -211.968200684, 232.898284912, -438.410614014, 228.597259521, -317.669830322, 103.000968933, -235.649017334, 37.8415412903, -345.666015625, 96.9228057861], [127.856239319, -665.881958008, 996.72467041, 97.2233276367, -47.190486908, 211.269729614, -145.968429565, 101.494606018, -47.4633827209, 89.0612640381, -27.8541469574, 159.112548828, -63.8510971069], [459.228179932, -211.968200684, 97.2233276367, 409.790527344, 28.8909912109, 69.5926513672, -0.909402370453, 10.3019561768, -20.3090858459, 11.2239398956, 20.2452259064, 29.3379173279, 51.4651451111], [-412.322479248, 232.898284912, -47.190486908, 28.8909912109, 255.697387695, -15.3567056656, 89.7638320923, -28.4717464447, 24.7308425903, -4.749958992, 17.9286556244, -28.4425888062, 29.5820922852], [748.759216309, -438.410614014, 211.269729614, 69.5926513672, -15.3567056656, 255.700195312, -20.9756126404, 107.082984924, -30.0697174072, 44.6015510559, 0.862189590931, 97.9302597046, -36.1654701233], [-394.803863525, 228.597259521, -145.968429565, -0.909402370453, 89.7638320923, -20.9756126404, 169.779968262, -14.4532022476, 26.8697185516, -26.2254714966, 11.066822052, -45.1033058167, 10.3866758347], [665.49407959, -317.669830322, 101.494606018, 10.3019561768, -28.4717464447, 107.082984924, -14.4532022476, 150.189239502, 11.6785888672, 63.2747306824, -8.43075275421, 63.2498321533, -29.8538208008], [-224.042327881, 103.000968933, -47.4633827209, -20.3090858459, 24.7308425903, -30.0697174072, 26.8697185516, 11.6785888672, 88.0082092285, 21.2128505707, 8.33013439178, -29.7187099457, -2.99142861366], [459.961334229, -235.649017334, 89.0612640381, 11.2239398956, -4.749958992, 44.6015510559, -26.2254714966, 63.2747306824, 21.2128505707, 110.59488678, 13.6500396729, 55.2018661499, -21.1232013702], [-101.692726135, 37.8415412903, -27.8541469574, 20.2452259064, 17.9286556244, 0.862189590931, 11.066822052, -8.43075275421, 8.33013439178, 13.6500396729, 58.4360923767, 15.460978508, 5.60672616959], [547.035827637, -345.666015625, 159.112548828, 29.3379173279, -28.4425888062, 97.9302597046, -45.1033058167, 63.2498321533, -29.7187099457, 55.2018661499, 15.460978508, 128.942169189, -4.64053106308], [-247.567718506, 96.9228057861, -63.8510971069, 51.4651451111, 29.5820922852, -36.1654701233, 10.3866758347, -29.8538208008, -2.99142861366, -21.1232013702, 5.60672616959, -4.64053106308, 82.5788574219]],
        "icov": [[0.00037164153764, -0.000556854356546, 0.000587732123677, -0.000769375939853, 0.000300155457808, -0.000651345471852, 0.000797971326392, -0.00102966057602, 0.00102760072332, -0.00144068978261, 0.00165275088511, -0.0015721936943, 0.00130443053786], [-0.000556854356546, 0.00335615850054, -0.000806610216387, 0.00214071199298, -0.00151126109995, 0.00237579969689, -0.00207195547409, 0.00290354690515, -0.00267261150293, 0.00452140253037, -0.00487548578531, 0.00550697790459, -0.00297399610281], [0.000587732123677, -0.000806610216387, 0.00252949958667, -0.00154591910541, 7.97177563072e-05, -0.00161517248489, 0.00223564589396, -0.00118770380504, 0.00139909458812, -0.00241440697573, 0.00375857716426, -0.00379785592668, 0.00314599275589], [-0.000769375939853, 0.00214071199298, -0.00154591910541, 0.00506862578914, -0.00105383095797, 0.000764555938076, -0.00210925354622, 0.00266510387883, -0.00189436494838, 0.00331154931337, -0.00552713265643, 0.00549976248294, -0.00576941063628], [0.000300155457808, -0.00151126109995, 7.97177563072e-05, -0.00105383095797, 0.00600982597098, -0.00166250101756, -0.00175913062412, -0.000303296430502, 0.000727126724087, -0.00330769061111, 0.00152415176854, -0.00167490413878, -0.000394690723624], [-0.000651345471852, 0.00237579969689, -0.00161517248489, 0.000764555938076, -0.00166250101756, 0.0100075630471, -0.00262346188538, -0.00160288403276, -0.000840191321913, 0.00546327559277, -0.00445923302323, 0.000854119542055, -1.98686047952e-05], [0.000797971326392, -0.00207195547409, 0.00223564589396, -0.00210925354622, -0.00175913062412, -0.00262346188538, 0.0109852952883, -0.00372179714032, 0.00116556079593, -0.00196481007151, 0.0032363361679, -0.00308864330873, 0.00376764778048], [-0.00102966057602, 0.00290354690515, -0.00118770380504, 0.00266510387883, -0.000303296430502, -0.00160288403276, -0.00372179714032, 0.0172100830823, -0.00692156143486, 0.000747284269892, -0.00145878666081, 0.00257707480341, -0.00279323500581], [0.00102760072332, -0.00267261150293, 0.00139909458812, -0.00189436494838, 0.000727126724087, -0.000840191321913, 0.00116556079593, -0.00692156143486, 0.0199748948216, -0.0100793484598, 0.00247375783511, 0.000519538181834, 0.00320923165418], [-0.00144068978261, 0.00452140253037, -0.00241440697573, 0.00331154931337, -0.00330769061111, 0.00546327559277, -0.00196481007151, 0.000747284269892, -0.0100793484598, 0.0243178382516, -0.0111062712967, 0.00302739976905, -0.00268231146038], [0.00165275088511, -0.00487548578531, 0.00375857716426, -0.00552713265643, 0.00152415176854, -0.00445923302323, 0.0032363361679, -0.00145878666081, 0.00247375783511, -0.0111062712967, 0.0313650816679, -0.0160465929657, 0.0078121018596], [-0.0015721936943, 0.00550697790459, -0.00379785592668, 0.00549976248294, -0.00167490413878, 0.000854119542055, -0.00308864330873, 0.00257707480341, 0.000519538181834, 0.00302739976905, -0.0160465929657, 0.0295875500888, -0.0117014581338], [0.00130443053786, -0.00297399610281, 0.00314599275589, -0.00576941063628, -0.000394690723624, -1.98686047952e-05, 0.00376764778048, -0.00279323500581, 0.00320923165418, -0.00268231146038, 0.0078121018596, -0.0117014581338, 0.0224301554263]]
    },
    "melbands": {
        "dmean": [0.00200934242457, 0.00261855800636, 0.00114927510731, 0.000362829043297, 0.000269446754828, 0.000130388434627, 8.3053833805e-05, 0.000107029023638, 8.76034100656e-05, 6.98636722518e-05, 9.33420378715e-05, 4.93042280141e-05, 4.19460448029e-05, 4.95448039146e-05, 4.46302037744e-05, 4.81423776364e-05, 6.78379947203e-05, 4.46030353487e-05, 2.69126539933e-05, 2.46972467721e-05, 3.41844606737e-05, 3.40147416864e-05, 1.98306370294e-05, 1.58418733918e-05, 1.42339431477e-05, 1.49841553139e-05, 1.5958390577e-05, 1.11946974357e-05, 7.22203958503e-06, 5.90496574659e-06, 3.73369994122e-06, 2.48773562816e-06, 2.25925623454e-06, 1.80497374913e-06, 1.38670350225e-06, 1.41082853133e-06, 1.1706715668e-06, 1.11369911338e-06, 9.1899715926e-07, 8.2620226749e-07],
        "dmean2": [0.00334087316878, 0.00452522095293, 0.00186286319513, 0.000605212524533, 0.000443607888883, 0.000207873235922, 0.000140813004691, 0.000175288500031, 0.000134809175506, 0.000115560076665, 0.00015319600061, 7.86739765317e-05, 6.8815483246e-05, 7.70985643612e-05, 7.06767241354e-05, 7.50057588448e-05, 0.000110440923891, 7.26397774997e-05, 4.29431675002e-05, 3.97042749682e-05, 5.59533509659e-05, 5.47869603906e-05, 3.18424390571e-05, 2.57980263996e-05, 2.31966969295e-05, 2.33735809161e-05, 2.57402061834e-05, 1.78144400707e-05, 1.15633929454e-05, 9.48983506532e-06, 6.02034924668e-06, 3.98885231334e-06, 3.6553924474e-06, 2.82983614852e-06, 2.26051747632e-06, 2.2581682515e-06, 1.8451090682e-06, 1.78571349352e-06, 1.44568582527e-06, 1.27385408177e-06],
        "dvar": [1.13518171929e-05, 1.66813279066e-05, 1.79886683327e-06, 2.58142762277e-07, 2.23257330845e-07, 9.51746628175e-08, 4.60959412862e-08, 8.70682512755e-08, 5.1490346209e-08, 2.52977745419e-08, 5.07497368574e-08, 1.21923005025e-08, 1.61406816801e-08, 2.00830250208e-08, 1.30878934357e-08, 1.64140487868e-08, 2.01712087033e-08, 6.43474384887e-09, 4.79293893463e-09, 2.44259745763e-09, 3.23642468381e-09, 2.12186468396e-09, 8.74455063915e-10, 7.71626096352e-10, 6.34117869325e-10, 7.15847936483e-10, 4.52932191752e-10, 2.1379496784e-10, 1.4959815331e-10, 9.79783754129e-11, 5.98248117711e-11, 2.6588077226e-11, 3.31789699881e-11, 1.8194338397e-11, 1.05757199872e-11, 3.76651210221e-11, 1.16816088053e-11, 1.21377812315e-11, 6.20148463831e-12, 3.83964951847e-12],
        "dvar2": [2.52651607298e-05, 4.41074153059e-05, 4.44399665867e-06, 6.56508916563e-07, 5.51057837583e-07, 2.24013732009e-07, 1.18891421153e-07, 2.00347344048e-07, 1.09787791303e-07, 6.43325321903e-08, 1.257855331e-07, 2.80707297406e-08, 4.20761629982e-08, 4.4597772586e-08, 2.48126372782e-08, 3.55391946982e-08, 5.06373183384e-08, 1.52701478129e-08, 1.09635704959e-08, 5.36382849248e-09, 8.48519743357e-09, 5.3695852209e-09, 2.11046002896e-09, 1.93916060987e-09, 1.6079600984e-09, 1.64999147678e-09, 1.10701359191e-09, 5.33767530175e-10, 3.80389608701e-10, 2.38240455142e-10, 1.35630839893e-10, 5.59173957138e-11, 7.37202937584e-11, 3.70747217648e-11, 2.21345372586e-11, 9.62056267984e-11, 2.83290058078e-11, 2.84849591831e-11, 1.44213712153e-11, 9.52959846451e-12],
        "max": [0.0259729977697, 0.0298903826624, 0.0137223508209, 0.0062421252951, 0.00853533390909, 0.00517209479585, 0.00316778966226, 0.00599351106212, 0.00515385856852, 0.00283150747418, 0.00426361570135, 0.00251624360681, 0.00341526512057, 0.00317077781074, 0.00339397019707, 0.00382644333877, 0.00255397288129, 0.0015188541729, 0.00192115083337, 0.00148826418445, 0.00114194990601, 0.000714308815077, 0.000606414920185, 0.000549710472114, 0.000489557802211, 0.000799601373728, 0.00025630791788, 0.000195843240363, 0.000270361546427, 0.000150853462401, 0.000188363832422, 0.000132102257339, 0.000158120557899, 0.000133217763505, 7.49196697143e-05, 0.000219113993808, 9.34370036703e-05, 0.000101475852716, 5.76418715355e-05, 4.450634151e-05],
        "mean": [0.00244461116381, 0.00340715469792, 0.00180226459634, 0.000563070352655, 0.000405452476116, 0.000175042150659, 8.82810927578e-05, 0.00016154863988, 0.000138520306791, 9.64250139077e-05, 0.000136592949275, 7.25391655578e-05, 5.9621874243e-05, 7.61123446864e-05, 6.57560594846e-05, 6.64523468004e-05, 9.88877000054e-05, 6.52510643704e-05, 3.92740403186e-05, 3.9758389903e-05, 5.51514240215e-05, 5.33528946107e-05, 3.13409909722e-05, 2.37532676692e-05, 2.08512992685e-05, 2.34391009144e-05, 2.63005313172e-05, 1.8237173208e-05, 1.1528270079e-05, 8.91808940651e-06, 5.96407926423e-06, 4.42325062977e-06, 3.82402504329e-06, 3.14378121402e-06, 2.6494717531e-06, 2.49842855737e-06, 2.25673898058e-06, 2.07846574085e-06, 1.75178547579e-06, 1.6448389033e-06],
        "median": [0.00112548738252, 0.00181190716103, 0.00125595263671, 0.000349324487615, 0.000204815776669, 7.36576112104e-05, 3.45124062733e-05, 3.02054086205e-05, 2.19306311919e-05, 3.75955096388e-05, 4.34368230344e-05, 2.68606745522e-05, 2.15983200178e-05, 2.15134496102e-05, 2.26676529564e-05, 1.96948931261e-05, 4.45032965217e-05, 3.23865897371e-05, 1.34792944664e-05, 2.0716290237e-05, 3.62831415259e-05, 3.51138223778e-05, 2.09196514334e-05, 1.35888221848e-05, 1.12882862595e-05, 1.38114855872e-05, 1.6973421225e-05, 1.26924696815e-05, 7.26763119019e-06, 5.02437160321e-06, 3.03438082483e-06, 2.15771024159e-06, 1.86345209841e-06, 1.53722623963e-06, 1.48002516198e-06, 1.25409189877e-06, 1.30247281049e-06, 1.1720267139e-06, 9.67197024693e-07, 9.08375966446e-07],
        "min": [1.87952973759e-24, 7.34779283686e-24, 5.00537529731e-24, 3.61184225304e-24, 2.97398924382e-24, 2.42606894159e-24, 2.55880109978e-24, 2.03306770772e-24, 5.31048855165e-24, 5.11999047595e-24, 2.00029329812e-24, 4.22787714457e-24, 4.22705199606e-24, 4.03377752441e-24, 6.2189952015e-24, 4.98174536332e-24, 1.11210833628e-23, 9.59308266632e-24, 6.40587082792e-24, 4.63604284883e-24, 3.39197764686e-24, 5.39135034431e-24, 8.158562776e-24, 4.38809637214e-24, 6.72086219852e-24, 6.52149772067e-24, 8.37774541194e-24, 6.06410078504e-24, 8.85502676998e-24, 6.49295042224e-24, 9.44386568179e-24, 7.87875539064e-24, 7.87229461983e-24, 7.80155746246e-24, 6.21685857174e-24, 6.84533024986e-24, 7.37996968432e-24, 7.05467736803e-24, 6.80373203661e-24, 8.23836710062e-24],
        "var": [1.29831933009e-05, 1.74239503394e-05, 2.90491720989e-06, 4.27097091915e-07, 4.78458161979e-07, 1.23479324543e-07, 4.30529816242e-08, 2.4867040338e-07, 1.39448928849e-07, 3.81555480544e-08, 9.57950305747e-08, 2.55863543686e-08, 2.4841543933e-08, 4.14038368035e-08, 2.97968618668e-08, 3.22979758494e-08, 3.25976330373e-08, 1.19383702923e-08, 1.04958557401e-08, 5.948988413e-09, 4.77231099083e-09, 3.52477336207e-09, 1.40140310467e-09, 1.11280928916e-09, 8.80117034807e-10, 1.08914421926e-09, 8.6322077264e-10, 3.59857643684e-10, 2.09240028082e-10, 1.38844227782e-10, 9.21809920063e-11, 5.55832532778e-11, 5.37566137437e-11, 3.47970957604e-11, 2.04340832449e-11, 3.77261867579e-11, 1.57077909707e-11, 1.61695309919e-11, 9.41748415362e-12, 6.67257221698e-12]
    },
    "mfcc": {
        "mean": [-618.805114746, 106.089279175, -7.63246107101, 37.1145553589, 18.5449848175, 11.5828676224, 12.2013263702, 4.44867134094, 4.34135961533, 3.79005002975, -4.58498620987, -1.87540030479, -3.86353802681],
        "cov": [[5942.36474609, -1707.08044434, 265.311279297, -65.2460479736, 105.979492188, 79.6560211182, 80.4470291138, 241.281097412, 29.4466762543, 93.6471710205, 202.746688843, 111.598587036, 146.294143677], [-1707.08044434, 1524.53625488, -543.982849121, 31.0761566162, -103.804794312, -74.6672439575, -28.6098384857, -113.502609253, -1.22708332539, 15.5221509933, -46.8521385193, -35.2566986084, -49.9960594177], [265.311279297, -543.982849121, 865.063293457, -47.9677505493, 152.563827515, 46.178188324, -15.9899702072, 51.9559059143, -30.3857383728, -29.5606613159, 2.8445763588, 9.20351314545, 19.5484218597], [-65.2460479736, 31.0761566162, -47.9677505493, 293.570648193, 36.0166091919, 47.2683181763, 41.8264389038, -28.3109035492, 32.6758613586, -10.793759346, -28.2442169189, 14.2857627869, -0.61041867733], [105.979492188, -103.804794312, 152.563827515, 36.0166091919, 185.727890015, 53.0821037292, 26.7778186798, 20.4980068207, 2.07280349731, 11.8799419403, -10.9799032211, 0.920425951481, 17.9417915344], [79.6560211182, -74.6672439575, 46.178188324, 47.2683181763, 53.0821037292, 118.460914612, 56.625038147, 35.2485237122, 7.85563659668, -3.68113303185, 9.64702320099, 4.69222259521, 4.93711662292], [80.4470291138, -28.6098384857, -15.9899702072, 41.8264389038, 26.7778186798, 56.625038147, 116.340087891, 44.2261390686, 17.5842761993, -8.80949020386, 1.47695887089, 10.8075389862, 2.58546519279], [241.281097412, -113.502609253, 51.9559059143, -28.3109035492, 20.4980068207, 35.2485237122, 44.2261390686, 106.269577026, 10.7992286682, 13.0634527206, 19.7097511292, -2.14640021324, 7.67665481567], [29.4466762543, -1.22708332539, -30.3857383728, 32.6758613586, 2.07280349731, 7.85563659668, 17.5842761993, 10.7992286682, 82.6264724731, 23.7203502655, 1.32540416718, 9.14310455322, -0.829077005386], [93.6471710205, 15.5221509933, -29.5606613159, -10.793759346, 11.8799419403, -3.68113303185, -8.80949020386, 13.0634527206, 23.7203502655, 82.3490905762, 31.1991920471, 8.84784126282, 9.03828907013], [202.746688843, -46.8521385193, 2.8445763588, -28.2442169189, -10.9799032211, 9.64702320099, 1.47695887089, 19.7097511292, 1.32540416718, 31.1991920471, 78.4606628418, 24.6436920166, 15.8980522156], [111.598587036, -35.2566986084, 9.20351314545, 14.2857627869, 0.920425951481, 4.69222259521, 10.8075389862, -2.14640021324, 9.14310455322, 8.84784126282, 24.6436920166, 53.9373664856, 22.6913452148], [146.294143677, -49.9960594177, 19.5484218597, -0.61041867733, 17.9417915344, 4.93711662292, 2.58546519279, 7.67665481567, -0.829077005386, 9.03828907013, 15.8980522156, 22.6913452148, 56.5631637573]],
