{
"lowlevel": {
    "average_loudness": 0.915170669556,
    "barkbands_crest": {
        "dmean": 2.04213118553,
        "dmean2": 3.19104361534,
        "dvar": 3.82232069969,
        "dvar2": 9.64017963409,
        "max": 21.273191452,
        "mean": 9.39911556244,
        "median": 9.000041008,
        "min": 2.89543652534,
        "var": 10.9522008896
    },
    "barkbands_flatness_db": {
        "dmean": 0.0206193588674,
        "dmean2": 0.0289148297161,
        "dvar": 0.00044576099026,
        "dvar2": 0.000839306158014,
        "max": 0.309627950191,
        "mean": 0.124580554664,
        "median": 0.124575763941,
        "min": 0.0198636744171,
        "var": 0.00180307694245
    },
    "barkbands_kurtosis": {
        "dmean": 1.67237257957,
        "dmean2": 2.6326072216,
        "dvar": 23.1673717499,
        "dvar2": 60.2615585327,
        "max": 166.043930054,
        "mean": 2.33310937881,
        "median": 1.16270828247,
        "min": -1.91428768635,
        "var": 26.7277107239
    },
    "barkbands_skewness": {
        "dmean": 0.423945903778,
        "dmean2": 0.602901279926,
        "dvar": 0.281158268452,
        "dvar2": 0.554745078087,
        "max": 11.3101100922,
        "mean": 0.898005902767,
        "median": 0.927175998688,
        "min": -3.39383101463,
        "var": 1.40538430214
    },
    "barkbands_spread": {
        "dmean": 6.73499536514,
        "dmean2": 10.0036706924,
        "dvar": 103.00188446,
        "dvar2": 224.638717651,
        "max": 99.6417999268,
        "mean": 24.6897010803,
        "median": 18.2222919464,
        "min": 2.23241686821,
        "var": 339.787658691
    },
    "dissonance": {
        "dmean": 0.0183186065406,
        "dmean2": 0.0298828948289,
        "dvar": 0.000400032382458,
        "dvar2": 0.00103734282311,
        "max": 0.499614059925,
        "mean": 0.4573379457,
        "median": 0.467833101749,
        "min": 0.255754053593,
        "var": 0.00134328438435
    },
    "dynamic_complexity": 3.17506313324,
    "erbbands_crest": {
        "dmean": 2.14573550224,
        "dmean2": 3.34231829643,
        "dvar": 4.6571187973,
        "dvar2": 10.8159179688,
        "max": 27.696231842,
        "mean": 9.68604660034,
        "median": 8.42454814911,
        "min": 2.80429649353,
        "var": 23.5072917938
    },
    "erbbands_flatness_db": {
        "dmean": 0.0197877585888,
        "dmean2": 0.027338096872,
        "dvar": 0.000397339143092,
        "dvar2": 0.000710601743776,
        "max": 0.294807106256,
        "mean": 0.166191145778,
        "median": 0.165636360645,
        "min": 0.0546351484954,
        "var": 0.0022303359583
    },
    "erbbands_kurtosis": {
        "dmean": 0.994512021542,
        "dmean2": 1.46034908295,
        "dvar": 1.89631605148,
        "dvar2": 3.46104264259,
        "max": 22.3327579498,
        "mean": 1.51484596729,
        "median": 0.477070569992,
        "min": -1.64570593834,
        "var": 9.44926452637
    },
    "erbbands_skewness": {
        "dmean": 0.330891788006,
        "dmean2": 0.469798266888,
        "dvar": 0.138538867235,
        "dvar2": 0.238265320659,
        "max": 2.96043229103,
        "mean": 0.0898762270808,
        "median": 0.219889044762,
        "min": -4.11119508743,
        "var": 0.986425280571
    },
    "erbbands_spread": {
        "dmean": 7.38442707062,
        "dmean2": 10.754324913,
        "dvar": 94.9368438721,
        "dvar2": 219.47253418,
        "max": 126.9322052,
        "mean": 33.2454719543,
        "median": 30.6996536255,
        "min": 5.06932735443,
        "var": 338.590026855
    },
    "hfc": {
        "dmean": 9.26254272461,
        "dmean2": 12.5893325806,
        "dvar": 371.822845459,
        "dvar2": 529.576904297,
        "max": 338.148681641,
        "mean": 33.7154388428,
        "median": 19.6250133514,
        "min": 1.14774248137e-16,
        "var": 1762.07177734
    },
    "melbands_crest": {
        "dmean": 2.61869287491,
        "dmean2": 4.06937170029,
        "dvar": 6.55579710007,
        "dvar2": 15.6718158722,
        "max": 35.3049659729,
        "mean": 13.0199184418,
        "median": 12.4924554825,
        "min": 1.91988384724,
        "var": 19.8285045624
    },
    "melbands_flatness_db": {
        "dmean": 0.0239554513246,
        "dmean2": 0.0326953269541,
        "dvar": 0.000698730640579,
        "dvar2": 0.00129266909789,
        "max": 0.418713092804,
        "mean": 0.174772232771,
        "median": 0.174167349935,
        "min": 0.00630308594555,
        "var": 0.00354471220635
    },
    "melbands_kurtosis": {
        "dmean": 3.45360183716,
        "dmean2": 5.42903852463,
        "dvar": 105.519981384,
        "dvar2": 287.354858398,
        "max": 333.808044434,
        "mean": 6.63039827347,
        "median": 3.63338136673,
        "min": -1.89806425571,
        "var": 120.897689819
    },
    "melbands_skewness": {
        "dmean": 0.489301592112,
        "dmean2": 0.712533712387,
        "dvar": 0.342410564423,
        "dvar2": 0.761456310749,
        "max": 13.3982458115,
        "mean": 1.79287028313,
        "median": 1.68260741234,
        "min": -1.07009422779,
        "var": 1.88544905186
    },
    "melbands_spread": {
        "dmean": 10.358622551,
        "dmean2": 14.0915613174,
        "dvar": 390.575378418,
        "dvar2": 568.517456055,
        "max": 259.833374023,
        "mean": 37.9684371948,
        "median": 23.3967075348,
        "min": 0.911872446537,
        "var": 2000.91125488
    },
    "pitch_salience": {
        "dmean": 0.0574731342494,
        "dmean2": 0.0883772671223,
        "dvar": 0.00293921935372,
        "dvar2": 0.00702157523483,
        "max": 0.930320739746,
        "mean": 0.580860972404,
        "median": 0.582046210766,
        "min": 0.120282933116,
        "var": 0.010728542693
    },
    "silence_rate_20dB": {
        "dmean": 0,
        "dmean2": 0,
        "dvar": 0,
        "dvar2": 0,
        "max": 1,
        "mean": 1,
        "median": 1,
        "min": 1,
        "var": 0
    },
    "silence_rate_30dB": {
        "dmean": 0,
        "dmean2": 0,
        "dvar": 0,
        "dvar2": 0,
        "max": 1,
        "mean": 1,
        "median": 1,
        "min": 1,
        "var": 0
    },
    "silence_rate_60dB": {
        "dmean": 0.00270897825249,
        "dmean2": 0.00542005430907,
        "dvar": 0.00270145596005,
        "dvar2": 0.00771304452792,
        "max": 1,
        "mean": 0.00386847206391,
        "median": 0,
        "min": 0,
        "var": 0.00385379604995
    },
    "spectral_centroid": {
        "dmean": 274.799865723,
        "dmean2": 368.435791016,
        "dvar": 171916.46875,
        "dvar2": 266575.71875,
        "max": 11381.8876953,
        "mean": 1491.66967773,
        "median": 1245.57922363,
        "min": 296.735198975,
        "var": 960813.1875
    },
    "spectral_complexity": {
        "dmean": 2.93962860107,
        "dmean2": 4.41734409332,
        "dvar": 11.8453454971,
        "dvar2": 22.5367660522,
        "max": 55,
        "mean": 18.161315918,
        "median": 17,
        "min": 0,
        "var": 61.8088722229
    },
    "spectral_decrease": {
        "dmean": 9.68051305783e-10,
        "dmean2": 1.41697720224e-09,
        "dvar": 1.61912022908e-18,
        "dvar2": 3.18809366751e-18,
        "max": -1.81169235649e-29,
        "mean": -5.24627452592e-09,
        "median": -4.47623138555e-09,
        "min": -2.38451605128e-08,
        "var": 1.17118583872e-17
    },
    "spectral_energy": {
        "dmean": 0.00412760069594,
        "dmean2": 0.00602433597669,
        "dvar": 2.76683313132e-05,
        "dvar2": 5.50132863282e-05,
        "max": 0.0979919955134,
        "mean": 0.0228587426245,
        "median": 0.0211825873703,
        "min": 1.05550176788e-20,
        "var": 0.000205356176593
    },
    "spectral_energyband_high": {
        "dmean": 0.000905443623196,
        "dmean2": 0.00118513195775,
        "dvar": 5.83609744353e-06,
        "dvar2": 7.70980295783e-06,
        "max": 0.0415751300752,
        "mean": 0.00210562674329,
        "median": 0.000356604810804,
        "min": 7.584456195e-21,
        "var": 2.71117551165e-05
    },
    "spectral_energyband_low": {
        "dmean": 0.00094642827753,
        "dmean2": 0.00152522558346,
        "dvar": 1.45292074194e-06,
        "dvar2": 3.69819031221e-06,
        "max": 0.0159389320761,
        "mean": 0.00286344834603,
        "median": 0.00249032885768,
        "min": 2.1500124715e-23,
        "var": 3.37758569913e-06
    },
    "spectral_energyband_middle_high": {
        "dmean": 0.00192536902614,
        "dmean2": 0.00267028319649,
        "dvar": 1.07624819066e-05,
        "dvar2": 2.14671617869e-05,
        "max": 0.0655857026577,
        "mean": 0.00818019732833,
        "median": 0.00341663789004,
        "min": 1.50096728519e-21,
        "var": 8.83711327333e-05
    },
    "spectral_energyband_middle_low": {
        "dmean": 0.00307710492052,
        "dmean2": 0.004486664664,
        "dvar": 1.93678424694e-05,
        "dvar2": 4.03218764404e-05,
        "max": 0.0643513947725,
        "mean": 0.0108046494424,
        "median": 0.00819668825716,
        "min": 3.0773231672e-22,
        "var": 7.47676022002e-05
    },
    "spectral_entropy": {
        "dmean": 0.21243236959,
        "dmean2": 0.284518331289,
        "dvar": 0.0526206791401,
        "dvar2": 0.0906795486808,
        "max": 9.80104732513,
        "mean": 7.50936985016,
        "median": 7.44797134399,
        "min": 6.16792821884,
        "var": 0.32591342926
    },
    "spectral_flux": {
        "dmean": 0.0191334486008,
        "dmean2": 0.0298186391592,
        "dvar": 0.000444628327386,
        "dvar2": 0.00106397399213,
        "max": 0.267019420862,
        "mean": 0.0688956975937,
        "median": 0.0584091991186,
        "min": 6.69885535931e-11,
        "var": 0.00177344458643
    },
    "spectral_kurtosis": {
        "dmean": 1.70928609371,
        "dmean2": 2.61131548882,
        "dvar": 4.59919595718,
        "dvar2": 10.2084245682,
        "max": 40.1395454407,
        "mean": 5.00612354279,
        "median": 4.53687620163,
        "min": -1.23171246052,
        "var": 14.0132932663
    },
    "spectral_rms": {
        "dmean": 0.000421848177211,
        "dmean2": 0.000611580966506,
        "dvar": 2.23506404495e-07,
        "dvar2": 4.01410972017e-07,
        "max": 0.00977762509137,
        "mean": 0.00446864962578,
        "median": 0.00454598059878,
        "min": 3.20898385989e-12,
        "var": 2.33238506553e-06
    },
    "spectral_rolloff": {
        "dmean": 589.571533203,
        "dmean2": 942.265075684,
        "dvar": 1752389.375,
        "dvar2": 3306686,
        "max": 18776.953125,
        "mean": 2268.32910156,
        "median": 1378.125,
        "min": 64.599609375,
        "var": 6357147.5
    },
    "spectral_skewness": {
        "dmean": 0.243305429816,
        "dmean2": 0.342118114233,
        "dvar": 0.0665335431695,
        "dvar2": 0.115207523108,
        "max": 4.43108129501,
        "mean": 1.67023468018,
        "median": 1.70466113091,
        "min": -0.117859274149,
        "var": 0.425998181105
    },
    "spectral_spread": {
        "dmean": 783879.25,
        "dmean2": 1093028.875,
        "dvar": 1.31942763725e+12,
        "dvar2": 2.4625938432e+12,
        "max": 40861452,
        "mean": 4937528.5,
        "median": 4313803.5,
        "min": 1255227.5,
        "var": 5.46992973414e+12
    },
    "spectral_strongpeak": {
        "dmean": 0.684898853302,
        "dmean2": 1.12083888054,
        "dvar": 1.58446061611,
        "dvar2": 3.84302306175,
        "max": 14.0431118011,
        "mean": 1.80447614193,
        "median": 0.705028831959,
        "min": 0,
        "var": 5.35509729385
    },
    "zerocrossingrate": {
        "dmean": 0.0155974114314,
        "dmean2": 0.0165675356984,
        "dvar": 0.000653767900076,
        "dvar2": 0.000654238392599,
        "max": 0.50830078125,
        "mean": 0.0822837948799,
        "median": 0.05908203125,
        "min": 0.01171875,
        "var": 0.00515778409317
    },
    "barkbands": {
        "dmean": [8.99560291145e-06, 0.000231719008298, 0.000494399340823, 0.0010508474661, 0.000987195875496, 0.000689342734404, 0.000369978661183, 0.000824214599561, 0.000990313943475, 0.000456436449895, 0.000523207243532, 0.000542750640307, 0.00056421715999, 0.0004681290593, 0.000299076316878, 0.000177286812686, 0.000272530276561, 0.000225051844609, 0.000124895494082, 0.000103453894553, 0.000107745167043, 0.000218805056647, 0.000180950097274, 0.000369972985936, 0.000138323564897, 5.09772071382e-05, 1.36170647238e-05],
        "dmean2": [1.54266635946e-05, 0.00036824925337, 0.000782714458182, 0.00155661103781, 0.00153709063306, 0.00107151165139, 0.000579548592214, 0.00123049609829, 0.0014631645754, 0.00070927181514, 0.000767288147472, 0.000727907812688, 0.000818431726657, 0.0006800936535, 0.000479077949421, 0.000267293944489, 0.000404066289775, 0.000336181838065, 0.000187238169019, 0.000150410007336, 0.000158686860232, 0.000306912465021, 0.000258499436313, 0.000500690133777, 0.000198030073079, 7.53721469664e-05, 2.34578183154e-05],
        "dvar": [4.87038132047e-10, 1.04961195291e-07, 4.18824583903e-07, 2.91979768008e-06, 2.57545889326e-06, 3.49286756318e-06, 3.40394149134e-06, 6.00266639594e-06, 7.00772943674e-06, 3.22522851093e-06, 2.39469932239e-06, 2.18350055547e-06, 2.35117477132e-06, 1.66579445704e-06, 8.041990327e-07, 3.74820587012e-07, 6.17149851223e-07, 3.43474056308e-07, 8.42468708129e-08, 5.58357484692e-08, 6.89688732791e-08, 4.04139257171e-07, 2.73031417919e-07, 1.3844660316e-06, 1.55055715823e-07, 1.89729192357e-08, 2.1101043135e-09],
        "dvar2": [1.33292010762e-09, 2.47443097123e-07, 9.85701603895e-07, 6.19243110123e-06, 5.91521347815e-06, 7.44374665373e-06, 9.03086220205e-06, 1.36174730869e-05, 1.51938902491e-05, 7.8317561929e-06, 5.24892493559e-06, 3.477684686e-06, 4.56079078504e-06, 3.43722649632e-06, 1.83020097211e-06, 7.13051122148e-07, 1.34397714646e-06, 7.99743247626e-07, 1.94965778633e-07, 1.23157946064e-07, 1.2986166098e-07, 7.30091755941e-07, 4.98717042774e-07, 2.04457205655e-06, 2.70221647725e-07, 3.81963651819e-08, 5.56178125777e-09],
        "max": [0.000416491908254, 0.00515240523964, 0.0113918082789, 0.0220716334879, 0.0222314037383, 0.0357825607061, 0.0524439960718, 0.0505625456572, 0.0504659339786, 0.0472535565495, 0.0320772528648, 0.0330989845097, 0.0376061461866, 0.023533731699, 0.0143266385421, 0.0172517430037, 0.0196788031608, 0.0159438252449, 0.0060658948496, 0.00692833494395, 0.00857877824455, 0.0149256298319, 0.0085423104465, 0.017229411751, 0.00662526069209, 0.00261785904877, 0.000638537283521],
        "mean": [9.44981456996e-06, 0.000415644055465, 0.00151237810496, 0.00182436569594, 0.00257370457985, 0.0013610040769, 0.000756063498557, 0.0020165827591, 0.00200836244039, 0.000853243109304, 0.00118123192806, 0.00153138802852, 0.0013887375826, 0.00102535949554, 0.000494544976391, 0.000393715046812, 0.000626585097052, 0.000402425881475, 0.000252829951933, 0.000181048075319, 0.000172778440174, 0.000422686396632, 0.000346777320374, 0.000782253278885, 0.000241675763391, 7.38879462006e-05, 1.00255119833e-05],
        "median": [3.04426089315e-06, 0.00024129927624, 0.00127542309929, 0.00108541874215, 0.00135602930095, 0.000645159743726, 0.00025104280212, 0.000285981455818, 0.00039561180165, 0.000232551290537, 0.000326867593685, 0.000229636687436, 0.000218428715016, 0.000190474122064, 0.000166789395735, 0.000120080949273, 0.00016636386863, 0.000167764723301, 9.15584823815e-05, 6.12343865214e-05, 4.76952918689e-05, 5.97463913437e-05, 3.33367643179e-05, 8.56423648656e-05, 2.6067633371e-05, 7.40619952921e-06, 2.39432239368e-07],
        "min": [8.98477861167e-25, 2.81032683561e-25, 6.30486271103e-24, 2.54279313986e-24, 3.15151919565e-23, 5.78662227484e-23, 3.46748449392e-23, 1.39477139811e-23, 2.60201430852e-23, 3.05391343585e-23, 2.92120210359e-23, 3.89983075708e-23, 9.87361280604e-23, 1.1507487629e-22, 7.18855116572e-23, 1.36755740082e-22, 8.83666713681e-23, 1.42982705146e-22, 2.23695683928e-22, 2.85744251559e-22, 3.54094341074e-22, 5.32901365627e-22, 6.02995986325e-22, 8.22640812707e-22, 1.12155775396e-21, 1.59519589991e-21, 2.1746394531e-21],
        "var": [4.85964657404e-10, 2.61990237505e-07, 1.19654669106e-06, 5.21192987435e-06, 1.03593401946e-05, 6.19016873316e-06, 3.87418731407e-06, 1.84479249583e-05, 1.48479739437e-05, 4.61282024844e-06, 8.85737244971e-06, 1.63212334883e-05, 1.19567830552e-05, 6.5019298745e-06, 1.30303521928e-06, 1.4549042362e-06, 3.28662190441e-06, 5.90223521613e-07, 2.03720929903e-07, 1.30429526735e-07, 1.59482070217e-07, 1.39135693189e-06, 1.01042815004e-06, 5.30544002686e-06, 4.66884443995e-07, 4.10134362028e-08, 1.51766399448e-09]
    },
    "erbbands": {
        "dmean": [0.00325051508844, 0.0665545985103, 0.449211508036, 2.00187373161, 3.59000015259, 3.10745048523, 4.8024020195, 6.47135448456, 4.46334028244, 9.6220035553, 18.9055976868, 23.8407878876, 14.3132743835, 15.7597703934, 21.9124221802, 15.8244285583, 27.4987506866, 21.537651062, 19.3457984924, 9.97446537018, 8.6315612793, 15.2538347244, 12.44069767, 5.5526008606, 6.79172897339, 4.04382228851, 3.93537378311, 4.69932985306, 7.56826019287, 7.36430549622, 4.71680498123, 7.90637159348, 5.948179245, 2.14424920082, 0.706966161728, 0.255573391914, 0.0941762775183, 0.0164500344545, 0.00217662332579, 0.000155407076818],
        "dmean2": [0.00554875610396, 0.105693794787, 0.714941501617, 3.04628586769, 5.51932144165, 4.7841925621, 7.051674366, 10.1838445663, 7.00444602966, 14.3604364395, 27.953792572, 35.4869041443, 21.5782089233, 23.757982254, 31.4755954742, 21.4380378723, 39.4790534973, 29.9462471008, 28.9121608734, 14.986536026, 12.5498847961, 22.0551071167, 18.029712677, 8.37151908875, 9.89393806458, 5.96569633484, 5.87580060959, 6.81512737274, 10.9400463104, 10.1002101898, 6.64431285858, 11.1495676041, 8.1193113327, 2.9839990139, 1.03452789783, 0.379535377026, 0.140756472945, 0.0272849239409, 0.00377886439674, 0.000269272684818],
        "dvar": [3.11173425871e-05, 0.00838282611221, 0.333001554012, 9.15849304199, 30.1017837524, 42.7889900208, 184.353851318, 371.961700439, 545.213500977, 947.451904297, 3704.80493164, 3918.9675293, 2603.58569336, 1973.42651367, 4020.53515625, 1716.02941895, 5912.81542969, 3129.51855469, 2712.84521484, 1250.34375, 457.108276367, 1975.94213867, 852.940185547, 231.135787964, 249.517532349, 84.6411437988, 116.239685059, 130.707061768, 469.614593506, 492.996185303, 189.720565796, 675.036621094, 349.231414795, 40.2886047363, 4.12005996704, 0.475538522005, 0.0749379694462, 0.00194106728304, 5.83770161029e-05, 3.7635882677e-07],
        "dvar2": [8.5200284957e-05, 0.0193148702383, 0.792841076851, 21.9292354584, 77.7696609497, 88.108039856, 404.636291504, 855.774475098, 1410.07299805, 2145.53393555, 8535.82617188, 8144.06103516, 5699.74707031, 4924.14599609, 8684.01269531, 3152.11328125, 11762.3085938, 6120.58691406, 5554.71289062, 2613.90527344, 851.7578125, 3936.54858398, 1764.79614258, 537.965820312, 551.18371582, 182.529037476, 253.354217529, 251.404663086, 895.458862305, 876.706359863, 333.374816895, 1129.1697998, 546.15838623, 67.1980209351, 8.1450843811, 0.902798175812, 0.155199348927, 0.0048113646917, 0.000156547990628, 1.00115244095e-06],
        "max": [0.0966131240129, 1.46355462074, 9.68015670776, 40.0933036804, 93.4351730347, 120.751152039, 333.625610352, 333.267211914, 615.005554199, 507.12789917, 1283.28076172, 1207.43054199, 1287.01428223, 930.894592285, 1354.48303223, 1161.90759277, 1996.92370605, 1240.42358398, 1379.0201416, 941.506530762, 779.374633789, 1355.34338379, 681.353210449, 465.612670898, 366.063598633, 183.492080688, 333.405487061, 339.722015381, 525.079101562, 383.039459229, 234.423614502, 462.492218018, 297.414855957, 115.900413513, 33.9282073975, 13.3381767273, 5.15467500687, 0.548881709576, 0.109427772462, 0.0101378206164],
        "mean": [0.0061197928153, 0.133846759796, 1.30347335339, 4.49570226669, 6.94084644318, 8.8445186615, 10.2507238388, 12.4190816879, 9.42569541931, 23.3857765198, 46.6663703918, 49.0866203308, 28.5042304993, 33.4462776184, 65.0635910034, 48.9748764038, 67.3251571655, 57.2076568604, 42.0024795532, 19.8151626587, 22.3656826019, 38.2920417786, 24.9703025818, 11.685997963, 14.854891777, 7.8408741951, 6.13463926315, 7.8593249321, 13.9926815033, 14.2008972168, 9.53282928467, 16.0525531769, 12.0140304565, 3.99981832504, 1.10847485065, 0.398161947727, 0.129869386554, 0.0170989800245, 0.00163061963394, 0.000143285375088],
        "median": [0.00381518364884, 0.0836956128478, 1.06772255898, 3.41888284683, 4.34398174286, 3.48390293121, 4.00533294678, 5.81187152863, 4.39496183395, 5.80211353302, 8.85133934021, 11.869717598, 8.22028446198, 13.4487800598, 12.9079713821, 11.5402469635, 13.042889595, 11.3427782059, 13.7874126434, 6.79454660416, 7.52467823029, 10.5863485336, 10.1961507797, 5.94496583939, 4.49054145813, 2.9894952774, 1.99363791943, 1.79290258884, 2.06570625305, 1.70426404476, 0.854444026947, 1.35655725002, 1.40637385845, 0.428344845772, 0.124164193869, 0.0434651486576, 0.0112317046151, 0.000972293841187, 5.92803953623e-05, 3.90209097532e-05],
        "min": [3.91239415586e-23, 3.70439084646e-22, 5.37247345505e-21, 1.7879373231e-20, 2.28920101949e-20, 7.44213880126e-20, 8.21587514519e-20, 5.36064063638e-19, 4.87753458842e-19, 5.38396247677e-19, 3.96729806303e-19, 4.52410823002e-19, 7.31047801412e-19, 1.11121665052e-18, 1.83730979516e-18, 1.74070233744e-18, 5.02374868785e-18, 6.01449144524e-18, 4.01945009459e-18, 6.57913237599e-18, 5.07664027058e-18, 4.68361367433e-18, 8.68101651046e-18, 7.02535992052e-18, 1.53925159824e-17, 1.19160239332e-17, 1.45427533392e-17, 1.45789772325e-17, 1.90704769688e-17, 1.83704323621e-17, 1.92165454845e-17, 1.28042099431e-17, 1.56815924455e-17, 1.09574498163e-17, 8.49439215656e-18, 5.5310556624e-18, 3.04898298158e-18, 1.33211585349e-18, 2.68129484035e-19, 3.14410833844e-20],
        "var": [5.28748314537e-05, 0.0226778313518, 0.972370386124, 15.7063751221, 59.7252235413, 214.088516235, 345.665679932, 580.644104004, 571.141235352, 2409.14013672, 10616.4355469, 9136.64648438, 4969.70751953, 4791.46484375, 24339.9707031, 13825.4404297, 24062.3613281, 18378.3886719, 8747.48242188, 2820.20581055, 3187.52661133, 13471.7216797, 2066.23632812, 403.076690674, 747.929748535, 196.041595459, 181.683883667, 357.135040283, 1444.80651855, 1805.4666748, 755.781066895, 2524.89331055, 1170.80163574, 129.499053955, 9.97804355621, 1.21436178684, 0.142086461186, 0.00218483549543, 4.04955899285e-05, 2.63014612756e-07]
    },
    "gfcc": {
        "mean": [5.42879533768, 81.3290939331, -121.240196228, 20.2529220581, -61.6908912659, 17.4966659546, -45.9623451233, 4.76936292648, -30.7698383331, -8.99662876129, -18.7928009033, -7.01191759109, -17.2576675415],
        "cov": [[5340.04931641, -1580.68981934, -249.982177734, 80.1148681641, -556.567749023, 401.787963867, -227.042739868, 111.572166443, -42.1786422729, -0.439656108618, -126.605010986, -17.5769367218, -144.974700928], [-1580.68981934, 2082.91845703, -622.904724121, -393.358917236, 333.402038574, -339.069030762, 120.182701111, -22.6049060822, -13.3743972778, -78.0242004395, 157.521972656, -132.795410156, 33.1504974365], [-249.982177734, -622.904724121, 821.604797363, 135.686935425, -95.0833129883, 58.2735519409, -76.2958679199, -11.3445672989, -13.4125070572, 78.2399139404, -96.4968566895, 96.7503967285, 17.4920635223], [80.1148681641, -393.358917236, 135.686935425, 432.770904541, 1.21353042126, 19.1520404816, -23.1179409027, -6.17711830139, 16.9836902618, 20.8220996857, -52.5325508118, 60.9316902161, 47.849357605], [-556.567749023, 333.402038574, -95.0833129883, 1.21353042126, 302.954315186, -126.728065491, 37.9083595276, -5.95871639252, 5.55368423462, 0.0064235618338, -1.93296718597, -15.0494947433, 30.8341445923], [401.787963867, -339.069030762, 58.2735519409, 19.1520404816, -126.728065491, 240.427963257, -34.8071861267, 16.5792179108, -5.76972723007, 2.24321556091, 8.17748641968, 6.29076957703, -26.3686237335], [-227.042739868, 120.182701111, -76.2958679199, -23.1179409027, 37.9083595276, -34.8071861267, 204.858963013, -29.2110137939, -21.0280170441, -15.5108318329, 25.8948040009, 5.40826129913, -30.084356308], [111.572166443, -22.6049060822, -11.3445672989, -6.17711830139, -5.95871639252, 16.5792179108, -29.2110137939, 89.3820800781, 15.9967164993, 0.89440113306, 0.801978051662, -8.95568656921, 8.97254276276], [-42.1786422729, -13.3743972778, -13.4125070572, 16.9836902618, 5.55368423462, -5.76972723007, -21.0280170441, 15.9967164993, 84.8722381592, 17.8185253143, -4.40315961838, -1.19610798359, 20.1940994263], [-0.439656108618, -78.0242004395, 78.2399139404, 20.8220996857, 0.0064235618338, 2.24321556091, -15.5108318329, 0.89440113306, 17.8185253143, 87.2452774048, -8.46134757996, 7.06480407715, 10.3516435623], [-126.605010986, 157.521972656, -96.4968566895, -52.5325508118, -1.93296718597, 8.17748641968, 25.8948040009, 0.801978051662, -4.40315961838, -8.46134757996, 98.0867843628, -3.03406715393, -3.6966855526], [-17.5769367218, -132.795410156, 96.7503967285, 60.9316902161, -15.0494947433, 6.29076957703, 5.40826129913, -8.95568656921, -1.19610798359, 7.06480407715, -3.03406715393, 96.1462631226, 25.7580757141], [-144.974700928, 33.1504974365, 17.4920635223, 47.849357605, 30.8341445923, -26.3686237335, -30.084356308, 8.97254276276, 20.1940994263, 10.3516435623, -3.6966855526, 25.7580757141, 87.9496994019]],
        "icov": [[0.000398889300413, 0.000333122239681, 0.000520381552633, 0.00010466024105, 0.000437896960648, 8.27920666779e-06, 0.000347743422026, -0.000319984043017, 0.000412364548538, -0.000198283189093, 0.000478205853142, -9.70994515228e-05, 0.000349269597791], [0.000333122239681, 0.00145688792691, 0.000808777695056, 0.000795712170657, -0.00022942321084, 0.00111323979218, 0.000215221662074, -1.11214994831e-05, 0.000555342121515, 0.000209080797504, -0.000795291562099, 0.000735016132239, -0.000505652860738], [0.000520381552633, 0.000808777695056, 0.00264078681357, 0.000245804229053, 0.000740271585528, 0.000213773775613, 0.000872762408108, -0.000218802364543, 0.00127674010582, -0.00156802835409, 0.00176233670209, -0.00149508740287, 0.000422762241215], [0.00010466024105, 0.000795712170657, 0.000245804229053, 0.00331541127525, -0.000400797754992, 0.000210767495446, -3.41203121934e-05, 0.000331755523803, -9.29021916818e-05, 2.8496113373e-05, 0.000770226411987, -0.000844622205477, -0.00152414559852], [0.000437896960648, -0.00022942321084, 0.000740271585528, -0.000400797754992, 0.00530945276842, 0.00150004483294, -0.00023405108368, -0.000560995715205, 0.00056388322264, -0.000769404345192, 0.00143674504943, 0.000236589548877, -0.000603219028562], [8.27920666779e-06, 0.00111323979218, 0.000213773775613, 0.000210767495446, 0.00150004483294, 0.0067379809916, 0.000661217141896, -0.000716130365618, 0.000477714784211, 0.000261877547018, -0.00206145760603, 0.000578749168199, 0.000833680736832], [0.000347743422026, 0.000215221662074, 0.000872762408108, -3.41203121934e-05, -0.00023405108368, 0.000661217141896, 0.00644034519792, 0.00105782505125, 0.00104568642564, 4.01975376008e-05, -0.000715290429071, -0.00163311802316, 0.00291585852392], [-0.000319984043017, -1.11214994831e-05, -0.000218802364543, 0.000331755523803, -0.000560995715205, -0.000716130365618, 0.00105782505125, 0.0127098681405, -0.0021780654788, 0.000628447683994, -0.000829949858598, 0.00135356385726, -0.00161824258976], [0.000412364548538, 0.000555342121515, 0.00127674010582, -9.29021916818e-05, 0.00056388322264, 0.000477714784211, 0.00104568642564, -0.0021780654788, 0.0141654377803, -0.00301130791195, 0.000866313814186, 0.000424315745477, -0.00219349097461], [-0.000198283189093, 0.000209080797504, -0.00156802835409, 2.8496113373e-05, -0.000769404345192, 0.000261877547018, 4.01975376008e-05, 0.000628447683994, -0.00301130791195, 0.0135930869728, -0.00114466960076, 0.000938006152865, -0.00104270607699], [0.000478205853142, -0.000795291562099, 0.00176233670209, 0.000770226411987, 0.00143674504943, -0.00206145760603, -0.000715290429071, -0.000829949858598, 0.000866313814186, -0.00114466960076, 0.0145066371188, -0.00247984612361, 0.000308548391331], [-9.70994515228e-05, 0.000735016132239, -0.00149508740287, -0.000844622205477, 0.000236589548877, 0.000578749168199, -0.00163311802316, 0.00135356385726, 0.000424315745477, 0.000938006152865, -0.00247984612361, 0.0148377446458, -0.00494401110336], [0.000349269597791, -0.000505652860738, 0.000422762241215, -0.00152414559852, -0.000603219028562, 0.000833680736832, 0.00291585852392, -0.00161824258976, -0.00219349097461, -0.00104270607699, 0.000308548391331, -0.00494401110336, 0.0165928322822]]
    },
    "melbands": {
        "dmean": [4.4354412239e-05, 0.00017670627858, 0.000392162241042, 0.00021854879742, 0.000165418648976, 0.000136906615808, 6.94227856002e-05, 0.000121555793157, 0.000166843368788, 0.000147194659803, 7.13322588126e-05, 6.38020937913e-05, 7.41197727621e-05, 5.86625028518e-05, 5.10437093908e-05, 6.28420748399e-05, 4.35001820733e-05, 3.71972091671e-05, 1.86485740414e-05, 1.38809373311e-05, 1.0096879123e-05, 1.75736386154e-05, 1.70961448021e-05, 8.31740089779e-06, 4.42841383119e-06, 5.01993054058e-06, 5.29758244738e-06, 2.33450305132e-06, 2.46300032813e-06, 2.83078225038e-06, 2.7735918593e-06, 4.2076067075e-06, 5.09185974806e-06, 3.93272875954e-06, 2.36889604821e-06, 4.31747321272e-06, 5.34631362825e-06, 4.7091534725e-06, 3.35536014973e-06, 1.45612261804e-06],
        "dmean2": [7.226310845e-05, 0.000280853681033, 0.000589045928791, 0.000341770239174, 0.000241282352363, 0.000213870807784, 0.000109511936898, 0.000181882351171, 0.00024050626962, 0.00022007424559, 0.000108370739326, 9.63813508861e-05, 0.000105016486486, 7.76974920882e-05, 6.78893484292e-05, 8.93639371498e-05, 6.23632222414e-05, 5.54014659429e-05, 2.96300240734e-05, 1.98635134439e-05, 1.50655368998e-05, 2.54947681242e-05, 2.51006549661e-05, 1.25473088701e-05, 6.80588254909e-06, 7.50188291931e-06, 7.83481664257e-06, 3.58699912795e-06, 3.7599247662e-06, 4.27568193118e-06, 4.0641061787e-06, 6.26456085229e-06, 7.22319373381e-06, 5.56395161766e-06, 3.44691534337e-06, 6.31459624856e-06, 7.52423420636e-06, 6.43946941636e-06, 4.81481310999e-06, 2.12601662497e-06],
        "dvar": [4.05821198868e-09, 5.0827999587e-08, 3.48668862671e-07, 1.2349740075e-07, 1.62243765089e-07, 1.52079593363e-07, 1.30697557665e-07, 1.32904176553e-07, 2.66035669938e-07, 1.54474662395e-07, 6.84236098891e-08, 3.39525705328e-08, 5.07517938786e-08, 2.43201760952e-08, 2.25311520552e-08, 2.88462072007e-08, 1.41516629526e-08, 1.07597628585e-08, 3.27764282382e-09, 2.96919444587e-09, 6.16910134088e-10, 2.89889245941e-09, 2.09281481034e-09, 6.95379531734e-10, 1.36834099607e-10, 1.58572335818e-10, 1.80194720256e-10, 3.02089152304e-11, 4.11154305047e-11, 6.51484283187e-11, 4.37173144907e-11, 1.49511361625e-10, 2.4198915094e-10, 1.4524233205e-10, 4.87520752934e-11, 1.89339335877e-10, 3.14688747283e-10, 2.18064372115e-10, 1.07248800119e-10, 1.74601947484e-11],
        "dvar2": [1.04255830635e-08, 1.17735687866e-07, 7.79527965733e-07, 2.90829603955e-07, 3.45012807657e-07, 3.40650160524e-07, 3.42609155268e-07, 2.96193860549e-07, 6.07167066846e-07, 3.26451470301e-07, 1.5179873003e-07, 8.35016535916e-08, 1.1204610928e-07, 3.85065490605e-08, 3.85717306983e-08, 5.48624612406e-08, 2.87414891886e-08, 2.21845120052e-08, 7.86210652137e-09, 5.07957853557e-09, 1.31583799412e-09, 5.56047963229e-09, 4.32404112516e-09, 1.7321205581e-09, 3.15690668051e-10, 3.60078411532e-10, 3.99666244544e-10, 6.82003134522e-11, 9.88991111228e-11, 1.29264043913e-10, 9.06315300586e-11, 3.02528474494e-10, 4.42747394303e-10, 2.92108615074e-10, 9.61867807625e-11, 3.58906682152e-10, 5.43616041071e-10, 3.49890227902e-10, 1.94619084737e-10, 3.25722504524e-11],
        "max": [0.000908966874704, 0.00359882460907, 0.00758581841365, 0.00514527969062, 0.00904433988035, 0.00709637859836, 0.010419588536, 0.00576842529699, 0.00931277219206, 0.00697359535843, 0.00655333464965, 0.00368089973927, 0.00502127269283, 0.00423223059624, 0.00374751631171, 0.00420296052471, 0.00242977100424, 0.00276154605672, 0.000863488879986, 0.00172240834218, 0.000833634170704, 0.0017896508798, 0.00140554620884, 0.000927057000808, 0.000309371884214, 0.000309655646561, 0.00043237733189, 0.00010576598288, 0.000148399063619, 0.000286406342639, 0.000196366061573, 0.000310768955387, 0.000298728380585, 0.000222939474043, 0.000157509595738, 0.00024772353936, 0.000299889943562, 0.00023732885893, 0.000165973513504, 7.21287069609e-05],
        "mean": [8.34159072838e-05, 0.000516643631272, 0.000862259825226, 0.000560543034226, 0.000386949512176, 0.000269262905931, 0.000141779659316, 0.00029463833198, 0.000405969971325, 0.000291944365017, 0.00013193427003, 0.000124138605315, 0.000202527473448, 0.000157648421009, 0.000129175168695, 0.000146123566083, 0.000101049314253, 7.51579718781e-05, 3.06859365082e-05, 2.79065807263e-05, 2.35124534811e-05, 4.02104269597e-05, 3.22754567605e-05, 1.52413058458e-05, 8.49749449117e-06, 9.97321421892e-06, 1.06844590846e-05, 3.80340975425e-06, 3.53600557901e-06, 4.21373715653e-06, 4.4617149797e-06, 7.27983115212e-06, 9.5989971669e-06, 7.00445571056e-06, 4.4146795517e-06, 8.14288341644e-06, 1.03645252238e-05, 9.00787199498e-06, 6.19589127382e-06, 2.38422353505e-06],
        "median": [5.10326644871e-05, 0.000421715725679, 0.000646993110422, 0.000320678809658, 0.000146508537, 0.000128174666315, 5.68402756471e-05, 5.97033722443e-05, 6.87449937686e-05, 5.99340928602e-05, 2.67253435595e-05, 4.65637094749e-05, 4.7101148084e-05, 2.79809846688e-05, 2.27291602641e-05, 2.59853750322e-05, 1.6083709852e-05, 2.06003169296e-05, 1.08642852865e-05, 7.78319463279e-06, 8.4733710537e-06, 1.01551358966e-05, 9.24610867514e-06, 7.56700273996e-06, 4.08342839364e-06, 3.24942197949e-06, 2.94513210974e-06, 1.21433299682e-06, 1.1588323332e-06, 1.03942295482e-06, 9.22759738842e-07, 1.03016498088e-06, 1.16629780678e-06, 7.44676015074e-07, 4.18611563191e-07, 4.44323234206e-07, 9.16217800295e-07, 1.06062714167e-06, 6.27452550361e-07, 2.44597146093e-07],
        "min": [5.1279114283e-25, 2.73084081637e-24, 3.00050108391e-24, 2.87818425625e-24, 3.57348389153e-24, 1.20029533353e-23, 7.83349844051e-24, 5.58636267653e-24, 3.37935468908e-24, 3.1315003119e-24, 3.46489718792e-24, 4.97865381743e-24, 4.77843500323e-24, 4.42107549114e-24, 7.65809442937e-24, 1.17996859681e-23, 1.0446413229e-23, 5.96382433664e-24, 5.6319943356e-24, 1.12610454312e-23, 4.73453449943e-24, 4.37462578332e-24, 6.13041637704e-24, 5.7821358651e-24, 5.32478823328e-24, 1.04124787995e-23, 9.93872522739e-24, 7.38160735956e-24, 8.89250239614e-24, 8.92548782603e-24, 7.95117755491e-24, 1.05607341625e-23, 1.04884926474e-23, 1.01757605745e-23, 1.31586811042e-23, 6.98277348538e-24, 7.36575283309e-24, 9.57849741704e-24, 9.0032592561e-24, 8.35727368258e-24],
        "var": [9.42989331065e-09, 1.57746256946e-07, 6.30092245046e-07, 4.44778663677e-07, 3.97122079221e-07, 2.50461681617e-07, 1.39656549436e-07, 4.22793476673e-07, 8.65357208113e-07, 3.37248479809e-07, 1.2691678819e-07, 7.55872164859e-08, 2.36801312781e-07, 1.68336711681e-07, 1.21769957673e-07, 1.26587835325e-07, 7.15740569035e-08, 3.59170719832e-08, 4.77406603139e-09, 9.78861613987e-09, 2.98631586126e-09, 1.56421471331e-08, 6.01373795206e-09, 8.66236971042e-10, 2.41167308346e-10, 3.67103736298e-10, 4.95227525654e-10, 5.8839738637e-11, 5.70521616061e-11, 1.26452126548e-10, 1.16706116993e-10, 3.94688476346e-10, 8.20550682956e-10, 4.54587617549e-10, 1.59408070077e-10, 6.72648825528e-10, 1.07287090323e-09, 6.77465472609e-10, 3.24364785032e-10, 4.67573688101e-11]
    },
    "mfcc": {
        "mean": [-636.268188477, 114.380561829, -1.72748053074, 5.12548828125, 7.26477575302, 0.877796530724, 0.028445776552, 3.73407077789, -6.46820163727, -5.89750289917, -2.83995509148, -4.07411050797, -10.0166559219],
        "cov": [[3639.17529297, -1544.58398438, 130.091949463, -381.546112061, -109.500846863, 28.9683933258, -98.0061264038, 98.1999588013, -23.3809204102, 85.6773147583, 76.4804458618, 11.7082643509, -35.048625946], [-1544.58398438, 2097.72973633, -716.527770996, -3.04787397385, -12.5466880798, -218.276992798, 106.662017822, -68.2344894409, -89.5245819092, -9.22572040558, 60.7180786133, -11.6685218811, -31.5702514648], [130.091949463, -716.527770996, 773.717773438, -43.3427772522, 9.18960666656, 89.4297485352, -58.8234405518, -12.0836277008, 41.3957061768, -33.6112937927, -52.7642478943, 23.2213039398, 10.8530197144], [-381.546112061, -3.04787397385, -43.3427772522, 409.420898438, 38.4982910156, 35.3261413574, -8.07892513275, -14.2494935989, 61.1939353943, -20.1433353424, -58.4604187012, -12.5407447815, 29.5607280731], [-109.500846863, -12.5466880798, 9.18960666656, 38.4982910156, 228.878479004, -19.676733017, -40.6499900818, -33.6425094604, 36.8088035583, 22.2385044098, -35.7089347839, -13.7674674988, -8.74121761322], [28.9683933258, -218.276992798, 89.4297485352, 35.3261413574, -19.676733017, 145.785995483, 16.0048732758, 11.7303171158, 12.2438049316, -14.1475515366, 2.58096218109, 4.08751440048, 8.64551925659], [-98.0061264038, 106.662017822, -58.8234405518, -8.07892513275, -40.6499900818, 16.0048732758, 134.451248169, 24.4464035034, -28.8589458466, -6.80942964554, 27.9660491943, 2.05985426903, 1.21685433388], [98.1999588013, -68.2344894409, -12.0836277008, -14.2494935989, -33.6425094604, 11.7303171158, 24.4464035034, 113.708129883, -18.7895412445, -11.239991188, 6.49263811111, -2.12262940407, 20.4961261749], [-23.3809204102, -89.5245819092, 41.3957061768, 61.1939353943, 36.8088035583, 12.2438049316, -28.8589458466, -18.7895412445, 108.387107849, 10.354265213, -29.8981952667, 1.35374057293, -0.594558000565], [85.6773147583, -9.22572040558, -33.6112937927, -20.1433353424, 22.2385044098, -14.1475515366, -6.80942964554, -11.239991188, 10.354265213, 85.7675857544, 14.1695957184, -6.32323694229, -4.68307065964], [76.4804458618, 60.7180786133, -52.7642478943, -58.4604187012, -35.7089347839, 2.58096218109, 27.9660491943, 6.49263811111, -29.8981952667, 14.1695957184, 93.6337738037, 9.32282733917, -11.4556493759], [11.7082643509, -11.6685218811, 23.2213039398, -12.5407447815, -13.7674674988, 4.08751440048, 2.05985426903, -2.12262940407, 1.35374057293, -6.32323694229, 9.32282733917, 62.4603919983, 4.40719270706], [-35.048625946, -31.5702514648, 10.8530197144, 29.5607280731, -8.74121761322, 8.64551925659, 1.21685433388, 20.4961261749, -0.594558000565, -4.68307065964, -11.4556493759, 4.40719270706, 71.9184036255]],
