{
"lowlevel": {
    "average_loudness": 0.962518155575,
    "barkbands_crest": {
        "dmean": 2.626257658,
        "dmean2": 4.38143253326,
        "dvar": 4.98165559769,
        "dvar2": 13.5218477249,
        "max": 21.7887058258,
        "mean": 8.66453742981,
        "median": 8.19543743134,
        "min": 2.58592486382,
        "var": 10.3965988159
    },
    "barkbands_flatness_db": {
        "dmean": 0.0247857421637,
        "dmean2": 0.0376097299159,
        "dvar": 0.000485868687974,
        "dvar2": 0.00107549340464,
        "max": 0.362430095673,
        "mean": 0.12488245219,
        "median": 0.121540993452,
        "min": 0.0394667200744,
        "var": 0.00148485822137
    },
    "barkbands_kurtosis": {
        "dmean": 3.47157073021,
        "dmean2": 5.36655139923,
        "dvar": 28.6740131378,
        "dvar2": 65.1548233032,
        "max": 63.1666870117,
        "mean": 3.2527782917,
        "median": 0.720095396042,
        "min": -1.90009021759,
        "var": 45.5387191772
    },
    "barkbands_skewness": {
        "dmean": 0.741478204727,
        "dmean2": 1.08935141563,
        "dvar": 0.546658039093,
        "dvar2": 1.20147871971,
        "max": 7.06715726852,
        "mean": 1.39476835728,
        "median": 1.22034490108,
        "min": -3.57406377792,
        "var": 1.77954411507
    },
    "barkbands_spread": {
        "dmean": 7.75871801376,
        "dmean2": 11.9643239975,
        "dvar": 66.3701400757,
        "dvar2": 150.522186279,
        "max": 104.253936768,
        "mean": 27.2480144501,
        "median": 26.8549442291,
        "min": 1.47413933277,
        "var": 157.001159668
    },
    "dissonance": {
        "dmean": 0.0128369862214,
        "dmean2": 0.0213037338108,
        "dvar": 0.000249331002124,
        "dvar2": 0.000643327424768,
        "max": 0.500000178814,
        "mean": 0.478572160006,
        "median": 0.484595894814,
        "min": 0.310263186693,
        "var": 0.000433309265645
    },
    "dynamic_complexity": 2.59976387024,
    "erbbands_crest": {
        "dmean": 2.70604395866,
        "dmean2": 4.41574859619,
        "dvar": 8.04817867279,
        "dvar2": 19.4841880798,
        "max": 28.3600406647,
        "mean": 7.74538898468,
        "median": 6.58593225479,
        "min": 2.49026298523,
        "var": 15.9496011734
    },
    "erbbands_flatness_db": {
        "dmean": 0.016477547586,
        "dmean2": 0.0242507178336,
        "dvar": 0.000312820862746,
        "dvar2": 0.00058613717556,
        "max": 0.299346715212,
        "mean": 0.144626423717,
        "median": 0.130012586713,
        "min": 0.0492543429136,
        "var": 0.00240885559469
    },
    "erbbands_kurtosis": {
        "dmean": 0.911393582821,
        "dmean2": 1.43699765205,
        "dvar": 1.95264410973,
        "dvar2": 5.0529718399,
        "max": 16.6241283417,
        "mean": 0.14045098424,
        "median": -0.238816022873,
        "min": -1.79681444168,
        "var": 2.81900835037
    },
    "erbbands_skewness": {
        "dmean": 0.394000828266,
        "dmean2": 0.601402461529,
        "dvar": 0.158875852823,
        "dvar2": 0.355430245399,
        "max": 3.75269913673,
        "mean": -0.258521944284,
        "median": -0.330821305513,
        "min": -3.11253190041,
        "var": 0.414209544659
    },
    "erbbands_spread": {
        "dmean": 12.1999893188,
        "dmean2": 17.7207584381,
        "dvar": 165.744766235,
        "dvar2": 331.355438232,
        "max": 153.934738159,
        "mean": 44.9510231018,
        "median": 39.4006156921,
        "min": 4.29641675949,
        "var": 522.757568359
    },
    "hfc": {
        "dmean": 8.64350128174,
        "dmean2": 12.8838376999,
        "dvar": 160.170059204,
        "dvar2": 369.862304688,
        "max": 215.397949219,
        "mean": 23.0434036255,
        "median": 19.1351737976,
        "min": 1.11261324572e-16,
        "var": 343.766113281
    },
    "melbands_crest": {
        "dmean": 4.12210988998,
        "dmean2": 6.91999769211,
        "dvar": 11.1500940323,
        "dvar2": 31.3564529419,
        "max": 31.5659828186,
        "mean": 14.8014945984,
        "median": 14.6793937683,
        "min": 1.72936415672,
        "var": 25.8895969391
    },
    "melbands_flatness_db": {
        "dmean": 0.0323006249964,
        "dmean2": 0.0482113063335,
        "dvar": 0.000847341085318,
        "dvar2": 0.0019068751717,
        "max": 0.498019844294,
        "mean": 0.187963888049,
        "median": 0.180452287197,
        "min": 0.0047049773857,
        "var": 0.00286143086851
    },
    "melbands_kurtosis": {
        "dmean": 12.3485822678,
        "dmean2": 18.8077259064,
        "dvar": 348.202270508,
        "dvar2": 781.452758789,
        "max": 212.791244507,
        "mean": 16.5895881653,
        "median": 7.29279136658,
        "min": -1.70440626144,
        "var": 588.785583496
    },
    "melbands_skewness": {
        "dmean": 1.19765913486,
        "dmean2": 1.76315593719,
        "dvar": 1.52904319763,
        "dvar2": 3.2896270752,
        "max": 12.3442821503,
        "mean": 3.01549291611,
        "median": 2.58774232864,
        "min": -1.57460343838,
        "var": 4.62472486496
    },
    "melbands_spread": {
        "dmean": 10.3274831772,
        "dmean2": 15.6609134674,
        "dvar": 162.717300415,
        "dvar2": 357.134979248,
        "max": 250.375518799,
        "mean": 29.2343235016,
        "median": 25.387336731,
        "min": 1.1906774044,
        "var": 485.796020508
    },
    "pitch_salience": {
        "dmean": 0.080111078918,
        "dmean2": 0.132649987936,
        "dvar": 0.00443978747353,
        "dvar2": 0.0125913145021,
        "max": 0.850888729095,
        "mean": 0.573833346367,
        "median": 0.580529093742,
        "min": 0.19103397429,
        "var": 0.00927031971514
    },
    "silence_rate_20dB": {
        "dmean": 0,
        "dmean2": 0,
        "dvar": 0,
        "dvar2": 0,
        "max": 1,
        "mean": 1,
        "median": 1,
        "min": 1,
        "var": 0
    },
    "silence_rate_30dB": {
        "dmean": 0.00232198135927,
        "dmean2": 0.00464576063678,
        "dvar": 0.00231653847732,
        "dvar2": 0.00694683706388,
        "max": 1,
        "mean": 0.998839437962,
        "median": 1,
        "min": 0,
        "var": 0.00115923082922
    },
    "silence_rate_60dB": {
        "dmean": 0.0162538699806,
        "dmean2": 0.0321331769228,
        "dvar": 0.0159896742553,
        "dvar2": 0.0357461720705,
        "max": 1,
        "mean": 0.105996131897,
        "median": 0,
        "min": 0,
        "var": 0.0947599634528
    },
    "spectral_centroid": {
        "dmean": 347.416473389,
        "dmean2": 505.710601807,
        "dvar": 126109.953125,
        "dvar2": 262609.5,
        "max": 11379.7841797,
        "mean": 1719.99902344,
        "median": 1691.85375977,
        "min": 201.596359253,
        "var": 773460.5
    },
    "spectral_complexity": {
        "dmean": 6.16060352325,
        "dmean2": 8.50987243652,
        "dvar": 37.2760238647,
        "dvar2": 67.088760376,
        "max": 58,
        "mean": 24.7953586578,
        "median": 24,
        "min": 0,
        "var": 187.560882568
    },
    "spectral_decrease": {
        "dmean": 3.99249744376e-09,
        "dmean2": 6.42628616987e-09,
        "dvar": 3.56677897853e-17,
        "dvar2": 9.19989483188e-17,
        "max": 1.7198137921e-28,
        "mean": -8.02271227229e-09,
        "median": -6.91146384568e-09,
        "min": -3.96921819856e-08,
        "var": 4.5969080235e-17
    },
    "spectral_energy": {
        "dmean": 0.0155526697636,
        "dmean2": 0.0249663330615,
        "dvar": 0.0005364450044,
        "dvar2": 0.00137667520903,
        "max": 0.15381680429,
        "mean": 0.0323696658015,
        "median": 0.0281457584351,
        "min": 1.04750202663e-20,
        "var": 0.000708487641532
    },
    "spectral_energyband_high": {
        "dmean": 0.000402654928621,
        "dmean2": 0.000596313271672,
        "dvar": 1.13742976282e-06,
        "dvar2": 2.65691323875e-06,
        "max": 0.0245765782893,
        "mean": 0.000928058114368,
        "median": 0.000679302436765,
        "min": 7.33083405658e-21,
        "var": 1.79774167464e-06
    },
    "spectral_energyband_low": {
        "dmean": 0.0118332570419,
        "dmean2": 0.0198221933097,
        "dvar": 0.000374092487618,
        "dvar2": 0.00098703452386,
        "max": 0.130355745554,
        "mean": 0.0164589323103,
        "median": 0.0108275702223,
        "min": 2.97558365004e-23,
        "var": 0.000384572311305
    },
    "spectral_energyband_middle_high": {
        "dmean": 0.00308699090965,
        "dmean2": 0.00463019590825,
        "dvar": 1.7479131202e-05,
        "dvar2": 4.12053232139e-05,
        "max": 0.0518806278706,
        "mean": 0.0067747887224,
        "median": 0.0044039725326,
        "min": 1.1591363107e-21,
        "var": 4.58081340184e-05
    },
    "spectral_energyband_middle_low": {
        "dmean": 0.00580497598276,
        "dmean2": 0.00921667087823,
        "dvar": 5.41276967851e-05,
        "dvar2": 0.000134619273013,
        "max": 0.0674002990127,
        "mean": 0.0108903478831,
        "median": 0.00882432516664,
        "min": 1.83377836099e-22,
        "var": 9.05340566533e-05
    },
    "spectral_entropy": {
        "dmean": 0.146675944328,
        "dmean2": 0.210127547383,
        "dvar": 0.0294075664133,
        "dvar2": 0.0539825223386,
        "max": 9.81471538544,
        "mean": 7.73084449768,
        "median": 7.79169034958,
        "min": 5.24004173279,
        "var": 0.126302361488
    },
    "spectral_flux": {
        "dmean": 0.0326583124697,
        "dmean2": 0.0489964447916,
        "dvar": 0.00159389036708,
        "dvar2": 0.00340050901286,
        "max": 0.358301848173,
        "mean": 0.105815127492,
        "median": 0.0993626117706,
        "min": 6.45985001602e-11,
        "var": 0.00363366305828
    },
    "spectral_kurtosis": {
        "dmean": 1.45989966393,
        "dmean2": 2.39419531822,
        "dvar": 3.46898841858,
        "dvar2": 8.55705833435,
        "max": 43.4469070435,
        "mean": 4.23579311371,
        "median": 3.68061447144,
        "min": -1.23111093044,
        "var": 7.33969736099
    },
    "spectral_rms": {
        "dmean": 0.00116986001376,
        "dmean2": 0.00181444198824,
        "dvar": 2.1436633233e-06,
        "dvar2": 5.27681595486e-06,
        "max": 0.0122501086444,
        "mean": 0.00513676553965,
        "median": 0.00524016004056,
        "min": 3.19680024639e-12,
        "var": 5.19390005138e-06
    },
    "spectral_rolloff": {
        "dmean": 685.712524414,
        "dmean2": 1121.29504395,
        "dvar": 1010513.0625,
        "dvar2": 2160159,
        "max": 19530.6152344,
        "mean": 1733.96716309,
        "median": 1442.72460938,
        "min": 107.666015625,
        "var": 3448070.25
    },
    "spectral_skewness": {
        "dmean": 0.204086825252,
        "dmean2": 0.326394677162,
        "dvar": 0.056808989495,
        "dvar2": 0.124257415533,
        "max": 5.05171823502,
        "mean": 1.33902418613,
        "median": 1.29306089878,
        "min": -0.0359034016728,
        "var": 0.241973444819
    },
    "spectral_spread": {
        "dmean": 566149.1875,
        "dmean2": 776092.125,
        "dvar": 863887228928,
        "dvar2": 1.37271679386e+12,
        "max": 41585332,
        "mean": 4611044.5,
        "median": 4130687.5,
        "min": 1759724.875,
        "var": 8.88269176832e+12
    },
    "spectral_strongpeak": {
        "dmean": 0.456556677818,
        "dmean2": 0.78872948885,
        "dvar": 0.602950274944,
        "dvar2": 1.54915964603,
        "max": 7.15212249756,
        "mean": 0.652751803398,
        "median": 0.390548706055,
        "min": 0,
        "var": 0.675432443619
    },
    "zerocrossingrate": {
        "dmean": 0.0120573723689,
        "dmean2": 0.0145094953477,
        "dvar": 0.00023390215938,
        "dvar2": 0.00034295549267,
        "max": 0.5224609375,
        "mean": 0.0699301883578,
        "median": 0.0634765625,
        "min": 0.00927734375,
        "var": 0.00195759627968
    },
    "barkbands": {
        "dmean": [0.000121181605209, 0.0050377487205, 0.0066885445267, 0.00305303256027, 0.00235747313127, 0.000937292003073, 0.000520421832334, 0.000503300689161, 0.000778814137448, 0.000941857346334, 0.000333920528647, 0.000652543094475, 0.00058623222867, 0.000515976978932, 0.000357027282007, 0.000419642892666, 0.000441791140474, 0.000267428142251, 0.000322420761222, 0.000244091075729, 0.000112823319796, 7.42095216992e-05, 5.21214024047e-05, 7.97712709755e-05, 5.75372068852e-05, 2.30478526646e-05, 1.3170240436e-06],
        "dmean2": [0.000209239093238, 0.00840453151613, 0.0118443742394, 0.00486313272268, 0.00384765909985, 0.00157525122631, 0.000882272433955, 0.000836825580336, 0.00124989065807, 0.00146162870806, 0.000561892520636, 0.00108194968197, 0.000996657181531, 0.000825317343697, 0.000554690137506, 0.000684176571667, 0.000710404419806, 0.0004264897143, 0.000518742774148, 0.000398078991566, 0.00017728851526, 0.000119502365123, 8.37238476379e-05, 0.000123319739942, 8.57482518768e-05, 3.2245512557e-05, 2.14920623876e-06],
        "dvar": [3.41868435783e-08, 8.13683582237e-05, 0.000116041832371, 2.20608581003e-05, 9.24084270082e-06, 2.61410309577e-06, 1.62897492828e-06, 1.97894883058e-06, 3.9739247768e-06, 3.24080224345e-06, 6.4472106942e-07, 1.64668085745e-06, 1.89411855445e-06, 1.13432815851e-06, 6.95381004334e-07, 3.90276426288e-07, 3.72686230321e-07, 1.67995509059e-07, 2.35135971138e-07, 2.10979905546e-07, 5.04559451997e-08, 3.56765781362e-08, 2.6878836934e-08, 1.80305406161e-07, 6.07027033084e-08, 2.52325604855e-09, 1.17235839092e-11],
        "dvar2": [1.03179807809e-07, 0.000207324410439, 0.000331112998538, 5.2622606745e-05, 2.31674675888e-05, 7.00239615981e-06, 4.23822530138e-06, 4.56422731077e-06, 9.41050802794e-06, 7.78275716584e-06, 1.73297314632e-06, 4.14740998167e-06, 5.16760337632e-06, 2.78670540865e-06, 1.58705029207e-06, 9.71661052063e-07, 9.55730911301e-07, 4.02290112334e-07, 5.76862476009e-07, 5.61920103337e-07, 1.08016763534e-07, 8.62035491878e-08, 6.20581914745e-08, 4.58774707113e-07, 1.37573124448e-07, 4.7769628253e-09, 3.10706044226e-11],
        "max": [0.00160582188983, 0.0711315497756, 0.0743740051985, 0.0509796887636, 0.0316481329501, 0.0156837087125, 0.0244811028242, 0.0232080630958, 0.0372599959373, 0.0229517556727, 0.014040267095, 0.0184151809663, 0.0260876510292, 0.0183187834918, 0.011063455604, 0.00837402883917, 0.00626303255558, 0.0046550068073, 0.0054763131775, 0.00744979921728, 0.00407222146168, 0.00362269789912, 0.00442486302927, 0.0102907177061, 0.00451814103872, 0.00151939224452, 6.50858855806e-05],
        "mean": [0.000131378197693, 0.00601083599031, 0.00779659254476, 0.00395875284448, 0.00368668534793, 0.00117185211275, 0.000491702288855, 0.000485888158437, 0.000822238158435, 0.00120381137822, 0.00042394202319, 0.000795076426584, 0.000658303091768, 0.000709181302227, 0.000484972173581, 0.000632532581221, 0.000747043755837, 0.000436675327364, 0.00053945032414, 0.000439467199612, 0.000233564205701, 0.00013328078785, 9.23279003473e-05, 0.000129809544887, 9.89220789052e-05, 5.36975894647e-05, 1.72952172761e-06],
        "median": [6.16407414782e-05, 0.00303277885541, 0.00476038828492, 0.00176640902646, 0.00263506593183, 0.000598488724791, 0.000159013055963, 6.92656612955e-05, 0.000239894085098, 0.000323276268318, 0.000175193839823, 0.000264985777903, 0.000177004258148, 0.000296658399748, 0.000139643962029, 0.000360282458132, 0.000478884612676, 0.000273044919595, 0.000395432085497, 0.00033369436278, 0.000168723883689, 8.98097932804e-05, 5.98532242293e-05, 5.74408877583e-05, 4.33359055023e-05, 2.15276468225e-05, 2.93234165838e-07],
        "min": [3.76382646302e-25, 5.86524117818e-24, 7.91037845775e-24, 2.26067419483e-24, 9.86105398266e-24, 1.28363667379e-23, 1.70426346157e-23, 1.58333360915e-23, 2.7059222781e-23, 2.37209732671e-23, 4.55901744452e-23, 4.1848872229e-23, 2.0885538961e-23, 6.81531835227e-23, 3.51570440561e-23, 6.57292222202e-23, 1.00406424276e-22, 1.81862528964e-22, 1.15928726712e-22, 2.05470813451e-22, 2.55838042392e-22, 3.2008711543e-22, 4.56233274292e-22, 5.47928496918e-22, 9.2320313483e-22, 1.50649986333e-21, 2.10278338804e-21],
        "var": [3.31137499643e-08, 8.01132773631e-05, 9.96928065433e-05, 3.25050314132e-05, 1.44287587318e-05, 2.84262546302e-06, 1.32538366415e-06, 2.26579459195e-06, 4.15562317357e-06, 5.29141743755e-06, 6.89170349233e-07, 2.01958619073e-06, 1.86401939573e-06, 1.938107971e-06, 1.20590209463e-06, 6.02073328082e-07, 7.24593292034e-07, 2.70306230732e-07, 3.29161196078e-07, 2.31021388686e-07, 9.13935167546e-08, 5.10547266686e-08, 4.31173994286e-08, 2.34167188751e-07, 9.86751800269e-08, 9.63786828123e-09, 1.56288870734e-11]
    },
    "erbbands": {
        "dmean": [0.124489761889, 1.32354545593, 6.70990896225, 9.51825428009, 9.16610813141, 6.47742271423, 9.72656726837, 6.29256105423, 7.38455867767, 8.12421131134, 13.5516681671, 16.3509807587, 24.637506485, 22.4177837372, 12.7617111206, 27.1260070801, 25.5215530396, 23.7234115601, 21.4897785187, 17.3223571777, 22.9951858521, 24.3257884979, 14.4768466949, 14.4404935837, 17.2413311005, 10.9886617661, 5.45108795166, 4.09334754944, 2.75837779045, 1.97741949558, 1.55193316936, 1.51062989235, 1.46472871304, 0.796217024326, 0.34704247117, 0.106242366135, 0.045163564384, 0.00827052351087, 0.000161481686519, 2.02211958822e-05],
        "dmean2": [0.219216629863, 2.2199113369, 11.9183034897, 15.4335737228, 14.8208446503, 10.7997684479, 15.867105484, 10.9074983597, 12.4242019653, 13.9418506622, 21.9087848663, 26.2239971161, 38.2737083435, 35.3636627197, 20.8728523254, 44.3041496277, 42.9239463806, 39.02135849, 33.2073440552, 26.1839179993, 36.7772293091, 38.7601280212, 22.7576179504, 23.1297359467, 27.9317054749, 17.7184925079, 8.45189571381, 6.45308637619, 4.40575647354, 3.23144483566, 2.51647138596, 2.4248278141, 2.25052165985, 1.24085485935, 0.516989767551, 0.151298478246, 0.0651452243328, 0.0122025981545, 0.000236048348597, 3.16394725814e-05],
        "dvar": [0.0566004402936, 5.43382501602, 112.475280762, 200.319992065, 163.389556885, 79.4459228516, 209.823913574, 205.479919434, 288.529510498, 611.20489502, 1891.31982422, 1917.80322266, 2603.67675781, 2281.97119141, 703.649414062, 2736.39794922, 3054.57421875, 3051.75610352, 1891.0357666, 1229.79467773, 897.526611328, 1152.43078613, 501.150634766, 406.888549805, 978.757446289, 347.981903076, 83.0662765503, 88.7621994019, 61.0716743469, 12.2978458405, 30.4604244232, 51.2141914368, 70.0557785034, 14.1930990219, 2.03105568886, 0.0814072787762, 0.00876273307949, 0.000338918907801, 1.26942282463e-07, 8.63808802265e-10],
        "dvar2": [0.152853146195, 14.0371007919, 322.991729736, 508.610229492, 400.880889893, 213.050476074, 531.042297363, 565.818237305, 730.655944824, 1565.09057617, 4491.52148438, 4641.84228516, 6244.22265625, 6204.79101562, 1667.31237793, 6979.68408203, 8335.46582031, 8124.08691406, 4349.64990234, 2760.64160156, 2233.47119141, 2917.9140625, 1192.74230957, 976.028076172, 2571.81738281, 908.501464844, 182.950500488, 194.253067017, 147.378936768, 30.1126441956, 73.6891174316, 129.152664185, 176.75239563, 33.8951683044, 4.53650951385, 0.158373624086, 0.0176279693842, 0.000767914694734, 2.84458735678e-07, 2.07327843782e-09],
        "max": [1.48747336864, 17.5331745148, 70.9220809937, 121.558998108, 120.014282227, 79.3449783325, 147.930145264, 180.503921509, 212.859634399, 594.780456543, 990.256713867, 833.852233887, 634.856384277, 930.33001709, 544.712890625, 703.54675293, 1010.65478516, 1047.86157227, 692.500366211, 594.622009277, 345.863006592, 390.773071289, 279.600708008, 220.838760376, 409.377319336, 262.269317627, 177.948745728, 167.117126465, 144.887069702, 55.6230201721, 140.792419434, 167.563568115, 195.907394409, 75.0350646973, 25.9857139587, 6.93632698059, 2.50284004211, 0.433699160814, 0.0085370996967, 0.000370697467588],
        "mean": [0.122407585382, 1.60491514206, 8.12589550018, 12.5218544006, 13.6498432159, 9.32128143311, 13.1483488083, 6.79428482056, 7.15158128738, 7.2617650032, 14.6349239349, 17.4753398895, 29.9080238342, 30.70728302, 18.5725669861, 34.4997940063, 30.9908905029, 32.0394058228, 32.4865570068, 26.31275177, 38.6422920227, 42.2666969299, 25.7176132202, 25.1844921112, 28.0099525452, 20.6731758118, 11.4113893509, 7.77741861343, 4.7134771347, 3.586561203, 2.71161270142, 2.54451870918, 2.27811431885, 1.29320597649, 0.600029706955, 0.227812901139, 0.100824207067, 0.0169218145311, 0.000343400402926, 5.01995673403e-05],
        "median": [0.0526508316398, 0.843408942223, 5.15762424469, 6.91020965576, 8.78737735748, 6.56254005432, 6.39101552963, 3.41030955315, 2.42124390602, 1.92951381207, 2.55646061897, 5.44779157639, 8.38422012329, 9.74987983704, 7.83591604233, 12.2988634109, 10.2851934433, 14.4250049591, 11.49289608, 10.3843412399, 25.0971908569, 26.3973503113, 16.5689544678, 18.0461158752, 20.9803104401, 15.759724617, 8.30316352844, 5.26898097992, 2.7993285656, 2.67294979095, 1.71174013615, 1.33309459686, 0.8738540411, 0.541741967201, 0.250755995512, 0.104746453464, 0.0372575297952, 0.00491456361488, 0.000118924690469, 4.40580442955e-05],
        "min": [1.98241225109e-22, 1.52936870116e-21, 8.2877576251e-21, 3.67610082523e-20, 2.2874471381e-20, 2.83795877709e-20, 5.92909104405e-20, 1.27817201947e-19, 2.48701803181e-19, 3.37517219526e-19, 6.39212452048e-19, 5.30064470957e-19, 7.49886374574e-19, 1.12352396066e-18, 1.94334256237e-18, 2.07199685817e-18, 1.83452777997e-18, 3.48501614544e-18, 1.90206997211e-18, 4.05289838343e-18, 4.58677853515e-18, 7.21059543817e-18, 9.88038455809e-18, 6.93541809097e-18, 7.83334084387e-18, 9.2880041255e-18, 1.01642018068e-17, 9.75221871244e-18, 1.17043393155e-17, 1.29362503028e-17, 1.36594609298e-17, 1.16218991869e-17, 1.03740624913e-17, 1.00779301776e-17, 7.25603825948e-18, 4.50875927337e-18, 2.938281607e-18, 8.51978970329e-19, 2.80495394753e-19, 2.70996130147e-20],
        "var": [0.0468719154596, 5.31955814362, 100.212219238, 253.10559082, 249.730514526, 97.2658233643, 336.21081543, 153.335189819, 253.052703857, 492.060119629, 2112.22924805, 1917.10913086, 3297.953125, 3336.19506836, 1049.46057129, 3396.15551758, 3241.67822266, 3424.91064453, 4700.22021484, 2310.4675293, 1639.13793945, 2327.59301758, 899.44934082, 673.188659668, 1053.59008789, 442.056274414, 161.580978394, 146.391891479, 84.9354476929, 20.5454025269, 44.1367912292, 61.2748374939, 97.0492782593, 20.4350833893, 3.36015748978, 0.228779792786, 0.0324238315225, 0.000954594346695, 3.56527607437e-07, 1.56963342324e-09]
    },
    "gfcc": {
        "mean": [9.47933483124, 82.3454208374, -119.812522888, 47.21251297, -37.4867897034, 15.607881546, -34.4371452332, 8.90543365479, -37.1289482117, -2.54593443871, -22.1899452209, -2.39714598656, -10.6939439774],
        "cov": [[11503.0693359, -425.553924561, 662.627746582, 390.923461914, -336.329833984, 755.04309082, -410.38394165, 549.567504883, -182.515151978, 120.440948486, -275.622680664, 331.233276367, -583.197021484], [-425.553924561, 994.965759277, -747.259094238, -20.0796661377, 27.0318489075, -270.527191162, 172.452194214, -147.850341797, 42.7408409119, -99.3480453491, 85.1446075439, -80.7654876709, 229.736190796], [662.627746582, -747.259094238, 1620.92163086, 15.7594833374, 49.3063240051, 324.172363281, -225.875793457, 207.726974487, -27.828212738, 127.27066803, -118.844909668, 132.785125732, -375.446533203], [390.923461914, -20.0796661377, 15.7594833374, 386.434906006, -38.9702835083, 40.4858283997, 3.63581848145, -52.4408912659, -13.0522098541, -59.1501045227, 7.85800933838, 17.2753162384, 62.4875030518], [-336.329833984, 27.0318489075, 49.3063240051, -38.9702835083, 162.386459351, -3.83118200302, -1.7833148241, -5.75726509094, 16.3477172852, 30.4416122437, -3.90053582191, -12.2454681396, -12.011847496], [755.04309082, -270.527191162, 324.172363281, 40.4858283997, -3.83118200302, 241.665054321, -22.9779434204, 74.6965179443, -31.5767154694, 6.79128026962, -38.8874778748, 52.6642494202, -107.816864014], [-410.38394165, 172.452194214, -225.875793457, 3.63581848145, -1.7833148241, -22.9779434204, 167.114761353, -18.9319763184, 11.4293804169, -37.9432945251, 18.5792007446, -11.2135295868, 64.8463287354], [549.567504883, -147.850341797, 207.726974487, -52.4408912659, -5.75726509094, 74.6965179443, -18.9319763184, 150.337844849, 23.4409446716, 26.413942337, -34.7372016907, 22.3149452209, -92.4717330933], [-182.515151978, 42.7408409119, -27.828212738, -13.0522098541, 16.3477172852, -31.5767154694, 11.4293804169, 23.4409446716, 86.2531890869, 35.4284858704, 4.34941148758, -15.465546608, 4.66727161407], [120.440948486, -99.3480453491, 127.27066803, -59.1501045227, 30.4416122437, 6.79128026962, -37.9432945251, 26.413942337, 35.4284858704, 102.571899414, 5.03745746613, 4.98971796036, -59.4870643616], [-275.622680664, 85.1446075439, -118.844909668, 7.85800933838, -3.90053582191, -38.8874778748, 18.5792007446, -34.7372016907, 4.34941148758, 5.03745746613, 72.3859634399, 2.60557389259, 38.8002853394], [331.233276367, -80.7654876709, 132.785125732, 17.2753162384, -12.2454681396, 52.6642494202, -11.2135295868, 22.3149452209, -15.465546608, 4.98971796036, 2.60557389259, 90.2495498657, -13.1206436157], [-583.197021484, 229.736190796, -375.446533203, 62.4875030518, -12.011847496, -107.816864014, 64.8463287354, -92.4717330933, 4.66727161407, -59.4870643616, 38.8002853394, -13.1206436157, 191.604110718]],
        "icov": [[0.000566331029404, -0.0011687236838, 0.000940615485888, -0.00123572116718, 0.000993916415609, -0.00149949989282, 0.00177330092993, -0.00200287089683, 0.00192371930461, -0.00244448310696, 0.00229554274119, -0.00191215844825, 0.00162138976157], [-0.0011687236838, 0.00463326275349, -0.00162716128398, 0.00280433963053, -0.00267369393259, 0.00449246773496, -0.00468869227916, 0.00480779632926, -0.00510397553444, 0.00699700880796, -0.00568914180622, 0.00397095829248, -0.00322748837061], [0.000940615485888, -0.00162716128398, 0.00324877304956, -0.00248899427243, 0.00108811713289, -0.00274771614932, 0.00375672243536, -0.00341570028104, 0.00304901902564, -0.00421268166974, 0.00472165737301, -0.0048143370077, 0.00492582749575], [-0.00123572116718, 0.00280433963053, -0.00248899427243, 0.00623056665063, -0.00157057505567, 0.00208868412301, -0.00354684237391, 0.00590295530856, -0.00569122703746, 0.00746875721961, -0.00562483398244, 0.00422649504617, -0.00502077676356], [0.000993916415609, -0.00267369393259, 0.00108811713289, -0.00157057505567, 0.0088805463165, -0.00334177049808, 0.0028389969375, -0.00248854001984, 0.00291314278729, -0.0066471057944, 0.00487775588408, -0.00218405504711, 0.00211786199361], [-0.00149949989282, 0.00449246773496, -0.00274771614932, 0.00208868412301, -0.00334177049808, 0.0127447396517, -0.00668180175126, 0.00403539324179, -0.0034649274312, 0.00812760647386, -0.0053254943341, 0.00241445889696, -0.000993439694867], [0.00177330092993, -0.00468869227916, 0.00375672243536, -0.00354684237391, 0.0028389969375, -0.00668180175126, 0.0142914261669, -0.00705200340599, 0.00453370669857, -0.00587279023603, 0.00653191842139, -0.00624999776483, 0.0040307152085], [-0.00200287089683, 0.00480779632926, -0.00341570028104, 0.00590295530856, -0.00248854001984, 0.00403539324179, -0.00705200340599, 0.0198760293424, -0.0128612797707, 0.0112546635792, -0.00570440012962, 0.00423980876803, -0.00113208813127], [0.00192371930461, -0.00510397553444, 0.00304901902564, -0.00569122703746, 0.00291314278729, -0.0034649274312, 0.00453370669857, -0.0128612797707, 0.0254833679646, -0.0176794938743, 0.00854459125549, -0.00344347348437, 0.00222131377086], [-0.00244448310696, 0.00699700880796, -0.00421268166974, 0.00746875721961, -0.0066471057944, 0.00812760647386, -0.00587279023603, 0.0112546635792, -0.0176794938743, 0.0309882462025, -0.0148970428854, 0.00632211007178, -0.0014432441676], [0.00229554274119, -0.00568914180622, 0.00472165737301, -0.00562483398244, 0.00487775588408, -0.0053254943341, 0.00653191842139, -0.00570440012962, 0.00854459125549, -0.0148970428854, 0.0283530261368, -0.0110670132563, 0.00590770319104], [-0.00191215844825, 0.00397095829248, -0.0048143370077, 0.00422649504617, -0.00218405504711, 0.00241445889696, -0.00624999776483, 0.00423980876803, -0.00344347348437, 0.00632211007178, -0.0110670132563, 0.0222938340157, -0.0101958261803], [0.00162138976157, -0.00322748837061, 0.00492582749575, -0.00502077676356, 0.00211786199361, -0.000993439694867, 0.0040307152085, -0.00113208813127, 0.00222131377086, -0.0014432441676, 0.00590770319104, -0.0101958261803, 0.0205800887197]]
    },
    "melbands": {
        "dmean": [0.00123863038607, 0.00286568840966, 0.00155677774455, 0.0005528316251, 0.000321511121001, 0.00014890980674, 0.00010911787831, 8.82658714545e-05, 0.000124416663311, 0.000102373269328, 0.000129052088596, 0.000101677338535, 4.27595805377e-05, 5.87900794926e-05, 8.55584730743e-05, 5.05511125084e-05, 4.66399978905e-05, 3.85586681659e-05, 2.76427635981e-05, 2.74257690762e-05, 2.87299371848e-05, 2.86635022348e-05, 1.75029526872e-05, 1.26777986225e-05, 1.23811578305e-05, 1.32587620101e-05, 1.21746843433e-05, 6.78394371789e-06, 3.74236878997e-06, 2.90205821329e-06, 2.33729747379e-06, 1.81484779205e-06, 1.1845983181e-06, 1.03455192857e-06, 8.09575396943e-07, 1.14394754291e-06, 9.12431232791e-07, 1.09602387965e-06, 9.19195827009e-07, 6.49014396004e-07],
        "dmean2": [0.00209611142054, 0.00501914229244, 0.00252825533971, 0.000892405805644, 0.000530435063411, 0.000255573977483, 0.00018385151634, 0.000152174427058, 0.000201096510864, 0.000164364711964, 0.00019941831124, 0.000159787043231, 7.07921717549e-05, 9.7981588624e-05, 0.00014273171837, 8.5128529463e-05, 7.65615841374e-05, 6.04573033343e-05, 4.22732409788e-05, 4.42859818577e-05, 4.65322882519e-05, 4.61040763184e-05, 2.79951200355e-05, 2.03679210244e-05, 2.00596314244e-05, 2.15487816604e-05, 2.02355058718e-05, 1.09328957478e-05, 5.9346702983e-06, 4.70075838166e-06, 3.72903400603e-06, 2.9377752071e-06, 1.92307015823e-06, 1.7139409465e-06, 1.32015736654e-06, 1.88414742297e-06, 1.4361759213e-06, 1.73286343852e-06, 1.41449390867e-06, 1.00614079201e-06],
        "dvar": [5.32920057594e-06, 2.18509503611e-05, 5.11728740094e-06, 5.42685654636e-07, 2.31877692158e-07, 9.82199850341e-08, 6.24729068477e-08, 6.47826681188e-08, 1.70761438767e-07, 6.79905838297e-08, 6.92442725381e-08, 4.4959072909e-08, 8.78859118814e-09, 1.43954466125e-08, 2.81944956271e-08, 2.03840695434e-08, 1.10726698921e-08, 6.71727873325e-09, 4.73214045726e-09, 2.42531728034e-09, 1.38350697565e-09, 1.5746655091e-09, 8.74601446821e-10, 3.72468472731e-10, 3.07693343027e-10, 4.83335260704e-10, 6.93951396347e-10, 1.04152957092e-10, 3.8918951395e-11, 3.43213513165e-11, 3.24299476162e-11, 2.764632967e-11, 7.54373820355e-12, 3.22721038261e-12, 7.0900260489e-12, 2.54501506675e-11, 1.65023949367e-11, 4.37460345726e-11, 2.29203218904e-11, 8.87742136746e-12],
        "dvar2": [1.36917597047e-05, 6.11369177932e-05, 1.31828192025e-05, 1.34666538543e-06, 6.03391072218e-07, 2.69077588655e-07, 1.58964752472e-07, 1.62367200573e-07, 4.11289647673e-07, 1.6418175619e-07, 1.646030654e-07, 1.19360436202e-07, 2.22711591391e-08, 3.62298706591e-08, 7.38315790727e-08, 5.61518689324e-08, 2.90210913079e-08, 1.50231347362e-08, 1.07626512147e-08, 5.88862203443e-09, 3.51837292634e-09, 4.01440436448e-09, 2.19472751084e-09, 9.24641696542e-10, 7.63681562432e-10, 1.21036003442e-09, 1.89452986632e-09, 2.66041189079e-10, 8.60742033204e-11, 7.73892339101e-11, 7.32609875542e-11, 6.83414227987e-11, 1.83226697703e-11, 8.02430170921e-12, 1.67921180433e-11, 6.45446543435e-11, 4.07681388648e-11, 1.13737186336e-10, 5.63667203191e-11, 2.13379591774e-11],
        "max": [0.0171564836055, 0.0324132293463, 0.0181494131684, 0.00731736794114, 0.00443244259804, 0.00375411985442, 0.00294851558283, 0.00545935612172, 0.0102117992938, 0.00473988242447, 0.00309339817613, 0.00397408148274, 0.00126297224779, 0.00160206225701, 0.00280357408337, 0.00295736500993, 0.0021737832576, 0.00130242854357, 0.000863076595124, 0.000661492755171, 0.000476489949506, 0.000441347103333, 0.000420130847488, 0.00025301030837, 0.000207248609513, 0.000288468349027, 0.000412156281527, 0.000142794582644, 0.000133274457767, 0.000111780958832, 0.000117685318401, 9.19005979085e-05, 5.8861598518e-05, 2.92696513498e-05, 7.41914118407e-05, 0.000123386358609, 8.53153178468e-05, 0.000169712075149, 0.000101659796201, 6.19699567324e-05],
        "mean": [0.00136851449497, 0.0035684844479, 0.00221046130173, 0.000845568312798, 0.000431566732004, 0.00016955700994, 0.000104630868009, 7.75879088906e-05, 0.000134883230203, 0.00010667990864, 0.000156408859766, 0.000135258160299, 5.77716637054e-05, 7.38221569918e-05, 0.000101916739368, 5.49119904463e-05, 6.11092546023e-05, 5.66368580621e-05, 3.59951409337e-05, 3.77739379473e-05, 4.66206874989e-05, 4.6866833145e-05, 2.81786578853e-05, 2.04202733585e-05, 2.02369792532e-05, 2.0114459403e-05, 1.96472828975e-05, 1.22661822388e-05, 7.07098570274e-06, 5.83001519772e-06, 3.99827467845e-06, 2.81077018371e-06, 2.09914560401e-06, 1.80169797659e-06, 1.36729511269e-06, 1.78943764695e-06, 1.45173873989e-06, 1.65102471783e-06, 1.381488687e-06, 9.98467726276e-07],
        "median": [0.000646448577754, 0.00227717170492, 0.00140885473229, 0.000571863900404, 0.000226984062465, 8.59908686834e-05, 3.45535263477e-05, 1.75086752279e-05, 2.282393325e-05, 3.30103175656e-05, 4.05120154028e-05, 4.06655017287e-05, 2.27844266192e-05, 2.450998727e-05, 3.29614522343e-05, 1.62947726494e-05, 2.72164743365e-05, 1.96701075765e-05, 9.8168011391e-06, 1.7473814296e-05, 3.10480390908e-05, 2.93288849207e-05, 1.55948291649e-05, 1.37018851092e-05, 1.41577111208e-05, 1.35783093356e-05, 1.49681300172e-05, 9.03322961676e-06, 4.89114108859e-06, 4.38626557298e-06, 2.46427748607e-06, 1.55636541876e-06, 1.42537010106e-06, 1.34436947974e-06, 8.63737284362e-07, 9.16000828965e-07, 7.45456702589e-07, 6.19897036813e-07, 5.2135118267e-07, 4.16184292362e-07],
        "min": [1.76665636383e-24, 3.80789233179e-24, 6.71939097293e-24, 2.24464099136e-24, 1.96538501978e-24, 2.88746303543e-24, 4.15539818232e-24, 2.63988101248e-24, 4.87622930079e-24, 3.31616180298e-24, 3.14506990277e-24, 4.30660309632e-24, 7.5988912073e-24, 3.22881892634e-24, 3.36871492762e-24, 2.35501387327e-24, 5.70994523151e-24, 2.86823257871e-24, 3.0199812151e-24, 4.5957971376e-24, 5.6096115907e-24, 6.31095942254e-24, 6.77139505038e-24, 6.91002315498e-24, 4.91378341862e-24, 4.87845783285e-24, 4.55507495438e-24, 5.53342419334e-24, 4.40398166419e-24, 5.64555524899e-24, 4.93547591022e-24, 6.32606965875e-24, 5.94922883217e-24, 7.50304618504e-24, 7.10156489365e-24, 6.45939622363e-24, 6.53403548147e-24, 5.38664636673e-24, 7.43345682028e-24, 8.55916448748e-24],
        "var": [4.93852076033e-06, 1.99168625841e-05, 6.56367274132e-06, 8.5716499143e-07, 3.27927068611e-07, 7.91806371581e-08, 5.41492823913e-08, 5.532853109e-08, 1.84511108614e-07, 6.87959769152e-08, 9.2469917945e-08, 6.91593626811e-08, 1.1208579842e-08, 1.87424653575e-08, 3.32920286894e-08, 1.72868936943e-08, 1.32586803758e-08, 1.70542318045e-08, 7.16044068483e-09, 3.47916340182e-09, 2.36856245728e-09, 2.96800028998e-09, 1.39914480002e-09, 5.73236680346e-10, 4.72534178453e-10, 5.75374692335e-10, 6.25794638331e-10, 1.54736390368e-10, 6.98006305533e-11, 5.49818177098e-11, 5.13509929023e-11, 3.76695306892e-11, 9.87476073133e-12, 5.3379657465e-12, 1.11595203564e-11, 3.06319483667e-11, 1.99291503439e-11, 5.67615780767e-11, 3.25455669359e-11, 1.20218140998e-11]
    },
    "mfcc": {
        "mean": [-629.57611084, 109.769050598, -13.4214611053, 36.883644104, 15.6334047318, 10.4486169815, 15.2035980225, 5.5424695015, 1.86234211922, -1.66143846512, -8.30272197723, -4.86509370804, -4.6106004715],
        "cov": [[5651.09570312, -340.96081543, 797.644165039, -84.7097930908, 194.51411438, 109.563575745, -55.0434989929, 458.303344727, -81.2546539307, 160.227371216, 156.894454956, 130.588150024, 34.2446136475], [-340.96081543, 815.501464844, -427.78338623, 28.0754070282, -100.547462463, -77.343170166, 11.0967922211, -69.8833847046, 33.0634727478, -15.8151950836, -25.3373088837, -35.7291183472, 30.4939022064], [797.644165039, -427.78338623, 1140.67834473, -53.0835914612, 277.089660645, 84.3974151611, -29.8434295654, 139.751480103, -93.885093689, 97.5481948853, 107.413505554, 58.6702537537, 3.53788375854], [-84.7097930908, 28.0754070282, -53.0835914612, 261.724578857, -15.1183662415, 33.5411605835, -2.57394313812, -23.5977344513, 21.1423454285, -51.0769081116, -41.1015510559, -20.3178577423, -4.23406267166], [194.51411438, -100.547462463, 277.089660645, -15.1183662415, 234.282623291, 28.8445987701, -23.2062187195, 7.8451423645, -36.0317153931, 66.6326828003, 29.2813949585, 2.96175479889, 9.97453117371], [109.563575745, -77.343170166, 84.3974151611, 33.5411605835, 28.8445987701, 135.826049805, 33.6988258362, 19.0022315979, 1.00576710701, -27.8219184875, 1.3444378376, 11.2632284164, -13.4841165543], [-55.0434989929, 11.0967922211, -29.8434295654, -2.57394313812, -23.2062187195, 33.6988258362, 96.8368606567, 31.6918697357, 5.23484659195, -29.1427745819, -10.479259491, 2.47015714645, -6.24109458923], [458.303344727, -69.8833847046, 139.751480103, -23.5977344513, 7.8451423645, 19.0022315979, 31.6918697357, 143.825958252, 6.85164785385, 9.7668428421, 6.6154384613, 9.75405979156, -3.29201006889], [-81.2546539307, 33.0634727478, -93.885093689, 21.1423454285, -36.0317153931, 1.00576710701, 5.23484659195, 6.85164785385, 85.8346099854, 7.18190670013, -9.38595867157, -5.90015077591, -9.28953170776], [160.227371216, -15.8151950836, 97.5481948853, -51.0769081116, 66.6326828003, -27.8219184875, -29.1427745819, 9.7668428421, 7.18190670013, 115.370582581, 54.1468849182, 9.25120830536, 14.3089761734], [156.894454956, -25.3373088837, 107.413505554, -41.1015510559, 29.2813949585, 1.3444378376, -10.479259491, 6.6154384613, -9.38595867157, 54.1468849182, 96.709487915, 36.626991272, 10.9741859436], [130.588150024, -35.7291183472, 58.6702537537, -20.3178577423, 2.96175479889, 11.2632284164, 2.47015714645, 9.75405979156, -5.90015077591, 9.25120830536, 36.626991272, 62.5217399597, 14.9266719818], [34.2446136475, 30.4939022064, 3.53788375854, -4.23406267166, 9.97453117371, -13.4841165543, -6.24109458923, -3.29201006889, -9.28953170776, 14.3089761734, 10.9741859436, 14.9266719818, 56.8190803528]],
