{
"lowlevel": {
    "average_loudness": 0.939823925495,
    "barkbands_crest": {
        "dmean": 3.05331206322,
        "dmean2": 4.91766786575,
        "dvar": 6.92433357239,
        "dvar2": 15.252614975,
        "max": 23.1824169159,
        "mean": 9.27343082428,
        "median": 8.33628082275,
        "min": 2.18055009842,
        "var": 18.1631622314
    },
    "barkbands_flatness_db": {
        "dmean": 0.0276678688824,
        "dmean2": 0.0419387444854,
        "dvar": 0.000833473226521,
        "dvar2": 0.00164840207435,
        "max": 0.402914464474,
        "mean": 0.104173906147,
        "median": 0.0896266624331,
        "min": 0.0190379656851,
        "var": 0.00305204535834
    },
    "barkbands_kurtosis": {
        "dmean": 3.75545310974,
        "dmean2": 5.96956682205,
        "dvar": 65.6140213013,
        "dvar2": 159.007537842,
        "max": 109.053627014,
        "mean": 2.79679989815,
        "median": -0.378819465637,
        "min": -1.87967026234,
        "var": 81.1989212036
    },
    "barkbands_skewness": {
        "dmean": 0.799717605114,
        "dmean2": 1.20000231266,
        "dvar": 0.748427808285,
        "dvar2": 1.52834546566,
        "max": 9.65856456757,
        "mean": 1.24582803249,
        "median": 0.878945589066,
        "min": -1.89582121372,
        "var": 1.98763811588
    },
    "barkbands_spread": {
        "dmean": 10.2060480118,
        "dmean2": 16.1764698029,
        "dvar": 102.116966248,
        "dvar2": 218.269485474,
        "max": 92.8508758545,
        "mean": 36.3377494812,
        "median": 35.4591712952,
        "min": 0.830559968948,
        "var": 253.017791748
    },
    "dissonance": {
        "dmean": 0.00834675505757,
        "dmean2": 0.0140847591683,
        "dvar": 0.000124020225485,
        "dvar2": 0.000345849141013,
        "max": 0.499993145466,
        "mean": 0.486892431974,
        "median": 0.490311414003,
        "min": 0.23540353775,
        "var": 0.000160374256666
    },
    "dynamic_complexity": 3.10523724556,
    "erbbands_crest": {
        "dmean": 2.12426280975,
        "dmean2": 3.52885651588,
        "dvar": 4.793217659,
        "dvar2": 12.7247428894,
        "max": 27.0753707886,
        "mean": 6.92868804932,
        "median": 5.9686756134,
        "min": 2.28891348839,
        "var": 10.2073402405
    },
    "erbbands_flatness_db": {
        "dmean": 0.0180766656995,
        "dmean2": 0.0270202886313,
        "dvar": 0.00028733725776,
        "dvar2": 0.000612977833953,
        "max": 0.314025998116,
        "mean": 0.12877215445,
        "median": 0.119275689125,
        "min": 0.022140391171,
        "var": 0.00216348003596
    },
    "erbbands_kurtosis": {
        "dmean": 0.993293404579,
        "dmean2": 1.61179864407,
        "dvar": 1.63291418552,
        "dvar2": 4.25309467316,
        "max": 16.3218536377,
        "mean": 0.531706571579,
        "median": 0.237495660782,
        "min": -1.6920580864,
        "var": 2.72033166885
    },
    "erbbands_skewness": {
        "dmean": 0.369769901037,
        "dmean2": 0.569817900658,
        "dvar": 0.156220152974,
        "dvar2": 0.35602709651,
        "max": 3.63324689865,
        "mean": -0.528193831444,
        "median": -0.612938284874,
        "min": -3.39803195,
        "var": 0.376051515341
    },
    "erbbands_spread": {
        "dmean": 10.8640899658,
        "dmean2": 16.7998771667,
        "dvar": 118.540092468,
        "dvar2": 271.213409424,
        "max": 142.586685181,
        "mean": 41.1823654175,
        "median": 36.795375824,
        "min": 6.80543994904,
        "var": 345.770935059
    },
    "hfc": {
        "dmean": 9.29361152649,
        "dmean2": 13.3942337036,
        "dvar": 181.144790649,
        "dvar2": 409.127990723,
        "max": 134.395309448,
        "mean": 23.4344482422,
        "median": 17.7725696564,
        "min": 1.15905778276e-16,
        "var": 399.839355469
    },
    "melbands_crest": {
        "dmean": 3.8968873024,
        "dmean2": 6.2472410202,
        "dvar": 10.40666008,
        "dvar2": 24.9080200195,
        "max": 30.7197589874,
        "mean": 14.7141742706,
        "median": 14.5034046173,
        "min": 1.79072976112,
        "var": 27.7910060883
    },
    "melbands_flatness_db": {
        "dmean": 0.0390991680324,
        "dmean2": 0.0578284226358,
        "dvar": 0.00157987198327,
        "dvar2": 0.00295953685418,
        "max": 0.517542898655,
        "mean": 0.174166202545,
        "median": 0.157148584723,
        "min": 0.00525337504223,
        "var": 0.00533990981057
    },
    "melbands_kurtosis": {
        "dmean": 12.829240799,
        "dmean2": 19.8884487152,
        "dvar": 513.267822266,
        "dvar2": 1133.43286133,
        "max": 355.681243896,
        "mean": 16.8195209503,
        "median": 5.49528598785,
        "min": -1.74625015259,
        "var": 920.797485352
    },
    "melbands_skewness": {
        "dmean": 1.22150838375,
        "dmean2": 1.83664810658,
        "dvar": 1.69151091576,
        "dvar2": 3.266040802,
        "max": 14.3640947342,
        "mean": 3.02751541138,
        "median": 2.43042516708,
        "min": -0.602342307568,
        "var": 5.09474992752
    },
    "melbands_spread": {
        "dmean": 13.9673156738,
        "dmean2": 21.9124584198,
        "dvar": 222.678329468,
        "dvar2": 489.254394531,
        "max": 171.130722046,
        "mean": 36.3035507202,
        "median": 35.4409141541,
        "min": 0.726831138134,
        "var": 511.702911377
    },
    "pitch_salience": {
        "dmean": 0.0958886891603,
        "dmean2": 0.155222639441,
        "dvar": 0.0063290623948,
        "dvar2": 0.0165710691363,
        "max": 0.86433249712,
        "mean": 0.554168820381,
        "median": 0.568374574184,
        "min": 0.149010851979,
        "var": 0.0161275006831
    },
    "silence_rate_20dB": {
        "dmean": 0,
        "dmean2": 0,
        "dvar": 0,
        "dvar2": 0,
        "max": 1,
        "mean": 1,
        "median": 1,
        "min": 1,
        "var": 0
    },
    "silence_rate_30dB": {
        "dmean": 0,
        "dmean2": 0,
        "dvar": 0,
        "dvar2": 0,
        "max": 1,
        "mean": 1,
        "median": 1,
        "min": 1,
        "var": 0
    },
    "silence_rate_60dB": {
        "dmean": 0.0174148604274,
        "dmean2": 0.0348432064056,
        "dvar": 0.0171131379902,
        "dvar2": 0.0429197847843,
        "max": 1,
        "mean": 0.0943907126784,
        "median": 0,
        "min": 0,
        "var": 0.0854825824499
    },
    "spectral_centroid": {
        "dmean": 386.235015869,
        "dmean2": 593.288513184,
        "dvar": 162264.09375,
        "dvar2": 335851.3125,
        "max": 11530.2285156,
        "mean": 2145.66137695,
        "median": 2227.18896484,
        "min": 183.465637207,
        "var": 593557.5625
    },
    "spectral_complexity": {
        "dmean": 6.22948932648,
        "dmean2": 8.99419307709,
        "dvar": 39.7288589478,
        "dvar2": 69.081413269,
        "max": 58,
        "mean": 24.8154735565,
        "median": 25,
        "min": 0,
        "var": 177.830215454
    },
    "spectral_decrease": {
        "dmean": 2.65320232451e-09,
        "dmean2": 4.16791801072e-09,
        "dvar": 1.32482313969e-17,
        "dvar2": 2.72232931633e-17,
        "max": 8.47812778224e-29,
        "mean": -5.50600365301e-09,
        "median": -4.19983292588e-09,
        "min": -2.73566485021e-08,
        "var": 2.08192840219e-17
    },
    "spectral_energy": {
        "dmean": 0.0105645423755,
        "dmean2": 0.0164950191975,
        "dvar": 0.000203017087188,
        "dvar2": 0.000412739347667,
        "max": 0.105566903949,
        "mean": 0.0229064915329,
        "median": 0.0176899954677,
        "min": 1.05010013308e-20,
        "var": 0.000335890770657
    },
    "spectral_energyband_high": {
        "dmean": 0.000593584030867,
        "dmean2": 0.000904018757865,
        "dvar": 1.81636107754e-06,
        "dvar2": 4.43525686933e-06,
        "max": 0.0193790197372,
        "mean": 0.00113736838102,
        "median": 0.000870859483257,
        "min": 7.54710543605e-21,
        "var": 2.01057378035e-06
    },
    "spectral_energyband_low": {
        "dmean": 0.00769603438675,
        "dmean2": 0.0124949263409,
        "dvar": 0.00016751466319,
        "dvar2": 0.000349580019247,
        "max": 0.0981297120452,
        "mean": 0.0112423058599,
        "median": 0.00658715795726,
        "min": 4.63993500965e-23,
        "var": 0.000204814408789
    },
    "spectral_energyband_middle_high": {
        "dmean": 0.00267523480579,
        "dmean2": 0.00388364423998,
        "dvar": 1.87001951417e-05,
        "dvar2": 3.99423879571e-05,
        "max": 0.0492484048009,
        "mean": 0.00636349339038,
        "median": 0.00330118066631,
        "min": 1.5261496438e-21,
        "var": 5.27366573806e-05
    },
    "spectral_energyband_middle_low": {
        "dmean": 0.00311856926419,
        "dmean2": 0.00504536274821,
        "dvar": 2.22326125368e-05,
        "dvar2": 5.55683873245e-05,
        "max": 0.053369704634,
        "mean": 0.00520348595455,
        "median": 0.00331816542894,
        "min": 2.12485856869e-22,
        "var": 3.2146632293e-05
    },
    "spectral_entropy": {
        "dmean": 0.137127950788,
        "dmean2": 0.205194637179,
        "dvar": 0.0295502506196,
        "dvar2": 0.0626734495163,
        "max": 9.80618000031,
        "mean": 7.87068939209,
        "median": 7.93913078308,
        "min": 5.65329408646,
        "var": 0.0969348996878
    },
    "spectral_flux": {
        "dmean": 0.030858034268,
        "dmean2": 0.0504217371345,
        "dvar": 0.00129832758103,
        "dvar2": 0.00343207735568,
        "max": 0.263999432325,
        "mean": 0.0914251208305,
        "median": 0.0844413340092,
        "min": 6.78182787706e-11,
        "var": 0.00234319712035
    },
    "spectral_kurtosis": {
        "dmean": 1.35722327232,
        "dmean2": 2.23888635635,
        "dvar": 4.22656869888,
        "dvar2": 12.139831543,
        "max": 33.9084663391,
        "mean": 4.53138399124,
        "median": 4.35520505905,
        "min": -1.23818206787,
        "var": 4.43762254715
    },
    "spectral_rms": {
        "dmean": 0.00101061607711,
        "dmean2": 0.00155824515969,
        "dvar": 1.44485011333e-06,
        "dvar2": 2.75241563941e-06,
        "max": 0.0101485028863,
        "mean": 0.00434974720702,
        "median": 0.00415433896706,
        "min": 3.20076235481e-12,
        "var": 3.42750672644e-06
    },
    "spectral_rolloff": {
        "dmean": 870.611938477,
        "dmean2": 1434.83532715,
        "dvar": 1224777,
        "dvar2": 2566399.25,
        "max": 19595.2148438,
        "mean": 2227.29052734,
        "median": 2347.11914062,
        "min": 86.1328125,
        "var": 2784749.75
    },
    "spectral_skewness": {
        "dmean": 0.218350723386,
        "dmean2": 0.347721099854,
        "dvar": 0.06752166152,
        "dvar2": 0.17102791369,
        "max": 4.12030315399,
        "mean": 1.35478115082,
        "median": 1.38522946835,
        "min": -0.0634321719408,
        "var": 0.157492861152
    },
    "spectral_spread": {
        "dmean": 603270.8125,
        "dmean2": 869129.1875,
        "dvar": 785958764544,
        "dvar2": 1.61312735232e+12,
        "max": 41751260,
        "mean": 4488015.5,
        "median": 4283893.5,
        "min": 1525343.375,
        "var": 4.88012251136e+12
    },
    "spectral_strongpeak": {
        "dmean": 0.415114790201,
        "dmean2": 0.725094556808,
        "dvar": 0.789346635342,
        "dvar2": 2.03137898445,
        "max": 9.29645061493,
        "mean": 0.585695743561,
        "median": 0.242032214999,
        "min": 7.91917809106e-10,
        "var": 1.18792545795
    },
    "zerocrossingrate": {
        "dmean": 0.0159061774611,
        "dmean2": 0.0192584712058,
        "dvar": 0.000246792187681,
        "dvar2": 0.000406621053116,
        "max": 0.509765625,
        "mean": 0.082835920155,
        "median": 0.08203125,
        "min": 0.005859375,
        "var": 0.00161193299573
    },
    "barkbands": {
        "dmean": [5.66720264032e-05, 0.00497803930193, 0.00329298176803, 0.00111721118446, 0.00141051597893, 0.000541578745469, 0.000280491280137, 0.000419530668296, 0.000537846179213, 0.000438756658696, 0.000269208831014, 0.000434386602137, 0.000339891266776, 0.000665893137921, 0.000480965187307, 0.000373512448277, 0.000402672652854, 0.00029481947422, 0.000350056303432, 0.000316477322485, 0.000166647165315, 0.000100045508589, 7.13332046871e-05, 8.51185104693e-05, 4.98998670082e-05, 7.13804838597e-05, 3.48286666849e-05],
        "dmean2": [8.87710266397e-05, 0.00812496896833, 0.00555114168674, 0.0018356005894, 0.00241901236586, 0.000909792492166, 0.000483836396597, 0.000652855669614, 0.000875591533259, 0.00071225699503, 0.000433887529653, 0.000679575605318, 0.00054606073536, 0.0010513891466, 0.000756065885071, 0.000593921751715, 0.000652244954836, 0.000472994957818, 0.000550753960852, 0.00049210555153, 0.000269110547379, 0.000157693648362, 0.000116030823847, 0.000137468116009, 7.80414193287e-05, 0.000111531473522, 5.55419937882e-05],
        "dvar": [1.19115606267e-08, 7.54703214625e-05, 2.56408566202e-05, 2.92354911835e-06, 7.08581274012e-06, 1.53924713686e-06, 1.07596906673e-06, 1.00170859696e-06, 2.2296262614e-06, 1.25817359731e-06, 4.4349746986e-07, 1.06088089069e-06, 6.77810874095e-07, 2.81515076495e-06, 1.47593402744e-06, 4.4023786927e-07, 8.2758708686e-07, 2.13481570199e-07, 4.22865895189e-07, 2.35115649616e-07, 1.67190179923e-07, 7.09738117166e-08, 6.28427088145e-08, 1.33155950266e-07, 1.1951943435e-08, 1.67900804371e-08, 4.11282874424e-09],
        "dvar2": [2.87096924012e-08, 0.000158494120114, 6.53327733744e-05, 7.0064143074e-06, 1.99091882678e-05, 4.1181629058e-06, 2.97619453704e-06, 2.1884875423e-06, 5.74800287723e-06, 3.21430388794e-06, 1.10854614377e-06, 2.44250895776e-06, 1.57262741141e-06, 6.82487871018e-06, 3.59641921932e-06, 1.09338157017e-06, 2.1637122245e-06, 5.22007042036e-07, 1.01917680695e-06, 5.17408352607e-07, 4.22171950731e-07, 1.81275126465e-07, 1.56233056714e-07, 3.37589426636e-07, 3.14399279944e-08, 3.9466485191e-08, 9.96849180979e-09],
        "max": [0.00127299095038, 0.0719759911299, 0.0386917814612, 0.0307596884668, 0.026962697506, 0.0222942978144, 0.0224303677678, 0.0152838099748, 0.0192822050303, 0.0211069770157, 0.0127758476883, 0.016312526539, 0.0133607303724, 0.0224752742797, 0.0190732385963, 0.00961392559111, 0.019862735644, 0.00848201941699, 0.0119927860796, 0.00799437891692, 0.00794560462236, 0.0062939664349, 0.00367627665401, 0.00632083229721, 0.00163939222693, 0.00215854216367, 0.000690414803103],
        "mean": [6.46485932521e-05, 0.00640953565016, 0.00382362678647, 0.00132687727455, 0.00162862672005, 0.000659668294247, 0.000276390346698, 0.00046968497918, 0.00063688843511, 0.000567340408452, 0.00037003585021, 0.000724005571101, 0.000418330193497, 0.000903821608517, 0.000670186302159, 0.000632129900623, 0.000685678678565, 0.000519985973369, 0.000636815442704, 0.000611547555309, 0.000286270311335, 0.000148584498675, 0.000101724042906, 0.000116850373161, 8.6012398242e-05, 9.28365916479e-05, 3.79703014914e-05],
        "median": [1.75648474396e-05, 0.00324242329225, 0.00205043400638, 0.000673263741191, 0.000719573348761, 0.000252535275649, 0.000107602922071, 9.50851099333e-05, 0.000178720161784, 0.000158304086654, 0.000120754353702, 0.000144200079376, 0.00012885290198, 0.000306270754663, 0.000123106685351, 0.000345398060745, 0.000450826104498, 0.000357495533535, 0.000350694637746, 0.000490177189931, 0.000204438707442, 8.57677587192e-05, 6.02587679168e-05, 6.72601745464e-05, 5.70779775444e-05, 4.07771149185e-05, 9.91318029264e-06],
        "min": [1.03409409483e-23, 1.0114081118e-23, 1.32070777208e-23, 1.32495914071e-24, 2.33693621844e-23, 2.15319552526e-23, 8.53956366056e-24, 1.79222492349e-23, 2.10618635728e-23, 3.52308688151e-23, 3.63811353e-23, 8.34074184014e-23, 6.91946124462e-23, 4.17718257621e-23, 7.45754957896e-23, 5.95917392272e-23, 1.16641579291e-22, 9.7827505448e-23, 1.83556989566e-22, 2.80075383498e-22, 3.13461264428e-22, 3.42795429531e-22, 5.17910282125e-22, 7.5340629021e-22, 1.03996949298e-21, 1.54644676983e-21, 2.16688705824e-21],
        "var": [1.48586272175e-08, 8.88291106094e-05, 2.63860747509e-05, 3.68035307474e-06, 6.63417722535e-06, 1.54127326368e-06, 7.43921475532e-07, 1.33693811222e-06, 2.28175031225e-06, 1.65174492395e-06, 6.65627567287e-07, 2.85343708128e-06, 8.55874816352e-07, 4.05222544941e-06, 3.50436721419e-06, 7.869697356e-07, 9.31121746817e-07, 3.79094359459e-07, 6.86553846663e-07, 3.93096570406e-07, 1.6630744426e-07, 6.7002098092e-08, 5.64303412887e-08, 1.09545851501e-07, 1.2972534158e-08, 2.12740722816e-08, 4.77096273599e-09]
    },
    "erbbands": {
        "dmean": [0.116810470819, 1.26670217514, 3.59144043922, 4.10410785675, 2.54196619987, 6.08223676682, 5.79402446747, 4.28123855591, 4.1584353447, 4.79287290573, 10.9007635117, 11.0087089539, 14.0241947174, 12.2766151428, 10.2322645187, 18.2033138275, 15.5083398819, 32.9549293518, 23.5710163116, 21.0288105011, 21.9623603821, 22.485748291, 15.9362878799, 16.0552387238, 18.0656528473, 14.5911073685, 8.55788993835, 5.5992064476, 3.6843791008, 2.54326105118, 2.0225148201, 2.10811376572, 1.21222400665, 0.586198210716, 0.354050308466, 0.246375143528, 0.144682615995, 0.0443752259016, 0.00607719598338, 0.000255951919826],
        "dmean2": [0.188843503594, 2.08486819267, 6.20223808289, 6.7356171608, 4.18481731415, 10.5135822296, 10.0945291519, 7.21452522278, 7.06245183945, 8.05258750916, 16.6895961761, 17.7078723907, 22.9091701508, 20.0124282837, 15.9895877838, 28.4114551544, 24.1078701019, 51.5166702271, 36.1145248413, 32.9659309387, 34.8092346191, 36.1122283936, 25.3989601135, 24.7069225311, 28.4574623108, 22.7715988159, 13.7160291672, 8.99727725983, 5.82413339615, 4.00952100754, 3.30365991592, 3.42252445221, 1.97761368752, 0.941354334354, 0.552572727203, 0.380427837372, 0.228185027838, 0.070876814425, 0.00976160075516, 0.000404436694225],
        "dvar": [0.0502831488848, 4.72136545181, 31.8498840332, 36.453037262, 17.1512050629, 152.991348267, 173.330291748, 106.437423706, 206.314285278, 162.145767212, 667.37512207, 1106.82067871, 1595.41174316, 880.741088867, 614.45135498, 1982.87963867, 1256.31787109, 7575.91552734, 2898.28271484, 2681.88842773, 1482.75488281, 2642.64404297, 641.66003418, 949.733093262, 1009.61871338, 539.077636719, 262.515197754, 285.880645752, 100.605628967, 44.1191864014, 61.0307655334, 100.525344849, 19.9682064056, 2.13254642487, 0.583196759224, 0.196859478951, 0.0756955742836, 0.00641860533506, 0.000131776672788, 2.6657755825e-07],
        "dvar2": [0.106620043516, 10.5001773834, 82.7088317871, 85.7505493164, 42.9130020142, 433.158050537, 496.384399414, 278.226837158, 557.810546875, 437.920166016, 1444.66516113, 2818.13208008, 4264.91015625, 2172.6796875, 1561.90722656, 4538.60644531, 2716.99389648, 18671.1132812, 6511.6640625, 6588.95458984, 3616.95092773, 6909.57714844, 1520.81481934, 2296.7722168, 2421.14794922, 1177.11804199, 640.720703125, 751.31640625, 253.398330688, 111.97719574, 152.612594604, 256.547149658, 50.9891777039, 5.62791395187, 1.52913284302, 0.480293571949, 0.179539844394, 0.0151327829808, 0.000319419108564, 6.74883438023e-07],
        "max": [1.73979330063, 17.7588481903, 42.2479858398, 59.8724403381, 93.460144043, 139.729278564, 222.356628418, 155.495071411, 327.053527832, 308.798278809, 418.437072754, 502.239044189, 752.005249023, 473.193450928, 511.004943848, 707.544250488, 611.816772461, 1187.68322754, 906.755310059, 876.997192383, 615.813293457, 1144.44616699, 526.825866699, 647.742797852, 692.140136719, 425.043426514, 271.817871094, 434.893432617, 193.268707275, 133.201766968, 115.027015686, 177.920349121, 88.9525680542, 17.8363132477, 14.2264490128, 5.78707933426, 5.13007640839, 1.02400612831, 0.133023694158, 0.00992237310857],
        "mean": [0.130272641778, 1.63210356236, 4.34995412827, 5.06422615051, 3.52062273026, 6.37453699112, 6.51696920395, 4.9072303772, 4.37029600143, 5.06381511688, 12.6011247635, 12.8799705505, 18.5574111938, 18.4072933197, 16.2920055389, 30.296705246, 21.9056358337, 44.2393226624, 34.1415405273, 32.5102920532, 40.2987289429, 39.4234046936, 30.2529373169, 28.4693088531, 33.9744606018, 28.5117683411, 16.0808448792, 9.0290927887, 5.46840429306, 3.86405348778, 2.71860218048, 2.68535065651, 1.76450693607, 0.980155587196, 0.592794835567, 0.359356313944, 0.176725447178, 0.0493201576173, 0.00670852372423, 0.000302940112306],
        "median": [0.0459364764392, 0.886009633541, 2.52520823479, 2.54488778114, 2.00351285934, 2.36840367317, 2.48818254471, 1.83499014378, 1.67465400696, 1.91048932076, 2.21630740166, 3.85496997833, 5.74041223526, 5.21495819092, 5.38474702835, 6.62862682343, 6.62820863724, 13.1576499939, 10.3940696716, 9.36521244049, 24.1623973846, 25.7390270233, 21.5614929199, 15.5469417572, 21.9233341217, 22.7173633575, 12.941236496, 5.99098873138, 3.20301914215, 2.42113804817, 1.44540774822, 1.36364662647, 1.11995267868, 0.657527387142, 0.355866223574, 0.191925495863, 0.0667096599936, 0.0139662958682, 0.0017404849641, 0.000110491535452],
        "min": [3.37069864459e-22, 1.26890344051e-21, 1.69319687019e-20, 1.17192218844e-20, 2.62676793448e-20, 9.34006917385e-20, 8.25393837806e-20, 2.30428711365e-19, 2.25182525125e-19, 2.13497190181e-19, 5.19921633984e-19, 4.70505812492e-19, 8.79090435291e-19, 1.93031715606e-18, 1.85912275471e-18, 3.02177577046e-18, 2.60411428801e-18, 2.73486982936e-18, 3.88751974997e-18, 4.87013835297e-18, 3.87845012814e-18, 7.2770718081e-18, 4.87360258537e-18, 6.66072836675e-18, 9.16047107301e-18, 1.54990915869e-17, 1.12259741498e-17, 1.37009812606e-17, 1.28338809117e-17, 1.48397359945e-17, 1.5096082575e-17, 1.66586648025e-17, 1.04391434075e-17, 9.51288061964e-18, 7.90309946647e-18, 4.77403568222e-18, 3.11441979227e-18, 1.19842712968e-18, 2.87040978338e-19, 2.8190838726e-20],
        "var": [0.056171528995, 5.2880487442, 31.2817878723, 43.9967308044, 21.3536243439, 133.171966553, 146.383636475, 104.605865479, 164.004196167, 130.616729736, 925.88067627, 1064.93688965, 1940.04333496, 1632.29162598, 990.783874512, 5322.67285156, 1912.84777832, 10977.1845703, 5616.56494141, 6273.74414062, 2833.35864258, 2992.49414062, 1190.8927002, 1486.54846191, 1537.85205078, 893.700378418, 319.278900146, 245.163223267, 95.7964248657, 42.3775901794, 53.1448554993, 82.4928970337, 16.4030742645, 1.97768127918, 0.669026434422, 0.260770618916, 0.0894079133868, 0.00758092664182, 0.000153080793098, 2.75150568996e-07]
    },
    "gfcc": {
        "mean": [10.7755002975, 64.1870803833, -112.4347229, 43.8415756226, -26.582660675, 8.21162509918, -23.8804035187, 10.5348978043, -27.8520832062, 1.51824736595, -18.868642807, -3.57600498199, -9.6997718811],
        "cov": [[9781.59863281, -2125.86816406, 189.840927124, -156.691055298, -572.23449707, 731.617248535, -444.207672119, 533.308898926, -4.2220044136, 317.676239014, 20.2493019104, 349.802856445, -379.783233643], [-2125.86816406, 2043.23547363, -867.817993164, 188.313903809, 95.6609954834, -421.561981201, 129.710327148, -364.473602295, -65.8875579834, -226.831298828, 29.7327747345, -234.241241455, 207.513931274], [189.840927124, -867.817993164, 1020.38421631, 8.19186496735, 135.789169312, 170.534057617, -20.4609642029, 157.023132324, 57.6323394775, 117.941680908, -10.7789316177, 103.44468689, -91.8909606934], [-156.691055298, 188.313903809, 8.19186496735, 274.655059814, 13.0686635971, -6.69362545013, -9.91182327271, -49.5341110229, 4.22928094864, -25.5634365082, 10.0222816467, -36.5292739868, 34.5448646545], [-572.23449707, 95.6609954834, 135.789169312, 13.0686635971, 281.406066895, -18.1017475128, 85.7851104736, -7.06633520126, 13.6283302307, 11.9199924469, -26.7878494263, -20.7983398438, 25.7044010162], [731.617248535, -421.561981201, 170.534057617, -6.69362545013, -18.1017475128, 227.493103027, -19.0218601227, 112.026893616, 8.11827754974, 45.0936470032, 6.31100559235, 65.5400390625, -57.5203590393], [-444.207672119, 129.710327148, -20.4609642029, -9.91182327271, 85.7851104736, -19.0218601227, 160.777420044, 17.8996353149, -1.38879609108, -26.10247612, -5.73133659363, -16.3823623657, 8.63801383972], [533.308898926, -364.473602295, 157.023132324, -49.5341110229, -7.06633520126, 112.026893616, 17.8996353149, 170.152755737, 32.8918914795, 54.3221626282, -3.29345440865, 48.6449966431, -52.5113182068], [-4.2220044136, -65.8875579834, 57.6323394775, 4.22928094864, 13.6283302307, 8.11827754974, -1.38879609108, 32.8918914795, 71.8994750977, 39.6690864563, 3.16148352623, -5.47149991989, -10.6010303497], [317.676239014, -226.831298828, 117.941680908, -25.5634365082, 11.9199924469, 45.0936470032, -26.10247612, 54.3221626282, 39.6690864563, 91.8706512451, 10.4354457855, 28.2478294373, -29.0661830902], [20.2493019104, 29.7327747345, -10.7789316177, 10.0222816467, -26.7878494263, 6.31100559235, -5.73133659363, -3.29345440865, 3.16148352623, 10.4354457855, 59.2798461914, 17.5056095123, -5.08710098267], [349.802856445, -234.241241455, 103.44468689, -36.5292739868, -20.7983398438, 65.5400390625, -16.3823623657, 48.6449966431, -5.47149991989, 28.2478294373, 17.5056095123, 81.993812561, -14.4518566132], [-379.783233643, 207.513931274, -91.8909606934, 34.5448646545, 25.7044010162, -57.5203590393, 8.63801383972, -52.5113182068, -10.6010303497, -29.0661830902, -5.08710098267, -14.4518566132, 82.8170013428]],
        "icov": [[0.000216457730858, 3.47353161487e-05, 0.000199003538, -0.000147200131323, 0.000145437632455, -0.000252079596976, 0.000387242471334, -0.000323878397467, 0.000312474643579, -0.000411264307331, 0.000315152487019, -0.000438961520558, 0.000560250657145], [3.47353161487e-05, 0.00204021832906, 0.000961906625889, -0.000528235861566, -0.000823174952529, 0.00120562291704, -0.000525199982803, 0.000951405789237, -0.000103467136796, 0.00163817394059, -0.00227013113908, 0.00210471614264, -0.00112480344251], [0.000199003538, 0.000961906625889, 0.00225432869047, -0.000949214561842, -0.001340587507, 0.000314470293233, 0.000548831711058, -0.00029133586213, -0.000345407956047, -7.21523538232e-05, -7.29962857804e-06, -0.001413467573, 0.0014755068114], [-0.000147200131323, -0.000528235861566, -0.000949214561842, 0.00493500987068, 0.000228061806411, -0.0016485293163, 0.000307207548758, 0.000956718751695, -0.000955426949076, 0.001025103149, -0.00151472759899, 0.00285706715658, -0.00246134167537], [0.000145437632455, -0.000823174952529, -0.001340587507, 0.000228061806411, 0.00623042089865, -0.00109971791971, -0.002968800487, 0.000852158584166, 0.000448124745162, -0.00357796158642, 0.00309350830503, 0.00049765908625, -0.00162215612363], [-0.000252079596976, 0.00120562291704, 0.000314470293233, -0.0016485293163, -0.00109971791971, 0.00951709970832, 0.000169757389813, -0.00306463520974, 0.000798580585979, 0.00150516012218, -0.00124779948965, -0.00249761622399, 0.00196817540564], [0.000387242471334, -0.000525199982803, 0.000548831711058, 0.000307207548758, -0.002968800487, 0.000169757389813, 0.0102733438835, -0.00451503880322, 0.000328337802785, 0.00328447390348, -0.000733536551706, -0.000512172409799, 0.00173796433955], [-0.000323878397467, 0.000951405789237, -0.00029133586213, 0.000956718751695, 0.000852158584166, -0.00306463520974, -0.00451503880322, 0.0142764234915, -0.00459860032424, -0.00150042935275, 0.00161218235735, -0.00173174461816, 0.00122015993111], [0.000312474643579, -0.000103467136796, -0.000345407956047, -0.000955426949076, 0.000448124745162, 0.000798580585979, 0.000328337802785, -0.00459860032424, 0.022121720016, -0.0101904449984, -0.00121091224719, 0.00578382611275, -0.00063691631658], [-0.000411264307331, 0.00163817394059, -7.21523538232e-05, 0.001025103149, -0.00357796158642, 0.00150516012218, 0.00328447390348, -0.00150042935275, -0.0101904449984, 0.0239629354328, -0.00566817540675, -0.00114503549412, 0.000921403465327], [0.000315152487019, -0.00227013113908, -7.29962857804e-06, -0.00151472759899, 0.00309350830503, -0.00124779948965, -0.000733536551706, 0.00161218235735, -0.00121091224719, -0.00566817540675, 0.024202408269, -0.0103056291118, 0.00457306671888], [-0.000438961520558, 0.00210471614264, -0.001413467573, 0.00285706715658, 0.00049765908625, -0.00249761622399, -0.000512172409799, -0.00173174461816, 0.00578382611275, -0.00114503549412, -0.0103056291118, 0.0276775062084, -0.00844536256045], [0.000560250657145, -0.00112480344251, 0.0014755068114, -0.00246134167537, -0.00162215612363, 0.00196817540564, 0.00173796433955, 0.00122015993111, -0.00063691631658, 0.000921403465327, 0.00457306671888, -0.00844536256045, 0.0216381568462]]
    },
    "melbands": {
        "dmean": [0.00122637394816, 0.00177942309529, 0.000622856896371, 0.000289311341476, 0.000227393771638, 9.66745865298e-05, 6.23334344709e-05, 5.95004821662e-05, 9.18451260077e-05, 7.11948450771e-05, 7.06100472598e-05, 5.11180296598e-05, 3.47441709891e-05, 4.64277145511e-05, 4.57044043287e-05, 3.83823498851e-05, 6.56086704112e-05, 3.91746143578e-05, 3.87385443901e-05, 2.31758203881e-05, 2.81697321043e-05, 2.62393732555e-05, 1.65272213053e-05, 1.54826066137e-05, 1.37786337291e-05, 1.37573151733e-05, 1.43110592035e-05, 9.22438175621e-06, 6.1142272898e-06, 4.33105924458e-06, 3.15057195621e-06, 2.30681871471e-06, 1.68345400198e-06, 1.36521350669e-06, 1.14068734547e-06, 1.3752594441e-06, 1.29059969822e-06, 9.34147351472e-07, 7.17305340459e-07, 4.39926793661e-07],
        "dmean2": [0.00199940404855, 0.00300226686522, 0.00101845804602, 0.000487800163683, 0.000397857569624, 0.000161774107255, 0.000105682280264, 9.79722099146e-05, 0.000140182295581, 0.000115757909953, 0.000115666836791, 8.39539061417e-05, 5.51175544388e-05, 7.12630935595e-05, 7.15099376976e-05, 5.97268699494e-05, 0.00010361304885, 6.09331109445e-05, 6.17204641458e-05, 3.71203059331e-05, 4.53338252555e-05, 4.27104823757e-05, 2.67342638836e-05, 2.48046380875e-05, 2.13053153857e-05, 2.18493678403e-05, 2.25969070016e-05, 1.46750244312e-05, 9.87643397821e-06, 7.13459849067e-06, 5.07141794515e-06, 3.68855057786e-06, 2.68168287221e-06, 2.18703257815e-06, 1.87263208318e-06, 2.26851420848e-06, 2.12260124499e-06, 1.54383371864e-06, 1.17130741728e-06, 7.09998403181e-07],
        "dvar": [4.95882613905e-06, 8.45856629894e-06, 8.19316085199e-07, 2.5360628797e-07, 2.62005471541e-07, 5.08846227376e-08, 4.7318902574e-08, 2.12928483734e-08, 4.73695642711e-08, 4.24683825884e-08, 4.02300734947e-08, 1.57877462215e-08, 7.87287568471e-09, 1.32917934437e-08, 1.07680646622e-08, 9.0608374137e-09, 3.24316644651e-08, 9.24334209174e-09, 1.21096093153e-08, 2.28762386811e-09, 2.62305799303e-09, 3.91410992506e-09, 9.48685019431e-10, 5.87296433707e-10, 7.72313824005e-10, 5.88199988716e-10, 5.78060432854e-10, 2.32054694904e-10, 1.16293613628e-10, 1.02184712081e-10, 1.07431993857e-10, 4.47397743852e-11, 1.40399558299e-11, 1.36177163296e-11, 1.87953905911e-11, 3.8372350436e-11, 3.65412977654e-11, 1.24640566965e-11, 4.66246702704e-12, 9.57145278833e-13],
        "dvar2": [1.01225869003e-05, 2.07110988413e-05, 1.89146874163e-06, 6.98345957062e-07, 7.48571665099e-07, 1.33029445237e-07, 1.28710169633e-07, 5.41976241664e-08, 1.04646048271e-07, 1.09807295701e-07, 1.07775925073e-07, 3.89615628649e-08, 2.00092191704e-08, 3.03159986004e-08, 2.51596112832e-08, 2.10992414651e-08, 8.1389522677e-08, 2.14502673401e-08, 3.07932843668e-08, 5.83473758198e-09, 6.5606333699e-09, 1.03723616363e-08, 2.31904806469e-09, 1.44720968542e-09, 1.88132220913e-09, 1.35946109925e-09, 1.36716749033e-09, 5.11738096343e-10, 2.8780583472e-10, 2.54718607318e-10, 2.88488788414e-10, 1.15284823354e-10, 3.4389859016e-11, 3.47370084086e-11, 4.80975606565e-11, 9.43995576153e-11, 9.50316006443e-11, 3.19184782771e-11, 1.23100609567e-11, 2.53106411698e-12],
        "max": [0.0174735337496, 0.0225170440972, 0.0100994119421, 0.00487097166479, 0.00794801767915, 0.0035559493117, 0.00485186511651, 0.00292701506987, 0.00316054746509, 0.00279887462966, 0.00376474345103, 0.00205631367862, 0.00195768498816, 0.00188954849727, 0.00181446096394, 0.00171772518661, 0.00259996275418, 0.00154681934509, 0.00204997858964, 0.000567234645132, 0.000809089746326, 0.00148825056385, 0.00047140289098, 0.000515475810971, 0.000599281745963, 0.000358290155418, 0.000513833481818, 0.000296353100566, 0.000185181314009, 0.000126788712805, 0.000304762972519, 0.000148975697812, 6.24589592917e-05, 6.61203594063e-05, 6.98607036611e-05, 0.000114810733066, 0.000110588414827, 7.43596829125e-05, 3.33803727699e-05, 1.26764516608e-05],
        "mean": [0.00151852751151, 0.00233597517945, 0.000821963476483, 0.000344234431395, 0.000250922719715, 0.000113122412586, 6.51320515317e-05, 6.30267895758e-05, 0.000105525548861, 8.4212711954e-05, 9.17628931347e-05, 7.35625944799e-05, 4.95808853884e-05, 7.75029475335e-05, 6.49131106911e-05, 4.97659748362e-05, 8.52552839206e-05, 5.24968818354e-05, 5.40982764505e-05, 3.57931130566e-05, 4.93886509503e-05, 4.30698564742e-05, 2.81498359982e-05, 2.62776502495e-05, 2.21601567318e-05, 2.47229054366e-05, 2.47304924414e-05, 1.74181441253e-05, 1.08437388917e-05, 6.95738026479e-06, 4.68992629976e-06, 3.20441699841e-06, 2.46867352871e-06, 1.99724604499e-06, 1.46421041336e-06, 1.6521720454e-06, 1.63095319294e-06, 1.30953048938e-06, 1.01830869426e-06, 7.44226326788e-07],
        "median": [0.000682070152834, 0.00140787579585, 0.000449024140835, 0.000156491529197, 9.4752482255e-05, 4.24385434599e-05, 2.47370408033e-05, 2.08196615858e-05, 1.70800303749e-05, 2.46678828262e-05, 2.75486254395e-05, 1.99948754016e-05, 1.68289698195e-05, 1.56561181939e-05, 1.73079079104e-05, 1.30697126224e-05, 2.63136644207e-05, 1.89323909581e-05, 8.99281894817e-06, 1.67948273884e-05, 2.94664550893e-05, 2.77013950836e-05, 1.77672991413e-05, 1.78099035111e-05, 1.09178527055e-05, 1.30224507302e-05, 1.76354551513e-05, 1.38188343044e-05, 8.45039085107e-06, 4.55947019873e-06, 2.94603978546e-06, 1.7676668449e-06, 1.44914065459e-06, 1.22944447867e-06, 7.57559405429e-07, 6.93533195317e-07, 8.3860226141e-07, 8.01043370302e-07, 6.15657938852e-07, 5.04571858073e-07],
        "min": [4.54271350399e-24, 6.5829850895e-24, 2.58599924885e-24, 2.76281019342e-24, 3.58045505535e-24, 4.98393169132e-24, 3.33526051992e-24, 2.60186758039e-24, 4.29003622845e-24, 3.07676283141e-24, 3.58969577199e-24, 7.73633523168e-24, 5.39534947466e-24, 8.48095366189e-24, 7.51161558105e-24, 5.75554533614e-24, 4.38924377032e-24, 4.20575590706e-24, 5.06222850275e-24, 4.7454594341e-24, 4.10974995717e-24, 7.94692086146e-24, 4.84736803571e-24, 4.40926229909e-24, 4.32096588683e-24, 7.43562066574e-24, 6.71810986282e-24, 8.99718187168e-24, 6.45441575031e-24, 8.0216015345e-24, 7.05975999884e-24, 7.34085796064e-24, 6.20028657627e-24, 8.11186536586e-24, 7.86381752054e-24, 7.39605771363e-24, 9.89060707875e-24, 6.62326906049e-24, 6.33203896922e-24, 8.42781125815e-24],
        "var": [5.82168786423e-06, 8.82972744876e-06, 1.03462616607e-06, 2.68724761554e-07, 2.15321549035e-07, 5.17334655115e-08, 3.68553152441e-08, 2.01695016244e-08, 6.49903455496e-08, 4.24939088361e-08, 4.85062905398e-08, 2.79337495357e-08, 1.067358113e-08, 3.6255507041e-08, 2.25535341514e-08, 1.29864021758e-08, 4.30074678093e-08, 1.37408173728e-08, 2.84022760866e-08, 3.48220363655e-09, 4.54771376113e-09, 4.03309652341e-09, 1.42060119224e-09, 1.03885744451e-09, 1.13568010551e-09, 1.09097719747e-09, 8.03293098706e-10, 3.67588709471e-10, 1.40686171046e-10, 1.07513144221e-10, 8.51068798768e-11, 3.98163585436e-11, 1.5241211071e-11, 1.24691862738e-11, 1.52373374335e-11, 3.62345882465e-11, 2.82069281127e-11, 1.02003648583e-11, 3.7121516798e-12, 9.81292629619e-13]
    },
    "mfcc": {
        "mean": [-633.950927734, 100.238929749, -15.6042013168, 41.5537109375, 15.6743364334, 9.1611366272, 15.8526697159, 5.1368522644, 6.46300268173, 4.78677749634, -3.84827041626, 0.496807426214, -2.65650463104],
        "cov": [[5795.11669922, -1214.5123291, 136.618835449, -502.246520996, -131.483413696, 43.6632537842, -196.136779785, 201.107467651, -135.021957397, 67.9843215942, 249.740539551, 98.2374801636, 160.802703857], [-1214.5123291, 1111.2520752, -401.882629395, 196.30078125, -40.922744751, -42.6376457214, 46.5159225464, -113.953804016, -33.5032348633, -29.8804454803, -126.553916931, -80.3372955322, -50.4514923096], [136.618835449, -401.882629395, 565.905639648, 21.7446670532, 110.66633606, 52.6634521484, -10.7830867767, 57.1142807007, 5.86578178406, 19.9155788422, 55.2515792847, 44.9540748596, 23.3418884277], [-502.246520996, 196.30078125, 21.7446670532, 246.151489258, 55.5459365845, 24.9038448334, 24.513589859, -38.7170944214, 17.2696895599, 7.03207969666, -36.9707946777, -13.6202249527, -7.37730455399], [-131.483413696, -40.922744751, 110.66633606, 55.5459365845, 176.115844727, 58.1297607422, 16.8419189453, -1.99649512768, 34.0733985901, 24.3466396332, 3.8197286129, 6.0510969162, -1.71990668774], [43.6632537842, -42.6376457214, 52.6634521484, 24.9038448334, 58.1297607422, 99.8968429565, 24.6410312653, 12.9485235214, 7.71588230133, 1.38014042377, 7.89024686813, 9.19842624664, 0.320832818747], [-196.136779785, 46.5159225464, -10.7830867767, 24.513589859, 16.8419189453, 24.6410312653, 120.315994263, 49.2548446655, 36.6484794617, -12.1698703766, -1.99567854404, 15.0363168716, 4.41966962814], [201.107467651, -113.953804016, 57.1142807007, -38.7170944214, -1.99649512768, 12.9485235214, 49.2548446655, 112.198158264, 24.6145458221, 6.89473009109, 28.7006549835, 19.7994308472, 21.9949245453], [-135.021957397, -33.5032348633, 5.86578178406, 17.2696895599, 34.0733985901, 7.71588230133, 36.6484794617, 24.6145458221, 101.142860413, 26.6009998322, 13.8666601181, 5.62361717224, -3.44039726257], [67.9843215942, -29.8804454803, 19.9155788422, 7.03207969666, 24.3466396332, 1.38014042377, -12.1698703766, 6.89473009109, 26.6009998322, 78.1387252808, 32.9606513977, 4.2071557045, 9.70216178894], [249.740539551, -126.553916931, 55.2515792847, -36.9707946777, 3.8197286129, 7.89024686813, -1.99567854404, 28.7006549835, 13.8666601181, 32.9606513977, 86.4247894287, 35.5718955994, 23.3586120605], [98.2374801636, -80.3372955322, 44.9540748596, -13.6202249527, 6.0510969162, 9.19842624664, 15.0363168716, 19.7994308472, 5.62361717224, 4.2071557045, 35.5718955994, 61.8568153381, 28.3407154083], [160.802703857, -50.4514923096, 23.3418884277, -7.37730455399, -1.71990668774, 0.320832818747, 4.41966962814, 21.9949245453, -3.44039726257, 9.70216178894, 23.3586120605, 28.3407154083, 61.995059967]],
