{
"lowlevel": {
    "average_loudness": 0.936186909676,
    "barkbands_crest": {
        "dmean": 3.22172880173,
        "dmean2": 5.27433300018,
        "dvar": 8.72834587097,
        "dvar2": 21.2212352753,
        "max": 25.0993442535,
        "mean": 9.26442623138,
        "median": 8.59034919739,
        "min": 2.23772621155,
        "var": 14.967675209
    },
    "barkbands_flatness_db": {
        "dmean": 0.0229941159487,
        "dmean2": 0.0359896495938,
        "dvar": 0.000506495183799,
        "dvar2": 0.00113445869647,
        "max": 0.314419865608,
        "mean": 0.0995293334126,
        "median": 0.0941874086857,
        "min": 0.0210839286447,
        "var": 0.00121997215319
    },
    "barkbands_kurtosis": {
        "dmean": 1.83278751373,
        "dmean2": 3.03421092033,
        "dvar": 11.5531492233,
        "dvar2": 29.0676956177,
        "max": 44.0479545593,
        "mean": 0.816778659821,
        "median": -0.279265880585,
        "min": -1.77635920048,
        "var": 11.572889328
    },
    "barkbands_skewness": {
        "dmean": 0.586725652218,
        "dmean2": 0.893123090267,
        "dvar": 0.368224471807,
        "dvar2": 0.838263511658,
        "max": 5.91514015198,
        "mean": 1.05284547806,
        "median": 0.919166982174,
        "min": -2.07890748978,
        "var": 0.788645088673
    },
    "barkbands_spread": {
        "dmean": 7.01132106781,
        "dmean2": 11.0241365433,
        "dvar": 41.9404678345,
        "dvar2": 101.611923218,
        "max": 86.4325790405,
        "mean": 34.665977478,
        "median": 33.4055328369,
        "min": 3.15032291412,
        "var": 156.731842041
    },
    "dissonance": {
        "dmean": 0.00995741225779,
        "dmean2": 0.0170593373477,
        "dvar": 0.00012569023238,
        "dvar2": 0.000367115077097,
        "max": 0.500000059605,
        "mean": 0.486408263445,
        "median": 0.490150362253,
        "min": 0.356257110834,
        "var": 0.000155994945089
    },
    "dynamic_complexity": 2.32525157928,
    "erbbands_crest": {
        "dmean": 2.0873298645,
        "dmean2": 3.46519470215,
        "dvar": 4.28032922745,
        "dvar2": 10.8202009201,
        "max": 21.4346446991,
        "mean": 6.85851430893,
        "median": 6.13721656799,
        "min": 2.5685198307,
        "var": 7.8303899765
    },
    "erbbands_flatness_db": {
        "dmean": 0.0160726476461,
        "dmean2": 0.0244078394026,
        "dvar": 0.00024268150446,
        "dvar2": 0.0004981654929,
        "max": 0.273650616407,
        "mean": 0.131159558892,
        "median": 0.124131537974,
        "min": 0.0503475032747,
        "var": 0.00125747057609
    },
    "erbbands_kurtosis": {
        "dmean": 0.714196503162,
        "dmean2": 1.15080523491,
        "dvar": 0.601810276508,
        "dvar2": 1.42721617222,
        "max": 7.65345668793,
        "mean": 0.298371493816,
        "median": 0.204859972,
        "min": -1.58392775059,
        "var": 1.15757369995
    },
    "erbbands_skewness": {
        "dmean": 0.31357729435,
        "dmean2": 0.501195311546,
        "dvar": 0.0894323736429,
        "dvar2": 0.215879172087,
        "max": 2.27865624428,
        "mean": -0.378627836704,
        "median": -0.479146659374,
        "min": -2.27191138268,
        "var": 0.311833977699
    },
    "erbbands_spread": {
        "dmean": 8.71578598022,
        "dmean2": 13.3865642548,
        "dvar": 86.8548965454,
        "dvar2": 177.111190796,
        "max": 113.252388,
        "mean": 38.2341957092,
        "median": 36.2434577942,
        "min": 10.2475805283,
        "var": 217.535690308
    },
    "hfc": {
        "dmean": 8.907538414,
        "dmean2": 14.4191646576,
        "dvar": 151.463287354,
        "dvar2": 365.21206665,
        "max": 128.02381897,
        "mean": 28.0577106476,
        "median": 23.8272819519,
        "min": 1.13249178551e-16,
        "var": 371.774993896
    },
    "melbands_crest": {
        "dmean": 3.70030903816,
        "dmean2": 5.97945308685,
        "dvar": 10.0943365097,
        "dvar2": 24.1616306305,
        "max": 30.1177463531,
        "mean": 13.8636140823,
        "median": 13.8169727325,
        "min": 1.52716302872,
        "var": 22.1967258453
    },
    "melbands_flatness_db": {
        "dmean": 0.0312588885427,
        "dmean2": 0.0476504974067,
        "dvar": 0.000889065675437,
        "dvar2": 0.00195300427731,
        "max": 0.356414318085,
        "mean": 0.154540896416,
        "median": 0.148053213954,
        "min": 0.00417895754799,
        "var": 0.00199832348153
    },
    "melbands_kurtosis": {
        "dmean": 7.0763964653,
        "dmean2": 11.3018026352,
        "dvar": 111.448188782,
        "dvar2": 261.182800293,
        "max": 95.9895172119,
        "mean": 9.49883747101,
        "median": 5.17755031586,
        "min": -1.4935849905,
        "var": 160.525085449
    },
    "melbands_skewness": {
        "dmean": 0.939636051655,
        "dmean2": 1.42828965187,
        "dvar": 0.930908024311,
        "dvar2": 1.99627327919,
        "max": 8.72860622406,
        "mean": 2.55899524689,
        "median": 2.33461284637,
        "min": -0.153178364038,
        "var": 2.37800502777
    },
    "melbands_spread": {
        "dmean": 10.705616951,
        "dmean2": 16.4694900513,
        "dvar": 95.3374710083,
        "dvar2": 212.586776733,
        "max": 164.192642212,
        "mean": 33.9438056946,
        "median": 33.3361701965,
        "min": 2.63936471939,
        "var": 261.370483398
    },
    "pitch_salience": {
        "dmean": 0.0908147990704,
        "dmean2": 0.14786349237,
        "dvar": 0.00632984517142,
        "dvar2": 0.0150250857696,
        "max": 0.92682749033,
        "mean": 0.571303009987,
        "median": 0.576410114765,
        "min": 0.17846749723,
        "var": 0.0112674543634
    },
    "silence_rate_20dB": {
        "dmean": 0,
        "dmean2": 0,
        "dvar": 0,
        "dvar2": 0,
        "max": 1,
        "mean": 1,
        "median": 1,
        "min": 1,
        "var": 0
    },
    "silence_rate_30dB": {
        "dmean": 0,
        "dmean2": 0,
        "dvar": 0,
        "dvar2": 0,
        "max": 1,
        "mean": 1,
        "median": 1,
        "min": 1,
        "var": 0
    },
    "silence_rate_60dB": {
        "dmean": 0.0251547992229,
        "dmean2": 0.0503290742636,
        "dvar": 0.0245225131512,
        "dvar2": 0.0671533718705,
        "max": 1,
        "mean": 0.0201160535216,
        "median": 0,
        "min": 0,
        "var": 0.0197110939771
    },
    "spectral_centroid": {
        "dmean": 290.753814697,
        "dmean2": 455.494873047,
        "dvar": 130487.296875,
        "dvar2": 246529.265625,
        "max": 11158.5478516,
        "mean": 2042.06079102,
        "median": 2056.44775391,
        "min": 332.819641113,
        "var": 410823.75
    },
    "spectral_complexity": {
        "dmean": 6.35023212433,
        "dmean2": 9.93612098694,
        "dvar": 31.2677288055,
        "dvar2": 65.6493988037,
        "max": 63,
        "mean": 31.0205020905,
        "median": 33,
        "min": 0,
        "var": 140.308456421
    },
    "spectral_decrease": {
        "dmean": 2.83188361649e-09,
        "dmean2": 4.86796958299e-09,
        "dvar": 1.52069959147e-17,
        "dvar2": 4.08230804564e-17,
        "max": 1.33274328077e-28,
        "mean": -6.95108681725e-09,
        "median": -6.26860741093e-09,
        "min": -2.95135844652e-08,
        "var": 2.14001319024e-17
    },
    "spectral_energy": {
        "dmean": 0.011259060353,
        "dmean2": 0.0193159766495,
        "dvar": 0.00023575258092,
        "dvar2": 0.000631051952951,
        "max": 0.115520954132,
        "mean": 0.0287798997015,
        "median": 0.0260535515845,
        "min": 1.04084847336e-20,
        "var": 0.000349435315002
    },
    "spectral_energyband_high": {
        "dmean": 0.000517650390975,
        "dmean2": 0.000865579408128,
        "dvar": 8.41583755573e-07,
        "dvar2": 2.2391575385e-06,
        "max": 0.0159078519791,
        "mean": 0.00133440399077,
        "median": 0.00114608486183,
        "min": 7.69006227918e-21,
        "var": 1.40470910992e-06
    },
    "spectral_energyband_low": {
        "dmean": 0.00807375926524,
        "dmean2": 0.0136806843802,
        "dvar": 0.000181317358511,
        "dvar2": 0.000494263193104,
        "max": 0.100573390722,
        "mean": 0.0134373828769,
        "median": 0.0108811445534,
        "min": 2.82772555731e-23,
        "var": 0.000184490578249
    },
    "spectral_energyband_middle_high": {
        "dmean": 0.0033366959542,
        "dmean2": 0.00511773535982,
        "dvar": 2.33449154621e-05,
        "dvar2": 4.79758527945e-05,
        "max": 0.0461632236838,
        "mean": 0.0088239395991,
        "median": 0.00537953758612,
        "min": 1.29849332277e-21,
        "var": 6.38374112896e-05
    },
    "spectral_energyband_middle_low": {
        "dmean": 0.00374675635248,
        "dmean2": 0.00644302647561,
        "dvar": 2.99558523693e-05,
        "dvar2": 8.18289699964e-05,
        "max": 0.0666673183441,
        "mean": 0.00662816502154,
        "median": 0.0049854433164,
        "min": 2.65409133983e-22,
        "var": 3.38679492415e-05
    },
    "spectral_entropy": {
        "dmean": 0.112246319652,
        "dmean2": 0.173172950745,
        "dvar": 0.0190946739167,
        "dvar2": 0.040619418025,
        "max": 9.80462741852,
        "mean": 7.94019365311,
        "median": 7.96425485611,
        "min": 6.36672401428,
        "var": 0.0545962825418
    },
    "spectral_flux": {
        "dmean": 0.0275985170156,
        "dmean2": 0.0444877035916,
        "dvar": 0.000833191617858,
        "dvar2": 0.00162220466882,
        "max": 0.251171767712,
        "mean": 0.0985560789704,
        "median": 0.0856750011444,
        "min": 6.501185007e-11,
        "var": 0.00201762258075
    },
    "spectral_kurtosis": {
        "dmean": 1.0862852335,
        "dmean2": 1.84110844135,
        "dvar": 1.99093902111,
        "dvar2": 5.83872079849,
        "max": 22.6805019379,
        "mean": 3.86980843544,
        "median": 3.61787748337,
        "min": -1.25918984413,
        "var": 2.45711350441
    },
    "spectral_rms": {
        "dmean": 0.000959453929681,
        "dmean2": 0.00160208996385,
        "dvar": 1.11055680918e-06,
        "dvar2": 2.88230899059e-06,
        "max": 0.0106161842123,
        "mean": 0.00499893026426,
        "median": 0.00504163652658,
        "min": 3.18663129738e-12,
        "var": 3.08863627652e-06
    },
    "spectral_rolloff": {
        "dmean": 660.489074707,
        "dmean2": 1052.62731934,
        "dvar": 606697.875,
        "dvar2": 1163187.875,
        "max": 19293.75,
        "mean": 2094.74194336,
        "median": 2239.453125,
        "min": 86.1328125,
        "var": 1884401
    },
    "spectral_skewness": {
        "dmean": 0.17039783299,
        "dmean2": 0.282623499632,
        "dvar": 0.0307148080319,
        "dvar2": 0.0839972496033,
        "max": 2.72721076012,
        "mean": 1.3614346981,
        "median": 1.33987534046,
        "min": 0.00256762979552,
        "var": 0.0594425946474
    },
    "spectral_spread": {
        "dmean": 553005.375,
        "dmean2": 848870.0625,
        "dvar": 1.6090946601e+12,
        "dvar2": 2.71589205606e+12,
        "max": 41957196,
        "mean": 4517752.5,
        "median": 4307168,
        "min": 2120753.5,
        "var": 4.02986552525e+12
    },
    "spectral_strongpeak": {
        "dmean": 0.488153934479,
        "dmean2": 0.870022475719,
        "dvar": 0.960793018341,
        "dvar2": 2.4687795639,
        "max": 10.0194377899,
        "mean": 0.592475950718,
        "median": 0.274283647537,
        "min": 0,
        "var": 0.907769918442
    },
    "zerocrossingrate": {
        "dmean": 0.0117306550965,
        "dmean2": 0.0151034481823,
        "dvar": 0.000252772530075,
        "dvar2": 0.000393937632907,
        "max": 0.51611328125,
        "mean": 0.0777547731996,
        "median": 0.07421875,
        "min": 0.0126953125,
        "var": 0.00119616545271
    },
    "barkbands": {
        "dmean": [8.68327988428e-05, 0.00568055640906, 0.00333089241758, 0.00120861246251, 0.00138816412073, 0.000703975441866, 0.000714289315511, 0.000376860552933, 0.000664162682369, 0.00104714930058, 0.000528382021002, 0.000589767703786, 0.000501858594362, 0.00054565735627, 0.000357810786227, 0.000632349285297, 0.00056229357142, 0.000335422431817, 0.000292986020213, 0.000291483098408, 0.000200440757908, 0.000113064925245, 7.4663083069e-05, 5.36760344403e-05, 5.00186142744e-05, 4.64631739305e-05, 2.60843808064e-06],
        "dmean2": [0.000137791925226, 0.009721102193, 0.00560502847657, 0.00208215997554, 0.00236858427525, 0.00122442014981, 0.00123761710711, 0.000675657589454, 0.00111522816587, 0.00166309869383, 0.000894088589121, 0.000984469312243, 0.000816423504148, 0.000908228568733, 0.000596178462729, 0.000989764579572, 0.000922127102967, 0.00054937438108, 0.000494926527608, 0.000498864275869, 0.000351155293174, 0.000194211796043, 0.000122596597066, 8.31256547826e-05, 7.67012315919e-05, 6.88815489411e-05, 4.19388743467e-06],
        "dvar": [2.22649827464e-08, 9.79270553216e-05, 2.47593288805e-05, 3.06809670292e-06, 4.1441526264e-06, 2.56073076343e-06, 4.53293387181e-06, 8.04821013389e-07, 1.95024745153e-06, 4.6636209845e-06, 1.08008293864e-06, 1.42286273785e-06, 1.29749878397e-06, 1.75189813945e-06, 6.83003293034e-07, 1.6200774553e-06, 5.24939878233e-07, 2.24140890737e-07, 1.31613845156e-07, 1.48819552237e-07, 1.20327626973e-07, 4.21664125838e-08, 5.29018606699e-08, 8.01912580783e-09, 1.10561213518e-08, 9.64607504983e-09, 3.63019128646e-11],
        "dvar2": [4.94224963177e-08, 0.000272113073152, 6.70223816996e-05, 8.60820546222e-06, 1.1714779248e-05, 7.1323524935e-06, 1.22469664348e-05, 2.1886983177e-06, 5.04756872033e-06, 1.07245041363e-05, 2.73714931609e-06, 3.71762848772e-06, 3.35235245075e-06, 4.58594240627e-06, 1.73095963873e-06, 2.93437392429e-06, 1.29099328205e-06, 5.57593580197e-07, 3.4823108308e-07, 3.97644186023e-07, 3.32520045276e-07, 1.15589926963e-07, 1.49337324729e-07, 1.95519938018e-08, 2.77994232079e-08, 2.116400033e-08, 8.69815192095e-11],
        "max": [0.00213345861994, 0.0826384425163, 0.0516851060092, 0.0184173192829, 0.0262307189405, 0.0231550913304, 0.0312754586339, 0.00894392374903, 0.0183842591941, 0.0301081389189, 0.0217804163694, 0.0204626731575, 0.0247569773346, 0.0221832934767, 0.0116825168952, 0.0207501202822, 0.0111158033833, 0.0048786085099, 0.00545368622988, 0.00563286384568, 0.00418466236442, 0.00369004486129, 0.0070287398994, 0.00197656964883, 0.00212596054189, 0.00116242771037, 0.000110309301817],
        "mean": [0.000101846511825, 0.00779907032847, 0.00445841811597, 0.00156391854398, 0.00213256664574, 0.000769121805206, 0.000649430323392, 0.00030637846794, 0.000719782663509, 0.00173216382973, 0.000649826892186, 0.000974672671873, 0.000797313870862, 0.000717716175131, 0.00043059544987, 0.00101553974673, 0.0010692832293, 0.000607580703218, 0.00061951414682, 0.000589797156863, 0.0003423995513, 0.000217558641452, 0.000163676930242, 0.000148828243255, 0.000118262774777, 8.1537218648e-05, 3.1100621527e-06],
        "median": [2.91926553473e-05, 0.00618101935834, 0.00297520169988, 0.000971165602095, 0.00161061773542, 0.000415311573306, 0.000187942496268, 9.45546853472e-05, 0.000359841447789, 0.000456066860352, 0.000283863919321, 0.00032203696901, 0.000270561518846, 0.000358435325325, 0.000183047784958, 0.000601428037044, 0.000855683407281, 0.000448328180937, 0.000518605578691, 0.000476739252917, 0.000247290037805, 0.000171314561157, 0.000131785302074, 0.000115700306196, 8.301212074e-05, 3.30882830895e-05, 4.24781632091e-07],
        "min": [1.87553689346e-25, 1.38885462578e-23, 4.2928410234e-24, 4.2820103576e-24, 2.34290190015e-23, 1.47601176512e-23, 3.39739862011e-23, 1.62195813234e-23, 3.17869261394e-23, 4.14750941549e-23, 5.2674236882e-23, 3.87021281662e-23, 4.87241010961e-23, 5.57682124611e-23, 6.83785263734e-23, 9.60947566925e-23, 1.08997921016e-22, 1.27659542756e-22, 1.53320405453e-22, 2.55866315167e-22, 3.77987890286e-22, 4.27303763279e-22, 5.44686821334e-22, 6.95804853357e-22, 1.08666420207e-21, 1.47632978335e-21, 2.19093567857e-21],
        "var": [3.07848289083e-08, 8.76599151525e-05, 2.7645708542e-05, 3.49365222974e-06, 4.20029891757e-06, 1.90237210518e-06, 3.30557872985e-06, 5.7164527334e-07, 1.90005766854e-06, 9.14470547286e-06, 1.41125838127e-06, 2.58753971139e-06, 2.25505641538e-06, 1.78742004664e-06, 7.56978977279e-07, 2.80966241917e-06, 8.90151341082e-07, 3.31371182938e-07, 2.5386665925e-07, 2.60018282461e-07, 1.32038763923e-07, 5.19799492338e-08, 4.6825480382e-08, 2.2580159964e-08, 1.84624671107e-08, 1.7265511687e-08, 5.32982304124e-11]
    },
    "erbbands": {
        "dmean": [0.132634088397, 1.40228879452, 3.33217334747, 4.30117702484, 3.66392612457, 4.87896347046, 7.07905769348, 5.50662374496, 10.6889400482, 9.74874973297, 7.22637796402, 14.5578241348, 27.6734962463, 28.8080768585, 16.9901256561, 23.7965507507, 22.6510429382, 22.9755840302, 23.4736156464, 22.9092063904, 33.022315979, 29.9305095673, 19.1152038574, 16.0511684418, 13.3589544296, 12.6804027557, 9.66388988495, 7.1456952095, 4.19621372223, 2.90077376366, 2.10210037231, 1.35246896744, 0.850680530071, 0.573715090752, 0.37486243248, 0.203467354178, 0.0893847867846, 0.0151548516005, 0.000299320323393, 1.8557147996e-05],
        "dmean2": [0.225474312901, 2.41175246239, 5.68117523193, 7.228972435, 6.12427616119, 8.39663219452, 12.3587665558, 9.6756362915, 18.5288505554, 17.0304107666, 12.6188373566, 24.2072734833, 44.7807617188, 46.5943145752, 27.8172645569, 39.4286003113, 36.6706466675, 38.0034332275, 39.6646766663, 35.6222305298, 52.1864852905, 48.4594650269, 31.3340473175, 26.9719619751, 22.5953788757, 21.6766910553, 16.926410675, 12.5435619354, 7.27394485474, 4.85115528107, 3.48794102669, 2.10646152496, 1.33720111847, 0.901854038239, 0.577284812927, 0.304553061724, 0.134783506393, 0.0232264846563, 0.000454895576695, 3.01488307741e-05],
        "dvar": [0.0527866072953, 6.03216934204, 28.9489440918, 36.9530258179, 33.4287071228, 61.033657074, 179.060958862, 206.031829834, 1183.4588623, 639.202331543, 257.962158203, 880.659912109, 3446.24487305, 3362.37182617, 855.362426758, 2465.01025391, 2850.23071289, 2654.93383789, 2848.59570312, 3190.87255859, 2595.60498047, 1619.18493652, 784.793945312, 406.477355957, 298.214782715, 267.808227539, 262.482452393, 159.081817627, 55.7674942017, 50.2793121338, 49.4673118591, 6.02904415131, 1.78522729874, 0.950554728508, 0.85427570343, 0.210285723209, 0.0348673574626, 0.00104753347114, 3.95928367425e-07, 6.73159916698e-10],
        "dvar2": [0.146536663175, 16.803401947, 79.9185256958, 98.8327255249, 90.7782897949, 170.654586792, 508.649932861, 574.647094727, 3270.74609375, 1667.5456543, 689.505310059, 2175.67602539, 7953.19873047, 8415.00488281, 1983.6451416, 6359.59326172, 7260.1015625, 6807.09716797, 7650.08740234, 6380.58300781, 4907.15625, 3923.17529297, 1928.05151367, 1079.37268066, 781.033996582, 720.617675781, 715.141052246, 438.206878662, 153.186447144, 138.298980713, 141.414810181, 15.3217191696, 4.36456537247, 2.25531411171, 2.26064682007, 0.502122223377, 0.0765193030238, 0.00226848409511, 8.48696629419e-07, 1.61081903371e-09],
        "max": [2.13259649277, 20.0234031677, 51.8515548706, 66.8556137085, 100.651298523, 121.040519714, 149.126449585, 160.914916992, 486.203186035, 279.482696533, 233.007980347, 467.011810303, 1054.80395508, 1028.31408691, 432.042297363, 828.710205078, 1357.78210449, 1008.30004883, 713.843383789, 865.948486328, 918.254699707, 679.69342041, 304.516967773, 337.383361816, 183.588317871, 194.035110474, 221.526672363, 164.449829102, 107.600624084, 185.476165771, 219.362045288, 56.9311332703, 24.7505455017, 14.9744148254, 21.0522937775, 7.46674442291, 2.00563263893, 0.396937817335, 0.00850830320269, 0.000291725678835],
        "mean": [0.190213829279, 1.89343035221, 4.6010761261, 6.34645795822, 5.60222530365, 6.64371967316, 7.867872715, 6.01145935059, 9.79827690125, 8.26326274872, 6.75556182861, 16.749704361, 46.8402442932, 41.5155143738, 26.1531047821, 40.6912689209, 40.5730552673, 32.8055839539, 30.5839481354, 33.9503250122, 58.7628860474, 59.2948036194, 36.9507751465, 33.9171104431, 29.4774780273, 26.2612781525, 16.5794734955, 12.4524774551, 7.86377000809, 6.04270362854, 4.57635402679, 3.4617369175, 2.25312328339, 1.41286611557, 0.780798017979, 0.378643989563, 0.146987944841, 0.0225360523909, 0.000470078462968, 5.18232081959e-05],
        "median": [0.143258243799, 1.47583210468, 3.20716118813, 4.14599895477, 3.65937542915, 4.67125320435, 4.60469579697, 3.03240585327, 3.00050520897, 2.16298532486, 2.73258376122, 8.75869178772, 14.2649145126, 14.7317647934, 11.5683412552, 14.2012042999, 12.6232795715, 16.5198173523, 14.7229547501, 14.9065303802, 41.9384918213, 47.6218261719, 27.8829574585, 28.7642421722, 24.1335735321, 21.3822212219, 12.5047569275, 8.85848045349, 6.05062770844, 4.75557518005, 3.6365711689, 2.69000506401, 1.72936046124, 1.02107846737, 0.492061764002, 0.175778314471, 0.0554217249155, 0.00579724088311, 0.000144762030686, 4.353989425e-05],
        "min": [1.37106410843e-22, 2.8301736262e-21, 5.4141434862e-21, 1.61413940626e-20, 5.06483852289e-20, 6.29238036803e-20, 5.33274616742e-20, 1.28696158896e-19, 3.501004978e-19, 4.76590966668e-19, 7.86347772193e-19, 7.62586905699e-19, 9.21433914246e-19, 1.08197199016e-18, 2.33276926859e-18, 1.46966895832e-18, 1.92950713944e-18, 2.33742091876e-18, 3.91057906391e-18, 6.00416450888e-18, 3.68104099342e-18, 6.59502954659e-18, 7.60852969699e-18, 7.6489382971e-18, 9.35236291306e-18, 1.14451339987e-17, 1.38505446143e-17, 1.21988105149e-17, 1.59641341817e-17, 1.25801250608e-17, 1.82533035873e-17, 1.12624486789e-17, 1.13819671784e-17, 9.07510024353e-18, 7.97018381415e-18, 4.81879277081e-18, 2.52977494597e-18, 1.34587445201e-18, 2.88768725993e-19, 3.29091254077e-20],
        "var": [0.0520797632635, 5.21574258804, 28.984954834, 49.0965232849, 41.4850769043, 56.0823135376, 132.504348755, 150.438186646, 821.937011719, 487.198272705, 203.673233032, 950.847167969, 6471.63574219, 5106.00634766, 1592.02648926, 4611.70947266, 5521.88525391, 2940.62255859, 2909.06518555, 5213.74707031, 5005.74755859, 2734.72241211, 1138.51452637, 711.430297852, 581.806762695, 468.933074951, 286.022857666, 181.135986328, 68.1887664795, 51.7120094299, 40.7184066772, 12.7910795212, 5.26515960693, 2.26003718376, 1.05648374557, 0.321150451899, 0.0607475824654, 0.0018755167257, 7.37357424896e-07, 1.57119040001e-09]
    },
    "gfcc": {
        "mean": [33.1335754395, 66.0454559326, -124.136543274, 46.4909439087, -44.0010719299, 22.0896759033, -34.6354980469, 16.6475753784, -33.3440742493, -1.66264414787, -21.7913246155, 5.46751832962, -9.30412960052],
        "cov": [[9033.71582031, -119.701011658, 134.397033691, 584.406494141, 53.2683944702, 603.244506836, 103.822769165, 385.413879395, 73.479598999, 375.656707764, -38.6002922058, 192.834594727, -170.317596436], [-119.701011658, 570.767578125, -232.106307983, -26.3894252777, -23.3410339355, -80.7066345215, -20.7925014496, -90.0976638794, -12.3151664734, -88.9111557007, 37.3676795959, -71.6312713623, 28.9727649689], [134.397033691, -232.106307983, 687.903259277, 317.578460693, 202.096450806, 169.810791016, 82.3884506226, 88.4481201172, 55.3346557617, 107.799072266, -8.63725948334, 30.4075775146, -60.5200881958], [584.406494141, -26.3894252777, 317.578460693, 395.832061768, 153.687820435, 148.30569458, 51.6301956177, 67.3140182495, 52.3695220947, 60.6425552368, 19.0088729858, -8.58347034454, -10.8383264542], [53.2683944702, -23.3410339355, 202.096450806, 153.687820435, 211.640884399, 135.666885376, 71.7166976929, 36.7989692688, 24.3558578491, 36.7101020813, 8.84975719452, 6.78188419342, -12.3186597824], [603.244506836, -80.7066345215, 169.810791016, 148.30569458, 135.666885376, 220.860687256, 99.7016906738, 80.1175537109, 20.7766399384, 39.9115066528, 13.6120052338, 29.7013568878, -22.8981971741], [103.822769165, -20.7925014496, 82.3884506226, 51.6301956177, 71.7166976929, 99.7016906738, 113.085754395, 47.3688468933, 13.2778940201, 14.8781442642, 12.1868019104, 12.6486949921, -18.3352336884], [385.413879395, -90.0976638794, 88.4481201172, 67.3140182495, 36.7989692688, 80.1175537109, 47.3688468933, 100.211265564, 43.5103607178, 41.9687461853, 6.30843067169, 23.820476532, -9.68009090424], [73.479598999, -12.3151664734, 55.3346557617, 52.3695220947, 24.3558578491, 20.7766399384, 13.2778940201, 43.5103607178, 82.6586227417, 56.5569610596, 19.5649642944, 0.789567053318, -1.83135175705], [375.656707764, -88.9111557007, 107.799072266, 60.6425552368, 36.7101020813, 39.9115066528, 14.8781442642, 41.9687461853, 56.5569610596, 102.002250671, 20.7390060425, 22.7643527985, -18.1949234009], [-38.6002922058, 37.3676795959, -8.63725948334, 19.0088729858, 8.84975719452, 13.6120052338, 12.1868019104, 6.30843067169, 19.5649642944, 20.7390060425, 57.9064750671, 17.1614513397, 8.42359161377], [192.834594727, -71.6312713623, 30.4075775146, -8.58347034454, 6.78188419342, 29.7013568878, 12.6486949921, 23.820476532, 0.789567053318, 22.7643527985, 17.1614513397, 57.9702148438, 10.8413391113], [-170.317596436, 28.9727649689, -60.5200881958, -10.8383264542, -12.3186597824, -22.8981971741, -18.3352336884, -9.68009090424, -1.83135175705, -18.1949234009, 8.42359161377, 10.8413391113, 53.2946968079]],
        "icov": [[0.000453417771496, -0.00079917680705, 0.000752996711526, -0.00101789727341, 0.00091291643912, -0.00130722485483, 0.000832445570268, -0.00116078171413, 0.00137237156741, -0.00246694358066, 0.00222396082245, -0.00218207133003, 0.00155377970077], [-0.00079917680705, 0.00471583940089, -0.000434916641098, 0.00113883055747, -0.00225066812709, 0.00276795309037, -0.00216636480764, 0.00409301370382, -0.00411676429212, 0.0069847041741, -0.00692421384156, 0.00638132542372, -0.00267335306853], [0.000752996711526, -0.000434916641098, 0.00499969674274, -0.00424843886867, -0.000352713483153, -0.00106419343501, 0.000723644858226, -0.00126711302437, 0.00145512109157, -0.00435994053259, 0.00529378792271, -0.00633199932054, 0.00594928814098], [-0.00101789727341, 0.00113883055747, -0.00424843886867, 0.00853218697011, -0.00276768719777, 2.05933292818e-06, 7.4235656939e-05, 0.000574243953452, -0.00237499480136, 0.00414192955941, -0.00718097900972, 0.0102113485336, -0.00708009907976], [0.00091291643912, -0.00225066812709, -0.000352713483153, -0.00276768719777, 0.0124350227416, -0.00771053461358, -0.000767109799199, 0.000774398096837, 0.00209712795913, -0.00657757511362, 0.00534694408998, -0.00275567127392, 0.000157686299644], [-0.00130722485483, 0.00276795309037, -0.00106419343501, 2.05933292818e-06, -0.00771053461358, 0.0177619997412, -0.00799040496349, -0.00183679221664, -0.00135959032923, 0.00764404656366, -0.00660562608391, 0.00176295405254, -0.000875323021319], [0.000832445570268, -0.00216636480764, 0.000723644858226, 7.4235656939e-05, -0.000767109799199, -0.00799040496349, 0.0188750699162, -0.0070065651089, 0.00258395704441, -0.00189140322618, 0.000764918222558, -0.00357381533831, 0.00633466662839], [-0.00116078171413, 0.00409301370382, -0.00126711302437, 0.000574243953452, 0.000774398096837, -0.00183679221664, -0.0070065651089, 0.0269182119519, -0.0158655643463, 0.00812734942883, -0.00181613361929, -0.000950030924287, -0.0026784343645], [0.00137237156741, -0.00411676429212, 0.00145512109157, -0.00237499480136, 0.00209712795913, -0.00135959032923, 0.00258395704441, -0.0158655643463, 0.0339442417026, -0.0233619995415, 0.00171296624467, 0.00426456565037, -0.00224663550034], [-0.00246694358066, 0.0069847041741, -0.00435994053259, 0.00414192955941, -0.00657757511362, 0.00764404656366, -0.00189140322618, 0.00812734942883, -0.0233619995415, 0.0393290631473, -0.0168013181537, 0.0032456535846, 0.00141937378794], [0.00222396082245, -0.00692421384156, 0.00529378792271, -0.00718097900972, 0.00534694408998, -0.00660562608391, 0.000764918222558, -0.00181613361929, 0.00171296624467, -0.0168013181537, 0.0382703915238, -0.0224438086152, 0.00659322738647], [-0.00218207133003, 0.00638132542372, -0.00633199932054, 0.0102113485336, -0.00275567127392, 0.00176295405254, -0.00357381533831, -0.000950030924287, 0.00426456565037, 0.0032456535846, -0.0224438086152, 0.0471736751497, -0.0216320566833], [0.00155377970077, -0.00267335306853, 0.00594928814098, -0.00708009907976, 0.000157686299644, -0.000875323021319, 0.00633466662839, -0.0026784343645, -0.00224663550034, 0.00141937378794, 0.00659322738647, -0.0216320566833, 0.0356173813343]]
    },
    "melbands": {
        "dmean": [0.00140155048575, 0.00171361735556, 0.000683408929035, 0.000275439000688, 0.000252037716564, 0.000131009641336, 0.000153630418936, 0.000101690900919, 5.97958642174e-05, 9.94518704829e-05, 0.000145649173646, 0.00012540188618, 6.25368993497e-05, 5.69569310755e-05, 6.79692966514e-05, 4.76211425848e-05, 4.71055245725e-05, 4.44638972112e-05, 2.64468108071e-05, 4.10809188907e-05, 4.11135588365e-05, 3.46882989106e-05, 2.51165474765e-05, 1.59444734891e-05, 1.4081459085e-05, 1.09044094643e-05, 1.14393051263e-05, 8.47164574225e-06, 7.45924671719e-06, 4.44205625172e-06, 4.2927672439e-06, 2.59827470472e-06, 2.13009843719e-06, 1.590078341e-06, 1.4064039533e-06, 1.01573232314e-06, 8.80432935446e-07, 6.86039356879e-07, 5.75629371724e-07, 4.96893960644e-07],
        "dmean2": [0.00238410080783, 0.00292710587382, 0.00114344770554, 0.000463299278636, 0.000438718067016, 0.000228846998652, 0.000266167277005, 0.000178570917342, 0.000104152757558, 0.000166247744346, 0.000235954372329, 0.000202463386813, 0.000103542719444, 9.71178887994e-05, 0.000109563421574, 7.59980539442e-05, 7.76738088462e-05, 7.61426053941e-05, 4.3703825213e-05, 6.369761104e-05, 6.68682696414e-05, 5.68634313822e-05, 4.19176503783e-05, 2.64158879872e-05, 2.38345728576e-05, 1.83056963579e-05, 1.96270138986e-05, 1.45974772749e-05, 1.30475691549e-05, 7.76386696089e-06, 7.547469977e-06, 4.51868754681e-06, 3.62472155757e-06, 2.66817050942e-06, 2.37357221522e-06, 1.6512063894e-06, 1.38611324019e-06, 1.0971861002e-06, 9.03589523205e-07, 7.98772987309e-07],
        "dvar": [6.07215270065e-06, 8.29739929031e-06, 9.26183361116e-07, 1.7425337262e-07, 2.06216455467e-07, 1.14319902877e-07, 2.33874658306e-07, 6.69227731009e-08, 1.76862293699e-08, 4.47816468352e-08, 9.44088967003e-08, 6.45978559533e-08, 1.23689547493e-08, 1.4639098822e-08, 2.42285782548e-08, 1.15543645762e-08, 1.1958156243e-08, 1.17680407641e-08, 3.96334698394e-09, 1.19223111383e-08, 3.22185855772e-09, 2.0501738085e-09, 1.25053756239e-09, 5.09101594215e-10, 3.15022924413e-10, 1.99406643975e-10, 2.175204461e-10, 1.25759389014e-10, 1.62584015695e-10, 6.04137989635e-11, 5.39527415799e-11, 1.85004650488e-11, 2.13248949749e-11, 1.4719515537e-11, 2.83714180621e-11, 3.13398222304e-12, 2.17783928912e-12, 1.21812293325e-12, 7.91025936159e-13, 8.37579571672e-13],
        "dvar2": [1.68921415025e-05, 2.30026198551e-05, 2.49399681707e-06, 4.79235268358e-07, 5.89743990531e-07, 3.18392380905e-07, 6.44181511689e-07, 1.75979266714e-07, 4.72574015475e-08, 1.13604905039e-07, 2.17639481548e-07, 1.58401093131e-07, 3.0353103142e-08, 3.97027228871e-08, 6.26193283892e-08, 2.86795973636e-08, 3.04573610777e-08, 3.19299822138e-08, 9.59414503399e-09, 2.17498126176e-08, 7.04301639232e-09, 5.03550401376e-09, 3.09669645482e-09, 1.29868538146e-09, 8.54024129193e-10, 5.21991838642e-10, 5.91964754992e-10, 3.38057165594e-10, 4.40697422999e-10, 1.65729874269e-10, 1.4933310144e-10, 5.1387342298e-11, 5.87012036202e-11, 4.02591501802e-11, 8.21110610061e-11, 8.17600848135e-12, 5.48341753948e-12, 3.08152548617e-12, 1.91118930577e-12, 2.05832161211e-12],
        "max": [0.0212662033737, 0.0232181362808, 0.00951137486845, 0.00657550478354, 0.00531738251448, 0.00378630007617, 0.00673342309892, 0.00291157932952, 0.00189618056174, 0.00309091876261, 0.00540811754763, 0.0045915953815, 0.00179825036321, 0.00250359857455, 0.00273923831992, 0.00233662058599, 0.00203391583636, 0.00156305823475, 0.000930793059524, 0.00160546402913, 0.00110152817797, 0.000674768176395, 0.000498728593811, 0.000247508491157, 0.000318123551551, 0.000182953604963, 0.000168281854712, 0.000124037032947, 0.000186121367733, 0.000123942329083, 8.17440013634e-05, 5.52734563826e-05, 0.000103834303445, 0.000102131685708, 0.000169509017724, 4.27702470915e-05, 2.80036983895e-05, 2.15697000385e-05, 1.57471731654e-05, 1.43292618304e-05],
        "mean": [0.00201289262623, 0.00254524522461, 0.00107397732791, 0.000429386825999, 0.000294863828458, 0.000143322511576, 0.000141743934364, 8.43535162858e-05, 5.69312323933e-05, 0.000108681888378, 0.000243029833655, 0.000180015864316, 8.58637795318e-05, 8.96560304682e-05, 0.000113163776405, 7.48220918467e-05, 6.16362012806e-05, 5.56433988095e-05, 3.28666719724e-05, 6.09334128967e-05, 6.96903662174e-05, 6.43316525384e-05, 4.34977664554e-05, 2.780432078e-05, 2.78396400972e-05, 2.12307750189e-05, 2.26376287173e-05, 1.59407627507e-05, 1.14889426186e-05, 7.61857700127e-06, 7.02701026967e-06, 4.411752343e-06, 4.00225917474e-06, 3.07966683977e-06, 2.69277006737e-06, 2.29750230574e-06, 2.04852426577e-06, 1.63462766523e-06, 1.36622065838e-06, 1.11258771085e-06],
        "median": [0.0016048620455, 0.00190937623847, 0.000751459272578, 0.000314696924761, 0.000179307069629, 7.33385386411e-05, 4.47056263511e-05, 2.21067530219e-05, 2.27798464039e-05, 5.37921150681e-05, 7.11716566002e-05, 5.87609065406e-05, 3.91268986277e-05, 3.35704899044e-05, 3.3390137105e-05, 2.61376208073e-05, 3.05247049255e-05, 2.64315804088e-05, 1.29159325297e-05, 2.86882059299e-05, 5.31079094799e-05, 5.03306109749e-05, 3.27756279148e-05, 2.03038998734e-05, 2.31972335314e-05, 1.6389263692e-05, 1.80139140866e-05, 1.26221793835e-05, 8.02321301308e-06, 5.18308115716e-06, 5.00453597851e-06, 3.26459621647e-06, 2.95417180496e-06, 2.3580666948e-06, 2.02103865377e-06, 1.82431540452e-06, 1.50379730712e-06, 1.20689719552e-06, 9.94202082438e-07, 7.89910018284e-07],
        "min": [2.540950558e-24, 3.46253612723e-24, 3.91448992262e-24, 5.04031631338e-24, 1.88869847067e-24, 3.14658471292e-24, 5.8704133447e-24, 4.45796538808e-24, 6.58010693049e-24, 4.2978664618e-24, 4.50118155505e-24, 3.57181466185e-24, 7.69871129966e-24, 4.4018343848e-24, 2.91370015471e-24, 6.63736758259e-24, 3.35721609664e-24, 5.38317182887e-24, 5.70417195298e-24, 8.94770451571e-24, 3.09427376857e-24, 5.60277334994e-24, 4.01178723781e-24, 4.29684725351e-24, 5.18845453062e-24, 6.03025589119e-24, 8.41758367651e-24, 6.70491064215e-24, 7.11967635118e-24, 8.77137280415e-24, 6.22124937154e-24, 8.6807011317e-24, 7.06732911923e-24, 7.24515887765e-24, 1.11166049994e-23, 8.11513361659e-24, 6.55025446168e-24, 7.66864938829e-24, 7.48329153025e-24, 7.80458984378e-24],
        "var": [5.66829976378e-06, 7.83115683589e-06, 1.24389669054e-06, 1.93067222654e-07, 1.56981755595e-07, 8.31826909575e-08, 1.63760134342e-07, 5.01405423847e-08, 1.41432359158e-08, 4.53077326767e-08, 1.77950283842e-07, 1.01238072148e-07, 1.98964169584e-08, 2.04227603717e-08, 4.09439877558e-08, 2.17994884366e-08, 1.26667707434e-08, 1.11097788746e-08, 4.84606843543e-09, 1.91610123323e-08, 5.67218805259e-09, 3.48888673507e-09, 1.7082320003e-09, 7.37802263728e-10, 5.19025156187e-10, 3.6094940925e-10, 3.78857278882e-10, 1.94319019209e-10, 1.70485001116e-10, 7.14031819782e-11, 6.01511687681e-11, 2.22513899667e-11, 2.31956572005e-11, 1.48176748649e-11, 2.02470193389e-11, 5.51557887904e-12, 4.86031050476e-12, 3.03921970056e-12, 2.14004161614e-12, 1.57434558012e-12]
    },
    "mfcc": {
        "mean": [-603.121154785, 93.3287124634, -13.4638738632, 29.7296085358, 12.3532323837, 8.57394695282, 11.4756765366, 13.0151700974, 3.42041444778, -1.65029466152, -7.47430944443, -1.70932602882, -3.56924366951],
        "cov": [[4384.98583984, -136.241989136, 343.245147705, 166.593032837, 240.101394653, 339.091461182, 207.039474487, 192.948059082, 202.70401001, 203.096313477, 277.940765381, 217.397277832, 231.304367065], [-136.241989136, 469.600769043, -192.453826904, -47.6574745178, -69.5288848877, -46.8002624512, -37.170337677, -35.4683761597, -60.4362831116, -58.3727378845, -40.9755134583, -28.9653453827, -30.8103561401], [343.245147705, -192.453826904, 435.467071533, 199.351196289, 157.715530396, 119.729644775, 73.7681655884, 55.4208526611, 64.1607971191, 68.6493225098, 63.5594406128, 57.4944839478, 50.3117485046], [166.593032837, -47.6574745178, 199.351196289, 235.767410278, 133.702209473, 86.0028915405, 44.5508995056, 16.1283130646, 40.2587509155, 55.9841194153, 32.5409431458, 28.1553344727, 17.5778236389], [240.101394653, -69.5288848877, 157.715530396, 133.702209473, 196.462188721, 119.76688385, 74.4357833862, 46.7707061768, 50.3415641785, 54.8225021362, 32.5355262756, 23.1804828644, 33.4630126953], [339.091461182, -46.8002624512, 119.729644775, 86.0028915405, 119.76688385, 164.613082886, 104.257301331, 58.7891273499, 40.6182365417, 35.7902297974, 46.0178565979, 29.3412132263, 24.1382827759], [207.039474487, -37.170337677, 73.7681655884, 44.5508995056, 74.4357833862, 104.257301331, 134.768615723, 83.5029983521, 29.1144275665, 13.735294342, 24.7089252472, 24.9822864532, 18.114118576], [192.948059082, -35.4683761597, 55.4208526611, 16.1283130646, 46.7707061768, 58.7891273499, 83.5029983521, 100.189544678, 37.5839729309, 12.8069095612, 16.4056549072, 19.8173179626, 22.000246048], [202.70401001, -60.4362831116, 64.1607971191, 40.2587509155, 50.3415641785, 40.6182365417, 29.1144275665, 37.5839729309, 69.4649200439, 43.6630821228, 23.9988803864, 16.6921024323, 19.0566883087], [203.096313477, -58.3727378845, 68.6493225098, 55.9841194153, 54.8225021362, 35.7902297974, 13.735294342, 12.8069095612, 43.6630821228, 76.2105331421, 44.0188789368, 20.2902832031, 21.0226478577], [277.940765381, -40.9755134583, 63.5594406128, 32.5409431458, 32.5355262756, 46.0178565979, 24.7089252472, 16.4056549072, 23.9988803864, 44.0188789368, 76.2858734131, 41.374584198, 28.3014068604], [217.397277832, -28.9653453827, 57.4944839478, 28.1553344727, 23.1804828644, 29.3412132263, 24.9822864532, 19.8173179626, 16.6921024323, 20.2902832031, 41.374584198, 57.0664558411, 38.1139793396], [231.304367065, -30.8103561401, 50.3117485046, 17.5778236389, 33.4630126953, 24.1382827759, 18.114118576, 22.000246048, 19.0566883087, 21.0226478577, 28.3014068604, 38.1139793396, 62.3957290649]],
