{
"lowlevel": {
    "average_loudness": 0.809434115887,
    "barkbands_crest": {
        "dmean": 2.61485767365,
        "dmean2": 4.3076505661,
        "dvar": 8.05886554718,
        "dvar2": 20.6324138641,
        "max": 22.4378547668,
        "mean": 8.91662311554,
        "median": 8.0591583252,
        "min": 2.59624505043,
        "var": 14.8499345779
    },
    "barkbands_flatness_db": {
        "dmean": 0.0206899177283,
        "dmean2": 0.0334343537688,
        "dvar": 0.000523526687175,
        "dvar2": 0.00146096537355,
        "max": 0.317963629961,
        "mean": 0.123601578176,
        "median": 0.103193745017,
        "min": 0.0145469475538,
        "var": 0.00413666898385
    },
    "barkbands_kurtosis": {
        "dmean": 2.01327037811,
        "dmean2": 3.52888035774,
        "dvar": 17.7260551453,
        "dvar2": 49.8475723267,
        "max": 45.2560920715,
        "mean": 1.11648726463,
        "median": -0.0298643112183,
        "min": -1.86966693401,
        "var": 14.5908288956
    },
    "barkbands_skewness": {
        "dmean": 0.525821626186,
        "dmean2": 0.859303712845,
        "dvar": 0.478022605181,
        "dvar2": 1.26843714714,
        "max": 6.52809476852,
        "mean": 1.11320304871,
        "median": 0.969602525234,
        "min": -2.06807518005,
        "var": 0.734049856663
    },
    "barkbands_spread": {
        "dmean": 6.00260257721,
        "dmean2": 9.61822414398,
        "dvar": 62.6781768799,
        "dvar2": 157.920593262,
        "max": 97.6152801514,
        "mean": 29.5639896393,
        "median": 26.5200195312,
        "min": 2.81339812279,
        "var": 308.047363281
    },
    "dissonance": {
        "dmean": 0.0127851469442,
        "dmean2": 0.0218139588833,
        "dvar": 0.000166808866197,
        "dvar2": 0.000484553049318,
        "max": 0.499540627003,
        "mean": 0.474704712629,
        "median": 0.479119628668,
        "min": 0.370857864618,
        "var": 0.000350708025508
    },
    "dynamic_complexity": 8.48123550415,
    "erbbands_crest": {
        "dmean": 1.97191929817,
        "dmean2": 3.26704502106,
        "dvar": 3.49392747879,
        "dvar2": 9.08350658417,
        "max": 27.1093406677,
        "mean": 7.6997923851,
        "median": 6.68756437302,
        "min": 2.32393121719,
        "var": 13.7477436066
    },
    "erbbands_flatness_db": {
        "dmean": 0.0134319579229,
        "dmean2": 0.0197710413486,
        "dvar": 0.000167676174897,
        "dvar2": 0.000337729783496,
        "max": 0.334842294455,
        "mean": 0.160308480263,
        "median": 0.13807669282,
        "min": 0.0381372310221,
        "var": 0.00523567665368
    },
    "erbbands_kurtosis": {
        "dmean": 0.538908421993,
        "dmean2": 0.878924012184,
        "dvar": 0.491814911366,
        "dvar2": 1.29836404324,
        "max": 13.6835651398,
        "mean": -0.081142693758,
        "median": -0.334942340851,
        "min": -1.69535541534,
        "var": 1.17062675953
    },
    "erbbands_skewness": {
        "dmean": 0.261980950832,
        "dmean2": 0.419393151999,
        "dvar": 0.0599452443421,
        "dvar2": 0.148972928524,
        "max": 1.41486847401,
        "mean": -0.198973685503,
        "median": -0.164461418986,
        "min": -3.17348122597,
        "var": 0.280675321817
    },
    "erbbands_spread": {
        "dmean": 7.3388171196,
        "dmean2": 11.9467868805,
        "dvar": 84.0140075684,
        "dvar2": 211.813949585,
        "max": 136.41468811,
        "mean": 39.2124061584,
        "median": 35.2330627441,
        "min": 5.11284255981,
        "var": 339.448303223
    },
    "hfc": {
        "dmean": 6.21287918091,
        "dmean2": 9.88965320587,
        "dvar": 126.509628296,
        "dvar2": 317.276916504,
        "max": 131.859558105,
        "mean": 30.6968955994,
        "median": 30.7151241302,
        "min": 1.18653963438e-16,
        "var": 804.768615723
    },
    "melbands_crest": {
        "dmean": 3.11478710175,
        "dmean2": 4.99205684662,
        "dvar": 9.3423948288,
        "dvar2": 21.1507110596,
        "max": 32.5250396729,
        "mean": 12.9919061661,
        "median": 12.2762079239,
        "min": 1.55975830555,
        "var": 22.53150177
    },
    "melbands_flatness_db": {
        "dmean": 0.0277028977871,
        "dmean2": 0.0439382381737,
        "dvar": 0.000986252329312,
        "dvar2": 0.00257441331632,
        "max": 0.443423867226,
        "mean": 0.192967131734,
        "median": 0.171043336391,
        "min": 0.00273425225168,
        "var": 0.00610861601308
    },
    "melbands_kurtosis": {
        "dmean": 6.96746110916,
        "dmean2": 12.1708774567,
        "dvar": 268.817718506,
        "dvar2": 750.444519043,
        "max": 153.460037231,
        "mean": 8.24547100067,
        "median": 4.36202430725,
        "min": -1.80932939053,
        "var": 227.749206543
    },
    "melbands_skewness": {
        "dmean": 0.798409461975,
        "dmean2": 1.31184673309,
        "dvar": 1.35870742798,
        "dvar2": 3.65733385086,
        "max": 11.0812931061,
        "mean": 2.31067442894,
        "median": 2.07384967804,
        "min": -0.365207195282,
        "var": 2.04524421692
    },
    "melbands_spread": {
        "dmean": 7.86482381821,
        "dmean2": 12.4043827057,
        "dvar": 93.8504333496,
        "dvar2": 220.997680664,
        "max": 155.998764038,
        "mean": 29.7673683167,
        "median": 27.7817306519,
        "min": 2.41109323502,
        "var": 267.903594971
    },
    "pitch_salience": {
        "dmean": 0.0766580477357,
        "dmean2": 0.126333221793,
        "dvar": 0.00579834775999,
        "dvar2": 0.015142435208,
        "max": 0.870736300945,
        "mean": 0.568867981434,
        "median": 0.573455631733,
        "min": 0.182069823146,
        "var": 0.011327763088
    },
    "silence_rate_20dB": {
        "dmean": 0,
        "dmean2": 0,
        "dvar": 0,
        "dvar2": 0,
        "max": 1,
        "mean": 1,
        "median": 1,
        "min": 1,
        "var": 0
    },
    "silence_rate_30dB": {
        "dmean": 0.0688854455948,
        "dmean2": 0.137824237347,
        "dvar": 0.0641403719783,
        "dvar2": 0.155993133783,
        "max": 1,
        "mean": 0.949322998524,
        "median": 1,
        "min": 0,
        "var": 0.0481093786657
    },
    "silence_rate_60dB": {
        "dmean": 0.00967492256314,
        "dmean2": 0.0193573366851,
        "dvar": 0.00958122033626,
        "dvar2": 0.0244021173567,
        "max": 1,
        "mean": 0.353578329086,
        "median": 0,
        "min": 0,
        "var": 0.228560134768
    },
    "spectral_centroid": {
        "dmean": 229.3777771,
        "dmean2": 363.071899414,
        "dvar": 82066.3359375,
        "dvar2": 176328.640625,
        "max": 10989.8769531,
        "mean": 1476.00024414,
        "median": 1495.33435059,
        "min": 304.157897949,
        "var": 386407.4375
    },
    "spectral_complexity": {
        "dmean": 2.87461304665,
        "dmean2": 4.63995361328,
        "dvar": 11.0423240662,
        "dvar2": 26.4092445374,
        "max": 59,
        "mean": 22.7160549164,
        "median": 28,
        "min": 0,
        "var": 271.563964844
    },
    "spectral_decrease": {
        "dmean": 3.8990037865e-09,
        "dmean2": 6.90650070467e-09,
        "dvar": 7.87570175566e-17,
        "dvar2": 2.19139268681e-16,
        "max": 1.09377654143e-29,
        "mean": -7.40733208104e-09,
        "median": -6.19654638712e-09,
        "min": -6.03279843858e-08,
        "var": 8.84694612893e-17
    },
    "spectral_energy": {
        "dmean": 0.01496907603,
        "dmean2": 0.026511002332,
        "dvar": 0.00114604528062,
        "dvar2": 0.00318369059823,
        "max": 0.232333227992,
        "mean": 0.0307412426919,
        "median": 0.0274780243635,
        "min": 1.07209812905e-20,
        "var": 0.00136825675145
    },
    "spectral_energyband_high": {
        "dmean": 0.000550381257199,
        "dmean2": 0.000863844237756,
        "dvar": 1.39782912356e-06,
        "dvar2": 3.49014226231e-06,
        "max": 0.0148776471615,
        "mean": 0.0018437403487,
        "median": 0.000902185041923,
        "min": 7.52731368587e-21,
        "var": 6.02618001722e-06
    },
    "spectral_energyband_low": {
        "dmean": 0.0115165011957,
        "dmean2": 0.0206763837487,
        "dvar": 0.000994403613731,
        "dvar2": 0.00280105508864,
        "max": 0.215129628778,
        "mean": 0.0131216794252,
        "median": 0.00527221336961,
        "min": 9.87056527859e-23,
        "var": 0.000816344923805
    },
    "spectral_energyband_middle_high": {
        "dmean": 0.00145097135101,
        "dmean2": 0.00232868129387,
        "dvar": 6.74986540616e-06,
        "dvar2": 1.87601344805e-05,
        "max": 0.0530512593687,
        "mean": 0.00607514055446,
        "median": 0.00578261865303,
        "min": 1.65289467589e-21,
        "var": 3.60330777767e-05
    },
    "spectral_energyband_middle_low": {
        "dmean": 0.00503482669592,
        "dmean2": 0.00847099535167,
        "dvar": 0.000250410812441,
        "dvar2": 0.000678428448737,
        "max": 0.187387600541,
        "mean": 0.0109326373786,
        "median": 0.00824260897934,
        "min": 2.86692045848e-22,
        "var": 0.000258169020526
    },
    "spectral_entropy": {
        "dmean": 0.115930601954,
        "dmean2": 0.176366791129,
        "dvar": 0.0136968977749,
        "dvar2": 0.0301973447204,
        "max": 9.79234790802,
        "mean": 7.69531106949,
        "median": 7.80252122879,
        "min": 5.92038297653,
        "var": 0.247239366174
    },
    "spectral_flux": {
        "dmean": 0.0292876344174,
        "dmean2": 0.0469997860491,
        "dvar": 0.0029316090513,
        "dvar2": 0.00561014609411,
        "max": 0.40776091814,
        "mean": 0.0836662203074,
        "median": 0.0728887170553,
        "min": 1.03542174834e-10,
        "var": 0.00699633127078
    },
    "spectral_kurtosis": {
        "dmean": 2.56738424301,
        "dmean2": 4.28250265121,
        "dvar": 19.7953910828,
        "dvar2": 53.9166908264,
        "max": 66.3678970337,
        "mean": 6.23023891449,
        "median": 3.68395233154,
        "min": -1.18826293945,
        "var": 54.4258880615
    },
    "spectral_rms": {
        "dmean": 0.000901155406609,
        "dmean2": 0.00153337616939,
        "dvar": 2.93304879051e-06,
        "dvar2": 7.88480247138e-06,
        "max": 0.0150554496795,
        "mean": 0.00441157212481,
        "median": 0.00517762778327,
        "min": 3.23411414836e-12,
        "var": 1.0529467545e-05
    },
    "spectral_rolloff": {
        "dmean": 613.047058105,
        "dmean2": 992.678771973,
        "dvar": 967723.8125,
        "dvar2": 2128687.75,
        "max": 18776.953125,
        "mean": 2073.18286133,
        "median": 1614.99023438,
        "min": 86.1328125,
        "var": 3006742
    },
    "spectral_skewness": {
        "dmean": 0.271585583687,
        "dmean2": 0.439552694559,
        "dvar": 0.119372777641,
        "dvar2": 0.309783190489,
        "max": 5.72652101517,
        "mean": 1.5485779047,
        "median": 1.39064729214,
        "min": -0.0269760303199,
        "var": 0.489649325609
    },
    "spectral_spread": {
        "dmean": 417733.34375,
        "dmean2": 595743.4375,
        "dvar": 638052139008,
        "dvar2": 838457622528,
        "max": 40621148,
        "mean": 4417069.5,
        "median": 4054738.75,
        "min": 1015113.6875,
        "var": 5.59601208525e+12
    },
    "spectral_strongpeak": {
        "dmean": 0.40692293644,
        "dmean2": 0.722977995872,
        "dvar": 0.777038753033,
        "dvar2": 2.06445097923,
        "max": 8.77692699432,
        "mean": 0.649675130844,
        "median": 0.327460676432,
        "min": 0,
        "var": 1.03608572483
    },
    "zerocrossingrate": {
        "dmean": 0.0111397663131,
        "dmean2": 0.0133834052831,
        "dvar": 0.00017701460456,
        "dvar2": 0.000215597887291,
        "max": 0.498046875,
        "mean": 0.0759399160743,
        "median": 0.06494140625,
        "min": 0.01513671875,
        "var": 0.00229372573085
    },
    "barkbands": {
        "dmean": [0.00033064460149, 0.00846811663359, 0.0034187855199, 0.00173087022267, 0.00272024981678, 0.000693220586982, 0.000444189325208, 0.000539911736269, 0.00077621062519, 0.00021816813387, 0.000218711444177, 0.000476325018099, 0.000444607139798, 0.000410126638599, 0.000267476279987, 0.00029352871934, 0.00031886738725, 0.000193932311959, 0.000143019860843, 0.00014063436538, 0.00014998219558, 0.000172666987055, 0.000108799016743, 0.000114306625619, 7.86597302067e-05, 7.33780252631e-05, 3.41226623277e-05],
        "dmean2": [0.000479345908388, 0.0153910601512, 0.00621643103659, 0.00299258343875, 0.00460579618812, 0.00114006525837, 0.000722849334124, 0.000896224752069, 0.00123096466996, 0.000358692661393, 0.000353273673682, 0.000790499208961, 0.000724269659258, 0.000652486924082, 0.00044140490354, 0.000472196581541, 0.000521549780387, 0.000316269200994, 0.000234390201513, 0.000238682012423, 0.000261885579675, 0.00029124651337, 0.000172311978531, 0.000163518227055, 0.000121317432786, 0.000111772082164, 5.45578768651e-05],
        "dvar": [8.26673385745e-07, 0.000595945923124, 9.10892849788e-05, 2.05491433007e-05, 0.000102858619357, 2.5423223633e-06, 9.32578075208e-07, 2.55806276073e-06, 3.59251657756e-06, 2.81204421526e-07, 3.55018244136e-07, 2.02172805075e-06, 1.307525622e-06, 1.89215529645e-06, 2.83736653728e-07, 2.20046544541e-07, 2.51151533348e-07, 9.56323589207e-08, 5.44131992797e-08, 4.89007589977e-08, 1.36532648298e-07, 2.04660224767e-07, 4.5227697143e-08, 6.10598647199e-08, 2.94666993028e-08, 2.77025939965e-08, 8.582639488e-09],
        "dvar2": [1.65135770658e-06, 0.00168328057043, 0.000265512353508, 5.79010047659e-05, 0.000281496701064, 6.87017018208e-06, 2.31533590522e-06, 6.89256785336e-06, 8.33582180348e-06, 7.79649610649e-07, 8.12514429072e-07, 5.97353073317e-06, 3.62583750757e-06, 5.07912818648e-06, 6.83241808019e-07, 5.29046985775e-07, 6.50161496196e-07, 2.39912992583e-07, 1.30437911139e-07, 1.33136438762e-07, 3.91052992654e-07, 5.71332805066e-07, 1.11014955451e-07, 1.13213324937e-07, 6.75203679634e-08, 6.73023734521e-08, 2.10730313199e-08],
        "max": [0.00991855468601, 0.169631838799, 0.0871115252376, 0.0566647388041, 0.124933220446, 0.0210982225835, 0.0155073264614, 0.0322508104146, 0.0360543169081, 0.00944214314222, 0.0157819278538, 0.02894548513, 0.021777279675, 0.0414342582226, 0.00981875509024, 0.0119561096653, 0.00703510688618, 0.00564781529829, 0.00458484515548, 0.00316309253685, 0.00469563063234, 0.00542235374451, 0.00420047994703, 0.00560138840228, 0.00349322333932, 0.00256255804561, 0.00147908064537],
        "mean": [0.000338753656251, 0.00772583857179, 0.00387069699354, 0.0024838715326, 0.00388690177351, 0.00133479980286, 0.000808782235254, 0.000902245810721, 0.0014160471037, 0.000348509202013, 0.000361638085451, 0.000820306013338, 0.000802122289315, 0.000725979043636, 0.000536968465894, 0.000702094228473, 0.000786970835179, 0.000455112283817, 0.000360524252756, 0.000353911280399, 0.000282303517452, 0.000356434669811, 0.000288918876322, 0.000365097046597, 0.000225811774726, 0.000157009984832, 4.36162117694e-05],
        "median": [7.75242733653e-06, 0.00136693625245, 0.00120478845201, 0.000998941832222, 0.00181963038631, 0.000525452662259, 0.000273122161161, 0.000186113582458, 0.000334687385475, 0.000132950211992, 9.99818657874e-05, 0.00022309848282, 0.000222423026571, 0.000236088497331, 0.000258756394032, 0.000426248589065, 0.000551878358237, 0.000302758766338, 0.000270555494353, 0.000298067403492, 0.000185147393495, 0.000173379448825, 7.9742509115e-05, 0.000100951307104, 4.53104948974e-05, 2.24095711019e-05, 1.9796448214e-06],
        "min": [2.33645501329e-23, 4.37278473974e-23, 2.64909368512e-23, 9.38018882952e-24, 8.08828867998e-23, 2.74466229052e-23, 5.07272461264e-23, 4.53937512353e-23, 5.00436886857e-23, 9.44521274068e-23, 4.83936314856e-23, 5.77877026894e-23, 1.54798137566e-22, 9.63452231853e-23, 2.09641565233e-22, 1.59132454924e-22, 2.05536004916e-22, 2.15318687934e-22, 2.32962439293e-22, 3.58913410303e-22, 3.90156745014e-22, 5.24685145797e-22, 5.32522863854e-22, 7.4413771731e-22, 1.36160875851e-21, 1.92586306634e-21, 2.17887451282e-21],
        "var": [1.03848628896e-06, 0.000455973146018, 6.72246460454e-05, 2.01122566068e-05, 8.21735884529e-05, 4.41486508862e-06, 1.84061445907e-06, 5.09992378284e-06, 9.01701150724e-06, 4.54997376664e-07, 8.19785611839e-07, 3.55509723704e-06, 3.30868829224e-06, 2.241474931e-06, 8.24077460493e-07, 8.13183135051e-07, 8.72565692589e-07, 3.59095480462e-07, 1.78283912078e-07, 1.52165071654e-07, 1.570762862e-07, 3.55512042916e-07, 2.25296233225e-07, 4.42386152599e-07, 1.58513955739e-07, 7.21381212543e-08, 1.07323918641e-08]
    },
    "erbbands": {
        "dmean": [0.222998633981, 2.04096031189, 4.21206474304, 4.29962682724, 10.1783456802, 7.33578777313, 5.99987649918, 6.07092285156, 5.20019245148, 9.23883152008, 11.4242172241, 14.5990076065, 13.4741630554, 6.77417516708, 13.2913103104, 13.7770280838, 15.5308141708, 21.6941452026, 14.372428894, 12.3802967072, 17.3246860504, 17.2921466827, 11.6281280518, 6.55755996704, 7.81150150299, 6.24894618988, 4.75005340576, 6.86097431183, 6.52330589294, 4.62309026718, 2.85649037361, 2.64290165901, 1.91931796074, 0.945501089096, 0.580765008926, 0.324831217527, 0.14371342957, 0.0334098786116, 0.00500879622996, 0.000458537921077],
        "dmean2": [0.373723775148, 3.81640124321, 7.77781486511, 7.57118749619, 17.3272171021, 12.7440767288, 10.1457443237, 10.091085434, 8.5313539505, 14.8573169708, 18.5321292877, 23.2544822693, 21.1820487976, 10.916806221, 21.610534668, 23.0433368683, 24.7626571655, 34.9816360474, 23.1663608551, 20.3411178589, 28.1385135651, 28.3443374634, 18.8085231781, 10.7726650238, 12.680185318, 10.5473556519, 8.16699695587, 12.1776590347, 11.1468687057, 7.42738342285, 4.56113862991, 3.97171759605, 2.87471580505, 1.43243074417, 0.902577698231, 0.503412783146, 0.220791220665, 0.0518189817667, 0.00809178035706, 0.000744017597754],
        "dvar": [0.368937313557, 37.8368721008, 158.706497192, 90.3991851807, 1635.5402832, 621.004211426, 182.119613647, 244.384994507, 153.546157837, 469.522247314, 961.137756348, 1128.02258301, 1322.39770508, 241.693450928, 1153.86376953, 1410.96826172, 1093.42346191, 6501.06054688, 1032.4395752, 435.14642334, 821.85534668, 720.725524902, 346.320617676, 124.14932251, 161.179733276, 98.8675918579, 85.3139724731, 400.004272461, 273.725616455, 93.8467102051, 31.5561122894, 33.6539115906, 18.5773334503, 4.85084342957, 1.61125314236, 0.514034926891, 0.108722418547, 0.0065701957792, 0.000175025561475, 1.76532000751e-06],
        "dvar2": [0.890289366245, 111.006736755, 461.117889404, 262.413696289, 4380.78515625, 1774.69506836, 510.126220703, 659.469055176, 396.971160889, 1180.35681152, 2599.31884766, 2713.07348633, 2934.30249023, 599.009521484, 3215.61181641, 3907.0012207, 2894.0559082, 18211.40625, 2408.91918945, 1050.70544434, 1995.55358887, 1862.13061523, 842.22833252, 299.515533447, 414.546264648, 274.344390869, 237.565689087, 1158.29992676, 764.147216797, 229.157302856, 74.0196838379, 68.9284057617, 38.257724762, 10.0968408585, 3.9451918602, 1.23913359642, 0.271611809731, 0.0161445457488, 0.00042713485891, 4.41172278443e-06],
        "max": [4.30052757263, 42.6125488281, 102.11730957, 84.8527679443, 439.246551514, 311.472564697, 161.567703247, 225.736938477, 235.468154907, 306.621765137, 608.735290527, 588.834594727, 759.236022949, 242.675491333, 480.357025146, 811.982299805, 532.141052246, 2394.79125977, 693.010925293, 343.783508301, 677.42956543, 477.922027588, 351.426116943, 259.082427979, 201.039535522, 139.135971069, 118.169761658, 287.127258301, 201.927337646, 165.94871521, 114.150047302, 146.770980835, 95.7447280884, 51.4716682434, 20.921661377, 11.4914722443, 4.93399524689, 1.12006318569, 0.19049307704, 0.0233253538609],
        "mean": [0.231841340661, 1.68237447739, 4.28396844864, 6.85741186142, 12.4183340073, 11.4049749374, 11.4468812943, 11.1009140015, 10.353348732, 16.2086753845, 20.3558368683, 27.1656303406, 23.496717453, 12.6409387589, 24.7044372559, 26.3401165009, 31.2123279572, 41.6852645874, 29.5991230011, 30.7114944458, 43.2172966003, 44.7305870056, 30.003490448, 17.3254413605, 20.8166408539, 16.005115509, 10.9257125854, 11.3849401474, 12.6451196671, 11.2891254425, 7.80146217346, 7.71650695801, 5.81456851959, 2.82923460007, 1.47909748554, 0.742217600346, 0.279073387384, 0.0569067113101, 0.00632511265576, 0.000545626389794],
        "median": [0.0261347964406, 0.372448951006, 1.51472473145, 3.67481446266, 4.78140068054, 4.8913693428, 5.39940309525, 4.00984621048, 4.59784650803, 5.16192865372, 5.81175279617, 7.87537956238, 6.43405771255, 5.54340410233, 7.57134914398, 10.5855751038, 11.6114463806, 13.3348350525, 14.4598455429, 18.9836616516, 26.3601360321, 33.2564735413, 22.3555831909, 13.5191755295, 16.4508781433, 13.3341436386, 8.40404701233, 6.42817115784, 6.36485338211, 4.35852193832, 2.04067921638, 2.00453090668, 1.72121798992, 0.648624718189, 0.251312375069, 0.12131536752, 0.0355078354478, 0.005744503811, 0.000354292220436, 6.61280428176e-05],
        "min": [1.97930850626e-21, 7.42969748786e-21, 2.84781224302e-20, 3.77008954545e-20, 6.65291543907e-20, 3.47927778674e-19, 2.98704121577e-19, 2.80588504271e-19, 6.44954481366e-19, 6.75579292583e-19, 1.13485943698e-18, 1.25050755842e-18, 2.1021899845e-18, 2.97955523123e-18, 2.17623795217e-18, 2.3476930544e-18, 4.78635612386e-18, 6.81047204586e-18, 1.03827396159e-17, 1.0012261136e-17, 7.94533696291e-18, 1.18730064055e-17, 1.30750636173e-17, 9.69162442385e-18, 1.44416404354e-17, 1.52358446657e-17, 1.42483101283e-17, 1.9312207268e-17, 1.90650820969e-17, 1.67018717546e-17, 1.54605548965e-17, 1.57323217781e-17, 1.31589786089e-17, 1.4383286152e-17, 8.76138124288e-18, 6.14328512097e-18, 3.73538014222e-18, 1.45436260147e-18, 2.99139399525e-19, 3.25805117534e-20],
        "var": [0.406694114208, 24.1382694244, 104.230888367, 94.6377258301, 1321.64318848, 524.707824707, 280.790740967, 397.698150635, 279.065948486, 973.780090332, 1966.42895508, 2710.69042969, 3129.17358398, 496.531097412, 2409.63647461, 2707.80444336, 2926.58959961, 9474.33691406, 2286.4699707, 1732.37084961, 3059.35571289, 2763.07495117, 1365.81750488, 411.064056396, 567.531677246, 308.262420654, 165.58392334, 355.016479492, 428.730560303, 373.521820068, 164.345748901, 207.06300354, 112.222923279, 28.4353942871, 6.35523366928, 1.56609141827, 0.247809037566, 0.01163097471, 0.000220741174417, 1.97159420168e-06]
    },
    "gfcc": {
        "mean": [-59.6573677063, 96.7884063721, -123.99382019, 20.9709453583, -39.5038909912, -1.73561501503, -34.5192718506, -1.02328181267, -25.8958072662, -1.31899881363, -21.9878978729, -4.81922483444, -13.7400913239],
        "cov": [[43394.5234375, -9364.95605469, 3908.90405273, 4474.41015625, -1799.52807617, 3765.2487793, -1123.60717773, 2160.67431641, 711.627258301, 330.974060059, 210.705780029, 1302.78918457, -134.323364258], [-9364.95605469, 3894.83935547, -1884.17565918, -1023.35107422, 605.937011719, -1376.3762207, 476.483459473, -709.224487305, -214.722396851, -193.325592041, -88.689956665, -404.118530273, 162.213348389], [3908.90405273, -1884.17565918, 1423.91308594, 337.993530273, -199.874282837, 768.157287598, -262.863739014, 437.629058838, 121.533218384, 100.560394287, 87.6179962158, 208.607879639, -126.490722656], [4474.41015625, -1023.35107422, 337.993530273, 807.114868164, -225.843917847, 430.471130371, -97.5698394775, 220.580734253, 132.737136841, 66.147064209, 20.3662204742, 169.362106323, 19.5748786926], [-1799.52807617, 605.937011719, -199.874282837, -225.843917847, 276.317596436, -207.614456177, 109.613243103, -98.419883728, -10.9646492004, 3.26261734962, 5.26766777039, -63.5464515686, 14.0941476822], [3765.2487793, -1376.3762207, 768.157287598, 430.471130371, -207.614456177, 714.257263184, -171.584991455, 336.396240234, 93.7675933838, 79.9135665894, 74.1994094849, 159.231567383, -67.0313949585], [-1123.60717773, 476.483459473, -262.863739014, -97.5698394775, 109.613243103, -171.584991455, 197.973587036, -90.9271087646, -4.39980983734, -9.88360023499, -24.3194789886, -45.7460289001, 31.0969486237], [2160.67431641, -709.224487305, 437.629058838, 220.580734253, -98.419883728, 336.396240234, -90.9271087646, 255.220397949, 70.2009811401, 40.8077316284, 39.706615448, 97.2087173462, -31.044921875], [711.627258301, -214.722396851, 121.533218384, 132.737136841, -10.9646492004, 93.7675933838, -4.39980983734, 70.2009811401, 87.2740325928, 38.3636817932, 13.6968050003, 33.3217277527, -0.0252822134644], [330.974060059, -193.325592041, 100.560394287, 66.147064209, 3.26261734962, 79.9135665894, -9.88360023499, 40.8077316284, 38.3636817932, 89.321762085, 22.6596736908, 21.8889713287, -9.32576560974], [210.705780029, -88.689956665, 87.6179962158, 20.3662204742, 5.26766777039, 74.1994094849, -24.3194789886, 39.706615448, 13.6968050003, 22.6596736908, 68.3262634277, 36.6628379822, -0.216229081154], [1302.78918457, -404.118530273, 208.607879639, 169.362106323, -63.5464515686, 159.231567383, -45.7460289001, 97.2087173462, 33.3217277527, 21.8889713287, 36.6628379822, 109.134056091, 11.0756721497], [-134.323364258, 162.213348389, -126.490722656, 19.5748786926, 14.0941476822, -67.0313949585, 31.0969486237, -31.044921875, -0.0252822134644, -9.32576560974, -0.216229081154, 11.0756721497, 69.3485336304]],
        "icov": [[8.68110073498e-05, 0.000107829539047, 7.02993929735e-05, -0.000297892198432, -1.9704699298e-05, -2.38374523178e-05, 2.71928893198e-05, -0.000297381455312, 0.00013269057672, 0.000169000675669, 5.29076896782e-05, -0.000102014397271, 3.1086240142e-06], [0.000107829539047, 0.0019162571989, 0.00115243741311, -1.64062421391e-05, -0.00128104013857, 0.00117876299191, -0.000636615732219, -0.000630802649539, 0.000245532341069, 0.0015136502916, -0.00187905319035, 0.00179975305218, -0.000853650504723], [7.02993929735e-05, 0.00115243741311, 0.00327816605568, 0.00086265837308, -0.00115429365542, -0.00100979453418, 0.00081106997095, -0.00158443313558, -0.00103937322274, 0.000669812492561, 8.73298631632e-05, -0.00164450611919, 0.00171448243782], [-0.000297892198432, -1.64062421391e-05, 0.00086265837308, 0.00443063583225, 0.000922325241845, -0.0014719691826, 0.000123952675494, 0.00127977982629, -0.00383911258541, -0.000721888325643, 0.00169015966821, -0.00258306716569, -0.000989342108369], [-1.9704699298e-05, -0.00128104013857, -0.00115429365542, 0.000922325241845, 0.00749076763168, 0.000399674696382, -0.00203566881828, 0.000359564321116, -0.00162076647393, -0.00207723560743, -0.00146372278687, 0.000254072103417, 0.000205200689379], [-2.38374523178e-05, 0.00117876299191, -0.00100979453418, -0.0014719691826, 0.000399674696382, 0.00730138830841, -0.000809452671092, -0.00388555601239, 0.00188707676716, -0.000211732593016, -0.00422004191205, 0.0023525506258, 0.000953292415943], [2.71928893198e-05, -0.000636615732219, 0.00081106997095, 0.000123952675494, -0.00203566881828, -0.000809452671092, 0.00864881183952, 0.000504288997035, -0.00214724848047, -0.000588360999245, 0.00325318821706, -0.00148401211482, -0.000867767841555], [-0.000297381455312, -0.000630802649539, -0.00158443313558, 0.00127977982629, 0.000359564321116, -0.00388555601239, 0.000504288997035, 0.0142448395491, -0.00521290814504, 0.00053340458544, 0.000333067320753, -0.00302197784185, 0.000523772556335], [0.00013269057672, 0.000245532341069, -0.00103937322274, -0.00383911258541, -0.00162076647393, 0.00188707676716, -0.00214724848047, -0.00521290814504, 0.0217121262103, -0.00516874529421, -0.00111729477067, 0.00224021007307, -0.00139523972757], [0.000169000675669, 0.0015136502916, 0.000669812492561, -0.000721888325643, -0.00207723560743, -0.000211732593016, -0.000588360999245, 0.00053340458544, -0.00516874529421, 0.0167079549283, -0.00463363761082, 0.0014950404875, 0.000924108317122], [5.29076896782e-05, -0.00187905319035, 8.73298631632e-05, 0.00169015966821, -0.00146372278687, -0.00422004191205, 0.00325318821706, 0.000333067320753, -0.00111729477067, -0.00463363761082, 0.024794658646, -0.0110986288637, 0.000315105251502], [-0.000102014397271, 0.00179975305218, -0.00164450611919, -0.00258306716569, 0.000254072103417, 0.0023525506258, -0.00148401211482, -0.00302197784185, 0.00224021007307, 0.0014950404875, -0.0110986288637, 0.026664244011, -0.00923420581967], [3.1086240142e-06, -0.000853650504723, 0.00171448243782, -0.000989342108369, 0.000205200689379, 0.000953292415943, -0.000867767841555, 0.000523772556335, -0.00139523972757, 0.000924108317122, 0.000315105251502, -0.00923420581967, 0.0229320377111]]
    },
    "melbands": {
        "dmean": [0.00216265954077, 0.00237697781995, 0.000917733530514, 0.000657211872749, 0.000217817418161, 0.00013082913938, 8.31547513371e-05, 0.000106343082734, 9.14194315556e-05, 0.000103268575913, 6.82092577335e-05, 2.7552147003e-05, 3.80983838113e-05, 5.98163060204e-05, 2.88451337838e-05, 4.50386178272e-05, 4.0153216105e-05, 2.60275446635e-05, 1.92467268789e-05, 1.80579263542e-05, 2.22158505494e-05, 1.915881694e-05, 1.7008609575e-05, 8.89765760803e-06, 5.77788750888e-06, 5.61675005883e-06, 6.93633137416e-06, 3.98058364226e-06, 2.71208818958e-06, 4.4227735998e-06, 4.07656398238e-06, 4.10347320212e-06, 3.32422951033e-06, 2.57235092249e-06, 1.84861710295e-06, 1.80003132755e-06, 1.77937704393e-06, 1.56865587542e-06, 1.20269953641e-06, 7.7873283999e-07],
        "dmean2": [0.00384405325167, 0.00441996520385, 0.00160849094391, 0.00112317001913, 0.000369748828234, 0.000216796150198, 0.000135684735142, 0.000172888554516, 0.000147231432493, 0.000163497956237, 0.000107289815787, 4.44455363322e-05, 6.124801439e-05, 9.98759569484e-05, 4.59687507828e-05, 7.20790776541e-05, 6.5067448304e-05, 4.1720293666e-05, 3.21869629261e-05, 2.94543915516e-05, 3.6103228922e-05, 3.16528057738e-05, 2.78070874629e-05, 1.45422609421e-05, 9.55715040618e-06, 9.26059874473e-06, 1.16383780551e-05, 6.7228320404e-06, 4.58207750853e-06, 7.79918809712e-06, 7.33109709472e-06, 7.1647009463e-06, 5.39608208783e-06, 4.146066658e-06, 3.0044061532e-06, 2.81110010292e-06, 2.70871214525e-06, 2.43339582084e-06, 1.83602116977e-06, 1.21826099075e-06],
        "dvar": [3.69229892385e-05, 5.14680468768e-05, 5.89298360865e-06, 6.67293716106e-06, 2.52240681675e-07, 1.07988107345e-07, 3.59908014502e-08, 7.00851785496e-08, 5.34572031086e-08, 6.23020213197e-08, 3.39588019926e-08, 3.90464105493e-09, 8.07880518039e-09, 3.8276507297e-08, 3.5677154564e-09, 1.46579743898e-08, 2.23464446947e-08, 3.92471255495e-09, 1.57098722919e-09, 7.98880905872e-10, 1.32222433002e-09, 8.85457651645e-10, 6.55497267577e-10, 2.6837165823e-10, 9.85738921044e-11, 8.74736880152e-11, 1.23343196767e-10, 4.09421350989e-11, 1.84983989931e-11, 1.21945717413e-10, 1.77000428203e-10, 1.18425672047e-10, 5.75185073182e-11, 2.74403937073e-11, 1.29446765806e-11, 1.46322398642e-11, 1.55557008247e-11, 1.10271904455e-11, 9.53318847474e-12, 2.96998406771e-12],
        "dvar2": [9.96563612716e-05, 0.000149959771079, 1.63092536241e-05, 1.83463980648e-05, 7.19431511698e-07, 2.91565839916e-07, 9.27703780462e-08, 1.828164784e-07, 1.42035148087e-07, 1.46532542544e-07, 7.52550093353e-08, 9.70327018734e-09, 1.95753777632e-08, 1.14951333785e-07, 7.99553134812e-09, 4.15705265766e-08, 6.24847587005e-08, 8.92702445299e-09, 3.89355969688e-09, 1.8898942411e-09, 3.2777114356e-09, 2.29090990622e-09, 1.684754114e-09, 6.74945543899e-10, 2.45308579006e-10, 2.11617903756e-10, 3.34823918591e-10, 1.14290639452e-10, 4.94306574839e-11, 3.52504830881e-10, 5.15072262619e-10, 3.35562161391e-10, 1.53372606282e-10, 6.8314194579e-11, 3.22885537751e-11, 3.47505219045e-11, 3.38728212146e-11, 2.50222204068e-11, 1.97954048986e-11, 6.87841190256e-12],
        "max": [0.0403005108237, 0.0520539022982, 0.0260268505663, 0.0318964980543, 0.00569806573913, 0.00478608766571, 0.00355061958544, 0.00408656103536, 0.00405818317086, 0.00455063115805, 0.00381929101422, 0.000877586542629, 0.00211187824607, 0.00429398007691, 0.00102924974635, 0.00235995580442, 0.0045632221736, 0.00147090398241, 0.000895570905413, 0.000695586903021, 0.000653968658298, 0.000638423720375, 0.000359432480764, 0.000400637596613, 0.000240009394474, 0.000146495498484, 0.000168862519786, 8.22222136776e-05, 5.92287069594e-05, 0.000161647491041, 0.000218907211092, 0.000126372644445, 0.000132734028739, 9.46491200011e-05, 6.96941642673e-05, 7.80992922955e-05, 9.06932982616e-05, 6.59615980112e-05, 6.15950048086e-05, 3.82935795642e-05],
        "mean": [0.00209940248169, 0.00230078143068, 0.00139095832128, 0.000878567865584, 0.000420356809627, 0.000242883557803, 0.000163851014804, 0.000188837031601, 0.000163523174706, 0.0001875126909, 0.000116754279588, 4.82393770653e-05, 6.91127279424e-05, 0.000101140700281, 5.30431170773e-05, 8.5635256255e-05, 7.34885179554e-05, 4.8826343118e-05, 3.93859554606e-05, 4.25761463703e-05, 5.1112681831e-05, 4.57314345113e-05, 3.79334524041e-05, 2.03524432436e-05, 1.29069376271e-05, 1.37651377372e-05, 1.65734163602e-05, 8.95483390195e-06, 6.2152398641e-06, 7.34991544959e-06, 6.16497709416e-06, 7.03365094523e-06, 7.13946428732e-06, 5.84049530516e-06, 4.33976038039e-06, 4.58137083115e-06, 4.74307762488e-06, 4.27588065577e-06, 3.29913109454e-06, 2.0360146209e-06],
        "median": [0.000331911141984, 0.000829614698887, 0.00075595889939, 0.000369044981198, 0.000219340552576, 8.88886934263e-05, 6.99317533872e-05, 5.21620568179e-05, 4.1889554268e-05, 4.5014967327e-05, 2.83149365714e-05, 1.83062675205e-05, 2.16667303903e-05, 2.29127454077e-05, 2.36686628341e-05, 2.18607729039e-05, 2.13053535845e-05, 1.85354092537e-05, 1.91485432879e-05, 2.79176238109e-05, 2.88201226795e-05, 3.20993094647e-05, 2.81789234577e-05, 1.15176844702e-05, 9.41543748922e-06, 1.02667036117e-05, 1.33250341605e-05, 6.70185818308e-06, 4.91055288876e-06, 4.16226885136e-06, 3.30959073835e-06, 3.42583825841e-06, 3.1734134609e-06, 1.95729353436e-06, 1.10405176201e-06, 8.83186032752e-07, 1.2492616861e-06, 1.16422302199e-06, 8.92257162377e-07, 3.98154440973e-07],
        "min": [1.63621253335e-23, 1.32529089616e-23, 6.26602708867e-24, 1.4211389161e-23, 1.34454998853e-23, 6.31298285076e-24, 1.01504736381e-23, 8.11193557448e-24, 8.94126662186e-24, 7.61697426583e-24, 1.06350101499e-23, 1.26175595997e-23, 6.81728151152e-24, 6.42587357947e-24, 6.14639554353e-24, 1.5776766876e-23, 1.1669063224e-23, 1.57407411762e-23, 1.46044312184e-23, 1.28679850718e-23, 8.78029955415e-24, 1.17785287186e-23, 1.28967997941e-23, 1.02101343995e-23, 7.40311407442e-24, 8.12550003774e-24, 1.26304077773e-23, 9.52200235446e-24, 9.32127038623e-24, 8.12046631631e-24, 1.2248656686e-23, 1.07163062105e-23, 1.00014223144e-23, 9.29181195345e-24, 9.16211059886e-24, 8.99126778148e-24, 9.91677596156e-24, 7.02719345409e-24, 1.47416425288e-23, 1.07482684878e-23],
        "var": [3.26231893268e-05, 3.31363335135e-05, 5.48324351257e-06, 5.13657460033e-06, 3.6020293237e-07, 1.77266144874e-07, 6.76915945519e-08, 1.48301708691e-07, 1.16209825762e-07, 1.50388217435e-07, 8.05650799407e-08, 8.10291744813e-09, 2.01170848868e-08, 6.35169996599e-08, 8.89581208696e-09, 3.91096754981e-08, 2.90612778286e-08, 8.01031774245e-09, 5.00138952475e-09, 2.84616485935e-09, 4.67229943624e-09, 3.30635696599e-09, 1.95820248905e-09, 1.08876863081e-09, 2.55992865794e-10, 2.71419914322e-10, 3.62909979845e-10, 1.08458846071e-10, 5.06125280575e-11, 1.26331334283e-10, 1.35866637385e-10, 1.42563474914e-10, 1.60557497852e-10, 1.02354076603e-10, 5.17290724145e-11, 6.93031743104e-11, 8.23132950689e-11, 5.71480154865e-11, 4.69993037544e-11, 1.39985870118e-11]
    },
    "mfcc": {
        "mean": [-685.519592285, 114.552009583, -7.27522611618, 18.4995346069, 10.2111577988, 3.16930413246, -1.24731600285, -0.958656549454, -1.12814021111, -2.00120306015, -3.19770121574, -1.81530106068, -5.58202695847],
        "cov": [[29866.1269531, -3371.52172852, 1194.75012207, 1900.14282227, 867.41595459, 910.084777832, 47.1836853027, 1245.76696777, 582.235717773, 375.059844971, 323.115783691, 512.332092285, 683.514465332], [-3371.52172852, 2041.50830078, -934.037719727, -107.444213867, -133.724227905, -283.959136963, 38.2470321655, -264.727844238, -65.8184280396, -118.962341309, -133.961883545, -134.876480103, -143.006103516], [1194.75012207, -934.037719727, 859.247009277, -94.1786956787, 118.339179993, 140.051528931, -21.7337226868, 190.046081543, 0.842107534409, 66.1914520264, 73.5748825073, 88.4910354614, 81.9804611206], [1900.14282227, -107.444213867, -94.1786956787, 392.415161133, 43.2760353088, 70.2210998535, -1.28749859333, 48.9216651917, 89.297706604, 15.3851118088, 21.6217212677, 30.7076873779, 69.7366333008], [867.41595459, -133.724227905, 118.339179993, 43.2760353088, 143.876434326, 45.8788337708, -1.61561155319, 58.9760360718, 8.29928207397, 28.3658447266, 25.7224712372, 33.2380409241, 42.3422431946], [910.084777832, -283.959136963, 140.051528931, 70.2210998535, 45.8788337708, 166.740264893, 27.8948040009, 65.8866958618, 36.6807937622, 35.6598777771, 58.5917663574, 43.1259536743, 36.4837341309], [47.1836853027, 38.2470321655, -21.7337226868, -1.28749859333, -1.61561155319, 27.8948040009, 80.4003601074, 23.2556724548, 11.6736268997, 6.99534082413, 12.0351438522, 14.611041069, -2.19486570358], [1245.76696777, -264.727844238, 190.046081543, 48.9216651917, 58.9760360718, 65.8866958618, 23.2556724548, 161.687316895, 40.7789573669, 26.0877418518, 29.6325321198, 42.46692276, 62.3789978027], [582.235717773, -65.8184280396, 0.842107534409, 89.297706604, 8.29928207397, 36.6807937622, 11.6736268997, 40.7789573669, 88.3994750977, 30.120141983, 15.7951984406, 17.5785369873, 24.3163070679], [375.059844971, -118.962341309, 66.1914520264, 15.3851118088, 28.3658447266, 35.6598777771, 6.99534082413, 26.0877418518, 30.120141983, 67.2074127197, 38.6958389282, 21.9343109131, 11.422545433], [323.115783691, -133.961883545, 73.5748825073, 21.6217212677, 25.7224712372, 58.5917663574, 12.0351438522, 29.6325321198, 15.7951984406, 38.6958389282, 74.6506958008, 39.0725135803, 14.4468240738], [512.332092285, -134.876480103, 88.4910354614, 30.7076873779, 33.2380409241, 43.1259536743, 14.611041069, 42.46692276, 17.5785369873, 21.9343109131, 39.0725135803, 68.9872207642, 45.3699760437], [683.514465332, -143.006103516, 81.9804611206, 69.7366333008, 42.3422431946, 36.4837341309, -2.19486570358, 62.3789978027, 24.3163070679, 11.422545433, 14.4468240738, 45.3699760437, 90.8642578125]],
