{
"lowlevel": {
    "average_loudness": 0.949192345142,
    "barkbands_crest": {
        "dmean": 2.82212042809,
        "dmean2": 4.61996746063,
        "dvar": 7.31707525253,
        "dvar2": 18.8346538544,
        "max": 26.555929184,
        "mean": 8.5471534729,
        "median": 7.70942831039,
        "min": 2.31499862671,
        "var": 14.2372655869
    },
    "barkbands_flatness_db": {
        "dmean": 0.020753743127,
        "dmean2": 0.0319170691073,
        "dvar": 0.000443489057943,
        "dvar2": 0.000941438192967,
        "max": 0.495474547148,
        "mean": 0.101823240519,
        "median": 0.0855506137013,
        "min": 0.0225078929216,
        "var": 0.00355825782754
    },
    "barkbands_kurtosis": {
        "dmean": 2.06596183777,
        "dmean2": 3.29399776459,
        "dvar": 52.3082618713,
        "dvar2": 119.923118591,
        "max": 192.084976196,
        "mean": 1.05779790878,
        "median": -0.405961751938,
        "min": -1.88747274876,
        "var": 58.3836021423
    },
    "barkbands_skewness": {
        "dmean": 0.598118364811,
        "dmean2": 0.891391098499,
        "dvar": 0.479791879654,
        "dvar2": 1.00649690628,
        "max": 10.7015924454,
        "mean": 0.742284834385,
        "median": 0.588374972343,
        "min": -10.4470462799,
        "var": 1.30668449402
    },
    "barkbands_spread": {
        "dmean": 8.15961837769,
        "dmean2": 12.6094846725,
        "dvar": 69.157585144,
        "dvar2": 155.955566406,
        "max": 100.260406494,
        "mean": 38.3237113953,
        "median": 37.4273071289,
        "min": 0.166108205914,
        "var": 283.481079102
    },
    "dissonance": {
        "dmean": 0.0110885826871,
        "dmean2": 0.0187429264188,
        "dvar": 0.000271199358394,
        "dvar2": 0.000687661289703,
        "max": 0.499983429909,
        "mean": 0.484167069197,
        "median": 0.490824997425,
        "min": 0.277735948563,
        "var": 0.000437674956629
    },
    "dynamic_complexity": 2.82876992226,
    "erbbands_crest": {
        "dmean": 2.31795430183,
        "dmean2": 3.81845355034,
        "dvar": 6.2868680954,
        "dvar2": 15.2586355209,
        "max": 35.0010948181,
        "mean": 7.75899744034,
        "median": 6.38165378571,
        "min": 2.58279442787,
        "var": 16.738494873
    },
    "erbbands_flatness_db": {
        "dmean": 0.0157929901034,
        "dmean2": 0.0237469952554,
        "dvar": 0.000325829401845,
        "dvar2": 0.000617418612819,
        "max": 0.496007740498,
        "mean": 0.143327414989,
        "median": 0.11701527983,
        "min": 0.0611995607615,
        "var": 0.00498552713543
    },
    "erbbands_kurtosis": {
        "dmean": 1.18315672874,
        "dmean2": 1.85693836212,
        "dvar": 13.1823673248,
        "dvar2": 25.7786064148,
        "max": 137.691390991,
        "mean": 1.05018639565,
        "median": 0.489413499832,
        "min": -1.81164741516,
        "var": 19.530538559
    },
    "erbbands_skewness": {
        "dmean": 0.355047762394,
        "dmean2": 0.54448312521,
        "dvar": 0.168420553207,
        "dvar2": 0.391191154718,
        "max": 4.8157248497,
        "mean": -0.500189065933,
        "median": -0.647344470024,
        "min": -3.27707242966,
        "var": 0.49123686552
    },
    "erbbands_spread": {
        "dmean": 9.15950202942,
        "dmean2": 14.1370954514,
        "dvar": 98.0341720581,
        "dvar2": 206.48526001,
        "max": 117.83404541,
        "mean": 37.2937774658,
        "median": 35.2627563477,
        "min": 0.372602254152,
        "var": 352.138183594
    },
    "hfc": {
        "dmean": 8.78097820282,
        "dmean2": 13.4157896042,
        "dvar": 164.987030029,
        "dvar2": 390.484985352,
        "max": 108.259178162,
        "mean": 29.0246829987,
        "median": 26.4390087128,
        "min": 1.13054400677e-16,
        "var": 374.088043213
    },
    "melbands_crest": {
        "dmean": 3.74515867233,
        "dmean2": 6.0603518486,
        "dvar": 9.71671390533,
        "dvar2": 24.6599941254,
        "max": 31.3996448517,
        "mean": 13.9808797836,
        "median": 13.7131748199,
        "min": 1.64358401299,
        "var": 23.6400966644
    },
    "melbands_flatness_db": {
        "dmean": 0.0291824378073,
        "dmean2": 0.0442867316306,
        "dvar": 0.000919617828913,
        "dvar2": 0.0018982894253,
        "max": 0.592672765255,
        "mean": 0.151576414704,
        "median": 0.139409348369,
        "min": 0.00415372662246,
        "var": 0.00348573899828
    },
    "melbands_kurtosis": {
        "dmean": 7.25303411484,
        "dmean2": 11.4028015137,
        "dvar": 198.868896484,
        "dvar2": 459.405395508,
        "max": 301.774353027,
        "mean": 9.22873210907,
        "median": 3.95907258987,
        "min": -1.79059934616,
        "var": 271.980407715
    },
    "melbands_skewness": {
        "dmean": 0.953537344933,
        "dmean2": 1.43121683598,
        "dvar": 1.06841289997,
        "dvar2": 2.33538126945,
        "max": 14.8462219238,
        "mean": 2.28660583496,
        "median": 2.06062817574,
        "min": -7.80863428116,
        "var": 3.44154071808
    },
    "melbands_spread": {
        "dmean": 12.2658863068,
        "dmean2": 18.8242435455,
        "dvar": 186.203781128,
        "dvar2": 383.975524902,
        "max": 240.972961426,
        "mean": 40.4980812073,
        "median": 38.9291305542,
        "min": 0.409744411707,
        "var": 523.37109375
    },
    "pitch_salience": {
        "dmean": 0.0816136747599,
        "dmean2": 0.130974918604,
        "dvar": 0.00558152189478,
        "dvar2": 0.0144220246002,
        "max": 0.969396054745,
        "mean": 0.585543215275,
        "median": 0.592065572739,
        "min": 0.0777225568891,
        "var": 0.0113600399345
    },
    "silence_rate_20dB": {
        "dmean": 0,
        "dmean2": 0,
        "dvar": 0,
        "dvar2": 0,
        "max": 1,
        "mean": 1,
        "median": 1,
        "min": 1,
        "var": 0
    },
    "silence_rate_30dB": {
        "dmean": 0,
        "dmean2": 0,
        "dvar": 0,
        "dvar2": 0,
        "max": 1,
        "mean": 1,
        "median": 1,
        "min": 1,
        "var": 0
    },
    "silence_rate_60dB": {
        "dmean": 0.025928793475,
        "dmean2": 0.0518776625395,
        "dvar": 0.0252556577325,
        "dvar2": 0.0569289252162,
        "max": 1,
        "mean": 0.0998065769672,
        "median": 0,
        "min": 0,
        "var": 0.0898476243019
    },
    "spectral_centroid": {
        "dmean": 304.608032227,
        "dmean2": 454.897247314,
        "dvar": 150309.703125,
        "dvar2": 265822.4375,
        "max": 11341.9658203,
        "mean": 2287.11254883,
        "median": 2257.17041016,
        "min": 267.33706665,
        "var": 688111.9375
    },
    "spectral_complexity": {
        "dmean": 6.01161003113,
        "dmean2": 8.44289588928,
        "dvar": 37.5533638,
        "dvar2": 62.6329841614,
        "max": 60,
        "mean": 27.8143138885,
        "median": 30,
        "min": 0,
        "var": 187.45803833
    },
    "spectral_decrease": {
        "dmean": 2.76595057969e-09,
        "dmean2": 4.46493864104e-09,
        "dvar": 1.91230889645e-17,
        "dvar2": 4.83677981323e-17,
        "max": 1.10644278082e-28,
        "mean": -5.82707038177e-09,
        "median": -4.66644767272e-09,
        "min": -3.31776206508e-08,
        "var": 2.35499478447e-17
    },
    "spectral_energy": {
        "dmean": 0.0110501926392,
        "dmean2": 0.0177696142346,
        "dvar": 0.000294752884656,
        "dvar2": 0.000742204720154,
        "max": 0.128662481904,
        "mean": 0.0246253032237,
        "median": 0.0199409183115,
        "min": 1.03974413877e-20,
        "var": 0.000381322926842
    },
    "spectral_energyband_high": {
        "dmean": 0.000484914286062,
        "dmean2": 0.000764960830566,
        "dvar": 6.34484706552e-07,
        "dvar2": 1.61423406553e-06,
        "max": 0.0119752436876,
        "mean": 0.00152387458365,
        "median": 0.00138988927938,
        "min": 7.37172456694e-21,
        "var": 1.32506932005e-06
    },
    "spectral_energyband_low": {
        "dmean": 0.00737174367532,
        "dmean2": 0.0122495535761,
        "dvar": 0.000206339289434,
        "dvar2": 0.000539038912393,
        "max": 0.114596568048,
        "mean": 0.010107579641,
        "median": 0.00619422737509,
        "min": 2.42646199153e-23,
        "var": 0.000196059409063
    },
    "spectral_energyband_middle_high": {
        "dmean": 0.00306923221797,
        "dmean2": 0.00470170238987,
        "dvar": 1.98788839043e-05,
        "dvar2": 4.46291996923e-05,
        "max": 0.0402628183365,
        "mean": 0.00798782985657,
        "median": 0.00465423008427,
        "min": 1.17021408875e-21,
        "var": 5.54422404093e-05
    },
    "spectral_energyband_middle_low": {
        "dmean": 0.00351334316656,
        "dmean2": 0.00595225999132,
        "dvar": 2.69861520792e-05,
        "dvar2": 7.14517518645e-05,
        "max": 0.0504149198532,
        "mean": 0.00588438846171,
        "median": 0.00416047871113,
        "min": 2.39987365561e-22,
        "var": 3.39446487487e-05
    },
    "spectral_entropy": {
        "dmean": 0.133454531431,
        "dmean2": 0.198204785585,
        "dvar": 0.0412609614432,
        "dvar2": 0.0780905410647,
        "max": 9.81452274323,
        "mean": 7.89038324356,
        "median": 8.00588607788,
        "min": 3.94233465195,
        "var": 0.20902569592
    },
    "spectral_flux": {
        "dmean": 0.0291038043797,
        "dmean2": 0.0441588573158,
        "dvar": 0.00120825576596,
        "dvar2": 0.00245290854946,
        "max": 0.30586874485,
        "mean": 0.0955862700939,
        "median": 0.0870863199234,
        "min": 6.53834278386e-11,
        "var": 0.00266407197341
    },
    "spectral_kurtosis": {
        "dmean": 1.70725274086,
        "dmean2": 2.82896232605,
        "dvar": 21.1231765747,
        "dvar2": 51.487361908,
        "max": 96.1356964111,
        "mean": 4.43418598175,
        "median": 3.30436086655,
        "min": -1.2431910038,
        "var": 29.1142520905
    },
    "spectral_rms": {
        "dmean": 0.000977208488621,
        "dmean2": 0.00149854342453,
        "dvar": 1.57168108217e-06,
        "dvar2": 3.66391645912e-06,
        "max": 0.0112037658691,
        "mean": 0.00451008463278,
        "median": 0.00441073160619,
        "min": 3.18494037567e-12,
        "var": 3.68381279259e-06
    },
    "spectral_rolloff": {
        "dmean": 778.511535645,
        "dmean2": 1257.74633789,
        "dvar": 1161042.875,
        "dvar2": 2269225,
        "max": 19315.2832031,
        "mean": 2659.48364258,
        "median": 2454.78515625,
        "min": 107.666015625,
        "var": 3388961.5
    },
    "spectral_skewness": {
        "dmean": 0.214149147272,
        "dmean2": 0.346808880568,
        "dvar": 0.155765354633,
        "dvar2": 0.360802918673,
        "max": 8.24562644958,
        "mean": 1.36270534992,
        "median": 1.28978383541,
        "min": -0.0434158444405,
        "var": 0.239354908466
    },
    "spectral_spread": {
        "dmean": 526046.375,
        "dmean2": 774304.75,
        "dvar": 1.32490697114e+12,
        "dvar2": 1.78490271334e+12,
        "max": 41824752,
        "mean": 4764705.5,
        "median": 4694145,
        "min": 1032376.375,
        "var": 8.085307392e+12
    },
    "spectral_strongpeak": {
        "dmean": 0.564986407757,
        "dmean2": 0.981589198112,
        "dvar": 1.05656754971,
        "dvar2": 2.63304424286,
        "max": 8.69024181366,
        "mean": 0.851375699043,
        "median": 0.302510023117,
        "min": 0,
        "var": 1.72983014584
    },
    "zerocrossingrate": {
        "dmean": 0.013450788334,
        "dmean2": 0.0161888953298,
        "dvar": 0.000368828972569,
        "dvar2": 0.000513068633154,
        "max": 0.51220703125,
        "mean": 0.0944258496165,
        "median": 0.0888671875,
        "min": 0.01171875,
        "var": 0.00202373438515
    },
    "barkbands": {
        "dmean": [0.000152346096002, 0.00499580055475, 0.00283069396392, 0.00117053161375, 0.00129979918711, 0.000638008350506, 0.000324398075463, 0.000373385933926, 0.000868024828378, 0.000584303750657, 0.000380591547582, 0.000461694988189, 0.000587777351029, 0.000635874690488, 0.000557767227292, 0.000470415921882, 0.000466663128464, 0.000423960882472, 0.000379970879294, 0.000359950005077, 0.000181274765055, 0.00011478477245, 7.2169037594e-05, 7.72320126998e-05, 5.33691818418e-05, 4.44877514383e-05, 2.63334322881e-06],
        "dmean2": [0.000258237123489, 0.00835975632071, 0.00500515475869, 0.0020260696765, 0.00225656409748, 0.00111827999353, 0.000557736202609, 0.000639748468529, 0.00141170108691, 0.000946884625591, 0.000625226995908, 0.000757784815505, 0.000943635357544, 0.00103184313048, 0.000890379131306, 0.000734230095986, 0.000759154558182, 0.000699716736563, 0.000598199549131, 0.000595154881012, 0.000296917947708, 0.000188029793208, 0.000118353018479, 0.000123186284327, 8.1591802882e-05, 7.01960452716e-05, 4.46946751254e-06],
        "dvar": [9.37052320182e-08, 0.000107642241346, 2.41049037868e-05, 3.55815791409e-06, 4.70693066745e-06, 1.81571431312e-06, 5.22686320892e-07, 8.42718691274e-07, 3.70209727407e-06, 1.6634800204e-06, 7.41477606425e-07, 1.3145217963e-06, 1.81687721579e-06, 2.00722843147e-06, 1.75072943875e-06, 5.30767806595e-07, 4.32154706687e-07, 4.45971721774e-07, 3.28923391635e-07, 2.59828880189e-07, 6.40693045284e-08, 2.72537352686e-08, 1.54895758442e-08, 5.37379207799e-08, 1.12714211298e-08, 6.79836364981e-09, 4.11675554757e-11],
        "dvar2": [2.72875382734e-07, 0.000282156543108, 6.85757695464e-05, 9.64292757999e-06, 1.33632565849e-05, 5.00312944496e-06, 1.32903585381e-06, 2.21482832785e-06, 9.165539268e-06, 3.95669439968e-06, 1.83902011486e-06, 3.39689154316e-06, 4.19464277002e-06, 4.96390839544e-06, 4.09409312851e-06, 1.19765388717e-06, 1.11299380023e-06, 1.13715861971e-06, 7.8780072954e-07, 6.6823298539e-07, 1.68849723536e-07, 6.98293334267e-08, 4.19474019964e-08, 1.42895856925e-07, 2.68178528273e-08, 1.7251608142e-08, 1.16502724135e-10],
        "max": [0.00338963372633, 0.0826446563005, 0.0363608822227, 0.0194703787565, 0.0283435918391, 0.0165184456855, 0.0088348351419, 0.0136951673776, 0.0236713495106, 0.020812574774, 0.0143078556284, 0.0151263670996, 0.0204001143575, 0.0271389856935, 0.0186635665596, 0.00912814028561, 0.00849771779031, 0.00888416823, 0.00667179562151, 0.00781809818, 0.00292090163566, 0.00174052198417, 0.00239262916148, 0.00467281928286, 0.00167080189567, 0.00131133641116, 0.000169406703208],
        "mean": [0.000166317855474, 0.00603209808469, 0.00314675085247, 0.00140444387216, 0.0017217870336, 0.000664584105834, 0.000312871474307, 0.00038570119068, 0.00115883909166, 0.000908293179236, 0.000490559497848, 0.000611064140685, 0.000873010430951, 0.000911398325115, 0.00074213091284, 0.000834541686345, 0.000878433114849, 0.000710451276973, 0.000685858947691, 0.000741369789466, 0.000396090879804, 0.000253783509834, 0.000183703610674, 0.000184815027751, 0.000137645984069, 8.5653460701e-05, 3.12893007504e-06],
        "median": [3.28478090523e-05, 0.00324518419802, 0.00189435342327, 0.000815136183519, 0.00112265651114, 0.000326713430695, 0.000113890804641, 6.82433965267e-05, 0.000206272379728, 0.000183911295608, 0.000136905699037, 0.000195916451048, 0.000212047598325, 0.000365348969353, 0.000193327054149, 0.000453776156064, 0.000565673806705, 0.000521649839357, 0.000467008852866, 0.000595638819505, 0.000342539220583, 0.000210149868508, 0.000157479138579, 0.00014785680105, 0.000108576277853, 5.3023948567e-05, 1.05571666609e-06],
        "min": [4.28366805019e-25, 6.91995096947e-24, 1.5076806256e-24, 3.00765210801e-24, 1.72578185157e-23, 1.29909960971e-23, 6.23865124868e-24, 7.1866774633e-24, 1.805584914e-23, 1.4924033481e-23, 2.94771824297e-23, 3.22647518115e-23, 3.79374947571e-23, 5.01552651721e-23, 5.98912476248e-23, 1.00909313637e-22, 9.46966111785e-23, 1.36593234736e-22, 1.31576849307e-22, 2.07544684594e-22, 2.63188282276e-22, 3.51071552303e-22, 4.58091350957e-22, 5.958574136e-22, 9.40913301966e-22, 1.46380857917e-21, 2.00696291513e-21],
        "var": [1.13949234049e-07, 9.70720575424e-05, 1.90208829736e-05, 3.55585052603e-06, 4.20561809733e-06, 1.39054463943e-06, 4.48897765182e-07, 8.42359384023e-07, 6.17251043877e-06, 4.0788863771e-06, 1.1746542441e-06, 1.65791504969e-06, 3.27527914123e-06, 3.04494960801e-06, 2.83887197838e-06, 1.18559160001e-06, 9.2288490805e-07, 5.70755332774e-07, 6.03712862812e-07, 4.45395158977e-07, 1.12763956395e-07, 4.81529980334e-08, 2.70557034554e-08, 5.9983904066e-08, 2.10462864914e-08, 1.19508181129e-08, 4.00598790251e-11]
    },
    "erbbands": {
        "dmean": [0.122049801052, 1.2299041748, 3.11051034927, 3.64029383659, 3.63245654106, 4.33080863953, 7.36317634583, 4.77175140381, 4.5590801239, 6.39006185532, 9.26158237457, 18.5618228912, 17.9396247864, 18.6288566589, 14.9810752869, 17.6847991943, 24.567155838, 32.8720741272, 26.3707180023, 23.7169837952, 28.2884216309, 24.6009693146, 22.7260551453, 18.5668869019, 18.9866065979, 16.4941978455, 8.71414375305, 6.68501615524, 4.1582942009, 3.12193512917, 2.08489060402, 1.5934997797, 1.38197052479, 0.728284657001, 0.368379920721, 0.194779798388, 0.0823503434658, 0.0147988386452, 0.000291817937978, 1.86745146493e-05],
        "dmean2": [0.211126253009, 2.05923366547, 5.48782539368, 6.26089382172, 6.23483562469, 7.57476091385, 13.0255966187, 8.34898757935, 7.96240615845, 10.8028726578, 15.3837957382, 30.2080554962, 29.0359554291, 30.1158866882, 23.9365615845, 28.7548885345, 38.8557624817, 51.5275001526, 42.5514526367, 36.1181983948, 44.2833213806, 40.1552429199, 37.248210907, 29.7340488434, 30.4292373657, 27.3780002594, 14.3278856277, 11.0050258636, 6.84133052826, 5.1913523674, 3.38945293427, 2.55200648308, 2.24078917503, 1.14402842522, 0.574982047081, 0.310208141804, 0.13098461926, 0.0236877221614, 0.000465866673039, 2.9094688216e-05],
        "dvar": [0.0801541954279, 6.02655982971, 28.1041564941, 40.295753479, 29.3714981079, 59.6829147339, 234.37322998, 121.670532227, 124.44644928, 245.4168396, 478.80960083, 1918.18823242, 2066.00512695, 1626.39782715, 1249.84631348, 1989.39782715, 2903.71118164, 5498.62451172, 3351.02050781, 3201.00073242, 1801.85119629, 1173.68188477, 1227.68029785, 831.123046875, 860.741394043, 523.189086914, 145.102722168, 85.4597549438, 39.1936454773, 22.3429737091, 12.7177810669, 14.405333519, 18.6781978607, 2.27742171288, 0.554910361767, 0.138560771942, 0.0222831126302, 0.000898118712939, 3.52206456e-07, 6.71552924381e-10],
        "dvar2": [0.222647249699, 15.5034103394, 78.7574310303, 109.767456055, 81.0728530884, 169.352020264, 649.926513672, 338.829376221, 337.023834229, 638.326782227, 1196.2677002, 4663.34619141, 5189.94726562, 3770.62768555, 3198.3840332, 5127.44433594, 6767.12597656, 13352.6923828, 8028.99804688, 7237.01220703, 4144.43261719, 2998.54589844, 3059.84765625, 2086.10644531, 2041.16711426, 1326.27868652, 373.897888184, 225.153091431, 101.279724121, 60.3245010376, 33.3159713745, 35.0803527832, 51.5985298157, 5.92079401016, 1.33304226398, 0.354217976332, 0.0558382757008, 0.0023877308704, 9.35917171319e-07, 1.68009528512e-09],
        "max": [2.01594686508, 19.864358902, 42.4831085205, 56.022190094, 78.4390869141, 85.8971557617, 154.806854248, 187.251052856, 153.623550415, 224.600097656, 252.608093262, 697.727233887, 812.218444824, 692.237182617, 578.815185547, 756.258544922, 877.837280273, 1490.90808105, 956.652709961, 987.561279297, 511.125213623, 396.298553467, 519.149536133, 315.657897949, 401.282745361, 254.591949463, 120.774002075, 97.5750198364, 67.8643722534, 68.6376647949, 68.8082733154, 96.8466720581, 84.2713775635, 26.5414600372, 13.931842804, 6.32273292542, 2.10561680794, 0.520326197147, 0.0118309790269, 0.000307572976453],
        "mean": [0.124191470444, 1.49837493896, 3.82637166977, 4.38679885864, 4.92348384857, 5.18209266663, 7.49643993378, 4.962266922, 4.3836607933, 6.44744920731, 10.3991613388, 23.8234405518, 27.0975208282, 30.3681507111, 22.4877548218, 25.4168758392, 39.6155204773, 49.0822677612, 37.1353416443, 37.0236625671, 53.9001808167, 49.7062911987, 41.4665565491, 33.0614089966, 38.8306770325, 34.2018737793, 18.6281929016, 14.1204032898, 8.95369052887, 7.17616796494, 5.22301340103, 3.87893676758, 3.06874871254, 1.76136624813, 0.87083542347, 0.405003905296, 0.149393230677, 0.022752776742, 0.00047440326307, 4.83750591229e-05],
        "median": [0.0360176973045, 0.870423913002, 2.57809925079, 2.46702170372, 3.34402728081, 3.03164362907, 3.63514184952, 2.50935292244, 1.83319485188, 1.65615451336, 1.89809989929, 4.37391853333, 6.51520681381, 6.28849744797, 6.0915813446, 9.50116539001, 10.5548086166, 17.1106300354, 15.0184659958, 13.5007219315, 31.0675029755, 33.2953987122, 30.2005119324, 23.8158035278, 28.9281349182, 27.8976192474, 16.077747345, 12.0886631012, 7.30580759048, 6.25823926926, 4.39572429657, 3.22500824928, 2.3393907547, 1.39563572407, 0.649256885052, 0.257974505424, 0.0920558348298, 0.0113114826381, 0.000254177546594, 4.40612784587e-05],
        "min": [1.43708999915e-22, 1.54756929997e-21, 2.80932487813e-21, 7.13017732676e-21, 2.96029652786e-20, 4.88671777956e-20, 5.9475055062e-20, 1.6408511685e-19, 1.36739210808e-19, 7.80780497703e-20, 4.49309154199e-19, 4.5562405779e-19, 3.84601063776e-19, 1.04358253793e-18, 1.70109134625e-18, 1.72036300016e-18, 2.27356815894e-18, 2.50668502635e-18, 4.15505642985e-18, 4.16578951189e-18, 6.37141574365e-18, 5.67899608777e-18, 7.31433794906e-18, 7.31111856211e-18, 8.91735524636e-18, 9.72892778793e-18, 1.08244069137e-17, 1.14559915714e-17, 1.28976035974e-17, 1.36667922315e-17, 1.23551153906e-17, 1.18080156519e-17, 8.99487944055e-18, 8.9869500872e-18, 7.28078584905e-18, 4.33892916744e-18, 2.61317315649e-18, 1.18312976842e-18, 2.73081633417e-19, 2.80673109338e-20],
        "var": [0.0675805211067, 5.46909666061, 23.3001613617, 36.9585838318, 32.0215301514, 49.5159072876, 170.497116089, 90.0577697754, 92.7069854736, 215.867477417, 532.774353027, 2759.01171875, 3522.83520508, 5396.39550781, 2050.93041992, 2384.6081543, 5936.95117188, 9463.01855469, 4859.96142578, 5557.16308594, 4204.03173828, 2703.41064453, 1764.05187988, 1230.04724121, 1764.77758789, 882.526794434, 244.647964478, 147.305343628, 62.8022232056, 38.2698898315, 23.5745716095, 19.5774421692, 19.4503879547, 3.56741452217, 0.962148547173, 0.246767237782, 0.0383534580469, 0.00121653650422, 4.8342133141e-07, 1.22691135029e-09]
    },
    "gfcc": {
        "mean": [12.0215120316, 55.8977470398, -124.06539917, 49.0545082092, -40.7200965881, 20.8717498779, -35.7343559265, 13.6868047714, -32.4210243225, 1.85938370228, -22.1037998199, 0.948965728283, -11.317196846],
        "cov": [[18313.0253906, -1342.78112793, 1126.24072266, 1492.28100586, -691.020324707, 1100.31408691, -301.402069092, 882.166137695, -335.177886963, 510.556030273, -342.315704346, 419.392669678, -813.071411133], [-1342.78112793, 989.558837891, -650.071228027, -409.915588379, -7.86380338669, -278.249481201, 45.7977409363, -163.365692139, 43.9491386414, -137.882659912, 59.3566436768, -98.3322906494, 187.587997437], [1126.24072266, -650.071228027, 1609.12011719, 533.744567871, -29.9395809174, 226.061584473, -109.345779419, 251.920959473, -94.6202926636, 171.70892334, -49.2266311646, 206.755706787, -285.191040039], [1492.28100586, -409.915588379, 533.744567871, 523.42010498, -1.43779397011, 161.154693604, -71.2284317017, 89.7974853516, -56.2805557251, 77.5235824585, -30.4253406525, 62.2690238953, -106.897720337], [-691.020324707, -7.86380338669, -29.9395809174, -1.43779397011, 216.174758911, 5.87232208252, 28.7843227386, -11.4370708466, 25.7160568237, -0.889556884766, -5.85649013519, -14.0402946472, 18.8661022186], [1100.31408691, -278.249481201, 226.061584473, 161.154693604, 5.87232208252, 253.828491211, 44.7220802307, 98.2440948486, -32.3879203796, 42.407371521, -26.6007423401, 45.5830078125, -99.8031005859], [-301.402069092, 45.7977409363, -109.345779419, -71.2284317017, 28.7843227386, 44.7220802307, 144.244979858, 20.3840923309, 11.3552408218, -17.9322223663, 7.60703325272, -14.8866024017, 10.83411026], [882.166137695, -163.365692139, 251.920959473, 89.7974853516, -11.4370708466, 98.2440948486, 20.3840923309, 175.121337891, 18.037607193, 49.0841560364, -29.8101634979, 41.0341186523, -93.479309082], [-335.177886963, 43.9491386414, -94.6202926636, -56.2805557251, 25.7160568237, -32.3879203796, 11.3552408218, 18.037607193, 99.8478622437, 23.0510864258, -1.03789544106, -32.7216949463, 14.8107633591], [510.556030273, -137.882659912, 171.70892334, 77.5235824585, -0.889556884766, 42.407371521, -17.9322223663, 49.0841560364, 23.0510864258, 95.5836639404, 2.55626940727, 17.4789676666, -57.3244132996], [-342.315704346, 59.3566436768, -49.2266311646, -30.4253406525, -5.85649013519, -26.6007423401, 7.60703325272, -29.8101634979, -1.03789544106, 2.55626940727, 61.0678138733, 7.39592790604, 20.1100921631], [419.392669678, -98.3322906494, 206.755706787, 62.2690238953, -14.0402946472, 45.5830078125, -14.8866024017, 41.0341186523, -32.7216949463, 17.4789676666, 7.39592790604, 91.2908554077, -26.7391281128], [-813.071411133, 187.587997437, -285.191040039, -106.897720337, 18.8661022186, -99.8031005859, 10.83411026, -93.479309082, 14.8107633591, -57.3244132996, 20.1100921631, -26.7391281128, 141.796600342]],
        "icov": [[0.00040611429722, -0.000532467092853, 0.00101408420596, -0.00102031358983, 0.000936466210987, -0.000739998125937, 0.000733629218303, -0.00125675648451, 0.00145686313044, -0.00225515291095, 0.00214183842763, -0.00174615706783, 0.0010765879415], [-0.000532467092853, 0.00283164088614, -0.00122728152201, 0.00205071317032, -0.00106755329762, 0.00221639196388, -0.0012619162444, 0.00151022651698, -0.00200530304573, 0.00442520901561, -0.00392393907532, 0.00294085312635, -0.00181809405331], [0.00101408420596, -0.00122728152201, 0.00430170306936, -0.00349765946157, 0.00212149531581, -0.00098438502755, 0.00191694381647, -0.00363577436656, 0.00420715939254, -0.00646935170516, 0.00598889496177, -0.00692756194621, 0.00472449371591], [-0.00102031358983, 0.00205071317032, -0.00349765946157, 0.0065685720183, -0.0025866588112, 0.00019757298287, -6.53827373753e-05, 0.00262008677237, -0.00223296741024, 0.00492235645652, -0.00572488503531, 0.00613177428022, -0.00423939945176], [0.000936466210987, -0.00106755329762, 0.00212149531581, -0.0025866588112, 0.00729116750881, -0.00198235362768, 0.000455621891888, -0.00185058813076, 0.00163738045376, -0.00508754281327, 0.00573259824887, -0.00387877784669, 0.00170652358793], [-0.000739998125937, 0.00221639196388, -0.00098438502755, 0.00019757298287, -0.00198235362768, 0.0105016278103, -0.00537094241008, 0.00130736141, -0.00100025651045, 0.00378281972371, -0.00219495827332, 0.00054117187392, 0.00196839123964], [0.000733629218303, -0.0012619162444, 0.00191694381647, -6.53827373753e-05, 0.000455621891888, -0.00537094241008, 0.0120244370773, -0.00544705335051, 0.00301071326248, -0.00244095688686, 0.000648038170766, -0.000412199471612, -0.000139252326335], [-0.00125675648451, 0.00151022651698, -0.00363577436656, 0.00262008677237, -0.00185058813076, 0.00130736141, -0.00544705335051, 0.0172895248979, -0.01042501349, 0.00692197447643, -0.00197461782955, 0.000118332471175, 0.00262877484784], [0.00145686313044, -0.00200530304573, 0.00420715939254, -0.00223296741024, 0.00163738045376, -0.00100025651045, 0.00301071326248, -0.01042501349, 0.022971842438, -0.0158658754081, 0.00782599300146, -0.000360044592526, -0.000230984544032], [-0.00225515291095, 0.00442520901561, -0.00646935170516, 0.00492235645652, -0.00508754281327, 0.00378281972371, -0.00244095688686, 0.00692197447643, -0.0158658754081, 0.0328629501164, -0.0173829365522, 0.00943242013454, -0.00081017712364], [0.00214183842763, -0.00392393907532, 0.00598889496177, -0.00572488503531, 0.00573259824887, -0.00219495827332, 0.000648038170766, -0.00197461782955, 0.00782599300146, -0.0173829365522, 0.033486418426, -0.0155726792291, 0.00601242017001], [-0.00174615706783, 0.00294085312635, -0.00692756194621, 0.00613177428022, -0.00387877784669, 0.00054117187392, -0.000412199471612, 0.000118332471175, -0.000360044592526, 0.00943242013454, -0.0155726792291, 0.0288541279733, -0.0107066519558], [0.0010765879415, -0.00181809405331, 0.00472449371591, -0.00423939945176, 0.00170652358793, 0.00196839123964, -0.000139252326335, 0.00262877484784, -0.000230984544032, -0.00081017712364, 0.00601242017001, -0.0107066519558, 0.0216639805585]]
    },
    "melbands": {
        "dmean": [0.0012482968159, 0.00159373832867, 0.000605603097938, 0.000244714057771, 0.000258688436588, 0.00010823590128, 6.78581200191e-05, 7.16565482435e-05, 8.65433175932e-05, 0.000122047742479, 9.1199464805e-05, 7.80026966822e-05, 5.01852955495e-05, 4.8263980716e-05, 5.67650204175e-05, 5.64492038393e-05, 6.49310168228e-05, 4.35715483036e-05, 4.14163805544e-05, 2.81737393379e-05, 3.6013960198e-05, 2.78642892226e-05, 2.28917906497e-05, 2.13987332245e-05, 1.57019439939e-05, 1.48760991578e-05, 1.61613788805e-05, 1.04992113847e-05, 6.64234812575e-06, 4.6270488383e-06, 3.99650298277e-06, 2.63485844698e-06, 2.3694299216e-06, 1.68521887645e-06, 1.32164950628e-06, 1.16549426821e-06, 1.06627032892e-06, 1.16655439797e-06, 7.74342822751e-07, 6.22751713308e-07],
        "dmean2": [0.0021078302525, 0.00271881534718, 0.00104142783675, 0.000422463868745, 0.000454485765658, 0.000189336016774, 0.000117503012007, 0.000121036646306, 0.000144123667269, 0.000198207941139, 0.000147987593664, 0.000126646686113, 8.08202748885e-05, 7.86222808529e-05, 9.19808226172e-05, 8.96562414709e-05, 0.000103246573417, 7.16011491022e-05, 6.41496881144e-05, 4.46812082373e-05, 5.7080113038e-05, 4.5931807108e-05, 3.76247226086e-05, 3.57445060217e-05, 2.52996887866e-05, 2.38303728111e-05, 2.65969956672e-05, 1.73946500581e-05, 1.10081027742e-05, 7.66309312894e-06, 6.61544481773e-06, 4.35169886259e-06, 3.93538402932e-06, 2.81565303339e-06, 2.17265164792e-06, 1.8841981273e-06, 1.71756664713e-06, 1.92142852029e-06, 1.2567269323e-06, 9.89692921394e-07],
        "dvar": [7.64061769587e-06, 8.17317595647e-06, 1.0485492794e-06, 1.49700028373e-07, 2.71211035852e-07, 6.07592056667e-08, 2.62670045714e-08, 3.15169010889e-08, 4.23357917612e-08, 8.01385695581e-08, 5.1972936177e-08, 2.96354656371e-08, 1.38201334821e-08, 1.59820281453e-08, 1.81710575475e-08, 1.6752361276e-08, 2.29357723924e-08, 8.87238105207e-09, 1.07250004433e-08, 3.35635430559e-09, 3.12688785975e-09, 1.55536195035e-09, 1.4487880895e-09, 1.06253728038e-09, 6.12867256944e-10, 5.33244726153e-10, 6.41068031992e-10, 2.05003763964e-10, 8.39782896001e-11, 4.25177427987e-11, 2.89136006804e-11, 1.58905805181e-11, 1.13726354722e-11, 6.61379805089e-12, 4.4304937323e-12, 6.15673267576e-12, 6.25748845101e-12, 1.10556850133e-11, 5.64696553407e-12, 1.22281351711e-12],
        "dvar2": [2.0382596631e-05, 2.18841414608e-05, 2.87710486191e-06, 4.23978775643e-07, 7.58286034852e-07, 1.69128909988e-07, 7.04416649455e-08, 8.18473324671e-08, 1.03020148856e-07, 1.98159312959e-07, 1.30470041881e-07, 6.88841836904e-08, 3.47079094354e-08, 4.1427071551e-08, 4.4236447394e-08, 3.62628576056e-08, 5.71150948758e-08, 2.11124788763e-08, 2.34474111238e-08, 7.70274244388e-09, 7.39056860155e-09, 4.01599953292e-09, 3.5941463139e-09, 2.76133294008e-09, 1.54031731814e-09, 1.26562282876e-09, 1.65688107678e-09, 5.24604526486e-10, 2.1966874153e-10, 1.10888853655e-10, 7.54384471557e-11, 4.15598319647e-11, 3.00082667049e-11, 1.82465691861e-11, 1.17527142532e-11, 1.51508684071e-11, 1.59425510987e-11, 3.01111843792e-11, 1.58391043337e-11, 3.08103325838e-12],
        "max": [0.0212242696434, 0.022469099611, 0.00845059752464, 0.00704033952206, 0.00507165770978, 0.00393025064841, 0.00216648494825, 0.00245015090331, 0.00236133113503, 0.00418114243075, 0.00409012753516, 0.00287911505438, 0.00213448889554, 0.00207815645263, 0.0019563252572, 0.00235012779012, 0.00337558961473, 0.00141157419421, 0.00192680454347, 0.0010167886503, 0.000758781621698, 0.000458586233435, 0.000734385394026, 0.000304282933939, 0.000276976585155, 0.000296623504255, 0.000464850454591, 0.000165740129887, 0.000115992967039, 7.48717357055e-05, 5.72925164306e-05, 4.60092451249e-05, 4.16369912273e-05, 3.89824526792e-05, 4.32605847891e-05, 5.41113950021e-05, 6.15211392869e-05, 6.15458047832e-05, 5.31969089934e-05, 1.66249337781e-05],
        "mean": [0.00140784704126, 0.00210554804653, 0.000803725793958, 0.000340088445228, 0.00027271170984, 0.00011276944133, 6.55827316223e-05, 7.31702530175e-05, 9.56240401138e-05, 0.000162174314028, 0.00013496329484, 0.000124550104374, 7.0724861871e-05, 6.66151681799e-05, 8.28188058222e-05, 8.55144899106e-05, 9.20726524782e-05, 5.72515455133e-05, 5.73846882617e-05, 4.57583664684e-05, 6.64351100568e-05, 5.2492312534e-05, 4.0620125219e-05, 3.47858112946e-05, 2.5474884751e-05, 2.64384652837e-05, 3.12907104671e-05, 2.00439444598e-05, 1.22458186524e-05, 9.27750988922e-06, 7.75612625148e-06, 5.03162664245e-06, 4.72335159429e-06, 3.5884402223e-06, 3.02319585899e-06, 2.57070018961e-06, 2.31668104789e-06, 2.3775066893e-06, 1.61892671713e-06, 1.42509497891e-06],
        "median": [0.000616569188423, 0.00142062501982, 0.000509100791533, 0.00023467259598, 0.00013818469597, 5.70692463953e-05, 2.66144088528e-05, 1.63919248735e-05, 1.48340486703e-05, 2.95529789582e-05, 3.15480647259e-05, 2.3656659323e-05, 1.90893242689e-05, 1.90214723261e-05, 2.67955638265e-05, 1.94581170945e-05, 3.2710704545e-05, 2.56850580627e-05, 1.35263226184e-05, 2.2103486117e-05, 3.87278232665e-05, 3.49214897142e-05, 2.61103105004e-05, 2.5024974093e-05, 1.72340860445e-05, 1.67357484315e-05, 2.37103213294e-05, 1.60431682161e-05, 9.56299300015e-06, 7.7112854342e-06, 6.22326706434e-06, 3.81585414289e-06, 3.92415358874e-06, 2.98805343846e-06, 2.41942143475e-06, 2.14337956095e-06, 1.84337284281e-06, 1.75154684712e-06, 1.23200902635e-06, 1.10882535864e-06],
        "min": [2.24538133732e-24, 1.73735471715e-24, 1.90402741857e-24, 3.06915821229e-24, 1.92596859857e-24, 3.99723985386e-24, 2.05538359666e-24, 8.25321366007e-25, 3.44449685048e-24, 2.86382126853e-24, 1.88632380213e-24, 3.78939314913e-24, 4.54594270611e-24, 2.89534770018e-24, 4.08028284692e-24, 5.91777142586e-24, 4.34752170591e-24, 5.50568350517e-24, 5.03976489961e-24, 5.07328754378e-24, 6.9074601459e-24, 5.52636704368e-24, 5.77386426408e-24, 6.3981328913e-24, 5.36081945512e-24, 4.39634272961e-24, 5.8501313364e-24, 5.82682641311e-24, 6.02093313301e-24, 6.01458990248e-24, 5.51912332842e-24, 6.3543412503e-24, 6.77978221953e-24, 8.60205722147e-24, 5.19931122883e-24, 7.62236060809e-24, 6.69143532017e-24, 6.01544660542e-24, 6.56246445077e-24, 6.69325206683e-24],
        "var": [6.67912217978e-06, 7.34595414542e-06, 9.9371561646e-07, 1.45544277075e-07, 2.00953451213e-07, 4.49990835705e-08, 2.02022434337e-08, 2.92493052001e-08, 4.87578830644e-08, 1.27815525275e-07, 8.79705126522e-08, 9.70444631321e-08, 2.17103526268e-08, 2.18535696206e-08, 2.7238932887e-08, 3.32952616588e-08, 3.48682327456e-08, 1.20398127024e-08, 2.01279721779e-08, 5.51959145056e-09, 6.69221522642e-09, 3.23303028793e-09, 2.36783259666e-09, 1.36397781958e-09, 8.8908735929e-10, 1.06654185483e-09, 1.09420994487e-09, 3.24408139241e-10, 1.30068039672e-10, 7.13604939029e-11, 4.92021909326e-11, 2.38198141767e-11, 1.82374410712e-11, 1.08324226325e-11, 8.45034979491e-12, 8.39292177424e-12, 7.81016050444e-12, 1.19777521235e-11, 5.56682261052e-12, 2.20253676408e-12]
    },
    "mfcc": {
        "mean": [-621.857421875, 81.6328887939, -13.1467437744, 31.7053470612, 15.9481945038, 11.4019012451, 11.2288866043, 7.9081902504, 3.63241577148, 1.36391055584, -4.02353811264, -2.40882086754, -4.2400188446],
        "cov": [[9516.046875, -482.150146484, 1055.05200195, 616.587585449, 76.1355056763, 243.449157715, 279.352081299, 371.479522705, 58.8100624084, 339.214477539, 318.395935059, 261.146514893, 132.797836304], [-482.150146484, 654.245605469, -338.395690918, -197.172805786, -102.384223938, -91.3147888184, -53.3907470703, -17.0161972046, 1.64057815075, -22.9190921783, -34.6960334778, -33.9701766968, -23.791595459], [1055.05200195, -338.395690918, 1130.08837891, 336.727661133, 149.158889771, 26.3284187317, 53.4446105957, 102.431053162, -79.7187042236, 37.8523330688, 73.8899459839, 63.290561676, 33.2777061462], [616.587585449, -197.172805786, 336.727661133, 337.774658203, 132.606552124, 55.4120063782, 42.6284751892, 15.8712482452, -0.48353818059, 26.9333763123, 25.4180259705, 17.9515476227, 25.0739021301], [76.1355056763, -102.384223938, 149.158889771, 132.606552124, 191.206481934, 43.9610214233, 5.32760477066, 16.2664604187, 4.83394193649, 26.7000160217, 6.96139478683, -10.5025024414, 20.8443241119], [243.449157715, -91.3147888184, 26.3284187317, 55.4120063782, 43.9610214233, 129.77772522, 67.8594665527, 14.3341884613, 11.1953935623, -3.86215853691, 15.670296669, 16.9973888397, 1.78605043888], [279.352081299, -53.3907470703, 53.4446105957, 42.6284751892, 5.32760477066, 67.8594665527, 137.525634766, 66.6872787476, 9.6656332016, -4.72361278534, 21.0013713837, 25.7049598694, 2.73023509979], [371.479522705, -17.0161972046, 102.431053162, 15.8712482452, 16.2664604187, 14.3341884613, 66.6872787476, 127.247215271, 25.107717514, 13.3617258072, 30.9412517548, 19.9816093445, 12.831155777], [58.8100624084, 1.64057815075, -79.7187042236, -0.48353818059, 4.83394193649, 11.1953935623, 9.6656332016, 25.107717514, 88.687538147, 32.1989440918, 8.47252559662, -1.09605407715, 2.04875993729], [339.214477539, -22.9190921783, 37.8523330688, 26.9333763123, 26.7000160217, -3.86215853691, -4.72361278534, 13.3617258072, 32.1989440918, 113.704391479, 52.0442886353, 0.750456631184, 17.7476577759], [318.395935059, -34.6960334778, 73.8899459839, 25.4180259705, 6.96139478683, 15.670296669, 21.0013713837, 30.9412517548, 8.47252559662, 52.0442886353, 91.3904724121, 30.5268173218, 9.75887966156], [261.146514893, -33.9701766968, 63.290561676, 17.9515476227, -10.5025024414, 16.9973888397, 25.7049598694, 19.9816093445, -1.09605407715, 0.750456631184, 30.5268173218, 63.9581069946, 15.3834009171], [132.797836304, -23.791595459, 33.2777061462, 25.0739021301, 20.8443241119, 1.78605043888, 2.73023509979, 12.831155777, 2.04875993729, 17.7476577759, 9.75887966156, 15.3834009171, 55.3471679688]],
