{
"lowlevel": {
    "average_loudness": 0.876372158527,
    "barkbands_crest": {
        "dmean": 2.76299595833,
        "dmean2": 4.40186214447,
        "dvar": 8.615858078,
        "dvar2": 20.7501716614,
        "max": 23.6709651947,
        "mean": 9.2081785202,
        "median": 8.21663284302,
        "min": 2.75420737267,
        "var": 16.1555519104
    },
    "barkbands_flatness_db": {
        "dmean": 0.0199053678662,
        "dmean2": 0.0309282205999,
        "dvar": 0.000449466344435,
        "dvar2": 0.00112486921716,
        "max": 0.269122987986,
        "mean": 0.109437733889,
        "median": 0.104442447424,
        "min": 0.027717910707,
        "var": 0.0015800051624
    },
    "barkbands_kurtosis": {
        "dmean": 2.20634651184,
        "dmean2": 3.66924166679,
        "dvar": 13.254781723,
        "dvar2": 36.0508308411,
        "max": 44.070854187,
        "mean": 2.14484000206,
        "median": 0.809735774994,
        "min": -1.88532185555,
        "var": 17.6770534515
    },
    "barkbands_skewness": {
        "dmean": 0.525760054588,
        "dmean2": 0.835705637932,
        "dvar": 0.36491510272,
        "dvar2": 0.932631015778,
        "max": 6.52709579468,
        "mean": 1.45001494884,
        "median": 1.3979575634,
        "min": -2.11956906319,
        "var": 0.917778611183
    },
    "barkbands_spread": {
        "dmean": 6.95499181747,
        "dmean2": 11.1648035049,
        "dvar": 69.2736816406,
        "dvar2": 166.029998779,
        "max": 101.019599915,
        "mean": 31.2625217438,
        "median": 29.418510437,
        "min": 5.29570674896,
        "var": 226.143417358
    },
    "dissonance": {
        "dmean": 0.00832297001034,
        "dmean2": 0.0137217855081,
        "dvar": 0.000130258413265,
        "dvar2": 0.000349454785464,
        "max": 0.500000119209,
        "mean": 0.483890652657,
        "median": 0.489789903164,
        "min": 0.349997788668,
        "var": 0.000298848841339
    },
    "dynamic_complexity": 2.59834885597,
    "erbbands_crest": {
        "dmean": 1.57898795605,
        "dmean2": 2.54293346405,
        "dvar": 2.41267371178,
        "dvar2": 5.66181230545,
        "max": 29.855474472,
        "mean": 6.30304765701,
        "median": 5.49076795578,
        "min": 2.55785369873,
        "var": 9.4662399292
    },
    "erbbands_flatness_db": {
        "dmean": 0.0102046625689,
        "dmean2": 0.0154935689643,
        "dvar": 0.000105213417555,
        "dvar2": 0.000222562637646,
        "max": 0.26492357254,
        "mean": 0.12983943522,
        "median": 0.116995356977,
        "min": 0.0406666174531,
        "var": 0.00165347650182
    },
    "erbbands_kurtosis": {
        "dmean": 0.507885336876,
        "dmean2": 0.800597608089,
        "dvar": 0.351449131966,
        "dvar2": 0.769156098366,
        "max": 13.5835971832,
        "mean": -0.219665855169,
        "median": -0.506665945053,
        "min": -1.73660755157,
        "var": 1.5414198637
    },
    "erbbands_skewness": {
        "dmean": 0.257709622383,
        "dmean2": 0.403023511171,
        "dvar": 0.0642909929156,
        "dvar2": 0.14952814579,
        "max": 1.78554391861,
        "mean": -0.3363725245,
        "median": -0.402876168489,
        "min": -2.46068882942,
        "var": 0.305785059929
    },
    "erbbands_spread": {
        "dmean": 7.72580194473,
        "dmean2": 12.4301691055,
        "dvar": 73.8901748657,
        "dvar2": 193.831802368,
        "max": 112.623771667,
        "mean": 47.0636634827,
        "median": 46.3658866882,
        "min": 5.11882352829,
        "var": 197.740402222
    },
    "hfc": {
        "dmean": 7.50162649155,
        "dmean2": 12.5361185074,
        "dvar": 197.725906372,
        "dvar2": 514.655273438,
        "max": 176.290878296,
        "mean": 25.2500915527,
        "median": 21.2091369629,
        "min": 1.10060086269e-16,
        "var": 501.190826416
    },
    "melbands_crest": {
        "dmean": 3.22161459923,
        "dmean2": 5.01476430893,
        "dvar": 9.15326118469,
        "dvar2": 21.6043758392,
        "max": 31.6763572693,
        "mean": 13.9466304779,
        "median": 13.1268701553,
        "min": 1.72028541565,
        "var": 25.3475208282
    },
    "melbands_flatness_db": {
        "dmean": 0.0269568320364,
        "dmean2": 0.0416940562427,
        "dvar": 0.000792335544247,
        "dvar2": 0.00195336411707,
        "max": 0.348755449057,
        "mean": 0.17395709455,
        "median": 0.170341402292,
        "min": 0.00345398718491,
        "var": 0.00241417740472
    },
    "melbands_kurtosis": {
        "dmean": 8.11734962463,
        "dmean2": 13.5120306015,
        "dvar": 196.842666626,
        "dvar2": 534.928405762,
        "max": 193.254135132,
        "mean": 13.2603464127,
        "median": 9.59153747559,
        "min": -1.58146011829,
        "var": 216.205749512
    },
    "melbands_skewness": {
        "dmean": 0.833423256874,
        "dmean2": 1.33233129978,
        "dvar": 1.05010783672,
        "dvar2": 2.71626067162,
        "max": 12.5060806274,
        "mean": 3.06725168228,
        "median": 2.92155790329,
        "min": -0.349528133869,
        "var": 2.08081412315
    },
    "melbands_spread": {
        "dmean": 8.38786125183,
        "dmean2": 13.1219816208,
        "dvar": 99.0821304321,
        "dvar2": 220.250045776,
        "max": 165.952285767,
        "mean": 28.3960952759,
        "median": 24.6552600861,
        "min": 2.50965380669,
        "var": 362.58215332
    },
    "pitch_salience": {
        "dmean": 0.0772628262639,
        "dmean2": 0.123017042875,
        "dvar": 0.00602021068335,
        "dvar2": 0.0152445556596,
        "max": 0.818650782108,
        "mean": 0.592756986618,
        "median": 0.606741428375,
        "min": 0.187616959214,
        "var": 0.0128462547436
    },
    "silence_rate_20dB": {
        "dmean": 0,
        "dmean2": 0,
        "dvar": 0,
        "dvar2": 0,
        "max": 1,
        "mean": 1,
        "median": 1,
        "min": 1,
        "var": 0
    },
    "silence_rate_30dB": {
        "dmean": 0.022445820272,
        "dmean2": 0.0449090190232,
        "dvar": 0.0219417922199,
        "dvar2": 0.0614734776318,
        "max": 1,
        "mean": 0.986847221851,
        "median": 1,
        "min": 0,
        "var": 0.0129800895229
    },
    "silence_rate_60dB": {
        "dmean": 0.00425696605816,
        "dmean2": 0.00851722806692,
        "dvar": 0.0042388420552,
        "dvar2": 0.008444622159,
        "max": 1,
        "mean": 0.0162475816905,
        "median": 0,
        "min": 0,
        "var": 0.0159828476608
    },
    "spectral_centroid": {
        "dmean": 276.098052979,
        "dmean2": 445.163574219,
        "dvar": 111158.015625,
        "dvar2": 265751.90625,
        "max": 11380.3671875,
        "mean": 1786.48474121,
        "median": 1774.5378418,
        "min": 501.578643799,
        "var": 818432
    },
    "spectral_complexity": {
        "dmean": 4.18227577209,
        "dmean2": 6.59388303757,
        "dvar": 15.7148780823,
        "dvar2": 37.0955619812,
        "max": 62,
        "mean": 28.0680847168,
        "median": 30,
        "min": 0,
        "var": 182.846664429
    },
    "spectral_decrease": {
        "dmean": 3.64968988364e-09,
        "dmean2": 5.90689053226e-09,
        "dvar": 3.89250649101e-17,
        "dvar2": 9.96237072994e-17,
        "max": 1.68158745308e-28,
        "mean": -7.78381625821e-09,
        "median": -5.6998694653e-09,
        "min": -4.30938911222e-08,
        "var": 5.05847414356e-17
    },
    "spectral_energy": {
        "dmean": 0.0141443954781,
        "dmean2": 0.0228658821434,
        "dvar": 0.000581994128879,
        "dvar2": 0.00148860330228,
        "max": 0.166332662106,
        "mean": 0.0316681712866,
        "median": 0.0238020792603,
        "min": 1.00748506424e-20,
        "var": 0.000783918250818
    },
    "spectral_energyband_high": {
        "dmean": 0.000845312082674,
        "dmean2": 0.00150847772602,
        "dvar": 3.60096441909e-06,
        "dvar2": 9.70165729086e-06,
        "max": 0.0157523248345,
        "mean": 0.00156502309255,
        "median": 0.000808142183814,
        "min": 7.19260038244e-21,
        "var": 5.44262593394e-06
    },
    "spectral_energyband_low": {
        "dmean": 0.012168741785,
        "dmean2": 0.0200140662491,
        "dvar": 0.000495930376928,
        "dvar2": 0.00127965246793,
        "max": 0.156845763326,
        "mean": 0.0168426688761,
        "median": 0.00909108947963,
        "min": 2.31846535589e-23,
        "var": 0.000521129928529
    },
    "spectral_energyband_middle_high": {
        "dmean": 0.001267491607,
        "dmean2": 0.00201699091122,
        "dvar": 3.58643683285e-06,
        "dvar2": 8.96489837032e-06,
        "max": 0.0307608041912,
        "mean": 0.00524492096156,
        "median": 0.00424741161987,
        "min": 1.26768003716e-21,
        "var": 2.28379158216e-05
    },
    "spectral_energyband_middle_low": {
        "dmean": 0.00366169959307,
        "dmean2": 0.00609962875023,
        "dvar": 6.77196148899e-05,
        "dvar2": 0.000182285366463,
        "max": 0.111961118877,
        "mean": 0.00944599322975,
        "median": 0.00758326519281,
        "min": 1.73480888157e-22,
        "var": 8.33025551401e-05
    },
    "spectral_entropy": {
        "dmean": 0.0872648656368,
        "dmean2": 0.131969153881,
        "dvar": 0.00952159054577,
        "dvar2": 0.0183882266283,
        "max": 9.81849479675,
        "mean": 7.891020298,
        "median": 7.90499210358,
        "min": 6.91924476624,
        "var": 0.0906571447849
    },
    "spectral_flux": {
        "dmean": 0.030658248812,
        "dmean2": 0.0483359061182,
        "dvar": 0.00184971315321,
        "dvar2": 0.00363600836135,
        "max": 0.342520028353,
        "mean": 0.0929731801152,
        "median": 0.0780964419246,
        "min": 6.45833664326e-11,
        "var": 0.00391087541357
    },
    "spectral_kurtosis": {
        "dmean": 1.13360583782,
        "dmean2": 1.96209990978,
        "dvar": 1.59910619259,
        "dvar2": 4.64357852936,
        "max": 11.8663578033,
        "mean": 3.33947467804,
        "median": 3.22347593307,
        "min": -1.2605496645,
        "var": 3.21431946754
    },
    "spectral_rms": {
        "dmean": 0.000991213019006,
        "dmean2": 0.00154136191122,
        "dvar": 2.00895465241e-06,
        "dvar2": 4.92980825584e-06,
        "max": 0.0127387503162,
        "mean": 0.0051019564271,
        "median": 0.00481887347996,
        "min": 3.13514318673e-12,
        "var": 4.86575208924e-06
    },
    "spectral_rolloff": {
        "dmean": 673.704650879,
        "dmean2": 1125.55371094,
        "dvar": 951014.5625,
        "dvar2": 2020157.5,
        "max": 19401.4160156,
        "mean": 1920.28259277,
        "median": 1701.12304688,
        "min": 86.1328125,
        "var": 4153538.5
    },
    "spectral_skewness": {
        "dmean": 0.201548591256,
        "dmean2": 0.346227914095,
        "dvar": 0.0579750239849,
        "dvar2": 0.153898850083,
        "max": 2.82545733452,
        "mean": 1.24465489388,
        "median": 1.27899801731,
        "min": -0.0717219188809,
        "var": 0.183743745089
    },
    "spectral_spread": {
        "dmean": 400984.375,
        "dmean2": 594548.875,
        "dvar": 612036116480,
        "dvar2": 1.19914902323e+12,
        "max": 42466980,
        "mean": 4742611.5,
        "median": 4523184.5,
        "min": 2213809.75,
        "var": 9.53476972544e+12
    },
    "spectral_strongpeak": {
        "dmean": 0.271407693624,
        "dmean2": 0.45761013031,
        "dvar": 0.279872506857,
        "dvar2": 0.604108214378,
        "max": 8.23484611511,
        "mean": 0.53152358532,
        "median": 0.313934504986,
        "min": 0,
        "var": 0.703436791897
    },
    "zerocrossingrate": {
        "dmean": 0.0111620640382,
        "dmean2": 0.0135255604982,
        "dvar": 0.000205648684641,
        "dvar2": 0.000306884001475,
        "max": 0.5234375,
        "mean": 0.0701434463263,
        "median": 0.0615234375,
        "min": 0.01123046875,
        "var": 0.00237660342827
    },
    "barkbands": {
        "dmean": [0.000328570517013, 0.00920089986175, 0.00390283763409, 0.00181172450539, 0.00189104257151, 0.000656654359773, 0.000484430842334, 0.000311444047838, 0.000323786429362, 0.000285896006972, 0.000181314433576, 0.000153122804477, 0.000283483183011, 0.000219765279326, 0.000202123686904, 0.000317016529152, 0.000310170260491, 0.000278502993751, 0.000223844341235, 0.000233510072576, 0.000384949758882, 0.000213913575863, 9.40125828492e-05, 9.89382169791e-05, 5.17271655553e-05, 2.11081296584e-05, 1.55269435709e-06],
        "dmean2": [0.000487729965243, 0.0151016926393, 0.00689779315144, 0.00310991890728, 0.00309247383848, 0.00107847421896, 0.000769712787587, 0.000496770138852, 0.000531550729647, 0.000468359183287, 0.000288889510557, 0.000247763469815, 0.000434941059211, 0.000357192970114, 0.000337753706845, 0.000529375451151, 0.00051255786093, 0.00046469719382, 0.000383878243156, 0.000417157745687, 0.000730702653527, 0.000372252106899, 0.000149188053911, 0.000147977902088, 7.75747394073e-05, 3.16258337989e-05, 2.64136974693e-06],
        "dvar": [3.46050711642e-07, 0.000312768213917, 5.65911832382e-05, 1.18783054859e-05, 1.94747408386e-05, 1.6877283997e-06, 7.29486089313e-07, 5.52066069304e-07, 5.60318767384e-07, 5.98207464009e-07, 2.31790806993e-07, 1.62511597068e-07, 5.75746867071e-07, 2.47518244123e-07, 1.01410705611e-07, 2.05000716846e-07, 1.80038966846e-07, 2.39378778133e-07, 1.28263607735e-07, 1.99437764081e-07, 1.11043891593e-06, 2.48175240358e-07, 6.01255152333e-08, 9.31229493517e-08, 1.97991578688e-08, 2.54508814024e-09, 2.20566568482e-11],
        "dvar2": [7.59450358601e-07, 0.000799191650003, 0.000161163974553, 3.28086462105e-05, 5.22726259078e-05, 4.52517224403e-06, 2.0316838345e-06, 1.33208436637e-06, 1.45768706261e-06, 1.37413076118e-06, 4.89862884478e-07, 3.89734708506e-07, 1.18390244097e-06, 6.21961362413e-07, 2.64553449369e-07, 5.42630630207e-07, 4.66427650281e-07, 6.5153074047e-07, 3.60557947943e-07, 5.65685638776e-07, 3.21167362927e-06, 6.45105728836e-07, 1.27286853058e-07, 1.73448796659e-07, 3.76607296459e-08, 5.08017983236e-09, 5.81897308116e-11],
        "max": [0.00470267701894, 0.12842155993, 0.0553942099214, 0.0419147089124, 0.0580464936793, 0.0197047125548, 0.0193144083023, 0.0185129083693, 0.0212157201022, 0.0226283483207, 0.0119860824198, 0.0103332931176, 0.0196241233498, 0.0158802513033, 0.00614759745076, 0.00838073063642, 0.00564937898889, 0.0112251238897, 0.00444699032232, 0.00457733683288, 0.00950756855309, 0.00802361313254, 0.00519955856726, 0.00636158604175, 0.00277555314824, 0.00121043878607, 0.000154814057169],
        "mean": [0.00037145751412, 0.0104109533131, 0.00471602799371, 0.00238667079248, 0.00346818636172, 0.00123841769528, 0.00107025064062, 0.000559266540222, 0.000570768897887, 0.000589753966779, 0.000332398136379, 0.000272974022664, 0.000590645591728, 0.0004153441987, 0.000396962335799, 0.000699695432559, 0.000696079805493, 0.000622010615189, 0.000492008868605, 0.000392536458094, 0.000386283558328, 0.00033842457924, 0.000213220439036, 0.000246187468292, 0.000134478570544, 5.48856696696e-05, 2.2970880309e-06],
        "median": [7.78732865001e-05, 0.00429477822036, 0.00265713990666, 0.00111909396946, 0.00220318278298, 0.000824639457278, 0.000764351570979, 0.000284367240965, 0.000332212162903, 0.000232868667808, 0.000140595060657, 0.000139804353239, 0.000221297392272, 0.000213485647691, 0.000283247674815, 0.000527189404238, 0.000510935438797, 0.000453529733932, 0.000349792593624, 0.00025547639234, 0.000115446091513, 0.00011796587205, 8.61591106514e-05, 0.000106382030935, 6.45881882519e-05, 2.79793657683e-05, 6.68834502449e-07],
        "min": [9.91305194644e-25, 4.88515723409e-24, 2.47542402412e-24, 3.25170575335e-24, 2.10541911116e-23, 1.27699659489e-23, 1.30277451823e-23, 3.43376637002e-24, 1.82483343564e-23, 1.72132368305e-23, 1.4498491932e-23, 3.42201265808e-23, 4.24091464875e-23, 5.9154691353e-23, 7.91290786136e-23, 5.71658531041e-23, 7.26628804368e-23, 8.86847779505e-23, 1.68927646121e-22, 2.91763020452e-22, 2.25043411764e-22, 4.4986079279e-22, 4.21119169512e-22, 5.43979446604e-22, 9.98381351906e-22, 1.42261110725e-21, 2.09497505347e-21],
        "var": [4.46859644399e-07, 0.000303354929201, 4.40854819317e-05, 1.29050285977e-05, 2.14788015001e-05, 2.43809017775e-06, 1.24319126371e-06, 1.12225529847e-06, 9.05182957922e-07, 2.95023528452e-06, 5.22112145518e-07, 2.7159774163e-07, 2.5132940209e-06, 7.71035900016e-07, 1.71346442812e-07, 4.33907388242e-07, 4.68128490638e-07, 4.4227792273e-07, 2.63574122528e-07, 2.2003189315e-07, 6.868886544e-07, 4.51028256521e-07, 1.72581110292e-07, 3.3012790368e-07, 7.09501364327e-08, 9.3188790018e-09, 3.78676777435e-11]
    },
    "erbbands": {
        "dmean": [0.272866874933, 2.12664937973, 4.40492630005, 5.35408496857, 6.3305015564, 5.84011077881, 7.42632770538, 5.13809919357, 6.4234957695, 6.8555226326, 6.77675628662, 7.36229085922, 8.37724018097, 7.36708164215, 6.04343605042, 6.31081390381, 12.7940416336, 8.88684368134, 10.5001363754, 12.9129276276, 16.1201572418, 15.7929592133, 15.5601987839, 10.2655296326, 11.9713830948, 11.5515394211, 12.3920316696, 15.6264572144, 8.19705200195, 5.17892503738, 2.32221364975, 2.11427474022, 1.69045996666, 0.81736344099, 0.251847863197, 0.112830363214, 0.0422482416034, 0.00466245925054, 0.000243696704274, 2.19200846914e-05],
        "dmean2": [0.436542719603, 3.61620903015, 7.83236074448, 9.23516464233, 10.4427881241, 9.67227172852, 11.9109067917, 8.36099720001, 10.0647821426, 11.2460165024, 10.8390750885, 11.8834819794, 13.5910720825, 11.8581256866, 9.70411396027, 10.1329689026, 19.2966518402, 14.0775575638, 16.8226318359, 21.6179637909, 26.5346336365, 25.9859809875, 25.9506473541, 17.3673915863, 20.3472213745, 20.8563804626, 23.1631622314, 29.640832901, 14.5248775482, 8.52797985077, 3.68790984154, 3.26243257523, 2.57797336578, 1.23061180115, 0.377957344055, 0.171443223953, 0.0646374225616, 0.00731606874615, 0.000412716966821, 3.56033197022e-05],
        "dvar": [0.264229506254, 18.3213195801, 80.1190490723, 89.9154205322, 316.869567871, 160.503479004, 201.479995728, 93.8171157837, 116.360671997, 199.699111938, 295.194458008, 333.779296875, 558.660888672, 305.320465088, 188.946151733, 211.49395752, 1481.61914062, 261.826843262, 558.131469727, 310.20401001, 458.744934082, 540.058227539, 597.751220703, 350.104309082, 407.798858643, 539.698730469, 989.247558594, 2027.93054199, 369.287994385, 159.258026123, 37.2555046082, 42.9041442871, 24.3134613037, 5.67874717712, 0.431839555502, 0.0716753453016, 0.0104311807081, 0.000122128636576, 5.10336406023e-07, 1.85451898282e-09],
        "dvar2": [0.613053262234, 49.4327392578, 227.508590698, 255.476821899, 820.380554199, 449.525512695, 533.667480469, 250.184570312, 303.235107422, 564.064331055, 714.903320312, 811.541564941, 1214.83483887, 709.201965332, 422.580535889, 496.196563721, 2955.8996582, 616.828125, 1372.86022949, 804.180114746, 1155.15307617, 1417.3894043, 1581.92480469, 924.825317383, 1128.86206055, 1549.62414551, 2864.22558594, 5885.58349609, 1000.38928223, 335.530090332, 77.446937561, 79.9974136353, 49.3749542236, 10.9745521545, 0.879959642887, 0.14757835865, 0.0211617443711, 0.000249217584496, 1.35676430091e-06, 4.89400875381e-09],
        "max": [3.6296916008, 30.9854774475, 70.882850647, 94.7650680542, 248.048522949, 146.709838867, 187.285202026, 141.665603638, 255.105392456, 228.930618286, 481.476348877, 641.984619141, 872.161254883, 349.287750244, 250.591918945, 317.031494141, 1088.54199219, 392.316894531, 614.88848877, 313.310058594, 374.856658936, 319.826080322, 309.493225098, 538.843505859, 282.904022217, 273.400054932, 368.773742676, 396.93927002, 324.452209473, 239.268417358, 120.077018738, 135.939376831, 101.661903381, 50.6107177734, 13.9253358841, 5.50105476379, 2.69389510155, 0.347528725863, 0.0157835502177, 0.000791313999798],
        "mean": [0.320676594973, 2.26139903069, 5.24056434631, 7.38403511047, 9.36144447327, 10.3728437424, 13.7529525757, 10.5976438522, 14.1754961014, 13.3316850662, 13.6126346588, 12.7957057953, 17.1589202881, 15.3113079071, 11.9642562866, 13.0092754364, 28.2189769745, 19.0537605286, 21.9310054779, 28.8164958954, 39.2685012817, 38.8533821106, 35.6184806824, 24.3926296234, 26.6052474976, 19.1239967346, 15.0174474716, 15.007437706, 12.352730751, 9.94837665558, 5.41416215897, 4.87038183212, 4.06022930145, 2.04877328873, 0.64657086134, 0.293325126171, 0.0984792560339, 0.0110162058845, 0.000422846555011, 5.38223503099e-05],
        "median": [0.103715375066, 1.0073595047, 3.13999390602, 3.84374547005, 4.47649335861, 6.46514606476, 7.77782583237, 7.17501783371, 10.0073833466, 8.10006713867, 7.41742658615, 7.10990047455, 7.67365074158, 6.90216827393, 5.52993535995, 6.81082296371, 10.5178003311, 10.6233053207, 14.1082906723, 22.5165653229, 30.9549007416, 28.5261192322, 25.4626255035, 20.2732887268, 16.2351531982, 12.2191019058, 6.15121650696, 4.17073631287, 3.74470949173, 3.68097424507, 2.2638220787, 1.87079715729, 1.81894302368, 0.935192942619, 0.345281928778, 0.154349789023, 0.0426572859287, 0.00418245233595, 0.000160470575793, 4.06795734307e-05],
        "min": [1.22395745304e-22, 1.39434055384e-21, 2.37682937511e-21, 1.16951690232e-20, 2.45949101199e-20, 4.38479330803e-20, 5.9154251156e-20, 1.35673065472e-19, 1.82376678058e-19, 3.86765045807e-19, 1.51416419254e-19, 4.84737765123e-19, 6.95568422278e-19, 7.75165272588e-19, 1.22771242529e-18, 1.83222552953e-18, 2.12424137886e-18, 3.5392804344e-18, 3.62434934295e-18, 3.17172479716e-18, 4.50067482365e-18, 4.95529825139e-18, 7.4062211715e-18, 6.87832029483e-18, 8.94316162711e-18, 1.24020587175e-17, 9.58644758178e-18, 1.23670069391e-17, 1.5926035897e-17, 1.38456220625e-17, 1.24602210951e-17, 1.17620070391e-17, 8.68782999717e-18, 1.0302574234e-17, 6.20644739178e-18, 4.61692678694e-18, 2.62614562324e-18, 1.03043491568e-18, 2.71960855385e-19, 3.09982574133e-20],
        "var": [0.305641710758, 15.1249198914, 59.4178085327, 91.5292510986, 317.593811035, 171.530349731, 347.270355225, 142.152206421, 233.68258667, 288.547485352, 607.200927734, 556.68371582, 2298.82275391, 947.102905273, 490.858795166, 456.820587158, 6445.66552734, 905.798828125, 1369.96936035, 663.324462891, 1272.12463379, 1401.82702637, 1334.83166504, 629.078979492, 883.62902832, 553.137329102, 684.159545898, 1231.66210938, 593.000305176, 423.41708374, 113.124771118, 150.223587036, 79.3305969238, 18.9943122864, 1.39259088039, 0.254998475313, 0.0338474921882, 0.000443319615442, 8.10079029634e-07, 2.74342748519e-09]
    },
    "gfcc": {
        "mean": [19.1114940643, 87.796546936, -117.760169983, 51.1712760925, -48.5014266968, 10.4031963348, -40.9712791443, 11.8640909195, -20.5385951996, 3.11178398132, -16.5670585632, 0.482893824577, -10.5546360016],
        "cov": [[12930.8154297, -1229.96606445, 441.583435059, 526.885803223, -294.901733398, 932.713256836, -507.54598999, 697.351989746, -428.0050354, 249.920394897, -323.704589844, 361.296691895, -279.570251465], [-1229.96606445, 1258.2175293, -829.80291748, -36.3094100952, 5.55072927475, -433.516113281, 139.17276001, -294.444915771, 126.263061523, -130.176803589, 111.205993652, -184.632766724, 126.797286987], [441.583435059, -829.80291748, 1013.30950928, -37.0109329224, 108.748779297, 404.043762207, -135.168548584, 301.539611816, -84.5565490723, 157.154251099, -38.4030723572, 173.207183838, -112.264633179], [526.885803223, -36.3094100952, -37.0109329224, 229.971099854, 10.5507087708, -40.0384750366, 59.6868209839, -28.1480236053, 15.5821886063, -6.933781147, -46.2955932617, -6.58256435394, 18.9910182953], [-294.901733398, 5.55072927475, 108.748779297, 10.5507087708, 173.168640137, 41.3985404968, 31.5474758148, 52.8712158203, 0.228884935379, 30.5980854034, 12.9672880173, 25.977689743, 9.37010574341], [932.713256836, -433.516113281, 404.043762207, -40.0384750366, 41.3985404968, 357.103820801, -77.2285232544, 203.165664673, -53.4579734802, 90.7786407471, 12.0299081802, 91.8791503906, -67.9234390259], [-507.54598999, 139.17276001, -135.168548584, 59.6868209839, 31.5474758148, -77.2285232544, 167.350112915, -63.0529441833, 47.2681388855, -21.9305667877, 0.0646872743964, -24.4103412628, 32.1951675415], [697.351989746, -294.444915771, 301.539611816, -28.1480236053, 52.8712158203, 203.165664673, -63.0529441833, 212.158355713, -23.3369636536, 75.8012924194, -4.99258947372, 73.76953125, -40.3695907593], [-428.0050354, 126.263061523, -84.5565490723, 15.5821886063, 0.228884935379, -53.4579734802, 47.2681388855, -23.3369636536, 84.8603591919, 6.66188955307, 23.6982345581, -27.0507354736, 18.098361969], [249.920394897, -130.176803589, 157.154251099, -6.933781147, 30.5980854034, 90.7786407471, -21.9305667877, 75.8012924194, 6.66188955307, 84.0053939819, 15.5633964539, 34.3923835754, -26.7572593689], [-323.704589844, 111.205993652, -38.4030723572, -46.2955932617, 12.9672880173, 12.0299081802, 0.0646872743964, -4.99258947372, 23.6982345581, 15.5633964539, 77.0985794067, -1.19265007973, 12.9464492798], [361.296691895, -184.632766724, 173.207183838, -6.58256435394, 25.977689743, 91.8791503906, -24.4103412628, 73.76953125, -27.0507354736, 34.3923835754, -1.19265007973, 86.126083374, -11.1976490021], [-279.570251465, 126.797286987, -112.264633179, 18.9910182953, 9.37010574341, -67.9234390259, 32.1951675415, -40.3695907593, 18.098361969, -26.7572593689, 12.9464492798, -11.1976490021, 58.9656181335]],
        "icov": [[0.0004883815418, -0.000707921106368, 0.000939400750212, -0.00166446552612, 0.00124102795962, -0.00136962078977, 0.000918930803891, -0.00126485864166, 0.00178140378557, -0.00147164158989, 0.00201325211674, -0.00184543454088, 0.00101278256625], [-0.000707921106368, 0.00402770284563, -2.58288273471e-05, 0.0029598029796, -0.00334910629317, 0.00358239165507, -0.00122270232532, 0.00190829008352, -0.00334205222316, 0.00287273735739, -0.00605805125087, 0.00456709926948, -0.00186023092829], [0.000939400750212, -2.58288273471e-05, 0.00515014817938, -0.00280115753412, 0.000673477305099, -0.00329947867431, 0.00260098394938, -0.00274935225025, 0.00289676105604, -0.00411365926266, 0.00439010327682, -0.00511437328532, 0.00331593188457], [-0.00166446552612, 0.0029598029796, -0.00280115753412, 0.0117712495849, -0.00480704568326, 0.00422328431159, -0.00441271951422, 0.00558006949723, -0.00736732967198, 0.0032351159025, -0.00234037125483, 0.00634696288034, -0.00607376126572], [0.00124102795962, -0.00334910629317, 0.000673477305099, -0.00480704568326, 0.0118876229972, -0.00321414764039, -0.000544553273357, -0.00570373050869, 0.00708909938112, -0.00577544793487, 0.00453613279387, -0.00493929628283, -1.34082165459e-05], [-0.00136962078977, 0.00358239165507, -0.00329947867431, 0.00422328431159, -0.00321414764039, 0.0137956403196, -0.00363044720143, -0.0024182125926, -0.00161302881315, 0.00408816384152, -0.0121965510771, 0.00549515336752, 0.00096121954266], [0.000918930803891, -0.00122270232532, 0.00260098394938, -0.00441271951422, -0.000544553273357, -0.00363044720143, 0.0114537971094, 0.000420054129791, -0.00185645848978, -0.00176737771835, 0.00564280385152, -0.00480063864961, 0.000914951728191], [-0.00126485864166, 0.00190829008352, -0.00274935225025, 0.00558006949723, -0.00570373050869, -0.0024182125926, 0.000420054129791, 0.0179177857935, -0.00840063113719, -0.000207603618037, -0.000237851709244, 0.00132151891012, -0.00418630195782], [0.00178140378557, -0.00334205222316, 0.00289676105604, -0.00736732967198, 0.00708909938112, -0.00161302881315, -0.00185645848978, -0.00840063113719, 0.0274521056563, -0.0117118321359, 0.00149207026698, -0.00126086524688, 0.001490834984], [-0.00147164158989, 0.00287273735739, -0.00411365926266, 0.0032351159025, -0.00577544793487, 0.00408816384152, -0.00176737771835, -0.000207603618037, -0.0117118321359, 0.0300267115235, -0.0133822839707, 0.00271804141812, 0.0050956136547], [0.00201325211674, -0.00605805125087, 0.00439010327682, -0.00234037125483, 0.00453613279387, -0.0121965510771, 0.00564280385152, -0.000237851709244, 0.00149207026698, -0.0133822839707, 0.0345619097352, -0.0110337650403, -0.00254390644841], [-0.00184543454088, 0.00456709926948, -0.00511437328532, 0.00634696288034, -0.00493929628283, 0.00549515336752, -0.00480063864961, 0.00132151891012, -0.00126086524688, 0.00271804141812, -0.0110337650403, 0.030121140182, -0.00994823686779], [0.00101278256625, -0.00186023092829, 0.00331593188457, -0.00607376126572, -1.34082165459e-05, 0.00096121954266, 0.000914951728191, -0.00418630195782, 0.001490834984, 0.0050956136547, -0.00254390644841, -0.00994823686779, 0.0322982147336]]
    },
    "melbands": {
        "dmean": [0.00246871006675, 0.00242503825575, 0.000927538494579, 0.000421008677222, 0.000264542934019, 0.000116103132314, 9.32484908844e-05, 7.33850101824e-05, 5.53879217478e-05, 4.66805031465e-05, 4.3591564463e-05, 3.23486019624e-05, 2.40675781242e-05, 1.63523036463e-05, 2.4006167223e-05, 2.78726183751e-05, 1.75324312295e-05, 1.97725821636e-05, 1.54643948918e-05, 2.18435434363e-05, 2.05619890039e-05, 1.82309049706e-05, 1.77427737071e-05, 1.34065294333e-05, 8.6584204837e-06, 9.76440423983e-06, 7.96681342763e-06, 8.35152150103e-06, 6.49154890198e-06, 1.09265329229e-05, 8.47236606205e-06, 4.96792426929e-06, 3.89763090425e-06, 2.68131316261e-06, 1.45800788687e-06, 1.17611443784e-06, 1.47970001763e-06, 1.25828410091e-06, 1.22826168081e-06, 6.13662678006e-07],
        "dmean2": [0.00400128262118, 0.00422933278605, 0.00158405583352, 0.000693962560035, 0.000424517289503, 0.000188772784895, 0.000147685976117, 0.000119727628771, 8.89236907824e-05, 7.60662951507e-05, 7.06272476236e-05, 5.20891735505e-05, 3.83998012694e-05, 2.72536835837e-05, 3.70759807993e-05, 4.32440683653e-05, 2.78556235571e-05, 3.16347723128e-05, 2.57928604697e-05, 3.66514104826e-05, 3.42580351571e-05, 3.03369215544e-05, 2.97601745842e-05, 2.25083713303e-05, 1.47822893268e-05, 1.66831559909e-05, 1.36286525958e-05, 1.52255297508e-05, 1.19276637633e-05, 2.07776956813e-05, 1.60259314725e-05, 8.8921524366e-06, 6.34021398582e-06, 4.47225465905e-06, 2.33870423472e-06, 1.85355065696e-06, 2.31553462982e-06, 1.90694845514e-06, 1.8994093125e-06, 9.39484607443e-07],
        "dvar": [2.19949088205e-05, 2.37252079387e-05, 2.9638893011e-06, 1.23541872199e-06, 2.36827446543e-07, 4.72611247915e-08, 2.71779629912e-08, 2.2258205945e-08, 1.83726456271e-08, 1.20809859894e-08, 1.49603351929e-08, 5.91536331029e-09, 3.5660980835e-09, 2.31769958781e-09, 3.12680503711e-09, 6.48367937117e-09, 1.21375354212e-09, 2.44170106356e-09, 4.55557813694e-10, 1.12983344902e-09, 7.39096672753e-10, 7.07501612851e-10, 7.5122169596e-10, 5.27535348738e-10, 2.43858322424e-10, 2.51455217759e-10, 1.7676388131e-10, 3.08334524579e-10, 2.19402399027e-10, 9.91125514993e-10, 6.7790817404e-10, 1.36931715966e-10, 8.66049593151e-11, 4.58984586449e-11, 1.46534694101e-11, 1.15097506179e-11, 2.3042127234e-11, 1.33360137169e-11, 1.19651406838e-11, 3.08469374176e-12],
        "dvar2": [5.3808784287e-05, 6.61740341457e-05, 8.18470834929e-06, 3.31861792802e-06, 6.35381468328e-07, 1.26947227841e-07, 7.34022194138e-08, 6.12284054569e-08, 4.56299531493e-08, 2.99387359348e-08, 3.28030687058e-08, 1.40992000297e-08, 7.86723397539e-09, 5.7044338142e-09, 6.8890777527e-09, 1.26469084094e-08, 2.82263812323e-09, 5.96827254284e-09, 1.16567655528e-09, 3.03759262188e-09, 1.90441595826e-09, 1.90642457376e-09, 1.98029259657e-09, 1.42531442204e-09, 6.43492259478e-10, 7.09831249335e-10, 4.7251763613e-10, 8.90284512778e-10, 6.3429173025e-10, 2.87163492985e-09, 1.97557081805e-09, 3.80964731983e-10, 1.99275568269e-10, 9.81648026754e-11, 3.24987606271e-11, 2.33623016765e-11, 4.62288679559e-11, 2.92079208042e-11, 2.41172984361e-11, 6.27835804179e-12],
        "max": [0.0334583595395, 0.0374563783407, 0.0173889007419, 0.0151100773364, 0.00640887953341, 0.00328976567835, 0.00402296241373, 0.00212552538142, 0.00345388497226, 0.00361028732732, 0.00434002000839, 0.00176017067861, 0.00134801270906, 0.00144143716898, 0.00123883411288, 0.0024834421929, 0.0010134789627, 0.00142803788185, 0.000337631820003, 0.000563694862649, 0.000568588846363, 0.000381147285225, 0.000378930766601, 0.000458836875623, 0.000445359153673, 0.00020014178881, 0.000251522142207, 0.000192520354176, 0.000145668323967, 0.000352760078385, 0.000273575162282, 0.00022069599072, 0.000188657621038, 0.000148626641021, 8.27255571494e-05, 7.56804656703e-05, 0.000103429912997, 7.50797553337e-05, 6.20798600721e-05, 4.13663401559e-05],
        "mean": [0.00289927329868, 0.00287873391062, 0.00135219446383, 0.000707705155946, 0.000497845408972, 0.000241171597736, 0.000204684125492, 0.000140654185088, 0.00010789330554, 7.86894743214e-05, 8.73642638908e-05, 6.55352050671e-05, 4.46365302196e-05, 2.7821661206e-05, 5.27473166585e-05, 5.42790257896e-05, 3.40274236805e-05, 3.70348861907e-05, 3.16587465932e-05, 4.50211337011e-05, 4.62566786155e-05, 3.99835953431e-05, 3.77600918e-05, 2.78281204373e-05, 1.81994455488e-05, 1.99301393877e-05, 1.63929016708e-05, 1.17996551126e-05, 8.81108644535e-06, 1.00321467471e-05, 8.00439283921e-06, 7.06811488271e-06, 6.30333761364e-06, 5.22397567693e-06, 3.10945870297e-06, 2.55682948591e-06, 3.15798956763e-06, 2.76515811493e-06, 2.70814211945e-06, 1.41961379541e-06],
        "median": [0.00110877817497, 0.00166077783797, 0.000738617673051, 0.000411646004068, 0.00030291886651, 0.000167445366969, 0.000146352758748, 8.60278596519e-05, 5.72115786781e-05, 4.5349697757e-05, 3.75786657969e-05, 2.80804288195e-05, 1.88728154171e-05, 1.42997159855e-05, 2.12575741898e-05, 2.18457462324e-05, 1.81860632438e-05, 2.08610235859e-05, 2.33508581005e-05, 3.31189730787e-05, 3.56039599865e-05, 2.89437302854e-05, 2.46338113357e-05, 1.9941247956e-05, 1.43653896885e-05, 1.18094949357e-05, 1.00927054518e-05, 7.01179214957e-06, 4.14981150243e-06, 2.75846855402e-06, 2.1815267246e-06, 1.99220426111e-06, 2.08157052839e-06, 1.99445889848e-06, 1.29790203118e-06, 9.00665384052e-07, 1.18901357382e-06, 1.13536998469e-06, 1.2093356645e-06, 6.26804308013e-07],
        "min": [1.76685949551e-24, 1.60145528242e-24, 3.145793091e-24, 3.28004163707e-24, 1.90494446937e-24, 2.9089336599e-24, 2.8773598966e-24, 5.48321122457e-24, 8.99077099632e-25, 3.0847995491e-24, 2.98645186562e-24, 2.90385319846e-24, 3.12551404092e-24, 3.87677487717e-24, 5.39044039325e-24, 3.11652142104e-24, 5.95380856416e-24, 3.52484075596e-24, 4.77655790871e-24, 4.72487292549e-24, 3.96186575315e-24, 4.58961128481e-24, 6.22821028017e-24, 4.98044965929e-24, 4.5049034008e-24, 6.18194832124e-24, 7.38602892494e-24, 7.66457176627e-24, 6.62814027658e-24, 4.88390333968e-24, 7.05951860741e-24, 8.87341117337e-24, 7.35133876663e-24, 7.77082896362e-24, 6.14639357138e-24, 7.94278328602e-24, 6.65970812342e-24, 4.83150601506e-24, 7.24299818763e-24, 7.85019783701e-24],
        "var": [2.33973314607e-05, 1.84281489055e-05, 3.16384716825e-06, 1.20253776004e-06, 4.0338889562e-07, 7.02476370407e-08, 4.81212580894e-08, 3.46503234994e-08, 3.79291087427e-08, 1.90876825457e-08, 6.44591153787e-08, 2.09621866532e-08, 8.81033201949e-09, 3.19671489279e-09, 1.56054866807e-08, 2.09634709591e-08, 3.94923871383e-09, 6.1668483653e-09, 9.37713795501e-10, 1.97203786634e-09, 1.94838101208e-09, 1.58699964281e-09, 1.64186608753e-09, 9.55086343346e-10, 3.89924342814e-10, 5.00853136742e-10, 3.55661111673e-10, 2.62092098025e-10, 1.76344314151e-10, 5.91370008518e-10, 4.04551586675e-10, 1.94779831153e-10, 2.02962160967e-10, 1.13553048908e-10, 3.80034337333e-11, 3.57674306839e-11, 6.93538421137e-11, 3.92371309055e-11, 3.474358648e-11, 9.1095533894e-12]
    },
    "mfcc": {
        "mean": [-615.201599121, 109.83039093, -4.88130617142, 38.5292320251, 14.0748853683, 4.48084306717, -2.46888566017, 3.54035687447, 2.16180825233, 0.986301004887, 0.141919150949, -0.206647396088, 0.392732083797],
        "cov": [[5156.07421875, -988.432678223, 862.286010742, -131.341522217, 450.549163818, 113.279220581, 293.178955078, 308.301483154, 167.46887207, 41.2120819092, 87.0442428589, 32.2512626648, 18.3559818268], [-988.432678223, 980.199035645, -521.036682129, 138.542205811, -156.770584106, -54.3271331787, -95.4898910522, -112.465194702, -64.1763305664, -17.0129985809, -33.5085601807, -4.83399486542, -4.57043743134], [862.286010742, -521.036682129, 689.688171387, -214.002655029, 268.478027344, 25.0135345459, 109.054931641, 101.480987549, 28.5317268372, 28.8280677795, 77.5761260986, 62.3308830261, 28.1645259857], [-131.341522217, 138.542205811, -214.002655029, 338.863250732, -130.916702271, 39.7102165222, -54.615978241, -36.8684463501, 45.6724357605, -17.5630264282, -54.1981925964, -33.2526435852, -16.1408290863], [450.549163818, -156.770584106, 268.478027344, -130.916702271, 278.193115234, -5.08674716949, 93.0802993774, 58.0676383972, 17.6137008667, 22.2972946167, 56.4786682129, 39.412525177, 27.0450572968], [113.279220581, -54.3271331787, 25.0135345459, 39.7102165222, -5.08674716949, 92.4071960449, 29.6780815125, 17.0867404938, 15.1046056747, 3.97706675529, 12.7762327194, 9.88991546631, 2.46973419189], [293.178955078, -95.4898910522, 109.054931641, -54.615978241, 93.0802993774, 29.6780815125, 113.527854919, 51.1643409729, 24.2157764435, 7.06178569794, 28.069185257, 23.3658504486, 14.0406312943], [308.301483154, -112.465194702, 101.480987549, -36.8684463501, 58.0676383972, 17.0867404938, 51.1643409729, 87.5440979004, 30.9158649445, 11.7040672302, 17.4357757568, 11.7010526657, 13.0066728592], [167.46887207, -64.1763305664, 28.5317268372, 45.6724357605, 17.6137008667, 15.1046056747, 24.2157764435, 30.9158649445, 72.4037475586, 19.2569293976, 10.6141881943, 4.40354347229, 0.921319186687], [41.2120819092, -17.0129985809, 28.8280677795, -17.5630264282, 22.2972946167, 3.97706675529, 7.06178569794, 11.7040672302, 19.2569293976, 57.9557418823, 32.1780662537, 16.7773323059, 7.25734519958], [87.0442428589, -33.5085601807, 77.5761260986, -54.1981925964, 56.4786682129, 12.7762327194, 28.069185257, 17.4357757568, 10.6141881943, 32.1780662537, 69.7544250488, 33.5911483765, 18.5981826782], [32.2512626648, -4.83399486542, 62.3308830261, -33.2526435852, 39.412525177, 9.88991546631, 23.3658504486, 11.7010526657, 4.40354347229, 16.7773323059, 33.5911483765, 57.4220924377, 22.0003948212], [18.3559818268, -4.57043743134, 28.1645259857, -16.1408290863, 27.0450572968, 2.46973419189, 14.0406312943, 13.0066728592, 0.921319186687, 7.25734519958, 18.5981826782, 22.0003948212, 44.1274986267]],
