{
"lowlevel": {
    "average_loudness": 0.64633589983,
    "barkbands_crest": {
        "dmean": 2.63600492477,
        "dmean2": 4.54647636414,
        "dvar": 4.7886300087,
        "dvar2": 13.7542858124,
        "max": 24.1835346222,
        "mean": 12.3176450729,
        "median": 12.066116333,
        "min": 3.6529481411,
        "var": 10.770904541
    },
    "barkbands_flatness_db": {
        "dmean": 0.0322264246643,
        "dmean2": 0.0448616594076,
        "dvar": 0.000961923913565,
        "dvar2": 0.00180045480374,
        "max": 0.449720442295,
        "mean": 0.258375555277,
        "median": 0.264111220837,
        "min": 0.0686759054661,
        "var": 0.0055766212754
    },
    "barkbands_kurtosis": {
        "dmean": 13.4962797165,
        "dmean2": 20.5209140778,
        "dvar": 288.692443848,
        "dvar2": 696.134399414,
        "max": 281.430847168,
        "mean": 35.6968307495,
        "median": 30.2137527466,
        "min": -1.92042005062,
        "var": 1046.36450195
    },
    "barkbands_skewness": {
        "dmean": 0.956664085388,
        "dmean2": 1.45263373852,
        "dvar": 0.861190855503,
        "dvar2": 2.01370978355,
        "max": 12.1300630569,
        "mean": 4.55860376358,
        "median": 4.6216711998,
        "min": -0.0753563046455,
        "var": 3.50012016296
    },
    "barkbands_spread": {
        "dmean": 3.97750544548,
        "dmean2": 5.68947935104,
        "dvar": 36.4773139954,
        "dvar2": 71.740234375,
        "max": 65.3548278809,
        "mean": 8.99375629425,
        "median": 4.83700180054,
        "min": 0.607901573181,
        "var": 105.399162292
    },
    "dissonance": {
        "dmean": 0.00947782211006,
        "dmean2": 0.0153033751994,
        "dvar": 7.41663679946e-05,
        "dvar2": 0.000182010320714,
        "max": 0.499999940395,
        "mean": 0.476519525051,
        "median": 0.480146318674,
        "min": 0.38831076026,
        "var": 0.000241857938818
    },
    "dynamic_complexity": 7.93788671494,
    "erbbands_crest": {
        "dmean": 2.47145676613,
        "dmean2": 3.88504910469,
        "dvar": 5.33093738556,
        "dvar2": 12.9871244431,
        "max": 27.1011886597,
        "mean": 10.1880760193,
        "median": 9.63509654999,
        "min": 3.01970720291,
        "var": 18.0180130005
    },
    "erbbands_flatness_db": {
        "dmean": 0.0201661307365,
        "dmean2": 0.0270800497383,
        "dvar": 0.000389497494325,
        "dvar2": 0.000736829999369,
        "max": 0.31286868453,
        "mean": 0.184402570128,
        "median": 0.187148496509,
        "min": 0.0596381165087,
        "var": 0.00218876637518
    },
    "erbbands_kurtosis": {
        "dmean": 1.73815238476,
        "dmean2": 2.6404402256,
        "dvar": 12.5234127045,
        "dvar2": 29.4586257935,
        "max": 73.3412246704,
        "mean": 1.19614720345,
        "median": -0.624270915985,
        "min": -1.90230202675,
        "var": 39.9211006165
    },
    "erbbands_skewness": {
        "dmean": 0.581897556782,
        "dmean2": 0.821916639805,
        "dvar": 0.361075162888,
        "dvar2": 0.74261456728,
        "max": 7.74172210693,
        "mean": 0.809343934059,
        "median": 0.714855611324,
        "min": -3.67858123779,
        "var": 1.82946097851
    },
    "erbbands_spread": {
        "dmean": 12.2177591324,
        "dmean2": 18.2725276947,
        "dvar": 139.223251343,
        "dvar2": 327.111053467,
        "max": 119.882156372,
        "mean": 59.1325683594,
        "median": 61.3454933167,
        "min": 4.928378582,
        "var": 421.601318359
    },
    "hfc": {
        "dmean": 4.15682172775,
        "dmean2": 5.8203163147,
        "dvar": 108.631347656,
        "dvar2": 232.580215454,
        "max": 180.301361084,
        "mean": 8.6198425293,
        "median": 4.19107341766,
        "min": 4.50069273938e-06,
        "var": 212.248626709
    },
    "melbands_crest": {
        "dmean": 3.06002426147,
        "dmean2": 5.17069339752,
        "dvar": 6.27830314636,
        "dvar2": 17.5233650208,
        "max": 32.8484230042,
        "mean": 18.5846309662,
        "median": 18.3452472687,
        "min": 6.34034109116,
        "var": 16.2476997375
    },
    "melbands_flatness_db": {
        "dmean": 0.0370242744684,
        "dmean2": 0.0510691180825,
        "dvar": 0.00131425133441,
        "dvar2": 0.00245504244231,
        "max": 0.588926255703,
        "mean": 0.366076052189,
        "median": 0.371877491474,
        "min": 0.120297402143,
        "var": 0.0080585423857
    },
    "melbands_kurtosis": {
        "dmean": 29.2691993713,
        "dmean2": 44.9930992126,
        "dvar": 1084.88659668,
        "dvar2": 2611.54174805,
        "max": 420.490264893,
        "mean": 90.4067611694,
        "median": 83.8506469727,
        "min": -0.0121145248413,
        "var": 3319.41772461
    },
    "melbands_skewness": {
        "dmean": 1.27865946293,
        "dmean2": 2.00050115585,
        "dvar": 1.55162620544,
        "dvar2": 3.76936483383,
        "max": 16.0818538666,
        "mean": 6.86257553101,
        "median": 6.96108388901,
        "min": 1.17226374149,
        "var": 5.01717376709
    },
    "melbands_spread": {
        "dmean": 3.09353995323,
        "dmean2": 4.47227478027,
        "dvar": 38.7826538086,
        "dvar2": 80.336227417,
        "max": 78.2560272217,
        "mean": 6.26361227036,
        "median": 2.88404798508,
        "min": 0.481900393963,
        "var": 83.6157226562
    },
    "pitch_salience": {
        "dmean": 0.079276740551,
        "dmean2": 0.133011043072,
        "dvar": 0.00424250215292,
        "dvar2": 0.0120372977108,
        "max": 0.809247434139,
        "mean": 0.504236459732,
        "median": 0.508007645607,
        "min": 0.147083386779,
        "var": 0.011813131161
    },
    "silence_rate_20dB": {
        "dmean": 0,
        "dmean2": 0,
        "dvar": 0,
        "dvar2": 0,
        "max": 1,
        "mean": 1,
        "median": 1,
        "min": 1,
        "var": 0
    },
    "silence_rate_30dB": {
        "dmean": 0.0433436520398,
        "dmean2": 0.0867208689451,
        "dvar": 0.0414642877877,
        "dvar2": 0.0892667248845,
        "max": 1,
        "mean": 0.941199243069,
        "median": 1,
        "min": 0,
        "var": 0.0553438812494
    },
    "silence_rate_60dB": {
        "dmean": 0.0181888546795,
        "dmean2": 0.0363917909563,
        "dvar": 0.0178587734699,
        "dvar2": 0.0420383997262,
        "max": 1,
        "mean": 0.227466151118,
        "median": 0,
        "min": 0,
        "var": 0.175713911653
    },
    "spectral_centroid": {
        "dmean": 278.970275879,
        "dmean2": 403.58996582,
        "dvar": 167988.671875,
        "dvar2": 294035.4375,
        "max": 11206.0419922,
        "mean": 797.195007324,
        "median": 572.20690918,
        "min": 134.702087402,
        "var": 423077.25
    },
    "spectral_complexity": {
        "dmean": 3.07623839378,
        "dmean2": 4.1831202507,
        "dvar": 27.0318088531,
        "dvar2": 45.4581031799,
        "max": 59,
        "mean": 8.9110250473,
        "median": 5,
        "min": 0,
        "var": 111.096046448
    },
    "spectral_decrease": {
        "dmean": 3.62599306136e-09,
        "dmean2": 5.80356962487e-09,
        "dvar": 6.5541497017e-17,
        "dvar2": 1.56790973379e-16,
        "max": -4.00208456259e-15,
        "mean": -8.40132496904e-09,
        "median": -4.93946084035e-09,
        "min": -8.39507450223e-08,
        "var": 1.20697364249e-16
    },
    "spectral_energy": {
        "dmean": 0.0139630585909,
        "dmean2": 0.0223247781396,
        "dvar": 0.000963947561104,
        "dvar2": 0.0023031050805,
        "max": 0.320163697004,
        "mean": 0.0324903950095,
        "median": 0.0191200524569,
        "min": 1.55130788215e-08,
        "var": 0.00178728916217
    },
    "spectral_energyband_high": {
        "dmean": 0.00017215553089,
        "dmean2": 0.000246306677582,
        "dvar": 2.94790709177e-07,
        "dvar2": 6.7654917757e-07,
        "max": 0.0105797173455,
        "mean": 0.000221686801524,
        "median": 3.63627223123e-05,
        "min": 1.66449409811e-10,
        "var": 3.83187995112e-07
    },
    "spectral_energyband_low": {
        "dmean": 0.0115249417722,
        "dmean2": 0.0183993261307,
        "dvar": 0.000809303834103,
        "dvar2": 0.00195773784071,
        "max": 0.300825595856,
        "mean": 0.0234157554805,
        "median": 0.0113842366263,
        "min": 1.12994120727e-08,
        "var": 0.00129962747451
    },
    "spectral_energyband_middle_high": {
        "dmean": 0.000903660140466,
        "dmean2": 0.0012282411335,
        "dvar": 9.21417176869e-06,
        "dvar2": 1.99792611966e-05,
        "max": 0.0648671016097,
        "mean": 0.00140565843321,
        "median": 0.000302014901536,
        "min": 3.78600241435e-11,
        "var": 1.50080386447e-05
    },
    "spectral_energyband_middle_low": {
        "dmean": 0.00462544476613,
        "dmean2": 0.00777017651126,
        "dvar": 0.000109639870061,
        "dvar2": 0.000294347933959,
        "max": 0.159120664001,
        "mean": 0.010969045572,
        "median": 0.0054172524251,
        "min": 6.68885835609e-09,
        "var": 0.000232754609897
    },
    "spectral_entropy": {
        "dmean": 0.251127779484,
        "dmean2": 0.351277589798,
        "dvar": 0.061551682651,
        "dvar2": 0.124209649861,
        "max": 9.79757118225,
        "mean": 6.91628313065,
        "median": 6.96336889267,
        "min": 5.07417392731,
        "var": 0.294427186251
    },
    "spectral_flux": {
        "dmean": 0.0256581529975,
        "dmean2": 0.0395759940147,
        "dvar": 0.00179151247721,
        "dvar2": 0.00362447230145,
        "max": 0.485082566738,
        "mean": 0.0672734007239,
        "median": 0.0517804995179,
        "min": 5.36425177415e-05,
        "var": 0.00449797650799
    },
    "spectral_kurtosis": {
        "dmean": 3.02333140373,
        "dmean2": 5.23804044724,
        "dvar": 10.1167469025,
        "dvar2": 28.2822780609,
        "max": 50.127532959,
        "mean": 5.76066589355,
        "median": 4.68067932129,
        "min": -1.19519758224,
        "var": 18.3911476135
    },
    "spectral_rms": {
        "dmean": 0.000931940507144,
        "dmean2": 0.00146544026211,
        "dvar": 2.29133047469e-06,
        "dvar2": 5.15714418725e-06,
        "max": 0.0176735632122,
        "mean": 0.00458293873817,
        "median": 0.00431899400428,
        "min": 3.8903353925e-06,
        "var": 1.06945917651e-05
    },
    "spectral_rolloff": {
        "dmean": 171.731063843,
        "dmean2": 278.098266602,
        "dvar": 254590.265625,
        "dvar2": 517892.375,
        "max": 4155.90820312,
        "mean": 381.033233643,
        "median": 172.265625,
        "min": 86.1328125,
        "var": 436736.84375
    },
    "spectral_skewness": {
        "dmean": 0.393209606409,
        "dmean2": 0.630154490471,
        "dvar": 0.143923282623,
        "dvar2": 0.347697108984,
        "max": 5.08921003342,
        "mean": 1.42282581329,
        "median": 1.3725028038,
        "min": -0.78913217783,
        "var": 0.444527894258
    },
    "spectral_spread": {
        "dmean": 447837.28125,
        "dmean2": 630988.4375,
        "dvar": 732456878080,
        "dvar2": 1.0492290007e+12,
        "max": 41002436,
        "mean": 3569107,
        "median": 3236087.5,
        "min": 1445720.25,
        "var": 1.71071071846e+12
    },
    "spectral_strongpeak": {
        "dmean": 0.154391780496,
        "dmean2": 0.262576371431,
        "dvar": 0.0444938279688,
        "dvar2": 0.111540675163,
        "max": 2.96475243568,
        "mean": 0.36727142334,
        "median": 0.256926298141,
        "min": 0,
        "var": 0.137692153454
    },
    "zerocrossingrate": {
        "dmean": 0.00667040562257,
        "dmean2": 0.00774879474193,
        "dvar": 4.95593521919e-05,
        "dvar2": 5.99183185841e-05,
        "max": 0.10205078125,
        "mean": 0.0234990790486,
        "median": 0.01904296875,
        "min": 0.00341796875,
        "var": 0.000261136621702
    },
    "barkbands": {
        "dmean": [0.00037328506005, 0.00747450860217, 0.00515478150919, 0.00275115785189, 0.00230583362281, 0.000331498071318, 0.000105027895188, 0.000105898645415, 7.59855684009e-05, 5.96132558712e-05, 2.83806548396e-05, 8.36979234009e-05, 9.35024872888e-05, 5.00082678627e-05, 5.31127370778e-05, 9.49505993049e-05, 0.000159921124578, 0.00015067095228, 0.000209571633604, 0.000174123095348, 4.62641000922e-05, 1.4116993043e-05, 7.04183321432e-06, 8.35672381072e-06, 6.23681626166e-06, 6.64539084028e-06, 9.97951474346e-07],
        "dmean2": [0.000611292896792, 0.0127927064896, 0.00823553744704, 0.00454301945865, 0.00401107501239, 0.000550523982383, 0.000168179481989, 0.000167655132827, 0.000113224719826, 0.000101385157905, 4.49570834462e-05, 0.000136387592647, 0.000151431537233, 7.66351586208e-05, 8.10563433333e-05, 0.000140776915941, 0.000240082357777, 0.000230108387768, 0.000314003526, 0.0002594369289, 7.26840880816e-05, 2.07321027119e-05, 1.01362147689e-05, 1.16118462756e-05, 8.58736166265e-06, 9.71325061982e-06, 1.62976732554e-06],
        "dvar": [1.33807691327e-06, 0.000384401530027, 0.000159547998919, 2.57973060798e-05, 5.49018805032e-05, 1.84947134585e-06, 1.13100490751e-07, 2.60727148316e-07, 4.28103668071e-08, 9.73418039507e-08, 1.1204731365e-08, 1.56922936867e-07, 2.36279035448e-07, 5.99345995056e-08, 3.45142012748e-08, 1.07676548566e-07, 3.83820633942e-07, 2.41417836833e-07, 4.17906136363e-07, 4.33251415188e-07, 3.20906146101e-08, 1.65973734756e-09, 3.50799639337e-10, 4.62447524718e-10, 2.63350452556e-10, 4.18818923986e-10, 1.20255931949e-11],
        "dvar2": [3.29298381985e-06, 0.000973805203103, 0.000440199306468, 6.90738670528e-05, 0.00015382017591, 4.9756131375e-06, 2.90280638637e-07, 6.78752655858e-07, 9.03166110788e-08, 2.66223452172e-07, 2.83869052708e-08, 4.23757683166e-07, 6.35073547528e-07, 1.42651089163e-07, 7.66136949437e-08, 2.27446577128e-07, 8.28367603845e-07, 5.54938878849e-07, 9.40216807521e-07, 9.7604140592e-07, 8.12622928947e-08, 3.9843675026e-09, 8.08129729801e-10, 1.04060926542e-09, 5.76891978632e-10, 9.71929092763e-10, 3.10542008775e-11],
        "max": [0.0117768356577, 0.223405733705, 0.166591569781, 0.0785898864269, 0.110129334033, 0.025434628129, 0.00810440815985, 0.0132275028154, 0.00499524269253, 0.00722324475646, 0.00212296261452, 0.010435661301, 0.0107742073014, 0.00528678111732, 0.0030305897817, 0.00668404856697, 0.0165438633412, 0.00716213881969, 0.0139794331044, 0.0152361709625, 0.00359161570668, 0.00077045429498, 0.000277604238363, 0.000263886991888, 0.000224257761147, 0.000196579145268, 3.4453398257e-05],
        "mean": [0.000350968854036, 0.0102286776528, 0.00932896323502, 0.00629674224183, 0.00364458933473, 0.000572624441702, 0.000173034102772, 0.000130102154799, 0.000133866502438, 6.63494865876e-05, 4.45464502263e-05, 0.000115784467198, 0.000104580023617, 6.21752478764e-05, 7.50136969145e-05, 0.000133461187943, 0.000211277074413, 0.000203278279514, 0.000281326065306, 0.000225354233407, 5.7012977777e-05, 1.79927174031e-05, 8.74536999618e-06, 9.59604221862e-06, 7.13782173989e-06, 6.41821998215e-06, 7.9717187873e-07],
        "median": [5.80506275583e-05, 0.00363923795521, 0.00358771812171, 0.0028198454529, 0.00124775618315, 0.000122440047562, 4.35086076322e-05, 1.72799009306e-05, 3.79148332286e-05, 1.21839730127e-05, 5.22992650076e-06, 1.94190379261e-05, 1.18299758469e-05, 8.87571786734e-06, 1.32276263685e-05, 2.32874081121e-05, 3.79483426514e-05, 2.63290075964e-05, 4.83734802401e-05, 3.38554345944e-05, 9.10625021788e-06, 2.13733460441e-06, 4.38682121739e-07, 3.97966203991e-07, 2.49994172918e-07, 1.04431109094e-07, 7.90454457444e-09],
        "min": [3.34316324624e-11, 4.89143037186e-09, 1.78072045998e-09, 3.65988128692e-09, 9.26763943365e-10, 1.18615473346e-11, 2.83644700609e-12, 1.15611795311e-12, 1.59395467745e-12, 1.6799167309e-12, 1.06894495425e-12, 2.08267496131e-12, 1.70510404841e-12, 1.04261814026e-12, 1.51375982062e-12, 1.95041010252e-12, 2.85939154299e-12, 2.4136584658e-12, 4.45028128931e-12, 4.35549166178e-12, 6.66139756203e-12, 7.28404662975e-12, 8.57242141855e-12, 1.36426503775e-11, 1.70697588009e-11, 3.37313788012e-11, 4.10128840611e-11],
        "var": [1.191601541e-06, 0.000413889210904, 0.000236593870795, 7.54346328904e-05, 6.28943525953e-05, 2.15285808736e-06, 1.75951484493e-07, 2.6293304245e-07, 9.45061131574e-08, 8.07197011454e-08, 1.9134736462e-08, 1.8369286181e-07, 2.07747717695e-07, 6.71511131145e-08, 4.78895820777e-08, 1.82169657137e-07, 5.45792431694e-07, 3.74363139599e-07, 6.02427007834e-07, 5.29722569809e-07, 3.45555619674e-08, 2.3018957851e-09, 4.84853324156e-10, 6.02232708147e-10, 3.48825440755e-10, 4.39049824275e-10, 9.69549614205e-12]
    },
    "erbbands": {
        "dmean": [0.230152949691, 1.71734547615, 5.24494743347, 7.47148227692, 8.5372467041, 8.53854084015, 2.66904449463, 2.78678488731, 1.93150532246, 1.29903924465, 2.53748822212, 1.59644806385, 1.63673424721, 1.65695953369, 1.37402117252, 3.93606734276, 4.54115104675, 2.00532126427, 3.19279289246, 4.00442028046, 5.34366989136, 8.85882377625, 7.39999294281, 10.3118305206, 9.61596775055, 9.0374622345, 3.69229435921, 1.1285841465, 0.534671545029, 0.28993678093, 0.211986228824, 0.184881642461, 0.128661856055, 0.0595483630896, 0.0502476654947, 0.0282265394926, 0.0134850312024, 0.00209539779462, 0.000165661389474, 2.08386663871e-05],
        "dmean2": [0.391414403915, 3.01321268082, 8.4911737442, 12.0723648071, 14.3835353851, 14.9309492111, 4.39509487152, 4.6647605896, 3.06218338013, 2.00876188278, 4.00930595398, 2.41633486748, 2.61161017418, 2.73136281967, 2.21568846703, 6.40406608582, 7.38196802139, 3.06492471695, 4.88039112091, 6.02340555191, 7.63655519485, 13.2674846649, 11.1976013184, 15.4026584625, 14.4767026901, 13.6760501862, 5.59467983246, 1.75394570827, 0.789398491383, 0.417874366045, 0.308266967535, 0.262025684118, 0.17781804502, 0.0805631130934, 0.0715213194489, 0.0403459593654, 0.020290331915, 0.00317873898894, 0.000275957601843, 3.30067341565e-05],
        "dvar": [0.52370929718, 18.741853714, 163.646820068, 261.510650635, 363.940856934, 978.087768555, 59.0892677307, 166.205307007, 49.4645690918, 20.0216846466, 137.32572937, 19.1502094269, 36.5572242737, 74.50440979, 31.4610805511, 363.593566895, 569.055847168, 99.739112854, 149.830307007, 244.442672729, 320.266143799, 1200.70837402, 631.773864746, 1055.36499023, 912.503173828, 1465.58325195, 202.259567261, 14.2321710587, 2.837474823, 0.677323698997, 0.347436249256, 0.234143659472, 0.105717472732, 0.0230851154774, 0.0196649059653, 0.00691501842812, 0.00192373106256, 4.68280704808e-05, 3.24292301457e-07, 2.08998618412e-09],
        "dvar2": [1.30185258389, 50.4274673462, 451.941253662, 701.935913086, 938.738891602, 2734.9699707, 159.013061523, 449.876739502, 121.151481628, 45.7925300598, 359.424621582, 43.359500885, 97.6127166748, 199.195175171, 81.2911682129, 985.536560059, 1541.08007812, 250.351242065, 323.124816895, 553.426269531, 654.680664062, 2533.03344727, 1478.02478027, 2255.33959961, 2135.08544922, 3481.0012207, 485.132446289, 36.6372375488, 7.09997320175, 1.61749446392, 0.827204287052, 0.550594627857, 0.225651413202, 0.0491913929582, 0.0444416888058, 0.0156268998981, 0.00458826916292, 0.000112143119622, 8.43986640575e-07, 4.95509722143e-09],
        "max": [7.21572971344, 55.9456176758, 169.613006592, 258.0730896, 374.05291748, 410.727661133, 120.014663696, 252.889373779, 126.9740448, 93.1952438354, 285.300140381, 82.0855865479, 143.398391724, 227.570053101, 95.2204971313, 488.923370361, 519.06048584, 244.952362061, 292.012420654, 312.882843018, 473.942687988, 949.752929688, 456.945495605, 544.483703613, 553.229980469, 934.087646484, 320.585906982, 83.1463470459, 39.1595306396, 12.9209918976, 10.1548213959, 6.06635141373, 3.81311559677, 3.24259090424, 1.81741690636, 1.01092791557, 0.458364129066, 0.0662252530456, 0.004965193104, 0.000484595133457],
        "mean": [0.246265470982, 2.51799225807, 9.82269668579, 17.5214347839, 18.1734523773, 10.8598842621, 5.25457334518, 3.79698181152, 2.76809763908, 2.31186676025, 3.39233255386, 2.71163868904, 2.36943292618, 2.24733114243, 2.06328415871, 5.31508016586, 5.16604948044, 2.67622494698, 4.33898973465, 5.31730556488, 7.97245311737, 11.7900094986, 10.0856533051, 14.5356035233, 12.6392393112, 11.3125610352, 4.6342253685, 1.45833289623, 0.680715978146, 0.367330372334, 0.252650946379, 0.207115262747, 0.151855543256, 0.0724275782704, 0.055579777807, 0.0290100667626, 0.0124687859789, 0.00188002479263, 0.000142112490721, 4.13937814301e-05],
        "median": [0.0705758407712, 0.927229702473, 4.08975362778, 9.04481315613, 7.23014163971, 3.55697917938, 1.61331689358, 0.880298435688, 0.626981079578, 0.570474088192, 0.548105835915, 0.785556674004, 0.576874375343, 0.333757519722, 0.337801158428, 0.82913005352, 0.632637143135, 0.406175374985, 0.800546050072, 0.909584820271, 1.53426229954, 2.18839764595, 1.60539352894, 2.23364114761, 2.11880922318, 1.66656064987, 0.697021782398, 0.249690905213, 0.0858582258224, 0.0251174345613, 0.0125989587978, 0.00854998268187, 0.00630949391052, 0.00285180029459, 0.00169176666532, 0.000640340032987, 0.000181776209502, 2.54670594586e-05, 1.45816711665e-05, 2.23017868848e-05],
        "min": [8.04918300901e-08, 1.05409583284e-06, 2.41693624048e-06, 8.12269536254e-06, 9.5390032584e-06, 2.88790829472e-06, 6.33685317553e-07, 1.44794142898e-07, 4.43691163809e-08, 2.13930189119e-08, 4.15985539348e-08, 3.71071848804e-08, 5.57832642301e-08, 4.84739750561e-08, 5.59119648358e-08, 8.13456964011e-08, 6.9152925164e-08, 5.95835700778e-08, 6.81278891079e-08, 1.02804889934e-07, 1.16449236032e-07, 1.7091578286e-07, 1.56902785875e-07, 2.01310939474e-07, 2.52288515412e-07, 2.19094417275e-07, 2.51699589171e-07, 2.77840911167e-07, 2.70662241064e-07, 2.64056524202e-07, 2.32259196764e-07, 2.42738650513e-07, 2.20462069933e-07, 1.80709690767e-07, 1.12363906624e-07, 1.14963590647e-07, 5.25638590432e-08, 2.73063029965e-08, 6.37851504948e-09, 4.85664730654e-10],
        "var": [0.464366853237, 20.770198822, 260.398529053, 543.655944824, 1174.28564453, 793.475769043, 104.667373657, 136.911117554, 59.7110786438, 35.305103302, 145.50239563, 37.7003555298, 42.8311882019, 79.1459579468, 40.5334396362, 412.005065918, 492.946899414, 102.256660461, 200.498916626, 325.976867676, 610.039550781, 1723.83496094, 896.664123535, 1745.74951172, 1270.62036133, 1575.53320312, 232.58505249, 16.929227829, 3.5703895092, 0.923509061337, 0.423799991608, 0.283621102571, 0.148606181145, 0.0341961607337, 0.0235701091588, 0.00776984542608, 0.00188272783998, 4.46718840976e-05, 2.5756619948e-07, 3.32097882527e-09]
    },
    "gfcc": {
        "mean": [-147.521942139, 139.224990845, -93.1306610107, 69.7265396118, -12.009478569, -12.0845499039, -18.8783664703, 4.22710752487, -30.1108341217, -6.08069181442, -16.4533157349, -13.967707634, -8.69324111938],
        "cov": [[29630.5039062, -1715.40637207, -1938.22546387, 179.517105103, -1904.65771484, 1250.46398926, -931.652404785, 589.315368652, -198.052703857, 136.070388794, 279.356292725, 433.710418701, -180.780181885], [-1715.40637207, 1264.05883789, -380.191680908, 82.0081710815, 342.748535156, -522.439941406, 368.430908203, -187.950836182, 103.683158875, -63.370300293, 71.51222229, -199.136444092, 182.318481445], [-1938.22546387, -380.191680908, 1006.56317139, -75.5685501099, 82.9053115845, 319.367492676, -124.333007812, 53.5768127441, 17.4266548157, -56.1817970276, -7.31199073792, 78.4386978149, -82.7988204956], [179.517105103, 82.0081710815, -75.5685501099, 169.481491089, 71.3005905151, -62.6494064331, 81.4313735962, -21.9414653778, 20.1765441895, -6.27582216263, 5.59528875351, -34.1877365112, 36.431968689], [-1904.65771484, 342.748535156, 82.9053115845, 71.3005905151, 324.795471191, -156.792999268, 171.683181763, -62.4352264404, 47.0505332947, -26.1052265167, -7.75281238556, -66.3892440796, 45.7809638977], [1250.46398926, -522.439941406, 319.367492676, -62.6494064331, -156.792999268, 443.716369629, -188.423904419, 113.134521484, -8.28360939026, -14.8080768585, 32.1800575256, 117.120079041, -80.8260726929], [-931.652404785, 368.430908203, -124.333007812, 81.4313735962, 171.683181763, -188.423904419, 218.4193573, -56.5120162964, 38.4636383057, -3.10086488724, 5.14736223221, -73.2675857544, 58.2867279053], [589.315368652, -187.950836182, 53.5768127441, -21.9414653778, -62.4352264404, 113.134521484, -56.5120162964, 92.8639526367, 7.57294368744, 18.626367569, 8.02311515808, 34.2900466919, -25.1027317047], [-198.052703857, 103.683158875, 17.4266548157, 20.1765441895, 47.0505332947, -8.28360939026, 38.4636383057, 7.57294368744, 64.3863525391, 5.21422100067, 16.6357746124, -16.2308044434, 17.5634441376], [136.070388794, -63.370300293, -56.1817970276, -6.27582216263, -26.1052265167, -14.8080768585, -3.10086488724, 18.626367569, 5.21422100067, 64.8258361816, 1.21747112274, 9.33922767639, -5.90587472916], [279.356292725, 71.51222229, -7.31199073792, 5.59528875351, -7.75281238556, 32.1800575256, 5.14736223221, 8.02311515808, 16.6357746124, 1.21747112274, 62.8679122925, 14.9914455414, 10.8560724258], [433.710418701, -199.136444092, 78.4386978149, -34.1877365112, -66.3892440796, 117.120079041, -73.2675857544, 34.2900466919, -16.2308044434, 9.33922767639, 14.9914455414, 86.5287094116, -24.8241462708], [-180.780181885, 182.318481445, -82.7988204956, 36.431968689, 45.7809638977, -80.8260726929, 58.2867279053, -25.1027317047, 17.5634441376, -5.90587472916, 10.8560724258, -24.8241462708, 59.5312080383]],
        "icov": [[9.92860877886e-05, -0.000293152232189, 0.000221989015699, -0.000516557658557, 0.000415968766902, -0.000385610153899, 0.00025347864721, -0.000398992124246, 0.000225193842198, -0.000100989920611, 0.000181373936357, -0.000240367473452, 0.000354555057129], [-0.000293152232189, 0.00925628468394, 0.000222572940402, 0.00681185955182, -0.00294775236398, 0.00599359115586, -0.00434321537614, 0.00541043234989, -0.00667094811797, 0.00797636341304, -0.0120869576931, 0.0066284276545, -0.00843148585409], [0.000221989015699, 0.000222572940402, 0.00243062479421, -0.00015805948351, -0.000845962786116, -0.00161098630633, 0.000993563444354, -0.00012708864233, -0.000954463554081, 0.00146584270988, -0.000172718122485, -0.000407547777286, 0.00119533226825], [-0.000516557658557, 0.00681185955182, -0.00015805948351, 0.0137415211648, -0.00392118282616, 0.00393778132275, -0.00549438223243, 0.00489143235609, -0.00505858007818, 0.00542500242591, -0.00800213031471, 0.00611761910841, -0.00921497121453], [0.000415968766902, -0.00294775236398, -0.000845962786116, -0.00392118282616, 0.00952661409974, -0.00118882139213, -0.00283571495675, -0.0014663124457, -0.000199206813704, -0.000460011127871, 0.00406777393073, -0.00238188658841, 0.00300992908888], [-0.000385610153899, 0.00599359115586, -0.00161098630633, 0.00393778132275, -0.00118882139213, 0.0118255363777, -0.00114414293785, -0.000306137400912, -0.00612120516598, 0.00841167848557, -0.0100029660389, 0.000171613297425, -0.00168013735674], [0.00025347864721, -0.00434321537614, 0.000993563444354, -0.00549438223243, -0.00283571495675, -0.00114414293785, 0.0152003839612, -0.00231947959401, 0.0011952513596, -0.00436522392556, 0.00323688914068, -0.00046238602954, 0.00201335083693], [-0.000398992124246, 0.00541043234989, -0.00012708864233, 0.00489143235609, -0.0014663124457, -0.000306137400912, -0.00231947959401, 0.0225531365722, -0.0083577837795, -0.000798204098828, -0.00546146370471, 0.00328891351819, -0.00370463705622], [0.000225193842198, -0.00667094811797, -0.000954463554081, -0.00505858007818, -0.000199206813704, -0.00612120516598, 0.0011952513596, -0.0083577837795, 0.0284277461469, -0.00975509919226, 0.00343427225016, 0.000734156230465, 0.000355280382792], [-0.000100989920611, 0.00797636341304, 0.00146584270988, 0.00542500242591, -0.000460011127871, 0.00841167848557, -0.00436522392556, -0.000798204098828, -0.00975509919226, 0.0276247318834, -0.0105980793014, 0.000901984109078, -0.00237695267424], [0.000181373936357, -0.0120869576931, -0.000172718122485, -0.00800213031471, 0.00406777393073, -0.0100029660389, 0.00323688914068, -0.00546146370471, 0.00343427225016, -0.0105980793014, 0.0370347984135, -0.0131461890414, 0.00574321812019], [-0.000240367473452, 0.0066284276545, -0.000407547777286, 0.00611761910841, -0.00238188658841, 0.000171613297425, -0.00046238602954, 0.00328891351819, 0.000734156230465, 0.000901984109078, -0.0131461890414, 0.0271108690649, -0.00786107871681], [0.000354555057129, -0.00843148585409, 0.00119533226825, -0.00921497121453, 0.00300992908888, -0.00168013735674, 0.00201335083693, -0.00370463705622, 0.000355280382792, -0.00237695267424, 0.00574321812019, -0.00786107871681, 0.038203291595]]
    },
    "melbands": {
        "dmean": [0.00203870632686, 0.00246474333107, 0.00127993396018, 0.000617079262156, 0.000134647343657, 6.22920342721e-05, 2.78749830613e-05, 1.54706249305e-05, 2.01543389267e-05, 1.02235435406e-05, 8.55766484165e-06, 7.2765119512e-06, 3.73308262169e-06, 1.07143505375e-05, 1.00301813291e-05, 7.84158783063e-06, 3.50487289325e-06, 5.72873705096e-06, 4.11504606745e-06, 7.01015369486e-06, 6.284565643e-06, 9.80154982244e-06, 8.07003470982e-06, 6.8318263402e-06, 8.92501611816e-06, 7.84245366958e-06, 6.27868485026e-06, 6.12851181359e-06, 2.96090934171e-06, 1.02346893982e-06, 5.44806027847e-07, 3.34214121267e-07, 2.23501089636e-07, 1.35587114869e-07, 1.2096901969e-07, 1.10814660559e-07, 1.2127711102e-07, 9.91929525185e-08, 6.44806377181e-08, 4.41872067825e-08],
        "dmean2": [0.00345659023151, 0.00407408503816, 0.00207247259095, 0.00107469258364, 0.000224594623432, 0.000103739184851, 4.37522794527e-05, 2.41226171056e-05, 3.19409409713e-05, 1.53765067807e-05, 1.38122832141e-05, 1.21593175209e-05, 5.9566004893e-06, 1.74305914697e-05, 1.63645490829e-05, 1.26138938867e-05, 5.43984378965e-06, 8.85118697624e-06, 6.33547551843e-06, 1.06706893348e-05, 9.17146826396e-06, 1.48923691086e-05, 1.23298568724e-05, 1.0661466149e-05, 1.35626451083e-05, 1.18121261039e-05, 9.58199871093e-06, 9.36088599701e-06, 4.59892680738e-06, 1.64678817782e-06, 8.55005964695e-07, 4.98201757182e-07, 3.42640021245e-07, 1.95878811837e-07, 1.78061597467e-07, 1.60814224159e-07, 1.76295912979e-07, 1.42128286029e-07, 8.80385684354e-08, 6.13158235296e-08],
        "dvar": [3.31876690325e-05, 3.63140061381e-05, 6.64941626383e-06, 3.78447793992e-06, 1.81875961403e-07, 7.77404522978e-08, 9.75460334729e-09, 3.95182775392e-09, 7.84510056917e-09, 7.07043701365e-10, 1.10134623643e-09, 1.55671020519e-09, 2.09013056862e-10, 2.84601542333e-09, 1.8487612552e-09, 1.82871806587e-09, 3.02460029245e-10, 5.42313915997e-10, 2.42857345345e-10, 7.13675896158e-10, 4.59856791535e-10, 1.65699554078e-09, 8.18845546924e-10, 5.47966949593e-10, 8.15243039742e-10, 6.18232520733e-10, 3.98274746516e-10, 7.51557205358e-10, 1.49858417342e-10, 1.38744484651e-11, 3.07855802482e-12, 1.15907890924e-12, 4.47617339245e-13, 1.53285871951e-13, 1.23162642736e-13, 8.1202649856e-14, 1.13038654229e-13, 6.78721401998e-14, 2.6334225531e-14, 1.36111545415e-14],
        "dvar2": [8.26362957014e-05, 9.90185362753e-05, 1.75300101546e-05, 1.0628778e-05, 4.94021207942e-07, 2.09853311617e-07, 2.36053683267e-08, 9.46883371711e-09, 2.00925054372e-08, 1.53420065541e-09, 2.97920110803e-09, 4.19970769272e-09, 5.42375533374e-10, 7.66706875766e-09, 4.94542318208e-09, 4.9488506626e-09, 7.55927709317e-10, 1.22066035058e-09, 5.47339396029e-10, 1.62715307894e-09, 9.64713864349e-10, 3.43214079379e-09, 1.91345539413e-09, 1.33310107397e-09, 1.77999259776e-09, 1.41940703635e-09, 9.25773180338e-10, 1.80959180973e-09, 3.68483410451e-10, 3.67659132305e-11, 7.8475177745e-12, 2.84046180674e-12, 1.1620812819e-12, 3.592661921e-13, 3.00115834961e-13, 1.86854939616e-13, 2.75111042888e-13, 1.50955257409e-13, 5.34394272269e-14, 3.00854989792e-14],
        "max": [0.0645137652755, 0.0739655643702, 0.0382835492492, 0.0282638072968, 0.00597959570587, 0.00534372543916, 0.00184950814582, 0.00160326820333, 0.00197868375108, 0.000524538045283, 0.000762787880376, 0.00103614234831, 0.000295472564176, 0.0014163274318, 0.000839587592054, 0.00104807666503, 0.000400529417675, 0.000575174111873, 0.000310883333441, 0.000515070976689, 0.000574195990339, 0.00121160480194, 0.000519883062225, 0.000380702927941, 0.000491719518322, 0.000534567749128, 0.000362167367712, 0.00069352099672, 0.00026433984749, 7.56461740821e-05, 3.70583729818e-05, 2.5411545721e-05, 9.36046399147e-06, 6.79417644278e-06, 6.46771013635e-06, 2.8846677651e-06, 4.84608608531e-06, 3.06063589051e-06, 2.18842910726e-06, 2.71803855867e-06],
        "mean": [0.00252084992826, 0.00461471639574, 0.00316023989581, 0.00101870589424, 0.000220976595301, 9.03912950889e-05, 4.26329315815e-05, 2.54957431025e-05, 2.76105747616e-05, 1.7400850993e-05, 1.18015232147e-05, 9.2421514637e-06, 5.69593203181e-06, 1.4144967281e-05, 1.22599249153e-05, 8.92456318979e-06, 4.46580361313e-06, 7.25911377231e-06, 5.62583454666e-06, 8.78635455592e-06, 9.41713642533e-06, 1.27084122141e-05, 1.04377513708e-05, 8.9133191068e-06, 1.21809298435e-05, 1.01238829302e-05, 7.96128733782e-06, 7.4029580901e-06, 3.49999140781e-06, 1.28818408029e-06, 6.71989425882e-07, 4.15027614054e-07, 2.62437055198e-07, 1.71211993916e-07, 1.42980198348e-07, 1.28038450953e-07, 1.30900446038e-07, 1.14299872678e-07, 7.91185712501e-08, 5.3206974826e-08],
        "median": [0.000841846922413, 0.00197927840054, 0.00170106999576, 0.000395200186176, 7.55910659791e-05, 2.01674647542e-05, 1.00089309854e-05, 5.62223112865e-06, 4.61177432953e-06, 5.10781410412e-06, 2.74673698186e-06, 1.28341901018e-06, 8.10615404134e-07, 1.99796613742e-06, 1.91193794308e-06, 9.93795993054e-07, 6.09046651334e-07, 1.26086001728e-06, 9.08367894681e-07, 1.36263702188e-06, 1.79348614893e-06, 2.20887341129e-06, 1.65722804013e-06, 1.0585176824e-06, 1.69250097315e-06, 1.62755452493e-06, 1.31469698772e-06, 9.45074248193e-07, 4.71603328833e-07, 1.96875632241e-07, 1.07919312597e-07, 5.17659444199e-08, 1.73365446443e-08, 9.00751118138e-09, 6.97279078921e-09, 5.89691806496e-09, 5.00053598529e-09, 4.74985384358e-09, 3.20923310149e-09, 2.1280242013e-09],
        "min": [1.09719622277e-09, 1.38509848036e-09, 1.50979928559e-09, 4.41549352637e-10, 3.78307073168e-11, 1.97910156145e-12, 4.02634224789e-13, 1.64442678224e-13, 3.08419956241e-13, 2.20643016119e-13, 2.43530185167e-13, 1.96950040911e-13, 1.51667632446e-13, 2.18913415498e-13, 1.08474169859e-13, 1.91792396309e-13, 9.07398342662e-14, 7.76845967654e-14, 1.18421413084e-13, 1.07990832531e-13, 1.12812164395e-13, 1.61752501584e-13, 1.59739897091e-13, 1.16279680112e-13, 1.42485185434e-13, 1.90576043444e-13, 1.40162214517e-13, 1.32114669682e-13, 1.24590306605e-13, 1.69056283729e-13, 1.35551861619e-13, 1.36391521991e-13, 1.39696861392e-13, 1.46651679515e-13, 1.27848686499e-13, 9.98223923768e-14, 1.37920070872e-13, 1.53541526824e-13, 1.32303510595e-13, 1.34939897255e-13],
        "var": [3.25665751006e-05, 5.47560557607e-05, 1.64931425388e-05, 4.36985192209e-06, 2.01657258003e-07, 6.89617039029e-08, 1.27607924227e-08, 5.5895936768e-09, 8.91204354758e-09, 1.48450507442e-09, 1.17472365169e-09, 1.52041235157e-09, 2.92633139942e-10, 3.29572946711e-09, 1.89848003984e-09, 1.53468260322e-09, 3.10987957608e-10, 6.6194766335e-10, 3.20211634985e-10, 9.44394118463e-10, 8.72319438905e-10, 2.39066366703e-09, 1.05448860754e-09, 7.65579488693e-10, 1.29945210148e-09, 8.74080419155e-10, 5.10701037015e-10, 7.75325081914e-10, 1.58789120741e-10, 1.53034876438e-11, 3.62571994997e-12, 1.45957421496e-12, 5.05754834713e-13, 2.13566780905e-13, 1.43841291959e-13, 1.03252889366e-13, 1.24658258976e-13, 8.82925527937e-14, 4.01632801452e-14, 1.93160883068e-14]
    },
    "mfcc": {
        "mean": [-778.81072998, 144.56362915, 5.87382888794, 74.2204284668, 26.5125007629, 6.71857643127, 19.2905101776, 4.33296585083, 3.28030586243, 3.13616371155, -4.88597297668, 0.0795237347484, -4.08348274231],
        "cov": [[18305.1386719, 1524.0637207, -1827.39440918, 517.083312988, -694.481018066, -130.508300781, 2.99040222168, -67.2578582764, -228.638137817, -160.326293945, -66.6075134277, 117.958747864, 38.7669715881], [1524.0637207, 1326.11938477, -411.346954346, 497.339508057, -38.5290794373, -75.5761947632, 117.77545929, -87.7529830933, 58.5697517395, -12.632443428, -44.8385505676, 23.3696193695, -8.71199321747], [-1827.39440918, -411.346954346, 759.3984375, -276.161895752, 198.650009155, 93.2484130859, -61.3232383728, 125.357635498, -48.9240951538, 12.6344709396, 25.4755039215, -10.7631187439, 20.353717804], [517.083312988, 497.339508057, -276.161895752, 423.135894775, -11.4140148163, -49.9002799988, 91.5972976685, -83.8977737427, 73.6138534546, 10.2750835419, -37.7043418884, 15.5186500549, -16.9024715424], [-694.481018066, -38.5290794373, 198.650009155, -11.4140148163, 169.475997925, 52.5666770935, 7.31075620651, 58.5420684814, 8.23819541931, 13.1241321564, 3.99508023262, 6.03019189835, 16.5221328735], [-130.508300781, -75.5761947632, 93.2484130859, -49.9002799988, 52.5666770935, 102.757591248, 17.0939064026, 53.2362480164, 6.03189563751, -14.4126834869, 16.840883255, 7.57107210159, 8.94328212738], [2.99040222168, 117.77545929, -61.3232383728, 91.5972976685, 7.31075620651, 17.0939064026, 78.7861251831, 7.83138179779, 24.6562843323, 6.07516908646, -2.68190169334, 10.0266571045, 1.48019659519], [-67.2578582764, -87.7529830933, 125.357635498, -83.8977737427, 58.5420684814, 53.2362480164, 7.83138179779, 99.9914245605, -1.29949080944, -6.96599245071, 19.5926895142, 5.06808233261, 17.134147644], [-228.638137817, 58.5697517395, -48.9240951538, 73.6138534546, 8.23819541931, 6.03189563751, 24.6562843323, -1.29949080944, 67.3494491577, 21.5485401154, -3.6668112278, 6.31175613403, -3.84649515152], [-160.326293945, -12.632443428, 12.6344709396, 10.2750835419, 13.1241321564, -14.4126834869, 6.07516908646, -6.96599245071, 21.5485401154, 68.5489883423, 12.6136074066, -9.67491817474, -3.74675822258], [-66.6075134277, -44.8385505676, 25.4755039215, -37.7043418884, 3.99508023262, 16.840883255, -2.68190169334, 19.5926895142, -3.6668112278, 12.6136074066, 50.9784660339, 11.8420972824, -1.84996402264], [117.958747864, 23.3696193695, -10.7631187439, 15.5186500549, 6.03019189835, 7.57107210159, 10.0266571045, 5.06808233261, 6.31175613403, -9.67491817474, 11.8420972824, 54.5555839539, 23.7421169281], [38.7669715881, -8.71199321747, 20.353717804, -16.9024715424, 16.5221328735, 8.94328212738, 1.48019659519, 17.134147644, -3.84649515152, -3.74675822258, -1.84996402264, 23.7421169281, 56.6648292542]],
