{
"lowlevel": {
    "average_loudness": 0.963020205498,
    "barkbands_crest": {
        "dmean": 2.48783493042,
        "dmean2": 3.99145102501,
        "dvar": 7.76125764847,
        "dvar2": 18.2164382935,
        "max": 24.0463352203,
        "mean": 7.90126848221,
        "median": 6.96879816055,
        "min": 2.13879108429,
        "var": 14.2942094803
    },
    "barkbands_flatness_db": {
        "dmean": 0.0188641827554,
        "dmean2": 0.0288777388632,
        "dvar": 0.000506926502567,
        "dvar2": 0.00121444696561,
        "max": 0.262624770403,
        "mean": 0.0786336138844,
        "median": 0.0695655122399,
        "min": 0.0142876831815,
        "var": 0.00154686707538
    },
    "barkbands_kurtosis": {
        "dmean": 2.66175627708,
        "dmean2": 4.44097805023,
        "dvar": 47.7283248901,
        "dvar2": 131.472229004,
        "max": 83.3216018677,
        "mean": 2.23223924637,
        "median": 0.015944480896,
        "min": -1.94698548317,
        "var": 48.8589057922
    },
    "barkbands_skewness": {
        "dmean": 0.575759828091,
        "dmean2": 0.869943857193,
        "dvar": 0.623404026031,
        "dvar2": 1.4985653162,
        "max": 8.74353027344,
        "mean": 1.12303495407,
        "median": 1.01498925686,
        "min": -5.12791061401,
        "var": 1.75600767136
    },
    "barkbands_spread": {
        "dmean": 8.95423698425,
        "dmean2": 13.3204164505,
        "dvar": 102.16809845,
        "dvar2": 211.426559448,
        "max": 125.973442078,
        "mean": 43.9971313477,
        "median": 42.2700996399,
        "min": 2.3705406189,
        "var": 461.580718994
    },
    "dissonance": {
        "dmean": 0.0108839273453,
        "dmean2": 0.0183932129294,
        "dvar": 0.000126336963149,
        "dvar2": 0.000338234676747,
        "max": 0.500000059605,
        "mean": 0.480587512255,
        "median": 0.485662907362,
        "min": 0.371363341808,
        "var": 0.000324608728988
    },
    "dynamic_complexity": 1.9055031538,
    "erbbands_crest": {
        "dmean": 1.75507819653,
        "dmean2": 2.84127736092,
        "dvar": 3.12723660469,
        "dvar2": 7.66794395447,
        "max": 22.7337207794,
        "mean": 6.82429599762,
        "median": 5.95155763626,
        "min": 2.2204015255,
        "var": 11.0356798172
    },
    "erbbands_flatness_db": {
        "dmean": 0.0114671383053,
        "dmean2": 0.0168931055814,
        "dvar": 0.000129813910462,
        "dvar2": 0.000237796208239,
        "max": 0.241743281484,
        "mean": 0.0985247567296,
        "median": 0.0934466868639,
        "min": 0.0374919213355,
        "var": 0.000980106880888
    },
    "erbbands_kurtosis": {
        "dmean": 0.606985449791,
        "dmean2": 0.926685392857,
        "dvar": 0.901561141014,
        "dvar2": 1.79531633854,
        "max": 16.3239078522,
        "mean": 0.22298617661,
        "median": -0.268501996994,
        "min": -1.64996123314,
        "var": 3.3786380291
    },
    "erbbands_skewness": {
        "dmean": 0.25773525238,
        "dmean2": 0.38873192668,
        "dvar": 0.0809945166111,
        "dvar2": 0.154089286923,
        "max": 2.15753412247,
        "mean": -0.210386604071,
        "median": -0.165536463261,
        "min": -3.50333547592,
        "var": 0.562100470066
    },
    "erbbands_spread": {
        "dmean": 9.84752941132,
        "dmean2": 15.0568332672,
        "dvar": 113.355369568,
        "dvar2": 260.556060791,
        "max": 138.393753052,
        "mean": 54.392364502,
        "median": 53.3900566101,
        "min": 9.20646095276,
        "var": 399.998535156
    },
    "hfc": {
        "dmean": 11.164765358,
        "dmean2": 16.7478313446,
        "dvar": 335.588806152,
        "dvar2": 723.190246582,
        "max": 321.222869873,
        "mean": 49.6364212036,
        "median": 40.8657264709,
        "min": 1.28190998559e-16,
        "var": 1455.16748047
    },
    "melbands_crest": {
        "dmean": 3.56041836739,
        "dmean2": 5.61540746689,
        "dvar": 10.898768425,
        "dvar2": 26.8900051117,
        "max": 32.7555351257,
        "mean": 13.2864494324,
        "median": 12.4269552231,
        "min": 2.11502695084,
        "var": 24.1297969818
    },
    "melbands_flatness_db": {
        "dmean": 0.0272134039551,
        "dmean2": 0.0405419096351,
        "dvar": 0.000882045016624,
        "dvar2": 0.00204263743944,
        "max": 0.392421156168,
        "mean": 0.141364246607,
        "median": 0.134398400784,
        "min": 0.00400376273319,
        "var": 0.00327607197687
    },
    "melbands_kurtosis": {
        "dmean": 10.3329296112,
        "dmean2": 16.9778156281,
        "dvar": 621.875244141,
        "dvar2": 1703.43896484,
        "max": 376.621856689,
        "mean": 14.6614532471,
        "median": 8.09446620941,
        "min": -1.83281350136,
        "var": 570.218933105
    },
    "melbands_skewness": {
        "dmean": 0.935043871403,
        "dmean2": 1.42873227596,
        "dvar": 1.68551790714,
        "dvar2": 4.1457862854,
        "max": 16.3745212555,
        "mean": 2.95477843285,
        "median": 2.71413254738,
        "min": -2.37619566917,
        "var": 3.3287191391
    },
    "melbands_spread": {
        "dmean": 12.7342205048,
        "dmean2": 18.9501209259,
        "dvar": 274.649078369,
        "dvar2": 554.912231445,
        "max": 265.799713135,
        "mean": 43.3678665161,
        "median": 34.333656311,
        "min": 1.24085605145,
        "var": 1250.09411621
    },
    "pitch_salience": {
        "dmean": 0.0733781605959,
        "dmean2": 0.117791153491,
        "dvar": 0.00593120744452,
        "dvar2": 0.014964834787,
        "max": 0.88124871254,
        "mean": 0.603492558002,
        "median": 0.614763617516,
        "min": 0.1679572016,
        "var": 0.0125715099275
    },
    "silence_rate_20dB": {
        "dmean": 0,
        "dmean2": 0,
        "dvar": 0,
        "dvar2": 0,
        "max": 1,
        "mean": 1,
        "median": 1,
        "min": 1,
        "var": 0
    },
    "silence_rate_30dB": {
        "dmean": 0.0673374608159,
        "dmean2": 0.134727060795,
        "dvar": 0.0628018900752,
        "dvar2": 0.160714164376,
        "max": 1,
        "mean": 0.954738855362,
        "median": 1,
        "min": 0,
        "var": 0.0432142540812
    },
    "silence_rate_60dB": {
        "dmean": 0.00657894741744,
        "dmean2": 0.0131629891694,
        "dvar": 0.0065356628038,
        "dvar2": 0.0129895331338,
        "max": 1,
        "mean": 0.0294003859162,
        "median": 0,
        "min": 0,
        "var": 0.0285363048315
    },
    "spectral_centroid": {
        "dmean": 295.193359375,
        "dmean2": 444.422576904,
        "dvar": 122824.0625,
        "dvar2": 220502.921875,
        "max": 10952.8535156,
        "mean": 1967.82727051,
        "median": 1882.01074219,
        "min": 326.099639893,
        "var": 717420.125
    },
    "spectral_complexity": {
        "dmean": 4.228328228,
        "dmean2": 6.51413106918,
        "dvar": 19.8548812866,
        "dvar2": 39.4105186462,
        "max": 58,
        "mean": 26.3210830688,
        "median": 27,
        "min": 0,
        "var": 143.161865234
    },
    "spectral_decrease": {
        "dmean": 3.9343781566e-09,
        "dmean2": 6.33098107272e-09,
        "dvar": 6.06793823159e-17,
        "dvar2": 1.54052529095e-16,
        "max": 9.31991020071e-21,
        "mean": -8.27510238111e-09,
        "median": -6.61877308517e-09,
        "min": -5.59654331767e-08,
        "var": 6.21128267605e-17
    },
    "spectral_energy": {
        "dmean": 0.0152470171452,
        "dmean2": 0.0245540738106,
        "dvar": 0.000896195531823,
        "dvar2": 0.00227501871996,
        "max": 0.216433808208,
        "mean": 0.0357343442738,
        "median": 0.0297931432724,
        "min": 1.12190320688e-20,
        "var": 0.000932052265853
    },
    "spectral_energyband_high": {
        "dmean": 0.00112956424709,
        "dmean2": 0.00172708253376,
        "dvar": 4.25650978286e-06,
        "dvar2": 8.93148353498e-06,
        "max": 0.0384799055755,
        "mean": 0.00408613635227,
        "median": 0.00267393491231,
        "min": 8.26033707247e-21,
        "var": 1.88508802239e-05
    },
    "spectral_energyband_low": {
        "dmean": 0.0115918545052,
        "dmean2": 0.0189898870885,
        "dvar": 0.00073094968684,
        "dvar2": 0.00187059282325,
        "max": 0.205721154809,
        "mean": 0.0156485661864,
        "median": 0.00973980501294,
        "min": 8.81732300524e-23,
        "var": 0.000656576885376
    },
    "spectral_energyband_middle_high": {
        "dmean": 0.00137295864988,
        "dmean2": 0.00211209943518,
        "dvar": 3.2791308513e-06,
        "dvar2": 7.44201497582e-06,
        "max": 0.026499947533,
        "mean": 0.00595720671117,
        "median": 0.00463406182826,
        "min": 1.43003028727e-21,
        "var": 2.09724676097e-05
    },
    "spectral_energyband_middle_low": {
        "dmean": 0.00584159092978,
        "dmean2": 0.00936461612582,
        "dvar": 0.000211944352486,
        "dvar2": 0.000543945119716,
        "max": 0.164658233523,
        "mean": 0.0117765245959,
        "median": 0.0093961134553,
        "min": 3.80842733726e-22,
        "var": 0.000212867249502
    },
    "spectral_entropy": {
        "dmean": 0.101543530822,
        "dmean2": 0.149013489485,
        "dvar": 0.0112871248275,
        "dvar2": 0.0213990155607,
        "max": 9.80812835693,
        "mean": 8.12183094025,
        "median": 8.13973522186,
        "min": 6.95468568802,
        "var": 0.086745724082
    },
    "spectral_flux": {
        "dmean": 0.0304383207113,
        "dmean2": 0.0468398742378,
        "dvar": 0.00204767473042,
        "dvar2": 0.00393749726936,
        "max": 0.418271780014,
        "mean": 0.107170641422,
        "median": 0.0962790623307,
        "min": 1.05919932547e-10,
        "var": 0.0040149372071
    },
    "spectral_kurtosis": {
        "dmean": 0.500553548336,
        "dmean2": 0.7859582901,
        "dvar": 0.287948191166,
        "dvar2": 0.65710246563,
        "max": 7.55549430847,
        "mean": 2.02174210548,
        "median": 1.93828248978,
        "min": -1.15726113319,
        "var": 1.45590627193
    },
    "spectral_rms": {
        "dmean": 0.00102261162829,
        "dmean2": 0.00156276812777,
        "dvar": 2.47233106165e-06,
        "dvar2": 5.84643294133e-06,
        "max": 0.0145311709493,
        "mean": 0.00552854547277,
        "median": 0.00539133371785,
        "min": 3.30838286454e-12,
        "var": 4.29795227319e-06
    },
    "spectral_rolloff": {
        "dmean": 1061.07495117,
        "dmean2": 1612.31518555,
        "dvar": 1924352.25,
        "dvar2": 3765082.75,
        "max": 18949.21875,
        "mean": 3589.14892578,
        "median": 2648.58398438,
        "min": 64.599609375,
        "var": 9391429
    },
    "spectral_skewness": {
        "dmean": 0.124074786901,
        "dmean2": 0.193116232753,
        "dvar": 0.0211801119149,
        "dvar2": 0.0478644743562,
        "max": 2.28517842293,
        "mean": 1.22528767586,
        "median": 1.2497934103,
        "min": -0.0559310615063,
        "var": 0.111759960651
    },
    "spectral_spread": {
        "dmean": 602118.1875,
        "dmean2": 876598.625,
        "dvar": 807006830592,
        "dvar2": 1.26079428198e+12,
        "max": 39762104,
        "mean": 7070091.5,
        "median": 6811178,
        "min": 3635911.75,
        "var": 2.7425350615e+12
    },
    "spectral_strongpeak": {
        "dmean": 0.479034841061,
        "dmean2": 0.824763536453,
        "dvar": 0.735989093781,
        "dvar2": 1.8677687645,
        "max": 10.0216360092,
        "mean": 0.782928884029,
        "median": 0.334088921547,
        "min": 0,
        "var": 1.58338141441
    },
    "zerocrossingrate": {
        "dmean": 0.0186710897833,
        "dmean2": 0.0203155633062,
        "dvar": 0.000404189573601,
        "dvar2": 0.000508935714606,
        "max": 0.515625,
        "mean": 0.130216777325,
        "median": 0.1171875,
        "min": 0.01171875,
        "var": 0.00512644089758
    },
    "barkbands": {
        "dmean": [0.000490466016345, 0.00826350320131, 0.00386746926233, 0.00226309429854, 0.00331067480147, 0.000896683719475, 0.000717400282156, 0.000468005251605, 0.00044217336108, 0.000309358438244, 0.000261865876382, 0.000266849267064, 0.000393923779484, 0.000273252895568, 0.000281364220427, 0.000305419933284, 0.000337057776051, 0.000262307090452, 0.000213957217056, 0.000173767577508, 0.000237491345615, 0.000348417728674, 0.000226441683481, 0.000342997431289, 0.000223126946366, 0.000149081868585, 5.56231061637e-05],
        "dmean2": [0.00080623786198, 0.0139508601278, 0.00657104561105, 0.00354231894016, 0.00561593472958, 0.00151563843247, 0.0012078192085, 0.000782473187428, 0.000698950025253, 0.000509971461724, 0.000412493129261, 0.000417673727497, 0.000622499617748, 0.000425266247476, 0.000444945821073, 0.000483797542984, 0.000545724993572, 0.000412759545725, 0.000343517574947, 0.000275587575743, 0.000404874212109, 0.000589614850469, 0.000357034907211, 0.000502893817611, 0.000325803586747, 0.000228996475926, 8.88890353963e-05],
        "dvar": [1.73012779214e-06, 0.000548046082258, 4.52625536127e-05, 1.48136787175e-05, 7.44999342714e-05, 3.6288663523e-06, 3.82389544029e-06, 1.03663421669e-06, 5.38470260381e-07, 3.80381379728e-07, 3.43132342095e-07, 2.49101475447e-07, 6.81648145928e-07, 2.87526830789e-07, 3.43478774312e-07, 3.1302346315e-07, 2.77817406413e-07, 1.74827519572e-07, 1.27230620706e-07, 7.50750785983e-08, 1.66117970934e-07, 4.93942991397e-07, 1.70131627897e-07, 7.34811692382e-07, 1.91958477558e-07, 4.87197269194e-08, 9.83568959612e-09],
        "dvar2": [4.46278590971e-06, 0.0014230493689, 0.000126894796267, 3.38495665346e-05, 0.000201610615477, 1.01189243651e-05, 1.04581413325e-05, 2.72626425613e-06, 1.32543925702e-06, 9.17573515835e-07, 8.03194495802e-07, 5.22532616287e-07, 1.61524735631e-06, 6.48036007078e-07, 7.72743931066e-07, 7.02054421708e-07, 6.66499545332e-07, 3.75551650222e-07, 3.18202296512e-07, 1.62613659427e-07, 4.64210927476e-07, 1.34831668674e-06, 3.90105810766e-07, 1.34262916163e-06, 4.23698537588e-07, 1.1486387308e-07, 2.40181758926e-08],
        "max": [0.019852720201, 0.191456079483, 0.0683548375964, 0.0498722605407, 0.100823797286, 0.0241487175226, 0.025803245604, 0.0116650769487, 0.0152374850586, 0.0113507574424, 0.0109888901934, 0.0100306784734, 0.0157561097294, 0.0144650563598, 0.00993149168789, 0.0107978181913, 0.0111744264141, 0.0083715301007, 0.0094977831468, 0.00491757271811, 0.00437854509801, 0.00900650303811, 0.010799003765, 0.020152034238, 0.00858993828297, 0.00297115556896, 0.000951719586737],
        "mean": [0.000529927609023, 0.0082541257143, 0.00521737895906, 0.00319379079156, 0.00444269552827, 0.00128730514552, 0.00107129837852, 0.000760904804338, 0.000861157663167, 0.000491254904773, 0.000491359154694, 0.000509593752213, 0.000800244160928, 0.000511221878696, 0.000542406283785, 0.00066180707654, 0.000729910272639, 0.000577524886467, 0.00048290178529, 0.000386806903407, 0.000500731926877, 0.000695494411048, 0.000633621704765, 0.00105082930531, 0.000632307725027, 0.000334048818331, 8.36778344819e-05],
        "median": [0.000160552561283, 0.00309270364232, 0.00343030830845, 0.00197300780565, 0.00255421176553, 0.000839016458485, 0.000477452296764, 0.000292706885375, 0.000492900901008, 0.000276974838926, 0.000174433720531, 0.000234731691307, 0.000266411312623, 0.000221464462811, 0.00022891635308, 0.000372628273908, 0.000443156430265, 0.000387355161365, 0.000340237544151, 0.000222655609832, 0.000355341850081, 0.000389862951124, 0.000386660220101, 0.00053362257313, 0.000400456803618, 0.000197777917492, 2.37626481976e-05],
        "min": [3.69110352581e-23, 3.61475314978e-23, 2.73373782916e-23, 1.02673181377e-23, 4.10496520024e-23, 1.41865816943e-22, 3.32389224542e-23, 6.77451404863e-23, 5.52119582379e-23, 7.61304352971e-23, 8.66792095395e-23, 7.3237720223e-23, 8.53995824879e-23, 2.12261290257e-22, 1.26214867071e-22, 1.03078479178e-22, 1.41707628244e-22, 1.99863173618e-22, 2.11455755988e-22, 2.21752359798e-22, 3.73654683644e-22, 5.96915118301e-22, 5.76020426976e-22, 7.55066104041e-22, 1.57239865278e-21, 1.87654282621e-21, 2.64038131595e-21],
        "var": [1.55863403961e-06, 0.000437881215475, 4.15209833591e-05, 1.90164337255e-05, 6.41376100248e-05, 3.30157990902e-06, 3.74208843823e-06, 1.89023933217e-06, 1.22422284221e-06, 6.62227421344e-07, 8.90503997653e-07, 8.65617948875e-07, 2.60595948021e-06, 8.79036406332e-07, 1.0310742482e-06, 1.1854405102e-06, 8.94845243238e-07, 5.43559167454e-07, 2.64085826984e-07, 2.32742436879e-07, 2.62804149997e-07, 7.76280899117e-07, 6.06644050549e-07, 3.17786725645e-06, 6.48939874281e-07, 1.34901767979e-07, 1.785394943e-08]
    },
    "erbbands": {
        "dmean": [0.268049716949, 1.82873022556, 4.16977357864, 5.97139978409, 11.3999519348, 10.8654146194, 8.29441738129, 7.67812347412, 7.97537946701, 12.7004556656, 9.74808883667, 9.58894348145, 9.96230125427, 7.92720985413, 10.208729744, 10.0498428345, 17.3144874573, 12.7180519104, 14.6348381042, 13.4663724899, 16.0335559845, 18.9415149689, 14.763343811, 11.6916227341, 10.1840143204, 7.76832437515, 8.15282058716, 10.6340789795, 13.5546693802, 9.72553348541, 6.09090137482, 7.01337385178, 6.23886394501, 3.13407897949, 1.40785467625, 0.66901576519, 0.294443070889, 0.0601146742702, 0.00872914493084, 0.000738539500162],
        "dmean2": [0.4511282444, 3.1596968174, 7.19456624985, 9.61543655396, 18.4776420593, 19.0178527832, 14.1975736618, 13.1621084213, 13.4386358261, 21.6669368744, 15.9716396332, 15.2329111099, 15.9001951218, 12.7530651093, 16.1785888672, 15.7394771576, 27.3831729889, 19.2971687317, 22.8980693817, 21.1803150177, 25.238861084, 30.3123912811, 23.3400478363, 18.8738899231, 16.2706279755, 12.2992954254, 13.5382032394, 18.6712741852, 23.3221893311, 15.4901189804, 9.51870822906, 10.5853691101, 9.28220748901, 4.55714845657, 2.18270492554, 1.03613126278, 0.459920018911, 0.0947456285357, 0.0140084540471, 0.00119434623048],
        "dvar": [0.615711390972, 27.4685745239, 71.4181900024, 72.6173171997, 948.997802734, 725.530639648, 318.532592773, 263.079620361, 345.403808594, 1195.71826172, 509.400878906, 272.737121582, 416.432891846, 287.611663818, 538.720458984, 351.762359619, 1408.09558105, 719.088989258, 982.607299805, 643.855712891, 861.822937012, 843.660705566, 533.181335449, 365.679168701, 274.296936035, 186.451416016, 151.187011719, 475.291809082, 753.693054199, 333.95489502, 140.021209717, 329.671447754, 201.351898193, 48.7619552612, 4.84324026108, 1.02523887157, 0.196381151676, 0.00985787156969, 0.00024295275216, 1.88519027233e-06],
        "dvar2": [1.56430852413, 74.854927063, 203.853759766, 186.466186523, 2324.34985352, 2074.8449707, 923.074645996, 745.93157959, 918.863220215, 3311.50830078, 1341.72265625, 652.456481934, 897.926940918, 697.39239502, 1254.89562988, 702.066467285, 3450.87109375, 1554.44213867, 2134.95019531, 1373.2869873, 1924.09558105, 1940.25512695, 1139.40161133, 899.657348633, 670.147216797, 413.324371338, 398.383270264, 1369.66467285, 2133.34448242, 795.077209473, 322.378234863, 667.38067627, 366.36605835, 100.455276489, 11.5441865921, 2.41125273705, 0.468893527985, 0.0239100698382, 0.000599238788709, 4.71492967336e-06],
        "max": [5.77882766724, 43.9346237183, 77.864982605, 87.2981796265, 431.953277588, 277.653839111, 209.450027466, 202.588088989, 319.314727783, 478.614044189, 318.830688477, 327.450927734, 621.484008789, 352.707946777, 529.585083008, 418.220428467, 879.342468262, 718.350524902, 553.997314453, 603.317749023, 630.076843262, 541.789733887, 393.149383545, 425.168945312, 370.921295166, 288.628051758, 189.472457886, 202.613998413, 266.601043701, 401.207702637, 310.601257324, 427.336486816, 268.283172607, 143.645141602, 42.0257263184, 14.792632103, 5.96012735367, 1.28164744377, 0.145934671164, 0.0135694826022],
        "mean": [0.258638173342, 1.79245436192, 5.48413133621, 9.18932056427, 13.9901733398, 13.3079957962, 12.3647956848, 10.9107818604, 12.6427164078, 18.9018535614, 16.892993927, 18.2489032745, 18.2264060974, 14.4876451492, 21.5797290802, 21.6205444336, 36.4481620789, 27.9166584015, 30.4440059662, 30.3397579193, 37.0256576538, 42.929485321, 34.3759231567, 25.7386550903, 24.8380508423, 17.7587833405, 18.3320903778, 19.7939357758, 25.0269584656, 23.5981178284, 16.9569702148, 19.9991168976, 17.6810588837, 8.80968284607, 3.62829470634, 1.64040291309, 0.594747424126, 0.110350809991, 0.0129383094609, 0.00104026810732],
        "median": [0.0664853528142, 0.790100753307, 3.50769352913, 6.39004707336, 7.2539639473, 7.86854791641, 7.12212896347, 6.79555845261, 6.14928293228, 8.3183965683, 7.29789543152, 10.357667923, 11.0775270462, 8.26157569885, 8.76655387878, 10.5474901199, 13.6906738281, 11.765411377, 14.1160297394, 16.6359939575, 22.303062439, 27.0448856354, 23.5051288605, 19.1139030457, 16.3493118286, 10.2718467712, 13.3164129257, 12.6670036316, 14.2731847763, 13.3103713989, 10.1248655319, 9.59899520874, 8.98147106171, 5.05348157883, 2.30093550682, 1.06740367413, 0.326229214668, 0.0523932948709, 0.00354286516085, 0.000259720196482],
        "min": [1.14976105856e-21, 8.06507963485e-21, 3.42867107073e-20, 2.60221908798e-20, 9.52370520854e-20, 1.77963837511e-19, 7.91852348976e-19, 9.75077921138e-19, 3.89549594242e-19, 1.03776601066e-18, 1.42959495277e-18, 1.31479613903e-18, 2.33610838993e-18, 2.9646405444e-18, 3.35722770095e-18, 2.85987729264e-18, 3.45398818708e-18, 1.16911507478e-17, 6.54028590648e-18, 6.16799838255e-18, 6.72876438572e-18, 8.2190510276e-18, 9.10243938996e-18, 1.28474640445e-17, 9.77805321733e-18, 1.0930061039e-17, 1.37744936288e-17, 1.70480534584e-17, 2.04110257219e-17, 1.64372881095e-17, 1.79542016953e-17, 1.7241651772e-17, 1.20180186115e-17, 1.78216526196e-17, 1.0108282743e-17, 5.8232435653e-18, 4.17728153214e-18, 1.27695334979e-18, 3.54695770446e-19, 4.12810236185e-20],
        "var": [0.516028165817, 19.5404071808, 55.2837905884, 95.5510101318, 917.939575195, 530.33972168, 342.473266602, 229.815032959, 433.869873047, 1145.35913086, 900.26385498, 626.736206055, 865.42980957, 480.130371094, 1619.67211914, 1402.86340332, 5444.41943359, 2574.24609375, 3057.96606445, 2302.58251953, 2866.78442383, 2951.97900391, 1658.73583984, 737.733886719, 708.388549805, 552.248718262, 328.286560059, 533.73828125, 1011.49102783, 853.098083496, 486.836700439, 1275.74621582, 832.27923584, 175.864776611, 14.4500284195, 2.93150043488, 0.488164335489, 0.0201412625611, 0.000432039814768, 3.0735418477e-06]
    },
    "gfcc": {
        "mean": [65.3805465698, 33.9962425232, -87.1112594604, 37.4735183716, -52.9957504272, 20.2595252991, -41.6308708191, 11.9695196152, -24.1969795227, 0.700077593327, -19.3850212097, 0.927752673626, -15.6178703308],
        "cov": [[5128.41064453, 245.390075684, -8.42261600494, 46.6665840149, 93.454864502, 0.227816551924, -96.3170089722, -54.7999458313, -68.6597976685, -88.0557098389, -176.788452148, 41.3090744019, -67.2623062134], [245.390075684, 1507.04907227, -51.1421051025, 110.094642639, 76.5486831665, 76.4528579712, 19.5038871765, 16.4656276703, -58.8817138672, -66.2369232178, 96.6041412354, 25.301197052, 45.5823287964], [-8.42261600494, -51.1421051025, 535.046264648, 106.607826233, 20.1245365143, -18.1227817535, 64.3879852295, -11.2664756775, 31.0103645325, -19.4826507568, -18.4152565002, 20.7845134735, 14.6253480911], [46.6665840149, 110.094642639, 106.607826233, 318.448272705, -8.8033618927, 47.1031265259, -23.2754516602, 20.3157043457, -3.13997840881, -12.6665372849, -3.42506766319, 25.1044025421, 25.4490833282], [93.454864502, 76.5486831665, 20.1245365143, -8.8033618927, 223.881530762, -1.81355214119, 35.6089172363, 16.9549655914, 20.9587211609, 2.87393474579, -14.8790426254, 3.87689304352, 1.20644271374], [0.227816551924, 76.4528579712, -18.1227817535, 47.1031265259, -1.81355214119, 142.666748047, 29.0987625122, 15.9152956009, -15.4959936142, 8.81170272827, 21.5798683167, -1.23415470123, -3.1616153717], [-96.3170089722, 19.5038871765, 64.3879852295, -23.2754516602, 35.6089172363, 29.0987625122, 152.130126953, 21.1057720184, 12.7210512161, 12.0184812546, 16.1793041229, 6.49149656296, -6.09753131866], [-54.7999458313, 16.4656276703, -11.2664756775, 20.3157043457, 16.9549655914, 15.9152956009, 21.1057720184, 99.3441467285, 37.4465026855, -4.75021791458, 7.44276809692, -0.710489392281, 13.7819700241], [-68.6597976685, -58.8817138672, 31.0103645325, -3.13997840881, 20.9587211609, -15.4959936142, 12.7210512161, 37.4465026855, 88.0932769775, 21.9425945282, -4.53790616989, -10.3073530197, 16.2387695312], [-88.0557098389, -66.2369232178, -19.4826507568, -12.6665372849, 2.87393474579, 8.81170272827, 12.0184812546, -4.75021791458, 21.9425945282, 69.7061691284, 22.9593677521, -1.18438076973, -7.04989290237], [-176.788452148, 96.6041412354, -18.4152565002, -3.42506766319, -14.8790426254, 21.5798683167, 16.1793041229, 7.44276809692, -4.53790616989, 22.9593677521, 82.7038269043, 19.3506660461, 7.75536441803], [41.3090744019, 25.301197052, 20.7845134735, 25.1044025421, 3.87689304352, -1.23415470123, 6.49149656296, -0.710489392281, -10.3073530197, -1.18438076973, 19.3506660461, 62.1125488281, 15.1937360764], [-67.2623062134, 45.5823287964, 14.6253480911, 25.4490833282, 1.20644271374, -3.1616153717, -6.09753131866, 13.7819700241, 16.2387695312, -7.04989290237, 7.75536441803, 15.1937360764, 59.4246063232]],
        "icov": [[0.000232855425566, -7.67706078477e-05, 2.66043866759e-06, 2.77775488939e-05, -4.97431974509e-05, -9.64974242379e-05, 0.000148234103108, 3.20972758345e-05, -1.05168248865e-06, 3.7999736378e-05, 0.000631155329756, -0.000430368061643, 0.000346008309862], [-7.67706078477e-05, 0.000916191376746, 0.00015513485414, -0.000329597183736, -0.000454809895018, -0.000161416392075, -0.00016603594122, 0.000187585741514, 0.000293300050544, 0.00123040785547, -0.00163076131139, 0.000531743862666, -0.000603905064054], [2.66043866759e-06, 0.00015513485414, 0.00247277109884, -0.00106490787584, -5.42551351828e-05, 0.000480951013742, -0.00145919458009, 0.00132767879404, -0.00145618151873, 0.00137444015127, 1.83029987966e-05, -0.000499281624798, -1.32249788294e-05], [2.77775488939e-05, -0.000329597183736, -0.00106490787584, 0.0042379675433, 0.00029323346098, -0.00166559487116, 0.00147632765584, -0.00121593335643, 0.000485356693389, -0.000664593011606, 0.00136010779534, -0.00159329990856, -0.000911276263651], [-4.97431974509e-05, -0.000454809895018, -5.42551351828e-05, 0.00029323346098, 0.00511666713282, 0.000135962385684, -0.0010608730372, -0.000557842897251, -0.000952559930738, -0.00087532348698, 0.00195497274399, -0.000938031764235, 0.00024536869023], [-9.64974242379e-05, -0.000161416392075, 0.000480951013742, -0.00166559487116, 0.000135962385684, 0.00894457660615, -0.00201982608996, -0.00159893976524, 0.00262518739328, -0.00159707164858, -0.00161229458172, 0.00189579313155, 6.50825822959e-05], [0.000148234103108, -0.00016603594122, -0.00145919458009, 0.00147632765584, -0.0010608730372, -0.00201982608996, 0.00870198942721, -0.00187018397264, -0.000203456685995, -0.00107016332913, -0.000502994691487, -0.00133242283482, 0.00159770681057], [3.20972758345e-05, 0.000187585741514, 0.00132767879404, -0.00121593335643, -0.000557842897251, -0.00159893976524, -0.00187018397264, 0.0146012995392, -0.00772111024708, 0.00504512805492, -0.00230501871556, -1.70116054505e-05, -0.000551989709493], [-1.05168248865e-06, 0.000293300050544, -0.00145618151873, 0.000485356693389, -0.000952559930738, 0.00262518739328, -0.000203456685995, -0.00772111024708, 0.0198302250355, -0.00832555815578, 0.00222231494263, 0.00409762375057, -0.00589116243646], [3.7999736378e-05, 0.00123040785547, 0.00137444015127, -0.000664593011606, -0.00087532348698, -0.00159707164858, -0.00107016332913, 0.00504512805492, -0.00832555815578, 0.0222401749343, -0.00806747935712, 0.000142960852827, 0.00362836313434], [0.000631155329756, -0.00163076131139, 1.83029987966e-05, 0.00136010779534, 0.00195497274399, -0.00161229458172, -0.000502994691487, -0.00230501871556, 0.00222231494263, -0.00806747935712, 0.0204178877175, -0.00637402758002, -0.000863532070071], [-0.000430368061643, 0.000531743862666, -0.000499281624798, -0.00159329990856, -0.000938031764235, 0.00189579313155, -0.00133242283482, -1.70116054505e-05, 0.00409762375057, 0.000142960852827, -0.00637402758002, 0.0213083252311, -0.00582170858979], [0.000346008309862, -0.000603905064054, -1.32249788294e-05, -0.000911276263651, 0.00024536869023, 6.50825822959e-05, 0.00159770681057, -0.000551989709493, -0.00589116243646, 0.00362836313434, -0.000863532070071, -0.00582170858979, 0.0220083892345]]
    },
    "melbands": {
        "dmean": [0.00231141317636, 0.0022141111549, 0.00115411111619, 0.000800257141236, 0.000322004139889, 0.000167665057234, 0.000127691382659, 0.000131285516545, 7.80239788583e-05, 6.22481384198e-05, 5.12297119712e-05, 3.4174285247e-05, 3.48354697053e-05, 2.70504224318e-05, 3.72612375941e-05, 3.95690040023e-05, 2.47212519753e-05, 2.61217592197e-05, 2.01559851121e-05, 2.13286348298e-05, 2.03466370294e-05, 2.23342158279e-05, 1.66658974194e-05, 1.2914335457e-05, 1.06386241896e-05, 8.03028524388e-06, 7.69272082835e-06, 5.18886463396e-06, 4.74580156151e-06, 6.70948566039e-06, 6.37985795038e-06, 7.87848057371e-06, 7.47955664337e-06, 5.31396926817e-06, 3.87368163501e-06, 4.17289948018e-06, 5.06086826135e-06, 5.08780567543e-06, 4.24960126111e-06, 2.36847017732e-06],
        "dmean2": [0.00385520304553, 0.00381065066904, 0.00181656179484, 0.00135063566267, 0.000555009872187, 0.000285340647679, 0.000215886771912, 0.000224136543693, 0.000126524100779, 9.89253167063e-05, 8.19399938337e-05, 5.53614663659e-05, 5.47866038687e-05, 4.22972552769e-05, 5.76769198233e-05, 6.10326351307e-05, 3.75364434149e-05, 4.08644518757e-05, 3.17655831168e-05, 3.30203547492e-05, 3.21974875988e-05, 3.61147394869e-05, 2.6348634492e-05, 2.05746073334e-05, 1.75148124981e-05, 1.29932268464e-05, 1.21530911201e-05, 8.3893091869e-06, 7.93133767729e-06, 1.12419211291e-05, 1.13552760013e-05, 1.37527249535e-05, 1.23285908558e-05, 8.47324827191e-06, 6.24048288955e-06, 6.64662729832e-06, 7.7612212408e-06, 7.84992971603e-06, 6.26933842796e-06, 3.59378236681e-06],
        "dvar": [4.42036216555e-05, 2.66939860012e-05, 3.74630121769e-06, 4.67902464152e-06, 4.88324701564e-07, 1.25730437617e-07, 1.04841511472e-07, 1.15837224257e-07, 2.91170021427e-08, 1.22285985782e-08, 1.06343076567e-08, 5.17806109102e-09, 5.92861004733e-09, 2.41667375001e-09, 6.15061157561e-09, 8.18138445879e-09, 3.14760639775e-09, 2.96762037166e-09, 1.72789293984e-09, 1.69444824838e-09, 1.55091495202e-09, 1.2931963278e-09, 6.67876531857e-10, 4.97632879348e-10, 2.90028889793e-10, 2.27140958819e-10, 1.35100514109e-10, 9.07137420736e-11, 5.5732914811e-11, 1.17887394291e-10, 2.11046236043e-10, 2.68546629378e-10, 1.96342206382e-10, 8.68936866905e-11, 4.45263687032e-11, 1.02177058481e-10, 1.57715271398e-10, 1.18986334674e-10, 1.02621869336e-10, 2.50844223865e-11],
        "dvar2": [0.000112945112051, 7.49241517042e-05, 9.00503346202e-06, 1.25313817989e-05, 1.42263729686e-06, 3.5542100818e-07, 2.82128809204e-07, 3.19804911442e-07, 7.50467137323e-08, 2.89016224286e-08, 2.32807604306e-08, 1.2779779901e-08, 1.36843976151e-08, 5.30558708078e-09, 1.30208883675e-08, 1.96448333156e-08, 6.71889699433e-09, 6.49681464182e-09, 4.11252631949e-09, 3.13633519156e-09, 3.5165368395e-09, 3.10781067547e-09, 1.51020518313e-09, 1.10815912002e-09, 7.41624983647e-10, 5.60930690785e-10, 2.89744700455e-10, 2.08394579371e-10, 1.47749396051e-10, 3.20702353562e-10, 6.13505912739e-10, 7.71125274746e-10, 5.08578013036e-10, 2.04233074896e-10, 1.05295855368e-10, 2.49764209315e-10, 3.20064086345e-10, 2.37623448696e-10, 2.03666888909e-10, 5.67944649643e-11],
        "max": [0.0507773831487, 0.0405092425644, 0.0213397927582, 0.0258634854108, 0.00720229139552, 0.00448331702501, 0.00498129334301, 0.00463119428605, 0.00250853947364, 0.00247018085793, 0.00304258591495, 0.00134914007504, 0.00167277653236, 0.00127795338631, 0.00169126107357, 0.00173446151894, 0.00165165902581, 0.00103134743404, 0.000895810197107, 0.00114943447988, 0.00077262648847, 0.000683650257997, 0.000612496340182, 0.000453719258076, 0.000365695974324, 0.000351257796865, 0.000216544052819, 0.000187524405192, 0.000104838603875, 0.000152365086251, 0.000138642542879, 0.000163337375852, 0.000219331952394, 0.00019038526807, 0.000148101287778, 0.000244456343353, 0.000256177096162, 0.000197100816877, 0.000193686195416, 0.000112841393275],
        "mean": [0.00230474630371, 0.00274381297641, 0.00176397315226, 0.00101157301106, 0.000470851839054, 0.000243694114033, 0.000198199049919, 0.000200610942557, 0.000135661597596, 0.000118060372188, 9.05893684831e-05, 5.71712698729e-05, 6.93092442816e-05, 5.16117652296e-05, 7.35119901947e-05, 7.93670551502e-05, 4.8274454457e-05, 5.00660098623e-05, 3.83781152777e-05, 4.48013561254e-05, 4.2061557906e-05, 4.53892753285e-05, 3.6092074879e-05, 2.62881985691e-05, 2.02798419195e-05, 1.72391919477e-05, 1.74122378667e-05, 1.01445839391e-05, 9.38449284149e-06, 1.41313130371e-05, 1.01662071756e-05, 1.32900859171e-05, 1.50626037794e-05, 1.24886837511e-05, 9.46060936258e-06, 1.02408293969e-05, 1.30390144477e-05, 1.28985275296e-05, 1.08067561087e-05, 6.13006841377e-06],
        "median": [0.000770964135882, 0.00172599346843, 0.0011996756075, 0.000564438116271, 0.000279108702671, 0.000154383174959, 9.58575328696e-05, 8.36068211356e-05, 5.52359852009e-05, 6.49817229714e-05, 5.31809382665e-05, 3.1981671782e-05, 2.61442855845e-05, 2.62821449724e-05, 2.81741176877e-05, 2.51722067333e-05, 1.86034558283e-05, 2.15584041143e-05, 1.7476042558e-05, 2.36895230046e-05, 2.53895268543e-05, 2.70666478173e-05, 2.26954925893e-05, 1.74170272658e-05, 1.44212053783e-05, 1.12909010568e-05, 9.87465227809e-06, 5.27701058672e-06, 6.14912278252e-06, 1.01162304418e-05, 5.72756698602e-06, 7.40084124118e-06, 8.21828871267e-06, 6.71761017657e-06, 5.66033122595e-06, 5.43699206901e-06, 5.9603930822e-06, 6.70635654387e-06, 5.20817275174e-06, 3.73254283659e-06],
        "min": [1.2364273718e-23, 1.57710381681e-23, 6.63048950435e-24, 9.98855757077e-24, 2.17115662589e-23, 2.25981670303e-23, 6.26969647517e-24, 1.2145624352e-23, 1.032961685e-23, 8.76213682067e-24, 1.19948769773e-23, 1.1456488087e-23, 1.15606074713e-23, 7.50555791816e-24, 8.26570428643e-24, 1.20449199466e-23, 2.10898018706e-23, 9.34446605229e-24, 1.0500841476e-23, 6.82689772595e-24, 8.10037955108e-24, 9.05595595343e-24, 7.51185381704e-24, 8.77212932175e-24, 1.09347449506e-23, 7.18093850022e-24, 7.50764918842e-24, 6.78774971467e-24, 7.12904013012e-24, 9.543232968e-24, 1.08556703223e-23, 1.29342241443e-23, 9.60279748837e-24, 8.21575834708e-24, 1.02478269625e-23, 9.51674775197e-24, 1.15026388165e-23, 7.93080522203e-24, 9.20668833975e-24, 1.76849504082e-23],
        "var": [3.66437598132e-05, 1.9417506337e-05, 4.71302200822e-06, 3.87691807191e-06, 4.79328207348e-07, 1.11765757538e-07, 1.14310971355e-07, 1.21735311609e-07, 5.87139759034e-08, 2.79103762324e-08, 2.20427338604e-08, 7.92434562413e-09, 1.8023705195e-08, 6.06395911262e-09, 2.21290612501e-08, 2.90237167633e-08, 1.07288933293e-08, 8.51162873516e-09, 4.43808190198e-09, 7.67247154698e-09, 4.12871736799e-09, 3.85513443391e-09, 2.24920970737e-09, 1.14291298647e-09, 4.96598817623e-10, 4.4195477833e-10, 4.81488682258e-10, 2.1145608875e-10, 1.01189237545e-10, 2.13244977232e-10, 1.95792729252e-10, 3.10909631374e-10, 3.74486830435e-10, 2.39622655052e-10, 1.38656433557e-10, 2.91858537338e-10, 5.86988957441e-10, 4.28868218716e-10, 3.62074953353e-10, 7.44928355112e-11]
    },
    "mfcc": {
        "mean": [-586.86114502, 73.0281066895, 21.6329689026, 20.3639984131, 15.2407741547, 6.28146123886, 0.839281439781, 7.00615501404, 1.13372504711, -0.605549097061, 0.824456453323, 0.0198871083558, -2.78671169281],
        "cov": [[2952.20507812, 309.83190918, -62.9088516235, 94.7296981812, 131.339584351, 89.3744812012, -46.2130889893, 66.8828430176, 22.5789585114, -75.5909500122, -50.9467048645, -30.1323890686, -52.1356468201], [309.83190918, 1124.7052002, -34.8036193848, 51.8235664368, 67.1309661865, 23.5022830963, 102.479415894, 65.1977081299, -36.2539215088, -40.8169631958, 6.65501785278, 24.0053825378, 4.33999824524], [-62.9088516235, -34.8036193848, 469.212280273, 108.874046326, -11.1261558533, 35.6424713135, 10.9266080856, 28.1693744659, 13.1242589951, -17.9101829529, -19.2922077179, 17.708562851, 5.73986291885], [94.7296981812, 51.8235664368, 108.874046326, 226.824569702, 59.0798606873, 22.3603229523, -1.40231025219, 32.5513877869, 22.8651428223, -9.60076904297, -20.5333003998, -3.3436756134, 16.4380073547], [131.339584351, 67.1309661865, -11.1261558533, 59.0798606873, 165.591201782, 5.65726613998, -8.38533973694, 13.6002998352, 23.2054233551, 6.81249237061, -15.903008461, -0.684096693993, -4.18574142456], [89.3744812012, 23.5022830963, 35.6424713135, 22.3603229523, 5.65726613998, 120.570022583, 41.4645576477, 1.64974355698, -3.41101121902, -4.22225379944, 16.5554485321, 3.72646045685, -4.52595663071], [-46.2130889893, 102.479415894, 10.9266080856, -1.40231025219, -8.38533973694, 41.4645576477, 116.555809021, 40.3486824036, -8.97648048401, -3.03157138824, 21.5830364227, 14.0146427155, 7.48424196243], [66.8828430176, 65.1977081299, 28.1693744659, 32.5513877869, 13.6002998352, 1.64974355698, 40.3486824036, 93.2423019409, 29.2143230438, -2.79881834984, -4.07550001144, 8.72461128235, 12.3955764771], [22.5789585114, -36.2539215088, 13.1242589951, 22.8651428223, 23.2054233551, -3.41101121902, -8.97648048401, 29.2143230438, 92.9998855591, 33.3875274658, -5.62245368958, 4.23985433578, 3.35733270645], [-75.5909500122, -40.8169631958, -17.9101829529, -9.60076904297, 6.81249237061, -4.22225379944, -3.03157138824, -2.79881834984, 33.3875274658, 76.3809967041, 20.911655426, -2.94971704483, 0.382536202669], [-50.9467048645, 6.65501785278, -19.2922077179, -20.5333003998, -15.903008461, 16.5554485321, 21.5830364227, -4.07550001144, -5.62245368958, 20.911655426, 65.763633728, 19.2272529602, -3.11753416061], [-30.1323890686, 24.0053825378, 17.708562851, -3.3436756134, -0.684096693993, 3.72646045685, 14.0146427155, 8.72461128235, 4.23985433578, -2.94971704483, 19.2272529602, 57.0851020813, 20.2227554321], [-52.1356468201, 4.33999824524, 5.73986291885, 16.4380073547, -4.18574142456, -4.52595663071, 7.48424196243, 12.3955764771, 3.35733270645, 0.382536202669, -3.11753416061, 20.2227554321, 55.1899795532]],
