{
"lowlevel": {
    "average_loudness": 0.934877693653,
    "barkbands_crest": {
        "dmean": 2.70097279549,
        "dmean2": 4.46679592133,
        "dvar": 6.93046617508,
        "dvar2": 18.9137191772,
        "max": 23.1318492889,
        "mean": 9.60790729523,
        "median": 9.37968349457,
        "min": 2.50599169731,
        "var": 12.9022378922
    },
    "barkbands_flatness_db": {
        "dmean": 0.0271923542023,
        "dmean2": 0.0413410253823,
        "dvar": 0.000541316054296,
        "dvar2": 0.00129268073943,
        "max": 0.354208290577,
        "mean": 0.130951732397,
        "median": 0.122669890523,
        "min": 0.0160315856338,
        "var": 0.00341845978983
    },
    "barkbands_kurtosis": {
        "dmean": 2.64876055717,
        "dmean2": 4.27905607224,
        "dvar": 15.2512702942,
        "dvar2": 36.6974945068,
        "max": 49.1612205505,
        "mean": 2.56741428375,
        "median": 0.236351490021,
        "min": -1.87115752697,
        "var": 37.6318588257
    },
    "barkbands_skewness": {
        "dmean": 0.676321804523,
        "dmean2": 1.04712474346,
        "dvar": 0.447060227394,
        "dvar2": 1.06841719151,
        "max": 6.34610176086,
        "mean": 1.37308251858,
        "median": 1.17353332043,
        "min": -3.7430138588,
        "var": 1.56855416298
    },
    "barkbands_spread": {
        "dmean": 7.95838403702,
        "dmean2": 12.4704332352,
        "dvar": 64.7725219727,
        "dvar2": 156.339859009,
        "max": 95.521194458,
        "mean": 30.865983963,
        "median": 30.4391078949,
        "min": 2.04566860199,
        "var": 217.830566406
    },
    "dissonance": {
        "dmean": 0.0104772811756,
        "dmean2": 0.0177667643875,
        "dvar": 0.000195724584046,
        "dvar2": 0.000522058573551,
        "max": 0.499999940395,
        "mean": 0.481912612915,
        "median": 0.486791342497,
        "min": 0.201476529241,
        "var": 0.000340664060786
    },
    "dynamic_complexity": 4.12405204773,
    "erbbands_crest": {
        "dmean": 2.40978312492,
        "dmean2": 3.99562454224,
        "dvar": 6.34094333649,
        "dvar2": 15.3436059952,
        "max": 27.1455135345,
        "mean": 7.94352960587,
        "median": 6.74540042877,
        "min": 2.41347622871,
        "var": 14.9011621475
    },
    "erbbands_flatness_db": {
        "dmean": 0.0208040736616,
        "dmean2": 0.0300067253411,
        "dvar": 0.000407597457524,
        "dvar2": 0.000808981014416,
        "max": 0.409773945808,
        "mean": 0.147403866053,
        "median": 0.140523344278,
        "min": 0.0498274825513,
        "var": 0.00233699078672
    },
    "erbbands_kurtosis": {
        "dmean": 1.02457773685,
        "dmean2": 1.63029885292,
        "dvar": 1.25197887421,
        "dvar2": 3.01582503319,
        "max": 16.5869693756,
        "mean": 0.753686308861,
        "median": 0.443481683731,
        "min": -1.64097738266,
        "var": 2.60658836365
    },
    "erbbands_skewness": {
        "dmean": 0.327586531639,
        "dmean2": 0.503722667694,
        "dvar": 0.0936900451779,
        "dvar2": 0.212516263127,
        "max": 2.90562462807,
        "mean": -0.685366511345,
        "median": -0.758427560329,
        "min": -2.96551656723,
        "var": 0.31507524848
    },
    "erbbands_spread": {
        "dmean": 10.1559848785,
        "dmean2": 16.1864261627,
        "dvar": 119.380455017,
        "dvar2": 292.478637695,
        "max": 103.880195618,
        "mean": 38.5053062439,
        "median": 36.9198760986,
        "min": 2.62942481041,
        "var": 273.577392578
    },
    "hfc": {
        "dmean": 7.94902992249,
        "dmean2": 12.4986839294,
        "dvar": 172.33480835,
        "dvar2": 415.790496826,
        "max": 169.910079956,
        "mean": 21.6233959198,
        "median": 15.577627182,
        "min": 1.12539510525e-16,
        "var": 443.806762695
    },
    "melbands_crest": {
        "dmean": 3.74343729019,
        "dmean2": 6.08717060089,
        "dvar": 10.5767879486,
        "dvar2": 28.0006771088,
        "max": 30.4038887024,
        "mean": 17.7362575531,
        "median": 17.5688476562,
        "min": 1.91293239594,
        "var": 38.1685256958
    },
    "melbands_flatness_db": {
        "dmean": 0.0348191224039,
        "dmean2": 0.053429029882,
        "dvar": 0.000880206353031,
        "dvar2": 0.00212753657252,
        "max": 0.458037495613,
        "mean": 0.198798060417,
        "median": 0.191266387701,
        "min": 0.0053823729977,
        "var": 0.00515901017934
    },
    "melbands_kurtosis": {
        "dmean": 9.44401168823,
        "dmean2": 15.4744300842,
        "dvar": 205.213989258,
        "dvar2": 518.715576172,
        "max": 142.012832642,
        "mean": 14.6160116196,
        "median": 7.70944213867,
        "min": -1.71740233898,
        "var": 378.641143799
    },
    "melbands_skewness": {
        "dmean": 1.06790781021,
        "dmean2": 1.67597258091,
        "dvar": 1.22018051147,
        "dvar2": 2.96537804604,
        "max": 10.6340284348,
        "mean": 3.10974550247,
        "median": 2.82522296906,
        "min": -2.61359143257,
        "var": 3.68728613853
    },
    "melbands_spread": {
        "dmean": 11.4971761703,
        "dmean2": 18.1887950897,
        "dvar": 165.142059326,
        "dvar2": 398.089416504,
        "max": 147.765426636,
        "mean": 29.4748783112,
        "median": 26.1750507355,
        "min": 1.56756675243,
        "var": 401.084716797
    },
    "pitch_salience": {
        "dmean": 0.0861405134201,
        "dmean2": 0.14335757494,
        "dvar": 0.00568267097697,
        "dvar2": 0.0154935447499,
        "max": 0.960202455521,
        "mean": 0.486717671156,
        "median": 0.483794778585,
        "min": 0.139501303434,
        "var": 0.0189450606704
    },
    "silence_rate_20dB": {
        "dmean": 0,
        "dmean2": 0,
        "dvar": 0,
        "dvar2": 0,
        "max": 1,
        "mean": 1,
        "median": 1,
        "min": 1,
        "var": 0
    },
    "silence_rate_30dB": {
        "dmean": 0.0178018584847,
        "dmean2": 0.0356175005436,
        "dvar": 0.0174847953022,
        "dvar2": 0.0506092682481,
        "max": 1,
        "mean": 0.990328848362,
        "median": 1,
        "min": 0,
        "var": 0.00957760121673
    },
    "silence_rate_60dB": {
        "dmean": 0.0290247686207,
        "dmean2": 0.0580720081925,
        "dvar": 0.0281825587153,
        "dvar2": 0.0608938448131,
        "max": 1,
        "mean": 0.164796903729,
        "median": 0,
        "min": 0,
        "var": 0.137641638517
    },
    "spectral_centroid": {
        "dmean": 310.149627686,
        "dmean2": 483.185882568,
        "dvar": 110848.570312,
        "dvar2": 246285.828125,
        "max": 11297.0458984,
        "mean": 1847.84570312,
        "median": 1834.85583496,
        "min": 264.760284424,
        "var": 475531.5
    },
    "spectral_complexity": {
        "dmean": 4.52128505707,
        "dmean2": 6.91676330566,
        "dvar": 22.7634487152,
        "dvar2": 46.7307128906,
        "max": 58,
        "mean": 23.3984527588,
        "median": 23,
        "min": 0,
        "var": 195.516418457
    },
    "spectral_decrease": {
        "dmean": 3.7899297034e-09,
        "dmean2": 6.34852170833e-09,
        "dvar": 4.35013059914e-17,
        "dvar2": 1.14201905328e-16,
        "max": 2.08400718583e-22,
        "mean": -6.88679824279e-09,
        "median": -5.49207035405e-09,
        "min": -4.58707170026e-08,
        "var": 4.91790108503e-17
    },
    "spectral_energy": {
        "dmean": 0.0147980535403,
        "dmean2": 0.0246842466295,
        "dvar": 0.000643021077849,
        "dvar2": 0.00168753275648,
        "max": 0.17928661406,
        "mean": 0.0279536638409,
        "median": 0.0225364025682,
        "min": 1.04173494602e-20,
        "var": 0.000759952585213
    },
    "spectral_energyband_high": {
        "dmean": 0.000491624814458,
        "dmean2": 0.000795514846686,
        "dvar": 1.2276743746e-06,
        "dvar2": 3.03109777633e-06,
        "max": 0.0195461120456,
        "mean": 0.00107023818418,
        "median": 0.000403648125939,
        "min": 7.60302736911e-21,
        "var": 2.31861281463e-06
    },
    "spectral_energyband_low": {
        "dmean": 0.0120122451335,
        "dmean2": 0.0204495023936,
        "dvar": 0.000550380558707,
        "dvar2": 0.00147467851639,
        "max": 0.158131077886,
        "mean": 0.0168229360133,
        "median": 0.0114403460175,
        "min": 4.8525671024e-23,
        "var": 0.000509888515808
    },
    "spectral_energyband_middle_high": {
        "dmean": 0.00223404332064,
        "dmean2": 0.00347034772858,
        "dvar": 1.70224484464e-05,
        "dvar2": 3.72357244487e-05,
        "max": 0.0449215434492,
        "mean": 0.00548979081213,
        "median": 0.0046023176983,
        "min": 1.30735552502e-21,
        "var": 3.23427993862e-05
    },
    "spectral_energyband_middle_low": {
        "dmean": 0.00392814772204,
        "dmean2": 0.00670039234683,
        "dvar": 4.6907865908e-05,
        "dvar2": 0.000125971666421,
        "max": 0.0685678943992,
        "mean": 0.00588523969054,
        "median": 0.00360901094973,
        "min": 2.51805663124e-22,
        "var": 5.03128576383e-05
    },
    "spectral_entropy": {
        "dmean": 0.138691022992,
        "dmean2": 0.203890547156,
        "dvar": 0.0194314029068,
        "dvar2": 0.0389920808375,
        "max": 9.81084728241,
        "mean": 7.69187831879,
        "median": 7.74823570251,
        "min": 5.85489559174,
        "var": 0.137463718653
    },
    "spectral_flux": {
        "dmean": 0.0301333423704,
        "dmean2": 0.046864643693,
        "dvar": 0.00162908353377,
        "dvar2": 0.00312917865813,
        "max": 0.355170726776,
        "mean": 0.08812417835,
        "median": 0.0775685012341,
        "min": 6.68721536479e-11,
        "var": 0.00444920221344
    },
    "spectral_kurtosis": {
        "dmean": 1.80724132061,
        "dmean2": 3.09061551094,
        "dvar": 5.12849760056,
        "dvar2": 14.5552511215,
        "max": 38.1050834656,
        "mean": 4.99287939072,
        "median": 4.27225923538,
        "min": -1.24595808983,
        "var": 9.31527614594
    },
    "spectral_rms": {
        "dmean": 0.00112575094681,
        "dmean2": 0.00179402017966,
        "dvar": 2.2335959784e-06,
        "dvar2": 5.60445141673e-06,
        "max": 0.0132254967466,
        "mean": 0.00462735211477,
        "median": 0.00468900147825,
        "min": 3.18798806798e-12,
        "var": 5.85944826526e-06
    },
    "spectral_rolloff": {
        "dmean": 723.071716309,
        "dmean2": 1191.49487305,
        "dvar": 1009428.625,
        "dvar2": 2358186.75,
        "max": 19982.8125,
        "mean": 1890.26574707,
        "median": 1744.18945312,
        "min": 86.1328125,
        "var": 2694623
    },
    "spectral_skewness": {
        "dmean": 0.23690263927,
        "dmean2": 0.393635183573,
        "dvar": 0.0588942207396,
        "dvar2": 0.151948556304,
        "max": 4.13585805893,
        "mean": 1.39894044399,
        "median": 1.36639785767,
        "min": -0.0356349460781,
        "var": 0.155039459467
    },
    "spectral_spread": {
        "dmean": 565923.4375,
        "dmean2": 836710.0625,
        "dvar": 765516644352,
        "dvar2": 1.48922839859e+12,
        "max": 42716968,
        "mean": 4023842.75,
        "median": 3904302,
        "min": 897765.9375,
        "var": 2.70310545818e+12
    },
    "spectral_strongpeak": {
        "dmean": 0.316584348679,
        "dmean2": 0.556479871273,
        "dvar": 0.544874429703,
        "dvar2": 1.42902958393,
        "max": 9.09753513336,
        "mean": 0.501216709614,
        "median": 0.363418102264,
        "min": 0,
        "var": 0.499526590109
    },
    "zerocrossingrate": {
        "dmean": 0.0121410833672,
        "dmean2": 0.0144905922934,
        "dvar": 0.000190796970855,
        "dvar2": 0.000248972704867,
        "max": 0.50341796875,
        "mean": 0.0679798945785,
        "median": 0.0595703125,
        "min": 0.00537109375,
        "var": 0.00188048009295
    },
    "barkbands": {
        "dmean": [7.92693244875e-05, 0.0070338617079, 0.00550162885338, 0.0017989333719, 0.00162994884886, 0.000632286944892, 0.000419459393015, 0.000207258839509, 0.000303115317365, 0.000358959718142, 0.000246509269346, 0.00038618184044, 0.00032134342473, 0.000556664308533, 0.000367299799109, 0.000406727252994, 0.000461137271486, 0.000246289157076, 0.000292048702249, 0.000307951442664, 0.000152193955728, 0.000104458951682, 7.2880233347e-05, 6.46085318294e-05, 4.09235835832e-05, 6.09845301369e-05, 9.96529252006e-06],
        "dmean2": [0.00013320002472, 0.0120343687013, 0.0098085179925, 0.00310608465225, 0.0028259169776, 0.00108225899749, 0.000734217464924, 0.000366088817827, 0.000514462066349, 0.000561349850614, 0.000390634580981, 0.000624448235612, 0.000541380082723, 0.000929001835175, 0.000603642954957, 0.000663995277137, 0.000756355759222, 0.000414141017245, 0.000475250155432, 0.000509989389684, 0.000260248605628, 0.000177646288648, 0.000116927236377, 0.000102667545434, 6.60287551e-05, 9.85452861642e-05, 1.71791107277e-05],
        "dvar": [4.78091060074e-08, 0.000224752046051, 0.000107212101284, 1.12153393275e-05, 1.06715569927e-05, 2.31307490139e-06, 1.7134952941e-06, 9.18309297049e-07, 1.00212071175e-06, 1.14603915335e-06, 7.91141872014e-07, 1.8459054445e-06, 7.86866053204e-07, 1.37282859214e-06, 7.30772569568e-07, 7.28081147372e-07, 5.95000699377e-07, 1.76046185629e-07, 3.93714771008e-07, 3.88348951219e-07, 1.02220390374e-07, 5.15197555728e-08, 1.42679382975e-07, 1.15269585876e-07, 1.81572286095e-08, 1.8157235715e-08, 9.22187937125e-10],
        "dvar2": [1.2398820104e-07, 0.000597087782808, 0.000309408729663, 3.06986548821e-05, 2.91882770398e-05, 6.07106449024e-06, 4.72996225653e-06, 2.67491191153e-06, 2.50487119047e-06, 2.46518698077e-06, 1.92679021893e-06, 4.4880553105e-06, 2.05753349292e-06, 3.48240405401e-06, 1.86745478459e-06, 1.83881479643e-06, 1.4751146864e-06, 4.66215198003e-07, 9.61003706834e-07, 1.03009267605e-06, 2.78539914689e-07, 1.3086739159e-07, 3.59133537131e-07, 2.90129207769e-07, 4.95241501142e-08, 4.54889175217e-08, 2.51143106311e-09],
        "max": [0.00219267932698, 0.125087320805, 0.0789290517569, 0.0286568980664, 0.031165311113, 0.0203344449401, 0.0236057452857, 0.0253229700029, 0.0222279746085, 0.0263663232327, 0.0230026468635, 0.0243175607175, 0.0145056424662, 0.0175735875964, 0.0143265118822, 0.0128122847527, 0.012242583558, 0.00602081231773, 0.0108794681728, 0.0130275683478, 0.00733214896172, 0.00392359122634, 0.0106972642243, 0.00881013646722, 0.00385802099481, 0.00194297288544, 0.00070692319423],
        "mean": [8.5522660811e-05, 0.00850553251803, 0.00705241737887, 0.0019382678438, 0.00193890323862, 0.00074411847163, 0.000453631888377, 0.000210508413147, 0.000358355173375, 0.000476420449559, 0.0003156363382, 0.000463469303213, 0.000409709376981, 0.000814971048385, 0.000491395301651, 0.000611593015492, 0.000772365718149, 0.000434887973825, 0.000472826824989, 0.000579193059821, 0.00026140655973, 0.00015354246716, 0.000119995514979, 9.96919188765e-05, 8.46386392368e-05, 9.46724539972e-05, 1.00122233562e-05],
        "median": [7.6567994256e-06, 0.00461543817073, 0.00447870232165, 0.000804614042863, 0.000966354040429, 0.00024438824039, 0.000169726554304, 7.14496709406e-05, 0.000142405435327, 0.000187325451407, 0.000141351061757, 0.000145419267938, 0.000188750724192, 0.000388353393646, 0.000271115073701, 0.000339436228387, 0.000551264965907, 0.000230090343393, 0.000227147655096, 0.000260939239524, 0.000135674679768, 3.88834087062e-05, 3.13238997478e-05, 2.07796056202e-05, 1.04453401946e-05, 6.96147935741e-06, 3.80516070209e-07],
        "min": [1.00302062711e-23, 8.71515068743e-24, 9.57629728398e-24, 5.88874647214e-24, 2.5427075879e-23, 6.05196100457e-23, 3.03841452787e-23, 1.81067653783e-23, 3.66597925261e-23, 3.97454188015e-23, 4.00482782802e-23, 5.36735280114e-23, 6.89691875539e-23, 1.46308479613e-22, 1.29529988761e-22, 8.00109430641e-23, 1.49129496697e-22, 8.49157330739e-23, 1.82246735779e-22, 3.13891666938e-22, 4.78998310647e-22, 5.10557240208e-22, 5.79367317672e-22, 8.3550336016e-22, 1.02434595761e-21, 1.83010277405e-21, 2.06031141983e-21],
        "var": [5.04965882442e-08, 0.000193914151168, 9.11906390684e-05, 1.0228024621e-05, 9.54508323048e-06, 2.30417026614e-06, 1.42433452766e-06, 5.44064391761e-07, 9.67292635323e-07, 1.74318040536e-06, 8.57696136336e-07, 2.00991735255e-06, 7.16473664397e-07, 1.70793782672e-06, 7.53780057039e-07, 8.91247168511e-07, 8.31892066344e-07, 3.00179493706e-07, 5.55048757178e-07, 6.47018964628e-07, 1.26959918134e-07, 7.08624483536e-08, 1.43146380083e-07, 1.14879448176e-07, 2.33164865193e-08, 2.96854434367e-08, 9.22711740348e-10]
    },
    "erbbands": {
        "dmean": [0.132388919592, 1.86024785042, 6.1369304657, 6.07460689545, 4.95242118835, 5.59765481949, 6.0855717659, 5.2301325798, 6.34199810028, 5.07265472412, 4.46371555328, 6.33403635025, 12.3826913834, 8.3699836731, 9.90413665771, 16.775384903, 14.1025667191, 26.9427757263, 19.6837043762, 18.6601963043, 24.5800514221, 22.8566265106, 13.752828598, 11.7842082977, 17.2010288239, 14.2072019577, 7.58051490784, 5.77084589005, 3.95150971413, 2.18354511261, 2.28505444527, 1.68490755558, 0.879777729511, 0.439247995615, 0.321129918098, 0.247151762247, 0.12264354527, 0.0249314494431, 0.0015471855877, 5.4351570725e-05],
        "dmean2": [0.224991410971, 3.1926753521, 10.9051246643, 10.6331644058, 8.60761928558, 9.69619369507, 10.5525865555, 8.87362861633, 10.7033128738, 8.8657989502, 7.83868074417, 10.7367458344, 18.8662204742, 13.1920976639, 16.3235721588, 27.0217647552, 23.4403610229, 45.1935005188, 31.8587856293, 29.881444931, 40.1393547058, 37.3667259216, 22.752866745, 19.3597335815, 27.8615169525, 23.4620819092, 12.9082660675, 9.91114997864, 6.76300477982, 3.57264590263, 3.66347908974, 2.66766190529, 1.44965100288, 0.713294923306, 0.517485618591, 0.399893283844, 0.197035267949, 0.0403547734022, 0.00268084043637, 9.25204294617e-05],
        "dvar": [0.10917326808, 14.8855199814, 128.135696411, 141.226074219, 75.5548477173, 171.244659424, 232.74987793, 195.264007568, 402.728912354, 243.780456543, 480.138244629, 443.828887939, 1482.3692627, 611.151245117, 1615.4074707, 3682.61987305, 1469.03308105, 3513.78051758, 1577.4041748, 2303.85522461, 1891.5333252, 1682.41796875, 494.977539062, 661.437561035, 1255.68310547, 809.373046875, 164.376449585, 195.009094238, 81.5412826538, 55.9177627563, 145.788742065, 78.7019042969, 19.3812217712, 1.54682421684, 1.40155160427, 0.438322275877, 0.0683835372329, 0.00323138269596, 2.97238930216e-05, 3.55571359023e-08],
        "dvar2": [0.287844151258, 40.2468986511, 369.084289551, 391.977050781, 207.664520264, 463.957122803, 636.027404785, 508.755218506, 1072.6217041, 671.923400879, 1398.80029297, 1141.3572998, 3106.44799805, 1564.13842773, 4225.70361328, 8796.046875, 3822.15722656, 9096.84765625, 3890.84155273, 5524.15722656, 4706.00732422, 4193.23291016, 1324.20654297, 1695.15405273, 3093.59228516, 2094.2902832, 436.890960693, 541.12322998, 209.046630859, 144.646316528, 361.868041992, 182.394577026, 52.3374404907, 4.15919542313, 3.82797265053, 1.14315998554, 0.170921981335, 0.00847883708775, 8.15506718936e-05, 1.00328577446e-07],
        "max": [2.37616443634, 31.3041343689, 78.1809234619, 100.673141479, 84.5532684326, 130.983505249, 157.24810791, 173.626647949, 390.137756348, 303.95703125, 622.464172363, 483.848480225, 937.453125, 652.988891602, 855.416931152, 1036.3482666, 732.010742188, 999.781860352, 651.210876465, 940.466674805, 754.99597168, 675.602783203, 314.988861084, 483.11114502, 618.332763672, 554.846557617, 191.671859741, 350.204925537, 158.317810059, 238.000823975, 314.881561279, 205.163787842, 116.783409119, 23.2476520538, 38.8101997375, 17.609708786, 3.22142767906, 0.924965560436, 0.127950772643, 0.00495543889701],
        "mean": [0.136049076915, 2.30775713921, 8.39228916168, 7.14304256439, 6.28354454041, 6.07333564758, 6.45795059204, 5.97084760666, 6.92893123627, 5.76096868515, 4.53815174103, 7.76199626923, 16.5252666473, 11.9854316711, 12.7329912186, 20.8762340546, 19.8215961456, 39.620513916, 30.1996707916, 26.5132369995, 41.9072647095, 40.3757362366, 26.2768344879, 19.8447055817, 28.6214523315, 27.3428668976, 14.7385654449, 8.68915081024, 5.80086565018, 3.6229403019, 3.49635410309, 2.45846915245, 1.46716165543, 0.904094934464, 0.59787529707, 0.396736264229, 0.180625617504, 0.0328014269471, 0.00150958856102, 7.57625457481e-05],
        "median": [0.042208686471, 1.29884576797, 5.41708612442, 3.52559828758, 3.26108622551, 2.82829260826, 2.19108605385, 1.8688095808, 2.27146649361, 2.34786367416, 1.66314327717, 3.43405008316, 5.1311955452, 6.10330057144, 5.56478309631, 7.18712043762, 10.1393651962, 18.383228302, 19.4890823364, 14.8192949295, 29.8766689301, 29.7876815796, 16.683423996, 10.8586845398, 12.938577652, 12.7137355804, 8.61807060242, 3.22525072098, 1.46791744232, 1.02903795242, 0.945144712925, 0.501414656639, 0.292968094349, 0.13642179966, 0.0698612332344, 0.0355641506612, 0.012163660489, 0.0016525706742, 6.33149393252e-05, 3.60932208423e-05],
        "min": [2.01439027406e-22, 2.28147398935e-21, 1.27273668352e-20, 1.83274094706e-20, 8.07439882611e-20, 1.08334778539e-19, 1.8980192945e-19, 5.46708482255e-19, 6.17135053198e-19, 2.6056633905e-19, 4.02261137209e-19, 6.75715001902e-19, 1.15419943669e-18, 1.54068200032e-18, 1.99357786135e-18, 1.96964856021e-18, 3.29944789439e-18, 5.42485063483e-18, 6.2873324208e-18, 6.38762269339e-18, 5.68769223755e-18, 7.96156790089e-18, 4.84247081584e-18, 7.67653635105e-18, 1.38010171752e-17, 1.38680270766e-17, 1.36432324733e-17, 1.91557212397e-17, 1.90918877118e-17, 1.54498710318e-17, 1.68609948347e-17, 1.35724183683e-17, 1.44184909588e-17, 8.73493131561e-18, 8.71392837268e-18, 6.06300145226e-18, 3.28860334976e-18, 1.28353543272e-18, 2.90878165802e-19, 2.96905139454e-20],
        "var": [0.0887934193015, 12.834897995, 114.575218201, 122.439117432, 78.3543243408, 138.725906372, 185.531311035, 188.193664551, 363.921508789, 190.894302368, 277.051300049, 389.029632568, 2528.40429688, 619.809265137, 1406.41320801, 3996.38134766, 1381.4342041, 4260.68261719, 1759.18334961, 2494.98388672, 2767.33374023, 2347.40673828, 897.775634766, 891.61517334, 1912.11083984, 1413.51879883, 298.306854248, 199.097732544, 105.330322266, 62.2475585938, 147.788742065, 85.5974884033, 18.0126609802, 2.37041044235, 1.49513137341, 0.577982366085, 0.111383102834, 0.0045382711105, 2.77962262771e-05, 3.04760021663e-08]
    },
    "gfcc": {
        "mean": [-17.5713195801, 82.3891830444, -122.806587219, 47.5884895325, -29.0004081726, 15.1383676529, -31.2506580353, 9.00749015808, -27.6352958679, 2.34691286087, -20.8843154907, -3.33442831039, -13.2067680359],
        "cov": [[15431.8701172, -1469.44287109, 916.879577637, 691.651489258, -267.333343506, 308.208770752, -485.101287842, 255.829559326, -398.022338867, 589.491333008, -200.59197998, 462.492889404, -216.3515625], [-1469.44287109, 1969.75024414, -534.510437012, 37.6715774536, 439.157806396, 36.6833457947, 292.308624268, -216.402603149, 197.165496826, -187.289749146, 166.178344727, -221.887557983, 149.732574463], [916.879577637, -534.510437012, 804.548339844, 44.3957748413, -49.8819503784, 51.8321228027, -96.6626052856, 94.141242981, -106.531707764, 63.7989387512, -107.031867981, 76.358543396, -87.8865814209], [691.651489258, 37.6715774536, 44.3957748413, 285.927124023, 61.329372406, 52.7125892639, 30.4632873535, -11.2566843033, 25.0210590363, 19.3186302185, -11.532793045, -21.5079345703, 16.1547374725], [-267.333343506, 439.157806396, -49.8819503784, 61.329372406, 323.293548584, 70.590057373, 131.951812744, -14.5814905167, 63.9045372009, -22.6128406525, 11.0335655212, -78.5830764771, 37.7158279419], [308.208770752, 36.6833457947, 51.8321228027, 52.7125892639, 70.590057373, 144.371505737, 31.8251190186, 14.6071395874, -9.07294750214, 1.11089777946, -16.7542533875, -10.1342906952, -13.3842973709], [-485.101287842, 292.308624268, -96.6626052856, 30.4632873535, 131.951812744, 31.8251190186, 197.00302124, 5.77018642426, 59.8285293579, -37.841835022, 17.464641571, -51.0132904053, 33.6609306335], [255.829559326, -216.402603149, 94.141242981, -11.2566843033, -14.5814905167, 14.6071395874, 5.77018642426, 125.556236267, -6.10812139511, 23.9697341919, -39.6476211548, 24.235874176, -17.4851112366], [-398.022338867, 197.165496826, -106.531707764, 25.0210590363, 63.9045372009, -9.07294750214, 59.8285293579, -6.10812139511, 103.011642456, -9.51888847351, 32.3730812073, -38.7441291809, 28.1291332245], [589.491333008, -187.289749146, 63.7989387512, 19.3186302185, -22.6128406525, 1.11089777946, -37.841835022, 23.9697341919, -9.51888847351, 103.401947021, 3.61968708038, 39.479850769, -13.9914646149], [-200.59197998, 166.178344727, -107.031867981, -11.532793045, 11.0335655212, -16.7542533875, 17.464641571, -39.6476211548, 32.3730812073, 3.61968708038, 89.9940490723, 9.2240486145, 24.2774429321], [462.492889404, -221.887557983, 76.358543396, -21.5079345703, -78.5830764771, -10.1342906952, -51.0132904053, 24.235874176, -38.7441291809, 39.479850769, 9.2240486145, 98.9099349976, -3.01565504074], [-216.3515625, 149.732574463, -87.8865814209, 16.1547374725, 37.7158279419, -13.3842973709, 33.6609306335, -17.4851112366, 28.1291332245, -13.9914646149, 24.2774429321, -3.01565504074, 67.2533950806]],
        "icov": [[0.000129918524181, -0.000118696952995, 4.51044688816e-05, -0.000349106616341, 1.77084075403e-05, -0.000119677657494, 0.000175609966391, -0.000183488358743, 0.000319351325743, -0.000548719603103, 0.000260189728579, -0.000518442015164, 0.000290763447993], [-0.000118696952995, 0.00166159297805, 8.67125345394e-05, 0.000517524546012, -0.00117112137377, -0.000107471452793, -0.000591659278143, 0.00144429993816, -0.000679982476868, 0.00184273452032, -0.00195087539032, 0.00186711968854, -0.00132946181111], [4.51044688816e-05, 8.67125345394e-05, 0.00200446252711, -0.000549249758478, -0.000627860310487, -9.07475478016e-05, 0.000380965822842, -0.000498574459925, 0.000829426455311, -0.000275118189165, 0.00142157380469, -0.00151779979933, 0.00173177546822], [-0.000349106616341, 0.000517524546012, -0.000549249758478, 0.00528485607356, -0.000102304431493, -0.00126679835375, -0.000787998724263, 0.00179930985905, -0.00214844197035, 0.000113354974019, 0.000262063316768, 0.00231573823839, -0.00266361190006], [1.77084075403e-05, -0.00117112137377, -0.000627860310487, -0.000102304431493, 0.00658758496866, -0.00212775170803, -0.0019587087445, -0.000523239665199, -0.00057229277445, -0.00219878670759, 0.00093683518935, 0.00239579635672, -0.00185385998338], [-0.000119677657494, -0.000107471452793, -9.07475478016e-05, -0.00126679835375, -0.00212775170803, 0.00940490048379, -0.00106370565481, -0.00079304742394, 0.00173868227284, 0.000732104526833, 0.000181122595677, -0.000511706690304, 0.00276790186763], [0.000175609966391, -0.000591659278143, 0.000380965822842, -0.000787998724263, -0.0019587087445, -0.00106370565481, 0.00913267768919, -0.00283272657543, -0.0014249808155, 0.00114300264977, -0.000460514012957, 0.000128039697302, -0.000845604285132], [-0.000183488358743, 0.00144429993816, -0.000498574459925, 0.00179930985905, -0.000523239665199, -0.00079304742394, -0.00283272657543, 0.0132463816553, -0.00403440790251, -0.000259019143414, 0.00455493107438, -0.00223135040142, -3.06515903503e-06], [0.000319351325743, -0.000679982476868, 0.000829426455311, -0.00214844197035, -0.00057229277445, 0.00173868227284, -0.0014249808155, -0.00403440790251, 0.018170921132, -0.00304480595514, -0.00482211448252, 0.00457834079862, -0.00181504548527], [-0.000548719603103, 0.00184273452032, -0.000275118189165, 0.000113354974019, -0.00219878670759, 0.000732104526833, 0.00114300264977, -0.000259019143414, -0.00304480595514, 0.0168595220894, -0.00451427651569, -0.0015582696069, 0.00082543247845], [0.000260189728579, -0.00195087539032, 0.00142157380469, 0.000262063316768, 0.00093683518935, 0.000181122595677, -0.000460514012957, 0.00455493107438, -0.00482211448252, -0.00451427651569, 0.0217089019716, -0.00931372400373, 0.000724100042135], [-0.000518442015164, 0.00186711968854, -0.00151779979933, 0.00231573823839, 0.00239579635672, -0.000511706690304, 0.000128039697302, -0.00223135040142, 0.00457834079862, -0.0015582696069, -0.00931372400373, 0.0238941609859, -0.00825965218246], [0.000290763447993, -0.00132946181111, 0.00173177546822, -0.00266361190006, -0.00185385998338, 0.00276790186763, -0.000845604285132, -3.06515903503e-06, -0.00181504548527, 0.00082543247845, 0.000724100042135, -0.00825965218246, 0.0239793732762]]
    },
    "melbands": {
        "dmean": [0.00158292299602, 0.00294694164768, 0.00100384443067, 0.000353033246938, 0.000227859374718, 0.000117829120427, 9.39708188525e-05, 5.27270422026e-05, 3.68355758837e-05, 4.38430070062e-05, 6.2472630816e-05, 3.44233303622e-05, 3.32732524839e-05, 4.08468404203e-05, 3.96542127419e-05, 3.37581695931e-05, 5.71799828322e-05, 3.46363412973e-05, 2.72571269306e-05, 2.57394785876e-05, 3.18635975418e-05, 2.89188574243e-05, 1.44170662679e-05, 1.33041767185e-05, 9.88171632343e-06, 1.24541556943e-05, 1.42594153658e-05, 8.93195556273e-06, 5.59317322768e-06, 3.60108515451e-06, 3.61183265341e-06, 2.53110829362e-06, 1.62325306974e-06, 1.2157980791e-06, 1.43123952512e-06, 1.24226414755e-06, 9.89153932096e-07, 6.5828373863e-07, 5.67226834391e-07, 3.41582619967e-07],
        "dmean2": [0.00268820510246, 0.00514355162159, 0.00175644329283, 0.00060985039454, 0.000393239053665, 0.000199727161089, 0.000159664108651, 9.20317033888e-05, 6.52758753859e-05, 7.42022530176e-05, 9.54126371653e-05, 5.47882809769e-05, 5.38638087164e-05, 6.52707458357e-05, 6.48723143968e-05, 5.69140429434e-05, 9.6364710771e-05, 5.66817107028e-05, 4.46880731033e-05, 4.12711560784e-05, 5.27264346601e-05, 4.76025634271e-05, 2.40717290581e-05, 2.22456274059e-05, 1.64730754477e-05, 2.01842685783e-05, 2.3652204618e-05, 1.4855394511e-05, 9.56222629611e-06, 6.14395321463e-06, 6.28234965916e-06, 4.38841743744e-06, 2.73369732895e-06, 2.00259137273e-06, 2.31867466027e-06, 2.01468378691e-06, 1.56662304107e-06, 1.09247775981e-06, 9.37553011227e-07, 5.63018261346e-07],
        "dvar": [1.30409598569e-05, 3.12630581902e-05, 3.70946327166e-06, 3.86952649478e-07, 3.60355528528e-07, 9.28258643285e-08, 8.44233483122e-08, 3.00218125915e-08, 3.12985370954e-08, 2.22138147876e-08, 3.7898121974e-08, 1.01904014116e-08, 1.86889348441e-08, 2.06079970866e-08, 1.82812520677e-08, 8.97350105333e-09, 1.60567541485e-08, 5.01036145906e-09, 4.47243708734e-09, 3.9503715854e-09, 2.98676927635e-09, 2.74567502068e-09, 6.11878658852e-10, 5.52683676602e-10, 5.14833897736e-10, 6.81577794204e-10, 1.00214825327e-09, 2.85655360477e-10, 8.70946231801e-11, 5.76360868754e-11, 7.46514863814e-11, 3.54857324081e-11, 1.1964424243e-11, 2.79045588719e-11, 6.77198019883e-11, 4.97500859953e-11, 2.12305104053e-11, 1.09767420847e-11, 4.35589758707e-12, 7.9679047648e-13],
        "dvar2": [3.43493338733e-05, 8.8159518782e-05, 1.03413831312e-05, 1.05916694793e-06, 9.81646735454e-07, 2.41749631869e-07, 2.28026308946e-07, 8.36563600615e-08, 9.1292584159e-08, 5.70736418126e-08, 7.94260799353e-08, 2.6128503805e-08, 4.66465124305e-08, 4.83362576631e-08, 4.55894024753e-08, 2.37677344472e-08, 4.10810017115e-08, 1.23025332144e-08, 1.11966329541e-08, 9.70619673524e-09, 7.5318995485e-09, 6.86081680357e-09, 1.62252300484e-09, 1.46119027988e-09, 1.35521593947e-09, 1.6396108915e-09, 2.66669508697e-09, 7.42866601566e-10, 2.34316788195e-10, 1.57545157475e-10, 2.08276423885e-10, 9.17613623974e-11, 2.983314637e-11, 7.50745715594e-11, 1.74543351994e-10, 1.14883005886e-10, 5.01500299621e-11, 2.92142213199e-11, 1.22216689893e-11, 2.13748723582e-12],
        "max": [0.029733736068, 0.0387431047857, 0.0151108838618, 0.00611889874563, 0.00639370596036, 0.00371798942797, 0.00555075984448, 0.00310654658824, 0.00504051661119, 0.00366340903565, 0.00481320777908, 0.0026546639856, 0.00339262792841, 0.00244779814966, 0.00336644775234, 0.00166878046002, 0.00205964897759, 0.00138060480822, 0.00125701690558, 0.000819728011265, 0.000832613673992, 0.000874044955708, 0.000469337945106, 0.00044503971003, 0.000423392397352, 0.000411667657318, 0.000530987337697, 0.00031974518788, 0.000127159553813, 0.000184918608284, 0.000197086308617, 9.70771870925e-05, 7.09100131644e-05, 0.000178339789272, 0.00022578430071, 0.000164879151271, 0.00010508561536, 8.81208034116e-05, 5.01428366988e-05, 1.70126186276e-05],
        "mean": [0.00179216451943, 0.00406418554485, 0.00126118503977, 0.000433441484347, 0.000241306697717, 0.000137798240758, 0.000103589583887, 5.87973190704e-05, 3.6512290535e-05, 5.28904747625e-05, 8.22138536023e-05, 4.70402410429e-05, 4.16340080847e-05, 4.81704373669e-05, 4.99572706758e-05, 4.24371683039e-05, 8.11852078186e-05, 5.07454751641e-05, 3.62813916581e-05, 3.59960358765e-05, 5.24400929862e-05, 4.67955214845e-05, 2.49370204983e-05, 2.21458594751e-05, 1.45912572407e-05, 1.90366390598e-05, 2.30056866712e-05, 1.67787729879e-05, 1.0057997315e-05, 5.89544288232e-06, 4.87401075588e-06, 3.37747997037e-06, 2.51740380008e-06, 1.86178226613e-06, 2.12519535125e-06, 1.66631173215e-06, 1.44497482779e-06, 1.01785212792e-06, 9.56575604505e-07, 6.85436020831e-07],
        "median": [0.00085781008238, 0.00274135917425, 0.00070603354834, 0.000229667450185, 8.53558522067e-05, 4.41026641056e-05, 3.60315061698e-05, 2.31591475313e-05, 1.38039395097e-05, 2.19941521209e-05, 2.53952130151e-05, 2.29616871366e-05, 1.87323312275e-05, 1.57679005497e-05, 2.21647205763e-05, 1.81137329491e-05, 3.46397901012e-05, 3.11659096042e-05, 1.91041526705e-05, 1.95268457901e-05, 3.54613584932e-05, 3.15144607157e-05, 1.73513708432e-05, 1.0425353139e-05, 7.88206580182e-06, 8.62897286424e-06, 8.81333380676e-06, 8.20656077849e-06, 5.71175360164e-06, 3.10905375045e-06, 1.44654450196e-06, 7.84727774317e-07, 6.57111797864e-07, 4.64814348788e-07, 5.53059578579e-07, 3.71388665599e-07, 2.70146472303e-07, 2.15357843558e-07, 1.49867545929e-07, 1.03665790618e-07],
        "min": [2.45056169219e-24, 6.17600504318e-24, 5.54283490951e-24, 5.29061438443e-24, 6.91123721191e-24, 1.31245321045e-23, 9.35651905806e-24, 3.02511117757e-24, 3.3285910954e-24, 3.59867143137e-24, 5.49399021998e-24, 6.1048726665e-24, 5.63665177038e-24, 5.85967024246e-24, 6.74314909681e-24, 5.79238987358e-24, 1.05168379975e-23, 9.27272309727e-24, 8.41778404718e-24, 6.68044333232e-24, 7.53854492577e-24, 8.34830670067e-24, 5.03721372344e-24, 4.13581194933e-24, 5.57094951774e-24, 7.8919427784e-24, 1.04699946481e-23, 8.58502729225e-24, 7.51393009894e-24, 1.33661562555e-23, 8.93569095298e-24, 9.96804324293e-24, 9.90673533996e-24, 7.09142487558e-24, 9.68581563231e-24, 8.04761343399e-24, 8.69029762461e-24, 1.02153369372e-23, 9.01598989338e-24, 6.27414565068e-24],
        "var": [1.09137963591e-05, 2.78375191556e-05, 3.26549070451e-06, 3.73807921505e-07, 2.8274558872e-07, 9.36577961852e-08, 7.5427770696e-08, 2.22541896022e-08, 1.80327397459e-08, 2.00459169264e-08, 6.38196056002e-08, 1.01357890969e-08, 1.82755250933e-08, 2.36533868048e-08, 1.74932139885e-08, 8.27702706374e-09, 2.01511003439e-08, 5.52574075385e-09, 5.04625718989e-09, 4.17518020157e-09, 4.33765601215e-09, 3.59406349126e-09, 8.22160950431e-10, 9.51144052408e-10, 6.1161625764e-10, 9.70942770628e-10, 1.36562894326e-09, 5.02222985421e-10, 1.47311760013e-10, 7.01354530008e-11, 7.16967249459e-11, 4.10662857886e-11, 1.86742860758e-11, 2.49488520121e-11, 6.42763273162e-11, 5.14691865516e-11, 2.34882755606e-11, 1.02459733406e-11, 4.33793452548e-12, 1.28814385374e-12]
    },
    "mfcc": {
        "mean": [-657.674072266, 110.919708252, -19.0484580994, 39.5241355896, 18.9998493195, 14.6797389984, 10.8149108887, 5.5912194252, 4.11520195007, 5.63436317444, -5.14446115494, 1.17036759853, -2.35965251923],
        "cov": [[12132.203125, -689.226074219, 378.939544678, 551.82409668, 100.593322754, 140.794448853, 18.7471828461, -164.703674316, -74.4673080444, -33.0948524475, -7.96135091782, 108.108131409, 88.6676483154], [-689.226074219, 1514.37731934, -454.536437988, 116.971916199, 134.493713379, 213.287628174, 143.015075684, 67.582359314, 57.4055366516, 73.5065536499, -30.452753067, 98.5009002686, -20.2495155334], [378.939544678, -454.536437988, 640.865600586, -8.47100734711, 23.8118133545, -49.286315918, -32.9328346252, -5.23698282242, -31.69049263, -40.3377189636, 22.6809959412, -66.0095214844, -32.0422172546], [551.82409668, 116.971916199, -8.47100734711, 232.471343994, 58.5714607239, 77.5934524536, 41.1241760254, 2.34223008156, 56.3862228394, 25.5076618195, 3.4430475235, 33.1328697205, -4.19245052338], [100.593322754, 134.493713379, 23.8118133545, 58.5714607239, 166.744308472, 74.3972549438, 38.9625053406, 19.292350769, 29.105676651, 45.6686439514, -6.3808221817, 6.05789518356, -16.2741146088], [140.794448853, 213.287628174, -49.286315918, 77.5934524536, 74.3972549438, 179.637969971, 70.9294815063, 25.2046756744, 35.2909126282, 24.0195045471, 6.73394727707, 29.4339389801, -17.6561450958], [18.7471828461, 143.015075684, -32.9328346252, 41.1241760254, 38.9625053406, 70.9294815063, 116.143310547, 46.3089790344, 40.3881988525, 22.3191814423, 1.54945003986, 21.5926265717, -7.40750694275], [-164.703674316, 67.582359314, -5.23698282242, 2.34223008156, 19.292350769, 25.2046756744, 46.3089790344, 101.949531555, 41.1585998535, 20.3390827179, 2.91399765015, 5.42058753967, -6.24153184891], [-74.4673080444, 57.4055366516, -31.69049263, 56.3862228394, 29.105676651, 35.2909126282, 40.3881988525, 41.1585998535, 104.702980042, 42.4381752014, 7.341817379, 16.323720932, -12.291680336], [-33.0948524475, 73.5065536499, -40.3377189636, 25.5076618195, 45.6686439514, 24.0195045471, 22.3191814423, 20.3390827179, 42.4381752014, 86.4475784302, 16.5750160217, 9.61246204376, -12.5927457809], [-7.96135091782, -30.452753067, 22.6809959412, 3.4430475235, -6.3808221817, 6.73394727707, 1.54945003986, 2.91399765015, 7.341817379, 16.5750160217, 59.8160362244, 8.6808347702, -7.64583063126], [108.108131409, 98.5009002686, -66.0095214844, 33.1328697205, 6.05789518356, 29.4339389801, 21.5926265717, 5.42058753967, 16.323720932, 9.61246204376, 8.6808347702, 75.9367294312, 15.8996496201], [88.6676483154, -20.2495155334, -32.0422172546, -4.19245052338, -16.2741146088, -17.6561450958, -7.40750694275, -6.24153184891, -12.291680336, -12.5927457809, -7.64583063126, 15.8996496201, 68.1495513916]],
