{
"lowlevel": {
    "average_loudness": 0.872988700867,
    "barkbands_crest": {
        "dmean": 2.40844535828,
        "dmean2": 3.92630791664,
        "dvar": 6.84262990952,
        "dvar2": 16.8814735413,
        "max": 26.4078407288,
        "mean": 8.10242652893,
        "median": 7.12691354752,
        "min": 2.63779115677,
        "var": 13.371717453
    },
    "barkbands_flatness_db": {
        "dmean": 0.0172109045088,
        "dmean2": 0.0272212456912,
        "dvar": 0.000359275058145,
        "dvar2": 0.000855683698319,
        "max": 0.427502691746,
        "mean": 0.108874686062,
        "median": 0.0888645499945,
        "min": 0.0235654339194,
        "var": 0.00313196796924
    },
    "barkbands_kurtosis": {
        "dmean": 1.46058857441,
        "dmean2": 2.39049458504,
        "dvar": 15.7315273285,
        "dvar2": 37.8001556396,
        "max": 128.216720581,
        "mean": 0.624476075172,
        "median": -0.296640872955,
        "min": -1.88205444813,
        "var": 16.1027259827
    },
    "barkbands_skewness": {
        "dmean": 0.451357632875,
        "dmean2": 0.69175696373,
        "dvar": 0.313232988119,
        "dvar2": 0.714965164661,
        "max": 10.2904481888,
        "mean": 0.870127737522,
        "median": 0.837365329266,
        "min": -3.3966653347,
        "var": 0.814315259457
    },
    "barkbands_spread": {
        "dmean": 6.54859828949,
        "dmean2": 10.0913095474,
        "dvar": 62.9609069824,
        "dvar2": 135.896560669,
        "max": 99.5412750244,
        "mean": 35.0186805725,
        "median": 32.3198776245,
        "min": 0.521032869816,
        "var": 312.755523682
    },
    "dissonance": {
        "dmean": 0.0114598637447,
        "dmean2": 0.0185434296727,
        "dvar": 0.000167954625795,
        "dvar2": 0.000383888254873,
        "max": 0.5,
        "mean": 0.476332515478,
        "median": 0.484229296446,
        "min": 0.297147810459,
        "var": 0.000545226270333
    },
    "dynamic_complexity": 4.64166975021,
    "erbbands_crest": {
        "dmean": 1.8841727972,
        "dmean2": 3.00942778587,
        "dvar": 3.58939480782,
        "dvar2": 9.15309715271,
        "max": 27.8799629211,
        "mean": 7.22169828415,
        "median": 6.41866111755,
        "min": 2.37795329094,
        "var": 11.0310688019
    },
    "erbbands_flatness_db": {
        "dmean": 0.0117159355432,
        "dmean2": 0.0169917326421,
        "dvar": 0.000160583294928,
        "dvar2": 0.000280163338175,
        "max": 0.377551883459,
        "mean": 0.149410277605,
        "median": 0.126319602132,
        "min": 0.0425684824586,
        "var": 0.00414955988526
    },
    "erbbands_kurtosis": {
        "dmean": 0.576912581921,
        "dmean2": 0.881062507629,
        "dvar": 0.863903999329,
        "dvar2": 2.05538845062,
        "max": 22.4018974304,
        "mean": 0.033083461225,
        "median": -0.421447992325,
        "min": -1.70937168598,
        "var": 2.76931524277
    },
    "erbbands_skewness": {
        "dmean": 0.26307284832,
        "dmean2": 0.392767965794,
        "dvar": 0.0765845626593,
        "dvar2": 0.15833774209,
        "max": 3.94318008423,
        "mean": -0.279931873083,
        "median": -0.273539364338,
        "min": -2.82434415817,
        "var": 0.395349413157
    },
    "erbbands_spread": {
        "dmean": 7.34039163589,
        "dmean2": 11.4172515869,
        "dvar": 63.4034881592,
        "dvar2": 148.682250977,
        "max": 137.031311035,
        "mean": 43.9364776611,
        "median": 43.3338775635,
        "min": 4.4008898735,
        "var": 336.489898682
    },
    "hfc": {
        "dmean": 6.58586263657,
        "dmean2": 10.0035123825,
        "dvar": 111.438743591,
        "dvar2": 227.368774414,
        "max": 176.303955078,
        "mean": 29.5390148163,
        "median": 28.0412139893,
        "min": 1.28421140058e-16,
        "var": 663.968688965
    },
    "melbands_crest": {
        "dmean": 2.93771338463,
        "dmean2": 4.75252103806,
        "dvar": 8.58344268799,
        "dvar2": 19.6400432587,
        "max": 28.94480896,
        "mean": 11.862704277,
        "median": 11.1597366333,
        "min": 2.08073401451,
        "var": 19.0516662598
    },
    "melbands_flatness_db": {
        "dmean": 0.0238897223026,
        "dmean2": 0.0366520956159,
        "dvar": 0.000716377457138,
        "dvar2": 0.00159197638277,
        "max": 0.525177717209,
        "mean": 0.150179952383,
        "median": 0.141342312098,
        "min": 0.00700973439962,
        "var": 0.0031718830578
    },
    "melbands_kurtosis": {
        "dmean": 5.18993806839,
        "dmean2": 8.63308429718,
        "dvar": 111.51109314,
        "dvar2": 284.466064453,
        "max": 143.324157715,
        "mean": 7.52407741547,
        "median": 4.39260387421,
        "min": -1.64842498302,
        "var": 127.641403198
    },
    "melbands_skewness": {
        "dmean": 0.669556260109,
        "dmean2": 1.05855512619,
        "dvar": 0.794486105442,
        "dvar2": 1.95159471035,
        "max": 10.8845939636,
        "mean": 2.2209944725,
        "median": 2.04558396339,
        "min": -0.994400620461,
        "var": 1.94165420532
    },
    "melbands_spread": {
        "dmean": 10.0591936111,
        "dmean2": 15.0796041489,
        "dvar": 160.969009399,
        "dvar2": 310.733520508,
        "max": 200.27142334,
        "mean": 38.7313652039,
        "median": 33.9309043884,
        "min": 0.773442149162,
        "var": 639.018310547
    },
    "pitch_salience": {
        "dmean": 0.0655064508319,
        "dmean2": 0.108172304928,
        "dvar": 0.00470002926886,
        "dvar2": 0.0119134169072,
        "max": 0.847216546535,
        "mean": 0.611141860485,
        "median": 0.622744619846,
        "min": 0.0871260389686,
        "var": 0.0100202802569
    },
    "silence_rate_20dB": {
        "dmean": 0,
        "dmean2": 0,
        "dvar": 0,
        "dvar2": 0,
        "max": 1,
        "mean": 1,
        "median": 1,
        "min": 1,
        "var": 0
    },
    "silence_rate_30dB": {
        "dmean": 0,
        "dmean2": 0,
        "dvar": 0,
        "dvar2": 0,
        "max": 1,
        "mean": 1,
        "median": 1,
        "min": 1,
        "var": 0
    },
    "silence_rate_60dB": {
        "dmean": 0.0143188852817,
        "dmean2": 0.0286488570273,
        "dvar": 0.0141145028174,
        "dvar2": 0.0324761457741,
        "max": 1,
        "mean": 0.248355895281,
        "median": 0,
        "min": 0,
        "var": 0.186672359705
    },
    "spectral_centroid": {
        "dmean": 260.419525146,
        "dmean2": 393.109680176,
        "dvar": 104994.757812,
        "dvar2": 179517.109375,
        "max": 10712.4238281,
        "mean": 1894.95275879,
        "median": 1856.73986816,
        "min": 259.584472656,
        "var": 425877.53125
    },
    "spectral_complexity": {
        "dmean": 3.66911768913,
        "dmean2": 5.91444063187,
        "dvar": 14.6138267517,
        "dvar2": 34.6619186401,
        "max": 58,
        "mean": 25.3458404541,
        "median": 29,
        "min": 0,
        "var": 221.797637939
    },
    "spectral_decrease": {
        "dmean": 2.3724404663e-09,
        "dmean2": 4.06971212286e-09,
        "dvar": 2.08858323566e-17,
        "dvar2": 5.61605806563e-17,
        "max": 1.80911964511e-28,
        "mean": -5.74709124734e-09,
        "median": -5.07332753585e-09,
        "min": -3.2491310975e-08,
        "var": 3.04844212954e-17
    },
    "spectral_energy": {
        "dmean": 0.00924371369183,
        "dmean2": 0.015833735466,
        "dvar": 0.000310034491122,
        "dvar2": 0.000834034231957,
        "max": 0.127357020974,
        "mean": 0.0243701059371,
        "median": 0.0226537343115,
        "min": 1.09653776186e-20,
        "var": 0.000490275095217
    },
    "spectral_energyband_high": {
        "dmean": 0.000672984169796,
        "dmean2": 0.000998699571937,
        "dvar": 1.46082641095e-06,
        "dvar2": 2.78478364635e-06,
        "max": 0.024478295818,
        "mean": 0.00212878896855,
        "median": 0.00137729372364,
        "min": 8.62200483164e-21,
        "var": 7.43861073715e-06
    },
    "spectral_energyband_low": {
        "dmean": 0.00612147105858,
        "dmean2": 0.0106237148866,
        "dvar": 0.000211697435589,
        "dvar2": 0.000576296122745,
        "max": 0.105821438134,
        "mean": 0.00819134991616,
        "median": 0.0042762090452,
        "min": 3.436871011e-23,
        "var": 0.000192045743461
    },
    "spectral_energyband_middle_high": {
        "dmean": 0.00120353884995,
        "dmean2": 0.00188964081462,
        "dvar": 2.70720670414e-06,
        "dvar2": 6.71319958201e-06,
        "max": 0.0340268053114,
        "mean": 0.00534569052979,
        "median": 0.00419102422893,
        "min": 1.09054221704e-21,
        "var": 2.30673231272e-05
    },
    "spectral_energyband_middle_low": {
        "dmean": 0.00427487213165,
        "dmean2": 0.00710855098441,
        "dvar": 0.00011031988106,
        "dvar2": 0.000295897800243,
        "max": 0.107351385057,
        "mean": 0.00980874989182,
        "median": 0.00783318094909,
        "min": 3.12010845835e-22,
        "var": 0.000134613641421
    },
    "spectral_entropy": {
        "dmean": 0.118137598038,
        "dmean2": 0.166428625584,
        "dvar": 0.0193468295038,
        "dvar2": 0.0358066670597,
        "max": 9.78425693512,
        "mean": 7.86525011063,
        "median": 7.95050048828,
        "min": 5.09640216827,
        "var": 0.189012899995
    },
    "spectral_flux": {
        "dmean": 0.0241379085928,
        "dmean2": 0.0392631776631,
        "dvar": 0.00133538222872,
        "dvar2": 0.00265530426987,
        "max": 0.287703543901,
        "mean": 0.0793352127075,
        "median": 0.0761295184493,
        "min": 1.04715701388e-10,
        "var": 0.00323819136247
    },
    "spectral_kurtosis": {
        "dmean": 1.48520803452,
        "dmean2": 2.55147337914,
        "dvar": 7.84433794022,
        "dvar2": 23.0893096924,
        "max": 57.9312477112,
        "mean": 3.56610941887,
        "median": 2.5254445076,
        "min": -1.17244279385,
        "var": 12.9898195267
    },
    "spectral_rms": {
        "dmean": 0.000719079223927,
        "dmean2": 0.00118790869601,
        "dvar": 1.36069331802e-06,
        "dvar2": 3.52755091626e-06,
        "max": 0.0111467819661,
        "mean": 0.00424350006506,
        "median": 0.0047011920251,
        "min": 3.27076907225e-12,
        "var": 5.76838965571e-06
    },
    "spectral_rolloff": {
        "dmean": 801.78692627,
        "dmean2": 1269.30065918,
        "dvar": 1493534.5,
        "dvar2": 2851464.25,
        "max": 18992.2851562,
        "mean": 2778.92651367,
        "median": 2282.51953125,
        "min": 107.666015625,
        "var": 4565855
    },
    "spectral_skewness": {
        "dmean": 0.194369792938,
        "dmean2": 0.319057077169,
        "dvar": 0.0695552453399,
        "dvar2": 0.185293361545,
        "max": 5.65538883209,
        "mean": 1.23659491539,
        "median": 1.14821481705,
        "min": 0.022348349914,
        "var": 0.193936914206
    },
    "spectral_spread": {
        "dmean": 479855.21875,
        "dmean2": 660765.6875,
        "dvar": 684206325760,
        "dvar2": 938368237568,
        "max": 39977316,
        "mean": 4833417,
        "median": 4774832.5,
        "min": 1250992.875,
        "var": 3.63491439411e+12
    },
    "spectral_strongpeak": {
        "dmean": 0.400378197432,
        "dmean2": 0.692988812923,
        "dvar": 0.606666088104,
        "dvar2": 1.5706987381,
        "max": 10.9761667252,
        "mean": 0.668684244156,
        "median": 0.397498071194,
        "min": 2.40161712739e-09,
        "var": 0.773752450943
    },
    "zerocrossingrate": {
        "dmean": 0.0144948102534,
        "dmean2": 0.0158633757383,
        "dvar": 0.000336449360475,
        "dvar2": 0.000312579941237,
        "max": 0.5087890625,
        "mean": 0.0952138975263,
        "median": 0.0810546875,
        "min": 0.01123046875,
        "var": 0.00281429057941
    },
    "barkbands": {
        "dmean": [8.94064578461e-05, 0.0040637543425, 0.00223773857579, 0.00149271264672, 0.00243895570748, 0.00085921009304, 0.000371083908249, 0.000446346763056, 0.000318392616464, 0.000464321434265, 0.000118804018712, 0.000273255369393, 0.00022691617778, 0.000213672872633, 0.000202692099265, 0.000223173905397, 0.000343963562045, 0.000203874224098, 0.000177273512236, 0.000220544752665, 0.000184217264177, 0.000202506926144, 0.000133397945319, 0.000181889932719, 8.58424973558e-05, 4.27743871114e-05, 1.40259098771e-05],
        "dmean2": [0.000137302835356, 0.00700026471168, 0.00398407969624, 0.00250382511877, 0.00412878673524, 0.00140836101491, 0.000622587453108, 0.000685456732754, 0.000496741733514, 0.000684545724653, 0.000191674887901, 0.000426494225394, 0.000358074583346, 0.000328424881445, 0.000331032817485, 0.000372196140233, 0.000579004758038, 0.000339996098774, 0.000297491438687, 0.000368052948033, 0.000325428176438, 0.000324432709021, 0.00019716177485, 0.000260700180661, 0.000119639262266, 6.03788830631e-05, 2.1513993488e-05],
        "dvar": [4.24029060753e-08, 0.000109529049951, 2.53618145507e-05, 8.42115605337e-06, 5.14084749739e-05, 2.25193753067e-06, 1.04265666323e-06, 7.66544076214e-07, 5.43848955203e-07, 1.21981713619e-06, 1.26321836547e-07, 3.9867995838e-07, 2.61597079998e-07, 2.21362540742e-07, 1.73718987639e-07, 1.11675383607e-07, 2.8964637977e-07, 1.32374125883e-07, 6.87807713007e-08, 9.5768633912e-08, 1.18705884233e-07, 1.75515197043e-07, 7.60365566066e-08, 1.83851568636e-07, 3.83412199767e-08, 1.45200464985e-08, 3.54929463597e-09],
        "dvar2": [8.90170142043e-08, 0.000292510376312, 7.2619135608e-05, 2.18378336285e-05, 0.000142547374708, 6.01019382884e-06, 2.83904478238e-06, 1.73699447714e-06, 1.24473774576e-06, 2.78006768895e-06, 2.9501472909e-07, 9.66552647697e-07, 6.38315782453e-07, 4.67858939146e-07, 4.33959485235e-07, 3.06771056557e-07, 7.84047927027e-07, 3.51541245891e-07, 1.8197052043e-07, 2.63167919456e-07, 3.35762081249e-07, 4.02871705774e-07, 1.62276833748e-07, 3.25834349724e-07, 6.68291733064e-08, 2.86989703113e-08, 7.6004091909e-09],
        "max": [0.00321318465285, 0.0815217494965, 0.0427900701761, 0.0307446774095, 0.0772843211889, 0.0193507540971, 0.0185169558972, 0.0152936428785, 0.0141794737428, 0.0272554773837, 0.0133669180796, 0.0156121039763, 0.0112829934806, 0.00890580099076, 0.00746879028156, 0.00436170585454, 0.0125937294215, 0.00824567396194, 0.00419360212982, 0.00366748683155, 0.00342521793209, 0.0114559391513, 0.00757243670523, 0.00734278699383, 0.00354588986374, 0.00188359245658, 0.000961468438618],
        "mean": [9.62187841651e-05, 0.00409592362121, 0.0030164802447, 0.0023063798435, 0.00366274756379, 0.00169252755586, 0.000547916046344, 0.000805453571957, 0.000583792978432, 0.000971539178863, 0.000174474029336, 0.000549308722839, 0.00040641106898, 0.000378801283659, 0.000388020183891, 0.000484296848299, 0.000800272275228, 0.00044430460548, 0.000461369141703, 0.000584765570238, 0.000347650406184, 0.000449777930044, 0.00033878616523, 0.000481460185256, 0.00020129045879, 8.38179839775e-05, 1.63304648595e-05],
        "median": [1.40908423418e-05, 0.00103450438473, 0.00137982843444, 0.00102576729842, 0.00199551950209, 0.00114008458331, 0.000287935952656, 0.000271093886113, 0.000211113991099, 0.000201479037059, 8.04434966994e-05, 0.000167488498846, 0.000157128917635, 0.000129489795654, 0.000204785101232, 0.000385249120882, 0.000634172465652, 0.000335553108016, 0.00038682486047, 0.000458507362055, 0.000252299767453, 0.000243801216129, 0.000160910160048, 0.000201137008844, 7.31710752007e-05, 2.00004615181e-05, 1.13571366001e-06],
        "min": [8.57300268547e-24, 1.78522472958e-23, 8.23228498304e-24, 1.35183575008e-23, 6.39429129647e-23, 4.07666812848e-23, 2.31600679199e-23, 2.79821332421e-23, 1.14442613741e-22, 1.07799407798e-22, 3.62622539616e-23, 6.79123411329e-23, 1.22966299998e-22, 1.04032578043e-22, 1.07816510303e-22, 9.33130816794e-23, 1.00618003081e-22, 1.40666382336e-22, 1.49664912371e-22, 1.92712496611e-22, 4.03576897221e-22, 7.91674046318e-22, 5.66448780027e-22, 7.81147486399e-22, 1.13776633383e-21, 2.19575941785e-21, 2.86174421828e-21],
        "var": [5.58404487094e-08, 9.33973642532e-05, 2.30208534049e-05, 1.21636376207e-05, 4.35694491898e-05, 4.23975689046e-06, 9.89258978734e-07, 1.85107364814e-06, 1.37549727697e-06, 5.0757603276e-06, 2.59839850969e-07, 1.45913190863e-06, 6.91646050655e-07, 6.10957897607e-07, 3.87637612675e-07, 2.47911998486e-07, 8.97990389603e-07, 2.93805243246e-07, 2.0678463386e-07, 3.24800396356e-07, 1.54863599278e-07, 5.1264726153e-07, 3.19444239949e-07, 8.2615588326e-07, 1.47263392591e-07, 2.99344478094e-08, 4.25800239512e-09]
    },
    "erbbands": {
        "dmean": [0.0841289237142, 1.05609953403, 2.62118077278, 3.48272657394, 9.18916320801, 6.90346336365, 6.83723068237, 7.04536008835, 5.19473409653, 6.58376598358, 10.1260881424, 6.30309772491, 11.2831935883, 12.283782959, 5.76700162888, 10.5606222153, 8.2099571228, 11.6228218079, 9.99960041046, 8.78478813171, 13.281452179, 17.4947547913, 12.1723909378, 6.70025587082, 11.1898269653, 9.9695148468, 6.18170595169, 7.98011875153, 7.99013996124, 5.86235046387, 3.48169994354, 3.93379831314, 3.03449487686, 1.26287281513, 0.467612057924, 0.213239729404, 0.082729510963, 0.0146860741079, 0.00213003205135, 0.000192776569747],
        "dmean2": [0.131900280714, 1.88840603828, 4.73119783401, 5.98977279663, 15.3088569641, 11.8886518478, 11.0542297363, 11.6966762543, 8.64902305603, 10.8598327637, 15.5295286179, 9.92307472229, 16.8147640228, 17.8734207153, 9.23496246338, 16.5490398407, 13.091132164, 17.8436584473, 15.7862071991, 14.288974762, 22.0566596985, 29.3654689789, 20.0250034332, 11.0072011948, 18.706363678, 16.8569736481, 10.7608757019, 14.0213909149, 13.0222377777, 8.92699146271, 5.12389802933, 5.78404521942, 4.3763666153, 1.7866230011, 0.642568945885, 0.30197685957, 0.120203249156, 0.0211960878223, 0.00325293838978, 0.000304979766952],
        "dvar": [0.0347532294691, 8.21407413483, 42.3084983826, 39.5105667114, 717.965820312, 375.53225708, 149.199371338, 180.358169556, 142.822662354, 321.075042725, 425.504150391, 220.057113647, 879.265380859, 1014.31762695, 176.804794312, 656.54699707, 305.772277832, 722.226806641, 375.478088379, 346.452514648, 384.761932373, 688.874084473, 466.610687256, 132.778594971, 251.785186768, 196.410064697, 98.2285308838, 248.220703125, 285.985107422, 147.641647339, 49.1581077576, 95.0115966797, 43.8850135803, 8.95511627197, 1.1738474369, 0.286035656929, 0.0606138035655, 0.00288482080214, 8.51718577906e-05, 6.92794969837e-07],
        "dvar2": [0.0742785260081, 22.7306365967, 121.880119324, 107.134773254, 1928.57104492, 1064.60778809, 384.131591797, 496.95123291, 390.454620361, 851.873291016, 942.633544922, 545.722717285, 1924.74621582, 2200.4855957, 423.724731445, 1583.06799316, 762.75958252, 1620.89575195, 828.27722168, 921.303344727, 1035.28991699, 1828.88793945, 1192.73034668, 353.105316162, 681.012023926, 537.472106934, 268.128204346, 699.473693848, 692.369506836, 307.807739258, 105.17766571, 185.582183838, 81.8259963989, 15.1444768906, 2.11445236206, 0.574291110039, 0.123281903565, 0.00590147916228, 0.000185657903785, 1.51675942561e-06],
        "max": [1.78906834126, 20.9690704346, 55.9363975525, 74.0101776123, 292.861694336, 230.483016968, 187.681625366, 201.178359985, 174.526855469, 360.868804932, 292.87020874, 340.354003906, 773.269775391, 988.001831055, 240.15687561, 781.181030273, 400.704406738, 514.061584473, 464.062103271, 387.818939209, 302.405609131, 804.232299805, 476.630310059, 196.090087891, 207.287872314, 168.095703125, 106.334068298, 185.243041992, 411.523681641, 349.928741455, 165.197494507, 161.554855347, 120.704795837, 57.5014610291, 18.8263149261, 7.0095243454, 3.84260654449, 0.908103406429, 0.151255145669, 0.0142966276035],
        "mean": [0.105942808092, 0.980359077454, 3.10884213448, 5.93088722229, 12.6181631088, 10.1484823227, 11.7132434845, 13.8186988831, 9.41135311127, 10.2410268784, 18.8564281464, 12.2382726669, 22.8061389923, 26.289352417, 11.786980629, 21.9622783661, 16.6851902008, 23.4318695068, 20.049785614, 19.7367897034, 31.6060256958, 44.0517120361, 29.7284660339, 17.7811450958, 31.2237644196, 26.4511432648, 14.2363958359, 14.1789455414, 16.5584793091, 13.8136587143, 8.98548221588, 9.84758090973, 7.61666250229, 3.10678648949, 1.0330581665, 0.43756622076, 0.145328491926, 0.0229512900114, 0.0024945680052, 0.000234757331782],
        "median": [0.0265953801572, 0.270659387112, 1.33971381187, 3.56925439835, 5.51001644135, 5.45223093033, 6.10150098801, 9.20508098602, 6.14709043503, 5.46181964874, 6.55339574814, 5.06275367737, 7.23683977127, 6.44759845734, 5.26909780502, 7.74287605286, 7.8694152832, 7.38683462143, 9.6708612442, 14.1561632156, 26.0343952179, 36.0685310364, 23.3827285767, 14.4818000793, 26.4609699249, 21.0362586975, 11.3246231079, 9.42446708679, 9.04373168945, 6.71747922897, 4.26639413834, 4.01133346558, 3.14417600632, 1.20805203915, 0.335529476404, 0.123829551041, 0.026901461184, 0.00351343536749, 0.000236304927967, 5.10012941959e-05],
        "min": [8.09201298698e-22, 2.92809920914e-21, 9.53285508627e-21, 2.29410028747e-20, 5.44790780327e-20, 1.70831537303e-19, 5.2848739942e-19, 3.17375888599e-19, 4.64322792509e-19, 1.87708387019e-19, 1.30821653764e-18, 2.76019355022e-18, 2.57283900264e-18, 2.67929632029e-18, 1.91667529339e-18, 2.55485196022e-18, 5.97767198181e-18, 6.65909882094e-18, 5.86221576627e-18, 3.41064330259e-18, 6.6621341602e-18, 5.88017509814e-18, 8.11425634298e-18, 6.26250542189e-18, 8.49591086017e-18, 9.62668660986e-18, 1.03049689219e-17, 2.36854896598e-17, 2.42956941803e-17, 2.01621882869e-17, 1.68421036838e-17, 1.23724100828e-17, 1.53890649849e-17, 1.11918024915e-17, 9.94023852004e-18, 8.53686622666e-18, 4.27792542445e-18, 1.45083240141e-18, 3.65058146323e-19, 4.1490885156e-20],
        "var": [0.0482250116765, 5.99967193604, 32.022151947, 58.9478797913, 653.420227051, 308.048034668, 294.96661377, 298.920440674, 182.158966064, 343.707458496, 1012.41674805, 559.518798828, 2174.37280273, 5125.48681641, 484.637969971, 2474.6159668, 839.016845703, 2434.9128418, 1101.96838379, 700.256103516, 990.071594238, 2724.5625, 1252.95275879, 342.550872803, 884.477539062, 668.220336914, 193.70375061, 304.142791748, 684.970581055, 630.584472656, 204.447967529, 374.686920166, 191.097198486, 36.335483551, 3.7916469574, 0.707436144352, 0.109566301107, 0.0041676661931, 9.8111864645e-05, 7.99343069957e-07]
    },
    "gfcc": {
        "mean": [-8.14096355438, 72.9475708008, -130.325485229, 39.9812583923, -59.3479690552, 7.61100625992, -43.2767181396, 2.49818992615, -25.1496200562, -8.50630664825, -19.5800151825, -2.92701554298, -12.2217597961],
        "cov": [[17592.2148438, -4253.59277344, 4192.97412109, 1990.93908691, -344.394195557, 1540.61242676, -466.789520264, 1789.27978516, -358.59677124, 1320.56835938, 138.246932983, 504.702545166, 189.03704834], [-4253.59277344, 2278.11962891, -1463.31921387, -285.46472168, 259.840209961, -602.055603027, 387.411499023, -567.445068359, 216.309356689, -386.834686279, 59.7998809814, -131.822463989, 54.9570808411], [4192.97412109, -1463.31921387, 1738.84558105, 526.249572754, -15.8034191132, 415.58972168, -175.56300354, 540.765258789, -120.122390747, 435.184783936, -6.51204299927, 190.358230591, 44.0721282959], [1990.93908691, -285.46472168, 526.249572754, 599.697631836, 54.4145088196, 120.923316956, 25.6257076263, 184.756835938, 55.4485244751, 164.288009644, 46.8616256714, 84.9745407104, 70.5103759766], [-344.394195557, 259.840209961, -15.8034191132, 54.4145088196, 217.955688477, -88.5713119507, 109.650520325, -60.9128227234, 55.8616714478, -2.66154527664, 12.5979423523, 5.45468187332, 17.8016967773], [1540.61242676, -602.055603027, 415.58972168, 120.923316956, -88.5713119507, 353.182067871, -87.0772628784, 234.829376221, -83.0030288696, 141.540802002, 5.5044670105, 26.6391201019, -7.53110313416], [-466.789520264, 387.411499023, -175.56300354, 25.6257076263, 109.650520325, -87.0772628784, 227.43699646, -93.6657791138, 71.6653594971, -54.0634613037, 15.369925499, 2.15439844131, 18.022480011], [1789.27978516, -567.445068359, 540.765258789, 184.756835938, -60.9128227234, 234.829376221, -93.6657791138, 326.412719727, -48.3279953003, 179.450073242, 18.527961731, 50.5392074585, 19.3404445648], [-358.59677124, 216.309356689, -120.122390747, 55.4485244751, 55.8616714478, -83.0030288696, 71.6653594971, -48.3279953003, 120.94619751, -9.58617973328, 17.8448448181, -14.137178421, 8.50512981415], [1320.56835938, -386.834686279, 435.184783936, 164.288009644, -2.66154527664, 141.540802002, -54.0634613037, 179.450073242, -9.58617973328, 198.474975586, 26.3138542175, 47.3548049927, 4.42609739304], [138.246932983, 59.7998809814, -6.51204299927, 46.8616256714, 12.5979423523, 5.5044670105, 15.369925499, 18.527961731, 17.8448448181, 26.3138542175, 70.3204956055, 23.1608085632, 13.7837810516], [504.702545166, -131.822463989, 190.358230591, 84.9745407104, 5.45468187332, 26.6391201019, 2.15439844131, 50.5392074585, -14.137178421, 47.3548049927, 23.1608085632, 84.1405792236, 31.9782428741], [189.03704834, 54.9570808411, 44.0721282959, 70.5103759766, 17.8016967773, -7.53110313416, 18.022480011, 19.3404445648, 8.50512981415, 4.42609739304, 13.7837810516, 31.9782428741, 73.104927063]],
        "icov": [[0.00025848011137, 0.000182523173862, -8.64169633132e-05, -0.000474569125799, 0.000242624024395, -1.86544966709e-05, -0.000318396778312, -0.00036883019493, 0.000505504372995, -0.000497592962347, -0.000169587903656, 0.000131036023959, -0.000234735533013], [0.000182523173862, 0.0021799437236, 0.00104664626997, -0.000449933490017, -0.000633338175248, 0.00154266739264, -0.00172076257877, -6.36749828118e-05, 0.000765561999287, -0.000514733954333, -0.00158209749497, 0.00167291599791, -0.00204495270737], [-8.64169633132e-05, 0.00104664626997, 0.00312895118259, -0.000751748855691, -0.00133881706279, 0.000824516522698, -0.000252458819887, -0.00151234469377, 0.00129220879171, -0.0026172096841, 0.00213418854401, -0.00221279053949, -0.000277660874417], [-0.000474569125799, -0.000449933490017, -0.000751748855691, 0.0040891407989, -0.000571912445594, -0.000657540222164, 0.00034177058842, 0.000575227255467, -0.0032378709875, 0.000676661904436, -0.000495618791319, -0.00066364579834, -0.00137085048482], [0.000242624024395, -0.000633338175248, -0.00133881706279, -0.000571912445594, 0.00784437824041, 0.000843638728838, -0.00276598357596, 0.00105263944715, -0.000121464152471, -0.00185985513963, -0.000375389237888, 0.001147996285, -0.00051704084035], [-1.86544966709e-05, 0.00154266739264, 0.000824516522698, -0.000657540222164, 0.000843638728838, 0.0080868685618, -0.0021792082116, -0.00325640197843, 0.0038788006641, -0.00185437838081, -0.00140388216823, 0.00291982502677, -0.000299448583974], [-0.000318396778312, -0.00172076257877, -0.000252458819887, 0.00034177058842, -0.00276598357596, -0.0021792082116, 0.00904373731464, 0.00103753432631, -0.00392578123137, 0.00254242471419, 0.00116581935436, -0.00353175029159, 0.00151236518286], [-0.00036883019493, -6.36749828118e-05, -0.00151234469377, 0.000575227255467, 0.00105263944715, -0.00325640197843, 0.00103753432631, 0.0111783854663, -0.0011552630458, -0.00253966497257, -0.00170755304862, 0.00189286423847, -0.00266424845904], [0.000505504372995, 0.000765561999287, 0.00129220879171, -0.0032378709875, -0.000121464152471, 0.0038788006641, -0.00392578123137, -0.0011552630458, 0.016272097826, -0.00479999603704, -0.00209973985329, 0.00448289234191, -0.00100366945844], [-0.000497592962347, -0.000514733954333, -0.0026172096841, 0.000676661904436, -0.00185985513963, -0.00185437838081, 0.00254242471419, -0.00253966497257, -0.00479999603704, 0.0173605214804, -0.00429264642298, -0.00124273565598, 0.00376611039974], [-0.000169587903656, -0.00158209749497, 0.00213418854401, -0.000495618791319, -0.000375389237888, -0.00140388216823, 0.00116581935436, -0.00170755304862, -0.00209973985329, -0.00429264642298, 0.0215567722917, -0.00863060541451, 0.00114538846537], [0.000131036023959, 0.00167291599791, -0.00221279053949, -0.00066364579834, 0.001147996285, 0.00291982502677, -0.00353175029159, 0.00189286423847, 0.00448289234191, -0.00124273565598, -0.00863060541451, 0.0245134681463, -0.00877314433455], [-0.000234735533013, -0.00204495270737, -0.000277660874417, -0.00137085048482, -0.00051704084035, -0.000299448583974, 0.00151236518286, -0.00266424845904, -0.00100366945844, 0.00376611039974, 0.00114538846537, -0.00877314433455, 0.0212503317744]]
    },
    "melbands": {
        "dmean": [0.000955806171987, 0.00138723244891, 0.000761958304793, 0.000595768971834, 0.000226336152991, 0.000154345427291, 7.95524465502e-05, 7.59848990128e-05, 7.78162138886e-05, 4.16315560869e-05, 5.91917851125e-05, 5.48468779016e-05, 1.75393433892e-05, 3.18140409945e-05, 1.93496525753e-05, 2.44180355367e-05, 2.17063334276e-05, 1.67390153365e-05, 1.36778226079e-05, 1.30258722493e-05, 1.8211087081e-05, 1.92380775843e-05, 1.8227226974e-05, 8.91166200745e-06, 5.75356216359e-06, 8.03417424322e-06, 1.04910559457e-05, 6.45034151603e-06, 3.7923259697e-06, 5.09421124661e-06, 4.74147191198e-06, 4.84488600705e-06, 4.26381484431e-06, 3.24808797814e-06, 2.17543993131e-06, 2.33935861615e-06, 2.68369649348e-06, 2.39709811467e-06, 1.76837636445e-06, 9.30814451294e-07],
        "dmean2": [0.00158368749544, 0.00250663864426, 0.00128016772214, 0.00101582263596, 0.000371717382222, 0.000254925253103, 0.00013331824448, 0.000122825760627, 0.000119764226838, 6.54560353723e-05, 8.80605366547e-05, 7.97184329713e-05, 2.82949768007e-05, 4.88224686706e-05, 3.17365884257e-05, 3.85452294722e-05, 3.32896415784e-05, 2.61219029198e-05, 2.22647140617e-05, 2.13933108171e-05, 3.02404550894e-05, 3.23725216731e-05, 3.01759646391e-05, 1.47255104821e-05, 9.5362738648e-06, 1.35770942506e-05, 1.76075700438e-05, 1.09150032586e-05, 6.52622975394e-06, 9.08049696591e-06, 8.28440988698e-06, 8.02259546617e-06, 6.74042121318e-06, 4.97996006743e-06, 3.33000889441e-06, 3.59149703399e-06, 4.02608202421e-06, 3.58317947757e-06, 2.52169115811e-06, 1.36828953146e-06],
        "dvar": [5.33403454028e-06, 1.3008660062e-05, 2.23362167162e-06, 3.42079511029e-06, 1.72319317926e-07, 8.18457834839e-08, 3.60419001311e-08, 3.37492522817e-08, 2.56282142175e-08, 9.69098934434e-09, 2.29354704118e-08, 2.02838474905e-08, 1.82227488654e-09, 5.98878102664e-09, 1.64065239172e-09, 3.44825656917e-09, 2.69931699215e-09, 1.06106212705e-09, 8.50479908721e-10, 4.5716186392e-10, 7.77068798197e-10, 7.93361765172e-10, 9.22749099352e-10, 3.76670195035e-10, 9.91675352946e-11, 1.31789412716e-10, 2.36227315487e-10, 8.41506586635e-11, 3.18725809634e-11, 1.06891100138e-10, 8.74458769284e-11, 1.0122370997e-10, 9.29465879262e-11, 4.87228486723e-11, 1.88208580665e-11, 2.49666919083e-11, 4.70666769448e-11, 2.58660714375e-11, 1.84252682556e-11, 4.42858423544e-12],
        "dvar2": [1.34225283546e-05, 3.69761619368e-05, 5.86643955103e-06, 9.50106095843e-06, 4.5729507292e-07, 2.24536236715e-07, 9.87267583241e-08, 8.66772253971e-08, 5.55984449591e-08, 2.33518981929e-08, 5.00354744304e-08, 4.42522534172e-08, 4.46102488283e-09, 1.40450033825e-08, 4.16356149557e-09, 8.48078229865e-09, 5.86370996203e-09, 2.25985430369e-09, 2.20094964476e-09, 1.18489495993e-09, 2.0793560207e-09, 2.11535766681e-09, 2.26372764978e-09, 9.87278592213e-10, 2.68021743688e-10, 3.42759015615e-10, 6.59696242078e-10, 2.30918978383e-10, 8.6756567208e-11, 3.03870845153e-10, 2.46622028355e-10, 2.50143766811e-10, 2.18864260049e-10, 1.07932225657e-10, 4.55788115583e-11, 5.32878845216e-11, 9.42980277197e-11, 5.32151545052e-11, 3.17938314565e-11, 8.15871589038e-12],
        "max": [0.0186198540032, 0.0277515985072, 0.0147435199469, 0.0196860097349, 0.00549283949658, 0.00416001677513, 0.0028344206512, 0.00350948539563, 0.00249731959775, 0.00190997926984, 0.00379071198404, 0.0044204168953, 0.000967916799709, 0.00182975514326, 0.000800436886493, 0.00145916780457, 0.00115950731561, 0.000696826551575, 0.000452908861917, 0.000321134313708, 0.000458454276668, 0.000967315922026, 0.000783713359851, 0.000588140974287, 0.000177013833309, 0.000147550366819, 0.000196437365958, 9.84561047517e-05, 7.95772357378e-05, 0.000101300363895, 0.000111895715236, 0.000187911588, 0.00029981834814, 0.000204524563742, 0.000103430633317, 7.52218547859e-05, 0.000119417636597, 7.84972144174e-05, 9.38732118811e-05, 4.14399983129e-05],
        "mean": [0.00106028176378, 0.00155000761151, 0.00127866468392, 0.000843496411107, 0.000404394901125, 0.000306368718157, 0.000142118282383, 0.000124505619169, 0.000145109370351, 7.72410639911e-05, 0.000118359079352, 0.000115375303722, 2.98119866784e-05, 6.54103787383e-05, 3.54127187165e-05, 4.68279868073e-05, 4.07294573961e-05, 3.06273868773e-05, 2.66382921836e-05, 2.7867996323e-05, 3.89129490941e-05, 4.48171413154e-05, 4.01874822273e-05, 1.84795935638e-05, 1.28961091832e-05, 1.98824982363e-05, 2.60451142822e-05, 1.52214643094e-05, 8.60475029185e-06, 8.13050337456e-06, 8.15376824903e-06, 9.28620556806e-06, 8.93814376468e-06, 7.15470469004e-06, 4.90998581881e-06, 5.49416245121e-06, 6.19048478256e-06, 5.60902071811e-06, 4.17865157942e-06, 2.07648054129e-06],
        "median": [0.000262472312897, 0.000687212042976, 0.000786482938565, 0.000413851987105, 0.000233373852097, 0.00020858332573, 9.26960201468e-05, 6.07050315011e-05, 5.01658287249e-05, 2.74621797871e-05, 3.46854649251e-05, 2.45742085099e-05, 1.37262613862e-05, 1.80304286914e-05, 1.84983127838e-05, 1.51976009874e-05, 1.15630919026e-05, 1.37738170451e-05, 1.60614054039e-05, 2.15360723814e-05, 3.05050925817e-05, 3.64386396541e-05, 3.00593746942e-05, 1.33497169372e-05, 9.92780041997e-06, 1.65179008036e-05, 2.01325365197e-05, 1.17383460747e-05, 6.77021398587e-06, 5.686244549e-06, 5.00216992805e-06, 5.06542937728e-06, 4.36024674855e-06, 3.310488637e-06, 2.26469001063e-06, 2.35123229686e-06, 2.30534396906e-06, 2.26335373554e-06, 1.59493981755e-06, 7.84899668815e-07],
        "min": [6.17698283627e-24, 4.50184893138e-24, 5.7243880914e-24, 5.22585955373e-24, 1.83841935592e-23, 7.79702782314e-24, 6.31655717952e-24, 2.19969919116e-24, 1.42286399713e-23, 1.61991245824e-23, 1.3166650966e-23, 1.18206341695e-23, 5.51228863753e-24, 6.83633486896e-24, 8.08511509256e-24, 1.47812386131e-23, 1.15717501316e-23, 8.74906381775e-24, 6.86062389623e-24, 4.25899889057e-24, 8.2872914651e-24, 6.78478201994e-24, 5.05551292986e-24, 7.37875799397e-24, 4.80399172998e-24, 4.9530182046e-24, 7.154323911e-24, 6.26998243725e-24, 6.23972686052e-24, 6.97111727664e-24, 1.76307477754e-23, 1.32197507712e-23, 1.54963157801e-23, 9.18039087261e-24, 9.55895102153e-24, 9.76974648832e-24, 6.1046758457e-24, 1.04603697562e-23, 1.07080791801e-23, 8.99293858887e-24],
        "var": [5.47131094208e-06, 9.38989433052e-06, 2.94058349937e-06, 2.78964648714e-06, 3.0076580515e-07, 1.41147936006e-07, 4.28081925463e-08, 4.59620821402e-08, 6.07593548807e-08, 2.43272424427e-08, 5.85430655065e-08, 1.02246133338e-07, 3.8354204257e-09, 2.30169199256e-08, 3.82249210062e-09, 1.07537108107e-08, 8.47351699917e-09, 2.95805313577e-09, 1.5296974798e-09, 9.94706872426e-10, 1.70486624818e-09, 2.88122858905e-09, 2.41094055831e-09, 7.44912020956e-10, 2.09735173673e-10, 3.84273307619e-10, 7.14766967835e-10, 2.37905889433e-10, 7.1231381904e-11, 1.02370542598e-10, 1.12769932281e-10, 2.10857192817e-10, 2.64245403336e-10, 1.8847648442e-10, 6.26564841677e-11, 9.08417646661e-11, 1.71236247404e-10, 9.98249677364e-11, 7.29597493532e-11, 1.59019013235e-11]
    },
    "mfcc": {
        "mean": [-639.92388916, 92.7311630249, -6.63165950775, 22.4517841339, 7.37339067459, -1.02510261536, -5.08265829086, 1.70268416405, -2.5901350975, -6.00173950195, -7.20496797562, -3.18132972717, -3.99400472641],
        "cov": [[13066.1054688, -2477.41381836, 2731.8671875, 1552.38671875, 529.69744873, 623.692199707, 457.607879639, 470.597076416, 297.139831543, 952.719909668, 230.246002197, 413.978942871, 356.0519104], [-2477.41381836, 1244.16760254, -801.040039062, -124.935287476, -152.423400879, -117.201858521, -32.4575614929, -89.7296981812, -31.6146850586, -172.632415771, -39.1553382874, -65.2728652954, -54.7008628845], [2731.8671875, -801.040039062, 1036.90539551, 355.483642578, 189.485031128, 139.83253479, 91.5021820068, 105.985267639, 83.4786911011, 211.038909912, 35.8044166565, 117.350547791, 108.94140625], [1552.38671875, -124.935287476, 355.483642578, 575.731933594, 123.700645447, 117.628456116, 55.6018409729, 62.9828681946, 93.6160354614, 127.291526794, 31.8177661896, 79.13256073, 90.665184021], [529.69744873, -152.423400879, 189.485031128, 123.700645447, 155.076324463, 36.1671867371, 18.3695831299, 8.73764896393, 24.2012290955, 57.9402275085, 14.6335687637, 30.3813228607, 27.9879779816], [623.692199707, -117.201858521, 139.83253479, 117.628456116, 36.1671867371, 145.531921387, 55.8095207214, 33.2245521545, 31.9405422211, 55.5646514893, 28.9339542389, 23.0997962952, 14.9826154709], [457.607879639, -32.4575614929, 91.5021820068, 55.6018409729, 18.3695831299, 55.8095207214, 107.19783783, 50.2755699158, 22.2702102661, 39.8655128479, 11.7121686935, 21.7926101685, 17.0258026123], [470.597076416, -89.7296981812, 105.985267639, 62.9828681946, 8.73764896393, 33.2245521545, 50.2755699158, 92.0679168701, 27.8590145111, 36.8547554016, 3.21558594704, 12.5978755951, 22.30169487], [297.139831543, -31.6146850586, 83.4786911011, 93.6160354614, 24.2012290955, 31.9405422211, 22.2702102661, 27.8590145111, 88.3189544678, 46.8409423828, 8.78429985046, 17.0769767761, 13.5234899521], [952.719909668, -172.632415771, 211.038909912, 127.291526794, 57.9402275085, 55.5646514893, 39.8655128479, 36.8547554016, 46.8409423828, 145.087982178, 47.8046722412, 43.461151123, 29.9054431915], [230.246002197, -39.1553382874, 35.8044166565, 31.8177661896, 14.6335687637, 28.9339542389, 11.7121686935, 3.21558594704, 8.78429985046, 47.8046722412, 70.6204376221, 34.3332138062, 16.8932933807], [413.978942871, -65.2728652954, 117.350547791, 79.13256073, 30.3813228607, 23.0997962952, 21.7926101685, 12.5978755951, 17.0769767761, 43.461151123, 34.3332138062, 77.5176467896, 39.240020752], [356.0519104, -54.7008628845, 108.94140625, 90.665184021, 27.9879779816, 14.9826154709, 17.0258026123, 22.30169487, 13.5234899521, 29.9054431915, 16.8932933807, 39.240020752, 74.9052047729]],
