{
"lowlevel": {
    "average_loudness": 0.132193520665,
    "barkbands_crest": {
        "dmean": 1.87651753426,
        "dmean2": 2.90051698685,
        "dvar": 4.49466228485,
        "dvar2": 11.340880394,
        "max": 23.5644512177,
        "mean": 12.1403903961,
        "median": 11.5259666443,
        "min": 2.43923521042,
        "var": 21.63438797
    },
    "barkbands_flatness_db": {
        "dmean": 0.0241681393236,
        "dmean2": 0.0340431928635,
        "dvar": 0.000955625611823,
        "dvar2": 0.00168561819009,
        "max": 0.638649404049,
        "mean": 0.262941896915,
        "median": 0.231760233641,
        "min": 0.0232283473015,
        "var": 0.0213075131178
    },
    "barkbands_kurtosis": {
        "dmean": 5.3152756691,
        "dmean2": 8.20105457306,
        "dvar": 163.727600098,
        "dvar2": 368.718170166,
        "max": 361.133209229,
        "mean": 14.0510215759,
        "median": 3.40187978745,
        "min": -1.88263237476,
        "var": 648.529663086
    },
    "barkbands_skewness": {
        "dmean": 0.598617434502,
        "dmean2": 0.871988177299,
        "dvar": 0.609758019447,
        "dvar2": 1.35532295704,
        "max": 13.6479301453,
        "mean": 1.93892860413,
        "median": 1.39790189266,
        "min": -2.95675897598,
        "var": 3.56406807899
    },
    "barkbands_spread": {
        "dmean": 4.16893339157,
        "dmean2": 6.23438310623,
        "dvar": 53.7565727234,
        "dvar2": 111.74533844,
        "max": 95.8567657471,
        "mean": 16.5833148956,
        "median": 8.86320781708,
        "min": 0.234182715416,
        "var": 315.728363037
    },
    "dissonance": {
        "dmean": 0.0223815180361,
        "dmean2": 0.035069797188,
        "dvar": 0.000678574026097,
        "dvar2": 0.00152135326061,
        "max": 0.499915808439,
        "mean": 0.41251718998,
        "median": 0.435468554497,
        "min": 0.133712813258,
        "var": 0.00610905373469
    },
    "dynamic_complexity": 7.64476585388,
    "erbbands_crest": {
        "dmean": 2.34725022316,
        "dmean2": 3.69928073883,
        "dvar": 6.55405855179,
        "dvar2": 17.0668468475,
        "max": 26.3285808563,
        "mean": 11.8925514221,
        "median": 11.4537496567,
        "min": 2.72782492638,
        "var": 22.6287002563
    },
    "erbbands_flatness_db": {
        "dmean": 0.0189623236656,
        "dmean2": 0.0271061901003,
        "dvar": 0.000503720948473,
        "dvar2": 0.0009856056422,
        "max": 0.47522637248,
        "mean": 0.229842960835,
        "median": 0.214858531952,
        "min": 0.0578692145646,
        "var": 0.00866296608001
    },
    "erbbands_kurtosis": {
        "dmean": 3.01707148552,
        "dmean2": 4.3557472229,
        "dvar": 37.2560691833,
        "dvar2": 77.1477355957,
        "max": 136.460723877,
        "mean": 7.63780212402,
        "median": 1.76030778885,
        "min": -1.82692921162,
        "var": 221.704208374
    },
    "erbbands_skewness": {
        "dmean": 0.512459695339,
        "dmean2": 0.732540249825,
        "dvar": 0.468823045492,
        "dvar2": 0.926893234253,
        "max": 9.31393051147,
        "mean": 1.08159673214,
        "median": 0.848607420921,
        "min": -4.84509801865,
        "var": 3.602257967
    },
    "erbbands_spread": {
        "dmean": 7.77698993683,
        "dmean2": 11.7004938126,
        "dvar": 137.005615234,
        "dvar2": 308.875183105,
        "max": 134.753387451,
        "mean": 29.4225692749,
        "median": 25.1354694366,
        "min": 1.01179087162,
        "var": 501.318511963
    },
    "hfc": {
        "dmean": 3.68697476387,
        "dmean2": 5.45208597183,
        "dvar": 86.3177642822,
        "dvar2": 198.976715088,
        "max": 127.251991272,
        "mean": 10.9044437408,
        "median": 1.03564381599,
        "min": 1.13065915032e-16,
        "var": 433.085845947
    },
    "melbands_crest": {
        "dmean": 2.40651369095,
        "dmean2": 3.74311304092,
        "dvar": 7.42743873596,
        "dvar2": 18.5475482941,
        "max": 32.0895881653,
        "mean": 16.9096183777,
        "median": 16.6385307312,
        "min": 1.97560787201,
        "var": 27.9519309998
    },
    "melbands_flatness_db": {
        "dmean": 0.0290000345558,
        "dmean2": 0.0397664345801,
        "dvar": 0.00144909066148,
        "dvar2": 0.00246027507819,
        "max": 0.763803124428,
        "mean": 0.341055303812,
        "median": 0.309500277042,
        "min": 0.010296410881,
        "var": 0.0305865313858
    },
    "melbands_kurtosis": {
        "dmean": 10.3956308365,
        "dmean2": 16.0726146698,
        "dvar": 410.569458008,
        "dvar2": 990.103149414,
        "max": 420.230224609,
        "mean": 25.1881904602,
        "median": 10.8756065369,
        "min": -1.86618101597,
        "var": 1314.20178223
    },
    "melbands_skewness": {
        "dmean": 0.768547594547,
        "dmean2": 1.14030611515,
        "dvar": 1.02073335648,
        "dvar2": 2.35286664963,
        "max": 14.0389728546,
        "mean": 2.87912893295,
        "median": 2.42019677162,
        "min": -0.824158370495,
        "var": 4.55319738388
    },
    "melbands_spread": {
        "dmean": 6.39199924469,
        "dmean2": 9.06478500366,
        "dvar": 178.078063965,
        "dvar2": 303.705291748,
        "max": 261.317260742,
        "mean": 19.2584400177,
        "median": 8.81858348846,
        "min": 0.278081953526,
        "var": 798.344665527
    },
    "pitch_salience": {
        "dmean": 0.0519576892257,
        "dmean2": 0.0812173783779,
        "dvar": 0.00346392346546,
        "dvar2": 0.00872482825071,
        "max": 0.798111259937,
        "mean": 0.50955593586,
        "median": 0.513795375824,
        "min": 0.0662204623222,
        "var": 0.0137496450916
    },
    "silence_rate_20dB": {
        "dmean": 0,
        "dmean2": 0,
        "dvar": 0,
        "dvar2": 0,
        "max": 1,
        "mean": 1,
        "median": 1,
        "min": 1,
        "var": 0
    },
    "silence_rate_30dB": {
        "dmean": 0.000773993786424,
        "dmean2": 0.00154858687893,
        "dvar": 0.000773394072894,
        "dvar2": 0.00232047890313,
        "max": 1,
        "mean": 0.999613165855,
        "median": 1,
        "min": 0,
        "var": 0.000386704545235
    },
    "silence_rate_60dB": {
        "dmean": 0.0491486079991,
        "dmean2": 0.0983352661133,
        "dvar": 0.0467340797186,
        "dvar2": 0.100281462073,
        "max": 1,
        "mean": 0.565957427025,
        "median": 1,
        "min": 0,
        "var": 0.24565204978
    },
    "spectral_centroid": {
        "dmean": 191.083068848,
        "dmean2": 274.343414307,
        "dvar": 138334.484375,
        "dvar2": 205224.875,
        "max": 10743.3193359,
        "mean": 1008.11322021,
        "median": 661.925292969,
        "min": 104.718223572,
        "var": 840020.6875
    },
    "spectral_complexity": {
        "dmean": 1.98490715027,
        "dmean2": 2.9326364994,
        "dvar": 15.4173622131,
        "dvar2": 29.2065181732,
        "max": 58,
        "mean": 10.3953580856,
        "median": 4,
        "min": 0,
        "var": 164.680114746
    },
    "spectral_decrease": {
        "dmean": 9.15687636827e-10,
        "dmean2": 1.43932021857e-09,
        "dvar": 6.5507679392e-18,
        "dvar2": 1.67558899573e-17,
        "max": -1.22140864107e-28,
        "mean": -2.56892018768e-09,
        "median": -5.62982549468e-10,
        "min": -3.46251063377e-08,
        "var": 1.90074276082e-17
    },
    "spectral_energy": {
        "dmean": 0.00370733253658,
        "dmean2": 0.00578916957602,
        "dvar": 0.000104717852082,
        "dvar2": 0.00026613517548,
        "max": 0.138241291046,
        "mean": 0.0106847584248,
        "median": 0.00238595879637,
        "min": 1.07164035244e-20,
        "var": 0.000328488618834
    },
    "spectral_energyband_high": {
        "dmean": 0.000174269618583,
        "dmean2": 0.000265228853095,
        "dvar": 2.73876707979e-07,
        "dvar2": 6.5263856186e-07,
        "max": 0.00776831340045,
        "mean": 0.000443722790806,
        "median": 1.03583752207e-05,
        "min": 7.92844539196e-21,
        "var": 9.98096879812e-07
    },
    "spectral_energyband_low": {
        "dmean": 0.00178357597906,
        "dmean2": 0.00291240517981,
        "dvar": 4.01184188377e-05,
        "dvar2": 0.00010520714568,
        "max": 0.0821732357144,
        "mean": 0.00371644855477,
        "median": 0.000531040190253,
        "min": 9.18083137254e-23,
        "var": 7.2281138273e-05
    },
    "spectral_energyband_middle_high": {
        "dmean": 0.00141465081833,
        "dmean2": 0.00210586492904,
        "dvar": 1.42136805152e-05,
        "dvar2": 3.25659239024e-05,
        "max": 0.0441273786128,
        "mean": 0.00316594191827,
        "median": 0.000135506008519,
        "min": 1.67907253909e-21,
        "var": 4.58712311229e-05
    },
    "spectral_energyband_middle_low": {
        "dmean": 0.00194495951291,
        "dmean2": 0.00315784523264,
        "dvar": 2.80504445982e-05,
        "dvar2": 7.45339857531e-05,
        "max": 0.0590414851904,
        "mean": 0.00376110640354,
        "median": 0.00144272600301,
        "min": 2.03187622799e-22,
        "var": 3.85989333154e-05
    },
    "spectral_entropy": {
        "dmean": 0.234929442406,
        "dmean2": 0.331009447575,
        "dvar": 0.11637660116,
        "dvar2": 0.220061033964,
        "max": 9.79743003845,
        "mean": 6.43968057632,
        "median": 6.59547519684,
        "min": 3.52341485023,
        "var": 1.61450278759
    },
    "spectral_flux": {
        "dmean": 0.0126291858032,
        "dmean2": 0.0192975606769,
        "dvar": 0.000478626956465,
        "dvar2": 0.000964828184806,
        "max": 0.320748507977,
        "mean": 0.0400933623314,
        "median": 0.016704659909,
        "min": 1.03520060579e-10,
        "var": 0.00279803504236
    },
    "spectral_kurtosis": {
        "dmean": 6.68606138229,
        "dmean2": 10.6610012054,
        "dvar": 146.736984253,
        "dvar2": 331.093811035,
        "max": 193.450973511,
        "mean": 21.0323867798,
        "median": 7.3134021759,
        "min": -1.14100837708,
        "var": 1120.40881348
    },
    "spectral_rms": {
        "dmean": 0.00037987716496,
        "dmean2": 0.000569400493987,
        "dvar": 5.28399084487e-07,
        "dvar2": 1.25777694393e-06,
        "max": 0.0116133354604,
        "mean": 0.00245490530506,
        "median": 0.00152570137288,
        "min": 3.23342351158e-12,
        "var": 4.39759014625e-06
    },
    "spectral_rolloff": {
        "dmean": 361.114746094,
        "dmean2": 572.184936523,
        "dvar": 877416.625,
        "dvar2": 1488804.5,
        "max": 18087.890625,
        "mean": 1240.92883301,
        "median": 430.6640625,
        "min": 107.666015625,
        "var": 2912683.5
    },
    "spectral_skewness": {
        "dmean": 0.536990582943,
        "dmean2": 0.822353541851,
        "dvar": 0.556987404823,
        "dvar2": 1.18771696091,
        "max": 11.624045372,
        "mean": 2.90029931068,
        "median": 2.02798748016,
        "min": -0.323947787285,
        "var": 5.22898340225
    },
    "spectral_spread": {
        "dmean": 547624.875,
        "dmean2": 784503.5,
        "dvar": 990899077120,
        "dvar2": 1.41660507341e+12,
        "max": 39329576,
        "mean": 3741452,
        "median": 3646854.5,
        "min": 511413.78125,
        "var": 4.13289388442e+12
    },
    "spectral_strongpeak": {
        "dmean": 0.261715710163,
        "dmean2": 0.459519773722,
        "dvar": 0.515150427818,
        "dvar2": 1.38352787495,
        "max": 8.96666812897,
        "mean": 0.45192617178,
        "median": 0.2219068259,
        "min": 3.38137717826e-09,
        "var": 0.550258338451
    },
    "zerocrossingrate": {
        "dmean": 0.00876808725297,
        "dmean2": 0.00961685366929,
        "dvar": 0.000303372275084,
        "dvar2": 0.000297895836411,
        "max": 0.474609375,
        "mean": 0.0463532842696,
        "median": 0.03125,
        "min": 0.00390625,
        "var": 0.00251104542986
    },
    "barkbands": {
        "dmean": [1.04461978481e-05, 0.00109863234684, 0.000799824949354, 0.00054850516608, 0.0006992755807, 0.000412330089603, 0.000208964731428, 0.000253389531281, 0.000466574449092, 0.000245772680501, 0.00021727004787, 0.000277603045106, 0.000299700361211, 0.000238376160269, 0.000362715567462, 0.000272064440651, 0.000185649580089, 0.00010299852147, 0.000136967530125, 8.69368523126e-05, 5.05576608703e-05, 3.72360664187e-05, 2.63976526185e-05, 3.15175275318e-05, 2.59804110101e-05, 2.423087426e-05, 1.06771972241e-06],
        "dmean2": [1.69934119185e-05, 0.00180417031515, 0.00134132569656, 0.000926589942537, 0.0011432581814, 0.000702763616573, 0.000333887175657, 0.000405939557822, 0.000765009783208, 0.000399051001295, 0.000334588898113, 0.000447273312602, 0.000469066435471, 0.000390094850445, 0.000556300918106, 0.000440316274762, 0.000299887586152, 0.000171878564288, 0.000217789056478, 0.000138036120916, 8.37643019622e-05, 6.00183921051e-05, 4.04525271733e-05, 4.77842841065e-05, 3.92182882933e-05, 3.74820410798e-05, 1.77599974904e-06],
        "dvar": [2.29832153309e-09, 1.58502298291e-05, 8.11907193565e-06, 4.01540364692e-06, 3.64607262782e-06, 4.78268975712e-06, 8.00007967428e-07, 8.95275832136e-07, 3.29663657794e-06, 8.68203585469e-07, 5.88584384786e-07, 1.35453603889e-06, 1.45755268477e-06, 7.32120156499e-07, 2.1838388875e-06, 6.78111518937e-07, 3.08385324388e-07, 1.13880538777e-07, 1.53542146109e-07, 6.57444019225e-08, 3.09130179232e-08, 1.31085711175e-08, 5.81506753861e-09, 1.33025430671e-08, 8.33175484161e-09, 6.36739150295e-09, 1.35864939091e-11],
        "dvar2": [5.66611024766e-09, 4.23934616265e-05, 2.20576603169e-05, 1.15338343676e-05, 9.90041007753e-06, 1.28874926304e-05, 2.09953532249e-06, 2.20206561607e-06, 8.39966469357e-06, 2.13687098949e-06, 1.39103678976e-06, 3.4478903217e-06, 3.64097445527e-06, 2.02293222173e-06, 5.05436037201e-06, 1.70140049249e-06, 7.62370916618e-07, 3.13330673407e-07, 3.68375822291e-07, 1.65442926914e-07, 8.37988665126e-08, 3.26865254863e-08, 1.35677895585e-08, 3.12268859659e-08, 1.90787474708e-08, 1.54350665582e-08, 3.63592940478e-11],
        "max": [0.000695310591254, 0.0480630546808, 0.044955432415, 0.0328910648823, 0.0304516013712, 0.0478154011071, 0.0202263332903, 0.0183341670781, 0.0232395660132, 0.0160900931805, 0.0168055035174, 0.0205269772559, 0.0187542811036, 0.0172403063625, 0.0251875855029, 0.00901328213513, 0.0105143990368, 0.00481746671721, 0.00783649552613, 0.00423964112997, 0.00376536371186, 0.00168060010765, 0.00158901733812, 0.00217854278162, 0.00199900683947, 0.00127476360649, 4.86484059365e-05],
        "mean": [1.24781699924e-05, 0.00203762552701, 0.00133826269303, 0.000784804695286, 0.00126154569443, 0.000432678498328, 0.000261114852037, 0.000385046674637, 0.000493512081448, 0.000288321607513, 0.000278587132925, 0.000330043956637, 0.000348126253812, 0.000291466043564, 0.0004409456742, 0.000384041981306, 0.000284473615466, 0.000186407007277, 0.000294334779028, 0.000166229656315, 9.09640002646e-05, 7.55516666686e-05, 5.84240733588e-05, 6.34645039099e-05, 5.48088064534e-05, 4.02504156227e-05, 1.26318980165e-06],
        "median": [5.09769932933e-08, 0.000153325629071, 0.000289341405733, 0.000117436924484, 0.00061453867238, 5.44533722859e-05, 3.53896793968e-05, 1.19089681903e-05, 1.68963597389e-05, 1.48012541104e-05, 1.74615240667e-06, 1.32326590574e-06, 6.93708102517e-07, 5.94728317083e-06, 5.16229465575e-06, 1.54294029926e-05, 1.05456347228e-05, 1.59851663284e-06, 3.23512313116e-06, 2.68285975835e-06, 1.28507656427e-06, 5.20733408393e-07, 8.45312115416e-07, 8.49314972129e-07, 8.08082404546e-07, 3.43120234447e-07, 5.67727953538e-09],
        "min": [2.57084199654e-23, 5.42995301604e-23, 1.4958146982e-23, 1.7202934307e-24, 5.65786881551e-23, 3.70152500946e-23, 1.1621043683e-23, 1.04096128678e-23, 7.81425291655e-23, 1.02629440618e-22, 1.3562049982e-22, 1.14071874359e-22, 1.48357359643e-22, 1.74333766702e-22, 1.40740863427e-22, 6.36756153355e-23, 1.39012122085e-22, 2.92546883134e-22, 2.24110586899e-22, 3.60256543812e-22, 5.33032783543e-22, 6.13248199354e-22, 6.16353660748e-22, 9.86275555563e-22, 1.23508586965e-21, 1.70254833281e-21, 2.36439622043e-21],
        "var": [3.00291191913e-09, 2.64702848654e-05, 1.05646513475e-05, 4.06351045967e-06, 3.98138263336e-06, 3.56977125193e-06, 7.14692419024e-07, 1.40394308801e-06, 3.59032014785e-06, 9.79857759376e-07, 8.84684027369e-07, 1.77210324637e-06, 1.80555366569e-06, 9.19390402032e-07, 3.2336838558e-06, 1.17097499697e-06, 6.15966541773e-07, 2.31642914628e-07, 6.75544299611e-07, 1.73573482698e-07, 5.67326665646e-08, 3.43518351542e-08, 1.829515206e-08, 3.02674756369e-08, 2.32542607392e-08, 1.32029231992e-08, 1.84858083702e-11]
    },
    "erbbands": {
        "dmean": [0.0170058812946, 0.298231363297, 0.903151273727, 1.28558385372, 2.15650963783, 2.206138134, 3.04383516312, 4.06900548935, 3.3654127121, 3.89108562469, 5.33536481857, 10.3736991882, 11.1383810043, 4.9592089653, 10.35597229, 9.92823505402, 11.3117294312, 13.3362865448, 16.3829231262, 14.9338521957, 15.5034828186, 9.6081199646, 5.63568258286, 6.41238546371, 6.34423732758, 3.69479203224, 2.27033376694, 1.88426280022, 1.3350455761, 0.953326225281, 0.791684150696, 0.646323382854, 0.530366063118, 0.302674055099, 0.186646655202, 0.115682192147, 0.0428208522499, 0.0064694378525, 0.000127841893118, 7.3190594776e-06],
        "dmean2": [0.0285867359489, 0.493519484997, 1.51092433929, 2.17466759682, 3.49084568024, 3.60068798065, 5.24867010117, 7.04443120956, 5.62731027603, 6.19231414795, 8.50439453125, 17.3681297302, 17.7167339325, 8.05760955811, 15.7519693375, 15.6483345032, 17.7710952759, 21.1783294678, 25.5926189423, 23.361530304, 25.2239456177, 15.4851808548, 9.35706615448, 10.1789636612, 10.0523281097, 5.85331773758, 3.80927658081, 3.11041903496, 2.16677379608, 1.49094355106, 1.18939733505, 0.985742330551, 0.820048987865, 0.453598827124, 0.285706430674, 0.179102838039, 0.0658689066768, 0.0101895900443, 0.000202037379495, 1.1120752788e-05],
        "dvar": [0.00648725498468, 1.1039301157, 10.1598758698, 20.5955467224, 35.5482711792, 44.8542480469, 183.097915649, 595.984008789, 272.141082764, 159.966445923, 380.793792725, 1680.02416992, 1918.8359375, 360.238098145, 1110.99926758, 2005.02075195, 1949.01086426, 2683.07128906, 3982.01269531, 3603.22631836, 2281.10009766, 884.113220215, 344.654541016, 403.820861816, 311.42880249, 112.587982178, 64.0577011108, 37.689655304, 18.051525116, 7.46227836609, 5.53724193573, 4.16541719437, 4.97454452515, 1.26275324821, 0.399981319904, 0.149794891477, 0.0199338253587, 0.000466448924271, 1.7670043917e-07, 3.61686514072e-10],
        "dvar2": [0.0163283310831, 3.00729823112, 28.0506763458, 57.6382598877, 100.010269165, 120.263328552, 511.999694824, 1666.53076172, 722.644165039, 403.04498291, 1000.42816162, 4373.85644531, 4580.84277344, 937.110656738, 2422.35839844, 5121.84570312, 4645.74707031, 6877.96582031, 9851.40332031, 8211.40527344, 5938.45703125, 2140.87280273, 935.942199707, 1017.73284912, 757.513183594, 282.332183838, 178.258422852, 98.5265579224, 46.1577377319, 17.7351646423, 12.5708141327, 9.42812538147, 12.3449907303, 2.76473879814, 0.951049089432, 0.374284207821, 0.0478299483657, 0.00109850824811, 4.17184793378e-07, 8.23589196841e-10],
        "max": [1.01282274723, 12.2163295746, 49.2109336853, 63.2005195618, 96.7559585571, 110.535072327, 192.220199585, 554.347290039, 350.760559082, 243.973815918, 303.659332275, 498.150512695, 864.081176758, 436.882781982, 696.506164551, 919.718994141, 723.378845215, 1131.71594238, 1063.1574707, 1522.62219238, 625.412109375, 611.903930664, 287.83102417, 439.901031494, 353.707092285, 181.033782959, 170.018386841, 104.776779175, 60.5415382385, 43.7346229553, 55.4495544434, 44.5207099915, 47.7470550537, 24.1204566956, 11.8647470474, 5.9604139328, 2.33386063576, 0.390234619379, 0.00682273553684, 0.000286963651888],
        "mean": [0.0238482877612, 0.566312134266, 1.71842038631, 1.98057889938, 3.94505476952, 3.64826631546, 3.62929153442, 3.96457409859, 4.08416509628, 6.10930490494, 7.36474084854, 10.9211597443, 12.3287248611, 6.80357456207, 15.4672193527, 12.21925354, 14.14848423, 16.7736721039, 20.7186660767, 19.6366882324, 22.8440895081, 15.3757133484, 10.4386835098, 12.558713913, 14.2316598892, 7.64400243759, 4.02658987045, 3.49377012253, 2.67778563499, 2.10441684723, 1.70406365395, 1.36771905422, 1.02297437191, 0.643402278423, 0.369511365891, 0.190594732761, 0.0703201666474, 0.00995174329728, 0.000205283242394, 2.06525273825e-05],
        "median": [0.000885822053533, 0.0503631830215, 0.346885830164, 0.383382260799, 1.78552269936, 1.65771007538, 0.807977497578, 0.365906953812, 0.568455457687, 0.399556130171, 0.390994250774, 0.406228542328, 0.587978839874, 0.225441262126, 0.0765282660723, 0.054650504142, 0.0480449423194, 0.186472609639, 0.394798219204, 0.562740623951, 0.993840932846, 0.573466718197, 0.149649307132, 0.159528687596, 0.14828979969, 0.14383739233, 0.0849970728159, 0.0332271717489, 0.0181103218347, 0.0223614033312, 0.0256207752973, 0.0242579225451, 0.0110179279, 0.00977319478989, 0.00448873592541, 0.00163831224199, 0.000522688962519, 7.63847638154e-05, 3.58029615199e-06, 3.13700206789e-06],
        "min": [2.77446010389e-21, 7.79610618748e-21, 1.87455201896e-20, 1.02220209367e-20, 4.55262566938e-20, 1.989655009e-19, 4.27154491509e-19, 2.33318570233e-19, 2.36698404366e-19, 1.41454696062e-19, 3.09009292745e-19, 2.02226965487e-18, 1.53330933952e-18, 5.43984990088e-18, 5.87402997337e-18, 4.76092941901e-18, 6.66661789271e-18, 8.14670332969e-18, 8.10611440421e-18, 5.0541120066e-18, 5.15915401822e-18, 7.86460909821e-18, 1.46468672541e-17, 1.27687197589e-17, 1.28658671588e-17, 1.56250132916e-17, 2.02011551112e-17, 2.49220948971e-17, 1.98596966087e-17, 1.93490052247e-17, 1.69897372252e-17, 2.0313401866e-17, 1.59234203519e-17, 1.53058473066e-17, 8.23041566204e-18, 5.9507757906e-18, 2.84716497419e-18, 1.3544935706e-18, 3.30221538222e-19, 3.29940277427e-20],
        "var": [0.00695884227753, 1.92370307446, 15.5090942383, 23.33618927, 44.2352180481, 42.5246391296, 139.425384521, 396.337738037, 217.791992188, 285.616394043, 460.451934814, 1736.64331055, 2071.54638672, 499.943145752, 2338.82006836, 2402.81152344, 2654.234375, 3394.45458984, 5428.69726562, 5396.05126953, 3983.32495117, 1668.31542969, 703.750488281, 1087.54321289, 1330.80773926, 347.001861572, 103.001487732, 82.7630615234, 43.5732307434, 24.4943008423, 16.7130870819, 12.1091117859, 8.88189411163, 3.58828306198, 1.01576673985, 0.292635291815, 0.0404334105551, 0.000904013169929, 3.57451710897e-07, 1.48016587875e-09]
    },
    "gfcc": {
        "mean": [-178.436950684, 122.579315186, -82.7128067017, 38.6391639709, -38.9592857361, -1.67734730244, -41.4872283936, 4.40551137924, -26.4454174042, -10.0661430359, -27.8862056732, -12.5222358704, -3.16026043892],
        "cov": [[30437.1796875, -8628.23046875, -5814.97119141, -276.69519043, -2201.31738281, 2102.00073242, -869.034423828, 1708.37402344, -194.735717773, 1769.40075684, 389.665771484, 1634.69006348, -2215.35620117], [-8628.23046875, 4086.13500977, 866.633605957, -443.850616455, 953.532897949, -906.528442383, 521.503540039, -540.251831055, 273.718811035, -626.512878418, -67.8963241577, -539.271789551, 808.663330078], [-5814.97119141, 866.633605957, 2896.64013672, 370.66595459, 100.790374756, -58.5699386597, 8.11284923553, -314.216125488, -267.889221191, -315.663299561, 13.6536121368, -200.644607544, 219.798309326], [-276.69519043, -443.850616455, 370.66595459, 615.055603027, 119.303474426, 43.2212295532, -15.9625396729, -51.7445030212, -89.5221481323, 53.7331008911, 13.276974678, -7.8581571579, 41.4360046387], [-2201.31738281, 953.532897949, 100.790374756, 119.303474426, 724.180236816, -174.204025269, 149.233078003, -165.723968506, 96.548614502, -86.0034408569, -69.0462341309, -135.036239624, 315.793243408], [2102.00073242, -906.528442383, -58.5699386597, 43.2212295532, -174.204025269, 463.219085693, 33.4808502197, 103.084762573, -126.611068726, 149.767303467, 67.6039047241, 137.824478149, -226.711486816], [-869.034423828, 521.503540039, 8.11284923553, -15.9625396729, 149.233078003, 33.4808502197, 508.558135986, -62.1184463501, -90.5853500366, -69.1431503296, 57.9937171936, -48.6894989014, 91.7882232666], [1708.37402344, -540.251831055, -314.216125488, -51.7445030212, -165.723968506, 103.084762573, -62.1184463501, 237.562667847, 24.4881057739, 75.9125747681, 12.9998350143, 91.4108352661, -138.06237793], [-194.735717773, 273.718811035, -267.889221191, -89.5221481323, 96.548614502, -126.611068726, -90.5853500366, 24.4881057739, 239.574356079, -8.76961708069, -63.5565452576, -28.6787891388, 58.984500885], [1769.40075684, -626.512878418, -315.663299561, 53.7331008911, -86.0034408569, 149.767303467, -69.1431503296, 75.9125747681, -8.76961708069, 237.38269043, 43.2461700439, 85.8019943237, -140.418304443], [389.665771484, -67.8963241577, 13.6536121368, 13.276974678, -69.0462341309, 67.6039047241, 57.9937171936, 12.9998350143, -63.5565452576, 43.2461700439, 139.087905884, 36.5984611511, -87.8993453979], [1634.69006348, -539.271789551, -200.644607544, -7.8581571579, -135.036239624, 137.824478149, -48.6894989014, 91.4108352661, -28.6787891388, 85.8019943237, 36.5984611511, 177.577453613, -129.812774658], [-2215.35620117, 808.663330078, 219.798309326, 41.4360046387, 315.793243408, -226.711486816, 91.7882232666, -138.06237793, 58.984500885, -140.418304443, -87.8993453979, -129.812774658, 328.938903809]],
        "icov": [[0.000302565807942, -5.35457766091e-05, 0.000430214277003, -0.000149274215801, 0.000176235247636, -0.000450949330116, 0.000247554271482, -0.000599972030614, 0.000397191528464, -0.000584487046581, 0.000272803648841, -0.00097609590739, 0.000466772995424], [-5.35457766091e-05, 0.00357627542689, -0.000753844215069, 0.00293730339035, -0.0019250762416, 0.00297096278518, -0.00203078333288, 0.00249415170401, -0.00275735254399, 0.00277456268668, -0.00410732766613, 0.00272823078558, -0.00185154750943], [0.000430214277003, -0.000753844215069, 0.00134829781018, -0.00105499522761, 0.000713947985787, -0.00150734442286, 0.0010826534126, -0.000883215398062, 0.00158865912817, -0.000487881130539, 0.000843528134283, -0.00144309957977, 0.000748280086555], [-0.000149274215801, 0.00293730339035, -0.00105499522761, 0.00457821134478, -0.00210938905366, 0.00259468797594, -0.00148864032235, 0.00213568587787, -0.00157246412709, 0.00137088901829, -0.00346299540251, 0.00247483397834, -0.00205451180227], [0.000176235247636, -0.0019250762416, 0.000713947985787, -0.00210938905366, 0.00395409576595, -0.0022916609887, 0.000737013353501, -0.000846252427436, 0.000509707489982, -0.00216582650319, 0.00203135237098, -0.00159446545877, -0.00133057776839], [-0.000450949330116, 0.00297096278518, -0.00150734442286, 0.00259468797594, -0.0022916609887, 0.0076650204137, -0.0029543756973, 0.00228097080253, -0.001352511812, 0.0013728995109, -0.00244060740806, 0.00192554737441, 0.000540522392839], [0.000247554271482, -0.00203078333288, 0.0010826534126, -0.00148864032235, 0.000737013353501, -0.0029543756973, 0.00438019866124, -0.00183761049993, 0.00310372724198, -0.000877931597643, 0.000598062877543, -0.00145668722689, 4.01040197175e-05], [-0.000599972030614, 0.00249415170401, -0.000883215398062, 0.00213568587787, -0.000846252427436, 0.00228097080253, -0.00183761049993, 0.00973153673112, -0.00382181815803, 0.00315265101381, -0.00261936709285, 0.00216665724292, -0.000683152698912], [0.000397191528464, -0.00275735254399, 0.00158865912817, -0.00157246412709, 0.000509707489982, -0.001352511812, 0.00310372724198, -0.00382181815803, 0.00988002493978, -0.00307011115365, 0.00485503347591, -0.00258667301387, 0.00189286982641], [-0.000584487046581, 0.00277456268668, -0.000487881130539, 0.00137088901829, -0.00216582650319, 0.0013728995109, -0.000877931597643, 0.00315265101381, -0.00307011115365, 0.0111901834607, -0.00495968386531, 0.00336048239842, -0.000682117708493], [0.000272803648841, -0.00410732766613, 0.000843528134283, -0.00346299540251, 0.00203135237098, -0.00244060740806, 0.000598062877543, -0.00261936709285, 0.00485503347591, -0.00495968386531, 0.0158359147608, -0.00471796048805, 0.00629074219614], [-0.00097609590739, 0.00272823078558, -0.00144309957977, 0.00247483397834, -0.00159446545877, 0.00192554737441, -0.00145668722689, 0.00216665724292, -0.00258667301387, 0.00336048239842, -0.00471796048805, 0.0145826544613, -0.00206213048659], [0.000466772995424, -0.00185154750943, 0.000748280086555, -0.00205451180227, -0.00133057776839, 0.000540522392839, 4.01040197175e-05, -0.000683152698912, 0.00189286982641, -0.000682117708493, 0.00629074219614, -0.00206213048659, 0.0120829977095]]
    },
    "melbands": {
        "dmean": [0.000226751290029, 0.000442515069153, 0.000249431817792, 0.000140192758408, 0.000111789457151, 8.72652744874e-05, 4.96939755976e-05, 4.67075005872e-05, 4.39301948063e-05, 7.1375616244e-05, 5.58685460419e-05, 2.00101294467e-05, 3.10920804623e-05, 3.46953565895e-05, 2.14524934563e-05, 3.17850208376e-05, 2.4771259632e-05, 2.57290321315e-05, 2.69677766482e-05, 1.85658063856e-05, 1.82957373909e-05, 1.17538793347e-05, 5.75736885366e-06, 5.43072928849e-06, 5.77419723413e-06, 5.62307104701e-06, 4.14044416175e-06, 2.2576880383e-06, 1.53110818246e-06, 1.38498023716e-06, 1.08912820451e-06, 8.40843711103e-07, 7.56051292683e-07, 5.03404066876e-07, 4.94981463817e-07, 4.28940495567e-07, 4.50977012179e-07, 4.05440232498e-07, 3.48618556245e-07, 2.58720291413e-07],
        "dmean2": [0.000374306866433, 0.000744374061469, 0.000419042538851, 0.000224800314754, 0.00019237108063, 0.000149906773004, 8.24930684757e-05, 7.39262104617e-05, 7.17161310604e-05, 0.000118557079986, 8.92959578778e-05, 3.24851098412e-05, 4.7200210247e-05, 5.53597637918e-05, 3.48188477801e-05, 5.03835763084e-05, 3.95099159505e-05, 4.05641185353e-05, 4.15639296989e-05, 3.01268391922e-05, 3.01683794532e-05, 1.92699571926e-05, 9.33303999773e-06, 8.99507722352e-06, 9.27499513637e-06, 9.0218418336e-06, 6.44530382488e-06, 3.67174448002e-06, 2.57582769336e-06, 2.32222123486e-06, 1.8198232965e-06, 1.39202722949e-06, 1.19682158584e-06, 8.00701229764e-07, 7.45769852983e-07, 6.67546032673e-07, 6.95056201039e-07, 6.4183871018e-07, 5.45442162547e-07, 3.91505352582e-07],
        "dvar": [8.17187242319e-07, 2.34880758399e-06, 7.05581271632e-07, 9.64123287872e-08, 2.34598672932e-07, 2.52420903735e-07, 5.45756471126e-08, 2.48342040265e-08, 2.64596700106e-08, 8.21414900543e-08, 4.81119037943e-08, 6.44534825511e-09, 1.13016120906e-08, 2.09501802573e-08, 8.32604563072e-09, 1.79877250872e-08, 8.87408280192e-09, 9.05697827847e-09, 1.3641630936e-08, 3.54969231786e-09, 3.18508419639e-09, 1.27506327718e-09, 4.16762624411e-10, 2.87768919804e-10, 3.48681639117e-10, 2.96040275627e-10, 1.63219576743e-10, 4.4480179956e-11, 2.94082189156e-11, 2.61672714746e-11, 1.22940295097e-11, 7.95227425576e-12, 4.95275218407e-12, 2.00490579e-12, 2.22536832711e-12, 1.65194464011e-12, 2.06793241385e-12, 2.5563507474e-12, 2.08527054131e-12, 8.5922263228e-13],
        "dvar2": [2.10930420508e-06, 6.44614465273e-06, 1.9919832539e-06, 2.61339152985e-07, 6.50895231047e-07, 6.98232213381e-07, 1.44758075749e-07, 6.09050445632e-08, 7.08972009988e-08, 2.10672482126e-07, 1.14485480651e-07, 1.66282863034e-08, 2.54521133058e-08, 5.13729823126e-08, 1.91455171716e-08, 4.73668784196e-08, 2.28501004784e-08, 2.28524399404e-08, 2.9774765764e-08, 8.85791706651e-09, 8.38957880944e-09, 3.12959236304e-09, 1.09854636499e-09, 7.96679833215e-10, 8.77866279669e-10, 7.2174738408e-10, 3.89894477815e-10, 1.16135975836e-10, 8.22986748195e-11, 7.12377518086e-11, 3.27624490037e-11, 2.09970929532e-11, 1.20543288892e-11, 4.85334949313e-12, 5.11094595465e-12, 3.78499662168e-12, 5.0416003837e-12, 6.38027478073e-12, 5.05536021031e-12, 1.93784354882e-12],
        "max": [0.0111923376098, 0.0201482456177, 0.0131032848731, 0.00402640830725, 0.00708624068648, 0.0112628070638, 0.00483007449657, 0.00325699476525, 0.00284707779065, 0.00343921850435, 0.00417229207233, 0.00208084587939, 0.00253119459376, 0.00249183829874, 0.00138650764711, 0.00213926006109, 0.00191417895257, 0.00151522574015, 0.00218491326086, 0.000839257263578, 0.000786723918281, 0.000620643375441, 0.000320730759995, 0.000208870696952, 0.000407059269492, 0.000390634028008, 0.000245041796006, 0.000101855912362, 0.000124176993268, 0.000102089899883, 5.77531536692e-05, 4.26262959081e-05, 4.09791027778e-05, 2.26018837566e-05, 3.37265591952e-05, 2.38609700318e-05, 3.16012337862e-05, 3.14205208269e-05, 2.83425379166e-05, 2.20267156692e-05],
        "mean": [0.000389973429265, 0.000898355559912, 0.000422870711191, 0.000278318097116, 0.000139693540405, 8.71045340318e-05, 5.9751477238e-05, 7.47558151488e-05, 5.79892366659e-05, 7.35828507459e-05, 6.09071103099e-05, 2.55115610344e-05, 4.43266580987e-05, 4.32849374192e-05, 2.64368100034e-05, 3.53431933036e-05, 3.00871070067e-05, 3.0623312341e-05, 3.32026211254e-05, 2.49567874562e-05, 2.65324997599e-05, 1.76242210728e-05, 8.85959434527e-06, 9.61286605161e-06, 1.00204670161e-05, 1.19299365906e-05, 8.44292753754e-06, 4.16097100242e-06, 2.43180511461e-06, 2.36506889451e-06, 1.87023385934e-06, 1.47047023802e-06, 1.46577110627e-06, 1.03769059479e-06, 9.824927929e-07, 8.661640436e-07, 8.47812486882e-07, 7.31664329123e-07, 6.42735642487e-07, 5.12572285061e-07],
        "median": [2.35603292822e-05, 0.000145860714838, 0.000115569004265, 0.000145617173985, 3.52853530785e-05, 8.81447431311e-06, 7.81521066529e-06, 2.87486477646e-06, 2.87427337753e-06, 2.50514881373e-06, 2.98096483675e-06, 9.15849796002e-07, 2.30701004966e-07, 1.68532920952e-07, 1.05182884624e-07, 6.66022685891e-08, 3.47967784364e-07, 5.60489468171e-07, 4.90507432005e-07, 1.00374791145e-06, 1.16259752758e-06, 6.08203833963e-07, 1.4170848317e-07, 7.27223081753e-08, 1.12827507337e-07, 1.02065932595e-07, 7.18863901739e-08, 7.67659997791e-08, 4.86321027893e-08, 2.62176129695e-08, 1.25358727843e-08, 6.94409818536e-09, 8.97174334824e-09, 1.15598748351e-08, 1.29888046985e-08, 1.44507570354e-08, 1.34394175788e-08, 6.89709045432e-09, 5.41296785173e-09, 8.46517611564e-09],
        "min": [2.09101419549e-23, 9.64874390293e-24, 1.93652513521e-24, 8.6534404654e-24, 1.36293186757e-23, 5.65922818063e-24, 3.32435649006e-24, 1.44459581344e-24, 2.3965158455e-24, 1.39975305473e-23, 7.38884358065e-24, 2.16504295388e-23, 1.90217604091e-23, 1.55745202948e-23, 1.37150552344e-23, 1.32889425501e-23, 1.57601566208e-23, 1.31829251664e-23, 1.07498075554e-23, 3.24497972806e-24, 6.89338765621e-24, 5.72125394702e-24, 1.7267242248e-23, 1.05168790182e-23, 1.02608833993e-23, 8.20307898575e-24, 1.07101254853e-23, 1.02188576234e-23, 1.38768995154e-23, 1.23758676067e-23, 1.44961111498e-23, 1.18080242279e-23, 1.0151461292e-23, 1.07727286979e-23, 8.83868788291e-24, 1.34841730023e-23, 1.13982906626e-23, 1.0985269125e-23, 1.18470294554e-23, 1.33507419134e-23],
        "var": [1.15080990781e-06, 4.16510738432e-06, 8.30106614558e-07, 1.42713346918e-07, 1.79648722565e-07, 1.72948915633e-07, 4.4400806587e-08, 4.7300080297e-08, 3.07975298597e-08, 8.63386162564e-08, 5.13642710587e-08, 8.41538483343e-09, 2.0330160666e-08, 2.81540657454e-08, 1.11415090487e-08, 2.0046771354e-08, 1.13757581133e-08, 1.13651967837e-08, 2.09740669277e-08, 5.5772919616e-09, 5.4847588693e-09, 2.30055730022e-09, 6.39906683197e-10, 6.2179916771e-10, 7.85157994176e-10, 1.36271183226e-09, 4.78039829943e-10, 1.10100872863e-10, 3.97983521139e-11, 4.79259965047e-11, 2.3619103201e-11, 1.48865416522e-11, 1.30618346e-11, 5.94002538129e-12, 5.87868642654e-12, 4.61816262315e-12, 4.98137685614e-12, 4.46037174209e-12, 3.88193774001e-12, 2.47880383754e-12]
    },
    "mfcc": {
        "mean": [-813.839355469, 130.70324707, 29.501203537, 38.4975318909, 24.2300949097, 3.77907204628, -1.41460311413, 3.67301249504, 6.48519039154, 4.71734714508, -15.3569431305, -13.5921163559, -7.74598789215],
        "cov": [[24834.7304688, -3202.6315918, -5323.03564453, -1780.45544434, -1507.42980957, -559.766235352, -197.893157959, 126.781455994, -575.82220459, 295.534912109, 1177.4810791, 1146.09533691, 1196.75354004], [-3202.6315918, 1790.91003418, 200.70904541, -110.914886475, 50.1463737488, -153.381088257, -144.938049316, -24.6585636139, 131.389099121, 14.6739215851, -197.639556885, -152.405685425, -41.2461662292], [-5323.03564453, 200.70904541, 2235.67016602, 529.639526367, 241.015289307, 251.577255249, 237.315444946, 49.9290428162, -111.278495789, -166.907913208, -155.573730469, -197.045028687, -286.951263428], [-1780.45544434, -110.914886475, 529.639526367, 521.336303711, 291.319915771, 104.826286316, 100.264472961, -44.6557197571, 40.9586257935, -58.0353736877, -98.1423873901, -63.3616790771, -141.534820557], [-1507.42980957, 50.1463737488, 241.015289307, 291.319915771, 515.258117676, 100.01663208, -104.633827209, -91.9973068237, 127.986923218, 8.71983146667, -121.614784241, -92.1182250977, -127.11781311], [-559.766235352, -153.381088257, 251.577255249, 104.826286316, 100.01663208, 344.280517578, 229.147491455, 27.1750068665, 10.1956453323, -63.7133979797, 44.606918335, -3.09248542786, -88.7035980225], [-197.893157959, -144.938049316, 237.315444946, 100.264472961, -104.633827209, 229.147491455, 461.855010986, 118.208457947, -88.1575088501, -67.2229614258, 80.7378845215, 34.6833724976, -46.00730896], [126.781455994, -24.6585636139, 49.9290428162, -44.6557197571, -91.9973068237, 27.1750068665, 118.208457947, 192.845626831, -2.21945643425, -27.8794174194, 46.0733680725, 2.10293865204, 19.3893165588], [-575.82220459, 131.389099121, -111.278495789, 40.9586257935, 127.986923218, 10.1956453323, -88.1575088501, -2.21945643425, 279.223815918, 36.9120140076, -98.8383026123, -69.3104095459, -62.5450019836], [295.534912109, 14.6739215851, -166.907913208, -58.0353736877, 8.71983146667, -63.7133979797, -67.2229614258, -27.8794174194, 36.9120140076, 129.109695435, 16.6195316315, -12.9162502289, 20.5206375122], [1177.4810791, -197.639556885, -155.573730469, -98.1423873901, -121.614784241, 44.606918335, 80.7378845215, 46.0733680725, -98.8383026123, 16.6195316315, 212.837478638, 94.3172607422, 58.7631988525], [1146.09533691, -152.405685425, -197.045028687, -63.3616790771, -92.1182250977, -3.09248542786, 34.6833724976, 2.10293865204, -69.3104095459, -12.9162502289, 94.3172607422, 177.641555786, 78.07056427], [1196.75354004, -41.2461662292, -286.951263428, -141.534820557, -127.11781311, -88.7035980225, -46.00730896, 19.3893165588, -62.5450019836, 20.5206375122, 58.7631988525, 78.07056427, 204.810073853]],
