{
"lowlevel": {
    "average_loudness": 0.959747135639,
    "barkbands_crest": {
        "dmean": 3.08927297592,
        "dmean2": 4.93433475494,
        "dvar": 11.7272386551,
        "dvar2": 26.6031513214,
        "max": 24.4077529907,
        "mean": 8.53046607971,
        "median": 7.23108148575,
        "min": 2.5700211525,
        "var": 19.1371994019
    },
    "barkbands_flatness_db": {
        "dmean": 0.0229065027088,
        "dmean2": 0.0355806872249,
        "dvar": 0.000867035530973,
        "dvar2": 0.00199685711414,
        "max": 0.392279326916,
        "mean": 0.101816602051,
        "median": 0.0909373685718,
        "min": 0.0304194819182,
        "var": 0.00228038360365
    },
    "barkbands_kurtosis": {
        "dmean": 2.96275687218,
        "dmean2": 5.10340929031,
        "dvar": 51.214881897,
        "dvar2": 136.492965698,
        "max": 75.4622879028,
        "mean": 1.52347517014,
        "median": -0.304957389832,
        "min": -1.8359566927,
        "var": 39.4131088257
    },
    "barkbands_skewness": {
        "dmean": 0.649721205235,
        "dmean2": 1.01196610928,
        "dvar": 0.900017678738,
        "dvar2": 2.12689375877,
        "max": 8.07978725433,
        "mean": 0.933752059937,
        "median": 0.729367315769,
        "min": -4.55102729797,
        "var": 1.35220861435
    },
    "barkbands_spread": {
        "dmean": 7.03410196304,
        "dmean2": 11.2506723404,
        "dvar": 69.7089920044,
        "dvar2": 157.330078125,
        "max": 100.807945251,
        "mean": 31.0814971924,
        "median": 29.567111969,
        "min": 2.09949421883,
        "var": 205.47618103
    },
    "dissonance": {
        "dmean": 0.013140569441,
        "dmean2": 0.0223743878305,
        "dvar": 0.000204067313462,
        "dvar2": 0.000549823686015,
        "max": 0.500000119209,
        "mean": 0.477429419756,
        "median": 0.483502954245,
        "min": 0.238154634833,
        "var": 0.000537132262252
    },
    "dynamic_complexity": 2.5348212719,
    "erbbands_crest": {
        "dmean": 2.44386291504,
        "dmean2": 3.93137454987,
        "dvar": 5.57206964493,
        "dvar2": 13.5936126709,
        "max": 28.4591579437,
        "mean": 8.10525894165,
        "median": 7.08977270126,
        "min": 2.54587340355,
        "var": 15.3865280151
    },
    "erbbands_flatness_db": {
        "dmean": 0.0147205507383,
        "dmean2": 0.0219501424581,
        "dvar": 0.000228375007282,
        "dvar2": 0.000480386166601,
        "max": 0.402123004198,
        "mean": 0.142198383808,
        "median": 0.138892829418,
        "min": 0.0564859844744,
        "var": 0.00167148688342
    },
    "erbbands_kurtosis": {
        "dmean": 0.775576233864,
        "dmean2": 1.22388124466,
        "dvar": 1.74191939831,
        "dvar2": 4.12746572495,
        "max": 32.6597290039,
        "mean": 0.218284577131,
        "median": -0.208175420761,
        "min": -1.66356766224,
        "var": 3.62260556221
    },
    "erbbands_skewness": {
        "dmean": 0.299891471863,
        "dmean2": 0.465425372124,
        "dvar": 0.0990572050214,
        "dvar2": 0.22415868938,
        "max": 3.35795497894,
        "mean": -0.17238843441,
        "median": -0.209973245859,
        "min": -4.00013256073,
        "var": 0.366575926542
    },
    "erbbands_spread": {
        "dmean": 10.2909908295,
        "dmean2": 16.6822490692,
        "dvar": 173.449890137,
        "dvar2": 443.934326172,
        "max": 133.941619873,
        "mean": 38.6230010986,
        "median": 34.0133323669,
        "min": 3.20993423462,
        "var": 348.600524902
    },
    "hfc": {
        "dmean": 8.85612678528,
        "dmean2": 14.4210853577,
        "dvar": 238.388977051,
        "dvar2": 632.977661133,
        "max": 169.363494873,
        "mean": 27.1579246521,
        "median": 22.5816059113,
        "min": 3.15557122121e-06,
        "var": 400.005645752
    },
    "melbands_crest": {
        "dmean": 3.84700989723,
        "dmean2": 5.79925870895,
        "dvar": 15.3960342407,
        "dvar2": 32.5105323792,
        "max": 33.6205482483,
        "mean": 12.3356771469,
        "median": 10.7407474518,
        "min": 3.63017106056,
        "var": 32.7176094055
    },
    "melbands_flatness_db": {
        "dmean": 0.029662610963,
        "dmean2": 0.045334354043,
        "dvar": 0.00142461294308,
        "dvar2": 0.00317782862112,
        "max": 0.372352600098,
        "mean": 0.155244871974,
        "median": 0.144915774465,
        "min": 0.0310827624053,
        "var": 0.00334580498748
    },
    "melbands_kurtosis": {
        "dmean": 9.66970825195,
        "dmean2": 16.5294895172,
        "dvar": 569.500305176,
        "dvar2": 1520.1159668,
        "max": 239.518341064,
        "mean": 9.02110958099,
        "median": 3.26324176788,
        "min": -1.79862618446,
        "var": 426.487823486
    },
    "melbands_skewness": {
        "dmean": 0.988268613815,
        "dmean2": 1.54951632023,
        "dvar": 2.35917043686,
        "dvar2": 5.6425819397,
        "max": 14.0642280579,
        "mean": 2.16915035248,
        "median": 1.77924656868,
        "min": -2.5214676857,
        "var": 3.13003611565
    },
    "melbands_spread": {
        "dmean": 10.0693826675,
        "dmean2": 15.33943367,
        "dvar": 179.295791626,
        "dvar2": 371.995269775,
        "max": 254.137664795,
        "mean": 36.4309043884,
        "median": 34.3742446899,
        "min": 1.62037074566,
        "var": 513.511413574
    },
    "pitch_salience": {
        "dmean": 0.08459661901,
        "dmean2": 0.133890330791,
        "dvar": 0.00807354506105,
        "dvar2": 0.0177975557745,
        "max": 0.827998399734,
        "mean": 0.575450360775,
        "median": 0.595510184765,
        "min": 0.134000778198,
        "var": 0.0153102735057
    },
    "silence_rate_20dB": {
        "dmean": 0,
        "dmean2": 0,
        "dvar": 0,
        "dvar2": 0,
        "max": 1,
        "mean": 1,
        "median": 1,
        "min": 1,
        "var": 0
    },
    "silence_rate_30dB": {
        "dmean": 0.0843653231859,
        "dmean2": 0.168795973063,
        "dvar": 0.0772459656,
        "dvar2": 0.203799858689,
        "max": 1,
        "mean": 0.947388768196,
        "median": 1,
        "min": 0,
        "var": 0.0498442202806
    },
    "silence_rate_60dB": {
        "dmean": 0.0189628489316,
        "dmean2": 0.0379403792322,
        "dvar": 0.0186029747128,
        "dvar2": 0.0388247407973,
        "max": 1,
        "mean": 0.0618955530226,
        "median": 0,
        "min": 0,
        "var": 0.0580638945103
    },
    "spectral_centroid": {
        "dmean": 279.206237793,
        "dmean2": 448.683898926,
        "dvar": 136536.65625,
        "dvar2": 272493.53125,
        "max": 11379.0214844,
        "mean": 1775.58435059,
        "median": 1734.6607666,
        "min": 435.502685547,
        "var": 370952.53125
    },
    "spectral_complexity": {
        "dmean": 4.4419503212,
        "dmean2": 6.80526542664,
        "dvar": 21.8527240753,
        "dvar2": 45.1409683228,
        "max": 59,
        "mean": 26.7183761597,
        "median": 28,
        "min": 0,
        "var": 143.972976685
    },
    "spectral_decrease": {
        "dmean": 4.64263028022e-09,
        "dmean2": 7.62859819758e-09,
        "dvar": 8.34289336563e-17,
        "dvar2": 2.07891465235e-16,
        "max": -3.49396485001e-16,
        "mean": -7.98021471127e-09,
        "median": -5.77239411825e-09,
        "min": -5.63549775734e-08,
        "var": 7.9440692259e-17
    },
    "spectral_energy": {
        "dmean": 0.0180625449866,
        "dmean2": 0.0296246316284,
        "dvar": 0.00122243282385,
        "dvar2": 0.00304575799964,
        "max": 0.216432243586,
        "mean": 0.032582461834,
        "median": 0.0238781310618,
        "min": 1.60492330536e-09,
        "var": 0.0011849058792
    },
    "spectral_energyband_high": {
        "dmean": 0.000843365793116,
        "dmean2": 0.00143395841587,
        "dvar": 3.48482012669e-06,
        "dvar2": 9.30940041144e-06,
        "max": 0.0157478190958,
        "mean": 0.00130363448989,
        "median": 0.000523957540281,
        "min": 1.09564038397e-10,
        "var": 3.88914395444e-06
    },
    "spectral_energyband_low": {
        "dmean": 0.0148806665093,
        "dmean2": 0.0246684774756,
        "dvar": 0.00123961479403,
        "dvar2": 0.0031182540115,
        "max": 0.200130924582,
        "mean": 0.0148886693642,
        "median": 0.00553680816665,
        "min": 2.36453599756e-11,
        "var": 0.00103340425994
    },
    "spectral_energyband_middle_high": {
        "dmean": 0.00214626360685,
        "dmean2": 0.00333237694576,
        "dvar": 6.82297286403e-06,
        "dvar2": 1.67558246176e-05,
        "max": 0.0362634696066,
        "mean": 0.00788670312613,
        "median": 0.00675095058978,
        "min": 1.23446897149e-09,
        "var": 3.60950070899e-05
    },
    "spectral_energyband_middle_low": {
        "dmean": 0.00407508853823,
        "dmean2": 0.00681755365804,
        "dvar": 6.07039110037e-05,
        "dvar2": 0.000164293174748,
        "max": 0.0685781016946,
        "mean": 0.00904647447169,
        "median": 0.00725855538622,
        "min": 2.38339292746e-10,
        "var": 6.71821471769e-05
    },
    "spectral_entropy": {
        "dmean": 0.118425540626,
        "dmean2": 0.180402502418,
        "dvar": 0.0207623839378,
        "dvar2": 0.0364259891212,
        "max": 9.80142784119,
        "mean": 7.84763002396,
        "median": 7.82970523834,
        "min": 5.55484294891,
        "var": 0.122712090611
    },
    "spectral_flux": {
        "dmean": 0.0387052297592,
        "dmean2": 0.0587756633759,
        "dvar": 0.00326979858801,
        "dvar2": 0.00555670494214,
        "max": 0.388860136271,
        "mean": 0.106640391052,
        "median": 0.0836260095239,
        "min": 4.00614953833e-05,
        "var": 0.0059285312891
    },
    "spectral_kurtosis": {
        "dmean": 1.36976516247,
        "dmean2": 2.2698071003,
        "dvar": 2.87451529503,
        "dvar2": 7.64292669296,
        "max": 27.8310775757,
        "mean": 3.97785902023,
        "median": 3.71135473251,
        "min": -1.2598477602,
        "var": 5.70256519318
    },
    "spectral_rms": {
        "dmean": 0.00122420804109,
        "dmean2": 0.00188914116006,
        "dvar": 3.66834365195e-06,
        "dvar2": 8.4614921434e-06,
        "max": 0.0145311187953,
        "mean": 0.00506858620793,
        "median": 0.00482656573877,
        "min": 1.25131089135e-06,
        "var": 6.09718199485e-06
    },
    "spectral_rolloff": {
        "dmean": 703.871948242,
        "dmean2": 1126.31469727,
        "dvar": 1207553.5,
        "dvar2": 2221617.25,
        "max": 13587.4511719,
        "mean": 2381.86352539,
        "median": 2067.1875,
        "min": 64.599609375,
        "var": 3865927.25
    },
    "spectral_skewness": {
        "dmean": 0.231033965945,
        "dmean2": 0.377464920282,
        "dvar": 0.0884096696973,
        "dvar2": 0.219981744885,
        "max": 3.82405424118,
        "mean": 1.43140256405,
        "median": 1.44456732273,
        "min": -0.0853196009994,
        "var": 0.176945328712
    },
    "spectral_spread": {
        "dmean": 537370.1875,
        "dmean2": 777489.4375,
        "dvar": 1.09709374259e+12,
        "dvar2": 1.42948329062e+12,
        "max": 42665596,
        "mean": 4683390,
        "median": 4289617.5,
        "min": 2256797,
        "var": 3.1844359209e+12
    },
    "spectral_strongpeak": {
        "dmean": 0.666805803776,
        "dmean2": 1.17303109169,
        "dvar": 1.1478792429,
        "dvar2": 2.85534334183,
        "max": 9.91192436218,
        "mean": 0.990637481213,
        "median": 0.403057277203,
        "min": 0.000301178224618,
        "var": 1.79141271114
    },
    "zerocrossingrate": {
        "dmean": 0.0138714201748,
        "dmean2": 0.0151866246015,
        "dvar": 0.000328592723235,
        "dvar2": 0.000325477740262,
        "max": 0.408203125,
        "mean": 0.0819751471281,
        "median": 0.0703125,
        "min": 0.01171875,
        "var": 0.00247875251807
    },
    "barkbands": {
        "dmean": [0.000392103393096, 0.0115534989163, 0.00413742894307, 0.00117592094466, 0.00203536241315, 0.000937042583246, 0.000587750866544, 0.000437301874626, 0.000591356947552, 0.000554892467335, 0.000530093791895, 0.000510273617692, 0.000493545725476, 0.000405520288041, 0.000312070507789, 0.000463486183435, 0.000447357364465, 0.000263574765995, 0.000212588958675, 0.000217023509322, 0.000314214383252, 0.000246321258601, 0.000113372552732, 0.000105181803519, 5.2988063544e-05, 2.02151859412e-05, 2.78152401734e-06],
        "dmean2": [0.000599921506364, 0.0193847957999, 0.00777678377926, 0.00210227700882, 0.00345171359368, 0.00156774546485, 0.000924982014112, 0.000710493244696, 0.000946581596509, 0.00089339033002, 0.000845285248943, 0.000799797126092, 0.000759035290685, 0.000656904885545, 0.000495643704198, 0.000764613156207, 0.000737914990168, 0.00043926780927, 0.000349291425664, 0.000366984080756, 0.000575903453864, 0.00043144292431, 0.000179713824764, 0.000151428379468, 7.79563415563e-05, 3.07775626425e-05, 4.89986314278e-06],
        "dvar": [7.11301595402e-07, 0.000774067244492, 0.000125059465063, 6.31784223515e-06, 2.18126369873e-05, 3.02007697428e-06, 1.05431206521e-06, 7.48257207306e-07, 1.11340762032e-06, 1.28613953621e-06, 1.29991281028e-06, 1.11908161671e-06, 7.27941483092e-07, 6.43164412395e-07, 2.87799650778e-07, 4.00904895059e-07, 4.01395027438e-07, 1.27532345573e-07, 1.27363179558e-07, 2.15078770793e-07, 6.79061884057e-07, 3.93851138369e-07, 6.40268140728e-08, 7.29356273155e-08, 1.93484446243e-08, 2.69548405818e-09, 4.8584317125e-11],
        "dvar2": [1.53059534114e-06, 0.00195928569883, 0.000359695695806, 1.70970633917e-05, 5.90200834267e-05, 8.46425427881e-06, 2.25479038818e-06, 1.90344087514e-06, 2.61094260168e-06, 2.95128324979e-06, 3.22014102494e-06, 2.59987791651e-06, 1.58622799518e-06, 1.57946067247e-06, 6.46247997338e-07, 1.04971081782e-06, 1.01914724837e-06, 3.24936763718e-07, 3.36919327992e-07, 5.77851551498e-07, 1.93308596863e-06, 1.07845744424e-06, 1.5235055173e-07, 1.23717597944e-07, 3.93271690768e-08, 5.7064135639e-09, 1.34194544366e-10],
        "max": [0.00697743427008, 0.161733597517, 0.069452829659, 0.0206274222583, 0.0457445010543, 0.0252610612661, 0.0225075148046, 0.0117040714249, 0.013914020732, 0.0295981038362, 0.0213173665106, 0.0183881632984, 0.0127977440134, 0.015747545287, 0.0108531257138, 0.00983951706439, 0.0109446849674, 0.00407093856484, 0.00393670750782, 0.00524947466329, 0.00616085063666, 0.00642131827772, 0.00376253551804, 0.0054785143584, 0.00293985311873, 0.00131764658727, 9.51458641794e-05],
        "mean": [0.000390287372284, 0.0108455941081, 0.00322338519618, 0.00104574090801, 0.00320259248838, 0.00168242107611, 0.00107678817585, 0.000737414346077, 0.00108494900633, 0.00102565693669, 0.000920465507079, 0.000892832293175, 0.000880645995494, 0.000641601684038, 0.000579175015446, 0.00092900468735, 0.000961031881161, 0.000536605657544, 0.000410684588132, 0.000340837461408, 0.000304363929899, 0.000308591406792, 0.000194980602828, 0.000222957620281, 0.000101459139842, 3.90572349716e-05, 3.34738274432e-06],
        "median": [5.81804852118e-05, 0.00345985707827, 0.00087927095592, 0.000364937412087, 0.00229367567226, 0.000976174022071, 0.000509258301463, 0.000304581684759, 0.000510260404553, 0.000443641940365, 0.000319867627695, 0.00032138833194, 0.000368988927221, 0.000262173969531, 0.000339886872098, 0.00060772994766, 0.000564792309888, 0.00040483623161, 0.000231083016843, 0.000166074780282, 8.6923566414e-05, 0.000121171877254, 6.63413738948e-05, 6.8170207669e-05, 3.10990326398e-05, 1.21754956126e-05, 8.2633761167e-07],
        "min": [8.90609287707e-12, 1.24117513142e-11, 1.12948756251e-12, 1.44588733347e-11, 3.99448252253e-11, 1.04783612342e-10, 6.97108690217e-11, 3.61169492751e-12, 4.25004996474e-12, 1.19600856996e-11, 2.46670531223e-11, 3.29716046132e-11, 4.50991022305e-10, 3.95528471087e-10, 2.00323715949e-11, 1.29537575111e-10, 1.67686524388e-11, 3.37949460083e-11, 1.10913049578e-10, 1.29638001722e-11, 3.09679504262e-11, 9.6371426464e-12, 1.56999448164e-11, 2.44877659816e-11, 8.96529638722e-12, 6.6528995854e-12, 8.08132380459e-12],
        "var": [8.20933109935e-07, 0.000627419736702, 7.25453865016e-05, 4.59981220047e-06, 1.85504759429e-05, 5.08564698976e-06, 2.74822946267e-06, 1.51053791342e-06, 2.43482372753e-06, 3.99462214773e-06, 3.48348498846e-06, 2.80490576188e-06, 2.05733385883e-06, 1.22262974855e-06, 7.1893259701e-07, 1.02746673747e-06, 1.3309603446e-06, 2.62169322696e-07, 2.47051787028e-07, 2.43275025014e-07, 4.29346158626e-07, 3.42645023466e-07, 1.13256817258e-07, 2.49027493737e-07, 5.21464862402e-08, 7.45499928456e-09, 4.78997154441e-11]
    },
    "erbbands": {
        "dmean": [0.341950088739, 2.67667269707, 5.25910186768, 3.96019649506, 6.79473590851, 6.5086388588, 7.53103303909, 7.09290027618, 7.57415962219, 9.26643562317, 9.84804916382, 12.8276519775, 15.6077337265, 17.0164012909, 18.7172813416, 19.286945343, 21.689535141, 17.7821617126, 14.8086118698, 19.0027732849, 24.6517124176, 24.1681003571, 15.8703994751, 8.60222434998, 12.3850803375, 9.33092498779, 9.85233688354, 13.9329319, 9.36200523376, 5.69356203079, 2.98513507843, 2.36432743073, 1.72829306126, 0.805443048477, 0.261111646891, 0.112570367754, 0.0350950285792, 0.00489888619632, 0.000456481560832, 4.21542972617e-05],
        "dmean2": [0.564338088036, 4.66849374771, 9.85081291199, 7.31182909012, 11.7491998672, 11.0557928085, 12.4041051865, 12.0200147629, 12.0019292831, 14.8288993835, 15.8112754822, 20.5574607849, 24.8445339203, 27.0335025787, 29.6459121704, 29.9192428589, 33.2366104126, 28.6960659027, 23.2397689819, 31.3673152924, 40.7593841553, 39.6473503113, 26.1350746155, 14.2919387817, 20.3019275665, 15.9693441391, 17.8137531281, 25.7327365875, 16.5698642731, 9.33411026001, 4.69806957245, 3.53744506836, 2.5358376503, 1.19382810593, 0.39047858119, 0.171071752906, 0.052913479507, 0.00787529721856, 0.000801421934739, 7.11824541213e-05],
        "dvar": [0.649916052818, 45.6969566345, 207.891952515, 82.5086975098, 347.59765625, 169.003356934, 112.279457092, 223.051300049, 183.527069092, 423.33001709, 331.855712891, 609.677612305, 946.532592773, 946.487548828, 1561.57592773, 1455.30749512, 1369.17407227, 1382.65393066, 695.864624023, 853.192810059, 1444.97351074, 1269.14050293, 439.15625, 176.136611938, 458.268768311, 453.216430664, 623.830688477, 1460.29785156, 576.990112305, 183.326446533, 45.8969612122, 37.5548171997, 20.5695285797, 5.10337972641, 0.421188414097, 0.08659902215, 0.00778470933437, 0.000108464075311, 1.35582558869e-06, 8.19167045307e-09],
        "dvar2": [1.55989634991, 122.570983887, 595.029785156, 234.153503418, 926.942626953, 471.070281982, 295.314697266, 635.124511719, 425.840637207, 926.554016113, 856.505737305, 1484.74084473, 2067.92480469, 2353.19018555, 3657.28735352, 3409.57055664, 3001.01196289, 3435.92651367, 1600.12780762, 2106.61645508, 3824.36035156, 3218.63769531, 1130.51977539, 454.525421143, 1208.97119141, 1233.99841309, 1747.74365234, 4175.93408203, 1599.01123047, 468.995300293, 108.92376709, 71.7557449341, 36.5062675476, 10.4511814117, 0.860474050045, 0.185824692249, 0.0160702317953, 0.000254627841059, 3.76911157218e-06, 2.24611955701e-08],
        "max": [5.91299152374, 39.783000946, 82.7553253174, 52.4181518555, 182.746795654, 150.427612305, 165.880264282, 234.722900391, 247.464141846, 515.290283203, 257.156219482, 428.660827637, 603.69128418, 486.039428711, 704.659973145, 541.892333984, 638.340026855, 969.835693359, 439.485015869, 582.325317383, 636.47253418, 730.650695801, 276.684936523, 168.319732666, 260.125854492, 242.0443573, 247.65864563, 321.538848877, 244.668731689, 193.539611816, 113.933761597, 124.372016907, 76.3391418457, 54.2361030579, 13.4101963043, 6.60425949097, 2.53657341003, 0.199712008238, 0.0162153821439, 0.0014304505894],
        "mean": [0.321893811226, 2.37361645699, 4.15319776535, 3.40600037575, 7.49974298477, 10.8497428894, 14.6017026901, 12.0728006363, 13.8217182159, 16.321603775, 18.8217849731, 23.4393291473, 29.5622272491, 33.1412849426, 34.3579788208, 36.968120575, 43.9391937256, 31.8861408234, 28.2623882294, 40.0054664612, 52.4640846252, 55.5395927429, 34.6999702454, 18.3950443268, 24.7150745392, 15.1266956329, 10.9814662933, 12.7989196777, 11.0727014542, 8.76737594604, 5.13218259811, 4.68731069565, 3.55391001701, 1.54823696613, 0.500152230263, 0.213872641325, 0.0655854716897, 0.00847232993692, 0.000552311830688, 6.72659880365e-05],
        "median": [0.0895493328571, 0.795174300671, 1.23277401924, 1.37404358387, 3.49252653122, 7.99686813354, 9.74070262909, 6.89099979401, 6.60636377335, 8.05017757416, 8.59465789795, 11.4757432938, 14.3758878708, 16.1074314117, 14.781414032, 15.7700386047, 20.8340797424, 14.2786951065, 16.3687419891, 27.7994384766, 33.0338973999, 32.8697090149, 26.4206733704, 13.3529453278, 13.4159116745, 7.80733966827, 3.55827617645, 3.4766972065, 4.30931615829, 3.53636550903, 1.68156588078, 1.55575180054, 1.0554792881, 0.433079570532, 0.159974321723, 0.0694660246372, 0.0186803322285, 0.00265273731202, 0.00014790444402, 4.29685496783e-05],
        "min": [6.07368766392e-10, 1.86674742331e-09, 1.68224889574e-09, 2.48967193528e-08, 9.02439509787e-08, 1.38457082244e-07, 3.46691848563e-07, 1.03614308955e-06, 1.29217551148e-06, 3.79617404178e-07, 5.02255588231e-08, 1.02022163162e-07, 1.94039884605e-07, 1.01265754893e-06, 5.74901662276e-07, 2.39705923377e-06, 1.37890947371e-05, 2.73082605418e-05, 5.7268493947e-06, 4.72979627375e-06, 4.26332826464e-06, 1.00462057162e-06, 1.96340192815e-06, 6.34738353256e-06, 2.70918440037e-06, 5.46129570012e-07, 8.20983245831e-07, 1.22727169583e-06, 3.77372231242e-07, 5.2751693147e-07, 4.184903446e-07, 5.61360820939e-07, 3.30819858618e-07, 1.42702518247e-07, 4.67225973466e-08, 2.25999645664e-08, 1.40710225693e-08, 4.13222611684e-09, 1.10548015186e-09, 1.28601559957e-10],
        "var": [0.575416862965, 32.4780311584, 121.702392578, 50.4348678589, 257.97366333, 162.11138916, 269.000915527, 286.038116455, 477.740905762, 1026.28527832, 709.775268555, 1125.4074707, 2724.73608398, 2567.4206543, 4086.94384766, 3747.50244141, 4511.20751953, 3100.47680664, 1492.54675293, 2072.52587891, 3410.21191406, 4738.55126953, 1030.20910645, 336.404998779, 924.490112305, 452.937805176, 435.64276123, 894.618774414, 462.130645752, 236.14994812, 82.5956039429, 104.898902893, 67.9321289062, 13.8302993774, 1.08508193493, 0.21393956244, 0.0242460761219, 0.000252702913713, 1.23987479128e-06, 7.07362390884e-09]
    },
    "gfcc": {
        "mean": [26.7975845337, 73.4544525146, -125.058670044, 33.8879318237, -53.8153457642, 17.6649341583, -41.1732673645, 12.6126117706, -20.9786453247, 0.556886196136, -14.3583621979, 8.01373195648, -7.68889331818],
        "cov": [[4738.55419922, 936.721252441, 233.519439697, 704.950012207, 303.825561523, 192.966812134, 151.691574097, 15.935836792, 73.3339004517, -91.4721984863, -98.6207275391, -28.3813819885, 23.022644043], [936.721252441, 1416.19104004, -5.73899507523, 245.271530151, 457.916320801, 76.728553772, 213.977645874, 59.666343689, 81.944480896, -72.1780090332, 59.167930603, -11.1045265198, 46.0336341858], [233.519439697, -5.73899507523, 750.36328125, 225.983703613, 110.046104431, 89.0049362183, 31.7481460571, 8.24833202362, 12.9935665131, 43.1219100952, -98.1534042358, 1.40494799614, -36.6466178894], [704.950012207, 245.271530151, 225.983703613, 453.942871094, 121.821075439, 78.7771224976, 80.820602417, -6.30900716782, 49.6335639954, 10.0863981247, -33.4201316833, -52.6796340942, -8.94096851349], [303.825561523, 457.916320801, 110.046104431, 121.821075439, 363.369842529, 57.0819892883, 97.8033447266, 35.4063301086, 48.296497345, 1.18669354916, 17.436542511, 8.23127269745, 9.28872299194], [192.966812134, 76.728553772, 89.0049362183, 78.7771224976, 57.0819892883, 156.455627441, 54.8143501282, 11.0567588806, 2.81188130379, -6.67715597153, 18.6066684723, -0.0233904607594, -8.55878925323], [151.691574097, 213.977645874, 31.7481460571, 80.820602417, 97.8033447266, 54.8143501282, 196.35508728, 1.24254238605, 13.6034975052, -8.0788564682, 5.61899900436, -1.62126719952, -5.10363197327], [15.935836792, 59.666343689, 8.24833202362, -6.30900716782, 35.4063301086, 11.0567588806, 1.24254238605, 98.6564102173, 43.6431121826, 0.924055814743, 10.0468091965, 6.82032632828, 16.6496295929], [73.3339004517, 81.944480896, 12.9935665131, 49.6335639954, 48.296497345, 2.81188130379, 13.6034975052, 43.6431121826, 98.4084777832, 27.4000797272, 4.28999185562, -11.7511720657, 11.8328866959], [-91.4721984863, -72.1780090332, 43.1219100952, 10.0863981247, 1.18669354916, -6.67715597153, -8.0788564682, 0.924055814743, 27.4000797272, 77.0171890259, 15.4420366287, -4.10971069336, -10.314950943], [-98.6207275391, 59.167930603, -98.1534042358, -33.4201316833, 17.436542511, 18.6066684723, 5.61899900436, 10.0468091965, 4.28999185562, 15.4420366287, 98.000289917, 27.9590263367, 10.9624147415], [-28.3813819885, -11.1045265198, 1.40494799614, -52.6796340942, 8.23127269745, -0.0233904607594, -1.62126719952, 6.82032632828, -11.7511720657, -4.10971069336, 27.9590263367, 72.6388244629, 24.9219799042], [23.022644043, 46.0336341858, -36.6466178894, -8.94096851349, 9.28872299194, -8.55878925323, -5.10363197327, 16.6496295929, 11.8328866959, -10.314950943, 10.9624147415, 24.9219799042, 66.0661697388]],
        "icov": [[0.0003258206998, -0.000190971273696, 0.000137577837449, -0.000486182892928, 7.56284134695e-05, -0.000284488807665, 0.000162699841894, -8.64151479618e-06, -2.38697866735e-05, 6.67977146804e-05, 0.000573828816414, -0.000521223875694, 0.000113407157187], [-0.000190971273696, 0.00171920738649, -2.51313795161e-05, -0.000101265643025, -0.00169802282471, 0.000621491111815, -0.000858893210534, -6.14449381828e-05, -0.000503716932144, 0.00186799047515, -0.0015769994352, 0.00116064399481, -0.00068490463309], [0.000137577837449, -2.51313795161e-05, 0.00250825798139, -0.00119902833831, -0.000506538024638, -0.00135331589263, 0.000419089948991, -0.000637648336124, 0.000686671526637, -0.00209062406793, 0.00352913537063, -0.00252042640932, 0.00120337225962], [-0.000486182892928, -0.000101265643025, -0.00119902833831, 0.00437770644203, -0.000236765961745, -0.000559217762202, -0.000740387476981, 0.00133242958691, -0.00137171277311, -2.85971236735e-05, -0.000852011784445, 0.00337891676463, -0.00115683267359], [7.56284134695e-05, -0.00169802282471, -0.000506538024638, -0.000236765961745, 0.00547659629956, -0.000661902420688, -0.000575340527575, -0.000528053205926, -0.000729711726308, -0.00119875674136, 0.000333259842591, -0.00146812945604, 0.000518720946275], [-0.000284488807665, 0.000621491111815, -0.00135331589263, -0.000559217762202, -0.000661902420688, 0.00918887834996, -0.00200517149642, -0.00103577633854, 0.000515575811733, 0.00258955988102, -0.0045432606712, 0.00145789457019, 0.000745211145841], [0.000162699841894, -0.000858893210534, 0.000419089948991, -0.000740387476981, -0.000575340527575, -0.00200517149642, 0.00698068505153, 0.000663215934765, -0.000306730566081, -0.000227369251661, 0.00117301859427, -0.00138544489164, 0.00121470110025], [-8.64151479618e-06, -6.14449381828e-05, -0.000637648336124, 0.00133242958691, -0.000528053205926, -0.00103577633854, 0.000663215934765, 0.0141363795847, -0.00703898631036, 0.00241902400739, -0.00116032722872, -0.000231488622376, -0.00178056198638], [-2.38697866735e-05, -0.000503716932144, 0.000686671526637, -0.00137171277311, -0.000729711726308, 0.000515575811733, -0.000306730566081, -0.00703898631036, 0.0173378828913, -0.00727454945445, 0.00125684135128, 0.00256128492765, -0.00294167269021], [6.67977146804e-05, 0.00186799047515, -0.00209062406793, -2.85971236735e-05, -0.00119875674136, 0.00258955988102, -0.000227369251661, 0.00241902400739, -0.00727454945445, 0.0207125246525, -0.00754974829033, 0.00235067866743, 0.00229120929725], [0.000573828816414, -0.0015769994352, 0.00352913537063, -0.000852011784445, 0.000333259842591, -0.0045432606712, 0.00117301859427, -0.00116032722872, 0.00125684135128, -0.00754974829033, 0.019308693707, -0.00865627545863, 0.00114637473598], [-0.000521223875694, 0.00116064399481, -0.00252042640932, 0.00337891676463, -0.00146812945604, 0.00145789457019, -0.00138544489164, -0.000231488622376, 0.00256128492765, 0.00235067866743, -0.00865627545863, 0.0232424139977, -0.00864433776587], [0.000113407157187, -0.00068490463309, 0.00120337225962, -0.00115683267359, 0.000518720946275, 0.000745211145841, 0.00121470110025, -0.00178056198638, -0.00294167269021, 0.00229120929725, 0.00114637473598, -0.00864433776587, 0.0206064339727]]
    },
    "melbands": {
        "dmean": [0.00310996896587, 0.00301633076742, 0.000784016796388, 0.000497252331115, 0.000249407545198, 0.000163006450748, 0.000113202659122, 0.000100367615232, 8.6568070401e-05, 8.1194411905e-05, 8.1203164882e-05, 7.33930719434e-05, 7.18142473488e-05, 4.75701854157e-05, 6.83777834638e-05, 3.91018620576e-05, 3.60188278137e-05, 2.69310294243e-05, 2.55624181591e-05, 3.04258937831e-05, 3.1695679354e-05, 2.83103199763e-05, 2.15359013964e-05, 1.14076983664e-05, 7.10836275175e-06, 8.97750760487e-06, 9.43076247495e-06, 6.01734836891e-06, 5.44252498003e-06, 8.27324583952e-06, 7.99863937573e-06, 5.63192543268e-06, 4.44907618657e-06, 2.81348752651e-06, 1.81311042979e-06, 1.56252792749e-06, 1.51502649715e-06, 1.30865919346e-06, 1.1277630847e-06, 5.63655135011e-07],
        "dmean2": [0.00515519268811, 0.00546240061522, 0.00142101757228, 0.000856746220961, 0.000411792687373, 0.000274546677247, 0.000180105358595, 0.000160729861818, 0.000139224895975, 0.000130515094497, 0.0001297640556, 0.000116053037345, 0.000113870541099, 7.37016744097e-05, 0.000106687548396, 6.04899178143e-05, 5.84232002439e-05, 4.2867664888e-05, 4.07254083257e-05, 5.09055389557e-05, 5.2543466154e-05, 4.64066542918e-05, 3.55413721991e-05, 1.89233778656e-05, 1.18727757581e-05, 1.48883063957e-05, 1.54434892465e-05, 1.04479713627e-05, 9.81512403087e-06, 1.52519069161e-05, 1.4736682715e-05, 1.00636434581e-05, 7.54175698603e-06, 4.64333879791e-06, 2.94864298667e-06, 2.41567090598e-06, 2.29034321819e-06, 1.93129380932e-06, 1.73468117737e-06, 8.56233214108e-07],
        "dvar": [5.4311221902e-05, 6.35624237475e-05, 2.81128700408e-06, 1.50124662923e-06, 1.24643278809e-07, 1.07983105124e-07, 3.92064762877e-08, 4.60415741088e-08, 2.39091288989e-08, 2.37659421032e-08, 2.65405759592e-08, 1.84078423615e-08, 2.48826150795e-08, 1.34976474442e-08, 1.69556599872e-08, 4.85836171293e-09, 5.72831604373e-09, 2.97363444979e-09, 2.13142836714e-09, 1.77989101235e-09, 2.86317858311e-09, 1.9357369041e-09, 8.94112117678e-10, 2.63977062431e-10, 1.22414786641e-10, 2.32582814119e-10, 2.90897333999e-10, 2.14515599728e-10, 2.17491913368e-10, 4.83858786371e-10, 4.98852958941e-10, 2.25562193923e-10, 1.336273453e-10, 4.26185545188e-11, 1.72223173223e-11, 1.45129854315e-11, 1.78644772586e-11, 1.1175315881e-11, 1.05343190768e-11, 2.44199322222e-12],
        "dvar2": [0.000133104054839, 0.000177125097252, 7.77239074523e-06, 4.09239783039e-06, 3.33719128776e-07, 3.06369713599e-07, 9.00753747146e-08, 1.06133825284e-07, 6.1117908956e-08, 5.69845575171e-08, 5.82736987553e-08, 4.63911931092e-08, 6.00782215088e-08, 3.18542809907e-08, 3.96584205475e-08, 1.07019895168e-08, 1.43762672877e-08, 7.05906622045e-09, 4.87806461891e-09, 4.62239180266e-09, 7.55593632107e-09, 4.86139795086e-09, 2.2881037065e-09, 6.76767253349e-10, 3.17519566195e-10, 6.23591511761e-10, 7.59081242308e-10, 5.87437543054e-10, 6.07141614761e-10, 1.38496858426e-09, 1.425657703e-09, 6.34392149923e-10, 3.57471635626e-10, 1.08649297892e-10, 4.28788116125e-11, 3.11060656399e-11, 3.55838622457e-11, 1.99902195491e-11, 2.24086166289e-11, 5.14986664424e-12],
        "max": [0.0469940975308, 0.0450924150646, 0.0101453941315, 0.0118737081066, 0.00445863464847, 0.00495877536014, 0.00364919542335, 0.0048718508333, 0.00184009643272, 0.00251387734897, 0.00339183444157, 0.00267880992033, 0.00327840424143, 0.00266894325614, 0.00216496246867, 0.00136939343065, 0.00164879253134, 0.000947189575527, 0.00108196435031, 0.000728178303689, 0.0009377116221, 0.000960542354733, 0.000448736478575, 0.000235948435147, 0.000150938867591, 0.000178765491, 0.000249767763307, 0.0001642829302, 0.000184976510354, 0.000162012816872, 0.000198076930246, 0.000159790492035, 0.000152867854922, 8.5759202193e-05, 5.56224331376e-05, 8.33405938465e-05, 8.72969903867e-05, 6.60533332848e-05, 4.59031580249e-05, 4.29041756433e-05],
        "mean": [0.00299437972717, 0.00256400788203, 0.0007234797813, 0.000684641185217, 0.000508419994731, 0.000287000730168, 0.000206708864425, 0.000175257227966, 0.000161947289598, 0.000145557016367, 0.000150669860886, 0.000137146693305, 0.000127965598949, 7.86676973803e-05, 0.000132426284836, 7.17540096957e-05, 5.85268680879e-05, 4.45073092123e-05, 4.83258882014e-05, 5.89907394897e-05, 6.05114546488e-05, 6.03337139182e-05, 4.18102717958e-05, 2.3019108994e-05, 1.32947307065e-05, 1.70486528077e-05, 1.70505554706e-05, 8.37975039758e-06, 6.2356602939e-06, 7.7125214375e-06, 7.12363180355e-06, 6.20961509412e-06, 5.95737401454e-06, 4.43011731477e-06, 2.86559725282e-06, 2.78666129816e-06, 2.89271611109e-06, 2.5621613986e-06, 2.10009284274e-06, 1.01855141565e-06],
        "median": [0.000940468744375, 0.000881727901287, 0.000305030291202, 0.000455633009551, 0.000374991010176, 0.000165437028045, 0.000101706726127, 8.15870735096e-05, 7.12513065082e-05, 7.00957534718e-05, 6.71214584145e-05, 6.39923819108e-05, 4.87404104206e-05, 3.43439023709e-05, 4.4078398787e-05, 3.2600339182e-05, 2.22054350161e-05, 2.20624842768e-05, 2.81180327875e-05, 4.14033311245e-05, 3.4965632949e-05, 3.31489973178e-05, 2.9826642276e-05, 1.67690104718e-05, 9.09820391826e-06, 9.02324609342e-06, 8.60929503688e-06, 3.57301837539e-06, 2.06195500141e-06, 2.0851816771e-06, 1.79912444764e-06, 2.28648991651e-06, 2.44637317337e-06, 1.75325226337e-06, 9.20834736462e-07, 8.78628100054e-07, 9.24038431549e-07, 7.71395832544e-07, 5.38029723884e-07, 2.84501851411e-07],
        "min": [4.83276613172e-12, 1.29578270856e-12, 6.27651619914e-12, 8.19806115354e-12, 1.09656207725e-11, 2.31487849722e-11, 1.82415298144e-11, 2.99747488115e-12, 2.69803819043e-13, 6.7511951975e-13, 8.72104092501e-13, 3.89802860129e-12, 2.42186587625e-12, 1.61327505174e-12, 1.47017901325e-11, 5.09175999974e-11, 4.99285959799e-11, 1.1486557365e-11, 2.17606488384e-12, 1.05821731586e-11, 3.4665668773e-12, 7.66300759826e-13, 1.36815678144e-12, 1.82797353643e-12, 5.95356663274e-12, 2.72426612519e-12, 8.32171896496e-13, 2.40895492573e-13, 3.74747894391e-13, 1.06683325368e-12, 4.66494464585e-13, 1.81625060044e-13, 2.15794423346e-13, 3.31609820983e-13, 2.7397699452e-13, 1.85637868467e-13, 4.10804528415e-13, 2.44622762801e-13, 1.39672588816e-13, 1.1570091944e-13],
        "var": [4.6715776989e-05, 4.05099308409e-05, 1.88602768958e-06, 1.15773138987e-06, 2.76093999219e-07, 1.50294752643e-07, 9.67458930745e-08, 1.06367352259e-07, 5.38071240896e-08, 4.44044481185e-08, 7.90631986547e-08, 4.8895717697e-08, 6.81947582848e-08, 2.95594322353e-08, 5.43967253464e-08, 1.35887585628e-08, 1.18159872997e-08, 5.43311751144e-09, 6.07633454663e-09, 4.32259161798e-09, 5.73383784896e-09, 7.11358705274e-09, 1.9448964661e-09, 5.15523734812e-10, 2.15739773268e-10, 4.48610315562e-10, 5.41690414746e-10, 1.87274126762e-10, 1.54574880673e-10, 2.98257196718e-10, 3.05458686123e-10, 1.64937660752e-10, 1.36021319208e-10, 5.81897342811e-11, 2.65970474811e-11, 3.2647752557e-11, 4.55978241276e-11, 3.51588029524e-11, 2.80833915151e-11, 5.89361025261e-12]
    },
    "mfcc": {
        "mean": [-612.669921875, 102.743118286, -8.55297851562, 18.3534088135, 10.0070466995, 4.09877872467, -3.32803893089, 9.44029140472, -0.103965468705, -1.719165802, -2.09902381897, -0.336206167936, 1.37479019165],
        "cov": [[4631.38330078, 661.762756348, 95.0295715332, 563.139831543, 228.149047852, 316.43371582, 117.726638794, 188.909179688, 167.147384644, 44.1339836121, -105.468460083, 138.836639404, 38.8905181885], [661.762756348, 1202.65270996, -151.511047363, 232.618209839, 222.669631958, 106.988800049, 154.345062256, 164.317977905, 102.983192444, 10.4083023071, 21.9129180908, 70.704788208, 29.496761322], [95.0295715332, -151.511047363, 591.469726562, 141.326644897, 52.1060256958, 105.770103455, 14.1770219803, -8.31622219086, 73.1819992065, 6.68442344666, -10.7248878479, 20.8025302887, -27.2708034515], [563.139831543, 232.618209839, 141.326644897, 381.110717773, 103.233444214, 136.667205811, 55.8749885559, 38.5238494873, 96.9581222534, 45.152721405, -4.75873708725, 37.4601631165, 8.49972629547], [228.149047852, 222.669631958, 52.1060256958, 103.233444214, 246.294647217, 42.7981948853, 25.1360244751, 39.8307380676, 46.1210517883, 31.9455509186, 8.43243598938, 27.5389289856, 9.24309158325], [316.43371582, 106.988800049, 105.770103455, 136.667205811, 42.7981948853, 187.637634277, 86.638458252, 40.1572151184, 42.6833610535, 6.50773239136, 24.8088092804, 26.0171813965, -17.2002124786], [117.726638794, 154.345062256, 14.1770219803, 55.8749885559, 25.1360244751, 86.638458252, 135.749664307, 63.592540741, 13.0455989838, -6.18933916092, 17.8400878906, 22.0618038177, -1.42170894146], [188.909179688, 164.317977905, -8.31622219086, 38.5238494873, 39.8307380676, 40.1572151184, 63.592540741, 120.892883301, 37.1841125488, 1.10605752468, 3.52721786499, 14.6702108383, 6.17304706573], [167.147384644, 102.983192444, 73.1819992065, 96.9581222534, 46.1210517883, 42.6833610535, 13.0455989838, 37.1841125488, 112.3932724, 30.8656425476, -3.01882100105, 16.4133148193, -6.55673742294], [44.1339836121, 10.4083023071, 6.68442344666, 45.152721405, 31.9455509186, 6.50773239136, -6.18933916092, 1.10605752468, 30.8656425476, 87.7654342651, 27.3616485596, 4.04423618317, 0.450395524502], [-105.468460083, 21.9129180908, -10.7248878479, -4.75873708725, 8.43243598938, 24.8088092804, 17.8400878906, 3.52721786499, -3.01882100105, 27.3616485596, 79.9402542114, 19.8971176147, -7.52593803406], [138.836639404, 70.704788208, 20.8025302887, 37.4601631165, 27.5389289856, 26.0171813965, 22.0618038177, 14.6702108383, 16.4133148193, 4.04423618317, 19.8971176147, 74.277305603, 22.4124126434], [38.8905181885, 29.496761322, -27.2708034515, 8.49972629547, 9.24309158325, -17.2002124786, -1.42170894146, 6.17304706573, -6.55673742294, 0.450395524502, -7.52593803406, 22.4124126434, 67.2359390259]],
