{
"lowlevel": {
    "average_loudness": 0.936288535595,
    "barkbands_crest": {
        "dmean": 2.55155944824,
        "dmean2": 4.22552061081,
        "dvar": 6.31965208054,
        "dvar2": 17.586227417,
        "max": 21.8054714203,
        "mean": 8.73319721222,
        "median": 8.01974010468,
        "min": 2.55691862106,
        "var": 12.4537830353
    },
    "barkbands_flatness_db": {
        "dmean": 0.0202026534826,
        "dmean2": 0.0323338396847,
        "dvar": 0.000492529768962,
        "dvar2": 0.00136675289832,
        "max": 0.322650492191,
        "mean": 0.0988527610898,
        "median": 0.0860578492284,
        "min": 0.0207765325904,
        "var": 0.00209603761323
    },
    "barkbands_kurtosis": {
        "dmean": 2.59514427185,
        "dmean2": 4.37067222595,
        "dvar": 25.9017353058,
        "dvar2": 70.794670105,
        "max": 97.3665084839,
        "mean": 2.93646717072,
        "median": 0.950044393539,
        "min": -1.88430285454,
        "var": 37.9802207947
    },
    "barkbands_skewness": {
        "dmean": 0.557767987251,
        "dmean2": 0.902278065681,
        "dvar": 0.464597672224,
        "dvar2": 1.25160837173,
        "max": 9.04947376251,
        "mean": 1.53873956203,
        "median": 1.35946595669,
        "min": -4.78297328949,
        "var": 1.175801754
    },
    "barkbands_spread": {
        "dmean": 6.97096395493,
        "dmean2": 10.910900116,
        "dvar": 62.9587440491,
        "dvar2": 151.069747925,
        "max": 88.9445877075,
        "mean": 31.5659637451,
        "median": 29.8942070007,
        "min": 2.3829498291,
        "var": 256.868408203
    },
    "dissonance": {
        "dmean": 0.0112527953461,
        "dmean2": 0.0188420191407,
        "dvar": 0.000126447164803,
        "dvar2": 0.000350635586074,
        "max": 0.500000059605,
        "mean": 0.478977024555,
        "median": 0.483580797911,
        "min": 0.3628064394,
        "var": 0.000291844073217
    },
    "dynamic_complexity": 2.71260547638,
    "erbbands_crest": {
        "dmean": 1.9394338131,
        "dmean2": 3.13229560852,
        "dvar": 4.03611469269,
        "dvar2": 9.53273773193,
        "max": 27.4143409729,
        "mean": 6.96422195435,
        "median": 5.81869029999,
        "min": 2.40050530434,
        "var": 12.9725790024
    },
    "erbbands_flatness_db": {
        "dmean": 0.0113186296076,
        "dmean2": 0.0165864285082,
        "dvar": 0.00014135017409,
        "dvar2": 0.000265834882157,
        "max": 0.256679028273,
        "mean": 0.117426969111,
        "median": 0.113385982811,
        "min": 0.0270015671849,
        "var": 0.00107020500582
    },
    "erbbands_kurtosis": {
        "dmean": 0.489874780178,
        "dmean2": 0.757783889771,
        "dvar": 0.459723979235,
        "dvar2": 0.884223401546,
        "max": 25.2763175964,
        "mean": -0.354360252619,
        "median": -0.633643865585,
        "min": -1.75793468952,
        "var": 2.09938955307
    },
    "erbbands_skewness": {
        "dmean": 0.264897346497,
        "dmean2": 0.39692273736,
        "dvar": 0.0655481144786,
        "dvar2": 0.134647354484,
        "max": 2.08816671371,
        "mean": -0.0845122411847,
        "median": -0.0769388005137,
        "min": -3.94895529747,
        "var": 0.350550949574
    },
    "erbbands_spread": {
        "dmean": 9.20412445068,
        "dmean2": 14.5818271637,
        "dvar": 99.6567459106,
        "dvar2": 239.935546875,
        "max": 139.927932739,
        "mean": 53.5684738159,
        "median": 51.7743301392,
        "min": 7.6510052681,
        "var": 337.102050781
    },
    "hfc": {
        "dmean": 5.73530673981,
        "dmean2": 8.72902488708,
        "dvar": 66.9602203369,
        "dvar2": 151.63180542,
        "max": 100.097381592,
        "mean": 26.1312885284,
        "median": 23.0589847565,
        "min": 1.15045126627e-16,
        "var": 346.784515381
    },
    "melbands_crest": {
        "dmean": 3.06845545769,
        "dmean2": 5.02166509628,
        "dvar": 7.91128396988,
        "dvar2": 21.1024646759,
        "max": 31.9289970398,
        "mean": 13.2072763443,
        "median": 12.5295658112,
        "min": 3.68263339996,
        "var": 18.3704071045
    },
    "melbands_flatness_db": {
        "dmean": 0.026864701882,
        "dmean2": 0.042597014457,
        "dvar": 0.000824689224828,
        "dvar2": 0.00226291897707,
        "max": 0.403657406569,
        "mean": 0.164140537381,
        "median": 0.154201745987,
        "min": 0.00785705633461,
        "var": 0.00313410698436
    },
    "melbands_kurtosis": {
        "dmean": 9.36460113525,
        "dmean2": 16.0382442474,
        "dvar": 342.037445068,
        "dvar2": 968.048034668,
        "max": 298.403900146,
        "mean": 15.3936367035,
        "median": 9.37676048279,
        "min": -1.87896478176,
        "var": 377.942718506
    },
    "melbands_skewness": {
        "dmean": 0.890151560307,
        "dmean2": 1.46102678776,
        "dvar": 1.37238919735,
        "dvar2": 3.79584813118,
        "max": 14.2242822647,
        "mean": 3.15709328651,
        "median": 2.86102890968,
        "min": -1.60663747787,
        "var": 2.55457258224
    },
    "melbands_spread": {
        "dmean": 8.86558246613,
        "dmean2": 14.0165910721,
        "dvar": 126.200462341,
        "dvar2": 288.415313721,
        "max": 254.079315186,
        "mean": 28.8972797394,
        "median": 25.2873439789,
        "min": 1.29350829124,
        "var": 432.820220947
    },
    "pitch_salience": {
        "dmean": 0.0730212256312,
        "dmean2": 0.122728765011,
        "dvar": 0.00583166116849,
        "dvar2": 0.0161015689373,
        "max": 0.838558971882,
        "mean": 0.61113268137,
        "median": 0.622479081154,
        "min": 0.15015527606,
        "var": 0.0107924519107
    },
    "silence_rate_20dB": {
        "dmean": 0,
        "dmean2": 0,
        "dvar": 0,
        "dvar2": 0,
        "max": 1,
        "mean": 1,
        "median": 1,
        "min": 1,
        "var": 0
    },
    "silence_rate_30dB": {
        "dmean": 0,
        "dmean2": 0,
        "dvar": 0,
        "dvar2": 0,
        "max": 1,
        "mean": 1,
        "median": 1,
        "min": 1,
        "var": 0
    },
    "silence_rate_60dB": {
        "dmean": 0.0127708977088,
        "dmean2": 0.0255516842008,
        "dvar": 0.0126086240634,
        "dvar2": 0.0310959108174,
        "max": 1,
        "mean": 0.0235976781696,
        "median": 0,
        "min": 0,
        "var": 0.0230409223586
    },
    "spectral_centroid": {
        "dmean": 273.03213501,
        "dmean2": 422.219116211,
        "dvar": 106974.585938,
        "dvar2": 198538.375,
        "max": 10899.8105469,
        "mean": 1575.31604004,
        "median": 1557.30834961,
        "min": 274.915466309,
        "var": 397595.59375
    },
    "spectral_complexity": {
        "dmean": 3.89899373055,
        "dmean2": 6.12156391144,
        "dvar": 16.2045650482,
        "dvar2": 35.5871429443,
        "max": 59,
        "mean": 25.41431427,
        "median": 24,
        "min": 0,
        "var": 179.32093811
    },
    "spectral_decrease": {
        "dmean": 3.00024094457e-09,
        "dmean2": 5.20925258485e-09,
        "dvar": 2.92053022834e-17,
        "dvar2": 8.13804175606e-17,
        "max": 4.40556173852e-29,
        "mean": -6.85736356587e-09,
        "median": -5.92586690829e-09,
        "min": -3.77465347867e-08,
        "var": 2.99514258133e-17
    },
    "spectral_energy": {
        "dmean": 0.0116149261594,
        "dmean2": 0.0200746022165,
        "dvar": 0.000432211498264,
        "dvar2": 0.0012030309299,
        "max": 0.145642623305,
        "mean": 0.0282514616847,
        "median": 0.0247327815741,
        "min": 1.02686580905e-20,
        "var": 0.000464536831714
    },
    "spectral_energyband_high": {
        "dmean": 0.000507566379383,
        "dmean2": 0.000760647293646,
        "dvar": 6.93489710102e-07,
        "dvar2": 1.37819279189e-06,
        "max": 0.0106562264264,
        "mean": 0.00161854596809,
        "median": 0.00113442330621,
        "min": 7.38964950619e-21,
        "var": 3.17519538839e-06
    },
    "spectral_energyband_low": {
        "dmean": 0.00781065411866,
        "dmean2": 0.0139488149434,
        "dvar": 0.000317612255458,
        "dvar2": 0.000911925104447,
        "max": 0.132557749748,
        "mean": 0.0100803403184,
        "median": 0.00569048011675,
        "min": 7.0061627379e-23,
        "var": 0.000238589491346
    },
    "spectral_energyband_middle_high": {
        "dmean": 0.00130308745429,
        "dmean2": 0.00197765836492,
        "dvar": 3.06540005113e-06,
        "dvar2": 7.34268633096e-06,
        "max": 0.0288361180574,
        "mean": 0.0052457456477,
        "median": 0.00380491535179,
        "min": 1.32989528794e-21,
        "var": 2.09116606129e-05
    },
    "spectral_energyband_middle_low": {
        "dmean": 0.00536801060662,
        "dmean2": 0.00887924060225,
        "dvar": 0.000144348552567,
        "dvar2": 0.000388899410609,
        "max": 0.12924002111,
        "mean": 0.0128082409501,
        "median": 0.0104267895222,
        "min": 3.93692381726e-22,
        "var": 0.000151398053276
    },
    "spectral_entropy": {
        "dmean": 0.111902751029,
        "dmean2": 0.162397816777,
        "dvar": 0.0148283839226,
        "dvar2": 0.0280199423432,
        "max": 9.79574775696,
        "mean": 7.90343379974,
        "median": 7.93981170654,
        "min": 6.43585681915,
        "var": 0.108299821615
    },
    "spectral_flux": {
        "dmean": 0.0274850465357,
        "dmean2": 0.0448059290648,
        "dvar": 0.00164431717712,
        "dvar2": 0.00310652190819,
        "max": 0.32977026701,
        "mean": 0.0904288962483,
        "median": 0.0812689512968,
        "min": 1.01334385327e-10,
        "var": 0.00305083487183
    },
    "spectral_kurtosis": {
        "dmean": 0.849043309689,
        "dmean2": 1.38498520851,
        "dvar": 0.962827682495,
        "dvar2": 2.54040288925,
        "max": 13.9746932983,
        "mean": 2.8894803524,
        "median": 2.8396897316,
        "min": -1.17448508739,
        "var": 2.65572190285
    },
    "spectral_rms": {
        "dmean": 0.000904243788682,
        "dmean2": 0.00151883508079,
        "dvar": 1.80591541721e-06,
        "dvar2": 4.95446238347e-06,
        "max": 0.0119201662019,
        "mean": 0.00491310376674,
        "median": 0.00491218315437,
        "min": 3.16515455338e-12,
        "var": 3.42376074514e-06
    },
    "spectral_rolloff": {
        "dmean": 691.93737793,
        "dmean2": 1126.41174316,
        "dvar": 1176379,
        "dvar2": 2475666.75,
        "max": 18712.3535156,
        "mean": 2021.61450195,
        "median": 1507.32421875,
        "min": 107.666015625,
        "var": 3575409.5
    },
    "spectral_skewness": {
        "dmean": 0.157566100359,
        "dmean2": 0.246072679758,
        "dvar": 0.0326501727104,
        "dvar2": 0.0783097371459,
        "max": 2.71555781364,
        "mean": 1.27022516727,
        "median": 1.28119575977,
        "min": -0.000703687721398,
        "var": 0.123787775636
    },
    "spectral_spread": {
        "dmean": 479333.3125,
        "dmean2": 667137.25,
        "dvar": 580154949632,
        "dvar2": 795378122752,
        "max": 39556920,
        "mean": 5357764.5,
        "median": 5073181,
        "min": 2326560.25,
        "var": 2.46589397402e+12
    },
    "spectral_strongpeak": {
        "dmean": 0.398726135492,
        "dmean2": 0.688996970654,
        "dvar": 0.556982338428,
        "dvar2": 1.48738586903,
        "max": 8.90759086609,
        "mean": 0.620586335659,
        "median": 0.363696038723,
        "min": 4.83491868764e-09,
        "var": 0.68886089325
    },
    "zerocrossingrate": {
        "dmean": 0.012195315212,
        "dmean2": 0.0139015540481,
        "dvar": 0.000198278605239,
        "dvar2": 0.000210436395719,
        "max": 0.50537109375,
        "mean": 0.0809594839811,
        "median": 0.07421875,
        "min": 0.01025390625,
        "var": 0.00190849229693
    },
    "barkbands": {
        "dmean": [0.000112066139991, 0.00485819298774, 0.00310931587592, 0.00171510118525, 0.00342297949828, 0.000988409854472, 0.00043633551104, 0.000449725484941, 0.000575186160859, 0.000433480396168, 0.000233843224123, 0.000343189749401, 0.000283856410533, 0.000193757819943, 0.000211152408156, 0.000245958857704, 0.000322201871313, 0.000221701440751, 0.000188140649698, 0.000161626812769, 0.000149029452587, 0.000169695500517, 0.000104492683022, 0.000129761858261, 5.17636290169e-05, 2.57585725194e-05, 5.7126540014e-06],
        "dmean2": [0.000175226741703, 0.00873615406454, 0.00559305818751, 0.00283696409315, 0.00571371568367, 0.00164605898317, 0.000720050709788, 0.000724563549738, 0.000916113203857, 0.000707476749085, 0.000378131720936, 0.000539978093002, 0.00045798017527, 0.000303403590806, 0.000331212970195, 0.000394969742047, 0.000534585386049, 0.000355167430826, 0.000306217203615, 0.000259341817582, 0.000261677923845, 0.00026359478943, 0.000153420245624, 0.0001880502532, 7.56678564358e-05, 3.82177131542e-05, 9.02635383682e-06],
        "dvar": [4.46774350849e-08, 0.000140372547321, 4.83582443849e-05, 6.50087213216e-06, 7.5661118899e-05, 2.9740942864e-06, 7.03513194367e-07, 8.61198202529e-07, 1.10623329874e-06, 8.10274684682e-07, 3.01393043856e-07, 8.70522228524e-07, 2.79928940472e-07, 2.0215050256e-07, 2.2605465233e-07, 1.71696640905e-07, 2.58062726743e-07, 1.2835680252e-07, 8.95502481058e-08, 5.25783683258e-08, 7.9271899267e-08, 8.81898643001e-08, 4.20732426676e-08, 9.39396826993e-08, 9.52250545083e-09, 2.10427586467e-09, 1.7184277612e-10],
        "dvar2": [1.01104134842e-07, 0.000400616321713, 0.000140346222906, 1.70956809598e-05, 0.00020773014694, 8.07212018117e-06, 1.80853703569e-06, 2.08479309549e-06, 2.68929625236e-06, 1.89915408555e-06, 6.9406479497e-07, 2.07479911296e-06, 6.51358107007e-07, 4.94539960982e-07, 4.98197891829e-07, 3.73840606471e-07, 6.67422000333e-07, 3.00342890114e-07, 2.32097747244e-07, 1.33703494498e-07, 2.19823519387e-07, 1.94856468738e-07, 8.56647730529e-08, 1.77988624728e-07, 2.10913597698e-08, 5.05683184215e-09, 4.4806580668e-10],
        "max": [0.00207475014031, 0.0886944383383, 0.0655484870076, 0.0377943217754, 0.0932831019163, 0.0181830544025, 0.0146617768332, 0.0228577777743, 0.0166427027434, 0.0190868042409, 0.0107696410269, 0.0225459523499, 0.0100945485756, 0.00860842131078, 0.00915658380836, 0.0111933378503, 0.00858414266258, 0.00787660293281, 0.00407963106409, 0.00379297393374, 0.00232619675808, 0.00655095279217, 0.00380347878672, 0.00557098118588, 0.00170120608527, 0.000615546363406, 0.000192812745809],
        "mean": [0.000127575680381, 0.0047402321361, 0.00382701284252, 0.00290843006223, 0.00554587086663, 0.00157633866183, 0.000720106821973, 0.000726726779249, 0.00109024799895, 0.000819838314783, 0.000380301265977, 0.000605016364716, 0.000490176957101, 0.000314082048135, 0.000363377708709, 0.000528464152012, 0.000690566084813, 0.000486388191348, 0.000450437131803, 0.000399503478548, 0.000280424836092, 0.000385409482988, 0.000257530686213, 0.000335631426424, 0.000131553868414, 6.12719231867e-05, 8.94711956789e-06],
        "median": [4.01696597692e-05, 0.00169784901664, 0.00200322945602, 0.00200665765442, 0.00361094926484, 0.000985315302387, 0.000395151029807, 0.000357231067028, 0.000433448003605, 0.000353833689587, 0.000184543983778, 0.000198476933292, 0.000254416023381, 0.000131328008138, 0.000162358235684, 0.000334694981575, 0.000440393516328, 0.00031000765739, 0.000211122795008, 0.00023919310479, 0.000188490957953, 0.000237248576013, 0.000122430123156, 0.000151527492562, 7.75386288296e-05, 3.5168719478e-05, 3.34899345944e-06],
        "min": [3.54696664774e-23, 3.15367247038e-23, 1.72862569513e-23, 3.16309241622e-23, 3.08114049668e-23, 1.50508933586e-23, 6.19095387845e-23, 1.53778424406e-22, 9.53377657678e-23, 7.20440159012e-23, 5.77501844647e-23, 6.64692936562e-23, 1.2622389164e-22, 7.01397182978e-23, 7.60827376113e-23, 1.51370164591e-22, 1.12845984512e-22, 3.16097700682e-22, 1.84024272901e-22, 2.05011052693e-22, 4.16240424534e-22, 5.42175845518e-22, 4.82974169609e-22, 8.34372752089e-22, 1.32128491534e-21, 1.69568309723e-21, 2.26353774099e-21],
        "var": [5.64088118438e-08, 0.000102538055216, 3.60423509846e-05, 1.05804610939e-05, 6.30398571957e-05, 3.75089257432e-06, 1.06025277091e-06, 1.34607091695e-06, 3.03066894958e-06, 2.78779361906e-06, 6.02435875408e-07, 2.13787689063e-06, 6.12607607309e-07, 3.20241781537e-07, 4.4916475872e-07, 5.23160792909e-07, 6.29913188277e-07, 3.42293390077e-07, 3.31833319933e-07, 1.78856979005e-07, 9.40271576155e-08, 2.61191416939e-07, 1.63807499121e-07, 3.70019819229e-07, 2.9568003157e-08, 5.8193729835e-09, 2.74200828709e-10]
    },
    "erbbands": {
        "dmean": [0.0972294360399, 1.26627016068, 3.51320314407, 4.42560338974, 11.1575231552, 11.1412191391, 8.60569000244, 7.47559213638, 5.90366363525, 7.17899131775, 10.4435024261, 11.9038505554, 14.050994873, 12.3549747467, 10.0726852417, 13.5645332336, 11.5667953491, 10.5041160583, 9.03584766388, 11.4625196457, 13.2284669876, 16.6397418976, 12.9073047638, 6.97840213776, 11.2095346451, 7.16016292572, 5.63250207901, 6.23367977142, 6.24111509323, 5.05705976486, 2.57079768181, 2.89047169685, 2.00134468079, 0.767992138863, 0.287986427546, 0.132086321712, 0.047593973577, 0.0088803768158, 0.000869966985192, 7.33356791898e-05],
        "dmean2": [0.161789402366, 2.32475590706, 6.43458127975, 7.51142215729, 18.3868465424, 19.0410060883, 14.1982631683, 12.9014253616, 9.93610954285, 11.7951574326, 17.0345611572, 18.8420410156, 23.2690162659, 20.1517124176, 15.9657754898, 21.3181228638, 18.6240825653, 16.6044158936, 14.0179672241, 18.4183311462, 20.9663658142, 27.7260761261, 20.5900268555, 11.1713218689, 18.1212692261, 11.5774784088, 9.65506076813, 10.9806213379, 10.0503110886, 7.45097923279, 3.77613544464, 4.22911167145, 2.97964882851, 1.12840867043, 0.417781829834, 0.192170619965, 0.0718374103308, 0.013373201713, 0.00138297246303, 0.000120093136502],
        "dvar": [0.0399120599031, 10.4921255112, 74.2846603394, 39.2462997437, 763.164794922, 729.71484375, 188.348526001, 225.099411011, 154.420913696, 176.084854126, 410.408966064, 511.612091064, 898.805358887, 835.691345215, 608.917114258, 1363.04284668, 460.825744629, 611.548583984, 402.471710205, 598.002929688, 526.250793457, 730.753173828, 379.804351807, 140.986999512, 347.305023193, 108.745246887, 106.727333069, 146.763320923, 114.285690308, 94.5091400146, 26.0971240997, 54.848690033, 18.6907577515, 2.39164471626, 0.286054193974, 0.0522938966751, 0.00833836570382, 0.000275019119726, 3.61524462278e-06, 3.11043066858e-08],
        "dvar2": [0.102435201406, 30.2352676392, 215.485458374, 108.552055359, 1979.36181641, 2063.74829102, 517.296264648, 613.990539551, 404.108123779, 448.585906982, 978.70715332, 1193.80859375, 2366.05419922, 2018.48156738, 1463.9519043, 3195.33691406, 1096.84985352, 1537.43981934, 897.529785156, 1388.64868164, 1069.95202637, 1958.01098633, 884.050720215, 321.659057617, 931.353393555, 281.209838867, 286.965209961, 412.459197998, 267.561645508, 180.119247437, 51.6402435303, 112.783691406, 36.830657959, 5.13583850861, 0.64557158947, 0.121970050037, 0.0212095417082, 0.000644429062959, 9.19567537494e-06, 8.26192732006e-08],
        "max": [1.8563246727, 24.1512031555, 77.8721542358, 64.6059341431, 320.965942383, 310.885559082, 139.653549194, 165.302688599, 227.489486694, 258.869750977, 370.754852295, 426.433105469, 536.660400391, 697.868896484, 452.289733887, 852.442749023, 449.711486816, 484.557678223, 433.076263428, 589.010986328, 753.230224609, 493.444671631, 362.427246094, 349.380432129, 319.134338379, 212.080429077, 108.994590759, 119.674537659, 227.922286987, 171.756240845, 92.3179626465, 156.899978638, 58.9364356995, 22.209733963, 14.5126562119, 4.21462345123, 1.41579246521, 0.1909635216, 0.0323457978666, 0.00233466061763],
        "mean": [0.116005294025, 1.15626394749, 4.02822828293, 7.6837387085, 17.0075397491, 17.3415412903, 14.5153045654, 11.1225671768, 9.45984268188, 12.6066093445, 17.8833675385, 22.0049285889, 27.858833313, 24.7684879303, 18.2713470459, 25.0542831421, 22.0221061707, 19.1924362183, 16.7580661774, 22.3595371246, 31.2223491669, 38.1419029236, 30.7423877716, 17.7979679108, 27.9174594879, 18.4350452423, 11.9102096558, 11.1003227234, 13.5142335892, 12.0819597244, 6.57476043701, 7.15174245834, 5.07602357864, 1.93805444241, 0.727794349194, 0.319955736399, 0.102099865675, 0.0183519218117, 0.00136643555015, 0.00011926573643],
        "median": [0.0357289761305, 0.429797589779, 2.05578637123, 5.44930839539, 10.1485280991, 11.1858139038, 8.8536529541, 6.69167757034, 5.10833263397, 7.49342441559, 9.00446891785, 9.80857372284, 12.7611618042, 10.8840742111, 8.53195381165, 9.42315864563, 12.4252443314, 8.70743083954, 8.13181686401, 12.5691242218, 20.078540802, 25.3437767029, 20.5978088379, 11.2837743759, 11.6955251694, 11.1853456497, 8.21854972839, 7.3892788887, 8.97822093964, 5.65643453598, 3.21842718124, 3.00142264366, 2.46628928185, 1.1297955513, 0.40289658308, 0.181473374367, 0.0559995956719, 0.00919527839869, 0.000580250984058, 6.17101468379e-05],
        "min": [1.4227584286e-21, 5.30133874964e-21, 1.66931106065e-20, 6.03666846765e-20, 1.28924409047e-19, 1.01142611133e-19, 9.42706207866e-20, 1.20154885762e-19, 4.7673851501e-19, 1.42759617422e-18, 4.37299329225e-18, 2.31624881739e-18, 1.58043402581e-18, 3.12411000636e-18, 1.86452383052e-18, 3.59434584778e-18, 5.64593822818e-18, 4.19928701797e-18, 4.47486141186e-18, 6.03374531477e-18, 7.50728279002e-18, 6.3854252881e-18, 1.15529768439e-17, 1.7640946743e-17, 8.4613843414e-18, 9.55048425029e-18, 9.72181568903e-18, 2.14128092725e-17, 1.96305990119e-17, 1.59163992429e-17, 1.50114768876e-17, 1.53508872909e-17, 1.71414868173e-17, 1.37937826535e-17, 8.57198335238e-18, 5.22038606307e-18, 3.61124887e-18, 1.27346978203e-18, 3.2516746468e-19, 3.17371138772e-20],
        "var": [0.0458592176437, 6.8636097908, 49.3629760742, 61.1863288879, 723.080993652, 581.345825195, 303.116485596, 238.524902344, 210.985977173, 262.973480225, 757.702636719, 1157.39135742, 2246.08618164, 3077.45581055, 1230.16601562, 3112.73364258, 1091.91381836, 1115.59594727, 753.423095703, 1370.91015625, 1839.95861816, 1797.37231445, 1157.13244629, 419.476593018, 1336.29150391, 378.654083252, 162.468170166, 154.808685303, 297.850524902, 368.612426758, 105.914382935, 194.792449951, 69.733757019, 7.41793251038, 0.893567979336, 0.16014444828, 0.0181893836707, 0.000695062335581, 5.84285271543e-06, 4.24664676757e-08]
    },
    "gfcc": {
        "mean": [31.9957389832, 70.5191421509, -105.537956238, 42.921257019, -56.3896141052, 12.0336046219, -42.1223144531, 7.97991132736, -28.8442707062, -5.85849380493, -22.8590431213, -0.493951499462, -13.5165910721],
        "cov": [[7395.51611328, -728.245239258, 8.93850708008, -86.5187301636, -245.652893066, 343.063323975, 67.8540725708, 334.581817627, 3.32579135895, 50.5113182068, -30.8038959503, 245.224243164, 1.47601521015], [-728.245239258, 981.786254883, -307.434844971, 46.3586845398, 175.123046875, -190.531921387, 116.810348511, -71.1090240479, 25.6136627197, -39.961139679, 52.7914161682, -78.589263916, 66.2662277222], [8.93850708008, -307.434844971, 518.064025879, -5.65941762924, 23.3044223785, 107.088752747, -30.4525089264, 50.7060699463, 16.5642204285, 21.4859352112, -20.3858795166, 72.5174560547, -15.2977609634], [-86.5187301636, 46.3586845398, -5.65941762924, 247.007446289, -0.883924663067, -21.7728176117, 0.0278759244829, -14.8530168533, 46.4599647522, -2.2270014286, 3.26665520668, -11.7079076767, 24.3575267792], [-245.652893066, 175.123046875, 23.3044223785, -0.883924663067, 218.901794434, -17.2156238556, 79.2383804321, 18.504108429, 21.6122760773, 25.6046886444, 23.2038135529, 11.4577627182, 19.7773456573], [343.063323975, -190.531921387, 107.088752747, -21.7728176117, -17.2156238556, 202.572387695, 4.22162055969, 60.0636062622, -0.769591569901, 12.5078105927, 22.706867218, 26.1471366882, -16.6944637299], [67.8540725708, 116.810348511, -30.4525089264, 0.0278759244829, 79.2383804321, 4.22162055969, 173.337142944, 15.9322090149, 18.8444843292, 7.88044452667, 13.6063013077, 23.8007450104, 9.28534412384], [334.581817627, -71.1090240479, 50.7060699463, -14.8530168533, 18.504108429, 60.0636062622, 15.9322090149, 117.510108948, 23.5568885803, 13.4567928314, 10.1396226883, 20.2329063416, 7.91849184036], [3.32579135895, 25.6136627197, 16.5642204285, 46.4599647522, 21.6122760773, -0.769591569901, 18.8444843292, 23.5568885803, 82.1352996826, 22.7997627258, 10.8831090927, -0.927157759666, 15.6174459457], [50.5113182068, -39.961139679, 21.4859352112, -2.2270014286, 25.6046886444, 12.5078105927, 7.88044452667, 13.4567928314, 22.7997627258, 64.9521789551, 15.5172815323, 10.5256872177, -1.02201843262], [-30.8038959503, 52.7914161682, -20.3858795166, 3.26665520668, 23.2038135529, 22.706867218, 13.6063013077, 10.1396226883, 10.8831090927, 15.5172815323, 62.4746894836, 16.3213939667, 7.4011297226], [245.224243164, -78.589263916, 72.5174560547, -11.7079076767, 11.4577627182, 26.1471366882, 23.8007450104, 20.2329063416, -0.927157759666, 10.5256872177, 16.3213939667, 83.8979034424, 11.7881336212], [1.47601521015, 66.2662277222, -15.2977609634, 24.3575267792, 19.7773456573, -16.6944637299, 9.28534412384, 7.91849184036, 15.6174459457, -1.02201843262, 7.4011297226, 11.7881336212, 55.3587684631]],
        "icov": [[0.000201236616704, 1.16071150842e-05, 0.000199842979782, -2.09704685403e-05, 0.000238372682361, -0.0002243379422, -5.19516761415e-05, -0.000483392854221, 1.72641157405e-05, -0.000165437508258, 0.00044276411063, -0.000655493407976, 4.26976512244e-05], [1.16071150842e-05, 0.00239668297581, 0.000562159868423, 0.000109538676043, -0.00142101396341, 0.00139720714651, -0.001018488314, 0.000652173301205, -0.000334133161232, 0.00189893413335, -0.00246456940658, 0.00211371690966, -0.00174677674659], [0.000199842979782, 0.000562159868423, 0.00326601695269, -0.00015963340411, -0.00105970376171, -0.0013280446874, 0.000992046087049, -0.000457153160824, -0.00111304409802, 0.000107907726488, 0.00231172912754, -0.00310903484933, 0.000840570486616], [-2.09704685403e-05, 0.000109538676043, -0.00015963340411, 0.00490263244137, 0.000177647016244, 0.000125646663946, 1.37352863021e-05, 0.00123932713177, -0.00304309418425, 0.000966950668953, -0.000435875816038, 0.000798736233264, -0.00177241582423], [0.000238372682361, -0.00142101396341, -0.00105970376171, 0.000177647016244, 0.00755103258416, 0.00025479256874, -0.00241880398244, -0.00164766190574, 0.000639401027001, -0.00318566965871, -0.000225519237574, -0.000558784056921, -0.000745854456909], [-0.0002243379422, 0.00139720714651, -0.0013280446874, 0.000125646663946, 0.00025479256874, 0.00843845494092, -0.00127970753238, -0.00241071847267, 0.00106327212416, 0.000962312915362, -0.00533002661541, 0.00221346109174, 0.000883484550286], [-5.19516761415e-05, -0.001018488314, 0.000992046087049, 1.37352863021e-05, -0.00241880398244, -0.00127970753238, 0.00828760210425, -0.000261415465502, -0.00173985597212, 0.000158620183356, 0.00182856724132, -0.0038479459472, 0.00168285379186], [-0.000483392854221, 0.000652173301205, -0.000457153160824, 0.00123932713177, -0.00164766190574, -0.00241071847267, -0.000261415465502, 0.0128916241229, -0.00362849538215, 0.000785979325883, -0.00107563030906, 0.000940666766837, -0.00239627459086], [1.72641157405e-05, -0.000334133161232, -0.00111304409802, -0.00304309418425, 0.000639401027001, 0.00106327212416, -0.00173985597212, -0.00362849538215, 0.0180026907474, -0.00589670240879, -0.00159562437329, 0.00282865273766, -0.00324273481965], [-0.000165437508258, 0.00189893413335, 0.000107907726488, 0.000966950668953, -0.00318566965871, 0.000962312915362, 0.000158620183356, 0.000785979325883, -0.00589670240879, 0.020909179002, -0.00545517029241, 0.000391931942431, 0.00132039166056], [0.00044276411063, -0.00246456940658, 0.00231172912754, -0.000435875816038, -0.000225519237574, -0.00533002661541, 0.00182856724132, -0.00107563030906, -0.00159562437329, -0.00545517029241, 0.0246185436845, -0.00848576053977, 0.000954367278609], [-0.000655493407976, 0.00211371690966, -0.00310903484933, 0.000798736233264, -0.000558784056921, 0.00221346109174, -0.0038479459472, 0.000940666766837, 0.00282865273766, 0.000391931942431, -0.00848576053977, 0.0214201677591, -0.00656278571114], [4.26976512244e-05, -0.00174677674659, 0.000840570486616, -0.00177241582423, -0.000745854456909, 0.000883484550286, 0.00168285379186, -0.00239627459086, -0.00324273481965, 0.00132039166056, 0.000954367278609, -0.00656278571114, 0.0239684060216]]
    },
    "melbands": {
        "dmean": [0.00112963502761, 0.00180140219163, 0.000908771529794, 0.000857512466609, 0.000303008098854, 0.000167390069691, 9.04355474631e-05, 8.06203024695e-05, 8.65056790644e-05, 8.00715570222e-05, 7.19981690054e-05, 5.24903080077e-05, 3.41349950759e-05, 4.10863940488e-05, 2.95098325296e-05, 2.68859967036e-05, 1.98542511498e-05, 1.48745366459e-05, 1.59928349603e-05, 1.65241581271e-05, 1.73980261025e-05, 1.79120179382e-05, 1.82462536031e-05, 1.00336710602e-05, 5.80618143431e-06, 8.50022297527e-06, 8.1929983935e-06, 4.63870901513e-06, 3.55668566954e-06, 4.29588635598e-06, 3.61624233847e-06, 3.77480932912e-06, 3.74950786863e-06, 2.74731337413e-06, 1.57215174568e-06, 1.60354443324e-06, 2.04768662115e-06, 1.61143759669e-06, 1.1452355011e-06, 5.4527794191e-07],
        "dmean2": [0.00198108935729, 0.00329951220192, 0.00151305960026, 0.00144074368291, 0.000504814670421, 0.000286723457975, 0.000151087922859, 0.000130952539621, 0.00014093950449, 0.000126374012325, 0.000119404889119, 8.5926054453e-05, 5.48581192561e-05, 6.41579754301e-05, 4.77324138046e-05, 4.36023001384e-05, 3.11734474963e-05, 2.29011675401e-05, 2.54449332715e-05, 2.70212949545e-05, 2.79329597106e-05, 3.00598712784e-05, 2.99209987134e-05, 1.6319901988e-05, 9.47918397287e-06, 1.38697432703e-05, 1.33664771056e-05, 7.68716472521e-06, 6.01143847234e-06, 7.56844565331e-06, 6.41377164357e-06, 6.30882732366e-06, 5.62579680263e-06, 4.1364610297e-06, 2.42404735218e-06, 2.37925019064e-06, 3.06388756144e-06, 2.46205081567e-06, 1.71818612671e-06, 8.27152518923e-07],
        "dvar": [6.69766313877e-06, 2.04075240617e-05, 2.00569888875e-06, 5.09507663082e-06, 2.52146520552e-07, 1.06402353595e-07, 3.34966223647e-08, 2.39047874828e-08, 2.51027376663e-08, 2.28648673328e-08, 2.25910881113e-08, 1.53456518603e-08, 7.06341518608e-09, 1.50541232813e-08, 4.28043644973e-09, 2.40591435663e-09, 2.29075403091e-09, 1.05413122675e-09, 1.57203305928e-09, 8.72809935437e-10, 9.69637259374e-10, 8.86714590642e-10, 7.81339881684e-10, 3.09088060702e-10, 1.00534282288e-10, 2.05680944498e-10, 1.63795491059e-10, 4.77726087855e-11, 3.95736811376e-11, 6.36197483583e-11, 5.15452888705e-11, 4.44999453952e-11, 4.63592671196e-11, 3.10553180394e-11, 1.01349328235e-11, 1.25363521647e-11, 2.84370443859e-11, 1.19536385998e-11, 6.18120702192e-12, 1.03992823467e-12],
        "dvar2": [1.87562418432e-05, 5.90455201745e-05, 5.26600524609e-06, 1.40624924825e-05, 7.01188525909e-07, 2.89827255529e-07, 8.77517365439e-08, 5.9719759804e-08, 6.01683467494e-08, 5.43621290205e-08, 5.8966175942e-08, 3.60889202966e-08, 1.61160080836e-08, 3.57477105695e-08, 9.29756716062e-09, 5.96871974068e-09, 5.67481706071e-09, 2.39732300678e-09, 3.69829700197e-09, 2.04649719393e-09, 2.00467820122e-09, 2.40780817506e-09, 1.87620119441e-09, 7.37234995274e-10, 2.36942410137e-10, 5.41122480158e-10, 4.34585867293e-10, 1.24611224117e-10, 1.04972662507e-10, 1.77929129763e-10, 1.45829431863e-10, 1.14439201171e-10, 9.49270245743e-11, 6.69089159078e-11, 2.11199929073e-11, 2.75927822257e-11, 6.06571737283e-11, 2.47420504224e-11, 1.36701960515e-11, 2.34468932984e-12],
        "max": [0.0209292080253, 0.0355206280947, 0.0173823330551, 0.0238869655877, 0.00484140589833, 0.00336811458692, 0.00308746518567, 0.00338163366541, 0.00244418671355, 0.00277046673, 0.00270089949481, 0.00310919573531, 0.00176226370968, 0.00341521156952, 0.00130097672809, 0.000715292349923, 0.000874007935636, 0.000675671792123, 0.000945885200053, 0.000578293344006, 0.000849247560836, 0.000639453530312, 0.000392428482883, 0.000366584514268, 0.000284671521513, 0.000209158286452, 0.000269215903245, 0.000132188011776, 6.76618074067e-05, 6.7675653554e-05, 7.75228691055e-05, 0.000122697383631, 0.000142920893268, 9.12414107006e-05, 5.98702827119e-05, 6.9437919592e-05, 9.7758937045e-05, 4.98006666021e-05, 3.88875196222e-05, 1.47716082211e-05],
        "mean": [0.00118633045349, 0.00195336691104, 0.00161801732611, 0.00131656136364, 0.000537274521776, 0.000254956190474, 0.000149039522512, 0.000139941985253, 0.00014417526836, 0.000148941777297, 0.000139393756399, 0.000101797450043, 5.75644480705e-05, 7.1979688073e-05, 5.29828794242e-05, 4.66904421046e-05, 3.31355477101e-05, 2.49407621595e-05, 2.75489346677e-05, 3.27174893755e-05, 3.72302674805e-05, 3.76659263566e-05, 3.84612430935e-05, 2.11907827179e-05, 1.262079968e-05, 1.92619263544e-05, 1.92431398318e-05, 1.05322187665e-05, 7.16420890967e-06, 7.25281324776e-06, 5.94041011936e-06, 7.41614667277e-06, 7.97733446234e-06, 6.17081650489e-06, 3.61599222742e-06, 3.71869418814e-06, 4.64480353912e-06, 3.79668836104e-06, 2.6586255899e-06, 1.26211671159e-06],
        "median": [0.000400791002903, 0.00096877705073, 0.00118456676137, 0.000818556407467, 0.00035898949136, 0.000155240632012, 8.24845337775e-05, 8.27979383757e-05, 7.3091701779e-05, 6.04179876973e-05, 6.26330875093e-05, 4.26992846769e-05, 2.64320387942e-05, 2.20288475248e-05, 2.49250733759e-05, 2.51397650572e-05, 1.30038188217e-05, 1.09724715003e-05, 1.24144034999e-05, 2.06691092899e-05, 2.35177485592e-05, 2.49599579547e-05, 2.42320820689e-05, 1.29375039251e-05, 7.97264146968e-06, 7.76978959038e-06, 9.08371930564e-06, 6.61150761516e-06, 4.53005804957e-06, 4.80900371258e-06, 3.75613149117e-06, 5.03235742144e-06, 4.19743037128e-06, 2.55792406278e-06, 1.66768961662e-06, 1.67837777099e-06, 1.80714698672e-06, 1.81298867119e-06, 1.32751517867e-06, 7.6239854252e-07],
        "min": [1.14339377092e-23, 8.20579897815e-24, 1.39243510766e-23, 8.06185316219e-24, 3.60226548165e-24, 2.61895844912e-24, 9.18739753518e-24, 1.59731537983e-23, 3.67179662847e-23, 1.2425258188e-23, 7.73418953001e-24, 1.2803658987e-23, 6.76169442783e-24, 6.68948604487e-24, 1.13013601677e-23, 1.19345519951e-23, 7.42767368098e-24, 7.25919507974e-24, 5.71599855567e-24, 1.07740926384e-23, 7.79654425141e-24, 7.82369447718e-24, 4.59150770642e-24, 1.62657580853e-23, 1.46324184256e-23, 5.22205842746e-24, 6.73849402861e-24, 6.29248075027e-24, 4.47402541282e-24, 1.06155773504e-23, 1.24937825905e-23, 1.12226405268e-23, 1.00913469356e-23, 7.98370781206e-24, 9.06756561937e-24, 6.98353158071e-24, 1.02075721793e-23, 1.21065236724e-23, 1.21401031146e-23, 1.15207739399e-23],
        "var": [5.63157163924e-06, 1.32258192025e-05, 2.65354469775e-06, 4.08031610277e-06, 3.44887325809e-07, 1.16556797991e-07, 4.78879478294e-08, 3.36251986255e-08, 4.72918628702e-08, 5.77022376547e-08, 5.72829463863e-08, 5.79630885511e-08, 1.42182585705e-08, 3.56365781329e-08, 9.95333682141e-09, 4.44459447024e-09, 3.9520839934e-09, 1.86713888795e-09, 2.89770718531e-09, 2.01096206354e-09, 2.89500379225e-09, 1.8078244457e-09, 2.01830530067e-09, 7.61968765861e-10, 2.33711744402e-10, 6.89010681842e-10, 5.80918979587e-10, 1.30368979501e-10, 6.55414472694e-11, 6.83960943437e-11, 4.98342790645e-11, 8.73333211304e-11, 1.48451598236e-10, 1.06287312285e-10, 3.40216639583e-11, 4.07715909645e-11, 9.41181230174e-11, 4.12778769499e-11, 1.77676554025e-11, 2.88942502737e-12]
    },
    "mfcc": {
        "mean": [-610.710693359, 98.6373825073, 8.75560665131, 29.6150474548, 9.28033924103, 2.93736815453, -1.24134624004, 6.16028547287, 0.138693839312, -4.97720909119, -5.49780654907, -2.0574593544, -5.45065975189],
        "cov": [[5218.77490234, -452.710388184, 106.161338806, -241.688522339, -102.721214294, 30.4481601715, 86.5666427612, 277.071563721, 59.9328613281, 160.102615356, 33.7641143799, -10.1502304077, 72.4634017944], [-452.710388184, 841.323242188, -292.897399902, 146.876083374, -0.909552693367, -19.100725174, 67.5216293335, -33.567691803, 29.0412387848, -35.7952461243, 12.2440366745, 12.9444828033, 0.996457099915], [106.161338806, -292.897399902, 425.735107422, -71.6521377563, 68.2731323242, 32.9898338318, -35.3017807007, 51.2397766113, -3.24135565758, 1.07802033424, -11.3110742569, 21.7692718506, -3.65502476692], [-241.688522339, 146.876083374, -71.6521377563, 267.811523438, 1.81794822216, 14.1998691559, -17.5421733856, -24.673248291, 36.7961769104, -14.2084321976, -3.2201924324, -1.215269804, 16.1402359009], [-102.721214294, -0.909552693367, 68.2731323242, 1.81794822216, 155.873382568, 6.13398313522, 4.88687038422, 7.55687665939, 9.80976581573, 21.9039344788, 3.11603736877, 19.8270206451, -0.611939668655], [30.4481601715, -19.100725174, 32.9898338318, 14.1998691559, 6.13398313522, 106.849456787, 28.3656578064, 18.7446327209, 5.36163854599, -1.53054022789, 23.0820732117, 10.9260702133, 3.56054282188], [86.5666427612, 67.5216293335, -35.3017807007, -17.5421733856, 4.88687038422, 28.3656578064, 107.769081116, 46.1184425354, 16.3574333191, 3.23311924934, 15.0282821655, 24.9930400848, 10.9849319458], [277.071563721, -33.567691803, 51.2397766113, -24.673248291, 7.55687665939, 18.7446327209, 46.1184425354, 111.368553162, 25.2402954102, 11.1495790482, 7.10507965088, 19.9722652435, 19.3759536743], [59.9328613281, 29.0412387848, -3.24135565758, 36.7961769104, 9.80976581573, 5.36163854599, 16.3574333191, 25.2402954102, 76.7696151733, 28.0168075562, 5.48728370667, 8.0731678009, 6.54144287109], [160.102615356, -35.7952461243, 1.07802033424, -14.2084321976, 21.9039344788, -1.53054022789, 3.23311924934, 11.1495790482, 28.0168075562, 73.5138931274, 22.8113880157, 3.34712910652, 0.277632713318], [33.7641143799, 12.2440366745, -11.3110742569, -3.2201924324, 3.11603736877, 23.0820732117, 15.0282821655, 7.10507965088, 5.48728370667, 22.8113880157, 60.8430671692, 16.3831577301, 5.24544858932], [-10.1502304077, 12.9444828033, 21.7692718506, -1.215269804, 19.8270206451, 10.9260702133, 24.9930400848, 19.9722652435, 8.0731678009, 3.34712910652, 16.3831577301, 60.5742073059, 22.2973823547], [72.4634017944, 0.996457099915, -3.65502476692, 16.1402359009, -0.611939668655, 3.56054282188, 10.9849319458, 19.3759536743, 6.54144287109, 0.277632713318, 5.24544858932, 22.2973823547, 54.2118453979]],
