{
"lowlevel": {
    "average_loudness": 0.97711288929,
    "barkbands_crest": {
        "dmean": 3.93644595146,
        "dmean2": 6.0923037529,
        "dvar": 15.1446638107,
        "dvar2": 36.2579078674,
        "max": 24.6821556091,
        "mean": 9.55023384094,
        "median": 7.8934264183,
        "min": 2.48827576637,
        "var": 23.9139652252
    },
    "barkbands_flatness_db": {
        "dmean": 0.0318828262389,
        "dmean2": 0.0507644675672,
        "dvar": 0.00123936659656,
        "dvar2": 0.00313919247128,
        "max": 0.26062721014,
        "mean": 0.0941394716501,
        "median": 0.0833356678486,
        "min": 0.0224367361516,
        "var": 0.00171053898521
    },
    "barkbands_kurtosis": {
        "dmean": 5.68436479568,
        "dmean2": 9.91605472565,
        "dvar": 102.261497498,
        "dvar2": 279.237548828,
        "max": 86.4263000488,
        "mean": 4.02814102173,
        "median": 1.21204090118,
        "min": -1.87068676949,
        "var": 75.5317611694
    },
    "barkbands_skewness": {
        "dmean": 0.964919686317,
        "dmean2": 1.55470132828,
        "dvar": 1.38445484638,
        "dvar2": 3.62393569946,
        "max": 8.62237930298,
        "mean": 1.74496662617,
        "median": 1.53724312782,
        "min": -3.41463780403,
        "var": 1.94602012634
    },
    "barkbands_spread": {
        "dmean": 10.8912849426,
        "dmean2": 17.1638946533,
        "dvar": 117.281723022,
        "dvar2": 301.459136963,
        "max": 103.969169617,
        "mean": 35.1783294678,
        "median": 35.0655784607,
        "min": 2.99862170219,
        "var": 234.187255859
    },
    "dissonance": {
        "dmean": 0.00784551817924,
        "dmean2": 0.0132992248982,
        "dvar": 4.78036490676e-05,
        "dvar2": 0.000132536311867,
        "max": 0.5,
        "mean": 0.486102461815,
        "median": 0.487439751625,
        "min": 0.407307446003,
        "var": 7.15372007107e-05
    },
    "dynamic_complexity": 1.81687569618,
    "erbbands_crest": {
        "dmean": 1.59390604496,
        "dmean2": 2.7778968811,
        "dvar": 2.64388990402,
        "dvar2": 7.41976165771,
        "max": 14.0254526138,
        "mean": 4.91093730927,
        "median": 4.4229516983,
        "min": 2.33213973045,
        "var": 3.15780520439
    },
    "erbbands_flatness_db": {
        "dmean": 0.0102278441191,
        "dmean2": 0.0164983961731,
        "dvar": 0.000104401384306,
        "dvar2": 0.000257678388152,
        "max": 0.195951253176,
        "mean": 0.101631611586,
        "median": 0.0996380746365,
        "min": 0.0381777398288,
        "var": 0.000327713176375
    },
    "erbbands_kurtosis": {
        "dmean": 0.475160211325,
        "dmean2": 0.810273349285,
        "dvar": 0.519139945507,
        "dvar2": 1.37463867664,
        "max": 14.3112983704,
        "mean": -0.737989842892,
        "median": -1.02922749519,
        "min": -1.71541130543,
        "var": 1.305814147
    },
    "erbbands_skewness": {
        "dmean": 0.312811374664,
        "dmean2": 0.5221170187,
        "dvar": 0.102924503386,
        "dvar2": 0.280281126499,
        "max": 1.64233028889,
        "mean": -0.359375566244,
        "median": -0.313875257969,
        "min": -2.9319255352,
        "var": 0.22880743444
    },
    "erbbands_spread": {
        "dmean": 11.8999118805,
        "dmean2": 19.8624305725,
        "dvar": 170.072158813,
        "dvar2": 471.273132324,
        "max": 126.247314453,
        "mean": 65.5873641968,
        "median": 65.1659088135,
        "min": 13.782910347,
        "var": 239.281677246
    },
    "hfc": {
        "dmean": 8.63473701477,
        "dmean2": 15.1179180145,
        "dvar": 217.30645752,
        "dvar2": 595.243225098,
        "max": 99.9254074097,
        "mean": 20.5220813751,
        "median": 17.7016010284,
        "min": 1.08032203367e-16,
        "var": 166.113250732
    },
    "melbands_crest": {
        "dmean": 4.61501550674,
        "dmean2": 7.28991222382,
        "dvar": 16.5518703461,
        "dvar2": 39.6682510376,
        "max": 31.3052253723,
        "mean": 14.7419395447,
        "median": 13.7092761993,
        "min": 1.54759645462,
        "var": 30.9865455627
    },
    "melbands_flatness_db": {
        "dmean": 0.0424953661859,
        "dmean2": 0.0662761628628,
        "dvar": 0.00197058357298,
        "dvar2": 0.00486082723364,
        "max": 0.372372210026,
        "mean": 0.159034758806,
        "median": 0.149165958166,
        "min": 0.00347740435973,
        "var": 0.00337744224817
    },
    "melbands_kurtosis": {
        "dmean": 21.8723392487,
        "dmean2": 37.6639862061,
        "dvar": 1350.54309082,
        "dvar2": 3647.10107422,
        "max": 272.466674805,
        "mean": 24.5085086823,
        "median": 14.5278987885,
        "min": -1.76497471333,
        "var": 1065.94372559
    },
    "melbands_skewness": {
        "dmean": 1.58425009251,
        "dmean2": 2.55565977097,
        "dvar": 3.60879611969,
        "dvar2": 9.39097690582,
        "max": 15.2258520126,
        "mean": 4.01788473129,
        "median": 3.57228684425,
        "min": -1.26910972595,
        "var": 4.46256351471
    },
    "melbands_spread": {
        "dmean": 12.4340600967,
        "dmean2": 19.3505077362,
        "dvar": 249.687210083,
        "dvar2": 589.090759277,
        "max": 225.825942993,
        "mean": 30.3629951477,
        "median": 24.3961410522,
        "min": 1.3395396471,
        "var": 830.195373535
    },
    "pitch_salience": {
        "dmean": 0.112253345549,
        "dmean2": 0.183044865727,
        "dvar": 0.0123495021835,
        "dvar2": 0.0308478958905,
        "max": 0.879854679108,
        "mean": 0.611120700836,
        "median": 0.647491335869,
        "min": 0.162630856037,
        "var": 0.0176673457026
    },
    "silence_rate_20dB": {
        "dmean": 0,
        "dmean2": 0,
        "dvar": 0,
        "dvar2": 0,
        "max": 1,
        "mean": 1,
        "median": 1,
        "min": 1,
        "var": 0
    },
    "silence_rate_30dB": {
        "dmean": 0,
        "dmean2": 0,
        "dvar": 0,
        "dvar2": 0,
        "max": 1,
        "mean": 1,
        "median": 1,
        "min": 1,
        "var": 0
    },
    "silence_rate_60dB": {
        "dmean": 0.0119969043881,
        "dmean2": 0.0240030977875,
        "dvar": 0.0118524767458,
        "dvar2": 0.0273001063615,
        "max": 1,
        "mean": 0.0379110239446,
        "median": 0,
        "min": 0,
        "var": 0.0364726036787
    },
    "spectral_centroid": {
        "dmean": 415.272979736,
        "dmean2": 681.364501953,
        "dvar": 186303.359375,
        "dvar2": 475001.25,
        "max": 11402.7988281,
        "mean": 1977.7355957,
        "median": 1884.26818848,
        "min": 424.860809326,
        "var": 883572.25
    },
    "spectral_complexity": {
        "dmean": 5.84829711914,
        "dmean2": 9.25784015656,
        "dvar": 36.559967041,
        "dvar2": 82.6832733154,
        "max": 54,
        "mean": 23.439458847,
        "median": 23,
        "min": 0,
        "var": 88.2871398926
    },
    "spectral_decrease": {
        "dmean": 5.61915447506e-09,
        "dmean2": 9.57119450362e-09,
        "dvar": 6.78626981647e-17,
        "dvar2": 1.78723740112e-16,
        "max": 1.23983690174e-28,
        "mean": -7.35215799352e-09,
        "median": -4.68835992251e-09,
        "min": -4.03967952423e-08,
        "var": 5.80940127678e-17
    },
    "spectral_energy": {
        "dmean": 0.0217162072659,
        "dmean2": 0.0369237624109,
        "dvar": 0.00100915506482,
        "dvar2": 0.00265407003462,
        "max": 0.15610666573,
        "mean": 0.0296101383865,
        "median": 0.0193000677973,
        "min": 1.01060427832e-20,
        "var": 0.000867070979439
    },
    "spectral_energyband_high": {
        "dmean": 0.000859553518239,
        "dmean2": 0.0015865075402,
        "dvar": 3.12272163683e-06,
        "dvar2": 9.02758802113e-06,
        "max": 0.0134618021548,
        "mean": 0.00163620815147,
        "median": 0.00135055871215,
        "min": 7.16292931693e-21,
        "var": 1.95569737116e-06
    },
    "spectral_energyband_low": {
        "dmean": 0.0150513136759,
        "dmean2": 0.0255184639245,
        "dvar": 0.000789488607552,
        "dvar2": 0.00211779610254,
        "max": 0.145130082965,
        "mean": 0.015362303704,
        "median": 0.00689064944163,
        "min": 2.80448319068e-23,
        "var": 0.00064463581657
    },
    "spectral_energyband_middle_high": {
        "dmean": 0.00106303126086,
        "dmean2": 0.00177608092781,
        "dvar": 2.63591869043e-06,
        "dvar2": 6.80627863403e-06,
        "max": 0.0173814501613,
        "mean": 0.00257283868268,
        "median": 0.00228379620239,
        "min": 1.36148960896e-21,
        "var": 2.79036544271e-06
    },
    "spectral_energyband_middle_low": {
        "dmean": 0.00821287091821,
        "dmean2": 0.0141988424584,
        "dvar": 0.000346142362105,
        "dvar2": 0.000932495051529,
        "max": 0.124729335308,
        "mean": 0.0112577602267,
        "median": 0.00708219502121,
        "min": 2.29791445646e-22,
        "var": 0.000265753187705
    },
    "spectral_entropy": {
        "dmean": 0.108472630382,
        "dmean2": 0.181177020073,
        "dvar": 0.0136809190735,
        "dvar2": 0.0371593497694,
        "max": 9.81544971466,
        "mean": 8.07205867767,
        "median": 8.06462955475,
        "min": 7.26638746262,
        "var": 0.045053910464
    },
    "spectral_flux": {
        "dmean": 0.045906689018,
        "dmean2": 0.0725207999349,
        "dvar": 0.00334278354421,
        "dvar2": 0.00578792952001,
        "max": 0.34272775054,
        "mean": 0.108380019665,
        "median": 0.076915755868,
        "min": 6.34715544012e-11,
        "var": 0.00542047433555
    },
    "spectral_kurtosis": {
        "dmean": 0.630407631397,
        "dmean2": 1.10640692711,
        "dvar": 0.465619146824,
        "dvar2": 1.42581212521,
        "max": 8.77370071411,
        "mean": 1.86586165428,
        "median": 1.78282356262,
        "min": -1.26682686806,
        "var": 0.685755431652
    },
    "spectral_rms": {
        "dmean": 0.00162195251323,
        "dmean2": 0.00258991238661,
        "dvar": 3.94791641156e-06,
        "dvar2": 1.00431634564e-05,
        "max": 0.0123409554362,
        "mean": 0.004901020322,
        "median": 0.00433927820995,
        "min": 3.1399926062e-12,
        "var": 4.86797353005e-06
    },
    "spectral_rolloff": {
        "dmean": 1062.97888184,
        "dmean2": 1721.36279297,
        "dvar": 1264936.375,
        "dvar2": 2493675.25,
        "max": 19896.6796875,
        "mean": 2313.61230469,
        "median": 2067.1875,
        "min": 64.599609375,
        "var": 5892092
    },
    "spectral_skewness": {
        "dmean": 0.153526857495,
        "dmean2": 0.269244283438,
        "dvar": 0.0355300493538,
        "dvar2": 0.104963853955,
        "max": 1.96168518066,
        "mean": 0.988215327263,
        "median": 0.99440574646,
        "min": -0.0886107236147,
        "var": 0.0473767444491
    },
    "spectral_spread": {
        "dmean": 423128.125,
        "dmean2": 662108.8125,
        "dvar": 602353500160,
        "dvar2": 1.2496896e+12,
        "max": 42345408,
        "mean": 5702375.5,
        "median": 5279156.5,
        "min": 2765703,
        "var": 8.04184601395e+12
    },
    "spectral_strongpeak": {
        "dmean": 0.248135611415,
        "dmean2": 0.404855191708,
        "dvar": 0.113451398909,
        "dvar2": 0.280897349119,
        "max": 4.52792882919,
        "mean": 0.384984701872,
        "median": 0.264903336763,
        "min": 0,
        "var": 0.153907582164
    },
    "zerocrossingrate": {
        "dmean": 0.016865355894,
        "dmean2": 0.0196800213307,
        "dvar": 0.000334940123139,
        "dvar2": 0.000479783746414,
        "max": 0.52392578125,
        "mean": 0.0912982076406,
        "median": 0.0791015625,
        "min": 0.01416015625,
        "var": 0.00350166414864
    },
    "barkbands": {
        "dmean": [0.000328943307977, 0.010290119797, 0.00537875667214, 0.00193042389583, 0.00602142093703, 0.000817620428279, 0.000516300962772, 0.000321077357512, 0.000378433935111, 0.000170976214577, 6.18333579041e-05, 8.87745700311e-05, 0.000131266468088, 7.54433131078e-05, 9.2161273642e-05, 0.000184189062566, 0.000281198648736, 0.000178098052857, 0.000198149253265, 0.000236910011154, 0.000338933430612, 0.000356858014129, 0.000104299688246, 5.67905553908e-05, 3.41315935657e-05, 1.86359702639e-05, 3.87783620681e-06],
        "dmean2": [0.000547002535313, 0.0176270566881, 0.00981764681637, 0.00337832910009, 0.0105235455558, 0.00137472723145, 0.000885233166628, 0.000549009651877, 0.00062744168099, 0.000283295114059, 0.000107640262286, 0.00015112858091, 0.000218004526687, 0.000130335189169, 0.000158330964041, 0.000315202953061, 0.000485160853714, 0.000303403503494, 0.000345894950442, 0.000416236231104, 0.000623500149231, 0.000668761786073, 0.000182925636182, 9.29339876166e-05, 5.40657783858e-05, 3.07739464915e-05, 6.57031750961e-06],
        "dvar": [3.64128794672e-07, 0.000423366844188, 0.000107629944978, 6.80038647261e-06, 0.000246821000474, 2.3189447802e-06, 1.07115022274e-06, 3.26190814803e-07, 2.13208394939e-07, 4.126291131e-08, 8.34207369849e-09, 1.95347826804e-08, 3.29572031887e-08, 2.76061289384e-08, 3.50550131145e-08, 6.94552255709e-08, 1.45568577636e-07, 7.82665523502e-08, 8.45091321366e-08, 1.21736576375e-07, 4.57533076315e-07, 7.30702140572e-07, 2.75897225066e-08, 4.05986622098e-09, 2.09387773786e-09, 5.25214272074e-09, 9.77567471416e-11],
        "dvar2": [8.8481522198e-07, 0.00113334332127, 0.000307256472297, 1.90089740499e-05, 0.000674864160828, 6.38435722067e-06, 2.96811458611e-06, 9.14269946861e-07, 5.83696305512e-07, 1.09768585332e-07, 2.34140884459e-08, 5.29566008822e-08, 8.66514469067e-08, 7.68582282262e-08, 9.56441326139e-08, 1.89933444972e-07, 3.87932772128e-07, 2.10332558481e-07, 2.31777221416e-07, 3.43628954624e-07, 1.31509909806e-06, 2.11906308323e-06, 7.9647556106e-08, 1.01328900826e-08, 5.0076351954e-09, 1.41718672353e-08, 2.62019073105e-10],
        "max": [0.00496509950608, 0.114795029163, 0.0701752081513, 0.022323679179, 0.100247554481, 0.0194651354104, 0.0131207481027, 0.00619697105139, 0.00808595027775, 0.00241038459353, 0.0012068717042, 0.00208863243461, 0.00230000074953, 0.00242784549482, 0.00287305517122, 0.00425364123657, 0.00499030016363, 0.00353259337135, 0.00388280325569, 0.0040653035976, 0.00747495377436, 0.00710033392534, 0.0017516198568, 0.00119973043911, 0.000858707935549, 0.00175499368925, 0.000202268362045],
        "mean": [0.000346890738001, 0.00888157263398, 0.00498430104926, 0.00239076232538, 0.0056216889061, 0.00130084180273, 0.000728517537937, 0.000453863758594, 0.000648814660963, 0.000288922805339, 9.16709977901e-05, 0.000127052335301, 0.000195523942239, 0.000106606363261, 0.000134819172672, 0.000319727696478, 0.000478349393234, 0.000278604973573, 0.000354977732059, 0.000440136704128, 0.000454134162283, 0.00043907930376, 0.000229264711379, 0.000170761340996, 9.73933201749e-05, 3.95590504922e-05, 6.04995193498e-06],
        "median": [0.000136268266942, 0.002404543804, 0.00243125599809, 0.00164032261819, 0.00211003166623, 0.000797109911218, 0.000487428973429, 0.000305418740027, 0.000548733689357, 0.000234883962548, 6.85148625053e-05, 9.27544460865e-05, 0.000147628525156, 7.12244291208e-05, 0.000100023775303, 0.000266291084699, 0.000394435075577, 0.000214537460124, 0.000289441057248, 0.000373137823772, 0.000311385723762, 0.000296320999041, 0.000200109265279, 0.000140838383231, 7.22570621292e-05, 2.08632154681e-05, 1.37327174343e-06],
        "min": [1.94831761966e-24, 9.05332273572e-25, 3.21530909169e-24, 4.99361732552e-24, 1.08828513137e-23, 1.27240818543e-23, 1.60306270484e-23, 7.45986078364e-24, 1.39443581668e-23, 2.14521809047e-23, 1.48638717929e-23, 4.55580741173e-23, 2.94013034769e-23, 4.50690024441e-23, 6.2996191526e-23, 1.0228455063e-22, 1.20911576086e-22, 1.22407218497e-22, 1.65738464497e-22, 2.59619980412e-22, 2.72122024742e-22, 4.11183308639e-22, 4.68779419103e-22, 6.71345268047e-22, 9.33662849832e-22, 1.31160290359e-21, 1.92087918198e-21],
        "var": [3.51936790821e-07, 0.000331732473569, 7.0646587119e-05, 6.29734176982e-06, 0.000173969587195, 2.94117353405e-06, 9.15377029287e-07, 2.8712682365e-07, 2.74560335356e-07, 5.76310270617e-08, 7.94668508775e-09, 1.77879382335e-08, 3.52404931903e-08, 2.25042899871e-08, 2.76225922136e-08, 6.84054128897e-08, 1.5334563841e-07, 7.0291719112e-08, 8.06425362043e-08, 1.08093942686e-07, 2.84224540792e-07, 4.09944135527e-07, 2.54151117929e-08, 1.3229748852e-08, 6.56639320695e-09, 5.10229236639e-09, 1.54937188079e-10]
    },
    "erbbands": {
        "dmean": [0.268946945667, 2.50628566742, 6.25878620148, 6.03959083557, 18.5158100128, 18.3670635223, 6.08693552017, 7.01805496216, 6.92816448212, 8.42374229431, 6.30297756195, 9.10256385803, 6.24971818924, 3.76376795769, 2.5234234333, 3.82934069633, 5.9304485321, 3.92284202576, 4.48858261108, 6.22257471085, 10.5699481964, 15.8709487915, 10.7989244461, 8.40522861481, 11.4969434738, 10.8032302856, 11.1587371826, 15.9092645645, 13.7473573685, 5.436439991, 2.7772257328, 1.53926920891, 0.900651216507, 0.509356737137, 0.206837043166, 0.0998094305396, 0.03336950019, 0.00564887048677, 0.000622041290626, 5.50090044271e-05],
        "dmean2": [0.434030801058, 4.50006866455, 11.5093564987, 10.5667762756, 32.0600891113, 32.8116912842, 10.266831398, 12.0112028122, 11.8660058975, 14.3354473114, 10.728474617, 15.1166791916, 10.3227491379, 6.3738656044, 4.39485502243, 6.45785093307, 9.85368442535, 6.72144794464, 7.63704919815, 10.7090816498, 17.9338092804, 27.2552986145, 18.4707431793, 14.5088996887, 20.0080394745, 19.0540409088, 19.8052387238, 29.955329895, 25.8334178925, 9.81428813934, 4.8520693779, 2.56432580948, 1.46017122269, 0.82303583622, 0.332164645195, 0.163062348962, 0.0553812980652, 0.0094139771536, 0.00105394155253, 9.27348373807e-05],
        "dvar": [0.256583809853, 27.5750980377, 163.534988403, 66.3131866455, 1953.14709473, 2514.47436523, 146.193710327, 174.150863647, 195.531494141, 246.050430298, 124.955795288, 128.846252441, 57.2570495605, 22.2614097595, 15.8267459869, 33.6313476562, 69.3066711426, 70.7022323608, 91.1478805542, 96.9527053833, 210.957061768, 486.981323242, 293.273345947, 176.826522827, 287.012786865, 267.954101562, 314.040435791, 1402.2623291, 1125.15576172, 93.9009628296, 19.0053672791, 3.23721241951, 1.03859889507, 0.32265624404, 0.185076087713, 0.137198716402, 0.0153184635565, 0.000255522812949, 2.34413437283e-06, 1.50013477196e-08],
        "dvar2": [0.632033407688, 76.5189437866, 465.424987793, 186.90322876, 5318.34912109, 6975.33642578, 390.821990967, 500.567077637, 545.850402832, 685.50378418, 346.411590576, 351.612884521, 150.867584229, 61.2743530273, 42.7917671204, 90.0323562622, 180.173156738, 198.163330078, 246.503173828, 259.379882812, 577.872436523, 1303.96801758, 789.479370117, 480.108581543, 808.067443848, 756.241271973, 882.108093262, 4050.12231445, 3259.63574219, 271.167816162, 54.7883872986, 8.70561695099, 2.61139297485, 0.790268599987, 0.457572638988, 0.375963002443, 0.0406761541963, 0.000675262650475, 6.28518637313e-06, 4.0545696578e-08],
        "max": [3.36745095253, 28.4398555756, 80.1754150391, 80.4011001587, 315.352416992, 388.854370117, 195.456222534, 161.680709839, 201.380126953, 203.863464355, 139.105941772, 193.655975342, 119.538658142, 57.9167251587, 48.2173118591, 83.854095459, 106.965332031, 119.207389832, 126.624702454, 167.371826172, 232.695907593, 326.577941895, 249.25843811, 187.190658569, 174.507781982, 170.753204346, 182.293457031, 346.479675293, 250.64402771, 81.9453353882, 45.2900314331, 25.3126316071, 18.4562492371, 6.171479702, 9.01608371735, 10.1183643341, 2.49428391457, 0.288001775742, 0.0255830101669, 0.00339029519819],
        "mean": [0.248902574182, 2.00268435478, 5.42341804504, 7.54936981201, 17.7065525055, 16.6124267578, 9.31555366516, 10.2646999359, 9.63618087769, 12.7055130005, 9.74138069153, 15.0517253876, 11.3505220413, 6.37139511108, 3.83021187782, 6.04026317596, 9.09729480743, 6.0042142868, 6.67661905289, 10.2853517532, 19.3749675751, 27.3428134918, 17.7703266144, 15.156586647, 20.8992347717, 20.0509395599, 18.3615989685, 17.7966747284, 15.6958456039, 9.92860603333, 6.17441749573, 4.14764356613, 2.61552119255, 1.39850521088, 0.536392271519, 0.224906921387, 0.0646660551429, 0.0104679521173, 0.0010022695642, 8.74714896781e-05],
        "median": [0.0556330867112, 0.582894980907, 2.44426679611, 5.31087017059, 6.86284637451, 6.55491924286, 5.54267501831, 6.59795093536, 6.67413187027, 8.31634521484, 7.43280744553, 12.308172226, 9.5018901825, 5.23924350739, 2.80470633507, 4.62281036377, 6.9100894928, 4.2936835289, 4.69953727722, 8.12229919434, 16.8505096436, 22.6814212799, 13.9932718277, 12.4547929764, 17.0280342102, 16.9744682312, 13.8182649612, 11.1166524887, 9.88054466248, 8.18669033051, 5.35251665115, 3.53777694702, 2.13555240631, 1.11104917526, 0.33305439353, 0.131923764944, 0.0332947447896, 0.00423067808151, 0.000273754936643, 3.81280333386e-05],
        "min": [2.73659003465e-23, 6.77416997906e-22, 4.09036895109e-21, 9.27832014112e-21, 1.11392866879e-20, 3.21857850425e-20, 9.40935459744e-20, 1.47823573188e-19, 3.11246351013e-19, 3.19381698186e-19, 4.60284548458e-19, 5.01822095001e-19, 5.27399243324e-19, 1.13678666441e-18, 1.39574020806e-18, 1.83186487878e-18, 1.89208300699e-18, 2.58791147417e-18, 4.24493911598e-18, 4.68166400963e-18, 5.746483686e-18, 7.21550392793e-18, 7.21837424465e-18, 8.32125911845e-18, 8.63071813896e-18, 1.11529357561e-17, 1.02754741428e-17, 1.19145507245e-17, 1.49438912685e-17, 1.17054510462e-17, 1.25380976683e-17, 1.25216698613e-17, 1.25492108398e-17, 8.94412115662e-18, 6.67154830275e-18, 4.51819244107e-18, 2.41767687693e-18, 9.68805513951e-19, 2.79269797429e-19, 2.64045114971e-20],
        "var": [0.244056612253, 18.9371929169, 103.322616577, 58.733039856, 1459.85656738, 1642.04870605, 172.336624146, 163.459197998, 153.150222778, 239.97744751, 107.196540833, 163.408157349, 78.64012146, 26.3278598785, 15.1225004196, 32.8879547119, 74.5773010254, 55.0718994141, 76.3038024902, 88.6028366089, 217.466400146, 505.101318359, 263.491699219, 158.961486816, 267.065826416, 232.084472656, 250.781936646, 791.077148438, 627.898498535, 67.9002227783, 18.3850269318, 7.4903755188, 3.29049348831, 0.988943576813, 0.421562731266, 0.134183898568, 0.0149625446647, 0.000353890092811, 3.6733001707e-06, 1.84311144125e-08]
    },
    "gfcc": {
        "mean": [28.4127998352, 60.1512451172, -98.3653564453, 58.7238349915, -63.6856880188, 11.1011810303, -38.1445617676, 12.5231208801, -22.4146118164, 0.608035802841, -21.9718971252, -0.97646510601, -12.9519815445],
        "cov": [[10350.4345703, 925.804382324, -845.104309082, 478.662597656, -405.897491455, 31.1863746643, -253.4402771, 71.0849304199, -198.534225464, -55.8404846191, -222.835769653, -24.5279979706, -127.338439941], [925.804382324, 783.717407227, -212.70539856, 149.129104614, 61.2296409607, 7.09698581696, 35.9384727478, 66.8483734131, 14.016784668, -55.220664978, -3.15999174118, -36.9361610413, 9.18774986267], [-845.104309082, -212.70539856, 352.645446777, -12.7264127731, 137.013381958, 46.3611297607, 91.4615707397, 8.00131130219, 47.1208305359, 36.3958091736, 23.5610637665, 26.7462902069, 21.547996521], [478.662597656, 149.129104614, -12.7264127731, 194.500030518, 32.7436103821, 69.7047195435, 62.0439109802, 46.9006233215, 26.8912754059, 1.68547689915, 12.9157934189, 5.49691534042, 10.2766313553], [-405.897491455, 61.2296409607, 137.013381958, 32.7436103821, 195.05430603, 57.6983909607, 111.088066101, 44.7598457336, 54.7828941345, 11.2877550125, 22.6757450104, 21.2408275604, 23.6310844421], [31.1863746643, 7.09698581696, 46.3611297607, 69.7047195435, 57.6983909607, 98.0224838257, 69.1993637085, 70.3728179932, 37.1110305786, 12.9438991547, 14.7322978973, 16.6235294342, 14.4621181488], [-253.4402771, 35.9384727478, 91.4615707397, 62.0439109802, 111.088066101, 69.1993637085, 132.944946289, 58.5258979797, 55.9056167603, 16.7617321014, 19.1223869324, 17.2608375549, 19.4534950256], [71.0849304199, 66.8483734131, 8.00131130219, 46.9006233215, 44.7598457336, 70.3728179932, 58.5258979797, 135.602416992, 57.4753112793, 21.6482448578, 19.1632061005, 16.2220077515, 13.4597806931], [-198.534225464, 14.016784668, 47.1208305359, 26.8912754059, 54.7828941345, 37.1110305786, 55.9056167603, 57.4753112793, 70.7653274536, 30.4143314362, 26.1891651154, 13.4008655548, 14.1411495209], [-55.8404846191, -55.220664978, 36.3958091736, 1.68547689915, 11.2877550125, 12.9438991547, 16.7617321014, 21.6482448578, 30.4143314362, 47.0287475586, 24.9033966064, 15.6243982315, 4.85886955261], [-222.835769653, -3.15999174118, 23.5610637665, 12.9157934189, 22.6757450104, 14.7322978973, 19.1223869324, 19.1632061005, 26.1891651154, 24.9033966064, 47.0562400818, 20.9951133728, 13.7241621017], [-24.5279979706, -36.9361610413, 26.7462902069, 5.49691534042, 21.2408275604, 16.6235294342, 17.2608375549, 16.2220077515, 13.4008655548, 15.6243982315, 20.9951133728, 38.3913040161, 18.5431175232], [-127.338439941, 9.18774986267, 21.547996521, 10.2766313553, 23.6310844421, 14.4621181488, 19.4534950256, 13.4597806931, 14.1411495209, 4.85886955261, 13.7241621017, 18.5431175232, 34.4741516113]],
        "icov": [[0.000226347459829, -0.000272937468253, 0.000226886098972, -0.000545503397007, 0.000132088956889, -0.000272493809462, 0.000433017325122, -6.9094254286e-05, 0.00046121806372, -0.00110885885078, 0.00165347277652, -0.00128902273718, 0.000738198112231], [-0.000272937468253, 0.00321188126691, 0.00173491518945, -0.00146926566958, -0.00264951284043, 0.00301222526468, -0.000531764759216, -0.00174615625292, -0.000419505813625, 0.00370232271962, -0.0033992533572, 0.00478441687301, -0.00254619400948], [0.000226886098972, 0.00173491518945, 0.00640129297972, -0.000718462863006, -0.00415181368589, -0.000250535289524, -0.000809054006822, 0.000889168935828, 0.000254655082244, -0.00275271665305, 0.00161807087716, 0.000460856652353, -0.000959347293247], [-0.000545503397007, -0.00146926566958, -0.000718462863006, 0.0106679406017, 0.00234288838692, -0.00668815616518, -0.00378316594288, 0.0025221768301, -0.00158754270524, 0.00218160077929, -0.00473397783935, 0.00215212698095, -0.000933838426135], [0.000132088956889, -0.00264951284043, -0.00415181368589, 0.00234288838692, 0.014367474243, -0.00277356128208, -0.00718238530681, 0.00186889630277, -0.00330941355787, 0.00271356711164, 0.000205191521673, -0.00488018011674, 0.00124734535348], [-0.000272493809462, 0.00301222526468, -0.000250535289524, -0.00668815616518, -0.00277356128208, 0.0282910782844, -0.00643295282498, -0.0111517990008, 0.00253764167428, 0.00352758402005, -0.00245265173726, 0.00112023111433, -0.0028062753845], [0.000433017325122, -0.000531764759216, -0.000809054006822, -0.00378316594288, -0.00718238530681, -0.00643295282498, 0.0226333923638, -0.000199155838345, -0.00629272824153, -0.00171728536952, 0.00529024330899, -0.00268361112103, 0.000463236414362], [-6.9094254286e-05, -0.00174615625292, 0.000889168935828, 0.0025221768301, 0.00186889630277, -0.0111517990008, -0.000199155838345, 0.0173632185906, -0.0106923729181, -0.00119908899069, 0.00180041755084, -0.00360176106915, 0.0014084946597], [0.00046121806372, -0.000419505813625, 0.000254655082244, -0.00158754270524, -0.00330941355787, 0.00253764167428, -0.00629272824153, -0.0106923729181, 0.0396919958293, -0.0179592035711, -0.0036354069598, 0.00548965949565, -0.00419680308551], [-0.00110885885078, 0.00370232271962, -0.00275271665305, 0.00218160077929, 0.00271356711164, 0.00352758402005, -0.00171728536952, -0.00119908899069, -0.0179592035711, 0.0491115413606, -0.0222445428371, -0.000648232002277, 0.00373411923647], [0.00165347277652, -0.0033992533572, 0.00161807087716, -0.00473397783935, 0.000205191521673, -0.00245265173726, 0.00529024330899, 0.00180041755084, -0.0036354069598, -0.0222445428371, 0.0507659167051, -0.0229614414275, 0.00138043204788], [-0.00128902273718, 0.00478441687301, 0.000460856652353, 0.00215212698095, -0.00488018011674, 0.00112023111433, -0.00268361112103, -0.00360176106915, 0.00548965949565, -0.000648232002277, -0.0229614414275, 0.057064961642, -0.0248840320855], [0.000738198112231, -0.00254619400948, -0.000959347293247, -0.000933838426135, 0.00124734535348, -0.0028062753845, 0.000463236414362, 0.0014084946597, -0.00419680308551, 0.00373411923647, 0.00138043204788, -0.0248840320855, 0.0468318648636]]
    },
    "melbands": {
        "dmean": [0.00261877011508, 0.0032934921328, 0.00128123094328, 0.00157620455138, 0.00025948046823, 0.000155682719196, 0.000105945662654, 8.79985309439e-05, 5.29587487108e-05, 5.59422405786e-05, 3.14972057822e-05, 1.66123991221e-05, 8.24069411465e-06, 9.28252029553e-06, 1.3163677977e-05, 1.18911848404e-05, 7.32197804609e-06, 7.15424903319e-06, 7.04010972186e-06, 1.19627384265e-05, 1.33162229758e-05, 1.83133870451e-05, 1.26002296383e-05, 8.62544675329e-06, 7.1469348768e-06, 8.76079684531e-06, 9.89942418528e-06, 7.11220036465e-06, 5.93895629208e-06, 8.95955690794e-06, 1.02899311969e-05, 9.24857522477e-06, 5.08646235176e-06, 2.43610179496e-06, 1.71185752151e-06, 1.54488839144e-06, 8.57534473653e-07, 7.80436948844e-07, 5.02048123963e-07, 4.34665480498e-07],
        "dmean2": [0.00433997018263, 0.00598800415173, 0.00224466994405, 0.00276516354643, 0.000445675075753, 0.000265182898147, 0.000180674120202, 0.000149961691932, 9.01074017747e-05, 9.26015127334e-05, 5.22359878232e-05, 2.81228676613e-05, 1.43812849274e-05, 1.59227329277e-05, 2.22434609896e-05, 1.99219193746e-05, 1.27200537463e-05, 1.21420462165e-05, 1.2126592992e-05, 2.05193900911e-05, 2.27603140956e-05, 3.14637800329e-05, 2.16969201574e-05, 1.47439213833e-05, 1.24157868413e-05, 1.52898337547e-05, 1.73102380359e-05, 1.25789538288e-05, 1.04005230241e-05, 1.63248332683e-05, 1.94749354705e-05, 1.74360284291e-05, 9.27963264985e-06, 4.33806508227e-06, 2.98333566207e-06, 2.65187281911e-06, 1.40828660733e-06, 1.27963369323e-06, 8.24738265237e-07, 7.10104870905e-07],
        "dvar": [2.57693354797e-05, 4.63437281724e-05, 3.11146118293e-06, 1.744925612e-05, 3.26935236217e-07, 8.50131414154e-08, 4.51652155675e-08, 2.57174317397e-08, 7.30004945382e-09, 4.73928452038e-09, 1.45016387787e-09, 4.23208496025e-10, 1.64150401605e-10, 2.59950311277e-10, 3.16924125832e-10, 2.90743207287e-10, 2.63587540683e-10, 2.294820306e-10, 1.96742594438e-10, 3.16600939909e-10, 3.08793018933e-10, 6.23422036217e-10, 3.50899448387e-10, 1.7325232915e-10, 1.28757421392e-10, 1.52745344151e-10, 2.02367261837e-10, 1.18582338393e-10, 7.61049834264e-11, 3.01412061976e-10, 6.58019527755e-10, 5.59885415807e-10, 1.05135553041e-10, 1.51199157361e-11, 6.16288660729e-12, 4.81297727367e-12, 9.37196717801e-13, 7.80971858363e-13, 3.35833818437e-13, 2.4057725213e-13],
        "dvar2": [6.69369765092e-05, 0.000130611326313, 8.50823562359e-06, 4.79587106383e-05, 9.01138776044e-07, 2.42360727043e-07, 1.26309345205e-07, 7.2076915103e-08, 2.01020817769e-08, 1.29380977043e-08, 3.81869691424e-09, 1.16840281894e-09, 4.54606463585e-10, 6.98082092132e-10, 8.29307789108e-10, 7.6916006897e-10, 7.44059536206e-10, 6.19786111322e-10, 5.42975886475e-10, 8.61999416291e-10, 8.45042924524e-10, 1.68378311294e-09, 9.46878020436e-10, 4.67066718635e-10, 3.52430196138e-10, 4.21835594233e-10, 5.81763082153e-10, 3.32383065516e-10, 2.09453496214e-10, 8.6826446033e-10, 1.90061566485e-09, 1.62300350937e-09, 3.04899411274e-10, 4.32436725317e-11, 1.7656357279e-11, 1.35689471811e-11, 2.44313597131e-12, 1.97631451135e-12, 8.42058139796e-13, 5.98445988945e-13],
        "max": [0.0273161251098, 0.0378273427486, 0.0132076786831, 0.0265815407038, 0.0063757756725, 0.00356219569221, 0.00300044496544, 0.00196062168106, 0.00124271051027, 0.00113485986367, 0.000597720209043, 0.000246504292591, 0.000164388766279, 0.000212833299884, 0.000237456712057, 0.000227696247748, 0.000230665362324, 0.000198487527086, 0.000217363412958, 0.000275322963716, 0.000263092719251, 0.000338533660397, 0.000264205911662, 0.000159232047736, 0.000176849600393, 0.000112549307232, 0.000168682512594, 0.000121024007967, 8.70507647051e-05, 0.000180939023267, 0.000268591247732, 0.00018714806356, 0.000113094451081, 4.3444277253e-05, 2.49687964242e-05, 2.20057772822e-05, 1.53710971063e-05, 1.37221277328e-05, 7.2879624895e-06, 5.56709392185e-06],
        "mean": [0.00234328024089, 0.00287466938607, 0.00158280832693, 0.00142252410296, 0.000358911202056, 0.000234999548411, 0.000150676642079, 0.000133703797474, 8.17052423372e-05, 9.36283395276e-05, 5.50777658646e-05, 2.67212890321e-05, 1.21173652587e-05, 1.29239097078e-05, 2.03619056265e-05, 1.7668635337e-05, 1.0316352018e-05, 1.01915875348e-05, 1.0510832908e-05, 1.88900594367e-05, 2.30321275012e-05, 2.98251416098e-05, 2.02299688681e-05, 1.29989239213e-05, 1.16661049105e-05, 1.42551252793e-05, 1.68578008015e-05, 1.22681576613e-05, 1.02224057628e-05, 1.20001823234e-05, 1.01590367194e-05, 9.38706034503e-06, 7.5987022683e-06, 4.62494517706e-06, 3.46021352016e-06, 3.37738242706e-06, 2.2157132662e-06, 2.01763054974e-06, 1.36371613735e-06, 1.07789253434e-06],
        "median": [0.000578994397074, 0.00124961801339, 0.00108449207619, 0.000491386279464, 0.000220154746785, 0.000151359985466, 0.000106139108539, 9.13120311452e-05, 6.42885497655e-05, 7.76070155553e-05, 4.5535103709e-05, 2.16378521145e-05, 8.78814898897e-06, 9.10486960493e-06, 1.58052334882e-05, 1.33363555506e-05, 6.98005942468e-06, 6.84159340381e-06, 7.96586209617e-06, 1.47399314301e-05, 1.9910521587e-05, 2.43605154537e-05, 1.61728366948e-05, 9.69690063357e-06, 9.36861579248e-06, 1.07253445094e-05, 1.38358473123e-05, 1.0008906429e-05, 7.97799020802e-06, 8.08059940027e-06, 5.60050057175e-06, 5.24984670847e-06, 5.67850565858e-06, 3.87896216125e-06, 2.90025832328e-06, 2.86704221253e-06, 1.81623943263e-06, 1.60440470154e-06, 1.08642109353e-06, 8.53392464251e-07],
        "min": [4.6476075497e-25, 2.92307990809e-24, 2.69523636827e-24, 1.73026108267e-24, 3.41404563625e-24, 2.79924077609e-24, 4.6838040379e-24, 3.29351557854e-24, 3.26740092992e-24, 2.77713886568e-24, 2.35453385141e-24, 3.84215019432e-24, 3.00393953138e-24, 5.43504140554e-24, 2.94485207464e-24, 2.83780088879e-24, 3.51978573528e-24, 6.94878462442e-24, 4.57639510363e-24, 6.96553608574e-24, 6.07344760348e-24, 6.21357691037e-24, 6.28013073836e-24, 6.78489167161e-24, 5.37305350447e-24, 6.29816883182e-24, 7.23487686461e-24, 6.46517739078e-24, 5.19398089569e-24, 6.55361303699e-24, 6.99618017646e-24, 7.40962533233e-24, 5.99122068702e-24, 7.03143200374e-24, 6.45496795294e-24, 7.39201559035e-24, 6.75821712896e-24, 8.80887051841e-24, 7.73528446895e-24, 6.01996598954e-24],
        "var": [2.21015616262e-05, 3.03187262034e-05, 2.71366752713e-06, 1.20730746858e-05, 2.87756250827e-07, 8.65028937369e-08, 3.60655718623e-08, 2.46840166085e-08, 6.62838406384e-09, 6.09931083417e-09, 1.96955451948e-09, 5.01344465942e-10, 1.52658954922e-10, 2.23383977982e-10, 3.48442802389e-10, 2.91927315654e-10, 2.00641045445e-10, 1.97935404178e-10, 1.51113815905e-10, 2.99003433124e-10, 3.20604987003e-10, 6.42235153947e-10, 3.3173644387e-10, 1.58355356605e-10, 1.11552635185e-10, 1.53076232245e-10, 1.82182074981e-10, 1.00655622726e-10, 6.77284478501e-11, 1.97751703901e-10, 3.66208341429e-10, 3.09007652799e-10, 6.77252767756e-11, 1.26432492947e-11, 6.24093051543e-12, 5.86707115183e-12, 2.45818448062e-12, 2.16452767168e-12, 9.45450315259e-13, 6.50090062077e-13]
    },
    "mfcc": {
        "mean": [-609.134216309, 81.2305679321, 20.5773639679, 41.5682678223, 4.40238904953, 3.96177816391, -3.72629237175, 5.65864753723, 3.84602832794, 1.59196591377, -2.31222033501, 1.96946036816, -2.06724452972],
        "cov": [[3357.52441406, 767.66796875, -89.1764831543, 261.306365967, -6.18103122711, 9.11644268036, -10.4659605026, 60.835609436, 21.5663356781, -33.5866241455, -19.5090847015, -10.9512395859, -68.669708252], [767.66796875, 538.002319336, -100.79889679, 107.873390198, 47.0945739746, -10.2649917603, 27.1541481018, 53.8256263733, 37.5198974609, 14.5743608475, 2.22421264648, 17.0207080841, -18.7313365936], [-89.1764831543, -100.79889679, 166.963638306, 24.5556716919, 23.9171791077, 36.4094009399, 22.673406601, 9.9397277832, 20.5094604492, 14.7353124619, 11.2457551956, 9.9918756485, 16.917301178], [261.306365967, 107.873390198, 24.5556716919, 130.435592651, 33.0842933655, 52.9166488647, 41.480052948, 42.8077125549, 34.2381858826, 12.1977119446, 18.9169044495, 14.4937353134, 7.19705104828], [-6.18103122711, 47.0945739746, 23.9171791077, 33.0842933655, 80.0335693359, 25.3453559875, 37.6320762634, 42.8040008545, 36.795337677, 20.4753875732, 15.5548353195, 24.3874092102, 14.2316551208], [9.11644268036, -10.2649917603, 36.4094009399, 52.9166488647, 25.3453559875, 89.4131774902, 41.6313781738, 26.1208763123, 25.762714386, 0.390474408865, 14.9321928024, 6.42216014862, 8.22811508179], [-10.4659605026, 27.1541481018, 22.673406601, 41.480052948, 37.6320762634, 41.6313781738, 76.8812942505, 60.9175949097, 47.1871299744, 23.8328437805, 20.4570560455, 20.8992366791, 13.362534523], [60.835609436, 53.8256263733, 9.9397277832, 42.8077125549, 42.8040008545, 26.1208763123, 60.9175949097, 98.4164733887, 66.7410888672, 36.0244445801, 24.6740989685, 28.433385849, 16.7015533447], [21.5663356781, 37.5198974609, 20.5094604492, 34.2381858826, 36.795337677, 25.762714386, 47.1871299744, 66.7410888672, 85.6904754639, 39.5201683044, 27.3744125366, 28.2433700562, 19.045042038], [-33.5866241455, 14.5743608475, 14.7353124619, 12.1977119446, 20.4753875732, 0.390474408865, 23.8328437805, 36.0244445801, 39.5201683044, 54.7602081299, 24.4058551788, 23.3409328461, 14.9539031982], [-19.5090847015, 2.22421264648, 11.2457551956, 18.9169044495, 15.5548353195, 14.9321928024, 20.4570560455, 24.6740989685, 27.3744125366, 24.4058551788, 42.7756195068, 26.6467647552, 17.0594711304], [-10.9512395859, 17.0207080841, 9.9918756485, 14.4937353134, 24.3874092102, 6.42216014862, 20.8992366791, 28.433385849, 28.2433700562, 23.3409328461, 26.6467647552, 48.798210144, 24.7875289917], [-68.669708252, -18.7313365936, 16.917301178, 7.19705104828, 14.2316551208, 8.22811508179, 13.362534523, 16.7015533447, 19.045042038, 14.9539031982, 17.0594711304, 24.7875289917, 41.7535629272]],
