{
"lowlevel": {
    "average_loudness": 0.91153806448,
    "barkbands_crest": {
        "dmean": 2.51986789703,
        "dmean2": 4.03841161728,
        "dvar": 5.20108270645,
        "dvar2": 13.9129362106,
        "max": 22.8653736115,
        "mean": 8.14900684357,
        "median": 7.47816514969,
        "min": 2.34004163742,
        "var": 10.9298315048
    },
    "barkbands_flatness_db": {
        "dmean": 0.0226085819304,
        "dmean2": 0.0328553467989,
        "dvar": 0.000479208800243,
        "dvar2": 0.00103612686507,
        "max": 0.369487673044,
        "mean": 0.109094142914,
        "median": 0.0953389182687,
        "min": 0.0235720854253,
        "var": 0.00265583046712
    },
    "barkbands_kurtosis": {
        "dmean": 2.79635000229,
        "dmean2": 4.37141609192,
        "dvar": 48.8418273926,
        "dvar2": 107.906143188,
        "max": 97.7026901245,
        "mean": 2.32322335243,
        "median": -0.159358739853,
        "min": -1.95038962364,
        "var": 74.6357421875
    },
    "barkbands_skewness": {
        "dmean": 0.641133368015,
        "dmean2": 0.944394052029,
        "dvar": 0.505951046944,
        "dvar2": 1.04303860664,
        "max": 8.43516254425,
        "mean": 1.17558550835,
        "median": 0.896641254425,
        "min": -1.98749387264,
        "var": 1.56384205818
    },
    "barkbands_spread": {
        "dmean": 8.09647750854,
        "dmean2": 11.9966411591,
        "dvar": 83.7300186157,
        "dvar2": 174.136627197,
        "max": 109.497467041,
        "mean": 34.7048072815,
        "median": 33.1417808533,
        "min": 1.12458491325,
        "var": 275.817687988
    },
    "dissonance": {
        "dmean": 0.0131651079282,
        "dmean2": 0.0217196159065,
        "dvar": 0.000250130338827,
        "dvar2": 0.000673640228342,
        "max": 0.5,
        "mean": 0.475748986006,
        "median": 0.484819233418,
        "min": 0.283384531736,
        "var": 0.000664686667733
    },
    "dynamic_complexity": 2.3566930294,
    "erbbands_crest": {
        "dmean": 2.69046831131,
        "dmean2": 4.35369253159,
        "dvar": 6.6283082962,
        "dvar2": 16.491065979,
        "max": 25.7635765076,
        "mean": 8.21039009094,
        "median": 7.3065032959,
        "min": 2.12506246567,
        "var": 15.2343702316
    },
    "erbbands_flatness_db": {
        "dmean": 0.0160296987742,
        "dmean2": 0.0234540365636,
        "dvar": 0.000233969287365,
        "dvar2": 0.000478618370835,
        "max": 0.370307505131,
        "mean": 0.133946612477,
        "median": 0.125660076737,
        "min": 0.0436046905816,
        "var": 0.00274031423032
    },
    "erbbands_kurtosis": {
        "dmean": 0.920735359192,
        "dmean2": 1.4668135643,
        "dvar": 1.29088306427,
        "dvar2": 3.06053066254,
        "max": 15.0989704132,
        "mean": 0.434104502201,
        "median": 0.133790969849,
        "min": -1.78453922272,
        "var": 2.53302955627
    },
    "erbbands_skewness": {
        "dmean": 0.380967438221,
        "dmean2": 0.572734177113,
        "dvar": 0.151944890618,
        "dvar2": 0.308171033859,
        "max": 2.47073531151,
        "mean": -0.21989043057,
        "median": -0.247846126556,
        "min": -3.36496567726,
        "var": 0.518058776855
    },
    "erbbands_spread": {
        "dmean": 10.9846076965,
        "dmean2": 16.3584442139,
        "dvar": 147.382995605,
        "dvar2": 319.656860352,
        "max": 169.066009521,
        "mean": 43.7609176636,
        "median": 37.386428833,
        "min": 7.47899866104,
        "var": 545.829956055
    },
    "hfc": {
        "dmean": 9.64215564728,
        "dmean2": 14.720459938,
        "dvar": 217.978713989,
        "dvar2": 543.712036133,
        "max": 209.984848022,
        "mean": 28.1769618988,
        "median": 24.547668457,
        "min": 1.07799772232e-16,
        "var": 448.102722168
    },
    "melbands_crest": {
        "dmean": 3.69203543663,
        "dmean2": 5.93262147903,
        "dvar": 9.83955764771,
        "dvar2": 24.2253646851,
        "max": 31.4982185364,
        "mean": 13.8840923309,
        "median": 13.5167541504,
        "min": 1.7521520853,
        "var": 24.7808685303
    },
    "melbands_flatness_db": {
        "dmean": 0.0316806733608,
        "dmean2": 0.0454312488437,
        "dvar": 0.000906435772777,
        "dvar2": 0.00192670535762,
        "max": 0.487085878849,
        "mean": 0.170126631856,
        "median": 0.161856606603,
        "min": 0.00560135859996,
        "var": 0.00390078104101
    },
    "melbands_kurtosis": {
        "dmean": 10.4779605865,
        "dmean2": 15.7737989426,
        "dvar": 462.864746094,
        "dvar2": 951.25970459,
        "max": 435.411132812,
        "mean": 15.1997585297,
        "median": 4.56249046326,
        "min": -1.44107782841,
        "var": 1133.27246094
    },
    "melbands_skewness": {
        "dmean": 1.02761912346,
        "dmean2": 1.50858747959,
        "dvar": 1.28794133663,
        "dvar2": 2.62668991089,
        "max": 14.4123334885,
        "mean": 2.74411344528,
        "median": 2.14317393303,
        "min": -0.465294539928,
        "var": 4.64992284775
    },
    "melbands_spread": {
        "dmean": 11.4663581848,
        "dmean2": 17.228225708,
        "dvar": 165.536605835,
        "dvar2": 383.477935791,
        "max": 197.615112305,
        "mean": 34.4819107056,
        "median": 31.8865089417,
        "min": 0.879658579826,
        "var": 450.403137207
    },
    "pitch_salience": {
        "dmean": 0.078698925674,
        "dmean2": 0.123429358006,
        "dvar": 0.00451273703948,
        "dvar2": 0.0113836042583,
        "max": 0.895912766457,
        "mean": 0.576535642147,
        "median": 0.579296827316,
        "min": 0.18160186708,
        "var": 0.0119516858831
    },
    "silence_rate_20dB": {
        "dmean": 0,
        "dmean2": 0,
        "dvar": 0,
        "dvar2": 0,
        "max": 1,
        "mean": 1,
        "median": 1,
        "min": 1,
        "var": 0
    },
    "silence_rate_30dB": {
        "dmean": 0.000773993786424,
        "dmean2": 0.00154858687893,
        "dvar": 0.000773391744588,
        "dvar2": 0.00232046842575,
        "max": 1,
        "mean": 0.999613165855,
        "median": 1,
        "min": 0,
        "var": 0.000386726576835
    },
    "silence_rate_60dB": {
        "dmean": 0.0150928795338,
        "dmean2": 0.0301974453032,
        "dvar": 0.0148648256436,
        "dvar2": 0.0354811698198,
        "max": 1,
        "mean": 0.0564796887338,
        "median": 0,
        "min": 0,
        "var": 0.0532891154289
    },
    "spectral_centroid": {
        "dmean": 317.588653564,
        "dmean2": 468.496368408,
        "dvar": 114518.703125,
        "dvar2": 218155.9375,
        "max": 11426.9365234,
        "mean": 1870.30175781,
        "median": 1882.83129883,
        "min": 207.609909058,
        "var": 685001.1875
    },
    "spectral_complexity": {
        "dmean": 6.05147075653,
        "dmean2": 8.65892410278,
        "dvar": 39.6113929749,
        "dvar2": 80.172492981,
        "max": 58,
        "mean": 24.3644104004,
        "median": 24,
        "min": 0,
        "var": 183.371002197
    },
    "spectral_decrease": {
        "dmean": 2.7845570294e-09,
        "dmean2": 4.47544934445e-09,
        "dvar": 1.97672922625e-17,
        "dvar2": 4.88858381888e-17,
        "max": 1.20720984292e-28,
        "mean": -6.17137718706e-09,
        "median": -4.67739136312e-09,
        "min": -3.39068861877e-08,
        "var": 2.6691414375e-17
    },
    "spectral_energy": {
        "dmean": 0.0110748186707,
        "dmean2": 0.0177284255624,
        "dvar": 0.000296837417409,
        "dvar2": 0.000734940753318,
        "max": 0.132032990456,
        "mean": 0.0258478783071,
        "median": 0.0200897436589,
        "min": 1.00779533775e-20,
        "var": 0.000422737124609
    },
    "spectral_energyband_high": {
        "dmean": 0.000630960857961,
        "dmean2": 0.00096815841971,
        "dvar": 1.84539351267e-06,
        "dvar2": 4.41842485088e-06,
        "max": 0.0200918242335,
        "mean": 0.00142211059574,
        "median": 0.00101376639213,
        "min": 7.13902185852e-21,
        "var": 2.86700992547e-06
    },
    "spectral_energyband_low": {
        "dmean": 0.00829804968089,
        "dmean2": 0.0134563641623,
        "dvar": 0.000253609177889,
        "dvar2": 0.00063477922231,
        "max": 0.114375770092,
        "mean": 0.0111857671291,
        "median": 0.00624046381563,
        "min": 3.48572769121e-23,
        "var": 0.00026237682323
    },
    "spectral_energyband_middle_high": {
        "dmean": 0.00297337700613,
        "dmean2": 0.00443862751126,
        "dvar": 1.71574974956e-05,
        "dvar2": 3.71855858248e-05,
        "max": 0.0463085398078,
        "mean": 0.00769780296832,
        "median": 0.00473916297778,
        "min": 1.30314318449e-21,
        "var": 6.03269327257e-05
    },
    "spectral_energyband_middle_low": {
        "dmean": 0.00365587021224,
        "dmean2": 0.0059733078815,
        "dvar": 2.15513900912e-05,
        "dvar2": 5.50008953724e-05,
        "max": 0.052137631923,
        "mean": 0.00731704011559,
        "median": 0.00598051957786,
        "min": 2.22278107192e-22,
        "var": 3.17777048622e-05
    },
    "spectral_entropy": {
        "dmean": 0.142800524831,
        "dmean2": 0.203104510903,
        "dvar": 0.0277822334319,
        "dvar2": 0.0508538559079,
        "max": 9.81484985352,
        "mean": 7.83244371414,
        "median": 7.93302059174,
        "min": 5.93014812469,
        "var": 0.169348537922
    },
    "spectral_flux": {
        "dmean": 0.0283790826797,
        "dmean2": 0.0443876646459,
        "dvar": 0.0011325920932,
        "dvar2": 0.00251098372974,
        "max": 0.297500699759,
        "mean": 0.0984335839748,
        "median": 0.0901709347963,
        "min": 6.59594739938e-11,
        "var": 0.00276823504828
    },
    "spectral_kurtosis": {
        "dmean": 1.17723405361,
        "dmean2": 1.89563691616,
        "dvar": 2.90254378319,
        "dvar2": 8.40926361084,
        "max": 22.8667564392,
        "mean": 3.90713214874,
        "median": 3.58199453354,
        "min": -1.25385463238,
        "var": 5.9766869545
    },
    "spectral_rms": {
        "dmean": 0.00093828572426,
        "dmean2": 0.00145927094854,
        "dvar": 1.42248643442e-06,
        "dvar2": 3.31315777657e-06,
        "max": 0.0113495672122,
        "mean": 0.00467308284715,
        "median": 0.00442716060206,
        "min": 3.13562587353e-12,
        "var": 3.37980168297e-06
    },
    "spectral_rolloff": {
        "dmean": 807.563415527,
        "dmean2": 1306.51403809,
        "dvar": 1581558.5,
        "dvar2": 3176311.75,
        "max": 18884.6191406,
        "mean": 2284.81982422,
        "median": 2110.25390625,
        "min": 107.666015625,
        "var": 4068156.75
    },
    "spectral_skewness": {
        "dmean": 0.19241155684,
        "dmean2": 0.298499286175,
        "dvar": 0.0475544631481,
        "dvar2": 0.113635055721,
        "max": 3.41443538666,
        "mean": 1.4342905283,
        "median": 1.41753101349,
        "min": -0.0592031478882,
        "var": 0.160744488239
    },
    "spectral_spread": {
        "dmean": 679793.625,
        "dmean2": 945202.9375,
        "dvar": 1.05695870976e+12,
        "dvar2": 2.07348498432e+12,
        "max": 42404688,
        "mean": 5444131,
        "median": 4879286.5,
        "min": 1555066.125,
        "var": 8.09044384154e+12
    },
    "spectral_strongpeak": {
        "dmean": 0.618226826191,
        "dmean2": 1.08250880241,
        "dvar": 1.10472929478,
        "dvar2": 2.81889748573,
        "max": 8.08512878418,
        "mean": 0.784905433655,
        "median": 0.32895720005,
        "min": 0,
        "var": 1.28331851959
    },
    "zerocrossingrate": {
        "dmean": 0.0156412515789,
        "dmean2": 0.0178601667285,
        "dvar": 0.000322962034261,
        "dvar2": 0.000446152233053,
        "max": 0.5146484375,
        "mean": 0.0893384665251,
        "median": 0.08203125,
        "min": 0.00439453125,
        "var": 0.00225811474957
    },
    "barkbands": {
        "dmean": [0.000167891092133, 0.00471733277664, 0.00362362689339, 0.00161873025354, 0.00145204318687, 0.000579632702284, 0.000618398771621, 0.000397485942813, 0.000427717255661, 0.00113996630535, 0.000329633126967, 0.000634384807199, 0.000591060088482, 0.000592065858655, 0.000306806206936, 0.000431907334132, 0.000495357904583, 0.000309542316245, 0.000385907274904, 0.000286492722807, 0.00014405377442, 0.000115919225209, 9.48876986513e-05, 0.000133099980303, 0.000111799075967, 8.67423950695e-05, 4.45457044407e-06],
        "dmean2": [0.000288211798761, 0.00779674202204, 0.00608497997746, 0.00266928272322, 0.00245667016134, 0.000972717360128, 0.00103533267975, 0.000647099863272, 0.000691519118845, 0.00183186458889, 0.000530333258212, 0.00101077626459, 0.000975653587375, 0.00096943450626, 0.000483921699924, 0.0006814635708, 0.000794833293185, 0.000504635099787, 0.000614708289504, 0.000482593575725, 0.00023218766728, 0.000185682773008, 0.000148520877701, 0.000207685632631, 0.000172885862412, 0.000126199200167, 7.30695865059e-06],
        "dvar": [1.65361015547e-07, 0.000101103112684, 3.74546834792e-05, 5.65502614336e-06, 3.91750654671e-06, 1.1863310192e-06, 1.76560092768e-06, 1.070184112e-06, 1.60312549724e-06, 6.71638690619e-06, 4.46484648364e-07, 2.13935277316e-06, 1.82928840786e-06, 1.26895793073e-06, 3.88908404148e-07, 6.95362700753e-07, 8.59149054122e-07, 2.58425927768e-07, 2.76241564734e-07, 1.74697035504e-07, 6.40121271545e-08, 4.29965716364e-08, 6.17121074242e-08, 2.13091510659e-07, 1.93149602978e-07, 4.09518179367e-08, 7.7678516397e-11],
        "dvar2": [4.44085657136e-07, 0.000254375132499, 0.00010243820725, 1.42613689604e-05, 1.06181878436e-05, 2.98585132441e-06, 4.52685026175e-06, 2.68318490271e-06, 3.59148157258e-06, 1.56662990776e-05, 1.07776463665e-06, 5.26753183294e-06, 4.73749241792e-06, 3.23450808537e-06, 9.10297671908e-07, 1.55657062351e-06, 2.20257311412e-06, 6.68402037718e-07, 6.98651717812e-07, 4.58715589957e-07, 1.53721941842e-07, 1.05356576796e-07, 1.54571111466e-07, 5.07889978962e-07, 4.83246537897e-07, 1.01294659771e-07, 2.02137306893e-10],
        "max": [0.00525571126491, 0.071338519454, 0.0481547862291, 0.0244554616511, 0.0247997250408, 0.0222647767514, 0.016527954489, 0.0153003176674, 0.0369530245662, 0.0328678190708, 0.012654052116, 0.0257794074714, 0.0250776186585, 0.0151992300525, 0.0142650529742, 0.0175181180239, 0.0133220888674, 0.00572603335604, 0.00792444590479, 0.00525913480669, 0.00417917501181, 0.00311999046244, 0.00544643681496, 0.0116873970255, 0.00913316383958, 0.00388685148209, 0.000123922916828],
        "mean": [0.000143668701639, 0.00513359438628, 0.00444630626589, 0.0022785582114, 0.00216117710806, 0.000727209029719, 0.000648568850011, 0.000508613069542, 0.000521056936122, 0.00154879770707, 0.000444270932348, 0.000868208589964, 0.000684581056703, 0.000835883547552, 0.000440839270595, 0.000723978620954, 0.000857856066432, 0.000459660921479, 0.000696419156156, 0.000469438295113, 0.000254867802141, 0.000214193205466, 0.00018554001872, 0.000228931094171, 0.000189691592823, 0.000169884791831, 6.12862004346e-06],
        "median": [1.7571988792e-05, 0.00193696271162, 0.00251439400017, 0.0015055561671, 0.00145284633618, 0.000412693188991, 0.000175315595698, 7.95522792032e-05, 0.000205498145078, 0.000280200212728, 0.000176242203452, 0.000227716009249, 0.000188652178622, 0.000326209119521, 0.000172742380528, 0.000375516479835, 0.000441826152382, 0.000238273016294, 0.000502041308209, 0.000340353144566, 0.000176355970325, 0.000138132541906, 0.000119285876281, 0.000119234835438, 0.000101827965409, 6.58671924612e-05, 1.57039460191e-06],
        "min": [2.69928894396e-24, 9.89573467463e-24, 1.78667647031e-24, 2.81821011985e-24, 3.04364688448e-23, 1.23669487453e-23, 6.15866154175e-24, 2.1709966449e-23, 2.18799139092e-23, 4.22674134263e-23, 2.39511265916e-23, 3.69384308196e-23, 7.86638841823e-23, 4.74724249641e-23, 5.73054625517e-23, 7.75670267362e-23, 8.48565243298e-23, 1.1765658453e-22, 1.84145643885e-22, 2.55319640871e-22, 2.87709638551e-22, 3.14485597158e-22, 5.05460971568e-22, 6.71785667002e-22, 1.03674144892e-21, 1.54678957723e-21, 2.09685317352e-21],
        "var": [1.44962399418e-07, 9.61919940892e-05, 3.62107311958e-05, 6.84362430547e-06, 5.01883368997e-06, 1.29141199068e-06, 1.847954195e-06, 1.58234752234e-06, 1.86966087767e-06, 1.04356213342e-05, 6.84856615862e-07, 3.48937464878e-06, 1.98429029297e-06, 1.95755728782e-06, 6.24947801953e-07, 1.4879583432e-06, 1.47720800214e-06, 3.63246869028e-07, 5.51748257749e-07, 2.52629007491e-07, 9.89679378449e-08, 6.91218744464e-08, 8.93690668136e-08, 2.86072946665e-07, 1.89171132092e-07, 6.76604159366e-08, 1.17419754475e-10]
    },
    "erbbands": {
        "dmean": [0.135630398989, 1.10563051701, 3.64633631706, 5.27743577957, 4.76573705673, 5.00625181198, 4.47484970093, 5.18118286133, 9.12239646912, 8.15340042114, 8.063539505, 8.6439371109, 34.1294708252, 22.6705436707, 10.8822937012, 27.3233146667, 25.0975189209, 24.8391036987, 23.3862056732, 17.5348148346, 22.2003555298, 28.0219650269, 17.4121437073, 16.7407341003, 19.9320011139, 12.1465263367, 6.65205955505, 5.53160667419, 4.23753213882, 3.21477007866, 2.81346893311, 2.87557888031, 2.23041534424, 1.30689883232, 0.826043844223, 0.368066519499, 0.171182215214, 0.0294966176152, 0.000570377917029, 2.66777406068e-05],
        "dmean2": [0.242737263441, 1.79688179493, 6.24640130997, 8.61438846588, 7.88269853592, 8.65020561218, 7.55383586884, 8.84799766541, 15.3121004105, 13.7547302246, 12.697936058, 13.3830394745, 55.1985015869, 34.1121559143, 17.2844963074, 43.133556366, 40.9726600647, 40.0612068176, 37.9781761169, 26.6149787903, 35.3188591003, 44.8342208862, 27.8938579559, 26.9354343414, 32.3615493774, 20.3268718719, 10.7383489609, 8.99795341492, 6.90483903885, 5.12054729462, 4.36397647858, 4.47342395782, 3.46586608887, 1.99341988564, 1.29634082317, 0.553700387478, 0.251221656799, 0.0444401726127, 0.000863595400006, 3.99087875849e-05],
        "dvar": [0.110634982586, 5.05700492859, 38.6646842957, 71.4991912842, 36.4620857239, 70.7517089844, 62.7997665405, 123.459159851, 406.47668457, 343.906433105, 361.683624268, 476.732971191, 6567.89550781, 2442.35888672, 407.868621826, 3707.83666992, 2887.59326172, 2107.89868164, 2749.44165039, 1426.94726562, 1333.80200195, 3081.68432617, 879.367553711, 579.403015137, 763.042541504, 326.616424561, 117.174728394, 108.66910553, 59.2478485107, 35.1746063232, 59.2215843201, 98.2677993774, 71.3328399658, 16.7180023193, 13.7300424576, 0.947592318058, 0.173781424761, 0.00291839544661, 1.12198722491e-06, 1.80104064995e-09],
        "dvar2": [0.299698829651, 12.5281066895, 108.066253662, 174.412261963, 96.8400268555, 190.224441528, 162.805374146, 322.551239014, 1049.43481445, 865.930908203, 874.341552734, 1050.85131836, 15540.65625, 5653.41943359, 987.796142578, 9078.15332031, 7407.78808594, 5289.78027344, 7452.89648438, 3042.23510742, 3157.01098633, 7848.56689453, 2268.35009766, 1449.63146973, 1953.81518555, 869.429626465, 287.125427246, 267.392120361, 144.698379517, 85.5917510986, 147.186523438, 246.562179565, 174.160919189, 39.4238243103, 35.7790184021, 2.40185880661, 0.437730610371, 0.0068430788815, 2.64832760877e-06, 4.45584280584e-09],
        "max": [2.23289990425, 17.748167038, 48.2620239258, 71.1413497925, 55.8408355713, 102.679473877, 142.662445068, 217.231536865, 281.077911377, 213.024383545, 325.442657471, 509.390228271, 870.033752441, 680.46282959, 353.954620361, 978.735961914, 919.631164551, 673.575744629, 811.429382324, 1018.19793701, 498.283874512, 800.521789551, 373.43762207, 313.742340088, 327.260925293, 224.938598633, 175.120285034, 180.096191406, 134.310150146, 91.6255722046, 171.006896973, 227.11239624, 255.579025269, 72.5321578979, 80.3803482056, 19.3999519348, 8.16498088837, 0.644350469112, 0.0126436771825, 0.000697221723385],
        "mean": [0.117040589452, 1.28037643433, 4.5859837532, 7.50655078888, 7.43639850616, 6.3033618927, 6.09240484238, 6.05733823776, 9.55505561829, 8.84763145447, 11.966881752, 11.6543273926, 41.9274673462, 33.4855461121, 16.3392276764, 39.5369949341, 33.9119911194, 36.3029632568, 34.4044151306, 29.7106380463, 40.5604286194, 48.8246116638, 27.7215099335, 28.738904953, 37.4573631287, 20.9548416138, 11.572769165, 9.37519741058, 7.50956392288, 6.30197525024, 5.37725067139, 4.8842921257, 3.70957326889, 2.24365186691, 1.28620564938, 0.664948999882, 0.323204636574, 0.0554455630481, 0.00108430499677, 6.78749056533e-05],
        "median": [0.0276980549097, 0.551628649235, 2.73570036888, 4.72983837128, 5.2928404808, 3.73394751549, 3.91750359535, 2.92801499367, 3.08551812172, 1.91491985321, 2.45789670944, 5.43541812897, 8.83253002167, 8.76660060883, 8.22142124176, 10.6323957443, 10.1804838181, 16.4725780487, 14.2841863632, 13.0320453644, 24.540599823, 24.6849365234, 14.2581472397, 18.8535289764, 26.6158981323, 15.592666626, 8.11347198486, 6.14624786377, 4.7978720665, 4.16839647293, 3.34720540047, 2.7489566803, 1.78671848774, 1.18492925167, 0.657767474651, 0.303437709808, 0.115474298596, 0.0147606888786, 0.000323718297295, 5.13619779667e-05],
        "min": [1.08099553596e-22, 2.53349487897e-21, 3.78536629505e-21, 6.99277002543e-21, 3.46926237435e-20, 1.11659870118e-19, 1.21753218425e-19, 1.18080084141e-19, 9.38389359044e-20, 3.13669343973e-19, 5.41424142309e-19, 6.49415259615e-19, 1.10281828576e-18, 6.67037980674e-19, 2.00246033356e-18, 1.91578896937e-18, 3.91469925054e-18, 4.4203630308e-18, 3.5061501965e-18, 3.58941791928e-18, 4.89723430829e-18, 6.1612932565e-18, 5.94495698859e-18, 8.60715259048e-18, 9.48586903674e-18, 1.13407926091e-17, 1.23295166322e-17, 1.10472816308e-17, 1.21518580889e-17, 1.53944333871e-17, 1.53093810222e-17, 1.23994605432e-17, 1.10352345723e-17, 8.5668027202e-18, 6.6852588214e-18, 4.56423744987e-18, 2.95154089863e-18, 9.94217329549e-19, 2.60746871219e-19, 2.98834150492e-20],
        "var": [0.0843365043402, 5.07547521591, 35.9839706421, 83.9746551514, 53.1939506531, 69.1121749878, 69.5840911865, 119.10559845, 395.030822754, 420.933074951, 752.278198242, 624.582397461, 8259.50292969, 4508.37109375, 636.537109375, 6556.33056641, 3757.54199219, 3142.11254883, 3708.46923828, 3398.4753418, 2628.63256836, 5139.8359375, 1318.52258301, 1027.54675293, 1598.47839355, 460.515411377, 180.242752075, 156.19178772, 90.0368881226, 61.0145835876, 85.1008529663, 108.492912292, 97.841758728, 22.3968887329, 11.3355808258, 1.14903438091, 0.269323438406, 0.00756988767534, 2.74901071862e-06, 3.65468322272e-09]
    },
    "gfcc": {
        "mean": [19.9499797821, 59.7330627441, -110.533187866, 39.6254692078, -42.864025116, 18.3057746887, -39.1832504272, 12.1390047073, -34.9561080933, -0.306494921446, -23.7879524231, 0.61561024189, -15.833316803],
        "cov": [[10624.1142578, -1092.71081543, 174.973953247, 585.842529297, -164.317428589, 773.128601074, -158.902252197, 565.495910645, -236.922424316, 347.78604126, -213.20324707, 279.136993408, -389.572113037], [-1092.71081543, 1372.86401367, -659.510681152, -62.3019180298, 143.222167969, -236.950149536, 152.597167969, -235.60899353, 32.9376678467, -188.543258667, 104.78894043, -91.3977661133, 208.449157715], [174.973953247, -659.510681152, 1655.74926758, 357.567382812, 141.663864136, 256.081390381, 29.8305835724, 195.144500732, 11.531496048, 229.256072998, -136.007080078, 30.1877479553, -229.447509766], [585.842529297, -62.3019180298, 357.567382812, 632.591308594, 86.1737060547, 148.842269897, 3.65061235428, 15.2941856384, -16.3145484924, -10.2117528915, -32.4436836243, -31.1041469574, 42.7458763123], [-164.317428589, 143.222167969, 141.663864136, 86.1737060547, 254.386413574, 62.4490623474, 87.9729614258, 3.24237298965, 0.235880166292, 18.031671524, -21.0145320892, -2.75149273872, 19.1204681396], [773.128601074, -236.950149536, 256.081390381, 148.842269897, 62.4490623474, 291.878082275, 54.9611320496, 79.5112609863, -35.6308097839, 25.718296051, -35.9243431091, 47.0535087585, -55.0018310547], [-158.902252197, 152.597167969, 29.8305835724, 3.65061235428, 87.9729614258, 54.9611320496, 201.731277466, 22.0698642731, -17.3680953979, -21.149105072, 4.8380188942, 14.5975399017, 13.054189682], [565.495910645, -235.60899353, 195.144500732, 15.2941856384, 3.24237298965, 79.5112609863, 22.0698642731, 179.360305786, 29.3437862396, 59.9840774536, -24.3997001648, 30.5564861298, -71.5662536621], [-236.922424316, 32.9376678467, 11.531496048, -16.3145484924, 0.235880166292, -35.6308097839, -17.3680953979, 29.3437862396, 113.698722839, 40.6616096497, 7.87084436417, -29.9442157745, -11.463602066], [347.78604126, -188.543258667, 229.256072998, -10.2117528915, 18.031671524, 25.718296051, -21.149105072, 59.9840774536, 40.6616096497, 146.547897339, 1.8536812067, 4.13909053802, -76.8883972168], [-213.20324707, 104.78894043, -136.007080078, -32.4436836243, -21.0145320892, -35.9243431091, 4.8380188942, -24.3997001648, 7.87084436417, 1.8536812067, 92.4448242188, 12.4895544052, 11.6550674438], [279.136993408, -91.3977661133, 30.1877479553, -31.1041469574, -2.75149273872, 47.0535087585, 14.5975399017, 30.5564861298, -29.9442157745, 4.13909053802, 12.4895544052, 94.0976028442, -0.504043459892], [-389.572113037, 208.449157715, -229.447509766, 42.7458763123, 19.1204681396, -55.0018310547, 13.054189682, -71.5662536621, -11.463602066, -76.8883972168, 11.6550674438, -0.504043459892, 148.245651245]],
        "icov": [[0.000357678654836, -0.000418454612372, 0.000580955354962, -0.000652376504149, 0.000518170127179, -0.000584674475249, 0.000462712312583, -0.00091802154202, 0.00113468617201, -0.00166505307425, 0.00151440536138, -0.00109725852963, 0.000949292909354], [-0.000418454612372, 0.00241118716076, -0.00044654897647, 0.000739352311939, -0.00178151368164, 0.00156702252571, -0.00183963857125, 0.00234576873481, -0.00240865838714, 0.0034647542052, -0.00315191131085, 0.0021507772617, -0.00142290396616], [0.000580955354962, -0.00044654897647, 0.00234006321989, -0.00192188180517, 0.000413208064856, -0.000710441090632, 0.000259911263129, -0.00125007925089, 0.00172742118593, -0.00391942355782, 0.00397186633199, -0.00259827263653, 0.00316697685048], [-0.000652376504149, 0.000739352311939, -0.00192188180517, 0.00391365680844, -0.0012046493357, -0.000521584530361, -2.40520466832e-06, 0.0011104127625, -0.00163211126346, 0.00372973759659, -0.0039570517838, 0.00424814783037, -0.00422514462844], [0.000518170127179, -0.00178151368164, 0.000413208064856, -0.0012046493357, 0.0069798482582, -0.0021197211463, -0.000935802992899, -0.00124728272203, 0.00191321887542, -0.00494824489579, 0.00406001415104, -0.00169693096541, -9.62997582974e-05], [-0.000584674475249, 0.00156702252571, -0.000710441090632, -0.000521584530361, -0.0021197211463, 0.00739752873778, -0.00245230412111, 0.00110996025614, -0.0012788514141, 0.00351137365215, -0.00151013024151, -0.000785196665674, 0.000919109850656], [0.000462712312583, -0.00183963857125, 0.000259911263129, -2.40520466832e-06, -0.000935802992899, -0.00245230412111, 0.0083252415061, -0.00365989864804, 0.00300685316324, -0.00119610433467, 0.000845441129059, -0.0012480589794, 0.000458003720269], [-0.00091802154202, 0.00234576873481, -0.00125007925089, 0.0011104127625, -0.00124728272203, 0.00110996025614, -0.00365989864804, 0.0127887474373, -0.00711788982153, 0.00379638909362, -0.00198902236298, -0.000571281998418, 0.000675985065755], [0.00113468617201, -0.00240865838714, 0.00172742118593, -0.00163211126346, 0.00191321887542, -0.0012788514141, 0.00300685316324, -0.00711788982153, 0.0168289728463, -0.00935926754028, 0.00367591506802, 0.00102704355959, 0.00125228671823], [-0.00166505307425, 0.0034647542052, -0.00391942355782, 0.00372973759659, -0.00494824489579, 0.00351137365215, -0.00119610433467, 0.00379638909362, -0.00935926754028, 0.0219867229462, -0.0111736971885, 0.00537972198799, -0.000933511764742], [0.00151440536138, -0.00315191131085, 0.00397186633199, -0.0039570517838, 0.00406001415104, -0.00151013024151, 0.000845441129059, -0.00198902236298, 0.00367591506802, -0.0111736971885, 0.0225838907063, -0.0100502893329, 0.00626070331782], [-0.00109725852963, 0.0021507772617, -0.00259827263653, 0.00424814783037, -0.00169693096541, -0.000785196665674, -0.0012480589794, -0.000571281998418, 0.00102704355959, 0.00537972198799, -0.0100502893329, 0.0203143600374, -0.00766357919201], [0.000949292909354, -0.00142290396616, 0.00316697685048, -0.00422514462844, -9.62997582974e-05, 0.000919109850656, 0.000458003720269, 0.000675985065755, 0.00125228671823, -0.000933511764742, 0.00626070331782, -0.00766357919201, 0.0170947629958]]
    },
    "melbands": {
        "dmean": [0.00126977439504, 0.00171181710903, 0.000833958678413, 0.000335699383868, 0.000171847306774, 0.000118100710097, 0.000134450820042, 8.89512084541e-05, 6.40347934677e-05, 5.94386947341e-05, 0.000178017202416, 0.000103003818367, 3.92884430767e-05, 5.44003050891e-05, 8.91267336556e-05, 4.77576322737e-05, 5.05768075527e-05, 4.65102566523e-05, 2.09240279219e-05, 3.01053805742e-05, 2.73046589427e-05, 3.30150433001e-05, 2.03814906854e-05, 1.46374040924e-05, 1.43778670463e-05, 1.57174508786e-05, 1.36633170769e-05, 7.68277004681e-06, 4.45183195552e-06, 3.97338544644e-06, 3.16253067467e-06, 2.58189038504e-06, 2.30381101574e-06, 1.71776628122e-06, 1.58529792316e-06, 2.02703540708e-06, 1.73981311491e-06, 1.66267125223e-06, 1.43724571444e-06, 1.0445545513e-06],
        "dmean2": [0.00218354980461, 0.0028668961022, 0.0013488070108, 0.00056616863003, 0.000290070282063, 0.000201679271413, 0.000226845470024, 0.000149032173795, 0.00010088338604, 9.43039631238e-05, 0.000288207345875, 0.000155936970259, 6.30366921541e-05, 8.6634841864e-05, 0.000142785836942, 7.8383141954e-05, 8.1398517068e-05, 7.66189696151e-05, 3.26314730046e-05, 4.66637866339e-05, 4.40488984168e-05, 5.31354417035e-05, 3.28044552589e-05, 2.41329125856e-05, 2.33845184994e-05, 2.53397101915e-05, 2.25141757255e-05, 1.29334957819e-05, 7.2045363595e-06, 6.50426682114e-06, 5.16096497449e-06, 4.25373900725e-06, 3.74556202587e-06, 2.76282457889e-06, 2.49314507528e-06, 3.25277733282e-06, 2.71780959338e-06, 2.58344562099e-06, 2.25750363825e-06, 1.58919795012e-06],
        "dvar": [8.55245889397e-06, 9.4440238172e-06, 1.60734634846e-06, 1.92023293266e-07, 9.31317529762e-08, 5.82482755362e-08, 8.57738058357e-08, 4.49434480743e-08, 2.33567707397e-08, 2.61012669256e-08, 1.7674085484e-07, 5.25915275773e-08, 5.8719176188e-09, 2.0091453834e-08, 4.06732745262e-08, 1.02370787403e-08, 8.91080009779e-09, 1.22675727354e-08, 1.7338738223e-09, 4.92818941211e-09, 1.90265203592e-09, 4.62403715318e-09, 1.27066857036e-09, 6.07390582275e-10, 4.35448038738e-10, 5.3652587928e-10, 3.97693572518e-10, 1.49489268186e-10, 5.25934504281e-11, 5.0507032584e-11, 3.67206681728e-11, 2.29394593598e-11, 1.83672591025e-11, 1.0125532357e-11, 1.54286930454e-11, 5.32276202281e-11, 3.05524147648e-11, 3.78911797771e-11, 2.36927977237e-11, 9.52775185137e-12],
        "dvar2": [2.22210801439e-05, 2.50289485848e-05, 3.9443825699e-06, 5.26614257979e-07, 2.44273650196e-07, 1.50964751811e-07, 2.22159258101e-07, 1.14400727114e-07, 5.57435022586e-08, 5.76273642139e-08, 4.15995657477e-07, 1.20673718129e-07, 1.46841356852e-08, 5.03425567899e-08, 1.0222213831e-07, 2.6477234627e-08, 2.22131664174e-08, 3.35964998044e-08, 3.5691825051e-09, 1.10129398934e-08, 4.57163595868e-09, 1.18705782981e-08, 3.22840376654e-09, 1.60211333089e-09, 1.09137876514e-09, 1.35644784294e-09, 1.02143371539e-09, 3.98951510716e-10, 1.32743149805e-10, 1.25385077321e-10, 9.09640349156e-11, 5.62609403509e-11, 4.65668024974e-11, 2.45985384839e-11, 3.63727659103e-11, 1.43262735008e-10, 7.3147071733e-11, 8.99148047684e-11, 5.71948981232e-11, 2.25158156009e-11],
        "max": [0.0200581289828, 0.0231161490083, 0.0108371376991, 0.00401138421148, 0.00525406235829, 0.0045605241321, 0.00395951699466, 0.00300890090875, 0.00258492142893, 0.00419360212982, 0.00472219847143, 0.00330485473387, 0.00168390327599, 0.00252763926983, 0.0036250106059, 0.00149999849964, 0.00121176999528, 0.0016579919029, 0.00100554036908, 0.00157027388923, 0.000766616605688, 0.00112137023825, 0.000378750468371, 0.000276093924185, 0.000261756940745, 0.000356276403181, 0.000270449963864, 0.000149117360706, 0.000104611324787, 0.000127951847389, 9.5502291515e-05, 9.65142826317e-05, 6.70590088703e-05, 6.25346801826e-05, 7.44269709685e-05, 0.000197466739337, 0.00010597822984, 0.000197495886823, 9.14094707696e-05, 5.47194176761e-05],
        "mean": [0.00124942639377, 0.00223316461779, 0.00130016729236, 0.000493264116812, 0.000229380122619, 0.000141629338032, 0.000141767901368, 9.64606952039e-05, 9.52487898758e-05, 7.35974390409e-05, 0.000218923058128, 0.000147979561007, 5.41856825294e-05, 6.97973591741e-05, 0.000122863741126, 5.66526068724e-05, 7.09335072315e-05, 6.32088558632e-05, 3.19457685691e-05, 4.83842704853e-05, 4.6575358283e-05, 5.49008473172e-05, 3.13273121719e-05, 2.1082967578e-05, 2.30010282394e-05, 2.72840643447e-05, 2.44856437348e-05, 1.15056600407e-05, 7.13535109753e-06, 6.50269612379e-06, 4.97769269714e-06, 4.27732766184e-06, 3.98135853175e-06, 3.23556992043e-06, 2.93784796668e-06, 3.28214832734e-06, 2.85332316707e-06, 2.66811684924e-06, 2.27655573326e-06, 1.75260151991e-06],
        "median": [0.000394764763769, 0.00129323487636, 0.00089807540644, 0.000350445974618, 0.000139463722007, 7.06982973497e-05, 4.40311159764e-05, 1.8651904611e-05, 1.86078086699e-05, 2.9946118957e-05, 4.38834540546e-05, 3.45152693626e-05, 2.40415702137e-05, 2.44907805609e-05, 2.7206760933e-05, 1.86800498341e-05, 2.90657644655e-05, 2.37583590206e-05, 1.2277643691e-05, 2.02026149054e-05, 2.86263693852e-05, 2.71320550382e-05, 1.51530603034e-05, 1.08170906969e-05, 1.44883333633e-05, 1.82820876944e-05, 1.73105163412e-05, 7.70688893681e-06, 4.72421879749e-06, 4.34586581832e-06, 3.0493365557e-06, 2.58554882748e-06, 2.45124215326e-06, 2.11797464544e-06, 1.80517861281e-06, 1.8379720359e-06, 1.53840028361e-06, 1.26964982883e-06, 1.03278614461e-06, 9.52158700329e-07],
        "min": [2.78724811818e-24, 3.00188257657e-24, 1.74575667743e-24, 4.32322281788e-24, 6.78039674217e-24, 2.47954365299e-24, 1.53967633088e-24, 3.12084102614e-24, 4.88845664482e-24, 3.33470673957e-24, 5.40613833084e-24, 2.23119209622e-24, 5.01186131167e-24, 5.50796252433e-24, 4.84468275319e-24, 9.22512875227e-24, 7.14249494172e-24, 5.02778013031e-24, 4.60891273901e-24, 3.29574766047e-24, 6.08796461628e-24, 5.70405717372e-24, 5.45146903946e-24, 5.39722735805e-24, 6.5968193432e-24, 5.70734277939e-24, 6.81352101158e-24, 7.19835497128e-24, 7.3530766272e-24, 5.62772186493e-24, 6.14512626634e-24, 6.51250667851e-24, 5.93291558308e-24, 8.33717350672e-24, 6.9102164259e-24, 8.99279896049e-24, 6.15494719018e-24, 6.42819559154e-24, 7.20464377042e-24, 6.61274486715e-24],
        "var": [7.30646434022e-06, 9.34291165322e-06, 1.9969825189e-06, 2.45086795303e-07, 1.0069426537e-07, 5.83026675827e-08, 8.30795841011e-08, 5.3166946401e-08, 4.87262177273e-08, 3.1990456506e-08, 2.27530620123e-07, 9.53878682708e-08, 8.88240769825e-09, 2.32871091299e-08, 6.82238265881e-08, 1.10322710967e-08, 1.33932660518e-08, 1.52094852268e-08, 3.43927508695e-09, 1.06552597856e-08, 3.30451732644e-09, 7.23131599045e-09, 1.99262961686e-09, 8.00326582784e-10, 7.35388583362e-10, 1.00671404546e-09, 7.52121254166e-10, 1.84525145164e-10, 7.59041024478e-11, 7.0794238527e-11, 5.10194317349e-11, 3.33959943033e-11, 2.59703786254e-11, 1.75731321855e-11, 2.56895338335e-11, 5.10942017862e-11, 3.5764450429e-11, 5.26629191644e-11, 3.38539196676e-11, 1.25753036456e-11]
    },
    "mfcc": {
        "mean": [-624.462890625, 93.7749099731, -4.05479192734, 26.640996933, 15.9295091629, 7.80993795395, 9.30183887482, 7.03920507431, -0.582738518715, 0.835313379765, -6.22950458527, -5.98171043396, -2.84607815742],
        "cov": [[6042.29199219, -833.589294434, 153.812652588, 149.73979187, 141.972808838, 289.798400879, 220.184432983, 329.852355957, 70.2303543091, 126.870475769, 231.115814209, 143.737487793, 32.7848625183], [-833.589294434, 1072.82373047, -426.959716797, -44.3964271545, -86.2476043701, -60.2452125549, 23.3222332001, -64.6014938354, -12.5147485733, -67.6315841675, -72.8804779053, -4.80598640442, 7.85162305832], [153.812652588, -426.959716797, 1129.67126465, 296.397155762, 208.346191406, 178.332962036, 77.6079406738, 55.930305481, 84.887550354, 145.905273438, 78.7166061401, 95.0338897705, 42.0505142212], [149.73979187, -44.3964271545, 296.397155762, 416.151184082, 143.100860596, 108.702789307, 76.9460372925, 5.78756952286, 73.1534729004, 39.0948486328, -59.373210907, 48.9808235168, -3.53235387802], [141.972808838, -86.2476043701, 208.346191406, 143.100860596, 215.564743042, 95.12134552, 24.2099018097, 16.0278625488, 40.7965888977, 69.8515319824, 2.55006122589, 8.99004840851, 0.835109174252], [289.798400879, -60.2452125549, 178.332962036, 108.702789307, 95.12134552, 223.27104187, 113.425453186, 49.1403503418, 38.874004364, 13.7295560837, 7.74819660187, 28.4260540009, -36.7866249084], [220.184432983, 23.3222332001, 77.6079406738, 76.9460372925, 24.2099018097, 113.425453186, 197.352981567, 83.7955474854, 40.7215118408, -19.3557491302, 2.65774655342, 33.7265701294, -6.46383333206], [329.852355957, -64.6014938354, 55.930305481, 5.78756952286, 16.0278625488, 49.1403503418, 83.7955474854, 172.208145142, 33.2092666626, -1.86026525497, 26.7612018585, 7.22144842148, 0.529994785786], [70.2303543091, -12.5147485733, 84.887550354, 73.1534729004, 40.7965888977, 38.874004364, 40.7215118408, 33.2092666626, 121.766677856, 30.9988689423, -11.7213859558, 13.906463623, -10.7389278412], [126.870475769, -67.6315841675, 145.905273438, 39.0948486328, 69.8515319824, 13.7295560837, -19.3557491302, -1.86026525497, 30.9988689423, 164.258987427, 66.7236633301, 3.24342632294, 26.3501319885], [231.115814209, -72.8804779053, 78.7166061401, -59.373210907, 2.55006122589, 7.74819660187, 2.65774655342, 26.7612018585, -11.7213859558, 66.7236633301, 142.814331055, 28.6822414398, 26.6933498383], [143.737487793, -4.80598640442, 95.0338897705, 48.9808235168, 8.99004840851, 28.4260540009, 33.7265701294, 7.22144842148, 13.906463623, 3.24342632294, 28.6822414398, 83.4387359619, 27.9057540894], [32.7848625183, 7.85162305832, 42.0505142212, -3.53235387802, 0.835109174252, -36.7866249084, -6.46383333206, 0.529994785786, -10.7389278412, 26.3501319885, 26.6933498383, 27.9057540894, 90.9512405396]],
