{
"lowlevel": {
    "average_loudness": 0.849919497967,
    "barkbands_crest": {
        "dmean": 2.17913365364,
        "dmean2": 3.44194841385,
        "dvar": 5.14854240417,
        "dvar2": 13.663315773,
        "max": 24.7570304871,
        "mean": 11.437125206,
        "median": 10.8518743515,
        "min": 3.42252445221,
        "var": 16.6331272125
    },
    "barkbands_flatness_db": {
        "dmean": 0.0228819288313,
        "dmean2": 0.0311326384544,
        "dvar": 0.000647139851935,
        "dvar2": 0.00128089264035,
        "max": 0.421732068062,
        "mean": 0.166792362928,
        "median": 0.154569417238,
        "min": 0.0312208458781,
        "var": 0.00446834694594
    },
    "barkbands_kurtosis": {
        "dmean": 3.49280118942,
        "dmean2": 5.57246017456,
        "dvar": 40.7367858887,
        "dvar2": 102.528175354,
        "max": 91.9493865967,
        "mean": 6.27954626083,
        "median": 3.44169712067,
        "min": -1.96080362797,
        "var": 81.8232955933
    },
    "barkbands_skewness": {
        "dmean": 0.53036826849,
        "dmean2": 0.822193324566,
        "dvar": 0.484732031822,
        "dvar2": 1.25255024433,
        "max": 8.39221382141,
        "mean": 2.01023793221,
        "median": 1.81597614288,
        "min": -1.85830581188,
        "var": 1.48935699463
    },
    "barkbands_spread": {
        "dmean": 8.0719499588,
        "dmean2": 12.0428113937,
        "dvar": 166.030456543,
        "dvar2": 355.231414795,
        "max": 120.132904053,
        "mean": 24.8290729523,
        "median": 15.5547132492,
        "min": 0.603089630604,
        "var": 574.780273438
    },
    "dissonance": {
        "dmean": 0.0159248225391,
        "dmean2": 0.0269140545279,
        "dvar": 0.000271263968898,
        "dvar2": 0.000757765083108,
        "max": 0.500000178814,
        "mean": 0.470415115356,
        "median": 0.477412611246,
        "min": 0.301420271397,
        "var": 0.000647882989142
    },
    "dynamic_complexity": 2.65325903893,
    "erbbands_crest": {
        "dmean": 1.92157113552,
        "dmean2": 2.98579835892,
        "dvar": 3.49738097191,
        "dvar2": 7.54440641403,
        "max": 28.8581867218,
        "mean": 8.33041477203,
        "median": 7.22557210922,
        "min": 2.19580745697,
        "var": 17.3069572449
    },
    "erbbands_flatness_db": {
        "dmean": 0.018241642043,
        "dmean2": 0.0227630157024,
        "dvar": 0.000496126071084,
        "dvar2": 0.000816255284008,
        "max": 0.347830355167,
        "mean": 0.151889771223,
        "median": 0.123866043985,
        "min": 0.0235119815916,
        "var": 0.00774543266743
    },
    "erbbands_kurtosis": {
        "dmean": 0.773159146309,
        "dmean2": 1.15853834152,
        "dvar": 1.25560343266,
        "dvar2": 2.35576081276,
        "max": 20.4403762817,
        "mean": 0.578017830849,
        "median": -0.0129132270813,
        "min": -1.83635795116,
        "var": 4.2781085968
    },
    "erbbands_skewness": {
        "dmean": 0.291520893574,
        "dmean2": 0.428672879934,
        "dvar": 0.106364451349,
        "dvar2": 0.207229778171,
        "max": 4.17830848694,
        "mean": 0.316911637783,
        "median": 0.4429872334,
        "min": -3.75809264183,
        "var": 0.612915575504
    },
    "erbbands_spread": {
        "dmean": 9.61795520782,
        "dmean2": 13.9503860474,
        "dvar": 161.619155884,
        "dvar2": 351.003112793,
        "max": 149.518432617,
        "mean": 43.7949485779,
        "median": 37.8274765015,
        "min": 6.12025499344,
        "var": 616.133850098
    },
    "hfc": {
        "dmean": 12.0925416946,
        "dmean2": 16.857509613,
        "dvar": 493.06149292,
        "dvar2": 1019.67993164,
        "max": 217.949142456,
        "mean": 30.8192157745,
        "median": 13.3476400375,
        "min": 1.26004105073e-16,
        "var": 1493.40246582
    },
    "melbands_crest": {
        "dmean": 2.34448170662,
        "dmean2": 3.7308113575,
        "dvar": 5.45925092697,
        "dvar2": 13.5916194916,
        "max": 31.7182826996,
        "mean": 15.2059869766,
        "median": 15.1086502075,
        "min": 2.98662543297,
        "var": 21.790271759
    },
    "melbands_flatness_db": {
        "dmean": 0.0269784461707,
        "dmean2": 0.0373499840498,
        "dvar": 0.000922774837818,
        "dvar2": 0.00192339369096,
        "max": 0.560989439487,
        "mean": 0.262339115143,
        "median": 0.259989589453,
        "min": 0.00685633067042,
        "var": 0.00562706729397
    },
    "melbands_kurtosis": {
        "dmean": 10.8177213669,
        "dmean2": 17.9495983124,
        "dvar": 796.239135742,
        "dvar2": 2246.76977539,
        "max": 454.259918213,
        "mean": 21.3375339508,
        "median": 12.986199379,
        "min": -1.31823408604,
        "var": 940.912658691
    },
    "melbands_skewness": {
        "dmean": 0.764626801014,
        "dmean2": 1.19252860546,
        "dvar": 1.2909001112,
        "dvar2": 3.31042742729,
        "max": 16.2271060944,
        "mean": 3.37060713768,
        "median": 3.09670162201,
        "min": -0.0548552945256,
        "var": 3.69543194771
    },
    "melbands_spread": {
        "dmean": 4.64462566376,
        "dmean2": 6.75347280502,
        "dvar": 58.0482711792,
        "dvar2": 108.924797058,
        "max": 147.511474609,
        "mean": 16.8199081421,
        "median": 11.5885152817,
        "min": 0.531626522541,
        "var": 290.991333008
    },
    "pitch_salience": {
        "dmean": 0.0607158020139,
        "dmean2": 0.0949751511216,
        "dvar": 0.00366358272731,
        "dvar2": 0.00942180771381,
        "max": 0.852622270584,
        "mean": 0.525545120239,
        "median": 0.527811408043,
        "min": 0.140659451485,
        "var": 0.013081737794
    },
    "silence_rate_20dB": {
        "dmean": 0,
        "dmean2": 0,
        "dvar": 0,
        "dvar2": 0,
        "max": 1,
        "mean": 1,
        "median": 1,
        "min": 1,
        "var": 0
    },
    "silence_rate_30dB": {
        "dmean": 0.0626934990287,
        "dmean2": 0.125435546041,
        "dvar": 0.058762665838,
        "dvar2": 0.117444001138,
        "max": 1,
        "mean": 0.936170220375,
        "median": 1,
        "min": 0,
        "var": 0.0597554184496
    },
    "silence_rate_60dB": {
        "dmean": 0.00348297203891,
        "dmean2": 0.006968641188,
        "dvar": 0.0034710301552,
        "dvar2": 0.0069193970412,
        "max": 1,
        "mean": 0.014313345775,
        "median": 0,
        "min": 0,
        "var": 0.0141092902049
    },
    "spectral_centroid": {
        "dmean": 216.352600098,
        "dmean2": 317.363861084,
        "dvar": 108995.265625,
        "dvar2": 196854.890625,
        "max": 11145.1699219,
        "mean": 1067.92456055,
        "median": 839.534790039,
        "min": 152.600906372,
        "var": 557837.125
    },
    "spectral_complexity": {
        "dmean": 3.2999227047,
        "dmean2": 5.02787446976,
        "dvar": 19.3059158325,
        "dvar2": 35.0740394592,
        "max": 59,
        "mean": 17.0328826904,
        "median": 14,
        "min": 0,
        "var": 83.9636383057
    },
    "spectral_decrease": {
        "dmean": 4.33742064487e-09,
        "dmean2": 7.45493711207e-09,
        "dvar": 1.43981320587e-16,
        "dvar2": 4.00732425547e-16,
        "max": 8.46093705193e-29,
        "mean": -9.55792156532e-09,
        "median": -7.72049890685e-09,
        "min": -9.80756880153e-08,
        "var": 1.23909035252e-16
    },
    "spectral_energy": {
        "dmean": 0.0169532075524,
        "dmean2": 0.0288692042232,
        "dvar": 0.00212822319008,
        "dvar2": 0.00588696775958,
        "max": 0.380670130253,
        "mean": 0.0388691723347,
        "median": 0.0319499373436,
        "min": 1.11096099678e-20,
        "var": 0.00190516537987
    },
    "spectral_energyband_high": {
        "dmean": 0.000884503591806,
        "dmean2": 0.00117945752572,
        "dvar": 3.05517778543e-06,
        "dvar2": 5.55156248083e-06,
        "max": 0.0242782142013,
        "mean": 0.0019972815644,
        "median": 0.000359542667866,
        "min": 7.90764470762e-21,
        "var": 1.4318009562e-05
    },
    "spectral_energyband_low": {
        "dmean": 0.011682594195,
        "dmean2": 0.0200524441898,
        "dvar": 0.00141497713048,
        "dvar2": 0.00399032281712,
        "max": 0.363265752792,
        "mean": 0.0219992268831,
        "median": 0.0172630995512,
        "min": 1.37926182474e-22,
        "var": 0.00111562642269
    },
    "spectral_energyband_middle_high": {
        "dmean": 0.00128901028074,
        "dmean2": 0.00194872671273,
        "dvar": 7.77738659963e-06,
        "dvar2": 1.8353046471e-05,
        "max": 0.0378338992596,
        "mean": 0.00379210617393,
        "median": 0.00175063381903,
        "min": 1.57754631729e-21,
        "var": 2.81988304778e-05
    },
    "spectral_energyband_middle_low": {
        "dmean": 0.00648857140914,
        "dmean2": 0.0111401742324,
        "dvar": 0.000651405658573,
        "dvar2": 0.00183884194121,
        "max": 0.26251962781,
        "mean": 0.0125352004543,
        "median": 0.00819724146277,
        "min": 3.50483453343e-22,
        "var": 0.000467889272841
    },
    "spectral_entropy": {
        "dmean": 0.187588632107,
        "dmean2": 0.247181922197,
        "dvar": 0.0490330979228,
        "dvar2": 0.0871928036213,
        "max": 9.79763221741,
        "mean": 7.47434282303,
        "median": 7.50258731842,
        "min": 4.97703886032,
        "var": 0.394218027592
    },
    "spectral_flux": {
        "dmean": 0.0310095567256,
        "dmean2": 0.0474700778723,
        "dvar": 0.00336324144155,
        "dvar2": 0.00613054353744,
        "max": 0.493901520967,
        "mean": 0.0824950858951,
        "median": 0.0613999925554,
        "min": 1.05402131467e-10,
        "var": 0.0061027794145
    },
    "spectral_kurtosis": {
        "dmean": 3.84539031982,
        "dmean2": 6.28848743439,
        "dvar": 36.5567588806,
        "dvar2": 104.958404541,
        "max": 66.1857910156,
        "mean": 8.23156547546,
        "median": 5.01470851898,
        "min": -1.24443876743,
        "var": 80.4310302734
    },
    "spectral_rms": {
        "dmean": 0.000934492854867,
        "dmean2": 0.00149393605534,
        "dvar": 3.73722582481e-06,
        "dvar2": 9.872607734e-06,
        "max": 0.0192713644356,
        "mean": 0.0055953101255,
        "median": 0.00558307021856,
        "min": 3.29220960389e-12,
        "var": 6.61359717924e-06
    },
    "spectral_rolloff": {
        "dmean": 692.820983887,
        "dmean2": 1195.34594727,
        "dvar": 3694468.75,
        "dvar2": 9073576,
        "max": 19272.2167969,
        "mean": 1441.64245605,
        "median": 689.0625,
        "min": 64.599609375,
        "var": 5853782
    },
    "spectral_skewness": {
        "dmean": 0.378464490175,
        "dmean2": 0.597229540348,
        "dvar": 0.224745571613,
        "dvar2": 0.5967207551,
        "max": 5.93460845947,
        "mean": 1.95429837704,
        "median": 1.85842609406,
        "min": -0.116482526064,
        "var": 0.698351323605
    },
    "spectral_spread": {
        "dmean": 964079.1875,
        "dmean2": 1244558,
        "dvar": 2.30473623142e+12,
        "dvar2": 4.05099092378e+12,
        "max": 41562716,
        "mean": 5446805.5,
        "median": 5200705.5,
        "min": 1006757.25,
        "var": 1.05325097124e+13
    },
    "spectral_strongpeak": {
        "dmean": 0.262957155704,
        "dmean2": 0.460361897945,
        "dvar": 0.453525453806,
        "dvar2": 1.12869000435,
        "max": 9.31569480896,
        "mean": 0.572763621807,
        "median": 0.36559176445,
        "min": 0,
        "var": 0.732565104961
    },
    "zerocrossingrate": {
        "dmean": 0.0171813014895,
        "dmean2": 0.0199350323528,
        "dvar": 0.00054612965323,
        "dvar2": 0.000703398371115,
        "max": 0.49951171875,
        "mean": 0.0657746046782,
        "median": 0.044921875,
        "min": 0.00390625,
        "var": 0.003270391142
    },
    "barkbands": {
        "dmean": [0.000247367046541, 0.00918496865779, 0.00293174129911, 0.00228690472431, 0.00377703923732, 0.000743368349504, 0.000416530674556, 0.000364020903362, 0.000471033505164, 0.000344377796864, 0.000173525608261, 0.000168767612195, 0.000291829608614, 0.000245422445005, 0.000155647663632, 0.000186114848475, 0.000211216829484, 0.000139760581078, 0.000116069830256, 0.000131773485919, 0.000108273845399, 0.000148707331391, 9.04416083358e-05, 0.000152933018398, 0.000142687495099, 0.00024559450685, 0.000175395907718],
        "dmean2": [0.000383951031836, 0.01587805897, 0.00508210621774, 0.003779404331, 0.00681275175884, 0.00119448348414, 0.000639307778329, 0.00060480897082, 0.000719001865946, 0.000540916167665, 0.000281107873889, 0.000252383266343, 0.000448007194791, 0.000371626665583, 0.00024689376005, 0.000289829447865, 0.000334355834639, 0.000221948401304, 0.000191475774045, 0.000213843552046, 0.000178360452992, 0.000217866792809, 0.00012461389997, 0.00019909524417, 0.000202364259167, 0.000360681005986, 0.000264361588052],
        "dvar": [5.25859206846e-07, 0.000966718129348, 8.08681434137e-05, 6.02037653152e-05, 0.000276080332696, 2.93331004286e-06, 1.05956689822e-06, 1.34147182962e-06, 6.82489257997e-07, 7.99553163233e-07, 1.19524557363e-07, 2.50825991088e-07, 7.56879160235e-07, 1.44121486301e-06, 2.37008862314e-07, 2.76086154827e-07, 2.45738476679e-07, 1.2756521528e-07, 1.74266162389e-07, 1.47832423636e-07, 9.22341243381e-08, 1.68942690948e-07, 6.18966424781e-08, 2.52092974051e-07, 1.17455421389e-07, 3.0051208455e-07, 1.93642094359e-07],
        "dvar2": [1.05247886495e-06, 0.00277283834293, 0.000235062252614, 0.000154773195391, 0.000811998499557, 7.93844628788e-06, 2.54646693065e-06, 3.67404959434e-06, 1.48971969338e-06, 1.73168530182e-06, 2.45129484711e-07, 4.69685659255e-07, 1.45660169437e-06, 3.43670080838e-06, 5.55215990516e-07, 5.60232990665e-07, 5.16758348112e-07, 2.88541855298e-07, 4.7070179221e-07, 3.93245187524e-07, 2.45948086786e-07, 3.51847972979e-07, 1.0372126269e-07, 3.86077203984e-07, 2.33346426626e-07, 6.9548201509e-07, 4.45422500661e-07],
        "max": [0.00915823224932, 0.320858836174, 0.121490910649, 0.0906758159399, 0.168601706624, 0.0239235460758, 0.0206127464771, 0.0215054899454, 0.0253720879555, 0.0254126414657, 0.00904087722301, 0.0118984626606, 0.0245064031333, 0.0278913043439, 0.00799198262393, 0.0166786573827, 0.0161274280399, 0.0071568749845, 0.00921752396971, 0.00442341296002, 0.00391758466139, 0.00749615579844, 0.0057162232697, 0.0119489040226, 0.00780692091212, 0.00683368137106, 0.00543813314289],
        "mean": [0.000381325167837, 0.01583702676, 0.00440870365128, 0.00276858988218, 0.0051754754968, 0.00153923826292, 0.000835818354972, 0.000706268358044, 0.00133826897945, 0.000678849348333, 0.000376223761123, 0.000351744238287, 0.000600037863478, 0.000411101937061, 0.000225935567869, 0.000329002243234, 0.000400317599997, 0.000239548651734, 0.00016243896971, 0.000195289190742, 0.000162121170433, 0.000287435017526, 0.00021780822135, 0.000430723914178, 0.00030608320958, 0.000319940765621, 0.000183876807569],
        "median": [5.52099700144e-05, 0.012271634303, 0.00231658504345, 0.000949381617829, 0.00266800192185, 0.000968317966908, 0.000411852961406, 0.000326562323608, 0.000668718654197, 0.000276975624729, 0.000176168963662, 9.71147237578e-05, 0.000130878688651, 5.56954692001e-05, 6.72610767651e-05, 0.000119101823657, 0.000151002881466, 6.33338204352e-05, 3.68670007447e-05, 3.55272095476e-05, 2.3889084332e-05, 3.16718833346e-05, 2.61454406427e-05, 4.41863012384e-05, 4.50624502264e-05, 2.79827308987e-05, 3.28173541675e-06],
        "min": [3.37772821567e-23, 4.2805148351e-23, 5.5863645698e-23, 8.91057756606e-24, 6.19108893144e-23, 2.87780528747e-23, 8.40809983294e-23, 1.22516232763e-22, 2.86865102998e-23, 3.22854515216e-23, 1.09052371351e-22, 8.21425840695e-23, 2.34411065594e-22, 8.35348604583e-23, 1.64094957998e-22, 1.24126670213e-22, 1.033293685e-22, 1.61137499531e-22, 3.05914654977e-22, 3.05332160084e-22, 4.19452640897e-22, 6.01644194278e-22, 5.93808243269e-22, 8.95254386182e-22, 1.19068519332e-21, 1.60655842519e-21, 2.75666219017e-21],
        "var": [8.44127100663e-07, 0.000709019135684, 6.16579563939e-05, 5.46744413441e-05, 0.000167530044564, 3.79872744816e-06, 1.7431705146e-06, 2.04701836992e-06, 5.43838950762e-06, 2.99126668324e-06, 3.6007307358e-07, 1.0690638419e-06, 3.26155873154e-06, 2.92363961307e-06, 3.33129975161e-07, 7.83197265264e-07, 1.04009484403e-06, 2.65289628487e-07, 1.8495546783e-07, 2.05202027814e-07, 1.26641054976e-07, 5.20271385085e-07, 3.01163112226e-07, 1.76285038833e-06, 5.23792721197e-07, 4.24174970703e-07, 2.27429225674e-07]
    },
    "erbbands": {
        "dmean": [0.251433134079, 2.13602304459, 3.53271365166, 5.4187836647, 13.4539470673, 10.5041589737, 9.2978553772, 5.45769739151, 4.81832551956, 7.98188877106, 7.22890853882, 11.6371355057, 10.3113613129, 8.82314395905, 5.74994564056, 6.74659729004, 13.3473443985, 9.86879825592, 11.2005996704, 7.49554204941, 10.0248603821, 12.3127326965, 8.86597061157, 5.24051046371, 6.42440414429, 6.09540987015, 4.34077739716, 4.64284038544, 5.34809398651, 4.57072544098, 2.23760676384, 2.9421544075, 3.0168530941, 1.82121348381, 0.932571053505, 0.736860752106, 0.494674265385, 0.208267375827, 0.0296806823462, 0.0013325412292],
        "dmean2": [0.426948517561, 3.73781776428, 6.22528028488, 9.19655513763, 23.8645191193, 18.6182327271, 15.306810379, 8.618060112, 7.8394112587, 12.4583349228, 11.4434394836, 17.8270320892, 16.1113796234, 14.2325153351, 9.09555912018, 10.0443744659, 19.8336467743, 15.0672006607, 17.5248355865, 11.5680017471, 15.378736496, 18.7825088501, 13.8617601395, 8.47037696838, 10.5565690994, 10.0202436447, 7.13058042526, 7.44634532928, 8.12741088867, 6.37693357468, 2.9952082634, 3.94911360741, 4.28093290329, 2.63535046577, 1.31024110317, 1.05516219139, 0.737623274326, 0.319822102785, 0.0446811951697, 0.00201035616919],
        "dvar": [0.635101914406, 54.3840026855, 128.744262695, 232.681869507, 3903.09838867, 1642.76489258, 509.901611328, 145.283187866, 217.030288696, 454.128234863, 501.86328125, 501.338897705, 482.979156494, 361.745391846, 202.537872314, 360.763519287, 1889.40869141, 1200.90942383, 2206.12036133, 483.916564941, 676.367675781, 785.30456543, 457.148223877, 605.816650391, 440.899475098, 333.54309082, 187.737228394, 149.699981689, 217.082870483, 173.678863525, 36.5314331055, 83.2592468262, 112.548782349, 27.679681778, 3.78481578827, 2.55412340164, 1.28814911842, 0.259789288044, 0.00541122118011, 1.10171031338e-05],
        "dvar2": [1.72710573673, 158.788223267, 372.370635986, 639.574523926, 11062.2275391, 4854.78222656, 1461.7722168, 358.113952637, 577.639404297, 1113.43469238, 1402.90649414, 1079.3581543, 1106.12243652, 831.188171387, 428.194824219, 705.518188477, 3633.34033203, 2624.32202148, 5333.359375, 1025.2755127, 1567.76843262, 1488.97692871, 1040.2845459, 1628.82714844, 1198.53479004, 898.977661133, 501.613342285, 388.273620605, 478.209014893, 325.762451172, 57.9926567078, 137.957427979, 225.560012817, 58.654006958, 7.17175388336, 5.49982786179, 3.04686403275, 0.609588563442, 0.0123199829832, 2.50567518378e-05],
        "max": [9.08138179779, 74.0762939453, 126.140518188, 198.643432617, 673.129211426, 529.446838379, 313.059570312, 229.164672852, 207.589981079, 441.239715576, 601.776000977, 759.900085449, 629.907531738, 524.321777344, 344.112670898, 539.600097656, 1348.88574219, 1292.98352051, 1058.78930664, 682.043945312, 688.001037598, 1082.5345459, 476.680725098, 845.139160156, 260.245910645, 283.032867432, 172.786178589, 149.789535522, 228.736114502, 268.510437012, 149.093307495, 206.799591064, 221.055007935, 111.677612305, 47.0000915527, 30.9456310272, 13.6568136215, 5.64417409897, 0.820448517799, 0.0400833897293],
        "mean": [0.471113026142, 3.48082494736, 5.40345573425, 7.66207075119, 14.2295398712, 15.964140892, 17.2083797455, 11.701874733, 9.58145427704, 15.9870510101, 16.9535293579, 32.6659965515, 23.5257778168, 18.4694309235, 12.8375291824, 15.516459465, 28.0513744354, 18.6745700836, 19.0261325836, 13.4470186234, 18.5305423737, 24.5775527954, 16.1493492126, 7.86715364456, 9.65421390533, 8.86086273193, 6.17543363571, 7.33325958252, 9.85744667053, 9.93082618713, 5.65917253494, 7.56239128113, 7.52976465225, 4.03164958954, 1.8217908144, 1.12945926189, 0.614380538464, 0.227649971843, 0.0308997482061, 0.00140168284997],
        "median": [0.301302522421, 2.62540006638, 3.07999229431, 3.50010204315, 5.45865440369, 8.17942523956, 10.8158540726, 7.20899009705, 5.0525021553, 7.40383243561, 10.3803634644, 14.5519170761, 12.1113290787, 9.15735244751, 6.22798633575, 4.85477638245, 6.825507164, 4.16245174408, 3.34989666939, 4.50206136703, 7.30877733231, 9.1324338913, 4.99831962585, 1.92770242691, 2.08775401115, 1.64752697945, 0.865141153336, 1.03219711781, 0.982097744942, 1.13586032391, 0.686932682991, 0.677885651588, 0.836502254009, 0.496703326702, 0.283321797848, 0.134641289711, 0.0426788590848, 0.00906688068062, 0.000585811794735, 7.07837534719e-05],
        "min": [2.94088032091e-21, 4.2361534756e-21, 4.86448697748e-20, 5.5888677807e-20, 5.18172108215e-20, 2.27517242404e-19, 3.41853429544e-19, 2.70377476597e-19, 5.73634762157e-19, 2.91108514923e-18, 1.7363606732e-18, 7.94444784715e-19, 9.27950856702e-19, 1.83051202489e-18, 3.94987179736e-18, 4.87893541878e-18, 1.14967558592e-17, 5.75379885775e-18, 5.33263943528e-18, 8.97335785537e-18, 8.24611720443e-18, 6.00435269247e-18, 9.43435553691e-18, 1.57968666813e-17, 1.36688758995e-17, 1.26139641925e-17, 1.33082888453e-17, 2.05705326138e-17, 2.34299454445e-17, 2.08022043966e-17, 1.47849716749e-17, 1.73276223074e-17, 1.52510250843e-17, 9.49940998337e-18, 1.02742093836e-17, 5.19860350241e-18, 3.05415224002e-18, 1.25962670769e-18, 3.61998120893e-19, 4.83272130325e-20],
        "var": [0.596972882748, 36.47996521, 93.4126434326, 212.333190918, 2549.80444336, 1090.03381348, 505.418701172, 263.222137451, 310.094573975, 677.535705566, 763.015136719, 4320.43603516, 1751.80078125, 1034.40087891, 560.658874512, 1769.19885254, 6562.42480469, 3011.0625, 4870.78662109, 995.709838867, 2003.43481445, 4250.88623047, 996.079406738, 563.560791016, 531.092163086, 430.258026123, 226.475479126, 240.606796265, 594.474182129, 671.729675293, 199.338592529, 522.963623047, 563.884765625, 119.510314941, 14.462521553, 5.08567857742, 1.67429840565, 0.306178659201, 0.0064316643402, 1.28506126202e-05]
    },
    "gfcc": {
        "mean": [-7.36549329758, 108.470275879, -89.7932357788, 18.1439743042, -35.5232009888, 2.87964487076, -28.629776001, 8.84630584717, -19.9639282227, -3.11508727074, -20.2657299042, 2.07105898857, -7.90804767609],
        "cov": [[11829.5869141, -6027.953125, 2850.44628906, 1328.57653809, -521.336364746, 2330.53710938, -559.265319824, 858.666137695, -35.1157569885, 714.13458252, 213.983718872, 599.740844727, -227.144851685], [-6027.953125, 5017.52587891, -2643.54736328, -924.011230469, 265.688720703, -1757.53967285, 413.276519775, -628.149841309, 31.7805786133, -508.413299561, -99.3346252441, -434.000976562, 178.643753052], [2850.44628906, -2643.54736328, 2132.25952148, 347.409210205, 0.132853925228, 1088.37158203, -221.214035034, 465.559997559, -15.4722328186, 320.294891357, 69.9881057739, 270.280883789, -70.5195770264], [1328.57653809, -924.011230469, 347.409210205, 573.469604492, -159.396728516, 482.951293945, -152.794494629, 158.562515259, -8.75784301758, 110.159790039, 57.1679611206, 63.6549682617, -10.8185720444], [-521.336364746, 265.688720703, 0.132853925228, -159.396728516, 277.719726562, -133.75100708, 53.0386619568, -13.8990011215, 6.11392402649, -17.6247158051, -14.3169231415, -23.3031616211, 15.0654249191], [2330.53710938, -1757.53967285, 1088.37158203, 482.951293945, -133.75100708, 1035.41650391, -210.31829834, 354.141937256, -31.6243915558, 230.230819702, 135.771087646, 168.115402222, -66.4769515991], [-559.265319824, 413.276519775, -221.214035034, -152.794494629, 53.0386619568, -210.31829834, 164.280334473, -90.0468444824, 6.42781066895, -54.2449264526, -30.9756736755, -33.2890434265, 1.06933736801], [858.666137695, -628.149841309, 465.559997559, 158.562515259, -13.8990011215, 354.141937256, -90.0468444824, 220.086761475, 18.1965045929, 92.4516296387, 44.1326408386, 71.1832580566, -10.003745079], [-35.1157569885, 31.7805786133, -15.4722328186, -8.75784301758, 6.11392402649, -31.6243915558, 6.42781066895, 18.1965045929, 71.3577957153, 16.7030258179, -4.51569318771, 1.699182868, 5.05294561386], [714.13458252, -508.413299561, 320.294891357, 110.159790039, -17.6247158051, 230.230819702, -54.2449264526, 92.4516296387, 16.7030258179, 124.309127808, 33.6366233826, 45.6357307434, -15.830368042], [213.983718872, -99.3346252441, 69.9881057739, 57.1679611206, -14.3169231415, 135.771087646, -30.9756736755, 44.1326408386, -4.51569318771, 33.6366233826, 84.5077514648, 34.5407714844, -5.20369720459], [599.740844727, -434.000976562, 270.280883789, 63.6549682617, -23.3031616211, 168.115402222, -33.2890434265, 71.1832580566, 1.699182868, 45.6357307434, 34.5407714844, 114.161994934, 1.85800182819], [-227.144851685, 178.643753052, -70.5195770264, -10.8185720444, 15.0654249191, -66.4769515991, 1.06933736801, -10.003745079, 5.05294561386, -15.830368042, -5.20369720459, 1.85800182819, 65.8495635986]],
        "icov": [[0.000261396809947, 0.000277287675999, 0.000202686002012, -1.24456789763e-06, 0.000119411866763, -5.96835743636e-05, -2.09243880818e-05, -0.000277311832178, 0.00020086436416, -0.000468020909466, 0.000106117971882, -0.000369264831534, 0.000127793449792], [0.000277287675999, 0.0015088376822, 0.000998429022729, 0.000730069645215, -6.11114519415e-05, 0.000494296196848, -0.000476075394545, -0.000865343608893, 9.56617441261e-05, 0.000569974072278, -0.00170219875872, 0.00148068601266, -0.00160501874052], [0.000202686002012, 0.000998429022729, 0.00245713838376, 0.00108746392652, -0.000635453325231, -0.00108085176907, -5.22213304066e-05, -0.00168487301562, 0.000821633846499, -0.00141640088987, 0.00137371988967, -0.00104635290336, -0.000665785511956], [-1.24456789763e-06, 0.000730069645215, 0.00108746392652, 0.00417612772435, 0.000880418578163, -0.00167382089421, 0.00104595150333, -0.000437217473518, -0.000202434734092, -0.00020574098744, 2.67840423476e-05, 0.00121360120829, -0.00217486754991], [0.000119411866763, -6.11114519415e-05, -0.000635453325231, 0.000880418578163, 0.00492958398536, 0.000863477878738, -0.000879263621755, -0.00131211767439, 0.000572934746742, -0.000701033219229, -0.000759828311857, 0.000963313214015, -0.000699066033121], [-5.96835743636e-05, 0.000494296196848, -0.00108085176907, -0.00167382089421, 0.000863477878738, 0.00611578999087, -0.000146817459608, -0.00378100760281, 0.00274246465415, -0.00106816797052, -0.00472375331447, 0.000959824596066, 0.00155752745923], [-2.09243880818e-05, -0.000476075394545, -5.22213304066e-05, 0.00104595150333, -0.000879263621755, -0.000146817459608, 0.00973587203771, 0.00235616322607, -0.0012716682395, 0.000536400126293, 0.00170738308225, -0.00149748346303, 0.00199178606272], [-0.000277311832178, -0.000865343608893, -0.00168487301562, -0.000437217473518, -0.00131211767439, -0.00378100760281, 0.00235616322607, 0.0142695838585, -0.00566492043436, 0.000858472834807, 0.000261458742898, -0.000829110154882, -0.00118733232375], [0.00020086436416, 9.56617441261e-05, 0.000821633846499, -0.000202434734092, 0.000572934746742, 0.00274246465415, -0.0012716682395, -0.00566492043436, 0.0185318123549, -0.00633235974237, 0.00136242306326, -0.00144539552275, 0.000281658809399], [-0.000468020909466, 0.000569974072278, -0.00141640088987, -0.00020574098744, -0.000701033219229, -0.00106816797052, 0.000536400126293, 0.000858472834807, -0.00633235974237, 0.0193152204156, -0.00478256773204, 0.0029783998616, -0.000840253022034], [0.000106117971882, -0.00170219875872, 0.00137371988967, 2.67840423476e-05, -0.000759828311857, -0.00472375331447, 0.00170738308225, 0.000261458742898, 0.00136242306326, -0.00478256773204, 0.021712211892, -0.00787926185876, 0.00256039435044], [-0.000369264831534, 0.00148068601266, -0.00104635290336, 0.00121360120829, 0.000963313214015, 0.000959824596066, -0.00149748346303, -0.000829110154882, -0.00144539552275, 0.0029783998616, -0.00787926185876, 0.018302988261, -0.005877120886], [0.000127793449792, -0.00160501874052, -0.000665785511956, -0.00217486754991, -0.000699066033121, 0.00155752745923, 0.00199178606272, -0.00118733232375, 0.000281658809399, -0.000840253022034, 0.00256039435044, -0.005877120886, 0.0205750279129]]
    },
    "melbands": {
        "dmean": [0.00240667234175, 0.0021597428713, 0.00117045245133, 0.000917806522921, 0.00033333004103, 0.000123868187075, 7.46389050619e-05, 8.66435148055e-05, 6.01905194344e-05, 7.62316340115e-05, 5.36073312105e-05, 3.92485890188e-05, 2.05391916097e-05, 1.63603708643e-05, 2.37824024225e-05, 3.22955092997e-05, 1.94159511011e-05, 2.18616678467e-05, 1.07303894765e-05, 1.22547880892e-05, 1.17379004223e-05, 1.28408655655e-05, 1.1505009752e-05, 6.16449915469e-06, 4.27557915827e-06, 4.75655451737e-06, 5.09592518938e-06, 4.04923912356e-06, 2.75823344964e-06, 2.76609830507e-06, 2.82011433228e-06, 3.19613900501e-06, 3.10682116833e-06, 2.49845834333e-06, 1.37213783091e-06, 1.45323349443e-06, 2.14102942664e-06, 2.26650854529e-06, 2.24708583119e-06, 1.40170163831e-06],
        "dmean2": [0.00415840838104, 0.00383015326224, 0.00197962787934, 0.00165103329346, 0.000552556244656, 0.0001961630187, 0.000119774907944, 0.000137273033033, 9.34658091865e-05, 0.000116467381304, 8.32701698528e-05, 6.30131835351e-05, 3.25727705786e-05, 2.51612218563e-05, 3.57443459507e-05, 4.91442333441e-05, 2.99131897918e-05, 3.39393300237e-05, 1.73018179339e-05, 1.91366234503e-05, 1.81677260116e-05, 2.03591425816e-05, 1.81931573024e-05, 9.75719467533e-06, 7.01657336322e-06, 7.93946128397e-06, 8.44880378281e-06, 6.72618853059e-06, 4.51571077065e-06, 4.67109612146e-06, 4.56393945569e-06, 4.97675910083e-06, 4.49664139524e-06, 3.53617770088e-06, 1.93704704543e-06, 2.03918170882e-06, 2.91185278911e-06, 3.23297763316e-06, 3.3859460018e-06, 2.01938678401e-06],
        "dvar": [6.49854118819e-05, 5.21000110894e-05, 1.5057859855e-05, 1.75107015821e-05, 6.87738179295e-07, 7.46548920461e-08, 4.41744951729e-08, 5.65246054407e-08, 2.92282180681e-08, 2.03051424563e-08, 1.39846099145e-08, 8.43330205669e-09, 2.45004572186e-09, 2.38822406295e-09, 6.1193450307e-09, 1.03020019182e-08, 5.8416755877e-09, 1.07936921623e-08, 1.06690023483e-09, 1.86082760312e-09, 9.62137480798e-10, 8.93503659949e-10, 7.28238969128e-10, 2.98183699954e-10, 5.1105086829e-10, 2.5806415338e-10, 2.80097195438e-10, 1.53573292971e-10, 7.52714141017e-11, 6.32507796139e-11, 5.86060019958e-11, 7.80730965988e-11, 8.64765134501e-11, 4.97907479136e-11, 1.33182241277e-11, 2.06726805813e-11, 4.73673322787e-11, 6.31993138378e-11, 6.29622950998e-11, 1.28922410941e-11],
        "dvar2": [0.000183367723366, 0.000150581719936, 4.07587249356e-05, 5.09679812239e-05, 1.98289581022e-06, 1.90356317376e-07, 1.13912214772e-07, 1.42898841204e-07, 8.07908193678e-08, 4.3867231625e-08, 3.15614094859e-08, 1.88329813966e-08, 5.1137871715e-09, 4.91807528036e-09, 1.14770966064e-08, 1.97954062031e-08, 1.28084316486e-08, 2.65045976278e-08, 2.63373944875e-09, 3.38563288516e-09, 2.33196995048e-09, 1.8547214875e-09, 1.68456359972e-09, 6.47082998295e-10, 1.3975527402e-09, 6.86593781829e-10, 7.61469054478e-10, 4.14332790299e-10, 1.97182520312e-10, 1.72784953012e-10, 1.49840709285e-10, 1.78694878339e-10, 1.83647652641e-10, 9.40951483397e-11, 2.27189152907e-11, 3.8921987161e-11, 8.9067087039e-11, 1.28583144132e-10, 1.47043807686e-10, 2.7199111019e-11],
        "max": [0.0842969119549, 0.0629089400172, 0.0409984327853, 0.0443799942732, 0.0105164889246, 0.00444515096024, 0.00319843180478, 0.00506694382057, 0.00481006037444, 0.00506911426783, 0.00338822347112, 0.00274391635321, 0.00140254932921, 0.00121419667266, 0.0022979027126, 0.00266095576808, 0.00246878317557, 0.00243631098419, 0.000678732059896, 0.00176760321483, 0.000749934522901, 0.0010315773543, 0.000684024184011, 0.000470525847049, 0.000790011719801, 0.000298776198179, 0.000227283133427, 0.000235462051933, 9.8373646324e-05, 0.000108519918285, 0.000124462705571, 0.00013789285731, 0.000214975181734, 0.000147977902088, 0.000108071719296, 0.000126396480482, 0.000159958392032, 0.000167718608282, 0.000182797724847, 8.18997577881e-05],
        "mean": [0.00442144507542, 0.00351098901592, 0.00152811326552, 0.00114037212916, 0.000628364097793, 0.000264566740952, 0.000147235492477, 0.000176208675839, 0.000136793998536, 0.000212923769141, 0.000115019080113, 7.87166500231e-05, 4.39987088612e-05, 3.21571278619e-05, 5.34878599865e-05, 6.39987265458e-05, 3.14310927934e-05, 3.57124117727e-05, 1.63083877851e-05, 2.14190440602e-05, 2.00395516003e-05, 2.44792245212e-05, 2.06239728868e-05, 1.00408551589e-05, 5.77424088988e-06, 6.47602018944e-06, 7.61975798014e-06, 5.47659101358e-06, 3.77264609597e-06, 3.83426049666e-06, 4.25762345913e-06, 5.36471134183e-06, 6.02895170232e-06, 5.28990312887e-06, 3.12083238896e-06, 3.32429999617e-06, 5.14447492606e-06, 5.37473897566e-06, 4.84528709421e-06, 2.87184207082e-06],
        "median": [0.00330299208872, 0.00260354066268, 0.000674971030094, 0.000522050482687, 0.000409964617575, 0.000170817875187, 7.67000165069e-05, 7.99060217105e-05, 7.56754598115e-05, 9.23828192754e-05, 5.58920000913e-05, 3.63106519217e-05, 2.21200753003e-05, 1.01615132735e-05, 1.39181565828e-05, 1.3532495359e-05, 6.03555145062e-06, 4.95089534525e-06, 5.16072805112e-06, 7.112010735e-06, 7.96867789177e-06, 8.77759885043e-06, 7.72725616116e-06, 2.29808074437e-06, 1.35865286666e-06, 1.37923802868e-06, 1.48214905948e-06, 9.3242880439e-07, 4.58452007024e-07, 5.29208591615e-07, 5.30422539669e-07, 4.30381703609e-07, 6.11338805356e-07, 6.03724515713e-07, 3.94701544337e-07, 2.89520755814e-07, 4.07138685432e-07, 5.53184236196e-07, 5.36344771263e-07, 3.56249273636e-07],
        "min": [2.05933780139e-23, 1.86341693805e-23, 9.74897025866e-24, 8.29273460535e-24, 1.361444707e-23, 5.97506363239e-24, 1.04386879142e-23, 3.32732757689e-23, 1.15860648016e-23, 4.34958812705e-24, 4.52945314661e-24, 6.62819865228e-24, 1.33791756159e-23, 9.20673567141e-24, 1.92765467043e-23, 2.39333519777e-23, 8.58043533292e-24, 7.58668831795e-24, 1.13855063828e-23, 8.90834666742e-24, 1.05097090615e-23, 5.80073681082e-24, 8.46577282263e-24, 6.36296547215e-24, 1.42844723907e-23, 1.04112181997e-23, 9.76556473666e-24, 7.79867102041e-24, 7.38939420556e-24, 1.08780510951e-23, 1.17642487585e-23, 1.47069263381e-23, 9.90761413101e-24, 1.27685878089e-23, 7.54151498708e-24, 8.75233127961e-24, 1.1347614238e-23, 1.19959348398e-23, 7.76523199549e-24, 7.49302055179e-24],
        "var": [5.18022716278e-05, 3.57414755854e-05, 1.24116513689e-05, 1.07773548734e-05, 6.57948532989e-07, 1.21232559991e-07, 6.35744328292e-08, 8.75714860626e-08, 5.03825745568e-08, 1.94222522509e-07, 5.1414247082e-08, 2.56958756495e-08, 6.28771301692e-09, 5.24801979651e-09, 3.29284475242e-08, 4.1079655233e-08, 1.29007418082e-08, 2.3621513634e-08, 1.56252821792e-09, 4.94826180031e-09, 2.24485274813e-09, 4.12197831423e-09, 1.74065994951e-09, 6.2071037199e-10, 4.16268519654e-10, 3.10114434132e-10, 3.51449758185e-10, 1.87573304111e-10, 9.27372900694e-11, 7.64232635508e-11, 9.12207046011e-11, 1.80068043809e-10, 2.60574312128e-10, 1.92165561241e-10, 5.97747129572e-11, 9.38376529258e-11, 2.61061228191e-10, 3.01127955904e-10, 2.30113247901e-10, 5.21553980559e-11]
    },
    "mfcc": {
        "mean": [-660.796264648, 146.857345581, 10.7159986496, 22.3065338135, 14.9366264343, 0.149019688368, 3.02456998825, 7.4085893631, 8.08223819733, -2.78362369537, -2.12200903893, 0.133616253734, -2.97493386269],
        "cov": [[7648.77490234, -3891.75341797, 1653.32763672, 101.324501038, 465.948638916, 886.825195312, 262.578582764, 401.387054443, -31.4850254059, 311.273986816, 422.506591797, -11.1094388962, 186.343597412], [-3891.75341797, 3456.86914062, -1618.13671875, -1.04101610184, -450.110931396, -712.913818359, -201.036804199, -322.758911133, 1.50854551792, -242.667404175, -294.543670654, 30.129617691, -102.68624115], [1653.32763672, -1618.13671875, 1309.96496582, -92.9034500122, 329.988677979, 424.555725098, 158.560028076, 243.987487793, 23.1986179352, 170.317306519, 171.916305542, 20.2847862244, 97.3690643311], [101.324501038, -1.04101610184, -92.9034500122, 188.051986694, -3.55578565598, -4.69674777985, -12.2905435562, -24.8577671051, 31.2208995819, -3.94203734398, -24.6053314209, 2.20405769348, 9.22447299957], [465.948638916, -450.110931396, 329.988677979, -3.55578565598, 280.680633545, 135.407684326, 71.9354782104, 79.4889068604, 17.0810337067, 77.2884292603, 64.8882369995, 7.19231271744, 35.8747444153], [886.825195312, -712.913818359, 424.555725098, -4.69674777985, 135.407684326, 294.899108887, 111.70059967, 108.301818848, -2.27541851997, 75.6099700928, 104.671714783, -1.02431333065, 41.3948326111], [262.578582764, -201.036804199, 158.560028076, -12.2905435562, 71.9354782104, 111.70059967, 125.653274536, 65.0816421509, -7.61328935623, 30.0882110596, 47.2051010132, 0.434524953365, 9.99774360657], [401.387054443, -322.758911133, 243.987487793, -24.8577671051, 79.4889068604, 108.301818848, 65.0816421509, 140.68711853, 0.286575466394, 33.3830490112, 51.5476722717, 8.54187488556, 39.8438987732], [-31.4850254059, 1.50854551792, 23.1986179352, 31.2208995819, 17.0810337067, -2.27541851997, -7.61328935623, 0.286575466394, 89.9031143188, 18.4243392944, -9.33615875244, 6.4061999321, 4.49679040909], [311.273986816, -242.667404175, 170.317306519, -3.94203734398, 77.2884292603, 75.6099700928, 30.0882110596, 33.3830490112, 18.4243392944, 99.1442871094, 56.5284385681, -4.28390169144, 6.90731859207], [422.506591797, -294.543670654, 171.916305542, -24.6053314209, 64.8882369995, 104.671714783, 47.2051010132, 51.5476722717, -9.33615875244, 56.5284385681, 110.173484802, 13.8934412003, 10.9994335175], [-11.1094388962, 30.129617691, 20.2847862244, 2.20405769348, 7.19231271744, -1.02431333065, 0.434524953365, 8.54187488556, 6.4061999321, -4.28390169144, 13.8934412003, 59.0631332397, 21.4599113464], [186.343597412, -102.68624115, 97.3690643311, 9.22447299957, 35.8747444153, 41.3948326111, 9.99774360657, 39.8438987732, 4.49679040909, 6.90731859207, 10.9994335175, 21.4599113464, 76.3662109375]],
