{
"lowlevel": {
    "average_loudness": 0.955206155777,
    "barkbands_crest": {
        "dmean": 2.64225053787,
        "dmean2": 4.36747121811,
        "dvar": 8.62690258026,
        "dvar2": 21.8327674866,
        "max": 22.3941402435,
        "mean": 8.33499908447,
        "median": 7.45964479446,
        "min": 2.26164937019,
        "var": 14.6361055374
    },
    "barkbands_flatness_db": {
        "dmean": 0.0168318040669,
        "dmean2": 0.0265233647078,
        "dvar": 0.000380282523111,
        "dvar2": 0.00095287093427,
        "max": 0.389904230833,
        "mean": 0.0902499854565,
        "median": 0.082676872611,
        "min": 0.0225846935064,
        "var": 0.00124806421809
    },
    "barkbands_kurtosis": {
        "dmean": 1.51985788345,
        "dmean2": 2.47815704346,
        "dvar": 11.6618490219,
        "dvar2": 30.5276050568,
        "max": 68.0137481689,
        "mean": 0.804982423782,
        "median": -0.631982326508,
        "min": -1.85466182232,
        "var": 18.9907588959
    },
    "barkbands_skewness": {
        "dmean": 0.474391162395,
        "dmean2": 0.739943563938,
        "dvar": 0.277996629477,
        "dvar2": 0.680091202259,
        "max": 6.86137199402,
        "mean": 0.928506374359,
        "median": 0.728060424328,
        "min": -1.0366063118,
        "var": 0.942249000072
    },
    "barkbands_spread": {
        "dmean": 6.26874780655,
        "dmean2": 9.92108631134,
        "dvar": 46.5999946594,
        "dvar2": 109.735969543,
        "max": 110.244812012,
        "mean": 37.067691803,
        "median": 38.8027191162,
        "min": 1.14992201328,
        "var": 171.113372803
    },
    "dissonance": {
        "dmean": 0.0104864947498,
        "dmean2": 0.0177408773452,
        "dvar": 0.000174815111677,
        "dvar2": 0.000470055791084,
        "max": 0.500000119209,
        "mean": 0.480863720179,
        "median": 0.487852215767,
        "min": 0.327460318804,
        "var": 0.000468067999464
    },
    "dynamic_complexity": 1.87678897381,
    "erbbands_crest": {
        "dmean": 2.13080072403,
        "dmean2": 3.45854926109,
        "dvar": 4.46551847458,
        "dvar2": 10.9096107483,
        "max": 28.9142723083,
        "mean": 7.61955928802,
        "median": 6.39100885391,
        "min": 2.50686573982,
        "var": 14.9102697372
    },
    "erbbands_flatness_db": {
        "dmean": 0.0133767323568,
        "dmean2": 0.0196241401136,
        "dvar": 0.00019262812566,
        "dvar2": 0.000387091160519,
        "max": 0.264162421227,
        "mean": 0.132048174739,
        "median": 0.130019396544,
        "min": 0.0552176460624,
        "var": 0.000901253661141
    },
    "erbbands_kurtosis": {
        "dmean": 0.785255432129,
        "dmean2": 1.21873903275,
        "dvar": 0.839811146259,
        "dvar2": 1.94741249084,
        "max": 12.2558698654,
        "mean": 0.769462108612,
        "median": 0.434781074524,
        "min": -1.60890686512,
        "var": 2.96989226341
    },
    "erbbands_skewness": {
        "dmean": 0.255894809961,
        "dmean2": 0.389859318733,
        "dvar": 0.0579134337604,
        "dvar2": 0.125150099397,
        "max": 3.19793152809,
        "mean": -0.381706535816,
        "median": -0.505659759045,
        "min": -2.70321130753,
        "var": 0.427878499031
    },
    "erbbands_spread": {
        "dmean": 7.68345022202,
        "dmean2": 11.8517065048,
        "dvar": 68.3230209351,
        "dvar2": 144.226028442,
        "max": 154.184158325,
        "mean": 39.7670707703,
        "median": 36.6134109497,
        "min": 7.7919511795,
        "var": 329.628051758
    },
    "hfc": {
        "dmean": 6.28697299957,
        "dmean2": 9.30815315247,
        "dvar": 62.1589775085,
        "dvar2": 133.690200806,
        "max": 112.47038269,
        "mean": 31.1388874054,
        "median": 29.965877533,
        "min": 0.000121060700621,
        "var": 322.296722412
    },
    "melbands_crest": {
        "dmean": 3.28490185738,
        "dmean2": 5.38715028763,
        "dvar": 11.4181013107,
        "dvar2": 28.2421455383,
        "max": 31.7473983765,
        "mean": 14.014213562,
        "median": 13.3161878586,
        "min": 3.39825034142,
        "var": 28.1520519257
    },
    "melbands_flatness_db": {
        "dmean": 0.0231871306896,
        "dmean2": 0.0362903662026,
        "dvar": 0.000735400652047,
        "dvar2": 0.00180749548599,
        "max": 0.533964335918,
        "mean": 0.1434648633,
        "median": 0.129169628024,
        "min": 0.0529631599784,
        "var": 0.00287679373287
    },
    "melbands_kurtosis": {
        "dmean": 5.53463077545,
        "dmean2": 8.86688613892,
        "dvar": 112.589096069,
        "dvar2": 281.593048096,
        "max": 168.234283447,
        "mean": 8.88673782349,
        "median": 3.83854818344,
        "min": -1.61545050144,
        "var": 229.185882568
    },
    "melbands_skewness": {
        "dmean": 0.703816354275,
        "dmean2": 1.09293842316,
        "dvar": 0.680017828941,
        "dvar2": 1.58135509491,
        "max": 10.7324848175,
        "mean": 2.39175248146,
        "median": 2.05983948708,
        "min": -0.247739583254,
        "var": 2.30580806732
    },
    "melbands_spread": {
        "dmean": 9.84732246399,
        "dmean2": 15.6311607361,
        "dvar": 100.921104431,
        "dvar2": 246.67477417,
        "max": 154.479156494,
        "mean": 40.0646324158,
        "median": 39.3037223816,
        "min": 0.971169233322,
        "var": 391.33807373
    },
    "pitch_salience": {
        "dmean": 0.0685998946428,
        "dmean2": 0.113478496671,
        "dvar": 0.00479122577235,
        "dvar2": 0.0121270623058,
        "max": 0.832301676273,
        "mean": 0.566623628139,
        "median": 0.586212217808,
        "min": 0.222220599651,
        "var": 0.0125239947811
    },
    "silence_rate_20dB": {
        "dmean": 0,
        "dmean2": 0,
        "dvar": 0,
        "dvar2": 0,
        "max": 1,
        "mean": 1,
        "median": 1,
        "min": 1,
        "var": 0
    },
    "silence_rate_30dB": {
        "dmean": 0.00232198135927,
        "dmean2": 0.00464576063678,
        "dvar": 0.0023164965678,
        "dvar2": 0.00617296015844,
        "max": 1,
        "mean": 0.998452603817,
        "median": 1,
        "min": 0,
        "var": 0.0015449852217
    },
    "silence_rate_60dB": {
        "dmean": 0.000386996893212,
        "dmean2": 0.000774293439463,
        "dvar": 0.000386876083212,
        "dvar2": 0.000773690466303,
        "max": 1,
        "mean": 0.00348162464797,
        "median": 0,
        "min": 0,
        "var": 0.00346977775916
    },
    "spectral_centroid": {
        "dmean": 220.610580444,
        "dmean2": 356.897735596,
        "dvar": 52564.4335938,
        "dvar2": 129648.203125,
        "max": 3614.7097168,
        "mean": 1964.55993652,
        "median": 2115.36181641,
        "min": 174.777603149,
        "var": 300986.0625
    },
    "spectral_complexity": {
        "dmean": 3.9175696373,
        "dmean2": 6.14285707474,
        "dvar": 11.7157316208,
        "dvar2": 27.4713973999,
        "max": 57,
        "mean": 30.8092842102,
        "median": 34,
        "min": 0,
        "var": 167.185546875
    },
    "spectral_decrease": {
        "dmean": 2.4339967819e-09,
        "dmean2": 3.9071448299e-09,
        "dvar": 1.40222764085e-17,
        "dvar2": 3.38314554428e-17,
        "max": -1.85466266368e-14,
        "mean": -6.59436505401e-09,
        "median": -5.54280710219e-09,
        "min": -4.37802860631e-08,
        "var": 1.82713179267e-17
    },
    "spectral_energy": {
        "dmean": 0.00954086985439,
        "dmean2": 0.0151970023289,
        "dvar": 0.000206604250707,
        "dvar2": 0.0004958686186,
        "max": 0.169022798538,
        "mean": 0.0277130752802,
        "median": 0.02372841537,
        "min": 8.09798024193e-08,
        "var": 0.000289353076369
    },
    "spectral_energyband_high": {
        "dmean": 0.000476847490063,
        "dmean2": 0.000698874122463,
        "dvar": 4.89041099172e-07,
        "dvar2": 1.11971633032e-06,
        "max": 0.00811782386154,
        "mean": 0.00163781736046,
        "median": 0.0013996376656,
        "min": 3.51703577373e-09,
        "var": 1.45261913076e-06
    },
    "spectral_energyband_low": {
        "dmean": 0.00618757726625,
        "dmean2": 0.0099945962429,
        "dvar": 0.000163724049344,
        "dvar2": 0.000394759146729,
        "max": 0.129609107971,
        "mean": 0.0104231331497,
        "median": 0.00652668718249,
        "min": 1.7118276574e-08,
        "var": 0.000169472186826
    },
    "spectral_energyband_middle_high": {
        "dmean": 0.00188180129044,
        "dmean2": 0.0028600723017,
        "dvar": 6.50594347462e-06,
        "dvar2": 1.39108442454e-05,
        "max": 0.0466796644032,
        "mean": 0.00837893877178,
        "median": 0.00704299099743,
        "min": 3.92251777726e-08,
        "var": 4.72523643111e-05
    },
    "spectral_energyband_middle_low": {
        "dmean": 0.00380501477048,
        "dmean2": 0.0064313528128,
        "dvar": 5.13479317306e-05,
        "dvar2": 0.000140007337905,
        "max": 0.0891570746899,
        "mean": 0.00823216233402,
        "median": 0.00591406598687,
        "min": 2.34133388233e-08,
        "var": 5.72401040699e-05
    },
    "spectral_entropy": {
        "dmean": 0.0981788039207,
        "dmean2": 0.146895051003,
        "dvar": 0.0149847846478,
        "dvar2": 0.0329128727317,
        "max": 8.74214839935,
        "mean": 7.960085392,
        "median": 7.99361658096,
        "min": 5.57735204697,
        "var": 0.0602256841958
    },
    "spectral_flux": {
        "dmean": 0.0249337609857,
        "dmean2": 0.0385431312025,
        "dvar": 0.000902664556634,
        "dvar2": 0.00188071816228,
        "max": 0.285809189081,
        "mean": 0.0910001322627,
        "median": 0.0812671110034,
        "min": 0.000161605144967,
        "var": 0.00193987367675
    },
    "spectral_kurtosis": {
        "dmean": 0.783266305923,
        "dmean2": 1.28700506687,
        "dvar": 0.96363979578,
        "dvar2": 2.48693919182,
        "max": 24.8660125732,
        "mean": 2.92265534401,
        "median": 2.74375391006,
        "min": -1.22872364521,
        "var": 2.03842639923
    },
    "spectral_rms": {
        "dmean": 0.000792164180893,
        "dmean2": 0.00122290477157,
        "dvar": 1.02477997643e-06,
        "dvar2": 2.35756601796e-06,
        "max": 0.0128413513303,
        "mean": 0.00499635515735,
        "median": 0.00481141079217,
        "min": 8.88845806912e-06,
        "var": 2.07356242754e-06
    },
    "spectral_rolloff": {
        "dmean": 565.755615234,
        "dmean2": 924.077026367,
        "dvar": 640704.625,
        "dvar2": 1500784.875,
        "max": 10120.6054688,
        "mean": 2325.59741211,
        "median": 2497.8515625,
        "min": 64.599609375,
        "var": 1592001
    },
    "spectral_skewness": {
        "dmean": 0.126143276691,
        "dmean2": 0.199287936091,
        "dvar": 0.0183523241431,
        "dvar2": 0.0421257019043,
        "max": 3.89620113373,
        "mean": 1.25426924229,
        "median": 1.22960102558,
        "min": 0.125818476081,
        "var": 0.0727383196354
    },
    "spectral_spread": {
        "dmean": 495760.6875,
        "dmean2": 678540.0625,
        "dvar": 488530509824,
        "dvar2": 774913327104,
        "max": 19349166,
        "mean": 4923964,
        "median": 4609758.5,
        "min": 1944390.75,
        "var": 2.09436567142e+12
    },
    "spectral_strongpeak": {
        "dmean": 0.544445633888,
        "dmean2": 0.938236176968,
        "dvar": 1.21371591091,
        "dvar2": 2.88188743591,
        "max": 10.2598962784,
        "mean": 0.882042944431,
        "median": 0.354367882013,
        "min": 0,
        "var": 2.12916779518
    },
    "zerocrossingrate": {
        "dmean": 0.0109171671793,
        "dmean2": 0.013126693666,
        "dvar": 0.000109574510134,
        "dvar2": 0.00014245735656,
        "max": 0.3037109375,
        "mean": 0.0854201316833,
        "median": 0.0869140625,
        "min": 0.01416015625,
        "var": 0.000862557382789
    },
    "barkbands": {
        "dmean": [0.000338665762683, 0.00489983707666, 0.00158559053671, 0.000920581107493, 0.00245244265534, 0.000442951364676, 0.000610487360973, 0.000375579256797, 0.000481101713376, 0.000378835509764, 0.000221892274567, 0.000354515970685, 0.000374561757781, 0.000556263083126, 0.000526321004145, 0.000495987304021, 0.000461476010969, 0.000340412458172, 0.00023525035067, 0.000198535024538, 0.000116029172204, 0.000124938669614, 0.000125872305944, 8.50747455843e-05, 7.77627428761e-05, 2.47525622399e-05, 2.46756212618e-06],
        "dmean2": [0.000520320376381, 0.00815449096262, 0.00271899625659, 0.00158845458645, 0.00425598304719, 0.000742891454138, 0.000974070804659, 0.000613682845142, 0.000768507132307, 0.000612791103777, 0.000361021549907, 0.000553834892344, 0.000607716676313, 0.000895163859241, 0.000837418891024, 0.000776751199737, 0.000738173897844, 0.000564819958527, 0.00039462314453, 0.000329315691488, 0.000188367979717, 0.000197619781829, 0.000199280810193, 0.000124948710436, 0.000111713387014, 3.70947273041e-05, 3.92555966755e-06],
        "dvar": [6.39558436433e-07, 0.000144218400237, 6.01263172939e-06, 1.21532900721e-06, 2.89871586574e-05, 5.18505146374e-07, 1.31807098569e-06, 5.59105217235e-07, 1.11121698865e-06, 1.76668288532e-06, 2.9570438187e-07, 1.19902279039e-06, 7.13812369213e-07, 1.28145222789e-06, 5.91301215991e-07, 8.13765780094e-07, 5.28151019807e-07, 2.15887325794e-07, 8.01933168759e-08, 5.67778499772e-08, 2.16199964598e-08, 3.13330446033e-08, 3.69778909715e-08, 3.765680745e-08, 2.36013839583e-08, 3.32519789481e-09, 3.6203689352e-11],
        "dvar2": [1.3295274357e-06, 0.000358613906428, 1.67518956005e-05, 3.47618652086e-06, 8.03144284873e-05, 1.40811641813e-06, 3.10458744934e-06, 1.42390672409e-06, 2.62057551481e-06, 4.71496696264e-06, 7.55611495151e-07, 2.66349957201e-06, 1.62735113918e-06, 3.08323524223e-06, 1.44739328789e-06, 1.74458023139e-06, 1.21414632304e-06, 5.41682823041e-07, 2.19433147208e-07, 1.49807476646e-07, 5.3655380583e-08, 7.63615659594e-08, 9.43451752278e-08, 7.98512829192e-08, 4.96518737236e-08, 8.21224954706e-09, 9.24243320766e-11],
        "max": [0.0103568648919, 0.119458436966, 0.0330623053014, 0.00979381985962, 0.0696552023292, 0.010195504874, 0.0182298459113, 0.0112931095064, 0.0369331203401, 0.0296041294932, 0.011933721602, 0.0245491918176, 0.0174619797617, 0.0259677637368, 0.0114808492362, 0.0218971315771, 0.0121716335416, 0.00813488848507, 0.00389155978337, 0.00401948438957, 0.00219062063843, 0.00269772903994, 0.00311709893867, 0.00546996947378, 0.00304356403649, 0.000911514740437, 9.08489892026e-05],
        "mean": [0.000344631203916, 0.00535845011473, 0.00385231291875, 0.00168901495636, 0.00311750709079, 0.000745142111555, 0.00112913176417, 0.000531361612957, 0.000893507327419, 0.0007652247441, 0.000364568812074, 0.000615082797594, 0.000723987875972, 0.00101360864937, 0.00111250125337, 0.000999706448056, 0.00104447291233, 0.000858678016812, 0.000607212481555, 0.000558756175451, 0.000327715213643, 0.000326491775922, 0.00033280547359, 0.000193539002794, 0.000167224847246, 3.73375514755e-05, 3.091900453e-06],
        "median": [6.15362005192e-05, 0.00201791920699, 0.00275376718491, 0.00134061882272, 0.00148857629392, 0.000469311256893, 0.000392518646549, 0.0002320894273, 0.000437772308942, 0.000204020136152, 0.000163950157003, 0.000232334379689, 0.000317684753099, 0.000549357733689, 0.00066524540307, 0.000603413616773, 0.000713530636858, 0.000693726236932, 0.000544064037967, 0.00048372062156, 0.000289998948574, 0.000243411952397, 0.000251932506217, 0.000133287045173, 9.94081055978e-05, 1.492319916e-05, 5.05664672801e-07],
        "min": [3.4495031831e-10, 6.7580590013e-09, 1.66940661295e-09, 1.43850353851e-09, 1.76659598061e-09, 2.64245181292e-09, 1.34009447983e-09, 8.28634882932e-10, 3.04430280984e-09, 2.43561437685e-09, 2.30211449903e-09, 4.61782700967e-09, 2.32408603473e-09, 2.39636310795e-09, 1.0167310327e-09, 1.85055326618e-09, 3.30577898389e-09, 2.0768580189e-09, 4.82991646678e-09, 1.2379606229e-09, 1.05796738037e-09, 5.90947291101e-10, 2.65557076329e-10, 5.29964162832e-11, 1.10615357152e-10, 5.81958543855e-11, 6.75535682948e-10],
        "var": [7.27175915927e-07, 0.000121938996017, 1.26965187519e-05, 1.87340617686e-06, 2.50629727816e-05, 8.92427522103e-07, 4.41032716481e-06, 9.68688141256e-07, 5.00965643369e-06, 6.31606053503e-06, 6.60961518406e-07, 2.81029156213e-06, 2.18433569898e-06, 2.99655584968e-06, 1.94435347112e-06, 2.27365831051e-06, 1.54867916535e-06, 7.35128367069e-07, 2.34787563613e-07, 2.08056604833e-07, 6.19103630584e-08, 9.0550614118e-08, 9.10403983312e-08, 6.85887044938e-08, 4.95988103921e-08, 4.12987644083e-09, 4.04916655761e-11]
    },
    "erbbands": {
        "dmean": [0.17793418467, 1.00810110569, 1.78917837143, 2.37967467308, 7.28049945831, 7.98129272461, 3.54044032097, 4.0996761322, 7.74478292465, 8.63431930542, 6.93645238876, 10.6940364838, 10.7769966125, 11.3239469528, 10.3857183456, 12.8450498581, 16.8301010132, 22.0401287079, 26.7730102539, 25.2382125854, 29.7471179962, 22.6473026276, 19.1944904327, 13.1941633224, 9.93147277832, 9.91917324066, 5.50607156754, 4.35706567764, 4.45964956284, 4.62382602692, 3.50471925735, 1.86443996429, 1.42382466793, 1.01482725143, 0.484439969063, 0.16740038991, 0.0334820598364, 0.00521706277505, 0.00042016376392, 1.97151148313e-05],
        "dmean2": [0.287989735603, 1.75725960732, 3.10601973534, 4.01980066299, 12.8081130981, 13.8255567551, 5.92087936401, 6.93435430527, 12.2216424942, 13.7717409134, 11.1833057404, 17.0478420258, 17.3142356873, 18.1544876099, 16.4983673096, 19.7770996094, 26.8723201752, 35.0929794312, 43.5467224121, 39.8142585754, 46.8274154663, 36.3371200562, 31.8167457581, 21.9498348236, 16.616809845, 16.3460025787, 8.95558834076, 7.06288576126, 7.05891132355, 7.35202360153, 5.58245801926, 2.90071368217, 2.12062740326, 1.47028231621, 0.717025637627, 0.253367632627, 0.0498431324959, 0.00785500276834, 0.000674355891533, 3.03798187815e-05],
        "dvar": [0.19917665422, 6.33371686935, 9.9756603241, 6.81684064865, 260.071960449, 276.317779541, 40.2438583374, 47.4751701355, 246.059906006, 210.93522644, 173.818267822, 457.443847656, 1181.30212402, 1449.4140625, 1195.80895996, 1517.96862793, 1328.46179199, 2625.80078125, 1729.69873047, 1847.5267334, 2985.18457031, 1046.75341797, 660.271850586, 292.595916748, 130.111206055, 147.604644775, 46.4233360291, 33.0301055908, 41.0415649414, 45.4988937378, 31.8812828064, 15.4707489014, 11.6267910004, 4.3137512207, 1.0458868742, 0.166499063373, 0.00485361227766, 0.000140418604133, 9.69573534348e-07, 1.0166065767e-09],
        "dvar2": [0.476881206036, 16.7668552399, 27.8152275085, 19.2805938721, 728.861816406, 770.261901855, 107.069374084, 132.75932312, 540.458007812, 515.576904297, 428.261230469, 1051.71289062, 3087.55810547, 3385.66894531, 3120.52856445, 3360.53271484, 3139.44824219, 6236.91015625, 4543.29931641, 4239.43701172, 6653.29785156, 2522.58178711, 1678.75012207, 777.347900391, 343.7315979, 386.428314209, 121.846374512, 81.0610122681, 101.393104553, 109.107872009, 84.310295105, 37.3745040894, 23.092338562, 8.61606788635, 2.37229347229, 0.417492330074, 0.0110465856269, 0.000340369238984, 2.45924593401e-06, 2.44848075148e-09],
        "max": [4.90863800049, 20.917257309, 37.558921814, 27.2795352936, 206.247283936, 185.006622314, 88.3522491455, 105.935501099, 308.715270996, 286.994781494, 245.342407227, 619.614257812, 1043.46582031, 995.186645508, 922.34753418, 894.381103516, 824.977539062, 1467.02978516, 650.958496094, 724.699890137, 1479.95788574, 523.988647461, 391.317565918, 253.158691406, 178.386489868, 236.055770874, 83.6442565918, 74.9483184814, 93.2654495239, 104.480690002, 108.216079712, 115.180725098, 101.386314392, 48.7816238403, 14.8912315369, 5.46120786667, 1.44634103775, 0.15453594923, 0.0120933735743, 0.00043854265823],
        "mean": [0.17220941186, 1.15007150173, 4.03663158417, 5.45933198929, 9.24592781067, 10.2256469727, 5.56331920624, 7.09183692932, 15.142080307, 14.2863140106, 11.2688875198, 19.3251857758, 20.3407363892, 25.7448921204, 19.0580596924, 23.5252323151, 34.8297691345, 45.5252494812, 54.8714561462, 56.1600379944, 62.4659767151, 57.2687034607, 51.571559906, 35.6235389709, 28.6408023834, 27.1954517365, 15.6290016174, 11.8698196411, 11.3815698624, 11.8840408325, 8.97349452972, 4.43662452698, 3.18320059776, 2.25408577919, 0.931241691113, 0.256714254618, 0.0529311336577, 0.00784583948553, 0.000549835269339, 5.12473125127e-05],
        "median": [0.0449494086206, 0.534827232361, 2.85729765892, 4.63569688797, 4.92076826096, 4.44260835648, 3.05498027802, 4.47193431854, 4.99540281296, 7.10734033585, 6.06376409531, 9.33385944366, 8.84307670593, 7.71262025833, 7.81793117523, 10.3455562592, 15.9572134018, 24.6817836761, 36.6305999756, 34.0601768494, 38.9571800232, 43.7107391357, 42.5880393982, 30.820432663, 26.4983997345, 23.3456745148, 14.3169031143, 9.67953300476, 8.61336803436, 8.50964736938, 6.93313598633, 3.20469689369, 2.11700749397, 1.39763176441, 0.495258867741, 0.110826775432, 0.0205328948796, 0.00259910710156, 0.000105592356704, 4.06102772104e-05],
        "min": [1.04702216674e-07, 2.00529348149e-06, 2.13732096199e-06, 4.85387636218e-06, 9.42781662161e-06, 6.12305075265e-06, 3.14178578265e-05, 1.19283113236e-05, 1.61184907483e-05, 1.43279457916e-05, 3.72922077077e-05, 7.16152935638e-05, 8.55950493133e-05, 8.21341600385e-05, 0.000100516917882, 0.000191833125427, 0.000163377015269, 0.000159272938618, 9.87127132248e-05, 0.000131789143779, 0.000139455209137, 0.0001922910742, 0.000104322061816, 0.000162240467034, 0.000219589230255, 5.34873033757e-05, 3.9350699808e-05, 4.02852601837e-05, 1.98769466806e-05, 1.20026761579e-05, 5.63719777347e-06, 1.70758755758e-06, 8.94633728876e-07, 1.26950601498e-06, 7.52207085952e-07, 3.19535359949e-07, 6.69260984409e-08, 2.29411980968e-07, 1.8495680365e-07, 1.07447108988e-08],
        "var": [0.178156703711, 4.70548057556, 15.9546937943, 13.9556398392, 204.312957764, 271.524993896, 51.3989486694, 82.3759460449, 888.461730957, 424.056427002, 314.441986084, 1673.21740723, 2867.73730469, 6792.12158203, 1872.29846191, 3295.45605469, 4648.88867188, 7533.10253906, 4010.78686523, 5869.70507812, 8505.18847656, 3532.47900391, 2400.85522461, 919.184692383, 460.704437256, 528.899902344, 127.5753479, 91.7761383057, 107.548294067, 129.357681274, 67.8376312256, 26.1890678406, 21.6728572845, 9.91275405884, 1.68624460697, 0.191003397107, 0.00791318714619, 0.000190746824956, 1.14253725769e-06, 1.40023903583e-09]
    },
    "gfcc": {
        "mean": [42.8980636597, 67.9992141724, -122.432266235, 53.6516494751, -51.5324172974, 23.9559383392, -44.1215744019, 13.0531578064, -21.6250858307, 2.21732664108, -19.737903595, -5.21434402466, -13.6746253967],
        "cov": [[2865.72192383, -474.353668213, -332.426879883, 159.562316895, -148.862625122, 39.3542442322, -171.201171875, 17.6873340607, -109.328933716, -26.4674129486, -38.7324714661, 102.21635437, -55.9706535339], [-474.353668213, 562.707885742, -113.900009155, 10.8647022247, -5.46931648254, -65.7369766235, 72.451385498, -15.527671814, 44.9760856628, -33.4449272156, 63.9601860046, -54.5850906372, 53.2171821594], [-332.426879883, -113.900009155, 574.174255371, -129.505874634, 33.0803451538, 41.2736854553, 26.2655582428, 43.7353668213, 22.2773323059, 82.1466827393, -52.275352478, 15.6225824356, -22.1601371765], [159.562316895, 10.8647022247, -129.505874634, 262.335021973, 15.9575634003, -35.9182548523, -55.7684783936, -3.65756297112, 39.6776199341, -19.8756523132, 21.6792163849, -9.54707527161, 21.9744911194], [-148.862625122, -5.46931648254, 33.0803451538, 15.9575634003, 218.233535767, 52.7539787292, 26.3980407715, 10.2084903717, 25.4235954285, 45.3378868103, -3.1592476368, -16.2965278625, -1.85842466354], [39.3542442322, -65.7369766235, 41.2736854553, -35.9182548523, 52.7539787292, 149.127090454, 65.7579727173, 10.7308626175, -21.1132488251, 3.86890363693, -1.77231752872, -2.70253062248, -18.4112968445], [-171.201171875, 72.451385498, 26.2655582428, -55.7684783936, 26.3980407715, 65.7579727173, 133.189804077, 35.2885169983, -4.63790130615, -10.5205850601, 13.4952316284, 4.22771167755, -5.99816274643], [17.6873340607, -15.527671814, 43.7353668213, -3.65756297112, 10.2084903717, 10.7308626175, 35.2885169983, 84.3869400024, 25.4023647308, 10.614733696, -4.39891338348, 5.86780452728, 5.34977531433], [-109.328933716, 44.9760856628, 22.2773323059, 39.6776199341, 25.4235954285, -21.1132488251, -4.63790130615, 25.4023647308, 91.4390640259, 37.9837837219, 3.85318231583, -15.9667167664, 10.9112062454], [-26.4674129486, -33.4449272156, 82.1466827393, -19.8756523132, 45.3378868103, 3.86890363693, -10.5205850601, 10.614733696, 37.9837837219, 79.8164291382, 10.5058174133, -4.07656288147, -9.8200044632], [-38.7324714661, 63.9601860046, -52.275352478, 21.6792163849, -3.1592476368, -1.77231752872, 13.4952316284, -4.39891338348, 3.85318231583, 10.5058174133, 68.2291412354, 16.2737884521, 7.26158285141], [102.21635437, -54.5850906372, 15.6225824356, -9.54707527161, -16.2965278625, -2.70253062248, 4.22771167755, 5.86780452728, -15.9667167664, -4.07656288147, 16.2737884521, 66.2193603516, 8.23291778564], [-55.9706535339, 53.2171821594, -22.1601371765, 21.9744911194, -1.85842466354, -18.4112968445, -5.99816274643, 5.34977531433, 10.9112062454, -9.8200044632, 7.26158285141, 8.23291778564, 51.2561569214]],
        "icov": [[0.00063970964402, -1.47878026837e-05, 0.00059611100005, -0.000465959863504, 0.000539577857126, -0.000747994927224, 0.000912474992219, -0.000843347108457, 0.000872716889717, -0.00109331158455, 0.00110207323451, -0.00131299591158, 0.000776598171797], [-1.47878026837e-05, 0.00426270673051, -0.000198976806132, 0.000871284282766, -0.000410957349231, 0.00289863441139, -0.0034782323055, 0.00195205409545, -0.00212503853254, 0.00302836252376, -0.00473409984261, 0.00505991093814, -0.00359547021799], [0.00059611100005, -0.000198976806132, 0.00326004903764, 0.00015582011838, 0.000851329124998, -0.00117708835751, 0.000484438642161, -0.001387375989, 0.000929170695599, -0.00437979726121, 0.00397389614955, -0.00270450254902, 0.000844235008117], [-0.000465959863504, 0.000871284282766, 0.00015582011838, 0.00655403314158, -0.00179349631071, 0.000668100372422, 0.00228352332488, 2.95611189358e-05, -0.00476568192244, 0.00579289719462, -0.00458736764267, 0.00228072912432, -0.00130890624132], [0.000539577857126, -0.000410957349231, 0.000851329124998, -0.00179349631071, 0.0068537578918, -0.00276525458321, -0.000742170086596, -0.000193771644263, 0.00127511948813, -0.00631252164021, 0.00345100858249, -0.000861004926264, -0.000490005186293], [-0.000747994927224, 0.00289863441139, -0.00117708835751, 0.000668100372422, -0.00276525458321, 0.0130313942209, -0.0082189142704, 0.00245567806996, 0.000751290470362, 0.00212953239679, -0.00379726290703, 0.00549033796415, -0.00135498296004], [0.000912474992219, -0.0034782323055, 0.000484438642161, 0.00228352332488, -0.000742170086596, -0.0082189142704, 0.0186233501881, -0.00818429514766, 0.000116594434076, 0.00376729224809, -0.000964851176832, -0.00523758400232, 0.00556750642136], [-0.000843347108457, 0.00195205409545, -0.001387375989, 2.95611189358e-05, -0.000193771644263, 0.00245567806996, -0.00818429514766, 0.0181216113269, -0.00611739465967, 0.000964948965702, -0.000219632478547, 0.00137688789982, -0.00423718243837], [0.000872716889717, -0.00212503853254, 0.000929170695599, -0.00476568192244, 0.00127511948813, 0.000751290470362, 0.000116594434076, -0.00611739465967, 0.0223120823503, -0.0142045672983, 0.0054218727164, 0.000259345280938, -0.00170847994741], [-0.00109331158455, 0.00302836252376, -0.00437979726121, 0.00579289719462, -0.00631252164021, 0.00212953239679, 0.00376729224809, 0.000964948965702, -0.0142045672983, 0.0326992087066, -0.0156051926315, 0.00635469704866, 0.00263967411593], [0.00110207323451, -0.00473409984261, 0.00397389614955, -0.00458736764267, 0.00345100858249, -0.00379726290703, -0.000964851176832, -0.000219632478547, 0.0054218727164, -0.0156051926315, 0.0295607447624, -0.0136351650581, 0.00233283336274], [-0.00131299591158, 0.00505991093814, -0.00270450254902, 0.00228072912432, -0.000861004926264, 0.00549033796415, -0.00523758400232, 0.00137688789982, 0.000259345280938, 0.00635469704866, -0.0136351650581, 0.0274088717997, -0.00895853247494], [0.000776598171797, -0.00359547021799, 0.000844235008117, -0.00130890624132, -0.000490005186293, -0.00135498296004, 0.00556750642136, -0.00423718243837, -0.00170847994741, 0.00263967411593, 0.00233283336274, -0.00895853247494, 0.0275842286646]]
    },
    "melbands": {
        "dmean": [0.00144709832966, 0.00102428265382, 0.000489079393446, 0.00062095222529, 0.000151768923388, 8.82961248863e-05, 0.000122456767713, 9.4080773124e-05, 5.59022191737e-05, 7.12907713023e-05, 5.66862763662e-05, 4.89798512717e-05, 3.21762199746e-05, 3.80297897209e-05, 3.89189153793e-05, 3.92520632886e-05, 4.57308087789e-05, 4.86205390189e-05, 4.11219079979e-05, 2.92770801025e-05, 3.94861526729e-05, 2.39709515881e-05, 2.85204478132e-05, 1.58981729328e-05, 1.17365334518e-05, 9.77220497589e-06, 8.05277250038e-06, 6.97157793184e-06, 4.10859320255e-06, 3.21419884131e-06, 2.66573442786e-06, 2.75273805528e-06, 2.74720491689e-06, 2.86872091237e-06, 2.343118922e-06, 1.48351023199e-06, 1.20199001685e-06, 1.00714305518e-06, 1.09790596525e-06, 8.52115817906e-07],
        "dmean2": [0.0023512756452, 0.00176984281279, 0.000836116669234, 0.00108284328599, 0.000253941136179, 0.000148691717186, 0.000194924636162, 0.000151373067638, 9.03782056412e-05, 0.00011344444647, 9.09251612029e-05, 7.86150776548e-05, 5.21135189047e-05, 5.87226713833e-05, 6.17884143139e-05, 6.29865244264e-05, 7.34651184757e-05, 7.92664213805e-05, 6.57596756355e-05, 4.61599993287e-05, 6.30795111647e-05, 3.84111481253e-05, 4.72244792036e-05, 2.63389156316e-05, 1.97140889213e-05, 1.65497749549e-05, 1.33394241857e-05, 1.16327964861e-05, 6.81664459989e-06, 5.28661621502e-06, 4.35675201516e-06, 4.43379940407e-06, 4.45958312412e-06, 4.60740830022e-06, 3.81316067433e-06, 2.38782467932e-06, 1.90475634554e-06, 1.5247775309e-06, 1.67852772393e-06, 1.25809219753e-06],
        "dvar": [1.27959265228e-05, 4.3176651161e-06, 4.16992378405e-07, 1.98678071683e-06, 7.08032672492e-08, 2.0889347141e-08, 5.99557452574e-08, 2.57090473355e-08, 9.81400916089e-09, 2.37929640434e-08, 3.23297015825e-08, 2.89835835332e-08, 8.16367329293e-09, 1.46999994399e-08, 9.96918902985e-09, 7.21403292658e-09, 1.2418514217e-08, 6.98116853215e-09, 4.39188374557e-09, 3.46773498805e-09, 5.12916287221e-09, 1.23556753717e-09, 1.8909211974e-09, 5.48819933943e-10, 2.37724617769e-10, 1.38533379213e-10, 9.19621601092e-11, 7.30342869515e-11, 2.47939325321e-11, 1.85940048081e-11, 1.198550547e-11, 1.53594532926e-11, 1.52140765264e-11, 1.71310830105e-11, 1.32143159262e-11, 5.93575969626e-12, 9.09939137927e-12, 6.52539133839e-12, 4.34914083913e-12, 3.52858129e-12],
        "dvar2": [3.11388794216e-05, 1.16938936117e-05, 1.17286401746e-06, 5.53210566068e-06, 1.93053466546e-07, 5.77018717252e-08, 1.35929710154e-07, 6.39978807726e-08, 2.37515518364e-08, 5.62749313815e-08, 8.48245989005e-08, 6.94652015909e-08, 2.1012882101e-08, 3.25222266895e-08, 2.03791010733e-08, 1.58382800208e-08, 2.88595458642e-08, 1.85451618506e-08, 1.11338378517e-08, 6.97005875239e-09, 1.13862732576e-08, 2.80720824364e-09, 4.94456431355e-09, 1.35971944815e-09, 6.41967257131e-10, 3.84386161789e-10, 2.4377108665e-10, 1.95169574946e-10, 6.55298246222e-11, 4.76272597749e-11, 3.01052377472e-11, 3.88107150584e-11, 3.73077124749e-11, 4.2447580173e-11, 3.49377367315e-11, 1.54149470966e-11, 2.28191320006e-11, 1.30014662231e-11, 8.87149815415e-12, 7.58898586334e-12],
        "max": [0.0384924001992, 0.0196808893234, 0.00634097820148, 0.0186359398067, 0.00289979483932, 0.0021803046111, 0.00436186045408, 0.00286598689854, 0.00163110089488, 0.00473704747856, 0.00535235740244, 0.00433182297274, 0.00212058913894, 0.00250740512274, 0.00335985585116, 0.0018987946678, 0.00321341212839, 0.00131290697027, 0.00122145900968, 0.00138285406865, 0.00202290690504, 0.000611105933785, 0.000608805858064, 0.000472922896734, 0.000209805832128, 0.000163297227118, 0.000174592350959, 0.000143736586324, 5.08412995259e-05, 6.97673094692e-05, 4.21890617872e-05, 5.55058759346e-05, 7.00960954418e-05, 5.87454778724e-05, 6.43365565338e-05, 4.35554175056e-05, 0.000101280369563, 7.74320578785e-05, 4.62138341391e-05, 4.57146779809e-05],
        "mean": [0.00148979143705, 0.00193984643556, 0.00106416689232, 0.000758095586207, 0.000241923495196, 0.000152058128151, 0.00023887657153, 0.000150927371578, 9.18991572689e-05, 0.000127603052533, 0.000103426529677, 0.00010865816148, 5.6646669691e-05, 6.61306694383e-05, 7.04672202119e-05, 7.61697228882e-05, 8.54168465594e-05, 8.79522704054e-05, 8.43558591441e-05, 5.96058089286e-05, 7.68578320276e-05, 5.40706751053e-05, 6.20950449957e-05, 3.74039627786e-05, 2.77456711046e-05, 2.28251610679e-05, 2.02213432203e-05, 1.70384792e-05, 9.99447729555e-06, 7.91822003521e-06, 6.38206938675e-06, 6.2950280153e-06, 6.48645755064e-06, 6.78385140418e-06, 5.61270508115e-06, 3.409923238e-06, 2.48788319368e-06, 2.08221490539e-06, 2.36780738305e-06, 1.75591628704e-06],
        "median": [0.000483121431898, 0.00130675628316, 0.00088838377269, 0.000357296870789, 0.000126353188534, 9.72094712779e-05, 7.95793966972e-05, 7.47896410758e-05, 4.92021645186e-05, 5.91227180848e-05, 4.1637722461e-05, 2.95388053928e-05, 2.4499000574e-05, 2.30269306485e-05, 2.90069092443e-05, 3.38826175721e-05, 4.44247380074e-05, 5.42397901881e-05, 4.88752884849e-05, 3.57577009709e-05, 4.46780286438e-05, 3.8603633584e-05, 4.81366587337e-05, 2.90401112579e-05, 2.33126938838e-05, 2.00280501303e-05, 1.70802886714e-05, 1.44711329995e-05, 8.95620451047e-06, 6.76046010994e-06, 4.9763343668e-06, 4.73882346341e-06, 4.57574788015e-06, 4.80875178255e-06, 4.26969108958e-06, 2.56062025983e-06, 1.69157772234e-06, 1.29285456296e-06, 1.51582230501e-06, 1.04420360003e-06],
        "min": [1.39676081812e-09, 1.63105817741e-09, 1.04683639535e-09, 4.16325307562e-10, 8.48065617731e-10, 2.98660346454e-10, 2.90180685036e-10, 1.4106474322e-10, 3.00266422837e-10, 4.4370201957e-10, 4.1103559445e-10, 1.78593362321e-10, 3.15237447257e-10, 3.86469162228e-10, 4.31990970773e-10, 2.55596960264e-10, 2.51948489849e-10, 9.32489849226e-11, 1.38582992304e-10, 1.44612460895e-10, 1.33389202461e-10, 1.75813683057e-10, 1.0959664426e-10, 9.0890558968e-11, 1.10505306294e-10, 2.15512815926e-10, 4.94635339632e-11, 2.66145785965e-11, 2.50981908867e-11, 2.63232647485e-11, 2.23704058749e-11, 1.01258220558e-11, 6.98150348297e-12, 6.58493528802e-12, 2.95595947893e-12, 1.38766092801e-12, 8.69760589505e-13, 5.85747162579e-13, 7.50986946241e-13, 1.04506626877e-12],
        "var": [1.12598254418e-05, 4.38431288785e-06, 5.62660545711e-07, 1.63774836892e-06, 9.72222835571e-08, 3.84616321014e-08, 2.11675910577e-07, 4.86670437283e-08, 1.80192820665e-08, 9.5926267818e-08, 8.17372125539e-08, 1.34586400691e-07, 1.40022820005e-08, 3.37447403354e-08, 2.94764994635e-08, 2.34415544753e-08, 3.08972580854e-08, 1.31556951999e-08, 1.29944579541e-08, 8.36004332427e-09, 1.42419844806e-08, 3.87795395795e-09, 4.35962554945e-09, 1.6928792812e-09, 6.1315685862e-10, 3.5436362178e-10, 3.24699933607e-10, 2.12533102228e-10, 5.78584194444e-11, 4.46410131083e-11, 2.90083148474e-11, 3.44591577495e-11, 4.2758862423e-11, 4.34721217357e-11, 2.81665021168e-11, 1.05994267183e-11, 1.26183273899e-11, 1.13936490451e-11, 9.73433920276e-12, 7.19103552746e-12]
    },
    "mfcc": {
        "mean": [-592.535766602, 87.9703903198, -2.88370656967, 29.0900783539, 17.0408706665, 10.3609409332, -0.793320953846, 5.30334424973, 2.3253557682, 6.01531124115, 1.26385939121, -2.10726237297, -1.22362351418],
        "cov": [[2924.62548828, -463.230560303, -428.061859131, 91.0342636108, -68.0382919312, -37.080078125, -85.184135437, 67.0847625732, -177.979629517, -81.1634902954, -14.7694272995, -62.4156303406, -87.7704086304], [-463.230560303, 504.599517822, 19.9328136444, -22.6735687256, -37.8143234253, -12.7065887451, 43.5022392273, -19.5547981262, 42.1784324646, 29.5387897491, -7.7972984314, 27.8227405548, 40.9632377625], [-428.061859131, 19.9328136444, 391.312988281, -50.3593978882, -14.8512992859, -11.6480979919, -7.05924701691, -14.9799203873, 55.3629074097, -3.19351506233, 13.9311418533, 11.6325807571, 20.4808826447], [91.0342636108, -22.6735687256, -50.3593978882, 208.615539551, 56.5265693665, -29.9562301636, -64.5975875854, -9.27634811401, -6.69836997986, 13.9688682556, -7.08357477188, 9.56900310516, 7.23425102234], [-68.0382919312, -37.8143234253, -14.8512992859, 56.5265693665, 157.11869812, 45.6019058228, -5.64956617355, -32.9132080078, 27.8672637939, 35.4640312195, 10.8147964478, 7.74132490158, 3.34234404564], [-37.080078125, -12.7065887451, -11.6480979919, -29.9562301636, 45.6019058228, 111.482116699, 48.3157806396, 4.04189348221, 3.20258641243, 12.4016246796, 16.6237850189, -2.81383228302, -3.64899992943], [-85.184135437, 43.5022392273, -7.05924701691, -64.5975875854, -5.64956617355, 48.3157806396, 130.730728149, 47.4276733398, 7.52770280838, -1.0592083931, 14.1991853714, 6.29304599762, -2.22996497154], [67.0847625732, -19.5547981262, -14.9799203873, -9.27634811401, -32.9132080078, 4.04189348221, 47.4276733398, 95.049041748, 13.1963281631, -14.286980629, 3.60154056549, -0.649277627468, -6.90462779999], [-177.979629517, 42.1784324646, 55.3629074097, -6.69836997986, 27.8672637939, 3.20258641243, 7.52770280838, 13.1963281631, 90.0868301392, 38.0816612244, 8.16312980652, 2.68359541893, 11.1270179749], [-81.1634902954, 29.5387897491, -3.19351506233, 13.9688682556, 35.4640312195, 12.4016246796, -1.0592083931, -14.286980629, 38.0816612244, 83.4469909668, 20.0579395294, -0.161220520735, 9.68991756439], [-14.7694272995, -7.7972984314, 13.9311418533, -7.08357477188, 10.8147964478, 16.6237850189, 14.1991853714, 3.60154056549, 8.16312980652, 20.0579395294, 56.2011489868, 22.7537155151, 0.538972198963], [-62.4156303406, 27.8227405548, 11.6325807571, 9.56900310516, 7.74132490158, -2.81383228302, 6.29304599762, -0.649277627468, 2.68359541893, -0.161220520735, 22.7537155151, 64.7296676636, 24.3960418701], [-87.7704086304, 40.9632377625, 20.4808826447, 7.23425102234, 3.34234404564, -3.64899992943, -2.22996497154, -6.90462779999, 11.1270179749, 9.68991756439, 0.538972198963, 24.3960418701, 56.1128501892]],
