{
"lowlevel": {
    "average_loudness": 0.636926531792,
    "barkbands_crest": {
        "dmean": 2.51776075363,
        "dmean2": 4.01365566254,
        "dvar": 7.46513795853,
        "dvar2": 18.3146724701,
        "max": 25.4217414856,
        "mean": 10.3274250031,
        "median": 9.12965106964,
        "min": 2.84985542297,
        "var": 22.2711200714
    },
    "barkbands_flatness_db": {
        "dmean": 0.0259437151253,
        "dmean2": 0.0381198748946,
        "dvar": 0.00111910852138,
        "dvar2": 0.00205922406167,
        "max": 0.631034612656,
        "mean": 0.169577077031,
        "median": 0.135445788503,
        "min": 0.0364632792771,
        "var": 0.0131254801527
    },
    "barkbands_kurtosis": {
        "dmean": 5.703997612,
        "dmean2": 9.20973777771,
        "dvar": 207.101730347,
        "dvar2": 495.265441895,
        "max": 234.549850464,
        "mean": 8.12872219086,
        "median": 1.25487327576,
        "min": -1.92112851143,
        "var": 448.078613281
    },
    "barkbands_skewness": {
        "dmean": 0.750004649162,
        "dmean2": 1.13460898399,
        "dvar": 1.08546221256,
        "dvar2": 2.44540691376,
        "max": 12.8499279022,
        "mean": 1.70860433578,
        "median": 1.2995454073,
        "min": -3.15522551537,
        "var": 3.64666008949
    },
    "barkbands_spread": {
        "dmean": 7.30909919739,
        "dmean2": 11.1674890518,
        "dvar": 102.02281189,
        "dvar2": 210.745330811,
        "max": 110.461181641,
        "mean": 27.0200252533,
        "median": 25.6669883728,
        "min": 0.201517820358,
        "var": 357.20791626
    },
    "dissonance": {
        "dmean": 0.0157463774085,
        "dmean2": 0.0241104867309,
        "dvar": 0.000426299899118,
        "dvar2": 0.000874660850968,
        "max": 0.500000059605,
        "mean": 0.459716409445,
        "median": 0.475837737322,
        "min": 0.206993877888,
        "var": 0.00205304892734
    },
    "dynamic_complexity": 5.40275335312,
    "erbbands_crest": {
        "dmean": 2.49803042412,
        "dmean2": 3.91275501251,
        "dvar": 5.45585727692,
        "dvar2": 13.7412786484,
        "max": 27.584482193,
        "mean": 9.51325893402,
        "median": 8.78388977051,
        "min": 2.78273105621,
        "var": 16.3520622253
    },
    "erbbands_flatness_db": {
        "dmean": 0.0172679275274,
        "dmean2": 0.0243747271597,
        "dvar": 0.000333505682647,
        "dvar2": 0.000648437358905,
        "max": 0.417796522379,
        "mean": 0.165136173368,
        "median": 0.14624120295,
        "min": 0.0606386587024,
        "var": 0.00422971276566
    },
    "erbbands_kurtosis": {
        "dmean": 1.74621939659,
        "dmean2": 2.59050965309,
        "dvar": 21.2003002167,
        "dvar2": 36.9871559143,
        "max": 113.017822266,
        "mean": 2.81750893593,
        "median": -0.127210140228,
        "min": -1.8100733757,
        "var": 120.10042572
    },
    "erbbands_skewness": {
        "dmean": 0.451817333698,
        "dmean2": 0.658868134022,
        "dvar": 0.437843054533,
        "dvar2": 0.889638125896,
        "max": 8.09988021851,
        "mean": 0.11417657882,
        "median": -0.171144500375,
        "min": -3.40424180031,
        "var": 1.85269701481
    },
    "erbbands_spread": {
        "dmean": 10.4759263992,
        "dmean2": 16.1204986572,
        "dvar": 159.834625244,
        "dvar2": 347.348266602,
        "max": 151.949203491,
        "mean": 43.628818512,
        "median": 41.4419975281,
        "min": 1.51469993591,
        "var": 591.989929199
    },
    "hfc": {
        "dmean": 7.14620018005,
        "dmean2": 11.3865299225,
        "dvar": 220.741455078,
        "dvar2": 587.66809082,
        "max": 217.033569336,
        "mean": 21.6379184723,
        "median": 10.3422651291,
        "min": 1.07151150135e-16,
        "var": 613.571289062
    },
    "melbands_crest": {
        "dmean": 2.88645243645,
        "dmean2": 4.52844285965,
        "dvar": 8.37735557556,
        "dvar2": 21.0998497009,
        "max": 31.2455425262,
        "mean": 14.9635763168,
        "median": 14.3938484192,
        "min": 1.87252044678,
        "var": 29.935136795
    },
    "melbands_flatness_db": {
        "dmean": 0.0332903526723,
        "dmean2": 0.0475955344737,
        "dvar": 0.00182639795821,
        "dvar2": 0.00342989014462,
        "max": 0.780946910381,
        "mean": 0.229896038771,
        "median": 0.189119309187,
        "min": 0.00453477632254,
        "var": 0.0215028114617
    },
    "melbands_kurtosis": {
        "dmean": 15.0486221313,
        "dmean2": 23.5918064117,
        "dvar": 1098.1973877,
        "dvar2": 2370.54711914,
        "max": 604.83380127,
        "mean": 26.6833896637,
        "median": 8.02776908875,
        "min": -1.83080089092,
        "var": 3718.56640625
    },
    "melbands_skewness": {
        "dmean": 1.04877698421,
        "dmean2": 1.58790552616,
        "dvar": 2.17873263359,
        "dvar2": 4.68736886978,
        "max": 18.5626087189,
        "mean": 3.25727534294,
        "median": 2.55307745934,
        "min": -1.69155907631,
        "var": 7.5561671257
    },
    "melbands_spread": {
        "dmean": 10.3979730606,
        "dmean2": 15.7424535751,
        "dvar": 254.202056885,
        "dvar2": 526.592712402,
        "max": 223.742477417,
        "mean": 29.8118839264,
        "median": 22.0798950195,
        "min": 0.319361031055,
        "var": 949.262390137
    },
    "pitch_salience": {
        "dmean": 0.0712087452412,
        "dmean2": 0.113883092999,
        "dvar": 0.00557632837445,
        "dvar2": 0.014801508747,
        "max": 0.897640407085,
        "mean": 0.525487244129,
        "median": 0.530439555645,
        "min": 0.122638821602,
        "var": 0.0166627522558
    },
    "silence_rate_20dB": {
        "dmean": 0,
        "dmean2": 0,
        "dvar": 0,
        "dvar2": 0,
        "max": 1,
        "mean": 1,
        "median": 1,
        "min": 1,
        "var": 0
    },
    "silence_rate_30dB": {
        "dmean": 0.0425696596503,
        "dmean2": 0.0851722806692,
        "dvar": 0.0407582744956,
        "dvar2": 0.0964997932315,
        "max": 1,
        "mean": 0.966731131077,
        "median": 1,
        "min": 0,
        "var": 0.0321617871523
    },
    "silence_rate_60dB": {
        "dmean": 0.0406346730888,
        "dmean2": 0.0813008099794,
        "dvar": 0.0389814451337,
        "dvar2": 0.0863032191992,
        "max": 1,
        "mean": 0.157446801662,
        "median": 0,
        "min": 0,
        "var": 0.132653385401
    },
    "spectral_centroid": {
        "dmean": 321.898742676,
        "dmean2": 486.39151001,
        "dvar": 228392.765625,
        "dvar2": 453100.6875,
        "max": 11784.9140625,
        "mean": 1617.77294922,
        "median": 1527.95849609,
        "min": 102.876731873,
        "var": 1677618.375
    },
    "spectral_complexity": {
        "dmean": 3.48606801033,
        "dmean2": 5.59039878845,
        "dvar": 26.0018405914,
        "dvar2": 60.3251724243,
        "max": 64,
        "mean": 19.1129589081,
        "median": 12,
        "min": 0,
        "var": 259.978607178
    },
    "spectral_decrease": {
        "dmean": 3.13549386455e-09,
        "dmean2": 5.2598281286e-09,
        "dvar": 6.8994420209e-17,
        "dvar2": 1.83136040614e-16,
        "max": 1.0183509859e-28,
        "mean": -6.25133411702e-09,
        "median": -2.70796474133e-09,
        "min": -9.03102232996e-08,
        "var": 7.59873323156e-17
    },
    "spectral_energy": {
        "dmean": 0.0123222637922,
        "dmean2": 0.020635260269,
        "dvar": 0.00102230161428,
        "dvar2": 0.00271410308778,
        "max": 0.346825957298,
        "mean": 0.0255565941334,
        "median": 0.0111461887136,
        "min": 1.00877963421e-20,
        "var": 0.00117842317559
    },
    "spectral_energyband_high": {
        "dmean": 0.000598070037086,
        "dmean2": 0.000976936193183,
        "dvar": 2.28606199926e-06,
        "dvar2": 6.00583371124e-06,
        "max": 0.0199918206781,
        "mean": 0.00144148396794,
        "median": 0.000331347691827,
        "min": 7.10248777887e-21,
        "var": 4.56136194771e-06
    },
    "spectral_energyband_low": {
        "dmean": 0.00910989940166,
        "dmean2": 0.0153303826228,
        "dvar": 0.000858871091623,
        "dvar2": 0.00227974611335,
        "max": 0.319049745798,
        "mean": 0.0124125480652,
        "median": 0.00327896000817,
        "min": 2.38651281312e-23,
        "var": 0.000734727364033
    },
    "spectral_energyband_middle_high": {
        "dmean": 0.00155228888616,
        "dmean2": 0.00253867171705,
        "dvar": 8.07503784017e-06,
        "dvar2": 2.19499506784e-05,
        "max": 0.0356440544128,
        "mean": 0.00419393600896,
        "median": 0.00216856691986,
        "min": 1.28717169203e-21,
        "var": 2.47031475737e-05
    },
    "spectral_energyband_middle_low": {
        "dmean": 0.00414352118969,
        "dmean2": 0.00686739012599,
        "dvar": 0.000110155102448,
        "dvar2": 0.000310056406306,
        "max": 0.130565494299,
        "mean": 0.00850207917392,
        "median": 0.00520671671256,
        "min": 1.74500740157e-22,
        "var": 0.000130111642648
    },
    "spectral_entropy": {
        "dmean": 0.18507643044,
        "dmean2": 0.253359168768,
        "dvar": 0.0836468264461,
        "dvar2": 0.135940298438,
        "max": 9.81924343109,
        "mean": 7.47295618057,
        "median": 7.77645730972,
        "min": 3.95488023758,
        "var": 0.935537040234
    },
    "spectral_flux": {
        "dmean": 0.0253966189921,
        "dmean2": 0.0382441170514,
        "dvar": 0.00209056050517,
        "dvar2": 0.00395872769877,
        "max": 0.508377194405,
        "mean": 0.0724820196629,
        "median": 0.0526403598487,
        "min": 6.4836899738e-11,
        "var": 0.00517390854657
    },
    "spectral_kurtosis": {
        "dmean": 2.65674734116,
        "dmean2": 4.27122402191,
        "dvar": 50.0556640625,
        "dvar2": 103.620742798,
        "max": 102.83480072,
        "mean": 7.03870344162,
        "median": 2.60778141022,
        "min": -1.26760447025,
        "var": 223.077026367
    },
    "spectral_rms": {
        "dmean": 0.000855269143358,
        "dmean2": 0.0013434777502,
        "dvar": 2.54317251347e-06,
        "dvar2": 6.35379910818e-06,
        "max": 0.0183947496116,
        "mean": 0.00419097859412,
        "median": 0.00329762510955,
        "min": 3.137156767e-12,
        "var": 7.36893025532e-06
    },
    "spectral_rolloff": {
        "dmean": 665.055480957,
        "dmean2": 1082.06274414,
        "dvar": 1400948.5,
        "dvar2": 2637009.5,
        "max": 19401.4160156,
        "mean": 2047.35803223,
        "median": 1744.18945312,
        "min": 64.599609375,
        "var": 7231615
    },
    "spectral_skewness": {
        "dmean": 0.309274345636,
        "dmean2": 0.477339714766,
        "dvar": 0.366498380899,
        "dvar2": 0.66950237751,
        "max": 8.63325405121,
        "mean": 1.5923614502,
        "median": 1.17739164829,
        "min": -0.0714310258627,
        "var": 1.92237532139
    },
    "spectral_spread": {
        "dmean": 566256.25,
        "dmean2": 836889.5,
        "dvar": 1.49875838157e+12,
        "dvar2": 2.60959476122e+12,
        "max": 42168968,
        "mean": 5008418.5,
        "median": 4577877.5,
        "min": 925864.25,
        "var": 1.5660123947e+13
    },
    "spectral_strongpeak": {
        "dmean": 0.466342747211,
        "dmean2": 0.822376489639,
        "dvar": 1.03536844254,
        "dvar2": 2.94367718697,
        "max": 9.4845867157,
        "mean": 0.690898180008,
        "median": 0.341376781464,
        "min": 0,
        "var": 1.00110328197
    },
    "zerocrossingrate": {
        "dmean": 0.0130505636334,
        "dmean2": 0.0142501378432,
        "dvar": 0.000326027889969,
        "dvar2": 0.000357227836503,
        "max": 0.52197265625,
        "mean": 0.0714494287968,
        "median": 0.05908203125,
        "min": 0.0029296875,
        "var": 0.0045298631303
    },
    "barkbands": {
        "dmean": [0.000113573798444, 0.00620707636699, 0.00337067781948, 0.00161660695449, 0.00193534174468, 0.000452146079624, 0.000315091136144, 0.000466985831736, 0.00081826269161, 0.000101390985947, 8.86833877303e-05, 8.1853067968e-05, 0.000114146561828, 0.000172511936398, 0.000845410511829, 0.000314597040415, 0.000172669009771, 0.000222788090468, 0.000193677056814, 0.000231149184401, 0.00025443159393, 0.00015545162023, 8.10409037513e-05, 6.13068041275e-05, 5.25732866663e-05, 2.22795169975e-05, 5.92753281126e-07],
        "dmean2": [0.000180915565579, 0.0106178410351, 0.00611836696044, 0.00282065710053, 0.00338844209909, 0.00071774009848, 0.000473518215586, 0.000655507610645, 0.0011832290329, 0.000161712552654, 0.000141769094625, 0.000131720051286, 0.000181696144864, 0.00028323821607, 0.00139394460712, 0.000536956242286, 0.000294723577099, 0.000376425363356, 0.000341170001775, 0.000407690968132, 0.000444121047622, 0.000267497322056, 0.000130929794977, 9.17942379601e-05, 7.0557325671e-05, 3.28021196765e-05, 9.78913817562e-07],
        "dvar": [1.09983496088e-07, 0.000416309485445, 0.000133108100272, 1.98729958356e-05, 4.2141713493e-05, 1.0599756024e-06, 7.31639147489e-07, 1.36047503929e-06, 4.67971949547e-06, 7.65004060099e-08, 3.83892100331e-08, 3.30610774313e-08, 1.12658824492e-07, 1.64547088843e-07, 3.18835805047e-06, 3.76005488079e-07, 1.33535678515e-07, 1.70953072143e-07, 2.70332293439e-07, 3.46627501813e-07, 5.88988768868e-07, 2.00221762725e-07, 2.46770781587e-08, 2.90473938236e-08, 1.87217299441e-08, 4.84800466438e-09, 9.43081637089e-12],
        "dvar2": [2.58481890114e-07, 0.00110628874972, 0.000387491483707, 5.44463437109e-05, 0.00012060363224, 2.81650955003e-06, 1.53216296894e-06, 2.61095010501e-06, 1.08470658233e-05, 1.7840166322e-07, 8.69397354109e-08, 7.71508936737e-08, 2.2853215853e-07, 4.18653911538e-07, 8.66724985826e-06, 9.99267967927e-07, 3.71629823803e-07, 4.68194741643e-07, 7.74509203438e-07, 9.90511807686e-07, 1.65619383097e-06, 5.64800870961e-07, 6.04352337064e-08, 5.7332496084e-08, 3.38924088794e-08, 1.01344177494e-08, 2.52073986684e-11],
        "max": [0.0043602255173, 0.197737544775, 0.129854559898, 0.0640346258879, 0.0893487036228, 0.0187413133681, 0.0205796342343, 0.0205209311098, 0.0347501374781, 0.0097049260512, 0.00648054666817, 0.00450932746753, 0.012120408006, 0.0103288469836, 0.0246189385653, 0.00975457951427, 0.00574911292642, 0.00654011918232, 0.00840521976352, 0.00870057661086, 0.0155769670382, 0.00642841449007, 0.00231865770184, 0.00509075820446, 0.00410625571385, 0.00121241563465, 9.7839794762e-05],
        "mean": [0.000157144662808, 0.00692843785509, 0.00437086308375, 0.00202068290673, 0.00270240637474, 0.000869352428708, 0.000587466405705, 0.000901198887732, 0.00136958865914, 0.000182286355994, 0.000158934912179, 0.000147157232277, 0.00017908832524, 0.000295419828035, 0.00144326477312, 0.000590537674725, 0.000299848936265, 0.000424864061642, 0.000290948868496, 0.000397762603825, 0.000445648212917, 0.000302746339003, 0.000222656453843, 0.000156353708007, 8.16205501906e-05, 2.96494345093e-05, 6.92715957484e-07],
        "median": [2.61980630967e-06, 0.00150349363685, 0.00121228676289, 0.000551442091819, 0.00131265574601, 0.000324718886986, 0.000220171365072, 0.000183930125786, 9.94588554022e-05, 4.9717935326e-05, 4.18594281655e-05, 5.66439957765e-05, 4.28090097557e-05, 9.60351972026e-05, 0.000434015266364, 0.000174583678017, 0.000131495427922, 0.00015847942268, 8.59513384057e-05, 0.000114397720608, 4.5644275815e-05, 3.98986194341e-05, 4.57809619547e-05, 3.66199383279e-05, 1.6791969756e-05, 5.40236305824e-06, 2.56009595745e-08],
        "min": [3.53649622514e-25, 5.65999416457e-24, 9.42793798847e-25, 1.16174500271e-24, 1.29879361056e-23, 2.22716606571e-23, 7.20987155164e-24, 7.61848177902e-24, 1.20248339702e-23, 2.21499630852e-23, 2.40520171682e-23, 3.52972688152e-23, 3.43499699303e-23, 5.66055472912e-23, 4.06343546011e-23, 4.47107554635e-23, 5.94102949081e-23, 1.00066254832e-22, 1.49901532777e-22, 1.60644556129e-22, 3.21743849549e-22, 2.84898971321e-22, 4.4600302315e-22, 5.55018400081e-22, 1.00867890235e-21, 1.34778397746e-21, 2.00905348488e-21],
        "var": [1.52990622837e-07, 0.000335794087732, 9.41470789257e-05, 1.80341157829e-05, 3.28697606164e-05, 1.96690280063e-06, 1.549695412e-06, 4.59780358142e-06, 1.03965267044e-05, 2.92967769155e-07, 1.10277554199e-07, 9.98027331889e-08, 2.55127588389e-07, 3.13844026323e-07, 5.72920498598e-06, 8.14568863916e-07, 1.96613157755e-07, 3.22883551007e-07, 2.89566116862e-07, 5.14605176249e-07, 6.63697221626e-07, 2.61834941284e-07, 1.05723721333e-07, 7.80696396419e-08, 4.08290787846e-08, 7.59406937334e-09, 8.87179565923e-12]
    },
    "erbbands": {
        "dmean": [0.133426681161, 1.57925844193, 3.90062832832, 4.39415073395, 8.39752292633, 4.52804851532, 4.06606292725, 3.57942533493, 4.36307191849, 6.06889390945, 10.7781801224, 22.6754570007, 5.6097536087, 3.33539628983, 3.42171168327, 3.44370222092, 4.94601011276, 7.01740598679, 37.3547897339, 27.4489307404, 12.0680446625, 9.49896907806, 12.9969701767, 8.86246109009, 10.4690437317, 10.9832735062, 12.1025905609, 7.99663734436, 5.84110927582, 3.42357349396, 2.38510632515, 1.62160551548, 0.868851780891, 0.520000100136, 0.430383741856, 0.160587027669, 0.0276121627539, 0.00314481789246, 7.08275765646e-05, 1.65821347764e-05],
        "dmean2": [0.228225663304, 2.73291945457, 7.06732177734, 7.81318187714, 14.767367363, 7.72417926788, 6.64036941528, 5.65377807617, 6.69854736328, 8.79774188995, 15.2881536484, 32.6331329346, 8.27019786835, 5.30091905594, 5.59430742264, 5.48641300201, 7.88376903534, 11.3771924973, 62.0040969849, 44.7653770447, 20.3430233002, 16.1150398254, 21.8656215668, 15.3630571365, 18.4117221832, 19.2733287811, 21.067609787, 13.8916139603, 10.0896196365, 5.80477046967, 3.8154630661, 2.47938680649, 1.25656580925, 0.697533667088, 0.60068655014, 0.234590813518, 0.0407832227647, 0.00475851958618, 0.00010504169768, 2.67196191999e-05],
        "dvar": [0.188132926822, 27.8940868378, 186.672744751, 146.203887939, 1029.78796387, 125.294372559, 86.5054168701, 68.5555038452, 140.022155762, 221.260284424, 802.123474121, 3948.5456543, 178.844955444, 96.201210022, 48.4422988892, 64.6590042114, 186.928878784, 244.356811523, 8615.02929688, 2575.85327148, 555.787902832, 431.579345703, 540.148193359, 520.699645996, 732.094787598, 858.520996094, 973.062011719, 600.140136719, 318.543395996, 61.9165763855, 22.0804672241, 15.1583223343, 9.33154010773, 2.16324114799, 1.35936832428, 0.22703807056, 0.00935084279627, 0.000173280801391, 7.20127317777e-08, 1.43036893441e-09],
        "dvar2": [0.479162365198, 75.8793640137, 539.24621582, 413.235137939, 2948.07617188, 349.630249023, 234.130325317, 172.243179321, 313.020111084, 441.987670898, 1651.81359863, 9013.31835938, 414.831848145, 236.384094238, 128.281570435, 137.112472534, 394.348815918, 619.417785645, 24060.8476562, 6642.078125, 1520.14562988, 1208.78015137, 1483.19970703, 1446.78051758, 2138.22192383, 2468.609375, 2694.83349609, 1689.5390625, 901.00012207, 168.247299194, 53.5228309631, 33.9836540222, 18.472951889, 3.83250713348, 2.74066281319, 0.477866709232, 0.0209528561682, 0.000410147564253, 1.65986520528e-07, 3.7315035506e-09],
        "max": [4.2773604393, 50.8132133484, 152.773345947, 131.36831665, 440.616088867, 139.580963135, 178.075897217, 186.836074829, 275.929046631, 394.87097168, 552.71307373, 1112.0604248, 232.007110596, 374.481140137, 111.788597107, 225.626998901, 402.954711914, 538.930664062, 1446.49279785, 655.726623535, 368.112487793, 356.603057861, 376.61151123, 331.034423828, 352.651306152, 439.297241211, 501.318023682, 457.235046387, 281.512756348, 108.876419067, 76.6773910522, 82.4870681763, 111.387832642, 47.9377365112, 27.1647453308, 9.87767982483, 2.28962659836, 0.29642033577, 0.00645250827074, 0.000384113314794],
        "mean": [0.142763510346, 1.75432837009, 5.09326171875, 5.99590921402, 9.8019695282, 7.05763721466, 7.75361061096, 6.65204620361, 8.11393737793, 12.3064260483, 20.8296394348, 37.9373779297, 10.9535226822, 6.57287931442, 6.34124231339, 6.41828298569, 8.37279415131, 13.5496330261, 61.7460212708, 55.1601371765, 24.4785327911, 17.9171142578, 24.9805183411, 14.8833732605, 17.1903438568, 18.625579834, 21.0999011993, 13.7168941498, 11.1358556747, 7.71597385406, 6.56890583038, 4.46257066727, 1.96902787685, 0.934753417969, 0.584288656712, 0.20594894886, 0.0375160351396, 0.00474917842075, 0.000120645854622, 3.68440560123e-05],
        "median": [0.0129682393745, 0.415067076683, 1.43182587624, 1.68634438515, 3.03329992294, 3.88244843483, 2.8407099247, 2.75507330894, 3.7701985836, 4.39855957031, 4.83085918427, 3.56989550591, 2.52733564377, 2.34565711021, 2.16564750671, 2.53193187714, 2.62094044685, 5.25269603729, 15.8795585632, 23.5807094574, 8.12956142426, 8.00166320801, 10.5566701889, 4.34607076645, 5.55824708939, 5.47194194794, 2.65511274338, 1.59792435169, 1.38574135303, 1.14086711407, 1.45499420166, 0.799587011337, 0.634577810764, 0.255003899336, 0.0974237695336, 0.0359968207777, 0.00642574252561, 0.000600514526013, 2.69091851806e-05, 1.80344904948e-05],
        "min": [1.41632983069e-22, 1.3888862307e-21, 1.96994961194e-21, 4.87864420597e-21, 9.59698500976e-21, 4.0441328668e-20, 8.82703560207e-20, 1.67154163718e-19, 2.60192867003e-19, 1.86661034191e-19, 2.40359324812e-19, 4.71763333818e-19, 5.77930621271e-19, 1.12150750112e-18, 1.09621252479e-18, 1.75174933452e-18, 2.03599733752e-18, 2.47296893779e-18, 2.92681522935e-18, 4.60835388707e-18, 3.80202318904e-18, 4.9666426199e-18, 5.60339012543e-18, 6.17035791524e-18, 7.08234687446e-18, 7.43683926187e-18, 1.19538666191e-17, 1.21004074548e-17, 9.85368316792e-18, 1.20342569941e-17, 1.32951159941e-17, 1.11281534249e-17, 9.11482890117e-18, 9.57359071352e-18, 7.06583883097e-18, 3.92103421326e-18, 2.53716415038e-18, 1.02216796924e-18, 2.47407549866e-19, 2.83455505812e-20],
        "var": [0.163970068097, 21.3096160889, 132.571884155, 126.70501709, 732.106933594, 134.895202637, 167.329345703, 127.348510742, 230.661514282, 687.794311523, 2212.8449707, 8632.16308594, 483.234802246, 280.423614502, 121.270973206, 181.019241333, 476.171020508, 560.604980469, 14463.6591797, 5639.40673828, 1162.05700684, 646.578308105, 1044.10375977, 650.532531738, 853.661499023, 1219.15893555, 1395.27819824, 630.36706543, 379.210906982, 150.763015747, 90.1272506714, 52.0700798035, 18.8414669037, 5.00189781189, 2.47596096992, 0.366366744041, 0.0127910608426, 0.000240261229919, 1.06106362807e-07, 1.98167260379e-09]
    },
    "gfcc": {
        "mean": [-60.3814964294, 85.2095870972, -102.100631714, 57.2213668823, -49.236579895, 10.1004314423, -47.2171554565, 8.36853885651, -16.6485424042, 0.567832767963, -23.0620079041, -10.5407562256, -10.7317733765],
        "cov": [[32016.0039062, -2087.72338867, -5191.65185547, 616.920593262, -2731.96411133, 1624.78515625, -761.037658691, 507.656158447, -220.975494385, 686.833007812, -690.317993164, 5.74837255478, -381.62979126], [-2087.72338867, 2068.58300781, 414.072021484, -174.971572876, 587.507568359, -530.057861328, 123.599945068, -172.124389648, 177.233535767, -296.006500244, 115.542556763, -125.704391479, 57.4648666382], [-5191.65185547, 414.072021484, 1943.90808105, 278.718078613, 637.206115723, -206.290313721, 157.177154541, -59.9394454956, 28.4641838074, -72.7034378052, 72.2217941284, 28.2251663208, 80.8790740967], [616.920593262, -174.971572876, 278.718078613, 646.750183105, 192.769042969, 72.3207092285, 91.3231506348, 17.9180755615, 87.160736084, 70.837310791, -9.44831943512, 24.3441143036, 64.024772644], [-2731.96411133, 587.507568359, 637.206115723, 192.769042969, 696.120666504, -242.275787354, 149.372955322, -45.34400177, 115.006484985, -56.829460144, 47.6465644836, 9.27366256714, 85.6972579956], [1624.78515625, -530.057861328, -206.290313721, 72.3207092285, -242.275787354, 423.091186523, 50.1467704773, 119.461509705, -4.27359724045, 104.161705017, -1.22662782669, 6.03914690018, -32.7530250549], [-761.037658691, 123.599945068, 157.177154541, 91.3231506348, 149.372955322, 50.1467704773, 277.687652588, 12.3728694916, 96.1948928833, -10.3938245773, 33.4105644226, -2.64305067062, 17.921497345], [507.656158447, -172.124389648, -59.9394454956, 17.9180755615, -45.34400177, 119.461509705, 12.3728694916, 142.322479248, 19.0145835876, 58.0635032654, 2.6209294796, 9.87601852417, -4.42833042145], [-220.975494385, 177.233535767, 28.4641838074, 87.160736084, 115.006484985, -4.27359724045, 96.1948928833, 19.0145835876, 187.401489258, 8.2498960495, 13.1464891434, -17.3142642975, 24.976808548], [686.833007812, -296.006500244, -72.7034378052, 70.837310791, -56.829460144, 104.161705017, -10.3938245773, 58.0635032654, 8.2498960495, 136.22088623, 1.02167069912, 27.8841819763, -7.10142326355], [-690.317993164, 115.542556763, 72.2217941284, -9.44831943512, 47.6465644836, -1.22662782669, 33.4105644226, 2.6209294796, 13.1464891434, 1.02167069912, 97.85496521, 4.50632095337, 12.6379489899], [5.74837255478, -125.704391479, 28.2251663208, 24.3441143036, 9.27366256714, 6.03914690018, -2.64305067062, 9.87601852417, -17.3142642975, 27.8841819763, 4.50632095337, 68.9084091187, 18.1547603607], [-381.62979126, 57.4648666382, 80.8790740967, 64.024772644, 85.6972579956, -32.7530250549, 17.921497345, -4.42833042145, 24.976808548, -7.10142326355, 12.6379489899, 18.1547603607, 64.7399673462]],
        "icov": [[0.000218898174353, -0.000539283733815, 0.000417958712205, -0.000620431033894, 0.000555943697691, -0.000627517641988, 0.000289604009595, -0.000188417587196, 0.000315208133543, -0.000767082674429, 0.00138250424061, -0.000755162967835, 0.000450167426607], [-0.000539283733815, 0.00273943948559, -0.0009524449124, 0.00182827352546, -0.00203867652453, 0.00245473347604, -0.000751683779527, 0.0005398245994, -0.00165751809254, 0.00356843229383, -0.00473110470921, 0.00346815329976, -0.00106133834925], [0.000417958712205, -0.0009524449124, 0.00159294414334, -0.00138581381179, 0.000343235995388, -0.00115241797175, 0.000425127043854, -0.000339270685799, 0.000993136898614, -0.00111866916995, 0.00226648361422, -0.00152232137043, 0.00098998262547], [-0.000620431033894, 0.00182827352546, -0.00138581381179, 0.00409077899531, -0.00221745460294, 0.00120258994866, -0.000945613777731, 0.00117985263932, -0.00157428218517, 0.00123800407164, -0.00325815146789, 0.00262083881535, -0.00306405336596], [0.000555943697691, -0.00203867652453, 0.000343235995388, -0.00221745460294, 0.00515426555648, -0.000148634542711, -0.000412583875004, -0.00105095957406, 0.000403344951337, -0.00276713375933, 0.00367155042477, -0.00256597320549, -0.000461032817839], [-0.000627517641988, 0.00245473347604, -0.00115241797175, 0.00120258994866, -0.000148634542711, 0.00742229120806, -0.00265831174329, -0.0021689622663, -0.000859938038047, 0.00151333282702, -0.00522086583078, 0.00383962853812, -0.000648045912385], [0.000289604009595, -0.000751683779527, 0.000425127043854, -0.000945613777731, -0.000412583875004, -0.00265831174329, 0.00595834897831, 0.000175924578798, -0.00189777335618, 0.000427079212386, 0.000797844084445, -0.00183548172936, 0.00148030091077], [-0.000188417587196, 0.0005398245994, -0.000339270685799, 0.00117985263932, -0.00105095957406, -0.0021689622663, 0.000175924578798, 0.0104825533926, -0.00148697651457, -0.00190446071792, -0.00114026549272, 0.000255350867519, -0.000854875717778], [0.000315208133543, -0.00165751809254, 0.000993136898614, -0.00157428218517, 0.000403344951337, -0.000859938038047, -0.00189777335618, -0.00148697651457, 0.00898992735893, -0.00340958195738, 0.00275838398375, 0.00114063941874, -0.00160047959071], [-0.000767082674429, 0.00356843229383, -0.00111866916995, 0.00123800407164, -0.00276713375933, 0.00151333282702, 0.000427079212386, -0.00190446071792, -0.00340958195738, 0.0166557151824, -0.00727909337729, -0.000345878303051, 0.00132436526474], [0.00138250424061, -0.00473110470921, 0.00226648361422, -0.00325815146789, 0.00367155042477, -0.00522086583078, 0.000797844084445, -0.00114026549272, 0.00275838398375, -0.00727909337729, 0.0213851351291, -0.00630202889442, 0.000669439497869], [-0.000755162967835, 0.00346815329976, -0.00152232137043, 0.00262083881535, -0.00256597320549, 0.00383962853812, -0.00183548172936, 0.000255350867519, 0.00114063941874, -0.000345878303051, -0.00630202889442, 0.0234983153641, -0.00819262024015], [0.000450167426607, -0.00106133834925, 0.00098998262547, -0.00306405336596, -0.000461032817839, -0.000648045912385, 0.00148030091077, -0.000854875717778, -0.00160047959071, 0.00132436526474, 0.000669439497869, -0.00819262024015, 0.0235792025924]]
    },
    "melbands": {
        "dmean": [0.00147549400572, 0.00205814116634, 0.00089905137429, 0.000478486676002, 0.00014389900025, 8.09513876447e-05, 6.6234402766e-05, 7.21372707631e-05, 9.15000055102e-05, 0.000142038494232, 2.45518622251e-05, 1.38068207889e-05, 1.17425925055e-05, 9.49471905187e-06, 9.92158493318e-06, 1.16150149552e-05, 1.38606355904e-05, 5.30934848939e-05, 6.01296342211e-05, 2.80384174403e-05, 1.28444953589e-05, 1.00243778434e-05, 1.16643641377e-05, 1.14420818136e-05, 7.22656159269e-06, 8.08563618193e-06, 8.43523048388e-06, 7.38310745874e-06, 7.73167630541e-06, 7.29465909899e-06, 4.20270180257e-06, 3.69537951883e-06, 2.8069491691e-06, 1.69232555436e-06, 1.47647347148e-06, 1.42392116231e-06, 9.73061219156e-07, 7.10300525952e-07, 4.74130814609e-07, 4.51535527191e-07],
        "dmean2": [0.00250700255856, 0.00361713417806, 0.00159023434389, 0.000833205354866, 0.000235772604356, 0.00012785862782, 0.000100684395875, 0.000103215454146, 0.000130845917738, 0.000204370211577, 3.67542779713e-05, 2.19821868086e-05, 1.91059862118e-05, 1.5000701751e-05, 1.55684374477e-05, 1.88993053598e-05, 2.26879019465e-05, 8.76502890605e-05, 9.85449587461e-05, 4.7397606977e-05, 2.18370205403e-05, 1.71517185663e-05, 1.95569355128e-05, 1.94846506929e-05, 1.2582427189e-05, 1.43554716487e-05, 1.48870039993e-05, 1.28981519083e-05, 1.32908035084e-05, 1.2898809473e-05, 7.25426298231e-06, 6.43647308607e-06, 4.86682665723e-06, 2.85538430944e-06, 2.39029736804e-06, 2.24462178267e-06, 1.53541020609e-06, 1.06715879156e-06, 6.85093482389e-07, 6.24668700766e-07],
        "dvar": [2.31360518228e-05, 5.02840666741e-05, 6.30641761745e-06, 2.85433225145e-06, 8.739137769e-08, 3.3121335008e-08, 3.08405780913e-08, 3.03282980951e-08, 6.02041723141e-08, 1.59777641784e-07, 3.80939546574e-09, 1.68227265451e-09, 5.82171977292e-10, 4.46281123168e-10, 1.51721768482e-09, 7.46576023225e-10, 1.14196163636e-09, 1.82357400291e-08, 1.38576439213e-08, 2.94669422196e-09, 7.1803307744e-10, 5.13716347239e-10, 4.34264790794e-10, 5.11378162038e-10, 3.66886881986e-10, 4.51006343383e-10, 4.26838953071e-10, 4.26560398115e-10, 3.35071331792e-10, 7.49372786046e-10, 1.2061390775e-10, 1.41401584886e-10, 4.32379271276e-11, 1.39128587123e-11, 8.73440902938e-12, 9.10237250157e-12, 6.1324985888e-12, 7.22779128215e-12, 1.9204251904e-12, 1.79895020321e-12],
        "dvar2": [5.99979066465e-05, 0.000141553406138, 1.77752026502e-05, 8.13515362097e-06, 2.36099822359e-07, 8.31011277569e-08, 6.62583943267e-08, 5.77844438965e-08, 1.28342534822e-07, 3.6272831494e-07, 8.84837092485e-09, 4.14990708464e-09, 1.49984202835e-09, 1.03645536598e-09, 2.85866796901e-09, 1.72170833146e-09, 2.80834577815e-09, 5.10465305581e-08, 3.58335654482e-08, 7.60715934689e-09, 1.99046623628e-09, 1.43854783641e-09, 1.19229170981e-09, 1.42514333668e-09, 1.01749553227e-09, 1.30764488127e-09, 1.23911358951e-09, 1.2143562822e-09, 9.26733911832e-10, 2.14826956224e-09, 3.32171845585e-10, 4.00695060465e-10, 1.2118528403e-10, 3.69983002568e-11, 2.1452813484e-11, 2.27707280115e-11, 1.36407465184e-11, 1.47463239536e-11, 3.795235827e-12, 3.19962676146e-12],
        "max": [0.0467324852943, 0.0780263766646, 0.0265769660473, 0.022544413805, 0.00543229654431, 0.00369364814833, 0.00388004328124, 0.00489803496748, 0.00505791185424, 0.00667236698791, 0.00118075672071, 0.00151384854689, 0.000572231074329, 0.000591908581555, 0.00181592442095, 0.000795967585873, 0.00122126284987, 0.00207559624687, 0.00189575273544, 0.000969167216681, 0.000493657542393, 0.000368760986021, 0.000277782441117, 0.000398250471335, 0.000284230482066, 0.000327184825437, 0.00026074500056, 0.000325247674482, 0.000259597232798, 0.000653474300634, 0.000151309126522, 0.000211344333366, 8.84369728738e-05, 5.53791942366e-05, 4.92232866236e-05, 6.73272443237e-05, 4.74023436254e-05, 0.000106607862108, 3.67394495697e-05, 4.51871928817e-05],
        "mean": [0.00163143943064, 0.00264670490287, 0.00120948173571, 0.000612539472058, 0.000275560974842, 0.000151984582772, 0.000126685758005, 0.000147509417729, 0.000169602804817, 0.000236435735133, 4.61039926449e-05, 2.57597057498e-05, 2.11268215935e-05, 1.77435358637e-05, 1.59833798534e-05, 1.87479890883e-05, 2.31482808886e-05, 8.44502137625e-05, 0.000105391147372, 5.20760586369e-05, 2.31413705478e-05, 1.69099494087e-05, 2.1887366529e-05, 2.05903506867e-05, 1.07514706542e-05, 1.17966692414e-05, 1.3523738744e-05, 1.18158923215e-05, 1.31083543238e-05, 1.10495384433e-05, 7.06017226548e-06, 6.41497717879e-06, 5.54277676201e-06, 3.6440974327e-06, 3.6614956116e-06, 3.63036815543e-06, 2.4256053166e-06, 1.49353172674e-06, 9.13452879558e-07, 7.35315552447e-07],
        "median": [0.000277644023299, 0.000715262547601, 0.000346905231709, 0.000265970622422, 0.000126750615891, 6.06698413321e-05, 5.62369677937e-05, 5.17586813658e-05, 3.06855909002e-05, 1.53692071763e-05, 9.86390477919e-06, 8.36743402033e-06, 6.5575654844e-06, 6.83293046677e-06, 4.32503384218e-06, 5.49544893147e-06, 8.15897237771e-06, 1.72702020791e-05, 3.83507576771e-05, 1.70345465449e-05, 7.36666243029e-06, 7.28165741748e-06, 9.71427471086e-06, 6.99684960637e-06, 2.84510042547e-06, 3.43329747921e-06, 4.42649707111e-06, 2.91377932626e-06, 1.53666064762e-06, 1.18929597193e-06, 7.91794263932e-07, 7.588142239e-07, 7.66485527492e-07, 5.06766355102e-07, 8.00169743798e-07, 7.13542817721e-07, 4.09516019317e-07, 4.41674103513e-07, 3.12635393129e-07, 1.55460142537e-07],
        "min": [2.36031284919e-24, 1.37745270636e-24, 1.46408797477e-24, 2.95941129151e-24, 3.59216017346e-24, 4.14810437439e-24, 4.16976610041e-24, 2.15806488752e-24, 2.22285383645e-24, 1.8648886764e-24, 3.19316655494e-24, 4.31079194773e-24, 3.97446701725e-24, 3.50344329834e-24, 4.57160080148e-24, 4.30475124535e-24, 4.78950627161e-24, 3.89710973916e-24, 4.06090368992e-24, 3.67309256917e-24, 4.2382873475e-24, 3.83716774885e-24, 4.65277222204e-24, 4.75447295881e-24, 3.71310319985e-24, 6.02900554666e-24, 4.09014163608e-24, 3.99917887396e-24, 4.97114504491e-24, 5.75693807007e-24, 4.43681405506e-24, 4.52795588861e-24, 6.21714019508e-24, 5.40671104385e-24, 6.49398816876e-24, 5.28031225544e-24, 6.52249207985e-24, 5.65359886921e-24, 7.16736930378e-24, 7.57899534641e-24],
        "var": [1.95124084712e-05, 3.7229317968e-05, 5.33834281669e-06, 2.15684326577e-06, 1.66634691823e-07, 6.30311873806e-08, 5.73621115052e-08, 1.0888833657e-07, 1.55917575739e-07, 3.51881283223e-07, 1.01633457206e-08, 5.15626030761e-09, 1.39036471225e-09, 1.42767886402e-09, 2.97263502702e-09, 1.8505309507e-09, 2.29934338236e-09, 3.07243190889e-08, 2.53438994235e-08, 6.52189413586e-09, 1.14301534904e-09, 6.77140177263e-10, 8.06691213828e-10, 8.43014047458e-10, 4.16056356034e-10, 4.82027362469e-10, 5.26055754513e-10, 6.14881590089e-10, 5.48918022147e-10, 6.12979111914e-10, 1.51976362051e-10, 1.4685971883e-10, 7.80418507595e-11, 3.74839499717e-11, 2.91954169174e-11, 3.30717501995e-11, 1.72632758783e-11, 1.34932794105e-11, 3.76263169927e-12, 4.0480925903e-12]
    },
    "mfcc": {
        "mean": [-691.68762207, 99.522857666, 14.5739479065, 41.2334403992, 20.6150226593, 7.9954123497, -8.90672111511, 0.0600973516703, 3.2617855072, 10.0689792633, -5.43578624725, -4.21444988251, -5.69039058685],
        "cov": [[21135.4765625, -1627.1574707, -3091.35253906, -981.294799805, -1560.44702148, 253.325012207, -646.970825195, 89.7070236206, 122.137710571, 677.0703125, -31.1327724457, 176.056350708, -243.070800781], [-1627.1574707, 1590.12561035, 119.660797119, 84.1260375977, 241.761779785, -160.57522583, -23.0257148743, 30.848897934, -82.8362579346, -46.491607666, -46.7475166321, -54.2578201294, 19.5691490173], [-3091.35253906, 119.660797119, 1239.07226562, 388.482147217, 318.810058594, 160.121337891, 172.542709351, 10.4385404587, 46.9203987122, -82.6015167236, 30.0623912811, 18.1396770477, 40.799243927], [-981.294799805, 84.1260375977, 388.482147217, 648.487731934, 314.380065918, 155.391998291, 41.2313270569, 34.7752380371, 90.2569656372, 26.8683395386, 2.58154845238, 11.3745698929, 11.4538154602], [-1560.44702148, 241.761779785, 318.810058594, 314.380065918, 419.274414062, 30.1916656494, 68.8867797852, 0.842541277409, 51.8701820374, -19.7510299683, 18.2454051971, -33.0661697388, 50.2258071899], [253.325012207, -160.57522583, 160.121337891, 155.391998291, 30.1916656494, 240.132202148, 59.8606948853, 71.4775390625, 65.7308044434, 80.7471160889, 34.7016868591, 51.3200645447, -17.3196640015], [-646.970825195, -23.0257148743, 172.542709351, 41.2313270569, 68.8867797852, 59.8606948853, 210.655181885, 39.3276672363, 29.2988586426, -21.185710907, 47.5379714966, 12.8434839249, 42.5615081787], [89.7070236206, 30.848897934, 10.4385404587, 34.7752380371, 0.842541277409, 71.4775390625, 39.3276672363, 132.513473511, 53.9020843506, 65.4782485962, 14.7147502899, 31.2407512665, -12.3585205078], [122.137710571, -82.8362579346, 46.9203987122, 90.2569656372, 51.8701820374, 65.7308044434, 29.2988586426, 53.9020843506, 120.596794128, 65.2029953003, 27.204158783, 12.0114631653, 9.83453178406], [677.0703125, -46.491607666, -82.6015167236, 26.8683395386, -19.7510299683, 80.7471160889, -21.185710907, 65.4782485962, 65.2029953003, 170.883865356, 34.4587440491, 44.3939399719, -16.4199905396], [-31.1327724457, -46.7475166321, 30.0623912811, 2.58154845238, 18.2454051971, 34.7016868591, 47.5379714966, 14.7147502899, 27.204158783, 34.4587440491, 97.4305419922, 28.9189758301, 9.79186725616], [176.056350708, -54.2578201294, 18.1396770477, 11.3745698929, -33.0661697388, 51.3200645447, 12.8434839249, 31.2407512665, 12.0114631653, 44.3939399719, 28.9189758301, 90.6891098022, 17.3898410797], [-243.070800781, 19.5691490173, 40.799243927, 11.4538154602, 50.2258071899, -17.3196640015, 42.5615081787, -12.3585205078, 9.83453178406, -16.4199905396, 9.79186725616, 17.3898410797, 84.0008087158]],
