{
"lowlevel": {
    "average_loudness": 0.956101477146,
    "barkbands_crest": {
        "dmean": 2.78401184082,
        "dmean2": 4.72794532776,
        "dvar": 7.45521402359,
        "dvar2": 20.5166378021,
        "max": 23.3336734772,
        "mean": 8.18942451477,
        "median": 7.0368976593,
        "min": 2.51461291313,
        "var": 16.054063797
    },
    "barkbands_flatness_db": {
        "dmean": 0.0205107349902,
        "dmean2": 0.0347938686609,
        "dvar": 0.000465576449642,
        "dvar2": 0.00127551553305,
        "max": 0.375644981861,
        "mean": 0.107614733279,
        "median": 0.0811902284622,
        "min": 0.0347959510982,
        "var": 0.00527755450457
    },
    "barkbands_kurtosis": {
        "dmean": 2.26676654816,
        "dmean2": 4.04377698898,
        "dvar": 21.6660728455,
        "dvar2": 64.3775558472,
        "max": 72.7381057739,
        "mean": 2.60633063316,
        "median": -1.01189255714,
        "min": -1.80962216854,
        "var": 96.2347793579
    },
    "barkbands_skewness": {
        "dmean": 0.57427418232,
        "dmean2": 0.970235466957,
        "dvar": 0.396738946438,
        "dvar2": 1.06420195103,
        "max": 7.49055957794,
        "mean": 1.12703275681,
        "median": 0.732621848583,
        "min": -1.88173294067,
        "var": 1.93615591526
    },
    "barkbands_spread": {
        "dmean": 7.33143949509,
        "dmean2": 12.15599823,
        "dvar": 70.7386398315,
        "dvar2": 185.064422607,
        "max": 82.4994888306,
        "mean": 42.7345428467,
        "median": 47.0148963928,
        "min": 1.31003272533,
        "var": 287.741394043
    },
    "dissonance": {
        "dmean": 0.00644263159484,
        "dmean2": 0.0110467625782,
        "dvar": 4.99701673107e-05,
        "dvar2": 0.000144553996506,
        "max": 0.500000059605,
        "mean": 0.487951129675,
        "median": 0.492053925991,
        "min": 0.396832823753,
        "var": 0.000169457649463
    },
    "dynamic_complexity": 2.44193840027,
    "erbbands_crest": {
        "dmean": 1.62403249741,
        "dmean2": 2.80624651909,
        "dvar": 2.95240020752,
        "dvar2": 8.81494808197,
        "max": 23.7147407532,
        "mean": 6.7623872757,
        "median": 6.0631814003,
        "min": 2.67361712456,
        "var": 7.63125085831
    },
    "erbbands_flatness_db": {
        "dmean": 0.0108309108764,
        "dmean2": 0.0175893288106,
        "dvar": 9.8499986052e-05,
        "dvar2": 0.00023330723343,
        "max": 0.316825330257,
        "mean": 0.14461697638,
        "median": 0.125567451119,
        "min": 0.0580964870751,
        "var": 0.00306168315001
    },
    "erbbands_kurtosis": {
        "dmean": 1.00408399105,
        "dmean2": 1.67267990112,
        "dvar": 0.855572044849,
        "dvar2": 2.39037466049,
        "max": 7.87148666382,
        "mean": 1.17574930191,
        "median": 0.981950044632,
        "min": -1.78334879875,
        "var": 1.89860463142
    },
    "erbbands_skewness": {
        "dmean": 0.265462189913,
        "dmean2": 0.439770430326,
        "dvar": 0.055626872927,
        "dvar2": 0.147657498717,
        "max": 2.7653336525,
        "mean": -0.805371105671,
        "median": -1.05719220638,
        "min": -2.46082854271,
        "var": 0.856813073158
    },
    "erbbands_spread": {
        "dmean": 8.9452123642,
        "dmean2": 14.9270534515,
        "dvar": 91.5792160034,
        "dvar2": 251.591156006,
        "max": 96.8323974609,
        "mean": 38.3643836975,
        "median": 35.3755073547,
        "min": 12.701874733,
        "var": 180.37399292
    },
    "hfc": {
        "dmean": 7.79174184799,
        "dmean2": 13.2976541519,
        "dvar": 130.416625977,
        "dvar2": 358.819854736,
        "max": 139.039978027,
        "mean": 31.2995643616,
        "median": 30.9798927307,
        "min": 1.19160197973e-16,
        "var": 322.805297852
    },
    "melbands_crest": {
        "dmean": 3.47096538544,
        "dmean2": 5.85013246536,
        "dvar": 9.29210186005,
        "dvar2": 26.2091350555,
        "max": 31.1031227112,
        "mean": 14.4085102081,
        "median": 14.0722436905,
        "min": 2.00062012672,
        "var": 19.8869361877
    },
    "melbands_flatness_db": {
        "dmean": 0.0283964462578,
        "dmean2": 0.0479657314718,
        "dvar": 0.000870171876159,
        "dvar2": 0.00228560622782,
        "max": 0.487741172314,
        "mean": 0.165104791522,
        "median": 0.138098224998,
        "min": 0.00525545794517,
        "var": 0.00857924483716
    },
    "melbands_kurtosis": {
        "dmean": 7.78222799301,
        "dmean2": 13.6390275955,
        "dvar": 166.916900635,
        "dvar2": 466.220672607,
        "max": 132.125305176,
        "mean": 11.9490718842,
        "median": 5.39950942993,
        "min": -1.70953607559,
        "var": 310.558197021
    },
    "melbands_skewness": {
        "dmean": 0.889524877071,
        "dmean2": 1.51077651978,
        "dvar": 1.09366416931,
        "dvar2": 2.90639925003,
        "max": 9.69914722443,
        "mean": 2.8260436058,
        "median": 2.48540949821,
        "min": -0.00110895070247,
        "var": 2.45544409752
    },
    "melbands_spread": {
        "dmean": 13.1645355225,
        "dmean2": 21.8540172577,
        "dvar": 188.060562134,
        "dvar2": 486.532073975,
        "max": 137.106185913,
        "mean": 43.5283470154,
        "median": 44.0093421936,
        "min": 1.30821061134,
        "var": 579.372436523
    },
    "pitch_salience": {
        "dmean": 0.0775724649429,
        "dmean2": 0.132402136922,
        "dvar": 0.00562418857589,
        "dvar2": 0.0159082822502,
        "max": 0.948651909828,
        "mean": 0.616487622261,
        "median": 0.63225954771,
        "min": 0.175184264779,
        "var": 0.0092432545498
    },
    "silence_rate_20dB": {
        "dmean": 0,
        "dmean2": 0,
        "dvar": 0,
        "dvar2": 0,
        "max": 1,
        "mean": 1,
        "median": 1,
        "min": 1,
        "var": 0
    },
    "silence_rate_30dB": {
        "dmean": 0.000773993786424,
        "dmean2": 0.00154858687893,
        "dvar": 0.000773394480348,
        "dvar2": 0.00232048076577,
        "max": 1,
        "mean": 0.999613165855,
        "median": 1,
        "min": 0,
        "var": 0.000386700616218
    },
    "silence_rate_60dB": {
        "dmean": 0.0189628489316,
        "dmean2": 0.0379403792322,
        "dvar": 0.0186023432761,
        "dvar2": 0.0465690307319,
        "max": 1,
        "mean": 0.0522243715823,
        "median": 0,
        "min": 0,
        "var": 0.0494935549796
    },
    "spectral_centroid": {
        "dmean": 265.947296143,
        "dmean2": 444.744445801,
        "dvar": 115734.757812,
        "dvar2": 257814.421875,
        "max": 11393.2949219,
        "mean": 2395.31445312,
        "median": 2649.22192383,
        "min": 222.988265991,
        "var": 622187.625
    },
    "spectral_complexity": {
        "dmean": 4.26315784454,
        "dmean2": 6.9190864563,
        "dvar": 15.9639987946,
        "dvar2": 40.611114502,
        "max": 61,
        "mean": 36.3775634766,
        "median": 40,
        "min": 0,
        "var": 179.312240601
    },
    "spectral_decrease": {
        "dmean": 3.31326210912e-09,
        "dmean2": 5.83924952835e-09,
        "dvar": 3.15756181071e-17,
        "dvar2": 8.69678108401e-17,
        "max": 3.93149197622e-29,
        "mean": -6.51599529888e-09,
        "median": -5.45208589386e-09,
        "min": -4.25241601931e-08,
        "var": 2.97532134862e-17
    },
    "spectral_energy": {
        "dmean": 0.0129744382575,
        "dmean2": 0.0228186920285,
        "dvar": 0.000470766070066,
        "dvar2": 0.00129598367494,
        "max": 0.166042655706,
        "mean": 0.0274318736047,
        "median": 0.0238519087434,
        "min": 1.0659798198e-20,
        "var": 0.000462825613795
    },
    "spectral_energyband_high": {
        "dmean": 0.000627790868748,
        "dmean2": 0.00106294616126,
        "dvar": 1.04249011201e-06,
        "dvar2": 2.82763335235e-06,
        "max": 0.0127253811806,
        "mean": 0.00207795226015,
        "median": 0.00187489169184,
        "min": 7.55479078405e-21,
        "var": 2.30765931519e-06
    },
    "spectral_energyband_low": {
        "dmean": 0.00922736153007,
        "dmean2": 0.0163036938757,
        "dvar": 0.000339947990142,
        "dvar2": 0.000950503221247,
        "max": 0.137743040919,
        "mean": 0.0128840729594,
        "median": 0.00882804952562,
        "min": 8.3839348146e-23,
        "var": 0.000287318078335
    },
    "spectral_energyband_middle_high": {
        "dmean": 0.00170815561432,
        "dmean2": 0.00290533504449,
        "dvar": 4.73876116303e-06,
        "dvar2": 1.28953870444e-05,
        "max": 0.0348556451499,
        "mean": 0.00643211603165,
        "median": 0.00604139827192,
        "min": 1.51633071104e-21,
        "var": 1.48966291817e-05
    },
    "spectral_energyband_middle_low": {
        "dmean": 0.00468480819836,
        "dmean2": 0.00823274161667,
        "dvar": 6.57936907373e-05,
        "dvar2": 0.000180535047548,
        "max": 0.0621834732592,
        "mean": 0.00737044168636,
        "median": 0.00514445686713,
        "min": 3.9975931531e-22,
        "var": 5.46747869521e-05
    },
    "spectral_entropy": {
        "dmean": 0.0832046493888,
        "dmean2": 0.139799460769,
        "dvar": 0.00783094018698,
        "dvar2": 0.0206825081259,
        "max": 9.78982257843,
        "mean": 7.81760549545,
        "median": 7.9775800705,
        "min": 5.81440353394,
        "var": 0.263242542744
    },
    "spectral_flux": {
        "dmean": 0.0273671988398,
        "dmean2": 0.0432662181556,
        "dvar": 0.0014625802869,
        "dvar2": 0.00263545918278,
        "max": 0.368119955063,
        "mean": 0.0949894487858,
        "median": 0.0825489386916,
        "min": 1.03246300398e-10,
        "var": 0.00286438269541
    },
    "spectral_kurtosis": {
        "dmean": 1.72301697731,
        "dmean2": 3.08147668839,
        "dvar": 12.1941137314,
        "dvar2": 39.3421821594,
        "max": 38.4964904785,
        "mean": 4.69538068771,
        "median": 3.28161811829,
        "min": -1.21485006809,
        "var": 25.9540462494
    },
    "spectral_rms": {
        "dmean": 0.0010247171158,
        "dmean2": 0.00175742886495,
        "dvar": 1.950468004e-06,
        "dvar2": 5.24415600012e-06,
        "max": 0.0127276405692,
        "mean": 0.00482418993488,
        "median": 0.00482391472906,
        "min": 3.22487262588e-12,
        "var": 3.49001766153e-06
    },
    "spectral_rolloff": {
        "dmean": 667.305236816,
        "dmean2": 1131.53845215,
        "dvar": 865590,
        "dvar2": 1986825.625,
        "max": 19164.5507812,
        "mean": 2784.59814453,
        "median": 3273.046875,
        "min": 86.1328125,
        "var": 1882004.5
    },
    "spectral_skewness": {
        "dmean": 0.201918333769,
        "dmean2": 0.353456705809,
        "dvar": 0.0850959569216,
        "dvar2": 0.271624624729,
        "max": 4.47234678268,
        "mean": 1.15753626823,
        "median": 1.06593477726,
        "min": -0.297541707754,
        "var": 0.32088264823
    },
    "spectral_spread": {
        "dmean": 346804.96875,
        "dmean2": 544504,
        "dvar": 552573992960,
        "dvar2": 803677929472,
        "max": 40121036,
        "mean": 3923940.75,
        "median": 4035305.75,
        "min": 1445440.25,
        "var": 1.57439819776e+12
    },
    "spectral_strongpeak": {
        "dmean": 0.261270642281,
        "dmean2": 0.463022142649,
        "dvar": 0.370858460665,
        "dvar2": 1.01616585255,
        "max": 10.741607666,
        "mean": 0.351683616638,
        "median": 0.221517905593,
        "min": 0,
        "var": 0.342639267445
    },
    "zerocrossingrate": {
        "dmean": 0.0108553767204,
        "dmean2": 0.0136788692325,
        "dvar": 0.000156716036145,
        "dvar2": 0.000214810366742,
        "max": 0.50244140625,
        "mean": 0.0880236029625,
        "median": 0.091796875,
        "min": 0.00830078125,
        "var": 0.00118062947877
    },
    "barkbands": {
        "dmean": [0.000222232440137, 0.00583570683375, 0.00373740284704, 0.00197538896464, 0.00258656195365, 0.000423951423727, 0.00026929975138, 0.000268722273177, 0.00035850709537, 0.000235801577219, 0.000131094420794, 0.000136766408104, 0.000193180661881, 0.000272989447694, 0.00020099178073, 0.00036943575833, 0.000438283343101, 0.000344998319633, 0.000596319907345, 0.00040612576413, 0.000293757417239, 0.000170657556737, 8.91381423571e-05, 5.33340753464e-05, 4.15203685407e-05, 2.61340210272e-05, 1.10457881419e-06],
        "dmean2": [0.000353278621333, 0.0103182774037, 0.00689178099856, 0.0034877427388, 0.00461346935481, 0.000714945432264, 0.000468014739454, 0.000439541676315, 0.000558624335099, 0.000390964385588, 0.000219211666263, 0.000229591547395, 0.00032369865221, 0.000452947570011, 0.000335601042025, 0.000614457356278, 0.000751924992073, 0.000593457079958, 0.00103113311343, 0.000705570506398, 0.000512330792844, 0.000295925012324, 0.000147899409058, 8.47168339533e-05, 6.28975612926e-05, 4.0421509766e-05, 1.8920710545e-06],
        "dvar": [1.10492138106e-07, 0.000143293989822, 6.3675804995e-05, 8.07566357253e-06, 3.08352064167e-05, 1.01945067854e-06, 1.87884481306e-07, 2.37399703451e-07, 9.66478410191e-07, 1.05973938958e-07, 1.93857886188e-07, 6.11714838783e-08, 1.47108480064e-07, 2.71161866294e-07, 1.41154458788e-07, 2.68622812882e-07, 2.21127749001e-07, 1.59934970156e-07, 4.93126265155e-07, 2.36649256635e-07, 1.93881433574e-07, 8.58774882317e-08, 2.7172506023e-08, 7.89877319107e-09, 5.02393460167e-09, 1.89474924639e-09, 3.89572055171e-12],
        "dvar2": [2.49009332265e-07, 0.000394700677134, 0.00018866690516, 2.31237027037e-05, 8.48353010952e-05, 2.86509703074e-06, 5.30083013928e-07, 5.77394644097e-07, 1.95241682377e-06, 2.78061634162e-07, 3.48460332589e-07, 1.54159749854e-07, 3.8032521843e-07, 6.81007804815e-07, 3.73900036266e-07, 7.29733073968e-07, 6.08935977198e-07, 4.47384707059e-07, 1.37951178658e-06, 6.66395351345e-07, 5.43433600342e-07, 2.36328332903e-07, 7.20889943295e-08, 1.8046046435e-08, 1.12295310828e-08, 4.52496262682e-09, 1.02847287978e-11],
        "max": [0.00365600199439, 0.103680878878, 0.0577157586813, 0.0232872292399, 0.0451914928854, 0.0311720632017, 0.00473625259474, 0.00879140850157, 0.0229375679046, 0.00499422103167, 0.0180517826229, 0.00385727570392, 0.009720842354, 0.00812220945954, 0.00492681795731, 0.00645607663319, 0.00639419769868, 0.00438731582835, 0.00877519138157, 0.00699418131262, 0.00655567320064, 0.00364838447422, 0.0024241884239, 0.00218176748604, 0.0012774184579, 0.000587664544582, 4.41018419224e-05],
        "mean": [0.000334519572789, 0.00684907427058, 0.00447301240638, 0.00249336333945, 0.00266776117496, 0.000652864109725, 0.000384979881346, 0.000403053156333, 0.000633483054116, 0.00044128659647, 0.00020502168627, 0.000231458077906, 0.000310890347464, 0.000468301906949, 0.000335388147505, 0.000688239058945, 0.000930332462303, 0.00077960541239, 0.00145866512321, 0.0010541145457, 0.000703812402207, 0.000371101865312, 0.000245395029197, 0.000151454427396, 0.000108155349153, 5.5463919125e-05, 1.0561631143e-06],
        "median": [0.00017109743203, 0.00378410005942, 0.00307694240473, 0.00174059986603, 0.00137831328902, 0.000438663089881, 0.000275071390206, 0.000232915641391, 0.000267400348093, 0.000238285880187, 0.000132028886583, 0.000130342305056, 0.000174300657818, 0.000254483224126, 0.000185234195669, 0.000524857663549, 0.000850510492455, 0.00070677412441, 0.00134211208206, 0.000979705830105, 0.000623194267973, 0.00029415890458, 0.000170884813997, 0.000108441767225, 7.70076439949e-05, 3.47298446286e-05, 3.18343779782e-07],
        "min": [4.34122714809e-23, 3.73259634725e-23, 1.37135974194e-23, 2.720865828e-23, 6.11831619738e-23, 3.24325046607e-23, 8.35959687795e-23, 4.1800682294e-23, 1.09504988184e-22, 9.48355958482e-23, 1.63559719029e-22, 7.0641459077e-23, 7.92241331972e-23, 8.76087906084e-23, 1.62394565161e-22, 1.33550730753e-22, 8.58610534957e-23, 1.4095035964e-22, 3.8784736418e-22, 2.65106034691e-22, 2.99427492033e-22, 5.11957247433e-22, 5.38986727003e-22, 8.51563962345e-22, 1.33042520052e-21, 1.72899105132e-21, 2.56815770482e-21],
        "var": [2.15135969484e-07, 0.000119871561765, 4.20523101639e-05, 6.99791735315e-06, 2.16109328903e-05, 8.56612928146e-07, 1.74741742853e-07, 3.37283040608e-07, 3.15833813147e-06, 2.70519478818e-07, 3.19820230743e-07, 1.25234734583e-07, 2.06861827223e-07, 5.65928644392e-07, 2.37412052684e-07, 4.53776038967e-07, 4.07140532843e-07, 2.97607272159e-07, 9.49428169861e-07, 4.79377547435e-07, 2.96210629358e-07, 1.31489287014e-07, 7.26181639266e-08, 2.47017268862e-08, 1.22355068299e-08, 3.96527699564e-09, 4.26499981165e-12]
    },
    "erbbands": {
        "dmean": [0.141301110387, 1.48480248451, 4.22276306152, 5.21475076675, 10.8776512146, 6.2393989563, 3.39152526855, 3.65204548836, 3.5252122879, 4.739569664, 5.13068914413, 7.13424396515, 9.08233261108, 5.32363939285, 5.51935386658, 4.74859714508, 8.55947589874, 12.8911523819, 9.75673961639, 11.5275039673, 22.783706665, 25.1465473175, 16.9247055054, 28.8648147583, 25.7015838623, 18.2480316162, 14.3351860046, 9.77754878998, 6.14723491669, 3.72725152969, 2.56090474129, 1.42189514637, 0.802901685238, 0.510006904602, 0.306988507509, 0.14904153347, 0.0409723445773, 0.0058239675127, 0.000116383882414, 1.68430105987e-05],
        "dmean2": [0.249396786094, 2.64496707916, 7.79778528214, 9.34718322754, 19.4918994904, 11.1667728424, 5.7767624855, 6.24738168716, 6.17869853973, 7.94405651093, 8.43389987946, 11.2987442017, 14.1727838516, 9.04288959503, 8.96737575531, 7.94247770309, 14.3050336838, 21.6172885895, 16.1955070496, 19.2546215057, 37.6129493713, 43.1833534241, 29.0241031647, 49.4934768677, 44.4331169128, 31.4444541931, 24.9923324585, 17.1109466553, 10.6479539871, 6.2331237793, 4.24940872192, 2.2752802372, 1.25532662868, 0.792502224445, 0.467055052519, 0.230557307601, 0.0633950531483, 0.00940748304129, 0.000187499419553, 2.91944488708e-05],
        "dvar": [0.0776218995452, 9.42310523987, 82.6619720459, 67.6868133545, 474.996185303, 178.731079102, 24.3154239655, 121.738174438, 32.116771698, 64.385597229, 83.9050674438, 510.649902344, 323.987426758, 58.9756088257, 355.89276123, 61.3781700134, 310.514373779, 714.030212402, 266.146179199, 418.113677979, 1038.92651367, 733.555053711, 413.589782715, 1259.61730957, 856.704833984, 471.764465332, 389.482910156, 229.236328125, 118.549171448, 53.0689277649, 21.933221817, 5.50701904297, 1.72410404682, 0.774303913116, 0.267362743616, 0.0643928125501, 0.00482097314671, 0.000102207355667, 3.86198131253e-08, 6.63847865567e-10],
        "dvar2": [0.21560421586, 26.1857948303, 244.737060547, 194.988449097, 1311.9050293, 496.920043945, 64.4618835449, 353.594329834, 90.2079238892, 166.918746948, 217.066436768, 1126.15588379, 606.276062012, 157.545181274, 601.571838379, 158.715103149, 818.519470215, 1863.05859375, 699.883239746, 1105.1072998, 2799.57006836, 2013.24047852, 1185.65661621, 3630.45141602, 2401.80200195, 1343.87145996, 1099.94970703, 631.092407227, 325.110595703, 145.751022339, 59.42395401, 12.940621376, 4.13502168655, 1.71661996841, 0.623146593571, 0.155958980322, 0.0116819320247, 0.00024553926778, 9.223340669e-08, 1.77951653413e-09],
        "max": [2.52658057213, 26.8756484985, 71.2570877075, 66.1023712158, 162.200012207, 131.605621338, 86.8452758789, 369.356781006, 72.5514526367, 134.836929321, 187.011917114, 579.717346191, 537.418945312, 115.26399231, 799.529846191, 134.293884277, 471.331390381, 469.183013916, 270.445587158, 343.299041748, 413.326049805, 311.310089111, 231.7447052, 566.461425781, 381.876037598, 277.237518311, 242.893951416, 245.119308472, 123.51285553, 124.872772217, 82.899520874, 47.4526557922, 33.3409347534, 21.436460495, 8.8646402359, 4.0440030098, 0.947573959827, 0.235382542014, 0.00458861095831, 0.000195006272406],
        "mean": [0.167857915163, 1.6331101656, 4.97835350037, 7.19477367401, 11.0392417908, 6.71098566055, 4.93845558167, 5.53362417221, 5.28755187988, 7.37375545502, 8.02962684631, 12.3899469376, 18.5753574371, 10.0231838226, 9.70257472992, 8.90925121307, 14.4274282455, 22.3601207733, 18.1578407288, 22.1045055389, 45.494052887, 54.8899612427, 41.3188514709, 69.4409179688, 67.7102203369, 48.3836021423, 34.86328125, 22.5898151398, 13.4370737076, 9.11085128784, 6.79325866699, 3.89803791046, 2.21295309067, 1.35315704346, 0.705120027065, 0.320974677801, 0.0827610269189, 0.0101392753422, 0.000224415663979, 4.47573584097e-05],
        "median": [0.0843136534095, 0.847320854664, 3.23665952682, 5.25518369675, 5.51370382309, 3.59701871872, 3.27633428574, 3.77973771095, 3.87993550301, 5.17287826538, 4.760222435, 5.57917928696, 9.50108718872, 6.79531812668, 5.82342290878, 5.7413110733, 8.28903961182, 12.3072605133, 10.4837007523, 14.6537637711, 35.6389884949, 49.8588562012, 38.8618965149, 62.9768714905, 62.8382034302, 45.4526786804, 31.9373817444, 19.3422813416, 10.4911403656, 6.86101388931, 4.60248184204, 2.67279005051, 1.67080056667, 1.02134597301, 0.462953209877, 0.204756721854, 0.0502245984972, 0.0061208945699, 0.000147573940922, 4.03637786803e-05],
        "min": [2.14378194079e-21, 4.79490347806e-21, 1.17318129628e-20, 6.55818516435e-20, 6.93994452668e-20, 2.4642519534e-19, 2.51837076196e-19, 3.97614295022e-19, 1.03214707615e-18, 1.33498999592e-18, 6.70708594642e-19, 2.17854516569e-18, 3.53321016947e-18, 5.01060726946e-18, 5.13651739358e-18, 2.77412099699e-18, 3.25560670154e-18, 4.34963288457e-18, 4.12005180069e-18, 1.1868117768e-17, 6.88478222978e-18, 4.98300714755e-18, 7.07876849113e-18, 1.34633719753e-17, 1.98565152721e-17, 1.27045826558e-17, 1.23676116081e-17, 1.37875812805e-17, 1.86901442863e-17, 1.08444271661e-17, 1.97844926562e-17, 1.92052627409e-17, 1.3710069494e-17, 1.36171804199e-17, 9.34854961043e-18, 5.87614341984e-18, 3.35253055584e-18, 1.32039377363e-18, 3.53072066602e-19, 3.39768475574e-20],
        "var": [0.0690912678838, 7.4345126152, 55.1831855774, 55.7508773804, 336.448974609, 123.676704407, 29.7190093994, 83.8063049316, 29.87940979, 74.2089309692, 114.558174133, 1235.6114502, 1292.10424805, 108.982009888, 640.560974121, 131.769104004, 422.416259766, 1541.78405762, 521.452392578, 762.125854492, 1846.46069336, 1395.93005371, 735.827697754, 2310.29418945, 1915.67993164, 960.885864258, 633.624694824, 342.529785156, 177.473022461, 92.4056472778, 58.5607185364, 18.9306373596, 4.53540039062, 1.84127652645, 0.587419688702, 0.130880966783, 0.00951771903783, 0.000174738277565, 7.02871219005e-08, 9.274575552e-10]
    },
    "gfcc": {
        "mean": [16.8865032196, 73.489364624, -122.181549072, 61.0042419434, -44.893951416, 3.69522929192, -33.5883483887, 15.7432479858, -31.271478653, 1.56322216988, -23.5171489716, -3.19680213928, -13.9928178787],
        "cov": [[14424.6162109, -3613.35253906, 86.8937683105, 1604.51818848, -901.010620117, 2227.77368164, 20.0000610352, 1072.4786377, 87.812461853, 675.128540039, -39.9386100769, 582.137084961, -479.627502441], [-3613.35253906, 2099.47924805, -255.082336426, -666.200500488, 503.492370605, -1073.19689941, 27.3910331726, -492.574554443, -112.893745422, -337.642303467, -34.5631637573, -290.131134033, 202.472808838], [86.8937683105, -255.082336426, 471.623779297, 67.2000808716, 24.3756980896, 264.621948242, -36.618019104, 85.973236084, -10.4814586639, 50.4246826172, 9.11761760712, 65.1360931396, -35.7650680542], [1604.51818848, -666.200500488, 67.2000808716, 394.066864014, -139.015106201, 363.669586182, 19.2540283203, 174.07661438, 54.4883422852, 125.100753784, 31.1258773804, 106.071784973, -56.6478271484], [-901.010620117, 503.492370605, 24.3756980896, -139.015106201, 229.039154053, -207.668579102, 35.4198799133, -85.3138580322, -32.8839607239, -67.8203125, -3.33392119408, -63.4639320374, 47.404712677], [2227.77368164, -1073.19689941, 264.621948242, 363.669586182, -207.668579102, 753.100708008, 28.5024433136, 309.936035156, 59.8701400757, 183.848922729, 33.9520149231, 161.984817505, -120.452667236], [20.0000610352, 27.3910331726, -36.618019104, 19.2540283203, 35.4198799133, 28.5024433136, 83.4232559204, 36.5287628174, 15.445555687, 8.32107925415, 14.2875766754, 1.84518277645, -1.62529218197], [1072.4786377, -492.574554443, 85.973236084, 174.07661438, -85.3138580322, 309.936035156, 36.5287628174, 213.511734009, 47.9224700928, 98.6083145142, 17.9824199677, 72.0622177124, -52.721321106], [87.812461853, -112.893745422, -10.4814586639, 54.4883422852, -32.8839607239, 59.8701400757, 15.445555687, 47.9224700928, 60.0157699585, 36.5210838318, 13.0730638504, 10.1680440903, -5.24451446533], [675.128540039, -337.642303467, 50.4246826172, 125.100753784, -67.8203125, 183.848922729, 8.32107925415, 98.6083145142, 36.5210838318, 97.3554611206, 24.9673976898, 56.6291465759, -34.6878318787], [-39.9386100769, -34.5631637573, 9.11761760712, 31.1258773804, -3.33392119408, 33.9520149231, 14.2875766754, 17.9824199677, 13.0730638504, 24.9673976898, 41.3327445984, 23.2468261719, 1.71518015862], [582.137084961, -290.131134033, 65.1360931396, 106.071784973, -63.4639320374, 161.984817505, 1.84518277645, 72.0622177124, 10.1680440903, 56.6291465759, 23.2468261719, 77.8584594727, -17.8478507996], [-479.627502441, 202.472808838, -35.7650680542, -56.6478271484, 47.404712677, -120.452667236, -1.62529218197, -52.721321106, -5.24451446533, -34.6878318787, 1.71518015862, -17.8478507996, 52.2103042603]],
        "icov": [[0.00044910327415, -0.00118715560529, 0.00108787242789, -0.00121996074449, 0.000442009128164, -0.00134183140472, 0.00123576610349, -0.00110027031042, 0.00149815308396, -0.0018141673645, 0.00318208476529, -0.00234336941503, 0.00162103283219], [-0.00118715560529, 0.0088218562305, -0.0035040488001, 0.00500705605373, -0.00530896568671, 0.00677949236706, -0.00586264161393, 0.00509876897559, -0.00421305978671, 0.00907025951892, -0.0130895739421, 0.0111467894167, -0.00681416178122], [0.00108787242789, -0.0035040488001, 0.00696265185252, -0.00240116659552, -0.00219591869973, -0.00588491326198, 0.00747863948345, -0.00299130450003, 0.00315028335899, -0.00422240560874, 0.00831065420061, -0.0092737423256, 0.00544384447858], [-0.00121996074449, 0.00500705605373, -0.00240116659552, 0.00961005873978, -0.00237896176986, 0.00308477715589, -0.00405500875786, 0.00335298827849, -0.00566386524588, 0.00422168616205, -0.00967730861157, 0.00471168197691, -0.00514175742865], [0.000442009128164, -0.00530896568671, -0.00219591869973, -0.00237896176986, 0.0152338808402, -0.00133956584614, -0.00493009807542, -0.00303830695339, 0.00694985920563, -0.00647228350863, 0.00429194560274, 0.00203978270292, -0.00262599950656], [-0.00134183140472, 0.00677949236706, -0.00588491326198, 0.00308477715589, -0.00133956584614, 0.0125748775899, -0.00731598678976, 0.000551327946596, -0.00416636373848, 0.00735361874104, -0.011645427905, 0.00673268549144, -0.00159444788005], [0.00123576610349, -0.00586264161393, 0.00747863948345, -0.00405500875786, -0.00493009807542, -0.00731598678976, 0.025941863656, -0.00859085470438, -0.000126352912048, -0.00240623322316, 0.00543055543676, -0.0110793849453, 0.00896439794451], [-0.00110027031042, 0.00509876897559, -0.00299130450003, 0.00335298827849, -0.00303830695339, 0.000551327946596, -0.00859085470438, 0.019154375419, -0.00824016518891, 0.000973930524196, -0.00552138546482, 0.00525168888271, -0.00339084328152], [0.00149815308396, -0.00421305978671, 0.00315028335899, -0.00566386524588, 0.00694985920563, -0.00416636373848, -0.000126352912048, -0.00824016518891, 0.0351406894624, -0.0180902481079, 0.00581583566964, 0.0058728614822, -0.00480568781495], [-0.0018141673645, 0.00907025951892, -0.00422240560874, 0.00422168616205, -0.00647228350863, 0.00735361874104, -0.00240623322316, 0.000973930524196, -0.0180902481079, 0.0456588342786, -0.0252318568528, 0.0011797476327, 0.00334818055853], [0.00318208476529, -0.0130895739421, 0.00831065420061, -0.00967730861157, 0.00429194560274, -0.011645427905, 0.00543055543676, -0.00552138546482, 0.00581583566964, -0.0252318568528, 0.0637159794569, -0.0328822508454, 0.00950352661312], [-0.00234336941503, 0.0111467894167, -0.0092737423256, 0.00471168197691, 0.00203978270292, 0.00673268549144, -0.0110793849453, 0.00525168888271, 0.0058728614822, 0.0011797476327, -0.0328822508454, 0.0588065832853, -0.0247996840626], [0.00162103283219, -0.00681416178122, 0.00544384447858, -0.00514175742865, -0.00262599950656, -0.00159444788005, 0.00896439794451, -0.00339084328152, -0.00480568781495, 0.00334818055853, 0.00950352661312, -0.0247996840626, 0.0471334159374]]
    },
    "melbands": {
        "dmean": [0.0014381603105, 0.00212495261803, 0.00106378388591, 0.000669043802191, 0.000125363469124, 7.99267290859e-05, 5.43029273103e-05, 5.54656035092e-05, 4.01307115681e-05, 4.95642198075e-05, 4.66247511213e-05, 2.37502663367e-05, 1.82239145943e-05, 1.66602840181e-05, 1.45407930177e-05, 2.20963502215e-05, 2.54855585808e-05, 1.70822604559e-05, 1.61972729984e-05, 1.83965494216e-05, 2.9468897992e-05, 2.84422676486e-05, 2.1567562726e-05, 1.5057512428e-05, 2.67858813459e-05, 2.37611693592e-05, 1.90450955415e-05, 1.2145735127e-05, 9.68445601757e-06, 7.97140455688e-06, 5.63359435546e-06, 4.10209304391e-06, 2.97045903608e-06, 1.99180840355e-06, 1.66278061897e-06, 1.36740322887e-06, 7.93490642081e-07, 6.23055711912e-07, 5.22326388364e-07, 4.46474956561e-07],
        "dmean2": [0.0025184082333, 0.00386522104964, 0.00190509518143, 0.00119462807197, 0.000217346474528, 0.000135668087751, 9.49844834395e-05, 9.21334940358e-05, 6.6044201958e-05, 7.76685265009e-05, 7.27638107492e-05, 4.05443461204e-05, 3.00679184875e-05, 2.75234306173e-05, 2.47645384661e-05, 3.65064734069e-05, 4.28178500442e-05, 2.83177614619e-05, 2.70416821877e-05, 3.13722848659e-05, 4.8702237109e-05, 4.9128637329e-05, 3.70779052901e-05, 2.5913990612e-05, 4.60383744212e-05, 4.09349995607e-05, 3.29572030751e-05, 2.10131838685e-05, 1.67654452525e-05, 1.39437843245e-05, 9.7835836641e-06, 7.12771498002e-06, 5.10455720359e-06, 3.32554600391e-06, 2.77049502984e-06, 2.29465422308e-06, 1.28731358018e-06, 9.9135831988e-07, 8.26039411095e-07, 6.98915414432e-07],
        "dvar": [8.49727894092e-06, 2.02155406441e-05, 2.68082862931e-06, 2.11659585148e-06, 3.38810721701e-08, 4.97269851962e-08, 7.46018447018e-09, 8.88150619716e-09, 5.85123505203e-09, 2.00203018608e-08, 8.28811952402e-09, 1.15351095342e-09, 4.63858551569e-09, 1.07380671022e-09, 8.76555106277e-10, 1.81761194984e-09, 2.59215759968e-09, 8.15553014011e-10, 9.72051772408e-10, 8.7876078636e-10, 1.63343050197e-09, 1.01769948024e-09, 5.98773808314e-10, 3.10128478453e-10, 1.12428044652e-09, 7.0030486965e-10, 5.25581966837e-10, 2.12720549508e-10, 1.62440366713e-10, 1.46862771944e-10, 7.48923839611e-11, 4.54641359282e-11, 3.01156495575e-11, 1.58487702129e-11, 9.37988662436e-12, 5.18903800137e-12, 1.74608938419e-12, 9.16193986997e-13, 9.74136027919e-13, 5.42456541925e-13],
        "dvar2": [2.33164792007e-05, 5.86386959185e-05, 7.61248065828e-06, 5.84250938118e-06, 9.29084364998e-08, 1.43300056266e-07, 2.10544897072e-08, 2.20942908413e-08, 1.52489665339e-08, 4.22253663146e-08, 1.55659254375e-08, 3.12366466027e-09, 8.13080092144e-09, 2.59755017495e-09, 2.38467356972e-09, 4.5713184349e-09, 6.75393385663e-09, 2.07190931079e-09, 2.57142196425e-09, 2.40313502431e-09, 4.39858727219e-09, 2.78627054762e-09, 1.68048974736e-09, 8.58601467701e-10, 3.24365601045e-09, 1.95043581286e-09, 1.46952516822e-09, 6.03580296854e-10, 4.64125432531e-10, 4.1337760992e-10, 2.05210834436e-10, 1.25002230789e-10, 8.43082617608e-11, 4.3286329382e-11, 2.57999420439e-11, 1.34262757162e-11, 4.15306981513e-12, 2.28924561599e-12, 2.35747380818e-12, 1.20811965033e-12],
        "max": [0.0268497243524, 0.0350261628628, 0.0129988240078, 0.0121723040938, 0.00227406318299, 0.00734430644661, 0.000964656239375, 0.00141946447548, 0.0012552383123, 0.00326403323561, 0.00269717397168, 0.000540762557648, 0.00283520505764, 0.000551203556824, 0.000888151931576, 0.000689140346367, 0.000800308829639, 0.000570878968574, 0.000456078181742, 0.00058024196187, 0.00047335223644, 0.000381132849725, 0.000306261121295, 0.000196500899619, 0.000574089295696, 0.000282928376691, 0.000336731929565, 0.000205947726499, 0.00015523674665, 0.000187924772035, 0.000122161975014, 7.96159074525e-05, 6.68563006911e-05, 8.33823360153e-05, 5.38569947821e-05, 4.21372678829e-05, 2.95919999189e-05, 1.90034515981e-05, 2.95425816148e-05, 1.46015527207e-05],
        "mean": [0.00171054073144, 0.00254604266956, 0.00140996801201, 0.000673393253237, 0.000182568997843, 0.000123234611237, 8.0756683019e-05, 8.76943813637e-05, 6.17290716036e-05, 8.63607201609e-05, 9.44434796111e-05, 4.250478014e-05, 3.0323779356e-05, 2.84577727143e-05, 2.31263729802e-05, 3.70740381186e-05, 4.17957999161e-05, 2.9767415981e-05, 2.69141855824e-05, 3.41802806361e-05, 5.56993654754e-05, 5.70830961806e-05, 4.46420672233e-05, 3.41437043971e-05, 5.92048854742e-05, 5.43670321349e-05, 4.39925061073e-05, 2.87909624603e-05, 2.19811518036e-05, 1.72445743374e-05, 1.18475982163e-05, 7.97538177721e-06, 6.01915826337e-06, 4.64472532258e-06, 4.00865246775e-06, 3.32628133037e-06, 1.99400892598e-06, 1.54647159434e-06, 1.34979688937e-06, 1.06316042547e-06],
        "median": [0.000921545142774, 0.00159703998361, 0.00100097747054, 0.000334323849529, 0.000124011668959, 8.51181757753e-05, 5.99384002271e-05, 5.89956325712e-05, 3.50349509972e-05, 3.68740438716e-05, 4.66462915938e-05, 2.67979139608e-05, 1.87624937098e-05, 1.4837355593e-05, 1.56758105732e-05, 1.83428564924e-05, 2.32650672842e-05, 1.66556546901e-05, 1.4899243979e-05, 2.57804149442e-05, 4.27455997851e-05, 5.10140998813e-05, 4.05763021263e-05, 3.09037095576e-05, 5.31932273589e-05, 4.93393417855e-05, 3.95603092329e-05, 2.63741658273e-05, 1.99595269805e-05, 1.50057867359e-05, 9.62207104749e-06, 5.93495406065e-06, 4.4809657993e-06, 3.36124389833e-06, 2.66912365987e-06, 2.11994984056e-06, 1.35936795687e-06, 1.14308807042e-06, 1.01806347175e-06, 7.76852573381e-07],
        "min": [1.57751386671e-23, 5.62233867812e-24, 1.07442019099e-23, 1.03967757343e-23, 1.05740745893e-23, 8.48542098119e-24, 1.60564606654e-23, 1.40409147416e-23, 5.34041359566e-24, 1.55471878422e-23, 1.69897509583e-23, 1.86568507093e-23, 2.09845110279e-23, 9.3092670787e-24, 5.81544748898e-24, 8.63208915614e-24, 7.92018794311e-24, 5.84196544274e-24, 1.42304464627e-23, 1.23172639189e-23, 7.37585419698e-24, 4.28424007295e-24, 6.54735618672e-24, 7.06521181656e-24, 1.07812365628e-23, 1.70250919268e-23, 1.00035033295e-23, 8.27812095708e-24, 7.48716168185e-24, 7.45669587369e-24, 8.77532736386e-24, 1.24772236113e-23, 6.93756781121e-24, 5.48442054833e-24, 1.15595819521e-23, 1.22640292185e-23, 1.07836157673e-23, 7.91666804575e-24, 1.24712937438e-23, 1.13052468854e-23],
        "var": [7.35524781703e-06, 1.44781397466e-05, 2.1571936486e-06, 1.45770093241e-06, 3.6016402305e-08, 3.61613388122e-08, 6.94555524205e-09, 1.15301928005e-08, 8.6947880007e-09, 5.77286023429e-08, 3.31013225718e-08, 2.19254481237e-09, 7.78581199512e-09, 2.30830199399e-09, 9.56556500675e-10, 3.76260755885e-09, 5.0817670072e-09, 1.66773306276e-09, 1.64538271896e-09, 1.27573096531e-09, 2.85643797504e-09, 1.70959268964e-09, 9.75449832019e-10, 5.70977487513e-10, 1.872435762e-09, 1.38769906677e-09, 9.68542468449e-10, 3.81560949503e-10, 2.55811288818e-10, 2.15226711453e-10, 1.09704904883e-10, 6.51594334045e-11, 4.36839626972e-11, 2.68709169499e-11, 2.1824915139e-11, 1.5773859649e-11, 4.95660370387e-12, 2.29915912697e-12, 1.95571813952e-12, 1.2163883182e-12]
    },
    "mfcc": {
        "mean": [-615.221862793, 90.8749084473, -9.30600070953, 50.8743171692, 9.56312942505, 1.20711362362, 6.76295042038, 5.75499153137, 2.83871865273, 3.455773592, -2.93807792664, -2.80997371674, -5.0172533989],
        "cov": [[10308.6601562, -2745.77783203, 359.665649414, 290.826751709, -182.46156311, 926.137878418, 469.97543335, 617.367919922, 390.754272461, 404.555664062, 508.819610596, 509.836395264, 431.410064697], [-2745.77783203, 1608.19238281, -271.298736572, 59.2736434937, 83.3762130737, -369.950195312, -142.887817383, -250.791503906, -148.644821167, -162.812545776, -214.982055664, -223.563293457, -205.107772827], [359.665649414, -271.298736572, 437.980743408, -127.062019348, 129.595474243, 125.114456177, 32.8140068054, 95.8678894043, -11.1555299759, 38.2507095337, 20.8984489441, 22.5514392853, 26.1757335663], [290.826751709, 59.2736434937, -127.062019348, 232.842422485, -24.3318462372, -14.5094718933, 8.56225967407, -31.9956226349, 29.3271007538, -24.1491012573, 10.9014730453, 26.0985908508, 19.8312034607], [-182.46156311, 83.3762130737, 129.595474243, -24.3318462372, 124.082321167, 18.6921100616, 15.8971281052, 16.8546295166, -11.2010602951, 10.9224081039, -19.7769527435, -12.5823078156, -13.968334198], [926.137878418, -369.950195312, 125.114456177, -14.5094718933, 18.6921100616, 185.587463379, 79.4740600586, 91.895652771, 36.085723877, 49.4209251404, 70.8171310425, 56.7254905701, 51.7913017273], [469.97543335, -142.887817383, 32.8140068054, 8.56225967407, 15.8971281052, 79.4740600586, 110.294525146, 76.7668914795, 36.3498077393, 31.6479320526, 43.7286262512, 51.2965774536, 33.8121147156], [617.367919922, -250.791503906, 95.8678894043, -31.9956226349, 16.8546295166, 91.895652771, 76.7668914795, 118.347206116, 45.8564872742, 55.2672653198, 47.5372047424, 51.3902397156, 40.5495910645], [390.754272461, -148.644821167, -11.1555299759, 29.3271007538, -11.2010602951, 36.085723877, 36.3498077393, 45.8564872742, 66.7378158569, 41.959022522, 34.4547042847, 39.2370948792, 29.9662322998], [404.555664062, -162.812545776, 38.2507095337, -24.1491012573, 10.9224081039, 49.4209251404, 31.6479320526, 55.2672653198, 41.959022522, 80.4764633179, 42.2289810181, 33.4616699219, 20.5582313538], [508.819610596, -214.982055664, 20.8984489441, 10.9014730453, -19.7769527435, 70.8171310425, 43.7286262512, 47.5372047424, 34.4547042847, 42.2289810181, 78.7794876099, 55.1803703308, 38.11926651], [509.836395264, -223.563293457, 22.5514392853, 26.0985908508, -12.5823078156, 56.7254905701, 51.2965774536, 51.3902397156, 39.2370948792, 33.4616699219, 55.1803703308, 84.1833496094, 55.764465332], [431.410064697, -205.107772827, 26.1757335663, 19.8312034607, -13.968334198, 51.7913017273, 33.8121147156, 40.5495910645, 29.9662322998, 20.5582313538, 38.11926651, 55.764465332, 68.2387771606]],
