{
"lowlevel": {
    "average_loudness": 0.971597313881,
    "barkbands_crest": {
        "dmean": 2.75274682045,
        "dmean2": 4.52071905136,
        "dvar": 8.61476230621,
        "dvar2": 22.7885093689,
        "max": 23.9255962372,
        "mean": 8.78495693207,
        "median": 8.04765892029,
        "min": 2.77875542641,
        "var": 13.5146341324
    },
    "barkbands_flatness_db": {
        "dmean": 0.0207861475646,
        "dmean2": 0.0332536511123,
        "dvar": 0.000506100128405,
        "dvar2": 0.00129892770201,
        "max": 0.254350036383,
        "mean": 0.101645424962,
        "median": 0.0939357504249,
        "min": 0.036715336144,
        "var": 0.0012114897836
    },
    "barkbands_kurtosis": {
        "dmean": 2.17669487,
        "dmean2": 3.71438670158,
        "dvar": 19.6941814423,
        "dvar2": 53.8752861023,
        "max": 66.2741622925,
        "mean": 1.33018195629,
        "median": 0.000422239303589,
        "min": -1.87086331844,
        "var": 17.7280483246
    },
    "barkbands_skewness": {
        "dmean": 0.555698573589,
        "dmean2": 0.879965305328,
        "dvar": 0.455000966787,
        "dvar2": 1.1458748579,
        "max": 7.88324165344,
        "mean": 1.19083416462,
        "median": 1.08935832977,
        "min": -3.38547825813,
        "var": 1.05204582214
    },
    "barkbands_spread": {
        "dmean": 7.59828424454,
        "dmean2": 11.834356308,
        "dvar": 65.2776031494,
        "dvar2": 151.897872925,
        "max": 104.990692139,
        "mean": 36.8220367432,
        "median": 35.5632247925,
        "min": 4.27670097351,
        "var": 195.104904175
    },
    "dissonance": {
        "dmean": 0.00887386593968,
        "dmean2": 0.0150417704135,
        "dvar": 8.39105341583e-05,
        "dvar2": 0.000231926445849,
        "max": 0.500000059605,
        "mean": 0.481891661882,
        "median": 0.485177397728,
        "min": 0.382667154074,
        "var": 0.000171796229552
    },
    "dynamic_complexity": 1.72227013111,
    "erbbands_crest": {
        "dmean": 1.77135801315,
        "dmean2": 2.892993927,
        "dvar": 2.92865967751,
        "dvar2": 7.22485303879,
        "max": 30.1677188873,
        "mean": 6.69186544418,
        "median": 5.65403795242,
        "min": 2.63587999344,
        "var": 11.3910703659
    },
    "erbbands_flatness_db": {
        "dmean": 0.0101932119578,
        "dmean2": 0.0155742615461,
        "dvar": 0.000108014668513,
        "dvar2": 0.00023143873841,
        "max": 0.355275154114,
        "mean": 0.123386844993,
        "median": 0.113255769014,
        "min": 0.062366720289,
        "var": 0.00143174850382
    },
    "erbbands_kurtosis": {
        "dmean": 0.696156561375,
        "dmean2": 1.07718062401,
        "dvar": 0.996969103813,
        "dvar2": 2.20563817024,
        "max": 30.8000831604,
        "mean": 0.0132885249332,
        "median": -0.388080358505,
        "min": -1.69303119183,
        "var": 2.86675143242
    },
    "erbbands_skewness": {
        "dmean": 0.263510406017,
        "dmean2": 0.40206861496,
        "dvar": 0.0646830424666,
        "dvar2": 0.136779993773,
        "max": 1.27225148678,
        "mean": -0.515027701855,
        "median": -0.482239633799,
        "min": -4.48337459564,
        "var": 0.358391344547
    },
    "erbbands_spread": {
        "dmean": 8.75548839569,
        "dmean2": 13.9489946365,
        "dvar": 76.5903091431,
        "dvar2": 200.867919922,
        "max": 114.462646484,
        "mean": 49.4299697876,
        "median": 50.2296218872,
        "min": 3.55158352852,
        "var": 293.630462646
    },
    "hfc": {
        "dmean": 9.1105670929,
        "dmean2": 14.2579755783,
        "dvar": 252.268234253,
        "dvar2": 566.933410645,
        "max": 287.493743896,
        "mean": 33.4838752747,
        "median": 29.8711433411,
        "min": 1.08515564534e-06,
        "var": 519.742614746
    },
    "melbands_crest": {
        "dmean": 3.02584314346,
        "dmean2": 4.85178136826,
        "dvar": 7.45395565033,
        "dvar2": 18.5077056885,
        "max": 28.3324604034,
        "mean": 14.4652290344,
        "median": 14.2728099823,
        "min": 3.49771928787,
        "var": 25.4108867645
    },
    "melbands_flatness_db": {
        "dmean": 0.0264579486102,
        "dmean2": 0.0415570028126,
        "dvar": 0.000898731173947,
        "dvar2": 0.00222261925228,
        "max": 0.355160683393,
        "mean": 0.154633566737,
        "median": 0.145981252193,
        "min": 0.0333750136197,
        "var": 0.00220820307732
    },
    "melbands_kurtosis": {
        "dmean": 8.61124515533,
        "dmean2": 14.5784702301,
        "dvar": 298.593414307,
        "dvar2": 807.307067871,
        "max": 264.962554932,
        "mean": 13.0155029297,
        "median": 8.0548992157,
        "min": -1.79228508472,
        "var": 310.952697754
    },
    "melbands_skewness": {
        "dmean": 0.867126643658,
        "dmean2": 1.38591039181,
        "dvar": 1.23448753357,
        "dvar2": 3.12254261971,
        "max": 13.9978113174,
        "mean": 2.97344517708,
        "median": 2.80607175827,
        "min": -1.49257850647,
        "var": 2.91845369339
    },
    "melbands_spread": {
        "dmean": 10.0725917816,
        "dmean2": 15.3446998596,
        "dvar": 124.043052673,
        "dvar2": 280.918914795,
        "max": 181.66796875,
        "mean": 34.5668563843,
        "median": 31.4129543304,
        "min": 1.82759535313,
        "var": 418.121337891
    },
    "pitch_salience": {
        "dmean": 0.0762279927731,
        "dmean2": 0.125698372722,
        "dvar": 0.0058421860449,
        "dvar2": 0.0156973544508,
        "max": 0.864487707615,
        "mean": 0.569330811501,
        "median": 0.581189155579,
        "min": 0.187060773373,
        "var": 0.0109571227804
    },
    "silence_rate_20dB": {
        "dmean": 0,
        "dmean2": 0,
        "dvar": 0,
        "dvar2": 0,
        "max": 1,
        "mean": 1,
        "median": 1,
        "min": 1,
        "var": 0
    },
    "silence_rate_30dB": {
        "dmean": 0.0178018584847,
        "dmean2": 0.0356175005436,
        "dvar": 0.0174847636372,
        "dvar2": 0.0498337857425,
        "max": 1,
        "mean": 0.989941954613,
        "median": 1,
        "min": 0,
        "var": 0.00995679851621
    },
    "silence_rate_60dB": {
        "dmean": 0.00735294120386,
        "dmean2": 0.0147115755826,
        "dvar": 0.00729829026386,
        "dvar2": 0.0160446185619,
        "max": 1,
        "mean": 0.0220502894372,
        "median": 0,
        "min": 0,
        "var": 0.0215623844415
    },
    "spectral_centroid": {
        "dmean": 291.384735107,
        "dmean2": 453.948760986,
        "dvar": 99289.171875,
        "dvar2": 210814.0625,
        "max": 11064.4941406,
        "mean": 2061.31640625,
        "median": 2030.88647461,
        "min": 590.690185547,
        "var": 277786.96875
    },
    "spectral_complexity": {
        "dmean": 4.68266248703,
        "dmean2": 7.49554777145,
        "dvar": 19.0773658752,
        "dvar2": 43.4153213501,
        "max": 59,
        "mean": 31.9667320251,
        "median": 33,
        "min": 0,
        "var": 91.7476959229
    },
    "spectral_decrease": {
        "dmean": 3.97596133794e-09,
        "dmean2": 6.78174316704e-09,
        "dvar": 4.70226006242e-17,
        "dvar2": 1.24447073227e-16,
        "max": -3.89623244336e-17,
        "mean": -8.49651904389e-09,
        "median": -7.11095182737e-09,
        "min": -6.34192147686e-08,
        "var": 4.47826021428e-17
    },
    "spectral_energy": {
        "dmean": 0.0155065171421,
        "dmean2": 0.0263328887522,
        "dvar": 0.000687534338795,
        "dvar2": 0.00182133354247,
        "max": 0.244281366467,
        "mean": 0.0351049527526,
        "median": 0.0299511216581,
        "min": 2.45479581107e-10,
        "var": 0.000669387751259
    },
    "spectral_energyband_high": {
        "dmean": 0.000866942922585,
        "dmean2": 0.00132927915547,
        "dvar": 3.28158716911e-06,
        "dvar2": 6.92871708452e-06,
        "max": 0.0368675217032,
        "mean": 0.00239895866252,
        "median": 0.00179210433271,
        "min": 1.09029334172e-10,
        "var": 7.4871823017e-06
    },
    "spectral_energyband_low": {
        "dmean": 0.01159738563,
        "dmean2": 0.020003458485,
        "dvar": 0.000608477101196,
        "dvar2": 0.00163173966575,
        "max": 0.224504366517,
        "mean": 0.0164666175842,
        "median": 0.0100653581321,
        "min": 5.72926038209e-13,
        "var": 0.000521836918779
    },
    "spectral_energyband_middle_high": {
        "dmean": 0.00169979268685,
        "dmean2": 0.00266935350373,
        "dvar": 5.03346473124e-06,
        "dvar2": 1.23524077935e-05,
        "max": 0.0431167222559,
        "mean": 0.00623599626124,
        "median": 0.0049800905399,
        "min": 1.29144570038e-10,
        "var": 1.70765324583e-05
    },
    "spectral_energyband_middle_low": {
        "dmean": 0.0056694787927,
        "dmean2": 0.00963359512389,
        "dvar": 8.36612307467e-05,
        "dvar2": 0.000225627503823,
        "max": 0.0776351466775,
        "mean": 0.011082764715,
        "median": 0.00894390419126,
        "min": 3.49289737758e-12,
        "var": 8.83389293449e-05
    },
    "spectral_entropy": {
        "dmean": 0.0866724550724,
        "dmean2": 0.134217172861,
        "dvar": 0.00866336748004,
        "dvar2": 0.0170841217041,
        "max": 9.81252765656,
        "mean": 7.94895029068,
        "median": 7.99082994461,
        "min": 6.66556358337,
        "var": 0.061324134469
    },
    "spectral_flux": {
        "dmean": 0.0318955294788,
        "dmean2": 0.0483339242637,
        "dvar": 0.00194391841069,
        "dvar2": 0.00361172738485,
        "max": 0.38351354003,
        "mean": 0.10118509829,
        "median": 0.0826838091016,
        "min": 1.56677888299e-05,
        "var": 0.00353850401007
    },
    "spectral_kurtosis": {
        "dmean": 0.82687664032,
        "dmean2": 1.40357089043,
        "dvar": 1.74800360203,
        "dvar2": 5.22679424286,
        "max": 34.3149833679,
        "mean": 2.98475408554,
        "median": 2.5816526413,
        "min": -1.19345796108,
        "var": 3.67678570747
    },
    "spectral_rms": {
        "dmean": 0.00109089002945,
        "dmean2": 0.00178904156201,
        "dvar": 2.27067243941e-06,
        "dvar2": 5.84858662478e-06,
        "max": 0.0154377222061,
        "mean": 0.00552542041987,
        "median": 0.00540560856462,
        "min": 4.89379488045e-07,
        "var": 3.71843134417e-06
    },
    "spectral_rolloff": {
        "dmean": 750.236694336,
        "dmean2": 1191.12011719,
        "dvar": 889932,
        "dvar2": 1897491.875,
        "max": 12295.4589844,
        "mean": 2323.83618164,
        "median": 2411.71875,
        "min": 86.1328125,
        "var": 2388386.5
    },
    "spectral_skewness": {
        "dmean": 0.135171324015,
        "dmean2": 0.225568622351,
        "dvar": 0.0263070389628,
        "dvar2": 0.0721295103431,
        "max": 3.51070976257,
        "mean": 1.13707995415,
        "median": 1.12304353714,
        "min": -0.0163398832083,
        "var": 0.0722005590796
    },
    "spectral_spread": {
        "dmean": 384239.03125,
        "dmean2": 565644.6875,
        "dvar": 740753080320,
        "dvar2": 899603169280,
        "max": 40431108,
        "mean": 4854223.5,
        "median": 4921588.5,
        "min": 1543921.125,
        "var": 1.65907136512e+12
    },
    "spectral_strongpeak": {
        "dmean": 0.461193978786,
        "dmean2": 0.787653803825,
        "dvar": 0.871085524559,
        "dvar2": 2.19726991653,
        "max": 16.1807479858,
        "mean": 0.770053088665,
        "median": 0.453310757875,
        "min": 0,
        "var": 1.45233500004
    },
    "zerocrossingrate": {
        "dmean": 0.0126595981419,
        "dmean2": 0.0152043942362,
        "dvar": 0.000189691738342,
        "dvar2": 0.000242558598984,
        "max": 0.33837890625,
        "mean": 0.0856175199151,
        "median": 0.08203125,
        "min": 0.01171875,
        "var": 0.00112556724343
    },
    "barkbands": {
        "dmean": [0.00019774401153, 0.00844743195921, 0.00405176123604, 0.00194194866344, 0.0033599473536, 0.000640242651571, 0.000439557537902, 0.000585009227507, 0.000508907949552, 0.000278617284494, 0.00022537332552, 0.00022375943081, 0.00022031791741, 0.000346387707395, 0.000335747696226, 0.000219212088268, 0.000422470766352, 0.000314545352012, 0.000314445293043, 0.000371220288798, 0.00029335875297, 0.000200253431103, 0.000173478329089, 0.000112754860311, 8.09391713119e-05, 6.08411974099e-05, 2.51973801824e-06],
        "dmean2": [0.000287136208499, 0.0147970542312, 0.00727143092081, 0.00342496321537, 0.00584861263633, 0.00103949266486, 0.000713412009645, 0.000934065959882, 0.00080234836787, 0.000449196057161, 0.000352980743628, 0.000358476710971, 0.000350182672264, 0.000557302788366, 0.000539804517757, 0.000354893127223, 0.000708695326466, 0.000511902500875, 0.000535633531399, 0.000617464946117, 0.000484113494167, 0.000332054885803, 0.000269425654551, 0.000166263562278, 0.000121808021504, 9.06999703147e-05, 4.11265045841e-06],
        "dvar": [1.78706457632e-07, 0.00036981437006, 6.74805851304e-05, 1.14585109259e-05, 4.02386031055e-05, 9.76959199761e-07, 6.35004880678e-07, 1.21984430734e-06, 1.0555326071e-06, 2.75571863995e-07, 2.8234805427e-07, 3.34430211524e-07, 3.37117114668e-07, 4.23644820557e-07, 2.98222545325e-07, 1.36297771292e-07, 2.17784958068e-07, 1.77397282641e-07, 2.29842413546e-07, 7.047424333e-07, 2.45968578838e-07, 1.78861753852e-07, 2.54476788086e-07, 1.10019442445e-07, 8.6863572335e-08, 5.89643249782e-08, 6.02965871677e-11],
        "dvar2": [3.34653378786e-07, 0.00100289005786, 0.000197635381483, 3.21819206874e-05, 0.000112176450784, 2.45169326263e-06, 1.60901709023e-06, 2.9009888749e-06, 2.58614659288e-06, 6.8686654231e-07, 6.55130065752e-07, 8.1415475961e-07, 7.90106071236e-07, 1.05181436538e-06, 7.09106871e-07, 2.85789468535e-07, 5.65256868867e-07, 4.03863822385e-07, 6.14395162302e-07, 1.61753530392e-06, 5.69725330024e-07, 4.50706977517e-07, 5.59835825698e-07, 2.10983770899e-07, 2.02750641165e-07, 1.44099118415e-07, 1.4723197661e-10],
        "max": [0.00564751075581, 0.161918535829, 0.102967120707, 0.0374370105565, 0.0568888112903, 0.0118023408577, 0.0137014416978, 0.0172394365072, 0.0173676460981, 0.00822442676872, 0.0108402594924, 0.0127432774752, 0.0147159760818, 0.0150609780103, 0.0115000512451, 0.0133247422054, 0.00866182334721, 0.012319705449, 0.0130452085286, 0.0246677082032, 0.011675093323, 0.00808755494654, 0.0119825592265, 0.00883585121483, 0.00664928089827, 0.00564499944448, 0.00015962299949],
        "mean": [0.000239048429648, 0.00919000059366, 0.00602441467345, 0.00239870417863, 0.00484753586352, 0.00110664474778, 0.000723764242139, 0.000977171002887, 0.000933780451305, 0.000533991376869, 0.000441808166215, 0.00038427344407, 0.00041406598757, 0.000669647182804, 0.000646825705189, 0.00046783380094, 0.000963088416029, 0.000718017865438, 0.000674537848681, 0.000756619207095, 0.000657331373077, 0.00040438133874, 0.00038833686267, 0.000255528429989, 0.000172900501639, 0.000111993402243, 2.69088536697e-06],
        "median": [2.38211650867e-05, 0.00364161795005, 0.00447669392452, 0.00154881598428, 0.00324480654672, 0.000688046042342, 0.00039682345232, 0.000359791971277, 0.000381307007046, 0.000211376376683, 0.000122029916383, 0.00010717981786, 0.000112159592391, 0.000296027981676, 0.000376130483346, 0.000291210628347, 0.00083233055193, 0.000567893788684, 0.000570899748709, 0.000559788953979, 0.000470826838864, 0.000294321827823, 0.000253676291322, 0.000166956495377, 0.000107801126433, 5.76659513172e-05, 4.22878571271e-07],
        "min": [1.04885616522e-13, 1.0480843488e-13, 2.91529170596e-13, 1.7524416434e-13, 1.95447661961e-13, 2.88421223753e-13, 1.45410254475e-13, 4.70745675513e-13, 1.66737934224e-12, 6.12218739246e-12, 9.19713632509e-13, 4.86851314471e-12, 5.19014562231e-12, 1.90837016328e-12, 2.81310426342e-11, 1.92296577967e-11, 2.65012768674e-11, 1.08070427607e-11, 1.98197847023e-11, 3.2716877818e-11, 2.7316735679e-11, 3.07936280641e-11, 3.17591005577e-12, 5.35075629637e-12, 5.36788799174e-12, 5.68618719818e-12, 5.6932843856e-12],
        "var": [3.01222058852e-07, 0.000288263516268, 5.27575648448e-05, 9.15327655093e-06, 3.56232449121e-05, 1.65682160969e-06, 9.70685391621e-07, 2.44802731686e-06, 2.33152650253e-06, 7.8919867974e-07, 9.5945472367e-07, 6.41976328097e-07, 1.09383074687e-06, 1.23858978895e-06, 7.78350056407e-07, 7.19888419098e-07, 3.96015025217e-07, 5.68147186186e-07, 2.86866821853e-07, 1.07388279957e-06, 5.89061016854e-07, 2.47410753218e-07, 4.53350992302e-07, 2.29920445349e-07, 1.23958059817e-07, 6.54367866559e-08, 6.97145466355e-11]
    },
    "erbbands": {
        "dmean": [0.191736891866, 2.09725427628, 4.61070585251, 5.36729860306, 11.6890802383, 9.89373683929, 8.26166248322, 4.89619874954, 5.54929876328, 8.10635089874, 12.8623943329, 11.7134647369, 8.78931903839, 9.03886222839, 8.07248401642, 8.76951789856, 10.075419426, 12.2775735855, 19.3213348389, 14.3801469803, 11.7439403534, 23.9548740387, 17.7792778015, 13.400144577, 17.9645519257, 17.2694892883, 14.4770116806, 10.1752929688, 7.67858028412, 5.43850135803, 5.01731014252, 2.89085793495, 1.71386289597, 0.942745447159, 0.61688798666, 0.300603479147, 0.110103927553, 0.0155333811417, 0.000305168359773, 2.49760960287e-05],
        "dmean2": [0.333802819252, 3.6834602356, 8.27976417542, 9.61186599731, 20.1693019867, 17.4164237976, 14.0169725418, 8.01247882843, 9.02783679962, 13.25735569, 20.08045578, 18.3000888824, 14.1922664642, 14.4696722031, 12.5195102692, 14.1807928085, 15.812951088, 19.9019546509, 31.2411899567, 22.211517334, 19.4386539459, 40.2461357117, 28.827413559, 22.5004177094, 30.5438652039, 28.7811813354, 23.781124115, 16.9260311127, 12.8829908371, 8.82120227814, 7.67013216019, 4.26319360733, 2.58164572716, 1.40361940861, 0.957926154137, 0.453521698713, 0.165348321199, 0.0239154752344, 0.000466348574264, 3.95402385038e-05],
        "dvar": [0.200421214104, 22.5834312439, 93.0445861816, 108.614044189, 492.204101562, 330.974731445, 158.32460022, 72.8159942627, 108.169914246, 184.336914062, 584.50604248, 627.17175293, 248.369094849, 298.333251953, 335.516601562, 596.165222168, 729.076477051, 445.06439209, 1073.55383301, 800.503356934, 187.889343262, 752.335021973, 545.518554688, 321.561981201, 1887.15185547, 1287.21289062, 640.848022461, 303.750701904, 288.90914917, 185.418869019, 195.567581177, 55.661781311, 34.7427520752, 10.7129840851, 4.79213571548, 1.19671666622, 0.217993065715, 0.00380227924325, 1.3969702195e-06, 2.61812349578e-09],
        "dvar2": [0.537924110889, 61.7329711914, 268.473236084, 313.971557617, 1332.42541504, 942.563659668, 419.497039795, 181.17175293, 275.403259277, 465.613525391, 1310.69604492, 1514.66430664, 628.984985352, 693.573608398, 737.131164551, 1565.61865234, 1634.39953613, 1081.43005371, 2705.01367188, 1684.2590332, 476.901000977, 1919.15869141, 1280.5838623, 792.789123535, 4981.22021484, 2950.1237793, 1399.78149414, 762.35369873, 751.098327637, 426.403656006, 404.630401611, 101.359909058, 72.3699874878, 23.9788913727, 11.5283575058, 2.86400866508, 0.542471826077, 0.00949836429209, 3.43749366039e-06, 6.45263220633e-09],
        "max": [3.95792269707, 40.9644165039, 126.850219727, 110.102882385, 176.466705322, 204.263168335, 161.115997314, 132.588424683, 176.546646118, 222.368270874, 277.720672607, 459.314300537, 284.737884521, 290.012298584, 480.862335205, 638.043518066, 809.460144043, 303.719177246, 684.588134766, 1055.06347656, 254.847640991, 506.050964355, 562.627075195, 361.77633667, 1618.61157227, 838.393249512, 779.630615234, 286.365112305, 366.787689209, 289.711517334, 398.482269287, 253.286331177, 135.958938599, 61.7292327881, 55.0487670898, 28.106924057, 10.7158088684, 1.24852848053, 0.0241123121232, 0.00106573326048],
        "mean": [0.183533653617, 2.35823869705, 6.98916006088, 7.4238781929, 15.0955371857, 13.1019935608, 13.0864706039, 8.54410076141, 9.31801223755, 14.3931951523, 22.5622634888, 22.6198825836, 17.4784126282, 18.3156032562, 16.9879989624, 15.9330043793, 20.7097835541, 25.1355876923, 40.0259056091, 33.7915153503, 28.439573288, 55.6171112061, 42.4127349854, 31.3023548126, 37.1116485596, 36.2967338562, 31.0629558563, 21.9236545563, 15.1582155228, 11.4772558212, 11.1899614334, 6.67884063721, 3.60894799232, 1.94518005848, 1.27145266533, 0.57828694582, 0.189119622111, 0.0240817330778, 0.000505757168867, 6.36536933598e-05],
        "median": [0.0577890351415, 0.959450304508, 4.59986352921, 5.58232355118, 8.08147621155, 8.10225200653, 7.60093593597, 4.95148038864, 5.71923542023, 7.52481555939, 8.86758422852, 9.3089723587, 8.53901290894, 7.29788923264, 5.35812139511, 4.95143127441, 6.02331447601, 12.6147489548, 22.5178833008, 17.8125019073, 23.0399398804, 47.613986969, 34.938419342, 26.350353241, 30.3659439087, 26.909866333, 21.2009925842, 16.6627349854, 10.805106163, 7.77216863632, 7.345703125, 4.43392801285, 2.3545897007, 1.2309845686, 0.775060117245, 0.333576500416, 0.0883914083242, 0.00839446485043, 0.00020353331638, 5.14362436661e-05],
        "min": [2.67032294714e-12, 2.91258822616e-11, 2.5246038593e-10, 5.98957161646e-10, 4.26870316872e-10, 4.93948326685e-10, 1.22685273052e-09, 3.3037619307e-09, 2.25686092037e-09, 4.4311336822e-09, 1.13078559849e-08, 2.38232562566e-08, 1.16223390023e-07, 1.71131517845e-07, 4.28983852885e-08, 2.32337256989e-07, 2.51561829145e-07, 1.47226231206e-07, 5.0017445119e-07, 1.62727178576e-06, 1.11642191314e-06, 1.44995453866e-06, 8.26076416161e-07, 7.53834001443e-07, 1.01570230981e-06, 1.19984031244e-06, 2.07514676731e-06, 9.09214975309e-07, 1.22460789953e-06, 1.90779985587e-07, 9.78270620067e-08, 1.30658861508e-07, 7.55159845767e-08, 5.05311774646e-08, 4.52087860481e-08, 2.48950637882e-08, 7.24467907887e-09, 4.29816937597e-09, 6.23894769181e-10, 9.01802590936e-11],
        "var": [0.157329544425, 17.4248256683, 76.6260681152, 76.8574905396, 450.624023438, 282.804107666, 245.976760864, 120.921455383, 137.061965942, 340.495391846, 1306.11242676, 1569.67150879, 593.606262207, 912.958984375, 1148.29821777, 1003.17651367, 2791.67553711, 1229.08190918, 2821.26171875, 4404.09960938, 554.085327148, 1387.89599609, 1489.91223145, 633.243286133, 1742.03540039, 2159.7109375, 1982.80371094, 486.12121582, 362.411468506, 297.044158936, 388.651000977, 141.037277222, 54.9984893799, 15.496088028, 6.86441993713, 1.44610249996, 0.224793538451, 0.00406958069652, 1.56016369601e-06, 3.36039751581e-09]
    },
    "gfcc": {
        "mean": [47.4981384277, 62.137336731, -113.474937439, 56.5442390442, -53.4390068054, 11.5719404221, -41.6892662048, 15.1275701523, -26.3373699188, 3.70642113686, -26.2568397522, -0.606575787067, -15.6487884521],
        "cov": [[5872.72851562, -279.566650391, 933.799804688, 225.70085144, -284.567718506, 395.714874268, -37.5846061707, 22.0788974762, -183.104507446, 77.9147338867, -152.126678467, 2.58353757858, -124.843269348], [-279.566650391, 737.30682373, -228.388092041, 9.34324741364, 94.2804489136, -138.735137939, 96.4107513428, -34.5630531311, 53.8054428101, -45.028377533, 95.6190185547, -30.6475486755, 61.2128982544], [933.799804688, -228.388092041, 602.356262207, 235.498184204, -9.13122558594, 133.750946045, -17.902469635, 76.0836868286, -31.1966056824, 67.9370193481, -47.1651687622, 31.656879425, -20.9372196198], [225.70085144, 9.34324741364, 235.498184204, 336.894897461, 36.628742218, -18.2411022186, 14.0550394058, 15.9896888733, 40.6212615967, 26.2674846649, -4.54457092285, -3.71943330765, 40.4491615295], [-284.567718506, 94.2804489136, -9.13122558594, 36.628742218, 139.009353638, -18.2391986847, 29.5026512146, 9.75576114655, 24.9605979919, 8.9957818985, 12.6467256546, -0.768372178078, 23.2324371338], [395.714874268, -138.735137939, 133.750946045, -18.2411022186, -18.2391986847, 273.587158203, 95.7964096069, 57.7030754089, -36.2231025696, 32.2668304443, 9.24944210052, 7.5323677063, -30.0417537689], [-37.5846061707, 96.4107513428, -17.902469635, 14.0550394058, 29.5026512146, 95.7964096069, 149.753005981, 38.6810569763, 5.22331285477, 10.1903076172, 31.0018177032, -2.4397649765, 11.2417640686], [22.0788974762, -34.5630531311, 76.0836868286, 15.9896888733, 9.75576114655, 57.7030754089, 38.6810569763, 88.4551467896, 27.1269226074, 25.1056423187, 1.03183364868, -1.21503806114, -7.07768583298], [-183.104507446, 53.8054428101, -31.1966056824, 40.6212615967, 24.9605979919, -36.2231025696, 5.22331285477, 27.1269226074, 100.448310852, 20.4613323212, 9.18888378143, -15.1410646439, 15.4519548416], [77.9147338867, -45.028377533, 67.9370193481, 26.2674846649, 8.9957818985, 32.2668304443, 10.1903076172, 25.1056423187, 20.4613323212, 63.5205841064, 7.49305152893, 2.02550268173, -3.85311317444], [-152.126678467, 95.6190185547, -47.1651687622, -4.54457092285, 12.6467256546, 9.24944210052, 31.0018177032, 1.03183364868, 9.18888378143, 7.49305152893, 74.8879928589, 19.7392559052, 8.88897609711], [2.58353757858, -30.6475486755, 31.656879425, -3.71943330765, -0.768372178078, 7.5323677063, -2.4397649765, -1.21503806114, -15.1410646439, 2.02550268173, 19.7392559052, 50.254573822, 12.3874292374], [-124.843269348, 61.2128982544, -20.9372196198, 40.4491615295, 23.2324371338, -30.0417537689, 11.2417640686, -7.07768583298, 15.4519548416, -3.85311317444, 8.88897609711, 12.3874292374, 54.9773483276]],
        "icov": [[0.000313960219501, -0.00032382531208, -0.000402118515922, -6.34718380752e-05, 0.00060556747485, -0.000444486853667, 0.000159488612553, 0.000360398960765, 0.00014566439495, -0.000288108567474, 0.000691402819939, -0.000174651417183, 0.000348485948052], [-0.00032382531208, 0.00340574164875, -0.000290110299829, 0.000861979904585, -0.00151378987357, 0.00255031324923, -0.00274937367067, 0.000655285432003, -0.000642764323857, 0.00239324639551, -0.00502389390022, 0.00407978938892, -0.00235078600235], [-0.000402118515922, -0.000290110299829, 0.0058508166112, -0.00415296154097, -0.000699004333001, -0.00186056108214, 0.0027217080351, -0.00404348224401, 0.0025541477371, -0.00294076977298, 0.00322076771408, -0.00485061574727, 0.00254340632819], [-6.34718380752e-05, 0.000861979904585, -0.00415296154097, 0.00691762100905, -0.000576207181439, 0.00221623014659, -0.00258642295375, 0.00255737034604, -0.00276265898719, 0.00140816543717, -0.00302567705512, 0.00483000883833, -0.00518634170294], [0.00060556747485, -0.00151378987357, -0.000699004333001, -0.000576207181439, 0.00988978799433, -0.000374910596292, -0.000818313099444, 4.78544170619e-05, -0.00035231464426, -0.00209549511783, 0.00203607790172, -0.000922963023186, -0.00116135517601], [-0.000444486853667, 0.00255031324923, -0.00186056108214, 0.00221623014659, -0.000374910596292, 0.00957389455289, -0.00700965570286, -0.00122419698164, 0.00144170376007, 0.000186807330465, -0.00446175271645, 0.00326539063826, 7.118301437e-05], [0.000159488612553, -0.00274937367067, 0.0027217080351, -0.00258642295375, -0.000818313099444, -0.00700965570286, 0.0150897586718, -0.00535543588921, 0.00232176925056, -0.00148331606761, 0.000536438426934, -0.00102926010732, -0.00150804733858], [0.000360398960765, 0.000655285432003, -0.00404348224401, 0.00255737034604, 4.78544170619e-05, -0.00122419698164, -0.00535543588921, 0.0203112754971, -0.00762743456289, -0.000761120521929, 0.00019930509734, 0.000801179849077, 0.00156575755682], [0.00014566439495, -0.000642764323857, 0.0025541477371, -0.00276265898719, -0.00035231464426, 0.00144170376007, 0.00232176925056, -0.00762743456289, 0.0172652415931, -0.00602275785059, -0.000639514124487, 0.00380515819415, -0.00249691680074], [-0.000288108567474, 0.00239324639551, -0.00294076977298, 0.00140816543717, -0.00209549511783, 0.000186807330465, -0.00148331606761, -0.000761120521929, -0.00602275785059, 0.0237092077732, -0.00690440181643, 0.00336256902665, -0.00056888704421], [0.000691402819939, -0.00502389390022, 0.00322076771408, -0.00302567705512, 0.00203607790172, -0.00446175271645, 0.000536438426934, 0.00019930509734, -0.000639514124487, -0.00690440181643, 0.0274706743658, -0.0168765150011, 0.00629079155624], [-0.000174651417183, 0.00407978938892, -0.00485061574727, 0.00483000883833, -0.000922963023186, 0.00326539063826, -0.00102926010732, 0.000801179849077, 0.00380515819415, 0.00336256902665, -0.0168765150011, 0.0364046767354, -0.0141598731279], [0.000348485948052, -0.00235078600235, 0.00254340632819, -0.00518634170294, -0.00116135517601, 7.118301437e-05, -0.00150804733858, 0.00156575755682, -0.00249691680074, -0.00056888704421, 0.00629079155624, -0.0141598731279, 0.0302573740482]]
    },
    "melbands": {
        "dmean": [0.00208110548556, 0.00248827063479, 0.00108488288242, 0.000801971531473, 0.000312573596602, 0.000110342763946, 8.50216674735e-05, 9.88774991129e-05, 9.86633676803e-05, 7.5306816143e-05, 4.52547501482e-05, 3.86945539503e-05, 3.00584997603e-05, 2.53738107858e-05, 2.22117741941e-05, 2.29561883316e-05, 2.51209567068e-05, 3.49068977812e-05, 2.35601637542e-05, 1.6405558199e-05, 1.58768289111e-05, 2.90110037895e-05, 2.12860613829e-05, 1.37863416967e-05, 1.16423934742e-05, 1.36090711749e-05, 1.37961296787e-05, 1.23494455693e-05, 1.01789764813e-05, 7.54336542741e-06, 5.9954209064e-06, 4.82506766275e-06, 3.72178692487e-06, 3.2212728911e-06, 3.18854836223e-06, 2.77770618595e-06, 1.59981993875e-06, 1.37597498906e-06, 9.70348992269e-07, 8.13598319382e-07],
        "dmean2": [0.00365281966515, 0.00437595089898, 0.00191213807557, 0.0014057358494, 0.000529992859811, 0.000179440219654, 0.000137939117849, 0.000160390191013, 0.000153403059812, 0.000118965923321, 7.31893087504e-05, 6.21303333901e-05, 4.64523691335e-05, 4.07448787882e-05, 3.61313941539e-05, 3.56712662324e-05, 4.0764840378e-05, 5.63734938623e-05, 3.81603749702e-05, 2.53288581007e-05, 2.67811847152e-05, 4.85860582558e-05, 3.52847928298e-05, 2.26774973271e-05, 1.96197561309e-05, 2.34261951846e-05, 2.29949419008e-05, 2.03967247216e-05, 1.68101214513e-05, 1.25462529468e-05, 1.00080669654e-05, 8.18684929982e-06, 6.1711748458e-06, 5.2235000112e-06, 4.92881918035e-06, 4.31785247201e-06, 2.40706117438e-06, 2.12365966945e-06, 1.47202263179e-06, 1.24665245949e-06],
        "dvar": [2.31230242207e-05, 2.84854813799e-05, 3.52715005647e-06, 2.66438405561e-06, 2.04669106552e-07, 3.3366358565e-08, 2.43129214539e-08, 2.75121863069e-08, 3.26522666683e-08, 2.62963073538e-08, 6.58610010973e-09, 5.46076295294e-09, 4.92921747863e-09, 4.54732163035e-09, 3.28107363501e-09, 3.24911919591e-09, 1.96126404006e-09, 4.10929112959e-09, 1.75387149248e-09, 1.09834374928e-09, 3.29230892548e-10, 1.09182918262e-09, 7.79915132476e-10, 3.88586024469e-10, 2.32944469269e-10, 5.77762560017e-10, 1.5275748444e-09, 6.80191680758e-10, 3.80582315662e-10, 1.39220426854e-10, 1.03117743511e-10, 1.06785323639e-10, 6.8664157693e-11, 7.65966665095e-11, 7.91241308584e-11, 4.0961550124e-11, 2.10553015995e-11, 2.42761401259e-11, 8.45627647766e-12, 9.27423936259e-12],
        "dvar2": [6.2201077526e-05, 7.96799140517e-05, 9.95829122985e-06, 7.42546853871e-06, 5.52759104266e-07, 8.30997848311e-08, 6.13759141288e-08, 6.91215262805e-08, 6.97084132639e-08, 6.53174652143e-08, 1.65308247091e-08, 1.2750155598e-08, 1.1112981646e-08, 1.04495185838e-08, 8.2226767617e-09, 7.53740447834e-09, 4.75853800808e-09, 1.02972128602e-08, 4.00890565189e-09, 2.02881200728e-09, 8.62009796876e-10, 2.79837375494e-09, 2.02916017322e-09, 8.56029302998e-10, 5.82158099505e-10, 1.57863722094e-09, 3.70849573272e-09, 1.63064373115e-09, 7.94375731861e-10, 3.53312934465e-10, 2.58301213751e-10, 2.89025470224e-10, 1.71280462036e-10, 1.83340370663e-10, 1.69758512802e-10, 8.67625138401e-11, 4.03467363685e-11, 5.42288956795e-11, 1.72397322112e-11, 2.23180345732e-11],
        "max": [0.0417932160199, 0.0605478845537, 0.0187501609325, 0.0146520277485, 0.00546133657917, 0.00264823972248, 0.00267103593796, 0.00259509333409, 0.00244314945303, 0.00322203058749, 0.00137354398612, 0.00120346772019, 0.00174802308902, 0.00149773177691, 0.00104266637936, 0.00124884722754, 0.000660028250422, 0.00142798840534, 0.000917114724871, 0.00131836684886, 0.000351477559889, 0.00068214192288, 0.00051203178009, 0.000515158579219, 0.000299054576317, 0.000739807379432, 0.00152704119682, 0.000669124478009, 0.000605685694609, 0.000170202649315, 0.000174042899744, 0.000203946779948, 0.000172799977008, 0.000158188020578, 0.000239039436565, 0.000174698026967, 0.000162279582582, 0.00012256987975, 6.26969049335e-05, 5.87133035879e-05],
        "mean": [0.00215287692845, 0.00360764120705, 0.00158604432363, 0.00104326708242, 0.000490273290779, 0.000191710380022, 0.000147405531607, 0.000173893684405, 0.000176392568392, 0.000138514733408, 8.63160894369e-05, 7.56600056775e-05, 6.17388504907e-05, 4.54928886029e-05, 3.75735908165e-05, 4.56005873275e-05, 4.68059333798e-05, 6.85778213665e-05, 4.76256682305e-05, 3.66198473785e-05, 3.34389624186e-05, 6.13056108705e-05, 4.6788558393e-05, 3.02397511405e-05, 2.42486858042e-05, 2.64098125626e-05, 2.60144934146e-05, 2.37834210566e-05, 2.0013698304e-05, 1.57129379659e-05, 1.1719840586e-05, 8.6853879111e-06, 7.16561908121e-06, 6.08963318882e-06, 6.52299695503e-06, 5.82586790188e-06, 3.43806959791e-06, 2.64783125203e-06, 1.97728604689e-06, 1.51545066274e-06],
        "median": [0.000870428280905, 0.0021298842039, 0.00115544907749, 0.000640675134491, 0.000304799701553, 0.000113126923679, 9.04829357751e-05, 8.82041276782e-05, 6.62078382447e-05, 5.56597151444e-05, 3.84959021176e-05, 2.93304638035e-05, 1.81793602678e-05, 1.25077494886e-05, 1.16789606182e-05, 1.31642364067e-05, 2.29195338761e-05, 3.42836865457e-05, 2.66964671027e-05, 1.85731732927e-05, 2.80213080259e-05, 5.10012941959e-05, 3.85759340134e-05, 2.32947513723e-05, 2.02100200113e-05, 2.1217036192e-05, 2.05100550374e-05, 1.65526053024e-05, 1.26867753352e-05, 1.1584576896e-05, 8.65266520123e-06, 6.10655933997e-06, 4.9157815738e-06, 3.87072304875e-06, 4.04189904657e-06, 3.72089334633e-06, 2.2040139811e-06, 1.64551579473e-06, 1.28497720198e-06, 9.05812839846e-07],
        "min": [3.18894860334e-14, 1.03284466754e-13, 9.72460501882e-14, 2.68897114319e-14, 4.51496004754e-14, 6.85727923012e-14, 3.18362957524e-14, 6.04421162642e-14, 8.45362327232e-14, 2.03937669703e-13, 6.41872731182e-13, 7.85929860688e-13, 1.29637945344e-13, 3.67991661449e-13, 5.73395389329e-13, 6.09926226278e-13, 1.93258468039e-13, 3.80912369789e-13, 2.58359132699e-12, 1.55524128732e-12, 1.23904781834e-12, 1.26550386923e-12, 1.49041228577e-12, 4.19430739055e-13, 6.40862959488e-13, 5.9539444772e-13, 7.03388681935e-13, 8.54787757503e-13, 1.93267732547e-12, 3.55502763729e-13, 6.25281890067e-13, 7.34021025385e-13, 4.1861981004e-13, 2.34387687617e-14, 3.89865209885e-14, 8.70347766297e-14, 8.15727219388e-14, 6.04628855121e-14, 3.95532504048e-14, 4.11579610996e-14],
        "var": [1.79249000212e-05, 2.35438074014e-05, 2.89680633614e-06, 2.14587134906e-06, 3.00009531884e-07, 5.62779192137e-08, 3.40992372116e-08, 5.14073157376e-08, 8.12283147411e-08, 5.87445434519e-08, 1.62018913841e-08, 1.61075401905e-08, 1.81903914154e-08, 9.31390964354e-09, 7.63999441489e-09, 1.05484101454e-08, 4.9784425471e-09, 1.13468683338e-08, 4.70825689547e-09, 7.59602780676e-09, 6.09061190371e-10, 2.01713667991e-09, 1.49713363928e-09, 1.22524390633e-09, 4.15144252308e-10, 6.1713784083e-10, 1.48630663332e-09, 1.2380502179e-09, 1.23425603071e-09, 2.6195950964e-10, 1.55606041941e-10, 1.22255525148e-10, 9.61147481049e-11, 1.09373871071e-10, 1.46304954263e-10, 8.69340363585e-11, 4.86719414772e-11, 3.41231140566e-11, 1.36894714314e-11, 1.15758106226e-11]
    },
    "mfcc": {
        "mean": [-592.536865234, 86.2771224976, 1.50366747379, 42.5290527344, 10.4844083786, 4.9473028183, -2.56890892982, 5.6972360611, 3.19670391083, 5.50626754761, -3.03632426262, -0.707765519619, -6.95087814331],
        "cov": [[4522.18359375, -62.6845207214, 555.746276855, 71.6353149414, -99.7942276001, 270.773895264, 183.321853638, 54.0024986267, 67.7200088501, 67.7074050903, 11.4109582901, -52.0236053467, -63.5727233887], [-62.6845207214, 622.120605469, -257.899200439, 48.5550994873, -32.5849494934, -55.2307662964, 21.4908618927, -1.48374259472, -18.9715003967, -25.7361221313, 8.49189376831, 19.7718830109, 7.71954727173], [555.746276855, -257.899200439, 503.291595459, 97.5671005249, 60.6775360107, 92.2325439453, 67.3175201416, 40.6807174683, 50.3413467407, 31.4688682556, 26.1786289215, 10.5306510925, 24.6487464905], [71.6353149414, 48.5550994873, 97.5671005249, 372.262054443, 76.5141525269, -7.38603448868, -53.577960968, -31.758852005, 44.5935440063, -1.27249002457, -8.30098152161, -9.8302488327, 8.43865966797], [-99.7942276001, -32.5849494934, 60.6775360107, 76.5141525269, 119.245063782, 3.36732006073, -19.1904468536, -8.92252826691, 17.7608356476, 18.5061759949, 4.04154157639, -0.635530948639, -3.22074961662], [270.773895264, -55.2307662964, 92.2325439453, -7.38603448868, 3.36732006073, 122.185203552, 74.8635864258, 28.7425441742, 17.334230423, 15.1620788574, 17.9377861023, 4.02691316605, -1.5364459753], [183.321853638, 21.4908618927, 67.3175201416, -53.577960968, -19.1904468536, 74.8635864258, 161.416213989, 57.3685531616, 13.420800209, -0.701195299625, 31.5537776947, 14.5854701996, 10.6329641342], [54.0024986267, -1.48374259472, 40.6807174683, -31.758852005, -8.92252826691, 28.7425441742, 57.3685531616, 79.2229156494, 16.1143074036, 14.3859701157, 11.3151884079, 13.262928009, 10.0917854309], [67.7200088501, -18.9715003967, 50.3413467407, 44.5935440063, 17.7608356476, 17.334230423, 13.420800209, 16.1143074036, 86.1819458008, 34.7099380493, 12.5035839081, 1.85402774811, -2.77037858963], [67.7074050903, -25.7361221313, 31.4688682556, -1.27249002457, 18.5061759949, 15.1620788574, -0.701195299625, 14.3859701157, 34.7099380493, 80.5086898804, 21.7371559143, 14.4109563828, -5.68890237808], [11.4109582901, 8.49189376831, 26.1786289215, -8.30098152161, 4.04154157639, 17.9377861023, 31.5537776947, 11.3151884079, 12.5035839081, 21.7371559143, 63.8457832336, 21.3784942627, 7.82730102539], [-52.0236053467, 19.7718830109, 10.5306510925, -9.8302488327, -0.635530948639, 4.02691316605, 14.5854701996, 13.262928009, 1.85402774811, 14.4109563828, 21.3784942627, 59.1907272339, 20.9843330383], [-63.5727233887, 7.71954727173, 24.6487464905, 8.43865966797, -3.22074961662, -1.5364459753, 10.6329641342, 10.0917854309, -2.77037858963, -5.68890237808, 7.82730102539, 20.9843330383, 46.774772644]],
