{
"lowlevel": {
    "average_loudness": 0.967855215073,
    "barkbands_crest": {
        "dmean": 2.95474481583,
        "dmean2": 4.85970640182,
        "dvar": 8.66021728516,
        "dvar2": 22.992521286,
        "max": 25.514629364,
        "mean": 10.4198112488,
        "median": 9.76408958435,
        "min": 2.60989141464,
        "var": 18.0848712921
    },
    "barkbands_flatness_db": {
        "dmean": 0.0253587849438,
        "dmean2": 0.0400859974325,
        "dvar": 0.000859744963236,
        "dvar2": 0.00190895912237,
        "max": 0.396040320396,
        "mean": 0.126158818603,
        "median": 0.105382107198,
        "min": 0.0223668310791,
        "var": 0.00452454620972
    },
    "barkbands_kurtosis": {
        "dmean": 5.90080499649,
        "dmean2": 9.28325939178,
        "dvar": 226.106887817,
        "dvar2": 522.556762695,
        "max": 334.365875244,
        "mean": 8.81034088135,
        "median": 1.1357717514,
        "min": -1.90105712414,
        "var": 484.436981201
    },
    "barkbands_skewness": {
        "dmean": 0.743237376213,
        "dmean2": 1.14118742943,
        "dvar": 0.905769467354,
        "dvar2": 2.0008327961,
        "max": 16.5058898926,
        "mean": 2.02622771263,
        "median": 1.53976738453,
        "min": -3.83258390427,
        "var": 3.65060973167
    },
    "barkbands_spread": {
        "dmean": 7.70275163651,
        "dmean2": 12.0160360336,
        "dvar": 73.5254516602,
        "dvar2": 153.671585083,
        "max": 113.671089172,
        "mean": 32.4660301208,
        "median": 32.2634773254,
        "min": 0.625926375389,
        "var": 366.713256836
    },
    "dissonance": {
        "dmean": 0.00858079921454,
        "dmean2": 0.0140050742775,
        "dvar": 0.000115142611321,
        "dvar2": 0.000260372675257,
        "max": 0.5,
        "mean": 0.480881035328,
        "median": 0.488551616669,
        "min": 0.321723610163,
        "var": 0.000467778270831
    },
    "dynamic_complexity": 2.34186577797,
    "erbbands_crest": {
        "dmean": 1.87704217434,
        "dmean2": 3.09289622307,
        "dvar": 3.87055706978,
        "dvar2": 9.19758319855,
        "max": 29.5505008698,
        "mean": 6.91611242294,
        "median": 5.89772987366,
        "min": 2.68868517876,
        "var": 10.7065038681
    },
    "erbbands_flatness_db": {
        "dmean": 0.0139591284096,
        "dmean2": 0.0201878901571,
        "dvar": 0.000233841332374,
        "dvar2": 0.000441273383331,
        "max": 0.274769186974,
        "mean": 0.118668280542,
        "median": 0.11306297034,
        "min": 0.0471594855189,
        "var": 0.00085942336591
    },
    "erbbands_kurtosis": {
        "dmean": 0.986589550972,
        "dmean2": 1.51175951958,
        "dvar": 2.62822175026,
        "dvar2": 5.4862985611,
        "max": 33.2696876526,
        "mean": 0.659650921822,
        "median": 0.176564216614,
        "min": -1.76161336899,
        "var": 5.30771970749
    },
    "erbbands_skewness": {
        "dmean": 0.312923878431,
        "dmean2": 0.48045912385,
        "dvar": 0.135833546519,
        "dvar2": 0.272971451283,
        "max": 5.37038469315,
        "mean": -0.344280421734,
        "median": -0.622461497784,
        "min": -3.46460986137,
        "var": 0.927307963371
    },
    "erbbands_spread": {
        "dmean": 11.0830936432,
        "dmean2": 16.5176486969,
        "dvar": 130.230331421,
        "dvar2": 260.707977295,
        "max": 146.795776367,
        "mean": 51.0053367615,
        "median": 48.6208114624,
        "min": 6.92337417603,
        "var": 435.54473877
    },
    "hfc": {
        "dmean": 7.1064863205,
        "dmean2": 11.224395752,
        "dvar": 153.105026245,
        "dvar2": 397.93939209,
        "max": 145.596969604,
        "mean": 22.5495109558,
        "median": 18.2153091431,
        "min": 1.20540477865e-16,
        "var": 323.982421875
    },
    "melbands_crest": {
        "dmean": 3.11334204674,
        "dmean2": 5.07733869553,
        "dvar": 7.69020605087,
        "dvar2": 19.8264961243,
        "max": 27.645111084,
        "mean": 16.1930961609,
        "median": 16.0958881378,
        "min": 2.10089993477,
        "var": 22.2468318939
    },
    "melbands_flatness_db": {
        "dmean": 0.0317433029413,
        "dmean2": 0.0495650470257,
        "dvar": 0.0013107288396,
        "dvar2": 0.00285777915269,
        "max": 0.530846953392,
        "mean": 0.199991330504,
        "median": 0.178966253996,
        "min": 0.0100735090673,
        "var": 0.00796046108007
    },
    "melbands_kurtosis": {
        "dmean": 16.3662643433,
        "dmean2": 25.5908432007,
        "dvar": 1019.01599121,
        "dvar2": 2271.15673828,
        "max": 467.940429688,
        "mean": 31.7206726074,
        "median": 13.9617500305,
        "min": -1.88155782223,
        "var": 2545.83154297
    },
    "melbands_skewness": {
        "dmean": 1.1034308672,
        "dmean2": 1.66405797005,
        "dvar": 1.62620162964,
        "dvar2": 3.48895764351,
        "max": 16.9485034943,
        "mean": 4.07450771332,
        "median": 3.61112451553,
        "min": -1.63670742512,
        "var": 6.1216840744
    },
    "melbands_spread": {
        "dmean": 9.4795589447,
        "dmean2": 14.8448600769,
        "dvar": 183.888320923,
        "dvar2": 392.995635986,
        "max": 244.151382446,
        "mean": 27.9519729614,
        "median": 22.7501277924,
        "min": 0.517480432987,
        "var": 684.392028809
    },
    "pitch_salience": {
        "dmean": 0.0834121331573,
        "dmean2": 0.134789332747,
        "dvar": 0.00626509264112,
        "dvar2": 0.0167012158781,
        "max": 0.86229634285,
        "mean": 0.546180665493,
        "median": 0.557669639587,
        "min": 0.12788914144,
        "var": 0.0138478660956
    },
    "silence_rate_20dB": {
        "dmean": 0,
        "dmean2": 0,
        "dvar": 0,
        "dvar2": 0,
        "max": 1,
        "mean": 1,
        "median": 1,
        "min": 1,
        "var": 0
    },
    "silence_rate_30dB": {
        "dmean": 0.0348297208548,
        "dmean2": 0.0696864128113,
        "dvar": 0.0336165912449,
        "dvar2": 0.0927035659552,
        "max": 1,
        "mean": 0.979110240936,
        "median": 1,
        "min": 0,
        "var": 0.0204528458416
    },
    "silence_rate_60dB": {
        "dmean": 0.0181888546795,
        "dmean2": 0.0363917909563,
        "dvar": 0.0178582314402,
        "dvar2": 0.042037256062,
        "max": 1,
        "mean": 0.0483558997512,
        "median": 0,
        "min": 0,
        "var": 0.0460157692432
    },
    "spectral_centroid": {
        "dmean": 293.624237061,
        "dmean2": 458.147033691,
        "dvar": 120409.179688,
        "dvar2": 232995.578125,
        "max": 11056.1142578,
        "mean": 1805.84411621,
        "median": 1851.80603027,
        "min": 161.360565186,
        "var": 687329
    },
    "spectral_complexity": {
        "dmean": 4.61996889114,
        "dmean2": 7.14440584183,
        "dvar": 30.1674251556,
        "dvar2": 60.1775856018,
        "max": 63,
        "mean": 23.6011600494,
        "median": 25,
        "min": 0,
        "var": 184.078094482
    },
    "spectral_decrease": {
        "dmean": 4.06639877326e-09,
        "dmean2": 6.73102551474e-09,
        "dvar": 5.39999451917e-17,
        "dvar2": 1.40760901322e-16,
        "max": 3.37122571463e-29,
        "mean": -7.95130539188e-09,
        "median": -6.31245189453e-09,
        "min": -6.53327205669e-08,
        "var": 5.54969071811e-17
    },
    "spectral_energy": {
        "dmean": 0.0157857965678,
        "dmean2": 0.0260809399188,
        "dvar": 0.000800653069746,
        "dvar2": 0.00208894838579,
        "max": 0.25023317337,
        "mean": 0.0320553444326,
        "median": 0.0259058456868,
        "min": 1.08061372728e-20,
        "var": 0.000830780656543
    },
    "spectral_energyband_high": {
        "dmean": 0.000496710417792,
        "dmean2": 0.000753365631681,
        "dvar": 8.2905603449e-07,
        "dvar2": 1.96988366952e-06,
        "max": 0.0155617436394,
        "mean": 0.00137962598819,
        "median": 0.000957314332481,
        "min": 8.05653560229e-21,
        "var": 2.20904303205e-06
    },
    "spectral_energyband_low": {
        "dmean": 0.0120360236615,
        "dmean2": 0.0199545118958,
        "dvar": 0.000667468877509,
        "dvar2": 0.00174136995338,
        "max": 0.235808953643,
        "mean": 0.0186662655324,
        "median": 0.011894768104,
        "min": 1.45147424666e-23,
        "var": 0.000638262776192
    },
    "spectral_energyband_middle_high": {
        "dmean": 0.00161940779071,
        "dmean2": 0.00267684203573,
        "dvar": 8.77076854522e-06,
        "dvar2": 2.33600640058e-05,
        "max": 0.0374364517629,
        "mean": 0.0044011711143,
        "median": 0.00321819260716,
        "min": 1.59481260186e-21,
        "var": 2.04060124815e-05
    },
    "spectral_energyband_middle_low": {
        "dmean": 0.00505219725892,
        "dmean2": 0.00863528531045,
        "dvar": 0.000105658655229,
        "dvar2": 0.000287855509669,
        "max": 0.101683102548,
        "mean": 0.00903757382184,
        "median": 0.00640847813338,
        "min": 2.07905604236e-22,
        "var": 0.000104995786387
    },
    "spectral_entropy": {
        "dmean": 0.136417582631,
        "dmean2": 0.20072452724,
        "dvar": 0.0433975346386,
        "dvar2": 0.0795245617628,
        "max": 9.80905914307,
        "mean": 7.83390140533,
        "median": 7.95547389984,
        "min": 5.53570795059,
        "var": 0.2041644454
    },
    "spectral_flux": {
        "dmean": 0.0326023921371,
        "dmean2": 0.05190930143,
        "dvar": 0.0022618570365,
        "dvar2": 0.00460462551564,
        "max": 0.383258551359,
        "mean": 0.0901650041342,
        "median": 0.0703520700336,
        "min": 1.03952568775e-10,
        "var": 0.00391459092498
    },
    "spectral_kurtosis": {
        "dmean": 1.07115209103,
        "dmean2": 1.67891192436,
        "dvar": 3.77464723587,
        "dvar2": 8.97292518616,
        "max": 30.686416626,
        "mean": 3.51655626297,
        "median": 2.99696111679,
        "min": -1.18251216412,
        "var": 6.33568525314
    },
    "spectral_rms": {
        "dmean": 0.00115239224397,
        "dmean2": 0.00182429328561,
        "dvar": 2.59447597273e-06,
        "dvar2": 6.40998268864e-06,
        "max": 0.0156246572733,
        "mean": 0.0051549077034,
        "median": 0.00502732489258,
        "min": 3.24693288749e-12,
        "var": 4.70042414236e-06
    },
    "spectral_rolloff": {
        "dmean": 646.431518555,
        "dmean2": 1042.60632324,
        "dvar": 1035245.25,
        "dvar2": 1945590.25,
        "max": 18820.0195312,
        "mean": 1938.12573242,
        "median": 1744.18945312,
        "min": 86.1328125,
        "var": 4032180.5
    },
    "spectral_skewness": {
        "dmean": 0.174209058285,
        "dmean2": 0.270487815142,
        "dvar": 0.0708113759756,
        "dvar2": 0.160318568349,
        "max": 4.32973909378,
        "mean": 1.33220338821,
        "median": 1.2697250843,
        "min": -0.00411524437368,
        "var": 0.20971404016
    },
    "spectral_spread": {
        "dmean": 548086.0625,
        "dmean2": 748221.5,
        "dvar": 865570455552,
        "dvar2": 1.11573283635e+12,
        "max": 40461040,
        "mean": 5196350,
        "median": 4965618,
        "min": 2148154.75,
        "var": 2.17743871181e+12
    },
    "spectral_strongpeak": {
        "dmean": 0.312399923801,
        "dmean2": 0.535830557346,
        "dvar": 0.421480119228,
        "dvar2": 1.06691849232,
        "max": 11.3464479446,
        "mean": 0.513224840164,
        "median": 0.3662969172,
        "min": 0,
        "var": 0.527855455875
    },
    "zerocrossingrate": {
        "dmean": 0.0138273919001,
        "dmean2": 0.0157989133149,
        "dvar": 0.000258296728134,
        "dvar2": 0.000261931709247,
        "max": 0.48779296875,
        "mean": 0.0766903758049,
        "median": 0.0693359375,
        "min": 0.00341796875,
        "var": 0.00261805788614
    },
    "barkbands": {
        "dmean": [0.000173687498318, 0.00828720349818, 0.00458582909778, 0.00203618127853, 0.00290347612463, 0.000482712785015, 0.000232726262766, 0.000266057002591, 0.000320774968714, 0.000222589733312, 0.000156050475198, 0.000146716207382, 0.000170807252289, 0.000218671470066, 0.000412257242715, 0.000281232467387, 0.000283022702206, 0.000291277276119, 0.00027748933644, 0.000216338492464, 0.000203518415219, 0.000106714927824, 8.36675899336e-05, 6.80124940118e-05, 4.85922828375e-05, 3.50199334207e-05, 1.49368793245e-06],
        "dmean2": [0.000280477193883, 0.0136264292523, 0.00817127525806, 0.00349166570231, 0.00503798341379, 0.000779533118475, 0.000386034051189, 0.000403281504987, 0.000507499498781, 0.000361578539014, 0.00024439158733, 0.000238486230955, 0.000280880922219, 0.000372306065401, 0.000691996887326, 0.000471338425996, 0.000476538640214, 0.000492910039611, 0.000480012706248, 0.000364376959624, 0.000343883875757, 0.000172226151335, 0.000127343693748, 0.000100181641756, 6.73322647344e-05, 4.93363659189e-05, 2.51733126788e-06],
        "dvar": [1.0743261214e-07, 0.000322265259456, 0.000108768130303, 1.02944804894e-05, 6.05415916652e-05, 7.30826911877e-07, 3.26169185882e-07, 5.42311511254e-07, 1.03388629213e-06, 4.4428523438e-07, 2.9276384339e-07, 1.2208049327e-07, 1.8880398045e-07, 2.07033565403e-07, 8.12817120277e-07, 2.69826557542e-07, 2.60824094767e-07, 2.05101287065e-07, 2.25356458827e-07, 1.42202722486e-07, 1.84259448588e-07, 3.57827474318e-08, 3.35907124338e-08, 5.36606208357e-08, 5.82760639745e-09, 2.42369102565e-09, 4.92978054212e-12],
        "dvar2": [2.35943161897e-07, 0.000805352756288, 0.000321169267409, 2.93989032798e-05, 0.000168395999935, 1.90188166016e-06, 8.85256440597e-07, 1.2479409861e-06, 2.54950919043e-06, 1.08109509256e-06, 6.47536296583e-07, 3.09305875135e-07, 4.76232827396e-07, 5.49425578811e-07, 2.16122680285e-06, 6.64974834308e-07, 6.81252515733e-07, 5.49898572899e-07, 6.11238476722e-07, 3.77897151793e-07, 5.02836030591e-07, 8.71640253308e-08, 6.33788914683e-08, 1.30746670379e-07, 1.20243957014e-08, 4.75876049677e-09, 1.30321760328e-11],
        "max": [0.00378227187321, 0.167761385441, 0.0932781621814, 0.027719495818, 0.082845762372, 0.011602264829, 0.0109133170918, 0.0161569751799, 0.0203427989036, 0.013335455209, 0.0170986093581, 0.00646766088903, 0.0105712981895, 0.00636543286964, 0.0141255762428, 0.0163301769644, 0.00736218970269, 0.00532714417204, 0.00507738534361, 0.0068822237663, 0.00552834710106, 0.00225830753334, 0.00531886937097, 0.00671647815034, 0.00149128492922, 0.000786422751844, 2.81479515252e-05],
        "mean": [0.000231145560974, 0.0103634698316, 0.00668145762756, 0.00296448823065, 0.00370501354337, 0.000918073405046, 0.000368365872419, 0.000500045076478, 0.000514299259521, 0.000293777353363, 0.000248690339504, 0.000233560233028, 0.000295517616905, 0.000366653432138, 0.000734191213269, 0.000497223634738, 0.000500966678374, 0.000541301968042, 0.000502978393342, 0.000419925316237, 0.000384775281418, 0.000231635873206, 0.0002035923535, 0.000157465517987, 0.000116501680168, 7.85038355389e-05, 1.7312769387e-06],
        "median": [8.60924919834e-05, 0.0044461498037, 0.0045136269182, 0.0020212342497, 0.00189944484737, 0.000536795065273, 0.000185600103578, 0.000135986047098, 0.000121177748952, 6.20707724011e-05, 6.78657743265e-05, 7.56457011448e-05, 6.71683665132e-05, 0.000175380249857, 0.000373510614736, 0.000334670505254, 0.00033856704249, 0.000438378949184, 0.00037124886876, 0.000317420635838, 0.000241823290708, 0.000124739730381, 8.72741147759e-05, 8.78615610418e-05, 7.75482913014e-05, 5.46506271348e-05, 7.95654784724e-07],
        "min": [4.94068791422e-24, 2.01934310569e-24, 5.22519533285e-24, 5.87873661611e-24, 3.71012012234e-23, 4.05346962252e-23, 5.26329794566e-23, 2.36399462081e-23, 4.7551399407e-23, 1.76604783652e-23, 6.3980058847e-23, 8.98939628786e-23, 1.43719955615e-22, 7.45303161478e-23, 1.48828315915e-22, 8.57914002332e-23, 1.44799432878e-22, 3.01896992697e-22, 4.08466597899e-22, 2.43264382113e-22, 6.63214018002e-22, 4.53804642933e-22, 7.51579111648e-22, 1.01224642166e-21, 9.58378303754e-22, 1.79200662358e-21, 2.47890237218e-21],
        "var": [1.6462982444e-07, 0.000318589998642, 8.0427787907e-05, 1.11520075734e-05, 4.73737964057e-05, 1.54114309225e-06, 4.20436890636e-07, 1.16077558232e-06, 2.37645804191e-06, 7.87223541465e-07, 7.05318029759e-07, 2.52055059491e-07, 6.1703491383e-07, 3.89408967294e-07, 1.49330821841e-06, 5.31036050688e-07, 4.074693436e-07, 3.23377321365e-07, 3.09889372829e-07, 2.28534872804e-07, 2.35687551253e-07, 7.90061847056e-08, 1.0412187379e-07, 8.30789943507e-08, 1.69046749932e-08, 6.66657307136e-09, 7.23551166898e-12]
    },
    "erbbands": {
        "dmean": [0.18394100666, 2.09979224205, 5.25443077087, 5.76817512512, 11.5572290421, 7.51829004288, 4.16731500626, 4.01516675949, 3.18026351929, 4.09132528305, 5.791264534, 7.95431947708, 5.28013849258, 8.2833738327, 6.0467171669, 6.85997056961, 7.35066461563, 10.0847568512, 18.6447963715, 17.6527061462, 13.1364192963, 16.1615600586, 15.9043798447, 14.8407249451, 12.6256847382, 9.76542949677, 10.1549797058, 6.59071350098, 3.98191547394, 2.58931398392, 2.41860079765, 1.79497909546, 0.957925975323, 0.538753449917, 0.41370460391, 0.197218343616, 0.055544052273, 0.00760164484382, 0.000153907836648, 2.04996122193e-05],
        "dmean2": [0.306931495667, 3.50390028954, 9.42870426178, 10.1615457535, 19.7248878479, 13.2036561966, 6.95498752594, 6.3721203804, 5.20121860504, 6.69387435913, 8.84235954285, 12.4295797348, 8.57907390594, 13.2173995972, 9.6257686615, 11.2011833191, 12.1617918015, 17.0394763947, 31.6838855743, 29.7075977325, 21.9320278168, 26.9070911407, 27.1351299286, 25.1819858551, 21.7536640167, 16.437795639, 17.3008785248, 10.9431505203, 6.4028172493, 4.09889793396, 3.63637971878, 2.661911726, 1.43107700348, 0.764083206654, 0.599453568459, 0.282986998558, 0.0794901624322, 0.0113988770172, 0.000229668992688, 3.29317699652e-05],
        "dvar": [0.168893650174, 21.3572845459, 149.097351074, 107.865371704, 815.380493164, 354.36315918, 52.349155426, 62.5372657776, 52.3760528564, 236.383010864, 259.534332275, 744.717834473, 168.173324585, 838.305541992, 556.939453125, 289.869720459, 394.913543701, 433.157318115, 2407.21386719, 1288.75073242, 428.025604248, 850.713439941, 640.407226562, 674.115234375, 457.907897949, 339.310394287, 464.788269043, 138.604660034, 54.1914558411, 22.5601501465, 32.7668457031, 24.5737133026, 21.0919685364, 1.26513159275, 0.34190556407, 0.0744940042496, 0.0069863027893, 0.000125792314066, 4.90065801273e-08, 1.01362829241e-09],
        "dvar2": [0.426978230476, 54.4316940308, 434.365661621, 313.736480713, 2229.9753418, 1011.33258057, 135.178359985, 158.701019287, 132.603973389, 662.695251465, 597.604003906, 1849.77172852, 435.534301758, 2003.35424805, 1291.16113281, 741.725646973, 1016.85656738, 1150.89025879, 6719.60205078, 3249.77587891, 1084.93151855, 2238.78979492, 1762.81518555, 1771.99035645, 1259.61474609, 900.728637695, 1270.69787598, 361.088104248, 132.072265625, 50.5770683289, 58.2553291321, 51.1967201233, 59.8202629089, 3.00598669052, 0.717337191105, 0.147603005171, 0.0143615184352, 0.000262192916125, 1.0255375571e-07, 2.58631693839e-09],
        "max": [3.37533092499, 45.1607704163, 99.4451675415, 88.7452087402, 291.117370605, 191.756011963, 106.46081543, 132.977935791, 147.452941895, 484.053070068, 352.134368896, 582.701660156, 199.889984131, 628.221130371, 814.037475586, 332.355773926, 483.590118408, 363.784790039, 891.126220703, 739.114013672, 308.891479492, 475.480834961, 317.880584717, 281.727630615, 280.013641357, 370.295379639, 269.679534912, 156.882446289, 85.4205551147, 98.2281799316, 191.761398315, 167.108520508, 164.560791016, 27.1190280914, 9.54898834229, 3.07768106461, 2.11302185059, 0.210202038288, 0.00393885932863, 0.000278827938018],
        "mean": [0.210319519043, 2.64492988586, 7.69982147217, 8.98802661896, 14.8991794586, 9.33940505981, 7.03576898575, 7.81298589706, 5.42435455322, 7.14551353455, 10.8512878418, 12.9573574066, 8.46227836609, 11.8777809143, 10.4890165329, 11.4370250702, 13.4281778336, 18.1744976044, 33.0961418152, 33.3870162964, 25.5581417084, 29.6894702911, 30.1007156372, 27.7221317291, 23.7163677216, 18.9908676147, 17.9308414459, 13.4344263077, 8.5183095932, 6.02519130707, 5.85900020599, 4.11672353745, 2.15616154671, 1.2711045742, 0.884083926678, 0.434198468924, 0.122105136514, 0.0149902598932, 0.000321697065374, 5.12253391207e-05],
        "median": [0.085377395153, 1.13953697681, 5.0966758728, 6.79869508743, 7.77204418182, 5.05192518234, 4.01576375961, 3.70367121696, 2.89342021942, 3.15140581131, 3.2005238533, 2.90539717674, 2.04059004784, 2.5327103138, 2.88503527641, 3.33219981194, 3.21783614159, 8.16692352295, 14.8972167969, 21.7100105286, 18.0851726532, 20.8496322632, 24.7808952332, 20.2190532684, 17.5378341675, 14.0303735733, 11.3361063004, 8.68991184235, 4.45186328888, 2.60224270821, 2.6088347435, 1.92707204819, 1.33656287193, 0.775276780128, 0.600508034229, 0.297609686852, 0.0859155654907, 0.0100454641506, 0.000224014715059, 4.42673299403e-05],
        "min": [1.64250571855e-22, 2.44729542939e-22, 3.90423958077e-21, 1.46254143379e-20, 1.60468046671e-20, 1.64112736928e-19, 2.24527708273e-19, 4.75018754817e-19, 7.96616030425e-19, 4.92333299399e-19, 7.14849795561e-19, 1.05670575835e-18, 4.03683319176e-19, 2.65966339525e-18, 2.18312485115e-18, 3.29822097875e-18, 5.09751375975e-18, 5.32006711715e-18, 8.01744064254e-18, 4.74454214389e-18, 6.25776609057e-18, 7.02081456305e-18, 1.18726250752e-17, 2.01925491241e-17, 1.85259108844e-17, 1.32896896892e-17, 2.45447863869e-17, 2.40255965492e-17, 1.59587790144e-17, 1.60015243997e-17, 2.52669746186e-17, 1.79700570933e-17, 1.96671852104e-17, 9.88334421032e-18, 7.33416877706e-18, 5.63553725916e-18, 3.57769552923e-18, 1.20558203519e-18, 3.45185752491e-19, 3.8944312705e-20],
        "var": [0.158216565847, 20.1765670776, 109.782371521, 93.7859420776, 681.478942871, 264.102600098, 84.3554916382, 162.675292969, 84.6246948242, 239.818084717, 583.331604004, 1677.77636719, 309.167663574, 1574.04675293, 1334.79052734, 646.115356445, 1091.08984375, 1019.96343994, 4006.39770508, 2449.51904297, 883.754760742, 1332.04675293, 954.487548828, 1044.59814453, 661.614379883, 524.344665527, 551.866271973, 235.069610596, 113.815910339, 64.5102615356, 99.1240768433, 58.1239967346, 18.0112361908, 2.60884284973, 0.907894968987, 0.196595564485, 0.0180003847927, 0.000323501531966, 1.27633924762e-07, 1.28628796503e-09]
    },
    "gfcc": {
        "mean": [9.89667129517, 63.1674003601, -95.3673629761, 61.8015098572, -38.8656082153, 16.622341156, -42.6204109192, 13.6733198166, -28.3895378113, 6.62231492996, -24.9296264648, -0.124440044165, -14.947142601],
        "cov": [[12925.0429688, 52.5172996521, -1042.9362793, 167.565658569, -522.705322266, 244.782455444, -261.505523682, 184.636871338, -154.936752319, 116.858428955, -288.984161377, 8.78295040131, -228.076599121], [52.5172996521, 1275.31799316, 12.7339410782, -35.3976593018, 183.839660645, -83.7300109863, 68.3045349121, -104.9923172, 104.073387146, -113.991653442, 104.020629883, -65.7707061768, 59.7053565979], [-1042.9362793, 12.7339410782, 787.191589355, 78.8591537476, 144.629898071, 43.8641548157, -52.9848632812, -4.76014566422, -60.615562439, 28.1422481537, 27.8382110596, 51.2203407288, 19.4477653503], [167.565658569, -35.3976593018, 78.8591537476, 319.421905518, 76.1424331665, -2.951638937, 23.1563491821, -11.3602371216, 22.1983337402, -11.4899616241, 19.7594718933, -4.02991294861, 26.3873920441], [-522.705322266, 183.839660645, 144.629898071, 76.1424331665, 221.392684937, 3.17528891563, 31.7588348389, 0.0315411910415, 10.894080162, -11.4557437897, 27.5778045654, 3.78265881538, 37.6954307556], [244.782455444, -83.7300109863, 43.8641548157, -2.951638937, 3.17528891563, 139.522064209, 50.7952308655, 17.6940574646, -25.1630744934, -3.41426467896, -6.30685377121, 7.15446329117, -9.02098655701], [-261.505523682, 68.3045349121, -52.9848632812, 23.1563491821, 31.7588348389, 50.7952308655, 134.62701416, 22.0427970886, 27.7238235474, -18.9384307861, 22.3575706482, -15.8524608612, 8.27984809875], [184.636871338, -104.9923172, -4.76014566422, -11.3602371216, 0.0315411910415, 17.6940574646, 22.0427970886, 103.687995911, 30.8445301056, 34.253036499, -15.2861747742, 3.50260877609, -14.183807373], [-154.936752319, 104.073387146, -60.615562439, 22.1983337402, 10.894080162, -25.1630744934, 27.7238235474, 30.8445301056, 113.726104736, 22.1883068085, 22.8054122925, -26.5459079742, 5.18601703644], [116.858428955, -113.991653442, 28.1422481537, -11.4899616241, -11.4557437897, -3.41426467896, -18.9384307861, 34.253036499, 22.1883068085, 90.3792419434, 12.7634620667, 12.6402330399, -12.2473220825], [-288.984161377, 104.020629883, 27.8382110596, 19.7594718933, 27.5778045654, -6.30685377121, 22.3575706482, -15.2861747742, 22.8054122925, 12.7634620667, 76.3794708252, 19.7447795868, 14.4012041092], [8.78295040131, -65.7707061768, 51.2203407288, -4.02991294861, 3.78265881538, 7.15446329117, -15.8524608612, 3.50260877609, -26.5459079742, 12.6402330399, 19.7447795868, 54.90184021, 12.8990011215], [-228.076599121, 59.7053565979, 19.4477653503, 26.3873920441, 37.6954307556, -9.02098655701, 8.27984809875, -14.183807373, 5.18601703644, -12.2473220825, 14.4012041092, 12.8990011215, 48.7976913452]],
        "icov": [[0.000284672802081, -0.00070981256431, 0.000584753113799, -0.000911217473913, 0.000681814854033, -0.00107728259172, 0.000947206746787, -0.000864327768795, 0.000898104743101, -0.00113538617734, 0.00132000108715, -0.00106063764542, 0.000831314362586], [-0.00070981256431, 0.00345436949283, -0.00160509219859, 0.00316630862653, -0.00283150258474, 0.00324369757436, -0.0023290286772, 0.0030881089624, -0.00355504197069, 0.00495175179094, -0.00551675492898, 0.00459779519588, -0.00250353617594], [0.000584753113799, -0.00160509219859, 0.00299052032642, -0.00224813865498, 0.000298967410345, -0.00307353097014, 0.00315055879764, -0.00210973620415, 0.00282528763637, -0.00300114578567, 0.00220383889973, -0.00270192348398, 0.00178419600707], [-0.000911217473913, 0.00316630862653, -0.00224813865498, 0.00696599110961, -0.00355606689118, 0.00380388577469, -0.00337454746477, 0.00369662884623, -0.00429144501686, 0.00498648220673, -0.00546870660037, 0.00473166257143, -0.00383587693796], [0.000681814854033, -0.00283150258474, 0.000298967410345, -0.00355606689118, 0.00900312606245, -0.00254592183046, 0.00112693198025, -0.00384908355772, 0.003402084345, -0.00352044450119, 0.00313271977939, -0.00197693775408, -0.00192754366435], [-0.00107728259172, 0.00324369757436, -0.00307353097014, 0.00380388577469, -0.00254592183046, 0.0144902598113, -0.00907342787832, 0.00313894753344, -0.00150751660112, 0.0044652801007, -0.00370372855105, 0.0024869798217, -0.00102199870162], [0.000947206746787, -0.0023290286772, 0.00315055879764, -0.00337454746477, 0.00112693198025, -0.00907342787832, 0.0168306417763, -0.00755894044414, 0.00271308515221, -3.45551561622e-05, -0.00258793868124, 0.00256031355821, 3.51416019839e-05], [-0.000864327768795, 0.0030881089624, -0.00210973620415, 0.00369662884623, -0.00384908355772, 0.00313894753344, -0.00755894044414, 0.0199745576829, -0.0102106481791, -0.000466522382339, 0.00396372983232, -0.00439549796283, 0.00262596644461], [0.000898104743101, -0.00355504197069, 0.00282528763637, -0.00429144501686, 0.003402084345, -0.00150751660112, 0.00271308515221, -0.0102106481791, 0.0210113637149, -0.00845408346504, -0.00223953905515, 0.00748705212027, -0.00226597813889], [-0.00113538617734, 0.00495175179094, -0.00300114578567, 0.00498648220673, -0.00352044450119, 0.0044652801007, -3.45551561622e-05, -0.000466522382339, -0.00845408346504, 0.0234624389559, -0.0120428120717, 0.00383018422872, -0.000121734265122], [0.00132000108715, -0.00551675492898, 0.00220383889973, -0.00546870660037, 0.00313271977939, -0.00370372855105, -0.00258793868124, 0.00396372983232, -0.00223953905515, -0.0120428120717, 0.0334175005555, -0.021896045655, 0.00662616081536], [-0.00106063764542, 0.00459779519588, -0.00270192348398, 0.00473166257143, -0.00197693775408, 0.0024869798217, 0.00256031355821, -0.00439549796283, 0.00748705212027, 0.00383018422872, -0.021896045655, 0.0420277938247, -0.0162717215717], [0.000831314362586, -0.00250353617594, 0.00178419600707, -0.00383587693796, -0.00192754366435, -0.00102199870162, 3.51416019839e-05, 0.00262596644461, -0.00226597813889, -0.000121734265122, 0.00662616081536, -0.0162717215717, 0.0334179364145]]
    },
    "melbands": {
        "dmean": [0.00201981863938, 0.00273212976754, 0.00114097644109, 0.000742866541259, 0.000155301924678, 8.7873195298e-05, 4.85594755446e-05, 4.74977205158e-05, 4.52699714515e-05, 5.26735748281e-05, 2.55503655353e-05, 3.42796483892e-05, 2.04403731914e-05, 1.7713442503e-05, 1.66515346791e-05, 1.68942005985e-05, 1.98947818717e-05, 2.91136602755e-05, 2.92174336209e-05, 2.32984457398e-05, 1.49277138917e-05, 1.82151616173e-05, 1.67745856743e-05, 1.36178232424e-05, 1.31746965053e-05, 1.02842632259e-05, 9.26991469896e-06, 6.43118391963e-06, 6.72741725793e-06, 5.41764757145e-06, 3.67347752217e-06, 2.65515154751e-06, 1.78473771939e-06, 1.50839105117e-06, 1.55712825745e-06, 1.49117136061e-06, 1.07661401216e-06, 7.42182407976e-07, 5.6904940493e-07, 4.64101475472e-07],
        "dmean2": [0.00331914355047, 0.00476904539391, 0.00197719805874, 0.00129640998784, 0.000261403241893, 0.000140114454553, 7.95409359853e-05, 7.6355143392e-05, 7.00919117662e-05, 8.17563704913e-05, 4.17369592469e-05, 5.49811011297e-05, 3.18271377182e-05, 2.8968166589e-05, 2.65649159701e-05, 2.86189642793e-05, 3.38141107932e-05, 4.95199092256e-05, 4.85233904328e-05, 3.90578716178e-05, 2.50661378232e-05, 3.05048579321e-05, 2.8487867894e-05, 2.31538178923e-05, 2.24820669246e-05, 1.79738181032e-05, 1.59474711836e-05, 1.08669619294e-05, 1.15055872811e-05, 9.34372656047e-06, 6.01581996307e-06, 4.35030779045e-06, 2.89668514597e-06, 2.43211911766e-06, 2.38339453063e-06, 2.3093409709e-06, 1.5919396219e-06, 1.12311772682e-06, 8.61161254306e-07, 6.69070630011e-07],
        "dvar": [1.93099531316e-05, 3.90929526475e-05, 3.75338390768e-06, 4.1253119889e-06, 7.01098485933e-08, 2.79349663401e-08, 1.15278835366e-08, 2.92757693643e-08, 1.85423871812e-08, 3.27731477512e-08, 4.01459088195e-09, 1.46071030827e-08, 5.54381340834e-09, 1.90316629123e-09, 1.91001214844e-09, 1.89219817592e-09, 1.62978497364e-09, 6.34291952295e-09, 3.31404659271e-09, 2.31516250615e-09, 5.60236135261e-10, 1.17786369547e-09, 7.19607151645e-10, 4.69783711932e-10, 5.31656829672e-10, 3.40441674851e-10, 2.18955992226e-10, 1.58458218769e-10, 1.59909058217e-10, 1.54203011471e-10, 3.48958570373e-11, 2.31137990692e-11, 1.02788827797e-11, 8.41095682685e-12, 1.41654517977e-11, 1.20645342674e-11, 1.54164337546e-11, 1.11561523908e-11, 5.31801165604e-12, 6.51401567235e-13],
        "dvar2": [4.76242785226e-05, 0.000108991269371, 1.06310280898e-05, 1.15224756883e-05, 1.8869191365e-07, 7.15602865853e-08, 3.01504350375e-08, 7.91428149682e-08, 4.53837927239e-08, 7.97852806045e-08, 1.04696065151e-08, 3.47003279444e-08, 1.21032481815e-08, 4.80670792058e-09, 4.58825155647e-09, 5.02108488121e-09, 4.31854996208e-09, 1.76134911101e-08, 8.64136673329e-09, 5.78537751039e-09, 1.4623995348e-09, 3.05658742761e-09, 2.04868011444e-09, 1.21644749829e-09, 1.41580225321e-09, 9.43453870583e-10, 5.92383364584e-10, 4.09918349265e-10, 4.27191421126e-10, 4.30867092005e-10, 8.87920431625e-11, 5.73308969742e-11, 2.44656066239e-11, 1.93777823648e-11, 2.55316982833e-11, 2.76747184197e-11, 3.16930752475e-11, 3.10184725127e-11, 1.50341423338e-11, 1.39079882593e-12],
        "max": [0.0352836363018, 0.05759081617, 0.0154988765717, 0.0217873435467, 0.00471057277173, 0.00266229407862, 0.00188256858382, 0.00533293420449, 0.00338669563644, 0.0039464761503, 0.000994420843199, 0.00251040467992, 0.00235602608882, 0.000863131252117, 0.00127764837816, 0.00112274405546, 0.000647360750008, 0.00141982687637, 0.00100901909173, 0.00165818096139, 0.000453091459349, 0.000650700472761, 0.000338098674547, 0.00029771818663, 0.000265274487901, 0.000230115969316, 0.000207079370739, 0.000333276955644, 0.000142815901199, 0.000156878508278, 6.69670771458e-05, 6.22402585577e-05, 4.00653552788e-05, 5.74935329496e-05, 0.000137495066156, 9.04344487935e-05, 0.000153389846673, 0.000117172974569, 8.04723968031e-05, 1.66607787833e-05],
        "mean": [0.00244104908779, 0.00399789586663, 0.00181417295244, 0.00092011957895, 0.000257159408648, 0.000170350103872, 8.18354383227e-05, 8.52057055454e-05, 8.11128411442e-05, 8.45127651701e-05, 3.97544790758e-05, 4.71998428111e-05, 3.34809956257e-05, 2.9195447496e-05, 2.95528243441e-05, 2.92850727419e-05, 3.31359442498e-05, 4.86028766318e-05, 5.24609167769e-05, 3.9899496187e-05, 2.66302686214e-05, 3.04925888486e-05, 2.92796194117e-05, 2.46242834692e-05, 2.25547119044e-05, 1.74622346094e-05, 1.6161122403e-05, 1.17167355711e-05, 1.15404700409e-05, 9.25596305024e-06, 7.29272778699e-06, 5.13536951985e-06, 3.68698829334e-06, 3.20795311382e-06, 3.381126362e-06, 3.29428530677e-06, 2.22090716306e-06, 1.54437759647e-06, 1.19741366689e-06, 1.02584283468e-06],
        "median": [0.00104381365236, 0.00257070572115, 0.00134433701169, 0.000483568466734, 0.000155983056175, 8.76858975971e-05, 4.3270218157e-05, 3.43687534041e-05, 2.31789490499e-05, 1.7556545572e-05, 9.74212525762e-06, 9.67103733274e-06, 9.34293075261e-06, 9.2869368018e-06, 6.99922793501e-06, 7.50284425521e-06, 1.48584031194e-05, 2.03329582291e-05, 3.04984150716e-05, 2.58825475612e-05, 1.79365197255e-05, 1.92866027646e-05, 2.25348812819e-05, 1.93146734091e-05, 1.57806443895e-05, 1.22116780403e-05, 1.19960204756e-05, 8.27402800496e-06, 7.44700219002e-06, 5.55386850465e-06, 4.75438127978e-06, 2.76024206869e-06, 1.60934882842e-06, 1.24143241464e-06, 1.50466951254e-06, 1.41901216466e-06, 1.03832780951e-06, 9.192339121e-07, 7.64006927056e-07, 6.09866731338e-07],
        "min": [1.55692457736e-24, 1.46525736245e-24, 2.56558569799e-24, 5.20155948241e-24, 9.36623940214e-24, 1.06115975471e-23, 1.09925014018e-23, 5.03028910242e-24, 6.96789872415e-24, 6.14966458312e-24, 1.54830439843e-24, 9.97322921452e-24, 7.34655432524e-24, 9.29618855375e-24, 8.24364536894e-24, 1.49205246277e-23, 8.55536533336e-24, 1.20958511732e-23, 1.01263920813e-23, 5.52117318348e-24, 7.90445411235e-24, 7.78059979479e-24, 8.4062477453e-24, 1.41236189189e-23, 1.58535372416e-23, 1.96971436731e-23, 7.43522386871e-24, 8.35623396391e-24, 1.40834374999e-23, 1.43100504167e-23, 1.38473724517e-23, 9.15446969213e-24, 8.59150305142e-24, 8.0846441426e-24, 1.34467226197e-23, 1.38105626242e-23, 9.94884473508e-24, 1.51413977925e-23, 8.93958477041e-24, 8.57255145704e-24],
        "var": [1.91830749827e-05, 3.14775279548e-05, 3.54249482371e-06, 3.11402095576e-06, 9.86138175563e-08, 6.80246969864e-08, 1.77837922166e-08, 3.43265611491e-08, 3.59818521645e-08, 7.79806725859e-08, 6.97584834342e-09, 2.71142823749e-08, 1.32470034941e-08, 4.32974589515e-09, 6.88579104846e-09, 4.98060392928e-09, 3.44845885181e-09, 1.00968371441e-08, 6.10150685532e-09, 4.46190995262e-09, 1.07598285837e-09, 1.7640138239e-09, 9.78797820572e-10, 7.41626982048e-10, 7.82077402839e-10, 4.06315092683e-10, 3.29853117043e-10, 2.52106335807e-10, 2.115719544e-10, 1.67335048595e-10, 6.66464036736e-11, 4.30247677763e-11, 2.4011650307e-11, 2.1339423284e-11, 3.77102689353e-11, 3.03267792823e-11, 2.72395422191e-11, 1.03642797469e-11, 4.50326104531e-12, 1.72313866734e-12]
    },
    "mfcc": {
        "mean": [-633.932556152, 89.9059143066, 9.02677345276, 47.7999382019, 23.7032108307, 12.6919469833, 3.83540964127, 3.87076282501, 4.08091306686, 4.06698703766, -2.4408826828, -1.14283645153, -4.34972143173],
        "cov": [[7946.58056641, -111.730422974, -763.892883301, -21.411365509, -268.360992432, -28.1955337524, -184.465774536, 0.541650235653, 19.7687568665, 161.832992554, -29.9085865021, -69.0846405029, -89.2047729492], [-111.730422974, 1222.70251465, 18.202041626, 77.6143341064, 129.946777344, 29.5603618622, 10.9025440216, 20.0569667816, -11.456492424, -45.0618095398, 24.8979721069, 17.7847290039, 8.04058742523], [-763.892883301, 18.202041626, 509.63848877, 74.237953186, 130.942214966, 53.0575065613, 54.2638053894, -11.7053527832, -15.3337469101, -46.1763153076, -17.5448894501, 26.4742012024, 16.5966377258], [-21.411365509, 77.6143341064, 74.237953186, 319.051483154, 126.363792419, 40.3295707703, 12.2877559662, 6.89715480804, 17.2291603088, -1.19756686687, 3.09793782234, -10.6680116653, 22.0105419159], [-268.360992432, 129.946777344, 130.942214966, 126.363792419, 190.247634888, 35.9565925598, 28.0697841644, -1.39396202564, 11.7043514252, -19.7695446014, -9.4032459259, -1.98495054245, 11.2915372849], [-28.1955337524, 29.5603618622, 53.0575065613, 40.3295707703, 35.9565925598, 113.255493164, 59.3970909119, 25.7786312103, -4.44151926041, -2.40882515907, -3.94731903076, -8.67818450928, -5.70961523056], [-184.465774536, 10.9025440216, 54.2638053894, 12.2877559662, 28.0697841644, 59.3970909119, 121.197319031, 44.3130455017, 8.75701236725, -17.6903953552, 4.07110071182, 8.27210426331, -3.74816942215], [0.541650235653, 20.0569667816, -11.7053527832, 6.89715480804, -1.39396202564, 25.7786312103, 44.3130455017, 89.5337677002, 23.9904289246, 13.1609859467, 5.99655199051, -1.09435534477, -10.0626764297], [19.7687568665, -11.456492424, -15.3337469101, 17.2291603088, 11.7043514252, -4.44151926041, 8.75701236725, 23.9904289246, 71.2597579956, 40.1038208008, 13.1179761887, 0.112537585199, -4.16417360306], [161.832992554, -45.0618095398, -46.1763153076, -1.19756686687, -19.7695446014, -2.40882515907, -17.6903953552, 13.1609859467, 40.1038208008, 89.1937866211, 30.5538711548, 6.80776834488, 4.8992266655], [-29.9085865021, 24.8979721069, -17.5448894501, 3.09793782234, -9.4032459259, -3.94731903076, 4.07110071182, 5.99655199051, 13.1179761887, 30.5538711548, 56.4777641296, 26.1017551422, 9.69923877716], [-69.0846405029, 17.7847290039, 26.4742012024, -10.6680116653, -1.98495054245, -8.67818450928, 8.27210426331, -1.09435534477, 0.112537585199, 6.80776834488, 26.1017551422, 67.076133728, 32.3750686646], [-89.2047729492, 8.04058742523, 16.5966377258, 22.0105419159, 11.2915372849, -5.70961523056, -3.74816942215, -10.0626764297, -4.16417360306, 4.8992266655, 9.69923877716, 32.3750686646, 63.4306869507]],
