{
"lowlevel": {
    "average_loudness": 0.94542568922,
    "barkbands_crest": {
        "dmean": 2.42483568192,
        "dmean2": 3.96772909164,
        "dvar": 6.61932182312,
        "dvar2": 17.9412155151,
        "max": 24.1720485687,
        "mean": 10.6932077408,
        "median": 10.0050621033,
        "min": 2.46109986305,
        "var": 16.3474121094
    },
    "barkbands_flatness_db": {
        "dmean": 0.0244195610285,
        "dmean2": 0.0382732860744,
        "dvar": 0.00073480658466,
        "dvar2": 0.00173499772791,
        "max": 0.477518767118,
        "mean": 0.179060429335,
        "median": 0.149187341332,
        "min": 0.0482897236943,
        "var": 0.00844806060195
    },
    "barkbands_kurtosis": {
        "dmean": 5.42481422424,
        "dmean2": 8.52461528778,
        "dvar": 72.0931243896,
        "dvar2": 183.238235474,
        "max": 112.691688538,
        "mean": 11.5586500168,
        "median": 4.31546545029,
        "min": -1.82162499428,
        "var": 273.732452393
    },
    "barkbands_skewness": {
        "dmean": 0.679131388664,
        "dmean2": 1.03434193134,
        "dvar": 0.552092730999,
        "dvar2": 1.36947453022,
        "max": 8.42243480682,
        "mean": 2.44270324707,
        "median": 2.08771562576,
        "min": -2.01420283318,
        "var": 2.71392679214
    },
    "barkbands_spread": {
        "dmean": 5.74205970764,
        "dmean2": 8.856341362,
        "dvar": 58.7114562988,
        "dvar2": 131.709396362,
        "max": 97.8399887085,
        "mean": 21.0543346405,
        "median": 18.413438797,
        "min": 0.545787572861,
        "var": 274.262542725
    },
    "dissonance": {
        "dmean": 0.0174008887261,
        "dmean2": 0.0283781997859,
        "dvar": 0.000375535601052,
        "dvar2": 0.000976447830908,
        "max": 0.499727427959,
        "mean": 0.45849865675,
        "median": 0.468748927116,
        "min": 0.206587687135,
        "var": 0.00117952586152
    },
    "dynamic_complexity": 3.14400267601,
    "erbbands_crest": {
        "dmean": 2.47836685181,
        "dmean2": 3.9151506424,
        "dvar": 5.59659194946,
        "dvar2": 13.6447410583,
        "max": 26.7349338531,
        "mean": 9.11779689789,
        "median": 8.14688110352,
        "min": 2.59094548225,
        "var": 18.497718811
    },
    "erbbands_flatness_db": {
        "dmean": 0.0146476356313,
        "dmean2": 0.0210042633116,
        "dvar": 0.000256990606431,
        "dvar2": 0.00050346320495,
        "max": 0.417227715254,
        "mean": 0.156679034233,
        "median": 0.128776684403,
        "min": 0.0467658266425,
        "var": 0.00572127616033
    },
    "erbbands_kurtosis": {
        "dmean": 1.05980288982,
        "dmean2": 1.6114988327,
        "dvar": 2.66884326935,
        "dvar2": 5.3626294136,
        "max": 27.9869689941,
        "mean": 0.724888086319,
        "median": -0.112428426743,
        "min": -1.81308507919,
        "var": 8.08461761475
    },
    "erbbands_skewness": {
        "dmean": 0.363720476627,
        "dmean2": 0.53082793951,
        "dvar": 0.143188372254,
        "dvar2": 0.282476067543,
        "max": 4.61535215378,
        "mean": 0.368181109428,
        "median": 0.240232944489,
        "min": -2.58798909187,
        "var": 1.04737710953
    },
    "erbbands_spread": {
        "dmean": 10.684844017,
        "dmean2": 15.8964672089,
        "dvar": 131.040359497,
        "dvar2": 282.792236328,
        "max": 150.221099854,
        "mean": 51.521270752,
        "median": 48.8612937927,
        "min": 2.8552839756,
        "var": 729.487426758
    },
    "hfc": {
        "dmean": 6.31468248367,
        "dmean2": 9.9969367981,
        "dvar": 184.581939697,
        "dvar2": 489.96762085,
        "max": 144.184249878,
        "mean": 16.2511863708,
        "median": 11.3773403168,
        "min": 1.09036691798e-16,
        "var": 305.766235352
    },
    "melbands_crest": {
        "dmean": 3.07302689552,
        "dmean2": 4.90620231628,
        "dvar": 7.79420852661,
        "dvar2": 20.811788559,
        "max": 33.43334198,
        "mean": 16.370639801,
        "median": 15.7176408768,
        "min": 1.5620085001,
        "var": 27.6658763885
    },
    "melbands_flatness_db": {
        "dmean": 0.0296689197421,
        "dmean2": 0.0456554964185,
        "dvar": 0.00114180857781,
        "dvar2": 0.0026337208692,
        "max": 0.601796507835,
        "mean": 0.257203906775,
        "median": 0.230146497488,
        "min": 0.00482860626653,
        "var": 0.0135959805921
    },
    "melbands_kurtosis": {
        "dmean": 15.395152092,
        "dmean2": 24.3985462189,
        "dvar": 569.452331543,
        "dvar2": 1426.03894043,
        "max": 337.755340576,
        "mean": 35.4004478455,
        "median": 17.9811096191,
        "min": -1.39264988899,
        "var": 1795.31469727
    },
    "melbands_skewness": {
        "dmean": 1.02891075611,
        "dmean2": 1.59011936188,
        "dvar": 1.35157585144,
        "dvar2": 3.23819613457,
        "max": 14.7385339737,
        "mean": 4.18424415588,
        "median": 3.73010158539,
        "min": -0.232701897621,
        "var": 5.13217592239
    },
    "melbands_spread": {
        "dmean": 5.89388561249,
        "dmean2": 9.2169342041,
        "dvar": 66.9167861938,
        "dvar2": 162.607040405,
        "max": 158.518920898,
        "mean": 17.8237361908,
        "median": 12.7016124725,
        "min": 0.673480391502,
        "var": 383.582489014
    },
    "pitch_salience": {
        "dmean": 0.0737411603332,
        "dmean2": 0.121537089348,
        "dvar": 0.00499873841181,
        "dvar2": 0.0142620000988,
        "max": 0.856406748295,
        "mean": 0.545396983624,
        "median": 0.553117454052,
        "min": 0.135857313871,
        "var": 0.0122853126377
    },
    "silence_rate_20dB": {
        "dmean": 0,
        "dmean2": 0,
        "dvar": 0,
        "dvar2": 0,
        "max": 1,
        "mean": 1,
        "median": 1,
        "min": 1,
        "var": 0
    },
    "silence_rate_30dB": {
        "dmean": 0.0278637763113,
        "dmean2": 0.055749129504,
        "dvar": 0.0270878225565,
        "dvar2": 0.0727725923061,
        "max": 1,
        "mean": 0.982205033302,
        "median": 1,
        "min": 0,
        "var": 0.0174782741815
    },
    "silence_rate_60dB": {
        "dmean": 0.0166408661753,
        "dmean2": 0.0332946181297,
        "dvar": 0.0163652841002,
        "dvar2": 0.0368299037218,
        "max": 1,
        "mean": 0.0889748558402,
        "median": 0,
        "min": 0,
        "var": 0.0810609012842
    },
    "spectral_centroid": {
        "dmean": 245.243911743,
        "dmean2": 378.31729126,
        "dvar": 146419.03125,
        "dvar2": 297714.96875,
        "max": 11495.1289062,
        "mean": 1239.58447266,
        "median": 1040.17663574,
        "min": 162.314086914,
        "var": 1586190.125
    },
    "spectral_complexity": {
        "dmean": 3.80921053886,
        "dmean2": 5.6198220253,
        "dvar": 32.4152870178,
        "dvar2": 64.6959838867,
        "max": 65,
        "mean": 14.8549318314,
        "median": 12,
        "min": 0,
        "var": 133.653656006
    },
    "spectral_decrease": {
        "dmean": 3.92028987051e-09,
        "dmean2": 6.75521816262e-09,
        "dvar": 6.65657451386e-17,
        "dvar2": 1.81139967769e-16,
        "max": 1.33074753587e-28,
        "mean": -6.88940504645e-09,
        "median": -5.09005282368e-09,
        "min": -6.66942412408e-08,
        "var": 5.76680081349e-17
    },
    "spectral_energy": {
        "dmean": 0.0152449058369,
        "dmean2": 0.0262108091265,
        "dvar": 0.000997891300358,
        "dvar2": 0.00271366233937,
        "max": 0.259105980396,
        "mean": 0.0274762567133,
        "median": 0.0206939689815,
        "min": 9.98709518042e-21,
        "var": 0.000879432889633
    },
    "spectral_energyband_high": {
        "dmean": 0.000445950834546,
        "dmean2": 0.00069189775968,
        "dvar": 1.19304297641e-06,
        "dvar2": 3.06481160806e-06,
        "max": 0.012259375304,
        "mean": 0.00103108061012,
        "median": 0.000485834549181,
        "min": 7.12069706146e-21,
        "var": 2.06996742236e-06
    },
    "spectral_energyband_low": {
        "dmean": 0.0109199592844,
        "dmean2": 0.0189886558801,
        "dvar": 0.000706049380824,
        "dvar2": 0.00194201129489,
        "max": 0.216231033206,
        "mean": 0.0148063264787,
        "median": 0.00892681907862,
        "min": 2.43610313397e-23,
        "var": 0.000547389208805
    },
    "spectral_energyband_middle_high": {
        "dmean": 0.00123020028695,
        "dmean2": 0.00195211591199,
        "dvar": 5.97712505623e-06,
        "dvar2": 1.56582209456e-05,
        "max": 0.0267643518746,
        "mean": 0.00276818871498,
        "median": 0.0014754406875,
        "min": 1.17127320709e-21,
        "var": 1.36457583721e-05
    },
    "spectral_energyband_middle_low": {
        "dmean": 0.00571841746569,
        "dmean2": 0.00961118005216,
        "dvar": 0.000147463026224,
        "dvar2": 0.00040455054841,
        "max": 0.121420532465,
        "mean": 0.011859969236,
        "median": 0.00916045438498,
        "min": 2.03863228522e-22,
        "var": 0.000140758871567
    },
    "spectral_entropy": {
        "dmean": 0.170900508761,
        "dmean2": 0.244146034122,
        "dvar": 0.0532994046807,
        "dvar2": 0.100987590849,
        "max": 9.81644821167,
        "mean": 7.35605049133,
        "median": 7.60712528229,
        "min": 4.59957790375,
        "var": 0.719263970852
    },
    "spectral_flux": {
        "dmean": 0.0328872278333,
        "dmean2": 0.0500134900212,
        "dvar": 0.00272959726863,
        "dvar2": 0.00508388783783,
        "max": 0.425215661526,
        "mean": 0.0801876559854,
        "median": 0.0592052154243,
        "min": 6.49406570186e-11,
        "var": 0.00510004675016
    },
    "spectral_kurtosis": {
        "dmean": 4.60043907166,
        "dmean2": 6.95732450485,
        "dvar": 173.885559082,
        "dvar2": 356.49987793,
        "max": 188.523834229,
        "mean": 11.6365861893,
        "median": 2.41214609146,
        "min": -1.2452236414,
        "var": 816.073974609
    },
    "spectral_rms": {
        "dmean": 0.00109897193033,
        "dmean2": 0.00179952837061,
        "dvar": 3.22723531099e-06,
        "dvar2": 8.51248478284e-06,
        "max": 0.0158992558718,
        "mean": 0.00466415612027,
        "median": 0.00449324352667,
        "min": 3.12145925427e-12,
        "var": 5.05176876686e-06
    },
    "spectral_rolloff": {
        "dmean": 486.322814941,
        "dmean2": 820.780273438,
        "dvar": 840317.75,
        "dvar2": 1892727.875,
        "max": 19509.0820312,
        "mean": 1287.43225098,
        "median": 516.796875,
        "min": 64.599609375,
        "var": 5177989
    },
    "spectral_skewness": {
        "dmean": 0.363777965307,
        "dmean2": 0.546006917953,
        "dvar": 0.551651477814,
        "dvar2": 1.09325456619,
        "max": 11.3436822891,
        "mean": 1.86657571793,
        "median": 1.28412973881,
        "min": -0.0635124891996,
        "var": 3.5567138195
    },
    "spectral_spread": {
        "dmean": 530240,
        "dmean2": 806323.5,
        "dvar": 1.5412059177e+12,
        "dvar2": 2.5964487639e+12,
        "max": 41915924,
        "mean": 5366993.5,
        "median": 5317816,
        "min": 482957.78125,
        "var": 1.72055823647e+13
    },
    "spectral_strongpeak": {
        "dmean": 0.275859951973,
        "dmean2": 0.474457204342,
        "dvar": 0.313583314419,
        "dvar2": 0.844894886017,
        "max": 7.52657794952,
        "mean": 0.522501885891,
        "median": 0.381680190563,
        "min": 0,
        "var": 0.33177664876
    },
    "zerocrossingrate": {
        "dmean": 0.00922707933933,
        "dmean2": 0.0111856674775,
        "dvar": 0.00014105840819,
        "dvar2": 0.000188571386389,
        "max": 0.52978515625,
        "mean": 0.0564664676785,
        "median": 0.04638671875,
        "min": 0.005859375,
        "var": 0.00341241760179
    },
    "barkbands": {
        "dmean": [0.000224357252591, 0.00730110006407, 0.00365576287732, 0.00280194939114, 0.00269384658895, 0.00050199450925, 0.000464557582745, 0.000342070998158, 0.000381445686799, 0.000168721206137, 9.72847337835e-05, 0.000177395777428, 0.000170655199327, 0.000199561269255, 0.00022763783636, 0.000162632364663, 0.000228589677135, 0.000170816929312, 0.000184035990969, 0.000208271914744, 0.000165491175721, 0.000105377424916, 8.0393794633e-05, 4.27688610216e-05, 3.69289919036e-05, 1.73090702447e-05, 8.32980731502e-07],
        "dmean2": [0.000342965009622, 0.0130218761042, 0.00656117592007, 0.00456521520391, 0.00468781869859, 0.000785523152445, 0.000788077886682, 0.000534912222065, 0.000578202714678, 0.00028250250034, 0.000162796233781, 0.000279503234196, 0.000285342044663, 0.000327872810885, 0.000371897651348, 0.000265143986326, 0.000383542006603, 0.00028204525006, 0.000316268851748, 0.000354210176738, 0.000270550139248, 0.000168953294633, 0.000123916528537, 6.44273823127e-05, 5.40939618077e-05, 2.57791107288e-05, 1.34401636842e-06],
        "dvar": [2.70612105169e-07, 0.000350341026206, 9.2448979558e-05, 2.3509723178e-05, 5.27320153196e-05, 8.01979012977e-07, 1.8473815544e-06, 6.4358198415e-07, 7.84541498433e-07, 1.77037122739e-07, 1.05117109683e-07, 2.72721507599e-07, 2.09830460562e-07, 2.01335211614e-07, 3.12918416512e-07, 1.04451430616e-07, 3.64144170817e-07, 2.49330184943e-07, 2.01585564241e-07, 3.24981442645e-07, 1.85122615903e-07, 7.65931176261e-08, 3.13663122142e-08, 9.23771814598e-09, 7.45174411065e-09, 2.40080910707e-09, 1.74989207152e-11],
        "dvar2": [5.54745213321e-07, 0.000956796284299, 0.000271061609965, 6.35953110759e-05, 0.000145431069541, 2.29120814765e-06, 5.18987235409e-06, 1.54140570885e-06, 1.67956432051e-06, 4.79328150504e-07, 2.77953290606e-07, 6.5101500013e-07, 5.31762225364e-07, 4.9854838835e-07, 8.15849034552e-07, 2.6983335033e-07, 9.33256785629e-07, 6.1993057443e-07, 5.45718307876e-07, 9.16765770853e-07, 5.05364482706e-07, 1.96732045765e-07, 7.53188089675e-08, 2.03188310621e-08, 1.80973618313e-08, 5.33887067888e-09, 4.17687377741e-11],
        "max": [0.0074811661616, 0.145702078938, 0.104039944708, 0.0523855425417, 0.0758522450924, 0.0128334183246, 0.0136464321986, 0.0123749636114, 0.0144974663854, 0.00518539175391, 0.00756327994168, 0.0163017492741, 0.0106596136466, 0.00598840694875, 0.00953687727451, 0.00402402644977, 0.0117806466296, 0.0127609353513, 0.00414043292403, 0.00721387704834, 0.00519523443654, 0.00405266880989, 0.00344493542798, 0.00238685542718, 0.00167956668884, 0.00113560282625, 8.92133684829e-05],
        "mean": [0.000280829059193, 0.00725900288671, 0.0043183285743, 0.00546170957386, 0.00362406228669, 0.000953105161898, 0.000545566203073, 0.000530767487362, 0.000667649379466, 0.000213613340748, 0.000133544162964, 0.000293843535474, 0.000234220657148, 0.000301970954752, 0.000326072360622, 0.000264700036496, 0.000368553417502, 0.000255661434494, 0.000267379626166, 0.000302526401356, 0.000292425538646, 0.000197188739548, 0.000180325834663, 0.000106403182144, 6.60768491798e-05, 2.98329687212e-05, 9.03902844129e-07],
        "median": [5.95865421928e-05, 0.00310641760007, 0.00206557195634, 0.00344257894903, 0.00206772843376, 0.000626010412816, 0.00016649637837, 9.90032276604e-05, 0.00017656487762, 8.05516901892e-05, 2.66151018877e-05, 4.46464910056e-05, 3.90993482142e-05, 5.08674420416e-05, 4.51154082839e-05, 5.07303848281e-05, 7.564000407e-05, 5.52918463654e-05, 6.42479935777e-05, 9.91376218735e-05, 9.61181576713e-05, 5.5101718317e-05, 7.20110328984e-05, 5.54467733309e-05, 2.74748708762e-05, 9.05918568606e-06, 1.59511941433e-08],
        "min": [5.91074938051e-25, 2.35867911825e-24, 1.73839934155e-25, 1.81098443024e-24, 9.69819364878e-24, 1.3738429183e-23, 1.20049436314e-23, 1.27469296327e-23, 1.59739489701e-23, 3.22729117887e-23, 1.91326300762e-23, 2.6172625165e-23, 3.55053545448e-23, 3.37181522987e-23, 7.55994372446e-23, 6.14834844759e-23, 8.64870493338e-23, 1.19872021496e-22, 1.56818555495e-22, 1.40011930707e-22, 2.10782359076e-22, 3.22109426625e-22, 4.18616776503e-22, 5.9822026027e-22, 9.26908080025e-22, 1.22497714096e-21, 2.09676734545e-21],
        "var": [4.3584915943e-07, 0.000253335107118, 6.1571932747e-05, 3.68162327504e-05, 4.06167273468e-05, 1.17221520668e-06, 1.44681632719e-06, 1.38180007525e-06, 2.4427927201e-06, 1.81448655212e-07, 1.81194423021e-07, 1.01734838154e-06, 4.14933708726e-07, 3.92723279674e-07, 5.61090303108e-07, 2.38669969121e-07, 8.06036609902e-07, 4.05053185659e-07, 2.52527030398e-07, 3.23946892422e-07, 2.32115937138e-07, 1.26644039256e-07, 7.75472770442e-08, 2.13042721242e-08, 1.10400169007e-08, 4.47683934368e-09, 2.21544987217e-11]
    },
    "erbbands": {
        "dmean": [0.179985508323, 1.79778933525, 4.27355194092, 6.54014587402, 12.6689357758, 6.47342348099, 4.78579711914, 3.75356340408, 5.32664299011, 7.53318405151, 7.83761262894, 8.99127483368, 7.0126490593, 4.44474029541, 4.70987844467, 7.33109712601, 8.29810333252, 9.33241939545, 12.8312511444, 7.29770946503, 9.22603225708, 11.9139842987, 9.61965751648, 7.15712833405, 10.6274251938, 9.62067317963, 7.88367176056, 5.91735124588, 3.92001342773, 2.70082259178, 2.26397657394, 1.29562449455, 0.561681389809, 0.425446301699, 0.266292691231, 0.0962637960911, 0.0302418339998, 0.00446614110842, 9.49707609834e-05, 1.92809620785e-05],
        "dmean2": [0.313212394714, 3.23625135422, 7.8129734993, 10.7548427582, 22.0431690216, 11.1283826828, 7.70194530487, 5.91336870193, 9.34687423706, 11.882938385, 12.0031671524, 13.6479759216, 11.1365327835, 7.42219734192, 7.73649597168, 11.4421348572, 13.7763967514, 14.9231090546, 20.9565792084, 11.7023639679, 14.7682323456, 19.8540267944, 15.8093767166, 12.2123661041, 18.2243824005, 16.3483505249, 13.011472702, 9.76376152039, 6.27406167984, 4.21220064163, 3.45916128159, 1.96330916882, 0.847909629345, 0.630737483501, 0.397611647844, 0.14725112915, 0.0440005883574, 0.00673569133505, 0.000143002675031, 3.2428491977e-05],
        "dvar": [0.212071865797, 21.5749206543, 126.844909668, 148.10206604, 1087.64318848, 245.709579468, 65.8442306519, 55.8107719421, 314.941162109, 369.91796875, 356.992706299, 525.093933105, 293.065429688, 104.083244324, 219.20741272, 407.47769165, 519.868652344, 398.998657227, 1060.67797852, 283.049957275, 368.653900146, 818.56463623, 662.76184082, 356.356964111, 797.135131836, 677.032897949, 473.846496582, 228.582000732, 106.680053711, 37.4906578064, 24.3123912811, 7.91221141815, 1.45887303352, 1.1223962307, 0.36729618907, 0.0580173656344, 0.00826140027493, 0.000342303799698, 1.4084191946e-07, 1.43912204376e-09],
        "dvar2": [0.570784211159, 59.9336585999, 369.434448242, 420.199249268, 2991.14428711, 697.53704834, 182.24949646, 160.421112061, 912.534179688, 906.854125977, 840.604125977, 1136.04638672, 685.335998535, 264.868408203, 632.92755127, 952.80847168, 1257.54125977, 969.885620117, 2784.61914062, 706.290893555, 905.431091309, 2083.76586914, 1666.71179199, 960.455688477, 2207.52124023, 1903.4473877, 1302.44921875, 621.505859375, 274.695465088, 90.6847229004, 56.9099960327, 17.2003974915, 3.3080868721, 2.76926612854, 0.877738654613, 0.138614937663, 0.017563931644, 0.000751593091991, 3.12898123411e-07, 3.84655018948e-09],
        "max": [3.99131035805, 34.4295463562, 111.794464111, 158.952453613, 315.724700928, 214.799087524, 110.614738464, 102.576477051, 179.076690674, 304.807952881, 317.449859619, 448.984375, 295.246643066, 137.100296021, 329.749603271, 503.173858643, 580.661499023, 272.964691162, 506.498382568, 354.769104004, 270.757385254, 527.776489258, 613.112609863, 229.773178101, 337.55267334, 309.45425415, 329.510650635, 174.762115479, 138.968200684, 89.5947799683, 100.362983704, 56.5337333679, 28.064409256, 23.2404937744, 10.3710641861, 4.68435287476, 2.0629594326, 0.405507385731, 0.00811071693897, 0.000310315284878],
        "mean": [0.162759080529, 1.78453636169, 5.0685801506, 12.7666273117, 16.624130249, 10.1101875305, 8.57317733765, 6.49917411804, 5.98492860794, 10.4896478653, 12.8379516602, 14.9417915344, 11.7147636414, 6.27852106094, 7.67837429047, 11.9988670349, 12.4868679047, 14.9240446091, 19.1740550995, 11.8271760941, 16.9594326019, 20.5216331482, 15.8364725113, 10.7631998062, 15.3425168991, 14.5759115219, 12.8228025436, 10.4852056503, 7.23743057251, 5.50629091263, 5.14983320236, 3.126090765, 1.36267113686, 0.835846245289, 0.415842592716, 0.152148798108, 0.0529801398516, 0.00679721776396, 0.000154688343173, 3.82696453016e-05],
        "median": [0.0429755523801, 0.835148394108, 2.86199617386, 8.34141540527, 9.44124507904, 5.45223379135, 4.9462351799, 4.15610074997, 2.23381233215, 3.11143779755, 2.43825674057, 4.63238334656, 3.12892770767, 2.26640701294, 1.45575988293, 2.14716172218, 2.1716697216, 2.87330889702, 2.93414711952, 2.72274780273, 3.22869753838, 4.44683933258, 3.60512733459, 2.66104531288, 4.25106048584, 4.59265136719, 4.34043979645, 3.18612504005, 2.01415872574, 1.68958330154, 2.27046632767, 1.50329947472, 0.67901712656, 0.408740758896, 0.120413228869, 0.0440171770751, 0.0146662415937, 0.00171628512908, 5.44400172657e-05, 2.90629559458e-05],
        "min": [7.76599356181e-23, 6.00056476022e-22, 2.0090322803e-21, 1.33996691872e-20, 1.77122779005e-20, 3.05927547362e-20, 1.35042223932e-19, 7.55073145982e-20, 1.62880716029e-19, 2.41264880787e-19, 2.92847915485e-19, 4.55395342351e-19, 7.41889192412e-19, 1.07975969561e-18, 1.08152727718e-18, 1.32544795057e-18, 1.5165083707e-18, 1.95868283362e-18, 2.76074652046e-18, 3.83495779872e-18, 4.01002188997e-18, 5.34651208133e-18, 6.64760804146e-18, 8.43823900068e-18, 7.1696946656e-18, 7.32245259086e-18, 1.20781505061e-17, 8.19003105017e-18, 1.25222414431e-17, 9.67008298634e-18, 1.2735259476e-17, 1.10487680743e-17, 1.03483686071e-17, 8.43712726994e-18, 5.60264235415e-18, 4.2146200514e-18, 2.26409280503e-18, 1.02863300611e-18, 2.78279429591e-19, 2.89549565104e-20],
        "var": [0.166166305542, 14.7617931366, 82.0409698486, 199.349182129, 822.326904297, 218.511077881, 117.848526001, 61.6282234192, 214.856231689, 498.082397461, 900.065490723, 1149.34753418, 907.522216797, 148.360137939, 505.006225586, 1189.7767334, 1129.3182373, 838.276794434, 1809.26599121, 607.714294434, 1076.80883789, 2052.06152344, 1431.52856445, 446.725189209, 845.878234863, 711.374206543, 513.004272461, 312.351959229, 172.768859863, 85.8289794922, 61.0290031433, 19.8740940094, 3.22384285927, 1.5911346674, 0.543403744698, 0.0885888338089, 0.0166719984263, 0.000592432683334, 2.38116669493e-07, 1.52962986721e-09]
    },
    "gfcc": {
        "mean": [-47.4658966064, 102.134902954, -88.7214126587, 49.6834907532, -53.7752532959, 14.1119775772, -38.1847686768, 3.93405842781, -25.4722824097, -3.23204946518, -21.7026500702, -10.3381404877, -12.579035759],
        "cov": [[27284.0253906, -4110.83056641, -2046.85803223, 3223.63134766, -1358.08703613, 1757.70080566, -807.311767578, 1126.76306152, -509.37020874, 742.877685547, -528.152282715, 739.532531738, -669.719604492], [-4110.83056641, 3060.30615234, 46.0243377686, -1337.98120117, 349.114685059, -743.192687988, 141.955368042, -534.933898926, 58.3520202637, -411.026397705, 121.448104858, -445.42590332, 220.951141357], [-2046.85803223, 46.0243377686, 795.459838867, 3.12789916992, 12.2107315063, 40.753818512, 19.8876094818, -44.7388648987, 42.3840293884, -21.2271347046, 61.7070503235, -19.9147586823, 81.2998657227], [3223.63134766, -1337.98120117, 3.12789916992, 1166.36096191, -244.066268921, 353.465148926, -86.2941665649, 277.06842041, -40.8950691223, 151.84815979, -30.9816741943, 169.145217896, -35.9227638245], [-1358.08703613, 349.114685059, 12.2107315063, -244.066268921, 296.825256348, -122.647216797, 40.7403144836, -59.3549499512, 32.7686195374, -36.8837089539, 17.0911941528, -46.6458053589, 34.862537384], [1757.70080566, -743.192687988, 40.753818512, 353.465148926, -122.647216797, 464.502746582, -9.36137580872, 162.401794434, -9.931432724, 90.1851806641, 14.9072055817, 111.339660645, -55.7191429138], [-807.311767578, 141.955368042, 19.8876094818, -86.2941665649, 40.7403144836, -9.36137580872, 175.54006958, -12.057557106, -23.8095645905, -50.9846153259, 42.8752746582, -27.1025791168, 6.31926441193], [1126.76306152, -534.933898926, -44.7388648987, 277.06842041, -59.3549499512, 162.401794434, -12.057557106, 194.86869812, 11.6129493713, 74.552192688, -23.4303703308, 80.617805481, -36.0269851685], [-509.37020874, 58.3520202637, 42.3840293884, -40.8950691223, 32.7686195374, -9.931432724, -23.8095645905, 11.6129493713, 121.303421021, 20.5762176514, -4.57530117035, -29.3305644989, 14.9084177017], [742.877685547, -411.026397705, -21.2271347046, 151.84815979, -36.8837089539, 90.1851806641, -50.9846153259, 74.552192688, 20.5762176514, 159.594955444, -14.7193670273, 44.4686698914, -48.9436454773], [-528.152282715, 121.448104858, 61.7070503235, -30.9816741943, 17.0911941528, 14.9072055817, 42.8752746582, -23.4303703308, -4.57530117035, -14.7193670273, 104.791671753, 3.57672977448, 21.0800609589], [739.532531738, -445.42590332, -19.9147586823, 169.145217896, -46.6458053589, 111.339660645, -27.1025791168, 80.617805481, -29.3305644989, 44.4686698914, 3.57672977448, 163.955673218, -14.2267513275], [-669.719604492, 220.951141357, 81.2998657227, -35.9227638245, 34.862537384, -55.7191429138, 6.31926441193, -36.0269851685, 14.9084177017, -48.9436454773, 21.0800609589, -14.2267513275, 106.760375977]],
        "icov": [[0.000294119672617, -0.000719554605894, 0.000500004272908, -0.00073345459532, 0.000414292735513, -0.000950002518948, 0.000806584896054, -0.000680750759784, 0.00106025440618, -0.000766521901824, 0.00116122991312, -0.000776985951234, 0.000965819112025], [-0.000719554605894, 0.00376613298431, -0.000908583577257, 0.00288628414273, -0.00102218636312, 0.00316503620706, -0.00151868280955, 0.00262841652147, -0.00277997157536, 0.00386602524668, -0.00460917130113, 0.00461346236989, -0.0039971913211], [0.000500004272908, -0.000908583577257, 0.00238281791098, -0.00116091337986, 0.00075918994844, -0.00185120955575, 0.00130568363238, -0.000441117212176, 0.00125654076692, -0.00112785107922, 0.00118896458298, -0.000796663342044, 0.000338135869242], [-0.00073345459532, 0.00288628414273, -0.00116091337986, 0.00409676786512, -0.000319957325701, 0.00242406246252, -0.0012844480807, 0.000461660209112, -0.00193879101425, 0.0024298185017, -0.00383785157464, 0.00332558806986, -0.00412488449365], [0.000414292735513, -0.00102218636312, 0.00075918994844, -0.000319957325701, 0.00504745775834, -0.000690289365593, 0.000327357818605, -0.00119399395771, 0.000569955212995, -0.00141902035102, 0.00138316839002, -0.00118285650387, 0.000436946866103], [-0.000950002518948, 0.00316503620706, -0.00185120955575, 0.00242406246252, -0.000690289365593, 0.00720318825915, -0.0026649297215, 0.000728115439415, -0.00362104107626, 0.00301467441022, -0.00562512688339, 0.00270865811035, -0.00253682234325], [0.000806584896054, -0.00151868280955, 0.00130568363238, -0.0012844480807, 0.000327357818605, -0.0026649297215, 0.0102045498788, -0.00381096475758, 0.00483628455549, 0.00059410603717, -0.000354821415385, 0.000162041411386, 0.00307722738944], [-0.000680750759784, 0.00262841652147, -0.000441117212176, 0.000461660209112, -0.00119399395771, 0.000728115439415, -0.00381096475758, 0.0136875361204, -0.00543202040717, 0.00107272050809, -0.00102759595029, 6.08654736425e-05, -0.00214316137135], [0.00106025440618, -0.00277997157536, 0.00125654076692, -0.00193879101425, 0.000569955212995, -0.00362104107626, 0.00483628455549, -0.00543202040717, 0.0147334067151, -0.00485702976584, 0.00414722599089, -9.91589186015e-05, 0.00148377404548], [-0.000766521901824, 0.00386602524668, -0.00112785107922, 0.0024298185017, -0.00141902035102, 0.00301467441022, 0.00059410603717, 0.00107272050809, -0.00485702976584, 0.0140000237152, -0.00552727840841, 0.00388555298559, -6.39020363451e-05], [0.00116122991312, -0.00460917130113, 0.00118896458298, -0.00383785157464, 0.00138316839002, -0.00562512688339, -0.000354821415385, -0.00102759595029, 0.00414722599089, -0.00552727840841, 0.018376680091, -0.00687324814498, 0.00325612397864], [-0.000776985951234, 0.00461346236989, -0.000796663342044, 0.00332558806986, -0.00118285650387, 0.00270865811035, 0.000162041411386, 6.08654736425e-05, -9.91589186015e-05, 0.00388555298559, -0.00687324814498, 0.0150116663426, -0.00573285808787], [0.000965819112025, -0.0039971913211, 0.000338135869242, -0.00412488449365, 0.000436946866103, -0.00253682234325, 0.00307722738944, -0.00214316137135, 0.00148377404548, -6.39020363451e-05, 0.00325612397864, -0.00573285808787, 0.0180371850729]]
    },
    "melbands": {
        "dmean": [0.00182350259274, 0.00231417198665, 0.00134193175472, 0.000700635195244, 0.000166289682966, 8.6415966507e-05, 8.5436651716e-05, 7.58774913265e-05, 6.27655972494e-05, 5.8127054217e-05, 3.45891712641e-05, 1.86652869161e-05, 1.54134959303e-05, 1.86107718037e-05, 2.03315303224e-05, 1.65425281011e-05, 1.83711927093e-05, 2.08466626646e-05, 1.41777090903e-05, 8.82306994754e-06, 1.22781457321e-05, 1.27014409372e-05, 1.4715657926e-05, 6.21393428446e-06, 5.90553827351e-06, 7.8884377217e-06, 8.15963812784e-06, 6.40255530016e-06, 5.23657445228e-06, 4.23932578997e-06, 3.44581667377e-06, 2.47618777394e-06, 1.87297257526e-06, 1.54916017436e-06, 1.4049485344e-06, 1.32491265958e-06, 6.85836880621e-07, 4.19748204195e-07, 3.90344325751e-07, 3.73271717535e-07],
        "dmean2": [0.00321256648749, 0.0041868747212, 0.00224234373309, 0.00121342227794, 0.000276471138932, 0.00013655803923, 0.000148763909237, 0.000118330404803, 9.60230536293e-05, 8.84740875335e-05, 5.51798148081e-05, 3.12449556077e-05, 2.56574949162e-05, 2.88346036541e-05, 3.32676318067e-05, 2.68094481726e-05, 2.96465095744e-05, 3.4327567846e-05, 2.32028251048e-05, 1.46870888784e-05, 1.98807520064e-05, 2.15822674363e-05, 2.38788852585e-05, 1.0493584341e-05, 1.01349769466e-05, 1.35948448587e-05, 1.39995054269e-05, 1.08938993435e-05, 8.87186797627e-06, 6.97386076354e-06, 5.79550169277e-06, 4.03633885071e-06, 2.98391955766e-06, 2.45880073635e-06, 2.17423553295e-06, 2.07134598895e-06, 1.06236950614e-06, 6.47074273274e-07, 6.16797194652e-07, 5.56369343485e-07],
        "dvar": [2.20258516492e-05, 3.56810742232e-05, 6.22832931185e-06, 3.5279349504e-06, 8.4920891652e-08, 2.95601800815e-08, 7.53697761979e-08, 3.60138407984e-08, 2.21968736724e-08, 2.13742836763e-08, 7.60119700516e-09, 2.01795447019e-09, 2.71597677681e-09, 4.10315292854e-09, 3.23392002066e-09, 1.82112447344e-09, 1.66339364505e-09, 2.92538415714e-09, 1.23017718234e-09, 4.45262687832e-10, 7.29829252588e-10, 8.91099249944e-10, 2.42527287142e-09, 2.50515524991e-10, 2.42673020567e-10, 3.46869782897e-10, 5.51304224494e-10, 2.85378193299e-10, 2.47130843567e-10, 1.11834048966e-10, 8.04007554978e-11, 4.59836786704e-11, 1.78897521796e-11, 1.29439592725e-11, 1.0208895361e-11, 7.32584479191e-12, 2.30981444908e-12, 8.87976920726e-13, 5.68144598208e-13, 9.99507551377e-13],
        "dvar2": [5.96003810642e-05, 0.00010182132246, 1.73766784428e-05, 9.79624928732e-06, 2.43477387585e-07, 8.52625916536e-08, 2.17152347659e-07, 8.67438672003e-08, 5.13368227928e-08, 4.62457983019e-08, 1.78540204843e-08, 5.21512166785e-09, 7.52980078289e-09, 9.38081523572e-09, 8.51697556925e-09, 4.41701653031e-09, 4.1251446703e-09, 7.54700923977e-09, 3.18508885933e-09, 1.14188891676e-09, 1.81035764157e-09, 2.35978192542e-09, 6.09322636791e-09, 6.78176070856e-10, 6.55823451101e-10, 9.447372884e-10, 1.55731094686e-09, 8.0018414117e-10, 6.85884460339e-10, 3.00729441349e-10, 2.18516996164e-10, 1.20972010187e-10, 4.37644538664e-11, 3.23361858123e-11, 2.46968279161e-11, 1.68262313804e-11, 5.06424936708e-12, 1.99492917845e-12, 1.39258515743e-12, 2.49822363317e-12],
        "max": [0.0392497144639, 0.0517372824252, 0.0261850189418, 0.019132733345, 0.00375200249255, 0.00241107866168, 0.00277739018202, 0.00308133196086, 0.00248448573984, 0.0027691363357, 0.00150140014011, 0.000577944330871, 0.00121151795611, 0.00249033304863, 0.0016303898301, 0.000932432012632, 0.000529591343366, 0.00075532932533, 0.000530401943251, 0.000401217374019, 0.000412031979067, 0.000418508047005, 0.00127330911346, 0.000210725309444, 0.000200273207156, 0.000197928995476, 0.000315383513225, 0.000204715746804, 0.000273037381703, 0.000117373041576, 0.000129126477987, 0.000100743236544, 4.40143048763e-05, 6.05289169471e-05, 7.04307094566e-05, 5.57519233553e-05, 3.59004297934e-05, 2.25984622375e-05, 1.33314943014e-05, 2.38462271227e-05],
        "mean": [0.00176903186366, 0.00261296518147, 0.00236701755784, 0.0009804420406, 0.000300057203276, 0.000152420761879, 9.71026965999e-05, 0.000106779240014, 0.000102881931525, 9.71904592006e-05, 5.58410720259e-05, 2.41523503064e-05, 2.27449618251e-05, 3.30683760694e-05, 2.90587031486e-05, 2.46205636358e-05, 2.7420823244e-05, 3.02964235743e-05, 2.01155562536e-05, 1.34252877615e-05, 2.17591114051e-05, 2.02086503123e-05, 2.22548223974e-05, 9.15789223654e-06, 8.15639759821e-06, 1.1452560102e-05, 1.05304843601e-05, 9.45690771914e-06, 7.83680025052e-06, 7.12234850653e-06, 5.78471053814e-06, 4.14598980569e-06, 3.47604600393e-06, 2.90524212687e-06, 2.90652496915e-06, 2.84680231744e-06, 1.55335737873e-06, 9.53063704401e-07, 8.29137547953e-07, 6.54182031212e-07],
        "median": [0.000657995115034, 0.00152123498265, 0.00152630195953, 0.000602714309935, 0.000183855794603, 9.88680621958e-05, 3.52199494955e-05, 3.24085303873e-05, 1.66518275364e-05, 2.79744635918e-05, 1.34708689075e-05, 8.12662437966e-06, 4.53848906545e-06, 4.40457006334e-06, 5.53500103706e-06, 4.26991118729e-06, 4.71339717478e-06, 4.13222142015e-06, 3.24230836668e-06, 3.09619099426e-06, 3.89241540688e-06, 4.24267773269e-06, 3.61815818906e-06, 2.34409435507e-06, 1.77573042492e-06, 2.76343871519e-06, 2.69688348453e-06, 2.80858830592e-06, 2.54232122643e-06, 2.21662685362e-06, 1.54690576437e-06, 1.01287253074e-06, 9.59461885941e-07, 7.84311623647e-07, 1.20015613447e-06, 1.20278355098e-06, 7.51748927996e-07, 4.51130404144e-07, 4.15576465684e-07, 2.9845705285e-07],
        "min": [7.0404968044e-25, 1.44115213977e-24, 2.60960965853e-24, 1.9377036934e-24, 4.12901078504e-24, 1.90974389912e-24, 2.85418336042e-24, 3.45646465928e-24, 1.90067002656e-24, 2.64877384146e-24, 3.19188209217e-24, 3.75613556223e-24, 3.45013247279e-24, 1.74576298832e-24, 2.64039456093e-24, 3.09935225786e-24, 2.72268143081e-24, 3.64268000912e-24, 5.09594323455e-24, 3.91405762685e-24, 4.14767128975e-24, 5.66233353158e-24, 5.41557113511e-24, 5.77330338398e-24, 6.10012530157e-24, 5.64627469013e-24, 3.80271424881e-24, 4.19023349103e-24, 6.19693667844e-24, 3.93095266085e-24, 5.2465762244e-24, 5.40688025452e-24, 5.87427915757e-24, 5.54472935897e-24, 7.22334214045e-24, 7.31917611866e-24, 5.63013735702e-24, 6.69133513483e-24, 5.34622473951e-24, 6.43123980577e-24],
        "var": [1.65691999428e-05, 2.36545292864e-05, 6.80188668412e-06, 2.66695451501e-06, 1.24170213667e-07, 3.33087015747e-08, 5.22902539046e-08, 5.06018835722e-08, 5.87847495126e-08, 5.29127888171e-08, 2.30140688728e-08, 2.615083039e-09, 4.8644461792e-09, 1.92639308949e-08, 5.3097761743e-09, 3.59092755531e-09, 3.21703930162e-09, 4.80188289131e-09, 2.08540473778e-09, 7.48059225675e-10, 2.10490158636e-09, 1.83139270415e-09, 4.99564700718e-09, 3.19834020379e-10, 2.88389451208e-10, 4.4685360967e-10, 5.10101794138e-10, 3.03046060468e-10, 2.33425029306e-10, 1.41820999389e-10, 1.09789691227e-10, 6.42623662617e-11, 3.6108855489e-11, 2.73979623711e-11, 2.22258045302e-11, 2.01055040672e-11, 4.90096678518e-12, 1.8665182247e-12, 1.14274713824e-12, 1.2495296681e-12]
    },
    "mfcc": {
        "mean": [-682.057922363, 116.177383423, 30.2713832855, 35.0974655151, 12.2122220993, 10.866101265, 0.891901433468, 1.64854025841, 0.0406331121922, 4.76813364029, -5.50792646408, -1.59725141525, -8.73427581787],
        "cov": [[14015.0791016, -3446.68896484, -1127.50915527, 1249.86730957, 229.047836304, 587.37677002, 265.661651611, 610.203979492, 230.133346558, 204.558532715, 238.603637695, 540.998962402, 252.523406982], [-3446.68896484, 2245.94702148, 244.25050354, -593.808410645, -46.439201355, -203.528488159, -80.5186233521, -235.204284668, -125.349906921, -64.5081558228, -125.259605408, -222.743911743, -135.34815979], [-1127.50915527, 244.25050354, 674.638549805, 40.408618927, 2.72325849533, 29.8652019501, 7.30427932739, -46.178981781, -0.761375546455, -8.58473873138, -9.17983150482, -43.772644043, -38.412853241], [1249.86730957, -593.808410645, 40.408618927, 576.246887207, 72.6731109619, 37.5766220093, 43.1565704346, 77.0346679688, 52.0118637085, 11.4023742676, 18.0632476807, 42.2252845764, 47.7884864807], [229.047836304, -46.439201355, 2.72325849533, 72.6731109619, 200.334625244, 36.899143219, -14.7998905182, -3.07010173798, 46.2363967896, 37.7150115967, -12.101896286, 27.540927887, 9.7784948349], [587.37677002, -203.528488159, 29.8652019501, 37.5766220093, 36.899143219, 152.597930908, 60.4240264893, 40.8423614502, 9.34990787506, 20.6926364899, 29.0808982849, 38.5667381287, -8.75440120697], [265.661651611, -80.5186233521, 7.30427932739, 43.1565704346, -14.7998905182, 60.4240264893, 191.496185303, 83.3811035156, -25.00507164, 8.10623931885, 13.1091909409, 11.1395874023, 6.47808837891], [610.203979492, -235.204284668, -46.178981781, 77.0346679688, -3.07010173798, 40.8423614502, 83.3811035156, 163.053421021, 27.1749916077, -14.3710603714, 1.85113143921, 41.2776412964, 28.5487918854], [230.133346558, -125.349906921, -0.761375546455, 52.0118637085, 46.2363967896, 9.34990787506, -25.00507164, 27.1749916077, 105.269096375, 28.7670097351, -10.0060977936, 21.8013210297, 2.79767560959], [204.558532715, -64.5081558228, -8.58473873138, 11.4023742676, 37.7150115967, 20.6926364899, 8.10623931885, -14.3710603714, 28.7670097351, 130.677749634, 31.9844074249, 24.3424129486, -19.9091110229], [238.603637695, -125.259605408, -9.17983150482, 18.0632476807, -12.101896286, 29.0808982849, 13.1091909409, 1.85113143921, -10.0060977936, 31.9844074249, 104.462120056, 25.6675395966, -3.38426041603], [540.998962402, -222.743911743, -43.772644043, 42.2252845764, 27.540927887, 38.5667381287, 11.1395874023, 41.2776412964, 21.8013210297, 24.3424129486, 25.6675395966, 107.880172729, 33.037147522], [252.523406982, -135.34815979, -38.412853241, 47.7884864807, 9.7784948349, -8.75440120697, 6.47808837891, 28.5487918854, 2.79767560959, -19.9091110229, -3.38426041603, 33.037147522, 85.7334365845]],
