{
"lowlevel": {
    "average_loudness": 0.956089317799,
    "barkbands_crest": {
        "dmean": 2.7865126133,
        "dmean2": 4.59124088287,
        "dvar": 8.09457015991,
        "dvar2": 20.8328018188,
        "max": 26.6029224396,
        "mean": 7.97040605545,
        "median": 6.41423177719,
        "min": 2.25252914429,
        "var": 21.4629917145
    },
    "barkbands_flatness_db": {
        "dmean": 0.0207300018519,
        "dmean2": 0.0335558280349,
        "dvar": 0.000598464044742,
        "dvar2": 0.00138910929672,
        "max": 0.546007931232,
        "mean": 0.115355454385,
        "median": 0.0689101219177,
        "min": 0.0267861969769,
        "var": 0.0112593509257
    },
    "barkbands_kurtosis": {
        "dmean": 1.9752458334,
        "dmean2": 3.29901385307,
        "dvar": 39.0624694824,
        "dvar2": 93.2350616455,
        "max": 134.061080933,
        "mean": 1.30070388317,
        "median": -0.512875318527,
        "min": -1.81675565243,
        "var": 61.0018692017
    },
    "barkbands_skewness": {
        "dmean": 0.528059184551,
        "dmean2": 0.846381604671,
        "dvar": 0.398126929998,
        "dvar2": 0.98070192337,
        "max": 8.03095531464,
        "mean": 0.350444167852,
        "median": 0.260911822319,
        "min": -5.67465019226,
        "var": 0.911913216114
    },
    "barkbands_spread": {
        "dmean": 5.38884592056,
        "dmean2": 8.72236537933,
        "dvar": 35.1236343384,
        "dvar2": 92.9699859619,
        "max": 80.528175354,
        "mean": 29.6156482697,
        "median": 32.5040168762,
        "min": 0.222817376256,
        "var": 219.504623413
    },
    "dissonance": {
        "dmean": 0.0138518512249,
        "dmean2": 0.0240658819675,
        "dvar": 0.000574882898945,
        "dvar2": 0.001599588315,
        "max": 0.499998837709,
        "mean": 0.480447113514,
        "median": 0.488430202007,
        "min": 0.17993324995,
        "var": 0.000783195137046
    },
    "dynamic_complexity": 2.47969436646,
    "erbbands_crest": {
        "dmean": 2.35802531242,
        "dmean2": 3.88450288773,
        "dvar": 5.97057819366,
        "dvar2": 15.2666778564,
        "max": 33.8900985718,
        "mean": 8.40735435486,
        "median": 6.63105344772,
        "min": 2.5998878479,
        "var": 29.2313556671
    },
    "erbbands_flatness_db": {
        "dmean": 0.0145885432139,
        "dmean2": 0.0226354636252,
        "dvar": 0.000377553602448,
        "dvar2": 0.000786743534263,
        "max": 0.617715895176,
        "mean": 0.186377644539,
        "median": 0.138278618455,
        "min": 0.0453780181706,
        "var": 0.0142419161275
    },
    "erbbands_kurtosis": {
        "dmean": 1.1363093853,
        "dmean2": 1.83636617661,
        "dvar": 8.89142513275,
        "dvar2": 22.0720615387,
        "max": 72.1437988281,
        "mean": 1.15683543682,
        "median": 0.280109167099,
        "min": -1.55154561996,
        "var": 15.4484128952
    },
    "erbbands_skewness": {
        "dmean": 0.312886118889,
        "dmean2": 0.48919659853,
        "dvar": 0.12258040905,
        "dvar2": 0.306229293346,
        "max": 6.21226644516,
        "mean": -0.00536494795233,
        "median": -0.103017173707,
        "min": -2.47457814217,
        "var": 0.464784294367
    },
    "erbbands_spread": {
        "dmean": 5.59191846848,
        "dmean2": 9.20695209503,
        "dvar": 40.123336792,
        "dvar2": 107.995437622,
        "max": 76.6257019043,
        "mean": 27.3109760284,
        "median": 27.9728813171,
        "min": 0.45391869545,
        "var": 194.502426147
    },
    "hfc": {
        "dmean": 7.90927362442,
        "dmean2": 12.7603883743,
        "dvar": 137.759994507,
        "dvar2": 328.055908203,
        "max": 290.326416016,
        "mean": 35.3172950745,
        "median": 36.2873268127,
        "min": 1.07039996913e-16,
        "var": 460.569976807
    },
    "melbands_crest": {
        "dmean": 3.57396602631,
        "dmean2": 5.76703882217,
        "dvar": 10.6018543243,
        "dvar2": 26.0678768158,
        "max": 35.602973938,
        "mean": 11.5027704239,
        "median": 10.4160461426,
        "min": 1.00072824955,
        "var": 29.7701759338
    },
    "melbands_flatness_db": {
        "dmean": 0.0273999497294,
        "dmean2": 0.0442796610296,
        "dvar": 0.000974425056484,
        "dvar2": 0.00230271136388,
        "max": 0.540682435036,
        "mean": 0.1477214396,
        "median": 0.112591385841,
        "min": -4.31432667369e-08,
        "var": 0.00883787032217
    },
    "melbands_kurtosis": {
        "dmean": 4.14867210388,
        "dmean2": 7.14419412613,
        "dvar": 67.9850540161,
        "dvar2": 173.654174805,
        "max": 149.245727539,
        "mean": 4.00080728531,
        "median": 1.31785154343,
        "min": -1.51925778389,
        "var": 73.0748443604
    },
    "melbands_skewness": {
        "dmean": 0.716536879539,
        "dmean2": 1.16917848587,
        "dvar": 0.767034471035,
        "dvar2": 1.94332671165,
        "max": 10.4017906189,
        "mean": 1.25944304466,
        "median": 1.11673915386,
        "min": -3.942258358,
        "var": 1.70399141312
    },
    "melbands_spread": {
        "dmean": 10.4266042709,
        "dmean2": 16.9346828461,
        "dvar": 134.798553467,
        "dvar2": 341.268585205,
        "max": 155.591827393,
        "mean": 40.8228988647,
        "median": 43.7325134277,
        "min": 0.510349810123,
        "var": 481.076873779
    },
    "pitch_salience": {
        "dmean": 0.0749639868736,
        "dmean2": 0.123842656612,
        "dvar": 0.00525841256604,
        "dvar2": 0.0140197202563,
        "max": 0.996091485023,
        "mean": 0.619176745415,
        "median": 0.63476639986,
        "min": 0.125678345561,
        "var": 0.012159707956
    },
    "silence_rate_20dB": {
        "dmean": 0,
        "dmean2": 0,
        "dvar": 0,
        "dvar2": 0,
        "max": 1,
        "mean": 1,
        "median": 1,
        "min": 1,
        "var": 0
    },
    "silence_rate_30dB": {
        "dmean": 0,
        "dmean2": 0,
        "dvar": 0,
        "dvar2": 0,
        "max": 1,
        "mean": 1,
        "median": 1,
        "min": 1,
        "var": 0
    },
    "silence_rate_60dB": {
        "dmean": 0.0181888546795,
        "dmean2": 0.0363917909563,
        "dvar": 0.0178588889539,
        "dvar2": 0.0381672643125,
        "max": 1,
        "mean": 0.0742746591568,
        "median": 0,
        "min": 0,
        "var": 0.0687633380294
    },
    "spectral_centroid": {
        "dmean": 231.048080444,
        "dmean2": 378.744140625,
        "dvar": 66699.5390625,
        "dvar2": 154699.71875,
        "max": 11567.0351562,
        "mean": 2212.97753906,
        "median": 2166.80493164,
        "min": 486.052062988,
        "var": 1048717.625
    },
    "spectral_complexity": {
        "dmean": 3.60913324356,
        "dmean2": 5.78745651245,
        "dvar": 9.9299249649,
        "dvar2": 24.4870624542,
        "max": 59,
        "mean": 35.1825904846,
        "median": 42,
        "min": 0,
        "var": 249.236602783
    },
    "spectral_decrease": {
        "dmean": 3.08328762522e-09,
        "dmean2": 5.2766901959e-09,
        "dvar": 2.42380181849e-17,
        "dvar2": 6.43628903755e-17,
        "max": 1.42934046381e-28,
        "mean": -6.77898137624e-09,
        "median": -6.38415009746e-09,
        "min": -3.58985481341e-08,
        "var": 3.03705085989e-17
    },
    "spectral_energy": {
        "dmean": 0.0121315559372,
        "dmean2": 0.0206971038133,
        "dvar": 0.00035879825009,
        "dvar2": 0.000950919638854,
        "max": 0.141176789999,
        "mean": 0.028788831085,
        "median": 0.0276710893959,
        "min": 9.88853790291e-21,
        "var": 0.000488886493258
    },
    "spectral_energyband_high": {
        "dmean": 0.000467950390885,
        "dmean2": 0.000754236185458,
        "dvar": 1.09661777969e-06,
        "dvar2": 2.51828760156e-06,
        "max": 0.0327328965068,
        "mean": 0.00187766319141,
        "median": 0.00186161149759,
        "min": 7.20590151131e-21,
        "var": 2.79941832559e-06
    },
    "spectral_energyband_low": {
        "dmean": 0.0080260373652,
        "dmean2": 0.014061932452,
        "dvar": 0.000286888738628,
        "dvar2": 0.000773555948399,
        "max": 0.117637239397,
        "mean": 0.009043186903,
        "median": 0.00499333580956,
        "min": 2.94827707203e-23,
        "var": 0.000235932529904
    },
    "spectral_energyband_middle_high": {
        "dmean": 0.00298159429803,
        "dmean2": 0.00472882995382,
        "dvar": 1.2454030184e-05,
        "dvar2": 2.96254238492e-05,
        "max": 0.0458845682442,
        "mean": 0.0112362634391,
        "median": 0.0101622454822,
        "min": 1.24748105804e-21,
        "var": 4.52571584901e-05
    },
    "spectral_energyband_middle_low": {
        "dmean": 0.00439154589549,
        "dmean2": 0.00761566869915,
        "dvar": 5.3625622968e-05,
        "dvar2": 0.000144697565702,
        "max": 0.0593961589038,
        "mean": 0.00760658737272,
        "median": 0.00580553663895,
        "min": 1.91027338256e-22,
        "var": 6.78249634802e-05
    },
    "spectral_entropy": {
        "dmean": 0.0955617576838,
        "dmean2": 0.148656174541,
        "dvar": 0.0212714634836,
        "dvar2": 0.0447266884148,
        "max": 9.81896114349,
        "mean": 7.8113026619,
        "median": 8.06069755554,
        "min": 4.36299562454,
        "var": 0.451401293278
    },
    "spectral_flux": {
        "dmean": 0.0274712536484,
        "dmean2": 0.0435076318681,
        "dvar": 0.00121122528799,
        "dvar2": 0.00210445118137,
        "max": 0.307690232992,
        "mean": 0.100203230977,
        "median": 0.0926333740354,
        "min": 6.35307847996e-11,
        "var": 0.00305766076781
    },
    "spectral_kurtosis": {
        "dmean": 2.38976764679,
        "dmean2": 4.15305089951,
        "dvar": 30.5170917511,
        "dvar2": 86.9444656372,
        "max": 93.2553939819,
        "mean": 6.61782884598,
        "median": 3.40598154068,
        "min": -1.25988686085,
        "var": 89.3992156982
    },
    "spectral_rms": {
        "dmean": 0.000953464768827,
        "dmean2": 0.00157223513816,
        "dvar": 1.47799744354e-06,
        "dvar2": 3.79137895834e-06,
        "max": 0.0117359897122,
        "mean": 0.00486548570916,
        "median": 0.00519578531384,
        "min": 3.10601891429e-12,
        "var": 4.41370320914e-06
    },
    "spectral_rolloff": {
        "dmean": 558.196350098,
        "dmean2": 917.184448242,
        "dvar": 534750.875,
        "dvar2": 1179009.375,
        "max": 19336.8164062,
        "mean": 2631.35058594,
        "median": 2433.25195312,
        "min": 43.06640625,
        "var": 3891633.75
    },
    "spectral_skewness": {
        "dmean": 0.228163868189,
        "dmean2": 0.393298387527,
        "dvar": 0.150883331895,
        "dvar2": 0.427148848772,
        "max": 7.28124427795,
        "mean": 1.5317710638,
        "median": 1.3140257597,
        "min": -0.0605350285769,
        "var": 0.603229880333
    },
    "spectral_spread": {
        "dmean": 266670.5625,
        "dmean2": 434703.90625,
        "dvar": 492484100096,
        "dvar2": 931307061248,
        "max": 44311416,
        "mean": 4264176.5,
        "median": 4259815,
        "min": 727760.75,
        "var": 1.65072485745e+13
    },
    "spectral_strongpeak": {
        "dmean": 0.811003506184,
        "dmean2": 1.39755320549,
        "dvar": 1.26736569405,
        "dvar2": 3.17254090309,
        "max": 11.1696510315,
        "mean": 1.25207018852,
        "median": 0.494895726442,
        "min": 0,
        "var": 2.26490521431
    },
    "zerocrossingrate": {
        "dmean": 0.00977412797511,
        "dmean2": 0.0127599630505,
        "dvar": 0.00016939912166,
        "dvar2": 0.000297671329463,
        "max": 0.51904296875,
        "mean": 0.0901427641511,
        "median": 0.0849609375,
        "min": 0.01904296875,
        "var": 0.00241141254082
    },
    "barkbands": {
        "dmean": [0.000151718515554, 0.00543036963791, 0.00290443189442, 0.00174741086084, 0.00188817956951, 0.000430737156421, 0.000416236318415, 0.000335625780281, 0.000984847778454, 0.000613230920862, 0.00047274021199, 0.000630497990642, 0.000864914036356, 0.000957461597864, 0.000884789507836, 0.000488777644932, 0.000472705141874, 0.000301464257063, 0.000280408363324, 0.000240691995714, 0.000211482140003, 0.000132776025566, 0.000116876472021, 3.93694426748e-05, 2.574456812e-05, 1.39881203722e-05, 1.08678773358e-06],
        "dmean2": [0.000233295606449, 0.00947141740471, 0.00543995574117, 0.00314927659929, 0.00334623642266, 0.000726129976101, 0.000690742162988, 0.000563091889489, 0.00156206206884, 0.00100143463351, 0.000761734612752, 0.00101389398333, 0.00141368282493, 0.00152561801951, 0.0014334769221, 0.000812253798358, 0.000803994596936, 0.000512862519827, 0.000478473375551, 0.000406470528105, 0.000354298419552, 0.00021895430109, 0.000186755074537, 6.15074095549e-05, 3.97939365939e-05, 2.16793541767e-05, 1.86988393125e-06],
        "dvar": [7.91302596781e-08, 0.000126915212604, 4.78914516862e-05, 1.06140760181e-05, 1.30644430101e-05, 6.50051561024e-07, 8.36119625092e-07, 7.66669472796e-07, 4.32562319475e-06, 8.88583713277e-07, 6.50337369734e-07, 1.16023704777e-06, 2.58180489254e-06, 2.83834697257e-06, 2.33437776842e-06, 9.16978649457e-07, 3.59590558219e-07, 1.4405762272e-07, 1.65295958254e-07, 1.40134417848e-07, 8.74473471413e-08, 6.18386408746e-08, 2.01163487645e-07, 6.23972695735e-09, 7.89996068562e-09, 9.7604246907e-10, 2.50631113086e-12],
        "dvar2": [1.54850880563e-07, 0.000342180399457, 0.000138722505653, 3.00746105495e-05, 3.60781123163e-05, 1.74922297447e-06, 2.12506574826e-06, 2.0593345198e-06, 1.06100542325e-05, 2.26493011724e-06, 1.5473684698e-06, 2.90518642032e-06, 5.89966793996e-06, 6.96828738e-06, 5.97589405515e-06, 2.30294472203e-06, 9.42491965361e-07, 3.89013706581e-07, 4.46131423359e-07, 3.77781759653e-07, 2.34121827702e-07, 1.45768566995e-07, 4.32541725104e-07, 1.39149252121e-08, 1.50499221974e-08, 1.95006322201e-09, 6.19984098782e-12],
        "max": [0.00304445810616, 0.0799559354782, 0.0520315058529, 0.0313592255116, 0.0329624973238, 0.0128853861243, 0.0171662569046, 0.0205700490624, 0.0309018343687, 0.0129608893767, 0.014034175314, 0.0205790195614, 0.0341135375202, 0.027053065598, 0.0311865396798, 0.0199302658439, 0.00879359617829, 0.00481415819377, 0.00543621368706, 0.00669903494418, 0.00392358284444, 0.00756904343143, 0.0150322653353, 0.00189213594422, 0.00360739883035, 0.00112319609616, 3.80781166314e-05],
        "mean": [0.000191379745957, 0.00531246932223, 0.00268617318943, 0.00187997194007, 0.00208576000296, 0.00060184072936, 0.000547959003597, 0.000431116321124, 0.00182840949856, 0.00105781701859, 0.000780625792686, 0.00109617481939, 0.00143870292231, 0.00170641718432, 0.00167838542257, 0.000937244563829, 0.00101707852446, 0.000700880540535, 0.000646316562779, 0.000604778004345, 0.00058259657817, 0.000384919520002, 0.000311773503199, 0.000133144189022, 9.25326748984e-05, 5.30871002411e-05, 1.28527653942e-06],
        "median": [3.93591762986e-05, 0.00192663562484, 0.000844801135827, 0.00089488044614, 0.000994729460217, 0.000338624813594, 0.000251139688771, 0.000207486533327, 0.000615830242168, 0.000579682993703, 0.0004168987507, 0.000706388615072, 0.000857446400914, 0.000915890734177, 0.00102496147156, 0.000747410580516, 0.000887338072062, 0.000626804074273, 0.00059259327827, 0.000571317214053, 0.000541181128938, 0.000345761043718, 0.000214975894778, 0.000116707109555, 8.68762144819e-05, 4.94610321766e-05, 7.79030244757e-07],
        "min": [1.53006514544e-24, 3.0917549357e-24, 1.75272429138e-24, 2.52924386217e-24, 2.15193382112e-23, 1.62707705075e-23, 8.03766905342e-24, 1.15933507209e-23, 1.06987264453e-23, 1.79696929074e-23, 1.89782989064e-23, 2.33743051868e-23, 3.11373433601e-23, 2.62130179988e-23, 7.51818016596e-23, 5.99255031208e-23, 8.07429681188e-23, 1.14211761485e-22, 1.50758917296e-22, 1.93545609457e-22, 2.63440313869e-22, 2.8585948836e-22, 4.50487741573e-22, 5.84149354614e-22, 8.98351466717e-22, 1.35170318989e-21, 1.84374984052e-21],
        "var": [1.34690907316e-07, 0.00010190840112, 3.18773818435e-05, 9.25965650822e-06, 1.10424771265e-05, 7.07714718828e-07, 9.54423740041e-07, 7.3353425023e-07, 1.08235844891e-05, 2.20799734052e-06, 1.29397210458e-06, 1.83365091289e-06, 4.55692725154e-06, 5.67377583138e-06, 4.25907410317e-06, 1.25959820707e-06, 7.19376089364e-07, 3.18320388715e-07, 2.86262718419e-07, 2.60607237124e-07, 2.57692846617e-07, 1.4209055621e-07, 2.90513526124e-07, 1.80059824828e-08, 1.66316276307e-08, 3.41710348906e-09, 4.21437927958e-12]
    },
    "erbbands": {
        "dmean": [0.126160800457, 1.35618841648, 3.30322647095, 4.57093763351, 8.21712303162, 4.61971616745, 4.08075475693, 3.50842809677, 5.45075559616, 5.7613196373, 8.14647769928, 21.3511428833, 18.8752727509, 19.8426303864, 21.1250839233, 23.4631595612, 33.594543457, 49.8473739624, 49.231136322, 29.7858600616, 23.0990982056, 23.8039016724, 16.9771137238, 13.3958702087, 14.7897520065, 11.1206102371, 10.7916822433, 6.60567426682, 4.83491897583, 4.2093667984, 3.31261610985, 1.32191514969, 0.488295465708, 0.335376232862, 0.190240979195, 0.083767183125, 0.0244656968862, 0.0041886898689, 8.36499093566e-05, 1.47010596265e-05],
        "dmean2": [0.216641753912, 2.38361430168, 6.13790988922, 8.38547706604, 14.8228578568, 8.15508747101, 6.89294242859, 5.89564704895, 9.03238201141, 9.7559967041, 13.382566452, 34.2889328003, 29.6695709229, 32.5327072144, 33.8830108643, 37.4200325012, 54.4260177612, 79.0617523193, 79.6932830811, 47.928730011, 38.5854301453, 39.9902687073, 28.7175731659, 23.1506977081, 25.0384044647, 18.9240989685, 18.1301441193, 11.1448907852, 7.94813203812, 6.62030887604, 5.33270406723, 2.07058048248, 0.784882426262, 0.52082234621, 0.299667209387, 0.130763158202, 0.0382198467851, 0.00679146312177, 0.000134882502607, 2.4842829589e-05],
        "dvar": [0.0637121126056, 8.31913471222, 60.2323265076, 87.8420257568, 267.481506348, 72.2335128784, 42.998462677, 50.142250061, 129.469619751, 240.499420166, 404.76739502, 1842.3651123, 1922.83007812, 821.401000977, 1288.39782715, 1538.20532227, 3501.71630859, 7824.02148438, 6426.18847656, 4645.48144531, 1219.46826172, 1052.77087402, 448.801513672, 338.160430908, 484.965179443, 315.714385986, 252.884475708, 80.2833557129, 73.9054260254, 150.325958252, 183.681289673, 11.155216217, 0.56097817421, 1.34327876568, 0.264239370823, 0.0333939082921, 0.00241790548898, 0.000126791244838, 4.2433569547e-08, 4.94926211125e-10],
        "dvar2": [0.167927712202, 22.8072986603, 174.042297363, 251.292221069, 736.623657227, 200.476898193, 118.364936829, 134.31930542, 334.415802002, 629.95526123, 1082.85021973, 4685.33007812, 4486.48486328, 2119.0769043, 2998.93383789, 3707.52075195, 8386.20214844, 20203.375, 16367.2363281, 11471.0751953, 2993.51831055, 2750.7097168, 1208.0871582, 922.210998535, 1284.68200684, 845.013183594, 660.487792969, 220.89743042, 177.776473999, 307.986022949, 432.489990234, 24.9747161865, 1.24108290672, 2.67064189911, 0.507263422012, 0.066942512989, 0.00503047090024, 0.000280123989796, 9.08689870016e-08, 1.25073562618e-09],
        "max": [1.78238654137, 19.4980716705, 62.2424697876, 78.1483535767, 132.691452026, 80.9683685303, 74.3990249634, 127.451675415, 221.463500977, 468.045806885, 531.077209473, 622.69708252, 803.426940918, 432.390991211, 763.38873291, 893.355407715, 1046.23364258, 1540.98791504, 1524.49194336, 1849.69140625, 639.922302246, 558.769165039, 310.954681396, 256.784698486, 279.545379639, 361.394134521, 216.582611084, 111.248382568, 247.567749023, 398.783325195, 458.398651123, 85.1585998535, 15.8676166534, 48.4801559448, 17.4044494629, 6.16845703125, 1.66672730446, 0.480659604073, 0.00864545442164, 0.000328442198224],
        "mean": [0.118240974844, 1.30959773064, 3.20565533638, 4.81049776077, 7.83902263641, 5.64344072342, 5.75017881393, 4.9294500351, 7.50496864319, 7.53570652008, 12.6893997192, 39.0400848389, 38.3324623108, 35.2352333069, 39.9623184204, 43.5670280457, 60.8734054565, 94.4883346558, 96.5227890015, 62.7899436951, 51.329750061, 55.1628379822, 42.3689689636, 31.62915802, 33.6684494019, 28.6228713989, 27.8683357239, 18.8017654419, 13.9323730469, 11.4604053497, 8.50658130646, 3.83843922615, 1.79109835625, 1.08366382122, 0.642126977444, 0.28953152895, 0.0853328704834, 0.0108539033681, 0.000239825661993, 4.64846889372e-05],
        "median": [0.0346983224154, 0.492640852928, 1.28350663185, 2.52072834969, 2.79528069496, 2.97233438492, 3.24617886543, 2.67356395721, 3.41041469574, 4.01207637787, 6.84009599686, 14.8577671051, 15.4782400131, 21.0390129089, 25.6713867188, 30.4957828522, 39.0856246948, 57.0672454834, 58.7724647522, 44.8738327026, 44.3386802673, 48.9533042908, 38.0726852417, 29.949256897, 29.7741279602, 27.072681427, 24.3909320831, 17.7356357574, 12.3745594025, 8.98250102997, 5.69124794006, 3.04569077492, 1.68854784966, 0.997744679451, 0.5884552598, 0.261225610971, 0.0798681154847, 0.00997760798782, 0.000225655399845, 4.84927295474e-05],
        "min": [1.94109790155e-22, 4.90859497e-22, 4.62793699064e-21, 1.1752570834e-20, 3.57765599258e-20, 3.73048471933e-20, 4.30704156162e-20, 1.63925432218e-19, 1.18690659755e-19, 2.38111409798e-19, 3.30565180068e-19, 3.69821155687e-19, 7.42465737299e-19, 6.47001701684e-19, 8.51612477619e-19, 1.01699198996e-18, 1.78501729799e-18, 1.49285079839e-18, 3.32167713258e-18, 2.77230016567e-18, 4.30789376445e-18, 4.72001168924e-18, 7.66562170287e-18, 8.02219610389e-18, 9.57635432395e-18, 9.5610564457e-18, 1.01022029655e-17, 1.25823998075e-17, 9.2404189064e-18, 1.21381475703e-17, 1.29471856305e-17, 1.02979519488e-17, 1.0361677116e-17, 7.8615675551e-18, 6.37637262347e-18, 4.43202503666e-18, 2.3433030001e-18, 1.06741733369e-18, 2.39264318626e-19, 2.60238064669e-20],
        "var": [0.0547111593187, 6.35314464569, 40.4630661011, 64.5104751587, 215.23588562, 67.7939224243, 54.6453094482, 52.5459861755, 158.57951355, 214.53868103, 434.668914795, 3891.1965332, 6174.77832031, 1713.20507812, 2480.28442383, 2585.13916016, 6132.39941406, 14785.3574219, 12633.4912109, 6734.96386719, 2140.99291992, 2081.77978516, 1110.58300781, 595.122680664, 851.083374023, 582.379638672, 693.174682617, 234.46697998, 173.383300781, 254.365112305, 239.257125854, 22.350736618, 2.47636365891, 2.54502677917, 0.654464006424, 0.110634498298, 0.00744558125734, 0.000231386802625, 8.98159058238e-08, 1.05128161731e-09]
    },
    "gfcc": {
        "mean": [-2.56804013252, 54.0557136536, -157.291671753, 27.1570472717, -44.5259513855, 24.544839859, -29.8268890381, 8.52620124817, -23.395740509, 4.85943412781, -18.8971347809, 1.44648146629, -13.7445039749],
        "cov": [[33055.1914062, 2328.92236328, 3468.26245117, 3700.74536133, -1762.02539062, 535.105407715, -1450.32434082, 445.771575928, -1682.90380859, 236.287872314, -2015.97558594, 62.6719474792, -566.744812012], [2328.92236328, 1802.01318359, 920.760925293, 321.454101562, -114.862556458, -300.725372314, -207.533889771, -200.96232605, -239.963867188, -165.117675781, -198.269256592, -101.302001953, -23.5792865753], [3468.26245117, 920.760925293, 3121.40063477, 1445.6105957, -363.635864258, -22.6315040588, -406.233398438, 71.6566467285, -512.862365723, 90.7387390137, -726.713806152, 32.3233032227, -107.45879364], [3700.74536133, 321.454101562, 1445.6105957, 1004.16662598, -209.062042236, 68.0335540771, -241.952880859, 101.931838989, -307.664306641, 70.3974838257, -425.532012939, 17.1183490753, -80.7006378174], [-1762.02539062, -114.862556458, -363.635864258, -209.062042236, 278.679412842, 3.80811572075, 108.297355652, -2.2574532032, 142.489471436, -11.9966096878, 151.406860352, -33.1286315918, 43.5569152832], [535.105407715, -300.725372314, -22.6315040588, 68.0335540771, 3.80811572075, 252.556228638, 92.6005554199, 68.75756073, 25.7232818604, 33.2480621338, -21.3923358917, 29.9730701447, -18.597026825], [-1450.32434082, -207.533889771, -406.233398438, -241.952880859, 108.297355652, 92.6005554199, 239.195388794, 26.5051860809, 120.548316956, -34.3131637573, 156.245132446, -7.47823810577, 14.0658712387], [445.771575928, -200.96232605, 71.6566467285, 101.931838989, -2.2574532032, 68.75756073, 26.5051860809, 156.823364258, 27.850446701, 49.8652954102, -44.9606208801, 6.74265480042, -10.0229330063], [-1682.90380859, -239.963867188, -512.862365723, -307.664306641, 142.489471436, 25.7232818604, 120.548316956, 27.850446701, 236.488601685, 24.4038486481, 174.160400391, -10.4920291901, 32.8833885193], [236.287872314, -165.117675781, 90.7387390137, 70.3974838257, -11.9966096878, 33.2480621338, -34.3131637573, 49.8652954102, 24.4038486481, 109.687110901, -22.674495697, 20.2476730347, -5.50689601898], [-2015.97558594, -198.269256592, -726.713806152, -425.532012939, 151.406860352, -21.3923358917, 156.245132446, -44.9606208801, 174.160400391, -22.674495697, 298.392700195, 13.0804319382, 36.9764289856], [62.6719474792, -101.302001953, 32.3233032227, 17.1183490753, -33.1286315918, 29.9730701447, -7.47823810577, 6.74265480042, -10.4920291901, 20.2476730347, 13.0804319382, 72.9827270508, 17.4932117462], [-566.744812012, -23.5792865753, -107.45879364, -80.7006378174, 43.5569152832, -18.597026825, 14.0658712387, -10.0229330063, 32.8833885193, -5.50689601898, 36.9764289856, 17.4932117462, 70.7351455688]],
        "icov": [[0.000309651659336, -0.000678947311826, 0.000881210202351, -0.000978108029813, 0.000717373157386, -0.00109568715561, 0.000955949595664, -0.000902338069864, 0.000929393572733, -0.000635569740552, 0.000652223068755, -0.000387715728721, 0.000703111232724], [-0.000678947311826, 0.00268298364244, -0.00231444300152, 0.00198475643992, -0.0013172236504, 0.00313028763048, -0.00185845501255, 0.00284980935976, -0.00216217222624, 0.00280621065758, -0.0017112204805, 0.0021807665471, -0.00181085953955], [0.000881210202351, -0.00231444300152, 0.00394101860002, -0.00413721613586, 0.00166277517565, -0.00222043460235, 0.00154135329649, -0.00192276667804, 0.00252041150816, -0.00280738761649, 0.00414399150759, -0.00295309093781, 0.00254311808385], [-0.000978108029813, 0.00198475643992, -0.00413721613586, 0.0080077406019, -0.00315051199868, 0.00183553353418, -0.00132139585912, 0.000602789456025, -0.000407862331485, 0.00140836846549, -0.00101294473279, 0.00114787602797, -0.0010087772971], [0.000717373157386, -0.0013172236504, 0.00166277517565, -0.00315051199868, 0.00897423643619, -0.0034073384013, 0.00233010668308, -0.00213561137207, -3.78215418095e-06, -0.000763581716456, -0.00273605040275, 0.00483286101371, -0.00277019524947], [-0.00109568715561, 0.00313028763048, -0.00222043460235, 0.00183553353418, -0.0034073384013, 0.0126575184986, -0.00929138902575, 0.00451388396323, -0.00474022515118, 0.000990580301732, 0.00301136169583, -0.00390838598832, 0.000571824959479], [0.000955949595664, -0.00185845501255, 0.00154135329649, -0.00132139585912, 0.00233010668308, -0.00929138902575, 0.0158198643476, -0.00680921040475, 0.00273521174677, 0.00343807507306, -0.00567644415423, 0.00357598857954, 0.000964573060628], [-0.000902338069864, 0.00284980935976, -0.00192276667804, 0.000602789456025, -0.00213561137207, 0.00451388396323, -0.00680921040475, 0.014317413792, -0.00612608110532, -0.000884698005393, 0.00277682254091, -0.000238196662394, -0.00124212633818], [0.000929393572733, -0.00216217222624, 0.00252041150816, -0.000407862331485, -3.78215418095e-06, -0.00474022515118, 0.00273521174677, -0.00612608110532, 0.0156623236835, -0.00632675085217, -0.00203658849932, 0.00230636866763, 0.000154057794134], [-0.000635569740552, 0.00280621065758, -0.00280738761649, 0.00140836846549, -0.000763581716456, 0.000990580301732, 0.00343807507306, -0.000884698005393, -0.00632675085217, 0.0178566034883, -0.00359898409806, -2.21460668399e-05, -0.000675207236782], [0.000652223068755, -0.0017112204805, 0.00414399150759, -0.00101294473279, -0.00273605040275, 0.00301136169583, -0.00567644415423, 0.00277682254091, -0.00203658849932, -0.00359898409806, 0.0209055766463, -0.0124772870913, 0.0066178557463], [-0.000387715728721, 0.0021807665471, -0.00295309093781, 0.00114787602797, 0.00483286101371, -0.00390838598832, 0.00357598857954, -0.000238196662394, 0.00230636866763, -2.21460668399e-05, -0.0124772870913, 0.0276655536145, -0.0116978473961], [0.000703111232724, -0.00181085953955, 0.00254311808385, -0.0010087772971, -0.00277019524947, 0.000571824959479, 0.000964573060628, -0.00124212633818, 0.000154057794134, -0.000675207236782, 0.0066178557463, -0.0116978473961, 0.0226772613823]]
    },
    "melbands": {
        "dmean": [0.00134253525175, 0.00173928204458, 0.000910813512746, 0.000480038957903, 0.000142892822623, 7.83832292655e-05, 8.42435110826e-05, 6.47338965791e-05, 7.20333700883e-05, 0.000144597404869, 9.6216397651e-05, 8.56389597175e-05, 6.67326967232e-05, 7.7671094914e-05, 5.84962326684e-05, 9.30477108341e-05, 9.81280318229e-05, 8.22469373816e-05, 5.69079893467e-05, 3.97871481255e-05, 2.84728630504e-05, 2.86432805296e-05, 2.18583318201e-05, 1.4342722352e-05, 1.16898218039e-05, 1.23613390315e-05, 1.01697260106e-05, 7.93126946519e-06, 7.58089026931e-06, 5.57779048904e-06, 4.03073909183e-06, 3.0697008242e-06, 2.78725769931e-06, 2.51098231274e-06, 2.27707823797e-06, 1.51893971179e-06, 6.87702765845e-07, 3.88748816249e-07, 3.31116808638e-07, 3.15789208116e-07],
        "dmean2": [0.00232288707048, 0.00314535549842, 0.0016564540565, 0.00086236000061, 0.000241975329118, 0.000132203625981, 0.000139488984132, 0.000110136497824, 0.000116802511911, 0.000230875608395, 0.000151739091962, 0.000140469084727, 0.000107172149001, 0.000124302998302, 9.61060941336e-05, 0.000151016545715, 0.000156489462825, 0.000132728819153, 9.21713362914e-05, 6.58108110656e-05, 4.7837744205e-05, 4.83927105961e-05, 3.66032872989e-05, 2.45756873483e-05, 2.02868559427e-05, 2.10213547689e-05, 1.72014715645e-05, 1.35015034175e-05, 1.27682569655e-05, 9.47288026509e-06, 6.84109318172e-06, 5.11293183081e-06, 4.56948464489e-06, 3.99972168452e-06, 3.68922042071e-06, 2.42021701524e-06, 1.09850941499e-06, 6.42741497359e-07, 5.27160239017e-07, 5.00154044403e-07],
        "dvar": [7.40836048863e-06, 1.56254063768e-05, 2.90251136903e-06, 9.20016304917e-07, 4.77740726978e-08, 2.40549837827e-08, 3.22817079734e-08, 2.91412103337e-08, 2.5189796915e-08, 9.05196344547e-08, 4.90346430126e-08, 1.59844297798e-08, 1.25488153202e-08, 1.68391967037e-08, 1.47754848356e-08, 3.24761586512e-08, 3.06924334836e-08, 1.9902254067e-08, 1.37801707822e-08, 8.29516988432e-09, 1.49031265106e-09, 1.61777580221e-09, 7.11373626672e-10, 3.36456057459e-10, 2.53291027041e-10, 3.15115017413e-10, 2.40297837184e-10, 1.56271356966e-10, 1.2870360333e-10, 6.13083611656e-11, 2.98115768183e-11, 2.24510583735e-11, 3.71844707803e-11, 6.46044814867e-11, 8.28044716128e-11, 1.83391669906e-11, 1.88806370711e-12, 3.12561689855e-13, 3.81727662717e-13, 1.52828520238e-12],
        "dvar2": [1.97078879864e-05, 4.41669253632e-05, 8.1960024545e-06, 2.53689518104e-06, 1.31531166403e-07, 6.45133582111e-08, 8.22387633548e-08, 7.69500090314e-08, 6.68870328013e-08, 2.2843289571e-07, 1.14862686473e-07, 4.1459419009e-08, 2.99180804575e-08, 4.18397689828e-08, 3.48586901566e-08, 7.6457261855e-08, 7.9584324908e-08, 5.01070154257e-08, 3.44911086358e-08, 2.07908250616e-08, 3.83000342552e-09, 4.31560076564e-09, 1.83706172496e-09, 9.33371824274e-10, 6.97060409394e-10, 8.52034554022e-10, 6.41616704211e-10, 4.23900886615e-10, 3.36857347571e-10, 1.68290867353e-10, 8.36303942764e-11, 5.555475871e-11, 8.69411695414e-11, 1.3163155288e-10, 1.95508262357e-10, 4.24899178342e-11, 4.4053380735e-12, 7.56411047079e-13, 7.11676052291e-13, 3.31456563585e-12],
        "max": [0.0195334199816, 0.0315854549408, 0.0136595331132, 0.00872526783496, 0.00234156940132, 0.0027038694825, 0.00365366693586, 0.00522157829255, 0.00378421833739, 0.00361881428398, 0.00394532643259, 0.00186344177928, 0.00207845726982, 0.00203865719959, 0.00314933457412, 0.00418857578188, 0.00307569280267, 0.00313877640292, 0.00243055867031, 0.0022125816904, 0.000628080684692, 0.000791886413936, 0.000425529025961, 0.00025057370658, 0.000201991861104, 0.000207444449188, 0.000219579524128, 0.000258017651504, 0.00014741216728, 0.000113997331937, 5.55742153665e-05, 0.000112325215014, 0.000197751069209, 0.000246587092988, 0.000301561172819, 0.000124305443023, 3.30058137479e-05, 8.54784138937e-06, 2.56647326751e-05, 4.78872352687e-05],
        "mean": [0.00130955374334, 0.00176162016578, 0.000965287559666, 0.000497005996294, 0.000208730256418, 0.00010998237849, 0.00011493205966, 8.37896805024e-05, 0.000121008706628, 0.000260233413428, 0.000189796439372, 0.000143773533637, 0.000120786884509, 0.000135742375278, 0.000101352627098, 0.000159730625455, 0.000173672451638, 0.000151591259055, 0.000110101434984, 6.97443610989e-05, 5.78526778554e-05, 5.89643495914e-05, 4.73555846838e-05, 3.15270553983e-05, 2.43201211561e-05, 2.55863942584e-05, 2.1710551664e-05, 1.82730236702e-05, 1.80414517672e-05, 1.37352908496e-05, 1.0091135664e-05, 7.94031620899e-06, 7.03268869984e-06, 6.08513573752e-06, 5.25318182554e-06, 3.56555779035e-06, 1.88087653896e-06, 1.26495694985e-06, 1.06234517716e-06, 8.58258715652e-07],
        "median": [0.000468707788968, 0.000842140114401, 0.000505593139678, 0.000226861826377, 0.000122210200061, 5.96610298089e-05, 5.2276536735e-05, 4.36041336798e-05, 5.52094970772e-05, 9.20146194403e-05, 7.00008095009e-05, 7.87209719419e-05, 7.27139486116e-05, 8.78053178894e-05, 6.6340995545e-05, 9.39301244216e-05, 9.81667399174e-05, 8.63975801622e-05, 6.79940785631e-05, 5.09492201672e-05, 4.87317774969e-05, 4.9659407523e-05, 3.97803487431e-05, 2.77184390143e-05, 2.20226993406e-05, 2.21476493607e-05, 1.9057721147e-05, 1.65360779647e-05, 1.52505363076e-05, 1.24797643366e-05, 9.18054956855e-06, 6.99809061189e-06, 5.5448567764e-06, 4.55570852864e-06, 3.27930888488e-06, 2.46072318077e-06, 1.49016307205e-06, 1.1487042002e-06, 9.65665890362e-07, 7.48958996155e-07],
        "min": [2.87741413079e-24, 2.12618977936e-24, 3.73203349499e-24, 4.84039450531e-24, 1.59423207754e-24, 3.68802767826e-24, 1.81417221716e-24, 2.32221836164e-24, 3.15288948649e-24, 1.64981995009e-24, 3.49379592389e-24, 2.31921437932e-24, 2.50240306708e-24, 3.21980895151e-24, 3.85988220975e-24, 3.65603581868e-24, 2.53383463821e-24, 3.87115739867e-24, 3.91398741823e-24, 4.24980353343e-24, 4.16398256669e-24, 4.61312170637e-24, 5.56496719106e-24, 5.50049398371e-24, 5.81864040349e-24, 5.72041420459e-24, 6.56197890689e-24, 5.68623680587e-24, 6.17478743637e-24, 5.41902121828e-24, 6.80871921525e-24, 5.24851248349e-24, 4.73742212477e-24, 6.1772486824e-24, 7.20416729843e-24, 5.43520075544e-24, 6.51674286157e-24, 7.1074056198e-24, 6.91616364827e-24, 5.29973440536e-24],
        "var": [6.19275760982e-06, 1.10778682938e-05, 2.34684080169e-06, 7.29593921278e-07, 6.44178186349e-08, 2.55023291373e-08, 3.91953136614e-08, 2.63318735705e-08, 3.55708529298e-08, 1.90799696043e-07, 1.57446152116e-07, 3.24998090662e-08, 2.4973994428e-08, 2.7345985032e-08, 2.82481966707e-08, 5.4846363895e-08, 5.63418574018e-08, 3.7004660669e-08, 2.22573142139e-08, 1.04574828796e-08, 2.75489453472e-09, 2.77708989138e-09, 1.63528857122e-09, 6.66202648603e-10, 3.95301097411e-10, 5.19885468009e-10, 3.84279191801e-10, 2.63767535591e-10, 3.24014509667e-10, 1.48940595968e-10, 7.53822698707e-11, 5.36686632635e-11, 6.92409324321e-11, 9.71320315846e-11, 1.04789052435e-10, 3.02405843422e-11, 4.29636447946e-12, 1.27184580142e-12, 1.19351978387e-12, 2.36120259629e-12]
    },
    "mfcc": {
        "mean": [-624.428466797, 85.9567337036, -41.8076171875, 10.7331180573, 4.10671281815, 15.6856250763, 4.68348026276, 7.60703516006, 0.60881704092, 5.27054023743, -0.0762219130993, -1.6751960516, -2.7051012516],
        "cov": [[17312.4707031, 1002.36853027, 4247.19677734, 2570.94433594, 86.7682647705, 440.07208252, -61.7171478271, -23.9838428497, 626.641845703, -106.280944824, -394.674499512, -232.76524353, -555.558288574], [1002.36853027, 1411.49865723, 340.41973877, 191.38659668, 9.55550098419, -130.960769653, -47.1287231445, -113.11656189, -51.9639663696, -96.2800064087, -113.707611084, -65.6519012451, -56.1371040344], [4247.19677734, 340.41973877, 2413.66894531, 1088.89477539, 41.1686592102, 147.96206665, -86.0522689819, -124.705711365, 289.514831543, -151.917816162, -162.41343689, -64.2792510986, -213.827911377], [2570.94433594, 191.38659668, 1088.89477539, 720.530029297, 86.7921524048, 38.154624939, -32.8284988403, -70.3987808228, 135.725296021, -48.5891723633, -97.2866821289, -37.1706428528, -96.4772796631], [86.7682647705, 9.55550098419, 41.1686592102, 86.7921524048, 153.279083252, 24.5890903473, -18.4821949005, -8.71462726593, 42.5581817627, 40.8746490479, -1.22537755966, 6.87055921555, 9.58439445496], [440.07208252, -130.960769653, 147.96206665, 38.154624939, 24.5890903473, 169.68850708, 43.8308410645, 34.2056770325, 37.1085472107, -0.535657584667, 11.6076774597, 5.71187734604, -14.1714830399], [-61.7171478271, -47.1287231445, -86.0522689819, -32.8284988403, -18.4821949005, 43.8308410645, 127.519950867, 74.2721633911, -14.3516998291, 13.6642045975, 16.6737937927, -2.07456088066, -5.35744905472], [-23.9838428497, -113.11656189, -124.705711365, -70.3987808228, -8.71462726593, 34.2056770325, 74.2721633911, 141.428314209, 6.14526176453, 43.5853843689, 33.3691482544, -5.7643661499, 2.27350616455], [626.641845703, -51.9639663696, 289.514831543, 135.725296021, 42.5581817627, 37.1085472107, -14.3516998291, 6.14526176453, 144.406295776, 39.6302528381, -9.25303268433, -7.72221851349, -35.91929245], [-106.280944824, -96.2800064087, -151.917816162, -48.5891723633, 40.8746490479, -0.535657584667, 13.6642045975, 43.5853843689, 39.6302528381, 122.321075439, 48.0762825012, 3.98519635201, 2.73086690903], [-394.674499512, -113.707611084, -162.41343689, -97.2866821289, -1.22537755966, 11.6076774597, 16.6737937927, 33.3691482544, -9.25303268433, 48.0762825012, 96.8187026978, 38.6285476685, 23.5839691162], [-232.76524353, -65.6519012451, -64.2792510986, -37.1706428528, 6.87055921555, 5.71187734604, -2.07456088066, -5.7643661499, -7.72221851349, 3.98519635201, 38.6285476685, 73.2365722656, 44.6501350403], [-555.558288574, -56.1371040344, -213.827911377, -96.4772796631, 9.58439445496, -14.1714830399, -5.35744905472, 2.27350616455, -35.91929245, 2.73086690903, 23.5839691162, 44.6501350403, 91.5166625977]],
