{
"lowlevel": {
    "average_loudness": 0.469367384911,
    "barkbands_crest": {
        "dmean": 1.86545503139,
        "dmean2": 2.90997838974,
        "dvar": 3.71267867088,
        "dvar2": 9.24305057526,
        "max": 24.1951885223,
        "mean": 10.6749000549,
        "median": 10.1268882751,
        "min": 2.68821310997,
        "var": 13.1467676163
    },
    "barkbands_flatness_db": {
        "dmean": 0.0195074751973,
        "dmean2": 0.0279931928962,
        "dvar": 0.000542262045201,
        "dvar2": 0.00103945401497,
        "max": 0.550825715065,
        "mean": 0.239923670888,
        "median": 0.226278677583,
        "min": 0.027271265164,
        "var": 0.00910934992135
    },
    "barkbands_kurtosis": {
        "dmean": 3.35904502869,
        "dmean2": 5.20551633835,
        "dvar": 91.0570907593,
        "dvar2": 235.813293457,
        "max": 212.071777344,
        "mean": 7.28420352936,
        "median": 2.73061275482,
        "min": -1.9067633152,
        "var": 234.898712158
    },
    "barkbands_skewness": {
        "dmean": 0.447377353907,
        "dmean2": 0.659902155399,
        "dvar": 0.381591886282,
        "dvar2": 0.882635831833,
        "max": 13.5230760574,
        "mean": 1.17142665386,
        "median": 0.977228820324,
        "min": -3.46584844589,
        "var": 3.40920233727
    },
    "barkbands_spread": {
        "dmean": 2.83086299896,
        "dmean2": 3.85614085197,
        "dvar": 32.6384162903,
        "dvar2": 59.3785705566,
        "max": 92.8242492676,
        "mean": 10.3245887756,
        "median": 6.89190101624,
        "min": 0.191156834364,
        "var": 124.390800476
    },
    "dissonance": {
        "dmean": 0.0224587842822,
        "dmean2": 0.0374321639538,
        "dvar": 0.000583955727052,
        "dvar2": 0.00154191465117,
        "max": 0.499922245741,
        "mean": 0.449872404337,
        "median": 0.463411808014,
        "min": 0.166376948357,
        "var": 0.00233447179198
    },
    "dynamic_complexity": 6.36487436295,
    "erbbands_crest": {
        "dmean": 2.2805018425,
        "dmean2": 3.54047131538,
        "dvar": 4.69467926025,
        "dvar2": 10.6976394653,
        "max": 31.9809741974,
        "mean": 11.5223236084,
        "median": 10.7768802643,
        "min": 2.73262381554,
        "var": 25.4638786316
    },
    "erbbands_flatness_db": {
        "dmean": 0.0157420095056,
        "dmean2": 0.0217186752707,
        "dvar": 0.000325466884533,
        "dvar2": 0.000539023079909,
        "max": 0.545318305492,
        "mean": 0.271879285574,
        "median": 0.217193692923,
        "min": 0.054951928556,
        "var": 0.0202890112996
    },
    "erbbands_kurtosis": {
        "dmean": 1.03646099567,
        "dmean2": 1.58365762234,
        "dvar": 3.82606220245,
        "dvar2": 8.91880226135,
        "max": 61.3636703491,
        "mean": 1.69821476936,
        "median": 0.81511259079,
        "min": -1.79412078857,
        "var": 13.2818775177
    },
    "erbbands_skewness": {
        "dmean": 0.313237398863,
        "dmean2": 0.456109970808,
        "dvar": 0.109438896179,
        "dvar2": 0.239272132516,
        "max": 6.75821304321,
        "mean": 0.439233779907,
        "median": 0.373937904835,
        "min": -2.9564063549,
        "var": 0.962691366673
    },
    "erbbands_spread": {
        "dmean": 5.28900384903,
        "dmean2": 7.5551700592,
        "dvar": 97.4215393066,
        "dvar2": 187.634490967,
        "max": 142.986526489,
        "mean": 24.1062355042,
        "median": 16.3110618591,
        "min": 0.930729568005,
        "var": 553.023376465
    },
    "hfc": {
        "dmean": 3.58069562912,
        "dmean2": 4.80605220795,
        "dvar": 79.7928390503,
        "dvar2": 133.026077271,
        "max": 119.923339844,
        "mean": 11.4209423065,
        "median": 4.45241165161,
        "min": 3.3675962186e-05,
        "var": 297.763275146
    },
    "melbands_crest": {
        "dmean": 2.390011549,
        "dmean2": 3.74015903473,
        "dvar": 5.81076383591,
        "dvar2": 14.0694160461,
        "max": 32.9693527222,
        "mean": 13.9985342026,
        "median": 13.1480293274,
        "min": 4.5819849968,
        "var": 26.9582023621
    },
    "melbands_flatness_db": {
        "dmean": 0.021922795102,
        "dmean2": 0.0310804042965,
        "dvar": 0.000804691866506,
        "dvar2": 0.00153842172585,
        "max": 0.704141438007,
        "mean": 0.304235488176,
        "median": 0.306313931942,
        "min": 0.0610780641437,
        "var": 0.00860144756734
    },
    "melbands_kurtosis": {
        "dmean": 6.54495429993,
        "dmean2": 9.85137844086,
        "dvar": 420.268005371,
        "dvar2": 983.45324707,
        "max": 506.014953613,
        "mean": 14.9046163559,
        "median": 4.42427492142,
        "min": -1.62510251999,
        "var": 1065.71203613
    },
    "melbands_skewness": {
        "dmean": 0.528822124004,
        "dmean2": 0.761165320873,
        "dvar": 0.588331997395,
        "dvar2": 1.20109951496,
        "max": 16.0327262878,
        "mean": 1.73527848721,
        "median": 1.31536710262,
        "min": -2.99285554886,
        "var": 5.52964353561
    },
    "melbands_spread": {
        "dmean": 2.89486098289,
        "dmean2": 4.10414981842,
        "dvar": 26.1358261108,
        "dvar2": 49.0296707153,
        "max": 94.7345733643,
        "mean": 12.0841569901,
        "median": 9.84680843353,
        "min": 0.246942609549,
        "var": 92.3332138062
    },
    "pitch_salience": {
        "dmean": 0.0552558712661,
        "dmean2": 0.0867660418153,
        "dvar": 0.00300812022761,
        "dvar2": 0.00724322488531,
        "max": 0.840478479862,
        "mean": 0.548731505871,
        "median": 0.548478960991,
        "min": 0.0732926204801,
        "var": 0.012237932533
    },
    "silence_rate_20dB": {
        "dmean": 0,
        "dmean2": 0,
        "dvar": 0,
        "dvar2": 0,
        "max": 1,
        "mean": 1,
        "median": 1,
        "min": 1,
        "var": 0
    },
    "silence_rate_30dB": {
        "dmean": 0.011609907262,
        "dmean2": 0.0228416565806,
        "dvar": 0.0114752836525,
        "dvar2": 0.02851450257,
        "max": 1,
        "mean": 0.989555120468,
        "median": 1,
        "min": 0,
        "var": 0.0103356400505
    },
    "silence_rate_60dB": {
        "dmean": 0.0297987610102,
        "dmean2": 0.0596205964684,
        "dvar": 0.02890958637,
        "dvar2": 0.0614866241813,
        "max": 1,
        "mean": 0.36479690671,
        "median": 0,
        "min": 0,
        "var": 0.231718242168
    },
    "spectral_centroid": {
        "dmean": 130.157577515,
        "dmean2": 179.307647705,
        "dvar": 40746.1210938,
        "dvar2": 73085.234375,
        "max": 3181.05371094,
        "mean": 1095.21520996,
        "median": 1019.73321533,
        "min": 167.871917725,
        "var": 357499.0625
    },
    "spectral_complexity": {
        "dmean": 2.2101392746,
        "dmean2": 3.16492462158,
        "dvar": 14.4462089539,
        "dvar2": 21.2681980133,
        "max": 57,
        "mean": 10.4940042496,
        "median": 9,
        "min": 0,
        "var": 72.5448379517
    },
    "spectral_decrease": {
        "dmean": 1.51139467608e-09,
        "dmean2": 2.3234740798e-09,
        "dvar": 1.54460494573e-17,
        "dvar2": 3.6735812305e-17,
        "max": -3.31409158031e-15,
        "mean": -5.1914335053e-09,
        "median": -2.61410160185e-09,
        "min": -5.37281437119e-08,
        "var": 4.33826849829e-17
    },
    "spectral_energy": {
        "dmean": 0.00595775991678,
        "dmean2": 0.00905687268823,
        "dvar": 0.000231188198086,
        "dvar2": 0.000545629707631,
        "max": 0.204975366592,
        "mean": 0.0206295792013,
        "median": 0.0104790842161,
        "min": 1.55626693754e-08,
        "var": 0.00067350664176
    },
    "spectral_energyband_high": {
        "dmean": 0.000235041457927,
        "dmean2": 0.00027964648325,
        "dvar": 6.41029146209e-07,
        "dvar2": 1.02178751149e-06,
        "max": 0.0134272649884,
        "mean": 0.000381181715056,
        "median": 2.88259325316e-05,
        "min": 1.92116900166e-09,
        "var": 1.53485757437e-06
    },
    "spectral_energyband_low": {
        "dmean": 0.0032499441877,
        "dmean2": 0.00503653846681,
        "dvar": 0.000154358654981,
        "dvar2": 0.000368803128367,
        "max": 0.182278200984,
        "mean": 0.00841931905597,
        "median": 0.00236419797875,
        "min": 1.06918207621e-09,
        "var": 0.000247176503763
    },
    "spectral_energyband_middle_high": {
        "dmean": 0.00105975149199,
        "dmean2": 0.00153133110143,
        "dvar": 5.5855393839e-06,
        "dvar2": 1.11025101432e-05,
        "max": 0.0618214346468,
        "mean": 0.00321564660408,
        "median": 0.00125347706489,
        "min": 8.79432349166e-09,
        "var": 3.53831856046e-05
    },
    "spectral_energyband_middle_low": {
        "dmean": 0.00305545842275,
        "dmean2": 0.0048214062117,
        "dvar": 6.17633995716e-05,
        "dvar2": 0.000156663809321,
        "max": 0.111864179373,
        "mean": 0.00963208358735,
        "median": 0.00444883387536,
        "min": 3.15888670777e-09,
        "var": 0.000190338032553
    },
    "spectral_entropy": {
        "dmean": 0.172784864902,
        "dmean2": 0.239439591765,
        "dvar": 0.0504158437252,
        "dvar2": 0.088894598186,
        "max": 8.56561660767,
        "mean": 6.79960346222,
        "median": 6.74163293839,
        "min": 3.5306096077,
        "var": 0.493880808353
    },
    "spectral_flux": {
        "dmean": 0.0177863929421,
        "dmean2": 0.0272989328951,
        "dvar": 0.000943295715842,
        "dvar2": 0.00207964843139,
        "max": 0.364449054003,
        "mean": 0.0488440431654,
        "median": 0.0343477018178,
        "min": 0.000124750426039,
        "var": 0.00267532235011
    },
    "spectral_kurtosis": {
        "dmean": 12.1375217438,
        "dmean2": 20.9989395142,
        "dvar": 382.107574463,
        "dvar2": 1130.20019531,
        "max": 210.637496948,
        "mean": 32.8618965149,
        "median": 10.6542015076,
        "min": -1.18073284626,
        "var": 1714.30334473
    },
    "spectral_rms": {
        "dmean": 0.000500530062709,
        "dmean2": 0.000734163215384,
        "dvar": 8.77728439264e-07,
        "dvar2": 1.9173023702e-06,
        "max": 0.014141285792,
        "mean": 0.00361295067705,
        "median": 0.00319742038846,
        "min": 3.89654860555e-06,
        "var": 7.07301569491e-06
    },
    "spectral_rolloff": {
        "dmean": 218.923080444,
        "dmean2": 347.966766357,
        "dvar": 459410.28125,
        "dvar2": 962183.0625,
        "max": 9862.20703125,
        "mean": 1245.70361328,
        "median": 990.52734375,
        "min": 86.1328125,
        "var": 1137023.25
    },
    "spectral_skewness": {
        "dmean": 0.820397078991,
        "dmean2": 1.39462172985,
        "dvar": 1.21670007706,
        "dvar2": 3.71120214462,
        "max": 12.0912561417,
        "mean": 3.25255727768,
        "median": 2.54321217537,
        "min": 0.371694803238,
        "var": 4.38155460358
    },
    "spectral_spread": {
        "dmean": 475973.34375,
        "dmean2": 652176,
        "dvar": 576003506176,
        "dvar2": 893765156864,
        "max": 15260247,
        "mean": 3272625.5,
        "median": 3125147.75,
        "min": 400655.0625,
        "var": 5.81267829555e+12
    },
    "spectral_strongpeak": {
        "dmean": 0.305437296629,
        "dmean2": 0.507433712482,
        "dvar": 0.252048134804,
        "dvar2": 0.606860697269,
        "max": 7.56416797638,
        "mean": 0.947387754917,
        "median": 0.605020701885,
        "min": 0,
        "var": 0.979843139648
    },
    "zerocrossingrate": {
        "dmean": 0.00660313479602,
        "dmean2": 0.00732554215938,
        "dvar": 0.000112272478873,
        "dvar2": 0.000120924691146,
        "max": 0.29296875,
        "mean": 0.0511784851551,
        "median": 0.0478515625,
        "min": 0.005859375,
        "var": 0.000858984072693
    },
    "barkbands": {
        "dmean": [0.000159263086971, 0.00231474637985, 0.000902328349184, 0.000870543473866, 0.00126831629314, 0.00052306021098, 0.000933192204684, 0.000495428859722, 0.000551305885892, 0.000390688190237, 0.000208824203582, 0.000205708827707, 0.000234270264627, 0.000159266593982, 0.000129303196445, 0.000111665322038, 6.62518214085e-05, 3.39152102242e-05, 5.056766895e-05, 5.92572287132e-05, 4.83128860651e-05, 4.88717669214e-05, 4.2882431444e-05, 3.5823770304e-05, 3.97516560042e-05, 1.25064598251e-05, 5.48690252344e-07],
        "dmean2": [0.00023640631116, 0.00370692764409, 0.00144917331636, 0.00142068276182, 0.00219223485328, 0.00078074564226, 0.0013914052397, 0.000768672092818, 0.000821052293759, 0.000580652384087, 0.000317669066135, 0.000305363995722, 0.000359577476047, 0.000246507144766, 0.000201987611945, 0.000171779494849, 0.000102872341813, 5.14732128067e-05, 7.43772543501e-05, 8.46521070343e-05, 6.56855045236e-05, 6.13511583651e-05, 5.78122089792e-05, 4.84248848807e-05, 5.42730849702e-05, 1.65465844475e-05, 8.43715895371e-07],
        "dvar": [6.91396735419e-07, 0.000117838397273, 9.17164743441e-06, 3.02256466966e-06, 1.76422545337e-05, 2.17800993596e-06, 1.05665576484e-05, 3.43600754604e-06, 3.52930032932e-06, 1.56011753916e-06, 6.28244720247e-07, 3.90349526924e-07, 6.26358939826e-07, 1.98630942805e-07, 8.7887293887e-08, 8.80173516293e-08, 2.86901222779e-08, 1.49373065028e-08, 4.10492191349e-08, 4.15052952007e-08, 3.52871687426e-08, 3.70914960968e-08, 3.06994003552e-08, 3.51897178064e-08, 4.58461357766e-08, 1.82597215126e-09, 4.42117306307e-12],
        "dvar2": [1.37268284561e-06, 0.000296292681014, 2.11295719055e-05, 7.96923086455e-06, 5.07638906129e-05, 4.65879475087e-06, 2.49877939495e-05, 8.08558070275e-06, 6.7773680712e-06, 2.81582219941e-06, 1.34599520152e-06, 7.86173359302e-07, 1.44064995311e-06, 4.28873107694e-07, 2.07359377669e-07, 2.12946233091e-07, 6.56502834318e-08, 3.1346697682e-08, 8.5979479536e-08, 8.32343474144e-08, 6.69047111046e-08, 6.22580387244e-08, 6.38913846274e-08, 6.68891857458e-08, 8.6703259683e-08, 3.68627084413e-09, 1.09932497133e-11],
        "max": [0.0136206429452, 0.158718466759, 0.0679043829441, 0.0310972128063, 0.0657658800483, 0.0459386408329, 0.0821707546711, 0.0330820083618, 0.0690242648125, 0.0489071197808, 0.0184615310282, 0.0145881725475, 0.0195708237588, 0.0104053681716, 0.00530868535861, 0.00622590072453, 0.00304030720145, 0.00166076433379, 0.00445228395984, 0.00361906224862, 0.0029280774761, 0.00341450446285, 0.0037608104758, 0.00682904804125, 0.00610486790538, 0.000686453189701, 4.84312877234e-05],
        "mean": [0.000177656271262, 0.00444829137996, 0.00289135007188, 0.00198553060181, 0.00182843254879, 0.00119824591093, 0.00234810146503, 0.000815891136881, 0.00127300573513, 0.000971028348431, 0.000370287307305, 0.000403729674872, 0.00049452483654, 0.000311564974254, 0.000240969951847, 0.000198690991965, 0.000115741357149, 4.74789958389e-05, 7.55153523642e-05, 9.74603026407e-05, 7.33008855605e-05, 7.74280997575e-05, 6.00619059696e-05, 5.27808988409e-05, 5.41825975233e-05, 1.76993453351e-05, 6.3655932081e-07],
        "median": [1.33175979045e-06, 0.000998379662633, 0.000391198380385, 0.000642204540782, 0.000636060547549, 0.000230224090046, 0.000204555224627, 5.58109386475e-05, 0.000156762849656, 0.000125223887153, 4.02420082537e-05, 0.000127865176182, 6.72848109389e-05, 8.05579256848e-05, 7.27185615688e-05, 6.8148576247e-05, 3.98025404138e-05, 6.82658173901e-06, 4.5041397243e-06, 8.39322729007e-06, 3.27821862811e-06, 2.8353667858e-06, 2.3827158202e-06, 2.47921730079e-06, 1.96624637283e-06, 4.60885758002e-07, 3.74821151894e-09],
        "min": [1.8614745162e-11, 2.39381597877e-10, 1.75940331748e-10, 4.34335428734e-10, 2.38717962064e-10, 7.97992782964e-11, 8.70312780177e-11, 4.32924002203e-10, 1.86426984961e-09, 4.83941442475e-10, 8.25564228091e-10, 4.0409918467e-11, 1.54945556385e-10, 1.74431802336e-09, 1.03065822543e-09, 2.53305976194e-09, 7.30556837247e-10, 2.02515004766e-10, 1.28063532001e-11, 7.15910317139e-12, 1.05509958409e-11, 1.16752458396e-11, 1.05584117838e-10, 1.37994005112e-10, 6.76658512208e-12, 7.57262221679e-12, 2.11485204349e-11],
        "var": [8.72041709954e-07, 0.000120056196465, 4.062167136e-05, 9.96362723527e-06, 1.52506554514e-05, 8.08979166322e-06, 3.97169897042e-05, 7.0851115197e-06, 1.39863441291e-05, 1.15963957796e-05, 1.52788993546e-06, 8.80563220562e-07, 2.75966181107e-06, 6.08806317359e-07, 2.36485135474e-07, 1.68116983446e-07, 4.58995934594e-08, 2.31038725929e-08, 6.55029026575e-08, 8.38575786588e-08, 6.6919831454e-08, 8.23585395437e-08, 5.04742452279e-08, 6.82616985159e-08, 8.12108709169e-08, 3.02709435296e-09, 4.81863637533e-12]
    },
    "erbbands": {
        "dmean": [0.0756161138415, 0.498694181442, 1.01454162598, 1.93981456757, 3.63287115097, 4.97250890732, 2.69024419785, 4.91950035095, 11.2357139587, 12.9201774597, 10.8375205994, 12.4823074341, 10.4419412613, 11.6027593613, 7.91866636276, 8.0112285614, 10.5869121552, 7.98927688599, 6.61451721191, 6.82296943665, 4.59507751465, 3.26931476593, 1.93413698673, 2.19217276573, 2.9588842392, 2.68173503876, 2.09387636185, 1.81267952919, 1.72089493275, 1.69720649719, 1.12610566616, 0.690283000469, 0.667017519474, 0.55956953764, 0.200045987964, 0.0764367207885, 0.02043434605, 0.00237456709146, 6.20363862254e-05, 8.49972821015e-06],
        "dmean2": [0.116380549967, 0.825325965881, 1.60792219639, 3.12764501572, 6.25068902969, 8.65715885162, 4.22091245651, 7.1755232811, 16.9405498505, 18.9184608459, 17.3175888062, 18.9609298706, 14.8995456696, 16.9756908417, 11.7667369843, 11.8244867325, 15.7926607132, 12.302646637, 10.3285980225, 10.4461870193, 7.1225476265, 4.98027420044, 2.84742736816, 3.29232859612, 4.32551765442, 3.81871747971, 2.96399712563, 2.38518190384, 2.13494038582, 2.2233569622, 1.52807784081, 0.883330345154, 0.902764081955, 0.791982471943, 0.278626203537, 0.10325538367, 0.0279271248728, 0.00315796723589, 8.2665377704e-05, 1.21497942018e-05],
        "dvar": [0.174007460475, 4.87632656097, 11.368596077, 15.5556898117, 93.1870880127, 295.665893555, 66.4523849487, 234.624588013, 1394.42614746, 2407.64526367, 1688.69445801, 2390.62768555, 1504.93664551, 1293.4810791, 676.352478027, 697.244995117, 1228.0690918, 476.890686035, 248.34954834, 304.994628906, 137.650375366, 65.4800949097, 41.7871856689, 78.6164932251, 145.878662109, 80.2687911987, 72.221862793, 52.61460495, 45.5476608276, 50.9961013794, 19.1650619507, 6.83795022964, 16.9354038239, 11.0332193375, 0.826780259609, 0.0734114423394, 0.00540519319475, 6.417035911e-05, 4.3994241139e-08, 4.56501753066e-10],
        "dvar2": [0.409672886133, 13.1289987564, 27.259935379, 40.1029472351, 272.562286377, 848.617675781, 160.54019165, 458.300476074, 3328.19775391, 4183.91259766, 4261.59228516, 5143.11669922, 2270.01269531, 2359.57519531, 1407.92944336, 1497.62963867, 2834.15234375, 1044.05493164, 583.717407227, 730.43170166, 323.536499023, 147.215133667, 84.8679122925, 169.182296753, 328.326629639, 153.469497681, 150.185943604, 94.271194458, 74.2148742676, 103.421989441, 39.1873092651, 12.3217964172, 30.5652980804, 21.6573505402, 1.64509987831, 0.145851269364, 0.011928149499, 0.00013554673933, 9.62740642763e-08, 9.89952453345e-10],
        "max": [6.41409349442, 32.8281974792, 72.1482162476, 61.7383270264, 174.415466309, 211.947906494, 214.940231323, 578.731628418, 1039.26391602, 1753.77990723, 630.484558105, 1639.04016113, 1831.4284668, 874.965942383, 705.200134277, 669.321838379, 901.705810547, 600.732727051, 330.856933594, 328.379119873, 222.396789551, 141.106063843, 100.466339111, 129.894073486, 295.730407715, 167.056777954, 189.088867188, 119.698043823, 114.242591858, 145.350860596, 92.636390686, 63.9348449707, 168.216888428, 95.5318984985, 21.3767738342, 4.48412370682, 1.49763178825, 0.186179667711, 0.0044935294427, 0.000413988251239],
        "mean": [0.105191461742, 1.07769382, 3.35105895996, 4.97828197479, 6.77284431458, 6.45550489426, 5.09431219101, 12.225353241, 28.0717906952, 31.7360134125, 19.9686527252, 26.5522823334, 29.117647171, 24.2192783356, 16.615190506, 16.1958427429, 22.0498123169, 17.6926841736, 14.9393091202, 12.9664878845, 9.1238489151, 6.22637987137, 2.98899364471, 3.17208194733, 4.56340026855, 4.52277183533, 3.16204547882, 2.83930039406, 2.75077700615, 2.42961645126, 1.56638407707, 1.02204275131, 0.972832202911, 0.750309288502, 0.279609501362, 0.107560306787, 0.0276132021099, 0.00340188364498, 9.38043012866e-05, 2.737482464e-05],
        "median": [0.0123640438542, 0.26758775115, 0.688267171383, 2.05664610863, 2.68808531761, 2.00845861435, 1.67328023911, 2.48044061661, 2.98951625824, 2.56373167038, 2.70519280434, 3.5803360939, 3.2473294735, 3.93020701408, 2.47702884674, 5.49698066711, 4.39224672318, 4.44733285904, 4.81216144562, 4.27750301361, 3.39916706085, 2.39052057266, 0.638454675674, 0.302956283092, 0.312854528427, 0.416363298893, 0.188418507576, 0.125572681427, 0.0993298962712, 0.104348167777, 0.063318066299, 0.0536183975637, 0.0367420427501, 0.0241047609597, 0.0103689068928, 0.00287371082231, 0.00060795317404, 6.12222138443e-05, 1.035900641e-05, 1.31704982778e-05],
        "min": [3.16739967587e-09, 7.33894509608e-08, 5.15890917541e-07, 1.24536700241e-06, 1.04480841401e-06, 7.58848955229e-07, 5.20063451859e-07, 8.0038842043e-07, 1.16372984849e-06, 2.40112899519e-06, 1.79888102139e-05, 4.58168615296e-05, 1.453214918e-05, 3.01923082588e-05, 2.24882405746e-05, 2.52006498158e-06, 6.74312650517e-06, 5.78339822823e-05, 0.000102990750747, 8.4689592768e-05, 0.000104143153294, 3.78020631615e-05, 2.24855157285e-05, 1.53102955665e-05, 1.11807003123e-05, 2.37342601395e-06, 2.03739955396e-06, 1.76707726496e-06, 2.95253698823e-06, 9.96257540464e-07, 2.95458630717e-06, 4.26126280217e-06, 2.6957246746e-07, 7.53287423549e-08, 5.21328757941e-08, 2.2231175123e-08, 1.58000350581e-08, 7.32580884844e-09, 2.42445552523e-09, 4.23436868902e-10],
        "var": [0.164966464043, 5.02458286285, 42.4603614807, 49.416469574, 127.7082901, 237.224060059, 139.376296997, 864.127380371, 4665.47021484, 16442.2207031, 2699.75415039, 5691.39794922, 12199.2939453, 4505.69726562, 1965.48901367, 1359.00817871, 4609.67431641, 2115.20654297, 915.104248047, 718.647155762, 309.021148682, 112.313056946, 67.9744949341, 121.068618774, 218.384552002, 175.927261353, 117.129257202, 109.384117126, 103.912742615, 87.6346664429, 32.4254951477, 13.5915164948, 36.7158050537, 19.7219543457, 1.31736075878, 0.12146922946, 0.0076496610418, 0.000105370025267, 6.73461642009e-08, 1.2879768363e-09]
    },
    "gfcc": {
        "mean": [-140.3855896, 120.530654907, -143.366256714, -12.8042058945, -34.9140205383, 12.7811183929, -35.8893966675, 6.72935295105, -19.2261447906, -3.45017147064, -16.7076206207, -6.1918091774, -5.84974098206],
        "cov": [[26703.0527344, -1793.79956055, 8989.79101562, 7420.01464844, -5216.00390625, 976.187194824, 290.344909668, 737.987304688, -446.295623779, 1574.37109375, -621.645446777, 138.411941528, -775.124084473], [-1793.79956055, 1372.29638672, 152.75453186, -480.54107666, 349.760437012, -146.769485474, 48.8323745728, -90.5843505859, 58.4732170105, -186.805465698, 100.917404175, -21.3127880096, 69.4304122925], [8989.79101562, 152.75453186, 5964.80126953, 3403.8894043, -2403.90405273, 547.816894531, 76.4584274292, 315.068634033, -257.236480713, 562.584533691, -403.074005127, 103.297660828, -409.274047852], [7420.01464844, -480.54107666, 3403.8894043, 2937.58813477, -1743.02941895, 245.044342041, 125.884483337, 175.63848877, -137.238998413, 453.307312012, -252.520797729, -2.46630716324, -235.614364624], [-5216.00390625, 349.760437012, -2403.90405273, -1743.02941895, 1622.41918945, -213.693130493, -87.0525436401, -126.345779419, 143.554244995, -333.781555176, 182.666717529, 0.393943399191, 192.922622681], [976.187194824, -146.769485474, 547.816894531, 245.044342041, -213.693130493, 238.615707397, 12.8530225754, 54.7983551025, -18.8586101532, 81.0549240112, -61.3130149841, 6.42690229416, -58.0293273926], [290.344909668, 48.8323745728, 76.4584274292, 125.884483337, -87.0525436401, 12.8530225754, 172.614868164, 32.3254585266, -7.92820167542, 1.07261872292, 8.3489484787, -7.55645942688, -18.6011734009], [737.987304688, -90.5843505859, 315.068634033, 175.63848877, -126.345779419, 54.7983551025, 32.3254585266, 158.03062439, -4.08812189102, 12.6276817322, -22.0703449249, 46.1743583679, -37.7247047424], [-446.295623779, 58.4732170105, -257.236480713, -137.238998413, 143.554244995, -18.8586101532, -7.92820167542, -4.08812189102, 118.184509277, -14.8364753723, 16.6171760559, -22.6885681152, 31.2077865601], [1574.37109375, -186.805465698, 562.584533691, 453.307312012, -333.781555176, 81.0549240112, 1.07261872292, 12.6276817322, -14.8364753723, 213.184738159, -23.471414566, -27.4507751465, -39.9624557495], [-621.645446777, 100.917404175, -403.074005127, -252.520797729, 182.666717529, -61.3130149841, 8.3489484787, -22.0703449249, 16.6171760559, -23.471414566, 119.40990448, 5.02543210983, 40.0988693237], [138.411941528, -21.3127880096, 103.297660828, -2.46630716324, 0.393943399191, 6.42690229416, -7.55645942688, 46.1743583679, -22.6885681152, -27.4507751465, 5.02543210983, 120.509521484, -13.758887291], [-775.124084473, 69.4304122925, -409.274047852, -235.614364624, 192.922622681, -58.0293273926, -18.6011734009, -37.7247047424, 31.2077865601, -39.9624557495, 40.0988693237, -13.758887291, 89.1866531372]],
        "icov": [[0.000219377528992, -0.000185152646736, 0.000220258691115, -0.000469111109851, 0.000277702813037, -0.000294003810268, 0.000217177977902, -0.000500107009429, 0.000196508786757, -0.000744983437471, 8.41274886625e-05, -0.000357245531632, 0.000368458335288], [-0.000185152646736, 0.00249506533146, -0.00181766995229, 0.00155418238137, -0.000741725612897, 0.00185810413677, -0.00168542063329, 0.0019306265749, -0.001596746617, 0.00262312800623, -0.00215584784746, 0.00150899949949, -0.00157219334505], [0.000220258691115, -0.00181766995229, 0.00210722326301, -0.00183029973414, 0.000961271929555, -0.00202278210782, 0.00162626127712, -0.00172197935171, 0.00142779771704, -0.00207620533183, 0.00181229854934, -0.00161611579824, 0.001885236823], [-0.000469111109851, 0.00155418238137, -0.00183029973414, 0.00308156502433, -0.00022689832258, 0.00221821363084, -0.00184145080857, 0.00167114287615, -0.0013942620717, 0.00154596287757, -0.000504295749124, 0.00149452721234, -0.00165044341702], [0.000277702813037, -0.000741725612897, 0.000961271929555, -0.00022689832258, 0.00266830832697, -0.000892910233233, 0.000994473113678, -0.000798889610451, -0.00037476446596, -0.000320584105793, 7.11910615792e-05, -0.00100425910205, 0.000119929718494], [-0.000294003810268, 0.00185810413677, -0.00202278210782, 0.00221821363084, -0.000892910233233, 0.00808305479586, -0.00193196488544, 0.000524898350704, -0.00141179072671, 9.49262539507e-05, 0.000648078741506, 0.0014298238093, 5.14874736837e-05], [0.000217177977902, -0.00168542063329, 0.00162626127712, -0.00184145080857, 0.000994473113678, -0.00193196488544, 0.00806496106088, -0.00282464060001, 0.001381777809, -0.000529156590346, -0.000569258176256, 0.000149970393977, 0.00243519665673], [-0.000500107009429, 0.0019306265749, -0.00172197935171, 0.00167114287615, -0.000798889610451, 0.000524898350704, -0.00282464060001, 0.0109834717587, -0.00302859488875, 0.00368284876458, -0.00156136800069, -0.00165717850905, -5.3997257055e-05], [0.000196508786757, -0.001596746617, 0.00142779771704, -0.0013942620717, -0.00037476446596, -0.00141179072671, 0.001381777809, -0.00302859488875, 0.0116172237322, -0.00262770918198, 0.00163533783052, 0.00095665466506, -0.00111127959099], [-0.000744983437471, 0.00262312800623, -0.00207620533183, 0.00154596287757, -0.000320584105793, 9.49262539507e-05, -0.000529156590346, 0.00368284876458, -0.00262770918198, 0.0133729642257, -0.00512735173106, 0.00423234794289, -0.00188775523566], [8.41274886625e-05, -0.00215584784746, 0.00181229854934, -0.000504295749124, 7.11910615792e-05, 0.000648078741506, -0.000569258176256, -0.00156136800069, 0.00163533783052, -0.00512735173106, 0.0149589031935, -0.00313440430909, -0.00119656452443], [-0.000357245531632, 0.00150899949949, -0.00161611579824, 0.00149452721234, -0.00100425910205, 0.0014298238093, 0.000149970393977, -0.00165717850905, 0.00095665466506, 0.00423234794289, -0.00313440430909, 0.0121844951063, -0.000463993608719], [0.000368458335288, -0.00157219334505, 0.001885236823, -0.00165044341702, 0.000119929718494, 5.14874736837e-05, 0.00243519665673, -5.3997257055e-05, -0.00111127959099, -0.00188775523566, -0.00119656452443, -0.000463993608719, 0.0201982967556]]
    },
    "melbands": {
        "dmean": [0.000649899418931, 0.000564139510971, 0.000363125553122, 0.000329512404278, 0.000106804742245, 0.000109204600449, 0.000176299567102, 0.000132759960252, 9.16355129448e-05, 7.66712109908e-05, 5.28096970811e-05, 5.14247440151e-05, 2.91278665827e-05, 2.22354046855e-05, 2.72361103271e-05, 2.15309028135e-05, 1.54303306772e-05, 1.13172536658e-05, 8.98413418327e-06, 9.1377805802e-06, 5.10507652507e-06, 3.82490225093e-06, 2.40176314037e-06, 1.63921674812e-06, 1.84919520052e-06, 2.15434442907e-06, 2.41798011302e-06, 1.75161426341e-06, 1.42611634146e-06, 1.08379310859e-06, 1.12191344215e-06, 9.36897606607e-07, 1.09452912511e-06, 9.28172539716e-07, 6.96061420058e-07, 4.71474038477e-07, 4.30946556662e-07, 4.29968963545e-07, 5.96769723415e-07, 4.38726175389e-07],
        "dmean2": [0.00102013722062, 0.000899067905266, 0.000597899081185, 0.000572237011511, 0.000171770254383, 0.000160577561473, 0.000265360140475, 0.000194455613382, 0.000147525643115, 0.000116468203487, 7.66413650126e-05, 7.53154381528e-05, 4.35165020463e-05, 3.2923231629e-05, 4.19621792389e-05, 3.26427070831e-05, 2.34256858676e-05, 1.7499043679e-05, 1.40380088851e-05, 1.39780131576e-05, 8.03732746135e-06, 5.90626586927e-06, 3.67742086382e-06, 2.54271208178e-06, 2.82286987385e-06, 3.23353151543e-06, 3.54929807145e-06, 2.51772189586e-06, 2.06517893275e-06, 1.49926859194e-06, 1.51055257902e-06, 1.1959365338e-06, 1.53039820816e-06, 1.25604276491e-06, 9.70070800577e-07, 6.4346693307e-07, 5.87527097196e-07, 5.84178053487e-07, 8.36744106891e-07, 6.39900122223e-07],
        "dvar": [1.074404463e-05, 3.78619893127e-06, 5.16038937803e-07, 1.16875639833e-06, 1.01440377875e-07, 9.88368640265e-08, 3.82506726737e-07, 2.26771959433e-07, 1.09316260932e-07, 9.32836030643e-08, 3.89065988315e-08, 2.50365843613e-08, 1.14357687764e-08, 5.32478861004e-09, 7.88833531828e-09, 5.16450127108e-09, 1.83223447525e-09, 8.43108194371e-10, 4.48826309452e-10, 6.01854899251e-10, 1.60844532138e-10, 8.44961600688e-11, 5.90220997077e-11, 3.81794942883e-11, 5.85374665407e-11, 8.69316424401e-11, 8.86503787045e-11, 3.49205664385e-11, 3.71507061225e-11, 1.69741477818e-11, 2.26776705053e-11, 1.3637230234e-11, 2.16424482502e-11, 1.58870104572e-11, 7.27026468542e-12, 3.43966131619e-12, 2.94801206016e-12, 7.57815685204e-12, 1.86404693764e-11, 6.40098564431e-12],
        "dvar2": [2.60881715803e-05, 9.64272385318e-06, 1.35267919177e-06, 3.39257962878e-06, 2.55761193557e-07, 1.97079799591e-07, 9.22458809782e-07, 4.00593222594e-07, 2.74124715816e-07, 1.92638310637e-07, 6.22877251999e-08, 4.50819079845e-08, 2.41820714564e-08, 1.13172244909e-08, 1.82808381766e-08, 1.09483293542e-08, 3.94458421482e-09, 1.93342297727e-09, 1.07216191481e-09, 1.46466672124e-09, 3.7086150817e-10, 1.8851437078e-10, 1.34899841298e-10, 8.22767687314e-11, 1.29184107855e-10, 1.91964610874e-10, 2.0071384832e-10, 6.81316322804e-11, 8.35335411953e-11, 3.22894905258e-11, 4.51733823958e-11, 2.19699779203e-11, 4.38156490257e-11, 3.42142321419e-11, 1.53386227331e-11, 6.64700629607e-12, 5.75231876021e-12, 1.30067788137e-11, 4.05716085727e-11, 1.30205542528e-11],
        "max": [0.0455515831709, 0.0326541103423, 0.0108551261947, 0.0172406025231, 0.00583315081894, 0.0112971160561, 0.0172950383276, 0.0166855733842, 0.00527394423261, 0.0105531606823, 0.00924356747419, 0.00385289941914, 0.0028894036077, 0.00205834233202, 0.00202075508423, 0.00216767890379, 0.00119246414397, 0.000777859066147, 0.000421715842094, 0.000541908666492, 0.000201820148504, 0.000183372787433, 0.000122930301586, 8.26838368084e-05, 0.00011032490147, 0.000223001043196, 0.000231096710195, 9.11866009119e-05, 0.000157200440299, 6.22786101303e-05, 9.28942754399e-05, 6.42577506369e-05, 6.95933049428e-05, 8.61267690198e-05, 5.3189083701e-05, 4.28042549174e-05, 4.42067357653e-05, 0.000125697639305, 0.000140402349643, 5.39710817975e-05],
        "mean": [0.00109201716259, 0.00168695009779, 0.000953607552219, 0.000508538098074, 0.000191569110029, 0.000272180273896, 0.000437574228272, 0.00030569700175, 0.000173505584826, 0.000163003438502, 0.000148974882904, 0.000106754603621, 5.56923369004e-05, 4.20238684455e-05, 5.19721725141e-05, 4.5321718062e-05, 3.08017879433e-05, 2.45599967457e-05, 1.69123923115e-05, 1.65212386491e-05, 9.30161968427e-06, 6.93472065905e-06, 3.69355893781e-06, 2.22947869588e-06, 2.52769041253e-06, 3.10825316774e-06, 3.64829452337e-06, 2.84381985693e-06, 2.01355032914e-06, 1.67096527548e-06, 1.63824302035e-06, 1.53454277552e-06, 1.54676934017e-06, 1.28545696043e-06, 9.49142986428e-07, 6.51314508104e-07, 6.22043216936e-07, 6.2210347096e-07, 7.91857132754e-07, 5.79757454489e-07],
        "median": [0.000196265536943, 0.000372066162527, 0.000448136474006, 0.000186526711332, 6.38437340967e-05, 4.95016029163e-05, 4.44001780124e-05, 2.13814982999e-05, 2.07535922527e-05, 2.07894572668e-05, 1.54958488565e-05, 1.7137863324e-05, 7.03109981259e-06, 1.13570522444e-05, 1.21996918097e-05, 6.5449567046e-06, 7.49862010707e-06, 6.90245406076e-06, 5.0329226724e-06, 5.16461204825e-06, 2.88422893391e-06, 2.42490523306e-06, 8.27311794183e-07, 3.061898326e-07, 1.82328804499e-07, 1.95769302991e-07, 2.37821964788e-07, 2.64854747911e-07, 1.10009146681e-07, 6.64225865421e-08, 5.91885900292e-08, 5.0347704672e-08, 5.18152631912e-08, 5.591348895e-08, 3.4766145518e-08, 2.28405916403e-08, 3.07320284776e-08, 2.32401387024e-08, 2.28753336273e-08, 1.77372569965e-08],
        "min": [4.79126877062e-11, 2.15795381564e-10, 2.12033515745e-10, 6.23028295621e-11, 2.12291729335e-11, 1.61778576646e-11, 1.9418156319e-11, 3.33199336178e-11, 1.83862772229e-10, 2.82369433391e-10, 6.3912312942e-11, 1.18414777983e-10, 1.00292177341e-10, 8.83059597667e-12, 6.25158822279e-12, 1.91595836418e-11, 1.25569721288e-10, 1.94023824784e-10, 5.52891794847e-11, 1.25266713669e-10, 7.16198350625e-11, 2.89440953843e-11, 4.83809763085e-11, 6.11423845581e-12, 8.46639923967e-13, 4.06498538172e-13, 4.01123822743e-13, 1.91312555533e-13, 3.42116824236e-13, 1.74942349561e-13, 1.0994107507e-13, 9.45761345758e-14, 1.32676638773e-13, 4.43382337139e-13, 4.81627541668e-13, 1.1604542197e-12, 1.91834308855e-12, 4.56904615054e-14, 5.54379540321e-14, 5.17306941099e-14],
        "var": [1.05451417767e-05, 8.7598709797e-06, 1.70158762103e-06, 1.04419405034e-06, 1.72449290403e-07, 3.94365315515e-07, 1.14628608117e-06, 1.49282971051e-06, 2.12849840864e-07, 2.59358245103e-07, 3.29510470465e-07, 9.47084686231e-08, 2.83504810739e-08, 1.10983027213e-08, 1.96265403929e-08, 2.60970143273e-08, 6.21849016724e-09, 3.27547811096e-09, 1.37005951029e-09, 1.19626286654e-09, 3.56895318854e-10, 1.47837422859e-10, 8.92585519385e-11, 5.58946187945e-11, 8.51910070265e-11, 1.22163029692e-10, 1.38750289036e-10, 7.38278882473e-11, 5.13049845663e-11, 3.39568199947e-11, 4.06845945822e-11, 3.21236544309e-11, 3.70130384675e-11, 2.5124411232e-11, 1.18978785157e-11, 5.9279742573e-12, 5.34970071714e-12, 1.548970327e-11, 3.1988432736e-11, 1.02333445537e-11]
    },
    "mfcc": {
        "mean": [-764.479614258, 142.932632446, -24.1453857422, -15.7947235107, 7.5129327774, 6.59901475906, -3.09244275093, 2.22680687904, 5.75854825974, 1.72759068012, -5.19329738617, -2.35824513435, 0.0245978403836],
        "cov": [[17150.6894531, 122.291130066, 6030.86279297, 4530.59033203, -950.879089355, -84.341255188, 473.368621826, -110.080444336, -24.3702220917, 704.581237793, 355.061004639, 74.0214004517, 622.431762695], [122.291130066, 1256.54736328, 508.026123047, 253.837585449, 49.8224258423, -19.6020755768, 87.4749908447, -21.1439094543, 4.67682743073, 40.4161109924, 0.992287278175, 34.4079055786, 68.8288116455], [6030.86279297, 508.026123047, 5381.53808594, 2892.95629883, -605.186401367, 75.1351852417, 366.976776123, -29.5871353149, 14.7077140808, 332.574462891, 158.069442749, -41.5502700806, 176.355102539], [4530.59033203, 253.837585449, 2892.95629883, 2251.24975586, -317.046569824, -19.5190315247, 221.970184326, -50.5060501099, -2.80470466614, 273.047332764, 81.0414657593, -20.3011722565, 170.748306274], [-950.879089355, 49.8224258423, -605.186401367, -317.046569824, 420.981658936, 58.6317863464, -75.9034957886, 22.2987632751, 32.190322876, -29.8816452026, -27.3051357269, -0.429800540209, -14.1694126129], [-84.341255188, -19.6020755768, 75.1351852417, -19.5190315247, 58.6317863464, 151.821975708, 15.3832006454, -23.97133255, 20.0996398926, 15.8348779678, 10.6377077103, 2.46667933464, -12.3030977249], [473.368621826, 87.4749908447, 366.976776123, 221.970184326, -75.9034957886, 15.3832006454, 156.581848145, 12.3499546051, -5.80514192581, 44.6044502258, 21.2487239838, 8.58240890503, 26.4516410828], [-110.080444336, -21.1439094543, -29.5871353149, -50.5060501099, 22.2987632751, -23.97133255, 12.3499546051, 214.95614624, 35.2213058472, -73.6814346313, 32.6702919006, 8.17308425903, -28.9471511841], [-24.3702220917, 4.67682743073, 14.7077140808, -2.80470466614, 32.190322876, 20.0996398926, -5.80514192581, 35.2213058472, 96.2112350464, 17.8499031067, 0.809370696545, 11.7943277359, -2.64208459854], [704.581237793, 40.4161109924, 332.574462891, 273.047332764, -29.8816452026, 15.8348779678, 44.6044502258, -73.6814346313, 17.8499031067, 162.907806396, 20.1730117798, -7.29550218582, 53.6037025452], [355.061004639, 0.992287278175, 158.069442749, 81.0414657593, -27.3051357269, 10.6377077103, 21.2487239838, 32.6702919006, 0.809370696545, 20.1730117798, 100.861709595, 16.1092681885, -20.2334022522], [74.0214004517, 34.4079055786, -41.5502700806, -20.3011722565, -0.429800540209, 2.46667933464, 8.58240890503, 8.17308425903, 11.7943277359, -7.29550218582, 16.1092681885, 66.4281463623, 22.4333076477], [622.431762695, 68.8288116455, 176.355102539, 170.748306274, -14.1694126129, -12.3030977249, 26.4516410828, -28.9471511841, -2.64208459854, 53.6037025452, -20.2334022522, 22.4333076477, 126.449691772]],
