{
"lowlevel": {
    "average_loudness": 0.327480077744,
    "barkbands_crest": {
        "dmean": 2.22368168831,
        "dmean2": 3.2057056427,
        "dvar": 5.04217481613,
        "dvar2": 11.7557373047,
        "max": 23.5689086914,
        "mean": 15.3155822754,
        "median": 15.1251125336,
        "min": 3.48735237122,
        "var": 13.5175037384
    },
    "barkbands_flatness_db": {
        "dmean": 0.026344159618,
        "dmean2": 0.0363914631307,
        "dvar": 0.000921723374631,
        "dvar2": 0.0017865288537,
        "max": 0.679862439632,
        "mean": 0.388856858015,
        "median": 0.376092433929,
        "min": 0.0369367599487,
        "var": 0.0131665756926
    },
    "barkbands_kurtosis": {
        "dmean": 16.4689311981,
        "dmean2": 25.3244419098,
        "dvar": 759.15814209,
        "dvar2": 1906.33850098,
        "max": 404.457794189,
        "mean": 51.1722984314,
        "median": 35.6991004944,
        "min": -1.89362764359,
        "var": 2371.57324219
    },
    "barkbands_skewness": {
        "dmean": 0.914354085922,
        "dmean2": 1.36714577675,
        "dvar": 1.60214960575,
        "dvar2": 3.61399531364,
        "max": 15.6646671295,
        "mean": 4.10501432419,
        "median": 3.57619643211,
        "min": -2.64712309837,
        "var": 6.78265857697
    },
    "barkbands_spread": {
        "dmean": 1.61321055889,
        "dmean2": 2.34393811226,
        "dvar": 35.5148506165,
        "dvar2": 71.4731140137,
        "max": 91.3751831055,
        "mean": 3.7998187542,
        "median": 1.03741168976,
        "min": 0.163295060396,
        "var": 129.465789795
    },
    "dissonance": {
        "dmean": 0.0280179027468,
        "dmean2": 0.0426946654916,
        "dvar": 0.000850455602631,
        "dvar2": 0.00181348237675,
        "max": 0.500000119209,
        "mean": 0.383280277252,
        "median": 0.399951547384,
        "min": 0.131345808506,
        "var": 0.0055855885148
    },
    "dynamic_complexity": 2.90333628654,
    "erbbands_crest": {
        "dmean": 2.00832843781,
        "dmean2": 3.15416359901,
        "dvar": 6.51498699188,
        "dvar2": 18.8230037689,
        "max": 29.5546283722,
        "mean": 15.5029592514,
        "median": 15.6872205734,
        "min": 3.11302089691,
        "var": 20.6652984619
    },
    "erbbands_flatness_db": {
        "dmean": 0.0197097994387,
        "dmean2": 0.0272469539195,
        "dvar": 0.000627887260634,
        "dvar2": 0.00118572462816,
        "max": 0.499599665403,
        "mean": 0.274675995111,
        "median": 0.257743984461,
        "min": 0.0528906807303,
        "var": 0.00806222297251
    },
    "erbbands_kurtosis": {
        "dmean": 6.07146310806,
        "dmean2": 8.95161151886,
        "dvar": 132.659927368,
        "dvar2": 292.638000488,
        "max": 185.623321533,
        "mean": 18.3875293732,
        "median": 11.6068134308,
        "min": -1.8893558979,
        "var": 492.593078613
    },
    "erbbands_skewness": {
        "dmean": 0.594697415829,
        "dmean2": 0.84953212738,
        "dvar": 0.598114192486,
        "dvar2": 1.29570829868,
        "max": 9.57774353027,
        "mean": 2.86203026772,
        "median": 2.921667099,
        "min": -6.14581632614,
        "var": 3.21027636528
    },
    "erbbands_spread": {
        "dmean": 6.27507734299,
        "dmean2": 9.54898166656,
        "dvar": 158.514892578,
        "dvar2": 341.74798584,
        "max": 159.461395264,
        "mean": 18.4607276917,
        "median": 10.5098772049,
        "min": 0.53680318594,
        "var": 460.235961914
    },
    "hfc": {
        "dmean": 4.23741579056,
        "dmean2": 5.62782478333,
        "dvar": 550.555603027,
        "dvar2": 1002.89111328,
        "max": 771.061401367,
        "mean": 11.3034534454,
        "median": 5.33897161484,
        "min": 1.22735338755e-16,
        "var": 1565.65966797
    },
    "melbands_crest": {
        "dmean": 1.97291851044,
        "dmean2": 2.97738814354,
        "dvar": 4.78520727158,
        "dvar2": 13.0813503265,
        "max": 34.0189285278,
        "mean": 21.5229797363,
        "median": 21.6807098389,
        "min": 2.12090206146,
        "var": 10.0794067383
    },
    "melbands_flatness_db": {
        "dmean": 0.0296892635524,
        "dmean2": 0.0399548187852,
        "dvar": 0.00124856177717,
        "dvar2": 0.00223671109416,
        "max": 0.827728569508,
        "mean": 0.519643306732,
        "median": 0.509545266628,
        "min": 0.00569363916293,
        "var": 0.0184790641069
    },
    "melbands_kurtosis": {
        "dmean": 25.8439674377,
        "dmean2": 39.8257255554,
        "dvar": 2015.43811035,
        "dvar2": 4684.26123047,
        "max": 680.867004395,
        "mean": 78.8597183228,
        "median": 51.1635971069,
        "min": -1.85231184959,
        "var": 6616.84570312
    },
    "melbands_skewness": {
        "dmean": 0.993178725243,
        "dmean2": 1.48213589191,
        "dvar": 2.35449981689,
        "dvar2": 5.19982671738,
        "max": 22.0802574158,
        "mean": 4.5635881424,
        "median": 3.92973732948,
        "min": -0.397880971432,
        "var": 8.9177570343
    },
    "melbands_spread": {
        "dmean": 1.48893010616,
        "dmean2": 2.08677601814,
        "dvar": 55.9860610962,
        "dvar2": 87.9443206787,
        "max": 214.763153076,
        "mean": 3.41059112549,
        "median": 0.837022066116,
        "min": 0.285206228495,
        "var": 217.759384155
    },
    "pitch_salience": {
        "dmean": 0.0585601627827,
        "dmean2": 0.0935777425766,
        "dvar": 0.00383575446904,
        "dvar2": 0.0104604400694,
        "max": 0.802815496922,
        "mean": 0.330711364746,
        "median": 0.314341694117,
        "min": 0.0702633708715,
        "var": 0.0145587688312
    },
    "silence_rate_20dB": {
        "dmean": 0.00232198135927,
        "dmean2": 0.00464576063678,
        "dvar": 0.0023165922612,
        "dvar2": 0.00539847044274,
        "max": 1,
        "mean": 0.998065769672,
        "median": 1,
        "min": 0,
        "var": 0.00193049770314
    },
    "silence_rate_30dB": {
        "dmean": 0.0208978336304,
        "dmean2": 0.0414246991277,
        "dvar": 0.0204603970051,
        "dvar2": 0.0490007586777,
        "max": 1,
        "mean": 0.946228265762,
        "median": 1,
        "min": 0,
        "var": 0.0508804768324
    },
    "silence_rate_60dB": {
        "dmean": 0.000386996893212,
        "dmean2": 0.000774293439463,
        "dvar": 0.000386875792174,
        "dvar2": 0.000773690524511,
        "max": 1,
        "mean": 0.0127659570426,
        "median": 0,
        "min": 0,
        "var": 0.0126040345058
    },
    "spectral_centroid": {
        "dmean": 73.4353637695,
        "dmean2": 101.613456726,
        "dvar": 86300.046875,
        "dvar2": 116732.445312,
        "max": 10779.1074219,
        "mean": 334.470947266,
        "median": 175.396026611,
        "min": 125.691551208,
        "var": 405112.0625
    },
    "spectral_complexity": {
        "dmean": 0.935371518135,
        "dmean2": 1.51567947865,
        "dvar": 3.77409553528,
        "dvar2": 7.03874778748,
        "max": 55,
        "mean": 5.41353988647,
        "median": 4,
        "min": 0,
        "var": 19.0773220062
    },
    "spectral_decrease": {
        "dmean": 3.38134720224e-09,
        "dmean2": 5.15443865368e-09,
        "dvar": 6.47701213173e-17,
        "dvar2": 1.82838718814e-16,
        "max": 1.41387620932e-28,
        "mean": -1.17428609059e-08,
        "median": -9.46124778523e-09,
        "min": -2.39220838694e-07,
        "var": 1.06343914502e-16
    },
    "spectral_energy": {
        "dmean": 0.0131103051826,
        "dmean2": 0.0198941268027,
        "dvar": 0.000956710195169,
        "dvar2": 0.00269440794364,
        "max": 0.913109779358,
        "mean": 0.0453454852104,
        "median": 0.0363516770303,
        "min": 1.05988267474e-20,
        "var": 0.00160193641204
    },
    "spectral_energyband_high": {
        "dmean": 0.000315826648148,
        "dmean2": 0.00038580322871,
        "dvar": 7.75578700996e-06,
        "dvar2": 1.2649722521e-05,
        "max": 0.107774816453,
        "mean": 0.000572440214455,
        "median": 6.12344774709e-06,
        "min": 7.51806202615e-21,
        "var": 2.57341816905e-05
    },
    "spectral_energyband_low": {
        "dmean": 0.0114376703277,
        "dmean2": 0.0176666229963,
        "dvar": 0.000829784316011,
        "dvar2": 0.00237746280618,
        "max": 0.875527739525,
        "mean": 0.0346433110535,
        "median": 0.0291469097137,
        "min": 8.77668026032e-23,
        "var": 0.00103454547934
    },
    "spectral_energyband_middle_high": {
        "dmean": 0.000377989053959,
        "dmean2": 0.000619704951532,
        "dvar": 2.05159522011e-05,
        "dvar2": 5.46517148905e-05,
        "max": 0.175959333777,
        "mean": 0.000555593636818,
        "median": 4.49335711892e-05,
        "min": 1.33414024314e-21,
        "var": 1.84102937055e-05
    },
    "spectral_energyband_middle_low": {
        "dmean": 0.00477661006153,
        "dmean2": 0.00719210365787,
        "dvar": 9.15539494599e-05,
        "dvar2": 0.00026261221501,
        "max": 0.202538311481,
        "mean": 0.016610359773,
        "median": 0.00900885369629,
        "min": 3.95265786889e-22,
        "var": 0.000271539291134
    },
    "spectral_entropy": {
        "dmean": 0.24793805182,
        "dmean2": 0.343594074249,
        "dvar": 0.110519245267,
        "dvar2": 0.19904871285,
        "max": 9.79640483856,
        "mean": 5.38917207718,
        "median": 5.30576944351,
        "min": 3.09429097176,
        "var": 1.11392962933
    },
    "spectral_flux": {
        "dmean": 0.0248091463,
        "dmean2": 0.0418802052736,
        "dvar": 0.00116753287148,
        "dvar2": 0.00288762198761,
        "max": 0.70949947834,
        "mean": 0.0536303035915,
        "median": 0.0390733666718,
        "min": 1.02950606373e-10,
        "var": 0.00299016968347
    },
    "spectral_kurtosis": {
        "dmean": 10.5280780792,
        "dmean2": 15.7695474625,
        "dvar": 203.447128296,
        "dvar2": 416.309661865,
        "max": 191.844680786,
        "mean": 40.3428955078,
        "median": 17.7777900696,
        "min": -1.20157575607,
        "var": 1802.65759277
    },
    "spectral_rms": {
        "dmean": 0.000874535471667,
        "dmean2": 0.00127693254035,
        "dvar": 1.53635971856e-06,
        "dvar2": 3.93571099266e-06,
        "max": 0.0298469234258,
        "mean": 0.00623120600358,
        "median": 0.0059552541934,
        "min": 3.21563652442e-12,
        "var": 5.41160579814e-06
    },
    "spectral_rolloff": {
        "dmean": 105.290382385,
        "dmean2": 170.905700684,
        "dvar": 453069.625,
        "dvar2": 835539.375,
        "max": 19293.75,
        "mean": 312.815460205,
        "median": 172.265625,
        "min": 64.599609375,
        "var": 884476.625
    },
    "spectral_skewness": {
        "dmean": 0.712036728859,
        "dmean2": 1.04204905033,
        "dvar": 0.753633379936,
        "dvar2": 1.39260435104,
        "max": 11.8039140701,
        "mean": 4.53353595734,
        "median": 3.5916030407,
        "min": 0.0393941327929,
        "var": 7.55472755432
    },
    "spectral_spread": {
        "dmean": 501351.875,
        "dmean2": 733236,
        "dvar": 885727952896,
        "dvar2": 1.32804509696e+12,
        "max": 41015452,
        "mean": 2953935.5,
        "median": 2706730.5,
        "min": 522514.75,
        "var": 3.94590683136e+12
    },
    "spectral_strongpeak": {
        "dmean": 0.230449661613,
        "dmean2": 0.399701505899,
        "dvar": 0.603473305702,
        "dvar2": 1.7517888546,
        "max": 21.2744503021,
        "mean": 0.689662098885,
        "median": 0.588960289955,
        "min": 0,
        "var": 0.448030382395
    },
    "zerocrossingrate": {
        "dmean": 0.00334295025095,
        "dmean2": 0.00374197727069,
        "dvar": 0.000135220616357,
        "dvar2": 0.000105882398202,
        "max": 0.51318359375,
        "mean": 0.014642204158,
        "median": 0.0078125,
        "min": 0.00390625,
        "var": 0.00079851935152
    },
    "barkbands": {
        "dmean": [4.37361923105e-05, 0.00209897966124, 0.00819453410804, 0.003880150849, 0.00139758118894, 0.000137960989377, 0.000101122095657, 0.000141954558785, 2.71572916972e-05, 1.77748224814e-05, 2.39806777245e-05, 4.04146921937e-05, 1.77781912498e-05, 2.36822179431e-05, 5.13537161169e-05, 1.59105584316e-05, 1.56248697749e-05, 2.69675892923e-05, 0.000177783338586, 0.000175951543497, 0.000108993473987, 2.32210531976e-05, 4.30290565419e-05, 6.11101495451e-05, 2.24687591981e-05, 1.08100657599e-05, 3.84085723226e-07],
        "dmean2": [6.46904227324e-05, 0.0034883627668, 0.0120551800355, 0.0058795469813, 0.002133655129, 0.00019825072377, 0.000138675546623, 0.000163500328199, 3.93353329855e-05, 2.51621622738e-05, 3.68175969925e-05, 7.33559281798e-05, 2.86148624582e-05, 3.68999899365e-05, 8.3228238509e-05, 2.71895260084e-05, 2.51243982348e-05, 4.60254377685e-05, 0.0003176186583, 0.000277892453596, 0.000155854024342, 3.00966567011e-05, 5.37446976523e-05, 7.46658188291e-05, 2.60332599282e-05, 1.37417728183e-05, 5.90989316152e-07],
        "dvar": [1.80922185677e-07, 0.000275331636658, 0.000223380280659, 5.73907891521e-05, 1.49550478454e-05, 1.53133385083e-07, 2.7531490332e-07, 1.34064555368e-06, 7.05596931994e-08, 1.18439142938e-08, 3.61977043895e-08, 5.88286468428e-07, 3.5944459853e-08, 4.50259847184e-08, 3.10855597263e-07, 1.01861044044e-08, 1.66115583511e-08, 2.89487502414e-07, 1.95884131244e-05, 3.34636933985e-06, 1.20656989111e-06, 5.19671310428e-08, 3.00119950225e-07, 4.65184172072e-07, 4.21877039969e-08, 1.15021618896e-08, 1.26031572331e-11],
        "dvar2": [3.70202400291e-07, 0.000775801134296, 0.000601163657848, 0.000173892243765, 3.7071215047e-05, 4.04722925396e-07, 5.46975911675e-07, 1.70931798493e-06, 1.88035897963e-07, 2.27090453109e-08, 8.05180704333e-08, 1.76445189481e-06, 9.58120054406e-08, 1.04544803037e-07, 7.20655236819e-07, 2.96476940775e-08, 4.27867909991e-08, 8.22539448109e-07, 5.57211133128e-05, 8.03339298727e-06, 2.64197137767e-06, 7.76186581675e-08, 5.76437116706e-07, 8.17324234959e-07, 4.58896387556e-08, 1.59340505235e-08, 3.2580257936e-11],
        "max": [0.018191697076, 0.605855405331, 0.242617070675, 0.087380439043, 0.118685632944, 0.0115545596927, 0.0157094709575, 0.048492372036, 0.0109654981643, 0.00342972693034, 0.00548249576241, 0.0277178417891, 0.00641904771328, 0.00782278366387, 0.0205912608653, 0.00272636860609, 0.00419736653566, 0.020785946399, 0.169915854931, 0.0831261724234, 0.042369004339, 0.0129364412278, 0.0324428230524, 0.0327576957643, 0.00888514891267, 0.00535286497325, 0.000135931011755],
        "mean": [8.02186405053e-05, 0.00487565621734, 0.0226671174169, 0.011910488829, 0.0036954395473, 0.000371751259081, 0.000254065613262, 0.000278463296127, 8.45841350383e-05, 3.23000531353e-05, 3.67607754015e-05, 4.27650084021e-05, 2.20741039811e-05, 3.32826566591e-05, 8.06655152701e-05, 2.8236221624e-05, 2.18279255932e-05, 2.85807982436e-05, 0.000128090352518, 0.000223991897656, 0.000174592685653, 4.72248211736e-05, 7.0142421464e-05, 9.3868940894e-05, 4.42520540673e-05, 1.86862162082e-05, 4.91973082717e-07],
        "median": [2.18353616219e-05, 0.00295252748765, 0.0202085115016, 0.0066665681079, 0.00186573097017, 0.000263619673206, 9.63465281529e-05, 2.30391669902e-05, 1.92951301869e-06, 3.05985213345e-06, 2.66592087428e-06, 6.50914216749e-06, 2.51889809988e-06, 8.00792463451e-07, 1.1576308907e-06, 1.78871209755e-06, 2.1956063847e-06, 1.00158570149e-06, 1.12525788154e-06, 8.21483013169e-07, 9.78901198323e-07, 7.91799493527e-07, 6.44375120373e-07, 4.30203726864e-07, 1.24192311546e-07, 1.816617754e-07, 7.04750604541e-08],
        "min": [6.04306344242e-24, 3.63068403799e-23, 2.93567517684e-23, 2.77947188237e-23, 3.56683994721e-23, 4.92770610362e-23, 7.10193928704e-23, 1.08764127888e-22, 7.93708676365e-23, 8.69655976025e-23, 6.07242784298e-23, 7.22789449897e-23, 1.19780841797e-22, 5.30715892754e-23, 1.67932305607e-22, 3.94708699629e-23, 8.20720662155e-23, 2.52592731737e-22, 2.97921487145e-22, 2.3995414505e-22, 5.19344772039e-22, 4.59242153867e-22, 6.27816907795e-22, 6.46749266598e-22, 1.06052137691e-21, 1.81552755277e-21, 2.52630975714e-21],
        "var": [4.1809363438e-07, 0.00023788533872, 0.000360035541235, 0.000151138010551, 3.92267320422e-05, 2.13859905784e-07, 6.53941810924e-07, 4.22037646786e-06, 2.30913499877e-07, 3.52250211222e-08, 5.85576458434e-08, 3.10968886197e-07, 2.9345450514e-08, 7.43869748021e-08, 6.69215012294e-07, 2.74401728007e-08, 1.57892241504e-08, 1.76181799816e-07, 1.16715227705e-05, 5.9880048866e-06, 2.60739238911e-06, 2.43444588932e-07, 8.06390687558e-07, 1.13101918942e-06, 1.7208911629e-07, 3.81577258679e-08, 1.37657003851e-11]
    },
    "erbbands": {
        "dmean": [0.0354595296085, 0.617258489132, 6.805809021, 13.6194295883, 7.3967165947, 3.90386795998, 2.29386115074, 1.12594485283, 1.18713951111, 3.16031241417, 1.55526459217, 0.502725303173, 0.695565462112, 0.340220123529, 1.75080370903, 1.15866565704, 0.946287631989, 1.10121667385, 1.90340459347, 1.85396254063, 0.63319426775, 0.853626191616, 0.880846619606, 4.60470151901, 8.3816652298, 8.05327892303, 7.33480167389, 2.62902331352, 1.07013320923, 0.589070916176, 1.43621432781, 1.49815452099, 0.80709952116, 0.306788951159, 0.145130813122, 0.0622812323272, 0.0169148202986, 0.00231149885803, 5.06406395289e-05, 1.60621493706e-05],
        "dmean2": [0.058284457773, 1.01718509197, 10.0861024857, 20.8540458679, 10.8342447281, 6.11107635498, 3.25178790092, 1.61581790447, 1.69739866257, 3.83709979057, 1.90059840679, 0.712311327457, 0.942773580551, 0.506792724133, 2.90872192383, 2.04040050507, 1.50565814972, 1.7297757864, 3.12585258484, 3.00159311295, 1.06879365444, 1.39875471592, 1.26242625713, 7.02962493896, 14.4455289841, 12.387348175, 11.2379179001, 3.33208417892, 1.35170328617, 0.741488516331, 1.75227105618, 2.16141009331, 0.955645143986, 0.376257389784, 0.17441816628, 0.0850839689374, 0.0204459894449, 0.00314339878969, 6.72616006341e-05, 2.36090891121e-05],
        "dvar": [0.149830162525, 16.9399490356, 203.495132446, 580.81463623, 221.301101685, 239.463668823, 87.0858154297, 9.79271602631, 30.2632026672, 387.183776855, 206.594329834, 20.6119995117, 20.5105648041, 4.13865423203, 648.773803711, 271.975524902, 101.846206665, 99.2251358032, 228.051040649, 422.185333252, 22.2495384216, 55.2700500488, 64.6423416138, 13317.1796875, 23542.2792969, 10496.3710938, 8759.17480469, 493.841094971, 103.069419861, 55.7519035339, 349.561950684, 332.029724121, 67.1860580444, 7.78740644455, 2.05200004578, 0.587545394897, 0.0200617238879, 0.000437924696598, 1.70170224578e-07, 1.4548124927e-09],
        "dvar2": [0.393256425858, 49.1669769287, 584.063781738, 1737.55419922, 527.067810059, 589.191833496, 245.812789917, 24.3041629791, 69.4639892578, 534.467163086, 332.187591553, 55.7629814148, 35.4156799316, 9.50501060486, 1871.83349609, 803.361572266, 265.747833252, 210.705093384, 625.828857422, 964.092712402, 65.0764694214, 143.54119873, 129.118377686, 31969.0097656, 66767.2265625, 26219.8242188, 23437.9804688, 634.746582031, 191.524765015, 78.3958282471, 692.195007324, 716.834899902, 87.2696304321, 9.2637090683, 2.60106992722, 0.854810714722, 0.0306089743972, 0.000964073289651, 3.52300503437e-07, 3.51715856439e-09],
        "max": [14.308549881, 144.685317993, 333.19921875, 237.938018799, 234.52520752, 492.633178711, 353.055603027, 85.3333969116, 250.980819702, 559.739807129, 616.085571289, 188.9584198, 128.912384033, 60.1246337891, 936.707397461, 601.874633789, 346.988922119, 367.990783691, 360.279083252, 824.873474121, 118.571983337, 263.927368164, 369.508728027, 4893.94628906, 5629.55761719, 5062.56640625, 3627.03710938, 1142.17626953, 514.228881836, 428.87197876, 1086.90808105, 810.503845215, 330.516693115, 100.552955627, 76.7847595215, 39.6471214294, 5.80180072784, 0.820970594883, 0.0158709790558, 0.00101538037416],
        "mean": [0.0608713515103, 1.64909827709, 18.3585891724, 40.7935447693, 24.008638382, 10.6179857254, 6.13511037827, 3.41802382469, 3.70678710938, 6.44090366364, 3.48333263397, 1.52372181416, 1.29150903225, 0.665392637253, 2.15908932686, 1.54310560226, 1.26935362816, 1.59830129147, 3.08962607384, 3.27200722694, 1.12244439125, 1.2781624794, 1.31728255749, 3.96481847763, 8.00152206421, 10.1112651825, 9.33861923218, 4.9000787735, 1.96425044537, 1.16573476791, 2.27936458588, 2.2307498455, 1.31530487537, 0.614869058132, 0.256387144327, 0.107234992087, 0.0287705995142, 0.00372371007688, 9.96503877104e-05, 5.38695130672e-05],
        "median": [0.0240890271962, 1.16087794304, 16.0453739166, 32.7308883667, 8.02937221527, 4.68911838531, 3.55172967911, 2.08582925797, 1.6050041914, 0.672650456429, 0.231723174453, 0.064436621964, 0.0734595954418, 0.0803035125136, 0.163470894098, 0.308523386717, 0.181903526187, 0.0545414499938, 0.0827508196235, 0.0631462261081, 0.12621229887, 0.137559533119, 0.0705195963383, 0.0436115600169, 0.0766354873776, 0.0381423272192, 0.0405302532017, 0.0340546444058, 0.0333483703434, 0.0197766181082, 0.0174156464636, 0.0133345769718, 0.00461399927735, 0.00152773328591, 0.000856012105942, 0.000507686811034, 0.000336765719112, 0.000169791208464, 2.3740782126e-05, 4.02106670663e-05],
        "min": [1.74134181107e-21, 5.64778404295e-21, 2.65895931591e-20, 7.62881020106e-20, 1.21209321323e-19, 9.595854745e-20, 1.30038117269e-19, 5.72355372243e-19, 5.7646465043e-19, 1.86112784051e-18, 2.74544450631e-18, 2.02600354816e-18, 2.15873005412e-18, 3.16379709817e-18, 1.83081332542e-18, 3.103679886e-18, 4.43501901689e-18, 3.67294082727e-18, 7.05859272881e-18, 5.60657104847e-18, 2.72427178456e-18, 4.38150125844e-18, 1.19572803934e-17, 1.52275463898e-17, 1.34494166112e-17, 1.04342010034e-17, 1.53506259019e-17, 2.30762810649e-17, 1.8323016715e-17, 1.68228419561e-17, 2.0809680455e-17, 1.43206040595e-17, 9.74804558625e-18, 1.04059726378e-17, 9.2958457977e-18, 5.63322198063e-18, 3.78715379035e-18, 1.30565145056e-18, 3.75875032097e-19, 3.579536536e-20],
        "var": [0.148554265499, 13.8586330414, 264.55581665, 1117.5201416, 824.152587891, 769.701965332, 177.668762207, 19.1795063019, 64.3853225708, 1326.86083984, 556.295043945, 59.679309845, 63.9152488708, 8.15776062012, 433.868652344, 157.662445068, 87.7864608765, 163.521514893, 481.453338623, 951.714294434, 27.3722286224, 50.9853286743, 87.4656524658, 11116.7646484, 15963.171875, 15609.9091797, 9145.75097656, 2203.40087891, 401.078735352, 232.784820557, 844.566345215, 655.631652832, 204.46131897, 31.686378479, 7.18901395798, 1.82789242268, 0.0633476004004, 0.000783110153861, 3.56788746103e-07, 3.69584407522e-09]
    },
    "gfcc": {
        "mean": [-163.615661621, 147.912734985, -22.4495658875, 51.5845909119, -24.8252944946, 0.185492441058, -32.6386680603, -18.1490955353, -27.9010486603, -8.44343471527, -11.197763443, -7.67691087723, -16.7075233459],
        "cov": [[12324.2119141, -2527.57177734, -2372.81396484, 818.605834961, -1062.03479004, 608.410095215, -804.358703613, 679.535400391, -198.515258789, 54.0372619629, -709.188171387, -70.1328735352, -235.318283081], [-2527.57177734, 2424.34130859, 663.101318359, -925.36328125, 548.406616211, -333.497283936, 399.425018311, -417.999603271, 219.011581421, -109.351974487, 309.351654053, -32.7663040161, -0.774541676044], [-2372.81396484, 663.101318359, 1262.0612793, -47.877117157, 238.059768677, -212.800872803, 151.551681519, -251.910552979, 7.75349378586, -11.0147733688, 156.050720215, 23.5038375854, 28.0733089447], [818.605834961, -925.36328125, -47.877117157, 636.718200684, -137.622634888, -8.04842567444, -138.316253662, 118.537345886, -112.541809082, 17.9544067383, -66.124961853, 3.90572667122, 42.6534309387], [-1062.03479004, 548.406616211, 238.059768677, -137.622634888, 316.469268799, -116.367729187, 97.4607925415, -113.785316467, 14.7855482101, -58.5186843872, 88.412979126, -24.7332191467, 9.4094209671], [608.410095215, -333.497283936, -212.800872803, -8.04842567444, -116.367729187, 204.623382568, -52.8841590881, 64.628364563, 1.92094659805, 1.23582231998, -88.4422912598, -10.5240840912, -17.5678539276], [-804.358703613, 399.425018311, 151.551681519, -138.316253662, 97.4607925415, -52.8841590881, 207.084991455, -85.8444519043, -4.47602939606, 6.36478900909, 81.0199966431, -21.0290870667, 9.56388568878], [679.535400391, -417.999603271, -251.910552979, 118.537345886, -113.785316467, 64.628364563, -85.8444519043, 165.561523438, -15.7739229202, 14.9450855255, -57.7389411926, 2.83518981934, -4.02004766464], [-198.515258789, 219.011581421, 7.75349378586, -112.541809082, 14.7855482101, 1.92094659805, -4.47602939606, -15.7739229202, 122.367103577, -5.09687900543, -5.53810310364, -3.81611609459, -15.3872842789], [54.0372619629, -109.351974487, -11.0147733688, 17.9544067383, -58.5186843872, 1.23582231998, 6.36478900909, 14.9450855255, -5.09687900543, 127.022216797, 17.9384613037, -4.94973325729, 13.4483060837], [-709.188171387, 309.351654053, 156.050720215, -66.124961853, 88.412979126, -88.4422912598, 81.0199966431, -57.7389411926, -5.53810310364, 17.9384613037, 134.457473755, 4.9152636528, 30.6376895905], [-70.1328735352, -32.7663040161, 23.5038375854, 3.90572667122, -24.7332191467, -10.5240840912, -21.0290870667, 2.83518981934, -3.81611609459, -4.94973325729, 4.9152636528, 59.3745536804, 10.30834198], [-235.318283081, -0.774541676044, 28.0733089447, 42.6534309387, 9.4094209671, -17.5678539276, 9.56388568878, -4.02004766464, -15.3872842789, 13.4483060837, 30.6376895905, 10.30834198, 76.794418335]],
        "icov": [[0.000369880493963, -0.00123625004198, 0.000491169979796, -0.00133022025693, 0.00085443421267, -0.00102766370401, 0.00113984628115, -0.000662273960188, 0.00159168592654, -0.000801729795057, 0.00128109962679, -6.97802352079e-06, 0.00111297320109], [-0.00123625004198, 0.0102394726127, -0.00179159129038, 0.010695069097, -0.00390527467243, 0.00951274111867, -0.00590359978378, 0.00666505564004, -0.010111304, 0.00671381363645, -0.0075967493467, 0.00340225524269, -0.00585910445079], [0.000491169979796, -0.00179159129038, 0.00198805588298, -0.0023498183582, 0.00082418177044, -0.00113550887909, 0.00134513899684, 0.000709963147528, 0.00197783461772, -0.00133952812757, 0.00133981916588, -0.000861978216562, 0.00178633304313], [-0.00133022025693, 0.010695069097, -0.0023498183582, 0.0141905415803, -0.00314326700754, 0.0114155067131, -0.00476771965623, 0.00556654669344, -0.00820811837912, 0.00726001290604, -0.00674370815977, 0.00511584198102, -0.00802156236023], [0.00085443421267, -0.00390527467243, 0.00082418177044, -0.00314326700754, 0.00873302016407, -0.00104406615719, 0.00297441217117, -0.000819890759885, 0.00485569238663, 0.00060198380379, 0.0019741570577, 0.00313861132599, 0.00195975159295], [-0.00102766370401, 0.00951274111867, -0.00113550887909, 0.0114155067131, -0.00104406615719, 0.0177273079753, -0.00507133500651, 0.00551010901108, -0.00821493938565, 0.0068109119311, -0.00259303860366, 0.00575700029731, -0.00645212177187], [0.00113984628115, -0.00590359978378, 0.00134513899684, -0.00476771965623, 0.00297441217117, -0.00507133500651, 0.0126732718199, -0.0015988732921, 0.00837737414986, -0.00406221020967, 0.0020416281186, 0.0021651526913, 0.00368780596182], [-0.000662273960188, 0.00666505564004, 0.000709963147528, 0.00556654669344, -0.000819890759885, 0.00551010901108, -0.0015988732921, 0.0163636337966, -0.00625212537125, 0.00389173557051, -0.00489565636963, 0.00242005707696, -0.00320273637772], [0.00159168592654, -0.010111304, 0.00197783461772, -0.00820811837912, 0.00485569238663, -0.00821493938565, 0.00837737414986, -0.00625212537125, 0.0211590584368, -0.00662916619331, 0.00928834360093, -0.00122260255739, 0.00662548327819], [-0.000801729795057, 0.00671381363645, -0.00133952812757, 0.00726001290604, 0.00060198380379, 0.0068109119311, -0.00406221020967, 0.00389173557051, -0.00662916619331, 0.0143519593403, -0.00752122933045, 0.00494742253795, -0.00524280034006], [0.00128109962679, -0.0075967493467, 0.00133981916588, -0.00674370815977, 0.0019741570577, -0.00259303860366, 0.0020416281186, -0.00489565636963, 0.00928834360093, -0.00752122933045, 0.0218180082738, -0.00340219284408, 0.000689667649567], [-6.97802352079e-06, 0.00340225524269, -0.000861978216562, 0.00511584198102, 0.00313861132599, 0.00575700029731, 0.0021651526913, 0.00242005707696, -0.00122260255739, 0.00494742253795, -0.00340219284408, 0.0231059733778, -0.00457956921309], [0.00111297320109, -0.00585910445079, 0.00178633304313, -0.00802156236023, 0.00195975159295, -0.00645212177187, 0.00368780596182, -0.00320273637772, 0.00662548327819, -0.00524280034006, 0.000689667649567, -0.00457956921309, 0.0204176511616]]
    },
    "melbands": {
        "dmean": [0.000447467464255, 0.00261823413894, 0.0020683107432, 0.00036116715637, 0.000105147955765, 2.50265638897e-05, 1.74867527676e-05, 3.73057882825e-05, 1.09395441541e-05, 3.03812930724e-06, 3.51167113877e-06, 1.31893182242e-06, 4.92746539749e-06, 4.99306952406e-06, 2.13274643102e-06, 1.72631268924e-06, 2.24660334425e-06, 2.36869414039e-06, 4.57762280348e-06, 1.17936860988e-06, 7.39233257718e-07, 8.64600906425e-07, 9.9229771422e-07, 1.06490415419e-06, 3.93203526983e-06, 8.75932528288e-06, 4.51106825494e-06, 5.60148055229e-06, 5.73019769945e-06, 2.68056714958e-06, 1.18935258797e-06, 6.40458722501e-07, 3.75915448103e-07, 3.85062151054e-07, 8.95971311365e-07, 7.24644337424e-07, 1.1610133015e-06, 7.07581648385e-07, 3.40761971529e-07, 2.68640718559e-07],
        "dmean2": [0.000742932024878, 0.00391062209383, 0.00311825424433, 0.000540058594197, 0.000150227861013, 3.54745061486e-05, 2.50485009019e-05, 4.4308413635e-05, 1.3849203242e-05, 4.33589912063e-06, 4.77925777886e-06, 2.06995650842e-06, 7.91498496255e-06, 9.05729575607e-06, 3.41659460901e-06, 2.78865604741e-06, 3.50549157702e-06, 3.90357945435e-06, 7.31416457711e-06, 1.98441830435e-06, 1.27795897242e-06, 1.44025671034e-06, 1.56526368755e-06, 1.81395171239e-06, 5.97322832618e-06, 1.59163737408e-05, 7.38000835554e-06, 8.60593536345e-06, 9.56984786171e-06, 3.30879902322e-06, 1.50191749526e-06, 8.35002424537e-07, 4.89881756494e-07, 5.24243887412e-07, 1.1619607676e-06, 9.96182734525e-07, 1.66975792126e-06, 8.91392687663e-07, 3.98278189095e-07, 3.47812743939e-07],
        "dvar": [1.64272551046e-05, 4.23532292189e-05, 1.2543898265e-05, 7.71981262915e-07, 2.05141049037e-07, 4.45489334311e-09, 7.26416571339e-09, 5.99000600232e-08, 1.01083461601e-08, 7.58074214513e-10, 5.24381649214e-10, 6.48467946007e-11, 3.0586806421e-09, 1.03851336419e-08, 1.23298551924e-10, 4.21741863654e-10, 4.37701846989e-10, 3.42263106745e-10, 3.52756979183e-09, 6.07139061248e-11, 3.6759699451e-11, 6.3006037887e-11, 4.86365184238e-11, 4.72575756305e-10, 1.04014983293e-08, 5.25144336905e-08, 2.81698819826e-09, 5.74816283461e-09, 7.46259232187e-09, 4.61679611208e-10, 1.12295693577e-10, 3.57739254886e-11, 2.14918534358e-11, 2.86293749124e-11, 1.87911741723e-10, 5.34261766771e-11, 2.62452892752e-10, 6.53860507405e-11, 9.33651680274e-12, 5.69782198853e-12],
        "dvar2": [4.51632949989e-05, 0.000122524943436, 3.66796048183e-05, 1.89953118479e-06, 5.40693349649e-07, 1.1012724066e-08, 1.65319971046e-08, 7.810743341e-08, 1.80496311231e-08, 1.96902072425e-09, 9.07362240898e-10, 1.61608712523e-10, 8.33744895345e-09, 3.10086960553e-08, 2.75778927472e-10, 1.13259424062e-09, 9.58551127361e-10, 1.03616037972e-09, 7.83029552309e-09, 1.70846364833e-10, 1.0751352586e-10, 1.69695257846e-10, 1.14314356592e-10, 1.33633670796e-09, 2.48926479429e-08, 1.52691512767e-07, 6.86221746093e-09, 1.45134970708e-08, 2.1228430569e-08, 5.94776727869e-10, 1.64943808612e-10, 6.30535415547e-11, 4.80688717996e-11, 5.59993405813e-11, 4.01090854973e-10, 9.28859211768e-11, 6.03682548395e-10, 9.78914310723e-11, 1.10462654648e-11, 8.78624430156e-12],
        "max": [0.148467674851, 0.186173141003, 0.035145945847, 0.0229550898075, 0.0167772676796, 0.00185301387683, 0.00374357379042, 0.00848590303212, 0.0041357264854, 0.0010976579506, 0.000639039615635, 0.00022545849788, 0.00195011566393, 0.00371359148994, 0.000295543490211, 0.000680674798787, 0.000702872814145, 0.000495771295391, 0.00232018111274, 0.000263040215941, 0.00016587592836, 0.0002543728624, 0.000232145568589, 0.000842805195134, 0.00430933618918, 0.00858974084258, 0.00188326090574, 0.00357401417568, 0.0032075510826, 0.00091075967066, 0.000528428528924, 0.000277412182186, 0.000255975348409, 0.000282951485133, 0.000772035680711, 0.000327037269017, 0.000739159586374, 0.000310020172037, 0.000111791574454, 8.49494535942e-05],
        "mean": [0.000898803176824, 0.00742851709947, 0.00682557653636, 0.00107428396586, 0.00029303933843, 7.62062045396e-05, 5.08852099301e-05, 7.37970840419e-05, 2.56985076703e-05, 8.64531830302e-06, 6.307224794e-06, 2.32229763242e-06, 6.63851687932e-06, 5.19652576259e-06, 3.27073098561e-06, 2.13418752537e-06, 3.04826312458e-06, 3.69388476429e-06, 7.39431015973e-06, 2.29332022172e-06, 1.07491371182e-06, 1.17229012631e-06, 1.6151213913e-06, 1.0173331475e-06, 3.25131009049e-06, 6.15233011558e-06, 6.44607962386e-06, 6.70594999974e-06, 6.25802931609e-06, 4.61911440652e-06, 2.13182534026e-06, 1.18504010516e-06, 6.44366764391e-07, 6.45770796837e-07, 1.34124729811e-06, 1.3117268054e-06, 1.45002900354e-06, 1.05469359823e-06, 5.80201970024e-07, 5.0131535545e-07],
        "median": [0.000463269912871, 0.00641048140824, 0.00547320954502, 0.000436036963947, 0.00014502304839, 5.09123347001e-05, 2.09541212826e-05, 6.82054769641e-06, 1.06763161511e-06, 3.32204422193e-07, 3.68882268731e-07, 3.04730690459e-07, 4.66251407261e-07, 6.79565175687e-07, 6.4200497718e-07, 2.19028436277e-07, 6.53324505606e-08, 1.14806276486e-07, 7.93645753561e-08, 8.27981594398e-08, 1.52093747374e-07, 1.2905992719e-07, 8.2348933006e-08, 3.33498171301e-08, 2.86471966149e-08, 4.97319199155e-08, 4.40863985318e-08, 1.39124809451e-08, 2.11628545799e-08, 2.48788349921e-08, 1.47292897879e-08, 1.90030569058e-08, 1.15769012154e-08, 9.43508204898e-09, 9.09236863578e-09, 8.20976353566e-09, 5.90686877189e-09, 2.97733104837e-09, 1.36624467295e-09, 9.9299723999e-10],
        "min": [1.22381246041e-23, 1.16632311753e-23, 1.42902373862e-23, 8.46487983208e-24, 4.38756625761e-24, 1.16196726427e-23, 1.0195482886e-23, 2.05359000306e-23, 2.12170593341e-23, 1.16671139487e-23, 1.13561228918e-23, 1.32220802775e-23, 6.70359166672e-24, 7.4106792505e-24, 1.02271382964e-23, 1.0317439993e-23, 6.27352402828e-24, 1.01256828953e-23, 1.24756119684e-23, 3.6197620221e-24, 3.25956497733e-24, 4.00790998646e-24, 6.22700056197e-24, 1.50872188256e-23, 1.19168586338e-23, 1.08485248203e-23, 8.46610414421e-24, 6.55524755678e-24, 9.22688317892e-24, 1.004542892e-23, 1.4947360098e-23, 1.02799375456e-23, 8.51325909368e-24, 9.30312342997e-24, 1.33650045186e-23, 8.51108814847e-24, 8.72902911734e-24, 6.76718411087e-24, 6.96863157593e-24, 9.11537532339e-24],
        "var": [1.45799185702e-05, 4.92924482387e-05, 3.03658398479e-05, 2.22224457502e-06, 5.96993231738e-07, 8.39274250097e-09, 1.52160151146e-08, 2.04755338018e-07, 2.69006878995e-08, 2.13303996688e-09, 1.58563906449e-09, 1.00376075507e-10, 2.74728706451e-09, 5.56606272184e-09, 1.80553932916e-10, 3.22795762342e-10, 7.11602887726e-10, 6.3396382588e-10, 7.68008945329e-09, 2.24243706937e-10, 2.84351570068e-11, 4.87253813686e-11, 7.9929583785e-11, 2.91107887795e-10, 8.67485194789e-09, 2.94019919522e-08, 5.95784888091e-09, 7.28346005729e-09, 5.73608227583e-09, 1.77235814913e-09, 4.65856131449e-10, 1.38203407052e-10, 6.055653895e-11, 8.59611756776e-11, 3.75919850804e-10, 1.73205366716e-10, 3.72422259698e-10, 1.58213053769e-10, 3.0949784402e-11, 2.05514216756e-11]
    },
    "mfcc": {
        "mean": [-832.628356934, 173.674468994, 70.4388198853, 58.0674629211, 33.1799049377, 24.0026245117, 9.44776535034, 0.107079096138, -10.1726112366, -9.39544582367, -10.4443187714, 4.99023389816, 1.54823470116],
        "cov": [[11272.5371094, -2467.76831055, -2000.62036133, 44.3878707886, -526.688049316, -212.895721436, -463.648406982, 103.245765686, 265.966125488, 405.993408203, -350.688262939, 27.805513382, -493.621917725], [-2467.76831055, 2533.33081055, 338.014251709, -395.886627197, 109.585128784, 100.579345703, 31.5042457581, 25.7023143768, -165.993911743, -126.245262146, 193.549377441, -10.1733961105, 185.036148071], [-2000.62036133, 338.014251709, 1047.2130127, 172.060745239, 150.572967529, 101.456199646, 78.7306671143, -75.0576324463, -63.0013237, -134.464660645, 11.4655408859, 54.09633255, 94.6288604736], [44.3878707886, -395.886627197, 172.060745239, 507.334716797, 97.0803451538, -27.9645442963, 71.9745941162, -56.5271568298, -21.2161655426, -47.756477356, -76.9484176636, -1.00486528873, 16.3354568481], [-526.688049316, 109.585128784, 150.572967529, 97.0803451538, 232.397537231, -2.80658125877, 1.22101151943, 6.9275727272, -21.4372501373, -41.4926605225, -12.5908241272, -19.9345321655, 3.14539670944], [-212.895721436, 100.579345703, 101.456199646, -27.9645442963, -2.80658125877, 140.038208008, 10.9408102036, -5.55504179001, -0.99813246727, -6.06905603409, 11.4841833115, -13.0456638336, -31.6917896271], [-463.648406982, 31.5042457581, 78.7306671143, 71.9745941162, 1.22101151943, 10.9408102036, 204.754806519, -43.0485649109, -36.0464897156, 2.53242111206, 5.66145086288, -49.9629707336, 47.1375846863], [103.245765686, 25.7023143768, -75.0576324463, -56.5271568298, 6.9275727272, -5.55504179001, -43.0485649109, 132.42388916, 6.96829652786, -10.1005582809, -16.8492622375, -7.84792757034, -28.5204029083], [265.966125488, -165.993911743, -63.0013237, -21.2161655426, -21.4372501373, -0.99813246727, -36.0464897156, 6.96829652786, 84.8097686768, 23.4700241089, -10.3917312622, 10.128279686, -23.691701889], [405.993408203, -126.245262146, -134.464660645, -47.756477356, -41.4926605225, -6.06905603409, 2.53242111206, -10.1005582809, 23.4700241089, 114.834205627, 24.6315956116, -27.746181488, -19.1154613495], [-350.688262939, 193.549377441, 11.4655408859, -76.9484176636, -12.5908241272, 11.4841833115, 5.66145086288, -16.8492622375, -10.3917312622, 24.6315956116, 93.6724624634, 8.72188091278, 13.7012338638], [27.805513382, -10.1733961105, 54.09633255, -1.00486528873, -19.9345321655, -13.0456638336, -49.9629707336, -7.84792757034, 10.128279686, -27.746181488, 8.72188091278, 91.7271728516, 5.14082717896], [-493.621917725, 185.036148071, 94.6288604736, 16.3354568481, 3.14539670944, -31.6917896271, 47.1375846863, -28.5204029083, -23.691701889, -19.1154613495, 13.7012338638, 5.14082717896, 101.978363037]],
