{
"lowlevel": {
    "average_loudness": 0.964935958385,
    "barkbands_crest": {
        "dmean": 2.89464783669,
        "dmean2": 4.77972698212,
        "dvar": 9.00254917145,
        "dvar2": 24.2903251648,
        "max": 25.2883701324,
        "mean": 9.23348712921,
        "median": 8.05345058441,
        "min": 2.59128689766,
        "var": 20.5764560699
    },
    "barkbands_flatness_db": {
        "dmean": 0.0255421530455,
        "dmean2": 0.0411473549902,
        "dvar": 0.000914046249818,
        "dvar2": 0.00207584095187,
        "max": 0.425994813442,
        "mean": 0.138461112976,
        "median": 0.117348842323,
        "min": 0.0329283699393,
        "var": 0.00506065692753
    },
    "barkbands_kurtosis": {
        "dmean": 6.3500289917,
        "dmean2": 10.6430521011,
        "dvar": 297.549041748,
        "dvar2": 788.315307617,
        "max": 426.099243164,
        "mean": 9.1128578186,
        "median": -0.419680118561,
        "min": -1.89008915424,
        "var": 746.529296875
    },
    "barkbands_skewness": {
        "dmean": 0.78251427412,
        "dmean2": 1.22663068771,
        "dvar": 1.0483186245,
        "dvar2": 2.46855759621,
        "max": 15.3856592178,
        "mean": 1.57384908199,
        "median": 0.801086127758,
        "min": -2.52098822594,
        "var": 5.26215314865
    },
    "barkbands_spread": {
        "dmean": 7.04525661469,
        "dmean2": 10.8586921692,
        "dvar": 74.4196777344,
        "dvar2": 165.065643311,
        "max": 95.0284118652,
        "mean": 33.1153907776,
        "median": 32.2867851257,
        "min": 0.406190544367,
        "var": 412.010192871
    },
    "dissonance": {
        "dmean": 0.00979606434703,
        "dmean2": 0.0160403754562,
        "dvar": 0.00015530003293,
        "dvar2": 0.000400547549361,
        "max": 0.500000059605,
        "mean": 0.480812519789,
        "median": 0.488117843866,
        "min": 0.336291402578,
        "var": 0.000427822320489
    },
    "dynamic_complexity": 3.12034153938,
    "erbbands_crest": {
        "dmean": 2.04656362534,
        "dmean2": 3.33673858643,
        "dvar": 4.22355604172,
        "dvar2": 10.3122110367,
        "max": 29.8425521851,
        "mean": 7.61179447174,
        "median": 6.61019563675,
        "min": 2.40619897842,
        "var": 12.6056070328
    },
    "erbbands_flatness_db": {
        "dmean": 0.0160120595247,
        "dmean2": 0.0223930384964,
        "dvar": 0.000326804991346,
        "dvar2": 0.000569015042856,
        "max": 0.358933836222,
        "mean": 0.152335777879,
        "median": 0.134594112635,
        "min": 0.0463517270982,
        "var": 0.00326661462896
    },
    "erbbands_kurtosis": {
        "dmean": 1.1857625246,
        "dmean2": 1.85203337669,
        "dvar": 3.29666590691,
        "dvar2": 7.0219874382,
        "max": 29.6411972046,
        "mean": 1.17371845245,
        "median": 0.516960859299,
        "min": -1.82923054695,
        "var": 7.53188228607
    },
    "erbbands_skewness": {
        "dmean": 0.342671364546,
        "dmean2": 0.5229793787,
        "dvar": 0.163244456053,
        "dvar2": 0.320878982544,
        "max": 5.03569698334,
        "mean": -0.531189441681,
        "median": -0.71387642622,
        "min": -3.88503050804,
        "var": 1.02386868
    },
    "erbbands_spread": {
        "dmean": 10.4373989105,
        "dmean2": 15.8093471527,
        "dvar": 146.745742798,
        "dvar2": 322.099182129,
        "max": 145.190414429,
        "mean": 41.9456977844,
        "median": 34.9322013855,
        "min": 5.82750940323,
        "var": 589.618103027
    },
    "hfc": {
        "dmean": 7.32740974426,
        "dmean2": 11.3400030136,
        "dvar": 173.302581787,
        "dvar2": 420.815582275,
        "max": 149.224914551,
        "mean": 22.2267780304,
        "median": 18.0228977203,
        "min": 1.11213612795e-16,
        "var": 476.896942139
    },
    "melbands_crest": {
        "dmean": 3.19007778168,
        "dmean2": 5.19890403748,
        "dvar": 9.30224514008,
        "dvar2": 23.4627838135,
        "max": 36.370174408,
        "mean": 15.0470638275,
        "median": 15.0335407257,
        "min": 1.67344594002,
        "var": 32.9606437683
    },
    "melbands_flatness_db": {
        "dmean": 0.0326598472893,
        "dmean2": 0.0514518916607,
        "dvar": 0.0015406452585,
        "dvar2": 0.00338807399385,
        "max": 0.556331515312,
        "mean": 0.199485197663,
        "median": 0.176457628608,
        "min": 0.00376825942658,
        "var": 0.0098131261766
    },
    "melbands_kurtosis": {
        "dmean": 17.0075263977,
        "dmean2": 27.4157981873,
        "dvar": 1434.39233398,
        "dvar2": 3607.21459961,
        "max": 588.273742676,
        "mean": 30.3580322266,
        "median": 4.88006877899,
        "min": -1.84318709373,
        "var": 4424.62841797
    },
    "melbands_skewness": {
        "dmean": 1.12446713448,
        "dmean2": 1.74949169159,
        "dvar": 2.17051720619,
        "dvar2": 4.88463687897,
        "max": 18.6586055756,
        "mean": 3.36939382553,
        "median": 2.3234577179,
        "min": -1.61140429974,
        "var": 9.48905277252
    },
    "melbands_spread": {
        "dmean": 11.3418951035,
        "dmean2": 17.7401218414,
        "dvar": 216.700805664,
        "dvar2": 449.35723877,
        "max": 247.565124512,
        "mean": 37.4546661377,
        "median": 34.6727333069,
        "min": 0.388938605785,
        "var": 894.131225586
    },
    "pitch_salience": {
        "dmean": 0.0822443142533,
        "dmean2": 0.138563394547,
        "dvar": 0.00700882636011,
        "dvar2": 0.0193566065282,
        "max": 0.867807924747,
        "mean": 0.552368998528,
        "median": 0.569310724735,
        "min": 0.120630249381,
        "var": 0.0183549933136
    },
    "silence_rate_20dB": {
        "dmean": 0,
        "dmean2": 0,
        "dvar": 0,
        "dvar2": 0,
        "max": 1,
        "mean": 1,
        "median": 1,
        "min": 1,
        "var": 0
    },
    "silence_rate_30dB": {
        "dmean": 0.00464396271855,
        "dmean2": 0.00929152127355,
        "dvar": 0.00462243380025,
        "dvar2": 0.013851121068,
        "max": 1,
        "mean": 0.997678935528,
        "median": 1,
        "min": 0,
        "var": 0.00231568375602
    },
    "silence_rate_60dB": {
        "dmean": 0.0166408661753,
        "dmean2": 0.0332946181297,
        "dvar": 0.0163652896881,
        "dvar2": 0.0352813228965,
        "max": 1,
        "mean": 0.10483559221,
        "median": 0,
        "min": 0,
        "var": 0.0938413515687
    },
    "spectral_centroid": {
        "dmean": 296.447418213,
        "dmean2": 460.702392578,
        "dvar": 130955.789062,
        "dvar2": 272314.1875,
        "max": 11395.8945312,
        "mean": 2034.77355957,
        "median": 2132.45141602,
        "min": 132.368759155,
        "var": 1726918.125
    },
    "spectral_complexity": {
        "dmean": 4.30959749222,
        "dmean2": 6.59698009491,
        "dvar": 31.3082942963,
        "dvar2": 60.0526771545,
        "max": 65,
        "mean": 23.2050285339,
        "median": 21,
        "min": 0,
        "var": 273.325561523
    },
    "spectral_decrease": {
        "dmean": 3.76927156154e-09,
        "dmean2": 6.42097752745e-09,
        "dvar": 5.39677513222e-17,
        "dvar2": 1.43256803015e-16,
        "max": 1.49672165069e-28,
        "mean": -5.75623859689e-09,
        "median": -4.12718037524e-09,
        "min": -5.0180666733e-08,
        "var": 4.68574986826e-17
    },
    "spectral_energy": {
        "dmean": 0.0147518003359,
        "dmean2": 0.025034494698,
        "dvar": 0.000800118374173,
        "dvar2": 0.00212583667599,
        "max": 0.19150981307,
        "mean": 0.0237414166331,
        "median": 0.0177667681128,
        "min": 1.03016920007e-20,
        "var": 0.000710497493856
    },
    "spectral_energyband_high": {
        "dmean": 0.000528706645127,
        "dmean2": 0.000762396666687,
        "dvar": 1.10194741865e-06,
        "dvar2": 2.08204642149e-06,
        "max": 0.0201243851334,
        "mean": 0.00152967870235,
        "median": 0.000848737196065,
        "min": 7.02890747845e-21,
        "var": 4.34193680121e-06
    },
    "spectral_energyband_low": {
        "dmean": 0.0107311448082,
        "dmean2": 0.0184962563217,
        "dvar": 0.00064429763006,
        "dvar2": 0.00172284757718,
        "max": 0.184069350362,
        "mean": 0.0127889961004,
        "median": 0.0069105476141,
        "min": 2.2775252104e-23,
        "var": 0.000517896260135
    },
    "spectral_energyband_middle_high": {
        "dmean": 0.0016179131344,
        "dmean2": 0.00259672990069,
        "dvar": 8.33778449305e-06,
        "dvar2": 2.21674617933e-05,
        "max": 0.0383078232408,
        "mean": 0.00447460869327,
        "median": 0.00404018815607,
        "min": 1.1782322477e-21,
        "var": 1.84338532563e-05
    },
    "spectral_energyband_middle_low": {
        "dmean": 0.00457717198879,
        "dmean2": 0.00812070630491,
        "dvar": 8.56267579366e-05,
        "dvar2": 0.000233637081692,
        "max": 0.059851821512,
        "mean": 0.00589657807723,
        "median": 0.00382673577406,
        "min": 1.79717445769e-22,
        "var": 6.78765500197e-05
    },
    "spectral_entropy": {
        "dmean": 0.145038172603,
        "dmean2": 0.212125211954,
        "dvar": 0.0439427867532,
        "dvar2": 0.0826096087694,
        "max": 9.82067394257,
        "mean": 7.69836044312,
        "median": 7.87351894379,
        "min": 5.53242397308,
        "var": 0.302912592888
    },
    "spectral_flux": {
        "dmean": 0.0338695012033,
        "dmean2": 0.0521257556975,
        "dvar": 0.00261774519458,
        "dvar2": 0.00511040352285,
        "max": 0.369934290648,
        "mean": 0.0859325379133,
        "median": 0.0677843913436,
        "min": 6.56154297562e-11,
        "var": 0.00456449529156
    },
    "spectral_kurtosis": {
        "dmean": 1.94553172588,
        "dmean2": 3.30126094818,
        "dvar": 11.1152324677,
        "dvar2": 33.6893310547,
        "max": 40.8846206665,
        "mean": 4.56398820877,
        "median": 3.37158346176,
        "min": -1.24267137051,
        "var": 15.7070989609
    },
    "spectral_rms": {
        "dmean": 0.00116094830446,
        "dmean2": 0.00187385524623,
        "dvar": 3.08372250402e-06,
        "dvar2": 7.80267782829e-06,
        "max": 0.0136689003557,
        "mean": 0.00427799252793,
        "median": 0.00416334392503,
        "min": 3.17024141314e-12,
        "var": 4.86114913656e-06
    },
    "spectral_rolloff": {
        "dmean": 595.105834961,
        "dmean2": 952.097961426,
        "dvar": 911536.5625,
        "dvar2": 1825892.25,
        "max": 19207.6171875,
        "mean": 2417.89575195,
        "median": 2433.25195312,
        "min": 43.06640625,
        "var": 6137449
    },
    "spectral_skewness": {
        "dmean": 0.254532814026,
        "dmean2": 0.418793648481,
        "dvar": 0.123134933412,
        "dvar2": 0.331835269928,
        "max": 3.85215687752,
        "mean": 1.28172147274,
        "median": 1.14137530327,
        "min": -0.0531422123313,
        "var": 0.295711457729
    },
    "spectral_spread": {
        "dmean": 522735.5625,
        "dmean2": 710197.5,
        "dvar": 753149607936,
        "dvar2": 1.46067606733e+12,
        "max": 41223460,
        "mean": 4716624,
        "median": 4195830,
        "min": 1072925.875,
        "var": 1.68955341701e+13
    },
    "spectral_strongpeak": {
        "dmean": 0.319648444653,
        "dmean2": 0.559235692024,
        "dvar": 0.406181067228,
        "dvar2": 1.04907977581,
        "max": 7.49322605133,
        "mean": 0.460368096828,
        "median": 0.283394157887,
        "min": 0,
        "var": 0.466774582863
    },
    "zerocrossingrate": {
        "dmean": 0.0131089529023,
        "dmean2": 0.014770177193,
        "dvar": 0.000253389764111,
        "dvar2": 0.000319920247421,
        "max": 0.5224609375,
        "mean": 0.0816940814257,
        "median": 0.07666015625,
        "min": 0.00390625,
        "var": 0.00405126390979
    },
    "barkbands": {
        "dmean": [0.000220436035306, 0.00715812155977, 0.00409779185429, 0.00165918795392, 0.00258218217641, 0.000292804499622, 0.000179789814865, 0.000301414547721, 0.000222369562835, 0.00014967637253, 0.000124022379168, 0.000128527331981, 0.000197171815671, 0.000251886871411, 0.00028146544355, 0.000316723948345, 0.000446119549451, 0.000230998310144, 0.000319024693454, 0.000303204084048, 0.000218880391913, 0.000127215505927, 7.49888567952e-05, 4.89938029204e-05, 4.27557788498e-05, 2.63935871772e-05, 5.87653687489e-07],
        "dmean2": [0.000314246484777, 0.0124205332249, 0.00756200077012, 0.00300725200213, 0.00467989733443, 0.000485854048748, 0.000291129050311, 0.000465179065941, 0.000346233689925, 0.00024077676062, 0.000194679800188, 0.00020869410946, 0.000315557699651, 0.000417041534092, 0.000477938243421, 0.000529793149326, 0.000742143427487, 0.000378254713723, 0.000540445267688, 0.000513104605488, 0.000354972871719, 0.000202172188438, 0.000107254680188, 6.68345965096e-05, 5.8989138779e-05, 3.62793398381e-05, 1.00052568541e-06],
        "dvar": [2.71888779935e-07, 0.000294760364341, 0.000103831996967, 1.16325254567e-05, 3.91595458495e-05, 2.96835963809e-07, 1.50039667801e-07, 4.66314673986e-07, 3.58816464541e-07, 1.23202127611e-07, 6.66450432618e-08, 1.2652490966e-07, 2.39634374566e-07, 2.29209021541e-07, 3.12625985543e-07, 2.69843496881e-07, 5.08273387823e-07, 1.6397824254e-07, 3.34873504926e-07, 2.62919485294e-07, 1.91979253827e-07, 5.62358373202e-08, 6.18746014425e-08, 1.99814529367e-08, 9.48020595359e-09, 2.17812345937e-09, 1.25152275696e-12],
        "dvar2": [4.84902216158e-07, 0.000779832538683, 0.000304381799651, 3.29130052705e-05, 0.000109518950921, 7.83491884704e-07, 3.74500757516e-07, 1.13983776373e-06, 7.99080964953e-07, 2.88314140562e-07, 1.37740997275e-07, 2.84136746131e-07, 5.23924313711e-07, 6.00265934736e-07, 8.16145870886e-07, 7.23242010281e-07, 1.3706998061e-06, 4.39442317202e-07, 9.22945105231e-07, 6.85479108142e-07, 4.66493901286e-07, 1.30126167619e-07, 9.5766090169e-08, 3.07751726325e-08, 1.85546422671e-08, 4.23222124013e-09, 3.31120179019e-12],
        "max": [0.00640523480251, 0.134444117546, 0.0808456167579, 0.0298210363835, 0.0437593944371, 0.0059501985088, 0.00775213260204, 0.00938604027033, 0.0117860715836, 0.00756232393906, 0.00535829225555, 0.0115946186706, 0.011051973328, 0.00799325853586, 0.00913180690259, 0.00658125709742, 0.00835384335369, 0.00607885885984, 0.00727457040921, 0.00694224145263, 0.0072284839116, 0.00417522201315, 0.00915998406708, 0.00385030871257, 0.00263109849766, 0.00104734161869, 1.24110329125e-05],
        "mean": [0.000266053539235, 0.00701170787215, 0.00464642932639, 0.00174965569749, 0.00247324258089, 0.000423974444857, 0.000284542737063, 0.000489286554512, 0.000348282192135, 0.00021221487259, 0.000200040594791, 0.000163965654792, 0.00030804175185, 0.000382130092476, 0.000468741403893, 0.000568188203033, 0.00084837974282, 0.000441382377176, 0.00059092004085, 0.000649847323075, 0.000482220202684, 0.000289764575427, 0.000174007131136, 0.000124483660329, 9.1804737167e-05, 5.15744650329e-05, 5.52569645151e-07],
        "median": [3.11109215545e-05, 0.00233105407096, 0.00277756317519, 0.000951887457632, 0.000965547340456, 0.000226163654588, 0.000115948503662, 0.000124687707284, 0.000114379392471, 8.49357602419e-05, 7.64249343774e-05, 5.79155166633e-05, 0.000108826890937, 0.000195939312107, 0.000282726541627, 0.000325595407048, 0.000498372886796, 0.000275555590633, 0.000295034784358, 0.000374462804757, 0.000255319522694, 0.00013014547585, 4.42164709966e-05, 4.04656857427e-05, 3.77332507924e-05, 2.43552040047e-05, 5.18888896295e-08],
        "min": [5.79948597325e-25, 4.38895701939e-24, 2.07544097682e-24, 1.50193574606e-24, 1.60108723937e-23, 8.27336728126e-24, 5.83200252394e-24, 1.23949091312e-23, 2.30060870044e-23, 2.49400079125e-23, 2.39697705302e-23, 1.9171984769e-23, 4.81081269468e-23, 4.93576731544e-23, 7.39694423551e-23, 6.17284983622e-23, 8.18888611588e-23, 1.22792700112e-22, 1.25023750213e-22, 1.95939758128e-22, 2.77179847457e-22, 2.91638721217e-22, 3.95331723039e-22, 6.15659513638e-22, 1.01893586117e-21, 1.37875175359e-21, 1.83767058808e-21],
        "var": [4.6016629085e-07, 0.0002347920381, 6.54656469123e-05, 8.0463314589e-06, 2.76578721241e-05, 3.68304768017e-07, 3.17662994576e-07, 9.83805080068e-07, 8.19755882731e-07, 2.15789214053e-07, 1.91963252405e-07, 2.26710668016e-07, 6.37162713701e-07, 3.66649743455e-07, 4.47639251888e-07, 5.35841365945e-07, 1.02008368685e-06, 2.86564898033e-07, 5.94751554672e-07, 6.15803458004e-07, 4.34443705899e-07, 1.70477193251e-07, 1.97678062364e-07, 8.32227584624e-08, 3.04521670103e-08, 6.67155841683e-09, 1.31442903437e-12]
    },
    "erbbands": {
        "dmean": [0.173655062914, 1.77166175842, 4.48263549805, 5.13818836212, 9.83653736115, 6.74557733536, 3.24055147171, 2.46779155731, 2.62003207207, 3.95034885406, 6.49904441833, 4.9798579216, 5.79067516327, 2.79231142998, 5.25162553787, 5.93437051773, 8.3478345871, 11.5927267075, 13.5617332458, 12.1296110153, 19.1028652191, 23.3435935974, 13.1795921326, 13.8547706604, 16.2260856628, 13.3706073761, 10.8244342804, 7.55802059174, 4.87992191315, 2.80111908913, 2.12159323692, 1.27866864204, 0.734118878841, 0.46366712451, 0.340352654457, 0.171632736921, 0.0372246727347, 0.00377380172722, 7.85495940363e-05, 1.81628674909e-05],
        "dmean2": [0.303486704826, 3.0783495903, 8.2168302536, 9.35231399536, 17.7468833923, 12.2323532104, 5.68054246902, 4.06332683563, 4.21217727661, 6.35211849213, 9.90026664734, 7.77896118164, 9.42576408386, 4.51981925964, 8.34624862671, 9.64195919037, 13.2670936584, 19.3499736786, 22.8580112457, 20.0793514252, 31.8481082916, 38.7272605896, 21.5651569366, 23.419549942, 27.6428260803, 22.3088169098, 17.9664459229, 11.9699783325, 7.74326705933, 4.11931848526, 3.01055884361, 1.83459722996, 0.995551228523, 0.637145519257, 0.487014323473, 0.239045128226, 0.0506082624197, 0.00547451386228, 0.000110709741421, 2.97425049212e-05],
        "dvar": [0.174177229404, 18.2421131134, 126.223609924, 138.233535767, 511.706939697, 260.059295654, 34.2566452026, 22.2692737579, 31.3308372498, 87.4365997314, 252.523483276, 175.835266113, 206.48727417, 29.6235179901, 124.169265747, 253.881698608, 386.712249756, 492.109130859, 728.931945801, 642.520446777, 1094.58374023, 1428.23095703, 470.613525391, 703.719726562, 847.106811523, 533.568237305, 473.384735107, 192.13369751, 90.6537094116, 42.1537322998, 51.4345474243, 17.1636657715, 4.82217788696, 1.74138891697, 0.575224578381, 0.101371951401, 0.00418161554262, 3.87256914109e-05, 1.55746189279e-08, 9.99174853966e-10],
        "dvar2": [0.472140610218, 48.4878807068, 365.41583252, 398.011962891, 1418.78442383, 742.046875, 94.8835983276, 59.9181365967, 75.9109649658, 228.923095703, 545.327575684, 398.773284912, 502.045288086, 75.0234680176, 261.02243042, 586.841247559, 877.419555664, 1273.80627441, 1828.72900391, 1629.81933594, 2976.22094727, 3752.08837891, 1251.6427002, 1942.34375, 2308.24072266, 1381.34594727, 1187.2487793, 444.450531006, 218.124557495, 83.0182723999, 76.8008880615, 31.0461463928, 7.88294506073, 3.51019144058, 1.19133388996, 0.199661687016, 0.00817007757723, 8.42561639729e-05, 3.2563601593e-08, 2.59783794476e-09],
        "max": [3.39542365074, 34.9070281982, 88.8886642456, 109.762756348, 173.512207031, 119.263725281, 56.6186065674, 53.0778923035, 88.2809448242, 141.028610229, 256.120269775, 303.22958374, 286.039215088, 87.5525512695, 263.441680908, 429.106140137, 413.663909912, 410.063354492, 728.803283691, 744.229248047, 427.271759033, 438.599945068, 312.387390137, 360.842926025, 333.207885742, 318.840026855, 362.452392578, 201.326965332, 172.797607422, 169.053756714, 276.577270508, 131.071487427, 64.3386077881, 40.9154815674, 16.6096572876, 7.17728328705, 1.61718595028, 0.138097763062, 0.00269981753081, 0.00021004411974],
        "mean": [0.161173582077, 1.7350975275, 5.16248321533, 5.87780809402, 9.10827922821, 6.45558977127, 3.96644639969, 3.77909326553, 4.15892744064, 7.09775066376, 10.0094327927, 8.0810136795, 8.3017616272, 4.26485681534, 8.79133892059, 8.63134098053, 13.8333568573, 18.3873176575, 24.483549118, 22.546546936, 38.5508956909, 46.3275985718, 27.1061229706, 25.1360607147, 32.4949798584, 29.6301746368, 22.7330513, 17.1164493561, 10.9500751495, 6.30803251266, 4.85741615295, 3.15483188629, 1.75953722, 1.02839136124, 0.667596101761, 0.32629570365, 0.0732004344463, 0.00686180498451, 0.000159327799338, 3.71947062376e-05],
        "median": [0.0358856618404, 0.650927186012, 3.04940390587, 3.71234846115, 3.62362241745, 2.48712325096, 1.77837657928, 2.05491876602, 1.75135862827, 2.32871770859, 2.92203569412, 2.81305861473, 3.02504134178, 2.22132372856, 3.47398161888, 2.98312616348, 5.27178859711, 10.6331739426, 15.9401721954, 14.6715431213, 19.8533306122, 27.3261623383, 17.5294532776, 14.4442815781, 16.9164524078, 16.8387985229, 12.6192960739, 9.23875904083, 5.13222789764, 2.07369399071, 1.28030490875, 0.920865416527, 0.615368843079, 0.393269628286, 0.277787029743, 0.153339445591, 0.0332447551191, 0.00314728938974, 8.77827988006e-05, 2.8980883144e-05],
        "min": [1.15275158607e-22, 8.57968654615e-22, 3.4668536955e-21, 5.80018924353e-21, 1.91293820771e-20, 5.50840831026e-20, 7.19716797038e-20, 8.72842985694e-20, 1.47813078334e-19, 1.6878606182e-19, 3.79031630862e-19, 4.99365316883e-19, 8.22523534006e-19, 8.50438346439e-19, 1.36937992649e-18, 1.14632385008e-18, 2.42072648505e-18, 2.47176456282e-18, 3.41541385998e-18, 3.86303644461e-18, 4.05858442296e-18, 4.90343857648e-18, 6.02701413253e-18, 6.35926652841e-18, 8.43028483191e-18, 9.23388996982e-18, 1.09349107989e-17, 9.68954323743e-18, 1.01342727579e-17, 1.26133909563e-17, 1.06377900044e-17, 1.04109969328e-17, 1.08137801244e-17, 1.0562032668e-17, 6.60163499738e-18, 4.98055745217e-18, 2.52127380402e-18, 1.01285422574e-18, 2.63978123035e-19, 2.81354014691e-20],
        "var": [0.141651332378, 14.0138301849, 82.3621368408, 89.745475769, 361.503295898, 181.287750244, 34.764213562, 29.2506980896, 54.3850402832, 230.114501953, 491.954071045, 375.950073242, 333.809570312, 44.9820251465, 392.521392822, 533.871154785, 1064.55761719, 765.092041016, 1453.30383301, 1102.47045898, 2458.06103516, 3066.74780273, 969.332397461, 1071.83312988, 1697.44665527, 1295.25915527, 961.79901123, 523.41583252, 251.452346802, 126.449745178, 164.73928833, 61.636756897, 16.6352958679, 5.0575633049, 1.44240665436, 0.271740794182, 0.014590896666, 0.000108231324703, 4.87315645614e-08, 1.20969767536e-09]
    },
    "gfcc": {
        "mean": [-32.7977523804, 77.6664047241, -115.905334473, 56.2553901672, -36.9111785889, 11.3319568634, -36.1578521729, 10.7480659485, -25.8425102234, 4.14694213867, -25.5932540894, -3.31246781349, -14.2654056549],
        "cov": [[25273.4921875, -2201.72338867, -796.794677734, 2147.34790039, -1355.54614258, 1170.85864258, -1103.42749023, 538.834899902, -665.87109375, 821.536987305, -692.362670898, 35.7791213989, -390.630065918], [-2201.72338867, 2147.32348633, -875.31048584, -734.80682373, 367.511993408, -505.648895264, 282.624786377, -199.175338745, 187.970840454, -380.466674805, 173.262084961, -95.8768539429, 68.0946426392], [-796.794677734, -875.31048584, 2037.08569336, 526.872497559, 80.5630950928, 745.017272949, -93.893699646, 203.61769104, -110.72203064, 259.557067871, -62.9119224548, 22.8720359802, 12.7977380753], [2147.34790039, -734.80682373, 526.872497559, 737.795593262, -77.4244766235, 279.448181152, -136.094863892, 63.7634429932, -93.3935852051, 151.373657227, -77.5363616943, 23.9526176453, 9.64051055908], [-1355.54614258, 367.511993408, 80.5630950928, -77.4244766235, 289.7371521, -16.9687175751, 88.584815979, -12.2378501892, 60.5466918945, -64.4060897827, 49.2729034424, -1.75438427925, 50.0760612488], [1170.85864258, -505.648895264, 745.017272949, 279.448181152, -16.9687175751, 520.571838379, -66.2641906738, 146.019439697, -62.6512298584, 165.470611572, -55.4447555542, -1.51886987686, -29.1501216888], [-1103.42749023, 282.624786377, -93.893699646, -136.094863892, 88.584815979, -66.2641906738, 200.092330933, -22.8729171753, 49.1404953003, -72.4709854126, 54.3462181091, -8.87382602692, 13.3440179825], [538.834899902, -199.175338745, 203.61769104, 63.7634429932, -12.2378501892, 146.019439697, -22.8729171753, 137.535934448, 5.13663768768, 91.3008804321, -20.0551948547, 15.4810552597, -18.6958999634], [-665.87109375, 187.970840454, -110.72203064, -93.3935852051, 60.5466918945, -62.6512298584, 49.1404953003, 5.13663768768, 115.706520081, -10.3731689453, 44.1105499268, -14.3455991745, 9.79277038574], [821.536987305, -380.466674805, 259.557067871, 151.373657227, -64.4060897827, 165.470611572, -72.4709854126, 91.3008804321, -10.3731689453, 172.228286743, -20.6972541809, 11.2272853851, -26.9597740173], [-692.362670898, 173.262084961, -62.9119224548, -77.5363616943, 49.2729034424, -55.4447555542, 54.3462181091, -20.0551948547, 44.1105499268, -20.6972541809, 88.4884109497, 7.24929618835, 4.84412765503], [35.7791213989, -95.8768539429, 22.8720359802, 23.9526176453, -1.75438427925, -1.51886987686, -8.87382602692, 15.4810552597, -14.3455991745, 11.2272853851, 7.24929618835, 57.4345664978, 18.7367839813], [-390.630065918, 68.0946426392, 12.7977380753, 9.64051055908, 50.0760612488, -29.1501216888, 13.3440179825, -18.6958999634, 9.79277038574, -26.9597740173, 4.84412765503, 18.7367839813, 64.4829025269]],
        "icov": [[0.000351854745531, -0.000688660424203, 0.000827434763778, -0.00112792884465, 0.000888133712579, -0.00113998411689, 0.000643681618385, -0.000607187103014, 0.000893637130503, -0.00099961401429, 0.00131090136711, -0.00104058475699, 0.000999086769298], [-0.000688660424203, 0.00281952624209, -0.00139127485454, 0.00285496632569, -0.00276529951952, 0.00236838776618, -0.0012277426431, 0.000829412485473, -0.00176695093978, 0.00353416777216, -0.00392538728192, 0.00434352084994, -0.00280857970938], [0.000827434763778, -0.00139127485454, 0.00316867302172, -0.00274589774199, 0.00140314316377, -0.00408735219389, 0.00147866969928, -0.00149629358202, 0.00275971624069, -0.00269544334151, 0.00253173382953, -0.0019539243076, 0.00141766294837], [-0.00112792884465, 0.00285496632569, -0.00274589774199, 0.00608051195741, -0.00315327895805, 0.00317237572744, -0.00155989243649, 0.0025328930933, -0.00222007418051, 0.0026219857391, -0.00412028143182, 0.00408108765259, -0.00471471296623], [0.000888133712579, -0.00276529951952, 0.00140314316377, -0.00315327895805, 0.0085599059239, -0.00331003847532, 0.000761563656852, -0.00206310860813, 0.00036721417564, -0.00136557652149, 0.00261598499492, -0.00346431531943, -0.000222790025873], [-0.00113998411689, 0.00236838776618, -0.00408735219389, 0.00317237572744, -0.00331003847532, 0.00953019596636, -0.00243295123801, -0.00109100551344, -0.00123643083498, 0.00192728126422, -0.0038854777813, 0.00560848927125, -0.00234836083837], [0.000643681618385, -0.0012277426431, 0.00147866969928, -0.00155989243649, 0.000761563656852, -0.00243295123801, 0.00884183309972, -0.00219925772399, 0.000624192878604, 0.00114130147267, -0.000808834796771, -0.000993553316221, 0.00170882116072], [-0.000607187103014, 0.000829412485473, -0.00149629358202, 0.0025328930933, -0.00206310860813, -0.00109100551344, -0.00219925772399, 0.0167252849787, -0.00577702699229, -0.00407799007371, 0.00262652663514, -0.00536924367771, 0.00231267232448], [0.000893637130503, -0.00176695093978, 0.00275971624069, -0.00222007418051, 0.00036721417564, -0.00123643083498, 0.000624192878604, -0.00577702699229, 0.0178312249482, -0.00551272928715, -0.00264749932103, 0.00436166627333, -0.00166584551334], [-0.00099961401429, 0.00353416777216, -0.00269544334151, 0.0026219857391, -0.00136557652149, 0.00192728126422, 0.00114130147267, -0.00407799007371, -0.00551272928715, 0.0188051853329, -0.00713919429109, 0.00397831434384, -0.00105169205926], [0.00131090136711, -0.00392538728192, 0.00253173382953, -0.00412028143182, 0.00261598499492, -0.0038854777813, -0.000808834796771, 0.00262652663514, -0.00264749932103, -0.00713919429109, 0.0248561576009, -0.012719290331, 0.00858680251986], [-0.00104058475699, 0.00434352084994, -0.0019539243076, 0.00408108765259, -0.00346431531943, 0.00560848927125, -0.000993553316221, -0.00536924367771, 0.00436166627333, 0.00397831434384, -0.012719290331, 0.0324375405908, -0.014707298018], [0.000999086769298, -0.00280857970938, 0.00141766294837, -0.00471471296623, -0.000222790025873, -0.00234836083837, 0.00170882116072, 0.00231267232448, -0.00166584551334, -0.00105169205926, 0.00858680251986, -0.014707298018, 0.0278197787702]]
    },
    "melbands": {
        "dmean": [0.00180640548933, 0.00233175931498, 0.00101953686681, 0.000652358052321, 0.000131797845825, 5.49059805053e-05, 3.72268368665e-05, 4.78093352285e-05, 5.3888077673e-05, 3.09235656459e-05, 2.88414285023e-05, 1.09929642349e-05, 1.7312449927e-05, 1.30847320179e-05, 2.12418035517e-05, 1.69857012224e-05, 2.45259016083e-05, 2.23622828344e-05, 1.9421297111e-05, 1.8622900825e-05, 2.55467111856e-05, 2.95148529403e-05, 1.48782992255e-05, 1.10608716568e-05, 1.19427704703e-05, 1.36729731821e-05, 1.23965810417e-05, 8.99805309018e-06, 7.69343932916e-06, 5.77336868446e-06, 4.47876300314e-06, 3.28937767335e-06, 2.2038343559e-06, 1.53223004418e-06, 1.38977941333e-06, 1.20085019262e-06, 7.15888234026e-07, 5.76432796606e-07, 4.48091952876e-07, 4.11167974335e-07],
        "dmean2": [0.00314150541089, 0.00413308292627, 0.00184811407235, 0.0011857211357, 0.000232733800658, 9.03690233827e-05, 6.01753235969e-05, 7.64780197642e-05, 8.07645410532e-05, 4.87816250825e-05, 4.68615289719e-05, 1.79760590981e-05, 2.74039393844e-05, 2.10482521652e-05, 3.34264113917e-05, 2.73889600066e-05, 4.09437670896e-05, 3.7687481381e-05, 3.31667579303e-05, 3.10174909828e-05, 4.27034610766e-05, 4.88431214762e-05, 2.4888839107e-05, 1.8245764295e-05, 2.03490908461e-05, 2.34408580582e-05, 2.11277765629e-05, 1.50015075633e-05, 1.2869960301e-05, 9.4282304417e-06, 7.00269038134e-06, 5.3898729675e-06, 3.49361812368e-06, 2.28187445828e-06, 2.04457273867e-06, 1.81838981916e-06, 1.02625062937e-06, 7.95452933744e-07, 6.40750329239e-07, 5.9444192857e-07],
        "dvar": [1.88965750567e-05, 3.27460256813e-05, 4.35134370491e-06, 2.64653499471e-06, 5.72391236631e-08, 1.07242694725e-08, 6.18354167869e-09, 1.28717072556e-08, 1.83115815844e-08, 6.93822599374e-09, 5.10434094991e-09, 4.76901518276e-10, 1.33446897976e-09, 8.61595572665e-10, 4.55717108494e-09, 1.31105803991e-09, 2.29056174028e-09, 2.06039540984e-09, 1.53685597581e-09, 1.04886965779e-09, 2.03689509704e-09, 2.21558793534e-09, 7.2262351658e-10, 4.0941255941e-10, 5.14438325272e-10, 6.25974994062e-10, 4.30115887351e-10, 2.35023167594e-10, 2.27957444587e-10, 1.35733951856e-10, 6.17720458118e-11, 4.17768562799e-11, 1.79362410341e-11, 1.69567554442e-11, 2.11349080598e-11, 2.14735122045e-11, 4.2426834615e-12, 3.3639692594e-12, 1.77609392037e-12, 1.4204144588e-12],
        "dvar2": [5.0265203754e-05, 9.14923366508e-05, 1.23319032355e-05, 7.43052623875e-06, 1.61485687045e-07, 2.84666725747e-08, 1.51843213558e-08, 3.40883090644e-08, 3.72829944695e-08, 1.61677089494e-08, 1.23603545177e-08, 1.22055632268e-09, 2.76483791417e-09, 2.03134664645e-09, 9.66310054196e-09, 3.19483062228e-09, 6.08937211766e-09, 4.95908558662e-09, 4.16305345752e-09, 2.76455924819e-09, 5.6233546708e-09, 5.76920777817e-09, 2.0159951486e-09, 1.08114128761e-09, 1.43702993949e-09, 1.73730985153e-09, 1.1593704885e-09, 6.09514161365e-10, 5.86021342563e-10, 3.27342458695e-10, 1.47318088284e-10, 1.06031586289e-10, 4.19210395564e-11, 3.43107937895e-11, 3.620790473e-11, 4.6968103018e-11, 7.37305615867e-12, 6.30484900399e-12, 3.23169811224e-12, 3.16425683398e-12],
        "max": [0.0310889948159, 0.0425931178033, 0.0172638725489, 0.0113505199552, 0.00208770507015, 0.00109984655865, 0.00111718534026, 0.00169365736656, 0.00210178038105, 0.00185956503265, 0.00143208133522, 0.000321241968777, 0.000812370271888, 0.000514719868079, 0.0020626548212, 0.000706081103999, 0.000791313766968, 0.00143712258432, 0.000623450032435, 0.000701586250216, 0.000552948855329, 0.000564940040931, 0.0004227256577, 0.000298951024888, 0.000315505254548, 0.000343409366906, 0.000242598805926, 0.000222301794565, 0.000248233147431, 0.000231687357882, 0.00012472938397, 0.000114031798148, 7.93287617853e-05, 0.000119979296869, 0.000172235944774, 0.000169110964634, 6.56071279082e-05, 5.57441635465e-05, 4.88198493258e-05, 3.65278101526e-05],
        "mean": [0.00174218020402, 0.0026491060853, 0.00114887137897, 0.000608853064477, 0.000156876034453, 8.45118847792e-05, 5.93208133068e-05, 8.35072278278e-05, 8.26503455755e-05, 4.86425597046e-05, 4.04625534429e-05, 1.5699015421e-05, 2.8133397791e-05, 1.85158878594e-05, 3.37390811183e-05, 2.53218204307e-05, 3.61086968041e-05, 3.9107631892e-05, 3.16539044434e-05, 3.26419030898e-05, 4.86530698254e-05, 5.43237256352e-05, 2.8773347367e-05, 1.99583118956e-05, 1.98508714675e-05, 2.39941036853e-05, 2.3820939532e-05, 1.86897632375e-05, 1.47687296703e-05, 1.15203911264e-05, 9.56182520895e-06, 6.71464931656e-06, 4.4036928557e-06, 3.14522617373e-06, 2.86380304715e-06, 2.54494079854e-06, 1.65765129623e-06, 1.26588690819e-06, 9.8397720194e-07, 8.25039933261e-07],
        "median": [0.000502562033944, 0.00152849231381, 0.000690245535225, 0.000231659651035, 7.00692544342e-05, 4.57830283267e-05, 2.44067341555e-05, 2.40364370256e-05, 2.15317013499e-05, 1.71093943209e-05, 1.45430376506e-05, 7.71150280343e-06, 1.0707904039e-05, 7.98460587248e-06, 8.54860081745e-06, 1.13196547318e-05, 1.86157321878e-05, 2.31219601119e-05, 1.97606732399e-05, 2.0777570171e-05, 2.2435646315e-05, 3.05665962514e-05, 1.63064032677e-05, 1.21805633171e-05, 1.06879688246e-05, 1.08506292236e-05, 1.24229927678e-05, 1.03942684291e-05, 8.05083072919e-06, 5.76037973588e-06, 4.99167481394e-06, 3.11643088935e-06, 1.643131327e-06, 8.13537610611e-07, 7.1029199944e-07, 6.89429043632e-07, 4.93564925819e-07, 4.03458614073e-07, 3.81775748792e-07, 3.03273935742e-07],
        "min": [1.63863528296e-24, 1.03699049625e-24, 1.57804100329e-24, 2.69504684444e-24, 2.36698740131e-24, 2.19079610699e-24, 1.89839455728e-24, 2.59116707664e-24, 2.60011552032e-24, 3.43339797198e-24, 4.06205345469e-24, 3.136058153e-24, 4.49004126135e-24, 2.46494459864e-24, 3.50655259359e-24, 4.20017629388e-24, 4.78668333286e-24, 4.19977476368e-24, 5.12000230886e-24, 4.47098711505e-24, 4.24856028864e-24, 3.9180295415e-24, 2.87094231592e-24, 5.74792415094e-24, 4.26544427859e-24, 5.03150670922e-24, 5.56351213712e-24, 5.57600138297e-24, 6.0064768625e-24, 6.02051937547e-24, 4.47764352336e-24, 5.66505707386e-24, 4.84204164688e-24, 6.46264869714e-24, 6.36061427222e-24, 4.64102450544e-24, 6.96023888476e-24, 6.18406246847e-24, 6.6063121009e-24, 7.83214396634e-24],
        "var": [1.52931188495e-05, 2.31472768064e-05, 2.97594965559e-06, 1.82147005034e-06, 5.37902060671e-08, 1.41661740116e-08, 1.12761071591e-08, 3.26078755108e-08, 3.94529102721e-08, 1.42459084529e-08, 8.27779267354e-09, 6.61704413485e-10, 3.90567356234e-09, 1.45906386972e-09, 1.49619268086e-08, 2.14355710959e-09, 3.3669480537e-09, 4.72855488098e-09, 2.04647765401e-09, 1.84900461608e-09, 4.39270175789e-09, 4.63039206977e-09, 1.22146170956e-09, 6.54902632125e-10, 7.16779802179e-10, 1.05538167094e-09, 8.7954865613e-10, 5.41253208919e-10, 4.17319401258e-10, 2.77605965993e-10, 1.67039382326e-10, 9.68041341531e-11, 4.70167481337e-11, 4.36050050234e-11, 5.80506719083e-11, 5.32165353451e-11, 1.65583605855e-11, 9.95920533542e-12, 4.51800662854e-12, 3.78619574928e-12]
    },
    "mfcc": {
        "mean": [-664.353149414, 99.0011520386, -8.35383701324, 45.0641860962, 18.502281189, 11.782248497, 3.85216856003, 3.39992594719, 7.08418893814, 2.87990260124, -1.63580226898, -0.130722343922, -4.96354675293],
        "cov": [[12305.0048828, -2105.25585938, 63.9948043823, 837.114562988, -169.293579102, 411.75793457, -149.296875, -255.019424438, 44.3099212646, 295.950622559, 0.250529557467, 53.6036491394, 51.7539367676], [-2105.25585938, 2019.28076172, -607.479125977, -318.017456055, 49.9280548096, -200.799331665, 37.5949211121, 118.105247498, -5.22638320923, -103.950271606, 19.6802368164, 4.77263402939, -59.4953308105], [63.9948043823, -607.479125977, 1336.91625977, 228.905334473, 260.736968994, 422.977996826, 174.325622559, 53.9343299866, 75.1108093262, 134.759246826, 24.2456665039, 46.9759178162, 6.13178157806], [837.114562988, -318.017456055, 228.905334473, 428.469573975, 100.634773254, 135.491333008, 29.8767147064, -19.182050705, 30.4974269867, 19.0307159424, -11.2873630524, -20.8870201111, 23.1801681519], [-169.293579102, 49.9280548096, 260.736968994, 100.634773254, 249.698257446, 142.649749756, 45.8285598755, 33.1172370911, 40.4067764282, 40.6202163696, 3.2023499012, 17.9767608643, -5.30779838562], [411.75793457, -200.799331665, 422.977996826, 135.491333008, 142.649749756, 287.143920898, 107.76159668, 32.3141822815, 50.35181427, 73.2604904175, 16.6575508118, 22.5357894897, -7.64182138443], [-149.296875, 37.5949211121, 174.325622559, 29.8767147064, 45.8285598755, 107.76159668, 133.466690063, 57.1017799377, 24.8501968384, 18.8695850372, 14.1152210236, 11.6991662979, -1.14848423004], [-255.019424438, 118.105247498, 53.9343299866, -19.182050705, 33.1172370911, 32.3141822815, 57.1017799377, 97.4533004761, 20.0825061798, 4.07669878006, 7.91580343246, 7.4894952774, -0.726463794708], [44.3099212646, -5.22638320923, 75.1108093262, 30.4974269867, 40.4067764282, 50.35181427, 24.8501968384, 20.0825061798, 95.3489685059, 28.0213909149, 8.71131896973, 9.62063503265, 0.944076955318], [295.950622559, -103.950271606, 134.759246826, 19.0307159424, 40.6202163696, 73.2604904175, 18.8695850372, 4.07669878006, 28.0213909149, 104.950439453, 33.3513450623, 39.5351066589, 9.34201049805], [0.250529557467, 19.6802368164, 24.2456665039, -11.2873630524, 3.2023499012, 16.6575508118, 14.1152210236, 7.91580343246, 8.71131896973, 33.3513450623, 67.0629959106, 28.7461032867, 8.70903301239], [53.6036491394, 4.77263402939, 46.9759178162, -20.8870201111, 17.9767608643, 22.5357894897, 11.6991662979, 7.4894952774, 9.62063503265, 39.5351066589, 28.7461032867, 72.1864395142, 26.6095104218], [51.7539367676, -59.4953308105, 6.13178157806, 23.1801681519, -5.30779838562, -7.64182138443, -1.14848423004, -0.726463794708, 0.944076955318, 9.34201049805, 8.70903301239, 26.6095104218, 61.574672699]],
