{
"lowlevel": {
    "average_loudness": 0.95498073101,
    "barkbands_crest": {
        "dmean": 2.89469814301,
        "dmean2": 4.79027938843,
        "dvar": 10.2984218597,
        "dvar2": 27.3112258911,
        "max": 22.978969574,
        "mean": 9.03525447845,
        "median": 7.97105979919,
        "min": 2.80856895447,
        "var": 18.180273056
    },
    "barkbands_flatness_db": {
        "dmean": 0.02262246795,
        "dmean2": 0.0367083102465,
        "dvar": 0.00069086952135,
        "dvar2": 0.00172342313454,
        "max": 0.344136804342,
        "mean": 0.111633077264,
        "median": 0.095008008182,
        "min": 0.0389167070389,
        "var": 0.00276648835279
    },
    "barkbands_kurtosis": {
        "dmean": 2.46661305428,
        "dmean2": 4.23768854141,
        "dvar": 23.1974658966,
        "dvar2": 61.5784225464,
        "max": 48.9312019348,
        "mean": 1.64673519135,
        "median": -0.504638433456,
        "min": -1.87408220768,
        "var": 38.9131507874
    },
    "barkbands_skewness": {
        "dmean": 0.608910560608,
        "dmean2": 0.98345220089,
        "dvar": 0.592358469963,
        "dvar2": 1.49205577374,
        "max": 6.43992710114,
        "mean": 1.19583618641,
        "median": 0.939761698246,
        "min": -1.82422196865,
        "var": 1.30145025253
    },
    "barkbands_spread": {
        "dmean": 7.73153543472,
        "dmean2": 12.4154224396,
        "dvar": 73.9322280884,
        "dvar2": 183.644577026,
        "max": 101.015327454,
        "mean": 37.7677612305,
        "median": 38.5865325928,
        "min": 2.12404489517,
        "var": 228.611557007
    },
    "dissonance": {
        "dmean": 0.00790842343122,
        "dmean2": 0.0133548146114,
        "dvar": 6.50627189316e-05,
        "dvar2": 0.000170949904714,
        "max": 0.5,
        "mean": 0.483105033636,
        "median": 0.487930327654,
        "min": 0.387394696474,
        "var": 0.000229313111049
    },
    "dynamic_complexity": 3.74650669098,
    "erbbands_crest": {
        "dmean": 1.70206415653,
        "dmean2": 2.87166380882,
        "dvar": 2.95158982277,
        "dvar2": 7.59160089493,
        "max": 24.6367282867,
        "mean": 6.73613548279,
        "median": 5.96072769165,
        "min": 2.50085139275,
        "var": 8.19610118866
    },
    "erbbands_flatness_db": {
        "dmean": 0.0113192507997,
        "dmean2": 0.0176051128656,
        "dvar": 0.00015713844914,
        "dvar2": 0.000332979572704,
        "max": 0.384423673153,
        "mean": 0.139027938247,
        "median": 0.127279862761,
        "min": 0.0608470179141,
        "var": 0.00199432438239
    },
    "erbbands_kurtosis": {
        "dmean": 0.770023047924,
        "dmean2": 1.2569000721,
        "dvar": 0.828850626945,
        "dvar2": 2.00703215599,
        "max": 15.830532074,
        "mean": 0.199271976948,
        "median": -0.13338470459,
        "min": -1.76087331772,
        "var": 2.14462065697
    },
    "erbbands_skewness": {
        "dmean": 0.272284895182,
        "dmean2": 0.429077386856,
        "dvar": 0.0706554278731,
        "dvar2": 0.160508483648,
        "max": 3.3383500576,
        "mean": -0.622958481312,
        "median": -0.690003991127,
        "min": -3.02022624016,
        "var": 0.412591427565
    },
    "erbbands_spread": {
        "dmean": 9.54154109955,
        "dmean2": 15.7141523361,
        "dvar": 109.619255066,
        "dvar2": 291.597473145,
        "max": 135.264297485,
        "mean": 45.0697669983,
        "median": 43.0621528625,
        "min": 6.36896562576,
        "var": 219.407562256
    },
    "hfc": {
        "dmean": 8.5043888092,
        "dmean2": 13.481010437,
        "dvar": 220.744369507,
        "dvar2": 526.230407715,
        "max": 272.48651123,
        "mean": 31.8457965851,
        "median": 28.2131156921,
        "min": 1.12440103267e-16,
        "var": 596.275512695
    },
    "melbands_crest": {
        "dmean": 3.17661952972,
        "dmean2": 5.16191148758,
        "dvar": 9.0040178299,
        "dvar2": 21.6473770142,
        "max": 33.1404762268,
        "mean": 14.3515310287,
        "median": 13.1478090286,
        "min": 2.31083679199,
        "var": 29.5318183899
    },
    "melbands_flatness_db": {
        "dmean": 0.0303715411574,
        "dmean2": 0.0483991876245,
        "dvar": 0.0012886961922,
        "dvar2": 0.00312920636497,
        "max": 0.425538688898,
        "mean": 0.163795605302,
        "median": 0.146356344223,
        "min": 0.00637107528746,
        "var": 0.004462253768
    },
    "melbands_kurtosis": {
        "dmean": 9.46464920044,
        "dmean2": 16.1982154846,
        "dvar": 320.46005249,
        "dvar2": 860.382141113,
        "max": 169.516265869,
        "mean": 12.6514940262,
        "median": 6.10308456421,
        "min": -1.67123067379,
        "var": 364.093170166
    },
    "melbands_skewness": {
        "dmean": 0.974512219429,
        "dmean2": 1.58959007263,
        "dvar": 1.67188310623,
        "dvar2": 4.28857326508,
        "max": 11.4455518723,
        "mean": 2.94014239311,
        "median": 2.5311832428,
        "min": -0.34510615468,
        "var": 2.85137319565
    },
    "melbands_spread": {
        "dmean": 11.4098472595,
        "dmean2": 17.6789684296,
        "dvar": 168.378707886,
        "dvar2": 373.011779785,
        "max": 213.952590942,
        "mean": 37.1716270447,
        "median": 34.9929199219,
        "min": 2.05578517914,
        "var": 507.289703369
    },
    "pitch_salience": {
        "dmean": 0.0788928493857,
        "dmean2": 0.129173800349,
        "dvar": 0.00672447727993,
        "dvar2": 0.0177099462599,
        "max": 0.840892016888,
        "mean": 0.578483819962,
        "median": 0.59387409687,
        "min": 0.151875466108,
        "var": 0.0132022229955
    },
    "silence_rate_20dB": {
        "dmean": 0,
        "dmean2": 0,
        "dvar": 0,
        "dvar2": 0,
        "max": 1,
        "mean": 1,
        "median": 1,
        "min": 1,
        "var": 0
    },
    "silence_rate_30dB": {
        "dmean": 0.0673374608159,
        "dmean2": 0.134727060795,
        "dvar": 0.0628020837903,
        "dvar2": 0.165359199047,
        "max": 1,
        "mean": 0.957059979439,
        "median": 1,
        "min": 0,
        "var": 0.0410966612399
    },
    "silence_rate_60dB": {
        "dmean": 0.00967492256314,
        "dmean2": 0.0193573366851,
        "dvar": 0.00958118308336,
        "dvar2": 0.0205304175615,
        "max": 1,
        "mean": 0.123791106045,
        "median": 0,
        "min": 0,
        "var": 0.108463183045
    },
    "spectral_centroid": {
        "dmean": 273.756317139,
        "dmean2": 440.686737061,
        "dvar": 99001.5546875,
        "dvar2": 204835.578125,
        "max": 10775.4589844,
        "mean": 2132.16259766,
        "median": 2184.27880859,
        "min": 282.284393311,
        "var": 366877.625
    },
    "spectral_complexity": {
        "dmean": 4.01702785492,
        "dmean2": 6.46302747726,
        "dvar": 14.421538353,
        "dvar2": 34.3965911865,
        "max": 58,
        "mean": 32.7187614441,
        "median": 36,
        "min": 0,
        "var": 178.057891846
    },
    "spectral_decrease": {
        "dmean": 4.48831194433e-09,
        "dmean2": 7.7023258882e-09,
        "dvar": 7.7893990245e-17,
        "dvar2": 2.05922484209e-16,
        "max": 1.41008211604e-30,
        "mean": -8.00248312061e-09,
        "median": -6.30131280488e-09,
        "min": -6.00559033614e-08,
        "var": 7.02080132816e-17
    },
    "spectral_energy": {
        "dmean": 0.0174351278692,
        "dmean2": 0.0298530757427,
        "dvar": 0.00113385089207,
        "dvar2": 0.00299583096057,
        "max": 0.231767818332,
        "mean": 0.0330917872488,
        "median": 0.0270277447999,
        "min": 1.01933240703e-20,
        "var": 0.00105193664785
    },
    "spectral_energyband_high": {
        "dmean": 0.000811096804682,
        "dmean2": 0.00125202070922,
        "dvar": 3.19618743561e-06,
        "dvar2": 7.01687258697e-06,
        "max": 0.0331917107105,
        "mean": 0.00210097921081,
        "median": 0.00144120049663,
        "min": 7.17104117993e-21,
        "var": 7.96269159764e-06
    },
    "spectral_energyband_low": {
        "dmean": 0.0143883218989,
        "dmean2": 0.0250667426735,
        "dvar": 0.00106282753404,
        "dvar2": 0.00285151810385,
        "max": 0.205782487988,
        "mean": 0.0162425916642,
        "median": 0.00800982862711,
        "min": 6.17970787738e-23,
        "var": 0.000833883939777
    },
    "spectral_energyband_middle_high": {
        "dmean": 0.00169611664023,
        "dmean2": 0.00272266729735,
        "dvar": 4.93394918522e-06,
        "dvar2": 1.18594589367e-05,
        "max": 0.0368548482656,
        "mean": 0.00664903782308,
        "median": 0.00571381626651,
        "min": 1.68935837652e-21,
        "var": 2.16176977119e-05
    },
    "spectral_energyband_middle_low": {
        "dmean": 0.0046377312392,
        "dmean2": 0.00801581796259,
        "dvar": 5.71963937546e-05,
        "dvar2": 0.000157826551003,
        "max": 0.0655141174793,
        "mean": 0.00938302371651,
        "median": 0.00778594939038,
        "min": 3.04168230529e-22,
        "var": 6.09267735854e-05
    },
    "spectral_entropy": {
        "dmean": 0.0890470594168,
        "dmean2": 0.139194488525,
        "dvar": 0.0138727212325,
        "dvar2": 0.0303873084486,
        "max": 9.80415248871,
        "mean": 7.87448406219,
        "median": 7.93820333481,
        "min": 5.88563251495,
        "var": 0.122785225511
    },
    "spectral_flux": {
        "dmean": 0.0326692312956,
        "dmean2": 0.049911275506,
        "dvar": 0.00265772338025,
        "dvar2": 0.00489393854514,
        "max": 0.412153095007,
        "mean": 0.100960411131,
        "median": 0.0842393189669,
        "min": 1.00961995708e-10,
        "var": 0.00528544187546
    },
    "spectral_kurtosis": {
        "dmean": 1.08360242844,
        "dmean2": 1.86506807804,
        "dvar": 1.99453890324,
        "dvar2": 5.66730880737,
        "max": 19.5352973938,
        "mean": 3.1021797657,
        "median": 2.81799411774,
        "min": -1.22408819199,
        "var": 3.05096912384
    },
    "spectral_rms": {
        "dmean": 0.00115265022032,
        "dmean2": 0.00190177443437,
        "dvar": 3.24463553625e-06,
        "dvar2": 8.22436686576e-06,
        "max": 0.0150371193886,
        "mean": 0.00514346500859,
        "median": 0.00513503002003,
        "min": 3.1535227988e-12,
        "var": 5.82945585847e-06
    },
    "spectral_rolloff": {
        "dmean": 713.055358887,
        "dmean2": 1185.57824707,
        "dvar": 854905.875,
        "dvar2": 1775086.375,
        "max": 18884.6191406,
        "mean": 2424.52832031,
        "median": 2540.91796875,
        "min": 64.599609375,
        "var": 2183380.75
    },
    "spectral_skewness": {
        "dmean": 0.156585156918,
        "dmean2": 0.261851817369,
        "dvar": 0.0297564361244,
        "dvar2": 0.0810595452785,
        "max": 2.88849544525,
        "mean": 1.02434885502,
        "median": 1.03435182571,
        "min": 0.0285977832973,
        "var": 0.0628494620323
    },
    "spectral_spread": {
        "dmean": 350617.28125,
        "dmean2": 536027,
        "dvar": 654011006976,
        "dvar2": 935139737600,
        "max": 41181332,
        "mean": 4148382,
        "median": 4113551.5,
        "min": 1396500.875,
        "var": 1.49259616256e+12
    },
    "spectral_strongpeak": {
        "dmean": 0.346094787121,
        "dmean2": 0.611661553383,
        "dvar": 0.569096386433,
        "dvar2": 1.59239351749,
        "max": 9.31824493408,
        "mean": 0.520885109901,
        "median": 0.322495132685,
        "min": 0,
        "var": 0.527176976204
    },
    "zerocrossingrate": {
        "dmean": 0.0117805413902,
        "dmean2": 0.013979059644,
        "dvar": 0.000191422514035,
        "dvar2": 0.000218987624976,
        "max": 0.5,
        "mean": 0.0807860866189,
        "median": 0.07861328125,
        "min": 0.00634765625,
        "var": 0.00127947109286
    },
    "barkbands": {
        "dmean": [0.000228769320529, 0.0102816112339, 0.00467483187094, 0.00191498524509, 0.00240959855728, 0.000633459771052, 0.000420259981183, 0.000446111196652, 0.000394136761315, 0.000321700557834, 0.000142536358908, 0.000209940932109, 0.000267789378995, 0.000344933621818, 0.000382955971872, 0.000242369904299, 0.000525801267941, 0.000373771326849, 0.000316953344736, 0.000327503512381, 0.000285484828055, 0.000214360494283, 0.00018423666188, 9.49683380895e-05, 4.87378965772e-05, 1.90255614143e-05, 9.53228095568e-07],
        "dmean2": [0.00033908005571, 0.0181731209159, 0.00865733250976, 0.00341296591796, 0.00419083423913, 0.00100825389381, 0.000686855812091, 0.000707323022652, 0.000627299770713, 0.000503466173541, 0.000237166634179, 0.000337151432177, 0.000412242370658, 0.000552636571229, 0.000614929071162, 0.000402160861995, 0.000890075985808, 0.000635953387246, 0.000537357758731, 0.000554540136363, 0.00048558661365, 0.000348441448295, 0.000282581691863, 0.000140436459333, 7.35024514142e-05, 2.81369029835e-05, 1.58385319082e-06],
        "dvar": [2.71805305374e-07, 0.000603988417424, 0.000127978477394, 1.57531376317e-05, 1.86631295946e-05, 8.04561238965e-07, 7.30174178898e-07, 9.14195993573e-07, 7.08905588453e-07, 6.2803877654e-07, 1.12146530284e-07, 2.39340607777e-07, 4.09485721775e-07, 6.37146342797e-07, 4.32098943293e-07, 1.47610151657e-07, 4.11280780099e-07, 1.96493999738e-07, 1.50596449089e-07, 2.31302536235e-07, 2.63240053755e-07, 2.34875258798e-07, 6.11894961366e-07, 1.74115484697e-07, 2.67889070926e-08, 1.65912983352e-09, 6.08956851958e-12],
        "dvar2": [5.1373012866e-07, 0.00164669007063, 0.000375843956135, 4.5041397243e-05, 5.22967602592e-05, 2.06667687053e-06, 1.7641384602e-06, 2.01896114049e-06, 1.72447664681e-06, 1.44852219819e-06, 2.90942352876e-07, 5.38605547717e-07, 8.0646520928e-07, 1.59293529123e-06, 9.11608651677e-07, 3.53473865289e-07, 1.10854364266e-06, 5.37127391453e-07, 4.22405321387e-07, 6.24863332632e-07, 7.04693775333e-07, 5.312700182e-07, 1.47640878367e-06, 4.05483717714e-07, 5.48798517741e-08, 3.80798859112e-09, 1.42302029535e-11],
        "max": [0.00630751019344, 0.179237127304, 0.0818274617195, 0.034928329289, 0.0496073998511, 0.0119090676308, 0.0117311086506, 0.0153435450047, 0.0130884665996, 0.0131611600518, 0.00530159426853, 0.00963952764869, 0.0108938068151, 0.0161625314504, 0.0146431475878, 0.00709492573515, 0.00932763703167, 0.0061413901858, 0.00420087901875, 0.00516851618886, 0.00833346508443, 0.0131091140211, 0.021260632202, 0.0164484959096, 0.00426679290831, 0.00109817180783, 7.43432174204e-05],
        "mean": [0.000266167859081, 0.0100588575006, 0.00474861543626, 0.00223559862934, 0.00361377862282, 0.00127780507319, 0.000698067364283, 0.000692813424394, 0.000691223540343, 0.000517680600751, 0.000215228661546, 0.000344872445567, 0.000452970503829, 0.000621070270427, 0.0007426624652, 0.000515883730259, 0.00119197973981, 0.000930847076233, 0.000753424537834, 0.000735231617, 0.000642429455183, 0.000438286078861, 0.000352062459569, 0.000203963893, 0.00010791974637, 4.13443121943e-05, 1.00609008769e-06],
        "median": [2.23999595619e-05, 0.00401327526197, 0.0019396324642, 0.00134715624154, 0.00255582062528, 0.00081974855857, 0.000317936850479, 0.000300753250485, 0.000242383641307, 0.000184999618796, 7.98580076662e-05, 0.000135375390528, 0.000146707461681, 0.000205923730391, 0.000481094350107, 0.000375311326934, 0.00105236156378, 0.000851423130371, 0.000684724771418, 0.000632910057902, 0.000484789808979, 0.000277711398667, 0.000159456511028, 8.31208380987e-05, 5.30437428097e-05, 2.42952828557e-05, 1.94420749722e-07],
        "min": [1.70475688913e-25, 3.45235635057e-23, 1.6214774005e-23, 4.86078229986e-23, 7.28822405664e-23, 1.91619267925e-23, 3.22963882892e-23, 6.10972329332e-23, 3.26412593443e-23, 5.3696215651e-23, 6.53779519255e-23, 8.04692396956e-23, 9.5440399727e-23, 1.09420699974e-22, 1.29892157958e-22, 9.21929244375e-23, 1.67958924929e-22, 2.14042323611e-22, 4.22436706064e-22, 4.6328672577e-22, 4.08713126398e-22, 4.99089701757e-22, 5.17873628492e-22, 8.48009468703e-22, 1.01704542227e-21, 1.59044657861e-21, 2.31487261827e-21],
        "var": [4.23069053568e-07, 0.000440105475718, 8.47907285788e-05, 1.08424455902e-05, 1.81001323654e-05, 1.88610817986e-06, 1.52482721205e-06, 1.68444080373e-06, 1.48425965563e-06, 1.26730731154e-06, 2.12396358279e-07, 4.49985208206e-07, 8.98697635421e-07, 1.45187357248e-06, 1.15654415822e-06, 4.35352319528e-07, 9.40691620599e-07, 4.07402467317e-07, 2.82954687236e-07, 3.82484415695e-07, 4.11310338677e-07, 4.31243648791e-07, 8.59662691255e-07, 4.61092497517e-07, 7.60993472682e-08, 4.23052659571e-09, 9.53497957673e-12]
    },
    "erbbands": {
        "dmean": [0.225988522172, 2.56594085693, 5.44845438004, 6.09706878662, 8.72593784332, 6.98700141907, 6.9044880867, 4.74836111069, 6.15871334076, 6.82559585571, 9.56406497955, 9.17329120636, 10.0367431641, 7.41927194595, 6.28430128098, 8.36919975281, 11.8481769562, 15.6653137207, 20.9780483246, 14.8324995041, 14.6300477982, 27.5036525726, 20.1543216705, 14.6474370956, 17.2716331482, 15.0708942413, 13.366440773, 10.3105306625, 8.11225509644, 5.59970331192, 5.40477752686, 2.66291975975, 1.31740796566, 0.723843991756, 0.280033439398, 0.101548776031, 0.0332564525306, 0.00476140668616, 9.8264310509e-05, 2.16126591113e-05],
        "dmean2": [0.394356995821, 4.55537939072, 9.96266841888, 11.091709137, 15.2604207993, 12.2672109604, 11.3444242477, 7.74466991425, 9.90268516541, 11.3270530701, 15.2845811844, 14.5833330154, 15.9251356125, 11.6331768036, 9.99189662933, 13.505364418, 18.2329177856, 24.6433677673, 33.8329086304, 24.4451255798, 24.0970554352, 46.6125602722, 34.0319595337, 24.9347877502, 29.3722267151, 25.4672889709, 22.8243026733, 17.3540477753, 13.2461633682, 8.76133346558, 8.37678146362, 3.99082350731, 1.93894350529, 1.07485997677, 0.423244386911, 0.154691040516, 0.0497513599694, 0.00722303939983, 0.000147791026393, 3.61120692105e-05],
        "dvar": [0.30275991559, 37.4289627075, 168.606842041, 189.957931519, 275.199188232, 155.774887085, 86.8350906372, 61.3720550537, 146.096817017, 202.392578125, 523.883300781, 418.215423584, 535.368164062, 448.685089111, 224.335144043, 426.173797607, 902.187683105, 1155.82006836, 1488.73083496, 678.854553223, 412.446014404, 1040.29174805, 579.53137207, 321.1328125, 489.615966797, 536.168395996, 532.311889648, 336.270782471, 363.299713135, 257.557006836, 657.196228027, 140.459793091, 27.4042453766, 7.84274148941, 0.494501322508, 0.03934019804, 0.00709799584001, 0.000117496165331, 5.03347941105e-08, 1.43611411652e-09],
        "dvar2": [0.814218699932, 102.928161621, 486.987457275, 549.897338867, 757.750915527, 442.254974365, 217.641799927, 159.535247803, 347.082550049, 508.791168213, 1175.87329102, 989.51739502, 1265.70227051, 1104.71008301, 565.408325195, 1002.63470459, 1789.14648438, 2868.23681641, 3577.20507812, 1608.45690918, 933.308959961, 2781.12426758, 1576.10900879, 893.042785645, 1361.25170898, 1471.14355469, 1413.53479004, 867.578674316, 824.510070801, 557.970336914, 1682.06420898, 354.387390137, 49.3483123779, 15.2104101181, 1.07207536697, 0.0922326147556, 0.0166542232037, 0.000226509102504, 9.5284754309e-08, 3.74588582375e-09],
        "max": [3.61028170586, 45.2147941589, 89.2506484985, 116.077148438, 189.901885986, 168.701126099, 141.586761475, 119.581245422, 181.279571533, 292.132476807, 413.871673584, 302.141387939, 484.738708496, 524.08203125, 334.175689697, 361.773742676, 611.123901367, 617.132263184, 639.747070312, 501.124176025, 450.148986816, 455.857330322, 341.619232178, 248.536071777, 291.849700928, 273.501678467, 319.675842285, 310.369476318, 546.328735352, 478.999938965, 782.272399902, 480.51965332, 157.790878296, 76.4125671387, 19.0479698181, 4.45824193954, 2.62793779373, 0.254848539829, 0.00540258130059, 0.000315774261253],
        "mean": [0.205104455352, 2.52438902855, 5.74390172958, 6.98918437958, 11.1228780746, 10.2130784988, 12.9153833389, 8.73938465118, 11.0055341721, 10.7437334061, 15.4663610458, 16.4001960754, 16.6198368073, 12.9276456833, 11.1940689087, 14.2135229111, 21.9604930878, 30.0628471375, 39.6233291626, 32.3091773987, 36.090675354, 65.0081787109, 52.8029670715, 38.4362258911, 42.1658363342, 33.8949584961, 27.9087524414, 22.9814052582, 16.3838882446, 11.1818733215, 10.2179079056, 5.36689949036, 2.94558024406, 1.52261710167, 0.616424500942, 0.220534801483, 0.070057310164, 0.00923175830394, 0.000209710196941, 5.00549722346e-05],
        "median": [0.0512747690082, 1.09717607498, 2.55414652824, 4.01636981964, 6.10672044754, 7.23260307312, 8.0166311264, 5.7207736969, 5.68167829514, 5.1187171936, 7.74104404449, 6.17430782318, 6.32154226303, 5.10256099701, 4.53959608078, 6.06117868423, 7.448325634, 10.8279666901, 23.2067298889, 22.4896907806, 29.0086917877, 58.0662765503, 48.4405212402, 35.9570884705, 38.5916442871, 28.5851821899, 21.2542705536, 17.0286121368, 10.1945676804, 5.92622947693, 4.6652469635, 2.30520439148, 1.17949473858, 0.654814243317, 0.337346166372, 0.133754953742, 0.0385805405676, 0.0046529690735, 0.000121414843306, 4.16334769398e-05],
        "min": [8.75848862297e-22, 8.23896285469e-21, 1.89299249207e-20, 7.87324594948e-20, 3.08570395882e-19, 1.680424006e-19, 1.38715396991e-19, 1.42402541646e-19, 3.22202409925e-19, 1.10346359004e-18, 1.0573176652e-18, 8.14756618246e-19, 1.841318726e-18, 1.00815273793e-18, 4.0106261454e-18, 2.88004519674e-18, 3.17981317599e-18, 4.90425128143e-18, 8.43685264597e-18, 4.11260428004e-18, 6.59410227713e-18, 1.15443824373e-17, 1.13012409681e-17, 2.02038004348e-17, 2.30468582505e-17, 1.77478449479e-17, 1.62075866708e-17, 1.8343639982e-17, 1.53456909423e-17, 1.44748533914e-17, 1.58221238141e-17, 1.67287551245e-17, 1.43518714866e-17, 9.61426980169e-18, 8.27050414325e-18, 6.36266086405e-18, 2.86038042525e-18, 1.2041479108e-18, 3.1664114542e-19, 3.4374294917e-20],
        "var": [0.231940090656, 26.5454025269, 113.928314209, 124.085586548, 244.731018066, 144.857696533, 224.547851562, 109.939216614, 318.165802002, 393.126220703, 778.293334961, 932.612792969, 1078.99707031, 832.250671387, 495.226654053, 702.39630127, 2052.85327148, 3042.79077148, 3415.39892578, 1777.34082031, 1493.17089844, 2439.90771484, 1333.39465332, 618.647521973, 925.328613281, 850.86114502, 759.282714844, 603.379150391, 639.460021973, 470.175628662, 797.205993652, 297.495513916, 98.8661422729, 22.5286693573, 1.4415910244, 0.10689985007, 0.0154001098126, 0.000309241208015, 1.39018766276e-07, 1.82555925932e-09]
    },
    "gfcc": {
        "mean": [12.0168638229, 74.7066955566, -122.8385849, 63.8191299438, -48.8448905945, 5.54500818253, -38.6075935364, 10.4379434586, -23.1132774353, 2.32486057281, -23.2727203369, -0.440852761269, -13.8627376556],
        "cov": [[19193.1425781, -1428.51745605, 139.901733398, 326.853607178, -510.093688965, 1113.61120605, -549.441589355, 403.338378906, -529.639709473, 520.843139648, -17.9866275787, 512.20880127, -153.66116333], [-1428.51745605, 1183.63037109, -343.594238281, -66.4332885742, 216.85395813, -442.414825439, 210.352294922, -198.786987305, 113.77734375, -174.42300415, -4.26522111893, -146.558624268, 10.1405563354], [139.901733398, -343.594238281, 546.711486816, 131.842636108, 0.878497242928, 207.804779053, -109.161476135, 70.676612854, -96.4080276489, 90.6003265381, 59.5309638977, 119.019882202, 27.0333461761], [326.853607178, -66.4332885742, 131.842636108, 214.9425354, 52.3381690979, 31.4568748474, -35.6074028015, 18.3295116425, 11.9033946991, 24.3127040863, 19.3359260559, 35.0807685852, 38.2612876892], [-510.093688965, 216.85395813, 0.878497242928, 52.3381690979, 163.983200073, -37.4354515076, 62.9932937622, -24.1856079102, 25.4522628784, -17.4618778229, 10.1973867416, -12.6897068024, 19.7310962677], [1113.61120605, -442.414825439, 207.804779053, 31.4568748474, -37.4354515076, 394.549194336, -18.0923576355, 99.4988861084, -85.3123092651, 99.8321151733, 46.9841842651, 92.1428833008, -3.592648983], [-549.441589355, 210.352294922, -109.161476135, -35.6074028015, 62.9932937622, -18.0923576355, 159.393508911, -3.86478471756, 54.5130615234, -38.5438957214, -2.17445707321, -49.3160057068, -10.6711931229], [403.338378906, -198.786987305, 70.676612854, 18.3295116425, -24.1856079102, 99.4988861084, -3.86478471756, 130.612457275, 26.1567707062, 65.6430053711, 6.44219064713, 23.5736598969, 0.993676424026], [-529.639709473, 113.77734375, -96.4080276489, 11.9033946991, 25.4522628784, -85.3123092651, 54.5130615234, 26.1567707062, 136.602233887, -3.06315755844, -12.2649965286, -58.4286651611, 6.18261003494], [520.843139648, -174.42300415, 90.6003265381, 24.3127040863, -17.4618778229, 99.8321151733, -38.5438957214, 65.6430053711, -3.06315755844, 104.597206116, 36.2126960754, 43.147403717, -2.24364733696], [-17.9866275787, -4.26522111893, 59.5309638977, 19.3359260559, 10.1973867416, 46.9841842651, -2.17445707321, 6.44219064713, -12.2649965286, 36.2126960754, 67.0428161621, 39.240737915, 8.3447303772], [512.20880127, -146.558624268, 119.019882202, 35.0807685852, -12.6897068024, 92.1428833008, -49.3160057068, 23.5736598969, -58.4286651611, 43.147403717, 39.240737915, 95.2403640747, 21.0431804657], [-153.66116333, 10.1405563354, 27.0333461761, 38.2612876892, 19.7310962677, -3.592648983, -10.6711931229, 0.993676424026, 6.18261003494, -2.24364733696, 8.3447303772, 21.0431804657, 54.1270141602]],
        "icov": [[0.000153334694915, -0.000428815896157, 0.000410016567912, -0.000566919043195, 0.000503924035002, -0.000599494436756, 0.000493118946906, -0.000377804448362, 0.000371219939552, -0.000594537123106, 0.00102025980595, -0.000871533062309, 0.000706759514287], [-0.000428815896157, 0.00463232398033, -0.000901743711438, 0.00216856296174, -0.00385760702193, 0.00455490639433, -0.00399750983343, 0.00282824621536, -0.000483395851916, 0.00230629649013, -0.00583352753893, 0.00373050197959, -0.00269939820282], [0.000410016567912, -0.000901743711438, 0.00456012040377, -0.00279226945713, 0.000404693069868, -0.00218167901039, 0.00268851546571, -0.00221127131954, 0.0024395303335, -0.00142586848233, 0.00129377678968, -0.0029750240501, 0.00192691525444], [-0.000566919043195, 0.00216856296174, -0.00279226945713, 0.00940028112382, -0.00486001186073, 0.00212675984949, -3.01363579638e-05, 0.00189319311175, -0.00401631835848, 0.00291743827984, -0.00419868668541, 0.00228478177451, -0.00505515094846], [0.000503924035002, -0.00385760702193, 0.000404693069868, -0.00486001186073, 0.0130943451077, -0.00282419053838, -0.00194725918118, -0.000275254889857, 0.00153936713468, -0.00433112308383, 0.0053265937604, -0.00313272909261, 8.83577740751e-05], [-0.000599494436756, 0.00455490639433, -0.00218167901039, 0.00212675984949, -0.00282419053838, 0.0102599048987, -0.00713933166116, 0.000460156588815, 0.00285340705886, -0.000357591197826, -0.00641823047772, 0.00335597852245, -0.00333043467253], [0.000493118946906, -0.00399750983343, 0.00268851546571, -3.01363579638e-05, -0.00194725918118, -0.00713933166116, 0.0173475556076, -0.0051540536806, -0.0033972163219, 0.00492975628003, 0.000452889158623, -0.00095962965861, 0.00547370733693], [-0.000377804448362, 0.00282824621536, -0.00221127131954, 0.00189319311175, -0.000275254889857, 0.000460156588815, -0.0051540536806, 0.0181531365961, -0.0068161371164, -0.00641281623393, 0.00235034828074, -0.000871710071806, -0.00256548123434], [0.000371219939552, -0.000483395851916, 0.0024395303335, -0.00401631835848, 0.00153936713468, 0.00285340705886, -0.0033972163219, -0.0068161371164, 0.019055865705, -0.00622121756896, -0.00030602174229, 0.00855157058686, -0.00386329041794], [-0.000594537123106, 0.00230629649013, -0.00142586848233, 0.00291743827984, -0.00433112308383, -0.000357591197826, 0.00492975628003, -0.00641281623393, -0.00622121756896, 0.0269939862192, -0.0143186533824, 0.000554163591005, 0.0029962984845], [0.00102025980595, -0.00583352753893, 0.00129377678968, -0.00419868668541, 0.0053265937604, -0.00641823047772, 0.000452889158623, 0.00235034828074, -0.00030602174229, -0.0143186533824, 0.0356219746172, -0.0173772238195, 0.00469494331628], [-0.000871533062309, 0.00373050197959, -0.0029750240501, 0.00228478177451, -0.00313272909261, 0.00335597852245, -0.00095962965861, -0.000871710071806, 0.00855157058686, 0.000554163591005, -0.0173772238195, 0.0351148508489, -0.0140372924507], [0.000706759514287, -0.00269939820282, 0.00192691525444, -0.00505515094846, 8.83577740751e-05, -0.00333043467253, 0.00547370733693, -0.00256548123434, -0.00386329041794, 0.0029962984845, 0.00469494331628, -0.0140372924507, 0.0297701880336]]
    },
    "melbands": {
        "dmean": [0.00250288029201, 0.00304816639982, 0.00110598222818, 0.0005770631833, 0.000240990324528, 0.000108100808575, 9.19169178815e-05, 7.93448998593e-05, 7.73463179939e-05, 5.78862927796e-05, 5.09162637172e-05, 3.23961721733e-05, 2.01574257517e-05, 2.30105870287e-05, 2.27559849009e-05, 2.81591183011e-05, 3.19599239447e-05, 3.49431757058e-05, 2.56296571024e-05, 1.82861494977e-05, 2.09852769331e-05, 3.43173232977e-05, 2.52695990639e-05, 1.89661495824e-05, 1.26950844788e-05, 1.37118358907e-05, 1.40399297379e-05, 1.01818695839e-05, 8.83964639797e-06, 7.61801175031e-06, 6.35314154351e-06, 5.2597629292e-06, 3.80022720492e-06, 3.23429480886e-06, 3.53550922227e-06, 2.37462063524e-06, 1.48579192683e-06, 1.01309342426e-06, 8.51142885949e-07, 5.93077118083e-07],
        "dmean2": [0.00441695330665, 0.00544603448361, 0.00198914879002, 0.00101479305886, 0.000400038261432, 0.000175337656401, 0.000148560371599, 0.000130562009872, 0.000123421195894, 9.19660815271e-05, 8.03484217613e-05, 5.0607995945e-05, 3.26514964399e-05, 3.7098001485e-05, 3.70223460777e-05, 4.26200713264e-05, 5.09684396093e-05, 5.67494425923e-05, 4.14020978496e-05, 3.03004981106e-05, 3.45457774529e-05, 5.82538195886e-05, 4.25756006734e-05, 3.23130079778e-05, 2.16187509068e-05, 2.34552480833e-05, 2.38366847043e-05, 1.73466269189e-05, 1.51369740706e-05, 1.29550626298e-05, 1.06804118332e-05, 8.6693889898e-06, 6.20045420874e-06, 5.08469383931e-06, 5.59433465241e-06, 3.657069783e-06, 2.35453876485e-06, 1.55249495037e-06, 1.23492429793e-06, 8.79687434008e-07],
        "dvar": [3.64351726603e-05, 5.0653838116e-05, 5.37672167411e-06, 1.22013420878e-06, 1.02568861848e-07, 2.93140924867e-08, 3.23145563641e-08, 2.56620200645e-08, 3.39721424325e-08, 1.61632804918e-08, 1.38969014074e-08, 8.78412276251e-09, 2.25468843595e-09, 2.71598787904e-09, 3.29677796174e-09, 4.70872718594e-09, 5.49400169803e-09, 4.94836172038e-09, 2.51973042431e-09, 8.58963622452e-10, 8.42878378204e-10, 1.53612322862e-09, 1.10849085466e-09, 5.0890608394e-10, 2.37402264514e-10, 2.92000312818e-10, 3.34586386375e-10, 2.54299192814e-10, 2.21285156865e-10, 2.00376853998e-10, 1.21656254515e-10, 1.4808866633e-10, 7.05744768181e-11, 1.22460111496e-10, 3.13638448546e-10, 8.52782289229e-11, 5.53781222268e-11, 1.60500276264e-11, 1.23643786182e-11, 4.42256474498e-12],
        "dvar2": [9.87512321444e-05, 0.000141451862874, 1.54450226546e-05, 3.42301791534e-06, 2.65660872856e-07, 7.63479803823e-08, 7.61642553471e-08, 6.13821100615e-08, 7.63962404449e-08, 3.84921214902e-08, 3.25727818051e-08, 2.10318873428e-08, 5.72722846925e-09, 6.02283467543e-09, 8.04280553268e-09, 8.93503582233e-09, 1.42869973629e-08, 1.23025785115e-08, 5.181366447e-09, 2.13480388922e-09, 1.93600713239e-09, 4.26126733899e-09, 2.80741252467e-09, 1.43370559869e-09, 6.60784593709e-10, 8.18268008906e-10, 8.83137951657e-10, 7.0385380857e-10, 5.82045855957e-10, 5.56719337297e-10, 3.14390513623e-10, 3.43221895349e-10, 1.62919358559e-10, 2.72427552739e-10, 8.25621182532e-10, 1.95561622451e-10, 1.5023947364e-10, 3.3374886188e-11, 2.22752372103e-11, 8.49199616876e-12],
        "max": [0.0415001809597, 0.049861099571, 0.019488170743, 0.0120360068977, 0.0039470824413, 0.00249736336991, 0.00265970220789, 0.00335844838992, 0.00307435146533, 0.00186868500896, 0.00234511005692, 0.00216254894622, 0.000820683024358, 0.00109570892528, 0.00100939848926, 0.00112637260463, 0.00137976219412, 0.00101728108712, 0.00141368398909, 0.000547710398678, 0.00065995316254, 0.000558232713956, 0.000452007661806, 0.000333055708325, 0.000216049462324, 0.00018173501303, 0.000214891959331, 0.000206731041544, 0.000171185965883, 0.00024083754397, 0.000181542374776, 0.000340941420291, 0.000207162418519, 0.000384760787711, 0.000525063718669, 0.000253716803854, 0.000306363508571, 0.000116318144137, 0.000110343920824, 6.3569372287e-05],
        "mean": [0.00239659845829, 0.00329325185157, 0.00135598448105, 0.000788296863902, 0.000444443401648, 0.000204581403523, 0.000164291152032, 0.000124354832224, 0.000126167869894, 0.000100102763099, 8.21709691081e-05, 5.39027278137e-05, 3.30681832565e-05, 4.03352823923e-05, 3.82647049264e-05, 4.87508623337e-05, 5.6349868828e-05, 6.16156467004e-05, 5.22852133145e-05, 3.57039352821e-05, 4.51682026323e-05, 7.23081830074e-05, 5.49821306777e-05, 4.26937003795e-05, 2.90473581117e-05, 3.0103190511e-05, 3.07210138999e-05, 2.00912509172e-05, 1.69767208718e-05, 1.56882852025e-05, 1.27767380036e-05, 9.7489946711e-06, 7.30203373678e-06, 5.76545835429e-06, 6.1992332121e-06, 4.641176929e-06, 2.76730111182e-06, 2.07939319807e-06, 1.71632666479e-06, 1.14655892958e-06],
        "median": [0.00083031563554, 0.00159667700063, 0.000810075551271, 0.000523299328052, 0.000301964289974, 0.000134812609758, 8.40298671392e-05, 5.5504260672e-05, 5.91655443714e-05, 3.49701440427e-05, 2.93908742606e-05, 1.99894111574e-05, 1.32486311486e-05, 1.56958012667e-05, 1.46914126162e-05, 1.61915140779e-05, 1.83859101526e-05, 3.29238464474e-05, 3.43811807397e-05, 2.51228721027e-05, 3.54729490937e-05, 6.31056682323e-05, 4.69122096547e-05, 3.84285885957e-05, 2.64858463197e-05, 2.69138927251e-05, 2.64835452981e-05, 1.63433014677e-05, 1.25735632537e-05, 1.1650234228e-05, 9.29581528908e-06, 5.94656785324e-06, 4.39882342107e-06, 2.61435457105e-06, 2.75307252195e-06, 2.03351032724e-06, 1.09478310151e-06, 7.98884912001e-07, 6.78711899127e-07, 4.86549083689e-07],
        "min": [8.9739262522e-24, 1.02336929416e-23, 2.3101646459e-23, 1.75068350822e-23, 5.5612737443e-24, 3.74571549853e-24, 5.17004803912e-24, 1.33966409963e-23, 8.30354199975e-24, 4.89590743607e-24, 9.07324778447e-24, 3.42040424958e-24, 1.06287497498e-23, 1.15188522747e-23, 4.10942967965e-24, 1.02583495781e-23, 9.33268599239e-24, 1.47916279112e-23, 8.64715561057e-24, 4.34481354642e-24, 7.35580766366e-24, 1.22234943897e-23, 1.03860685252e-23, 9.92510317728e-24, 1.79419265813e-23, 1.24728840874e-23, 2.00703285238e-23, 1.01248325033e-23, 1.01559996088e-23, 1.03347199912e-23, 1.04160207849e-23, 7.98305542409e-24, 1.10398243786e-23, 6.86018528957e-24, 8.42891487455e-24, 1.15521011842e-23, 8.99108949891e-24, 1.10844005418e-23, 7.05486275034e-24, 8.46748149535e-24],
        "var": [2.70043947239e-05, 3.6175664718e-05, 3.74469664166e-06, 1.05537912987e-06, 2.21836174319e-07, 5.50481438211e-08, 7.172322114e-08, 5.36370379223e-08, 5.02168759908e-08, 3.50703786012e-08, 2.8238495986e-08, 1.63870925718e-08, 4.58132509706e-09, 6.1494551673e-09, 5.40260369775e-09, 1.0623372404e-08, 1.2647648262e-08, 9.99235894028e-09, 6.30223340181e-09, 2.08738870633e-09, 2.67808508703e-09, 3.25491478215e-09, 2.14056439241e-09, 9.22763032651e-10, 4.04518696318e-10, 5.19108978025e-10, 6.38868236091e-10, 3.60011881417e-10, 3.02103453365e-10, 2.84782614157e-10, 2.14612425053e-10, 2.45559489409e-10, 1.26896645969e-10, 1.99030097958e-10, 3.35968280973e-10, 1.66148969583e-10, 1.03328678946e-10, 5.05214863e-11, 3.76273179281e-11, 1.2507301618e-11]
    },
    "mfcc": {
        "mean": [-618.986877441, 90.4264297485, -7.52553939819, 50.9155235291, 11.2663812637, 6.13824796677, -3.08940219879, 4.68822574615, 3.04340839386, 1.7925747633, -0.374471306801, -1.05283606052, -5.36029243469],
        "cov": [[14007.53125, -334.212982178, 328.389190674, 81.5989990234, 9.9464263916, 590.123840332, 137.901901245, 162.013702393, -218.349990845, 123.71572876, -46.6610565186, 201.802612305, 103.17993927], [-334.212982178, 954.665466309, -294.629241943, 196.166137695, -42.4938087463, -108.445503235, -14.8945569992, -52.5197181702, 7.17354536057, -71.470664978, 12.1128568649, -39.4615859985, -46.8021621704], [328.389190674, -294.629241943, 418.208679199, -35.8690986633, 99.3818435669, 70.7404251099, 43.4223060608, 16.4934444427, -42.8498687744, -10.1701126099, -33.1445388794, 61.3588867188, 56.1325569153], [81.5989990234, 196.166137695, -35.8690986633, 290.523803711, 66.5261383057, -42.415512085, -52.0412712097, -26.0833740234, 29.9654750824, -26.8034687042, -5.48294401169, -14.6290578842, 5.4107875824], [9.9464263916, -42.4938087463, 99.3818435669, 66.5261383057, 127.696182251, 32.0970077515, 7.0904750824, -5.04876565933, 2.13365602493, -0.385149389505, -14.509344101, 11.4524888992, 19.6857833862], [590.123840332, -108.445503235, 70.7404251099, -42.415512085, 32.0970077515, 168.493331909, 83.8831939697, 45.7892990112, -29.3885993958, 18.4443378448, 1.01091265678, 24.0342788696, 25.4713993073], [137.901901245, -14.8945569992, 43.4223060608, -52.0412712097, 7.0904750824, 83.8831939697, 114.822357178, 45.3468666077, -15.6576480865, -0.507110655308, 4.59740686417, 25.4453392029, 22.0118236542], [162.013702393, -52.5197181702, 16.4934444427, -26.0833740234, -5.04876565933, 45.7892990112, 45.3468666077, 78.4415206909, 21.1023292542, 27.697353363, 4.94116640091, 10.822514534, 9.12790393829], [-218.349990845, 7.17354536057, -42.8498687744, 29.9654750824, 2.13365602493, -29.3885993958, -15.6576480865, 21.1023292542, 89.8261871338, 45.4036064148, 20.6624927521, -15.1902313232, -12.2913761139], [123.71572876, -71.470664978, -10.1701126099, -26.8034687042, -0.385149389505, 18.4443378448, -0.507110655308, 27.697353363, 45.4036064148, 99.3788757324, 40.3186531067, 7.04120445251, -5.02279567719], [-46.6610565186, 12.1128568649, -33.1445388794, -5.48294401169, -14.509344101, 1.01091265678, 4.59740686417, 4.94116640091, 20.6624927521, 40.3186531067, 67.9952087402, 23.0548171997, 3.09824848175], [201.802612305, -39.4615859985, 61.3588867188, -14.6290578842, 11.4524888992, 24.0342788696, 25.4453392029, 10.822514534, -15.1902313232, 7.04120445251, 23.0548171997, 69.8115539551, 39.9836959839], [103.17993927, -46.8021621704, 56.1325569153, 5.4107875824, 19.6857833862, 25.4713993073, 22.0118236542, 9.12790393829, -12.2913761139, -5.02279567719, 3.09824848175, 39.9836959839, 61.2821998596]],
