{
"lowlevel": {
    "average_loudness": 0.978526711464,
    "barkbands_crest": {
        "dmean": 2.57847690582,
        "dmean2": 4.34995222092,
        "dvar": 6.31042194366,
        "dvar2": 17.6687812805,
        "max": 23.5139484406,
        "mean": 10.0169830322,
        "median": 9.55679035187,
        "min": 2.69990253448,
        "var": 14.0735282898
    },
    "barkbands_flatness_db": {
        "dmean": 0.0217787474394,
        "dmean2": 0.035255484283,
        "dvar": 0.000507025630213,
        "dvar2": 0.00126636796631,
        "max": 0.534205377102,
        "mean": 0.146473944187,
        "median": 0.110872276127,
        "min": 0.0314647369087,
        "var": 0.0101470593363
    },
    "barkbands_kurtosis": {
        "dmean": 4.04234027863,
        "dmean2": 6.45519781113,
        "dvar": 78.4883804321,
        "dvar2": 183.875793457,
        "max": 218.451248169,
        "mean": 7.81149053574,
        "median": 0.813087701797,
        "min": -1.88779842854,
        "var": 396.716003418
    },
    "barkbands_skewness": {
        "dmean": 0.613630831242,
        "dmean2": 0.989759981632,
        "dvar": 0.458617448807,
        "dvar2": 1.14732527733,
        "max": 12.2139101028,
        "mean": 1.86240518093,
        "median": 1.46432745457,
        "min": -1.52336359024,
        "var": 2.51882839203
    },
    "barkbands_spread": {
        "dmean": 6.37706899643,
        "dmean2": 10.0342178345,
        "dvar": 55.6706237793,
        "dvar2": 128.736373901,
        "max": 95.2428665161,
        "mean": 30.8900775909,
        "median": 31.1348571777,
        "min": 0.436276257038,
        "var": 320.923583984
    },
    "dissonance": {
        "dmean": 0.0099402628839,
        "dmean2": 0.0165090430528,
        "dvar": 0.000181920462637,
        "dvar2": 0.000512251921464,
        "max": 0.500000059605,
        "mean": 0.48228225112,
        "median": 0.487475454807,
        "min": 0.330541461706,
        "var": 0.000325278349919
    },
    "dynamic_complexity": 3.61302804947,
    "erbbands_crest": {
        "dmean": 1.91114151478,
        "dmean2": 3.17847776413,
        "dvar": 3.23009395599,
        "dvar2": 8.46686458588,
        "max": 25.2146129608,
        "mean": 7.6858830452,
        "median": 6.76458406448,
        "min": 2.0986905098,
        "var": 12.2456150055
    },
    "erbbands_flatness_db": {
        "dmean": 0.0126228239387,
        "dmean2": 0.0198510307819,
        "dvar": 0.000146713195136,
        "dvar2": 0.000350407208316,
        "max": 0.388380408287,
        "mean": 0.144468992949,
        "median": 0.126723214984,
        "min": 0.0576754920185,
        "var": 0.0029962786939
    },
    "erbbands_kurtosis": {
        "dmean": 1.2090369463,
        "dmean2": 1.97883927822,
        "dvar": 5.08866930008,
        "dvar2": 12.5474863052,
        "max": 60.9449691772,
        "mean": 1.14076709747,
        "median": 0.244372844696,
        "min": -1.86163985729,
        "var": 16.2461032867
    },
    "erbbands_skewness": {
        "dmean": 0.332230389118,
        "dmean2": 0.518477380276,
        "dvar": 0.136229515076,
        "dvar2": 0.309502094984,
        "max": 6.30676317215,
        "mean": -0.384217828512,
        "median": -0.726401686668,
        "min": -2.56390190125,
        "var": 1.43036580086
    },
    "erbbands_spread": {
        "dmean": 9.1057806015,
        "dmean2": 14.7934780121,
        "dvar": 83.1371078491,
        "dvar2": 207.871459961,
        "max": 111.043731689,
        "mean": 43.1787834167,
        "median": 42.5378646851,
        "min": 2.19614243507,
        "var": 253.390380859
    },
    "hfc": {
        "dmean": 7.37749290466,
        "dmean2": 11.6799259186,
        "dvar": 155.942504883,
        "dvar2": 382.999328613,
        "max": 142.660598755,
        "mean": 24.5766506195,
        "median": 21.6179332733,
        "min": 1.17354945769e-16,
        "var": 366.265960693
    },
    "melbands_crest": {
        "dmean": 3.05729532242,
        "dmean2": 5.04399967194,
        "dvar": 7.46719360352,
        "dvar2": 20.2126502991,
        "max": 30.334903717,
        "mean": 16.4719429016,
        "median": 16.287902832,
        "min": 2.65989136696,
        "var": 20.8735618591
    },
    "melbands_flatness_db": {
        "dmean": 0.0282141417265,
        "dmean2": 0.0448993332684,
        "dvar": 0.000827192154247,
        "dvar2": 0.00202133040875,
        "max": 0.691301763058,
        "mean": 0.226952373981,
        "median": 0.187080577016,
        "min": 0.010267986916,
        "var": 0.0164381172508
    },
    "melbands_kurtosis": {
        "dmean": 11.0272274017,
        "dmean2": 18.1587238312,
        "dvar": 320.626678467,
        "dvar2": 796.731750488,
        "max": 310.926513672,
        "mean": 24.6074905396,
        "median": 11.8489179611,
        "min": -1.54099428654,
        "var": 1436.73986816
    },
    "melbands_skewness": {
        "dmean": 0.951825380325,
        "dmean2": 1.55910050869,
        "dvar": 1.09577894211,
        "dvar2": 2.78652763367,
        "max": 14.2266902924,
        "mean": 3.67285466194,
        "median": 3.20554089546,
        "min": -0.0761465057731,
        "var": 3.86214876175
    },
    "melbands_spread": {
        "dmean": 8.63180828094,
        "dmean2": 13.7764091492,
        "dvar": 126.84728241,
        "dvar2": 302.347595215,
        "max": 142.159576416,
        "mean": 25.9554710388,
        "median": 23.39985466,
        "min": 0.45626282692,
        "var": 397.177581787
    },
    "pitch_salience": {
        "dmean": 0.0756054669619,
        "dmean2": 0.126256197691,
        "dvar": 0.00486820936203,
        "dvar2": 0.0138599909842,
        "max": 0.819720804691,
        "mean": 0.544286310673,
        "median": 0.545982122421,
        "min": 0.196134895086,
        "var": 0.0110876793042
    },
    "silence_rate_20dB": {
        "dmean": 0,
        "dmean2": 0,
        "dvar": 0,
        "dvar2": 0,
        "max": 1,
        "mean": 1,
        "median": 1,
        "min": 1,
        "var": 0
    },
    "silence_rate_30dB": {
        "dmean": 0,
        "dmean2": 0,
        "dvar": 0,
        "dvar2": 0,
        "max": 1,
        "mean": 1,
        "median": 1,
        "min": 1,
        "var": 0
    },
    "silence_rate_60dB": {
        "dmean": 0.000386996893212,
        "dmean2": 0.000774293439463,
        "dvar": 0.000386874045944,
        "dvar2": 0.000773690699134,
        "max": 1,
        "mean": 0.0731141194701,
        "median": 0,
        "min": 0,
        "var": 0.0677636116743
    },
    "spectral_centroid": {
        "dmean": 240.255783081,
        "dmean2": 377.431884766,
        "dvar": 99602.703125,
        "dvar2": 183211.984375,
        "max": 10988.4326172,
        "mean": 1773.49499512,
        "median": 1883.10241699,
        "min": 133.180114746,
        "var": 654049.625
    },
    "spectral_complexity": {
        "dmean": 4.25774002075,
        "dmean2": 6.54781246185,
        "dvar": 22.3267593384,
        "dvar2": 45.6313476562,
        "max": 59,
        "mean": 26.897485733,
        "median": 29,
        "min": 0,
        "var": 195.930786133
    },
    "spectral_decrease": {
        "dmean": 3.34234262489e-09,
        "dmean2": 5.66007285485e-09,
        "dvar": 2.62596525651e-17,
        "dvar2": 7.07240217826e-17,
        "max": -7.52908126502e-29,
        "mean": -7.952535519e-09,
        "median": -7.26148430275e-09,
        "min": -3.62138088406e-08,
        "var": 2.76145793715e-17
    },
    "spectral_energy": {
        "dmean": 0.0130430599675,
        "dmean2": 0.0220514349639,
        "dvar": 0.00039809991722,
        "dvar2": 0.00107122107875,
        "max": 0.139962211251,
        "mean": 0.0322438888252,
        "median": 0.0297669637948,
        "min": 1.09285939308e-20,
        "var": 0.000425336475018
    },
    "spectral_energyband_high": {
        "dmean": 0.000543525733519,
        "dmean2": 0.000823720125481,
        "dvar": 1.34600634283e-06,
        "dvar2": 2.719934173e-06,
        "max": 0.0184957366437,
        "mean": 0.00138330296613,
        "median": 0.0007111846935,
        "min": 7.79083695004e-21,
        "var": 3.68024848285e-06
    },
    "spectral_energyband_low": {
        "dmean": 0.00955033488572,
        "dmean2": 0.0162503290921,
        "dvar": 0.000264130037976,
        "dvar2": 0.000722659111489,
        "max": 0.125769123435,
        "mean": 0.0189015846699,
        "median": 0.0155279748142,
        "min": 2.77969938985e-23,
        "var": 0.00027610376128
    },
    "spectral_energyband_middle_high": {
        "dmean": 0.00168214878067,
        "dmean2": 0.00275097927079,
        "dvar": 6.6138954935e-06,
        "dvar2": 1.76574340003e-05,
        "max": 0.0280791260302,
        "mean": 0.00532124564052,
        "median": 0.00476199993864,
        "min": 1.86537972496e-21,
        "var": 1.69485356309e-05
    },
    "spectral_energyband_middle_low": {
        "dmean": 0.00481126271188,
        "dmean2": 0.00825416762382,
        "dvar": 9.83246063697e-05,
        "dvar2": 0.000267287192401,
        "max": 0.0835250392556,
        "mean": 0.00854303687811,
        "median": 0.00664359796792,
        "min": 2.90909889471e-22,
        "var": 8.42738663778e-05
    },
    "spectral_entropy": {
        "dmean": 0.121365442872,
        "dmean2": 0.186358645558,
        "dvar": 0.0275596939027,
        "dvar2": 0.0597994253039,
        "max": 9.79521274567,
        "mean": 7.58907175064,
        "median": 7.82009553909,
        "min": 4.22963476181,
        "var": 0.552478969097
    },
    "spectral_flux": {
        "dmean": 0.0286829397082,
        "dmean2": 0.0447166599333,
        "dvar": 0.00146321661305,
        "dvar2": 0.00286027020775,
        "max": 0.312319219112,
        "mean": 0.0876161903143,
        "median": 0.0764240771532,
        "min": 1.04539918389e-10,
        "var": 0.00302013452165
    },
    "spectral_kurtosis": {
        "dmean": 2.48157811165,
        "dmean2": 4.10346364975,
        "dvar": 34.9751701355,
        "dvar2": 82.7170028687,
        "max": 117.506881714,
        "mean": 6.83463573456,
        "median": 4.16290378571,
        "min": -1.19998455048,
        "var": 122.483146667
    },
    "spectral_rms": {
        "dmean": 0.00100179447327,
        "dmean2": 0.00164567283355,
        "dvar": 1.76223977633e-06,
        "dvar2": 4.58676458948e-06,
        "max": 0.0116853965446,
        "mean": 0.00524917757139,
        "median": 0.00538896489888,
        "min": 3.26527845561e-12,
        "var": 3.90363265979e-06
    },
    "spectral_rolloff": {
        "dmean": 595.338500977,
        "dmean2": 970.478637695,
        "dvar": 792229.125,
        "dvar2": 1667910.25,
        "max": 18604.6875,
        "mean": 1719.51379395,
        "median": 1701.12304688,
        "min": 86.1328125,
        "var": 2202789
    },
    "spectral_skewness": {
        "dmean": 0.268624275923,
        "dmean2": 0.441582918167,
        "dvar": 0.195156335831,
        "dvar2": 0.455736100674,
        "max": 8.73540687561,
        "mean": 1.53928828239,
        "median": 1.33523023129,
        "min": 0.0279090236872,
        "var": 0.901145815849
    },
    "spectral_spread": {
        "dmean": 380890.21875,
        "dmean2": 580118.4375,
        "dvar": 511079776256,
        "dvar2": 614849052672,
        "max": 40553800,
        "mean": 4034007,
        "median": 4050907.5,
        "min": 573231.875,
        "var": 1.81431749837e+12
    },
    "spectral_strongpeak": {
        "dmean": 0.235412552953,
        "dmean2": 0.415382623672,
        "dvar": 0.232258751988,
        "dvar2": 0.652210116386,
        "max": 8.16120433807,
        "mean": 0.414282023907,
        "median": 0.346517413855,
        "min": 0,
        "var": 0.188464358449
    },
    "zerocrossingrate": {
        "dmean": 0.00958894472569,
        "dmean2": 0.0114505076781,
        "dvar": 0.00015544888447,
        "dvar2": 0.000164411423611,
        "max": 0.47314453125,
        "mean": 0.0623704195023,
        "median": 0.06005859375,
        "min": 0.0029296875,
        "var": 0.00132505060174
    },
    "barkbands": {
        "dmean": [0.000215097548789, 0.00615916913375, 0.00410760520026, 0.00197657733224, 0.00267765368335, 0.000519536260981, 0.000323105603456, 0.000301299209241, 0.00029221517616, 0.000265867536655, 0.000172532949364, 0.000234959763475, 0.000194650798221, 0.000187482670299, 0.000259698281297, 0.000220585032366, 0.000535230035894, 0.000407079060096, 0.00031849113293, 0.000251887831837, 0.000209754376556, 0.00013185122225, 0.000123628022266, 5.24696770299e-05, 3.22790619975e-05, 2.27560303756e-05, 6.9969814831e-07],
        "dmean2": [0.000333117088303, 0.0105893481523, 0.00705581950024, 0.0033630982507, 0.00467801466584, 0.000817446853034, 0.000529843382537, 0.000467551464681, 0.000453420303529, 0.000437383627286, 0.000277602812275, 0.000363566447049, 0.000308240647428, 0.000312178948661, 0.000420947937528, 0.000364351901226, 0.000912708055694, 0.000692510220688, 0.000544022186659, 0.000423554156441, 0.000354012881871, 0.000205206568353, 0.00017810947611, 7.9077151895e-05, 4.70697123092e-05, 3.45073385688e-05, 1.14773183668e-06],
        "dvar": [1.21614206705e-07, 0.000134433823405, 4.78212896269e-05, 8.8667984528e-06, 5.25231662323e-05, 8.23051834686e-07, 4.74989292343e-07, 3.99012037633e-07, 4.25255876735e-07, 3.5018717881e-07, 1.93876928734e-07, 3.96277528125e-07, 1.84464013842e-07, 2.11466897326e-07, 1.69964621932e-07, 1.0684180296e-07, 5.83307155466e-07, 2.56597530779e-07, 2.42464778921e-07, 2.06903521871e-07, 1.45409657648e-07, 6.69908999384e-08, 2.2288082846e-07, 3.18929949117e-08, 4.35010205635e-09, 1.53159307459e-09, 2.06276163685e-12],
        "dvar2": [2.74529668332e-07, 0.000374147930415, 0.000135355454404, 2.39465280174e-05, 0.000146615027916, 1.99471583073e-06, 1.20830475225e-06, 8.94654931471e-07, 9.70565338321e-07, 9.75364969236e-07, 4.58697428485e-07, 9.29969303343e-07, 4.58790651692e-07, 4.80972119021e-07, 4.11506334785e-07, 2.77548934946e-07, 1.6472487232e-06, 6.91900481797e-07, 6.50774609312e-07, 5.57934242806e-07, 3.78289996661e-07, 1.42082498655e-07, 4.31872535955e-07, 6.91165524813e-08, 7.76455078011e-09, 3.29893090623e-09, 4.75029434191e-12],
        "max": [0.00512158824131, 0.103568561375, 0.0627739802003, 0.027928410098, 0.0643024221063, 0.0121994344518, 0.0117965284735, 0.0123467165977, 0.0121478410438, 0.0116833960637, 0.00919079687446, 0.0138839632273, 0.00632660835981, 0.00706740422174, 0.0063546365127, 0.00574084464461, 0.0140565792099, 0.00534766400233, 0.00484324526042, 0.00454426417127, 0.00398566899821, 0.00444564502686, 0.00973189249635, 0.00393028836697, 0.00189016479999, 0.000908776884899, 4.14491187257e-05],
        "mean": [0.00036130589433, 0.00898182671517, 0.00774530600756, 0.00293329218403, 0.00292854057625, 0.000955593481194, 0.000546047464013, 0.000509473960847, 0.000492559629492, 0.000406802835641, 0.000246763520408, 0.000365133833839, 0.00028880420723, 0.000288995186565, 0.000485802331241, 0.000432538799942, 0.00109592371155, 0.000900919141714, 0.000647391716484, 0.00045855686767, 0.000439177296357, 0.000264395377599, 0.000228950637393, 0.000109658183646, 7.6651085692e-05, 5.26619733137e-05, 8.40384416279e-07],
        "median": [0.000196346518351, 0.00567950308323, 0.00618935236707, 0.0021213486325, 0.00141986971721, 0.000491834245622, 0.000220062051085, 0.000193673462491, 0.000194246546016, 0.000172788015334, 8.78892315086e-05, 0.000137441471452, 0.000118055970233, 0.000112207177153, 0.000336390541634, 0.000322643725667, 0.000918475387152, 0.000780301168561, 0.00047466965043, 0.00028570156428, 0.000259659282165, 9.46980944718e-05, 5.34525970579e-05, 4.2120092985e-05, 4.35793372162e-05, 3.21444385918e-05, 2.92532433832e-07],
        "min": [6.1377377951e-24, 8.58986143188e-24, 9.99776121095e-24, 2.92966531892e-23, 2.20789230053e-23, 1.77998527322e-23, 6.70509870659e-23, 3.52853980363e-23, 1.14634401604e-22, 4.60083243675e-23, 1.66775658815e-22, 1.98553437323e-22, 2.12995726071e-22, 2.12319047497e-22, 1.46971678132e-22, 1.72678509331e-22, 1.10391478515e-22, 1.54158554388e-22, 2.33987453598e-22, 4.44421312859e-22, 5.0060179034e-22, 4.92127631926e-22, 5.04317135877e-22, 9.13346639675e-22, 1.33742493373e-21, 1.66868128459e-21, 2.38377094718e-21],
        "var": [2.64693653662e-07, 0.000122040299175, 5.59144318686e-05, 9.94233687379e-06, 3.70275192836e-05, 1.86870522612e-06, 8.56120266235e-07, 9.64120317803e-07, 9.24413143366e-07, 5.98069107127e-07, 3.54520636847e-07, 8.29209625408e-07, 3.18665200894e-07, 3.79522560934e-07, 3.19990334674e-07, 2.14660985876e-07, 9.8747489119e-07, 5.39602410754e-07, 4.16341862319e-07, 2.98294025924e-07, 2.66118377112e-07, 1.72975759938e-07, 4.94090954817e-07, 5.41429976408e-08, 1.1529607491e-08, 4.20889367803e-09, 3.35855041694e-12]
    },
    "erbbands": {
        "dmean": [0.152981057763, 1.52733039856, 4.43003559113, 5.7947640419, 10.2895345688, 6.9476351738, 3.63206958771, 4.36798620224, 4.12595558167, 6.04883003235, 6.32205343246, 5.96548271179, 9.08946990967, 6.83039045334, 7.10905599594, 9.22793674469, 8.92042636871, 9.30895042419, 12.8963003159, 11.5599069595, 14.6757011414, 27.8296699524, 20.2308578491, 16.8275527954, 15.5459041595, 11.1952381134, 9.99510765076, 7.48148441315, 4.7299747467, 4.05601930618, 3.34358143806, 1.60580396652, 0.665508985519, 0.356035739183, 0.279296636581, 0.133297994733, 0.0352681837976, 0.00394664378837, 8.04022711236e-05, 1.61516254593e-05],
        "dmean2": [0.263944894075, 2.64444923401, 7.63964033127, 9.8375749588, 17.8564662933, 12.4415683746, 6.1515994072, 6.73540639877, 6.77088832855, 9.63561820984, 9.99002838135, 9.31803798676, 14.6412496567, 11.3356666565, 11.2299766541, 14.5223426819, 14.0492191315, 15.1278381348, 20.9536457062, 18.9125385284, 24.4255027771, 47.2351417542, 34.3017196655, 28.3336200714, 26.7120075226, 18.7342319489, 17.0205783844, 12.3214092255, 7.49972248077, 5.86097240448, 4.88122749329, 2.41490125656, 0.999037802219, 0.513446867466, 0.427257448435, 0.205910071731, 0.0530970543623, 0.00596455624327, 0.000119427561003, 2.65738472081e-05],
        "dvar": [0.079700961709, 8.40028095245, 56.9707870483, 74.6549911499, 672.520812988, 341.299133301, 47.6320304871, 61.768371582, 85.1120147705, 219.799346924, 196.836349487, 180.338165283, 414.858947754, 268.520507812, 362.013580322, 537.027526855, 378.862731934, 589.878967285, 426.118286133, 304.965087891, 428.471252441, 1505.21484375, 658.746398926, 597.015563965, 704.304321289, 446.96005249, 341.309539795, 160.09588623, 82.5889968872, 156.678878784, 167.408493042, 40.4046669006, 4.24715948105, 0.708406448364, 0.256416589022, 0.0449828505516, 0.00467101298273, 8.75722325873e-05, 3.31461116332e-08, 5.54762069616e-10],
        "dvar2": [0.224754840136, 23.3502197266, 161.414215088, 205.181793213, 1846.48510742, 967.557189941, 131.136276245, 139.987838745, 221.674865723, 534.245544434, 442.994232178, 412.115325928, 1084.75854492, 711.882080078, 825.418334961, 1339.57214355, 959.252929688, 1279.4387207, 1022.95391846, 775.910095215, 1147.10119629, 4227.78271484, 1784.11804199, 1568.88146973, 1933.23657227, 1210.02453613, 912.493835449, 399.155883789, 181.465881348, 281.694793701, 324.877624512, 83.5247802734, 9.63938808441, 1.26060271263, 0.538137793541, 0.0995179191232, 0.00971383508295, 0.000196315173525, 7.30401694682e-08, 1.4488269473e-09],
        "max": [2.21225667, 25.4443798065, 69.4291915894, 84.6083602905, 225.741714478, 162.858612061, 85.7400131226, 153.527664185, 190.573059082, 280.946380615, 302.03717041, 269.132507324, 304.661834717, 265.515380859, 432.16104126, 378.239379883, 275.85244751, 432.943145752, 357.831787109, 198.797088623, 395.467773438, 652.423217773, 313.595245361, 285.507843018, 370.038452148, 240.314956665, 228.517440796, 136.979446411, 139.243713379, 240.505310059, 252.216430664, 147.773300171, 62.636177063, 26.850769043, 11.3913726807, 3.25236654282, 1.96625876427, 0.267179131508, 0.00523526221514, 0.000204192721867],
        "mean": [0.2006688416, 2.26033258438, 8.38438224792, 10.3412818909, 11.4356536865, 7.80891275406, 5.8012676239, 7.92600393295, 7.62409257889, 10.6004667282, 10.8224391937, 10.4345169067, 14.7318124771, 10.782538414, 11.4583978653, 14.6879138947, 14.5878038406, 15.5840835571, 23.9200935364, 22.2853565216, 32.59349823, 59.8049430847, 47.5547828674, 38.2000961304, 31.4555873871, 21.0097427368, 19.6804122925, 15.2769565582, 9.60817337036, 8.03231906891, 6.13415813446, 3.12156915665, 1.43698108196, 0.828282237053, 0.587540507317, 0.297615021467, 0.081677287817, 0.0081979194656, 0.000187781697605, 4.70102240797e-05],
        "median": [0.121610432863, 1.43655800819, 6.85008001328, 8.24330997467, 5.7544169426, 3.8132045269, 2.94604110718, 3.74130702019, 3.79689383507, 3.90406537056, 4.58982610703, 4.34951543808, 6.60764312744, 4.44567871094, 4.24440097809, 5.95087146759, 6.38710975647, 6.13505363464, 15.1730613708, 15.4654607773, 26.8378238678, 50.9962654114, 42.1240882874, 31.4608097076, 21.7902622223, 12.9339265823, 12.1755008698, 8.42381572723, 3.43896985054, 2.08593773842, 1.52020037174, 1.02158617973, 0.607916355133, 0.433902412653, 0.332251787186, 0.180069595575, 0.0491073802114, 0.00501675531268, 0.000124644837342, 4.28118073614e-05],
        "min": [4.25890124537e-22, 1.55523707845e-21, 1.04009181312e-20, 3.93153032098e-20, 1.40210874915e-19, 3.60188850712e-20, 8.32508689674e-20, 1.92673680817e-19, 5.07469463838e-19, 9.75132928649e-19, 1.15998846021e-18, 3.30357035577e-18, 1.21692381876e-18, 2.91887636342e-18, 8.79509629746e-18, 7.16696910548e-18, 9.6529032722e-18, 1.31674869886e-17, 8.61729713352e-18, 5.80955000385e-18, 1.03007370659e-17, 6.13136213962e-18, 8.48625187215e-18, 8.63245852696e-18, 1.90388356561e-17, 2.03873915174e-17, 1.33728213408e-17, 2.70268212242e-17, 1.53110585444e-17, 1.39931795033e-17, 1.78233731552e-17, 1.80413319379e-17, 1.46119718128e-17, 1.36897812351e-17, 9.31053073512e-18, 6.62976575565e-18, 3.10432053738e-18, 1.17287427979e-18, 3.42536913375e-19, 3.51032866059e-20],
        "var": [0.0709966123104, 7.41841173172, 61.817527771, 90.4016647339, 488.256195068, 235.336853027, 74.3318939209, 146.437759399, 145.13710022, 515.360717773, 383.964874268, 392.284576416, 779.751037598, 506.756469727, 707.963562012, 947.305053711, 717.871398926, 1144.68908691, 857.300842285, 606.805969238, 856.84979248, 2795.70507812, 1412.96716309, 1123.625, 1178.74536133, 644.309570312, 540.900024414, 335.313964844, 211.099349976, 406.256469727, 360.051147461, 66.6791000366, 7.45000171661, 1.76119422913, 0.598365366459, 0.12290354073, 0.0120511613786, 0.000169418461155, 6.92904720268e-08, 8.00080723895e-10]
    },
    "gfcc": {
        "mean": [-14.3409290314, 88.4293670654, -105.345100403, 57.9949531555, -32.3497238159, 11.1190700531, -35.0192832947, 17.1714382172, -26.2255535126, 1.4854029417, -21.7995967865, 1.26052927971, -16.9196033478],
        "cov": [[23964.4042969, -4470.98779297, -2629.50146484, 983.60546875, -1407.49865723, 287.972900391, -157.26083374, 1239.34545898, -273.75604248, 747.871643066, -1173.43212891, 437.28414917, -151.96937561], [-4470.98779297, 2257.33349609, 386.074554443, -417.719146729, 933.116271973, -299.172607422, 295.750549316, -276.123657227, 198.154144287, -387.980651855, 379.674224854, -275.309326172, -24.7957572937], [-2629.50146484, 386.074554443, 601.555175781, -39.7374725342, 185.222808838, 31.0587215424, 4.21136665344, -124.105865479, 41.656414032, -75.5383758545, 114.317939758, -35.7089347839, 7.43089294434], [983.60546875, -417.719146729, -39.7374725342, 266.842956543, -94.0203094482, 25.3390483856, -40.3332061768, 40.2053031921, -19.5503692627, 52.6008987427, -71.5268249512, 37.5057983398, 21.7935085297], [-1407.49865723, 933.116271973, 185.222808838, -94.0203094482, 701.701721191, -128.059967041, 196.935745239, -37.3871955872, 120.489250183, -187.409057617, 123.419494629, -157.982971191, -31.8156661987], [287.972900391, -299.172607422, 31.0587215424, 25.3390483856, -128.059967041, 146.770446777, -8.45671653748, 33.7369537354, -23.4435806274, 43.2301979065, -34.3900337219, 33.6755828857, -8.8249206543], [-157.26083374, 295.750549316, 4.21136665344, -40.3332061768, 196.935745239, -8.45671653748, 161.654159546, 23.4390277863, 41.2346305847, -83.2079696655, 31.9138469696, -57.9933547974, -21.063501358], [1239.34545898, -276.123657227, -124.105865479, 40.2053031921, -37.3871955872, 33.7369537354, 23.4390277863, 160.64390564, 16.1602554321, 56.3504562378, -73.7292098999, 30.5349235535, -3.53309345245], [-273.75604248, 198.154144287, 41.656414032, -19.5503692627, 120.489250183, -23.4435806274, 41.2346305847, 16.1602554321, 87.0972976685, -22.4607563019, 37.4039726257, -35.3726501465, -15.5602035522], [747.871643066, -387.980651855, -75.5383758545, 52.6008987427, -187.409057617, 43.2301979065, -83.2079696655, 56.3504562378, -22.4607563019, 153.251800537, -46.2304191589, 61.1563529968, 6.57518005371], [-1173.43212891, 379.674224854, 114.317939758, -71.5268249512, 123.419494629, -34.3900337219, 31.9138469696, -73.7292098999, 37.4039726257, -46.2304191589, 121.624336243, -22.6096763611, -2.34087538719], [437.28414917, -275.309326172, -35.7089347839, 37.5057983398, -157.982971191, 33.6755828857, -57.9933547974, 30.5349235535, -35.3726501465, 61.1563529968, -22.6096763611, 90.6135253906, 30.9820461273], [-151.96937561, -24.7957572937, 7.43089294434, 21.7935085297, -31.8156661987, -8.8249206543, -21.063501358, -3.53309345245, -15.5602035522, 6.57518005371, -2.34087538719, 30.9820461273, 53.3746681213]],
        "icov": [[0.000202416573302, -0.00013471028069, 0.000554174592253, -0.000458797701867, -2.50717603194e-05, -5.03135706822e-05, -2.91994256258e-05, -0.000522743735928, 6.40132057015e-05, -0.000103514154034, 0.00108613783959, -0.000868510978762, 0.00113772111945], [-0.00013471028069, 0.00585791748017, -0.000562295434065, 0.00442540924996, -0.00218303943984, 0.00420269696042, -0.0024562405888, 0.00303045217879, -0.00234800041653, 0.00266331550665, -0.00790109019727, 0.00558260176331, -0.00536559335887], [0.000554174592253, -0.000562295434065, 0.00433967635036, -0.00156878621783, -0.00102013081778, -0.00271860859357, 0.0014617004199, 7.25068894099e-05, -0.000892462441698, 0.000269047945039, 0.00194754090626, -0.00268640648574, 0.00222853198647], [-0.000458797701867, 0.00442540924996, -0.00156878621783, 0.00883224699646, -0.00182815035805, 0.00298843020573, -0.00191711366642, 0.00414712028578, -0.00298851914704, 0.0010525949765, -0.00391504401341, 0.00409326516092, -0.00726459687576], [-2.50717603194e-05, -0.00218303943984, -0.00102013081778, -0.00182815035805, 0.00527690444142, 0.00083495042054, -0.00121012842283, -0.00316445762292, 0.000225898460485, 0.000543909554835, 0.000359032710548, 0.00250772037543, 0.000958387914579], [-5.03135706822e-05, 0.00420269696042, -0.00271860859357, 0.00298843020573, 0.00083495042054, 0.0144970118999, -0.00574618531391, 0.000647729204502, 2.6510722364e-06, 0.000335331453243, -0.00371694401838, 0.00153796689119, 0.000540997250937], [-2.91994256258e-05, -0.0024562405888, 0.0014617004199, -0.00191711366642, -0.00121012842283, -0.00574618531391, 0.0165924932808, -0.00778187997639, 0.00221420568414, 0.00550093827769, -0.00253516738303, 0.0032593072392, 0.00168127811048], [-0.000522743735928, 0.00303045217879, 7.25068894099e-05, 0.00414712028578, -0.00316445762292, 0.000647729204502, -0.00778187997639, 0.0214914306998, -0.0106016565114, -0.00420861877501, 0.00676048686728, -0.00622521108016, -0.00387374055572], [6.40132057015e-05, -0.00234800041653, -0.000892462441698, -0.00298851914704, 0.000225898460485, 2.6510722364e-06, 0.00221420568414, -0.0106016565114, 0.0229030642658, -0.00137505494058, -0.00664351740852, 0.00566503312439, 0.0040096566081], [-0.000103514154034, 0.00266331550665, 0.000269047945039, 0.0010525949765, 0.000543909554835, 0.000335331453243, 0.00550093827769, -0.00420861877501, -0.00137505494058, 0.0159474685788, -0.00668862788007, 0.00127904501278, -0.000653974129818], [0.00108613783959, -0.00790109019727, 0.00194754090626, -0.00391504401341, 0.000359032710548, -0.00371694401838, -0.00253516738303, 0.00676048686728, -0.00664351740852, -0.00668862788007, 0.038295686245, -0.0217088349164, 0.0129637867212], [-0.000868510978762, 0.00558260176331, -0.00268640648574, 0.00409326516092, 0.00250772037543, 0.00153796689119, 0.0032593072392, -0.00622521108016, 0.00566503312439, 0.00127904501278, -0.0217088349164, 0.040761616081, -0.0216722264886], [0.00113772111945, -0.00536559335887, 0.00222853198647, -0.00726459687576, 0.000958387914579, 0.000540997250937, 0.00168127811048, -0.00387374055572, 0.0040096566081, -0.000653974129818, 0.0129637867212, -0.0216722264886, 0.0376039221883]]
    },
    "melbands": {
        "dmean": [0.00153207906988, 0.00215626787394, 0.0010806908831, 0.000693745911121, 0.000135117632453, 9.87558159977e-05, 6.30200011074e-05, 6.55664043734e-05, 5.13547602168e-05, 3.91983739974e-05, 4.60062728962e-05, 2.81946831819e-05, 2.42727892328e-05, 2.57182218775e-05, 2.2498126782e-05, 1.9414424969e-05, 1.79783673957e-05, 2.09289282793e-05, 1.72402651515e-05, 1.56406149472e-05, 2.08256278711e-05, 3.56665623258e-05, 2.21424179472e-05, 2.19654393732e-05, 1.41316304507e-05, 1.25819633467e-05, 1.08181120595e-05, 7.2128946158e-06, 6.88539012117e-06, 5.64262472835e-06, 4.21405593443e-06, 3.03052070194e-06, 2.40514191319e-06, 2.50239645538e-06, 2.22107860282e-06, 1.51374911184e-06, 8.37546622279e-07, 5.25225345882e-07, 3.4336801491e-07, 3.16037869652e-07],
        "dmean2": [0.00263445801102, 0.00373475486413, 0.00183846056461, 0.00121837109327, 0.000231565354625, 0.000152938373503, 0.000102789781522, 0.000103444785054, 8.14589729998e-05, 6.10116840107e-05, 7.39260649425e-05, 4.69775695819e-05, 3.89763772546e-05, 3.91717039747e-05, 3.62041537301e-05, 3.06583096972e-05, 2.94351066259e-05, 3.4281751141e-05, 2.82116834569e-05, 2.59205553448e-05, 3.50440604961e-05, 6.06303037785e-05, 3.76824100385e-05, 3.73183065676e-05, 2.38775210164e-05, 2.15233521885e-05, 1.86554789252e-05, 1.20944669106e-05, 1.17358049465e-05, 9.7124138847e-06, 6.98783787811e-06, 4.95648964716e-06, 3.70895554624e-06, 3.66483322978e-06, 3.29334375238e-06, 2.31654576055e-06, 1.29203317556e-06, 8.07743504083e-07, 5.32986916824e-07, 4.61765552018e-07],
        "dvar": [8.40056600282e-06, 1.41529444591e-05, 2.74777266895e-06, 3.61290267392e-06, 6.25623499673e-08, 3.07727283655e-08, 1.72610210569e-08, 2.31012347029e-08, 1.27222783419e-08, 7.6533082094e-09, 1.05209378987e-08, 4.80902784261e-09, 3.70303587793e-09, 5.57280621649e-09, 3.00558888888e-09, 2.03259253873e-09, 2.29103380711e-09, 1.15280029966e-09, 9.67993019074e-10, 6.34390429077e-10, 9.46790978951e-10, 2.46347142685e-09, 8.99445629088e-10, 8.00944477408e-10, 4.40210395913e-10, 4.05634498213e-10, 3.80215831042e-10, 1.88014423474e-10, 1.52664159092e-10, 1.20399037962e-10, 4.97879619477e-11, 3.09076028659e-11, 3.21972830342e-11, 7.4624570412e-11, 7.47866768513e-11, 3.87183445028e-11, 1.0364474036e-11, 2.70079206395e-12, 9.25557048538e-13, 5.26801638336e-13],
        "dvar2": [2.34603048739e-05, 3.96271898353e-05, 7.44505314287e-06, 1.01070481833e-05, 1.7612566694e-07, 7.10523622161e-08, 4.46400285625e-08, 5.60715420761e-08, 2.87469479332e-08, 1.7698376098e-08, 2.74105325104e-08, 1.28767281282e-08, 8.7596019327e-09, 1.18359579915e-08, 7.87548692927e-09, 5.03441777155e-09, 4.96747309953e-09, 2.78507794604e-09, 2.36138619769e-09, 1.66864266848e-09, 2.5775317436e-09, 6.94265445134e-09, 2.57034415974e-09, 2.11787409832e-09, 1.16882403756e-09, 1.10686027011e-09, 1.0376038917e-09, 5.04842834204e-10, 4.09945799529e-10, 3.20615645144e-10, 1.24253454747e-10, 7.22867182779e-11, 6.97557983598e-11, 1.41501893536e-10, 1.50773699081e-10, 7.82346062933e-11, 2.29173104105e-11, 6.38697992064e-12, 2.07418002045e-12, 9.41709817764e-13],
        "max": [0.0252090208232, 0.032201398164, 0.013253425248, 0.0168533716351, 0.00269252737053, 0.00294685154222, 0.00248690834269, 0.00287662935443, 0.0022828578949, 0.00147111993283, 0.00151426531374, 0.00116410001647, 0.00138889951631, 0.00197345064953, 0.000893808784895, 0.000838680833112, 0.000847916177008, 0.000544836279005, 0.000565390451811, 0.000465822027763, 0.000621216080617, 0.000811445934232, 0.000430494808825, 0.000321885076119, 0.000273454847047, 0.000207353907172, 0.00032938356162, 0.000169235427165, 0.00017082291015, 0.000113625072117, 7.23846897017e-05, 8.81750383996e-05, 0.000120273100038, 0.000178868154762, 0.000183870943147, 0.000160830808454, 7.40216710255e-05, 4.52747626696e-05, 3.47576969943e-05, 2.4649198167e-05],
        "mean": [0.00216592941433, 0.00402003061026, 0.00184326351155, 0.000741019495763, 0.00020848683198, 0.000180777235073, 0.000116455106763, 0.000114715803647, 8.64503308549e-05, 6.65132611175e-05, 7.30159954401e-05, 4.28658495366e-05, 3.70150373783e-05, 4.02765290346e-05, 3.45446605934e-05, 2.98272170767e-05, 2.74758040177e-05, 3.68295623048e-05, 3.06389156322e-05, 2.90088137263e-05, 4.13148482039e-05, 6.94128975738e-05, 4.42730633949e-05, 4.3923551857e-05, 2.92335244012e-05, 2.40217323153e-05, 1.97133304027e-05, 1.23131349028e-05, 1.26166269183e-05, 1.07507248686e-05, 8.06201478554e-06, 5.65946811548e-06, 4.491531854e-06, 4.49690332971e-06, 3.82573307434e-06, 2.71134558716e-06, 1.5481691662e-06, 1.04116918465e-06, 7.60254124543e-07, 6.69536746045e-07],
        "median": [0.00135874934494, 0.00330705614761, 0.00145994708873, 0.000346951186657, 0.000119328964502, 8.79581493791e-05, 5.77718310524e-05, 4.1529241571e-05, 3.55651463906e-05, 2.78579464066e-05, 3.22867526847e-05, 1.65705441759e-05, 1.3181448594e-05, 1.43105389725e-05, 1.4814536371e-05, 1.21281191241e-05, 9.1270694611e-06, 2.25976709771e-05, 2.05053602258e-05, 2.04549069167e-05, 3.32711351803e-05, 5.62367094972e-05, 3.73332914023e-05, 3.63021936209e-05, 2.32519523706e-05, 1.66716690728e-05, 1.24222024169e-05, 6.91504465067e-06, 7.77802415541e-06, 6.18080184722e-06, 4.26686074206e-06, 2.12420013668e-06, 1.27647501813e-06, 9.96887365545e-07, 8.80454592789e-07, 8.1887799297e-07, 5.29370083768e-07, 4.1485930069e-07, 3.74474609544e-07, 3.48626770119e-07],
        "min": [3.69423798573e-24, 4.04536313009e-24, 1.23677478614e-23, 5.9761167617e-24, 2.76145315544e-24, 4.05061339384e-24, 1.01423333825e-23, 9.24809407094e-24, 1.00578282357e-23, 2.06752223328e-23, 5.23923587367e-24, 1.0220533164e-23, 2.66857507849e-23, 2.99080172353e-23, 7.7612790135e-24, 2.82776121382e-23, 2.33855874755e-23, 1.33321610836e-23, 9.53828838784e-24, 9.89540887508e-24, 1.16498292174e-23, 6.03550773267e-24, 7.50716798326e-24, 6.91441632136e-24, 6.4403184115e-24, 1.06631574959e-23, 1.58587547676e-23, 1.37175953665e-23, 7.85856765122e-24, 9.64365417237e-24, 1.77317835025e-23, 9.15913895983e-24, 7.75954667495e-24, 7.193263663e-24, 1.01473907697e-23, 1.06726703696e-23, 1.11406202919e-23, 9.39115794041e-24, 1.16795669069e-23, 1.1335982484e-23],
        "var": [7.59610384193e-06, 1.39116145874e-05, 2.84270299744e-06, 2.48266564995e-06, 8.11731339923e-08, 7.21623365507e-08, 3.10467882514e-08, 5.72642449015e-08, 2.4215168537e-08, 1.62280340277e-08, 1.96951202014e-08, 8.76702532793e-09, 6.87558010526e-09, 1.26007693169e-08, 4.43985026521e-09, 3.73891317906e-09, 4.22827328705e-09, 2.28113505862e-09, 1.5164096645e-09, 1.149735529e-09, 1.55951496161e-09, 4.28341229153e-09, 1.47912515569e-09, 1.49917267489e-09, 7.40229100238e-10, 6.40378083894e-10, 5.80275716366e-10, 2.58957938426e-10, 2.30887767239e-10, 1.80776227321e-10, 1.00489096211e-10, 7.01198613062e-11, 7.32397476e-11, 1.76906808647e-10, 1.59829149915e-10, 6.50949572023e-11, 1.50663839044e-11, 4.31470484341e-12, 1.81641312234e-12, 1.21046868275e-12]
    },
    "mfcc": {
        "mean": [-652.29901123, 107.76600647, -0.823485553265, 50.0300102234, 22.1090297699, 7.28401374817, 6.25284147263, 11.9009523392, 4.69418525696, 0.510365724564, 2.03403544426, 2.87233781815, -3.8755569458],
        "cov": [[19359.0136719, -2378.03735352, -2131.51196289, 438.137390137, -1197.90222168, -313.546630859, -466.355163574, 117.215995789, 618.245300293, 321.188995361, -273.434783936, -113.556884766, -109.631286621], [-2378.03735352, 1802.97717285, -119.329818726, 38.4658317566, 509.423461914, -40.5679664612, 228.279388428, 166.932952881, -41.9788284302, 6.80706930161, 204.834945679, 15.0373420715, -80.6351776123], [-2131.51196289, -119.329818726, 621.180969238, -57.1645393372, 41.9602088928, 105.788482666, 1.64951181412, -53.3325157166, -92.7358932495, -59.1003608704, -25.8173370361, 24.6638622284, 49.4596328735], [438.137390137, 38.4658317566, -57.1645393372, 201.537399292, 88.7700805664, -5.25693893433, -1.25923919678, 15.6041078568, 29.6155910492, 9.27806377411, 10.2099380493, -24.2061958313, -12.7509202957], [-1197.90222168, 509.423461914, 41.9602088928, 88.7700805664, 342.147949219, 29.765335083, 86.8870849609, 69.4685897827, -8.10000514984, 25.547996521, 83.1128768921, -9.67682266235, -38.1389350891], [-313.546630859, -40.5679664612, 105.788482666, -5.25693893433, 29.765335083, 87.4771118164, 29.5759296417, 1.06290519238, -18.8116970062, -1.32285130024, 6.7816619873, 0.206610292196, -5.10799503326], [-466.355163574, 228.279388428, 1.64951181412, -1.25923919678, 86.8870849609, 29.5759296417, 106.672912598, 63.2887191772, 6.12158823013, 2.98800897598, 35.311882019, 1.40560889244, -19.506816864], [117.215995789, 166.932952881, -53.3325157166, 15.6041078568, 69.4685897827, 1.06290519238, 63.2887191772, 136.777099609, 44.4414253235, 29.2808094025, 27.9552116394, -4.54032897949, -24.2028179169], [618.245300293, -41.9788284302, -92.7358932495, 29.6155910492, -8.10000514984, -18.8116970062, 6.12158823013, 44.4414253235, 99.281867981, 39.9842224121, 3.42748117447, -2.68083524704, -11.6413402557], [321.188995361, 6.80706930161, -59.1003608704, 9.27806377411, 25.547996521, -1.32285130024, 2.98800897598, 29.2808094025, 39.9842224121, 76.7507400513, 31.8833389282, 0.784550666809, -13.9259443283], [-273.434783936, 204.834945679, -25.8173370361, 10.2099380493, 83.1128768921, 6.7816619873, 35.311882019, 27.9552116394, 3.42748117447, 31.8833389282, 82.1934356689, 19.3436985016, -19.7581882477], [-113.556884766, 15.0373420715, 24.6638622284, -24.2061958313, -9.67682266235, 0.206610292196, 1.40560889244, -4.54032897949, -2.68083524704, 0.784550666809, 19.3436985016, 59.378780365, 26.1317329407], [-109.631286621, -80.6351776123, 49.4596328735, -12.7509202957, -38.1389350891, -5.10799503326, -19.506816864, -24.2028179169, -11.6413402557, -13.9259443283, -19.7581882477, 26.1317329407, 60.4198379517]],
