{
"lowlevel": {
    "average_loudness": 0.893870770931,
    "barkbands_crest": {
        "dmean": 2.49074053764,
        "dmean2": 4.12788534164,
        "dvar": 6.04970884323,
        "dvar2": 16.1673870087,
        "max": 23.322889328,
        "mean": 10.3790836334,
        "median": 9.82682704926,
        "min": 3.15816116333,
        "var": 13.8023757935
    },
    "barkbands_flatness_db": {
        "dmean": 0.017460713163,
        "dmean2": 0.0273070819676,
        "dvar": 0.000330236885929,
        "dvar2": 0.000806059630122,
        "max": 0.308866024017,
        "mean": 0.131482109427,
        "median": 0.123101122677,
        "min": 0.032563097775,
        "var": 0.00245787389576
    },
    "barkbands_kurtosis": {
        "dmean": 1.94111394882,
        "dmean2": 3.12284755707,
        "dvar": 9.68976211548,
        "dvar2": 23.8710918427,
        "max": 49.7737350464,
        "mean": 3.51791405678,
        "median": 1.86969423294,
        "min": -1.98296260834,
        "var": 37.4071388245
    },
    "barkbands_skewness": {
        "dmean": 0.405506372452,
        "dmean2": 0.630401790142,
        "dvar": 0.182443961501,
        "dvar2": 0.438474297523,
        "max": 5.75820350647,
        "mean": 1.54075729847,
        "median": 1.51845908165,
        "min": -2.38185381889,
        "var": 1.15039587021
    },
    "barkbands_spread": {
        "dmean": 4.59581613541,
        "dmean2": 7.17739629745,
        "dvar": 35.5186920166,
        "dvar2": 75.7376480103,
        "max": 164.495941162,
        "mean": 23.3757820129,
        "median": 21.6731472015,
        "min": 2.01605439186,
        "var": 165.95451355
    },
    "dissonance": {
        "dmean": 0.0148426517844,
        "dmean2": 0.0248401705176,
        "dvar": 0.000219963680138,
        "dvar2": 0.000601079547778,
        "max": 0.500000119209,
        "mean": 0.467624396086,
        "median": 0.472318202257,
        "min": 0.337670594454,
        "var": 0.000487242039526
    },
    "dynamic_complexity": 3.01707911491,
    "erbbands_crest": {
        "dmean": 1.87646329403,
        "dmean2": 3.01631546021,
        "dvar": 3.06340551376,
        "dvar2": 7.76987075806,
        "max": 24.6440143585,
        "mean": 7.51366043091,
        "median": 6.6662364006,
        "min": 2.39155602455,
        "var": 11.381644249
    },
    "erbbands_flatness_db": {
        "dmean": 0.0116868568584,
        "dmean2": 0.0164459962398,
        "dvar": 0.000170921412064,
        "dvar2": 0.000311545853037,
        "max": 0.310479342937,
        "mean": 0.148736953735,
        "median": 0.133976951241,
        "min": 0.0199810843915,
        "var": 0.00301094469614
    },
    "erbbands_kurtosis": {
        "dmean": 0.49048858881,
        "dmean2": 0.740497350693,
        "dvar": 0.474112689495,
        "dvar2": 1.01498675346,
        "max": 12.8763093948,
        "mean": -0.0565323866904,
        "median": -0.630504131317,
        "min": -1.6404093504,
        "var": 2.63771295547
    },
    "erbbands_skewness": {
        "dmean": 0.235847711563,
        "dmean2": 0.357733219862,
        "dvar": 0.0474672503769,
        "dvar2": 0.103773236275,
        "max": 2.17991828918,
        "mean": 0.126243174076,
        "median": 0.0900238007307,
        "min": -2.40339183807,
        "var": 0.385295957327
    },
    "erbbands_spread": {
        "dmean": 5.92932367325,
        "dmean2": 9.03084182739,
        "dvar": 42.2637634277,
        "dvar2": 88.8175582886,
        "max": 115.763114929,
        "mean": 42.753692627,
        "median": 42.400177002,
        "min": 5.55681705475,
        "var": 281.574310303
    },
    "hfc": {
        "dmean": 5.02895832062,
        "dmean2": 7.44567108154,
        "dvar": 136.496963501,
        "dvar2": 302.826721191,
        "max": 222.421722412,
        "mean": 17.915397644,
        "median": 11.6215610504,
        "min": 1.08886714027e-16,
        "var": 396.894104004
    },
    "melbands_crest": {
        "dmean": 3.18303370476,
        "dmean2": 5.20746564865,
        "dvar": 9.94659137726,
        "dvar2": 25.4655838013,
        "max": 32.4464302063,
        "mean": 14.6825628281,
        "median": 14.1615524292,
        "min": 3.03132605553,
        "var": 26.1397266388
    },
    "melbands_flatness_db": {
        "dmean": 0.0212740097195,
        "dmean2": 0.0329500474036,
        "dvar": 0.000530595541932,
        "dvar2": 0.00129212683532,
        "max": 0.410452574492,
        "mean": 0.19270375371,
        "median": 0.182767540216,
        "min": 0.0109549192712,
        "var": 0.003352900967
    },
    "melbands_kurtosis": {
        "dmean": 5.16144561768,
        "dmean2": 8.1793680191,
        "dvar": 63.0626335144,
        "dvar2": 152.647232056,
        "max": 112.176109314,
        "mean": 12.630522728,
        "median": 8.9741897583,
        "min": -1.71846807003,
        "var": 220.877990723
    },
    "melbands_skewness": {
        "dmean": 0.570410430431,
        "dmean2": 0.882123112679,
        "dvar": 0.385476619005,
        "dvar2": 0.8943400383,
        "max": 8.54325675964,
        "mean": 2.71905469894,
        "median": 2.66952753067,
        "min": -0.617850661278,
        "var": 2.12349677086
    },
    "melbands_spread": {
        "dmean": 5.23082304001,
        "dmean2": 8.10555839539,
        "dvar": 46.4205703735,
        "dvar2": 105.305130005,
        "max": 161.185562134,
        "mean": 23.1296596527,
        "median": 19.5969696045,
        "min": 1.62281298637,
        "var": 201.418136597
    },
    "pitch_salience": {
        "dmean": 0.0645685121417,
        "dmean2": 0.105816282332,
        "dvar": 0.00387920159847,
        "dvar2": 0.0102679235861,
        "max": 0.89514362812,
        "mean": 0.571773827076,
        "median": 0.575477659702,
        "min": 0.254417687654,
        "var": 0.00973775330931
    },
    "silence_rate_20dB": {
        "dmean": 0,
        "dmean2": 0,
        "dvar": 0,
        "dvar2": 0,
        "max": 1,
        "mean": 1,
        "median": 1,
        "min": 1,
        "var": 0
    },
    "silence_rate_30dB": {
        "dmean": 0.00154798757285,
        "dmean2": 0.00309717375785,
        "dvar": 0.00154558289796,
        "dvar2": 0.00308754318394,
        "max": 1,
        "mean": 0.998452603817,
        "median": 1,
        "min": 0,
        "var": 0.00154498720076
    },
    "silence_rate_60dB": {
        "dmean": 0.0119969043881,
        "dmean2": 0.0240030977875,
        "dvar": 0.0118521749973,
        "dvar2": 0.0242011062801,
        "max": 1,
        "mean": 0.0940038710833,
        "median": 0,
        "min": 0,
        "var": 0.0851655825973
    },
    "spectral_centroid": {
        "dmean": 189.313766479,
        "dmean2": 301.049346924,
        "dvar": 60372.0390625,
        "dvar2": 107854.132812,
        "max": 11363.6982422,
        "mean": 1361.41967773,
        "median": 1302.2109375,
        "min": 236.546951294,
        "var": 327428.53125
    },
    "spectral_complexity": {
        "dmean": 3.157507658,
        "dmean2": 5.03058481216,
        "dvar": 14.0622854233,
        "dvar2": 30.2395114899,
        "max": 55,
        "mean": 19.2305603027,
        "median": 18,
        "min": 0,
        "var": 76.8409423828
    },
    "spectral_decrease": {
        "dmean": 2.01851446668e-09,
        "dmean2": 3.11212788873e-09,
        "dvar": 1.10021762992e-17,
        "dvar2": 2.50340968064e-17,
        "max": 4.32516728087e-16,
        "mean": -6.00013372321e-09,
        "median": -4.787853225e-09,
        "min": -4.39121876639e-08,
        "var": 2.20931587089e-17
    },
    "spectral_energy": {
        "dmean": 0.00795570202172,
        "dmean2": 0.0122210439295,
        "dvar": 0.000171728737769,
        "dvar2": 0.000390451576095,
        "max": 0.169759273529,
        "mean": 0.0242708511651,
        "median": 0.019387871027,
        "min": 1.01739103675e-20,
        "var": 0.000358797202352
    },
    "spectral_energyband_high": {
        "dmean": 0.000297564576613,
        "dmean2": 0.000441825803136,
        "dvar": 8.35741730043e-07,
        "dvar2": 1.68673420831e-06,
        "max": 0.0237683374435,
        "mean": 0.000704086793121,
        "median": 0.000313655065838,
        "min": 7.37806736203e-21,
        "var": 1.73085652477e-06
    },
    "spectral_energyband_low": {
        "dmean": 0.00475329020992,
        "dmean2": 0.00733714317903,
        "dvar": 9.34387353482e-05,
        "dvar2": 0.000211688718991,
        "max": 0.130809828639,
        "mean": 0.00862875953317,
        "median": 0.00465083681047,
        "min": 3.38700616655e-23,
        "var": 0.0001424196671
    },
    "spectral_energyband_middle_high": {
        "dmean": 0.00156592100393,
        "dmean2": 0.00235226983204,
        "dvar": 1.36517173814e-05,
        "dvar2": 3.07478476316e-05,
        "max": 0.0719538629055,
        "mean": 0.00490764714777,
        "median": 0.00243315892294,
        "min": 1.43171393101e-21,
        "var": 6.35792748653e-05
    },
    "spectral_energyband_middle_low": {
        "dmean": 0.00367082981393,
        "dmean2": 0.00607032747939,
        "dvar": 4.32384185842e-05,
        "dvar2": 0.000106987674371,
        "max": 0.0875974819064,
        "mean": 0.0107170958072,
        "median": 0.00907276757061,
        "min": 5.52721439073e-22,
        "var": 7.84261937952e-05
    },
    "spectral_entropy": {
        "dmean": 0.117021426558,
        "dmean2": 0.172693923116,
        "dvar": 0.0179575383663,
        "dvar2": 0.0362192951143,
        "max": 9.81044864655,
        "mean": 7.61950016022,
        "median": 7.65091514587,
        "min": 6.17333889008,
        "var": 0.160614386201
    },
    "spectral_flux": {
        "dmean": 0.021023882553,
        "dmean2": 0.0322740860283,
        "dvar": 0.000745337456465,
        "dvar2": 0.00166124710813,
        "max": 0.33696013689,
        "mean": 0.0713558197021,
        "median": 0.0584528259933,
        "min": 1.00865801822e-10,
        "var": 0.00228319806047
    },
    "spectral_kurtosis": {
        "dmean": 1.42016136646,
        "dmean2": 2.40572118759,
        "dvar": 3.93828845024,
        "dvar2": 11.3747434616,
        "max": 32.9994506836,
        "mean": 4.08295106888,
        "median": 3.55924034119,
        "min": -1.19725966454,
        "var": 6.19159269333
    },
    "spectral_rms": {
        "dmean": 0.000685526814777,
        "dmean2": 0.00103239680175,
        "dvar": 8.37155198496e-07,
        "dvar2": 1.79892901997e-06,
        "max": 0.0128692975268,
        "mean": 0.00452235760167,
        "median": 0.00434913719073,
        "min": 3.15051825774e-12,
        "var": 3.22715959555e-06
    },
    "spectral_rolloff": {
        "dmean": 385.883392334,
        "dmean2": 641.587036133,
        "dvar": 528739.125,
        "dvar2": 1121698,
        "max": 19573.6816406,
        "mean": 1446.00463867,
        "median": 1033.59375,
        "min": 86.1328125,
        "var": 2374183.75
    },
    "spectral_skewness": {
        "dmean": 0.181724742055,
        "dmean2": 0.298970103264,
        "dvar": 0.0410745888948,
        "dvar2": 0.109502248466,
        "max": 3.81303095818,
        "mean": 1.45468688011,
        "median": 1.4423879385,
        "min": -0.0271032322198,
        "var": 0.189208358526
    },
    "spectral_spread": {
        "dmean": 419745.5,
        "dmean2": 586232,
        "dvar": 630716301312,
        "dvar2": 927503613952,
        "max": 40452648,
        "mean": 4642298,
        "median": 4621741,
        "min": 1679673.875,
        "var": 3.5201065943e+12
    },
    "spectral_strongpeak": {
        "dmean": 0.379477530718,
        "dmean2": 0.621392250061,
        "dvar": 0.670113325119,
        "dvar2": 1.42434859276,
        "max": 14.9448242188,
        "mean": 0.822152674198,
        "median": 0.404981940985,
        "min": 0,
        "var": 1.82128107548
    },
    "zerocrossingrate": {
        "dmean": 0.00889280345291,
        "dmean2": 0.010348235257,
        "dvar": 0.000142531251186,
        "dvar2": 0.000150122796185,
        "max": 0.58984375,
        "mean": 0.061043843627,
        "median": 0.0556640625,
        "min": 0.00732421875,
        "var": 0.0016682833666
    },
    "barkbands": {
        "dmean": [0.00023252540268, 0.00386154977605, 0.00130287732463, 0.000794647843577, 0.0022134790197, 0.000423095916631, 0.000648197252303, 0.000622692459729, 0.000638813362457, 0.000441771233454, 0.00028918319731, 0.000359488185495, 0.000398751581088, 0.00029626081232, 0.000200725000468, 0.000266414310317, 0.000255828344962, 0.000134104426252, 0.000110250868602, 9.41153048188e-05, 7.99351983005e-05, 6.0000907979e-05, 5.61755150557e-05, 6.14760574535e-05, 5.10058089276e-05, 1.86856832443e-05, 3.1551230677e-06],
        "dmean2": [0.000375646195607, 0.00620200298727, 0.00219380669296, 0.00136275857221, 0.00382112152874, 0.000675276562106, 0.00100601138547, 0.000978775788099, 0.000987017177977, 0.000672627415042, 0.000443887111032, 0.000561300781555, 0.00065679004183, 0.000440134725068, 0.000308563845465, 0.00040205361438, 0.000401083059842, 0.000218518980546, 0.000182071220479, 0.000154066670802, 0.000133481036755, 9.88004758256e-05, 8.62013184815e-05, 9.29375455598e-05, 7.19545496395e-05, 2.68550847977e-05, 5.12616952619e-06],
        "dvar": [4.31471818274e-07, 8.26587420306e-05, 5.47521585759e-06, 3.02582816403e-06, 1.44931482282e-05, 5.43937460407e-07, 3.7698291635e-06, 3.63133449355e-06, 4.56072211819e-06, 3.48976959685e-06, 8.57542488575e-07, 2.18191644308e-06, 2.14803912968e-06, 1.27191844967e-06, 5.10645406848e-07, 8.48241654694e-07, 1.63702154055e-07, 4.54519053505e-08, 5.63553932409e-08, 5.18601019905e-08, 4.39293152965e-08, 2.75204676825e-08, 4.99624412953e-08, 1.03142049568e-07, 4.01854762799e-08, 8.24928925169e-09, 9.18414025386e-11],
        "dvar2": [1.00106137779e-06, 0.000197789850063, 1.47980244947e-05, 8.51543791214e-06, 4.02982295782e-05, 1.41396492381e-06, 8.17867567093e-06, 8.74087891134e-06, 1.1728503523e-05, 7.69741109252e-06, 1.76135927177e-06, 4.72974670629e-06, 5.60723447052e-06, 2.87007992483e-06, 1.07853600184e-06, 1.52511859142e-06, 3.78402887691e-07, 1.16747308709e-07, 1.43874757441e-07, 1.35579711014e-07, 1.17864409788e-07, 7.04252158812e-08, 8.30852897593e-08, 1.99410180812e-07, 7.40743502092e-08, 1.71777507774e-08, 2.05964856281e-10],
        "max": [0.0080483769998, 0.12592305243, 0.0381154119968, 0.0303901433945, 0.0477114394307, 0.0141575476155, 0.0400174818933, 0.0422073304653, 0.0590795092285, 0.0483628027141, 0.0240490399301, 0.0333178080618, 0.035337947309, 0.0296929646283, 0.0178181342781, 0.0344496704638, 0.00915651489049, 0.00328952120617, 0.00402228627354, 0.00269572879188, 0.00312680820934, 0.00219604629092, 0.00928374100477, 0.0100959390402, 0.00870243273675, 0.00454741017893, 0.000266218878096],
        "mean": [0.000260413566139, 0.00588146457449, 0.00195299566258, 0.00121719634626, 0.00465020071715, 0.000972534122411, 0.0013827563962, 0.000939743593335, 0.0012169003021, 0.000751280284021, 0.00058785447618, 0.000524534203578, 0.000629688671324, 0.000561275403015, 0.000381035526516, 0.000522897345945, 0.000522576330695, 0.000295866804663, 0.000215508189285, 0.000168323225807, 0.00015162024647, 0.000110275774205, 0.00010992946045, 0.000117067196697, 0.000106697283627, 3.6540110159e-05, 3.69826716451e-06],
        "median": [1.9332537704e-05, 0.00211559585296, 0.000991034437902, 0.000473767344374, 0.00346483197063, 0.000639816513285, 0.000654330011457, 0.000268663046882, 0.00057124736486, 0.000285451533273, 0.000145137426443, 0.000121150966152, 0.000132506203954, 0.000136848757393, 0.000106547289761, 0.000202635012101, 0.000333843578119, 0.000218022512854, 0.000127267790958, 7.75142179918e-05, 7.6830634498e-05, 3.88744156226e-05, 4.32295055361e-05, 4.07210063713e-05, 3.64604893548e-05, 1.11273920993e-05, 5.01783233631e-07],
        "min": [1.17924797238e-23, 2.67901699363e-24, 1.39100174739e-23, 2.14679597005e-23, 3.05621785633e-23, 1.22405943698e-22, 5.55867933856e-23, 1.32587752469e-22, 1.52499485241e-22, 7.18300768237e-23, 3.5914413634e-23, 1.22255921286e-22, 3.82479146788e-23, 8.81542469036e-23, 1.50697449254e-22, 9.93345137669e-23, 1.36689942772e-22, 1.93219387074e-22, 4.06809384153e-22, 3.85477449316e-22, 3.74002287314e-22, 7.3133494658e-22, 5.11980067602e-22, 8.53661802239e-22, 9.79542192286e-22, 1.37930388049e-21, 2.40123079928e-21],
        "var": [4.59004525055e-07, 9.76013834588e-05, 8.02401427791e-06, 4.08021014664e-06, 2.26280972129e-05, 1.16597584565e-06, 7.80916252552e-06, 5.33580350748e-06, 5.82248549108e-06, 5.64906986256e-06, 3.76537786906e-06, 4.22580342274e-06, 4.73444106319e-06, 3.79367611458e-06, 1.679437446e-06, 2.77059052678e-06, 4.29894981835e-07, 8.91117437618e-08, 9.73050049424e-08, 7.85060620956e-08, 5.59096697827e-08, 4.06157916188e-08, 9.02904986333e-08, 1.59780682907e-07, 1.02947183223e-07, 1.66226161724e-08, 1.41130634956e-10]
    },
    "erbbands": {
        "dmean": [0.155281379819, 0.728636920452, 1.32429552078, 2.12090706825, 4.77050161362, 9.54176807404, 4.40403842926, 3.35590744019, 8.14217948914, 10.7044200897, 13.6899490356, 14.2935237885, 14.9038133621, 10.6691799164, 11.9846220016, 14.7036361694, 17.7289333344, 13.3377256393, 11.5050354004, 12.1892557144, 13.212346077, 12.844127655, 7.34829473495, 6.15401697159, 5.12843894958, 4.44032669067, 3.3808825016, 3.11969041824, 2.13981676102, 1.87872636318, 1.58898544312, 1.36952126026, 1.02119743824, 0.673136591911, 0.313761264086, 0.0993425250053, 0.0339890047908, 0.00724084395915, 0.000418348034145, 1.55238649313e-05],
        "dmean2": [0.251724660397, 1.18686568737, 2.1937046051, 3.66528320312, 8.14437294006, 16.4883785248, 7.37758541107, 5.41479253769, 12.4185285568, 16.6008167267, 21.76537323, 21.9659862518, 23.1657218933, 16.4821910858, 18.7084674835, 22.5694618225, 28.7957496643, 19.816734314, 17.2030105591, 18.0960025787, 20.291469574, 20.5194664001, 11.8748664856, 10.3207855225, 8.39295005798, 7.36720705032, 5.62394285202, 5.23205471039, 3.5223543644, 2.97137022018, 2.42228460312, 2.14308524132, 1.5115724802, 0.982881128788, 0.447131276131, 0.136680334806, 0.0495563521981, 0.0112981107086, 0.000674763461575, 2.35184925259e-05],
        "dvar": [0.163383558393, 2.60096931458, 4.98792219162, 19.0097103119, 46.5150489807, 369.570404053, 61.9283943176, 44.5171318054, 421.747833252, 1417.61181641, 1828.25366211, 1821.70202637, 4172.79248047, 860.686523438, 1639.64379883, 3565.30834961, 3535.30688477, 2440.59277344, 2071.47851562, 2039.21228027, 822.405639648, 392.466247559, 150.895828247, 142.341720581, 144.435119629, 114.428627014, 94.9287643433, 67.7012786865, 34.7380828857, 28.0296802521, 48.913520813, 63.2721977234, 25.4783096313, 6.34756422043, 2.10769057274, 0.18178614974, 0.0324711129069, 0.00070471141953, 2.33760465562e-06, 1.32603417136e-09],
        "dvar2": [0.38852083683, 6.49962949753, 13.142291069, 53.3568115234, 134.273284912, 1014.99755859, 165.480651855, 116.212371826, 824.65234375, 3221.65185547, 4533.28515625, 4523.91845703, 9534.57519531, 2139.51733398, 3750.51489258, 7308.51855469, 9030.42675781, 5392.95458984, 4772.94335938, 3904.91821289, 1696.07177734, 959.351745605, 384.440124512, 383.194030762, 355.271209717, 295.154083252, 254.509552002, 184.07975769, 89.8548278809, 64.8090057373, 76.9531402588, 109.788299561, 54.5180282593, 12.6457490921, 3.92827320099, 0.301869958639, 0.0715038329363, 0.00139803031925, 5.38799986316e-06, 2.766808338e-09],
        "max": [5.15612840652, 22.091583252, 38.4182434082, 61.5148582458, 77.1372451782, 229.444274902, 131.771331787, 133.009933472, 627.254943848, 877.618041992, 816.059570312, 1077.42858887, 1763.52587891, 853.484802246, 1076.91955566, 1441.66040039, 1333.46166992, 1572.87329102, 1219.84606934, 1723.95019531, 949.962158203, 309.617553711, 211.351287842, 207.067642212, 208.113479614, 138.314407349, 134.798324585, 154.326934814, 80.1090698242, 152.181869507, 296.963623047, 308.201385498, 130.851196289, 72.8107757568, 73.9748687744, 22.2826137543, 8.83641529083, 1.15252292156, 0.0479317232966, 0.00123240600806],
        "mean": [0.214175760746, 1.15560185909, 2.2634909153, 3.28286361694, 11.3898878098, 16.3194446564, 8.31707000732, 7.6358165741, 17.4914779663, 21.8265323639, 21.0065021515, 28.0234680176, 28.0762119293, 20.0313186646, 24.305513382, 24.4124298096, 31.4102973938, 26.5180301666, 22.5929851532, 26.4370155334, 28.1185894012, 27.9529476166, 17.3499240875, 13.4680805206, 10.4426517487, 8.0687084198, 5.85629844666, 5.83138227463, 3.99477720261, 3.52228593826, 3.11995100975, 2.52276730537, 1.89104247093, 1.36258232594, 0.632907986641, 0.202725142241, 0.0624422840774, 0.0116129871458, 0.000472870131489, 4.0821309085e-05],
        "median": [0.0398824140429, 0.560541987419, 1.30909633636, 1.69144463539, 8.12477397919, 10.6822443008, 5.48106431961, 4.64262390137, 9.29235267639, 8.43189239502, 8.00980186462, 13.6123580933, 9.83449840546, 8.80327892303, 6.52381181717, 5.33763980865, 6.88723278046, 7.17579650879, 6.29190683365, 6.96542644501, 14.1318645477, 18.7889328003, 12.4882650375, 9.16620445251, 5.58256006241, 3.61769938469, 2.79690480232, 2.8484275341, 1.47740018368, 1.35037374496, 1.19933998585, 0.871677815914, 0.627211749554, 0.450858414173, 0.218682825565, 0.0651930421591, 0.0179711896926, 0.00261995685287, 8.00324924057e-05, 2.84687466774e-05],
        "min": [1.69868220755e-22, 4.50680299364e-22, 8.79861273918e-21, 6.01122814017e-20, 5.16344749919e-20, 8.49267498131e-20, 5.88851680103e-19, 1.07428293277e-18, 1.00711803838e-18, 1.42810768203e-18, 3.51682372154e-18, 3.39970838849e-18, 2.44945157259e-18, 1.35911688984e-18, 1.8320944214e-18, 5.21419172105e-18, 2.05905747864e-18, 4.02679132252e-18, 5.07796375956e-18, 8.42606042052e-18, 6.58985222314e-18, 8.68115382245e-18, 1.03142523699e-17, 1.02627090916e-17, 2.45632143165e-17, 1.86865443962e-17, 1.72324684129e-17, 2.13247294265e-17, 2.62236652453e-17, 1.75266188018e-17, 1.41567842479e-17, 1.99537784772e-17, 1.18277099951e-17, 1.09467394817e-17, 6.25365913883e-18, 5.01098777254e-18, 3.03745353141e-18, 9.71615653287e-19, 3.33916476471e-19, 3.7887599166e-20],
        "var": [0.183579176664, 3.04650712013, 8.50883388519, 21.3650588989, 132.482116699, 428.904632568, 91.6508483887, 82.6456451416, 965.339294434, 3131.98193359, 2280.97607422, 2630.67260742, 7131.66015625, 1971.25512695, 5095.3828125, 8428.87109375, 10391.9160156, 8291.05957031, 4967.18261719, 8946.25878906, 2911.9921875, 958.118347168, 314.917907715, 215.716323853, 276.979644775, 177.453872681, 103.304618835, 86.6332015991, 51.3772354126, 43.8510627747, 90.405632019, 96.7194900513, 39.0540885925, 14.3228855133, 4.89108037949, 0.485564172268, 0.0554438531399, 0.00145742471796, 3.05523280986e-06, 2.57059618036e-09]
    },
    "gfcc": {
        "mean": [-3.79423666, 97.252456665, -122.079559326, 36.4332427979, -56.1450920105, 7.51388168335, -39.3112411499, 11.713727951, -22.804895401, -5.0416765213, -18.9280529022, -1.46911907196, -9.92612552643],
        "cov": [[7961.66796875, -1493.4822998, 1436.82019043, -111.119628906, -149.758132935, 1094.27258301, -674.914978027, 505.084991455, -461.758453369, 606.617980957, -330.67590332, 283.889160156, -289.302825928], [-1493.4822998, 1598.80102539, -621.288574219, 216.082824707, 132.413665771, -421.434051514, 383.678619385, -134.957992554, 311.51739502, -203.126861572, 241.972259521, -106.028579712, 218.885818481], [1436.82019043, -621.288574219, 1506.55664062, -22.2535247803, 133.303222656, 509.725128174, -234.0572052, 290.098388672, -90.8957214355, 316.261901855, -91.5552215576, 193.106506348, -85.1042861938], [-111.119628906, 216.082824707, -22.2535247803, 357.876281738, 77.7081680298, -11.4769001007, 124.353965759, 25.7566146851, 112.349617004, -20.4042778015, 45.4495162964, 1.09619116783, 67.3000488281], [-149.758132935, 132.413665771, 133.303222656, 77.7081680298, 186.353225708, 46.4380226135, 54.2807006836, 36.7091712952, 63.350818634, 39.3306045532, 31.0919322968, 23.5887870789, 38.491558075], [1094.27258301, -421.434051514, 509.725128174, -11.4769001007, 46.4380226135, 386.814056396, -83.9143447876, 149.885055542, -73.3732070923, 163.281738281, -46.2469749451, 73.5569458008, -55.4260368347], [-674.914978027, 383.678619385, -234.0572052, 124.353965759, 54.2807006836, -83.9143447876, 263.76940918, -3.68636441231, 125.191390991, -72.473777771, 89.2738037109, -16.1687545776, 63.9768295288], [505.084991455, -134.957992554, 290.098388672, 25.7566146851, 36.7091712952, 149.885055542, -3.68636441231, 150.331451416, 13.8970623016, 87.0107574463, -17.6954040527, 49.1944732666, -18.7056331635], [-461.758453369, 311.51739502, -90.8957214355, 112.349617004, 63.350818634, -73.3732070923, 125.191390991, 13.8970623016, 164.053924561, 2.61062026024, 70.1915283203, -20.1350040436, 65.4931411743], [606.617980957, -203.126861572, 316.261901855, -20.4042778015, 39.3306045532, 163.281738281, -72.473777771, 87.0107574463, 2.61062026024, 171.383956909, 1.88485562801, 47.9251022339, -24.5140686035], [-330.67590332, 241.972259521, -91.5552215576, 45.4495162964, 31.0919322968, -46.2469749451, 89.2738037109, -17.6954040527, 70.1915283203, 1.88485562801, 105.347145081, 8.41531562805, 47.61668396], [283.889160156, -106.028579712, 193.106506348, 1.09619116783, 23.5887870789, 73.5569458008, -16.1687545776, 49.1944732666, -20.1350040436, 47.9251022339, 8.41531562805, 93.283454895, 1.86668694019], [-289.302825928, 218.885818481, -85.1042861938, 67.3000488281, 38.491558075, -55.4260368347, 63.9768295288, -18.7056331635, 65.4931411743, -24.5140686035, 47.61668396, 1.86668694019, 90.5570373535]],
        "icov": [[0.000423734163633, -0.000490176200401, 0.000374466500944, -0.000424280238803, 0.000586512382142, -0.000868855044246, 0.000667508866172, -0.000685891835019, 0.000883253873326, -0.00123910384718, 0.00111037993338, -0.000881029001903, 0.000271477852948], [-0.000490176200401, 0.0026196311228, -0.000748018268496, 0.000683064048644, -0.00143324921373, 0.00207131099887, -0.00137975276448, 0.000504149997141, -0.00198629125953, 0.00285558914766, -0.0040045036003, 0.0027371942997, -0.00189385388512], [0.000374466500944, -0.000748018268496, 0.00230235396884, -0.000509557023179, -0.000200506809051, -0.00189368333668, 0.00189042277634, -0.00191251432989, 0.000559476495255, -0.00199509784579, 0.00193491892423, -0.00291537540033, 0.000840315246023], [-0.000424280238803, 0.000683064048644, -0.000509557023179, 0.00450436305255, -0.00114928651601, 0.000137613969855, -0.00132700440008, 0.000580776715651, -0.00334369204938, 0.00268687866628, -0.000795227475464, 0.000718024093658, -0.0016537674237], [0.000586512382142, -0.00143324921373, -0.000200506809051, -0.00114928651601, 0.00885640922934, -0.00230898079462, -0.000184465621714, 0.000282980734482, -0.000369677582057, -0.00313747278415, 0.00301747303456, -0.00230343732983, -0.00110628909897], [-0.000868855044246, 0.00207131099887, -0.00189368333668, 0.000137613969855, -0.00230898079462, 0.0104689858854, -0.00389412534423, -0.00264302105643, 0.00390115217306, -0.00220404868014, -0.00306978495792, 0.00425520911813, -0.00196162331849], [0.000667508866172, -0.00137975276448, 0.00189042277634, -0.00132700440008, -0.000184465621714, -0.00389412534423, 0.0121152568609, -0.0039598159492, -0.00425346614793, 0.00463488092646, -0.00331123569049, -0.00324634835124, 0.0026870528236], [-0.000685891835019, 0.000504149997141, -0.00191251432989, 0.000580776715651, 0.000282980734482, -0.00264302105643, -0.0039598159492, 0.0183183755726, -0.0071709943004, -0.000575273297727, 0.00403732387349, -0.00338177150115, 0.00218199426308], [0.000883253873326, -0.00198629125953, 0.000559476495255, -0.00334369204938, -0.000369677582057, 0.00390115217306, -0.00425346614793, -0.0071709943004, 0.023725355044, -0.0112699661404, 1.85349308595e-05, 0.00501911900938, -0.00562064535916], [-0.00123910384718, 0.00285558914766, -0.00199509784579, 0.00268687866628, -0.00313747278415, -0.00220404868014, 0.00463488092646, -0.000575273297727, -0.0112699661404, 0.0228459462523, -0.0114091876894, 0.00156940449961, 0.00216070143506], [0.00111037993338, -0.0040045036003, 0.00193491892423, -0.000795227475464, 0.00301747303456, -0.00306978495792, -0.00331123569049, 0.00403732387349, 1.85349308595e-05, -0.0114091876894, 0.0270738452673, -0.00951941870153, -0.0014937868109], [-0.000881029001903, 0.0027371942997, -0.00291537540033, 0.000718024093658, -0.00230343732983, 0.00425520911813, -0.00324634835124, -0.00338177150115, 0.00501911900938, 0.00156940449961, -0.00951941870153, 0.022246548906, -0.00618389900774], [0.000271477852948, -0.00189385388512, 0.000840315246023, -0.0016537674237, -0.00110628909897, -0.00196162331849, 0.0026870528236, 0.00218199426308, -0.00562064535916, 0.00216070143506, -0.0014937868109, -0.00618389900774, 0.0218912661076]]
    },
    "melbands": {
        "dmean": [0.00120764109306, 0.000695956696291, 0.000391569017665, 0.000549990159925, 0.000200356909772, 7.8177137766e-05, 0.000127187056933, 0.000120307006, 0.000115287795779, 8.66206682986e-05, 7.45625366108e-05, 4.54766995972e-05, 4.36234768131e-05, 3.11188596243e-05, 5.4745691159e-05, 3.15268371196e-05, 2.7114067052e-05, 2.15122272493e-05, 1.56205132953e-05, 1.90446098713e-05, 1.66509635164e-05, 1.59624742082e-05, 9.89570889942e-06, 6.96168535796e-06, 5.36137440577e-06, 4.28794874097e-06, 3.85283919968e-06, 2.89470449388e-06, 2.29207512348e-06, 2.11902033698e-06, 1.78433481324e-06, 1.26661620925e-06, 1.228937208e-06, 1.13386352041e-06, 9.89669047158e-07, 8.8403561449e-07, 8.93391813861e-07, 7.34529123747e-07, 7.00649422924e-07, 5.78490983116e-07],
        "dmean2": [0.00194010918494, 0.00113379082177, 0.000669301021844, 0.000949586799834, 0.000340667553246, 0.000124782789499, 0.000194335909327, 0.000186779434443, 0.000180575385457, 0.000134024419822, 0.00011485297, 7.05194688635e-05, 6.6711610998e-05, 4.86978387926e-05, 8.57826598804e-05, 5.09587916895e-05, 3.99443997594e-05, 3.14768003591e-05, 2.29590641538e-05, 2.75554812106e-05, 2.61419991148e-05, 2.5287787139e-05, 1.60860017786e-05, 1.15549537441e-05, 9.02490046428e-06, 7.15652186045e-06, 6.3037664404e-06, 4.85628561364e-06, 3.82750522476e-06, 3.5651626149e-06, 3.02645003103e-06, 2.1072362415e-06, 2.01911348086e-06, 1.80259883109e-06, 1.53347423293e-06, 1.34441711452e-06, 1.41652662933e-06, 1.11144925086e-06, 1.04654964161e-06, 8.58907185375e-07],
        "dvar": [8.92214848136e-06, 1.41405928389e-06, 5.14128032592e-07, 8.23193261112e-07, 1.69884103229e-07, 2.24831264717e-08, 1.16796329053e-07, 1.62139102144e-07, 1.47549272356e-07, 6.19338180741e-08, 1.08128560328e-07, 1.92907396723e-08, 2.06657926327e-08, 1.65374967054e-08, 4.78013504335e-08, 9.58947765639e-09, 1.09450200014e-08, 8.20058954076e-09, 3.90542886919e-09, 7.7331732129e-09, 1.00133978886e-09, 6.17481454857e-10, 2.46720116559e-10, 1.20111837143e-10, 1.10114223295e-10, 8.27252572e-11, 7.52700540785e-11, 5.0420410902e-11, 4.72274476471e-11, 2.3472683866e-11, 2.47346934601e-11, 1.20205477516e-11, 1.01176593145e-11, 1.00062094027e-11, 1.43903066546e-11, 2.50446625244e-11, 2.47305665529e-11, 1.1457580544e-11, 1.04466504891e-11, 3.80529158531e-12],
        "dvar2": [2.12060967897e-05, 3.51065159521e-06, 1.43316719914e-06, 2.32746583606e-06, 4.54433944697e-07, 5.80611008161e-08, 2.33154892726e-07, 3.65485590237e-07, 3.68251960481e-07, 1.55127111157e-07, 2.44679910111e-07, 4.7343508669e-08, 4.27352269128e-08, 3.67477319685e-08, 1.16927211025e-07, 2.4244668495e-08, 2.32466952355e-08, 1.91054478904e-08, 9.00923513569e-09, 1.27212045342e-08, 2.26977792117e-09, 1.44325584817e-09, 6.6047217695e-10, 3.10218184474e-10, 2.98147867506e-10, 2.1273245665e-10, 1.8375079236e-10, 1.32943003828e-10, 1.27201083e-10, 6.41972100479e-11, 6.70638267142e-11, 3.14434762949e-11, 2.5397614567e-11, 2.27967627414e-11, 2.34769478163e-11, 4.27718624407e-11, 4.55829020363e-11, 2.48782747875e-11, 2.13178606712e-11, 8.04471593507e-12],
        "max": [0.040326539427, 0.0141272731125, 0.0110969142988, 0.0119257373735, 0.00699161272496, 0.00284183840267, 0.00933723617345, 0.0100387204438, 0.00987815577537, 0.00586161436513, 0.00896297488362, 0.00389934983104, 0.00363563816063, 0.00304945115931, 0.0045579764992, 0.00188957736827, 0.00359109067358, 0.00255415518768, 0.00180308392737, 0.00345414876938, 0.000619288533926, 0.000424127007136, 0.000229273675359, 0.000155146641191, 0.000186751785805, 0.000173510139575, 0.000131197812152, 0.000111198853119, 9.74569120444e-05, 8.1376543676e-05, 9.48938322836e-05, 5.18941596965e-05, 4.68055986858e-05, 0.000100081262644, 0.00015737322974, 0.00021187402308, 0.000191525294213, 8.76819176483e-05, 8.2216312876e-05, 5.58630126761e-05],
        "mean": [0.00176225672476, 0.00128963077441, 0.000746109522879, 0.00116052199155, 0.000348195055267, 0.000177130830707, 0.000275285943644, 0.000231291778618, 0.000178266200237, 0.000170744489878, 0.000135721100378, 7.74686268414e-05, 8.81360247149e-05, 4.89297017339e-05, 8.75899277162e-05, 5.02509064972e-05, 5.19108652952e-05, 3.84131926694e-05, 2.79201012745e-05, 3.82696562156e-05, 3.24714892486e-05, 3.15167126246e-05, 1.90227437997e-05, 1.42054814205e-05, 1.05043345684e-05, 7.90552894614e-06, 7.04395824869e-06, 4.75609340356e-06, 3.51638504981e-06, 3.80511710318e-06, 3.12292877425e-06, 2.19983144234e-06, 2.09880522561e-06, 1.97303870664e-06, 1.86778754596e-06, 1.5617487179e-06, 1.54943847974e-06, 1.30914781948e-06, 1.25842473153e-06, 1.12542306852e-06],
        "median": [0.000489198951982, 0.000795880332589, 0.000457008602098, 0.000821132620331, 0.00024427837343, 0.000107159976324, 0.00014417458442, 8.39219865156e-05, 6.89238659106e-05, 8.37531697471e-05, 4.48555183539e-05, 3.29145805154e-05, 2.18250352191e-05, 1.3011842384e-05, 1.54794051923e-05, 1.32543391373e-05, 1.25905562527e-05, 1.02293342934e-05, 7.13299141353e-06, 1.07342666524e-05, 1.69362992892e-05, 1.98339766939e-05, 1.27676694319e-05, 1.01137356978e-05, 7.05179718352e-06, 4.41547399532e-06, 3.15742704515e-06, 2.02533578886e-06, 1.51661754444e-06, 1.97114422917e-06, 1.42256055824e-06, 7.65457798479e-07, 7.14149052783e-07, 7.64745891502e-07, 7.27558756353e-07, 5.24607855823e-07, 5.11380505941e-07, 4.46844808266e-07, 3.78288262937e-07, 3.7252826246e-07],
        "min": [1.38414776886e-24, 3.41752766829e-24, 9.82969991712e-24, 3.52155081155e-24, 1.64921690537e-23, 2.32126660096e-23, 1.52101911966e-23, 1.95110513856e-23, 3.34693297919e-23, 1.81794368226e-23, 1.17714557918e-23, 5.4403319012e-24, 4.83577454142e-24, 1.45021001818e-23, 7.44855640687e-24, 4.50389286998e-24, 7.48613379609e-24, 7.51350174747e-24, 1.16868970025e-23, 8.57754100226e-24, 7.35999414848e-24, 1.0246134067e-23, 7.49431822798e-24, 8.73168284542e-24, 6.75773119064e-24, 2.06214062418e-23, 1.00240113464e-23, 1.38825035833e-23, 1.21452062558e-23, 7.53763773573e-24, 1.4786434051e-23, 1.78814966805e-23, 9.64763003133e-24, 9.31296841407e-24, 6.20246777668e-24, 1.35462153348e-23, 1.11937342967e-23, 7.38829216687e-24, 1.01366125632e-23, 8.7556105744e-24],
        "var": [1.03153679447e-05, 2.3175973638e-06, 7.20967989309e-07, 1.4328833231e-06, 1.8956447434e-07, 4.57107880436e-08, 2.62578168986e-07, 3.46904158732e-07, 1.77098172571e-07, 9.23894276639e-08, 1.84340393616e-07, 3.5332391235e-08, 8.50853751899e-08, 3.14556771741e-08, 9.93223920887e-08, 2.31569856624e-08, 3.92829413443e-08, 1.67046536603e-08, 9.64646229562e-09, 2.70442033212e-08, 2.97717694941e-09, 1.50183521175e-09, 4.46150116851e-10, 2.26087260025e-10, 1.50668200138e-10, 1.38437455943e-10, 1.50636142449e-10, 6.89596296732e-11, 4.69418184879e-11, 3.16419147828e-11, 2.98786932695e-11, 1.6581361284e-11, 1.58587396687e-11, 1.49620298789e-11, 2.78111231961e-11, 3.81976915376e-11, 3.63402224979e-11, 1.70147385764e-11, 1.94097550532e-11, 8.29964482557e-12]
    },
    "mfcc": {
        "mean": [-641.500610352, 122.646362305, -5.17446088791, 27.5854415894, 6.05122232437, -2.41474127769, -2.86770582199, 6.9198756218, 2.53619027138, -3.09658193588, -0.842184126377, 0.148747757077, -5.18600320816],
        "cov": [[4862.42578125, -911.567260742, 1057.96777344, -544.861328125, 471.357635498, 294.462799072, 158.607070923, -47.8297462463, -11.30057621, 240.665557861, 4.32507133484, 42.3082923889, 101.390647888], [-911.567260742, 1052.9864502, -238.06022644, 266.788574219, -81.3663864136, -63.0746002197, -15.8906145096, 43.3744392395, 46.2870674133, -6.97832870483, 40.1396980286, 48.4409599304, 39.1876182556], [1057.96777344, -238.06022644, 1004.28570557, -155.778106689, 345.757080078, 137.866592407, 79.7453079224, 22.4739780426, 29.7752475739, 139.307800293, 3.96980810165, 29.9163990021, 87.3241271973], [-544.861328125, 266.788574219, -155.778106689, 402.323791504, -50.7177314758, 1.52467799187, -25.6007919312, 80.4506378174, 67.3204040527, -14.7830047607, 52.9275360107, 25.7941379547, -6.64354467392], [471.357635498, -81.3663864136, 345.757080078, -50.7177314758, 266.572418213, 85.1964492798, 31.5269260406, -15.7527694702, 24.4498329163, 85.425163269, -10.7549057007, 1.84835505486, 42.2174758911], [294.462799072, -63.0746002197, 137.866592407, 1.52467799187, 85.1964492798, 131.559173584, 56.7258262634, 22.1457233429, 22.7535228729, 44.4328727722, 20.9644527435, 22.6289386749, 27.354511261], [158.607070923, -15.8906145096, 79.7453079224, -25.6007919312, 31.5269260406, 56.7258262634, 98.4922637939, 48.5784111023, 12.0229682922, 17.1524524689, 15.7374563217, 21.0182704926, 18.2380523682], [-47.8297462463, 43.3744392395, 22.4739780426, 80.4506378174, -15.7527694702, 22.1457233429, 48.5784111023, 123.195953369, 47.0106048584, -8.64621639252, 33.333278656, 23.7398262024, -0.500452637672], [-11.30057621, 46.2870674133, 29.7752475739, 67.3204040527, 24.4498329163, 22.7535228729, 12.0229682922, 47.0106048584, 91.0698013306, 43.4948616028, 22.5892124176, 16.1824951172, 11.8721284866], [240.665557861, -6.97832870483, 139.307800293, -14.7830047607, 85.425163269, 44.4328727722, 17.1524524689, -8.64621639252, 43.4948616028, 116.06010437, 25.961057663, 12.8050775528, 33.3150787354], [4.32507133484, 40.1396980286, 3.96980810165, 52.9275360107, -10.7549057007, 20.9644527435, 15.7374563217, 33.333278656, 22.5892124176, 25.961057663, 82.9923095703, 39.5302276611, 5.04931020737], [42.3082923889, 48.4409599304, 29.9163990021, 25.7941379547, 1.84835505486, 22.6289386749, 21.0182704926, 23.7398262024, 16.1824951172, 12.8050775528, 39.5302276611, 71.8384170532, 29.5260772705], [101.390647888, 39.1876182556, 87.3241271973, -6.64354467392, 42.2174758911, 27.354511261, 18.2380523682, -0.500452637672, 11.8721284866, 33.3150787354, 5.04931020737, 29.5260772705, 72.864151001]],
