{
"lowlevel": {
    "average_loudness": 0.964799880981,
    "barkbands_crest": {
        "dmean": 2.9902536869,
        "dmean2": 5.03989601135,
        "dvar": 8.56168556213,
        "dvar2": 22.1012477875,
        "max": 24.938999176,
        "mean": 9.33787059784,
        "median": 8.42731189728,
        "min": 2.78120660782,
        "var": 15.1993637085
    },
    "barkbands_flatness_db": {
        "dmean": 0.0222872942686,
        "dmean2": 0.0344033017755,
        "dvar": 0.000543460599147,
        "dvar2": 0.00125212990679,
        "max": 0.308281630278,
        "mean": 0.103540189564,
        "median": 0.0950099676847,
        "min": 0.0233315564692,
        "var": 0.00204732757993
    },
    "barkbands_kurtosis": {
        "dmean": 3.75342106819,
        "dmean2": 6.1933054924,
        "dvar": 67.1011199951,
        "dvar2": 177.983322144,
        "max": 119.772476196,
        "mean": 5.05204439163,
        "median": 1.77716159821,
        "min": -1.97984302044,
        "var": 95.884437561
    },
    "barkbands_skewness": {
        "dmean": 0.614236056805,
        "dmean2": 0.965060591698,
        "dvar": 0.552564024925,
        "dvar2": 1.35494112968,
        "max": 9.82290363312,
        "mean": 1.76368963718,
        "median": 1.51570677757,
        "min": -1.87093341351,
        "var": 1.87511610985
    },
    "barkbands_spread": {
        "dmean": 6.8126578331,
        "dmean2": 10.5763921738,
        "dvar": 71.3657455444,
        "dvar2": 144.264266968,
        "max": 161.830703735,
        "mean": 27.1204719543,
        "median": 25.1530895233,
        "min": 1.51214265823,
        "var": 253.436752319
    },
    "dissonance": {
        "dmean": 0.0145542435348,
        "dmean2": 0.0246679428965,
        "dvar": 0.000304392830003,
        "dvar2": 0.000829341472127,
        "max": 0.500000119209,
        "mean": 0.474036514759,
        "median": 0.481370657682,
        "min": 0.305090397596,
        "var": 0.000624491192866
    },
    "dynamic_complexity": 2.31444478035,
    "erbbands_crest": {
        "dmean": 2.18339395523,
        "dmean2": 3.573782444,
        "dvar": 4.36217737198,
        "dvar2": 10.9803171158,
        "max": 28.7695636749,
        "mean": 7.57854652405,
        "median": 6.2107129097,
        "min": 1.9651901722,
        "var": 18.8414726257
    },
    "erbbands_flatness_db": {
        "dmean": 0.0143198212609,
        "dmean2": 0.0204753410071,
        "dvar": 0.000197121902602,
        "dvar2": 0.000357717421139,
        "max": 0.272859543562,
        "mean": 0.114897362888,
        "median": 0.105546973646,
        "min": 0.0217370502651,
        "var": 0.00170608516783
    },
    "erbbands_kurtosis": {
        "dmean": 0.727696120739,
        "dmean2": 1.12074398994,
        "dvar": 1.55830538273,
        "dvar2": 3.52042007446,
        "max": 33.1434059143,
        "mean": 0.377338081598,
        "median": -0.542710065842,
        "min": -1.74761545658,
        "var": 7.62816429138
    },
    "erbbands_skewness": {
        "dmean": 0.315696775913,
        "dmean2": 0.488275498152,
        "dvar": 0.0812859982252,
        "dvar2": 0.186276227236,
        "max": 4.41092729568,
        "mean": 0.0782724767923,
        "median": 0.0135978553444,
        "min": -2.11175870895,
        "var": 0.496499300003
    },
    "erbbands_spread": {
        "dmean": 8.43185997009,
        "dmean2": 12.7945661545,
        "dvar": 74.1134872437,
        "dvar2": 158.128189087,
        "max": 134.404663086,
        "mean": 49.776599884,
        "median": 49.3620834351,
        "min": 4.01350736618,
        "var": 535.032043457
    },
    "hfc": {
        "dmean": 7.00121259689,
        "dmean2": 10.0961093903,
        "dvar": 116.425720215,
        "dvar2": 250.798736572,
        "max": 126.219741821,
        "mean": 24.4092273712,
        "median": 20.5379295349,
        "min": 1.22830352029e-16,
        "var": 337.021759033
    },
    "melbands_crest": {
        "dmean": 3.90736484528,
        "dmean2": 6.5027885437,
        "dvar": 11.9195261002,
        "dvar2": 30.8621463776,
        "max": 33.6363372803,
        "mean": 14.4265975952,
        "median": 13.8129272461,
        "min": 1.77086114883,
        "var": 27.071723938
    },
    "melbands_flatness_db": {
        "dmean": 0.0286488905549,
        "dmean2": 0.0447301901877,
        "dvar": 0.000951060501393,
        "dvar2": 0.00216630613431,
        "max": 0.414549320936,
        "mean": 0.184299230576,
        "median": 0.174887642264,
        "min": 0.0045205890201,
        "var": 0.00351691967808
    },
    "melbands_kurtosis": {
        "dmean": 11.3839921951,
        "dmean2": 18.8125896454,
        "dvar": 594.886291504,
        "dvar2": 1558.01477051,
        "max": 397.511535645,
        "mean": 20.9648571014,
        "median": 10.1641902924,
        "min": -1.6350774765,
        "var": 1000.82714844
    },
    "melbands_skewness": {
        "dmean": 0.884065508842,
        "dmean2": 1.4131603241,
        "dvar": 1.17215418816,
        "dvar2": 2.78658175468,
        "max": 16.9580593109,
        "mean": 3.32001447678,
        "median": 2.89128637314,
        "min": -1.19429004192,
        "var": 4.75017976761
    },
    "melbands_spread": {
        "dmean": 7.03099966049,
        "dmean2": 11.0556440353,
        "dvar": 70.0725708008,
        "dvar2": 147.169128418,
        "max": 169.756408691,
        "mean": 23.2981433868,
        "median": 21.2398967743,
        "min": 0.991044938564,
        "var": 233.554382324
    },
    "pitch_salience": {
        "dmean": 0.0843305066228,
        "dmean2": 0.139794319868,
        "dvar": 0.00610064622015,
        "dvar2": 0.0160005129874,
        "max": 0.894225120544,
        "mean": 0.593719005585,
        "median": 0.606836616993,
        "min": 0.162061884999,
        "var": 0.0118527384475
    },
    "silence_rate_20dB": {
        "dmean": 0,
        "dmean2": 0,
        "dvar": 0,
        "dvar2": 0,
        "max": 1,
        "mean": 1,
        "median": 1,
        "min": 1,
        "var": 0
    },
    "silence_rate_30dB": {
        "dmean": 0.00773993786424,
        "dmean2": 0.0154858687893,
        "dvar": 0.00768015254289,
        "dvar2": 0.0191179718822,
        "max": 1,
        "mean": 0.994197309017,
        "median": 1,
        "min": 0,
        "var": 0.00576901482418
    },
    "silence_rate_60dB": {
        "dmean": 0.011222910136,
        "dmean2": 0.0224545095116,
        "dvar": 0.0110968891531,
        "dvar2": 0.0227239765227,
        "max": 1,
        "mean": 0.0274661500007,
        "median": 0,
        "min": 0,
        "var": 0.026712667197
    },
    "spectral_centroid": {
        "dmean": 246.658782959,
        "dmean2": 391.457641602,
        "dvar": 80713.65625,
        "dvar2": 153222.59375,
        "max": 10620.2958984,
        "mean": 1348.48205566,
        "median": 1322.49145508,
        "min": 257.942352295,
        "var": 318740.8125
    },
    "spectral_complexity": {
        "dmean": 4.40673351288,
        "dmean2": 6.55710411072,
        "dvar": 19.7258090973,
        "dvar2": 37.2261886597,
        "max": 55,
        "mean": 22.499420166,
        "median": 23,
        "min": 0,
        "var": 126.203781128
    },
    "spectral_decrease": {
        "dmean": 3.38233308028e-09,
        "dmean2": 5.238862677e-09,
        "dvar": 2.08835212139e-17,
        "dvar2": 4.88811530379e-17,
        "max": 9.36780329596e-29,
        "mean": -8.04215360972e-09,
        "median": -6.53519727223e-09,
        "min": -4.77260257981e-08,
        "var": 3.17922236223e-17
    },
    "spectral_energy": {
        "dmean": 0.0131994811818,
        "dmean2": 0.0203428361565,
        "dvar": 0.000311420415528,
        "dvar2": 0.000727122009266,
        "max": 0.182824030519,
        "mean": 0.0325669385493,
        "median": 0.0267343819141,
        "min": 1.07875095531e-20,
        "var": 0.00049326318549
    },
    "spectral_energyband_high": {
        "dmean": 0.000441028940259,
        "dmean2": 0.000607881229371,
        "dvar": 6.55991414078e-07,
        "dvar2": 1.28416718326e-06,
        "max": 0.0132252769545,
        "mean": 0.00108385505155,
        "median": 0.000729196530301,
        "min": 7.77585480276e-21,
        "var": 1.52605434778e-06
    },
    "spectral_energyband_low": {
        "dmean": 0.00913668330759,
        "dmean2": 0.0144597403705,
        "dvar": 0.000234184408328,
        "dvar2": 0.000561479886528,
        "max": 0.166467428207,
        "mean": 0.0141645539552,
        "median": 0.00947531778365,
        "min": 5.32445833165e-23,
        "var": 0.00027238461189
    },
    "spectral_energyband_middle_high": {
        "dmean": 0.00199467595667,
        "dmean2": 0.00293667125516,
        "dvar": 1.20906870507e-05,
        "dvar2": 2.4984632546e-05,
        "max": 0.0667803063989,
        "mean": 0.00658931676298,
        "median": 0.00406003650278,
        "min": 1.50445301541e-21,
        "var": 7.04148915247e-05
    },
    "spectral_energyband_middle_low": {
        "dmean": 0.0057230507955,
        "dmean2": 0.00946611631662,
        "dvar": 7.60566035751e-05,
        "dvar2": 0.000195116561372,
        "max": 0.125394374132,
        "mean": 0.0131929088384,
        "median": 0.0108143137768,
        "min": 2.84393822663e-22,
        "var": 0.000111187255243
    },
    "spectral_entropy": {
        "dmean": 0.137369215488,
        "dmean2": 0.199258029461,
        "dvar": 0.01947186701,
        "dvar2": 0.0365531332791,
        "max": 9.8064956665,
        "mean": 7.83400774002,
        "median": 7.90155553818,
        "min": 6.57606887817,
        "var": 0.123361967504
    },
    "spectral_flux": {
        "dmean": 0.0302598699927,
        "dmean2": 0.0452707782388,
        "dvar": 0.00116950727534,
        "dvar2": 0.0024535220582,
        "max": 0.339583456516,
        "mean": 0.101539641619,
        "median": 0.0902308747172,
        "min": 1.03862939083e-10,
        "var": 0.00266970740631
    },
    "spectral_kurtosis": {
        "dmean": 0.959515929222,
        "dmean2": 1.51466047764,
        "dvar": 1.3826417923,
        "dvar2": 3.45639657974,
        "max": 17.7959041595,
        "mean": 3.7588737011,
        "median": 3.41294765472,
        "min": -1.21492147446,
        "var": 4.2578625679
    },
    "spectral_rms": {
        "dmean": 0.00105417927261,
        "dmean2": 0.00157102942467,
        "dvar": 1.39161727475e-06,
        "dvar2": 3.06471679323e-06,
        "max": 0.0133553324267,
        "mean": 0.00533080566674,
        "median": 0.00510708568618,
        "min": 3.2441330438e-12,
        "var": 3.35513300342e-06
    },
    "spectral_rolloff": {
        "dmean": 548.055603027,
        "dmean2": 885.536315918,
        "dvar": 1023259.3125,
        "dvar2": 2137064.75,
        "max": 19250.6835938,
        "mean": 1535.58728027,
        "median": 1227.39257812,
        "min": 64.599609375,
        "var": 2940321.25
    },
    "spectral_skewness": {
        "dmean": 0.158047839999,
        "dmean2": 0.244858294725,
        "dvar": 0.0290984716266,
        "dvar2": 0.0665185302496,
        "max": 3.03986763954,
        "mean": 1.54487621784,
        "median": 1.47949969769,
        "min": 0.0570640154183,
        "var": 0.138717770576
    },
    "spectral_spread": {
        "dmean": 669712.5625,
        "dmean2": 898028.5,
        "dvar": 849385422848,
        "dvar2": 1.25255758643e+12,
        "max": 41128744,
        "mean": 5706008,
        "median": 5364091,
        "min": 2392127.25,
        "var": 3.4730105897e+12
    },
    "spectral_strongpeak": {
        "dmean": 0.501102030277,
        "dmean2": 0.84839785099,
        "dvar": 0.943056285381,
        "dvar2": 2.25907611847,
        "max": 10.7419672012,
        "mean": 0.895481824875,
        "median": 0.386525183916,
        "min": 0,
        "var": 2.18022751808
    },
    "zerocrossingrate": {
        "dmean": 0.0127801569179,
        "dmean2": 0.0149442795664,
        "dvar": 0.000210804399103,
        "dvar2": 0.000238903216086,
        "max": 0.51123046875,
        "mean": 0.0704876035452,
        "median": 0.0634765625,
        "min": 0.00439453125,
        "var": 0.00156767840963
    },
    "barkbands": {
        "dmean": [0.000600103638135, 0.00666360137984, 0.00265469681472, 0.00248639145866, 0.0021619303152, 0.00117977242917, 0.000837697123643, 0.000806209922303, 0.00100696878508, 0.000508299272042, 0.000553082616534, 0.000433217413956, 0.000459288567072, 0.000492463004775, 0.000307049485855, 0.000289335497655, 0.000325015746057, 0.000147093538544, 0.000130085332785, 0.000113709640573, 9.06040804693e-05, 8.29739074106e-05, 7.57512243581e-05, 8.33637895994e-05, 0.000108943902887, 4.68976650154e-05, 8.51235290611e-06],
        "dmean2": [0.000908460991923, 0.0109590440989, 0.00447377935052, 0.00420369207859, 0.00363865774125, 0.00199001282454, 0.00138579949271, 0.00138436700217, 0.00167357141618, 0.000819273525849, 0.000794225372374, 0.000675335817505, 0.000704389065504, 0.000731166161131, 0.000469601713121, 0.000443370314315, 0.000525961397216, 0.000237274551182, 0.000209569494473, 0.00018245218962, 0.00014474177442, 0.000125773076434, 0.000111571076559, 0.000118965515867, 0.000156086243805, 6.80386438034e-05, 1.21085895444e-05],
        "dvar": [1.53504777245e-06, 0.000217619919567, 1.20053773571e-05, 9.51762558543e-06, 1.57148224389e-05, 4.79316213386e-06, 2.59253260992e-06, 3.81947666028e-06, 1.13206151582e-05, 4.41437759946e-06, 3.61804359272e-06, 2.58073441728e-06, 2.24856103159e-06, 1.96495921045e-06, 4.92640197081e-07, 3.19213114608e-07, 3.41183380215e-07, 4.17771701677e-08, 3.95269488251e-08, 2.41023077052e-08, 1.95045668505e-08, 2.60671093599e-08, 1.73563936556e-08, 6.74397000466e-08, 1.30188212211e-07, 6.14363226958e-09, 2.33433633534e-10],
        "dvar2": [3.16400246447e-06, 0.00054099020781, 3.13288801408e-05, 2.817612949e-05, 4.22055672971e-05, 1.30981261464e-05, 6.66570394969e-06, 1.04570081021e-05, 2.80914173345e-05, 1.04580803963e-05, 6.50979836792e-06, 5.12935412189e-06, 4.95387666888e-06, 4.00220915253e-06, 9.38395487537e-07, 6.57419832351e-07, 7.10307404006e-07, 9.51026208895e-08, 9.64988231544e-08, 5.7291114075e-08, 4.3115868209e-08, 5.34810880026e-08, 3.22169242395e-08, 1.511291714e-07, 2.88864015374e-07, 1.40626541523e-08, 5.43571909706e-10],
        "max": [0.0140464156866, 0.143621385098, 0.0537317693233, 0.042730178684, 0.059822615236, 0.0375852957368, 0.0346659384668, 0.0252487082034, 0.0967938005924, 0.0690762773156, 0.0555525198579, 0.0491533018649, 0.0388096608222, 0.0303386431187, 0.0140927275643, 0.0106521220878, 0.013520501554, 0.00421893643215, 0.00305165769532, 0.00253858207725, 0.00155431299936, 0.00163944030646, 0.00244221230969, 0.00667532300577, 0.00774229643866, 0.00133931834716, 0.00029430584982],
        "mean": [0.000625228101853, 0.00693698879331, 0.00422615231946, 0.00416343053803, 0.0032334481366, 0.00175225792918, 0.00140411115717, 0.000982228899375, 0.00147558399476, 0.000821585417725, 0.0010677841492, 0.000742125790566, 0.000735216483008, 0.000834755541291, 0.000542638590559, 0.000577795319259, 0.000665771251079, 0.000300633953884, 0.000276621343801, 0.000236250241869, 0.000203107629204, 0.000181634939509, 0.00014557094255, 0.000158975715749, 0.000182876523468, 8.07905162219e-05, 1.33779712996e-05],
        "median": [0.000139023468364, 0.00270775868557, 0.00291445408948, 0.0026729889214, 0.00199706945568, 0.000911157228984, 0.00059090484865, 0.00037863466423, 0.000419830030296, 0.00024043348094, 0.000181396244443, 0.00022218938102, 0.000192667968804, 0.000328685040586, 0.000216719621676, 0.000288708455628, 0.000408867548686, 0.000223277209443, 0.000197175089852, 0.000169233753695, 0.00012955290731, 9.72039124463e-05, 7.90127596701e-05, 8.70552903507e-05, 9.54416536842e-05, 4.82727227791e-05, 6.75230558045e-06],
        "min": [2.02282032568e-23, 8.24260565026e-24, 2.97955130485e-23, 8.37784480841e-24, 6.3827714029e-23, 4.35350434813e-23, 2.24289768765e-23, 2.18147303326e-23, 5.97958206988e-23, 1.11019336065e-22, 2.50821480259e-23, 1.20772231696e-22, 1.8098953131e-22, 9.32982006073e-23, 1.10169196445e-22, 1.41072336469e-22, 1.65181099557e-22, 1.91509893938e-22, 2.60760837364e-22, 3.12741570847e-22, 4.90679056112e-22, 4.17959585949e-22, 6.30374432715e-22, 9.63094202598e-22, 1.14973844034e-21, 1.69128052132e-21, 2.60641420231e-21],
        "var": [1.80083338819e-06, 0.000189689875697, 2.25288295042e-05, 1.96786204469e-05, 1.67046673596e-05, 6.31965167486e-06, 7.39158122087e-06, 3.74513479073e-06, 1.52494594658e-05, 7.34337891117e-06, 1.49931984197e-05, 6.43337534711e-06, 4.95796530231e-06, 4.72060628454e-06, 1.36105563797e-06, 1.00345721421e-06, 1.17409558698e-06, 1.03530467754e-07, 8.07360009958e-08, 5.52618963923e-08, 4.71428904802e-08, 5.83934856024e-08, 3.9238535976e-08, 9.67093356508e-08, 1.85425236054e-07, 1.0948502549e-08, 3.5921496333e-10]
    },
    "erbbands": {
        "dmean": [0.251248627901, 1.35124015808, 2.50621938705, 6.33072662354, 6.32003736496, 8.98920154572, 7.91932678223, 9.79591846466, 10.8579864502, 14.1421260834, 20.0795516968, 23.9533290863, 16.4709796906, 18.5019798279, 19.2154197693, 18.1052436829, 19.8906040192, 20.334608078, 18.4073600769, 14.4681072235, 15.2840709686, 16.7509918213, 8.88085460663, 6.19181871414, 6.07017946243, 5.70571184158, 3.99475288391, 3.58990263939, 2.85052490234, 3.04888510704, 2.103536129, 1.57494711876, 1.61353933811, 1.39600527287, 0.65705037117, 0.271721035242, 0.0758997350931, 0.0145916435868, 0.00160201580729, 5.57615130674e-05],
        "dmean2": [0.407474577427, 2.35623073578, 4.20404958725, 10.7050094604, 10.6350221634, 15.344865799, 13.1548900604, 16.8008804321, 18.5120506287, 22.7027721405, 34.8262329102, 39.6949195862, 26.5109710693, 28.4889278412, 27.9667892456, 27.9893360138, 30.403219223, 30.1886405945, 27.6023731232, 21.1540374756, 22.9985580444, 27.3093280792, 14.134979248, 10.1058750153, 9.66665363312, 9.20562648773, 6.33488750458, 5.83171272278, 4.41378211975, 4.68868541718, 3.08533024788, 2.28775024414, 2.3269546032, 2.02689146996, 0.96247023344, 0.400294691324, 0.112356103957, 0.021176667884, 0.00225217849948, 7.70721526351e-05],
        "dvar": [0.32706168294, 9.2956829071, 11.7800388336, 60.7804870605, 78.7052230835, 302.361968994, 159.397628784, 463.863922119, 484.785552979, 880.492553711, 2611.53100586, 6776.92480469, 9405.03515625, 3359.73486328, 4344.6015625, 3420.04223633, 4535.64111328, 3062.89111328, 2237.31152344, 1157.85253906, 793.74407959, 650.000793457, 148.457183838, 84.120765686, 86.3192367554, 58.4130935669, 32.1521492004, 37.0510864258, 32.8526191711, 32.88646698, 14.4177598953, 15.9806365967, 31.5282421112, 24.2621231079, 3.9821460247, 0.249778985977, 0.0150259695947, 0.000850504788104, 6.16960278421e-06, 5.53164403172e-09],
        "dvar2": [0.767786920071, 24.9805965424, 31.1240196228, 180.337219238, 200.762695312, 837.816955566, 417.461669922, 1288.95788574, 1209.19946289, 2263.06298828, 7301.37060547, 17421.6816406, 22681.4023438, 7453.40820312, 8321.79882812, 7972.64599609, 10278.4667969, 5689.59716797, 5015.81640625, 2293.52978516, 1496.55859375, 1448.15380859, 333.073425293, 205.879547119, 206.43788147, 140.341384888, 73.6153869629, 85.5561676025, 70.1774597168, 65.4608612061, 27.9875144958, 33.2110023499, 75.8009185791, 52.7709007263, 8.96709632874, 0.588551700115, 0.0346165634692, 0.00210271542892, 1.29786030811e-05, 1.11325917374e-08],
        "max": [6.61247873306, 34.38022995, 44.3730125427, 123.042015076, 125.250694275, 261.81829834, 177.5025177, 455.761505127, 473.387329102, 714.906677246, 626.877868652, 2392.46850586, 3403.0949707, 1882.01940918, 1808.55969238, 1539.74206543, 1814.56274414, 1718.40246582, 1065.71496582, 920.556213379, 753.507324219, 521.612731934, 252.420516968, 132.490859985, 157.061553955, 82.2359771729, 56.8957862854, 63.5274009705, 61.612071991, 74.2412872314, 70.1232910156, 115.976509094, 115.362876892, 94.2295684814, 49.1646385193, 7.83307600021, 1.78759992123, 0.584655284882, 0.0305508133024, 0.000793878687546],
        "mean": [0.240538537502, 1.40226590633, 4.17957687378, 11.038649559, 10.40122509, 12.4034547806, 13.1579589844, 13.4163064957, 15.2961015701, 24.6658840179, 25.2049407959, 35.8177604675, 23.4418201447, 37.2282447815, 38.0545501709, 33.7611694336, 35.7096786499, 38.3095550537, 34.869392395, 29.4885120392, 34.6553344727, 36.8035087585, 19.7815227509, 13.5998125076, 13.1388673782, 11.7970476151, 8.4890794754, 7.91183376312, 6.34048604965, 5.97862195969, 3.86208224297, 3.06453132629, 2.88272380829, 2.31014990807, 1.09093511105, 0.453274846077, 0.128478869796, 0.0244423039258, 0.00257242284715, 0.000110247034172],
        "median": [0.0627394542098, 0.679746091366, 2.95748233795, 7.66408348083, 7.33556079865, 6.85693645477, 7.67436933517, 6.80800819397, 7.4414563179, 9.60777378082, 10.0064115524, 10.3819532394, 8.57586956024, 9.31551265717, 7.73014163971, 11.0556564331, 10.4720001221, 15.159040451, 14.7437582016, 12.5634946823, 19.2789974213, 23.5557079315, 15.1302099228, 10.0903024673, 8.81482124329, 8.44911670685, 5.62832164764, 5.00060558319, 3.53442168236, 2.90857696533, 2.11285185814, 1.66632413864, 1.55155086517, 1.14759874344, 0.591421961784, 0.263550817966, 0.0776859819889, 0.0142771154642, 0.00131129426882, 7.41188123357e-05],
        "min": [5.1491165143e-22, 1.98184780534e-21, 2.87375792615e-20, 3.04972121443e-20, 2.06835594515e-19, 1.3640230273e-19, 1.27378214611e-19, 4.54671507616e-19, 4.42117490857e-19, 2.89549662039e-19, 6.73861135053e-19, 1.59568713291e-18, 3.41288061935e-18, 1.63956027561e-18, 2.2133132212e-18, 5.20278117809e-18, 6.06917097886e-18, 7.15819023764e-18, 3.97692101698e-18, 6.87164701524e-18, 1.10591235484e-17, 7.24388697628e-18, 1.11858120495e-17, 1.01080081191e-17, 1.43020834856e-17, 1.68862089541e-17, 2.11411333808e-17, 1.60101138432e-17, 1.63291458249e-17, 1.51902802488e-17, 1.80303916471e-17, 1.9032267842e-17, 1.66791143616e-17, 1.09055781472e-17, 9.78383355545e-18, 6.86560322009e-18, 3.09801452598e-18, 1.1286933225e-18, 3.3902232635e-19, 4.07002071191e-20],
        "var": [0.301096946001, 6.9100112915, 19.123249054, 119.940620422, 109.861167908, 306.806732178, 268.057434082, 482.054504395, 633.137512207, 3041.45263672, 2417.56201172, 9878.19042969, 8761.71875, 11252.4648438, 17904.4785156, 8538.34082031, 10783.5644531, 9280.53710938, 5677.87890625, 3384.19116211, 3541.10791016, 2526.74243164, 438.58770752, 169.927932739, 212.962310791, 134.359085083, 75.6362838745, 78.3020629883, 69.0043869019, 70.6544036865, 29.7948226929, 27.1587581635, 39.5057182312, 34.9207267761, 5.45409154892, 0.402877897024, 0.0260060764849, 0.00117158226203, 1.16094597615e-05, 1.11796056856e-08]
    },
    "gfcc": {
        "mean": [36.7535972595, 70.7537841797, -94.8804473877, 33.4413833618, -46.8996810913, 15.8596591949, -42.2011299133, 11.1538553238, -24.9946861267, 4.01010942459, -21.671836853, -0.876191139221, -14.3522167206],
        "cov": [[4861.83105469, -37.9187812805, -570.882141113, -109.147674561, -206.479797363, 29.3205451965, -33.276927948, 78.8975753784, -115.391784668, -0.681705057621, -69.2909622192, 76.5084991455, -47.8697013855], [-37.9187812805, 786.640258789, -249.381317139, -19.1403141022, 46.877948761, -8.99114131927, 60.7973632812, -11.0459623337, 9.53383159637, -28.5108089447, 88.7213287354, -51.9495162964, 61.3237609863], [-570.882141113, -249.381317139, 655.422485352, 109.004631042, 97.7401428223, 31.1883487701, -21.2016448975, 4.66640233994, 37.1324386597, 9.50178718567, -34.5761222839, 26.5125961304, -28.2250118256], [-109.147674561, -19.1403141022, 109.004631042, 385.809509277, 96.0641860962, -52.5224456787, -66.6774291992, -8.62299060822, 54.6944046021, 19.1350040436, -20.4370956421, 3.62083005905, 0.419344037771], [-206.479797363, 46.877948761, 97.7401428223, 96.0641860962, 264.476623535, 18.8126564026, -23.3343162537, 7.62428045273, 31.5964565277, 27.2936153412, 5.7366271019, -6.7351064682, 14.7082023621], [29.3205451965, -8.99114131927, 31.1883487701, -52.5224456787, 18.8126564026, 133.169952393, 66.6044998169, 21.0543308258, -21.5458679199, -12.711853981, 7.89417457581, -3.32123351097, 1.38139259815], [-33.276927948, 60.7973632812, -21.2016448975, -66.6774291992, -23.3343162537, 66.6044998169, 155.280670166, 39.4893264771, -10.4557905197, -18.8299293518, 20.786813736, 16.2521038055, 0.234748959541], [78.8975753784, -11.0459623337, 4.66640233994, -8.62299060822, 7.62428045273, 21.0543308258, 39.4893264771, 74.9262619019, 15.6834201813, 0.927209556103, 5.50690555573, 9.96596622467, 11.7430210114], [-115.391784668, 9.53383159637, 37.1324386597, 54.6944046021, 31.5964565277, -21.5458679199, -10.4557905197, 15.6834201813, 76.2882461548, 35.9569664001, -0.877903223038, -8.30942058563, 7.35658884048], [-0.681705057621, -28.5108089447, 9.50178718567, 19.1350040436, 27.2936153412, -12.711853981, -18.8299293518, 0.927209556103, 35.9569664001, 74.5133514404, 15.0060606003, -11.5561389923, -1.63415718079], [-69.2909622192, 88.7213287354, -34.5761222839, -20.4370956421, 5.7366271019, 7.89417457581, 20.786813736, 5.50690555573, -0.877903223038, 15.0060606003, 68.1952514648, 17.2637863159, 18.52485466], [76.5084991455, -51.9495162964, 26.5125961304, 3.62083005905, -6.7351064682, -3.32123351097, 16.2521038055, 9.96596622467, -8.30942058563, -11.5561389923, 17.2637863159, 74.8958358765, 14.4557580948], [-47.8697013855, 61.3237609863, -28.2250118256, 0.419344037771, 14.7082023621, 1.38139259815, 0.234748959541, 11.7430210114, 7.35658884048, -1.63415718079, 18.52485466, 14.4557580948, 56.3705329895]],
        "icov": [[0.000308157061227, -0.000185800541658, 0.000296072888887, -3.1401974411e-05, 0.000190462567843, -0.000363622064469, 0.000453623884823, -0.000671678339131, 0.00056577171199, -0.000683867256157, 0.000872400298249, -0.000907296838704, 0.00056185509311], [-0.000185800541658, 0.0026315478608, 0.000440901436377, -0.000117433788546, -0.000840629218146, 0.00116964778863, -0.0016453883145, 0.0016132335877, -0.00153706758283, 0.00315347756259, -0.00416061282158, 0.00368765904568, -0.00222383602522], [0.000296072888887, 0.000440901436377, 0.00236692139879, -0.000325996195897, -0.00051700999029, -0.00110241852235, 0.000541394285392, -0.000255286024185, -0.000852951721754, 0.000134110130602, 0.000820649031084, -0.00153303937986, 0.00141082552727], [-3.1401974411e-05, -0.000117433788546, -0.000325996195897, 0.00348269729875, -0.00100268656388, 0.000780476781074, 0.00085141020827, 0.000288793584332, -0.00205147545785, 0.000565771013498, 0.000651518523227, -0.000739186070859, 0.000350317917764], [0.000190462567843, -0.000840629218146, -0.00051700999029, -0.00100268656388, 0.005121268332, -0.00190464174375, 0.00140902202111, -0.00102849281393, 0.000123559570056, -0.0022218618542, 0.000986051978543, -0.000807791366242, -0.000453783897683], [-0.000363622064469, 0.00116964778863, -0.00110241852235, 0.000780476781074, -0.00190464174375, 0.0122456820682, -0.00559893529862, -0.000231564976275, 0.00278308568522, 0.00162638619076, -0.002589056734, 0.00480493390933, -0.00256798486225], [0.000453623884823, -0.0016453883145, 0.000541394285392, 0.00085141020827, 0.00140902202111, -0.00559893529862, 0.0121112866327, -0.00562493037432, -0.000382852420444, 0.00021144458151, 0.000365387764759, -0.00480092316866, 0.00449800677598], [-0.000671678339131, 0.0016132335877, -0.000255286024185, 0.000288793584332, -0.00102849281393, -0.000231564976275, -0.00562493037432, 0.019532032311, -0.00652429461479, 0.00302185327746, -0.00240264320746, 0.00164624967147, -0.00492031965405], [0.00056577171199, -0.00153706758283, -0.000852951721754, -0.00205147545785, 0.000123559570056, 0.00278308568522, -0.000382852420444, -0.00652429461479, 0.0241692773998, -0.0124009046704, 0.00555556686595, -0.000229771801969, -0.00227942317724], [-0.000683867256157, 0.00315347756259, 0.000134110130602, 0.000565771013498, -0.0022218618542, 0.00162638619076, 0.00021144458151, 0.00302185327746, -0.0124009046704, 0.0252846442163, -0.012654566206, 0.00757586723194, 0.000528334523551], [0.000872400298249, -0.00416061282158, 0.000820649031084, 0.000651518523227, 0.000986051978543, -0.002589056734, 0.000365387764759, -0.00240264320746, 0.00555556686595, -0.012654566206, 0.0279945190996, -0.0114058526233, -0.00138842361048], [-0.000907296838704, 0.00368765904568, -0.00153303937986, -0.000739186070859, -0.000807791366242, 0.00480493390933, -0.00480092316866, 0.00164624967147, -0.000229771801969, 0.00757586723194, -0.0114058526233, 0.0236648339778, -0.00784497428685], [0.00056185509311, -0.00222383602522, 0.00141082552727, 0.000350317917764, -0.000453783897683, -0.00256798486225, 0.00449800677598, -0.00492031965405, -0.00227942317724, 0.000528334523551, -0.00138842361048, -0.00784497428685, 0.0253083705902]]
    },
    "melbands": {
        "dmean": [0.00199213228188, 0.00141374918167, 0.00100837170612, 0.000532811507583, 0.000282700610114, 0.000220536443521, 0.000164698227309, 0.000150513049448, 0.000168134487467, 0.000148438441101, 8.22897272883e-05, 7.56857916713e-05, 7.50255858293e-05, 4.63578471681e-05, 5.31912519364e-05, 4.00910466851e-05, 4.32000269939e-05, 3.59073274012e-05, 2.31522062677e-05, 1.92714142031e-05, 1.99942169274e-05, 2.04009938898e-05, 1.16980036182e-05, 6.13730389887e-06, 5.51406674276e-06, 5.19724198966e-06, 4.14713213104e-06, 3.94647850044e-06, 2.88401065518e-06, 2.13571229324e-06, 2.27362033911e-06, 1.72101692897e-06, 1.74899423655e-06, 1.72085742633e-06, 1.27592807075e-06, 1.06117090581e-06, 1.04078083041e-06, 1.07366702196e-06, 1.35849757044e-06, 1.21726009183e-06],
        "dmean2": [0.00322785275057, 0.00238820561208, 0.00169617554639, 0.000909218506422, 0.000464207812911, 0.0003771421907, 0.000277030980214, 0.000244206137722, 0.000291719014058, 0.000244987051701, 0.000132118278998, 0.000117883217172, 0.000107436564576, 7.08831721568e-05, 8.16272440716e-05, 6.07916372246e-05, 6.47174165351e-05, 5.40811306564e-05, 3.5124427086e-05, 2.90841180686e-05, 3.05118992401e-05, 3.3349977457e-05, 1.89153288375e-05, 9.87653129414e-06, 9.15203145269e-06, 8.53548681334e-06, 6.64094432068e-06, 6.45572845315e-06, 4.67896188638e-06, 3.4109259559e-06, 3.76074763153e-06, 2.74852936855e-06, 2.66959750661e-06, 2.69138422482e-06, 1.91691651708e-06, 1.58179386744e-06, 1.55641362198e-06, 1.56251644512e-06, 2.01975876735e-06, 1.77846902716e-06],
        "dvar": [1.99974347197e-05, 5.08537823407e-06, 1.40443250984e-06, 1.07981111341e-06, 1.76240547489e-07, 2.09674652751e-07, 1.01517507289e-07, 9.30690688961e-08, 1.77813930691e-07, 3.12177832029e-07, 2.24515986247e-07, 5.45428875398e-08, 7.11159842126e-08, 4.12968788055e-08, 2.11701074448e-08, 1.85796835694e-08, 1.51409125237e-08, 1.07086117751e-08, 3.13452708234e-09, 1.86819781867e-09, 1.51707502116e-09, 1.17966048041e-09, 2.88956608641e-10, 7.0565588095e-11, 6.68176555751e-11, 6.89333867765e-11, 3.84837023359e-11, 2.86824713286e-11, 1.635209676e-11, 1.05247997817e-11, 1.57439825066e-11, 1.19640495427e-11, 1.20992226654e-11, 9.28987962945e-12, 5.38382533e-12, 4.10590745431e-12, 9.50545891998e-12, 1.29805133656e-11, 2.63883116747e-11, 1.74198936526e-11],
        "dvar2": [4.8092144425e-05, 1.3586042769e-05, 4.10051325161e-06, 2.95781160276e-06, 4.61627138293e-07, 5.7708894019e-07, 2.50395686408e-07, 2.34500618035e-07, 4.95912445331e-07, 8.0126812918e-07, 5.34978823907e-07, 1.23934370322e-07, 1.32877659098e-07, 8.07618079079e-08, 4.55813022882e-08, 4.21006660645e-08, 2.89865003111e-08, 2.4019820799e-08, 5.99585314731e-09, 3.56642337884e-09, 2.94193869266e-09, 2.57836019202e-09, 6.62330690293e-10, 1.58922416893e-10, 1.67881042401e-10, 1.74691705546e-10, 8.96596200062e-11, 7.05593361516e-11, 3.95632693273e-11, 2.44113895764e-11, 3.7519869156e-11, 2.74718928162e-11, 2.40663114437e-11, 1.8882251665e-11, 1.11334327174e-11, 8.46629190365e-12, 2.12137633848e-11, 3.04996410072e-11, 6.37463762332e-11, 3.73797034992e-11],
        "max": [0.0485549457371, 0.0317535884678, 0.0172373726964, 0.0155963320285, 0.00505289202556, 0.0089397104457, 0.00647579180077, 0.00660035293549, 0.00460046622902, 0.0172779224813, 0.0165961775929, 0.00751614896581, 0.0081174466759, 0.00733093684539, 0.0039279339835, 0.0027021120768, 0.00364612042904, 0.0023421770893, 0.00125650072005, 0.000869401090313, 0.00121841137297, 0.000804085109849, 0.000416565249907, 0.00017986515013, 0.00011547167378, 0.000134734538733, 0.000163754171808, 6.40692305751e-05, 3.89164815715e-05, 3.63366161764e-05, 4.66331839561e-05, 3.97897238145e-05, 4.51047853858e-05, 3.7970199628e-05, 4.0252936742e-05, 4.21541517426e-05, 9.19195008464e-05, 7.81381095294e-05, 0.00010060085333, 8.96351775737e-05],
        "mean": [0.00202314276248, 0.00211795140058, 0.00190065614879, 0.00079777976498, 0.000484712538309, 0.000311737792799, 0.00025029265089, 0.00025391735835, 0.000214087485801, 0.000217211723793, 0.000111986373668, 0.000146124730236, 0.000146702790516, 8.14069935586e-05, 9.09265072551e-05, 6.59510260448e-05, 7.44621138438e-05, 6.09697817708e-05, 3.97834082833e-05, 3.80366691388e-05, 4.17249502789e-05, 4.1167197196e-05, 2.44482507696e-05, 1.24836324176e-05, 1.08093790914e-05, 1.01264422483e-05, 8.6530808403e-06, 7.47481317376e-06, 5.43329588254e-06, 4.42796499556e-06, 4.60075125375e-06, 3.56564441972e-06, 3.43633746525e-06, 3.21763695865e-06, 2.20545393859e-06, 1.87872365132e-06, 1.89958348074e-06, 1.86357249277e-06, 2.16178341361e-06, 1.93189839592e-06],
        "median": [0.000669542350806, 0.00146371475421, 0.00141624023672, 0.000521312525962, 0.000297589926049, 0.000158965383889, 0.000114250869956, 0.000100457516965, 7.68439422245e-05, 6.12501680735e-05, 3.69422195945e-05, 3.54429066647e-05, 2.57703377429e-05, 2.10398538911e-05, 2.75690163107e-05, 1.95467255253e-05, 2.77811632259e-05, 2.39367618633e-05, 1.6063784642e-05, 1.64569573826e-05, 2.16129083128e-05, 2.49402655754e-05, 1.69343602465e-05, 9.26481789065e-06, 7.61516002967e-06, 6.72946771374e-06, 5.75043350182e-06, 5.31001751369e-06, 3.54882286047e-06, 2.80818039755e-06, 2.79231767308e-06, 2.00157433028e-06, 1.61714513069e-06, 1.57754391239e-06, 1.16133332995e-06, 1.04021592051e-06, 9.99904614218e-07, 9.62491981227e-07, 1.0890738622e-06, 9.31866622977e-07],
        "min": [5.16870579229e-24, 1.02040546486e-23, 9.77170680767e-24, 1.56255311964e-23, 3.92147568037e-24, 9.88049309308e-24, 6.13127031897e-24, 3.30050311123e-24, 6.99234394588e-24, 9.35912072133e-24, 1.73262569323e-23, 6.75682715605e-24, 4.79212292323e-24, 1.43550864858e-23, 1.37112434585e-23, 1.57921843735e-23, 1.25302255978e-23, 5.4563706267e-24, 9.48827855076e-24, 7.57224506364e-24, 1.53089834032e-23, 7.81987796812e-24, 8.55189355651e-24, 9.42977347058e-24, 7.612906899e-24, 1.14109368918e-23, 9.31707995711e-24, 1.12448217178e-23, 1.35234172547e-23, 9.42644605528e-24, 9.05714555567e-24, 8.14063117877e-24, 9.6248879603e-24, 8.63357221464e-24, 1.0269466206e-23, 1.05352720991e-23, 1.22842777002e-23, 1.27987854043e-23, 8.93368014653e-24, 9.30353521536e-24],
        "var": [1.82013827725e-05, 5.56609256819e-06, 2.9349214401e-06, 1.04037383153e-06, 3.01498232602e-07, 2.37717472373e-07, 1.7344781611e-07, 2.74180621318e-07, 1.79603901529e-07, 3.92939909943e-07, 2.15794443648e-07, 1.8316946182e-07, 2.95135890838e-07, 1.01957020604e-07, 5.70972567004e-08, 3.62949101884e-08, 4.0926117606e-08, 2.20701217302e-08, 7.46210915281e-09, 5.65531177443e-09, 6.4982272896e-09, 4.25177493213e-09, 8.29696922278e-10, 1.7313024625e-10, 1.21149756893e-10, 1.30157842837e-10, 1.01466592073e-10, 5.71114995573e-11, 3.30611545085e-11, 2.38206433745e-11, 2.90553518745e-11, 2.1926110233e-11, 2.62648843646e-11, 1.95929539953e-11, 1.02503483132e-11, 7.80065161771e-12, 1.35595397757e-11, 1.66355991482e-11, 3.1619172558e-11, 2.5272731824e-11]
    },
    "mfcc": {
        "mean": [-614.021362305, 108.245178223, 10.6387586594, 23.5543193817, 16.3848018646, 6.31444597244, 0.424410104752, 1.52949845791, 3.18531751633, 0.533931732178, -0.0813432857394, -0.366991192102, -2.10657024384],
        "cov": [[3501.64428711, -72.1717453003, -414.593353271, -133.766067505, -237.423355103, -99.7423782349, 2.29005050659, 42.9538154602, -13.8168716431, -55.3102073669, -1.10108244419, 33.1143074036, 12.1220741272], [-72.1717453003, 648.667114258, -142.234863281, -72.3684844971, -2.83707809448, -4.22745800018, 83.0931472778, 4.20549678802, -18.4764785767, 33.6835861206, -13.5065822601, 2.63168597221, 11.8456573486], [-414.593353271, -142.234863281, 451.910736084, 68.2206420898, 54.2874603271, 34.890209198, -19.6345863342, 32.5067138672, 18.8698730469, -10.9663238525, 25.1209411621, -21.5735855103, -14.6350259781], [-133.766067505, -72.3684844971, 68.2206420898, 347.374816895, 150.670410156, 33.9935646057, -73.9923477173, -16.7036457062, 19.4214916229, 4.43806743622, 12.9809703827, 5.91855573654, 12.2652187347], [-237.423355103, -2.83707809448, 54.2874603271, 150.670410156, 274.144805908, 51.5611763, -20.3133716583, -35.7236557007, 24.3470478058, 22.6490135193, -0.454385250807, 0.97495007515, -5.0702290535], [-99.7423782349, -4.22745800018, 34.890209198, 33.9935646057, 51.5611763, 97.6582260132, 26.8663043976, 8.04412841797, 8.64423751831, 6.30665016174, 17.3608360291, 3.45631504059, -9.94499874115], [2.29005050659, 83.0931472778, -19.6345863342, -73.9923477173, -20.3133716583, 26.8663043976, 130.454849243, 55.948299408, 6.10327005386, -4.50646686554, 6.92464971542, 16.2112407684, 0.11369394511], [42.9538154602, 4.20549678802, 32.5067138672, -16.7036457062, -35.7236557007, 8.04412841797, 55.948299408, 112.419456482, 24.4517498016, -31.7131786346, 3.48984885216, 9.22222042084, -3.63898396492], [-13.8168716431, -18.4764785767, 18.8698730469, 19.4214916229, 24.3470478058, 8.64423751831, 6.10327005386, 24.4517498016, 71.699256897, 20.0396938324, 9.3731584549, 4.47318696976, -1.97634994984], [-55.3102073669, 33.6835861206, -10.9663238525, 4.43806743622, 22.6490135193, 6.30665016174, -4.50646686554, -31.7131786346, 20.0396938324, 88.831817627, 9.54678535461, -11.7939462662, 10.9104614258], [-1.10108244419, -13.5065822601, 25.1209411621, 12.9809703827, -0.454385250807, 17.3608360291, 6.92464971542, 3.48984885216, 9.3731584549, 9.54678535461, 60.7863845825, 21.7072486877, -7.75810861588], [33.1143074036, 2.63168597221, -21.5735855103, 5.91855573654, 0.97495007515, 3.45631504059, 16.2112407684, 9.22222042084, 4.47318696976, -11.7939462662, 21.7072486877, 60.6069488525, 12.2624807358], [12.1220741272, 11.8456573486, -14.6350259781, 12.2652187347, -5.0702290535, -9.94499874115, 0.11369394511, -3.63898396492, -1.97634994984, 10.9104614258, -7.75810861588, 12.2624807358, 60.1688079834]],
