{
"lowlevel": {
    "average_loudness": 0.921584010124,
    "barkbands_crest": {
        "dmean": 2.24596381187,
        "dmean2": 3.46272802353,
        "dvar": 6.04659175873,
        "dvar2": 14.6131982803,
        "max": 25.4367790222,
        "mean": 13.240439415,
        "median": 13.0808725357,
        "min": 3.26072716713,
        "var": 21.0413475037
    },
    "barkbands_flatness_db": {
        "dmean": 0.028965825215,
        "dmean2": 0.0408943071961,
        "dvar": 0.00106615701225,
        "dvar2": 0.00221042684279,
        "max": 0.499443888664,
        "mean": 0.198322698474,
        "median": 0.177394732833,
        "min": 0.0386256761849,
        "var": 0.00841696280986
    },
    "barkbands_kurtosis": {
        "dmean": 9.56749820709,
        "dmean2": 14.8421020508,
        "dvar": 550.003845215,
        "dvar2": 1391.1895752,
        "max": 614.27520752,
        "mean": 27.5682144165,
        "median": 9.11261749268,
        "min": -1.95678198338,
        "var": 3817.09545898
    },
    "barkbands_skewness": {
        "dmean": 0.781807899475,
        "dmean2": 1.16032123566,
        "dvar": 0.9115229249,
        "dvar2": 1.94757294655,
        "max": 19.6326122284,
        "mean": 3.31804203987,
        "median": 2.74539327621,
        "min": -3.35182881355,
        "var": 8.10583591461
    },
    "barkbands_spread": {
        "dmean": 5.46139764786,
        "dmean2": 8.09481811523,
        "dvar": 71.1356124878,
        "dvar2": 139.459671021,
        "max": 159.448822021,
        "mean": 17.9812355042,
        "median": 11.8850450516,
        "min": 0.189004480839,
        "var": 348.002960205
    },
    "dissonance": {
        "dmean": 0.0143430493772,
        "dmean2": 0.0235956329852,
        "dvar": 0.000321551429806,
        "dvar2": 0.000850615091622,
        "max": 0.499993592501,
        "mean": 0.466603159904,
        "median": 0.47496894002,
        "min": 0.208806321025,
        "var": 0.000829215859994
    },
    "dynamic_complexity": 2.01299667358,
    "erbbands_crest": {
        "dmean": 2.10691452026,
        "dmean2": 3.32179188728,
        "dvar": 5.228723526,
        "dvar2": 12.0822925568,
        "max": 27.9086494446,
        "mean": 8.99740409851,
        "median": 7.50454044342,
        "min": 2.32189655304,
        "var": 24.8441524506
    },
    "erbbands_flatness_db": {
        "dmean": 0.0208441186696,
        "dmean2": 0.0266626831144,
        "dvar": 0.000591210147832,
        "dvar2": 0.00101453310344,
        "max": 0.33867752552,
        "mean": 0.15655580163,
        "median": 0.151451602578,
        "min": 0.0517537929118,
        "var": 0.00356244808063
    },
    "erbbands_kurtosis": {
        "dmean": 1.15226185322,
        "dmean2": 1.73624944687,
        "dvar": 3.67359757423,
        "dvar2": 8.6588640213,
        "max": 41.816078186,
        "mean": 1.27301442623,
        "median": 0.212671041489,
        "min": -1.88082134724,
        "var": 14.1198883057
    },
    "erbbands_skewness": {
        "dmean": 0.384332716465,
        "dmean2": 0.557599246502,
        "dvar": 0.171975195408,
        "dvar2": 0.377655893564,
        "max": 6.20639276505,
        "mean": 0.338616728783,
        "median": 0.289399504662,
        "min": -3.35873508453,
        "var": 1.50355553627
    },
    "erbbands_spread": {
        "dmean": 11.0605697632,
        "dmean2": 16.0048847198,
        "dvar": 159.02772522,
        "dvar2": 342.444030762,
        "max": 138.678009033,
        "mean": 48.2112197876,
        "median": 42.7811775208,
        "min": 5.90619039536,
        "var": 734.819946289
    },
    "hfc": {
        "dmean": 6.46215295792,
        "dmean2": 9.32907581329,
        "dvar": 109.192939758,
        "dvar2": 232.093231201,
        "max": 167.138565063,
        "mean": 20.6928424835,
        "median": 14.7615880966,
        "min": 1.08523469241e-16,
        "var": 344.113494873
    },
    "melbands_crest": {
        "dmean": 2.82891583443,
        "dmean2": 4.63308238983,
        "dvar": 11.1657514572,
        "dvar2": 28.5197143555,
        "max": 32.7136993408,
        "mean": 18.9056816101,
        "median": 18.5545902252,
        "min": 3.53981614113,
        "var": 33.7578964233
    },
    "melbands_flatness_db": {
        "dmean": 0.0330242812634,
        "dmean2": 0.0472268424928,
        "dvar": 0.00142372155096,
        "dvar2": 0.00301460409537,
        "max": 0.61081302166,
        "mean": 0.289216339588,
        "median": 0.267740309238,
        "min": 0.00720918457955,
        "var": 0.0120557453483
    },
    "melbands_kurtosis": {
        "dmean": 19.9939594269,
        "dmean2": 30.4338302612,
        "dvar": 1084.08935547,
        "dvar2": 2325.87158203,
        "max": 625.714477539,
        "mean": 57.5206832886,
        "median": 26.7754211426,
        "min": -1.76374733448,
        "var": 6804.62060547
    },
    "melbands_skewness": {
        "dmean": 1.06785166264,
        "dmean2": 1.60205626488,
        "dvar": 1.54658973217,
        "dvar2": 3.4238049984,
        "max": 18.896686554,
        "mean": 5.02252292633,
        "median": 4.43463945389,
        "min": -1.77707219124,
        "var": 8.98124790192
    },
    "melbands_spread": {
        "dmean": 4.61886787415,
        "dmean2": 6.98328065872,
        "dvar": 51.2966804504,
        "dvar2": 108.367218018,
        "max": 144.160079956,
        "mean": 15.0692777634,
        "median": 7.71023082733,
        "min": 0.26622825861,
        "var": 384.06741333
    },
    "pitch_salience": {
        "dmean": 0.0718319565058,
        "dmean2": 0.116349279881,
        "dvar": 0.00674294540659,
        "dvar2": 0.0172757897526,
        "max": 0.892750918865,
        "mean": 0.48286652565,
        "median": 0.502690255642,
        "min": 0.0307573247701,
        "var": 0.0249394010752
    },
    "silence_rate_20dB": {
        "dmean": 0,
        "dmean2": 0,
        "dvar": 0,
        "dvar2": 0,
        "max": 1,
        "mean": 1,
        "median": 1,
        "min": 1,
        "var": 0
    },
    "silence_rate_30dB": {
        "dmean": 0.0835913345218,
        "dmean2": 0.167247384787,
        "dvar": 0.0766043066978,
        "dvar2": 0.165605321527,
        "max": 1,
        "mean": 0.903675019741,
        "median": 1,
        "min": 0,
        "var": 0.0870459079742
    },
    "silence_rate_60dB": {
        "dmean": 0.00116099067964,
        "dmean2": 0.00232288031839,
        "dvar": 0.00115969986655,
        "dvar2": 0.00231738528237,
        "max": 1,
        "mean": 0.0150870410725,
        "median": 0,
        "min": 0,
        "var": 0.0148598914966
    },
    "spectral_centroid": {
        "dmean": 217.178207397,
        "dmean2": 324.770843506,
        "dvar": 101029.476562,
        "dvar2": 198924.09375,
        "max": 10944.9492188,
        "mean": 1035.48950195,
        "median": 739.897644043,
        "min": 123.206581116,
        "var": 729084.8125
    },
    "spectral_complexity": {
        "dmean": 3.59558820724,
        "dmean2": 5.63995361328,
        "dvar": 18.912147522,
        "dvar2": 42.9767875671,
        "max": 59,
        "mean": 17.8909091949,
        "median": 16,
        "min": 0,
        "var": 118.081924438
    },
    "spectral_decrease": {
        "dmean": 3.68472941048e-09,
        "dmean2": 5.7223661365e-09,
        "dvar": 3.76619137926e-17,
        "dvar2": 8.91107380222e-17,
        "max": -1.49525138374e-29,
        "mean": -1.35229951681e-08,
        "median": -1.11023146232e-08,
        "min": -5.36985034216e-08,
        "var": 8.00699252423e-17
    },
    "spectral_energy": {
        "dmean": 0.0142033947632,
        "dmean2": 0.0220135822892,
        "dvar": 0.000554918777198,
        "dvar2": 0.00131254456937,
        "max": 0.206818789244,
        "mean": 0.0529157035053,
        "median": 0.043457839638,
        "min": 9.89983166477e-21,
        "var": 0.00117511884309
    },
    "spectral_energyband_high": {
        "dmean": 0.000538593914825,
        "dmean2": 0.00077719258843,
        "dvar": 1.22563051264e-06,
        "dvar2": 2.37466088038e-06,
        "max": 0.0201284158975,
        "mean": 0.00106439425144,
        "median": 0.000374298950192,
        "min": 7.10953900892e-21,
        "var": 3.98919200961e-06
    },
    "spectral_energyband_low": {
        "dmean": 0.0110977571458,
        "dmean2": 0.0176360215992,
        "dvar": 0.000382677884772,
        "dvar2": 0.000910906645004,
        "max": 0.185763463378,
        "mean": 0.0370020456612,
        "median": 0.0277828704566,
        "min": 6.07625160956e-23,
        "var": 0.000969036016613
    },
    "spectral_energyband_middle_high": {
        "dmean": 0.00127297441941,
        "dmean2": 0.00189376587514,
        "dvar": 3.8764906094e-06,
        "dvar2": 8.61975240696e-06,
        "max": 0.0246916674078,
        "mean": 0.00355996727012,
        "median": 0.00207415502518,
        "min": 1.49246010822e-21,
        "var": 1.50895803017e-05
    },
    "spectral_energyband_middle_low": {
        "dmean": 0.00760789541528,
        "dmean2": 0.0114189628512,
        "dvar": 0.000289278075797,
        "dvar2": 0.00064498221036,
        "max": 0.162154302001,
        "mean": 0.0152373723686,
        "median": 0.0101670352742,
        "min": 4.41519516418e-22,
        "var": 0.000407493585953
    },
    "spectral_entropy": {
        "dmean": 0.222899451852,
        "dmean2": 0.307354062796,
        "dvar": 0.0746586769819,
        "dvar2": 0.148064434528,
        "max": 9.79745769501,
        "mean": 7.32274246216,
        "median": 7.50100803375,
        "min": 5.05456399918,
        "var": 0.451707839966
    },
    "spectral_flux": {
        "dmean": 0.03420490399,
        "dmean2": 0.0538916699588,
        "dvar": 0.00222119502723,
        "dvar2": 0.00475593749434,
        "max": 0.386828750372,
        "mean": 0.0868087112904,
        "median": 0.0695222169161,
        "min": 9.94978960334e-11,
        "var": 0.00472830701619
    },
    "spectral_kurtosis": {
        "dmean": 3.29147696495,
        "dmean2": 5.3120007515,
        "dvar": 29.6820755005,
        "dvar2": 72.2082366943,
        "max": 86.2972259521,
        "mean": 6.45906877518,
        "median": 4.04721736908,
        "min": -1.42784464359,
        "var": 61.6639938354
    },
    "spectral_rms": {
        "dmean": 0.000880365201738,
        "dmean2": 0.00135379249696,
        "dvar": 1.69733414168e-06,
        "dvar2": 3.87062164009e-06,
        "max": 0.0142047321424,
        "mean": 0.00681257992983,
        "median": 0.00651136646047,
        "min": 3.10779223536e-12,
        "var": 5.2137838793e-06
    },
    "spectral_rolloff": {
        "dmean": 331.63269043,
        "dmean2": 562.748718262,
        "dvar": 655141.0625,
        "dvar2": 1395978.875,
        "max": 19164.5507812,
        "mean": 1019.6998291,
        "median": 301.46484375,
        "min": 64.599609375,
        "var": 3933014.5
    },
    "spectral_skewness": {
        "dmean": 0.386470854282,
        "dmean2": 0.594427585602,
        "dvar": 0.222246676683,
        "dvar2": 0.519897341728,
        "max": 7.1007604599,
        "mean": 1.6586946249,
        "median": 1.42861795425,
        "min": -0.334224462509,
        "var": 0.939994096756
    },
    "spectral_spread": {
        "dmean": 739812.125,
        "dmean2": 981073.5625,
        "dvar": 1.1787042816e+12,
        "dvar2": 1.82206739251e+12,
        "max": 41292744,
        "mean": 4547288.5,
        "median": 4042756.25,
        "min": 935548.6875,
        "var": 4.5234782208e+12
    },
    "spectral_strongpeak": {
        "dmean": 0.299578517675,
        "dmean2": 0.502164661884,
        "dvar": 0.392921835184,
        "dvar2": 0.914109766483,
        "max": 7.94239473343,
        "mean": 0.763150393963,
        "median": 0.618932068348,
        "min": 0,
        "var": 0.511599004269
    },
    "zerocrossingrate": {
        "dmean": 0.00902583356947,
        "dmean2": 0.0102461557835,
        "dvar": 0.000123207297293,
        "dvar2": 0.000142984892591,
        "max": 0.53759765625,
        "mean": 0.0426436699927,
        "median": 0.0322265625,
        "min": 0.00341796875,
        "var": 0.00239226478152
    },
    "barkbands": {
        "dmean": [0.000376873271307, 0.00633102608845, 0.00589045090601, 0.00477618025616, 0.00335146207362, 0.000770191487391, 0.000533153070137, 0.000312770280289, 0.000256045517744, 0.000262178538833, 0.000192656400031, 0.000284913927317, 0.000310880044708, 0.00021837548411, 0.000162713608006, 0.00021987708169, 0.000157193033374, 0.000144566816743, 0.000112207162601, 0.000104268729046, 0.000110529988888, 0.000123381381854, 0.000161177420523, 9.59132958087e-05, 3.79870543838e-05, 3.49066249328e-05, 2.4501745429e-05],
        "dmean2": [0.000625993765425, 0.00908671040088, 0.00985755771399, 0.00722022447735, 0.00588195724413, 0.00129734328948, 0.000855168385897, 0.000491264567245, 0.000394634931581, 0.000408577267081, 0.000309777766233, 0.000454776483821, 0.000471115665277, 0.000342151761288, 0.000269241601927, 0.000342569488566, 0.000255887658568, 0.000233758459217, 0.000184039381566, 0.000169372011442, 0.000177073496161, 0.000192028586753, 0.000235853382037, 0.000141841897857, 5.54702055524e-05, 4.82920586364e-05, 3.61768215953e-05],
        "dvar": [5.72003102661e-07, 0.000188521895325, 0.00017589739582, 0.000149487634189, 8.17494146759e-05, 2.16912303586e-06, 2.46359081757e-06, 1.37011818424e-06, 4.17730745994e-07, 5.54080884285e-07, 2.81911241018e-07, 8.24043524972e-07, 5.67657252759e-07, 3.52000483872e-07, 1.02714601269e-07, 2.99354979916e-07, 8.42589713557e-08, 7.19124315651e-08, 3.69476573781e-08, 4.1942914919e-08, 4.89171689821e-08, 7.44504475847e-08, 2.24138190674e-07, 8.73053167538e-08, 8.71609007191e-09, 5.05818631424e-09, 2.42189357458e-09],
        "dvar2": [1.50842333824e-06, 0.000370739668142, 0.00049851112999, 0.000299388630083, 0.000237352316617, 5.53836980544e-06, 5.42492080058e-06, 2.4267515073e-06, 9.44494956912e-07, 1.08269534849e-06, 6.90716149165e-07, 2.07849188882e-06, 1.18076172839e-06, 8.02998158633e-07, 2.72739782758e-07, 5.81232427521e-07, 2.17589203544e-07, 1.75405659775e-07, 9.70901652408e-08, 1.0535963213e-07, 1.2228964863e-07, 1.71187707565e-07, 4.12829365359e-07, 1.76431370846e-07, 1.64951448056e-08, 9.57372936483e-09, 5.41832712031e-09],
        "max": [0.0109553840011, 0.163101270795, 0.13553018868, 0.11299919337, 0.0849282369018, 0.0211585089564, 0.0403249375522, 0.0334092602134, 0.012490382418, 0.0155555801466, 0.0089476108551, 0.0166069213301, 0.0197378918529, 0.0149338692427, 0.00689266948029, 0.0136226974428, 0.00552169745788, 0.0052374205552, 0.00369467376731, 0.00376100791618, 0.00337133114226, 0.00404561683536, 0.0108868796378, 0.00667562102899, 0.00155028968584, 0.00095614825841, 0.00045908294851],
        "mean": [0.000645936001092, 0.0168174412102, 0.0156338196248, 0.00674909725785, 0.00518303597346, 0.00130172574427, 0.000887988368049, 0.000522023590747, 0.00049918849254, 0.000431595399277, 0.000289338757284, 0.000428626837675, 0.000548416108359, 0.000334858545102, 0.000262826215476, 0.000372285547201, 0.000329565082211, 0.000268674106337, 0.000229184282944, 0.000214707528357, 0.00021346147696, 0.000212985469261, 0.000262148678303, 0.000146045786096, 6.02372310823e-05, 4.43122007709e-05, 2.62927987933e-05],
        "median": [0.000157472197316, 0.0102309947833, 0.00939224381, 0.002353514079, 0.00331765832379, 0.00073734781472, 0.000409859057982, 0.000140191899845, 0.000222558519454, 0.000143565077451, 0.000109281703772, 0.000125313003082, 0.000138196031912, 0.000130104876007, 0.000108444808575, 0.000115213617391, 0.000108534819447, 9.8739801615e-05, 8.91123054316e-05, 7.53375716158e-05, 5.89589617448e-05, 5.65420377825e-05, 2.66334991466e-05, 1.3977868548e-05, 6.18023841525e-06, 2.59871853814e-06, 7.57972202337e-07],
        "min": [1.10939536474e-23, 1.25786648128e-23, 1.76413942422e-23, 5.0107359227e-23, 3.58653527966e-23, 1.7320201005e-22, 5.12377779716e-23, 4.18418829214e-23, 6.01823940968e-23, 7.64523536553e-23, 1.02095047308e-22, 3.17335171007e-23, 7.99318108489e-23, 1.29515599938e-22, 7.99599006081e-23, 1.65491557344e-22, 1.6770535348e-22, 2.28046232888e-22, 2.37724533831e-22, 4.02057538495e-22, 2.87630500024e-22, 4.93449687073e-22, 5.3939420837e-22, 9.25666703261e-22, 1.13699529487e-21, 1.25576518302e-21, 2.41274165567e-21],
        "var": [1.1490453744e-06, 0.000455641886219, 0.000334712211043, 0.000202037335839, 5.909643005e-05, 3.2797518088e-06, 4.86359931529e-06, 5.78939943807e-06, 1.00760235e-06, 1.28721910642e-06, 4.2680022716e-07, 1.27328837607e-06, 2.34342860495e-06, 5.24043230143e-07, 2.24437329166e-07, 7.13115355211e-07, 2.79183126395e-07, 1.57309486326e-07, 1.23821976672e-07, 1.16437334441e-07, 1.22607019648e-07, 1.76364224558e-07, 6.78219123529e-07, 2.0447156146e-07, 2.14931290543e-08, 1.06662660926e-08, 3.41828720885e-09]
    },
    "erbbands": {
        "dmean": [0.153662651777, 1.5911757946, 6.05928993225, 11.7726163864, 13.2316160202, 11.0908975601, 6.91570568085, 5.65205526352, 6.2108464241, 8.74472522736, 5.59434127808, 5.45593738556, 5.97828722, 9.45586109161, 7.05183029175, 10.9200143814, 13.3171396255, 12.4456424713, 8.78735256195, 8.65864944458, 11.3557872772, 7.61453580856, 7.59020137787, 6.10648107529, 5.08655548096, 4.75515460968, 4.22628259659, 4.52957057953, 4.36341428757, 5.0924282074, 4.26230764389, 2.61749529839, 1.28208839893, 0.487722069025, 0.260863155127, 0.132101118565, 0.0648313090205, 0.0278474297374, 0.00443954439834, 0.000149418294313],
        "dmean2": [0.228578031063, 2.28970551491, 9.85032367706, 18.5444564819, 21.449962616, 18.9321479797, 11.6282491684, 9.62991523743, 10.5165977478, 13.5206232071, 8.95812702179, 8.33403396606, 9.16845035553, 14.1719961166, 11.5658330917, 17.3218345642, 19.9079704285, 19.2582893372, 13.8924894333, 14.0672807693, 17.6055812836, 12.267999649, 12.1178750992, 10.0026130676, 8.29822254181, 7.664021492, 6.93261241913, 7.08426046371, 6.7730307579, 7.87547206879, 6.13133811951, 3.74571824074, 1.97182142735, 0.710495650768, 0.387647151947, 0.183847025037, 0.0917291268706, 0.0410759411752, 0.00649378728122, 0.00021790379833],
        "dvar": [0.160103276372, 11.2651777267, 193.117950439, 657.674560547, 1404.50720215, 618.715148926, 162.716186523, 126.976287842, 293.207183838, 706.064758301, 274.453735352, 185.853012085, 210.493759155, 727.692199707, 441.164611816, 1341.89904785, 1045.55761719, 1044.54589844, 263.423919678, 373.189178467, 675.067749023, 164.84664917, 191.08946228, 115.153320312, 82.9536819458, 88.8201446533, 60.0029067993, 98.6198806763, 85.0995254517, 192.794128418, 171.38104248, 83.4666748047, 12.4769830704, 1.3359361887, 0.453936696053, 0.102246969938, 0.0177031289786, 0.0031794863753, 8.10073979665e-05, 9.39084330298e-08],
        "dvar2": [0.367778718472, 21.0957832336, 532.297058105, 1399.57409668, 3677.58105469, 1786.38720703, 421.894500732, 347.296478271, 764.513793945, 1344.58374023, 601.24822998, 380.112640381, 405.765350342, 1350.96240234, 1108.82141113, 3425.75024414, 2059.73339844, 2339.08325195, 621.942016602, 887.024169922, 1311.95336914, 402.725982666, 455.295623779, 289.452148438, 206.454879761, 227.430557251, 154.96836853, 238.763809204, 199.0415802, 414.430511475, 308.654266357, 161.142379761, 28.2030677795, 2.61113119125, 0.898052930832, 0.19337554276, 0.0354783535004, 0.00714875943959, 0.000180287097464, 2.15262076608e-07],
        "max": [5.65763044357, 38.106590271, 136.240585327, 227.551696777, 350.018432617, 300.023071289, 189.456344604, 123.460250854, 436.537261963, 688.082397461, 469.939819336, 366.392852783, 411.349090576, 587.60333252, 523.076599121, 621.67010498, 807.770141602, 787.526184082, 241.244476318, 397.559906006, 683.938903809, 196.151290894, 300.185943604, 174.105102539, 133.407455444, 170.5493927, 101.521522522, 145.336959839, 127.444953918, 332.758483887, 278.43057251, 221.661468506, 87.2727127075, 19.2564373016, 10.9437627792, 5.11184930801, 1.68169093132, 0.58053290844, 0.085584834218, 0.00406466471031],
        "mean": [0.385687410831, 4.18592357635, 16.931350708, 21.8862667084, 19.5137767792, 17.7913627625, 12.4064083099, 8.83362674713, 9.42176818848, 16.6363658905, 9.67320156097, 11.3468236923, 11.1719198227, 16.5827064514, 11.7391195297, 18.0692691803, 25.3579425812, 19.6718273163, 15.6075630188, 14.2819757462, 21.9111595154, 17.5276832581, 15.5293579102, 12.7692775726, 10.9554033279, 9.87693309784, 8.62500858307, 8.19613552094, 7.53346920013, 8.35973739624, 7.04927825928, 4.10877227783, 1.88098692894, 0.792308390141, 0.387847214937, 0.184798553586, 0.0793830305338, 0.0297239031643, 0.00492234714329, 0.000206221389817],
        "median": [0.128948509693, 2.3851890564, 10.2064151764, 13.3437042236, 10.6426792145, 10.1841096878, 7.06222391129, 5.16969203949, 4.84065723419, 6.33576154709, 3.74806261063, 4.70142412186, 5.47358798981, 5.5407075882, 4.60688781738, 5.26174449921, 6.58162307739, 7.48576021194, 7.01671791077, 5.39403104782, 6.67606019974, 6.22431373596, 5.75147438049, 4.67056465149, 4.74291181564, 3.29881596565, 2.54580926895, 2.25556397438, 2.11654210091, 1.0309728384, 0.702597975731, 0.380697786808, 0.186664029956, 0.0896231010556, 0.0334082618356, 0.0117756947875, 0.00475706718862, 0.00123285548761, 0.00016014216817, 6.47175111226e-05],
        "min": [3.91664920847e-22, 3.10035694638e-21, 1.71017911435e-20, 1.04453821588e-19, 1.35094853299e-19, 9.45810978596e-20, 5.57512650127e-19, 1.7400771957e-18, 9.24704586388e-19, 6.8596211533e-19, 1.08458215858e-18, 1.81413322837e-18, 1.82656678695e-18, 4.34415157224e-18, 2.27199486142e-18, 1.58389960238e-18, 2.88760645472e-18, 5.01919505858e-18, 5.92449460818e-18, 3.80122371897e-18, 1.05057016683e-17, 1.00258186262e-17, 1.25779652922e-17, 1.12689519729e-17, 1.35912234923e-17, 1.8827140285e-17, 1.23842122958e-17, 1.24957278229e-17, 1.98471780573e-17, 1.46566561095e-17, 1.47379315678e-17, 1.71942212357e-17, 1.66895202937e-17, 9.8864684715e-18, 9.47198977324e-18, 5.33949634896e-18, 2.39370766432e-18, 1.03824029534e-18, 3.36100362535e-19, 3.82429346314e-20],
        "var": [0.337857574224, 26.9422206879, 351.533691406, 913.168884277, 1243.44299316, 585.526184082, 265.150085449, 143.245239258, 431.694580078, 2226.75097656, 721.410095215, 637.89050293, 555.550842285, 1914.28625488, 830.293151855, 2303.51000977, 4871.01757812, 1697.87927246, 631.583190918, 683.051208496, 1961.2713623, 635.100708008, 498.967834473, 353.580871582, 261.309173584, 245.266326904, 175.388534546, 210.906723022, 188.238677979, 550.687744141, 509.933654785, 196.284072876, 26.4038200378, 3.33583331108, 1.05184626579, 0.225037842989, 0.0345134958625, 0.00399551633745, 0.000125994585687, 1.30197832959e-07]
    },
    "gfcc": {
        "mean": [-13.1812934875, 111.75176239, -93.5705337524, 47.7326622009, -35.6448669434, 11.3586130142, -23.9627666473, -3.50122737885, -17.1373920441, -6.65501403809, -16.3779239655, -5.62148237228, -12.7517805099],
        "cov": [[11012.1523438, -1935.44213867, 189.041351318, -117.024559021, -799.05456543, 592.268920898, -807.509338379, 110.582107544, -334.720428467, 206.006286621, -233.661590576, 320.098144531, -362.089050293], [-1935.44213867, 2667.98754883, -346.642547607, -85.4313812256, 376.355285645, -390.266204834, 420.084747314, -143.698028564, 222.065505981, -222.714752197, 225.995819092, -222.229370117, 187.325286865], [189.041351318, -346.642547607, 1499.25537109, -416.819030762, -134.084289551, 154.661117554, -129.494140625, 36.067691803, -19.1735420227, 68.3993682861, -84.1316680908, 146.105575562, -130.096618652], [-117.024559021, -85.4313812256, -416.819030762, 652.834716797, 141.817001343, -122.307441711, 172.125488281, 83.9636688232, 74.7861633301, 30.4381561279, -19.2981033325, -56.6410598755, 120.175941467], [-799.05456543, 376.355285645, -134.084289551, 141.817001343, 571.907165527, -252.583007812, 303.10559082, 50.9836387634, 48.6882171631, 80.8578720093, -5.7156624794, -40.1175117493, 88.8384017944], [592.268920898, -390.266204834, 154.661117554, -122.307441711, -252.583007812, 354.377380371, -183.289718628, -3.41834521294, -31.8066596985, -9.42999362946, 32.2035369873, 75.4861373901, -65.3337936401], [-807.509338379, 420.084747314, -129.494140625, 172.125488281, 303.10559082, -183.289718628, 363.445800781, 38.9837989807, 62.1236038208, 14.1277828217, 34.6067733765, -50.0086326599, 69.6820297241], [110.582107544, -143.698028564, 36.067691803, 83.9636688232, 50.9836387634, -3.41834521294, 38.9837989807, 131.414093018, 12.2712841034, 45.6804542542, -12.0343742371, 21.7461223602, 18.4775066376], [-334.720428467, 222.065505981, -19.1735420227, 74.7861633301, 48.6882171631, -31.8066596985, 62.1236038208, 12.2712841034, 125.450927734, -5.30288553238, 33.2318496704, -14.7886857986, 37.0585708618], [206.006286621, -222.714752197, 68.3993682861, 30.4381561279, 80.8578720093, -9.42999362946, 14.1277828217, 45.6804542542, -5.30288553238, 132.593719482, -28.6658401489, 36.362033844, 10.9234809875], [-233.661590576, 225.995819092, -84.1316680908, -19.2981033325, -5.7156624794, 32.2035369873, 34.6067733765, -12.0343742371, 33.2318496704, -28.6658401489, 98.8993759155, -0.382155299187, 14.9536104202], [320.098144531, -222.229370117, 146.105575562, -56.6410598755, -40.1175117493, 75.4861373901, -50.0086326599, 21.7461223602, -14.7886857986, 36.362033844, -0.382155299187, 97.3683700562, -6.97407579422], [-362.089050293, 187.325286865, -130.096618652, 120.175941467, 88.8384017944, -65.3337936401, 69.6820297241, 18.4775066376, 37.0585708618, 10.9234809875, 14.9536104202, -6.97407579422, 97.5354309082]],
        "icov": [[0.000159134026035, -0.000135242473334, 0.00010456306336, -0.00020082827541, 0.000104766208096, -7.44028220652e-05, 0.000234213104704, -0.000178628746653, 0.000215812688111, -0.000319029000821, 0.000371434696717, -0.00063310918631, 0.000810192723293], [-0.000135242473334, 0.00138465303462, -0.000248774682404, 0.00101523287594, -0.000316750782076, 0.000725139107089, -0.000716620415915, 0.000776588800363, -0.00111302838195, 0.00156437978148, -0.00213723652996, 0.00236804876477, -0.00286036217585], [0.00010456306336, -0.000248774682404, 0.00121787562966, 0.000464496901259, 0.000277177401586, -0.000262704270426, -0.000190410326468, -0.000550408905838, -0.000604847969953, -0.00053002347704, 0.00184363068547, -0.00189785042312, 0.00160079053603], [-0.00020082827541, 0.00101523287594, 0.000464496901259, 0.00374641129747, 0.000276512117125, 0.000192111256183, -0.00175614957698, -0.000685297593009, -0.00200926652178, 0.000835152924992, 0.000444704928668, 0.00272857584059, -0.00463377544656], [0.000104766208096, -0.000316750782076, 0.000277177401586, 0.000276512117125, 0.00433727027848, 0.0011821417138, -0.00248354789801, -0.000473240303108, 0.000199723843252, -0.00257451180369, 0.0011648874497, -0.000645475869533, -0.000280710693914], [-7.44028220652e-05, 0.000725139107089, -0.000262704270426, 0.000192111256183, 0.0011821417138, 0.0060923602432, 0.00101541425101, -0.000182649193448, -0.000270988413831, 0.000533913145773, -0.00416752370074, -0.0014797472395, 0.000633664079942], [0.000234213104704, -0.000716620415915, -0.000190410326468, -0.00175614957698, -0.00248354789801, 0.00101541425101, 0.00717193353921, -0.00131603213958, 0.000472505576909, -0.000222809932893, -0.00203642179258, -0.000660318939481, 0.00233381800354], [-0.000178628746653, 0.000776588800363, -0.000550408905838, -0.000685297593009, -0.000473240303108, -0.000182649193448, -0.00131603213958, 0.0105353351682, -0.00100990547799, -0.00115080666728, -0.000688344764058, -0.000178187459824, -0.00218598986976], [0.000215812688111, -0.00111302838195, -0.000604847969953, -0.00200926652178, 0.000199723843252, -0.000270988413831, 0.000472505576909, -0.00100990547799, 0.0118420887738, -0.00117727101315, -0.00237280246802, -0.000517367676366, 5.73017314309e-05], [-0.000319029000821, 0.00156437978148, -0.00053002347704, 0.000835152924992, -0.00257451180369, 0.000533913145773, -0.000222809932893, -0.00115080666728, -0.00117727101315, 0.0132408486679, -0.000179311158718, -0.000836209044792, -0.00391298811883], [0.000371434696717, -0.00213723652996, 0.00184363068547, 0.000444704928668, 0.0011648874497, -0.00416752370074, -0.00203642179258, -0.000688344764058, -0.00237280246802, -0.000179311158718, 0.01991369389, -0.0058185509406, 0.00258001568727], [-0.00063310918631, 0.00236804876477, -0.00189785042312, 0.00272857584059, -0.000645475869533, -0.0014797472395, -0.000660318939481, -0.000178187459824, -0.000517367676366, -0.000836209044792, -0.0058185509406, 0.0222740527242, -0.00991458725184], [0.000810192723293, -0.00286036217585, 0.00160079053603, -0.00463377544656, -0.000280710693914, 0.000633664079942, 0.00233381800354, -0.00218598986976, 5.73017314309e-05, -0.00391298811883, 0.00258001568727, -0.00991458725184, 0.0253375023603]]
    },
    "melbands": {
        "dmean": [0.00153369363397, 0.0026252407115, 0.00196506339125, 0.000868235423695, 0.00026430861908, 0.00013110654254, 9.95476002572e-05, 9.14075426408e-05, 4.25838334195e-05, 3.647950507e-05, 3.05991270579e-05, 4.01648212573e-05, 2.2881626137e-05, 3.07250156766e-05, 2.49193399213e-05, 3.56950476998e-05, 2.24774903472e-05, 1.54071349243e-05, 1.17660447359e-05, 1.4718910279e-05, 1.40154024848e-05, 8.26043833513e-06, 9.41721282288e-06, 6.09823337072e-06, 5.3028156799e-06, 4.44550551038e-06, 4.28323983215e-06, 3.17745752909e-06, 2.67575092039e-06, 2.97798601423e-06, 2.76979176306e-06, 2.51730443779e-06, 2.53077882917e-06, 3.1526717521e-06, 2.6286627417e-06, 2.10808480006e-06, 1.50464609305e-06, 1.0526701999e-06, 5.59457362215e-07, 3.80029206326e-07],
        "dmean2": [0.00219346955419, 0.00407054694369, 0.00307256332599, 0.00147943187039, 0.000446691614343, 0.000222769391257, 0.00016616161156, 0.000141202574014, 6.91120876581e-05, 5.53217651031e-05, 4.72221399832e-05, 5.96446116106e-05, 3.69420049537e-05, 4.98772024002e-05, 3.75003328372e-05, 5.42043562746e-05, 3.51394774043e-05, 2.40858771576e-05, 1.90737482626e-05, 2.34470280702e-05, 2.225128992e-05, 1.34496031023e-05, 1.51256090248e-05, 9.97518327495e-06, 8.74995839695e-06, 7.4180120464e-06, 7.00495411365e-06, 5.17914759257e-06, 4.41556903752e-06, 4.81190454593e-06, 4.33702416558e-06, 4.00640692533e-06, 3.96364157496e-06, 4.96005941386e-06, 3.88243142879e-06, 2.91341939374e-06, 2.21955360757e-06, 1.65841652233e-06, 8.63689479047e-07, 5.53418090021e-07],
        "dvar": [1.29821482915e-05, 2.99572220683e-05, 1.90106602531e-05, 5.37553205504e-06, 2.28800871582e-07, 6.5564329077e-08, 7.85720857266e-08, 8.28523454288e-08, 1.36204514334e-08, 8.59108340023e-09, 5.42188738351e-09, 1.32938726694e-08, 3.62656193964e-09, 1.2201432753e-08, 5.25315702049e-09, 8.49447179263e-09, 4.34354729961e-09, 8.92144358389e-10, 7.00350388794e-10, 2.07561234866e-09, 9.71351332701e-10, 2.23016480283e-10, 3.04744396384e-10, 1.32616570503e-10, 8.92813739606e-11, 6.03754060635e-11, 7.91427826052e-11, 3.70227078161e-11, 2.34486666195e-11, 3.32394667346e-11, 4.00764733899e-11, 2.8536287916e-11, 3.64389594887e-11, 7.97368282512e-11, 6.39738331754e-11, 5.68666155831e-11, 2.67274501142e-11, 9.22926665647e-12, 1.93079992099e-12, 8.94189236544e-13],
        "dvar2": [2.74030517176e-05, 7.60701150284e-05, 4.03216981795e-05, 1.51495814862e-05, 6.34070829619e-07, 1.76500336124e-07, 1.92523742726e-07, 1.53013061777e-07, 3.09067651472e-08, 1.79572925418e-08, 1.08966986545e-08, 2.39353887821e-08, 8.8586826763e-09, 3.13277901398e-08, 1.13871925222e-08, 1.74367542627e-08, 9.64202850895e-09, 2.12358552965e-09, 1.75888192899e-09, 4.18841183958e-09, 1.99131910961e-09, 5.56874324431e-10, 7.33661464913e-10, 3.04379021987e-10, 2.27882324122e-10, 1.61178473346e-10, 1.94099375461e-10, 9.60619986334e-11, 6.24118187686e-11, 8.16376410917e-11, 9.78559108744e-11, 6.90689103133e-11, 8.38674893422e-11, 1.71341496547e-10, 1.23510715544e-10, 1.06945778622e-10, 5.35095301402e-11, 2.17349211545e-11, 4.64231040762e-12, 1.69060035068e-12],
        "max": [0.0464252978563, 0.0533678494394, 0.0398664809763, 0.0216584131122, 0.00499149551615, 0.00277832243592, 0.00774661451578, 0.0070194513537, 0.00309614138678, 0.00244050100446, 0.00199481029995, 0.00255344877951, 0.00132607447449, 0.00245323474519, 0.00190577807371, 0.00271706539206, 0.00180685555097, 0.000402649427997, 0.000664806226268, 0.00118747795932, 0.000790765683632, 0.000228442513617, 0.000290815980406, 0.000216322296183, 0.00016251517809, 9.90450644167e-05, 0.00019562128, 0.000100711193227, 6.0372036387e-05, 0.00010422833293, 9.19873418752e-05, 7.40270334063e-05, 0.000111125227704, 0.000221887312364, 0.000143003533594, 0.000184269796591, 0.000124016805785, 7.65825388953e-05, 2.53533689829e-05, 1.6620997485e-05],
        "mean": [0.00400098972023, 0.00791747309268, 0.00380816613324, 0.0013574847253, 0.0004792327818, 0.000209023186471, 0.000159910545335, 0.00017378263874, 7.39479219192e-05, 7.28887025616e-05, 5.52537312615e-05, 6.81005476508e-05, 3.66371932614e-05, 4.50268016721e-05, 4.65411067125e-05, 6.01509855187e-05, 3.30206967192e-05, 2.56787698163e-05, 1.82115491043e-05, 2.26987122005e-05, 2.65373855655e-05, 1.74107899511e-05, 1.86522192962e-05, 1.11204672066e-05, 1.02912181319e-05, 8.40671236801e-06, 7.88827492215e-06, 6.15618273514e-06, 5.12557880938e-06, 5.35724984729e-06, 4.55753297501e-06, 4.17911405748e-06, 4.17640285377e-06, 4.86487624585e-06, 4.22879884354e-06, 3.28566829921e-06, 2.22899348046e-06, 1.42894725741e-06, 8.5122786686e-07, 6.01153772095e-07],
        "median": [0.00217547779903, 0.00519402744249, 0.00248811161146, 0.00084739155136, 0.000300396350212, 0.000121966746519, 7.9829718743e-05, 6.543721247e-05, 2.6783451176e-05, 3.02890621242e-05, 2.57450919889e-05, 2.14349620364e-05, 1.49849538502e-05, 1.25051274154e-05, 1.27494140543e-05, 1.48332264871e-05, 1.2485532352e-05, 1.07783052954e-05, 7.90328431322e-06, 7.20285970601e-06, 7.02189663571e-06, 6.16469060333e-06, 5.52062101633e-06, 4.17688897869e-06, 3.42208272741e-06, 3.46628439729e-06, 2.87669354293e-06, 1.82339215371e-06, 1.4629982843e-06, 1.33828200433e-06, 1.16725618682e-06, 1.14680346996e-06, 8.37835386847e-07, 4.91105936362e-07, 4.18136664848e-07, 2.65077716222e-07, 1.92514718833e-07, 1.33472113362e-07, 8.81231869698e-08, 6.14446094005e-08],
        "min": [4.18330137582e-24, 6.88214244401e-24, 1.95024117809e-23, 7.42813989778e-24, 1.67585721146e-23, 3.67817504221e-23, 1.32195283124e-23, 7.30574497289e-24, 9.67260378987e-24, 1.03377634165e-23, 8.3393673289e-24, 1.66617631043e-23, 1.05832821738e-23, 3.37098566374e-24, 5.9292308138e-24, 6.63984933899e-24, 1.07427598721e-23, 1.11447097469e-23, 6.85817842743e-24, 3.75411173958e-24, 1.46817143436e-23, 8.70636356581e-24, 1.17115844045e-23, 1.26138890299e-23, 8.36897958956e-24, 9.38949975479e-24, 1.23740595375e-23, 1.27109583643e-23, 8.03745369439e-24, 7.5488734816e-24, 6.47997602693e-24, 1.08738882761e-23, 1.04346749788e-23, 7.90363764132e-24, 7.2101366089e-24, 1.09052076317e-23, 1.00820415323e-23, 1.17031806693e-23, 1.07922948149e-23, 7.0099268666e-24],
        "var": [2.83154604404e-05, 6.53862662148e-05, 2.6227267881e-05, 4.26207543569e-06, 3.21549350701e-07, 7.97031631805e-08, 1.37342681228e-07, 3.1017785318e-07, 3.45388855294e-08, 2.78456830927e-08, 1.47015661867e-08, 3.47480160201e-08, 6.70371491651e-09, 1.59112349962e-08, 1.6726620089e-08, 3.41059624986e-08, 6.44747988332e-09, 1.86943793778e-09, 1.27391563964e-09, 4.06122335761e-09, 2.89781731944e-09, 7.11644077001e-10, 8.71642646949e-10, 3.19679283045e-10, 2.603665894e-10, 1.56325105638e-10, 1.85524345886e-10, 9.71385957782e-11, 6.254894519e-11, 8.1273592023e-11, 7.50293091545e-11, 5.63366991946e-11, 9.06391212085e-11, 2.15021001004e-10, 1.75944175895e-10, 1.3951353961e-10, 5.9630252125e-11, 1.73797174569e-11, 3.76748502187e-12, 2.15501271342e-12]
    },
    "mfcc": {
        "mean": [-659.252990723, 138.047241211, 10.641412735, 42.4640960693, 13.6269207001, 19.9945087433, 3.94694304466, 8.62226295471, 1.6915358305, 1.1552323103, -0.250280469656, -0.790309369564, -4.01732587814],
        "cov": [[7208.84375, -1991.43347168, 194.206100464, -497.354492188, -34.7695960999, 119.911643982, -301.499938965, 14.7842006683, -312.515167236, -36.2508811951, -89.1101455688, -49.1575393677, -98.489074707], [-1991.43347168, 2368.62036133, -114.772422791, 122.410255432, 37.0539321899, -72.6379318237, 133.849990845, 11.2110557556, 35.8687477112, 31.3649806976, 39.2383918762, -10.7636995316, 27.7334804535], [194.206100464, -114.772422791, 1321.48059082, -522.963378906, 27.8014678955, 24.0945243835, -196.809677124, 84.4585266113, -185.142440796, 21.3646411896, -68.5013809204, -84.4634017944, 54.1112861633], [-497.354492188, 122.410255432, -522.963378906, 847.569824219, 39.9684524536, -33.2184638977, 207.638015747, -43.5134124756, 332.583831787, 19.8467960358, 76.5916290283, 82.0502929688, 9.23170948029], [-34.7695960999, 37.0539321899, 27.8014678955, 39.9684524536, 148.01449585, 19.7386512756, 12.747300148, -2.08851075172, 39.7551994324, 10.4833641052, 7.39309358597, 20.2518253326, 10.9802265167], [119.911643982, -72.6379318237, 24.0945243835, -33.2184638977, 19.7386512756, 128.221511841, 10.6285438538, 16.194519043, -11.5331916809, -0.169483140111, 19.0189285278, 9.30726909637, -1.17657268047], [-301.499938965, 133.849990845, -196.809677124, 207.638015747, 12.747300148, 10.6285438538, 198.680114746, 10.0848636627, 92.1857833862, 11.1654539108, 52.7222557068, 26.3303470612, 10.5028991699], [14.7842006683, 11.2110557556, 84.4585266113, -43.5134124756, -2.08851075172, 16.194519043, 10.0848636627, 126.270606995, -29.5177345276, 22.4931144714, 3.20133471489, 4.92737817764, 16.2950267792], [-312.515167236, 35.8687477112, -185.142440796, 332.583831787, 39.7551994324, -11.5331916809, 92.1857833862, -29.5177345276, 220.232833862, 16.4401550293, 40.4619636536, 43.3408279419, 18.6342868805], [-36.2508811951, 31.3649806976, 21.3646411896, 19.8467960358, 10.4833641052, -0.169483140111, 11.1654539108, 22.4931144714, 16.4401550293, 63.6805992126, 20.9477844238, 10.7987356186, 5.78562545776], [-89.1101455688, 39.2383918762, -68.5013809204, 76.5916290283, 7.39309358597, 19.0189285278, 52.7222557068, 3.20133471489, 40.4619636536, 20.9477844238, 74.2582931519, 29.5392532349, 4.12229633331], [-49.1575393677, -10.7636995316, -84.4634017944, 82.0502929688, 20.2518253326, 9.30726909637, 26.3303470612, 4.92737817764, 43.3408279419, 10.7987356186, 29.5392532349, 62.0904960632, 14.7838468552], [-98.489074707, 27.7334804535, 54.1112861633, 9.23170948029, 10.9802265167, -1.17657268047, 10.5028991699, 16.2950267792, 18.6342868805, 5.78562545776, 4.12229633331, 14.7838468552, 54.9324493408]],
