{
"lowlevel": {
    "average_loudness": 0.681371092796,
    "barkbands_crest": {
        "dmean": 2.07279634476,
        "dmean2": 3.34288525581,
        "dvar": 5.5848903656,
        "dvar2": 14.4263648987,
        "max": 25.8210258484,
        "mean": 13.2504453659,
        "median": 11.6287631989,
        "min": 3.22775149345,
        "var": 39.2677001953
    },
    "barkbands_flatness_db": {
        "dmean": 0.0191870927811,
        "dmean2": 0.028178293258,
        "dvar": 0.000554800790269,
        "dvar2": 0.00118939718232,
        "max": 0.411199212074,
        "mean": 0.169912278652,
        "median": 0.156778424978,
        "min": 0.0519658513367,
        "var": 0.00313343550079
    },
    "barkbands_kurtosis": {
        "dmean": 5.03507232666,
        "dmean2": 7.8085975647,
        "dvar": 186.775375366,
        "dvar2": 493.429931641,
        "max": 328.743682861,
        "mean": 11.8494777679,
        "median": 2.27614736557,
        "min": -1.70100498199,
        "var": 473.121612549
    },
    "barkbands_skewness": {
        "dmean": 0.574484705925,
        "dmean2": 0.86274343729,
        "dvar": 0.653427302837,
        "dvar2": 1.50506556034,
        "max": 15.5258722305,
        "mean": 2.31546473503,
        "median": 1.54145348072,
        "min": -0.982799887657,
        "var": 4.35474967957
    },
    "barkbands_spread": {
        "dmean": 3.84783506393,
        "dmean2": 5.79794359207,
        "dvar": 36.3843193054,
        "dvar2": 76.4877471924,
        "max": 92.9600753784,
        "mean": 16.2321987152,
        "median": 15.6347007751,
        "min": 0.605051159859,
        "var": 106.546081543
    },
    "dissonance": {
        "dmean": 0.0206149350852,
        "dmean2": 0.0337808690965,
        "dvar": 0.000325540720951,
        "dvar2": 0.000867005961481,
        "max": 0.499652564526,
        "mean": 0.445659637451,
        "median": 0.450350433588,
        "min": 0.292074978352,
        "var": 0.00101441994775
    },
    "dynamic_complexity": 7.25550222397,
    "erbbands_crest": {
        "dmean": 2.37323451042,
        "dmean2": 3.77065610886,
        "dvar": 5.61808681488,
        "dvar2": 13.1925830841,
        "max": 30.8580093384,
        "mean": 9.42055797577,
        "median": 8.41247177124,
        "min": 2.53843331337,
        "var": 19.951713562
    },
    "erbbands_flatness_db": {
        "dmean": 0.0152364792302,
        "dmean2": 0.0217968616635,
        "dvar": 0.000241656554863,
        "dvar2": 0.00048465366126,
        "max": 0.291566371918,
        "mean": 0.155950948596,
        "median": 0.157951980829,
        "min": 0.0488726310432,
        "var": 0.00194258999545
    },
    "erbbands_kurtosis": {
        "dmean": 0.724036037922,
        "dmean2": 1.12904191017,
        "dvar": 1.11580121517,
        "dvar2": 2.64768862724,
        "max": 18.791009903,
        "mean": 0.270844042301,
        "median": -0.227863311768,
        "min": -1.64103555679,
        "var": 2.92211651802
    },
    "erbbands_skewness": {
        "dmean": 0.31423085928,
        "dmean2": 0.472018927336,
        "dvar": 0.102277137339,
        "dvar2": 0.22417896986,
        "max": 3.99811172485,
        "mean": 0.389665544033,
        "median": 0.371159672737,
        "min": -3.22917628288,
        "var": 0.450170189142
    },
    "erbbands_spread": {
        "dmean": 7.17967367172,
        "dmean2": 10.9559335709,
        "dvar": 79.2532958984,
        "dvar2": 183.145935059,
        "max": 135.616622925,
        "mean": 37.7818450928,
        "median": 32.0869560242,
        "min": 6.44816398621,
        "var": 351.957580566
    },
    "hfc": {
        "dmean": 3.62431788445,
        "dmean2": 5.47923326492,
        "dvar": 42.0224456787,
        "dvar2": 96.8139419556,
        "max": 100.992607117,
        "mean": 13.5691080093,
        "median": 6.77214765549,
        "min": 0.00643309066072,
        "var": 248.773696899
    },
    "melbands_crest": {
        "dmean": 2.16718864441,
        "dmean2": 3.4807009697,
        "dvar": 5.88570785522,
        "dvar2": 15.1562995911,
        "max": 31.755317688,
        "mean": 16.3017883301,
        "median": 15.7308444977,
        "min": 3.06860351562,
        "var": 38.6907424927
    },
    "melbands_flatness_db": {
        "dmean": 0.0221829023212,
        "dmean2": 0.032516464591,
        "dvar": 0.000838070933241,
        "dvar2": 0.00177973334212,
        "max": 0.544857740402,
        "mean": 0.2450992167,
        "median": 0.227220356464,
        "min": 0.0540347695351,
        "var": 0.00580791477114
    },
    "melbands_kurtosis": {
        "dmean": 10.714838028,
        "dmean2": 16.2662372589,
        "dvar": 543.06262207,
        "dvar2": 1384.78442383,
        "max": 324.223846436,
        "mean": 28.7422714233,
        "median": 7.84524059296,
        "min": -1.6102257967,
        "var": 1995.76000977
    },
    "melbands_skewness": {
        "dmean": 0.732801437378,
        "dmean2": 1.1008014679,
        "dvar": 0.920129239559,
        "dvar2": 2.04537439346,
        "max": 14.4827890396,
        "mean": 3.43430352211,
        "median": 2.3969810009,
        "min": -0.501553952694,
        "var": 7.18519258499
    },
    "melbands_spread": {
        "dmean": 4.26260137558,
        "dmean2": 6.56946992874,
        "dvar": 36.9327774048,
        "dvar2": 84.1565704346,
        "max": 88.9106903076,
        "mean": 16.8370609283,
        "median": 15.6560583115,
        "min": 0.520337998867,
        "var": 144.658126831
    },
    "pitch_salience": {
        "dmean": 0.0600900612772,
        "dmean2": 0.0968747735023,
        "dvar": 0.00412155548111,
        "dvar2": 0.010894395411,
        "max": 0.857468962669,
        "mean": 0.463832139969,
        "median": 0.474038571119,
        "min": 0.0882358253002,
        "var": 0.0250324327499
    },
    "silence_rate_20dB": {
        "dmean": 0,
        "dmean2": 0,
        "dvar": 0,
        "dvar2": 0,
        "max": 1,
        "mean": 1,
        "median": 1,
        "min": 1,
        "var": 0
    },
    "silence_rate_30dB": {
        "dmean": 0.030959751457,
        "dmean2": 0.061943475157,
        "dvar": 0.0300014223903,
        "dvar2": 0.0759147852659,
        "max": 1,
        "mean": 0.974468111992,
        "median": 1,
        "min": 0,
        "var": 0.0248802751303
    },
    "silence_rate_60dB": {
        "dmean": 0.00890092924237,
        "dmean2": 0.0178087502718,
        "dvar": 0.00882231350988,
        "dvar2": 0.0190397575498,
        "max": 1,
        "mean": 0.226305603981,
        "median": 0,
        "min": 0,
        "var": 0.175086796284
    },
    "spectral_centroid": {
        "dmean": 203.038818359,
        "dmean2": 310.248626709,
        "dvar": 74174.28125,
        "dvar2": 161422.359375,
        "max": 4047.7824707,
        "mean": 1126.14892578,
        "median": 1070.54760742,
        "min": 152.372497559,
        "var": 250144.03125
    },
    "spectral_complexity": {
        "dmean": 2.50580501556,
        "dmean2": 4.13317871094,
        "dvar": 20.9052581787,
        "dvar2": 49.6793556213,
        "max": 47,
        "mean": 11.7404251099,
        "median": 9,
        "min": 0,
        "var": 94.8124694824
    },
    "spectral_decrease": {
        "dmean": 2.19548157432e-09,
        "dmean2": 3.39124861526e-09,
        "dvar": 2.15110882554e-17,
        "dvar2": 4.90759143674e-17,
        "max": -2.61819602457e-12,
        "mean": -7.54991180685e-09,
        "median": -6.12611339434e-09,
        "min": -5.90860160798e-08,
        "var": 5.74692399424e-17
    },
    "spectral_energy": {
        "dmean": 0.00853535439819,
        "dmean2": 0.0131787536666,
        "dvar": 0.000315368466545,
        "dvar2": 0.000718469556887,
        "max": 0.226333871484,
        "mean": 0.0297258775681,
        "median": 0.023975610733,
        "min": 1.06322167994e-05,
        "var": 0.000879764847923
    },
    "spectral_energyband_high": {
        "dmean": 0.000170107537997,
        "dmean2": 0.000251549034147,
        "dvar": 2.16353711835e-07,
        "dvar2": 4.48437504019e-07,
        "max": 0.0105070648715,
        "mean": 0.000327870278852,
        "median": 8.82276435732e-05,
        "min": 9.44715949913e-08,
        "var": 5.82265613502e-07
    },
    "spectral_energyband_low": {
        "dmean": 0.0061962986365,
        "dmean2": 0.00970510952175,
        "dvar": 0.000259983295109,
        "dvar2": 0.000596438825596,
        "max": 0.189048200846,
        "mean": 0.0166669562459,
        "median": 0.0119296275079,
        "min": 5.72934872878e-08,
        "var": 0.000420467957156
    },
    "spectral_energyband_middle_high": {
        "dmean": 0.00111042219214,
        "dmean2": 0.00166221999098,
        "dvar": 5.23439666722e-06,
        "dvar2": 1.16253859233e-05,
        "max": 0.0523995533586,
        "mean": 0.00363100366667,
        "median": 0.000777396257035,
        "min": 1.42378905821e-06,
        "var": 3.08922935801e-05
    },
    "spectral_energyband_middle_low": {
        "dmean": 0.00370255275629,
        "dmean2": 0.00597236305475,
        "dvar": 5.87379327044e-05,
        "dvar2": 0.000144836478285,
        "max": 0.119420185685,
        "mean": 0.0103035829961,
        "median": 0.00433930475265,
        "min": 5.7429770095e-06,
        "var": 0.00019063099171
    },
    "spectral_entropy": {
        "dmean": 0.145945891738,
        "dmean2": 0.209318041801,
        "dvar": 0.0302154105157,
        "dvar2": 0.0595778748393,
        "max": 8.76277256012,
        "mean": 7.36208534241,
        "median": 7.33451652527,
        "min": 5.86086654663,
        "var": 0.127032727003
    },
    "spectral_flux": {
        "dmean": 0.0213017724454,
        "dmean2": 0.0341279730201,
        "dvar": 0.00122865417507,
        "dvar2": 0.00287854485214,
        "max": 0.439054042101,
        "mean": 0.058354575187,
        "median": 0.0386131256819,
        "min": 0.000874685472809,
        "var": 0.00337770604528
    },
    "spectral_kurtosis": {
        "dmean": 1.41484093666,
        "dmean2": 2.34870266914,
        "dvar": 2.3681344986,
        "dvar2": 6.69251251221,
        "max": 25.9398803711,
        "mean": 5.50102472305,
        "median": 5.30821609497,
        "min": -1.0791233778,
        "var": 5.98058843613
    },
    "spectral_rms": {
        "dmean": 0.000609678216279,
        "dmean2": 0.000923048995901,
        "dvar": 1.1567766478e-06,
        "dvar2": 2.48118271884e-06,
        "max": 0.0148597955704,
        "mean": 0.00456333439797,
        "median": 0.00483640749007,
        "min": 0.000101847406768,
        "var": 8.17685304355e-06
    },
    "spectral_rolloff": {
        "dmean": 271.899658203,
        "dmean2": 460.468292236,
        "dvar": 331957.65625,
        "dvar2": 736220.25,
        "max": 8441.015625,
        "mean": 949.565002441,
        "median": 753.662109375,
        "min": 64.599609375,
        "var": 715070.8125
    },
    "spectral_skewness": {
        "dmean": 0.197027221322,
        "dmean2": 0.314439713955,
        "dvar": 0.0442858189344,
        "dvar2": 0.114025756717,
        "max": 4.13256978989,
        "mean": 1.75583279133,
        "median": 1.75535297394,
        "min": 0.254686504602,
        "var": 0.138549044728
    },
    "spectral_spread": {
        "dmean": 446100.34375,
        "dmean2": 642642,
        "dvar": 337718771712,
        "dvar2": 661814181888,
        "max": 13572829,
        "mean": 4381706.5,
        "median": 4209740,
        "min": 1488969.25,
        "var": 1.9328130089e+12
    },
    "spectral_strongpeak": {
        "dmean": 0.284999936819,
        "dmean2": 0.501537978649,
        "dvar": 0.473284780979,
        "dvar2": 1.19041717052,
        "max": 9.29642105103,
        "mean": 0.565718412399,
        "median": 0.269618570805,
        "min": 0,
        "var": 0.703592538834
    },
    "zerocrossingrate": {
        "dmean": 0.00630872976035,
        "dmean2": 0.00754898320884,
        "dvar": 4.73119143862e-05,
        "dvar2": 6.37043995084e-05,
        "max": 0.1494140625,
        "mean": 0.0391123667359,
        "median": 0.0390625,
        "min": 0.0029296875,
        "var": 0.00046004523756
    },
    "barkbands": {
        "dmean": [0.000100715653389, 0.00468656048179, 0.00180944649037, 0.00136377057061, 0.00133918761276, 0.000827471842058, 0.000438124348875, 0.000649941386655, 0.000855338177644, 0.000562284782063, 0.000228005475947, 0.000182087809662, 0.000214961866732, 0.000217893204535, 0.000191373750567, 0.000189576603589, 0.000144660662045, 0.000105167404399, 0.000117221556138, 6.77135103615e-05, 3.82885300496e-05, 4.74560256407e-05, 3.4194716136e-05, 2.71757671726e-05, 1.57435388246e-05, 9.70245037024e-06, 2.43181966653e-06],
        "dmean2": [0.000168145401403, 0.00738471793011, 0.00315376580693, 0.00221341382712, 0.00223345216364, 0.00135642767418, 0.000700454111211, 0.000961497658864, 0.00125757348724, 0.000816872518044, 0.000337110250257, 0.000288733368507, 0.000344968750142, 0.000331386458129, 0.000305642490275, 0.000309774652123, 0.000238950451603, 0.000169809325598, 0.000197666493477, 0.000108836233267, 6.27716508461e-05, 7.4761621363e-05, 4.95798740303e-05, 3.80298879463e-05, 2.22501475946e-05, 1.38847153721e-05, 4.06381332141e-06],
        "dvar": [1.70172711478e-07, 0.000168059428688, 3.51363851223e-05, 2.72157049039e-05, 1.11053523142e-05, 5.87712065681e-06, 1.91354183698e-06, 5.11399230163e-06, 4.87819716e-06, 3.0103494737e-06, 5.90316403759e-07, 8.07066328434e-07, 8.10868755252e-07, 7.73205442783e-07, 2.66674646809e-07, 2.63526601429e-07, 9.26386150013e-08, 7.04800982021e-08, 1.10200694792e-07, 2.03288177403e-08, 1.20578764751e-08, 2.12256541232e-08, 1.34088002923e-08, 9.6823766782e-09, 2.23775198371e-09, 1.38990341458e-09, 1.51628945511e-10],
        "dvar2": [4.86335920868e-07, 0.000404086866183, 9.12212999538e-05, 6.39158824924e-05, 3.01611798932e-05, 1.46938873513e-05, 4.29311558037e-06, 1.1330174857e-05, 1.14921622298e-05, 6.50799620416e-06, 1.4726902009e-06, 2.13389625969e-06, 1.98474367608e-06, 1.95539564629e-06, 6.14436544311e-07, 6.93850438438e-07, 2.35551979699e-07, 1.78844274501e-07, 3.02893255366e-07, 4.97622671958e-08, 3.03276692648e-08, 5.16673175355e-08, 2.14899635864e-08, 1.80851920106e-08, 4.22859747218e-09, 3.2114304549e-09, 4.21857659916e-10],
        "max": [0.0119564775378, 0.164643675089, 0.100318863988, 0.0956312790513, 0.05383720994, 0.0453772246838, 0.0306265149266, 0.0518024377525, 0.0447305180132, 0.0464998483658, 0.0233882535249, 0.028551530093, 0.0336096659303, 0.0259155388921, 0.0101586086676, 0.0146837551147, 0.00531221600249, 0.00534061621875, 0.00411965278909, 0.00170081923716, 0.00200639455579, 0.00268690125085, 0.00335127161816, 0.00321613973938, 0.00133760797326, 0.00112580228597, 0.000359278463293],
        "mean": [0.000129678956, 0.0128945903853, 0.00279427785426, 0.00148264761083, 0.00246715429239, 0.00152317481115, 0.000771272054408, 0.00135414267424, 0.00197876757011, 0.00113508664072, 0.000410268752603, 0.000322976644384, 0.000396017509047, 0.000403352227295, 0.000316016987199, 0.000306084228214, 0.000260482600424, 0.000184249322047, 0.00019280872948, 0.000110954344564, 5.54729595024e-05, 6.9965601142e-05, 6.27381305094e-05, 5.31368896191e-05, 3.1928972021e-05, 1.64860593941e-05, 2.12769532482e-06],
        "median": [2.62673747784e-05, 0.010062306188, 0.000174613596755, 0.000134099143906, 0.000754036824219, 0.000256433268078, 0.000104213955638, 8.02666982054e-05, 0.00026365253143, 8.47163973958e-05, 3.16982404911e-05, 4.32827582699e-05, 1.82296589628e-05, 4.16656039306e-05, 5.68630493945e-05, 4.39769173681e-05, 5.64326182939e-05, 3.62870159734e-05, 4.73787586088e-05, 2.36065716308e-05, 1.17717600006e-05, 1.39779003803e-05, 8.40964275994e-06, 9.96166818368e-06, 9.86678242043e-06, 4.46191006631e-06, 5.54713288636e-08],
        "min": [3.03247574621e-12, 1.56144830399e-09, 8.91467566433e-10, 1.21349881255e-08, 9.13695714644e-08, 2.41743322249e-07, 1.04568179893e-07, 2.38327473312e-08, 5.42770095535e-08, 7.59409815032e-08, 3.80247655585e-08, 3.8137077496e-08, 1.22794787671e-08, 2.82339307489e-08, 2.04372909707e-08, 1.40029747797e-08, 3.17445909559e-08, 1.95713969475e-08, 1.5489510119e-08, 1.43193092939e-08, 7.1256396339e-09, 4.06409084164e-09, 5.28896526575e-09, 7.20004189603e-09, 7.9366282435e-09, 9.56837897803e-09, 6.48968490058e-10],
        "var": [1.45055622625e-07, 0.000260610278929, 3.75028066628e-05, 3.32614981744e-05, 2.21448626689e-05, 1.20492695714e-05, 4.10394022765e-06, 1.42780318129e-05, 1.47571345224e-05, 9.20984257391e-06, 1.35587072236e-06, 1.2931254787e-06, 1.90327079963e-06, 1.77134222668e-06, 5.64371021028e-07, 4.26810231602e-07, 2.2933603816e-07, 1.29635168378e-07, 1.18271358929e-07, 3.86748517656e-08, 1.70817102685e-08, 3.19163895313e-08, 4.74897348113e-08, 2.80287135723e-08, 6.44410880213e-09, 2.5937616499e-09, 1.05219784274e-10]
    },
    "erbbands": {
        "dmean": [0.124449469149, 1.10424792767, 1.85908734798, 3.74372076988, 3.13305711746, 5.50257730484, 5.85223770142, 8.0262260437, 6.17725563049, 12.4285888672, 9.02791118622, 21.8354091644, 20.1205463409, 8.48250389099, 9.99022960663, 8.01415538788, 9.62551498413, 11.0577611923, 9.17935085297, 9.55342674255, 8.07102489471, 6.70695257187, 6.43060970306, 4.9267745018, 5.95918560028, 3.34578275681, 1.68226218224, 1.50292575359, 1.61398839951, 1.5028744936, 0.920583367348, 0.641565263271, 0.435543984175, 0.205633103848, 0.108207844198, 0.0511657968163, 0.0160272251815, 0.00403567263857, 0.000396042974899, 1.84009677469e-05],
        "dmean2": [0.203839436173, 1.7335242033, 3.10062813759, 6.16980028152, 5.28878593445, 9.13549423218, 9.6744966507, 13.231300354, 9.55609321594, 19.980922699, 13.7129068375, 32.0867881775, 29.4465503693, 12.3653154373, 14.6336650848, 12.8872919083, 15.0690546036, 16.766374588, 14.1168937683, 15.270573616, 13.1023597717, 10.9461669922, 10.2340736389, 8.21115684509, 9.93455600739, 5.36458826065, 2.80444598198, 2.42224431038, 2.58403754234, 2.27882432938, 1.33360099792, 0.937748134136, 0.606949210167, 0.299459785223, 0.150310397148, 0.0724892169237, 0.0230360999703, 0.00635911384597, 0.00065917277243, 2.87402872345e-05],
        "dvar": [0.140186920762, 9.02322673798, 31.6718025208, 167.218414307, 93.7529830933, 224.802902222, 252.001113892, 629.174194336, 426.752288818, 1709.54736328, 1099.99194336, 3201.20849609, 3604.51928711, 1057.3939209, 944.877807617, 1497.44482422, 1364.79077148, 1996.37268066, 886.18762207, 748.763244629, 363.346405029, 236.160125732, 211.57623291, 193.458145142, 264.200408936, 53.8677062988, 23.245470047, 18.7983970642, 22.1175041199, 25.9573936462, 10.1579303741, 6.11388540268, 2.29132032394, 0.462118864059, 0.0983945578337, 0.0289444737136, 0.00457537826151, 0.000453961692983, 3.70650923287e-06, 4.15841094892e-09],
        "dvar2": [0.358272135258, 21.1862640381, 79.3444061279, 419.200927734, 236.073532104, 604.636047363, 641.363647461, 1634.57299805, 1055.39404297, 4174.32861328, 2669.20898438, 7321.83056641, 7479.07763672, 2524.07543945, 2473.49072266, 3985.17724609, 3100.70507812, 4929.76855469, 1980.4395752, 1810.71643066, 939.141784668, 606.262939453, 519.194580078, 527.971618652, 721.40802002, 132.095291138, 61.442199707, 45.9622879028, 55.9911689758, 52.2585296631, 17.3051509857, 12.4750337601, 4.22483158112, 0.985268294811, 0.176250815392, 0.0601153150201, 0.0109872361645, 0.00121465872508, 1.01786472442e-05, 1.12983942202e-08],
        "max": [4.80849790573, 39.7843933105, 94.921333313, 182.345962524, 161.527252197, 282.764862061, 340.646026611, 417.108306885, 557.491516113, 918.343566895, 868.963134766, 1139.3026123, 1660.13989258, 943.618408203, 936.651855469, 1192.39196777, 1330.81555176, 1549.33605957, 684.343322754, 776.054931641, 377.094818115, 261.614532471, 312.708099365, 194.328140259, 235.435745239, 102.886550903, 87.3276519775, 66.8851470947, 72.1229629517, 138.081817627, 91.3008117676, 68.9250869751, 52.3773994446, 16.7338409424, 9.46119594574, 5.86741781235, 2.21800732613, 0.670045554638, 0.0562909208238, 0.00203992100433],
        "mean": [0.316475391388, 3.06257200241, 3.95641088486, 4.38620519638, 4.75662374496, 9.20868492126, 10.5074710846, 14.4942455292, 12.4477424622, 26.9434928894, 19.3518924713, 53.7598724365, 44.1811523438, 17.0963973999, 19.798910141, 16.2975196838, 19.1082210541, 23.0937252045, 16.1633682251, 17.2348003387, 15.6351423264, 12.7178888321, 12.3373212814, 8.34822273254, 9.77296257019, 5.76186800003, 2.42848825455, 2.26098966599, 2.44381809235, 2.44911837578, 1.62830162048, 1.1221678257, 0.867315351963, 0.401794463396, 0.214682653546, 0.095357760787, 0.0254954211414, 0.00432553933933, 0.000373311660951, 4.39338255092e-05],
        "median": [0.239759266376, 2.29569029808, 1.20303416252, 0.474595338106, 1.74910509586, 1.95345199108, 1.95241057873, 2.44518923759, 2.91079998016, 1.82257127762, 2.06813621521, 7.42298269272, 4.9163646698, 2.15218377113, 2.08518528938, 2.46837997437, 1.34082686901, 2.39079332352, 1.94691336155, 4.00174760818, 3.19930768013, 2.49180865288, 2.26928520203, 2.67190170288, 2.27214241028, 1.20644593239, 0.598194181919, 0.481984168291, 0.525865972042, 0.310008198023, 0.260510087013, 0.185370787978, 0.15982362628, 0.107523344457, 0.0666408091784, 0.0298918280751, 0.0062343776226, 0.000447404716397, 3.22553205478e-05, 3.08922899421e-05],
        "min": [7.88776333138e-08, 2.28831345339e-06, 2.50306038652e-05, 7.1931288403e-05, 0.000205558826565, 0.000419132120442, 0.00100172916427, 0.00226499605924, 0.00262546841986, 0.0013763011666, 0.00152542232536, 0.00226218951866, 0.00210261228494, 0.00336622446775, 0.00190467538778, 0.00168744276743, 0.0010356111452, 0.00186783005483, 0.00142561900429, 0.00140817731153, 0.00220787874423, 0.00191844173241, 0.00127911684103, 0.00120496796444, 0.00109773105942, 0.000653017195873, 0.000539849570487, 0.000260926142801, 0.000162954078405, 0.000139959913213, 0.000139544819831, 0.000140486517921, 0.000111172448669, 7.5956377259e-05, 5.68530267628e-05, 3.45326516253e-05, 1.6463236534e-05, 4.30850286648e-06, 1.74476653569e-07, 1.02727298668e-07],
        "var": [0.190730452538, 14.4797430038, 43.4612350464, 184.610824585, 111.498535156, 450.645996094, 479.529296875, 1118.52954102, 830.469360352, 5577.61328125, 2102.48266602, 10872.84375, 11732.7421875, 2851.75170898, 2587.3840332, 2820.76757812, 3825.93725586, 5767.49267578, 1721.22302246, 1431.16247559, 855.271850586, 531.918518066, 493.50994873, 218.15057373, 313.627105713, 108.143959045, 27.5498638153, 29.8720798492, 32.0874443054, 64.8160629272, 32.0215835571, 14.6934947968, 7.11887216568, 1.11787927151, 0.299107730389, 0.0750892534852, 0.00721536483616, 0.000395169248804, 2.69573865808e-06, 4.24558921353e-09]
    },
    "gfcc": {
        "mean": [-64.8052368164, 101.387519836, -111.714836121, 27.9361076355, -47.5583114624, 10.5351343155, -35.0626945496, 17.7516059875, -19.5932617188, 3.57524561882, -13.8131017685, 0.787070035934, -7.22642946243],
        "cov": [[16318.6845703, -73.4246063232, 1889.91796875, 1471.01794434, 67.3984451294, 1720.74560547, 531.133666992, 1141.07458496, 572.324035645, 246.682373047, 48.7704582214, 250.043319702, 22.8879489899], [-73.4246063232, 657.298156738, 38.4522285461, 35.6154823303, 86.9273071289, -52.3552818298, 96.1477050781, 18.5825309753, 46.440826416, -45.4239349365, 36.2556419373, -85.1593551636, 20.3440284729], [1889.91796875, 38.4522285461, 1382.53137207, 561.031799316, 258.368896484, 462.328308105, 208.267272949, 289.096069336, 210.462097168, 107.881263733, 27.5746631622, 99.4103164673, 32.6407585144], [1471.01794434, 35.6154823303, 561.031799316, 528.55090332, 143.293960571, 263.680419922, 117.405792236, 168.460327148, 126.155586243, 44.3500480652, 39.7653579712, 54.6044464111, 57.8816566467], [67.3984451294, 86.9273071289, 258.368896484, 143.293960571, 288.846130371, 117.447364807, 61.6157608032, 101.196968079, 39.8646583557, 36.7337379456, 2.39956951141, 10.1525793076, 24.4126148224], [1720.74560547, -52.3552818298, 462.328308105, 263.680419922, 117.447364807, 410.451293945, 128.082229614, 184.47756958, 87.0023727417, 65.8535842896, 26.6685695648, 57.6210327148, 22.0608062744], [531.133666992, 96.1477050781, 208.267272949, 117.405792236, 61.6157608032, 128.082229614, 200.666549683, 76.1584472656, 60.4800338745, 12.0097837448, 18.7961597443, 7.00632429123, -3.31663441658], [1141.07458496, 18.5825309753, 289.096069336, 168.460327148, 101.196968079, 184.47756958, 76.1584472656, 231.180099487, 107.661949158, 61.7657623291, 21.295879364, 36.9816818237, 29.9428539276], [572.324035645, 46.440826416, 210.462097168, 126.155586243, 39.8646583557, 87.0023727417, 60.4800338745, 107.661949158, 140.706497192, 51.1155319214, 16.0265769958, 10.2176876068, 15.2864217758], [246.682373047, -45.4239349365, 107.881263733, 44.3500480652, 36.7337379456, 65.8535842896, 12.0097837448, 61.7657623291, 51.1155319214, 90.8252182007, 34.1422805786, 26.885389328, 1.88120484352], [48.7704582214, 36.2556419373, 27.5746631622, 39.7653579712, 2.39956951141, 26.6685695648, 18.7961597443, 21.295879364, 16.0265769958, 34.1422805786, 86.0569534302, 38.7323226929, 14.3072605133], [250.043319702, -85.1593551636, 99.4103164673, 54.6044464111, 10.1525793076, 57.6210327148, 7.00632429123, 36.9816818237, 10.2176876068, 26.885389328, 38.7323226929, 93.548248291, 31.4376544952], [22.8879489899, 20.3440284729, 32.6407585144, 57.8816566467, 24.4126148224, 22.0608062744, -3.31663441658, 29.9428539276, 15.2864217758, 1.88120484352, 14.3072605133, 31.4376544952, 74.8567962646]],
        "icov": [[0.000179937793291, -0.000173790642293, 0.000124041223899, -0.000332350988174, 0.000454728899058, -0.00061142485356, 0.000128914398374, -0.000593105331063, -6.44329566057e-06, 2.37944677792e-05, 0.000464456446934, -0.000409479864175, 0.000553875870537], [-0.000173790642293, 0.00302513386123, -0.000456563138869, 0.000737568479963, -0.00134243245702, 0.00135151168797, -0.00118180783466, 0.00028942010249, -0.000966727558989, 0.002484529512, -0.00395336095244, 0.00432647904381, -0.00219528959133], [0.000124041223899, -0.000456563138869, 0.0019083339721, -0.00138038629666, -0.000159471062943, -0.00126446224749, -5.09946112288e-05, -0.000354614487151, -0.000891453353688, -0.000480129470816, 0.00163856404833, -0.00201413617469, 0.00161244906485], [-0.000332350988174, 0.000737568479963, -0.00138038629666, 0.00497501855716, -0.00147729879245, 7.57712623454e-05, -0.000403512414778, 0.00109571323264, -0.00173492124304, 0.00192877615336, -0.00282546831295, 0.00171946722548, -0.003216764424], [0.000454728899058, -0.00134243245702, -0.000159471062943, -0.00147729879245, 0.00629750173539, -0.0015845450107, -0.000129950480186, -0.00283013680018, 0.00218393630348, -0.00256987242028, 0.00302455807105, -0.000864864210598, 0.000380883342586], [-0.00061142485356, 0.00135151168797, -0.00126446224749, 7.57712623454e-05, -0.0015845450107, 0.00791000574827, -0.00243530306034, -0.000685662729666, 0.00173983641434, -0.00122252595611, -0.00172500067856, 0.00144370028283, -0.00193677528296], [0.000128914398374, -0.00118180783466, -5.09946112288e-05, -0.000403512414778, -0.000129950480186, -0.00243530306034, 0.00794843770564, -0.000538618362043, -0.00209640408866, 0.00214263098314, -0.000671529094689, -0.001082589617, 0.00290096900426], [-0.000593105331063, 0.00028942010249, -0.000354614487151, 0.00109571323264, -0.00283013680018, -0.000685662729666, -0.000538618362043, 0.0120361652225, -0.00481460848823, -0.00182014785241, -0.000581322703511, -5.77849859837e-05, -0.00313892774284], [-6.44329566057e-06, -0.000966727558989, -0.000891453353688, -0.00173492124304, 0.00218393630348, 0.00173983641434, -0.00209640408866, -0.00481460848823, 0.0156765319407, -0.0072329333052, 0.00187385291792, 0.0019791603554, -0.0016059539048], [2.37944677792e-05, 0.002484529512, -0.000480129470816, 0.00192877615336, -0.00256987242028, -0.00122252595611, 0.00214263098314, -0.00182014785241, -0.0072329333052, 0.0220802016556, -0.00951638352126, 0.000719132833183, 0.00249581690878], [0.000464456446934, -0.00395336095244, 0.00163856404833, -0.00282546831295, 0.00302455807105, -0.00172500067856, -0.000671529094689, -0.000581322703511, 0.00187385291792, -0.00951638352126, 0.0228070560843, -0.0116809522733, 0.00253050401807], [-0.000409479864175, 0.00432647904381, -0.00201413617469, 0.00171946722548, -0.000864864210598, 0.00144370028283, -0.001082589617, -5.77849859837e-05, 0.0019791603554, 0.000719132833183, -0.0116809522733, 0.0239086151123, -0.00990077015013], [0.000553875870537, -0.00219528959133, 0.00161244906485, -0.003216764424, 0.000380883342586, -0.00193677528296, 0.00290096900426, -0.00313892774284, -0.0016059539048, 0.00249581690878, 0.00253050401807, -0.00990077015013, 0.0213406011462]]
    },
    "melbands": {
        "dmean": [0.00124835874885, 0.00106874620542, 0.000621339713689, 0.000252872501733, 0.000242703579715, 0.000174300323124, 9.13599724299e-05, 0.000146116828546, 7.68222816987e-05, 0.000140554198879, 9.93805151666e-05, 3.59187506547e-05, 3.10513569275e-05, 2.26830161409e-05, 2.40170829784e-05, 2.09041681956e-05, 2.28002245422e-05, 1.56237165356e-05, 1.18509715321e-05, 1.66131412698e-05, 8.83264510776e-06, 6.91906370776e-06, 8.78163609741e-06, 4.43353746959e-06, 4.10333495893e-06, 4.95812400914e-06, 3.2511675272e-06, 2.05427591027e-06, 1.14054330425e-06, 9.07176058718e-07, 9.14938084406e-07, 9.17273609957e-07, 1.02184890238e-06, 7.9817976939e-07, 5.56058694201e-07, 4.58402638515e-07, 4.03725636033e-07, 3.46315971456e-07, 2.28094720001e-07, 1.71364504808e-07],
        "dmean2": [0.00199011317454, 0.00171263958327, 0.00101957563311, 0.000431618769653, 0.000396665505832, 0.000282617140329, 0.000141799857374, 0.000228931123274, 0.000115839182399, 0.00020639844297, 0.000145164915011, 5.28790333192e-05, 4.61443814856e-05, 3.41009945259e-05, 3.90016248275e-05, 3.21417282976e-05, 3.42970379279e-05, 2.41511224885e-05, 1.8464459572e-05, 2.71117514785e-05, 1.44916602949e-05, 1.13067544589e-05, 1.39788844535e-05, 7.34088007448e-06, 6.88605041432e-06, 8.33913418319e-06, 5.22919253854e-06, 3.34361061505e-06, 1.94575318346e-06, 1.49342167788e-06, 1.48288643231e-06, 1.4910893924e-06, 1.61842467605e-06, 1.19387902942e-06, 8.29105488265e-07, 6.76138995459e-07, 6.00744272106e-07, 4.93460390771e-07, 3.34720766659e-07, 2.59940009073e-07],
        "dvar": [1.31252154461e-05, 8.21370213089e-06, 4.44794568466e-06, 3.91254644683e-07, 4.05974731166e-07, 2.71109598771e-07, 8.56515072201e-08, 2.42566471798e-07, 7.62236211926e-08, 1.28570746938e-07, 9.04515431444e-08, 2.132579624e-08, 1.1931249766e-08, 4.92125584728e-09, 2.03147312305e-08, 5.74913139317e-09, 8.21647994087e-09, 3.14247095012e-09, 1.24934218526e-09, 2.33775598879e-09, 4.83289630537e-10, 2.43064429695e-10, 3.35362820847e-10, 1.54535967356e-10, 1.29926014392e-10, 1.99935942802e-10, 5.56583633349e-11, 2.06193222219e-11, 1.07708330102e-11, 7.49779578701e-12, 7.0295587927e-12, 6.19332796853e-12, 1.26477517695e-11, 7.71904502123e-12, 3.62855709021e-12, 2.84492828601e-12, 2.49636596117e-12, 1.44395346374e-12, 5.82856191696e-13, 3.38762573765e-13],
        "dvar2": [3.2146112062e-05, 1.89957227121e-05, 1.10648970804e-05, 1.07712321551e-06, 1.04087371255e-06, 6.97839539043e-07, 2.09308083754e-07, 5.72560281853e-07, 1.77619796204e-07, 2.95919676319e-07, 1.86560427551e-07, 5.07183877119e-08, 3.18640758223e-08, 1.08309352598e-08, 5.95189000308e-08, 1.26391510591e-08, 1.92037941105e-08, 6.96689905766e-09, 2.77570144647e-09, 6.00262417549e-09, 1.16302745212e-09, 6.07478234382e-10, 8.11972267201e-10, 4.2178599502e-10, 3.52611717602e-10, 5.58706692022e-10, 1.37025543689e-10, 5.09584527353e-11, 2.85905864955e-11, 1.95737349939e-11, 1.7196698926e-11, 1.59536168998e-11, 3.10696711414e-11, 1.48927606358e-11, 6.75544602896e-12, 5.25645586086e-12, 5.31338298013e-12, 2.63421597903e-12, 1.16276617241e-12, 7.99625448321e-13],
        "max": [0.0471841543913, 0.038126360625, 0.0313174165785, 0.0090462770313, 0.0108472825959, 0.00899252202362, 0.00724294036627, 0.0116371884942, 0.00734290108085, 0.00730285560712, 0.00851548742503, 0.00417002988979, 0.00379260699265, 0.00179050874431, 0.00442147674039, 0.00171342631802, 0.00344782602042, 0.00133011653088, 0.00101006519981, 0.00160832412075, 0.000540477398317, 0.000255296356045, 0.000378183787689, 0.000237883505179, 0.000145669953781, 0.00018145510694, 0.000120968827105, 5.93266777287e-05, 5.66447160963e-05, 4.38313545601e-05, 5.09885176143e-05, 3.16288314934e-05, 6.9407542469e-05, 7.1614747867e-05, 5.12313235959e-05, 4.78147630929e-05, 4.18060844822e-05, 4.61951785837e-05, 1.78748559847e-05, 1.42964618135e-05],
        "mean": [0.00337772886269, 0.00286300689913, 0.000779616297223, 0.00045250140829, 0.000439781520981, 0.000317834346788, 0.000177497029654, 0.000317308789818, 0.000162996235304, 0.000336310447892, 0.000209881691262, 6.60100849927e-05, 5.77693353989e-05, 4.64584772999e-05, 3.85296007153e-05, 4.10289794672e-05, 4.38818606199e-05, 2.52137269854e-05, 1.95502998395e-05, 2.68544026767e-05, 1.64884586411e-05, 1.23347590488e-05, 1.5872896256e-05, 7.46789055484e-06, 6.38162464384e-06, 7.40226505513e-06, 5.61437718716e-06, 3.26264989781e-06, 1.50855976244e-06, 1.28280601075e-06, 1.32726086122e-06, 1.37504332542e-06, 1.37666711453e-06, 1.34984861688e-06, 9.60974830377e-07, 7.49237131004e-07, 6.67859694659e-07, 6.55287863083e-07, 4.49760023002e-07, 3.03487325937e-07],
        "median": [0.00271341926418, 0.00176684255712, 0.00015463939053, 0.000149763785885, 7.7241253166e-05, 5.2998031606e-05, 3.54681833414e-05, 1.8174181605e-05, 1.6403671907e-05, 4.55255358247e-05, 1.94229360204e-05, 5.44855765838e-06, 4.64815093437e-06, 5.87858858125e-06, 3.92270703742e-06, 1.75575007688e-06, 4.37467133452e-06, 2.66618394562e-06, 4.07306788475e-06, 4.23015262641e-06, 3.76439243155e-06, 2.60126580542e-06, 2.30402702073e-06, 1.77777587851e-06, 1.9737879029e-06, 1.4384172573e-06, 1.25703240883e-06, 5.90000070133e-07, 3.10311889962e-07, 2.45835991564e-07, 2.43721700599e-07, 3.14428802994e-07, 2.08941600022e-07, 1.5225960226e-07, 1.60908115276e-07, 9.02840540107e-08, 1.21376757534e-07, 1.23990190559e-07, 9.32939272502e-08, 8.17742034087e-08],
        "min": [5.92009608003e-10, 1.07665396598e-08, 1.61247442065e-08, 1.2298837504e-08, 1.81169959035e-08, 4.21303596454e-08, 3.36261152256e-08, 5.32697708167e-09, 1.35152573577e-08, 1.49988217402e-08, 8.43047320842e-09, 9.04676422664e-09, 3.11708103773e-09, 5.28626209473e-09, 1.88213244989e-09, 1.09705677875e-09, 3.49009976475e-09, 1.49473544653e-09, 1.4533061421e-09, 1.57244939292e-09, 2.5372739465e-09, 1.93511939806e-09, 6.8688699173e-10, 9.70361013763e-10, 7.05027702885e-10, 5.14351561343e-10, 6.14011397282e-10, 3.85701776073e-10, 3.64298230471e-10, 1.44968106963e-10, 1.52316451119e-10, 7.41837077878e-11, 7.9908128725e-11, 6.0901991783e-11, 6.83565426485e-11, 6.62410196139e-11, 8.1538213681e-11, 6.41365294207e-11, 7.00819194344e-11, 5.57914964228e-11],
        "var": [1.91319522855e-05, 1.36052094604e-05, 5.02240163769e-06, 7.18457158655e-07, 8.28861516311e-07, 5.20332093856e-07, 1.73270962023e-07, 7.91625268448e-07, 1.41999677794e-07, 4.28869896041e-07, 2.92113043088e-07, 5.72443923375e-08, 2.6844205081e-08, 1.5248469154e-08, 2.55430165907e-08, 1.61075828231e-08, 2.48444198547e-08, 5.32505017858e-09, 2.73836975317e-09, 3.32793259616e-09, 1.11823661442e-09, 5.32945576559e-10, 8.92593055024e-10, 1.98992558542e-10, 1.46458623007e-10, 2.13668208127e-10, 9.71962510476e-11, 3.86387935536e-11, 1.17329271299e-11, 9.82206937311e-12, 1.1002931205e-11, 9.29290151774e-12, 1.6562855254e-11, 2.27278369735e-11, 1.05447534385e-11, 7.95803006826e-12, 5.20141178392e-12, 4.73119026595e-12, 1.42217335998e-12, 7.03011054318e-13]
    },
    "mfcc": {
        "mean": [-710.921447754, 132.552841187, -0.64864128828, 23.8082103729, 11.5873765945, -2.25428104401, 0.541032314301, 6.14755296707, 3.21436810493, 5.63945150375, 0.22862175107, -2.72420787811, 1.7314838171],
        "cov": [[14775.6748047, -78.9529190063, 1350.26550293, 636.94543457, 417.132751465, 798.850402832, 508.577819824, 1125.47644043, 594.799133301, 690.65826416, 787.668579102, 299.021148682, 26.2564182281], [-78.9529190063, 623.466491699, -31.9840297699, 70.4470291138, 22.5581970215, -30.3249988556, 60.8086433411, 14.9162950516, 40.4530296326, 51.6162185669, 20.5325069427, 23.8302955627, 5.05124902725], [1350.26550293, -31.9840297699, 1007.29779053, 309.111999512, 255.857559204, 316.7684021, 160.965789795, 298.633544922, 189.863769531, 175.514221191, 185.43409729, 119.168754578, 62.7327651978], [636.94543457, 70.4470291138, 309.111999512, 372.25012207, 163.548721313, 131.75201416, 90.5370635986, 145.243988037, 112.332572937, 91.461479187, 67.8322982788, 54.4718208313, 55.0914535522], [417.132751465, 22.5581970215, 255.857559204, 163.548721313, 317.518859863, 119.204658508, 88.6818008423, 115.594497681, 112.886695862, 86.0096130371, 75.9527664185, 46.5606880188, 40.4686737061], [798.850402832, -30.3249988556, 316.7684021, 131.75201416, 119.204658508, 241.040466309, 121.193992615, 140.988983154, 90.2616195679, 74.0356674194, 99.4112243652, 37.6270065308, 11.8103933334], [508.577819824, 60.8086433411, 160.965789795, 90.5370635986, 88.6818008423, 121.193992615, 162.879104614, 117.381156921, 62.2444496155, 56.1315612793, 79.537940979, 26.8273563385, 15.056178093], [1125.47644043, 14.9162950516, 298.633544922, 145.243988037, 115.594497681, 140.988983154, 117.381156921, 227.419281006, 122.425430298, 96.9720840454, 110.125556946, 45.5852127075, 26.178730011], [594.799133301, 40.4530296326, 189.863769531, 112.332572937, 112.886695862, 90.2616195679, 62.2444496155, 122.425430298, 154.100723267, 100.976089478, 74.2076263428, 36.7281455994, 13.7890501022], [690.65826416, 51.6162185669, 175.514221191, 91.461479187, 86.0096130371, 74.0356674194, 56.1315612793, 96.9720840454, 100.976089478, 139.219573975, 88.9146652222, 37.4252586365, 13.5339651108], [787.668579102, 20.5325069427, 185.43409729, 67.8322982788, 75.9527664185, 99.4112243652, 79.537940979, 110.125556946, 74.2076263428, 88.9146652222, 156.214248657, 63.4584579468, 16.2099933624], [299.021148682, 23.8302955627, 119.168754578, 54.4718208313, 46.5606880188, 37.6270065308, 26.8273563385, 45.5852127075, 36.7281455994, 37.4252586365, 63.4584579468, 100.393821716, 45.2414283752], [26.2564182281, 5.05124902725, 62.7327651978, 55.0914535522, 40.4686737061, 11.8103933334, 15.056178093, 26.178730011, 13.7890501022, 13.5339651108, 16.2099933624, 45.2414283752, 90.790977478]],
