{
"lowlevel": {
    "average_loudness": 0.973903000355,
    "barkbands_crest": {
        "dmean": 2.6160774231,
        "dmean2": 4.41000366211,
        "dvar": 6.96040821075,
        "dvar2": 18.7534351349,
        "max": 23.1417922974,
        "mean": 7.98223304749,
        "median": 7.15859651566,
        "min": 2.71878933907,
        "var": 12.1217784882
    },
    "barkbands_flatness_db": {
        "dmean": 0.0167515426874,
        "dmean2": 0.027159716934,
        "dvar": 0.000283644418232,
        "dvar2": 0.000733511405997,
        "max": 0.246745184064,
        "mean": 0.0946759134531,
        "median": 0.0876892134547,
        "min": 0.0279856137931,
        "var": 0.00112093740609
    },
    "barkbands_kurtosis": {
        "dmean": 1.77199649811,
        "dmean2": 3.00074458122,
        "dvar": 18.5484828949,
        "dvar2": 49.8317947388,
        "max": 79.925819397,
        "mean": 1.4964621067,
        "median": -0.182378768921,
        "min": -1.65100467205,
        "var": 30.2125358582
    },
    "barkbands_skewness": {
        "dmean": 0.458852618933,
        "dmean2": 0.756348133087,
        "dvar": 0.278236806393,
        "dvar2": 0.735819935799,
        "max": 8.43825817108,
        "mean": 1.09277880192,
        "median": 0.828108489513,
        "min": -0.49556401372,
        "var": 0.909585535526
    },
    "barkbands_spread": {
        "dmean": 5.0396065712,
        "dmean2": 7.98430633545,
        "dvar": 23.0575580597,
        "dvar2": 56.4059066772,
        "max": 67.6873168945,
        "mean": 27.8175468445,
        "median": 27.8869304657,
        "min": 3.2632727623,
        "var": 81.9624404907
    },
    "dissonance": {
        "dmean": 0.0116173410788,
        "dmean2": 0.019518468529,
        "dvar": 9.81477642199e-05,
        "dvar2": 0.000261823326582,
        "max": 0.500000059605,
        "mean": 0.479049652815,
        "median": 0.481954932213,
        "min": 0.397440582514,
        "var": 0.000183663243661
    },
    "dynamic_complexity": 1.36577653885,
    "erbbands_crest": {
        "dmean": 2.24558496475,
        "dmean2": 3.73800253868,
        "dvar": 4.28125,
        "dvar2": 11.5070962906,
        "max": 23.248090744,
        "mean": 7.38243627548,
        "median": 6.73946475983,
        "min": 2.35029792786,
        "var": 8.38728427887
    },
    "erbbands_flatness_db": {
        "dmean": 0.0117646064609,
        "dmean2": 0.0178296994418,
        "dvar": 0.00010896272579,
        "dvar2": 0.00024136720458,
        "max": 0.278826355934,
        "mean": 0.138777121902,
        "median": 0.134132355452,
        "min": 0.0591185316443,
        "var": 0.00136852881406
    },
    "erbbands_kurtosis": {
        "dmean": 0.433275312185,
        "dmean2": 0.703891515732,
        "dvar": 0.19129858911,
        "dvar2": 0.49272814393,
        "max": 5.18602180481,
        "mean": -0.185525417328,
        "median": -0.298441886902,
        "min": -1.59672486782,
        "var": 0.46435007453
    },
    "erbbands_skewness": {
        "dmean": 0.269865423441,
        "dmean2": 0.418929278851,
        "dvar": 0.051530867815,
        "dvar2": 0.12772847712,
        "max": 2.02278470993,
        "mean": -0.00791289843619,
        "median": -0.0409736223519,
        "min": -1.59847891331,
        "var": 0.210271403193
    },
    "erbbands_spread": {
        "dmean": 5.72096633911,
        "dmean2": 9.12769031525,
        "dvar": 28.7089214325,
        "dvar2": 72.811958313,
        "max": 119.602622986,
        "mean": 36.8483390808,
        "median": 33.3996086121,
        "min": 13.2770023346,
        "var": 197.643692017
    },
    "hfc": {
        "dmean": 5.61093425751,
        "dmean2": 8.13907432556,
        "dvar": 29.9979743958,
        "dvar2": 60.1534309387,
        "max": 73.9997253418,
        "mean": 31.1365718842,
        "median": 29.9538402557,
        "min": 0.00022924800578,
        "var": 205.749221802
    },
    "melbands_crest": {
        "dmean": 3.10074329376,
        "dmean2": 5.19322538376,
        "dvar": 6.87727832794,
        "dvar2": 18.6036834717,
        "max": 24.8205127716,
        "mean": 12.6704072952,
        "median": 12.4559202194,
        "min": 4.20009565353,
        "var": 16.0936546326
    },
    "melbands_flatness_db": {
        "dmean": 0.0232421755791,
        "dmean2": 0.03710879758,
        "dvar": 0.000548933458049,
        "dvar2": 0.00144838972483,
        "max": 0.357538819313,
        "mean": 0.158816739917,
        "median": 0.151756763458,
        "min": 0.0655641257763,
        "var": 0.00195870897733
    },
    "melbands_kurtosis": {
        "dmean": 5.31384754181,
        "dmean2": 8.86898136139,
        "dvar": 170.180252075,
        "dvar2": 455.084594727,
        "max": 257.103759766,
        "mean": 8.67785167694,
        "median": 3.28830289841,
        "min": -1.17589223385,
        "var": 318.997375488
    },
    "melbands_skewness": {
        "dmean": 0.656932830811,
        "dmean2": 1.07524311543,
        "dvar": 0.592629253864,
        "dvar2": 1.5845887661,
        "max": 13.4926872253,
        "mean": 2.1981844902,
        "median": 1.80126953125,
        "min": 0.0508433282375,
        "var": 2.15241289139
    },
    "melbands_spread": {
        "dmean": 7.42255210876,
        "dmean2": 11.9744377136,
        "dvar": 47.1511802673,
        "dvar2": 122.967277527,
        "max": 67.7713851929,
        "mean": 30.3797264099,
        "median": 31.2928924561,
        "min": 1.57257473469,
        "var": 145.828369141
    },
    "pitch_salience": {
        "dmean": 0.0727364867926,
        "dmean2": 0.121413424611,
        "dvar": 0.00427866214886,
        "dvar2": 0.0116166500375,
        "max": 0.818496108055,
        "mean": 0.584137916565,
        "median": 0.591081857681,
        "min": 0.149858757854,
        "var": 0.00801936071366
    },
    "silence_rate_20dB": {
        "dmean": 0,
        "dmean2": 0,
        "dvar": 0,
        "dvar2": 0,
        "max": 1,
        "mean": 1,
        "median": 1,
        "min": 1,
        "var": 0
    },
    "silence_rate_30dB": {
        "dmean": 0,
        "dmean2": 0,
        "dvar": 0,
        "dvar2": 0,
        "max": 1,
        "mean": 1,
        "median": 1,
        "min": 1,
        "var": 0
    },
    "silence_rate_60dB": {
        "dmean": 0.000386996893212,
        "dmean2": 0.000774293439463,
        "dvar": 0.000386876170523,
        "dvar2": 0.000773690466303,
        "max": 1,
        "mean": 0.000773694366217,
        "median": 0,
        "min": 0,
        "var": 0.000773093255702
    },
    "spectral_centroid": {
        "dmean": 213.186431885,
        "dmean2": 336.395172119,
        "dvar": 38546.1210938,
        "dvar2": 94591.359375,
        "max": 2894.20654297,
        "mean": 1619.89440918,
        "median": 1666.44812012,
        "min": 354.697937012,
        "var": 151540.21875
    },
    "spectral_complexity": {
        "dmean": 3.9574303627,
        "dmean2": 6.04878044128,
        "dvar": 10.1646032333,
        "dvar2": 22.5895042419,
        "max": 55,
        "mean": 32.2707939148,
        "median": 34,
        "min": 0,
        "var": 82.3316497803
    },
    "spectral_decrease": {
        "dmean": 3.16218451424e-09,
        "dmean2": 5.34652588868e-09,
        "dvar": 1.71469991489e-17,
        "dvar2": 4.58002956853e-17,
        "max": -7.82013952834e-14,
        "mean": -9.05262531603e-09,
        "median": -8.36624902689e-09,
        "min": -3.34762084719e-08,
        "var": 2.09041047763e-17
    },
    "spectral_energy": {
        "dmean": 0.0122174089774,
        "dmean2": 0.0205655433238,
        "dvar": 0.000247910444159,
        "dvar2": 0.000660175981466,
        "max": 0.127730563283,
        "mean": 0.0369908809662,
        "median": 0.0346015430987,
        "min": 3.15943822216e-07,
        "var": 0.000319841230521
    },
    "spectral_energyband_high": {
        "dmean": 0.000244907219894,
        "dmean2": 0.000335465068929,
        "dvar": 1.2115390291e-07,
        "dvar2": 2.09582580624e-07,
        "max": 0.00772764813155,
        "mean": 0.000987868523225,
        "median": 0.000805862189736,
        "min": 1.29090462764e-08,
        "var": 6.9385430379e-07
    },
    "spectral_energyband_low": {
        "dmean": 0.00812819413841,
        "dmean2": 0.014216799289,
        "dvar": 0.000207179473364,
        "dvar2": 0.000572936027311,
        "max": 0.12187962234,
        "mean": 0.013605447486,
        "median": 0.00994209293276,
        "min": 1.04673908652e-07,
        "var": 0.000194189735339
    },
    "spectral_energyband_middle_high": {
        "dmean": 0.00282353116199,
        "dmean2": 0.00432015303522,
        "dvar": 1.13258192869e-05,
        "dvar2": 2.83913050225e-05,
        "max": 0.0599325224757,
        "mean": 0.0112463831902,
        "median": 0.0103842951357,
        "min": 2.22467058109e-08,
        "var": 4.66505771328e-05
    },
    "spectral_energyband_middle_low": {
        "dmean": 0.0061243865639,
        "dmean2": 0.0101830884814,
        "dvar": 0.000105164472188,
        "dvar2": 0.000281121756416,
        "max": 0.0915055572987,
        "mean": 0.0125308278948,
        "median": 0.00975151080638,
        "min": 1.47719006804e-07,
        "var": 0.000100636738352
    },
    "spectral_entropy": {
        "dmean": 0.0847129449248,
        "dmean2": 0.131557285786,
        "dvar": 0.00592656387016,
        "dvar2": 0.013262652792,
        "max": 8.40652370453,
        "mean": 7.8223118782,
        "median": 7.83782243729,
        "min": 7.15089130402,
        "var": 0.0402433387935
    },
    "spectral_flux": {
        "dmean": 0.0312384534627,
        "dmean2": 0.0481364242733,
        "dvar": 0.00111440452747,
        "dvar2": 0.0020128947217,
        "max": 0.29087588191,
        "mean": 0.106150522828,
        "median": 0.0972287133336,
        "min": 0.000562088796869,
        "var": 0.00208170060068
    },
    "spectral_kurtosis": {
        "dmean": 1.05519115925,
        "dmean2": 1.81143820286,
        "dvar": 1.68526148796,
        "dvar2": 5.20522594452,
        "max": 16.4806251526,
        "mean": 4.06610107422,
        "median": 3.86749362946,
        "min": 0.403148889542,
        "var": 3.01492214203
    },
    "spectral_rms": {
        "dmean": 0.000913035823032,
        "dmean2": 0.00149549543858,
        "dvar": 1.08831341095e-06,
        "dvar2": 2.83718918581e-06,
        "max": 0.011163117364,
        "mean": 0.00584062375128,
        "median": 0.00581012945622,
        "min": 1.75567038241e-05,
        "var": 1.97573740479e-06
    },
    "spectral_rolloff": {
        "dmean": 447.598815918,
        "dmean2": 758.923034668,
        "dvar": 256196.78125,
        "dvar2": 615075.375,
        "max": 6072.36328125,
        "mean": 1748.36730957,
        "median": 2002.58789062,
        "min": 86.1328125,
        "var": 639657.9375
    },
    "spectral_skewness": {
        "dmean": 0.139479652047,
        "dmean2": 0.232585728168,
        "dvar": 0.0191686935723,
        "dvar2": 0.0527897924185,
        "max": 3.32495927811,
        "mean": 1.4409583807,
        "median": 1.46146476269,
        "min": 0.559619486332,
        "var": 0.047715742141
    },
    "spectral_spread": {
        "dmean": 312079.15625,
        "dmean2": 448077.84375,
        "dvar": 112123904000,
        "dvar2": 186092470272,
        "max": 8903988,
        "mean": 4319931.5,
        "median": 4208938.5,
        "min": 1849629.625,
        "var": 1.34039574938e+12
    },
    "spectral_strongpeak": {
        "dmean": 0.525973081589,
        "dmean2": 0.941648960114,
        "dvar": 0.893933355808,
        "dvar2": 2.40013432503,
        "max": 9.37146472931,
        "mean": 0.710742771626,
        "median": 0.386520862579,
        "min": 0,
        "var": 0.914364814758
    },
    "zerocrossingrate": {
        "dmean": 0.00820346549153,
        "dmean2": 0.0106070265174,
        "dvar": 5.48643329239e-05,
        "dvar2": 8.16659812699e-05,
        "max": 0.1669921875,
        "mean": 0.0661714598536,
        "median": 0.064453125,
        "min": 0.01416015625,
        "var": 0.000409548345488
    },
    "barkbands": {
        "dmean": [0.000511502264999, 0.0063559920527, 0.00218971050344, 0.00226888200268, 0.00295287068002, 0.000847969902679, 0.00123698113021, 0.000332894152962, 0.000993000459857, 0.00166039331816, 0.000721676275134, 0.000559250940569, 0.000414218317019, 0.000499549147207, 0.00030819355743, 0.000777818495408, 0.000442493590526, 0.000272958859568, 0.000223916169489, 0.000153655055328, 8.1372949353e-05, 6.9585381425e-05, 6.97553332429e-05, 4.79140762764e-05, 2.68821440841e-05, 1.8828890461e-05, 5.76138609176e-06],
        "dmean2": [0.000915561744478, 0.0112761966884, 0.00372529262677, 0.00386557099409, 0.00515880296007, 0.00140635075513, 0.00210461602546, 0.000556674669497, 0.00153341027908, 0.00265203719027, 0.00113580445759, 0.0009191854042, 0.000675188784953, 0.000826495874207, 0.000504866417032, 0.00127717829309, 0.000738485599868, 0.000439144321717, 0.000350320566213, 0.00024647518876, 0.000132376837428, 0.000106425723061, 0.000101889374491, 6.9333553256e-05, 3.59476362064e-05, 2.66390998149e-05, 8.68195184012e-06],
        "dvar": [1.24244400013e-06, 0.000159394854563, 6.77306070429e-06, 1.61317821039e-05, 3.66173881048e-05, 1.70407668065e-06, 4.07124889534e-06, 4.35312983882e-07, 4.58615795651e-06, 8.60576164996e-06, 8.52524067341e-07, 1.37440770231e-06, 9.48426531977e-07, 8.1723663925e-07, 2.70386379952e-07, 8.58065504872e-07, 1.98010710051e-07, 7.72328405674e-08, 6.33700523167e-08, 4.0607488927e-08, 8.36256219827e-09, 1.63064051151e-08, 2.0030467951e-08, 5.88738480189e-09, 1.55229085141e-09, 2.5113966462e-09, 4.48980908008e-10],
        "dvar2": [3.34327864948e-06, 0.00044237493421, 1.88893718587e-05, 4.26316109952e-05, 9.99195472104e-05, 4.28493740401e-06, 1.12066873044e-05, 1.19841138257e-06, 1.07955011117e-05, 2.22514190682e-05, 2.02341038857e-06, 3.70659495275e-06, 2.45172350333e-06, 2.14013243749e-06, 6.56696499846e-07, 2.21219465857e-06, 5.37610787887e-07, 1.92014837808e-07, 1.46478527085e-07, 9.77818856995e-08, 2.07348005432e-08, 3.35710019783e-08, 4.06053679569e-08, 1.20974030793e-08, 2.71317790457e-09, 5.10141262566e-09, 9.90947990331e-10],
        "max": [0.00897271931171, 0.109478190541, 0.0360549166799, 0.0405031330884, 0.050863366574, 0.0192314870656, 0.0310352351516, 0.0171762537211, 0.0398955121636, 0.0493943616748, 0.015524841845, 0.0169942863286, 0.0236708614975, 0.014818482101, 0.0123037956655, 0.0183848198503, 0.00657612178475, 0.00297798309475, 0.00341643858701, 0.00359937897883, 0.00169704365544, 0.00414232164621, 0.00347460433841, 0.00165700470097, 0.000832700752653, 0.000860397936776, 0.000367944216123],
        "mean": [0.000378215801902, 0.00798636954278, 0.00411512423307, 0.00283837690949, 0.00331897079013, 0.00149957358371, 0.00214905082248, 0.000491461833008, 0.00182225264143, 0.00293228356168, 0.00127985794097, 0.000949344888795, 0.000644787738565, 0.000832799996715, 0.000557722873054, 0.0017381120706, 0.00100657111034, 0.000652246410027, 0.000536012288649, 0.000372777605662, 0.000248922035098, 0.000190656850464, 0.000180891089258, 0.000138172239531, 8.10903657111e-05, 4.07520492445e-05, 8.45731574373e-06],
        "median": [5.76778511459e-05, 0.0036384142004, 0.00338494800963, 0.00165130081587, 0.00171624857467, 0.00097078026738, 0.00166653562337, 0.000329876726028, 0.00116767233703, 0.00176333403215, 0.000909549009521, 0.000533310638275, 0.000393253867514, 0.000425290811108, 0.00042100387509, 0.00148241512943, 0.0009226934053, 0.000576866732445, 0.000456031993963, 0.000287650473183, 0.000211916820263, 0.000142281191074, 0.000116191207781, 0.000102700410935, 5.41036679351e-05, 1.61647676578e-05, 1.77743743279e-06],
        "min": [5.35982351835e-08, 1.735430466e-08, 3.49954412115e-08, 3.75234314731e-08, 2.02433647623e-09, 9.5466830885e-08, 7.40423189427e-09, 3.68852792754e-09, 1.27889665524e-09, 9.28358501184e-10, 1.68001879075e-09, 2.42542896878e-09, 7.19671322535e-10, 5.44152145565e-09, 5.48834622194e-09, 2.59844967765e-09, 1.73000858084e-09, 6.50988263295e-10, 5.45870348923e-10, 3.24293980558e-10, 5.86397874702e-10, 1.76421099951e-09, 1.2855998488e-09, 1.66914015942e-09, 3.05382164001e-09, 2.99583535757e-09, 8.55651105525e-10],
        "var": [8.85780707449e-07, 0.000140552743687, 1.0901888345e-05, 1.55277830345e-05, 2.75000984402e-05, 2.7964176752e-06, 4.72456395073e-06, 4.15643540919e-07, 7.08287143425e-06, 1.75493605639e-05, 1.57781141752e-06, 2.52339464168e-06, 1.32324623792e-06, 1.51295876094e-06, 3.78526607392e-07, 1.81545703981e-06, 4.77749779293e-07, 1.99021044978e-07, 1.66318017136e-07, 9.98642732952e-08, 3.09757517414e-08, 5.20559559902e-08, 6.27547578347e-08, 2.17530526925e-08, 8.1413551456e-09, 5.94094595741e-09, 6.46899811496e-10]
    },
    "erbbands": {
        "dmean": [0.155676528811, 1.49749422073, 2.73192930222, 4.26591777802, 11.8847770691, 8.25699043274, 5.50400066376, 8.05195617676, 17.6629123688, 12.9816932678, 7.79228162766, 25.3211364746, 34.7352561951, 43.095916748, 26.997095108, 20.3374710083, 18.9981327057, 16.1579456329, 23.4392681122, 21.1186599731, 48.4274177551, 22.9577045441, 14.0396900177, 10.4475336075, 12.4338731766, 6.41406345367, 3.26303958893, 3.26190924644, 2.532787323, 2.32659769058, 2.02154397964, 1.13528561592, 0.82005238533, 0.37939786911, 0.178184553981, 0.0906841754913, 0.0340606980026, 0.00913872942328, 0.000911456998438, 3.00936699205e-05],
        "dmean2": [0.286270111799, 2.6352763176, 4.66656589508, 7.1342921257, 20.8565826416, 14.5738134384, 9.29555511475, 13.2346143723, 30.1174869537, 21.4551582336, 12.6260299683, 38.4899787903, 56.3483352661, 68.4043426514, 42.8857040405, 33.2043113708, 30.7813282013, 26.4799175262, 38.2578964233, 35.1988983154, 80.4375305176, 38.528427124, 22.3429870605, 16.6138401031, 19.1811180115, 10.3182516098, 5.21747159958, 5.32462787628, 3.88721823692, 3.47450876236, 2.96233201027, 1.6888551712, 1.19254887104, 0.533632874489, 0.241435587406, 0.124535098672, 0.0491745583713, 0.0137322451919, 0.0013694196241, 4.57738315163e-05],
        "dvar": [0.121273078024, 8.35701179504, 13.9251785278, 40.2085723877, 710.497314453, 209.007324219, 72.6977844238, 178.586685181, 795.746826172, 570.467407227, 172.919723511, 3643.11572266, 5853.40429688, 4150.07666016, 1732.57177734, 2006.22949219, 1468.1607666, 1188.4486084, 1679.13171387, 714.739196777, 3020.40136719, 552.463439941, 217.785720825, 114.346435547, 203.692382812, 74.241317749, 15.0976543427, 16.7783737183, 18.3512592316, 24.46367836, 17.1973419189, 3.63366580009, 1.66194021702, 0.280175238848, 0.0800304636359, 0.0405392274261, 0.00955298915505, 0.00102764961775, 1.12622237793e-05, 5.09859710007e-09],
        "dvar2": [0.338273912668, 23.1136703491, 38.2460365295, 101.249221802, 1952.51098633, 583.405273438, 186.537872314, 452.049835205, 2172.21728516, 1558.97570801, 429.463317871, 8504.83105469, 15477.6044922, 9800.63671875, 4465.23339844, 5514.17285156, 3623.53222656, 3047.49365234, 4264.56005859, 1833.33935547, 8208.44140625, 1514.05212402, 538.836120605, 267.958343506, 476.600067139, 173.677536011, 36.381061554, 42.2171821594, 40.9052772522, 50.7919387817, 33.9486999512, 7.51751899719, 3.53271389008, 0.55740326643, 0.138575553894, 0.0822129547596, 0.0194215811789, 0.00224239402451, 2.397424214e-05, 1.07051434384e-08],
        "max": [2.09533619881, 27.1062908173, 42.4877738953, 77.8478317261, 232.87802124, 157.170059204, 123.600753784, 230.128097534, 412.843597412, 512.625976562, 250.791748047, 1240.07702637, 1222.8671875, 1123.11547852, 739.193603516, 762.909362793, 850.268920898, 455.549926758, 640.52734375, 331.533203125, 802.341918945, 300.476348877, 182.608917236, 135.050216675, 204.834411621, 173.130722046, 61.7943077087, 103.214347839, 153.633056641, 116.741859436, 103.668212891, 50.9030647278, 28.44739151, 9.84045028687, 6.01639318466, 3.79310512543, 1.55544292927, 0.597960054874, 0.0566824413836, 0.00126989523415],
        "mean": [0.134711489081, 2.08984541893, 5.34539794922, 6.87296915054, 11.8461227417, 10.6197538376, 9.09605312347, 14.2947731018, 29.2821712494, 21.8966732025, 15.4881772995, 46.183467865, 57.7174072266, 86.584854126, 54.3193435669, 37.7139816284, 33.228263855, 28.844335556, 42.421913147, 46.0434494019, 103.829833984, 56.0997238159, 36.1985626221, 27.994096756, 30.1925506592, 16.7669868469, 9.67614269257, 9.28020191193, 6.88843250275, 6.09924983978, 5.07750844955, 3.11328816414, 2.17431616783, 1.11165738106, 0.516782224178, 0.218604534864, 0.0660454407334, 0.0153987519443, 0.00135454977863, 7.45894285501e-05],
        "median": [0.0405268408358, 1.05261993408, 4.60630226135, 4.96693181992, 5.02904415131, 6.51885795593, 6.0210723877, 9.6374874115, 21.4748916626, 16.6118545532, 11.0984392166, 31.1586399078, 28.2938461304, 63.3157577515, 40.9462814331, 21.8148975372, 22.0724868774, 16.8735771179, 25.734500885, 37.1059951782, 91.5127029419, 52.1884880066, 32.5015907288, 25.2322235107, 25.4011306763, 13.6573143005, 7.96346330643, 7.8495554924, 5.31091165543, 4.15027809143, 3.23135662079, 2.21028757095, 1.51899147034, 0.792269766331, 0.307585716248, 0.104874752462, 0.0217068642378, 0.00405521923676, 0.000285658199573, 5.41557346878e-05],
        "min": [4.04621232519e-07, 5.34899709237e-06, 3.04145069094e-05, 0.000109446227725, 3.78434815502e-05, 1.00959523479e-05, 7.84096191637e-05, 0.00106906855945, 0.000440756324679, 6.30366630503e-05, 6.3819650677e-05, 3.04285913444e-05, 3.23274471157e-05, 3.22299529216e-05, 0.000111516470497, 7.70456463215e-05, 3.94600610889e-05, 0.000171263396624, 0.000254741462413, 0.000263548805378, 0.000152207401698, 0.000102620542748, 2.95078880299e-05, 3.63044455298e-05, 2.46364252234e-05, 1.55414381879e-05, 2.58137060882e-05, 1.98122670554e-05, 6.3544481236e-05, 4.98719346069e-05, 3.68440269085e-05, 3.3344993426e-05, 3.24086868204e-05, 2.57948195213e-05, 2.42640198849e-05, 1.06425586637e-05, 6.68661459713e-06, 1.3920763422e-06, 2.03002542776e-07, 2.02504004676e-08],
        "var": [0.0804898962379, 8.08454227448, 18.2555675507, 47.8266029358, 507.353881836, 174.272644043, 93.0423278809, 252.359817505, 969.022705078, 564.86932373, 285.441955566, 5014.28417969, 11010.5966797, 8572.71777344, 2687.69946289, 3911.99682617, 2422.39819336, 1882.77758789, 2981.84033203, 1464.03125, 5698.82080078, 1308.8302002, 590.996765137, 331.132995605, 533.93145752, 179.375793457, 52.3768730164, 53.6394386292, 56.1153411865, 71.2851409912, 52.2548675537, 12.9143657684, 5.87980079651, 1.26098155975, 0.415021598339, 0.123273685575, 0.0194869302213, 0.00160045037046, 1.6794381736e-05, 8.41939229446e-09]
    },
    "gfcc": {
        "mean": [55.7480354309, 86.2394866943, -127.262489319, 32.8739433289, -52.4237785339, 13.7355413437, -34.9775924683, 14.5071763992, -23.4511299133, -4.73232078552, -20.6240291595, 2.00905323029, -8.78951072693],
        "cov": [[1746.90087891, -667.037109375, 313.273590088, 32.714138031, -15.8715219498, 360.917449951, -130.700576782, 127.468505859, -35.7334938049, 42.8027648926, -39.6381797791, 60.6403579712, -90.260848999], [-667.037109375, 689.666564941, -327.518737793, 44.8230628967, 91.3669967651, -170.673858643, 121.34375, -17.9878253937, 86.9030914307, -31.7982196808, 80.7077865601, -52.3477172852, 83.4218978882], [313.273590088, -327.518737793, 697.751708984, 166.425048828, -44.2107276917, 234.805847168, -26.8824138641, 5.44889354706, -45.5249023438, 55.5637626648, -33.3823814392, 49.9053497314, -42.7565307617], [32.714138031, 44.8230628967, 166.425048828, 196.246032715, 25.1447029114, 132.822433472, 41.5266723633, 40.7080841064, 34.6321334839, 25.7862567902, 39.634437561, 6.82544612885, 19.9696941376], [-15.8715219498, 91.3669967651, -44.2107276917, 25.1447029114, 119.453102112, -11.5210466385, 38.0287055969, 20.756149292, 25.0222873688, 2.37012505531, 14.1965274811, 6.42741537094, 11.4336395264], [360.917449951, -170.673858643, 234.805847168, 132.822433472, -11.5210466385, 274.854858398, 21.1075820923, 72.5867080688, 22.1032085419, 42.5488624573, 24.6099472046, 19.2627735138, -1.35063648224], [-130.700576782, 121.34375, -26.8824138641, 41.5266723633, 38.0287055969, 21.1075820923, 100.598823547, 33.1943283081, 37.8246192932, 8.43719100952, 28.3784141541, -4.10390377045, 21.0855865479], [127.468505859, -17.9878253937, 5.44889354706, 40.7080841064, 20.756149292, 72.5867080688, 33.1943283081, 95.4795227051, 49.3717079163, 19.6466331482, 17.9344501495, 11.1682386398, 11.5784511566], [-35.7334938049, 86.9030914307, -45.5249023438, 34.6321334839, 25.0222873688, 22.1032085419, 37.8246192932, 49.3717079163, 81.3689804077, 26.5029964447, 26.1522521973, 0.644670963287, 15.5489578247], [42.8027648926, -31.7982196808, 55.5637626648, 25.7862567902, 2.37012505531, 42.5488624573, 8.43719100952, 19.6466331482, 26.5029964447, 51.2558822632, 21.2953395844, 9.59229373932, -3.76048827171], [-39.6381797791, 80.7077865601, -33.3823814392, 39.634437561, 14.1965274811, 24.6099472046, 28.3784141541, 17.9344501495, 26.1522521973, 21.2953395844, 60.7776565552, 11.3104143143, 17.3352718353], [60.6403579712, -52.3477172852, 49.9053497314, 6.82544612885, 6.42741537094, 19.2627735138, -4.10390377045, 11.1682386398, 0.644670963287, 9.59229373932, 11.3104143143, 49.9117965698, 9.5214509964], [-90.260848999, 83.4218978882, -42.7565307617, 19.9696941376, 11.4336395264, -1.35063648224, 21.0855865479, 11.5784511566, 15.5489578247, -3.76048827171, 17.3352718353, 9.5214509964, 52.5666656494]],
        "icov": [[0.00141601555515, 0.000578905630391, 0.000257002364378, 0.000418980867835, -0.000915547483601, -0.00177452445496, 0.00175451603718, -0.00143413420301, 0.000398577569285, 0.000482691335492, -7.66814846429e-05, -0.000499681686051, 0.00136065331753], [0.000578905630391, 0.00634945323691, 5.99473278271e-05, -0.00162922334857, -0.00190106884111, 0.00306494813412, -0.00242381519638, 0.00288942386396, -0.00540199223906, 0.00526430644095, -0.00681357970461, 0.00577866006643, -0.00441189669073], [0.000257002364378, 5.99473278271e-05, 0.00431499024853, -0.00375966797583, 0.000877576239873, -0.00211015436798, -0.00043026349158, 0.00106535758823, 0.00305059063248, -0.00452356319875, 0.00581629481167, -0.00461939536035, 0.00266965711489], [0.000418980867835, -0.00162922334857, -0.00375966797583, 0.0134655022994, -0.00236638402566, -0.00478611607105, 0.00122866197489, -0.00100070983171, -0.00248248456046, 0.00326629099436, -0.00624523544684, 0.00344379688613, -0.00234548561275], [-0.000915547483601, -0.00190106884111, 0.000877576239873, -0.00236638402566, 0.0116075249389, 0.00170844688546, -0.00364173087291, -0.000995226204395, 0.000692045956384, -0.00193186791148, 0.00326971546747, -0.00435471115634, 0.00162440596614], [-0.00177452445496, 0.00306494813412, -0.00211015436798, -0.00478611607105, 0.00170844688546, 0.0130874877796, -0.00400006584823, -0.00202422589064, -0.00179315335117, 0.00059766904451, -0.00564940180629, 0.00498944241554, -0.00426162267104], [0.00175451603718, -0.00242381519638, -0.00043026349158, 0.00122866197489, -0.00364173087291, -0.00400006584823, 0.0190644189715, -0.00591888185591, -0.000166884463397, 0.000260439759586, -0.00176508910954, 0.000670260749757, 0.000917009601835], [-0.00143413420301, 0.00288942386396, 0.00106535758823, -0.00100070983171, -0.000995226204395, -0.00202422589064, -0.00591888185591, 0.0243432093412, -0.013834297657, 0.00300823152065, -0.000754825712647, -0.000654783216305, -0.00394965289161], [0.000398577569285, -0.00540199223906, 0.00305059063248, -0.00248248456046, 0.000692045956384, -0.00179315335117, -0.000166884463397, -0.013834297657, 0.0325886905193, -0.0179623719305, 0.0077143269591, -0.00445309793577, 0.0029371115379], [0.000482691335492, 0.00526430644095, -0.00452356319875, 0.00326629099436, -0.00193186791148, 0.00059766904451, 0.000260439759586, 0.00300823152065, -0.0179623719305, 0.0407051816583, -0.0198786184192, 0.00508475629613, 0.00108241313137], [-7.66814846429e-05, -0.00681357970461, 0.00581629481167, -0.00624523544684, 0.00326971546747, -0.00564940180629, -0.00176508910954, -0.000754825712647, 0.0077143269591, -0.0198786184192, 0.0409838445485, -0.016478613019, 0.00356793031096], [-0.000499681686051, 0.00577866006643, -0.00461939536035, 0.00344379688613, -0.00435471115634, 0.00498944241554, 0.000670260749757, -0.000654783216305, -0.00445309793577, 0.00508475629613, -0.016478613019, 0.0350542478263, -0.0133775956929], [0.00136065331753, -0.00441189669073, 0.00266965711489, -0.00234548561275, 0.00162440596614, -0.00426162267104, 0.000917009601835, -0.00394965289161, 0.0029371115379, 0.00108241313137, 0.00356793031096, -0.0133775956929, 0.0319182761014]]
    },
    "melbands": {
        "dmean": [0.00162197265308, 0.00159476010595, 0.000981468125246, 0.0007434746949, 0.000209200821701, 0.000175209584995, 0.000264587870333, 0.000124106998555, 8.25199458632e-05, 0.000150959574967, 0.000185184529983, 0.000196585271624, 0.000106917977973, 6.67594576953e-05, 5.50364748051e-05, 3.27354755427e-05, 3.37713172485e-05, 4.72359970445e-05, 2.06422882911e-05, 4.01930956286e-05, 6.44132087473e-05, 2.88536102744e-05, 1.6077003238e-05, 1.51089689098e-05, 8.69073483045e-06, 9.83143945632e-06, 9.30971873458e-06, 3.70493307855e-06, 2.23832807933e-06, 2.45966452894e-06, 1.88139779311e-06, 1.59179512593e-06, 1.55592317697e-06, 1.36634264436e-06, 1.28482440687e-06, 1.05706214981e-06, 6.54355972074e-07, 6.39987717932e-07, 4.9693079518e-07, 3.36943315915e-07],
        "dmean2": [0.00292107183486, 0.00272611016408, 0.00167645583861, 0.00131516659167, 0.000355986441718, 0.00028925560764, 0.000450743100373, 0.00020558507822, 0.000130076339701, 0.000231132115005, 0.000300049287034, 0.000311893993057, 0.000168340731761, 0.00010953952733, 8.98865182535e-05, 5.28724885953e-05, 5.52581914235e-05, 7.70588376326e-05, 3.38414065482e-05, 6.59704237478e-05, 0.000107621206553, 4.86794633616e-05, 2.58969575953e-05, 2.45641167567e-05, 1.40324054883e-05, 1.53250075527e-05, 1.49387715283e-05, 6.0689867496e-06, 3.61626416634e-06, 4.13681073042e-06, 3.07615528072e-06, 2.48192282015e-06, 2.44031366492e-06, 2.06495337807e-06, 1.91817980522e-06, 1.61786158515e-06, 9.92574541669e-07, 9.62998683463e-07, 7.48197464873e-07, 4.95466110806e-07],
        "dvar": [1.14300892164e-05, 6.59063971398e-06, 3.07835011881e-06, 2.60160663856e-06, 8.91415297133e-08, 7.9802980224e-08, 1.80925098903e-07, 5.55070762687e-08, 2.13823643236e-08, 1.32213287429e-07, 1.63831515465e-07, 9.17769469311e-08, 2.0524602462e-08, 2.43099265163e-08, 1.87300557286e-08, 4.80999418073e-09, 5.34463850954e-09, 7.03236846533e-09, 1.00282704363e-09, 3.28040439257e-09, 5.10515185681e-09, 8.88289386491e-10, 3.56125740009e-10, 2.56112325792e-10, 8.29278520853e-11, 1.31402028147e-10, 1.31026273165e-10, 2.71067057689e-11, 7.9249957291e-12, 7.67339230351e-12, 6.93425178389e-12, 8.26495209078e-12, 8.73279747127e-12, 7.77253695433e-12, 7.02239655315e-12, 3.9595995753e-12, 1.02164685132e-12, 1.15715271566e-12, 4.88157149252e-13, 2.29673783247e-13],
        "dvar2": [3.18620695907e-05, 1.80679799087e-05, 8.17271029518e-06, 7.23203675079e-06, 2.29701086596e-07, 2.00837789066e-07, 4.91828870963e-07, 1.51874090193e-07, 5.19058183102e-08, 3.05188478933e-07, 4.3281733042e-07, 2.18555371134e-07, 4.92065872493e-08, 6.60416006326e-08, 5.03436758947e-08, 1.19036247526e-08, 1.37109319454e-08, 1.8389286538e-08, 2.43662201527e-09, 7.76606690067e-09, 1.39130014176e-08, 2.48825493543e-09, 9.09329833654e-10, 6.6455102532e-10, 1.97709376648e-10, 3.06547787154e-10, 3.30632882184e-10, 6.13034623065e-11, 1.94708797696e-11, 1.98865056367e-11, 1.71165737833e-11, 2.02955274115e-11, 1.86215487474e-11, 1.68257248412e-11, 1.43138226966e-11, 8.50107050726e-12, 2.22265912272e-12, 2.50705229146e-12, 1.11587974104e-12, 4.89035298801e-13],
        "max": [0.0257603544742, 0.0238328836858, 0.0178854409605, 0.0136096803471, 0.00390362227336, 0.00455809989944, 0.0064188609831, 0.00563486944884, 0.00282008876093, 0.00778921460733, 0.00644953455776, 0.00519486749545, 0.00235344353132, 0.00239524361677, 0.00407449621707, 0.00132601463702, 0.0010294765234, 0.00145584915299, 0.000782511837315, 0.00134277017787, 0.000755912100431, 0.000397166644689, 0.00019014555437, 0.000183278054465, 0.000115112110507, 0.000174439206603, 0.00015817071835, 8.72646996868e-05, 4.23322162533e-05, 4.11270120821e-05, 6.68760330882e-05, 0.000106644962216, 7.14540365152e-05, 5.45558177691e-05, 6.79141594446e-05, 4.46979283879e-05, 2.38090087805e-05, 2.29054148804e-05, 1.07279638542e-05, 8.08123331808e-06],
        "mean": [0.0017672649119, 0.00293577136472, 0.00141854723915, 0.000812657177448, 0.000360029662261, 0.000313093478326, 0.000448118051281, 0.000205175325391, 0.000162985161296, 0.000269057898549, 0.000297301507089, 0.000377347372705, 0.000197559842491, 0.000109866428829, 9.4756083854e-05, 5.28462223883e-05, 5.50179174752e-05, 7.86121454439e-05, 3.83883816539e-05, 8.98248981684e-05, 0.000126126644318, 6.14719683654e-05, 3.34070500685e-05, 3.34500873578e-05, 2.06136792258e-05, 2.20729962166e-05, 2.07525990845e-05, 8.34854654386e-06, 5.58515466764e-06, 6.31002558293e-06, 4.86868111693e-06, 3.7835582134e-06, 3.77181436306e-06, 3.19646233038e-06, 2.9810291835e-06, 2.45426008405e-06, 1.68253097854e-06, 1.56709222665e-06, 1.21541518183e-06, 8.83336326751e-07],
        "median": [0.000682837795466, 0.0023409165442, 0.000963503669482, 0.000412384630181, 0.000252570578596, 0.000209468678804, 0.000328566558892, 0.000152037362568, 0.000115634662507, 0.000173757041921, 0.000138008559588, 0.000260816072114, 0.000141175652971, 5.90902855038e-05, 5.42856723769e-05, 3.39105499734e-05, 2.99808343698e-05, 4.24134777859e-05, 2.99633393297e-05, 7.05238635419e-05, 0.000109423890535, 5.50336844753e-05, 2.73674668279e-05, 2.83367080556e-05, 1.83034808288e-05, 1.79843755177e-05, 1.63428303495e-05, 6.32190858596e-06, 4.27445729656e-06, 5.27862675881e-06, 3.87082809539e-06, 2.82363180304e-06, 2.72748525276e-06, 2.03090894502e-06, 1.84846430784e-06, 1.53555231464e-06, 1.19922594877e-06, 1.02487899767e-06, 8.60522504809e-07, 5.98538122176e-07],
        "min": [8.18055490015e-09, 1.33596689267e-08, 1.633957325e-08, 1.1644843978e-09, 1.98759941838e-09, 2.21871250261e-08, 6.24905194258e-09, 6.19971018967e-10, 5.01738650627e-10, 1.72959147005e-10, 1.56145180119e-10, 1.1510380149e-10, 2.72336042606e-10, 3.69708569314e-10, 6.37061167708e-11, 1.09063542919e-10, 3.84507453655e-10, 4.15548512267e-10, 5.36956257235e-10, 1.70420816348e-10, 1.92759433415e-10, 1.27513707926e-10, 2.52361881392e-11, 2.94651386623e-11, 3.02618138881e-11, 1.80908864278e-11, 1.33616633383e-11, 9.39411222423e-12, 1.42088207519e-11, 1.74053774865e-11, 7.51014875289e-12, 3.06806871575e-11, 4.29540465696e-11, 2.12518006665e-11, 1.91963563101e-11, 2.60107543143e-11, 1.78955496255e-11, 2.19022994186e-11, 2.63120931293e-11, 2.04029224071e-11],
        "var": [8.77994261828e-06, 7.55408109399e-06, 2.79744676845e-06, 1.82723215403e-06, 1.21171908063e-07, 1.1908491615e-07, 2.19286562242e-07, 5.32664827801e-08, 3.74482418408e-08, 1.8683657288e-07, 3.12108880962e-07, 1.87390824635e-07, 3.64444545653e-08, 4.3315242948e-08, 3.4002908933e-08, 6.12487793816e-09, 8.28337753944e-09, 1.26567476499e-08, 1.50182111192e-09, 7.52688311678e-09, 9.12320885504e-09, 1.89696525155e-09, 6.938565833e-10, 6.10675843227e-10, 2.08468173279e-10, 3.15775849913e-10, 2.97597974042e-10, 5.95782381763e-11, 2.24855446762e-11, 2.09368963139e-11, 2.01119537691e-11, 1.92902256668e-11, 2.35747931593e-11, 2.12445304404e-11, 1.90866558669e-11, 1.19537981944e-11, 3.31056558035e-12, 3.63061121965e-12, 1.55802280799e-12, 8.79030084399e-13]
    },
    "mfcc": {
        "mean": [-582.799865723, 115.85332489, -12.0087575912, 22.2127723694, 5.16254138947, 0.945274710655, 0.643642544746, 11.8022966385, 5.76429080963, -0.159614697099, -7.46055603027, -2.15978455544, 2.22749066353],
        "cov": [[1573.68530273, -500.561035156, 163.287872314, -222.676422119, 173.146987915, 71.8946533203, 35.7726821899, 111.678504944, -8.82501125336, 66.3866500854, 52.6973304749, -9.71971416473, 17.6667804718], [-500.561035156, 517.023742676, -334.452941895, 133.681594849, -74.1832504272, -84.119468689, -25.3333187103, -32.8280181885, 18.5375099182, -19.6529388428, -20.5577526093, 30.4437789917, -1.19825792313], [163.287872314, -334.452941895, 708.462524414, -16.2369384766, 106.481330872, 191.419799805, 81.0253143311, 42.1225013733, 5.65896749496, 30.7384319305, 42.7735939026, -11.3203172684, 29.7844161987], [-222.676422119, 133.681594849, -16.2369384766, 135.181427002, 9.21813964844, 6.75780248642, 14.6945400238, 4.2986946106, 13.1318483353, 0.807841479778, 0.0759851709008, 14.2205085754, 17.4399013519], [173.146987915, -74.1832504272, 106.481330872, 9.21813964844, 106.766456604, 52.8733901978, 29.0255470276, 33.2950286865, 13.764872551, 18.4456005096, 14.1898851395, 6.61876869202, 25.7171840668], [71.8946533203, -84.119468689, 191.419799805, 6.75780248642, 52.8733901978, 121.83140564, 54.5344314575, 28.1126861572, 9.95425605774, 22.9677562714, 27.1519393921, 10.4664163589, 17.4611968994], [35.7726821899, -25.3333187103, 81.0253143311, 14.6945400238, 29.0255470276, 54.5344314575, 84.0018386841, 35.5656356812, 15.8763093948, 18.8151950836, 16.43791008, 11.8051700592, 9.67136096954], [111.678504944, -32.8280181885, 42.1225013733, 4.2986946106, 33.2950286865, 28.1126861572, 35.5656356812, 80.0370941162, 32.7032089233, 31.3350734711, 16.1291255951, 12.1055183411, 23.720489502], [-8.82501125336, 18.5375099182, 5.65896749496, 13.1318483353, 13.764872551, 9.95425605774, 15.8763093948, 32.7032089233, 64.3927764893, 31.1491203308, 11.4201221466, 11.327460289, 10.7016143799], [66.3866500854, -19.6529388428, 30.7384319305, 0.807841479778, 18.4456005096, 22.9677562714, 18.8151950836, 31.3350734711, 31.1491203308, 72.0796585083, 29.0403175354, 17.8909988403, 9.9414100647], [52.6973304749, -20.5577526093, 42.7735939026, 0.0759851709008, 14.1898851395, 27.1519393921, 16.43791008, 16.1291255951, 11.4201221466, 29.0403175354, 48.6655426025, 23.8365840912, 10.7013521194], [-9.71971416473, 30.4437789917, -11.3203172684, 14.2205085754, 6.61876869202, 10.4664163589, 11.8051700592, 12.1055183411, 11.327460289, 17.8909988403, 23.8365840912, 51.90675354, 23.9839477539], [17.6667804718, -1.19825792313, 29.7844161987, 17.4399013519, 25.7171840668, 17.4611968994, 9.67136096954, 23.720489502, 10.7016143799, 9.9414100647, 10.7013521194, 23.9839477539, 52.1893920898]],
