{
"lowlevel": {
    "average_loudness": 0.968612313271,
    "barkbands_crest": {
        "dmean": 3.27020025253,
        "dmean2": 5.40404129028,
        "dvar": 12.9887094498,
        "dvar2": 31.8758621216,
        "max": 25.1500434875,
        "mean": 8.84418869019,
        "median": 7.69887876511,
        "min": 2.09012675285,
        "var": 19.0345153809
    },
    "barkbands_flatness_db": {
        "dmean": 0.0227982345968,
        "dmean2": 0.0354870073497,
        "dvar": 0.000614048156422,
        "dvar2": 0.00152582651936,
        "max": 0.366790771484,
        "mean": 0.0890176743269,
        "median": 0.0796694308519,
        "min": 0.0143971284851,
        "var": 0.00192634284031
    },
    "barkbands_kurtosis": {
        "dmean": 2.10452127457,
        "dmean2": 3.46565651894,
        "dvar": 16.9839477539,
        "dvar2": 41.7181282043,
        "max": 57.4142913818,
        "mean": 1.19694709778,
        "median": -0.367223501205,
        "min": -1.93841183186,
        "var": 23.3879318237
    },
    "barkbands_skewness": {
        "dmean": 0.590172111988,
        "dmean2": 0.92388010025,
        "dvar": 0.492143362761,
        "dvar2": 1.19219279289,
        "max": 7.24267101288,
        "mean": 0.964876830578,
        "median": 0.79922914505,
        "min": -5.65221452713,
        "var": 1.14490914345
    },
    "barkbands_spread": {
        "dmean": 9.15207195282,
        "dmean2": 14.3027200699,
        "dvar": 117.051689148,
        "dvar2": 252.717910767,
        "max": 122.253318787,
        "mean": 38.246219635,
        "median": 35.4557418823,
        "min": 1.92679238319,
        "var": 349.330322266
    },
    "dissonance": {
        "dmean": 0.0119296703488,
        "dmean2": 0.0201939977705,
        "dvar": 0.000221967027755,
        "dvar2": 0.000602487241849,
        "max": 0.499999970198,
        "mean": 0.480090767145,
        "median": 0.486005097628,
        "min": 0.195456430316,
        "var": 0.000434074172517
    },
    "dynamic_complexity": 1.87342262268,
    "erbbands_crest": {
        "dmean": 2.40588259697,
        "dmean2": 3.85241770744,
        "dvar": 6.37032365799,
        "dvar2": 15.0972127914,
        "max": 32.5738105774,
        "mean": 7.79111814499,
        "median": 6.40703010559,
        "min": 2.40118408203,
        "var": 18.8477649689
    },
    "erbbands_flatness_db": {
        "dmean": 0.0154780643061,
        "dmean2": 0.0217009596527,
        "dvar": 0.00024832013878,
        "dvar2": 0.000453300541267,
        "max": 0.40343478322,
        "mean": 0.126788914204,
        "median": 0.117997631431,
        "min": 0.0449779853225,
        "var": 0.00185258116107
    },
    "erbbands_kurtosis": {
        "dmean": 0.971393227577,
        "dmean2": 1.50836396217,
        "dvar": 3.76314020157,
        "dvar2": 7.73880624771,
        "max": 43.8272132874,
        "mean": 0.606653213501,
        "median": -0.119851350784,
        "min": -1.58722937107,
        "var": 9.27518081665
    },
    "erbbands_skewness": {
        "dmean": 0.345643758774,
        "dmean2": 0.520278215408,
        "dvar": 0.142113745213,
        "dvar2": 0.291013300419,
        "max": 5.9414100647,
        "mean": -0.293434470892,
        "median": -0.337273210287,
        "min": -4.88104581833,
        "var": 0.559771060944
    },
    "erbbands_spread": {
        "dmean": 8.79675006866,
        "dmean2": 13.1956634521,
        "dvar": 85.9803771973,
        "dvar2": 192.791549683,
        "max": 129.228317261,
        "mean": 42.5049057007,
        "median": 41.4989433289,
        "min": 3.36722803116,
        "var": 324.593444824
    },
    "hfc": {
        "dmean": 10.3237867355,
        "dmean2": 16.2410888672,
        "dvar": 178.696838379,
        "dvar2": 411.844696045,
        "max": 136.97203064,
        "mean": 36.0210456848,
        "median": 31.9210510254,
        "min": 1.16910504935e-16,
        "var": 483.653869629
    },
    "melbands_crest": {
        "dmean": 3.44262123108,
        "dmean2": 5.57437801361,
        "dvar": 10.2974634171,
        "dvar2": 24.95154953,
        "max": 32.6024932861,
        "mean": 14.029258728,
        "median": 13.4162282944,
        "min": 1.78141069412,
        "var": 22.6423797607
    },
    "melbands_flatness_db": {
        "dmean": 0.0301758293062,
        "dmean2": 0.046997282654,
        "dvar": 0.00113513809629,
        "dvar2": 0.00279400101863,
        "max": 0.391954958439,
        "mean": 0.150307402015,
        "median": 0.143386617303,
        "min": 0.00569932395592,
        "var": 0.00296307774261
    },
    "melbands_kurtosis": {
        "dmean": 7.25444889069,
        "dmean2": 12.0767631531,
        "dvar": 185.71182251,
        "dvar2": 484.023864746,
        "max": 142.874740601,
        "mean": 9.70716953278,
        "median": 4.94366502762,
        "min": -1.90293836594,
        "var": 215.195602417
    },
    "melbands_skewness": {
        "dmean": 0.87047624588,
        "dmean2": 1.36233627796,
        "dvar": 1.157315135,
        "dvar2": 2.83108592033,
        "max": 10.4480209351,
        "mean": 2.4764175415,
        "median": 2.22004103661,
        "min": -2.89906311035,
        "var": 2.51768422127
    },
    "melbands_spread": {
        "dmean": 12.4922962189,
        "dmean2": 19.7957763672,
        "dvar": 223.506942749,
        "dvar2": 529.09173584,
        "max": 236.77911377,
        "mean": 39.3339881897,
        "median": 36.77576828,
        "min": 1.94643568993,
        "var": 538.352233887
    },
    "pitch_salience": {
        "dmean": 0.0789272934198,
        "dmean2": 0.129029765725,
        "dvar": 0.0066688740626,
        "dvar2": 0.0170223284513,
        "max": 0.963736593723,
        "mean": 0.558177649975,
        "median": 0.566715300083,
        "min": 0.144221544266,
        "var": 0.0128483176231
    },
    "silence_rate_20dB": {
        "dmean": 0,
        "dmean2": 0,
        "dvar": 0,
        "dvar2": 0,
        "max": 1,
        "mean": 1,
        "median": 1,
        "min": 1,
        "var": 0
    },
    "silence_rate_30dB": {
        "dmean": 0.000773993786424,
        "dmean2": 0.00154858687893,
        "dvar": 0.000773393374402,
        "dvar2": 0.0023204756435,
        "max": 1,
        "mean": 0.999613165855,
        "median": 1,
        "min": 0,
        "var": 0.000386711384635
    },
    "silence_rate_60dB": {
        "dmean": 0.00503095984459,
        "dmean2": 0.0100658144802,
        "dvar": 0.00500576244667,
        "dvar2": 0.0122872665524,
        "max": 1,
        "mean": 0.0131528042257,
        "median": 0,
        "min": 0,
        "var": 0.012979419902
    },
    "spectral_centroid": {
        "dmean": 331.518737793,
        "dmean2": 524.22467041,
        "dvar": 154560.609375,
        "dvar2": 344282.09375,
        "max": 11114.796875,
        "mean": 2054.04516602,
        "median": 2070.25415039,
        "min": 298.001464844,
        "var": 500861.375
    },
    "spectral_complexity": {
        "dmean": 5.13815784454,
        "dmean2": 7.93418502808,
        "dvar": 29.6439228058,
        "dvar2": 63.2213630676,
        "max": 61,
        "mean": 29.2294006348,
        "median": 30,
        "min": 0,
        "var": 145.726638794
    },
    "spectral_decrease": {
        "dmean": 3.33660832297e-09,
        "dmean2": 5.43599121272e-09,
        "dvar": 2.86504361459e-17,
        "dvar2": 7.01581971564e-17,
        "max": 1.27650711946e-29,
        "mean": -7.43479233734e-09,
        "median": -5.69076608059e-09,
        "min": -3.69145141121e-08,
        "var": 3.24197857007e-17
    },
    "spectral_energy": {
        "dmean": 0.0130796916783,
        "dmean2": 0.0211820621043,
        "dvar": 0.000418637006078,
        "dvar2": 0.00101846200414,
        "max": 0.141848638654,
        "mean": 0.0313278548419,
        "median": 0.0247594993562,
        "min": 1.09964316267e-20,
        "var": 0.000493532628752
    },
    "spectral_energyband_high": {
        "dmean": 0.000956659321673,
        "dmean2": 0.00149752001744,
        "dvar": 2.02013529815e-06,
        "dvar2": 4.28776820627e-06,
        "max": 0.0134462537244,
        "mean": 0.00239707692526,
        "median": 0.00154537835624,
        "min": 7.53001333197e-21,
        "var": 5.54669804842e-06
    },
    "spectral_energyband_low": {
        "dmean": 0.0085209608078,
        "dmean2": 0.0141325248405,
        "dvar": 0.000332340161549,
        "dvar2": 0.000832686375361,
        "max": 0.125727772713,
        "mean": 0.0128818266094,
        "median": 0.00792638398707,
        "min": 7.42498603188e-23,
        "var": 0.000318294594763
    },
    "spectral_energyband_middle_high": {
        "dmean": 0.00254591507837,
        "dmean2": 0.00401544198394,
        "dvar": 1.07754667624e-05,
        "dvar2": 2.45921255555e-05,
        "max": 0.0537604726851,
        "mean": 0.00818971917033,
        "median": 0.00662048719823,
        "min": 1.87866106289e-21,
        "var": 3.86902975151e-05
    },
    "spectral_energyband_middle_low": {
        "dmean": 0.00547505030409,
        "dmean2": 0.0090150386095,
        "dvar": 0.000135018999572,
        "dvar2": 0.000356961449143,
        "max": 0.106641419232,
        "mean": 0.0094009609893,
        "median": 0.00619237683713,
        "min": 2.81729113634e-22,
        "var": 0.000125943537569
    },
    "spectral_entropy": {
        "dmean": 0.140288889408,
        "dmean2": 0.191210478544,
        "dvar": 0.0306105725467,
        "dvar2": 0.0550814829767,
        "max": 9.81379127502,
        "mean": 7.9589715004,
        "median": 8.01607322693,
        "min": 5.73317956924,
        "var": 0.150190249085
    },
    "spectral_flux": {
        "dmean": 0.0339289791882,
        "dmean2": 0.0519020296633,
        "dvar": 0.00160642620176,
        "dvar2": 0.00329553592019,
        "max": 0.338349342346,
        "mean": 0.100986488163,
        "median": 0.0852485150099,
        "min": 6.9560364413e-11,
        "var": 0.00315571087413
    },
    "spectral_kurtosis": {
        "dmean": 0.874297082424,
        "dmean2": 1.39058113098,
        "dvar": 1.06253325939,
        "dvar2": 2.56535339355,
        "max": 18.1843261719,
        "mean": 3.07218956947,
        "median": 2.68497610092,
        "min": -1.22023451328,
        "var": 3.48849201202
    },
    "spectral_rms": {
        "dmean": 0.000989906024188,
        "dmean2": 0.00154388207011,
        "dvar": 1.67807320395e-06,
        "dvar2": 3.8220737224e-06,
        "max": 0.011763881892,
        "mean": 0.00525895692408,
        "median": 0.00491483556107,
        "min": 3.27539709764e-12,
        "var": 2.90712432616e-06
    },
    "spectral_rolloff": {
        "dmean": 994.445800781,
        "dmean2": 1626.38720703,
        "dvar": 2033111.75,
        "dvar2": 4379223,
        "max": 18755.4199219,
        "mean": 2784.87182617,
        "median": 2239.453125,
        "min": 86.1328125,
        "var": 5275246.5
    },
    "spectral_skewness": {
        "dmean": 0.162694111466,
        "dmean2": 0.250197917223,
        "dvar": 0.0321667455137,
        "dvar2": 0.0663321986794,
        "max": 2.93818473816,
        "mean": 1.25636327267,
        "median": 1.20701408386,
        "min": -0.0523738898337,
        "var": 0.153672382236
    },
    "spectral_spread": {
        "dmean": 610335.8125,
        "dmean2": 864592.5625,
        "dvar": 954363871232,
        "dvar2": 1.65199793357e+12,
        "max": 41485120,
        "mean": 5382728.5,
        "median": 5128881.5,
        "min": 2209168,
        "var": 4.30038161818e+12
    },
    "spectral_strongpeak": {
        "dmean": 0.686675190926,
        "dmean2": 1.18176162243,
        "dvar": 1.53753995895,
        "dvar2": 3.76644349098,
        "max": 10.7702875137,
        "mean": 1.03174471855,
        "median": 0.404998898506,
        "min": 0,
        "var": 2.35880446434
    },
    "zerocrossingrate": {
        "dmean": 0.0167064368725,
        "dmean2": 0.0193798318505,
        "dvar": 0.000403258542065,
        "dvar2": 0.000521226786077,
        "max": 0.505859375,
        "mean": 0.096173837781,
        "median": 0.083984375,
        "min": 0.01025390625,
        "var": 0.00268603116274
    },
    "barkbands": {
        "dmean": [0.00019875333237, 0.00727070728317, 0.00198390637524, 0.00127912755124, 0.00291600264609, 0.00101907306816, 0.0009055500268, 0.000557074963581, 0.00046497079893, 0.00061907019699, 0.00051330064889, 0.000459827657323, 0.000434794521425, 0.00061318220105, 0.000534606166184, 0.00055489782244, 0.000360030244337, 0.000281075248495, 0.000275473867077, 0.000301613792544, 0.000267717114184, 0.000224015384447, 0.000175868728547, 0.000189874830539, 0.000136466464028, 7.29617968318e-05, 2.21636291826e-05],
        "dmean2": [0.000314351171255, 0.0123367765918, 0.00335271866061, 0.00221541430801, 0.00499839801341, 0.0016582593089, 0.00148401816841, 0.000883231754415, 0.000716650683898, 0.000973258400336, 0.000779608380981, 0.00074876868166, 0.000683699850924, 0.00099375215359, 0.00085400196258, 0.000870056566782, 0.000586956972256, 0.000469748018077, 0.00045927305473, 0.000515874708071, 0.000458542053821, 0.000357169134077, 0.000264439266175, 0.0002824908006, 0.000202267998247, 0.000106142731966, 3.35413496941e-05],
        "dvar": [8.04439252988e-08, 0.000315952842357, 1.24366379168e-05, 3.71809414901e-06, 8.55049584061e-05, 5.9583167058e-06, 5.9801604948e-06, 2.21648633669e-06, 1.25972087517e-06, 2.04317279895e-06, 2.07100674743e-06, 1.07029268293e-06, 1.09856819108e-06, 1.60063189014e-06, 1.80387723958e-06, 1.38191251153e-06, 3.17175818054e-07, 1.54024633048e-07, 1.27765019897e-07, 2.08279786307e-07, 1.62681132565e-07, 1.12069933778e-07, 9.14709659128e-08, 1.81056265092e-07, 8.14442984165e-08, 1.9014960273e-08, 3.64343932802e-09],
        "dvar2": [1.8424718462e-07, 0.000812077661976, 3.40747865266e-05, 1.04954215203e-05, 0.000229694953305, 1.36061489684e-05, 1.48532244566e-05, 5.36551215191e-06, 2.76351102002e-06, 4.45577370556e-06, 4.26286260335e-06, 2.72569968729e-06, 2.31314879784e-06, 4.08659388995e-06, 4.34709636465e-06, 3.07027153212e-06, 7.56600002205e-07, 3.97782002892e-07, 3.4599116816e-07, 5.65664549868e-07, 4.32101046499e-07, 2.63387363475e-07, 1.8147522951e-07, 3.53992646751e-07, 1.64498004551e-07, 4.13960350443e-08, 8.73156658088e-09],
        "max": [0.00258287694305, 0.119084611535, 0.0396074205637, 0.0185073502362, 0.0854101330042, 0.0387188568711, 0.0321695208549, 0.0236750468612, 0.0212979782373, 0.0377090610564, 0.0442413687706, 0.021411459893, 0.0244459640235, 0.0216289572418, 0.0264638047665, 0.0194737389684, 0.0110559873283, 0.00556469382718, 0.00350775173865, 0.0063501461409, 0.00397760560736, 0.00429677870125, 0.0046621998772, 0.00603126408532, 0.00401333346963, 0.00151838292368, 0.00110135553405],
        "mean": [0.000298216589727, 0.00752837723121, 0.00373453553766, 0.00222315290011, 0.00275800097734, 0.00140870234463, 0.00107962172478, 0.000795477826614, 0.000743637909181, 0.00113875232637, 0.000916836550459, 0.000717831251677, 0.000707917904947, 0.00096652697539, 0.000775761553086, 0.0010084627429, 0.000706306891516, 0.000546470459085, 0.00058699643705, 0.000543408328667, 0.000496629509144, 0.000479725480545, 0.000380380341085, 0.000374260911485, 0.000260332977632, 0.000121469376609, 3.0046883694e-05],
        "median": [0.000174765649717, 0.00266039557755, 0.00273072370328, 0.00170648936182, 0.000874514691532, 0.000459730101284, 0.00043131611892, 0.000277796236333, 0.000348832109012, 0.000551755190827, 0.000350122019881, 0.000298650120385, 0.000317569414619, 0.000374270719476, 0.000244211725658, 0.000420402298914, 0.000505208736286, 0.000408447289374, 0.000487134617288, 0.00040178000927, 0.000329902162775, 0.000270905758953, 0.000196881286683, 0.000187927507795, 0.000125287508126, 5.08686498506e-05, 7.20755269867e-06],
        "min": [2.30677562056e-24, 1.52944352304e-23, 7.44991876965e-24, 2.64386461214e-25, 1.0176801082e-23, 3.57454206955e-23, 5.43528571576e-23, 3.98564115308e-23, 5.55200809966e-23, 5.68062271947e-23, 8.4127414905e-23, 7.80717841195e-23, 1.02013100437e-22, 7.21045499316e-23, 1.33742556482e-22, 1.77531114614e-22, 1.7672931639e-22, 2.33866183589e-22, 2.67595730195e-22, 2.94945752349e-22, 3.16409811921e-22, 4.49764109998e-22, 5.68097991568e-22, 7.17141155328e-22, 1.22649781235e-21, 1.38191658781e-21, 2.30629829345e-21],
        "var": [1.36996732181e-07, 0.000257712905295, 1.7565809685e-05, 4.56966108686e-06, 6.18408885202e-05, 9.74369959295e-06, 6.10731376582e-06, 3.40240421792e-06, 1.99545138457e-06, 4.25372718382e-06, 5.1327433539e-06, 1.87124737749e-06, 2.1890834887e-06, 2.66594383902e-06, 2.69250017482e-06, 3.47584568772e-06, 6.90711885909e-07, 2.62764984882e-07, 2.28607206054e-07, 2.77236978263e-07, 2.46265642545e-07, 3.00929372088e-07, 2.70513282885e-07, 4.10308842902e-07, 1.82408385285e-07, 3.76785536105e-08, 5.26880361562e-09]
    },
    "erbbands": {
        "dmean": [0.189311385155, 1.71723508835, 2.39353275299, 3.25107550621, 8.8918056488, 8.98795127869, 6.24319982529, 9.05055904388, 13.6968164444, 11.5761919022, 10.4974279404, 11.3544273376, 15.9710493088, 18.3491382599, 17.9551696777, 17.281162262, 19.7262153625, 20.4817314148, 33.102848053, 27.4067668915, 23.0562095642, 20.1883049011, 16.2321949005, 14.5429325104, 13.0290155411, 13.7320785522, 11.736333847, 10.581237793, 8.08491039276, 6.62539148331, 4.97408533096, 4.03829622269, 3.26595950127, 1.85981881618, 0.854061841965, 0.35804605484, 0.130612447858, 0.030812157318, 0.00431323330849, 0.000120968419651],
        "dmean2": [0.313974231482, 2.9347217083, 4.01419401169, 5.53739976883, 15.0948858261, 16.006608963, 10.20054245, 14.6138753891, 22.4271659851, 19.1535015106, 16.2383308411, 17.4692363739, 24.6357593536, 27.1850948334, 27.8424396515, 27.5520706177, 30.6722354889, 32.6858787537, 52.6777381897, 44.1879463196, 36.1042442322, 32.661365509, 26.7265224457, 24.4278945923, 21.8531932831, 23.4568138123, 20.341709137, 17.8794784546, 12.8677864075, 10.3451566696, 7.39302110672, 6.01353693008, 4.96577453613, 2.79130673409, 1.25836479664, 0.531546711922, 0.190148040652, 0.0448944829404, 0.00654317485169, 0.000182010888238],
        "dvar": [0.179612487555, 18.2316017151, 21.0064964294, 20.145898819, 658.045166016, 921.897338867, 269.868988037, 530.321044922, 1668.82800293, 1110.01794434, 805.941650391, 933.505432129, 906.204711914, 3367.72167969, 1645.38598633, 1825.91772461, 2146.52416992, 1680.41491699, 5370.47949219, 3575.58740234, 1970.98022461, 1034.20837402, 579.395324707, 346.402313232, 293.841461182, 508.217254639, 387.452148438, 247.605438232, 141.99357605, 104.175323486, 77.7690734863, 78.463684082, 57.6854934692, 17.4464893341, 2.64486718178, 0.48191177845, 0.0624229162931, 0.005117200315, 0.000149664876517, 8.81854589352e-08],
        "dvar2": [0.464478522539, 46.9437637329, 56.2304496765, 56.1529045105, 1752.64611816, 2554.60302734, 635.288024902, 1226.92956543, 4129.73730469, 2846.73339844, 1920.28942871, 2097.06225586, 2041.58251953, 6040.69091797, 3180.98461914, 4674.92382812, 4482.8515625, 4169.29248047, 12721.8720703, 8937.72167969, 4208.38183594, 2449.16308594, 1506.30004883, 928.520996094, 796.08392334, 1383.20812988, 1059.17712402, 641.237243652, 334.763275146, 239.677581787, 158.186599731, 153.582458496, 121.303039551, 35.4362564087, 5.45810937881, 1.0758960247, 0.132863909006, 0.0112216779962, 0.000373521877918, 2.16285513943e-07],
        "max": [2.92984437943, 28.5268859863, 49.4445533752, 55.5232276917, 259.52557373, 270.999359131, 350.026763916, 417.118865967, 568.836242676, 506.369537354, 581.754394531, 654.85546875, 791.731384277, 2133.47875977, 1275.62646484, 1029.15856934, 1164.50354004, 804.680358887, 1781.57873535, 1030.69262695, 887.936584473, 784.196960449, 375.41973877, 194.188217163, 215.535095215, 363.398712158, 226.594650269, 156.821670532, 161.102859497, 146.216552734, 114.326446533, 127.597419739, 117.956031799, 52.3129501343, 24.1132602692, 11.2362852097, 3.13072371483, 1.03100335598, 0.242258772254, 0.00496604992077],
        "mean": [0.202913895249, 1.72930860519, 4.25057554245, 6.64739704132, 9.41462993622, 7.9810218811, 8.67841720581, 11.8531913757, 16.4744510651, 15.3692846298, 16.133430481, 18.1900997162, 32.6741981506, 32.9119529724, 33.4069137573, 29.7885665894, 34.9673881531, 36.78307724, 54.2857513428, 46.4600372314, 46.6441612244, 41.5176315308, 31.6306552887, 31.1341876984, 28.18475914, 25.1501693726, 19.7062263489, 20.530708313, 16.792011261, 14.2993879318, 10.5003480911, 7.95508575439, 6.08368396759, 3.45169854164, 1.59229874611, 0.606997191906, 0.209310948849, 0.0459365323186, 0.0058104544878, 0.000193617495825],
        "median": [0.071969114244, 0.609878778458, 2.84454917908, 5.5804848671, 4.22855901718, 2.38220334053, 3.01676225662, 3.92898321152, 6.45950555801, 5.56551551819, 6.45546483994, 8.80103969574, 15.9998207092, 14.3884897232, 15.618970871, 13.1062555313, 16.6776828766, 19.5454120636, 22.9599456787, 17.7857208252, 25.8588848114, 29.805480957, 22.9556827545, 25.9936065674, 23.5299530029, 18.4332180023, 13.9368963242, 11.4816884995, 9.58131313324, 8.36532306671, 5.12305688858, 3.68423628807, 2.92011237144, 1.65272855759, 0.770190358162, 0.276614010334, 0.0813598409295, 0.0142162013799, 0.00139764579944, 7.75187290856e-05],
        "min": [4.81575121638e-22, 3.40589476566e-21, 1.03721921842e-20, 4.09740160188e-21, 1.92308910323e-20, 3.55661135457e-20, 4.41937301193e-20, 2.16705513584e-19, 5.94270747091e-19, 5.75450682095e-19, 7.02382167477e-19, 1.09405833968e-18, 2.54418877494e-18, 1.61299237171e-18, 2.64262657656e-18, 3.96939077828e-18, 5.42625022443e-18, 4.64586197836e-18, 4.4740619418e-18, 8.23269206309e-18, 1.01440367978e-17, 9.86513879222e-18, 1.15227400838e-17, 1.29053385633e-17, 1.4087688197e-17, 1.54418854301e-17, 1.19305508791e-17, 1.51110743965e-17, 1.29364306281e-17, 1.69510946557e-17, 1.56643937062e-17, 1.4616767806e-17, 1.14341134714e-17, 1.21840147352e-17, 9.23551537973e-18, 5.87689904933e-18, 2.32266174189e-18, 1.19393285062e-18, 3.27715542858e-19, 3.34594073102e-20],
        "var": [0.160909846425, 14.3643341064, 24.9400405884, 30.3237876892, 494.497283936, 605.677185059, 438.613769531, 787.732788086, 1769.13500977, 1313.23510742, 1174.75842285, 1309.46081543, 2580.1940918, 7880.29492188, 5727.09765625, 3360.32958984, 4573.88427734, 3111.31640625, 8363.27441406, 6489.80712891, 5309.65722656, 2396.90087891, 953.445556641, 628.493835449, 516.915405273, 639.965942383, 413.222442627, 521.40826416, 368.792419434, 262.167938232, 224.052398682, 188.776321411, 117.376838684, 37.4040718079, 5.95020341873, 0.918330550194, 0.122407704592, 0.00943446718156, 0.000197505694814, 1.28872073901e-07]
    },
    "gfcc": {
        "mean": [48.9724617004, 52.1078834534, -113.179039001, 39.0728530884, -48.4018516541, 20.9878921509, -32.8797798157, 12.3120212555, -23.256855011, 2.69827270508, -18.8422088623, 0.737534046173, -13.211730957],
        "cov": [[4875.33935547, -185.08164978, 56.3194236755, 131.068283081, -255.159347534, 59.5813598633, 3.59071826935, 13.3528881073, -170.677963257, -10.0437765121, -164.759597778, 7.27056074142, -112.975692749], [-185.08164978, 1538.15942383, -219.475814819, 275.703430176, 249.52293396, -55.7999763489, 145.740936279, 12.813744545, -19.1176815033, -21.3116950989, 73.6977767944, -155.537612915, -16.2472438812], [56.3194236755, -219.475814819, 932.071228027, 185.637451172, 39.1336326599, 131.634414673, 21.2616195679, -0.820161700249, -38.2384757996, -32.0097312927, -77.9612731934, 13.2195014954, -73.5157546997], [131.068283081, 275.703430176, 185.637451172, 411.129638672, 66.7118301392, 48.5787315369, 83.2482910156, 34.0526199341, 16.7042827606, -20.6181945801, -0.789720773697, -51.655216217, -11.2104692459], [-255.159347534, 249.52293396, 39.1336326599, 66.7118301392, 280.969970703, 70.6880569458, 53.4501152039, 43.81980896, 43.9729804993, 8.44180488586, 21.594417572, -19.1456375122, 1.15518677235], [59.5813598633, -55.7999763489, 131.634414673, 48.5787315369, 70.6880569458, 223.889007568, 100.092514038, 39.5805664062, 5.30598735809, -12.6519298553, -14.9643239975, 3.32745957375, -35.7424812317], [3.59071826935, 145.740936279, 21.2616195679, 83.2482910156, 53.4501152039, 100.092514038, 196.346221924, 46.5573158264, -17.1146717072, -6.08172178268, 9.92645549774, -17.9782962799, -27.6210575104], [13.3528881073, 12.813744545, -0.820161700249, 34.0526199341, 43.81980896, 39.5805664062, 46.5573158264, 110.574935913, 60.4133262634, 12.2008008957, 5.03102970123, 9.14820289612, 9.2670841217], [-170.677963257, -19.1176815033, -38.2384757996, 16.7042827606, 43.9729804993, 5.30598735809, -17.1146717072, 60.4133262634, 126.905654907, 38.1705055237, 13.8980131149, 3.52396512032, 23.4816589355], [-10.0437765121, -21.3116950989, -32.0097312927, -20.6181945801, 8.44180488586, -12.6519298553, -6.08172178268, 12.2008008957, 38.1705055237, 78.3073501587, 35.2692375183, 12.6809501648, 5.70453596115], [-164.759597778, 73.6977767944, -77.9612731934, -0.789720773697, 21.594417572, -14.9643239975, 9.92645549774, 5.03102970123, 13.8980131149, 35.2692375183, 121.370826721, 17.5009708405, 16.564704895], [7.27056074142, -155.537612915, 13.2195014954, -51.655216217, -19.1456375122, 3.32745957375, -17.9782962799, 9.14820289612, 3.52396512032, 12.6809501648, 17.5009708405, 92.2315444946, 23.4231376648], [-112.975692749, -16.2472438812, -73.5157546997, -11.2104692459, 1.15518677235, -35.7424812317, -27.6210575104, 9.2670841217, 23.4816589355, 5.70453596115, 16.564704895, 23.4231376648, 64.9552764893]],
        "icov": [[0.000266688031843, -1.1144244354e-06, 0.000111289744382, -0.000222885864787, 0.000206778320717, -0.000132470973767, 0.000253690581303, -0.000424482277595, 0.000597503152676, -0.000408597756177, 0.000393822934711, -0.000173745458596, 0.000425028702011], [-1.1144244354e-06, 0.00124271598179, 0.000346341461409, -0.000633264309727, -0.00105805252679, 0.000831460230984, -0.000587724382058, 7.03783553035e-06, 0.000508972909302, 0.000290888390737, -0.000568505201954, 0.00130327907391, 0.00028247750015], [0.000111289744382, 0.000346341461409, 0.00169934576843, -0.00112888927106, -0.000400510645704, -0.00050027173711, 0.000657366006635, -0.000205011951039, 0.000873112934642, -0.000246305571636, 0.000830338045489, -0.00084342865739, 0.00184767926112], [-0.000222885864787, -0.000633264309727, -0.00112888927106, 0.00393141433597, 0.000192268562387, -1.86673714779e-05, -0.0012977119768, 0.000129756197566, -0.00157446379308, 0.00118867156561, -0.000716744165402, 0.00153614394367, -0.00163561850786], [0.000206778320717, -0.00105805252679, -0.000400510645704, 0.000192268562387, 0.00547920493409, -0.00195445027202, 0.000218261528062, -0.000784709001891, -0.00113474030513, -0.000461412448203, -0.000164286859217, 3.75120798708e-05, -0.000814149738289], [-0.000132470973767, 0.000831460230984, -0.00050027173711, -1.86673714779e-05, -0.00195445027202, 0.00794386956841, -0.00374770560302, -0.000225695664994, -0.00130501447711, 0.00180669222027, -8.05380477686e-06, -0.00085393054178, 0.0028757606633], [0.000253690581303, -0.000587724382058, 0.000657366006635, -0.0012977119768, 0.000218261528062, -0.00374770560302, 0.00966017041355, -0.00477884709835, 0.00438014324754, -0.00150177092291, -0.000367759988876, 0.000286939612124, 0.00207652314566], [-0.000424482277595, 7.03783553035e-06, -0.000205011951039, 0.000129756197566, -0.000784709001891, -0.000225695664994, -0.00477884709835, 0.0165211837739, -0.00908649526536, 0.00182450003922, 0.000137923809234, -0.00210150284693, -0.00159836234525], [0.000597503152676, 0.000508972909302, 0.000873112934642, -0.00157446379308, -0.00113474030513, -0.00130501447711, 0.00438014324754, -0.00908649526536, 0.0169706530869, -0.00718535622582, 0.0012660510838, 0.00203289836645, -0.00221587670967], [-0.000408597756177, 0.000290888390737, -0.000246305571636, 0.00118867156561, -0.000461412448203, 0.00180669222027, -0.00150177092291, 0.00182450003922, -0.00718535622582, 0.0188919547945, -0.00530581222847, -0.00127092946786, 0.00214171595871], [0.000393822934711, -0.000568505201954, 0.000830338045489, -0.000716744165402, -0.000164286859217, -8.05380477686e-06, -0.000367759988876, 0.000137923809234, 0.0012660510838, -0.00530581222847, 0.0116219138727, -0.00297541031614, -0.000701288459823], [-0.000173745458596, 0.00130327907391, -0.00084342865739, 0.00153614394367, 3.75120798708e-05, -0.00085393054178, 0.000286939612124, -0.00210150284693, 0.00203289836645, -0.00127092946786, -0.00297541031614, 0.0166736133397, -0.00659146718681], [0.000425028702011, 0.00028247750015, 0.00184767926112, -0.00163561850786, -0.000814149738289, 0.0028757606633, 0.00207652314566, -0.00159836234525, -0.00221587670967, 0.00214171595871, -0.000701288459823, -0.00659146718681, 0.0238906629384]]
    },
    "melbands": {
        "dmean": [0.00192427122965, 0.0015675163595, 0.000654358766042, 0.000744340068195, 0.000221109745326, 0.000208268553251, 0.000197262052097, 0.000127146675368, 8.27375479275e-05, 7.10270105628e-05, 8.33695667097e-05, 7.7617019997e-05, 6.04872657277e-05, 4.6692261094e-05, 5.41996305401e-05, 4.4198728574e-05, 4.32976885349e-05, 6.18089543423e-05, 4.0812548832e-05, 4.64978948003e-05, 2.43423219217e-05, 2.43205631705e-05, 1.61685511557e-05, 1.39837366078e-05, 1.2861039977e-05, 1.0310592188e-05, 1.08069134512e-05, 9.49812147155e-06, 8.14438590169e-06, 6.48518835078e-06, 6.62129104967e-06, 5.08290168e-06, 4.41820657215e-06, 3.70040561393e-06, 3.11337566927e-06, 2.76120567833e-06, 2.57912552115e-06, 2.40144004238e-06, 2.19913226829e-06, 1.48976334913e-06],
        "dmean2": [0.00323771918193, 0.00262271706015, 0.00111218367238, 0.00129373755772, 0.000367440632544, 0.000334545446094, 0.000321809202433, 0.000209430043469, 0.000126698854729, 0.000109836917545, 0.000128949031932, 0.000116326853458, 9.32421462494e-05, 7.58339374443e-05, 8.34743768792e-05, 6.89441221766e-05, 6.95868802723e-05, 9.95656737359e-05, 6.61103258608e-05, 7.35708017601e-05, 3.84944651159e-05, 3.95042516175e-05, 2.66025526798e-05, 2.34543531406e-05, 2.16932749026e-05, 1.7269880118e-05, 1.82503445103e-05, 1.63208242157e-05, 1.42391545523e-05, 1.1102039025e-05, 1.11001800178e-05, 8.13451424619e-06, 7.12565088179e-06, 5.79601146455e-06, 4.6907957767e-06, 4.2276728891e-06, 3.89239312426e-06, 3.72198655896e-06, 3.3774356325e-06, 2.27497525884e-06],
        "dvar": [2.12704017031e-05, 1.09065813376e-05, 1.1019702697e-06, 5.98896440351e-06, 3.09273531229e-07, 2.54815603284e-07, 3.17849156772e-07, 1.30002007381e-07, 4.73177195204e-08, 3.31141407628e-08, 2.58225867356e-08, 5.47531975315e-08, 2.20786517957e-08, 8.80188455454e-09, 2.59029473426e-08, 1.29349135847e-08, 8.35382429898e-09, 1.94329690117e-08, 1.2434613339e-08, 1.20254428637e-08, 2.22776219694e-09, 1.71642666746e-09, 4.92382468131e-10, 4.5072845456e-10, 2.74757966379e-10, 1.85088930293e-10, 2.3242158198e-10, 2.70240024802e-10, 2.02202601884e-10, 8.01719177157e-11, 1.02418365455e-10, 6.21935211664e-11, 4.46572015478e-11, 3.39701010377e-11, 2.86787590204e-11, 3.62600192927e-11, 3.41096387246e-11, 3.2624302565e-11, 2.50588039902e-11, 1.09117194447e-11],
        "dvar2": [5.50723270862e-05, 2.77504786936e-05, 3.03315619021e-06, 1.62717806234e-05, 7.57053271627e-07, 5.93006291183e-07, 7.82768040608e-07, 3.2885148471e-07, 1.06504437269e-07, 7.44667900676e-08, 5.86837600736e-08, 1.00021615879e-07, 4.61292870568e-08, 2.29295658016e-08, 6.02837815222e-08, 2.55774779134e-08, 2.09646291438e-08, 4.72026648879e-08, 3.11632675221e-08, 2.6933047792e-08, 4.67850691521e-09, 3.99281097074e-09, 1.31895439015e-09, 1.16358478408e-09, 7.44545702869e-10, 5.043455098e-10, 6.41371511456e-10, 7.36275151958e-10, 5.59434665259e-10, 2.08314643313e-10, 2.69857497459e-10, 1.52170817613e-10, 1.08460206094e-10, 7.61994148335e-11, 6.17708245665e-11, 7.78793765588e-11, 6.91942059206e-11, 7.0796396523e-11, 5.37314845395e-11, 2.27414476139e-11],
        "max": [0.0305798389018, 0.0263305027038, 0.0112240966409, 0.0230084694922, 0.00952875427902, 0.00850712507963, 0.00757883815095, 0.00601324019954, 0.00420131534338, 0.00370967551135, 0.0041727470234, 0.00847672298551, 0.00377563294023, 0.00181235966738, 0.00585238495842, 0.00325997569598, 0.00180789781734, 0.00291169970296, 0.00223807641305, 0.00206415215507, 0.00109279947355, 0.000960149103776, 0.000296904065181, 0.00029097578954, 0.000177559137228, 0.000148401712067, 0.000230420017033, 0.000286687572952, 0.000152540626004, 8.50429569255e-05, 0.000122705198009, 0.000105722763692, 8.88472786755e-05, 9.02137107914e-05, 8.05700110504e-05, 0.000122321114759, 9.03312247829e-05, 9.28125809878e-05, 5.85701527598e-05, 4.89141384605e-05],
        "mean": [0.00198066839948, 0.00231541926041, 0.00121641729493, 0.000686165818479, 0.000289556221105, 0.000277973886114, 0.000235464744037, 0.000171919469722, 0.000128596831928, 0.000112719506433, 0.000165035249665, 0.000133967580041, 0.000109012631583, 7.76050364948e-05, 8.63925888552e-05, 7.16651775292e-05, 7.07112485543e-05, 9.60922188824e-05, 5.92213582422e-05, 7.81151611591e-05, 4.61710806121e-05, 4.60369010398e-05, 3.02607622871e-05, 2.52544596151e-05, 2.54863061855e-05, 2.06716740649e-05, 2.04837579076e-05, 1.562502257e-05, 1.20069071272e-05, 1.17616136777e-05, 1.19631285997e-05, 9.66121569945e-06, 8.66840582603e-06, 7.52143751015e-06, 6.23473079031e-06, 5.20284447703e-06, 4.71730436402e-06, 4.30127420259e-06, 3.77733840651e-06, 2.62077332991e-06],
        "median": [0.000682258047163, 0.00132399378344, 0.000990648404695, 0.000225806899834, 0.000106557781692, 9.51236434048e-05, 9.45998181123e-05, 5.98939695919e-05, 4.80645539938e-05, 5.44476824871e-05, 7.75119915488e-05, 5.59932886972e-05, 4.72897154395e-05, 3.68171276932e-05, 3.4203629184e-05, 2.99765233649e-05, 3.24573047692e-05, 3.53620671376e-05, 1.79611142812e-05, 2.47895077337e-05, 2.85672249447e-05, 3.09125389322e-05, 2.30635323533e-05, 1.80756633199e-05, 2.10906582652e-05, 1.63647673617e-05, 1.64492212207e-05, 1.07632331492e-05, 7.70129645389e-06, 8.08305412647e-06, 5.85109228268e-06, 5.32382819074e-06, 5.01343265569e-06, 4.44981969849e-06, 3.11011876875e-06, 2.05515880225e-06, 2.1964390271e-06, 1.96042469724e-06, 1.72926945652e-06, 1.18907223623e-06],
        "min": [6.45033970601e-24, 8.44360267575e-24, 1.14020377519e-24, 1.94918773324e-24, 1.48668992439e-24, 4.98034631851e-24, 1.06827867218e-23, 8.3780972439e-24, 5.04166644882e-24, 7.77008743437e-24, 1.24104323361e-23, 5.46801066378e-24, 1.07912811287e-23, 7.65746728495e-24, 1.51402003017e-23, 1.03317688625e-23, 8.08688687415e-24, 5.315474547e-24, 1.24940074159e-23, 1.03132598191e-23, 1.13492416581e-23, 9.87715226715e-24, 9.43743725428e-24, 1.17574779654e-23, 9.89551931561e-24, 1.02456102633e-23, 1.08896765382e-23, 7.53886756988e-24, 8.46176462037e-24, 5.19602522873e-24, 1.01614459045e-23, 5.64945498287e-24, 1.00162134564e-23, 1.01991613444e-23, 8.63447861582e-24, 8.56029098085e-24, 8.66598177607e-24, 7.40512724745e-24, 7.88796613057e-24, 1.03889628559e-23],
        "var": [1.75974182639e-05, 1.05726894617e-05, 1.21220136862e-06, 4.15992553826e-06, 4.23585220233e-07, 3.8471625885e-07, 3.34736625973e-07, 1.70691691892e-07, 7.9775645645e-08, 4.77539536803e-08, 7.16770856002e-08, 1.25513139437e-07, 5.99042593308e-08, 1.72360703488e-08, 4.44345111816e-08, 2.79354122057e-08, 1.49264334226e-08, 2.97833437912e-08, 1.88989428551e-08, 2.8104482297e-08, 5.38827604757e-09, 3.99029964626e-09, 8.03139665884e-10, 6.9505962097e-10, 4.72452799105e-10, 3.130674886e-10, 3.33383681772e-10, 3.17965209717e-10, 1.92482502159e-10, 1.36460870381e-10, 2.12886888673e-10, 1.41069780857e-10, 9.87721918144e-11, 8.05247604707e-11, 7.47985284821e-11, 8.90411841481e-11, 7.02233340921e-11, 6.20477558222e-11, 4.86052031956e-11, 2.2303983313e-11]
    },
    "mfcc": {
        "mean": [-594.962036133, 84.9653015137, -2.23695039749, 23.6222839355, 9.11150455475, 10.3415260315, 5.10050392151, 8.27245807648, 3.38709664345, 2.76631903648, -0.0529080107808, -1.15626835823, 0.191904053092],
        "cov": [[3037.14697266, -33.097328186, 89.3215255737, 100.488258362, -230.067092896, -3.55046486855, 44.3753509521, 16.0139751434, 25.8196296692, -42.1496047974, 1.07379174232, -34.2347373962, -69.8260192871], [-33.097328186, 1136.53930664, -192.251312256, 224.743728638, 72.0933685303, 33.7184066772, 143.323928833, -0.677193045616, -1.42883563042, 51.8348426819, 31.8045272827, 30.6383609772, 1.79922056198], [89.3215255737, -192.251312256, 741.450683594, 95.3419647217, 53.9742965698, 103.08605957, 33.8172340393, 64.4424819946, 30.0748538971, -38.0764274597, 11.3920402527, 28.5086040497, -67.0410079956], [100.488258362, 224.743728638, 95.3419647217, 322.421203613, 44.21301651, 30.5240020752, 53.4047088623, 16.6119556427, 36.7106056213, 21.1414051056, 14.5553617477, 42.867729187, -9.0897769928], [-230.067092896, 72.0933685303, 53.9742965698, 44.21301651, 233.45552063, 37.9734764099, 1.8328037262, 28.9532279968, 30.9545707703, 41.614276886, 7.88839149475, 8.89639186859, 29.420633316], [-3.55046486855, 33.7184066772, 103.08605957, 30.5240020752, 37.9734764099, 155.967987061, 83.4435882568, 56.7410583496, 21.5476589203, 14.8107452393, 32.181602478, 2.04957151413, -12.862288475], [44.3753509521, 143.323928833, 33.8172340393, 53.4047088623, 1.8328037262, 83.4435882568, 189.370773315, 68.0122680664, 3.25310969353, 9.41489124298, 37.2492828369, 25.2221870422, -3.02996277809], [16.0139751434, -0.677193045616, 64.4424819946, 16.6119556427, 28.9532279968, 56.7410583496, 68.0122680664, 135.635787964, 55.2019996643, 12.5064153671, 20.8414134979, 9.29079246521, 8.51558113098], [25.8196296692, -1.42883563042, 30.0748538971, 36.7106056213, 30.9545707703, 21.5476589203, 3.25310969353, 55.2019996643, 115.256401062, 41.0615653992, 10.9997711182, 7.85184669495, -3.0961124897], [-42.1496047974, 51.8348426819, -38.0764274597, 21.1414051056, 41.614276886, 14.8107452393, 9.41489124298, 12.5064153671, 41.0615653992, 96.1885528564, 32.2406158447, 11.517332077, 11.8476762772], [1.07379174232, 31.8045272827, 11.3920402527, 14.5553617477, 7.88839149475, 32.181602478, 37.2492828369, 20.8414134979, 10.9997711182, 32.2406158447, 71.9060821533, 26.0434188843, 7.35240221024], [-34.2347373962, 30.6383609772, 28.5086040497, 42.867729187, 8.89639186859, 2.04957151413, 25.2221870422, 9.29079246521, 7.85184669495, 11.517332077, 26.0434188843, 75.1717605591, 23.725189209], [-69.8260192871, 1.79922056198, -67.0410079956, -9.0897769928, 29.420633316, -12.862288475, -3.02996277809, 8.51558113098, -3.0961124897, 11.8476762772, 7.35240221024, 23.725189209, 72.1037902832]],
