{
"lowlevel": {
    "average_loudness": 0.802773892879,
    "barkbands_crest": {
        "dmean": 3.0213394165,
        "dmean2": 5.00197458267,
        "dvar": 11.5873813629,
        "dvar2": 29.5581207275,
        "max": 24.9669342041,
        "mean": 8.64964771271,
        "median": 7.53957557678,
        "min": 2.33924055099,
        "var": 18.6328353882
    },
    "barkbands_flatness_db": {
        "dmean": 0.028171973303,
        "dmean2": 0.043895304203,
        "dvar": 0.000940501107834,
        "dvar2": 0.00219101831317,
        "max": 0.388141095638,
        "mean": 0.132139325142,
        "median": 0.119267754257,
        "min": 0.0241787862033,
        "var": 0.00422495370731
    },
    "barkbands_kurtosis": {
        "dmean": 4.06149530411,
        "dmean2": 6.94043970108,
        "dvar": 113.34249115,
        "dvar2": 246.525695801,
        "max": 302.544433594,
        "mean": 3.49050116539,
        "median": 0.334993839264,
        "min": -1.96865880489,
        "var": 150.643096924
    },
    "barkbands_skewness": {
        "dmean": 0.775058567524,
        "dmean2": 1.23358762264,
        "dvar": 1.07068908215,
        "dvar2": 2.51510095596,
        "max": 16.18217659,
        "mean": 1.16004240513,
        "median": 0.915902793407,
        "min": -4.07874917984,
        "var": 2.19258594513
    },
    "barkbands_spread": {
        "dmean": 8.27964115143,
        "dmean2": 13.3964834213,
        "dvar": 157.892303467,
        "dvar2": 374.964019775,
        "max": 161.496444702,
        "mean": 25.450969696,
        "median": 22.2053451538,
        "min": 1.1690210104,
        "var": 376.283111572
    },
    "dissonance": {
        "dmean": 0.0155226439238,
        "dmean2": 0.0265509337187,
        "dvar": 0.000473913474707,
        "dvar2": 0.00135426828638,
        "max": 0.500000059605,
        "mean": 0.471842169762,
        "median": 0.481198072433,
        "min": 0.171218156815,
        "var": 0.000889544433448
    },
    "dynamic_complexity": 7.57900762558,
    "erbbands_crest": {
        "dmean": 2.49615287781,
        "dmean2": 4.12448978424,
        "dvar": 5.80446052551,
        "dvar2": 15.1209335327,
        "max": 30.3903999329,
        "mean": 8.67615127563,
        "median": 7.67537927628,
        "min": 2.73388361931,
        "var": 14.9564256668
    },
    "erbbands_flatness_db": {
        "dmean": 0.02267434448,
        "dmean2": 0.0325526744127,
        "dvar": 0.000615803874098,
        "dvar2": 0.00130648352206,
        "max": 0.376269340515,
        "mean": 0.167936325073,
        "median": 0.154999122024,
        "min": 0.0318673588336,
        "var": 0.00352487666532
    },
    "erbbands_kurtosis": {
        "dmean": 0.945331096649,
        "dmean2": 1.54487419128,
        "dvar": 3.06390357018,
        "dvar2": 8.31361484528,
        "max": 28.9201602936,
        "mean": 0.492658823729,
        "median": -0.148084640503,
        "min": -1.78071987629,
        "var": 4.95942497253
    },
    "erbbands_skewness": {
        "dmean": 0.355571895838,
        "dmean2": 0.566495597363,
        "dvar": 0.15146265924,
        "dvar2": 0.385804742575,
        "max": 3.12624502182,
        "mean": 0.0202117152512,
        "median": -0.0448794849217,
        "min": -3.92021942139,
        "var": 0.533833384514
    },
    "erbbands_spread": {
        "dmean": 8.67911911011,
        "dmean2": 13.9477367401,
        "dvar": 118.682106018,
        "dvar2": 283.509490967,
        "max": 162.02406311,
        "mean": 33.169670105,
        "median": 30.6258640289,
        "min": 4.46819734573,
        "var": 269.858886719
    },
    "hfc": {
        "dmean": 4.02409172058,
        "dmean2": 6.0575594902,
        "dvar": 74.0107650757,
        "dvar2": 151.372375488,
        "max": 256.707214355,
        "mean": 19.3226509094,
        "median": 14.7425966263,
        "min": 1.08869899099e-16,
        "var": 435.203186035
    },
    "melbands_crest": {
        "dmean": 4.08245849609,
        "dmean2": 6.64327669144,
        "dvar": 18.8353023529,
        "dvar2": 41.6755180359,
        "max": 37.2939987183,
        "mean": 13.6879138947,
        "median": 11.9279413223,
        "min": 2.5044760704,
        "var": 47.65442276
    },
    "melbands_flatness_db": {
        "dmean": 0.0369163192809,
        "dmean2": 0.0566617846489,
        "dvar": 0.00168569351081,
        "dvar2": 0.00375861627981,
        "max": 0.497235387564,
        "mean": 0.192243427038,
        "median": 0.174613088369,
        "min": 0.00722583476454,
        "var": 0.00754336221144
    },
    "melbands_kurtosis": {
        "dmean": 12.3164300919,
        "dmean2": 20.4190654755,
        "dvar": 2119.90795898,
        "dvar2": 4036.77783203,
        "max": 1592.73217773,
        "mean": 13.7468948364,
        "median": 3.57558012009,
        "min": -1.90492010117,
        "var": 3249.4387207
    },
    "melbands_skewness": {
        "dmean": 1.09598278999,
        "dmean2": 1.75062346458,
        "dvar": 2.9043648243,
        "dvar2": 6.33291387558,
        "max": 34.4470787048,
        "mean": 2.30031728745,
        "median": 1.75805723667,
        "min": -2.1654715538,
        "var": 5.84259939194
    },
    "melbands_spread": {
        "dmean": 12.1815433502,
        "dmean2": 19.6209964752,
        "dvar": 413.228179932,
        "dvar2": 1030.99621582,
        "max": 217.407608032,
        "mean": 32.5657081604,
        "median": 27.4180545807,
        "min": 0.421529471874,
        "var": 911.114624023
    },
    "pitch_salience": {
        "dmean": 0.088990919292,
        "dmean2": 0.148716554046,
        "dvar": 0.0101064471528,
        "dvar2": 0.0249932873994,
        "max": 0.980995714664,
        "mean": 0.582891106606,
        "median": 0.609332978725,
        "min": 0.0319114923477,
        "var": 0.021720578894
    },
    "silence_rate_20dB": {
        "dmean": 0,
        "dmean2": 0,
        "dvar": 0,
        "dvar2": 0,
        "max": 1,
        "mean": 1,
        "median": 1,
        "min": 1,
        "var": 0
    },
    "silence_rate_30dB": {
        "dmean": 0.00154798757285,
        "dmean2": 0.00309717375785,
        "dvar": 0.00154558871873,
        "dvar2": 0.00463615637273,
        "max": 1,
        "mean": 0.999226331711,
        "median": 1,
        "min": 0,
        "var": 0.000773095234763
    },
    "silence_rate_60dB": {
        "dmean": 0.00580495363101,
        "dmean2": 0.0116144018248,
        "dvar": 0.00577102834359,
        "dvar2": 0.0153499739245,
        "max": 1,
        "mean": 0.268471956253,
        "median": 0,
        "min": 0,
        "var": 0.196397349238
    },
    "spectral_centroid": {
        "dmean": 260.92590332,
        "dmean2": 413.204071045,
        "dvar": 124439.898438,
        "dvar2": 266796.53125,
        "max": 10716.4824219,
        "mean": 1590.24523926,
        "median": 1523.15527344,
        "min": 230.388885498,
        "var": 782004.9375
    },
    "spectral_complexity": {
        "dmean": 2.57856035233,
        "dmean2": 4.1045293808,
        "dvar": 8.55035209656,
        "dvar2": 19.4130077362,
        "max": 50,
        "mean": 20.8940048218,
        "median": 21,
        "min": 0,
        "var": 216.698242188
    },
    "spectral_decrease": {
        "dmean": 3.25331073192e-09,
        "dmean2": 5.52566303824e-09,
        "dvar": 3.87608960283e-17,
        "dvar2": 1.05455304148e-16,
        "max": 1.82168910968e-18,
        "mean": -6.59423005089e-09,
        "median": -5.37859312644e-09,
        "min": -4.05778664003e-08,
        "var": 5.23738636174e-17
    },
    "spectral_energy": {
        "dmean": 0.0124377021566,
        "dmean2": 0.0210687983781,
        "dvar": 0.000553181918804,
        "dvar2": 0.00150346534792,
        "max": 0.156992778182,
        "mean": 0.0266408063471,
        "median": 0.0221493113786,
        "min": 1.05630948067e-20,
        "var": 0.000803100469057
    },
    "spectral_energyband_high": {
        "dmean": 0.000246092182351,
        "dmean2": 0.00035683659371,
        "dvar": 1.02010528735e-06,
        "dvar2": 2.00069439416e-06,
        "max": 0.0306576546282,
        "mean": 0.000621360319201,
        "median": 0.00012324898853,
        "min": 7.02861101821e-21,
        "var": 2.87334887616e-06
    },
    "spectral_energyband_low": {
        "dmean": 0.0101769715548,
        "dmean2": 0.0178033988923,
        "dvar": 0.000567879993469,
        "dvar2": 0.00158020691015,
        "max": 0.142630428076,
        "mean": 0.0114879412577,
        "median": 0.00522570358589,
        "min": 5.70651881417e-23,
        "var": 0.000465399120003
    },
    "spectral_energyband_middle_high": {
        "dmean": 0.00158295454457,
        "dmean2": 0.00253712269478,
        "dvar": 7.49916989662e-06,
        "dvar2": 2.01774691959e-05,
        "max": 0.0541754290462,
        "mean": 0.00625230232254,
        "median": 0.00500291306525,
        "min": 2.16619962591e-21,
        "var": 4.16478651459e-05
    },
    "spectral_energyband_middle_low": {
        "dmean": 0.00454637035728,
        "dmean2": 0.00758379977196,
        "dvar": 9.38480152399e-05,
        "dvar2": 0.000250836281339,
        "max": 0.0946181043983,
        "mean": 0.0101848850027,
        "median": 0.00742737390101,
        "min": 4.07356588564e-22,
        "var": 0.000150840802235
    },
    "spectral_entropy": {
        "dmean": 0.167761191726,
        "dmean2": 0.247725471854,
        "dvar": 0.0458346791565,
        "dvar2": 0.0958190262318,
        "max": 9.8101234436,
        "mean": 7.60727453232,
        "median": 7.73507356644,
        "min": 5.48000955582,
        "var": 0.326684564352
    },
    "spectral_flux": {
        "dmean": 0.0281150806695,
        "dmean2": 0.0453537479043,
        "dvar": 0.00196264334954,
        "dvar2": 0.00392391998321,
        "max": 0.36435392499,
        "mean": 0.0826162695885,
        "median": 0.0754845738411,
        "min": 1.0277691892e-10,
        "var": 0.00502310879529
    },
    "spectral_kurtosis": {
        "dmean": 3.04179430008,
        "dmean2": 4.90497493744,
        "dvar": 31.5940074921,
        "dvar2": 72.5480194092,
        "max": 122.857460022,
        "mean": 7.03421497345,
        "median": 4.41309261322,
        "min": -1.19418954849,
        "var": 100.787796021
    },
    "spectral_rms": {
        "dmean": 0.000892677169759,
        "dmean2": 0.00145544752013,
        "dvar": 1.92766492546e-06,
        "dvar2": 5.06907463205e-06,
        "max": 0.0123759312555,
        "mean": 0.00423425622284,
        "median": 0.00464855739847,
        "min": 3.21021161043e-12,
        "var": 8.06209754955e-06
    },
    "spectral_rolloff": {
        "dmean": 701.439147949,
        "dmean2": 1166.90209961,
        "dvar": 2033716.75,
        "dvar2": 4448367,
        "max": 19250.6835938,
        "mean": 2156.05908203,
        "median": 1679.58984375,
        "min": 43.06640625,
        "var": 6255694.5
    },
    "spectral_skewness": {
        "dmean": 0.312719911337,
        "dmean2": 0.492197036743,
        "dvar": 0.18159660697,
        "dvar2": 0.411817878485,
        "max": 9.03637886047,
        "mean": 1.72877967358,
        "median": 1.55233347416,
        "min": 0.0420702174306,
        "var": 0.696232199669
    },
    "spectral_spread": {
        "dmean": 627212.0625,
        "dmean2": 891462.25,
        "dvar": 1.02784434176e+12,
        "dvar2": 1.72458115072e+12,
        "max": 40113896,
        "mean": 4220208,
        "median": 4043319.5,
        "min": 666536,
        "var": 3.97555164774e+12
    },
    "spectral_strongpeak": {
        "dmean": 0.383883446455,
        "dmean2": 0.663920164108,
        "dvar": 0.429099857807,
        "dvar2": 1.18959283829,
        "max": 7.03010225296,
        "mean": 0.603966295719,
        "median": 0.345343470573,
        "min": 0,
        "var": 0.601269125938
    },
    "zerocrossingrate": {
        "dmean": 0.0135711571202,
        "dmean2": 0.0161669682711,
        "dvar": 0.000428677769378,
        "dvar2": 0.000543276255485,
        "max": 0.568359375,
        "mean": 0.0738260447979,
        "median": 0.06005859375,
        "min": 0.0087890625,
        "var": 0.00366653501987
    },
    "barkbands": {
        "dmean": [0.000413044501329, 0.0078676501289, 0.00213828450069, 0.0022235296201, 0.00178250367753, 0.00103501870763, 0.000704749196302, 0.000383941602195, 0.000464950309834, 0.000618015299551, 0.000613261247054, 0.000364463077858, 0.000250193872489, 0.000208188706893, 0.00020384239906, 0.000489287078381, 0.000244728289545, 0.00016103105736, 0.000128875981318, 6.28578054602e-05, 3.89622982766e-05, 6.02975560469e-05, 7.04837220837e-05, 6.88242289471e-05, 2.85853839159e-05, 1.20375698316e-05, 3.74040405404e-06],
        "dmean2": [0.000671524670906, 0.0140915345401, 0.00374141824432, 0.00364787154831, 0.00317615782842, 0.00169997802004, 0.00116820842959, 0.000624785141554, 0.000731338222977, 0.00100735423621, 0.0010008350946, 0.000599212828092, 0.000401250756113, 0.000338667305186, 0.000324211549014, 0.000821794616058, 0.00041095080087, 0.000266210146947, 0.000205148855457, 0.00010184180428, 6.21207145741e-05, 9.33715709834e-05, 0.000106305480585, 0.000103488804598, 4.16262919316e-05, 1.63931817951e-05, 5.4723464018e-06],
        "dvar": [8.95013272384e-07, 0.000461722578621, 1.5215442545e-05, 2.49978056672e-05, 2.40792323893e-05, 5.15419378644e-06, 2.5168214961e-06, 9.66743868958e-07, 9.70677206169e-07, 4.19735442847e-06, 1.36323399147e-06, 4.7698375738e-07, 7.44882584058e-07, 3.41580204122e-07, 2.33417409845e-07, 6.24171036634e-07, 1.23659603446e-07, 5.97514286937e-08, 4.33737454841e-08, 1.13124443146e-08, 4.97447194547e-09, 3.7590176305e-08, 1.65937947827e-07, 1.68049908211e-07, 1.96915479478e-08, 1.25375820836e-09, 1.90699456226e-10],
        "dvar2": [2.14964688894e-06, 0.00128290615976, 4.44502948085e-05, 6.33144882158e-05, 6.84229380568e-05, 1.44248188008e-05, 6.44448255116e-06, 2.10517168853e-06, 2.28346425502e-06, 1.26430195451e-05, 3.55742645297e-06, 1.26392069433e-06, 2.06180311579e-06, 8.09919811218e-07, 5.33584795903e-07, 1.7254717477e-06, 3.41795612258e-07, 1.5595615821e-07, 1.10290862665e-07, 2.84590591093e-08, 1.16222143021e-08, 8.3327165612e-08, 3.30813804794e-07, 3.41953125371e-07, 5.01919039664e-08, 2.06383043988e-09, 3.86859905221e-10],
        "max": [0.013548030518, 0.135799646378, 0.0390121750534, 0.0584072209895, 0.0480349212885, 0.0466958843172, 0.0268589407206, 0.0278576537967, 0.0208205096424, 0.0418498516083, 0.0242459680885, 0.0121106971055, 0.0239501334727, 0.0104507161304, 0.0146253826097, 0.00943499524146, 0.00504988059402, 0.00395734002814, 0.00519347097725, 0.00221006339416, 0.00115643755998, 0.00719891022891, 0.0140301585197, 0.0162268690765, 0.00436901766807, 0.000748203427065, 0.000244458118686],
        "mean": [0.000427686783951, 0.00636998657137, 0.00300794700161, 0.00309836049564, 0.0019197803922, 0.00196492765099, 0.00127184251323, 0.000633801915683, 0.000912115792744, 0.00104510900564, 0.00106011738535, 0.000697620969731, 0.000415690621594, 0.000376894779038, 0.000395124836359, 0.00105928746052, 0.000559530162718, 0.000394882546971, 0.000308752118144, 0.000147637765622, 9.30848837015e-05, 0.000123835910927, 0.000136348768137, 0.000133743786137, 5.52958917979e-05, 2.53791513387e-05, 6.0259417296e-06],
        "median": [2.16895805352e-05, 0.000908998656087, 0.00105983333196, 0.00103069702163, 0.000709737534635, 0.000798587512691, 0.00046254080371, 0.00022002622427, 0.000509736593813, 0.00035596312955, 0.00057660206221, 0.000342588638887, 0.000205958363949, 0.000164105964359, 0.000175853201654, 0.000476169632748, 0.000395245937398, 0.000270403863396, 0.000195487620658, 6.91443274263e-05, 2.73628684226e-05, 2.0886584025e-05, 1.56849164341e-05, 1.44583691508e-05, 6.42691884423e-06, 1.54148369802e-06, 1.49754271206e-07],
        "min": [2.22705625627e-23, 1.8998485857e-23, 2.38336478479e-23, 1.37737575298e-23, 2.64602375402e-23, 6.68425700148e-23, 4.7815402753e-23, 2.12298120595e-22, 2.20153471272e-23, 9.56498517637e-23, 5.23841253955e-23, 1.8495385397e-22, 6.62106671861e-23, 1.16287387056e-22, 1.53399443005e-22, 2.32826427051e-22, 3.41876084721e-22, 3.69360528773e-22, 3.33469326582e-22, 3.65659142919e-22, 3.70920933509e-22, 5.81418557974e-22, 6.29088778766e-22, 8.38765281071e-22, 9.37684450105e-22, 1.49928192489e-21, 2.19758987808e-21],
        "var": [1.14615954772e-06, 0.000319953571307, 1.93415235117e-05, 3.52051793016e-05, 1.82568419405e-05, 1.36130784085e-05, 5.32149397259e-06, 1.7206486973e-06, 2.18279933506e-06, 5.75046351514e-06, 2.62180810751e-06, 1.05966785213e-06, 8.99970586943e-07, 7.85876011378e-07, 6.0594459228e-07, 1.68865324213e-06, 3.73395806719e-07, 1.98800350404e-07, 1.49899165081e-07, 3.7731716418e-08, 1.93162907891e-08, 6.4403721467e-08, 3.13066664148e-07, 5.16869590683e-07, 3.41444632568e-08, 4.4962771284e-09, 4.02494648721e-10]
    },
    "erbbands": {
        "dmean": [0.228057742119, 1.74298679829, 2.7487859726, 4.82095003128, 7.84297275543, 5.24011564255, 5.47412204742, 9.62530708313, 11.0049343109, 9.03045845032, 7.05702972412, 11.6129369736, 16.4954853058, 16.8985748291, 22.4578876495, 13.8822650909, 12.0941381454, 7.70804166794, 11.361749649, 13.6059989929, 28.2626914978, 12.3960990906, 9.02414226532, 6.37994241714, 6.22897195816, 2.87242126465, 1.52910363674, 1.66393530369, 2.00027704239, 2.29743289948, 1.96684896946, 1.81621575356, 0.930631101131, 0.419946968555, 0.161606252193, 0.0608166307211, 0.0207217987627, 0.00566036114469, 0.000644638028461, 2.84635971184e-05],
        "dmean2": [0.38980203867, 3.1954061985, 4.9278793335, 7.88357448578, 14.2471294403, 9.15541744232, 8.95468521118, 15.849401474, 18.0979671478, 15.2000494003, 11.2540006638, 18.1877651215, 27.0849704742, 26.9842185974, 37.0815353394, 22.8642044067, 19.5246162415, 12.0022773743, 18.3351860046, 22.3035240173, 47.7191543579, 20.6974029541, 14.7744760513, 10.6011543274, 9.94476127625, 4.62985706329, 2.46167826653, 2.70109963417, 3.09704613686, 3.47449636459, 2.96905136108, 2.60383915901, 1.46338903904, 0.638925015926, 0.228541091084, 0.0849985480309, 0.0278969537467, 0.00788268167526, 0.000918925681617, 4.18942399847e-05],
        "dvar": [0.398901343346, 22.736579895, 31.77085495, 83.6278457642, 574.768188477, 138.463653564, 141.348632812, 471.189086914, 631.070007324, 716.23614502, 147.602432251, 727.123962402, 3326.33007812, 1894.86401367, 1770.26855469, 789.096740723, 1820.42565918, 395.623779297, 780.022888184, 1046.03808594, 2185.3112793, 342.183227539, 193.728439331, 94.3157501221, 124.002868652, 23.8049278259, 7.04515457153, 10.9289426804, 34.0571136475, 116.952819824, 136.209579468, 116.245063782, 26.6173057556, 4.41915655136, 0.485588043928, 0.0312650091946, 0.0040742661804, 0.000389995140722, 5.42809902981e-06, 4.16081169519e-09],
        "dvar2": [1.06611263752, 64.2263259888, 91.719291687, 210.533737183, 1655.93481445, 387.349700928, 387.415557861, 1291.40185547, 1547.19921875, 1992.37304688, 361.12020874, 1753.96557617, 10464.8535156, 5016.80664062, 4833.23388672, 2005.60083008, 5187.62890625, 878.02532959, 1983.55480957, 2466.88916016, 6189.58056641, 951.201416016, 499.162994385, 253.739471436, 315.570861816, 59.0470619202, 16.7303447723, 26.4095134735, 77.5938034058, 241.672637939, 261.381256104, 234.010696411, 56.0107536316, 11.22057724, 1.19106221199, 0.0555381476879, 0.00688898516819, 0.000737414695323, 1.09893089757e-05, 8.75359429386e-09],
        "max": [4.71935319901, 30.1785850525, 40.2878990173, 101.000137329, 220.565292358, 132.912765503, 230.117645264, 468.528015137, 462.478485107, 647.537536621, 273.144317627, 646.204223633, 1451.69689941, 1169.00219727, 597.669189453, 553.879150391, 1148.58996582, 429.895568848, 825.199707031, 1072.80358887, 598.372924805, 308.71206665, 248.503967285, 129.702636719, 286.727416992, 121.126441956, 37.9034423828, 46.3769035339, 206.46875, 410.914489746, 392.692504883, 435.628082275, 187.451599121, 69.193069458, 19.8691940308, 3.73539090157, 1.2564009428, 0.386994659901, 0.0363683253527, 0.00106746295933],
        "mean": [0.191860616207, 1.38524997234, 3.44518637657, 7.66531276703, 8.16880893707, 6.03909301758, 8.77952003479, 18.298664093, 19.8222446442, 16.1918563843, 13.8626680374, 23.1634922028, 28.5237388611, 32.9056472778, 43.6427307129, 28.1837062836, 21.6087303162, 16.0836639404, 22.2872447968, 30.3904838562, 61.3637771606, 31.7859745026, 23.6859302521, 16.7406539917, 14.8188009262, 7.13336181641, 3.69143605232, 3.7910823822, 4.20434617996, 4.47910261154, 3.82863163948, 3.37749028206, 1.78051126003, 0.794572353363, 0.325607389212, 0.132755696774, 0.0406248420477, 0.00973595026881, 0.00105541525409, 5.89789051446e-05],
        "median": [0.017371898517, 0.269460976124, 1.49838483334, 3.55177569389, 2.94146108627, 2.41916370392, 3.76635956764, 6.66104125977, 7.50984716415, 6.44744920731, 8.00378322601, 12.889213562, 12.8493337631, 15.9962472916, 26.121131897, 14.7494859695, 11.8398160934, 7.75326251984, 13.1113071442, 16.7474727631, 26.0671958923, 20.0304069519, 17.6224803925, 11.5508537292, 8.64612960815, 3.51909303665, 1.35542225838, 0.964172780514, 0.680629968643, 0.625642001629, 0.426007419825, 0.343968719244, 0.194504201412, 0.0872928351164, 0.0362775921822, 0.00943280570209, 0.00206676963717, 0.000343178428011, 4.26273036283e-05, 2.96616435662e-05],
        "min": [6.35162124212e-22, 4.35824501089e-21, 2.26246030593e-20, 3.6687337479e-20, 1.01433087238e-19, 6.64136399106e-20, 1.84611086763e-19, 6.58795487761e-19, 4.69848720893e-19, 2.1640339362e-18, 4.23103090116e-18, 9.54871139544e-19, 1.29245533485e-18, 4.15221878676e-18, 2.4740012592e-18, 7.77839950759e-18, 3.99583284733e-18, 5.03167142376e-18, 6.69163969265e-18, 1.28335359774e-17, 1.40687937374e-17, 1.58468482426e-17, 1.92345498977e-17, 2.12862010079e-17, 1.59177574734e-17, 1.80510082967e-17, 1.23030997921e-17, 1.85994422777e-17, 1.91870200997e-17, 1.46087176843e-17, 2.00317154345e-17, 2.15851738598e-17, 1.15112761877e-17, 9.37160230692e-18, 6.75223894432e-18, 5.66078032991e-18, 2.92905750919e-18, 1.09523945019e-18, 3.5293775315e-19, 3.00212924864e-20],
        "var": [0.313403069973, 14.7344713211, 30.032951355, 141.770233154, 414.438049316, 125.760688782, 263.640167236, 1330.34753418, 1340.63793945, 1425.28930664, 310.739654541, 1553.40856934, 4685.06542969, 3578.86816406, 3635.97363281, 1818.6003418, 2184.02661133, 1155.14343262, 1861.22766113, 2142.05322266, 5816.41455078, 1215.87402344, 676.121643066, 341.768218994, 383.929595947, 84.1086807251, 26.6768169403, 34.7157897949, 62.5407867432, 184.857147217, 285.532440186, 357.034576416, 73.8208694458, 7.86600971222, 0.948493897915, 0.109587818384, 0.0132011175156, 0.000938768382184, 1.18168909466e-05, 1.00890531485e-08]
    },
    "gfcc": {
        "mean": [-75.3066864014, 90.3906555176, -124.590446472, 27.1987781525, -48.0113983154, 11.9060297012, -36.4592475891, 12.058259964, -18.1768798828, -8.21027088165, -13.8026351929, 1.8141463995, -8.31857204437],
        "cov": [[37797.3945312, 4847.65283203, -1898.13293457, 9.35674095154, -1076.30895996, -149.957260132, -618.958374023, -222.288116455, -911.043640137, -522.407470703, -370.064910889, -213.027206421, -394.452148438], [4847.65283203, 4234.36083984, -760.478027344, -732.387756348, 128.500198364, -713.746276855, 47.7288284302, -204.6199646, -15.8341779709, -425.86807251, 133.324111938, -288.121948242, 68.2041931152], [-1898.13293457, -760.478027344, 1307.77038574, 175.018386841, -28.292596817, 344.41418457, 31.5449409485, 32.57213974, 49.5357170105, 127.714988708, -131.494293213, 114.407752991, -71.2440643311], [9.35674095154, -732.387756348, 175.018386841, 609.963745117, 75.8615493774, 359.735717773, 89.5149383545, 57.3092002869, 2.40251994133, 92.2765808105, 29.5784301758, 58.6380233765, 32.1561393738], [-1076.30895996, 128.500198364, -28.292596817, 75.8615493774, 418.979919434, 14.0056314468, 149.902130127, 38.1321182251, 38.5165939331, 3.40816235542, 59.241897583, 10.5014181137, 47.7315673828], [-149.957260132, -713.746276855, 344.41418457, 359.735717773, 14.0056314468, 463.08026123, 50.1228904724, 63.8640441895, 3.05174994469, 94.9243774414, -16.5614471436, 49.4314880371, -15.2178354263], [-618.958374023, 47.7288284302, 31.5449409485, 89.5149383545, 149.902130127, 50.1228904724, 188.856033325, 22.2322750092, 22.3591098785, 4.87385988235, 36.2322731018, -5.35125780106, 29.3491077423], [-222.288116455, -204.6199646, 32.57213974, 57.3092002869, 38.1321182251, 63.8640441895, 22.2322750092, 112.077484131, 35.5419273376, 36.6328048706, -1.43208396435, 31.8417358398, 7.09175777435], [-911.043640137, -15.8341779709, 49.5357170105, 2.40251994133, 38.5165939331, 3.05174994469, 22.3591098785, 35.5419273376, 101.013473511, 27.2966632843, 27.7316894531, 11.7845563889, 23.0461292267], [-522.407470703, -425.86807251, 127.714988708, 92.2765808105, 3.40816235542, 94.9243774414, 4.87385988235, 36.6328048706, 27.2966632843, 115.721885681, 13.0861263275, 41.0509986877, -1.8105096817], [-370.064910889, 133.324111938, -131.494293213, 29.5784301758, 59.241897583, -16.5614471436, 36.2322731018, -1.43208396435, 27.7316894531, 13.0861263275, 120.246665955, 1.66987633705, 39.2977867126], [-213.027206421, -288.121948242, 114.407752991, 58.6380233765, 10.5014181137, 49.4314880371, -5.35125780106, 31.8417358398, 11.7845563889, 41.0509986877, 1.66987633705, 94.8598251343, 12.4202737808], [-394.452148438, 68.2041931152, -71.2440643311, 32.1561393738, 47.7315673828, -15.2178354263, 29.3491077423, 7.09175777435, 23.0461292267, -1.8105096817, 39.2977867126, 12.4202737808, 82.9301986694]],
        "icov": [[7.7910895925e-05, -0.000196109438548, 0.000157683462021, -0.000187045778148, 0.000160245690495, -0.000128680461785, 0.000104883401946, -0.000134754707688, 0.000510537531227, -0.00027155544376, 0.00035093491897, -0.000391769892303, 0.000342987739714], [-0.000196109438548, 0.00105546368286, -0.000491225568112, 0.000771187245846, -0.00051699456526, 0.000593635253608, -0.000345774111338, 0.000442301825387, -0.00138099491596, 0.0021582802292, -0.00163597636856, 0.00187210587319, -0.00110506813508], [0.000157683462021, -0.000491225568112, 0.00175475422293, -0.000163137854543, 0.000356155185727, -0.00127066427376, -0.000341267470503, 0.000815926527139, -0.000172952277353, -0.00147595873568, 0.00248239492066, -0.00240868609399, 0.00153785257135], [-0.000187045778148, 0.000771187245846, -0.000163137854543, 0.00414516357705, -0.000576702586841, -0.00224189134315, -0.00104498688597, 0.000554475700483, -0.000577592698392, 0.000636692566331, -0.00155267538503, 0.000657535274513, -0.00221671373583], [0.000160245690495, -0.00051699456526, 0.000356155185727, -0.000576702586841, 0.00391778396443, -3.59920886694e-05, -0.00230416445993, -0.000985595863312, 0.000757377711125, -0.000475296779769, 0.000151851243572, -0.00142477150075, 0.000275743950624], [-0.000128680461785, 0.000593635253608, -0.00127066427376, -0.00224189134315, -3.59920886694e-05, 0.00572359794751, -0.000400652643293, -0.00141169410199, 6.17425102973e-05, 9.41903999774e-06, -0.00109997752588, 0.00188219104894, 0.000233316532103], [0.000104883401946, -0.000345774111338, -0.000341267470503, -0.00104498688597, -0.00230416445993, -0.000400652643293, 0.00859970599413, -0.00115476013161, 0.000666087958962, 0.000196777182282, -0.000871851283591, 0.00153083365876, -0.00079370290041], [-0.000134754707688, 0.000442301825387, 0.000815926527139, 0.000554475700483, -0.000985595863312, -0.00141169410199, -0.00115476013161, 0.0132676837966, -0.00546026462689, -0.00125214573927, 0.00208865758032, -0.0027738455683, -2.07001976378e-05], [0.000510537531227, -0.00138099491596, -0.000172952277353, -0.000577592698392, 0.000757377711125, 6.17425102973e-05, 0.000666087958962, -0.00546026462689, 0.0175783094019, -0.00423575052992, -0.000828619697131, -0.000933354953304, -0.000998903531581], [-0.00027155544376, 0.0021582802292, -0.00147595873568, 0.000636692566331, -0.000475296779769, 9.41903999774e-06, 0.000196777182282, -0.00125214573927, -0.00423575052992, 0.0183627884835, -0.00587241863832, 0.000491883198265, 1.82781586773e-05], [0.00035093491897, -0.00163597636856, 0.00248239492066, -0.00155267538503, 0.000151851243572, -0.00109997752588, -0.000871851283591, 0.00208865758032, -0.000828619697131, -0.00587241863832, 0.0156205007806, -0.0038921344094, -0.00112703745253], [-0.000391769892303, 0.00187210587319, -0.00240868609399, 0.000657535274513, -0.00142477150075, 0.00188219104894, 0.00153083365876, -0.0027738455683, -0.000933354953304, 0.000491883198265, -0.0038921344094, 0.0187406931072, -0.00555874127895], [0.000342987739714, -0.00110506813508, 0.00153785257135, -0.00221671373583, 0.000275743950624, 0.000233316532103, -0.00079370290041, -2.07001976378e-05, -0.000998903531581, 1.82781586773e-05, -0.00112703745253, -0.00555874127895, 0.0185905937105]]
    },
    "melbands": {
        "dmean": [0.00212678569369, 0.00173307512887, 0.00091596780112, 0.000475474371342, 0.000182440009667, 0.000214258863707, 0.000158288414241, 9.57605443546e-05, 6.12079529674e-05, 7.09572559572e-05, 8.46952243592e-05, 6.98286603438e-05, 8.72296150192e-05, 4.27972809121e-05, 3.43625288224e-05, 2.24084051297e-05, 1.6251578927e-05, 2.12132254092e-05, 1.31899278131e-05, 2.78917159449e-05, 3.30725088133e-05, 1.42964763654e-05, 1.24015732581e-05, 7.81987182563e-06, 5.70542533751e-06, 5.26408894075e-06, 3.80909455089e-06, 1.72510601715e-06, 1.06639447495e-06, 1.00691693206e-06, 1.0780491948e-06, 1.08854089831e-06, 1.5328353129e-06, 1.33257162815e-06, 1.1937021327e-06, 1.20284323657e-06, 1.12582529255e-06, 7.23975347228e-07, 5.22096399891e-07, 3.48139053585e-07],
        "dmean2": [0.00374211580493, 0.0031591153238, 0.00152781489305, 0.00086542655481, 0.000298612721963, 0.000351714785211, 0.000259901484242, 0.000161605494213, 9.58067248575e-05, 0.000112197667477, 0.000138862247695, 0.000112325913506, 0.000142775752465, 6.99202137184e-05, 5.56160557608e-05, 3.56887248927e-05, 2.57937117567e-05, 3.48157591361e-05, 2.06882577913e-05, 4.68535326945e-05, 5.61880624446e-05, 2.40350436798e-05, 2.06843160413e-05, 1.30890421133e-05, 9.58742566581e-06, 8.53517576616e-06, 6.17470413999e-06, 2.79443634099e-06, 1.75298043814e-06, 1.63183358382e-06, 1.76885555447e-06, 1.68209533058e-06, 2.44276952799e-06, 1.99950659407e-06, 1.79334449513e-06, 1.80459392141e-06, 1.67671862528e-06, 1.16101614367e-06, 8.24464564175e-07, 5.48825823898e-07],
        "dvar": [3.43887440977e-05, 1.66877944139e-05, 3.90286459151e-06, 1.9272456484e-06, 1.34923141104e-07, 2.20325318878e-07, 1.26950496337e-07, 7.98475241481e-08, 9.83973347246e-09, 2.63414214885e-08, 9.03960994947e-08, 3.7951252807e-08, 2.59165897631e-08, 5.61068436156e-09, 9.34128596697e-09, 4.77736339377e-09, 2.14744533267e-09, 2.97145708039e-09, 1.17228715624e-09, 2.36429120726e-09, 3.00005109644e-09, 4.7384174362e-10, 3.35536043394e-10, 1.62754421051e-10, 7.98876728658e-11, 8.23343962453e-11, 4.56919675706e-11, 9.25955492836e-12, 3.95457755084e-12, 3.32412114327e-12, 4.7486103591e-12, 6.65120606161e-12, 3.43402355163e-11, 4.55813269074e-11, 5.93461044196e-11, 3.9870350077e-11, 4.80917597412e-11, 1.61207089344e-11, 6.1773854261e-12, 3.0598633436e-12],
        "dvar2": [9.43270642892e-05, 4.75913075206e-05, 1.03529109765e-05, 5.59932595934e-06, 3.62450464308e-07, 6.01882049978e-07, 3.10843205398e-07, 2.11930284877e-07, 2.39750459485e-08, 6.32089154351e-08, 2.84233834691e-07, 1.01656887352e-07, 6.92907562438e-08, 1.49588892384e-08, 2.30944667834e-08, 1.34307729382e-08, 4.78703077178e-09, 7.7895006001e-09, 2.63221444641e-09, 5.93978422003e-09, 8.43799785599e-09, 1.33546240733e-09, 8.9536594805e-10, 4.23081902845e-10, 2.18564485954e-10, 2.1265322836e-10, 1.15204325246e-10, 2.37258667574e-11, 1.00715208742e-11, 8.01039790055e-12, 1.19738264442e-11, 1.50201240334e-11, 8.08587433121e-11, 9.39400640609e-11, 1.18215159883e-10, 7.90615142798e-11, 9.69282501484e-11, 3.41188050035e-11, 1.39501101643e-11, 8.35958125639e-12],
        "max": [0.0405883677304, 0.0260339062661, 0.0213894192129, 0.0131907053292, 0.00664699403569, 0.0102315573022, 0.00635952362791, 0.00658526178449, 0.00165822857525, 0.00370355881751, 0.00746393855661, 0.00545535609126, 0.00248076627031, 0.00123342184816, 0.00254375231452, 0.00164199096616, 0.000991751905531, 0.0012071459787, 0.000811479869299, 0.00121385627426, 0.000663664075546, 0.00030702658114, 0.000238303517108, 0.000257701525697, 0.000121084522107, 0.000160639960086, 0.000150510793901, 6.85374689056e-05, 2.96135422104e-05, 3.19756254612e-05, 3.47277928086e-05, 7.61328192311e-05, 0.00022582958627, 0.000244871538598, 0.000286610040348, 0.000224168179557, 0.000300033047097, 0.000145156285726, 0.000103327212855, 5.26007024746e-05],
        "mean": [0.0017503806157, 0.00184522906784, 0.00137022288982, 0.000492023304105, 0.000300437328406, 0.000406070088502, 0.000291015050607, 0.000166201760294, 0.000119662989164, 0.000139035837492, 0.000141125696246, 0.000129046806251, 0.000158170820214, 8.28461415949e-05, 6.07933470747e-05, 3.71194946638e-05, 3.02300832118e-05, 3.85414496122e-05, 2.66028873739e-05, 6.07313668297e-05, 6.95316775818e-05, 3.17293925036e-05, 2.68587027676e-05, 1.78331920324e-05, 1.29061090774e-05, 1.15466018542e-05, 8.41256223794e-06, 3.74512478629e-06, 2.20190622713e-06, 2.18959780796e-06, 2.19820049097e-06, 2.20107995119e-06, 2.71378280559e-06, 2.38592565438e-06, 2.16639091377e-06, 2.19913135879e-06, 1.99234909815e-06, 1.30104399432e-06, 9.01131045339e-07, 6.11025370745e-07],
        "median": [0.000213136867387, 0.00076670141425, 0.00067846145248, 0.000185892786249, 0.000138922550832, 0.000154643668793, 0.000106149273051, 6.39196150587e-05, 7.78441026341e-05, 7.46644072933e-05, 5.74330661038e-05, 5.22518057551e-05, 8.95588818821e-05, 4.21146578446e-05, 2.90561110887e-05, 1.7952221242e-05, 1.22560904856e-05, 2.07358807529e-05, 1.23455993162e-05, 2.93985358439e-05, 2.93066459562e-05, 1.75537570613e-05, 2.14212177525e-05, 1.13864425657e-05, 8.3490549514e-06, 6.31232296655e-06, 4.39156337961e-06, 1.54928386564e-06, 7.55631333504e-07, 7.08578284048e-07, 4.73912109555e-07, 3.50124395254e-07, 3.85844657558e-07, 3.08952508021e-07, 2.3889356271e-07, 1.93813875171e-07, 1.75890491505e-07, 1.42897533806e-07, 8.69563905326e-08, 6.12110540033e-08],
        "min": [6.68201001007e-24, 1.00858162318e-23, 8.74411765987e-24, 6.80478595478e-24, 5.26246585518e-24, 1.39553391106e-23, 8.48608046891e-24, 3.04058768189e-23, 2.92185212497e-23, 4.46490657519e-24, 5.87571764543e-24, 1.6717060676e-23, 7.24932169665e-24, 1.57249071601e-23, 1.70156634613e-23, 7.09751803721e-24, 9.73060557679e-24, 9.67652600629e-24, 1.5342939132e-23, 1.84902322421e-23, 1.74681793201e-23, 1.85117539453e-23, 1.30586764184e-23, 1.90847493747e-23, 1.75594457937e-23, 1.20657506077e-23, 1.29706939728e-23, 1.11996049996e-23, 6.14666493953e-24, 9.85142514645e-24, 1.15925137395e-23, 1.20986555737e-23, 8.73439021605e-24, 7.67986541264e-24, 1.07991421276e-23, 1.47794668315e-23, 1.20440750766e-23, 7.63899847344e-24, 6.9668424394e-24, 8.34322880303e-24],
        "var": [2.49920685746e-05, 1.25834612845e-05, 5.18232400282e-06, 1.34421634357e-06, 2.56310016766e-07, 6.05543448273e-07, 2.78327007663e-07, 1.57471518492e-07, 2.0676317547e-08, 5.75050265184e-08, 1.24708208205e-07, 6.57002061644e-08, 5.32886232918e-08, 1.32807276287e-08, 1.54184558454e-08, 5.96155302901e-09, 5.71425751161e-09, 5.7915876539e-09, 2.72304845339e-09, 6.0543952074e-09, 7.80174591597e-09, 1.3992074166e-09, 8.56773096913e-10, 4.42414632706e-10, 2.2499911656e-10, 2.35038238872e-10, 1.25004256946e-10, 2.74302507791e-11, 1.0984130272e-11, 1.06018284429e-11, 1.27712814282e-11, 1.48583575998e-11, 4.40449100803e-11, 7.05225114417e-11, 1.03371561311e-10, 1.11730402708e-10, 1.42967110373e-10, 4.35408376021e-11, 1.3343547621e-11, 4.11871838718e-12]
    },
    "mfcc": {
        "mean": [-706.612854004, 118.973693848, -10.5982475281, 16.7747268677, 9.41085529327, -0.813195288181, -2.342659235, 12.3696117401, 1.19936215878, -1.96080863476, -4.84474658966, 0.135140731931, 2.07342553139],
        "cov": [[29982.9902344, 4085.97949219, -1216.98962402, 447.49621582, -126.13973999, -198.751098633, -79.6329879761, 296.870635986, -499.558868408, -329.210083008, -527.360900879, -394.749694824, 77.092590332], [4085.97949219, 3561.97241211, -596.093383789, -0.15365460515, -107.966827393, -434.242797852, -156.477203369, -21.0451259613, -157.292770386, -157.340637207, -178.8019104, -102.568656921, -52.070930481], [-1216.98962402, -596.093383789, 1146.57397461, -78.4444580078, 51.8518295288, 258.64465332, -17.1307373047, 33.6171798706, 76.1722106934, 26.3011112213, 71.7515182495, 24.7040100098, -4.53449773788], [447.49621582, -0.15365460515, -78.4444580078, 268.561187744, 60.4176979065, 82.6925582886, 106.712471008, 50.7828903198, 23.58735466, 9.49535179138, 12.0925636292, 28.8730106354, -2.83694219589], [-126.13973999, -107.966827393, 51.8518295288, 60.4176979065, 189.123382568, 109.795166016, 72.0579071045, 58.1221389771, 27.4939041138, 31.2616138458, 31.318069458, 18.7386779785, 24.6047134399], [-198.751098633, -434.242797852, 258.64465332, 82.6925582886, 109.795166016, 289.245849609, 145.325592041, 68.7973556519, 43.7811279297, 48.9934654236, 67.1432495117, 25.9526348114, -2.47469258308], [-79.6329879761, -156.477203369, -17.1307373047, 106.712471008, 72.0579071045, 145.325592041, 189.12097168, 64.5226135254, 29.505771637, 42.1475067139, 46.3297996521, 18.6377429962, -9.49177074432], [296.870635986, -21.0451259613, 33.6171798706, 50.7828903198, 58.1221389771, 68.7973556519, 64.5226135254, 110.25541687, 29.7446613312, 14.3861446381, 20.7266082764, 7.76936721802, 8.5458574295], [-499.558868408, -157.292770386, 76.1722106934, 23.58735466, 27.4939041138, 43.7811279297, 29.505771637, 29.7446613312, 103.11971283, 25.5706367493, 19.9291706085, 15.509894371, 10.8111543655], [-329.210083008, -157.340637207, 26.3011112213, 9.49535179138, 31.2616138458, 48.9934654236, 42.1475067139, 14.3861446381, 25.5706367493, 88.2275238037, 36.0881156921, 11.4826068878, 9.47282600403], [-527.360900879, -178.8019104, 71.7515182495, 12.0925636292, 31.318069458, 67.1432495117, 46.3297996521, 20.7266082764, 19.9291706085, 36.0881156921, 82.1240386963, 26.9391078949, -1.70144963264], [-394.749694824, -102.568656921, 24.7040100098, 28.8730106354, 18.7386779785, 25.9526348114, 18.6377429962, 7.76936721802, 15.509894371, 11.4826068878, 26.9391078949, 62.1122894287, 14.8030643463], [77.092590332, -52.070930481, -4.53449773788, -2.83694219589, 24.6047134399, -2.47469258308, -9.49177074432, 8.5458574295, 10.8111543655, 9.47282600403, -1.70144963264, 14.8030643463, 78.7645568848]],
