{
"lowlevel": {
    "average_loudness": 0.965433120728,
    "barkbands_crest": {
        "dmean": 3.27782177925,
        "dmean2": 5.55097198486,
        "dvar": 10.0867004395,
        "dvar2": 27.3529834747,
        "max": 26.6766548157,
        "mean": 10.2752065659,
        "median": 9.01836490631,
        "min": 2.4003739357,
        "var": 24.2330112457
    },
    "barkbands_flatness_db": {
        "dmean": 0.0285616125911,
        "dmean2": 0.0456841662526,
        "dvar": 0.00114186038263,
        "dvar2": 0.00294855842367,
        "max": 0.48317617178,
        "mean": 0.130607739091,
        "median": 0.115805216134,
        "min": 0.0186024289578,
        "var": 0.00547205284238
    },
    "barkbands_kurtosis": {
        "dmean": 12.5614671707,
        "dmean2": 22.5842552185,
        "dvar": 4888.66699219,
        "dvar2": 15426.1630859,
        "max": 1711.09619141,
        "mean": 15.2146673203,
        "median": 0.850379705429,
        "min": -1.91349339485,
        "var": 5599.95214844
    },
    "barkbands_skewness": {
        "dmean": 0.903866767883,
        "dmean2": 1.50037872791,
        "dvar": 2.81949663162,
        "dvar2": 8.19643974304,
        "max": 37.112121582,
        "mean": 2.08224225044,
        "median": 1.31847441196,
        "min": -1.84652614594,
        "var": 7.65136528015
    },
    "barkbands_spread": {
        "dmean": 7.43611621857,
        "dmean2": 12.1522254944,
        "dvar": 87.0760803223,
        "dvar2": 197.561157227,
        "max": 104.680915833,
        "mean": 26.6766223907,
        "median": 26.4962844849,
        "min": 0.133701771498,
        "var": 284.343414307
    },
    "dissonance": {
        "dmean": 0.0154245803133,
        "dmean2": 0.02569209598,
        "dvar": 0.00033249577973,
        "dvar2": 0.000859480875079,
        "max": 0.499999940395,
        "mean": 0.468926995993,
        "median": 0.48081600666,
        "min": 0.217200443149,
        "var": 0.0013167479774
    },
    "dynamic_complexity": 2.42251396179,
    "erbbands_crest": {
        "dmean": 2.85516858101,
        "dmean2": 4.64936351776,
        "dvar": 8.35777950287,
        "dvar2": 20.9325256348,
        "max": 28.3794136047,
        "mean": 8.97846794128,
        "median": 7.8099155426,
        "min": 2.50138306618,
        "var": 20.7612953186
    },
    "erbbands_flatness_db": {
        "dmean": 0.0169504359365,
        "dmean2": 0.0253997370601,
        "dvar": 0.000263695517788,
        "dvar2": 0.000585744564887,
        "max": 0.261643528938,
        "mean": 0.135129928589,
        "median": 0.129225060344,
        "min": 0.0422998741269,
        "var": 0.0013317699777
    },
    "erbbands_kurtosis": {
        "dmean": 1.1083394289,
        "dmean2": 1.76739263535,
        "dvar": 2.37126541138,
        "dvar2": 6.10795402527,
        "max": 19.5243968964,
        "mean": 0.900479018688,
        "median": 0.150051355362,
        "min": -1.75271439552,
        "var": 6.09658813477
    },
    "erbbands_skewness": {
        "dmean": 0.396371275187,
        "dmean2": 0.61539286375,
        "dvar": 0.187704861164,
        "dvar2": 0.433748036623,
        "max": 4.42250061035,
        "mean": -0.00161497038789,
        "median": -0.118561469018,
        "min": -3.23238778114,
        "var": 0.782540798187
    },
    "erbbands_spread": {
        "dmean": 9.626080513,
        "dmean2": 14.9338216782,
        "dvar": 112.246253967,
        "dvar2": 289.336334229,
        "max": 144.420211792,
        "mean": 42.0229377747,
        "median": 38.8877182007,
        "min": 6.86502122879,
        "var": 432.383544922
    },
    "hfc": {
        "dmean": 8.77842998505,
        "dmean2": 14.0877189636,
        "dvar": 150.623260498,
        "dvar2": 377.284759521,
        "max": 122.900344849,
        "mean": 29.3418941498,
        "median": 26.2954311371,
        "min": 1.160698115e-16,
        "var": 508.613342285
    },
    "melbands_crest": {
        "dmean": 3.46166038513,
        "dmean2": 5.80460882187,
        "dvar": 8.65675830841,
        "dvar2": 24.9538421631,
        "max": 31.8702430725,
        "mean": 15.0125274658,
        "median": 14.2599983215,
        "min": 1.00138783455,
        "var": 25.4043617249
    },
    "melbands_flatness_db": {
        "dmean": 0.0357951633632,
        "dmean2": 0.0575090274215,
        "dvar": 0.00170421064831,
        "dvar2": 0.00435442756861,
        "max": 0.60978770256,
        "mean": 0.211341798306,
        "median": 0.193069368601,
        "min": -6.04005663263e-08,
        "var": 0.00877257343382
    },
    "melbands_kurtosis": {
        "dmean": 15.9776239395,
        "dmean2": 26.8310852051,
        "dvar": 1290.40686035,
        "dvar2": 3598.06787109,
        "max": 533.86328125,
        "mean": 28.3033809662,
        "median": 8.50828170776,
        "min": -1.77151596546,
        "var": 3488.04760742
    },
    "melbands_skewness": {
        "dmean": 1.07273495197,
        "dmean2": 1.74488961697,
        "dvar": 1.64187574387,
        "dvar2": 4.4602265358,
        "max": 17.1311378479,
        "mean": 3.40122246742,
        "median": 2.68925237656,
        "min": -0.255761831999,
        "var": 6.68626928329
    },
    "melbands_spread": {
        "dmean": 8.49349784851,
        "dmean2": 13.8943634033,
        "dvar": 101.048370361,
        "dvar2": 239.103424072,
        "max": 133.253952026,
        "mean": 25.9919719696,
        "median": 24.166097641,
        "min": 0.272226601839,
        "var": 363.770721436
    },
    "pitch_salience": {
        "dmean": 0.084895953536,
        "dmean2": 0.142794132233,
        "dvar": 0.00654103141278,
        "dvar2": 0.0180219952017,
        "max": 0.996058642864,
        "mean": 0.509991288185,
        "median": 0.51878285408,
        "min": 0.0422792732716,
        "var": 0.0138509413227
    },
    "silence_rate_20dB": {
        "dmean": 0,
        "dmean2": 0,
        "dvar": 0,
        "dvar2": 0,
        "max": 1,
        "mean": 1,
        "median": 1,
        "min": 1,
        "var": 0
    },
    "silence_rate_30dB": {
        "dmean": 0.0278637763113,
        "dmean2": 0.055749129504,
        "dvar": 0.0270882826298,
        "dvar2": 0.0774183124304,
        "max": 1,
        "mean": 0.984526097775,
        "median": 1,
        "min": 0,
        "var": 0.0152348810807
    },
    "silence_rate_60dB": {
        "dmean": 0.000386996893212,
        "dmean2": 0.000774293439463,
        "dvar": 0.000386876112316,
        "dvar2": 0.000773690466303,
        "max": 1,
        "mean": 0.00193423603196,
        "median": 0,
        "min": 0,
        "var": 0.00193056813441
    },
    "spectral_centroid": {
        "dmean": 305.831054688,
        "dmean2": 499.638214111,
        "dvar": 159856.5625,
        "dvar2": 380172.78125,
        "max": 11266.3115234,
        "mean": 1466.3190918,
        "median": 1525.78723145,
        "min": 132.835647583,
        "var": 513538.28125
    },
    "spectral_complexity": {
        "dmean": 5.23297214508,
        "dmean2": 8.07162189484,
        "dvar": 38.6898384094,
        "dvar2": 83.7522735596,
        "max": 58,
        "mean": 24.1234035492,
        "median": 23,
        "min": 0,
        "var": 197.9190979
    },
    "spectral_decrease": {
        "dmean": 3.94331500786e-09,
        "dmean2": 6.38791686214e-09,
        "dvar": 3.24770960823e-17,
        "dvar2": 7.72716129347e-17,
        "max": 6.24510421562e-28,
        "mean": -9.22213594379e-09,
        "median": -8.00111177313e-09,
        "min": -4.66589327175e-08,
        "var": 3.98318368412e-17
    },
    "spectral_energy": {
        "dmean": 0.0153042254969,
        "dmean2": 0.0247317682952,
        "dvar": 0.000478808622574,
        "dvar2": 0.00113415298983,
        "max": 0.178831085563,
        "mean": 0.0374678187072,
        "median": 0.0330715626478,
        "min": 1.04330368113e-20,
        "var": 0.000614300253801
    },
    "spectral_energyband_high": {
        "dmean": 0.000695141847245,
        "dmean2": 0.00115727470256,
        "dvar": 1.69626616753e-06,
        "dvar2": 4.28629891758e-06,
        "max": 0.012988448143,
        "mean": 0.00144459039439,
        "median": 0.000679507036693,
        "min": 7.27615370224e-21,
        "var": 3.2995028505e-06
    },
    "spectral_energyband_low": {
        "dmean": 0.0116038592532,
        "dmean2": 0.0192082449794,
        "dvar": 0.000363075174391,
        "dvar2": 0.000897560850717,
        "max": 0.168429657817,
        "mean": 0.0183092784137,
        "median": 0.0131712099537,
        "min": 1.7744597759e-23,
        "var": 0.00037238560617
    },
    "spectral_energyband_middle_high": {
        "dmean": 0.00265514594503,
        "dmean2": 0.00404823664576,
        "dvar": 1.17860363389e-05,
        "dvar2": 2.83399313048e-05,
        "max": 0.0512800216675,
        "mean": 0.00814853236079,
        "median": 0.00625196844339,
        "min": 1.66883890531e-21,
        "var": 6.0681530158e-05
    },
    "spectral_energyband_middle_low": {
        "dmean": 0.00637532304972,
        "dmean2": 0.0106329815462,
        "dvar": 0.000151310086949,
        "dvar2": 0.000401402416173,
        "max": 0.123501941562,
        "mean": 0.011855121702,
        "median": 0.00884861964732,
        "min": 3.06317668236e-22,
        "var": 0.000156946480274
    },
    "spectral_entropy": {
        "dmean": 0.175992563367,
        "dmean2": 0.259076178074,
        "dvar": 0.0429450422525,
        "dvar2": 0.0934288352728,
        "max": 9.81918430328,
        "mean": 7.69173049927,
        "median": 7.81862640381,
        "min": 5.74227714539,
        "var": 0.262268394232
    },
    "spectral_flux": {
        "dmean": 0.0334355421364,
        "dmean2": 0.0517303310335,
        "dvar": 0.0014374043094,
        "dvar2": 0.00297448690981,
        "max": 0.384434938431,
        "mean": 0.108161143959,
        "median": 0.0980920270085,
        "min": 6.68370081502e-11,
        "var": 0.00307557894848
    },
    "spectral_kurtosis": {
        "dmean": 1.16729009151,
        "dmean2": 1.88426184654,
        "dvar": 2.19560170174,
        "dvar2": 5.35897922516,
        "max": 29.0830841064,
        "mean": 3.99106478691,
        "median": 3.37050294876,
        "min": -1.15932965279,
        "var": 9.62964630127
    },
    "spectral_rms": {
        "dmean": 0.00114871677943,
        "dmean2": 0.00182719749864,
        "dvar": 1.77281719971e-06,
        "dvar2": 4.07970082961e-06,
        "max": 0.0132086845115,
        "mean": 0.00577272102237,
        "median": 0.00568022346124,
        "min": 3.19038762422e-12,
        "var": 3.22967071043e-06
    },
    "spectral_rolloff": {
        "dmean": 572.473266602,
        "dmean2": 980.005432129,
        "dvar": 1026339.875,
        "dvar2": 2346681.5,
        "max": 19186.0839844,
        "mean": 1502.66174316,
        "median": 1378.125,
        "min": 64.599609375,
        "var": 2468517.5
    },
    "spectral_skewness": {
        "dmean": 0.199132755399,
        "dmean2": 0.313325852156,
        "dvar": 0.0551597774029,
        "dvar2": 0.130888208747,
        "max": 4.91017580032,
        "mean": 1.46778869629,
        "median": 1.40631568432,
        "min": -0.0364578999579,
        "var": 0.326763540506
    },
    "spectral_spread": {
        "dmean": 511068.625,
        "dmean2": 759519.6875,
        "dvar": 742981173248,
        "dvar2": 1.43876384358e+12,
        "max": 39673828,
        "mean": 4906210.5,
        "median": 4776088.5,
        "min": 2304189.25,
        "var": 2.65876537344e+12
    },
    "spectral_strongpeak": {
        "dmean": 0.783558726311,
        "dmean2": 1.37438106537,
        "dvar": 2.06770253181,
        "dvar2": 5.36709785461,
        "max": 14.5534057617,
        "mean": 1.01359176636,
        "median": 0.377903699875,
        "min": 0,
        "var": 2.73203921318
    },
    "zerocrossingrate": {
        "dmean": 0.0108415819705,
        "dmean2": 0.0134329330176,
        "dvar": 0.000186026343727,
        "dvar2": 0.000238718654145,
        "max": 0.50830078125,
        "mean": 0.0618747733533,
        "median": 0.0546875,
        "min": 0.00244140625,
        "var": 0.00166308018379
    },
    "barkbands": {
        "dmean": [0.000227934971917, 0.00901161320508, 0.00373955257237, 0.002884154208, 0.00265122624114, 0.00107065157499, 0.000635897915345, 0.000511155114509, 0.000852849741932, 0.00043869446381, 0.000725511810742, 0.000521226145793, 0.000628323818091, 0.000597330741584, 0.000668892345857, 0.000438304414274, 0.000392401736462, 0.000284608948277, 0.000226946940529, 0.000218037050217, 0.000207790537388, 0.000166702622664, 0.000116396753583, 0.00010609110177, 6.37480479782e-05, 4.12110020989e-05, 7.28728900867e-06],
        "dmean2": [0.00037638147478, 0.0152154229581, 0.00647444790229, 0.00492533296347, 0.00459238467738, 0.00171430734918, 0.00100160727743, 0.00081654987298, 0.00136344798375, 0.000698863877915, 0.00108008738607, 0.000829534023069, 0.000958912773058, 0.000940824160352, 0.00102819083259, 0.000691065215506, 0.000651984184515, 0.000474551401567, 0.000383759499528, 0.00037543734652, 0.000367395987269, 0.0002766950347, 0.000185830809642, 0.000165074787219, 9.8923308542e-05, 6.5088395786e-05, 1.14730273708e-05],
        "dvar": [9.04749981601e-08, 0.000297694728943, 3.15334436891e-05, 2.3281756512e-05, 6.26014007139e-05, 7.45306078898e-06, 3.34514379574e-06, 1.69575093878e-06, 5.41538111065e-06, 8.23037510145e-07, 4.36414893557e-06, 1.78624736691e-06, 2.38697066379e-06, 1.82228268386e-06, 2.83232770926e-06, 7.85050531249e-07, 4.98310157582e-07, 2.80348842807e-07, 1.25981372889e-07, 1.43398310115e-07, 1.83771817319e-07, 1.06019840018e-07, 6.40796926632e-08, 1.01814819686e-07, 1.99755341157e-08, 7.91503484976e-09, 5.71847569297e-10],
        "dvar2": [2.31066607626e-07, 0.000754121632781, 9.1473935754e-05, 6.38989949948e-05, 0.000175226843567, 1.78329955816e-05, 7.73542433308e-06, 4.14671603721e-06, 1.379812511e-05, 1.91467643162e-06, 9.62181002251e-06, 4.34690628026e-06, 5.45626107851e-06, 4.19258776674e-06, 6.81053597873e-06, 1.70669102317e-06, 1.32161835609e-06, 6.95697906394e-07, 3.32311316242e-07, 3.90427828734e-07, 5.11400344294e-07, 2.87499261731e-07, 1.40365315815e-07, 2.17450548234e-07, 4.11220746344e-08, 1.84468831321e-08, 1.28228827556e-09],
        "max": [0.00359835848212, 0.138967379928, 0.0558516420424, 0.0558300465345, 0.0761508792639, 0.0506158955395, 0.0392956547439, 0.0187726803124, 0.0484756566584, 0.0169058013707, 0.0386020690203, 0.0203409343958, 0.0337719582021, 0.0256269909441, 0.0316297411919, 0.0186622515321, 0.0146212354302, 0.0099001256749, 0.0045800358057, 0.00534084672108, 0.00564742414281, 0.00392707390711, 0.00549945561215, 0.00583686167374, 0.00345669430681, 0.00141958449967, 0.000508194207214],
        "mean": [0.000451979285572, 0.0103017035872, 0.00541232293472, 0.00376937282272, 0.00326996133663, 0.0015634970041, 0.000872283184435, 0.00084000825882, 0.00122014444787, 0.00069329579128, 0.0012440844439, 0.000885771703906, 0.000979357864708, 0.000908157671802, 0.00099419686012, 0.000801249407232, 0.000729890074581, 0.000486392935272, 0.000411847286159, 0.000368475972209, 0.000334926822688, 0.000288280512905, 0.000214970394154, 0.000205859265407, 0.000129506312078, 7.87104800111e-05, 1.16270666695e-05],
        "median": [0.000188827136299, 0.00547427404672, 0.00391437066719, 0.00218113954179, 0.00142225378659, 0.00045697420137, 0.000273906101938, 0.000280533538898, 0.000370193069102, 0.000250195909757, 0.000244919501711, 0.000321491388604, 0.000280470820144, 0.000359940546332, 0.000321666331729, 0.000453583081253, 0.000496064545587, 0.000249245262239, 0.000258574407781, 0.000255316175753, 0.000131307402626, 0.000128893894725, 8.54404570418e-05, 6.29944697721e-05, 4.20933320129e-05, 1.42596554724e-05, 1.89683419194e-06],
        "min": [1.08088253952e-23, 6.8039521288e-24, 5.26438594262e-24, 2.15480630034e-24, 1.25451745119e-23, 2.98414342195e-23, 2.83620518095e-23, 5.48102513323e-23, 3.75047035764e-23, 3.59795009696e-23, 6.15795551124e-23, 5.8670122498e-23, 1.03516776607e-22, 8.64077277921e-23, 6.00037455008e-23, 1.02945489851e-22, 1.46778994122e-22, 2.91330876137e-22, 2.85374383079e-22, 2.1780356192e-22, 3.65024671559e-22, 4.11673614091e-22, 4.94256824307e-22, 7.65109704382e-22, 1.16250450695e-21, 1.75718082538e-21, 2.28283754489e-21],
        "var": [3.23582327155e-07, 0.000270397256827, 3.00972478726e-05, 2.44465099968e-05, 4.859872206e-05, 1.1158772395e-05, 4.22545281253e-06, 2.50754919762e-06, 6.53681718177e-06, 1.80981373887e-06, 1.03261836557e-05, 3.27716134052e-06, 5.40851533515e-06, 3.50081154465e-06, 4.41639167548e-06, 2.23637744057e-06, 9.75168291006e-07, 5.64375056911e-07, 2.045919274e-07, 1.73684853166e-07, 1.94230267425e-07, 1.4185944508e-07, 1.64797782531e-07, 2.53099727843e-07, 5.49512684245e-08, 1.81322441506e-08, 9.14121445206e-10]
    },
    "erbbands": {
        "dmean": [0.242765083909, 2.13549590111, 3.95640397072, 7.32170391083, 10.0092630386, 8.25468826294, 7.06328392029, 9.24540710449, 9.30477046967, 8.44241333008, 13.6110124588, 20.1393604279, 15.4534654617, 15.1729593277, 29.1324615479, 23.079252243, 26.473897934, 32.1309776306, 28.8503131866, 28.034576416, 20.8972797394, 20.2224254608, 15.8328809738, 11.9767923355, 10.7609262466, 10.5280847549, 9.240234375, 7.73335027695, 5.92479848862, 4.81746530533, 3.19060087204, 2.5271999836, 1.63667392731, 0.83453309536, 0.45009753108, 0.209340021014, 0.0714032351971, 0.0122373513877, 0.00146045186557, 5.31929254066e-05],
        "dmean2": [0.41653624177, 3.59836626053, 6.76545953751, 12.6886920929, 17.1850357056, 14.1929235458, 11.5246038437, 14.7819185257, 14.6304683685, 13.2163381577, 21.0467510223, 32.3110466003, 25.2259902954, 23.0602626801, 42.8127365112, 36.2716331482, 40.44272995, 49.599319458, 44.5874938965, 43.3173141479, 32.8499069214, 33.1942825317, 26.138130188, 20.2591266632, 18.1267375946, 18.1308307648, 16.5459499359, 13.3578805923, 9.92038345337, 7.93406629562, 5.01267194748, 4.01795864105, 2.52255415916, 1.28436493874, 0.704779088497, 0.333600640297, 0.113347858191, 0.0188747979701, 0.00229699723423, 8.30665667308e-05],
        "dvar": [0.170365035534, 17.6401901245, 42.230922699, 115.637214661, 878.003662109, 486.320953369, 254.507766724, 752.057739258, 753.982116699, 749.650756836, 1197.00866699, 4245.47705078, 1289.69934082, 1216.29614258, 8336.33886719, 3761.02905273, 4253.69775391, 4825.23730469, 5139.97412109, 5936.13183594, 1387.10009766, 1456.20300293, 857.178222656, 348.036376953, 339.611663818, 351.242248535, 383.706451416, 242.17388916, 140.878936768, 76.9273147583, 52.8835487366, 61.7557563782, 22.4497680664, 4.39591407776, 0.833066880703, 0.187679246068, 0.0273234192282, 0.000941946113016, 2.9275101042e-05, 2.18325553192e-08],
        "dvar2": [0.452631413937, 44.4401473999, 118.46546936, 327.492370605, 2402.03540039, 1332.89367676, 599.736816406, 1868.9810791, 1838.74328613, 1563.53222656, 2896.86938477, 11127.5107422, 3246.59228516, 2688.94238281, 17254.2773438, 9075.01464844, 9492.91699219, 10735.3671875, 11649.078125, 15349.6552734, 3191.53393555, 3680.61157227, 2134.17993164, 934.721862793, 899.843017578, 954.73248291, 1082.5390625, 657.111450195, 379.255432129, 197.216201782, 112.754714966, 136.666595459, 46.1592254639, 9.45488643646, 1.7948372364, 0.442203700542, 0.06340251863, 0.00207622023299, 6.96353599778e-05, 4.97522769649e-08],
        "max": [3.37655448914, 34.1832847595, 61.2533798218, 118.34576416, 320.588226318, 203.690048218, 262.856628418, 542.511657715, 673.386657715, 638.143676758, 710.870544434, 1484.45288086, 666.186462402, 729.11517334, 1664.50036621, 989.765686035, 1618.82727051, 1267.87548828, 1303.91259766, 1564.94030762, 771.309631348, 644.726501465, 503.777008057, 269.168304443, 303.619171143, 269.162994385, 299.981262207, 190.306335449, 160.178710938, 114.449310303, 167.034591675, 162.841567993, 90.3960800171, 49.9816398621, 24.3043365479, 7.41890907288, 2.98623275757, 0.542416751385, 0.137289851904, 0.00359049090184],
        "mean": [0.287167072296, 2.35850548744, 5.84650182724, 10.6964559555, 12.0315647125, 10.5160903931, 10.2213773727, 12.78901577, 12.9880647659, 12.881064415, 23.6902866364, 28.4446983337, 23.8839302063, 28.9370861053, 49.613948822, 41.0943527222, 45.074382782, 53.4859275818, 49.2391967773, 47.9381790161, 43.5217132568, 39.949016571, 28.322681427, 22.3564414978, 19.9564170837, 17.4648685455, 13.8723449707, 12.840555191, 10.0379886627, 8.5480222702, 5.91334438324, 4.62483882904, 3.18818902969, 1.6339148283, 0.859747588634, 0.402141869068, 0.131811246276, 0.0218748059124, 0.00228255428374, 0.000107415238745],
        "median": [0.164462968707, 1.19729614258, 4.2904214859, 7.55839300156, 5.91389417648, 4.12417316437, 3.43509554863, 3.51567435265, 4.31549739838, 4.83722543716, 8.09947967529, 9.67924404144, 8.85081577301, 10.6739606857, 10.3623800278, 15.4143953323, 15.5580320358, 21.5438365936, 20.143737793, 20.1917438507, 28.6280708313, 26.6486473083, 16.4129676819, 12.5274324417, 14.2282953262, 11.9512653351, 6.80338001251, 5.03449773788, 4.70177268982, 3.4150083065, 2.16490697861, 1.26776683331, 1.06880867481, 0.570088088512, 0.267920017242, 0.0910296067595, 0.0208183042705, 0.00332303415053, 0.000399895827286, 5.71480959479e-05],
        "min": [1.1795632643e-22, 1.9576990186e-21, 7.57299683546e-21, 5.44297525419e-21, 8.70483776114e-20, 3.77812579897e-20, 1.40683634484e-19, 2.74855470542e-19, 5.80232509819e-19, 1.08605691821e-18, 9.21414061911e-19, 1.03706507848e-18, 8.62940457614e-19, 1.50561522921e-18, 2.13895444042e-18, 2.33165133399e-18, 4.39499216064e-18, 4.65038955144e-18, 2.50867336175e-18, 6.69740265998e-18, 7.12371004099e-18, 1.00238673071e-17, 1.56189947254e-17, 1.15064586878e-17, 1.67531007043e-17, 1.19750168001e-17, 1.39540720583e-17, 1.37834139445e-17, 1.47614797455e-17, 1.35572313322e-17, 1.4807596719e-17, 1.5115794289e-17, 1.43677814786e-17, 1.11007836728e-17, 8.88757922585e-18, 5.43684268576e-18, 3.25636750091e-18, 1.22292677186e-18, 2.79408996416e-19, 3.46704061893e-20],
        "var": [0.158868297935, 15.745426178, 37.2477836609, 119.368362427, 683.04675293, 502.430267334, 458.151062012, 979.444763184, 867.107543945, 1015.4473877, 2135.27246094, 4221.76171875, 2487.73608398, 3359.30102539, 20617.6777344, 6735.36767578, 10362.4960938, 10339.4179688, 9326.88964844, 10087.9716797, 4207.09521484, 2940.36791992, 1732.8182373, 662.956726074, 474.027709961, 421.350494385, 341.941986084, 295.240966797, 180.370361328, 137.621643066, 144.540542603, 142.906280518, 55.2069320679, 11.012178421, 2.10569739342, 0.436723619699, 0.0564058274031, 0.0019661183469, 3.89524575439e-05, 3.12147179216e-08]
    },
    "gfcc": {
        "mean": [25.035697937, 83.4296951294, -103.421974182, 43.7060432434, -40.8645973206, 23.8493442535, -29.4030017853, 10.0337705612, -22.2713909149, 3.22556638718, -18.9860076904, -2.055300951, -12.8589944839],
        "cov": [[8075.10986328, -1643.57739258, -1306.50073242, -345.325378418, -338.001434326, 55.2407608032, -491.575958252, 79.3234710693, -317.28012085, 33.3425712585, -282.953033447, 155.773620605, -236.029006958], [-1643.57739258, 1224.21179199, 93.9711151123, 31.807264328, 138.949523926, -61.635684967, 145.931442261, -52.7951393127, 94.7476196289, -16.655670166, 77.8740386963, -115.551216125, 106.566986084], [-1306.50073242, 93.9711151123, 884.601989746, -72.1758117676, -78.4534988403, -0.721093595028, 41.5544204712, 45.8566474915, -11.5945129395, 20.0234069824, 101.967712402, 31.2368450165, -12.2123060226], [-345.325378418, 31.807264328, -72.1758117676, 497.015869141, 60.6347236633, -14.9098072052, 45.4397544861, -77.0314102173, 91.4898147583, -25.2578525543, -4.31937265396, -50.0449714661, 73.1758728027], [-338.001434326, 138.949523926, -78.4534988403, 60.6347236633, 251.687911987, 18.7430896759, 16.3962936401, -1.32165956497, 71.5719909668, 6.33594655991, -8.64955329895, -16.2287158966, 38.4827880859], [55.2407608032, -61.635684967, -0.721093595028, -14.9098072052, 18.7430896759, 160.418579102, 76.4231567383, 12.3088684082, -11.742231369, -7.82762241364, 10.0939846039, 0.592414557934, -22.7638816833], [-491.575958252, 145.931442261, 41.5544204712, 45.4397544861, 16.3962936401, 76.4231567383, 206.84954834, 15.7197284698, 9.19057178497, -8.22922325134, 34.211517334, -7.72628498077, -9.85244941711], [79.3234710693, -52.7951393127, 45.8566474915, -77.0314102173, -1.32165956497, 12.3088684082, 15.7197284698, 96.0166854858, 17.0118293762, 10.2448854446, -3.42995500565, 10.2421455383, -17.9150657654], [-317.28012085, 94.7476196289, -11.5945129395, 91.4898147583, 71.5719909668, -11.742231369, 9.19057178497, 17.0118293762, 118.66003418, 10.384428978, -4.65073013306, -25.7283401489, 31.8566513062], [33.3425712585, -16.655670166, 20.0234069824, -25.2578525543, 6.33594655991, -7.82762241364, -8.22922325134, 10.2448854446, 10.384428978, 67.9748382568, 17.6923236847, 5.57783222198, -4.35069465637], [-282.953033447, 77.8740386963, 101.967712402, -4.31937265396, -8.64955329895, 10.0939846039, 34.211517334, -3.42995500565, -4.65073013306, 17.6923236847, 82.9715881348, 21.9294223785, 4.61184120178], [155.773620605, -115.551216125, 31.2368450165, -50.0449714661, -16.2287158966, 0.592414557934, -7.72628498077, 10.2421455383, -25.7283401489, 5.57783222198, 21.9294223785, 90.5375976562, -1.33434677124], [-236.029006958, 106.566986084, -12.2123060226, 73.1758728027, 38.4827880859, -22.7638816833, -9.85244941711, -17.9150657654, 31.8566513062, -4.35069465637, 4.61184120178, -1.33434677124, 75.100440979]],
        "icov": [[0.000355556578143, 9.56921358011e-05, 0.000517316511832, -0.000159478615387, 0.000324809399899, -0.000368763197912, 0.000759892398492, -0.000589956529438, 0.000639594683889, -0.00038920994848, 0.000426378741395, -0.000453116110293, 0.000573839643039], [9.56921358011e-05, 0.00189605623018, 4.81138667965e-05, 0.00113669328857, -0.000535911705811, 0.00128068495542, -0.0015398550313, 0.00120360008441, -0.000706304155756, 0.000866417016368, -0.00177759735379, 0.00263847457245, -0.00223574205302], [0.000517316511832, 4.81138667965e-05, 0.00216175196692, -0.000211851147469, 0.000876799109392, -0.000457918795291, 0.00117127678823, -0.00161909416784, 0.000876529433299, -0.000441666779807, -0.00107675301842, -0.000697200302966, 0.000951199035626], [-0.000159478615387, 0.00113669328857, -0.000211851147469, 0.00414492096752, -0.000245912262471, 0.00116383319255, -0.00241743633524, 0.00388669129461, -0.00335798435844, 0.00162153330166, -0.00116474123206, 0.00256858952343, -0.00346301053651], [0.000324809399899, -0.000535911705811, 0.000876799109392, -0.000245912262471, 0.00578736001626, -0.00184576329775, 0.00100951932836, -0.000453180779004, -0.00208078348078, -0.00118896050844, 0.00144827156328, -0.0013726183679, -0.00063677720027], [-0.000368763197912, 0.00128068495542, -0.000457918795291, 0.00116383319255, -0.00184576329775, 0.0095775835216, -0.00488852337003, 0.00117019633763, -0.000339208490914, 0.00197646557353, -0.0022000966128, 0.00243809400126, -0.000261199427769], [0.000759892398492, -0.0015398550313, 0.00117127678823, -0.00241743633524, 0.00100951932836, -0.00488852337003, 0.0101543227211, -0.0042512207292, 0.00223555904813, -0.00048804085236, -0.000523296184838, -0.00259500020184, 0.00444763759151], [-0.000589956529438, 0.00120360008441, -0.00161909416784, 0.00388669129461, -0.000453180779004, 0.00117019633763, -0.0042512207292, 0.0170890316367, -0.00717120943591, 0.000427009392297, 0.000685316335876, 0.00063617475098, -0.000470768398372], [0.000639594683889, -0.000706304155756, 0.000876529433299, -0.00335798435844, -0.00208078348078, -0.000339208490914, 0.00223555904813, -0.00717120943591, 0.016372134909, -0.00358881079592, 0.00171077123377, 0.00091137358686, -0.00126875098795], [-0.00038920994848, 0.000866417016368, -0.000441666779807, 0.00162153330166, -0.00118896050844, 0.00197646557353, -0.00048804085236, 0.000427009392297, -0.00358881079592, 0.0180831104517, -0.00622056843713, 0.00188279733993, 0.000127070277813], [0.000426378741395, -0.00177759735379, -0.00107675301842, -0.00116474123206, 0.00144827156328, -0.0022000966128, -0.000523296184838, 0.000685316335876, 0.00171077123377, -0.00622056843713, 0.0203592590988, -0.00716932071373, 0.00104439421557], [-0.000453116110293, 0.00263847457245, -0.000697200302966, 0.00256858952343, -0.0013726183679, 0.00243809400126, -0.00259500020184, 0.00063617475098, 0.00091137358686, 0.00188279733993, -0.00716932071373, 0.0180874839425, -0.00604638876393], [0.000573839643039, -0.00223574205302, 0.000951199035626, -0.00346301053651, -0.00063677720027, -0.000261199427769, 0.00444763759151, -0.000470768398372, -0.00126875098795, 0.000127070277813, 0.00104439421557, -0.00604638876393, 0.0229127276689]]
    },
    "melbands": {
        "dmean": [0.00239315372892, 0.00222395150922, 0.00131918198895, 0.000657055701595, 0.000253844831605, 0.000207066230359, 0.000139429350384, 8.98267462617e-05, 0.0001198902537, 0.000129105465021, 7.45997822378e-05, 5.90426207054e-05, 9.08453002921e-05, 6.57760901959e-05, 5.281607082e-05, 7.20435418771e-05, 6.43847306492e-05, 4.71381063107e-05, 4.83844269183e-05, 3.78104887204e-05, 2.46257222898e-05, 2.48726137215e-05, 1.81571303983e-05, 1.15607053885e-05, 1.03327056422e-05, 8.81633513927e-06, 7.80457139626e-06, 7.33761862648e-06, 6.29165288046e-06, 4.86837279823e-06, 4.75778460896e-06, 3.48405683326e-06, 3.4025451896e-06, 2.50649168265e-06, 2.01043053494e-06, 1.82077872068e-06, 1.53456551288e-06, 1.28159422275e-06, 9.66238076217e-07, 6.58661690522e-07],
        "dmean2": [0.00404257094488, 0.00370186194777, 0.00225390377454, 0.00114221288823, 0.000416200025938, 0.00032929549343, 0.000216884407564, 0.000141859869473, 0.000184011514648, 0.00020825296815, 0.000121929952002, 8.99701044546e-05, 0.000135198424687, 0.000100509656477, 8.42436420498e-05, 0.000108997330244, 9.97296810965e-05, 7.3659910413e-05, 7.44575736462e-05, 5.84909976169e-05, 3.98347074224e-05, 4.11242435803e-05, 3.0216837331e-05, 1.93303276319e-05, 1.75023360498e-05, 1.48566277858e-05, 1.31985552798e-05, 1.26646455101e-05, 1.1301853192e-05, 8.506021004e-06, 8.19446813694e-06, 5.87677095609e-06, 5.73285160499e-06, 4.1383405005e-06, 3.16565228786e-06, 2.9038133107e-06, 2.43623412644e-06, 2.00480030799e-06, 1.51443043706e-06, 1.02447427253e-06],
        "dvar": [1.96517885342e-05, 1.48563785842e-05, 4.67244171887e-06, 4.17005094278e-06, 2.72172485438e-07, 3.33195913527e-07, 1.53262277536e-07, 7.20627610917e-08, 9.35774053801e-08, 1.62258871228e-07, 3.09567518286e-08, 1.86618294151e-08, 7.77620954295e-08, 2.54103103003e-08, 1.86441830863e-08, 3.64373207162e-08, 2.27871552738e-08, 1.54468224878e-08, 1.71300449381e-08, 7.58543539092e-09, 2.11941664219e-09, 2.20737117473e-09, 1.31938115988e-09, 4.2413139667e-10, 2.59107929557e-10, 2.17537238223e-10, 1.47044751375e-10, 1.89534610229e-10, 1.82095380441e-10, 8.68595056991e-11, 9.39387456711e-11, 4.83992117217e-11, 4.55302982816e-11, 2.06936325714e-11, 1.82215336569e-11, 3.11907513706e-11, 2.3699696719e-11, 1.47905888925e-11, 5.8598629421e-12, 2.70764530588e-12],
        "dvar2": [5.05507196067e-05, 3.86336869269e-05, 1.29024283524e-05, 1.16435830932e-05, 6.59365809952e-07, 8.1084527892e-07, 3.6614122223e-07, 1.50224622075e-07, 2.20881105406e-07, 4.23475256639e-07, 7.75637900574e-08, 4.07968698823e-08, 1.6798604463e-07, 5.68575728721e-08, 4.38971916594e-08, 8.45447090114e-08, 5.00117600666e-08, 3.68917625337e-08, 4.24813819677e-08, 1.68868687922e-08, 5.19325560333e-09, 5.69218894242e-09, 3.28582516751e-09, 1.06909470166e-09, 7.07593261762e-10, 5.74519376517e-10, 3.95476595916e-10, 5.17904996666e-10, 5.15670395274e-10, 2.40105213489e-10, 2.54103377229e-10, 1.29019989137e-10, 1.25754615055e-10, 5.04699684822e-11, 3.95404368969e-11, 7.3394360034e-11, 5.27515739424e-11, 3.22217495741e-11, 1.22380707998e-11, 5.9902144009e-12],
        "max": [0.0351551286876, 0.0380727387965, 0.0228080414236, 0.0198826678097, 0.00784134492278, 0.0110664227977, 0.00916742160916, 0.00568065792322, 0.00683687441051, 0.00855810847133, 0.0032954227645, 0.00269402028061, 0.00525835808367, 0.00243992079049, 0.0028501576744, 0.0044508734718, 0.0029205379542, 0.00236747926101, 0.00240202690475, 0.00184712233022, 0.00118154543452, 0.000808928802144, 0.000743568292819, 0.00037036818685, 0.000220578061999, 0.000225412848522, 0.000147947968799, 0.000189176455024, 0.000213128936593, 0.000120599121146, 0.000140217889566, 9.4993491075e-05, 8.59435313032e-05, 7.458600885e-05, 0.000114394752018, 0.000112929257739, 0.000112368208647, 7.28449449525e-05, 5.29230455868e-05, 3.9038281102e-05],
        "mean": [0.00278573832475, 0.00315831764601, 0.00192015070934, 0.000809617398772, 0.000372696784325, 0.000293505523587, 0.000196820663405, 0.0001381226175, 0.000204513358767, 0.000178422691533, 0.000112562855065, 0.000105917199107, 0.000153110740939, 0.000116269744467, 8.67217167979e-05, 0.000112915338832, 9.83068530331e-05, 7.40680989111e-05, 7.27898586774e-05, 6.52248563711e-05, 4.60417177237e-05, 4.47377569799e-05, 3.10895375151e-05, 1.94800959434e-05, 1.79799390025e-05, 1.50817895701e-05, 1.34066840474e-05, 1.10956571007e-05, 8.54973677633e-06, 7.8448538261e-06, 7.3647888712e-06, 5.5780474213e-06, 5.46707087778e-06, 4.38391134594e-06, 3.52018287231e-06, 3.02599778479e-06, 2.73149680652e-06, 2.33328410104e-06, 1.81069253813e-06, 1.22061226193e-06],
        "median": [0.0015246856492, 0.00217275531031, 0.00133403844666, 0.000362747814506, 0.000138890405651, 8.28053744044e-05, 6.37495031697e-05, 5.16913823958e-05, 6.29353016848e-05, 5.4883716075e-05, 3.85493367503e-05, 3.64813349734e-05, 3.02023927361e-05, 3.44134496117e-05, 3.60141821147e-05, 2.92801578325e-05, 3.64624684153e-05, 2.8706735975e-05, 2.35383304243e-05, 3.04792665702e-05, 3.04292516375e-05, 2.96173238894e-05, 1.55395046022e-05, 1.13238993436e-05, 8.87278201844e-06, 1.00756706161e-05, 9.44762541621e-06, 7.1866916187e-06, 4.33738387073e-06, 2.87432771984e-06, 2.89361491923e-06, 2.64632990365e-06, 2.16162152356e-06, 1.75321122242e-06, 1.36314747579e-06, 7.54320240048e-07, 7.31636134788e-07, 7.12203416242e-07, 6.49841467748e-07, 3.81124777959e-07],
        "min": [2.22273353517e-24, 3.53392567257e-24, 1.83912507088e-24, 3.68358757465e-24, 4.71905468188e-24, 6.12220315172e-24, 7.49696485632e-24, 1.65468181818e-23, 7.27963998782e-24, 5.19002949142e-24, 4.37127706878e-24, 5.98097614487e-24, 8.47786763803e-24, 4.87685171205e-24, 8.28265927386e-24, 1.02894977509e-23, 8.77223029595e-24, 4.05201480524e-24, 5.40591468877e-24, 9.43286422761e-24, 7.25842199605e-24, 8.21858799114e-24, 1.52475185169e-23, 1.32192774547e-23, 8.44911996892e-24, 9.49003061083e-24, 1.08912455826e-23, 7.6099628701e-24, 8.44824827762e-24, 9.34724363154e-24, 6.65712223737e-24, 8.42159108991e-24, 7.90233286538e-24, 7.22455540853e-24, 7.48034829021e-24, 8.58146874071e-24, 8.97969755858e-24, 9.78113842866e-24, 8.97129145677e-24, 8.77608703691e-24],
        "var": [1.80075094249e-05, 1.37427468871e-05, 4.59677494291e-06, 3.17355352308e-06, 4.80177106965e-07, 4.54966567531e-07, 1.88299054571e-07, 1.02943907621e-07, 1.85058937063e-07, 1.69141898709e-07, 6.00113025939e-08, 5.04775918841e-08, 1.80273715955e-07, 5.99438934046e-08, 3.35386651784e-08, 8.44121643695e-08, 4.69457184238e-08, 2.62524508798e-08, 2.60407979624e-08, 1.99436485104e-08, 5.24624432785e-09, 3.97377952766e-09, 2.73097411352e-09, 6.64158894548e-10, 4.75249839482e-10, 3.01254604596e-10, 2.13546888506e-10, 2.0624484065e-10, 1.48090789631e-10, 1.06182694581e-10, 1.07922060177e-10, 6.04341091059e-11, 5.75101806455e-11, 4.04751926419e-11, 4.73859493311e-11, 6.33829932983e-11, 5.35415357883e-11, 3.30583581343e-11, 1.41460428441e-11, 6.41267551213e-12]
    },
    "mfcc": {
        "mean": [-621.77532959, 113.077560425, 3.84834861755, 30.3565940857, 13.7434101105, 17.7470016479, 7.44475650787, 8.44104671478, 5.56065559387, 4.39225387573, 1.07229959965, 0.275656431913, 0.946424126625],
        "cov": [[7058.62988281, -1639.52807617, -1177.5189209, -486.475769043, -133.362365723, -191.208007812, -241.281326294, -87.4016418457, -129.950866699, -188.607940674, -62.735584259, -103.914291382, -220.245376587], [-1639.52807617, 1163.77868652, 112.494171143, 3.16227936745, 27.8474082947, -7.71718549728, 73.780456543, -16.8606472015, 34.4952545166, 49.3214645386, 12.0812501907, 15.6409044266, 94.9270706177], [-1177.5189209, 112.494171143, 753.087524414, 15.3516216278, -53.9921646118, -40.5157928467, 72.8078231812, 18.0252189636, -58.1911277771, 10.0732774734, -3.38157820702, 58.809173584, 31.6808662415], [-486.475769043, 3.16227936745, 15.3516216278, 377.016845703, 53.3523788452, 93.0702133179, -41.9509887695, -14.563615799, 54.1395797729, 22.065076828, -1.8715826273, -4.31514644623, 7.52645778656], [-133.362365723, 27.8474082947, -53.9921646118, 53.3523788452, 207.309265137, 12.5460214615, -47.8416824341, -21.756860733, 36.6093711853, 32.7689704895, -23.5216808319, -8.65773582458, 6.50282287598], [-191.208007812, -7.71718549728, -40.5157928467, 93.0702133179, 12.5460214615, 174.046356201, 43.0764465332, 30.7495880127, 24.2786178589, 16.8982086182, 29.8404598236, -10.7996826172, -3.22199082375], [-241.281326294, 73.780456543, 72.8078231812, -41.9509887695, -47.8416824341, 43.0764465332, 141.828201294, 44.968460083, -10.3230209351, -1.56812858582, 25.9478740692, 19.4826908112, 17.2085800171], [-87.4016418457, -16.8606472015, 18.0252189636, -14.563615799, -21.756860733, 30.7495880127, 44.968460083, 113.366241455, 16.5090503693, 3.39976429939, 20.8491020203, 4.95850563049, 10.5503091812], [-129.950866699, 34.4952545166, -58.1911277771, 54.1395797729, 36.6093711853, 24.2786178589, -10.3230209351, 16.5090503693, 96.0043563843, 38.4634208679, 3.46341204643, -7.44861030579, 5.31079244614], [-188.607940674, 49.3214645386, 10.0732774734, 22.065076828, 32.7689704895, 16.8982086182, -1.56812858582, 3.39976429939, 38.4634208679, 90.1738128662, 20.1844902039, -1.00869274139, -1.72138059139], [-62.735584259, 12.0812501907, -3.38157820702, -1.8715826273, -23.5216808319, 29.8404598236, 25.9478740692, 20.8491020203, 3.46341204643, 20.1844902039, 69.3549880981, 13.5130720139, 2.5248541832], [-103.914291382, 15.6409044266, 58.809173584, -4.31514644623, -8.65773582458, -10.7996826172, 19.4826908112, 4.95850563049, -7.44861030579, -1.00869274139, 13.5130720139, 65.4432296753, 23.9240970612], [-220.245376587, 94.9270706177, 31.6808662415, 7.52645778656, 6.50282287598, -3.22199082375, 17.2085800171, 10.5503091812, 5.31079244614, -1.72138059139, 2.5248541832, 23.9240970612, 69.7663726807]],
