{
"lowlevel": {
    "average_loudness": 0.915279865265,
    "barkbands_crest": {
        "dmean": 2.60975074768,
        "dmean2": 4.28274059296,
        "dvar": 7.40230607986,
        "dvar2": 19.1493244171,
        "max": 25.2522907257,
        "mean": 9.83278274536,
        "median": 8.73546504974,
        "min": 2.85320615768,
        "var": 18.505241394
    },
    "barkbands_flatness_db": {
        "dmean": 0.0213604345918,
        "dmean2": 0.0318871624768,
        "dvar": 0.000669528439175,
        "dvar2": 0.00140607182402,
        "max": 0.458956241608,
        "mean": 0.12171241641,
        "median": 0.0995207950473,
        "min": 0.0207876320928,
        "var": 0.00598916364834
    },
    "barkbands_kurtosis": {
        "dmean": 2.18835091591,
        "dmean2": 3.57829022408,
        "dvar": 20.3050804138,
        "dvar2": 52.2422828674,
        "max": 72.9019241333,
        "mean": 2.21678161621,
        "median": 0.264877557755,
        "min": -1.84088230133,
        "var": 33.4561653137
    },
    "barkbands_skewness": {
        "dmean": 0.529787778854,
        "dmean2": 0.813357949257,
        "dvar": 0.382627546787,
        "dvar2": 0.966111421585,
        "max": 7.20119571686,
        "mean": 1.09343504906,
        "median": 0.935303270817,
        "min": -2.2108528614,
        "var": 0.910972654819
    },
    "barkbands_spread": {
        "dmean": 6.6633181572,
        "dmean2": 10.3792982101,
        "dvar": 99.1007995605,
        "dvar2": 198.1378479,
        "max": 97.7517318726,
        "mean": 28.7098007202,
        "median": 26.3556251526,
        "min": 0.339714944363,
        "var": 366.820129395
    },
    "dissonance": {
        "dmean": 0.0194231513888,
        "dmean2": 0.0319894514978,
        "dvar": 0.000587210757658,
        "dvar2": 0.00146842829417,
        "max": 0.499624878168,
        "mean": 0.458360522985,
        "median": 0.471479088068,
        "min": 0.165711641312,
        "var": 0.00193451321684
    },
    "dynamic_complexity": 2.33410143852,
    "erbbands_crest": {
        "dmean": 3.07330346107,
        "dmean2": 4.93652439117,
        "dvar": 9.16233539581,
        "dvar2": 23.2814121246,
        "max": 30.3442230225,
        "mean": 10.4920253754,
        "median": 9.40898323059,
        "min": 1.98381435871,
        "var": 28.8092937469
    },
    "erbbands_flatness_db": {
        "dmean": 0.0186205171049,
        "dmean2": 0.0265974849463,
        "dvar": 0.000432174652815,
        "dvar2": 0.000808808137663,
        "max": 0.401468485594,
        "mean": 0.156922549009,
        "median": 0.137957721949,
        "min": 0.0312377884984,
        "var": 0.00496196979657
    },
    "erbbands_kurtosis": {
        "dmean": 1.19095742702,
        "dmean2": 1.88359570503,
        "dvar": 4.21760225296,
        "dvar2": 10.409075737,
        "max": 34.2933540344,
        "mean": 1.13587200642,
        "median": 0.235766887665,
        "min": -1.54637038708,
        "var": 8.72569942474
    },
    "erbbands_skewness": {
        "dmean": 0.367597073317,
        "dmean2": 0.565741240978,
        "dvar": 0.150682464242,
        "dvar2": 0.349644511938,
        "max": 4.71949720383,
        "mean": 0.234646201134,
        "median": 0.159348040819,
        "min": -1.94661402702,
        "var": 0.650711834431
    },
    "erbbands_spread": {
        "dmean": 7.49992227554,
        "dmean2": 11.1072359085,
        "dvar": 70.9021682739,
        "dvar2": 137.938079834,
        "max": 110.288490295,
        "mean": 34.482624054,
        "median": 31.9132194519,
        "min": 2.20297574997,
        "var": 367.79788208
    },
    "hfc": {
        "dmean": 8.2770690918,
        "dmean2": 12.9400024414,
        "dvar": 178.321105957,
        "dvar2": 399.20425415,
        "max": 152.782928467,
        "mean": 33.2757110596,
        "median": 28.150894165,
        "min": 1.21130356904e-16,
        "var": 644.340759277
    },
    "melbands_crest": {
        "dmean": 2.94726419449,
        "dmean2": 4.79072904587,
        "dvar": 7.91898918152,
        "dvar2": 20.0112190247,
        "max": 32.2454376221,
        "mean": 13.7318439484,
        "median": 13.2467679977,
        "min": 2.1509180069,
        "var": 22.7186584473
    },
    "melbands_flatness_db": {
        "dmean": 0.0271453596652,
        "dmean2": 0.0403892323375,
        "dvar": 0.00108054536395,
        "dvar2": 0.00225798226893,
        "max": 0.57614839077,
        "mean": 0.186879336834,
        "median": 0.167173340917,
        "min": 0.00602299068123,
        "var": 0.00726348161697
    },
    "melbands_kurtosis": {
        "dmean": 4.82261896133,
        "dmean2": 7.83713197708,
        "dvar": 67.7399215698,
        "dvar2": 179.659851074,
        "max": 114.797164917,
        "mean": 7.74408340454,
        "median": 4.57953977585,
        "min": -1.60051226616,
        "var": 96.6084976196
    },
    "melbands_skewness": {
        "dmean": 0.668447852135,
        "dmean2": 1.0223377943,
        "dvar": 0.57376152277,
        "dvar2": 1.42133724689,
        "max": 9.08952331543,
        "mean": 2.12080430984,
        "median": 1.93482160568,
        "min": -0.473111987114,
        "var": 1.63862121105
    },
    "melbands_spread": {
        "dmean": 8.2855348587,
        "dmean2": 12.6426315308,
        "dvar": 147.644332886,
        "dvar2": 299.401031494,
        "max": 158.220932007,
        "mean": 30.0700912476,
        "median": 28.6611614227,
        "min": 0.498854190111,
        "var": 425.724456787
    },
    "pitch_salience": {
        "dmean": 0.0685710832477,
        "dmean2": 0.110630318522,
        "dvar": 0.0043747453019,
        "dvar2": 0.0109699303284,
        "max": 0.8982655406,
        "mean": 0.543095946312,
        "median": 0.53793823719,
        "min": 0.11651520431,
        "var": 0.010475942865
    },
    "silence_rate_20dB": {
        "dmean": 0,
        "dmean2": 0,
        "dvar": 0,
        "dvar2": 0,
        "max": 1,
        "mean": 1,
        "median": 1,
        "min": 1,
        "var": 0
    },
    "silence_rate_30dB": {
        "dmean": 0.00464396271855,
        "dmean2": 0.00929152127355,
        "dvar": 0.00462235370651,
        "dvar2": 0.0138508258387,
        "max": 1,
        "mean": 0.997678935528,
        "median": 1,
        "min": 0,
        "var": 0.00231572287157
    },
    "silence_rate_60dB": {
        "dmean": 0.025928793475,
        "dmean2": 0.0518776625395,
        "dvar": 0.025255613029,
        "dvar2": 0.0507333055139,
        "max": 1,
        "mean": 0.0711798816919,
        "median": 0,
        "min": 0,
        "var": 0.0661126673222
    },
    "spectral_centroid": {
        "dmean": 240.163772583,
        "dmean2": 369.562896729,
        "dvar": 104923.625,
        "dvar2": 199304.84375,
        "max": 10976.0351562,
        "mean": 1454.63256836,
        "median": 1482.27697754,
        "min": 184.823867798,
        "var": 408636.28125
    },
    "spectral_complexity": {
        "dmean": 3.55185747147,
        "dmean2": 5.69066953659,
        "dvar": 13.7457838058,
        "dvar2": 31.5073223114,
        "max": 58,
        "mean": 24.7566738129,
        "median": 26,
        "min": 0,
        "var": 149.156051636
    },
    "spectral_decrease": {
        "dmean": 2.2878547945e-09,
        "dmean2": 3.66986396827e-09,
        "dvar": 1.50309636085e-17,
        "dvar2": 3.76636674155e-17,
        "max": 9.91924398358e-29,
        "mean": -7.47082129493e-09,
        "median": -7.00051661084e-09,
        "min": -3.94631669565e-08,
        "var": 2.89805176063e-17
    },
    "spectral_energy": {
        "dmean": 0.00901017896831,
        "dmean2": 0.0144240353256,
        "dvar": 0.000221178401262,
        "dvar2": 0.000553812657017,
        "max": 0.154084533453,
        "mean": 0.031214857474,
        "median": 0.0297166015953,
        "min": 1.06124962301e-20,
        "var": 0.000469108053949
    },
    "spectral_energyband_high": {
        "dmean": 0.000695344759151,
        "dmean2": 0.00106120575219,
        "dvar": 2.18836407839e-06,
        "dvar2": 4.59843840872e-06,
        "max": 0.016249012202,
        "mean": 0.00177947990596,
        "median": 0.000879006169271,
        "min": 7.94674999419e-21,
        "var": 5.66700100535e-06
    },
    "spectral_energyband_low": {
        "dmean": 0.0049516716972,
        "dmean2": 0.00830134749413,
        "dvar": 0.000153871806106,
        "dvar2": 0.00039140728768,
        "max": 0.133679643273,
        "mean": 0.0107806874439,
        "median": 0.00794120319188,
        "min": 9.62908170264e-23,
        "var": 0.0001959768706
    },
    "spectral_energyband_middle_high": {
        "dmean": 0.00244094082154,
        "dmean2": 0.00362982950173,
        "dvar": 1.02151097963e-05,
        "dvar2": 2.19998255488e-05,
        "max": 0.0482366420329,
        "mean": 0.00870983302593,
        "median": 0.00690974108875,
        "min": 1.17441996693e-21,
        "var": 5.59388827241e-05
    },
    "spectral_energyband_middle_low": {
        "dmean": 0.00497623067349,
        "dmean2": 0.0079265832901,
        "dvar": 8.23730515549e-05,
        "dvar2": 0.000214842963032,
        "max": 0.0909930542111,
        "mean": 0.0112611902878,
        "median": 0.00813888572156,
        "min": 4.28622233841e-22,
        "var": 0.00010989177099
    },
    "spectral_entropy": {
        "dmean": 0.177279800177,
        "dmean2": 0.253004103899,
        "dvar": 0.0694399476051,
        "dvar2": 0.129099443555,
        "max": 9.79411697388,
        "mean": 7.62082481384,
        "median": 7.82960700989,
        "min": 4.49582099915,
        "var": 0.510978937149
    },
    "spectral_flux": {
        "dmean": 0.0255660191178,
        "dmean2": 0.0394225604832,
        "dvar": 0.000817056978121,
        "dvar2": 0.00163419067394,
        "max": 0.318847626448,
        "mean": 0.0875696614385,
        "median": 0.0798967704177,
        "min": 1.03016969955e-10,
        "var": 0.00262250402011
    },
    "spectral_kurtosis": {
        "dmean": 2.28091526031,
        "dmean2": 3.74996852875,
        "dvar": 24.2352752686,
        "dvar2": 59.6488037109,
        "max": 79.1005935669,
        "mean": 6.2392821312,
        "median": 3.73324775696,
        "min": -1.15544199944,
        "var": 71.1931610107
    },
    "spectral_rms": {
        "dmean": 0.000717432703823,
        "dmean2": 0.00111996708438,
        "dvar": 8.22210154183e-07,
        "dvar2": 1.95298139261e-06,
        "max": 0.0122607657686,
        "mean": 0.00514011736959,
        "median": 0.00538440374658,
        "min": 3.21770951897e-12,
        "var": 4.0326335693e-06
    },
    "spectral_rolloff": {
        "dmean": 652.612976074,
        "dmean2": 1094.08337402,
        "dvar": 1955343.25,
        "dvar2": 3965818.5,
        "max": 19573.6816406,
        "mean": 1977.65686035,
        "median": 1571.92382812,
        "min": 86.1328125,
        "var": 3965500
    },
    "spectral_skewness": {
        "dmean": 0.26272302866,
        "dmean2": 0.421070218086,
        "dvar": 0.195065706968,
        "dvar2": 0.443352282047,
        "max": 7.19996976852,
        "mean": 1.72720193863,
        "median": 1.54031002522,
        "min": -0.041035041213,
        "var": 0.704697430134
    },
    "spectral_spread": {
        "dmean": 628890.4375,
        "dmean2": 879866.375,
        "dvar": 1.20429831782e+12,
        "dvar2": 1.67543557325e+12,
        "max": 39300128,
        "mean": 4903268,
        "median": 4748196,
        "min": 1011451.8125,
        "var": 4.7040299008e+12
    },
    "spectral_strongpeak": {
        "dmean": 0.777045965195,
        "dmean2": 1.3324483633,
        "dvar": 1.77944993973,
        "dvar2": 4.11293029785,
        "max": 12.2978420258,
        "mean": 1.3183709383,
        "median": 0.573303461075,
        "min": 0,
        "var": 2.76651859283
    },
    "zerocrossingrate": {
        "dmean": 0.0133275836706,
        "dmean2": 0.0153641300276,
        "dvar": 0.000417561619543,
        "dvar2": 0.000503546616528,
        "max": 0.509765625,
        "mean": 0.0751358121634,
        "median": 0.06494140625,
        "min": 0.00732421875,
        "var": 0.00242860685103
    },
    "barkbands": {
        "dmean": [8.51460499689e-05, 0.00369382160716, 0.00191800028551, 0.00120654155035, 0.00227190274745, 0.00107708771247, 0.000727460719645, 0.000774380052462, 0.00109399051871, 0.000582929293159, 0.000845322210807, 0.000279412633972, 0.000628886045888, 0.000416299735662, 0.00089282146655, 0.000410631910199, 0.000323767832015, 0.00019397334836, 0.00015118943702, 0.000151918880874, 0.000144631398143, 0.000147916885908, 0.00014821626246, 0.000202064955374, 0.000103743324871, 6.94931004546e-05, 2.71528224403e-05],
        "dmean2": [0.000135144480737, 0.00625404017046, 0.00328950770199, 0.0020526542794, 0.00382308172993, 0.00172648986336, 0.0011563875014, 0.00124049861915, 0.00162590760738, 0.000875349331181, 0.00114218425006, 0.000443152472144, 0.000924190273508, 0.00063795375172, 0.00135811499786, 0.000634026830085, 0.000519268796779, 0.000322661333485, 0.00025404850021, 0.000253165693721, 0.000247468036832, 0.000238250548136, 0.000227219759836, 0.000304380373564, 0.000155613437528, 0.000105580314994, 4.18051822635e-05],
        "dvar": [3.1785127419e-08, 0.000128626299556, 1.62974974955e-05, 6.80216362525e-06, 3.25285982399e-05, 7.13263216312e-06, 3.81736253985e-06, 5.10731297254e-06, 5.92452215642e-06, 1.4664057062e-06, 3.11473672809e-06, 3.209471231e-07, 1.6467132582e-06, 1.24576388316e-06, 3.75088802684e-06, 1.06676986888e-06, 3.77716304456e-07, 1.06322261217e-07, 7.03356946019e-08, 5.94323523728e-08, 8.51284696068e-08, 1.02940965974e-07, 1.29495234091e-07, 3.80544037171e-07, 6.63194725803e-08, 2.82835923571e-08, 8.21283308028e-09],
        "dvar2": [6.99215121358e-08, 0.000337844190653, 4.65819211968e-05, 1.87272016774e-05, 8.65264155436e-05, 1.69673658093e-05, 8.70122767083e-06, 1.27247576529e-05, 1.334186436e-05, 2.90989282803e-06, 5.08474113303e-06, 6.9248926593e-07, 3.28408100359e-06, 2.65928838417e-06, 8.66460231919e-06, 2.46881336352e-06, 8.69474376941e-07, 2.63170704784e-07, 1.86376297506e-07, 1.538535912e-07, 2.27577842793e-07, 2.43720194248e-07, 2.76816422229e-07, 8.31019008274e-07, 1.46188597228e-07, 5.98329989998e-08, 1.88929707434e-08],
        "max": [0.00312654860318, 0.107391357422, 0.0576157867908, 0.0317195244133, 0.055641528219, 0.0468277931213, 0.0426441282034, 0.0363375097513, 0.0314454287291, 0.0222756229341, 0.0385046824813, 0.0115647660568, 0.022497298196, 0.0334800183773, 0.0293352864683, 0.0237525552511, 0.0114505849779, 0.00512950820848, 0.0038296431303, 0.00273427087814, 0.00309684779495, 0.00504184421152, 0.00575467431918, 0.00927119888365, 0.005694469437, 0.00224021705799, 0.0014019170776],
        "mean": [0.000132895380375, 0.0050305458717, 0.00449549499899, 0.00205605709925, 0.00331153976731, 0.00150311097968, 0.000988012878224, 0.00105301116128, 0.00189795461483, 0.00108923704829, 0.00171537173446, 0.000508785014972, 0.001180306077, 0.000681473233271, 0.00145446148235, 0.000735791574698, 0.000696509086993, 0.000386387459002, 0.000342041021213, 0.000311421230435, 0.00027906143805, 0.000308452290483, 0.000308036745992, 0.000368078879546, 0.000214425832382, 0.000129249558086, 3.71212336177e-05],
        "median": [1.60348754434e-05, 0.0024127769284, 0.00257027172484, 0.00120539858472, 0.00155565491877, 0.00071595859481, 0.000404216436436, 0.000350871821865, 0.000457891350379, 0.000431767723057, 0.000507293269038, 0.000272794539342, 0.000428838277003, 0.000274663267191, 0.00040263441042, 0.000356258795364, 0.000452146079624, 0.000256299739704, 0.000260217580944, 0.000242829526542, 0.000146866368596, 0.000128904837766, 0.000104786799056, 0.000126621918753, 7.40819523344e-05, 3.00501233141e-05, 6.4994933382e-06],
        "min": [1.66417149932e-23, 4.61096614394e-23, 1.36718587889e-23, 2.94370546531e-23, 5.29016055275e-23, 8.1549291249e-23, 1.05987274392e-22, 4.85829612583e-23, 1.07781194578e-22, 1.29260084735e-22, 2.84699143388e-23, 1.09246241808e-22, 5.99789437139e-23, 9.00675122778e-23, 8.09675473522e-23, 1.11579073898e-22, 1.56487095075e-22, 1.21366654165e-22, 1.49629394697e-22, 2.63306573546e-22, 4.36723343089e-22, 5.15822842574e-22, 4.49041892062e-22, 9.82248300735e-22, 1.35410102412e-21, 1.65044968671e-21, 2.67958111438e-21],
        "var": [8.15613390159e-08, 0.000112180103315, 3.13395466947e-05, 7.9416868175e-06, 3.37141682394e-05, 8.64779030962e-06, 5.38767108083e-06, 5.55067390451e-06, 1.37413908305e-05, 4.01830902774e-06, 1.21328339446e-05, 7.65350193888e-07, 4.29677129432e-06, 2.18376658268e-06, 6.77447724229e-06, 2.30007412938e-06, 1.07654295789e-06, 2.0468220896e-07, 1.32648864337e-07, 1.0381188531e-07, 1.4668776771e-07, 2.03273060606e-07, 2.82800073137e-07, 6.96609731676e-07, 1.23900349536e-07, 5.23402654551e-08, 1.20675780479e-08]
    },
    "erbbands": {
        "dmean": [0.0880692005157, 0.904749453068, 2.02728414536, 3.10478878021, 6.44968795776, 7.96957397461, 7.06834888458, 10.1538228989, 9.12689304352, 14.6042385101, 14.9939622879, 27.9496898651, 19.2590656281, 16.325138092, 36.5061454773, 12.2163696289, 27.5745944977, 21.8310756683, 47.9465904236, 24.5800819397, 17.8232383728, 16.1885452271, 11.7465467453, 8.28044891357, 7.13064002991, 7.05372142792, 5.44930315018, 6.20520782471, 5.36641788483, 4.58345842361, 4.49582242966, 4.58100366592, 3.15902352333, 1.37718248367, 0.719495475292, 0.337904155254, 0.125131070614, 0.034238807857, 0.0052341427654, 0.000147569982801],
        "dmean2": [0.148420646787, 1.54038083553, 3.44850802422, 5.29269599915, 10.8874788284, 13.4447088242, 11.5466575623, 16.2206802368, 14.6849899292, 23.091211319, 24.1836776733, 41.0599555969, 29.3533172607, 23.3877391815, 50.1296234131, 18.7562828064, 40.2540512085, 32.9854507446, 73.7622833252, 36.7690200806, 27.6548042297, 25.9113464355, 19.3511352539, 14.0122451782, 11.6940546036, 11.751739502, 9.51066684723, 10.3599491119, 8.69699764252, 7.24779272079, 6.90521335602, 6.94110918045, 4.8552942276, 2.06320047379, 1.09892559052, 0.520178496838, 0.191428035498, 0.0519477874041, 0.0079570710659, 0.000224667601287],
        "dvar": [0.0617223456502, 7.9047203064, 19.6623287201, 35.0940208435, 371.356750488, 370.857757568, 270.601257324, 742.047912598, 477.751098633, 1524.12329102, 2434.18847656, 4071.7824707, 1788.62658691, 1403.43688965, 5288.18359375, 636.087158203, 3328.45166016, 3605.58544922, 11503.7666016, 3739.78564453, 1632.51647949, 1022.49359131, 356.483459473, 195.332489014, 153.66343689, 137.769210815, 129.626739502, 162.381362915, 151.233474731, 98.8363571167, 129.071609497, 187.596878052, 94.4454956055, 11.3211975098, 3.33312940598, 0.648919820786, 0.0975359752774, 0.00947879161686, 0.000324169319356, 2.4461837711e-07],
        "dvar2": [0.162160247564, 20.8313617706, 55.5628089905, 98.4934692383, 990.281555176, 958.594848633, 677.434082031, 1830.57006836, 1153.42675781, 3516.13012695, 6194.19042969, 8845.70605469, 4059.09204102, 2514.00073242, 9640.06152344, 1336.51281738, 6770.60693359, 7872.39501953, 26496.1738281, 7703.98828125, 3739.87231445, 2410.97949219, 852.319396973, 535.057250977, 384.453552246, 356.058013916, 356.769195557, 416.790496826, 369.478210449, 228.338973999, 283.584747314, 419.01651001, 209.707504272, 24.2454319, 7.71090126038, 1.37101662159, 0.214531481266, 0.020769899711, 0.000734771892894, 5.68788095734e-07],
        "max": [2.24777770042, 27.0605373383, 55.6837005615, 73.9526443481, 192.669143677, 220.109313965, 193.617736816, 456.381103516, 416.510223389, 586.092041016, 975.409606934, 957.408996582, 719.72052002, 847.213989258, 1300.43310547, 587.351806641, 1041.86865234, 1993.42724609, 1855.62414551, 1272.23657227, 1029.86523438, 592.633422852, 251.744369507, 211.416000366, 198.803497314, 146.353622437, 132.236557007, 181.778594971, 201.52406311, 171.610900879, 202.847106934, 213.308425903, 154.466812134, 50.3339347839, 45.4221382141, 11.733048439, 5.31544446945, 1.40677380562, 0.326548397541, 0.00889929104596],
        "mean": [0.119148336351, 1.24740636349, 4.41508388519, 6.96264219284, 9.08538627625, 11.1931324005, 9.96276187897, 14.1289014816, 13.7684965134, 20.2744522095, 22.0827484131, 50.7902183533, 34.383392334, 35.1407432556, 76.2754135132, 28.320684433, 53.1889076233, 42.8299865723, 82.0301895142, 44.04920578, 38.6257400513, 37.0805053711, 24.9458560944, 18.1884346008, 16.7854614258, 14.4663944244, 10.2552709579, 12.0419998169, 10.9282455444, 9.69668960571, 8.97415065765, 8.10096740723, 5.62659835815, 2.71853518486, 1.41431093216, 0.63693267107, 0.220333963633, 0.0525534413755, 0.00724837183952, 0.000233826722251],
        "median": [0.0536620020866, 0.653681397438, 2.39049220085, 5.20090532303, 4.53927659988, 4.82923936844, 4.01966238022, 6.27434062958, 6.64410018921, 7.3666472435, 7.90191173553, 13.4530954361, 15.4558858871, 14.7477340698, 24.0975189209, 15.5931358337, 20.0786571503, 21.8505649567, 24.7290039062, 18.1438484192, 22.510559082, 24.7177448273, 17.5690002441, 13.038269043, 13.6296415329, 11.0788078308, 6.80115747452, 5.2225894928, 4.57920074463, 4.27616596222, 2.75375962257, 2.5525124073, 1.95256268978, 1.00740194321, 0.476332366467, 0.150607213378, 0.0502836070955, 0.0108958519995, 0.00128443259746, 7.5206909969e-05],
        "min": [1.78492671687e-21, 8.42873537399e-21, 1.43263481568e-20, 8.24970036989e-20, 9.03601502901e-20, 1.40363761156e-19, 6.58255235424e-19, 5.88200999154e-19, 1.8256775678e-18, 7.85348279519e-19, 1.09781818575e-18, 2.52032833658e-18, 2.75159645532e-18, 3.45144894939e-18, 2.81726404941e-18, 3.39625387545e-18, 1.96544793026e-18, 5.05898740913e-18, 4.12516005456e-18, 3.47954600005e-18, 7.24776149027e-18, 9.23956277446e-18, 6.49533029454e-18, 6.77743527937e-18, 9.99459917553e-18, 1.35171552587e-17, 1.6030310285e-17, 1.77815839907e-17, 1.67860390363e-17, 1.36677269456e-17, 1.6056763521e-17, 1.96240907549e-17, 1.6617792154e-17, 1.31918408402e-17, 1.01363473268e-17, 5.98993410721e-18, 3.31501419275e-18, 1.40094327751e-18, 3.40725310285e-19, 3.89382057857e-20],
        "var": [0.0583401471376, 6.71657848358, 31.129114151, 57.5338249207, 322.726806641, 449.740142822, 325.214538574, 856.512878418, 662.253356934, 2224.12988281, 2440.16650391, 10229.8837891, 3826.0703125, 4588.53857422, 20699.078125, 1778.52124023, 8478.48828125, 6510.11914062, 22469.0800781, 7429.70898438, 4186.07080078, 3048.81298828, 792.771606445, 362.016113281, 310.012969971, 231.862304688, 173.772262573, 311.610412598, 274.225494385, 203.991729736, 267.031799316, 341.972503662, 158.391067505, 22.6376781464, 5.43684101105, 1.19683206081, 0.165676429868, 0.0152238942683, 0.00049971457338, 3.64571747014e-07]
    },
    "gfcc": {
        "mean": [17.5254573822, 77.740852356, -114.732337952, 19.2889442444, -49.4504852295, 12.6330852509, -37.0801200867, 6.26821422577, -25.9037380219, -1.70929145813, -18.6202754974, -2.57108974457, -12.9676847458],
        "cov": [[13851.8701172, -3658.24414062, 642.775817871, 1461.18713379, 742.013183594, 2150.78881836, 48.4209365845, 925.59753418, 46.2203063965, 419.98034668, -249.302322388, 357.754730225, -412.161376953], [-3658.24414062, 2106.95898438, -501.331268311, -352.961242676, 2.7893614769, -686.540710449, 47.1036682129, -280.428283691, -57.0153274536, -149.704193115, 117.189422607, -233.936309814, 133.344696045], [642.775817871, -501.331268311, 788.825012207, 218.221389771, 99.1406402588, 231.422790527, 4.04101133347, 55.1555557251, 14.851228714, 24.991891861, -4.79807662964, 64.230430603, -74.7341918945], [1461.18713379, -352.961242676, 218.221389771, 492.236938477, 186.151809692, 305.046081543, 76.6587753296, 124.952522278, 44.5707168579, 47.330116272, -23.9859848022, 56.2772598267, -46.6084976196], [742.013183594, 2.7893614769, 99.1406402588, 186.151809692, 317.474975586, 220.876907349, 61.0076065063, 106.02167511, 8.39961242676, 29.3040714264, -8.77097797394, -8.13728523254, -33.9266624451], [2150.78881836, -686.540710449, 231.422790527, 305.046081543, 220.876907349, 586.856079102, 106.654983521, 201.781555176, 6.25918102264, 79.8695907593, -38.4331588745, 81.9834060669, -99.8525009155], [48.4209365845, 47.1036682129, 4.04101133347, 76.6587753296, 61.0076065063, 106.654983521, 192.626724243, 48.6651992798, 2.76712346077, 15.5670881271, 2.84739279747, 21.7200584412, -20.4814834595], [925.59753418, -280.428283691, 55.1555557251, 124.952522278, 106.02167511, 201.781555176, 48.6651992798, 192.075927734, 62.4798698425, 54.8127670288, -25.0386333466, 31.2449893951, -28.5337467194], [46.2203063965, -57.0153274536, 14.851228714, 44.5707168579, 8.39961242676, 6.25918102264, 2.76712346077, 62.4798698425, 130.015060425, 34.3037872314, -10.9720115662, 6.59275245667, 6.87628555298], [419.98034668, -149.704193115, 24.991891861, 47.330116272, 29.3040714264, 79.8695907593, 15.5670881271, 54.8127670288, 34.3037872314, 95.7085342407, 10.469918251, 21.1086769104, -20.4042606354], [-249.302322388, 117.189422607, -4.79807662964, -23.9859848022, -8.77097797394, -38.4331588745, 2.84739279747, -25.0386333466, -10.9720115662, 10.469918251, 93.0227966309, 7.81258678436, 13.4993648529], [357.754730225, -233.936309814, 64.230430603, 56.2772598267, -8.13728523254, 81.9834060669, 21.7200584412, 31.2449893951, 6.59275245667, 21.1086769104, 7.81258678436, 109.48840332, 2.47194337845], [-412.161376953, 133.344696045, -74.7341918945, -46.6084976196, -33.9266624451, -99.8525009155, -20.4814834595, -28.5337467194, 6.87628555298, -20.4042606354, 13.4993648529, 2.47194337845, 76.6782150269]],
        "icov": [[0.000290864263661, 0.00023256802524, 0.000236305990256, -0.00041203465662, -6.30433714832e-05, -0.000511661171913, 0.000479139853269, -0.00041509285802, 0.000386859348509, -0.000255019433098, 7.64337019064e-05, 3.5134718928e-05, 0.000301059044432], [0.00023256802524, 0.00190158840269, 0.000637443445157, -0.000178297181264, -0.00165677710902, 0.00132681021933, -0.00111322000157, 0.000614551245235, 0.000114445705549, 0.000742865959182, -0.00138808775228, 0.00190412113443, -0.000247384101385], [0.000236305990256, 0.000637443445157, 0.00197328417562, -0.000752630352508, -0.000651652866509, -0.000274454621831, 0.000480161019368, 0.000336174183758, -0.000129121501232, 0.000470343336929, -0.000621414917987, -0.000287233415293, 0.00149046594743], [-0.00041203465662, -0.000178297181264, -0.000752630352508, 0.00415651826188, -0.00120472651906, -0.00027725219843, -0.00120768521447, 0.000895965611562, -0.00164267898072, 0.000516429659911, 0.000106357925688, -0.00061983516207, -0.000709004816599], [-6.30433714832e-05, -0.00165677710902, -0.000651652866509, -0.00120472651906, 0.00684452336282, -0.00280737504363, 0.000786463962868, -0.00237520434894, 0.000826844072435, -0.000731182401069, 0.00057967036264, 0.000861877168063, -0.000524927454535], [-0.000511661171913, 0.00132681021933, -0.000274454621831, -0.00027725219843, -0.00280737504363, 0.00777489133179, -0.00289773591794, -0.00141064089257, 0.00118072645273, 0.000388456246583, -0.000665193947498, -0.00039127637865, 0.00221715145744], [0.000479139853269, -0.00111322000157, 0.000480161019368, -0.00120768521447, 0.000786463962868, -0.00289773591794, 0.00820932164788, -0.00206588138826, 0.000883789849468, -0.000785899814218, 0.000583879358601, -0.00240276893601, 0.00193005602341], [-0.00041509285802, 0.000614551245235, 0.000336174183758, 0.000895965611562, -0.00237520434894, -0.00141064089257, -0.00206588138826, 0.0127247590572, -0.00534432288259, -0.00123826845083, 0.00069628941128, 0.000205865319003, -0.00111166283023], [0.000386859348509, 0.000114445705549, -0.000129121501232, -0.00164267898072, 0.000826844072435, 0.00118072645273, 0.000883789849468, -0.00534432288259, 0.011809987016, -0.00378730986267, 0.00156090373639, 0.000368013599655, -0.00144674116746], [-0.000255019433098, 0.000742865959182, 0.000470343336929, 0.000516429659911, -0.000731182401069, 0.000388456246583, -0.000785899814218, -0.00123826845083, -0.00378730986267, 0.0156390890479, -0.00426341453567, -0.000504885101691, 0.0028894173447], [7.64337019064e-05, -0.00138808775228, -0.000621414917987, 0.000106357925688, 0.00057967036264, -0.000665193947498, 0.000583879358601, 0.00069628941128, 0.00156090373639, -0.00426341453567, 0.0137760322541, -0.00289982859977, -0.00151724508032], [3.5134718928e-05, 0.00190412113443, -0.000287233415293, -0.00061983516207, 0.000861877168063, -0.00039127637865, -0.00240276893601, 0.000205865319003, 0.000368013599655, -0.000504885101691, -0.00289982859977, 0.0147350849584, -0.00460440199822], [0.000301059044432, -0.000247384101385, 0.00149046594743, -0.000709004816599, -0.000524927454535, 0.00221715145744, 0.00193005602341, -0.00111166283023, -0.00144674116746, 0.0028894173447, -0.00151724508032, -0.00460440199822, 0.0201826971024]]
    },
    "melbands": {
        "dmean": [0.000928578723688, 0.00105114746839, 0.000607717083767, 0.000524736475199, 0.00027327198768, 0.000217973283725, 0.000143137862324, 0.000165912992088, 0.000120568627608, 0.000182015923201, 9.43965205806e-05, 6.66916093905e-05, 0.00011671273387, 5.15611645824e-05, 4.13389789173e-05, 6.41719816485e-05, 4.18235540565e-05, 7.82420902397e-05, 4.70558879897e-05, 3.54943840648e-05, 2.06404038181e-05, 1.93495070562e-05, 1.50271580424e-05, 8.33253398014e-06, 7.34969216865e-06, 5.71202963329e-06, 6.00771136305e-06, 4.87399256599e-06, 3.57842463927e-06, 3.51838093593e-06, 4.00997168981e-06, 3.36212247021e-06, 2.94561846204e-06, 2.55761324297e-06, 2.78021207123e-06, 2.88239539259e-06, 2.9571608593e-06, 2.51280494012e-06, 1.71441024577e-06, 1.0690905583e-06],
        "dmean2": [0.00157137855422, 0.001771332114, 0.00102787045762, 0.000887676142156, 0.000443869532319, 0.000347826135112, 0.000227845550398, 0.000262614776148, 0.000194453561562, 0.000266270741122, 0.000144428689964, 9.64989085332e-05, 0.000156235269969, 7.64451469877e-05, 6.55366166029e-05, 9.14070988074e-05, 6.3966421294e-05, 0.000119270764117, 7.15648857295e-05, 5.40774490219e-05, 3.2770796679e-05, 3.12341617246e-05, 2.44092898356e-05, 1.39199992191e-05, 1.25158530864e-05, 9.51922174863e-06, 1.0022375136e-05, 8.16224110167e-06, 6.24496806267e-06, 6.05433388046e-06, 6.65300922265e-06, 5.53209702048e-06, 4.791680567e-06, 4.03070680477e-06, 4.32684737461e-06, 4.43621092927e-06, 4.50859624834e-06, 3.91245066567e-06, 2.67108453045e-06, 1.63722484103e-06],
        "dvar": [7.99516601546e-06, 6.56646216157e-06, 1.56661633355e-06, 2.06441609407e-06, 3.43298722782e-07, 3.20822664435e-07, 1.20322312114e-07, 1.77912141908e-07, 1.40960949579e-07, 1.75319271989e-07, 4.46175434377e-08, 2.57749075416e-08, 5.97460498852e-08, 9.09734332311e-09, 6.07927663765e-09, 2.26588294794e-08, 1.64634155198e-08, 2.9359075171e-08, 1.25220909197e-08, 8.66758931295e-09, 1.99962713054e-09, 1.7523746898e-09, 6.45656528242e-10, 1.98934646534e-10, 1.51053766717e-10, 1.00472824505e-10, 8.84922274347e-11, 7.12610040421e-11, 5.48954215418e-11, 4.68551447641e-11, 6.94288654346e-11, 5.6409661664e-11, 4.00866943806e-11, 3.12899220423e-11, 4.44258796417e-11, 6.5462794907e-11, 8.32643121118e-11, 6.12902645303e-11, 2.33055484633e-11, 6.29469046332e-12],
        "dvar2": [2.09656591323e-05, 1.75235527422e-05, 4.29405599789e-06, 5.55787300982e-06, 8.46352463668e-07, 7.80523748745e-07, 2.83545801949e-07, 4.13994115434e-07, 3.54092605903e-07, 3.79425301844e-07, 1.02015988546e-07, 4.69020662308e-08, 9.96101832129e-08, 1.88174098525e-08, 1.35542821411e-08, 4.37591793911e-08, 3.52832500994e-08, 6.65062458438e-08, 2.86239494329e-08, 1.91365217006e-08, 4.6853561031e-09, 4.12726564036e-09, 1.48251810828e-09, 5.02214603237e-10, 4.19462048429e-10, 2.56597770809e-10, 2.26488008903e-10, 1.8177827299e-10, 1.52248644247e-10, 1.27775276471e-10, 1.76741871138e-10, 1.37678757284e-10, 9.96107085705e-11, 7.10621769762e-11, 9.87984694056e-11, 1.48940790257e-10, 1.89345386592e-10, 1.39454670034e-10, 5.31210457566e-11, 1.36155678745e-11],
        "max": [0.0267517305911, 0.0328900068998, 0.0126806534827, 0.0147901047021, 0.00644833501428, 0.00960780587047, 0.00637258542702, 0.00528585771099, 0.00723844347522, 0.00628470350057, 0.00350882904604, 0.00373166054487, 0.00505522452295, 0.00161074055359, 0.00115537201054, 0.00301985372789, 0.00432603945956, 0.00297006522305, 0.00214192643762, 0.00215722620487, 0.000951768946834, 0.000865542795509, 0.000453498098068, 0.00018919458671, 0.000190892766113, 0.000156674446771, 0.000113340145617, 0.000125124875922, 8.0535930465e-05, 7.25162608433e-05, 0.000137340291985, 0.000107902706077, 9.85608130577e-05, 9.59523677011e-05, 9.97087990982e-05, 0.000141119409818, 0.00015152830747, 0.000127892184537, 7.31195905246e-05, 4.38472125097e-05],
        "mean": [0.00125658116303, 0.00216886983253, 0.00128544995096, 0.000746495556086, 0.000393403373891, 0.000305720517645, 0.000210146259633, 0.000228612101637, 0.000179614900844, 0.000323431770084, 0.000160913172294, 0.000130903688841, 0.00023736343428, 0.000106698906166, 8.01647329354e-05, 0.000118459058285, 7.08650550223e-05, 0.000129669468151, 7.30151878088e-05, 5.86588503211e-05, 4.20637225034e-05, 4.11273395002e-05, 2.94658875646e-05, 1.6276306269e-05, 1.45839785546e-05, 1.22947640193e-05, 1.22085457406e-05, 8.85841109266e-06, 6.09993821854e-06, 6.41218093733e-06, 7.21669721315e-06, 6.26218798061e-06, 5.76890261073e-06, 5.11145572091e-06, 5.29416547579e-06, 4.90880483994e-06, 4.98571444041e-06, 4.21448521593e-06, 2.96075586448e-06, 2.05912419915e-06],
        "median": [0.000609954528045, 0.00125857442617, 0.000985816470347, 0.000357879995136, 0.000171299427166, 0.000139744923217, 9.58553282544e-05, 8.10969431768e-05, 5.5967055232e-05, 8.1611899077e-05, 6.76344934618e-05, 4.57743335573e-05, 7.05076599843e-05, 4.77430730825e-05, 3.83723963751e-05, 3.96178584197e-05, 2.88856717816e-05, 3.54619842255e-05, 2.45465835178e-05, 2.34486342379e-05, 2.46550771408e-05, 2.43392187258e-05, 2.05913547688e-05, 1.16295414045e-05, 9.76019509835e-06, 9.21477476368e-06, 9.53072594712e-06, 6.16851184532e-06, 4.04327465731e-06, 3.20964477396e-06, 2.66155825557e-06, 2.54344013229e-06, 2.40905637838e-06, 2.19299727178e-06, 1.64890946053e-06, 1.28149054035e-06, 1.54954432219e-06, 1.43295289945e-06, 1.1075042039e-06, 7.14116765721e-07],
        "min": [1.53075587204e-23, 9.05348997424e-24, 1.24931578127e-23, 8.36975582869e-24, 1.8540701985e-23, 1.73362439114e-23, 2.3429385033e-23, 8.93617058041e-24, 9.59667119458e-24, 1.60342242542e-23, 1.52597789931e-23, 1.62291044522e-23, 6.46496794821e-24, 1.53580663288e-23, 3.21642059671e-24, 5.99527977081e-24, 9.95251214943e-24, 6.14402974968e-24, 6.58903644151e-24, 3.93210321448e-24, 9.58514514789e-24, 9.6591363565e-24, 6.48708760799e-24, 6.29078588261e-24, 5.08818518197e-24, 7.01848048539e-24, 7.99766197261e-24, 8.82213363681e-24, 1.10207725989e-23, 8.37320315084e-24, 1.13707420621e-23, 9.49120206927e-24, 9.07329274954e-24, 6.45316067261e-24, 8.38275941185e-24, 1.01707000318e-23, 1.27517251182e-23, 1.10023976619e-23, 1.17740077568e-23, 1.12414659035e-23],
        "var": [7.01224280419e-06, 8.43747875479e-06, 1.99822125069e-06, 1.99347073249e-06, 4.50350484016e-07, 3.79584832899e-07, 1.73904410872e-07, 2.59642092715e-07, 1.65827970022e-07, 4.26059642678e-07, 9.23766307892e-08, 8.12571485653e-08, 2.32003145584e-07, 2.81566503446e-08, 1.58244546355e-08, 5.93184772413e-08, 2.8887924941e-08, 6.06192855912e-08, 1.85668671548e-08, 1.71410032834e-08, 4.94996044154e-09, 5.13676257086e-09, 1.34207223113e-09, 3.40886679995e-10, 2.5899743461e-10, 1.90411644785e-10, 1.56927762451e-10, 1.08018878564e-10, 6.54481399631e-11, 8.124324824e-11, 1.24045690386e-10, 9.82433856489e-11, 7.06550790097e-11, 6.29323607115e-11, 9.00669053228e-11, 1.15080667218e-10, 1.44049772111e-10, 9.59450366378e-11, 3.91466963012e-11, 1.21663677397e-11]
    },
    "mfcc": {
        "mean": [-627.87109375, 114.970741272, -4.81821393967, 12.5564489365, 8.52040195465, 3.49784183502, 1.83948659897, 2.93154621124, -1.42166078091, 0.4687705338, -4.41895246506, -3.57899737358, -0.992614686489],
        "cov": [[11522.1699219, -2771.65893555, -17.5612888336, 292.746429443, 821.580505371, 1156.37805176, 587.342590332, 907.090270996, 529.469482422, 427.999511719, 371.795593262, 259.187255859, 203.866165161], [-2771.65893555, 1634.46960449, -400.162536621, 28.728313446, -138.315490723, -316.85760498, -33.3815231323, -284.478515625, -163.371398926, -51.750869751, -112.01764679, -112.38634491, 7.93614625931], [-17.5612888336, -400.162536621, 684.057006836, 21.0321979523, 72.6514816284, 98.7636871338, -12.0602312088, 69.4866333008, -6.05073738098, -21.7503471375, 26.5747909546, 60.8916664124, -36.8540916443], [292.746429443, 28.728313446, 21.0321979523, 285.872619629, 69.5810241699, 81.8438796997, 39.4521713257, 51.3155670166, 48.5850372314, 14.9421453476, 16.1316146851, 34.0775413513, 15.026509285], [821.580505371, -138.315490723, 72.6514816284, 69.5810241699, 293.772491455, 120.157844543, 69.5576858521, 96.8397064209, 61.4983901978, 83.7159118652, 33.3633766174, 20.322933197, 40.9346542358], [1156.37805176, -316.85760498, 98.7636871338, 81.8438796997, 120.157844543, 298.146850586, 149.471588135, 166.908554077, 71.5477752686, 42.4858627319, 73.7855606079, 36.3873519897, 19.9409275055], [587.342590332, -33.3815231323, -12.0602312088, 39.4521713257, 69.5576858521, 149.471588135, 216.442367554, 111.167510986, 25.5086193085, 31.6817188263, 42.2345123291, 27.2927150726, 29.4429550171], [907.090270996, -284.478515625, 69.4866333008, 51.3155670166, 96.8397064209, 166.908554077, 111.167510986, 218.361679077, 97.8713531494, 40.8018188477, 60.0367393494, 36.3157997131, 22.5972290039], [529.469482422, -163.371398926, -6.05073738098, 48.5850372314, 61.4983901978, 71.5477752686, 25.5086193085, 97.8713531494, 146.327453613, 60.3044586182, 43.912563324, 11.3720359802, 5.37601947784], [427.999511719, -51.750869751, -21.7503471375, 14.9421453476, 83.7159118652, 42.4858627319, 31.6817188263, 40.8018188477, 60.3044586182, 122.653068542, 45.3254318237, 11.2609624863, 8.73195171356], [371.795593262, -112.01764679, 26.5747909546, 16.1316146851, 33.3633766174, 73.7855606079, 42.2345123291, 60.0367393494, 43.912563324, 45.3254318237, 98.7090988159, 40.543132782, 11.0915212631], [259.187255859, -112.38634491, 60.8916664124, 34.0775413513, 20.322933197, 36.3873519897, 27.2927150726, 36.3157997131, 11.3720359802, 11.2609624863, 40.543132782, 89.0933074951, 24.4297294617], [203.866165161, 7.93614625931, -36.8540916443, 15.026509285, 40.9346542358, 19.9409275055, 29.4429550171, 22.5972290039, 5.37601947784, 8.73195171356, 11.0915212631, 24.4297294617, 73.7496337891]],
