{
"lowlevel": {
    "average_loudness": 0.97489374876,
    "barkbands_crest": {
        "dmean": 2.85057616234,
        "dmean2": 4.64598798752,
        "dvar": 9.28415584564,
        "dvar2": 23.9496059418,
        "max": 24.9752616882,
        "mean": 9.07495212555,
        "median": 8.12891292572,
        "min": 2.41209816933,
        "var": 15.9598884583
    },
    "barkbands_flatness_db": {
        "dmean": 0.0201097782701,
        "dmean2": 0.0308710020036,
        "dvar": 0.000532191013917,
        "dvar2": 0.00130563857965,
        "max": 0.354026377201,
        "mean": 0.09031945467,
        "median": 0.0840174257755,
        "min": 0.0173288993537,
        "var": 0.00145638326649
    },
    "barkbands_kurtosis": {
        "dmean": 2.35186910629,
        "dmean2": 3.82172656059,
        "dvar": 29.9301891327,
        "dvar2": 73.5306549072,
        "max": 102.814926147,
        "mean": 2.08686804771,
        "median": 0.124446868896,
        "min": -1.86572611332,
        "var": 52.3294792175
    },
    "barkbands_skewness": {
        "dmean": 0.555562436581,
        "dmean2": 0.848601043224,
        "dvar": 0.501321911812,
        "dvar2": 1.1317397356,
        "max": 8.08078193665,
        "mean": 1.10095071793,
        "median": 0.842398524284,
        "min": -2.76479363441,
        "var": 1.30416285992
    },
    "barkbands_spread": {
        "dmean": 7.65004730225,
        "dmean2": 11.6677055359,
        "dvar": 100.004066467,
        "dvar2": 204.621231079,
        "max": 105.656532288,
        "mean": 32.054019928,
        "median": 28.7157917023,
        "min": 1.22283494473,
        "var": 269.905700684
    },
    "dissonance": {
        "dmean": 0.0132689550519,
        "dmean2": 0.022205626592,
        "dvar": 0.000187963218195,
        "dvar2": 0.000499750312883,
        "max": 0.499941021204,
        "mean": 0.474449068308,
        "median": 0.479427307844,
        "min": 0.24703283608,
        "var": 0.000423584395321
    },
    "dynamic_complexity": 2.52700781822,
    "erbbands_crest": {
        "dmean": 2.63840222359,
        "dmean2": 4.17214536667,
        "dvar": 6.424243927,
        "dvar2": 15.8104610443,
        "max": 28.0898170471,
        "mean": 9.22276115417,
        "median": 8.07208347321,
        "min": 2.21683096886,
        "var": 24.7747192383
    },
    "erbbands_flatness_db": {
        "dmean": 0.0166059639305,
        "dmean2": 0.022410703823,
        "dvar": 0.000301700085402,
        "dvar2": 0.000540567212738,
        "max": 0.367115467787,
        "mean": 0.125820174813,
        "median": 0.122789002955,
        "min": 0.0437547415495,
        "var": 0.00141849927604
    },
    "erbbands_kurtosis": {
        "dmean": 0.822942376137,
        "dmean2": 1.26895189285,
        "dvar": 1.15949642658,
        "dvar2": 2.5919778347,
        "max": 13.7417182922,
        "mean": 0.687678456306,
        "median": 0.0986616611481,
        "min": -1.71002829075,
        "var": 3.68924999237
    },
    "erbbands_skewness": {
        "dmean": 0.336216032505,
        "dmean2": 0.493966907263,
        "dvar": 0.104641400278,
        "dvar2": 0.222155660391,
        "max": 3.48316907883,
        "mean": 0.121479384601,
        "median": 0.131723970175,
        "min": -3.22299766541,
        "var": 0.510035037994
    },
    "erbbands_spread": {
        "dmean": 9.12560367584,
        "dmean2": 13.2131986618,
        "dvar": 111.259590149,
        "dvar2": 223.132888794,
        "max": 137.558624268,
        "mean": 40.6135482788,
        "median": 35.0805130005,
        "min": 4.48920297623,
        "var": 491.966491699
    },
    "hfc": {
        "dmean": 8.07515144348,
        "dmean2": 12.5295276642,
        "dvar": 135.812179565,
        "dvar2": 312.548217773,
        "max": 116.586402893,
        "mean": 30.0209388733,
        "median": 29.2968406677,
        "min": 0.0124682569876,
        "var": 364.330841064
    },
    "melbands_crest": {
        "dmean": 3.26530742645,
        "dmean2": 5.22261857986,
        "dvar": 8.96848106384,
        "dvar2": 21.9570350647,
        "max": 31.7316532135,
        "mean": 13.9394083023,
        "median": 13.3664016724,
        "min": 3.52231812477,
        "var": 24.027431488
    },
    "melbands_flatness_db": {
        "dmean": 0.0266919005662,
        "dmean2": 0.0413463003933,
        "dvar": 0.000955644762143,
        "dvar2": 0.00224566459656,
        "max": 0.5154774189,
        "mean": 0.15970441699,
        "median": 0.152802065015,
        "min": 0.0227896273136,
        "var": 0.00277139572427
    },
    "melbands_kurtosis": {
        "dmean": 7.72551107407,
        "dmean2": 12.377166748,
        "dvar": 318.910400391,
        "dvar2": 763.922485352,
        "max": 238.847015381,
        "mean": 11.4320211411,
        "median": 3.77338600159,
        "min": -1.87315630913,
        "var": 549.352050781
    },
    "melbands_skewness": {
        "dmean": 0.818659722805,
        "dmean2": 1.23515892029,
        "dvar": 1.28078043461,
        "dvar2": 2.74854540825,
        "max": 12.518415451,
        "mean": 2.38604187965,
        "median": 1.85661637783,
        "min": -0.716114878654,
        "var": 3.59881067276
    },
    "melbands_spread": {
        "dmean": 9.43037414551,
        "dmean2": 14.4423027039,
        "dvar": 165.596511841,
        "dvar2": 326.110076904,
        "max": 262.911499023,
        "mean": 33.5429229736,
        "median": 31.228723526,
        "min": 0.905451655388,
        "var": 484.798217773
    },
    "pitch_salience": {
        "dmean": 0.0733574926853,
        "dmean2": 0.119878396392,
        "dvar": 0.00576578080654,
        "dvar2": 0.0146771119907,
        "max": 0.858348548412,
        "mean": 0.536979317665,
        "median": 0.534306585789,
        "min": 0.104818537831,
        "var": 0.011205852963
    },
    "silence_rate_20dB": {
        "dmean": 0,
        "dmean2": 0,
        "dvar": 0,
        "dvar2": 0,
        "max": 1,
        "mean": 1,
        "median": 1,
        "min": 1,
        "var": 0
    },
    "silence_rate_30dB": {
        "dmean": 0.00232198135927,
        "dmean2": 0.00464576063678,
        "dvar": 0.00231666932814,
        "dvar2": 0.00617308169603,
        "max": 1,
        "mean": 0.998452603817,
        "median": 1,
        "min": 0,
        "var": 0.00154498463962
    },
    "silence_rate_60dB": {
        "dmean": 0.0236068107188,
        "dmean2": 0.047231901437,
        "dvar": 0.0230492018163,
        "dvar2": 0.0511928759515,
        "max": 1,
        "mean": 0.0626692473888,
        "median": 0,
        "min": 0,
        "var": 0.0587430968881
    },
    "spectral_centroid": {
        "dmean": 291.973327637,
        "dmean2": 445.272155762,
        "dvar": 118487.296875,
        "dvar2": 256307.140625,
        "max": 5285.29589844,
        "mean": 1657.45129395,
        "median": 1586.70739746,
        "min": 206.355209351,
        "var": 352571.84375
    },
    "spectral_complexity": {
        "dmean": 4.41215181351,
        "dmean2": 6.9639954567,
        "dvar": 24.6232624054,
        "dvar2": 52.2866516113,
        "max": 52,
        "mean": 25.1319141388,
        "median": 26,
        "min": 0,
        "var": 128.290756226
    },
    "spectral_decrease": {
        "dmean": 3.05396241629e-09,
        "dmean2": 4.87781237624e-09,
        "dvar": 2.48418865018e-17,
        "dvar2": 5.98065280987e-17,
        "max": -9.53505590456e-12,
        "mean": -7.76225306254e-09,
        "median": -7.00240843088e-09,
        "min": -3.43863462149e-08,
        "var": 3.1229022813e-17
    },
    "spectral_energy": {
        "dmean": 0.011949040927,
        "dmean2": 0.0190083030611,
        "dvar": 0.000374460301828,
        "dvar2": 0.000900993763935,
        "max": 0.138997986913,
        "mean": 0.032019533217,
        "median": 0.0293278247118,
        "min": 3.7826357584e-05,
        "var": 0.000483941985294
    },
    "spectral_energyband_high": {
        "dmean": 0.00068205158459,
        "dmean2": 0.00103925913572,
        "dvar": 1.37460381211e-06,
        "dvar2": 2.81236270894e-06,
        "max": 0.0136850140989,
        "mean": 0.00160915066954,
        "median": 0.00101741869003,
        "min": 2.24222462819e-09,
        "var": 3.61759839507e-06
    },
    "spectral_energyband_low": {
        "dmean": 0.0067901709117,
        "dmean2": 0.0111737791449,
        "dvar": 0.000210182071896,
        "dvar2": 0.000497300061397,
        "max": 0.113300934434,
        "mean": 0.0119229229167,
        "median": 0.00830861181021,
        "min": 3.95862161895e-06,
        "var": 0.000219262408791
    },
    "spectral_energyband_middle_high": {
        "dmean": 0.00201345910318,
        "dmean2": 0.00306729204021,
        "dvar": 5.94163157075e-06,
        "dvar2": 1.34805841299e-05,
        "max": 0.0400304943323,
        "mean": 0.00789375137538,
        "median": 0.0070546399802,
        "min": 1.43343004311e-06,
        "var": 3.66593121726e-05
    },
    "spectral_energyband_middle_low": {
        "dmean": 0.00669534225017,
        "dmean2": 0.0107599394396,
        "dvar": 0.00017498449597,
        "dvar2": 0.000451950938441,
        "max": 0.117948763072,
        "mean": 0.0123221455142,
        "median": 0.00829961523414,
        "min": 4.33483546658e-06,
        "var": 0.000197822490009
    },
    "spectral_entropy": {
        "dmean": 0.138188287616,
        "dmean2": 0.186253204942,
        "dvar": 0.025729008019,
        "dvar2": 0.045656953007,
        "max": 8.83285713196,
        "mean": 7.91546535492,
        "median": 7.94534063339,
        "min": 5.69229459763,
        "var": 0.11666213721
    },
    "spectral_flux": {
        "dmean": 0.0325525701046,
        "dmean2": 0.0495062209666,
        "dvar": 0.00193087395746,
        "dvar2": 0.00379884801805,
        "max": 0.365996539593,
        "mean": 0.093965023756,
        "median": 0.079284094274,
        "min": 0.00271131447516,
        "var": 0.00347450049594
    },
    "spectral_kurtosis": {
        "dmean": 0.942940354347,
        "dmean2": 1.43168497086,
        "dvar": 10.8267526627,
        "dvar2": 27.4166545868,
        "max": 127.348953247,
        "mean": 3.45380306244,
        "median": 3.25808668137,
        "min": -0.722122430801,
        "var": 9.57628726959
    },
    "spectral_rms": {
        "dmean": 0.000939592020586,
        "dmean2": 0.00143876916263,
        "dvar": 1.88588319361e-06,
        "dvar2": 4.07785273637e-06,
        "max": 0.0116450758651,
        "mean": 0.00521055562422,
        "median": 0.00534906657413,
        "min": 0.000192103529116,
        "var": 4.08866890211e-06
    },
    "spectral_rolloff": {
        "dmean": 721.580688477,
        "dmean2": 1166.80224609,
        "dvar": 1789072,
        "dvar2": 3503198,
        "max": 12489.2578125,
        "mean": 2122.14086914,
        "median": 1571.92382812,
        "min": 86.1328125,
        "var": 4193528.25
    },
    "spectral_skewness": {
        "dmean": 0.162191480398,
        "dmean2": 0.244562476873,
        "dvar": 0.0623466521502,
        "dvar2": 0.145555838943,
        "max": 9.08131790161,
        "mean": 1.42780148983,
        "median": 1.45911109447,
        "min": 0.17344391346,
        "var": 0.161579787731
    },
    "spectral_spread": {
        "dmean": 630997.3125,
        "dmean2": 839499.9375,
        "dvar": 494710915072,
        "dvar2": 843449040896,
        "max": 12539574,
        "mean": 5529568,
        "median": 5230619,
        "min": 682875.125,
        "var": 2.28678985318e+12
    },
    "spectral_strongpeak": {
        "dmean": 0.692915141582,
        "dmean2": 1.19984912872,
        "dvar": 1.41981577873,
        "dvar2": 3.51168966293,
        "max": 12.3898715973,
        "mean": 1.22082638741,
        "median": 0.488033115864,
        "min": 0.00276312464848,
        "var": 2.41725277901
    },
    "zerocrossingrate": {
        "dmean": 0.0150386467576,
        "dmean2": 0.0173985399306,
        "dvar": 0.000344134226907,
        "dvar2": 0.000391246838262,
        "max": 0.39013671875,
        "mean": 0.0823100507259,
        "median": 0.07177734375,
        "min": 0.00537109375,
        "var": 0.00202918658033
    },
    "barkbands": {
        "dmean": [0.000134533984237, 0.00529981032014, 0.0023690990638, 0.00201186537743, 0.00349738239311, 0.000825544993859, 0.000859872496221, 0.000575868587475, 0.00073993334081, 0.000810502038803, 0.000498248264194, 0.000528996402863, 0.000354756164597, 0.000483416137286, 0.000589789298829, 0.000309647177346, 0.000253805395914, 0.000185499666259, 0.000154841938638, 0.000181296883966, 0.000185551631148, 0.000141279495438, 0.000127063845866, 0.000122604556964, 0.00010222736455, 6.91113455105e-05, 1.90374048543e-05],
        "dmean2": [0.00021250746795, 0.00906815193594, 0.00417556846514, 0.00334943039343, 0.00594944180921, 0.00130297779106, 0.00135052087717, 0.000878926541191, 0.00116407009773, 0.00116459606215, 0.000776375993155, 0.000844771973789, 0.000569028314203, 0.000769143574871, 0.000909380731173, 0.000505711068399, 0.000403898709919, 0.000308108545141, 0.000262010231381, 0.000310537143378, 0.000314225850161, 0.000225427123951, 0.000187867015484, 0.000179934751941, 0.000152718770551, 0.000103224505438, 2.97160822811e-05],
        "dvar": [3.77092312931e-08, 0.000172803280293, 2.29107408813e-05, 1.39844387377e-05, 8.83480824996e-05, 3.71249370801e-06, 4.44334455096e-06, 2.19295429815e-06, 2.78348807115e-06, 2.98101849694e-06, 9.68400058809e-07, 1.11162910343e-06, 4.75275953704e-07, 8.43574412102e-07, 1.05599519884e-06, 3.85147842508e-07, 1.68290213765e-07, 1.03192640211e-07, 5.87200865709e-08, 9.6403297789e-08, 1.08935083176e-07, 6.89286636657e-08, 8.99827341527e-08, 1.12050223322e-07, 4.28666666608e-08, 1.54790171791e-08, 1.65878022429e-09],
        "dvar2": [8.15043463831e-08, 0.000443655066192, 6.43657767796e-05, 3.47588938894e-05, 0.000236683888943, 8.30240333016e-06, 1.05144854388e-05, 5.0088556236e-06, 6.96734059602e-06, 5.46333149032e-06, 2.03566969503e-06, 2.58294903688e-06, 1.13218084152e-06, 1.97226995624e-06, 2.37801032199e-06, 9.35217769893e-07, 3.62663257647e-07, 2.54028208246e-07, 1.52734344283e-07, 2.49843054689e-07, 2.97647602565e-07, 1.49206584865e-07, 1.63042258805e-07, 2.04179670504e-07, 8.86147404344e-08, 3.36256746891e-08, 3.73182684754e-09],
        "max": [0.00247293803841, 0.101975336671, 0.0421534404159, 0.0323124751449, 0.0887726992369, 0.0239165537059, 0.0312984511256, 0.0252916701138, 0.0328786112368, 0.0358276180923, 0.0224816910923, 0.0189086794853, 0.0143624730408, 0.0142025277019, 0.0148598635569, 0.0128049710765, 0.00929501652718, 0.00624192738906, 0.00353106157854, 0.0080506997183, 0.00384067953564, 0.00463274307549, 0.00574668124318, 0.00550149427727, 0.00357117853127, 0.00167594908271, 0.000826779694762],
        "mean": [0.000229214143474, 0.00615962781012, 0.00437503121793, 0.00252451817505, 0.00370914605446, 0.00118307920638, 0.00121736282017, 0.000912314164452, 0.00141694757622, 0.00208475627005, 0.000883134489413, 0.00111190695316, 0.000653059745673, 0.000836708350107, 0.00115535373334, 0.000572798249777, 0.000521403853782, 0.000366876629414, 0.000315495446557, 0.000339085847372, 0.000337183737429, 0.000296269514365, 0.000252222409472, 0.000240299923462, 0.000188016405446, 0.000113238194899, 2.44768725679e-05],
        "median": [9.85361184576e-05, 0.00266582332551, 0.00316587649286, 0.00113623694051, 0.0011940834811, 0.000344134285115, 0.000356913893484, 0.000350260408595, 0.000481050577946, 0.000562709465157, 0.000538863590918, 0.000496671767905, 0.000372316280846, 0.000379680277547, 0.000432944885688, 0.000247280258918, 0.000328110269038, 0.000281225627987, 0.000252126308624, 0.000259523629211, 0.000219578723772, 0.000172273605131, 0.000134263274958, 0.000113218462502, 9.74920840235e-05, 5.68722425669e-05, 5.91915886616e-06],
        "min": [4.80275872405e-08, 9.60708803177e-07, 3.09769802698e-07, 1.34745235414e-07, 5.83388327868e-07, 1.1301808911e-07, 1.90958047597e-07, 4.41170698195e-07, 2.60008135911e-07, 1.40697039797e-07, 7.66042091982e-08, 2.36849722057e-08, 4.33941806932e-08, 2.37099895273e-09, 3.26297255882e-09, 1.88021154202e-10, 1.22296422989e-10, 1.24896024079e-10, 9.93450460784e-11, 1.68285912983e-10, 1.59404767164e-10, 1.74434244826e-10, 2.34727348669e-10, 1.33934974222e-10, 2.44803566307e-10, 5.64674085268e-10, 6.33335939249e-10],
        "var": [1.03824781661e-07, 0.00014138763072, 2.54451442743e-05, 1.50749601744e-05, 7.22624536138e-05, 7.34843615646e-06, 6.80448192725e-06, 4.19938351115e-06, 6.56396377963e-06, 1.92188344954e-05, 1.96736641556e-06, 3.91747016693e-06, 9.39815151924e-07, 1.84559803529e-06, 3.11724511448e-06, 1.12464772428e-06, 5.31291675543e-07, 1.82989438713e-07, 9.91440032294e-08, 1.25851187249e-07, 1.48439298187e-07, 1.90249295429e-07, 2.05142058007e-07, 2.77789126812e-07, 9.78915579708e-08, 3.48458897292e-08, 3.00007707565e-09]
    },
    "erbbands": {
        "dmean": [0.132879823446, 1.27383041382, 2.60096359253, 4.33805179596, 12.4028549194, 10.0318012238, 7.58948326111, 6.41779470444, 10.0089054108, 15.0586996078, 11.2841739655, 14.3075351715, 31.1829528809, 16.6904258728, 19.0809288025, 22.2420711517, 13.1520576477, 26.6031074524, 23.1703662872, 27.1444396973, 17.1732959747, 11.4504175186, 9.6200876236, 8.1834230423, 7.92423725128, 8.71272850037, 7.20267009735, 7.30345487595, 5.1412153244, 4.62569141388, 3.42544460297, 2.62527704239, 2.17566919327, 1.3103222847, 0.706027925014, 0.332590341568, 0.125934511423, 0.0281197894365, 0.0036680214107, 0.000106459825474],
        "dmean2": [0.231781497598, 2.15617418289, 4.47656917572, 7.43979358673, 21.1195812225, 17.3983726501, 12.3658628464, 10.1061229706, 15.808177948, 23.3264751434, 17.1843852997, 22.2593708038, 44.6585769653, 24.7932281494, 29.7567996979, 35.6335639954, 21.1161975861, 41.4303855896, 35.9263038635, 42.355381012, 27.0020694733, 18.4545974731, 16.0045852661, 14.0156869888, 13.1684560776, 15.020772934, 12.4376554489, 12.212310791, 8.24377346039, 7.13283920288, 4.98324775696, 3.8633890152, 3.11021590233, 1.94478428364, 1.06511354446, 0.504348695278, 0.188017532229, 0.0432399921119, 0.00569217465818, 0.000163918404724],
        "dvar": [0.091093569994, 10.2314739227, 31.0555095673, 54.9662513733, 1155.4395752, 744.157470703, 408.373443604, 261.082183838, 730.159423828, 2084.80712891, 716.65435791, 1477.40661621, 3691.98754883, 1739.69311523, 1179.87316895, 1994.89709473, 414.328430176, 2561.83178711, 2045.69506836, 2760.67578125, 1264.92431641, 257.017303467, 258.244934082, 178.102355957, 156.056060791, 242.747360229, 162.420761108, 168.437744141, 89.5996017456, 101.377166748, 66.0844497681, 47.0242614746, 38.9365158081, 9.70398330688, 1.61500549316, 0.32554346323, 0.0593601539731, 0.00331012276001, 5.81268468522e-05, 4.31192859196e-08],
        "dvar2": [0.243365436792, 25.985200882, 83.2784118652, 150.988021851, 3038.1862793, 2031.92175293, 921.539306641, 584.95892334, 1716.83837891, 4867.58007812, 1524.91101074, 3642.63183594, 6755.98144531, 3558.98339844, 2671.71484375, 4633.24169922, 990.844970703, 5960.05371094, 4847.10107422, 6140.87451172, 2950.63061523, 599.137512207, 631.504150391, 450.68838501, 405.828430176, 636.013427734, 451.990234375, 437.571472168, 197.629058838, 207.911834717, 125.034324646, 87.8224563599, 76.5233230591, 19.8419933319, 3.67410826683, 0.728949964046, 0.129521802068, 0.00715916696936, 0.000131223190692, 9.77050262918e-08],
        "max": [2.57398629189, 24.6460876465, 51.2172203064, 61.9836425781, 260.765625, 275.012237549, 403.20892334, 247.607910156, 450.302978516, 827.018920898, 503.068328857, 806.544555664, 1416.34057617, 1010.50469971, 803.885803223, 868.789428711, 332.908447266, 763.830444336, 678.469421387, 973.316894531, 1016.32421875, 276.049346924, 301.65914917, 244.717529297, 173.887924194, 380.272155762, 141.492019653, 178.128204346, 167.713088989, 249.461837769, 141.087982178, 142.804519653, 112.635444641, 55.1364326477, 17.5291538239, 7.52424430847, 3.98831820488, 0.917440533638, 0.153799891472, 0.00374294770882],
        "mean": [0.153379514813, 1.48246026039, 4.73620223999, 7.0547246933, 12.2127504349, 10.8182373047, 10.2763624191, 9.07853031158, 13.6845912933, 22.9654941559, 20.6100196838, 28.7456455231, 79.321937561, 38.2240219116, 39.20885849, 46.4894332886, 28.8829994202, 50.5140304565, 44.4102935791, 56.7782897949, 37.0233917236, 26.3665676117, 20.4251613617, 16.893913269, 16.7804737091, 15.8226366043, 12.7135801315, 13.6447687149, 10.6222286224, 9.35570144653, 6.77945947647, 5.0871386528, 3.94954848289, 2.32958889008, 1.2460308075, 0.55861479044, 0.194001451135, 0.0393283441663, 0.00476444279775, 0.000165728488355],
        "median": [0.0739415958524, 0.629515945911, 3.06141042709, 5.16331577301, 3.92040491104, 3.32062578201, 2.57693099976, 2.92986702919, 4.96904087067, 6.34917068481, 8.55981636047, 11.929567337, 25.5284233093, 18.2371482849, 25.0239295959, 22.3265666962, 19.9599514008, 24.4454708099, 20.7700061798, 22.3096370697, 17.0506191254, 18.7025775909, 16.1925182343, 13.9339294434, 13.7076253891, 11.878405571, 8.68019294739, 8.25961589813, 5.92869472504, 5.44381666183, 3.61605668068, 2.49849915504, 1.79281759262, 1.11877155304, 0.680439591408, 0.311094164848, 0.0882803797722, 0.0129778813571, 0.00116662133951, 7.09545856807e-05],
        "min": [8.6462659965e-06, 0.000111019857286, 0.00094067963073, 0.00142254889943, 0.00275801215321, 0.00184073799755, 0.00167544616852, 0.000659621146042, 0.00166799535509, 0.00543712545186, 0.0161545872688, 0.00695064803585, 0.00505363941193, 0.00348089868203, 0.00429062591866, 0.00378077989444, 0.00298568373546, 0.00043094609282, 0.00022562679078, 5.46460832993e-05, 1.15473012556e-05, 7.65926415625e-06, 6.91480317982e-06, 6.50350602882e-06, 4.18949821324e-06, 8.49774096423e-06, 6.11025689068e-06, 6.95125208949e-06, 6.29777605354e-06, 5.66668313695e-06, 7.04294370735e-06, 4.10458915212e-06, 2.031641543e-06, 2.54952533396e-06, 2.09811764762e-06, 1.67361724834e-06, 1.04879018181e-06, 5.1297064374e-07, 1.26655834265e-07, 6.97391300264e-08],
        "var": [0.0727318972349, 8.54057407379, 36.4495277405, 55.7443237305, 935.724731445, 641.059265137, 884.87512207, 482.178833008, 933.31060791, 3502.02856445, 2129.1262207, 2924.36230469, 25513.1953125, 6242.35546875, 2821.04296875, 6613.93261719, 1089.81774902, 6213.04394531, 4957.51318359, 9207.10058594, 4504.99169922, 858.725036621, 476.392364502, 289.406616211, 270.738098145, 293.567718506, 192.718887329, 276.417633057, 233.1900177, 244.615447998, 147.569793701, 112.331481934, 84.9552078247, 20.8987445831, 3.34999799728, 0.686774075031, 0.128152310848, 0.00635559018701, 0.000110976412543, 8.40763760834e-08]
    },
    "gfcc": {
        "mean": [40.3882904053, 61.1573257446, -108.03225708, 29.2818183899, -49.0181045532, 26.3019275665, -29.0370445251, 12.4622278214, -25.9925861359, 2.38113451004, -23.7013168335, 0.530709922314, -14.5102872849],
        "cov": [[5164.76611328, -343.886169434, -104.444564819, -72.3352737427, 276.124084473, -103.45967865, -223.515548706, -120.526329041, -27.9172973633, 10.0565834045, -87.0131607056, -139.938781738, -68.3182830811], [-343.886169434, 907.223876953, -325.891601562, -72.5494384766, 155.857513428, 15.7652864456, 36.1861572266, 37.9805908203, 59.1029891968, -28.2642402649, 37.9797515869, -7.552754879, 55.2102775574], [-104.444564819, -325.891601562, 564.563171387, 146.399780273, -10.5273857117, -0.578457832336, 20.723285675, -1.56186628342, -14.6367807388, 36.5081977844, 22.5159397125, 22.2605781555, -31.3170623779], [-72.3352737427, -72.5494384766, 146.399780273, 235.13458252, -0.875266909599, 1.98986876011, -10.3661546707, -16.8777503967, -1.89153528214, 2.39709448814, 3.35263705254, 4.17240285873, 7.60960483551], [276.124084473, 155.857513428, -10.5273857117, -0.875266909599, 291.149017334, 97.497177124, 29.6296615601, 51.1329956055, 55.7398033142, 10.3838014603, -6.85510349274, -0.250864714384, 7.32858371735], [-103.45967865, 15.7652864456, -0.578457832336, 1.98986876011, 97.497177124, 183.572280884, 104.247711182, 58.3826026917, 27.4462432861, 0.963173985481, 3.40472817421, 2.81053829193, 1.76559531689], [-223.515548706, 36.1861572266, 20.723285675, -10.3661546707, 29.6296615601, 104.247711182, 155.934158325, 62.6875495911, 8.5371723175, 9.22994613647, 4.84734201431, -1.875877738, -7.581823349], [-120.526329041, 37.9805908203, -1.56186628342, -16.8777503967, 51.1329956055, 58.3826026917, 62.6875495911, 115.092079163, 71.1507568359, 26.969783783, 0.0626626238227, 3.09044671059, 3.98048424721], [-27.9172973633, 59.1029891968, -14.6367807388, -1.89153528214, 55.7398033142, 27.4462432861, 8.5371723175, 71.1507568359, 113.692420959, 37.7621536255, 1.4354647398, 1.02899110317, 9.52612018585], [10.0565834045, -28.2642402649, 36.5081977844, 2.39709448814, 10.3838014603, 0.963173985481, 9.22994613647, 26.969783783, 37.7621536255, 79.9613723755, 23.9862880707, 3.52288341522, -10.042014122], [-87.0131607056, 37.9797515869, 22.5159397125, 3.35263705254, -6.85510349274, 3.40472817421, 4.84734201431, 0.0626626238227, 1.4354647398, 23.9862880707, 74.1978988647, 26.8055667877, 1.13271975517], [-139.938781738, -7.552754879, 22.2605781555, 4.17240285873, -0.250864714384, 2.81053829193, -1.875877738, 3.09044671059, 1.02899110317, 3.52288341522, 26.8055667877, 67.1769866943, 22.7759990692], [-68.3182830811, 55.2102775574, -31.3170623779, 7.60960483551, 7.32858371735, 1.76559531689, -7.581823349, 3.98048424721, 9.52612018585, -10.042014122, 1.13271975517, 22.7759990692, 54.9594078064]],
        "icov": [[0.000272062927252, 0.00022790885123, 0.000128486164613, 8.69434734341e-05, -0.000508002762217, 0.000203446601517, 0.000215243140701, 0.000204347452382, 3.87322361348e-05, -5.96842874074e-05, -0.000100378420029, 0.000575773476157, -7.64197102399e-06], [0.00022790885123, 0.00222155172378, 0.00117397028953, 1.58209059009e-05, -0.00173072889447, 0.00161703117192, -0.00130408792756, 0.00050489383284, -0.0010035954183, 0.00131964252796, -0.00233573373407, 0.00159303215332, -0.00151621876284], [0.000128486164613, 0.00117397028953, 0.00303950440139, -0.00155849801376, -0.000976408948191, 0.00113746826537, -0.00107011245564, -2.86088488792e-05, 0.000105480350612, -0.000253607606282, -0.0011391955195, -0.000474057014799, 0.00103156955447], [8.69434734341e-05, 1.58209059009e-05, -0.00155849801376, 0.00541452458128, -3.9486651076e-05, -0.000609176524449, 0.000515472493134, 0.0013543345267, -0.000713907007594, 0.000118759373436, -3.63184444723e-05, 0.000971318804659, -0.00180405203719], [-0.000508002762217, -0.00173072889447, -0.000976408948191, -3.9486651076e-05, 0.00639766920358, -0.00414080685005, 0.00179684569594, -0.000989677966572, -0.000802584399935, -0.000843825051561, 0.00214507081546, -0.00170574267395, 0.000803325790912], [0.000203446601517, 0.00161703117192, 0.00113746826537, -0.000609176524449, -0.00414080685005, 0.0123575404286, -0.00770182581618, -0.000200865397346, -0.00172463606577, 0.00279165501706, -0.00246836082079, 0.000722504511941, -0.000971321191173], [0.000215243140701, -0.00130408792756, -0.00107011245564, 0.000515472493134, 0.00179684569594, -0.00770182581618, 0.0148064829409, -0.00724285887554, 0.00555262574926, -0.0021779446397, 0.0011047628941, 0.000675115385093, 0.00180852075573], [0.000204347452382, 0.00050489383284, -2.86088488792e-05, 0.0013543345267, -0.000989677966572, -0.000200865397346, -0.00724285887554, 0.0210521109402, -0.0120198745281, -0.000684197293594, 0.00103555782698, -0.000749822647776, -0.000594686716795], [3.87322361348e-05, -0.0010035954183, 0.000105480350612, -0.000713907007594, -0.000802584399935, -0.00172463606577, 0.00555262574926, -0.0120198745281, 0.0197092331946, -0.00699959462509, 0.00184427027125, 0.000775408523623, -0.0020402467344], [-5.96842874074e-05, 0.00131964252796, -0.000253607606282, 0.000118759373436, -0.000843825051561, 0.00279165501706, -0.0021779446397, -0.000684197293594, -0.00699959462509, 0.0194393079728, -0.00730239553377, 0.00103892642073, 0.00269621168263], [-0.000100378420029, -0.00233573373407, -0.0011391955195, -3.63184444723e-05, 0.00214507081546, -0.00246836082079, 0.0011047628941, 0.00103555782698, 0.00184427027125, -0.00730239553377, 0.0206412151456, -0.00891827326268, 0.00306468363851], [0.000575773476157, 0.00159303215332, -0.000474057014799, 0.000971318804659, -0.00170574267395, 0.000722504511941, 0.000675115385093, -0.000749822647776, 0.000775408523623, 0.00103892642073, -0.00891827326268, 0.0233941096812, -0.0103931445628], [-7.64197102399e-06, -0.00151621876284, 0.00103156955447, -0.00180405203719, 0.000803325790912, -0.000971321191173, 0.00180852075573, -0.000594686716795, -0.0020402467344, 0.00269621168263, 0.00306468363851, -0.0103931445628, 0.0258533209562]]
    },
    "melbands": {
        "dmean": [0.00136085378472, 0.00139631819911, 0.00100383337121, 0.000839461223222, 0.000289235060336, 0.000150254694745, 0.000157762464369, 0.000154443681822, 8.78729988472e-05, 0.000104208942503, 0.000156194859301, 6.82789614075e-05, 7.30184838176e-05, 5.92508004047e-05, 3.96464311052e-05, 3.81499012292e-05, 5.29816425114e-05, 3.87731015508e-05, 3.95594543079e-05, 2.85632140731e-05, 2.22340659093e-05, 1.35348864205e-05, 1.17664158097e-05, 8.44492933538e-06, 7.03447676642e-06, 6.19280990577e-06, 6.5300228016e-06, 6.05586728852e-06, 4.6186542022e-06, 4.85883128931e-06, 4.25925327363e-06, 3.10392920255e-06, 2.91602282232e-06, 2.708819693e-06, 2.1737150746e-06, 1.86897989352e-06, 1.66076597452e-06, 1.64489154031e-06, 1.40131805892e-06, 1.07782602754e-06],
        "dmean2": [0.00236138189211, 0.00230165477842, 0.00170566129964, 0.00144310749602, 0.000479309965158, 0.000235329585848, 0.000248240918154, 0.000238468419411, 0.000134469170007, 0.000162163283676, 0.000223971204832, 0.000101938276202, 0.000112788569822, 9.44180574152e-05, 6.29080896033e-05, 6.03901899012e-05, 8.29773198348e-05, 6.09894850641e-05, 6.04419583397e-05, 4.54017717857e-05, 3.45422231476e-05, 2.19181529246e-05, 1.89030233742e-05, 1.4502025806e-05, 1.20883396448e-05, 1.04944974737e-05, 1.10010159915e-05, 1.05105009425e-05, 8.03523380455e-06, 8.26080849947e-06, 7.11314487489e-06, 4.98366807733e-06, 4.70757004223e-06, 4.18223180532e-06, 3.23762196786e-06, 2.79934329228e-06, 2.47118305197e-06, 2.44689181272e-06, 2.05770402317e-06, 1.6468177364e-06],
        "dvar": [1.11626150101e-05, 9.34013132792e-06, 3.73232956008e-06, 5.66983953831e-06, 5.21616357219e-07, 1.37724086358e-07, 1.53204965159e-07, 2.13093812818e-07, 4.67560958839e-08, 6.09227228665e-08, 9.09995634402e-08, 3.32285239324e-08, 1.94162499412e-08, 1.49451455655e-08, 5.57059465223e-09, 5.27751398138e-09, 1.10698756828e-08, 6.46330233778e-09, 6.134424968e-09, 3.05057445971e-09, 2.24148322125e-09, 3.7598404945e-10, 3.92009896766e-10, 2.06419770166e-10, 1.283546186e-10, 1.00536759473e-10, 1.4050566266e-10, 1.05988953725e-10, 6.56426579759e-11, 6.86702500419e-11, 6.4446711856e-11, 3.14777787169e-11, 3.12929439306e-11, 4.25918467162e-11, 2.70124287521e-11, 2.08775583627e-11, 2.11672675915e-11, 2.43041801962e-11, 1.47823402824e-11, 5.91965062038e-12],
        "dvar2": [2.91007363558e-05, 2.32383827097e-05, 9.68157200987e-06, 1.53176606545e-05, 1.2612390492e-06, 3.07025345592e-07, 3.62742014204e-07, 5.004689001e-07, 1.02264110069e-07, 1.50361486817e-07, 1.66642095678e-07, 6.71908821914e-08, 4.18651993073e-08, 3.30998055631e-08, 1.38981128828e-08, 1.23488312909e-08, 2.53790979343e-08, 1.53765498112e-08, 1.35227127274e-08, 7.1559393966e-09, 5.02066166419e-09, 8.67897087531e-10, 8.09683653458e-10, 5.66979130312e-10, 3.21506099521e-10, 2.61905858112e-10, 3.62117835717e-10, 2.80917678008e-10, 1.84479223564e-10, 1.88250331989e-10, 1.66112554267e-10, 7.20577000846e-11, 6.80710349199e-11, 9.02620617138e-11, 5.42921055335e-11, 4.51512230382e-11, 4.04330319226e-11, 5.03361900772e-11, 3.00625184468e-11, 1.25805390411e-11],
        "max": [0.0259053595364, 0.0253162793815, 0.0153050627559, 0.0216406639665, 0.0116842379794, 0.00527930166572, 0.00595704419538, 0.00795168336481, 0.00371810258366, 0.00442007416859, 0.00698271254078, 0.00450999941677, 0.00315768318251, 0.00271493173204, 0.00161215243861, 0.00146260182373, 0.00175494863652, 0.0013383931946, 0.00135570985731, 0.000697761483025, 0.00131254154257, 0.000365337677067, 0.000493850151543, 0.000292516575428, 0.000205992750125, 0.000142258388223, 0.000364569568774, 0.000193571366253, 8.5315979959e-05, 0.000115402588563, 0.000123350633658, 0.000100611498056, 0.000119359669043, 0.000170825413079, 9.88079336821e-05, 9.14516567718e-05, 9.39996098168e-05, 9.74475260591e-05, 7.63268908486e-05, 3.52115457645e-05],
        "mean": [0.0015602633357, 0.00236606341787, 0.00143026479054, 0.000850193202496, 0.000378148251912, 0.00021402114362, 0.000222823902732, 0.000235629864619, 0.000154565248522, 0.000210138197872, 0.000394089322072, 0.000145956742927, 0.000134288231493, 0.000127959356178, 7.65711447457e-05, 7.32829576009e-05, 9.4400231319e-05, 6.63086611894e-05, 7.67513920437e-05, 5.67052375118e-05, 4.24786376243e-05, 2.77072631434e-05, 2.33712744375e-05, 1.56691967277e-05, 1.32472086989e-05, 1.17662129924e-05, 1.26128215925e-05, 9.85439692158e-06, 7.48327101974e-06, 8.36483195599e-06, 7.65859840612e-06, 5.96849122303e-06, 5.60393027627e-06, 5.04069475937e-06, 4.04066895499e-06, 3.3378084936e-06, 3.02651346828e-06, 2.84958923658e-06, 2.38316988543e-06, 1.82050052899e-06],
        "median": [0.000700469478033, 0.0014482201077, 0.000914559874218, 0.000271457975032, 0.000104002188891, 6.4883082814e-05, 7.91427155491e-05, 6.91654495313e-05, 6.07411784586e-05, 7.40027389838e-05, 0.000122310535517, 6.21371073066e-05, 8.22243382572e-05, 5.6052544096e-05, 4.35027541243e-05, 4.03775884479e-05, 3.87713844248e-05, 2.56844414253e-05, 2.99032362818e-05, 2.40927347477e-05, 1.90696773643e-05, 1.84308482858e-05, 1.61324387591e-05, 1.22362189359e-05, 1.04048185676e-05, 8.999199963e-06, 9.84744838206e-06, 6.98116036801e-06, 4.978661309e-06, 5.4307793107e-06, 4.35920446762e-06, 3.26848339682e-06, 3.28517489834e-06, 2.79832579508e-06, 2.11129531635e-06, 1.69255520177e-06, 1.41158727729e-06, 1.25949475205e-06, 1.03222328107e-06, 8.81994651536e-07],
        "min": [1.57042478577e-07, 2.63838785486e-07, 3.60604474281e-07, 1.27302428155e-07, 6.20282278874e-08, 1.27931008009e-08, 2.72015601155e-08, 8.12796514538e-08, 1.14478460489e-07, 4.03428082052e-08, 2.50479672559e-08, 1.3671115795e-08, 1.31446933338e-08, 1.3414080513e-08, 3.0032238918e-09, 1.69839320385e-09, 2.16956702603e-10, 3.22336601855e-10, 1.8480678099e-10, 2.01260397237e-11, 9.25431779819e-12, 8.60190564611e-12, 5.44362645238e-12, 5.27963350122e-12, 5.41640603896e-12, 2.98228607608e-12, 3.72929725295e-12, 6.08267516217e-12, 4.33319699567e-12, 3.01916499613e-12, 4.33921691981e-12, 3.10758753799e-12, 4.18730198085e-12, 2.84483374358e-12, 3.60496376674e-12, 3.79343561771e-12, 2.16572072775e-12, 1.28526410435e-12, 1.56464576538e-12, 2.17803054238e-12],
        "var": [8.80749485077e-06, 1.02376552604e-05, 3.5980872326e-06, 4.44807255917e-06, 8.96534970707e-07, 2.55887954381e-07, 2.05638770012e-07, 3.35978512567e-07, 1.24209194041e-07, 1.43088016102e-07, 6.22630636826e-07, 1.22295872984e-07, 4.05855793417e-08, 5.88056465745e-08, 1.25133352569e-08, 1.24866490481e-08, 2.60105412764e-08, 1.46613068353e-08, 1.62410849214e-08, 8.39115710249e-09, 7.22238224782e-09, 1.11511477829e-09, 9.60362789293e-10, 2.62521920869e-10, 2.08772041321e-10, 1.57544088886e-10, 1.96375402051e-10, 1.21491663951e-10, 7.16018355718e-11, 9.41699287993e-11, 1.03167405174e-10, 7.60724747084e-11, 8.18373077638e-11, 8.42883055019e-11, 5.45019654408e-11, 4.11118500354e-11, 4.723840763e-11, 4.75194918137e-11, 3.07035369351e-11, 1.18364432838e-11]
    },
    "mfcc": {
        "mean": [-607.542419434, 98.7837219238, 1.0054217577, 15.3042087555, 5.17587661743, 13.7213630676, 7.32802820206, 10.2989845276, 6.39555501938, 3.27522659302, -0.508950054646, -2.1202776432, -1.40659153461],
        "cov": [[5105.07714844, -115.237617493, -409.817565918, -28.5184268951, 234.321685791, -12.1233911514, -103.798088074, -191.109527588, -58.0084037781, 31.6258640289, -85.8235321045, -95.7000579834, -91.4666671753], [-115.237617493, 750.727539062, -324.346099854, -53.743434906, 80.2305755615, -4.92319345474, 21.6920146942, 54.0317802429, 37.1413230896, 32.4749069214, 24.8082847595, -6.94270706177, 33.189453125], [-409.817565918, -324.346099854, 495.779510498, 123.023048401, -40.6251983643, 9.75329208374, 25.0896129608, -20.4580116272, -34.280002594, -29.8127002716, 9.68450260162, 48.0214920044, -1.82341659069], [-28.5184268951, -53.743434906, 123.023048401, 193.574203491, 41.7296257019, 8.67757797241, -19.1796321869, -29.5067119598, -12.2346467972, -18.7395935059, -12.099527359, 10.7332468033, 6.54909706116], [234.321685791, 80.2305755615, -40.6251983643, 41.7296257019, 219.725280762, 44.2523231506, -6.32399654388, 26.6254138947, 37.0527038574, 28.0792713165, 5.19058609009, 0.513386189938, 21.4143218994], [-12.1233911514, -4.92319345474, 9.75329208374, 8.67757797241, 44.2523231506, 113.661994934, 62.5647315979, 37.5879402161, 22.0740413666, 12.8026742935, 14.113945961, 0.163807570934, -0.953827381134], [-103.798088074, 21.6920146942, 25.0896129608, -19.1796321869, -6.32399654388, 62.5647315979, 139.89805603, 53.5754203796, 15.3120937347, 8.84537410736, 25.1134719849, 12.8136320114, -3.9696097374], [-191.109527588, 54.0317802429, -20.4580116272, -29.5067119598, 26.6254138947, 37.5879402161, 53.5754203796, 114.505104065, 56.9060020447, 20.9108734131, 19.0115833282, 5.4149222374, 13.970788002], [-58.0084037781, 37.1413230896, -34.280002594, -12.2346467972, 37.0527038574, 22.0740413666, 15.3120937347, 56.9060020447, 113.868927002, 56.4158630371, 18.6789321899, 5.22353744507, 11.1365442276], [31.6258640289, 32.4749069214, -29.8127002716, -18.7395935059, 28.0792713165, 12.8026742935, 8.84537410736, 20.9108734131, 56.4158630371, 93.6263427734, 37.7419776917, 9.63883113861, 7.4713344574], [-85.8235321045, 24.8082847595, 9.68450260162, -12.099527359, 5.19058609009, 14.113945961, 25.1134719849, 19.0115833282, 18.6789321899, 37.7419776917, 71.6003341675, 30.2283916473, 11.1442050934], [-95.7000579834, -6.94270706177, 48.0214920044, 10.7332468033, 0.513386189938, 0.163807570934, 12.8136320114, 5.4149222374, 5.22353744507, 9.63883113861, 30.2283916473, 63.7679100037, 28.9358673096], [-91.4666671753, 33.189453125, -1.82341659069, 6.54909706116, 21.4143218994, -0.953827381134, -3.9696097374, 13.970788002, 11.1365442276, 7.4713344574, 11.1442050934, 28.9358673096, 66.378112793]],
