{
"lowlevel": {
    "average_loudness": 0.916474580765,
    "barkbands_crest": {
        "dmean": 1.97077739239,
        "dmean2": 3.15231204033,
        "dvar": 4.93808364868,
        "dvar2": 13.0201721191,
        "max": 25.1840744019,
        "mean": 10.4415197372,
        "median": 9.3038520813,
        "min": 3.41173410416,
        "var": 18.5858612061
    },
    "barkbands_flatness_db": {
        "dmean": 0.0180832203478,
        "dmean2": 0.0262155309319,
        "dvar": 0.000474535219837,
        "dvar2": 0.00102296017576,
        "max": 0.511230111122,
        "mean": 0.142677143216,
        "median": 0.12443472445,
        "min": 0.0363932736218,
        "var": 0.00407725200057
    },
    "barkbands_kurtosis": {
        "dmean": 2.99910616875,
        "dmean2": 4.44894456863,
        "dvar": 58.7956771851,
        "dvar2": 116.328796387,
        "max": 263.462554932,
        "mean": 6.09825229645,
        "median": 1.18018341064,
        "min": -1.91773045063,
        "var": 219.577194214
    },
    "barkbands_skewness": {
        "dmean": 0.481558203697,
        "dmean2": 0.700306773186,
        "dvar": 0.405213773251,
        "dvar2": 0.82284963131,
        "max": 12.1456804276,
        "mean": 1.53054964542,
        "median": 1.13296663761,
        "min": -3.17982411385,
        "var": 2.27312302589
    },
    "barkbands_spread": {
        "dmean": 4.98604202271,
        "dmean2": 7.39834737778,
        "dvar": 77.2811203003,
        "dvar2": 156.922103882,
        "max": 105.867210388,
        "mean": 23.8146095276,
        "median": 21.7295417786,
        "min": 0.314065605402,
        "var": 313.716064453
    },
    "dissonance": {
        "dmean": 0.0213080812246,
        "dmean2": 0.0350941680372,
        "dvar": 0.000430023297668,
        "dvar2": 0.00112706399523,
        "max": 0.499999791384,
        "mean": 0.443319052458,
        "median": 0.455723136663,
        "min": 0.17106051743,
        "var": 0.0020389277488
    },
    "dynamic_complexity": 3.73402309418,
    "erbbands_crest": {
        "dmean": 2.58252096176,
        "dmean2": 3.91693162918,
        "dvar": 7.65004301071,
        "dvar2": 17.924703598,
        "max": 29.8663883209,
        "mean": 11.5493822098,
        "median": 10.5733098984,
        "min": 2.11691451073,
        "var": 28.9288959503
    },
    "erbbands_flatness_db": {
        "dmean": 0.0161322765052,
        "dmean2": 0.0216962900013,
        "dvar": 0.000337191537255,
        "dvar2": 0.000606373709161,
        "max": 0.38376301527,
        "mean": 0.156644761562,
        "median": 0.154158577323,
        "min": 0.0387782044709,
        "var": 0.00325792632066
    },
    "erbbands_kurtosis": {
        "dmean": 1.41376292706,
        "dmean2": 2.07391476631,
        "dvar": 13.4994516373,
        "dvar2": 28.9448928833,
        "max": 100.634338379,
        "mean": 2.40650320053,
        "median": 1.05733537674,
        "min": -1.79711139202,
        "var": 39.4789390564
    },
    "erbbands_skewness": {
        "dmean": 0.380293190479,
        "dmean2": 0.544392287731,
        "dvar": 0.198267579079,
        "dvar2": 0.391684740782,
        "max": 7.51066732407,
        "mean": 0.357356011868,
        "median": 0.326985955238,
        "min": -3.31694221497,
        "var": 1.31101572514
    },
    "erbbands_spread": {
        "dmean": 7.38305807114,
        "dmean2": 10.6480140686,
        "dvar": 118.391952515,
        "dvar2": 248.217941284,
        "max": 138.937057495,
        "mean": 34.8879394531,
        "median": 27.3389701843,
        "min": 1.21471440792,
        "var": 563.168273926
    },
    "hfc": {
        "dmean": 6.40059614182,
        "dmean2": 9.73531246185,
        "dvar": 134.902801514,
        "dvar2": 301.720733643,
        "max": 146.636398315,
        "mean": 28.7737789154,
        "median": 28.3278102875,
        "min": 1.1719149488e-16,
        "var": 525.47869873
    },
    "melbands_crest": {
        "dmean": 2.17677736282,
        "dmean2": 3.53634953499,
        "dvar": 5.84928750992,
        "dvar2": 14.8453817368,
        "max": 33.3653068542,
        "mean": 14.3467874527,
        "median": 13.4663925171,
        "min": 1.90638101101,
        "var": 24.5940914154
    },
    "melbands_flatness_db": {
        "dmean": 0.0217018444091,
        "dmean2": 0.0313323140144,
        "dvar": 0.000730453524739,
        "dvar2": 0.00153937528376,
        "max": 0.628503501415,
        "mean": 0.219099417329,
        "median": 0.200835779309,
        "min": 0.00535954441875,
        "var": 0.00542879477143
    },
    "melbands_kurtosis": {
        "dmean": 6.24588537216,
        "dmean2": 9.30348396301,
        "dvar": 152.789886475,
        "dvar2": 316.439361572,
        "max": 409.653900146,
        "mean": 15.3368082047,
        "median": 5.00722312927,
        "min": -1.62031388283,
        "var": 672.595825195
    },
    "melbands_skewness": {
        "dmean": 0.611589610577,
        "dmean2": 0.890029132366,
        "dvar": 0.657393813133,
        "dvar2": 1.37675619125,
        "max": 12.8600435257,
        "mean": 2.5791285038,
        "median": 1.94658184052,
        "min": -1.31563568115,
        "var": 3.89278316498
    },
    "melbands_spread": {
        "dmean": 6.04583311081,
        "dmean2": 8.95220088959,
        "dvar": 123.791938782,
        "dvar2": 238.064651489,
        "max": 202.027770996,
        "mean": 24.8706531525,
        "median": 21.9939212799,
        "min": 0.32766020298,
        "var": 440.609863281
    },
    "pitch_salience": {
        "dmean": 0.054414447397,
        "dmean2": 0.0872272029519,
        "dvar": 0.00320692989044,
        "dvar2": 0.0079996259883,
        "max": 0.830164909363,
        "mean": 0.488084703684,
        "median": 0.480711758137,
        "min": 0.0475777983665,
        "var": 0.0122556472197
    },
    "silence_rate_20dB": {
        "dmean": 0,
        "dmean2": 0,
        "dvar": 0,
        "dvar2": 0,
        "max": 1,
        "mean": 1,
        "median": 1,
        "min": 1,
        "var": 0
    },
    "silence_rate_30dB": {
        "dmean": 0.0208978336304,
        "dmean2": 0.0418118461967,
        "dvar": 0.0204605516046,
        "dvar2": 0.0586473233998,
        "max": 1,
        "mean": 0.98839455843,
        "median": 1,
        "min": 0,
        "var": 0.0114709064364
    },
    "silence_rate_60dB": {
        "dmean": 0.00657894741744,
        "dmean2": 0.0131629891694,
        "dvar": 0.00653613032773,
        "dvar2": 0.0129884043708,
        "max": 1,
        "mean": 0.133849129081,
        "median": 0,
        "min": 0,
        "var": 0.115931637585
    },
    "spectral_centroid": {
        "dmean": 195.334335327,
        "dmean2": 292.005462646,
        "dvar": 109466.132812,
        "dvar2": 218196.484375,
        "max": 11325.9404297,
        "mean": 1191.36376953,
        "median": 1158.40283203,
        "min": 188.487731934,
        "var": 502379.84375
    },
    "spectral_complexity": {
        "dmean": 2.83630037308,
        "dmean2": 4.41695690155,
        "dvar": 15.0113754272,
        "dvar2": 32.9725112915,
        "max": 49,
        "mean": 16.2456474304,
        "median": 17,
        "min": 0,
        "var": 70.4174499512
    },
    "spectral_decrease": {
        "dmean": 2.19205920082e-09,
        "dmean2": 3.52058071584e-09,
        "dvar": 2.05910417299e-17,
        "dvar2": 5.1235216417e-17,
        "max": 5.82876438396e-29,
        "mean": -8.5491747015e-09,
        "median": -8.51155501636e-09,
        "min": -5.58797736971e-08,
        "var": 3.78199185245e-17
    },
    "spectral_energy": {
        "dmean": 0.00860271602869,
        "dmean2": 0.0137968352064,
        "dvar": 0.00030388974119,
        "dvar2": 0.000756327004638,
        "max": 0.213976427913,
        "mean": 0.034876447171,
        "median": 0.0350486114621,
        "min": 1.04766907834e-20,
        "var": 0.000591194489971
    },
    "spectral_energyband_high": {
        "dmean": 0.000455214059912,
        "dmean2": 0.000681084522512,
        "dvar": 1.77917286237e-06,
        "dvar2": 3.56683676728e-06,
        "max": 0.0204714350402,
        "mean": 0.00118053739425,
        "median": 0.000577029946726,
        "min": 7.3751956559e-21,
        "var": 5.21950914845e-06
    },
    "spectral_energyband_low": {
        "dmean": 0.00449552107602,
        "dmean2": 0.00730945402756,
        "dvar": 0.000174120403244,
        "dvar2": 0.000433180655818,
        "max": 0.195171102881,
        "mean": 0.0134969847277,
        "median": 0.0119422357529,
        "min": 3.44075630873e-23,
        "var": 0.000205657968763
    },
    "spectral_energyband_middle_high": {
        "dmean": 0.00224763294682,
        "dmean2": 0.00322061986662,
        "dvar": 1.07730793388e-05,
        "dvar2": 2.26698011829e-05,
        "max": 0.042658701539,
        "mean": 0.00831392966211,
        "median": 0.00567085668445,
        "min": 1.55927998428e-21,
        "var": 6.98206058587e-05
    },
    "spectral_energyband_middle_low": {
        "dmean": 0.00519643910229,
        "dmean2": 0.00835819914937,
        "dvar": 0.000130745815113,
        "dvar2": 0.00034340005368,
        "max": 0.145909950137,
        "mean": 0.013191640377,
        "median": 0.00930042099208,
        "min": 1.84766041966e-22,
        "var": 0.000188380887266
    },
    "spectral_entropy": {
        "dmean": 0.178935304284,
        "dmean2": 0.243909224868,
        "dvar": 0.0581812262535,
        "dvar2": 0.10087711364,
        "max": 9.80432605743,
        "mean": 7.31206274033,
        "median": 7.44868755341,
        "min": 3.79688954353,
        "var": 0.52517580986
    },
    "spectral_flux": {
        "dmean": 0.0249739494175,
        "dmean2": 0.0374155566096,
        "dvar": 0.00109209283255,
        "dvar2": 0.00223679211922,
        "max": 0.416527181864,
        "mean": 0.076858997345,
        "median": 0.0650495812297,
        "min": 6.66558960805e-11,
        "var": 0.00338585488498
    },
    "spectral_kurtosis": {
        "dmean": 1.88741362095,
        "dmean2": 2.80049467087,
        "dvar": 13.011800766,
        "dvar2": 24.2811279297,
        "max": 87.6152191162,
        "mean": 6.10158967972,
        "median": 4.13977956772,
        "min": -1.2441521883,
        "var": 61.3294563293
    },
    "spectral_rms": {
        "dmean": 0.000613723357674,
        "dmean2": 0.000956035684794,
        "dvar": 9.97760480459e-07,
        "dvar2": 2.33507512348e-06,
        "max": 0.0144484424964,
        "mean": 0.00536426575854,
        "median": 0.00584754347801,
        "min": 3.19705525074e-12,
        "var": 5.25048744748e-06
    },
    "spectral_rolloff": {
        "dmean": 392.399993896,
        "dmean2": 648.13092041,
        "dvar": 1012579.5625,
        "dvar2": 1991038,
        "max": 18949.21875,
        "mean": 1476.78991699,
        "median": 1012.06054688,
        "min": 107.666015625,
        "var": 3111958
    },
    "spectral_skewness": {
        "dmean": 0.23607262969,
        "dmean2": 0.337708950043,
        "dvar": 0.106394484639,
        "dvar2": 0.185066699982,
        "max": 7.82691955566,
        "mean": 1.88029646873,
        "median": 1.74111771584,
        "min": -0.0165229029953,
        "var": 0.768017172813
    },
    "spectral_spread": {
        "dmean": 641608.625,
        "dmean2": 874957.5625,
        "dvar": 1.0928685056e+12,
        "dvar2": 1.79041665024e+12,
        "max": 41504500,
        "mean": 5453519.5,
        "median": 5207653.5,
        "min": 1128455.125,
        "var": 5.37228476416e+12
    },
    "spectral_strongpeak": {
        "dmean": 0.773506164551,
        "dmean2": 1.33803462982,
        "dvar": 2.23540711403,
        "dvar2": 5.39647197723,
        "max": 12.1264247894,
        "mean": 1.49648213387,
        "median": 0.563518047333,
        "min": 1.2665688498e-09,
        "var": 3.94641900063
    },
    "zerocrossingrate": {
        "dmean": 0.0103873144835,
        "dmean2": 0.0123193189502,
        "dvar": 0.000273364945315,
        "dvar2": 0.000307641312247,
        "max": 0.5166015625,
        "mean": 0.0615693368018,
        "median": 0.0537109375,
        "min": 0.0068359375,
        "var": 0.0020597029943
    },
    "barkbands": {
        "dmean": [9.58808668656e-05, 0.0033092929516, 0.00160395936109, 0.00160301290452, 0.0026360922493, 0.000987281324342, 0.000814736180473, 0.000530339370016, 0.00111381046008, 0.000338602316333, 0.000687156280037, 0.00032006658148, 0.000457964226371, 0.000593266857322, 0.000669406959787, 0.00045450849575, 0.000271369557595, 0.000210676327697, 9.72539710347e-05, 0.000104618848127, 7.43250566302e-05, 0.000111745481263, 0.000138686285936, 9.82371057034e-05, 7.72316998336e-05, 4.48430837423e-05, 1.11997142085e-05],
        "dmean2": [0.000145186393638, 0.00541508803144, 0.00274949264713, 0.00266531552188, 0.00439804932103, 0.0016044654185, 0.00118406128604, 0.000803022121545, 0.00158668716904, 0.00050395244034, 0.000863751862198, 0.000433213630458, 0.000644513347652, 0.000848332885653, 0.00101393356454, 0.000671900517773, 0.00040418835124, 0.000324679596815, 0.000154359018779, 0.000173137756065, 0.000119444965094, 0.00017434534675, 0.000210582540603, 0.000147089696839, 0.000113578171295, 6.55107287457e-05, 1.57885751833e-05],
        "dvar": [3.63632857159e-08, 0.000119020645798, 1.92810657609e-05, 9.55929044721e-06, 6.19149795966e-05, 7.96788390289e-06, 4.7707117119e-06, 2.95171867037e-06, 6.15874114374e-06, 9.84887265076e-07, 3.57792009709e-06, 6.90742979259e-07, 1.46454271999e-06, 2.00140061679e-06, 3.16733508043e-06, 2.22289645535e-06, 4.08306959798e-07, 3.14295903081e-07, 7.67325332163e-08, 4.77854023018e-08, 4.03772908442e-08, 1.33689326276e-07, 2.8294576282e-07, 1.36021228059e-07, 4.72302303933e-08, 1.26427854852e-08, 1.51761259115e-09],
        "dvar2": [7.62671703569e-08, 0.00030462158611, 5.56572922505e-05, 2.63459132839e-05, 0.000166002078913, 1.95842185349e-05, 9.31846898311e-06, 6.87195051796e-06, 1.27833491206e-05, 2.21206778406e-06, 5.47400668438e-06, 1.20150230032e-06, 3.15198326462e-06, 4.16428520111e-06, 7.35821049602e-06, 5.14822613695e-06, 8.28659949548e-07, 7.80185132498e-07, 1.75096857902e-07, 1.28534324517e-07, 8.88679778654e-08, 2.70488158094e-07, 6.53569543374e-07, 2.88069429644e-07, 9.92091102603e-08, 2.30050520855e-08, 2.87296919588e-09],
        "max": [0.00326708657667, 0.148050457239, 0.0547644793987, 0.0330821312964, 0.0973331332207, 0.0380330905318, 0.0362560488284, 0.0278312563896, 0.0361958965659, 0.0259841848165, 0.0357870310545, 0.019123820588, 0.0228925552219, 0.0246305465698, 0.0242536384612, 0.0238236933947, 0.0151975098997, 0.0108859818429, 0.00650441739708, 0.00396717339754, 0.00633004773408, 0.0092888912186, 0.0100768003613, 0.0070025594905, 0.00395965203643, 0.00226826569997, 0.000646731059533],
        "mean": [0.000243277754635, 0.00599379977211, 0.00601642951369, 0.00241274968721, 0.00387721508741, 0.00143975601532, 0.00171153515112, 0.00081057503121, 0.00281515647657, 0.000595805235207, 0.0017363486113, 0.000775223772507, 0.000920349208172, 0.00117215828504, 0.00114687439054, 0.000828734773677, 0.000543009780813, 0.000381833087886, 0.00016066749231, 0.000196306296857, 0.000138783827424, 0.000219399255002, 0.000261042296188, 0.000209857578739, 0.000157834409038, 9.17408469832e-05, 2.00082595256e-05],
        "median": [6.36727854726e-05, 0.00352424476296, 0.0049594049342, 0.00147152272984, 0.00137301173527, 0.000519281253219, 0.000492471677717, 0.000226421398111, 0.000691470166203, 0.000163344768225, 0.000229765719268, 0.000132253553602, 0.000154560926603, 0.000213449573494, 0.000199322210392, 0.000146893784404, 0.000126909828396, 0.000162938027643, 8.65995025379e-05, 0.000122780926176, 6.27228801022e-05, 8.99486185517e-05, 9.27213695832e-05, 7.25159916328e-05, 6.68203792884e-05, 2.74628127954e-05, 3.39749249179e-06],
        "min": [6.90352846315e-24, 4.9321508615e-24, 1.99221331142e-23, 1.55992037525e-23, 2.49810255241e-23, 1.52024051395e-23, 2.00782833972e-23, 1.84095112611e-23, 1.53555593288e-23, 2.56462245939e-23, 3.26840597816e-23, 9.24217635198e-23, 1.06757480315e-22, 9.92677130255e-23, 1.14911916559e-22, 1.21270817031e-22, 8.47352921859e-23, 2.56851166987e-22, 2.05647644511e-22, 1.96978302976e-22, 3.79996216555e-22, 3.74978606814e-22, 5.20490829162e-22, 8.50056013704e-22, 1.13826181421e-21, 1.59879876019e-21, 2.234322473e-21],
        "var": [1.60277252803e-07, 0.000107959007437, 3.12458541885e-05, 1.08506137622e-05, 6.66719861329e-05, 1.02760168375e-05, 1.37935667226e-05, 3.83482620236e-06, 2.57278315985e-05, 2.04483490052e-06, 2.02541195904e-05, 3.78676304535e-06, 4.56694124296e-06, 5.70899737795e-06, 6.94004211255e-06, 4.99247335028e-06, 1.56674150276e-06, 5.79465506689e-07, 1.0412687601e-07, 6.60188845814e-08, 8.44455669835e-08, 3.21910846424e-07, 5.72598935378e-07, 3.58721564453e-07, 1.03246442507e-07, 4.02137736444e-08, 4.68195793246e-09]
    },
    "erbbands": {
        "dmean": [0.0865302607417, 0.789838790894, 1.72459506989, 3.56083703041, 8.57446861267, 8.97256946564, 7.25464105606, 8.27146244049, 9.83153343201, 13.4114274979, 14.1474456787, 24.4617233276, 14.4425706863, 15.7828989029, 20.9983959198, 11.0857601166, 19.3595027924, 22.8960361481, 27.8552837372, 34.7996635437, 20.0384292603, 14.9992485046, 12.0685796738, 5.33075761795, 5.29636192322, 4.75285243988, 3.24681854248, 3.12688803673, 3.83590078354, 4.22971534729, 4.00757646561, 2.17316746712, 1.67529034615, 1.03600621223, 0.481817036867, 0.205031752586, 0.0876021459699, 0.0178036298603, 0.00216795387678, 6.21829603915e-05],
        "dmean2": [0.141984149814, 1.30743038654, 2.96266937256, 5.96448087692, 14.7497577667, 14.6714897156, 11.5849819183, 13.4798717499, 14.8699474335, 19.0703525543, 20.1191272736, 34.4014549255, 21.1489391327, 19.9126796722, 26.9087581635, 15.4314451218, 27.7666530609, 32.1117858887, 42.041683197, 49.9675827026, 27.9422397614, 22.1655464172, 18.2551441193, 8.46253395081, 8.4860200882, 7.87095832825, 5.31437730789, 4.95075130463, 5.90618610382, 6.7545580864, 6.02845478058, 3.27355766296, 2.50912237167, 1.51647675037, 0.725692987442, 0.310515075922, 0.128650948405, 0.0260261334479, 0.00304047972895, 8.88210415724e-05],
        "dvar": [0.0618383511901, 7.43736839294, 27.0904331207, 44.41979599, 696.606262207, 673.060974121, 416.894195557, 713.372619629, 799.165039062, 2170.00463867, 1569.53527832, 3526.71777344, 1528.67150879, 1440.68701172, 2758.80126953, 753.79864502, 3081.56518555, 3139.25976562, 5225.29736328, 8532.48632812, 3717.28515625, 1092.05480957, 898.818969727, 216.271408081, 198.793167114, 100.543891907, 57.8301925659, 95.6442871094, 168.929367065, 270.046081543, 247.845184326, 66.053855896, 39.5843582153, 10.1297445297, 1.49849534035, 0.250184267759, 0.0569584369659, 0.00291300029494, 6.00801831752e-05, 4.26316226765e-08],
        "dvar2": [0.15542280674, 19.2870235443, 77.3982543945, 124.856819153, 1923.0670166, 1711.49572754, 1017.54144287, 1819.07543945, 1588.61975098, 4232.09716797, 3543.95581055, 7630.00390625, 3394.71362305, 2071.93408203, 4899.61035156, 1473.33618164, 6766.77294922, 6215.65234375, 12415.8066406, 17420.3261719, 6837.79541016, 2206.50390625, 2135.04443359, 514.33203125, 462.732757568, 269.784973145, 149.658462524, 187.003417969, 338.86126709, 669.016113281, 569.441772461, 137.057098389, 83.1135635376, 20.5949134827, 3.31388258934, 0.486819952726, 0.104494869709, 0.00560767948627, 0.000109778091428, 8.00701442927e-08],
        "max": [2.60695409775, 39.4802360535, 75.3422546387, 76.2854690552, 341.218017578, 290.61819458, 267.875793457, 379.689056396, 659.45892334, 857.247619629, 691.085388184, 947.659057617, 856.438537598, 902.33380127, 969.727294922, 745.685058594, 1243.77624512, 1266.67810059, 1162.36975098, 1759.37341309, 1636.59375, 754.750732422, 653.165344238, 344.382751465, 293.184509277, 158.652557373, 117.702644348, 376.883300781, 369.556427002, 437.451904297, 316.380859375, 126.966125488, 122.74747467, 64.8644866943, 23.3009109497, 9.13860607147, 5.61908817291, 1.33748543262, 0.141814142466, 0.0042652641423],
        "mean": [0.165589660406, 1.42647302151, 5.93634128571, 8.24782657623, 11.3278636932, 13.2373476028, 10.8428955078, 12.3609838486, 19.2773685455, 25.6111316681, 28.3980903625, 55.9962463379, 35.6411628723, 39.6465339661, 55.3741645813, 27.2648143768, 42.01329422, 51.7647590637, 52.4126281738, 64.3648757935, 43.5823974609, 33.3803977966, 24.9089412689, 10.0711650848, 9.64363098145, 8.87330055237, 6.05493021011, 5.89565610886, 7.39088487625, 8.24796676636, 7.31728792191, 4.57720851898, 3.44351315498, 2.07110118866, 0.961790621281, 0.424671053886, 0.167579501867, 0.033264849335, 0.00390468048863, 0.000147073165863],
        "median": [0.0998261496425, 0.908205151558, 5.12524223328, 6.71701812744, 5.49726963043, 4.24468994141, 4.1392416954, 4.64716243744, 4.73977279663, 7.85083913803, 9.08907699585, 13.7560062408, 11.9753780365, 9.67329120636, 13.2961273193, 7.73280715942, 9.40180587769, 10.2826986313, 13.0204992294, 12.1711091995, 8.83697795868, 8.9762468338, 10.5628986359, 5.52272987366, 5.93138599396, 5.61525535583, 3.31794381142, 2.21669816971, 2.82789802551, 3.53108978271, 2.54004240036, 1.57834732533, 1.10824036598, 0.8629976511, 0.3662135005, 0.151845276356, 0.0431069023907, 0.00753361172974, 0.000658126838971, 6.47956621833e-05],
        "min": [2.72093827698e-22, 1.09853311295e-21, 1.49153815323e-20, 4.67402185597e-20, 8.91119347458e-20, 5.4305350717e-20, 5.41980531131e-20, 1.02128306693e-19, 2.66430222412e-19, 2.60875213461e-19, 2.96318274197e-19, 2.75563666393e-19, 6.70452323748e-19, 1.14284948471e-18, 1.72676796304e-18, 3.49721995461e-18, 4.0168341359e-18, 5.42291958169e-18, 5.40878720093e-18, 7.22516705184e-18, 5.30962768422e-18, 4.28603344881e-18, 1.03668991072e-17, 1.21870802666e-17, 7.61580309612e-18, 1.10891684026e-17, 1.64538151781e-17, 1.25962542556e-17, 1.48786201007e-17, 1.09601207825e-17, 1.60072600701e-17, 1.78958639554e-17, 1.42122549798e-17, 1.03379064267e-17, 8.83768451848e-18, 5.14369566694e-18, 3.10885907061e-18, 1.24862448176e-18, 2.70574965968e-19, 3.37062011696e-20],
        "var": [0.0652304962277, 6.33753824234, 33.9534606934, 63.891544342, 571.972412109, 970.510437012, 545.364746094, 790.507751465, 2231.54516602, 4822.59765625, 3126.30834961, 11514.8173828, 5570.56103516, 8039.81103516, 14548.1640625, 3084.25927734, 9104.40429688, 11676.9179688, 9469.46972656, 20552.9121094, 12852.8027344, 5267.73291016, 2283.65405273, 309.082214355, 290.637145996, 136.806259155, 87.6586456299, 238.224075317, 408.718383789, 447.800445557, 495.746704102, 177.430053711, 96.3603744507, 22.80169487, 3.26684474945, 0.653345584869, 0.182070791721, 0.0099501311779, 0.000187189303688, 1.38466944577e-07]
    },
    "gfcc": {
        "mean": [2.18501186371, 83.7540588379, -95.8187255859, 22.4201221466, -51.1182975769, 20.3877849579, -37.2629585266, 10.4885816574, -21.9343166351, 0.161030679941, -23.0164241791, -2.60253357887, -14.7675981522],
        "cov": [[14256.6953125, -1800.3972168, -701.06036377, 1587.50244141, 975.959472656, 1248.734375, 113.164146423, 877.74786377, 239.385162354, 333.075683594, -6.7531671524, 152.888061523, -225.976715088], [-1800.3972168, 1299.55297852, -243.839736938, -332.407562256, 26.9328918457, -213.073165894, 84.6948013306, -109.208885193, -16.8518409729, -92.8425292969, 62.8061332703, -93.8754806519, 62.2386436462], [-701.06036377, -243.839736938, 714.963500977, 72.2198028564, -134.125091553, -85.6207504272, -34.9193458557, -72.1732711792, -45.2188034058, 1.95156788826, -19.7662334442, 28.5883827209, -23.8831558228], [1587.50244141, -332.407562256, 72.2198028564, 625.58416748, 189.195495605, 106.261802673, -20.9420852661, 127.763122559, 76.8143386841, 20.025062561, 2.28838825226, 15.1473608017, 10.1373643875], [975.959472656, 26.9328918457, -134.125091553, 189.195495605, 400.675994873, 143.574462891, 23.8103046417, 109.742744446, 70.8045883179, 8.26526355743, -1.17621648312, -8.04512214661, -12.4733028412], [1248.734375, -213.073165894, -85.6207504272, 106.261802673, 143.574462891, 374.013580322, 151.750305176, 88.5817260742, -32.5292472839, 23.7603530884, 16.8770523071, 1.9743244648, -64.6892852783], [113.164146423, 84.6948013306, -34.9193458557, -20.9420852661, 23.8103046417, 151.750305176, 248.843170166, 37.9676742554, -61.1769714355, -19.3710021973, 36.4483947754, -31.4625148773, -47.7073898315], [877.74786377, -109.208885193, -72.1732711792, 127.763122559, 109.742744446, 88.5817260742, 37.9676742554, 196.485855103, 78.797996521, 15.562330246, -15.6109142303, -5.3597741127, -16.5928688049], [239.385162354, -16.8518409729, -45.2188034058, 76.8143386841, 70.8045883179, -32.5292472839, -61.1769714355, 78.797996521, 174.891235352, 31.5063247681, -23.2584571838, -0.918985009193, 26.4694271088], [333.075683594, -92.8425292969, 1.95156788826, 20.025062561, 8.26526355743, 23.7603530884, -19.3710021973, 15.562330246, 31.5063247681, 123.882484436, 30.8354892731, 8.3011674881, -5.99283504486], [-6.7531671524, 62.8061332703, -19.7662334442, 2.28838825226, -1.17621648312, 16.8770523071, 36.4483947754, -15.6109142303, -23.2584571838, 30.8354892731, 124.752990723, 25.0964565277, -8.75298118591], [152.888061523, -93.8754806519, 28.5883827209, 15.1473608017, -8.04512214661, 1.9743244648, -31.4625148773, -5.3597741127, -0.918985009193, 8.3011674881, 25.0964565277, 102.638336182, 24.6002349854], [-225.976715088, 62.2386436462, -23.8831558228, 10.1373643875, -12.4733028412, -64.6892852783, -47.7073898315, -16.5928688049, 26.4694271088, -5.99283504486, -8.75298118591, 24.6002349854, 91.3542480469]],
        "icov": [[0.000195630243979, 4.84106931253e-05, 0.000197726985789, -0.000336304889061, -4.01392680942e-05, -0.000365632236935, 0.000204304655199, -0.000419029936893, 0.000172774904058, -0.000328200199874, 0.000156927926582, -0.000297222752124, 0.000329623027937], [4.84106931253e-05, 0.00162189197727, 0.000364423758583, 0.00063705194043, -0.000837303290609, 0.00104815838858, -0.000963606173173, 0.000467632111395, -0.000242325811996, 0.000833231082652, -0.00117545539979, 0.00134047749452, -0.00109975575469], [0.000197726985789, 0.000364423758583, 0.00204874714836, -0.000812599726487, 0.000318301492371, 0.000401733093895, -0.000233200538787, 0.00032685228507, 0.000339259073371, -0.00046644100803, 0.000672865833621, -0.000885989866219, 0.0013062839862], [-0.000336304889061, 0.00063705194043, -0.000812599726487, 0.00320676877163, -0.00107061991002, 0.000480856077047, -0.000119594602438, -0.000216051397729, -0.00060967245372, 0.00118134345394, -0.00142687710468, 0.0014247011859, -0.00200779363513], [-4.01392680942e-05, -0.000837303290609, 0.000318301492371, -0.00107061991002, 0.00422528386116, -0.00173199677374, 0.000856043305248, -0.000765893084463, -0.000959634082392, 0.000151054686285, 0.000318577775033, -0.000325263274135, 0.000737639435101], [-0.000365632236935, 0.00104815838858, 0.000401733093895, 0.000480856077047, -0.00173199677374, 0.00682098418474, -0.003857817268, 0.000455886009149, 0.000847126415465, -0.000349218957126, 0.000126397062559, -0.000322139967466, 0.000925342552364], [0.000204304655199, -0.000963606173173, -0.000233200538787, -0.000119594602438, 0.000856043305248, -0.003857817268, 0.00812885165215, -0.00265272776596, 0.00202170643024, 0.000925330852624, -0.00178581778891, 0.00149233441334, 0.00116449478082], [-0.000419029936893, 0.000467632111395, 0.00032685228507, -0.000216051397729, -0.000765893084463, 0.000455886009149, -0.00265272776596, 0.0100594349205, -0.00441520195454, 0.000748345570173, 0.000776405504439, 0.000160699913977, 0.000773841689806], [0.000172774904058, -0.000242325811996, 0.000339259073371, -0.00060967245372, -0.000959634082392, 0.000847126415465, 0.00202170643024, -0.00441520195454, 0.00995124876499, -0.00272371293977, 0.00131954078097, 0.000162254378665, -0.00150776084047], [-0.000328200199874, 0.000833231082652, -0.00046644100803, 0.00118134345394, 0.000151054686285, -0.000349218957126, 0.000925330852624, 0.000748345570173, -0.00272371293977, 0.0111202215776, -0.00433042040095, 0.00183395168278, -0.000630159804132], [0.000156927926582, -0.00117545539979, 0.000672865833621, -0.00142687710468, 0.000318577775033, 0.000126397062559, -0.00178581778891, 0.000776405504439, 0.00131954078097, -0.00433042040095, 0.0118518173695, -0.00494474591687, 0.00266537955031], [-0.000297222752124, 0.00134047749452, -0.000885989866219, 0.0014247011859, -0.000325263274135, -0.000322139967466, 0.00149233441334, 0.000160699913977, 0.000162254378665, 0.00183395168278, -0.00494474591687, 0.0143384309486, -0.00576378637925], [0.000329623027937, -0.00109975575469, 0.0013062839862, -0.00200779363513, 0.000737639435101, 0.000925342552364, 0.00116449478082, 0.000773841689806, -0.00150776084047, -0.000630159804132, 0.00266537955031, -0.00576378637925, 0.0167829729617]]
    },
    "melbands": {
        "dmean": [0.000859301595483, 0.000903539068531, 0.000733875203878, 0.000654744217172, 0.000270546152024, 0.000189723505173, 0.000146932652569, 0.000137301380164, 0.00013825847418, 0.000149169631186, 7.28945451556e-05, 6.35113974568e-05, 9.21515456866e-05, 3.23250424117e-05, 4.31479602412e-05, 4.0980612539e-05, 4.83002695546e-05, 5.11248872499e-05, 5.53791433049e-05, 3.73883849534e-05, 2.28664775932e-05, 1.65405817825e-05, 1.42788067024e-05, 1.03230113382e-05, 4.02110117648e-06, 3.79226662517e-06, 4.43824501417e-06, 3.09549886879e-06, 2.23887468564e-06, 1.76108164851e-06, 2.01578632186e-06, 2.30884575103e-06, 2.34482399719e-06, 2.61238824351e-06, 2.61482068709e-06, 1.73187186192e-06, 1.33529135837e-06, 1.26911402276e-06, 1.13076055186e-06, 8.65283652729e-07],
        "dmean2": [0.00140944391023, 0.00149306701496, 0.00124644406606, 0.00110018928535, 0.000422771292506, 0.000307445385261, 0.000222340386244, 0.00019658896781, 0.000191117505892, 0.000211868435144, 0.000106504950963, 8.15642415546e-05, 0.000116616603918, 4.36594891653e-05, 6.0811304138e-05, 5.83513246966e-05, 6.78019277984e-05, 7.66475932323e-05, 8.18673070171e-05, 5.50471559109e-05, 3.17033773172e-05, 2.46178515226e-05, 2.14638948819e-05, 1.57833565027e-05, 6.43307430437e-06, 6.13843531028e-06, 7.2626344263e-06, 5.17266107636e-06, 3.68724749933e-06, 2.84683142127e-06, 3.16742080031e-06, 3.61866023013e-06, 3.62618720828e-06, 4.20602282247e-06, 4.04057800552e-06, 2.59217927123e-06, 2.09930863093e-06, 1.9370309019e-06, 1.71365684309e-06, 1.2714855302e-06],
        "dvar": [7.50908020564e-06, 8.21020967123e-06, 2.31275771512e-06, 3.99372129323e-06, 4.76001986272e-07, 3.23991713458e-07, 1.56544814445e-07, 2.17791892965e-07, 1.25575965626e-07, 1.28870695448e-07, 3.95655987973e-08, 2.18343938485e-08, 6.05282792776e-08, 8.47920667013e-09, 1.38277354012e-08, 1.46054048855e-08, 1.51185179931e-08, 1.79685439861e-08, 2.39342199393e-08, 1.49732777288e-08, 5.05630870506e-09, 1.44069678409e-09, 1.17002763034e-09, 8.40014280357e-10, 1.29668303872e-10, 1.32543212517e-10, 1.06737840788e-10, 4.42611121365e-11, 2.58673134995e-11, 2.16495207178e-11, 3.88895825265e-11, 7.16565695669e-11, 5.30524305042e-11, 1.10123320185e-10, 1.08105580043e-10, 4.72077932301e-11, 2.6145908355e-11, 2.48517630086e-11, 1.41775272078e-11, 6.46596144682e-12],
        "dvar2": [1.90396731341e-05, 2.20932834054e-05, 6.3849097387e-06, 1.08234880827e-05, 1.1130390476e-06, 8.0895750898e-07, 3.15930464012e-07, 4.35023594036e-07, 2.69241212436e-07, 2.8264133789e-07, 8.78717330011e-08, 3.20890656269e-08, 9.40191000609e-08, 1.55791060052e-08, 2.74469407202e-08, 3.21273461168e-08, 2.99407965088e-08, 4.11204545969e-08, 5.32079376114e-08, 3.41898811484e-08, 8.3156255215e-09, 2.85465473482e-09, 2.61107335753e-09, 1.96260274699e-09, 3.04615666025e-10, 3.23456594842e-10, 2.66404648341e-10, 1.18475299016e-10, 6.84042614219e-11, 4.99948693555e-11, 7.46374281824e-11, 1.57014568014e-10, 1.06821898549e-10, 2.84215595503e-10, 2.5757834754e-10, 9.81594874827e-11, 5.92525334353e-11, 5.34822290621e-11, 3.04865542533e-11, 1.34446447031e-11],
        "max": [0.0314585715532, 0.0468682348728, 0.0180408414453, 0.024451425299, 0.00980024691671, 0.00785827077925, 0.00846132170409, 0.00797462742776, 0.00603367993608, 0.00562440184876, 0.00445106159896, 0.00341633986682, 0.00477832602337, 0.00227375468239, 0.00241512339562, 0.00271198735572, 0.00288794981316, 0.00204234360717, 0.00229638931341, 0.00214544776827, 0.002004761016, 0.000975206552539, 0.000716759823263, 0.000812618411146, 0.000242593785515, 0.000274082849501, 0.000224574017921, 9.19777012314e-05, 6.39726786176e-05, 0.000113752415928, 0.000243061280344, 0.000258966872934, 0.000180361734238, 0.000250143115409, 0.00023234996479, 0.000122235389426, 9.34871131903e-05, 9.24000923987e-05, 7.56745212129e-05, 4.81829338241e-05],
        "mean": [0.0015794087667, 0.00274388119578, 0.00155364873353, 0.000928740075324, 0.000426165701356, 0.000290898547973, 0.000292760581942, 0.000249174336204, 0.000291008036584, 0.000353355513653, 0.000172616521013, 0.00014989261399, 0.000238045104197, 8.26349423733e-05, 8.6518455646e-05, 8.585928299e-05, 0.000102597579826, 8.62883825903e-05, 9.60106335697e-05, 6.64142135065e-05, 4.53363718407e-05, 3.39115576935e-05, 2.73780242424e-05, 1.90149039554e-05, 6.53228198644e-06, 6.26365317657e-06, 7.76432443672e-06, 5.37696132596e-06, 3.90949344364e-06, 3.14296903525e-06, 3.51285393663e-06, 4.11538894696e-06, 4.39677296526e-06, 4.68670577902e-06, 4.50084871773e-06, 3.3112314668e-06, 2.6214574973e-06, 2.4609068987e-06, 2.15791169467e-06, 1.60125387083e-06],
        "median": [0.000929659348913, 0.00242283730768, 0.00124204705935, 0.000354861171218, 0.000161593110533, 0.000106403596874, 7.95197629486e-05, 7.08489969838e-05, 6.88913714839e-05, 8.66076661623e-05, 4.81983552163e-05, 3.3147760405e-05, 4.80037269881e-05, 1.31581246023e-05, 2.09445206565e-05, 1.57393988047e-05, 1.68888473127e-05, 1.79384278454e-05, 1.41811478898e-05, 1.13487794806e-05, 8.90590945346e-06, 8.11936843093e-06, 8.70387066243e-06, 6.83431107973e-06, 3.37540541295e-06, 3.51602852788e-06, 4.66249048259e-06, 3.07633058583e-06, 2.01022248802e-06, 1.32376044348e-06, 1.19194919534e-06, 1.43671991282e-06, 1.74854960733e-06, 1.95928919311e-06, 1.55490238285e-06, 1.01840510069e-06, 8.71452982665e-07, 7.08618244971e-07, 7.71329553118e-07, 6.81995970808e-07],
        "min": [2.45475113524e-24, 5.76075142369e-24, 1.20971330722e-23, 5.04320117771e-24, 2.19322284035e-24, 2.52152426656e-24, 4.11072143938e-24, 2.61535374921e-24, 2.45385183381e-24, 1.82656502477e-24, 3.24846471832e-24, 4.27040029723e-24, 4.24277833263e-24, 1.08197558519e-23, 8.1775766904e-24, 1.12470849597e-23, 8.98593981492e-24, 6.95630641315e-24, 7.95126432961e-24, 9.35556769181e-24, 6.04901579238e-24, 3.81927638351e-24, 6.33319583374e-24, 1.11222792759e-23, 9.28320469211e-24, 5.72448551572e-24, 4.79528467774e-24, 7.24175652056e-24, 1.12707681418e-23, 7.22320645638e-24, 7.17940889892e-24, 8.25752616542e-24, 8.15925224043e-24, 5.85391037457e-24, 8.7255652291e-24, 9.31343305314e-24, 1.16999250403e-23, 9.82254889301e-24, 8.65401791158e-24, 8.45140214352e-24],
        "var": [7.10461426934e-06, 8.7357529992e-06, 2.68732333097e-06, 3.99020973418e-06, 7.58201053941e-07, 3.95210122406e-07, 4.3157533014e-07, 4.43313695087e-07, 3.40574246138e-07, 4.44586419235e-07, 1.46637077592e-07, 1.12562098309e-07, 3.50797250803e-07, 5.42148228533e-08, 4.21587884603e-08, 4.32044267029e-08, 5.23005567743e-08, 3.3292145929e-08, 5.54257404417e-08, 2.95438891129e-08, 1.64928550817e-08, 6.82871847957e-09, 3.1104292475e-09, 1.87337723112e-09, 1.6639439826e-10, 1.65029337418e-10, 1.51280168947e-10, 5.79391500055e-11, 3.58435087167e-11, 4.28106647354e-11, 9.84041459429e-11, 1.45733064505e-10, 1.24468643725e-10, 1.59468147021e-10, 1.95332111597e-10, 1.0833401537e-10, 6.22724025123e-11, 5.60524612836e-11, 3.12124215363e-11, 1.33735687455e-11]
    },
    "mfcc": {
        "mean": [-650.194824219, 120.968254089, 14.5803966522, 12.7652893066, 10.4133434296, 7.43157625198, -0.457020848989, 6.31075716019, 3.79173493385, 4.67912244797, -0.115864820778, -5.70962524414, -2.13265061378],
        "cov": [[12607.4150391, -1794.96984863, -943.535339355, 615.61328125, 1037.05432129, 694.734741211, 519.657531738, 763.172912598, 383.694152832, 602.855102539, 234.729446411, 328.077941895, 361.03338623], [-1794.96984863, 1201.32800293, -181.873092651, -173.160827637, -138.435516357, -127.824981689, 11.8971948624, -98.3458175659, -52.156829834, -42.2041358948, -42.1012992859, -26.1912059784, -9.69322299957], [-943.535339355, -181.873092651, 664.344360352, 68.1129150391, -152.614379883, -30.3994541168, -53.3914299011, -63.9095573425, -64.521774292, -82.3562545776, -19.7703800201, -26.5089702606, -35.3406829834], [615.61328125, -173.160827637, 68.1129150391, 390.312683105, 174.863845825, 4.58905553818, -39.0878677368, 29.1188716888, 47.1757583618, 33.4191474915, -47.6793022156, 25.1896114349, 76.7454528809], [1037.05432129, -138.435516357, -152.614379883, 174.863845825, 368.365905762, 54.5372428894, -47.4834060669, 68.8653335571, 76.8664321899, 69.1149291992, -13.0266132355, 28.6264610291, 76.5717315674], [694.734741211, -127.824981689, -30.3994541168, 4.58905553818, 54.5372428894, 223.643386841, 128.934188843, 60.7865829468, -6.84606218338, 35.5517997742, 45.4434242249, -1.25801861286, -11.5001878738], [519.657531738, 11.8971948624, -53.3914299011, -39.0878677368, -47.4834060669, 128.934188843, 305.645111084, 112.238716125, -45.7652626038, 47.6901893616, 52.5010757446, 15.7605686188, -16.2267417908], [763.172912598, -98.3458175659, -63.9095573425, 29.1188716888, 68.8653335571, 60.7865829468, 112.238716125, 215.63508606, 48.9304046631, 51.7379074097, 24.2829284668, 8.11173725128, 11.2662248611], [383.694152832, -52.156829834, -64.521774292, 47.1757583618, 76.8664321899, -6.84606218338, -45.7652626038, 48.9304046631, 153.649459839, 56.7386665344, -17.2330379486, 8.96073246002, 13.8925437927], [602.855102539, -42.2041358948, -82.3562545776, 33.4191474915, 69.1149291992, 35.5517997742, 47.6901893616, 51.7379074097, 56.7386665344, 156.323532104, 42.4190864563, 17.9369697571, 8.97058486938], [234.729446411, -42.1012992859, -19.7703800201, -47.6793022156, -13.0266132355, 45.4434242249, 52.5010757446, 24.2829284668, -17.2330379486, 42.4190864563, 115.861251831, 22.8535079956, -14.1798067093], [328.077941895, -26.1912059784, -26.5089702606, 25.1896114349, 28.6264610291, -1.25801861286, 15.7605686188, 8.11173725128, 8.96073246002, 17.9369697571, 22.8535079956, 98.3144989014, 41.5587654114], [361.03338623, -9.69322299957, -35.3406829834, 76.7454528809, 76.5717315674, -11.5001878738, -16.2267417908, 11.2662248611, 13.8925437927, 8.97058486938, -14.1798067093, 41.5587654114, 114.949584961]],
