{
"lowlevel": {
    "average_loudness": 0.775899231434,
    "barkbands_crest": {
        "dmean": 2.15967488289,
        "dmean2": 3.46828961372,
        "dvar": 4.88957118988,
        "dvar2": 12.4238119125,
        "max": 25.6241779327,
        "mean": 12.0503854752,
        "median": 11.3958034515,
        "min": 3.28395938873,
        "var": 18.5556144714
    },
    "barkbands_flatness_db": {
        "dmean": 0.0288363266736,
        "dmean2": 0.0383059866726,
        "dvar": 0.000838227861095,
        "dvar2": 0.00159883254673,
        "max": 0.490898400545,
        "mean": 0.259720861912,
        "median": 0.260576546192,
        "min": 0.0467579998076,
        "var": 0.0081383055076
    },
    "barkbands_kurtosis": {
        "dmean": 4.75367116928,
        "dmean2": 7.25757646561,
        "dvar": 90.8621673584,
        "dvar2": 180.605514526,
        "max": 337.045166016,
        "mean": 9.95315361023,
        "median": 6.19210338593,
        "min": -1.96414768696,
        "var": 256.898773193
    },
    "barkbands_skewness": {
        "dmean": 0.55517244339,
        "dmean2": 0.834663033485,
        "dvar": 0.450660824776,
        "dvar2": 1.01595783234,
        "max": 15.4886312485,
        "mean": 2.05553269386,
        "median": 1.88987326622,
        "min": -1.85669183731,
        "var": 1.52401864529
    },
    "barkbands_spread": {
        "dmean": 3.20014023781,
        "dmean2": 4.79360628128,
        "dvar": 57.4812736511,
        "dvar2": 93.5711746216,
        "max": 162.168197632,
        "mean": 9.7675409317,
        "median": 5.94022798538,
        "min": 0.291042596102,
        "var": 233.491485596
    },
    "dissonance": {
        "dmean": 0.0376831926405,
        "dmean2": 0.0579231083393,
        "dvar": 0.00138911791146,
        "dvar2": 0.0032051645685,
        "max": 0.499966293573,
        "mean": 0.383605033159,
        "median": 0.401571750641,
        "min": 0.102706626058,
        "var": 0.00622860016301
    },
    "dynamic_complexity": 4.32130146027,
    "erbbands_crest": {
        "dmean": 2.38171076775,
        "dmean2": 3.76670694351,
        "dvar": 6.58531188965,
        "dvar2": 15.9908676147,
        "max": 28.585483551,
        "mean": 11.7719421387,
        "median": 10.9582166672,
        "min": 2.61423873901,
        "var": 25.944021225
    },
    "erbbands_flatness_db": {
        "dmean": 0.0232245828956,
        "dmean2": 0.0295674130321,
        "dvar": 0.000638877158053,
        "dvar2": 0.00115477910731,
        "max": 0.442422181368,
        "mean": 0.242087289691,
        "median": 0.251950055361,
        "min": 0.0529649890959,
        "var": 0.00617063278332
    },
    "erbbands_kurtosis": {
        "dmean": 1.93441748619,
        "dmean2": 2.98590373993,
        "dvar": 12.5437393188,
        "dvar2": 29.3070068359,
        "max": 67.7030029297,
        "mean": 2.96390867233,
        "median": 1.15502262115,
        "min": -1.79231417179,
        "var": 31.3643283844
    },
    "erbbands_skewness": {
        "dmean": 0.416009813547,
        "dmean2": 0.632026553154,
        "dvar": 0.261533081532,
        "dvar2": 0.572652518749,
        "max": 7.43482971191,
        "mean": 1.08721745014,
        "median": 0.987379670143,
        "min": -2.992872715,
        "var": 1.01457667351
    },
    "erbbands_spread": {
        "dmean": 6.51047229767,
        "dmean2": 9.6296415329,
        "dvar": 114.077735901,
        "dvar2": 232.222747803,
        "max": 139.990280151,
        "mean": 23.7082366943,
        "median": 18.3613319397,
        "min": 1.64604353905,
        "var": 376.948150635
    },
    "hfc": {
        "dmean": 3.74042868614,
        "dmean2": 5.18165445328,
        "dvar": 53.3505783081,
        "dvar2": 92.0041885376,
        "max": 113.472549438,
        "mean": 13.2672271729,
        "median": 8.11497879028,
        "min": 1.21690245682e-16,
        "var": 252.888198853
    },
    "melbands_crest": {
        "dmean": 2.6102514267,
        "dmean2": 4.22787761688,
        "dvar": 7.64459848404,
        "dvar2": 18.7919006348,
        "max": 34.6824951172,
        "mean": 15.5564918518,
        "median": 14.9473371506,
        "min": 2.30487704277,
        "var": 23.3917770386
    },
    "melbands_flatness_db": {
        "dmean": 0.0326691158116,
        "dmean2": 0.0435931459069,
        "dvar": 0.00112365139648,
        "dvar2": 0.0021282704547,
        "max": 0.612095654011,
        "mean": 0.354336619377,
        "median": 0.353671938181,
        "min": 0.00662420736626,
        "var": 0.0118501028046
    },
    "melbands_kurtosis": {
        "dmean": 6.63064241409,
        "dmean2": 10.3928594589,
        "dvar": 148.063735962,
        "dvar2": 367.083465576,
        "max": 284.53225708,
        "mean": 14.1066894531,
        "median": 9.41480445862,
        "min": -1.36034393311,
        "var": 311.520965576
    },
    "melbands_skewness": {
        "dmean": 0.614920675755,
        "dmean2": 0.922731220722,
        "dvar": 0.57528012991,
        "dvar2": 1.41826832294,
        "max": 11.160982132,
        "mean": 2.44050264359,
        "median": 2.23360562325,
        "min": -0.413655728102,
        "var": 1.64306795597
    },
    "melbands_spread": {
        "dmean": 3.23127818108,
        "dmean2": 4.84105682373,
        "dvar": 58.5542144775,
        "dvar2": 110.996505737,
        "max": 166.56401062,
        "mean": 9.65143203735,
        "median": 6.30354881287,
        "min": 0.637278676033,
        "var": 172.433685303
    },
    "pitch_salience": {
        "dmean": 0.0566465966403,
        "dmean2": 0.0893326625228,
        "dvar": 0.0035233697854,
        "dvar2": 0.00876693800092,
        "max": 0.811894893646,
        "mean": 0.546247005463,
        "median": 0.546353161335,
        "min": 0.199550285935,
        "var": 0.0139089841396
    },
    "silence_rate_20dB": {
        "dmean": 0,
        "dmean2": 0,
        "dvar": 0,
        "dvar2": 0,
        "max": 1,
        "mean": 1,
        "median": 1,
        "min": 1,
        "var": 0
    },
    "silence_rate_30dB": {
        "dmean": 0.0294117648154,
        "dmean2": 0.0588463023305,
        "dvar": 0.0285468082875,
        "dvar2": 0.0662237107754,
        "max": 1,
        "mean": 0.972920715809,
        "median": 1,
        "min": 0,
        "var": 0.026345860213
    },
    "silence_rate_60dB": {
        "dmean": 0.00580495363101,
        "dmean2": 0.0116144018248,
        "dvar": 0.00577098084614,
        "dvar2": 0.01147995051,
        "max": 1,
        "mean": 0.107930369675,
        "median": 0,
        "min": 0,
        "var": 0.096275895834
    },
    "spectral_centroid": {
        "dmean": 122.757644653,
        "dmean2": 181.452331543,
        "dvar": 71192.6171875,
        "dvar2": 118005.59375,
        "max": 10461.7353516,
        "mean": 574.497070312,
        "median": 447.658721924,
        "min": 178.468276978,
        "var": 253340.421875
    },
    "spectral_complexity": {
        "dmean": 1.92917954922,
        "dmean2": 2.97522258759,
        "dvar": 6.68804502487,
        "dvar2": 14.2541456223,
        "max": 43,
        "mean": 10.7164411545,
        "median": 9,
        "min": 0,
        "var": 46.4908676147
    },
    "spectral_decrease": {
        "dmean": 2.37130159952e-09,
        "dmean2": 3.7054346258e-09,
        "dvar": 2.56071096321e-17,
        "dvar2": 6.34650817736e-17,
        "max": 2.98567003983e-17,
        "mean": -7.49538564548e-09,
        "median": -5.78822989539e-09,
        "min": -6.92164761062e-08,
        "var": 5.47316261482e-17
    },
    "spectral_energy": {
        "dmean": 0.00917264074087,
        "dmean2": 0.0143083464354,
        "dvar": 0.000378889060812,
        "dvar2": 0.000935678719543,
        "max": 0.264915823936,
        "mean": 0.0294926743954,
        "median": 0.022929912433,
        "min": 1.07336402235e-20,
        "var": 0.000830403820146
    },
    "spectral_energyband_high": {
        "dmean": 0.000189227037481,
        "dmean2": 0.00024139857851,
        "dvar": 4.62957558511e-07,
        "dvar2": 6.61311048589e-07,
        "max": 0.0128914918751,
        "mean": 0.000366120075341,
        "median": 7.53224367145e-06,
        "min": 7.63974885687e-21,
        "var": 1.53571022565e-06
    },
    "spectral_energyband_low": {
        "dmean": 0.00497977482155,
        "dmean2": 0.00787966884673,
        "dvar": 0.000236485342612,
        "dvar2": 0.000585807312746,
        "max": 0.244629964232,
        "mean": 0.0110733434558,
        "median": 0.00668243598193,
        "min": 5.24250420329e-23,
        "var": 0.00034408524516
    },
    "spectral_energyband_middle_high": {
        "dmean": 0.00076209747931,
        "dmean2": 0.00108256028034,
        "dvar": 2.65610583483e-06,
        "dvar2": 5.37529012945e-06,
        "max": 0.036751087755,
        "mean": 0.00244029681198,
        "median": 0.000869330717251,
        "min": 1.45322577662e-21,
        "var": 1.75554505404e-05
    },
    "spectral_energyband_middle_low": {
        "dmean": 0.00607425300404,
        "dmean2": 0.00965047348291,
        "dvar": 0.000180505536264,
        "dvar2": 0.000481916416902,
        "max": 0.225116103888,
        "mean": 0.0179346036166,
        "median": 0.0139497369528,
        "min": 3.08004467422e-22,
        "var": 0.000314524862915
    },
    "spectral_entropy": {
        "dmean": 0.299922168255,
        "dmean2": 0.38669770956,
        "dvar": 0.103510580957,
        "dvar2": 0.1857547611,
        "max": 9.78761005402,
        "mean": 6.34641170502,
        "median": 6.30362558365,
        "min": 4.25975894928,
        "var": 0.765154659748
    },
    "spectral_flux": {
        "dmean": 0.0234748218209,
        "dmean2": 0.0368781164289,
        "dvar": 0.00110022409353,
        "dvar2": 0.00252905162051,
        "max": 0.387082874775,
        "mean": 0.0600085072219,
        "median": 0.0512426905334,
        "min": 1.03603285673e-10,
        "var": 0.00273289368488
    },
    "spectral_kurtosis": {
        "dmean": 11.8210029602,
        "dmean2": 17.9800720215,
        "dvar": 259.922271729,
        "dvar2": 527.373352051,
        "max": 196.8722229,
        "mean": 32.0417900085,
        "median": 17.8173141479,
        "min": -1.2141597271,
        "var": 1281.17980957
    },
    "spectral_rms": {
        "dmean": 0.000706054910552,
        "dmean2": 0.00107515661512,
        "dvar": 1.03852084976e-06,
        "dvar2": 2.42886108026e-06,
        "max": 0.0160765200853,
        "mean": 0.00479314569384,
        "median": 0.00472976174206,
        "min": 3.23602277787e-12,
        "var": 5.79908873988e-06
    },
    "spectral_rolloff": {
        "dmean": 230.382263184,
        "dmean2": 386.156951904,
        "dvar": 806923.75,
        "dvar2": 1525762.375,
        "max": 19530.6152344,
        "mean": 813.793518066,
        "median": 430.6640625,
        "min": 107.666015625,
        "var": 2999938.25
    },
    "spectral_skewness": {
        "dmean": 0.8190741539,
        "dmean2": 1.22409760952,
        "dvar": 0.892000555992,
        "dvar2": 1.80232620239,
        "max": 11.4844808578,
        "mean": 3.79320836067,
        "median": 3.19583415985,
        "min": -0.00277918414213,
        "var": 4.78804826736
    },
    "spectral_spread": {
        "dmean": 599488.375,
        "dmean2": 853032.625,
        "dvar": 1.0316127273e+12,
        "dvar2": 1.4972822487e+12,
        "max": 41147032,
        "mean": 3126613.5,
        "median": 2413846.75,
        "min": 544939.75,
        "var": 5.5200710656e+12
    },
    "spectral_strongpeak": {
        "dmean": 0.330044388771,
        "dmean2": 0.544341623783,
        "dvar": 0.412168085575,
        "dvar2": 1.09642517567,
        "max": 10.0577812195,
        "mean": 0.868097960949,
        "median": 0.601837575436,
        "min": 0,
        "var": 0.783865213394
    },
    "zerocrossingrate": {
        "dmean": 0.00703623844311,
        "dmean2": 0.00792459864169,
        "dvar": 0.000204482770641,
        "dvar2": 0.000213927225559,
        "max": 0.5830078125,
        "mean": 0.0321899168193,
        "median": 0.021484375,
        "min": 0.0048828125,
        "var": 0.00190283276606
    },
    "barkbands": {
        "dmean": [0.000265603826847, 0.00224352139048, 0.00204221135937, 0.00196729437448, 0.00264240265824, 0.00229570898227, 0.000819105596747, 0.000109948065074, 0.00067281286465, 0.000248006952461, 0.000197238870896, 0.000227836309932, 0.000101740501123, 0.00014160219871, 6.40582802589e-05, 0.000131415989017, 7.75416192482e-05, 5.24390561623e-05, 3.55677439074e-05, 3.59641235264e-05, 3.18771417369e-05, 3.41464510711e-05, 3.56215168722e-05, 3.94039270759e-05, 2.92166696454e-05, 2.61876775767e-05, 9.12453651836e-06],
        "dmean2": [0.000419333431637, 0.00358772464097, 0.00329309306107, 0.00325118354522, 0.00419680261984, 0.00346051040106, 0.00133822055068, 0.000158439550432, 0.000933229050133, 0.000379356963094, 0.000295828824164, 0.000343907566275, 0.00014262185141, 0.000211708567804, 0.000101255151094, 0.000209122794331, 0.000113008754852, 8.36512917886e-05, 5.58898900636e-05, 5.16439395142e-05, 4.64746553916e-05, 5.12366714247e-05, 4.86483004352e-05, 5.17556654813e-05, 3.92551010009e-05, 3.59668520105e-05, 1.44968598761e-05],
        "dvar": [2.36563414546e-06, 9.53780763666e-05, 2.82238743239e-05, 4.40546828031e-05, 5.09372257511e-05, 1.55352900038e-05, 3.21251036439e-06, 8.3523872263e-08, 2.42588293986e-06, 6.00802991357e-07, 2.93524522021e-07, 8.25943914151e-07, 1.46870604567e-07, 3.63028846095e-07, 8.19433196853e-08, 1.98107997562e-07, 1.02939630153e-07, 5.55915882217e-08, 1.41318370339e-08, 1.86348234621e-08, 1.51888936983e-08, 2.07293844312e-08, 2.72766520482e-08, 3.2882180534e-08, 1.59506026165e-08, 1.11102798073e-08, 1.66532720947e-09],
        "dvar2": [5.49640162717e-06, 0.000233144877711, 7.49822866055e-05, 0.000114860726171, 0.000141267068102, 3.32686176989e-05, 7.88189936429e-06, 1.73984076923e-07, 4.3314676077e-06, 1.43979445966e-06, 6.59594832086e-07, 1.75105265043e-06, 2.66526058113e-07, 7.4079184742e-07, 1.98574653609e-07, 5.66688925119e-07, 1.73201541998e-07, 1.41608907711e-07, 3.29854472625e-08, 3.44574466737e-08, 3.10125791714e-08, 4.35227249795e-08, 3.89991789973e-08, 5.23879144509e-08, 2.4216273431e-08, 1.89611295554e-08, 4.01131927674e-09],
        "max": [0.0228635631502, 0.174398809671, 0.0776427090168, 0.134554803371, 0.118125297129, 0.0792800784111, 0.0240556988865, 0.00618015276268, 0.0364298895001, 0.0223469361663, 0.0154185239226, 0.0263263341039, 0.013114807196, 0.0204350724816, 0.00951399281621, 0.0166045837104, 0.012738100253, 0.00784047134221, 0.00269472226501, 0.00504976557568, 0.0026364272926, 0.00400995044038, 0.00516232848167, 0.00442570820451, 0.00403113663197, 0.0036334162578, 0.000461399380583],
        "mean": [0.000247903051786, 0.00380086060613, 0.0047552222386, 0.0035842016805, 0.00542366690934, 0.00488458760083, 0.0018009271007, 0.000249911594437, 0.00183127471246, 0.000496652268339, 0.000518988061231, 0.000425740610808, 0.000165505596669, 0.00024143770861, 9.71244226093e-05, 0.000265935464995, 0.00014552794164, 9.2854090326e-05, 6.07619876973e-05, 6.32284936728e-05, 5.07417753397e-05, 5.65618174733e-05, 6.2328785134e-05, 7.26820799173e-05, 5.29098215338e-05, 3.6873130739e-05, 8.30800308904e-06],
        "median": [4.42475624141e-07, 0.000255078804912, 0.00334348063916, 0.000929958885536, 0.00304739782587, 0.002606383292, 0.000787717988715, 5.20532375958e-05, 0.00041062827222, 0.000137351365993, 0.000113625748781, 6.72934475006e-05, 3.22907908412e-05, 2.84980615106e-05, 2.47410807788e-05, 3.23172425851e-05, 1.50101022882e-05, 8.7948728833e-06, 5.48048228666e-06, 2.4124524316e-06, 1.42676958603e-06, 4.57552317812e-07, 6.80138896314e-07, 8.07247772627e-07, 5.50121342258e-07, 2.64622400437e-07, 1.53243533418e-08],
        "min": [1.83680645091e-23, 2.71249664488e-23, 4.16783496892e-24, 2.60999127e-23, 3.19478316759e-23, 6.59171036443e-23, 9.29404048551e-23, 3.77895202285e-23, 4.56760277553e-23, 1.05468121875e-22, 1.11402242838e-22, 5.19250083486e-23, 8.5039249759e-23, 1.73327596706e-22, 1.47043925169e-22, 1.30161872657e-22, 2.01367903706e-22, 1.39971541029e-22, 1.88313467415e-22, 1.92186092884e-22, 4.612330116e-22, 5.69586906573e-22, 7.59570007561e-22, 9.36780428129e-22, 1.17823547887e-21, 1.4993687627e-21, 2.59810140066e-21],
        "var": [2.27073928727e-06, 0.000149864528794, 3.45058251696e-05, 5.9128862631e-05, 6.38649362372e-05, 4.60612136521e-05, 8.2612850747e-06, 2.66150181005e-07, 1.11039262265e-05, 1.59734975114e-06, 1.01254295259e-06, 2.3596023766e-06, 4.13970042246e-07, 1.0313990515e-06, 1.0545382878e-07, 1.02721173789e-06, 4.32041588283e-07, 1.65044767186e-07, 4.15925747177e-08, 6.77029703411e-08, 2.82257257567e-08, 4.5367958279e-08, 7.33778477979e-08, 9.82933414662e-08, 5.78029144549e-08, 3.17007717854e-08, 1.63785796037e-09]
    },
    "erbbands": {
        "dmean": [0.0523167289793, 0.565415680408, 2.17366814613, 4.78626918793, 6.22030305862, 10.3006544113, 13.7941541672, 19.46118927, 15.0118789673, 5.43438625336, 4.07679176331, 13.6940107346, 11.642572403, 5.38012456894, 8.73359584808, 7.43359518051, 4.46846008301, 5.77445983887, 4.4651889801, 4.77923107147, 6.77080202103, 4.56433820724, 2.542573452, 2.28895688057, 1.9905911684, 1.49180459976, 1.24742209911, 1.31164503098, 1.14555954933, 1.34062767029, 0.914228975773, 0.673692882061, 0.788489818573, 0.373012304306, 0.202766209841, 0.115918502212, 0.0476215705276, 0.0132380612195, 0.00152933038771, 4.88092955493e-05],
        "dmean2": [0.0814025327563, 0.911272704601, 3.47334170341, 7.64976596832, 10.902182579, 15.8311347961, 21.8176403046, 28.7021808624, 24.1425266266, 8.28125190735, 5.79184532166, 18.9463024139, 16.6766586304, 8.22926807404, 13.2385349274, 11.0013399124, 6.23788070679, 8.31718540192, 6.71869564056, 7.63832950592, 10.5613107681, 6.63133144379, 3.8303835392, 3.69880390167, 3.01722192764, 2.13406991959, 1.80629301071, 1.9681044817, 1.72686076164, 1.89699018002, 1.28642058372, 0.938237726688, 1.0624423027, 0.50428968668, 0.26976236701, 0.153450906277, 0.0691762641072, 0.0206153392792, 0.00240598479286, 7.26300349925e-05],
        "dvar": [0.0508694201708, 5.89133644104, 51.7417030334, 161.2293396, 867.397644043, 526.06048584, 635.786743164, 1340.82910156, 1167.76416016, 108.879257202, 91.0059509277, 1143.0579834, 1285.07043457, 164.507659912, 744.640686035, 957.875976562, 260.817474365, 722.738830566, 386.323883057, 448.091003418, 297.099639893, 393.292663574, 83.6584777832, 112.869789124, 57.3980140686, 26.936580658, 22.4778633118, 30.3745708466, 20.6734161377, 46.6499481201, 17.970539093, 7.524269104, 15.4957399368, 2.55474829674, 0.826507687569, 0.268372863531, 0.0360940247774, 0.00303605780937, 4.70703162136e-05, 3.49796458465e-08],
        "dvar2": [0.127665370703, 14.5508766174, 131.676483154, 410.464294434, 2502.50805664, 1332.31799316, 1692.0098877, 2707.85473633, 2803.42651367, 271.088012695, 169.544769287, 2003.27624512, 2452.82470703, 417.010803223, 1675.67126465, 2044.67651367, 444.892364502, 1328.14599609, 868.568359375, 1188.33996582, 745.47454834, 669.685424805, 160.971633911, 293.148101807, 131.594863892, 50.294631958, 41.7798080444, 70.9153747559, 42.9604644775, 76.6085662842, 28.1385288239, 12.3976688385, 25.58934021, 3.94301271439, 1.21471941471, 0.420483589172, 0.0697408914566, 0.00699988380075, 0.000112315181468, 7.93612784378e-08],
        "max": [3.52671074867, 43.5909156799, 105.900642395, 242.071182251, 470.063964844, 334.523651123, 506.742462158, 844.989013672, 473.047790527, 165.828384399, 175.277023315, 748.652648926, 917.546386719, 293.239013672, 697.655944824, 1094.81542969, 484.858642578, 1219.44567871, 693.186767578, 600.74029541, 433.084503174, 711.964416504, 429.280029297, 372.945800781, 238.368057251, 147.615966797, 140.436004639, 133.94442749, 119.541152954, 217.972671509, 105.544960022, 58.4753036499, 100.823677063, 36.6562080383, 34.8342514038, 21.0707607269, 4.81592750549, 0.849043905735, 0.0798390507698, 0.00216859555803],
        "mean": [0.0824645236135, 0.981576561928, 4.70537662506, 10.4404401779, 9.3754119873, 23.4203300476, 30.6136302948, 42.5065841675, 31.7217998505, 13.1957445145, 11.8660202026, 36.5868225098, 29.0547065735, 15.2661390305, 21.6931838989, 14.2512226105, 8.32057952881, 11.3423309326, 7.15992212296, 9.54500770569, 12.781917572, 8.97329425812, 5.74096393585, 3.79184865952, 3.49953579903, 2.66134548187, 1.97572577, 2.05565786362, 1.9508305788, 2.29108476639, 1.61233413219, 1.16834437847, 1.42650389671, 0.670528590679, 0.358215332031, 0.185624957085, 0.0614290386438, 0.013801895082, 0.00143671501428, 7.27067672415e-05],
        "median": [0.00245383894071, 0.166091904044, 3.25016784668, 5.65277576447, 3.51463460922, 11.0218477249, 20.7164402008, 22.1704139709, 14.5194511414, 5.09113788605, 3.34826350212, 8.92580509186, 5.28204441071, 6.3990778923, 4.86555242538, 3.00682997704, 1.96791124344, 1.44358992577, 1.30923581123, 1.91532588005, 1.65051233768, 0.928859233856, 0.608888089657, 0.416271775961, 0.248333692551, 0.119216814637, 0.0629771947861, 0.0442006476223, 0.0160982981324, 0.0186921600252, 0.0171946100891, 0.0161538720131, 0.0123250959441, 0.00670776469633, 0.00391366984695, 0.00164446874987, 0.000429763429565, 5.73385332245e-05, 1.60794952535e-05, 2.79753094219e-05],
        "min": [9.53914032607e-22, 5.29117024422e-21, 8.37589759677e-21, 4.16111914675e-20, 1.0608517039e-19, 6.90488693211e-20, 2.13180896994e-19, 7.15139463872e-19, 1.77614206361e-18, 3.18220905293e-19, 1.41342253782e-18, 8.74972730202e-19, 1.95502131864e-18, 4.40346538524e-18, 3.3932139867e-18, 2.27048711796e-18, 4.80065269997e-18, 9.87034589418e-18, 6.94290324834e-18, 7.39110527298e-18, 7.32906755422e-18, 1.04649249728e-17, 8.64172708573e-18, 9.84742306504e-18, 9.23420760718e-18, 9.05928041432e-18, 1.74976013059e-17, 1.67756115975e-17, 1.94085225241e-17, 2.12709643411e-17, 1.95272262508e-17, 1.88397068128e-17, 1.88276051605e-17, 1.57546126412e-17, 6.97318384902e-18, 5.25948523626e-18, 2.7539524725e-18, 9.919538532e-19, 3.58044249264e-19, 4.27691797016e-20],
        "var": [0.0847585499287, 8.68449020386, 55.6418457031, 260.187896729, 637.306640625, 1265.6184082, 1245.35534668, 3979.40625, 2533.76147461, 392.108886719, 400.745941162, 4509.85888672, 5774.56884766, 480.777954102, 1892.05236816, 2220.46630859, 761.840454102, 3047.92211914, 569.296020508, 1789.19299316, 1032.56225586, 1651.87121582, 690.462646484, 163.037384033, 195.881774902, 93.5065765381, 44.8727874756, 48.91456604, 46.8167419434, 113.255081177, 46.3852958679, 18.6201591492, 46.6986618042, 8.19966030121, 3.25414013863, 0.914310514927, 0.0818901732564, 0.00400104094297, 4.74757835036e-05, 4.13744665195e-08]
    },
    "gfcc": {
        "mean": [-102.096977234, 157.044784546, -88.361541748, -6.35932970047, -47.7244529724, -7.51472902298, -46.22914505, -1.71172344685, -28.1001396179, -13.7313947678, -16.289604187, -2.36396217346, -5.78417348862],
        "cov": [[17175.1386719, -3381.05883789, -936.316467285, 2439.30395508, -1171.19152832, 1194.07055664, 205.642227173, 534.372314453, -7.27918958664, 612.645141602, -284.372253418, 151.27961731, -251.53414917], [-3381.05883789, 3758.34741211, -265.175048828, -1074.57202148, 1269.92700195, -671.517578125, 217.650222778, -169.435256958, 247.689163208, -354.232940674, 269.459472656, -140.832946777, 235.040298462], [-936.316467285, -265.175048828, 931.564697266, 15.9060258865, -185.695755005, 205.033355713, -51.5828361511, -122.128082275, -50.5922660828, 12.4393644333, -37.389087677, 29.4247570038, -25.6574115753], [2439.30395508, -1074.57202148, 15.9060258865, 814.315002441, -231.939071655, 258.316802979, 35.5856361389, 132.674331665, -7.856112957, 132.630325317, -69.8665084839, 34.8890113831, -23.412946701], [-1171.19152832, 1269.92700195, -185.695755005, -231.939071655, 910.140014648, -300.726898193, 158.054611206, 46.702495575, 168.301544189, -105.105079651, 88.2606506348, -12.2541713715, 100.533424377], [1194.07055664, -671.517578125, 205.033355713, 258.316802979, -300.726898193, 410.587310791, 7.33542346954, -19.2686500549, -40.3293113708, 87.5078048706, -38.3972015381, 25.7764968872, -46.5518836975], [205.642227173, 217.650222778, -51.5828361511, 35.5856361389, 158.054611206, 7.33542346954, 237.052124023, 47.7026290894, 45.0693893433, 8.49563503265, 29.0712890625, 4.86376571655, 9.26274108887], [534.372314453, -169.435256958, -122.128082275, 132.674331665, 46.702495575, -19.2686500549, 47.7026290894, 172.135055542, 54.1266098022, 21.9984321594, -10.7480926514, 19.9634742737, 0.160357639194], [-7.27918958664, 247.689163208, -50.5922660828, -7.856112957, 168.301544189, -40.3293113708, 45.0693893433, 54.1266098022, 138.872161865, 7.89146327972, 7.73566198349, 4.31539058685, 24.3329620361], [612.645141602, -354.232940674, 12.4393644333, 132.630325317, -105.105079651, 87.5078048706, 8.49563503265, 21.9984321594, 7.89146327972, 113.665550232, -12.962387085, 10.2101192474, -27.1393222809], [-284.372253418, 269.459472656, -37.389087677, -69.8665084839, 88.2606506348, -38.3972015381, 29.0712890625, -10.7480926514, 7.73566198349, -12.962387085, 82.2248840332, 3.1187851429, 16.3482837677], [151.27961731, -140.832946777, 29.4247570038, 34.8890113831, -12.2541713715, 25.7764968872, 4.86376571655, 19.9634742737, 4.31539058685, 10.2101192474, 3.1187851429, 86.7870330811, 9.10313510895], [-251.53414917, 235.040298462, -25.6574115753, -23.412946701, 100.533424377, -46.5518836975, 9.26274108887, 0.160357639194, 24.3329620361, -27.1393222809, 16.3482837677, 9.10313510895, 79.4408874512]],
        "icov": [[0.000176907138666, -0.000251190591371, 0.000269964017207, -0.000502705923282, 0.000180586474016, -0.000366014544852, 5.29029493919e-05, -0.000238955122768, 0.00019995396724, -0.000479261798318, 0.000537204788998, -0.000445488898549, 0.000509185541887], [-0.000251190591371, 0.00203118636273, -0.000385715597076, 0.00167662638705, -0.00113684951793, 0.000950519111939, -0.000883031636477, 0.00167802639771, -0.00202658353373, 0.00270135235041, -0.00307216565125, 0.00256254919805, -0.00245795631781], [0.000269964017207, -0.000385715597076, 0.00178686610889, -0.000721532851458, 0.000272306817351, -0.00119892787188, 0.00016359037545, 0.000586505921092, 0.000179645387107, -0.000483949814225, 0.00133086426649, -0.0012605630327, 0.000943239137996], [-0.000502705923282, 0.00167662638705, -0.000721532851458, 0.00414875755087, -0.0010078700725, 0.000215310530621, -0.000736502930522, -0.000241572241066, -0.000869428622536, 0.00101105298381, -0.00180537661072, 0.0024067403283, -0.00336717045866], [0.000180586474016, -0.00113684951793, 0.000272306817351, -0.0010078700725, 0.00304479524493, 0.000502946088091, -0.000674299779348, -0.000724467856344, -0.00101756572258, -0.000373103423044, 0.000728947226889, -0.00133915769402, 0.000435520720202], [-0.000366014544852, 0.000950519111939, -0.00119892787188, 0.000215310530621, 0.000502946088091, 0.00550649687648, -0.00131228019018, 0.00209319777787, -0.00136159744579, 0.000400853547035, -0.00166178587824, 0.000685696140863, -0.000738477276172], [5.29029493919e-05, -0.000883031636477, 0.00016359037545, -0.000736502930522, -0.000674299779348, -0.00131228019018, 0.00591307319701, -0.00190203567035, 0.000735934532713, -0.00154707254842, -0.000264218571829, -0.000877420185134, 0.001415588893], [-0.000238955122768, 0.00167802639771, 0.000586505921092, -0.000241572241066, -0.000724467856344, 0.00209319777787, -0.00190203567035, 0.0108979940414, -0.00490814447403, 0.00252392911352, -0.00143269926775, -2.52709651249e-05, -0.000596559606493], [0.00019995396724, -0.00202658353373, 0.000179645387107, -0.000869428622536, -0.00101756572258, -0.00136159744579, 0.000735934532713, -0.00490814447403, 0.0134767489508, -0.00561909051612, 0.00411978596821, -0.00217803847045, 0.000199018002604], [-0.000479261798318, 0.00270135235041, -0.000483949814225, 0.00101105298381, -0.000373103423044, 0.000400853547035, -0.00154707254842, 0.00252392911352, -0.00561909051612, 0.0171544309705, -0.00525063835084, 0.00277584791183, -0.000141848038766], [0.000537204788998, -0.00307216565125, 0.00133086426649, -0.00180537661072, 0.000728947226889, -0.00166178587824, -0.000264218571829, -0.00143269926775, 0.00411978596821, -0.00525063835084, 0.0200433544815, -0.00524941179901, 0.00224677775986], [-0.000445488898549, 0.00256254919805, -0.0012605630327, 0.0024067403283, -0.00133915769402, 0.000685696140863, -0.000877420185134, -2.52709651249e-05, -0.00217803847045, 0.00277584791183, -0.00524941179901, 0.01614196226, -0.00564521364868], [0.000509185541887, -0.00245795631781, 0.000943239137996, -0.00336717045866, 0.000435520720202, -0.000738477276172, 0.001415588893, -0.000596559606493, 0.000199018002604, -0.000141848038766, 0.00224677775986, -0.00564521364868, 0.0197121333331]]
    },
    "melbands": {
        "dmean": [0.000539316504728, 0.00101484684274, 0.000827496289276, 0.000563488400076, 0.000484869611682, 0.000435565772932, 0.000213082821574, 4.68658508908e-05, 4.8106219765e-05, 8.84230539668e-05, 5.79065999773e-05, 2.32187012443e-05, 3.1522296922e-05, 2.89745985356e-05, 1.35792997753e-05, 9.42385668168e-06, 1.1164614989e-05, 8.60018008098e-06, 5.20194271303e-06, 8.49601110531e-06, 7.83636551205e-06, 5.1586466725e-06, 3.06922584059e-06, 2.82953647002e-06, 1.86312536243e-06, 1.38700420393e-06, 1.58907459991e-06, 9.49144919105e-07, 7.99829592779e-07, 7.98806240709e-07, 7.97462803348e-07, 6.7473922627e-07, 6.81036169681e-07, 8.15215571492e-07, 5.51888206246e-07, 4.55970337043e-07, 4.12512775938e-07, 5.99891336606e-07, 4.6240072038e-07, 2.95985529419e-07],
        "dmean2": [0.000853390432894, 0.00162790657487, 0.00136747024953, 0.000908437999897, 0.000759916554671, 0.000643929699436, 0.000342204904882, 7.01241297065e-05, 6.89296939527e-05, 0.000121982106066, 8.36882245494e-05, 3.61606325896e-05, 4.69921287731e-05, 4.28929670306e-05, 1.99764035642e-05, 1.29348036353e-05, 1.63822041941e-05, 1.30641647047e-05, 8.02984686743e-06, 1.36271737574e-05, 1.25521210066e-05, 7.64479864301e-06, 4.35353376815e-06, 4.41962856712e-06, 3.03608771901e-06, 2.15639579437e-06, 2.3912486995e-06, 1.35401273837e-06, 1.1928202639e-06, 1.17049319215e-06, 1.22008248127e-06, 1.03778359062e-06, 1.00442878193e-06, 1.13192220397e-06, 8.15496946416e-07, 6.52817220725e-07, 5.9505578065e-07, 8.32849366361e-07, 6.34594925941e-07, 4.12634392433e-07],
        "dvar": [5.42200859854e-06, 1.32901695906e-05, 6.73409749652e-06, 3.37601431966e-06, 6.7773498813e-07, 6.19080992692e-07, 2.26224997846e-07, 8.52743831103e-09, 1.40898697154e-08, 4.52183606114e-08, 3.24586402201e-08, 3.75795572438e-09, 7.22072712733e-09, 1.68152034519e-08, 2.00917460447e-09, 1.43168654709e-09, 2.68143085513e-09, 1.86332393959e-09, 6.45161646329e-10, 1.79766268538e-09, 4.09908940124e-10, 5.33222299648e-10, 1.95923388624e-10, 1.52352755411e-10, 7.81105249925e-11, 2.72387164907e-11, 4.48459498703e-11, 1.1915200597e-11, 9.60870705918e-12, 9.50249687964e-12, 1.16157899271e-11, 7.23449989151e-12, 8.4510324086e-12, 1.74606405723e-11, 6.7231055792e-12, 4.34278264391e-12, 2.86333630417e-12, 9.39339665079e-12, 4.78730076414e-12, 1.46977525636e-12],
        "dvar2": [1.33700668812e-05, 3.30685106746e-05, 1.81152463483e-05, 9.55979612627e-06, 1.79989262961e-06, 1.26304394144e-06, 5.37311848348e-07, 2.15086917166e-08, 2.68281930005e-08, 7.87234171185e-08, 6.30742249541e-08, 9.81670389422e-09, 1.62595128472e-08, 3.55487159709e-08, 4.06230249439e-09, 2.71808664465e-09, 4.88130336151e-09, 4.20333190476e-09, 1.55593149476e-09, 5.47430234477e-09, 1.02094621646e-09, 1.00413966031e-09, 2.71061978419e-10, 3.99941746387e-10, 2.02938485461e-10, 6.43513090037e-11, 9.07286468177e-11, 2.19502541143e-11, 1.78335939766e-11, 2.03393552001e-11, 2.8032314317e-11, 1.53858453755e-11, 1.69169071113e-11, 2.79712884799e-11, 1.20947835081e-11, 7.22822713142e-12, 5.18190134899e-12, 1.62623404326e-11, 8.43478498852e-12, 2.42252550485e-12],
        "max": [0.0396754927933, 0.0544911250472, 0.0480409413576, 0.0321601890028, 0.0135434791446, 0.0178811978549, 0.00649163778871, 0.00166255061049, 0.00251963222399, 0.00459430273622, 0.00445066206157, 0.00115616968833, 0.00243791216053, 0.00383184454404, 0.000944632047322, 0.00158360274509, 0.00240032863803, 0.00150184181985, 0.000946330081206, 0.00172602664679, 0.000365619343938, 0.000772011524532, 0.000740485207643, 0.000404380873078, 0.000306210684357, 0.000166571117006, 0.000281716493191, 0.000104291859316, 9.44630737649e-05, 5.95905439695e-05, 8.43211018946e-05, 7.31804466341e-05, 7.20239695511e-05, 0.000142684584716, 6.50573565508e-05, 5.40651708434e-05, 3.77551332349e-05, 8.29093696666e-05, 4.9760521506e-05, 2.97415845125e-05],
        "mean": [0.00090165110305, 0.00211702776141, 0.00172939081676, 0.00110524881165, 0.00115004880354, 0.000951310212258, 0.000451941450592, 0.00011208383512, 0.000133627530886, 0.000236810243223, 0.000141450218507, 5.96236313868e-05, 8.0837526184e-05, 5.38040512765e-05, 2.34236704273e-05, 1.64909524756e-05, 2.11643691728e-05, 1.23491054183e-05, 8.1032703747e-06, 1.78835052793e-05, 1.34011042974e-05, 9.41339658311e-06, 5.70438851355e-06, 4.98451845488e-06, 2.82050905298e-06, 2.36883238358e-06, 2.7017119919e-06, 1.55192140028e-06, 1.20439460716e-06, 1.18278774153e-06, 1.17886247608e-06, 1.08250594621e-06, 1.11761721655e-06, 1.32218121962e-06, 9.28654969812e-07, 7.70708538766e-07, 6.75938508721e-07, 1.04402556644e-06, 7.86292673638e-07, 5.09051346853e-07],
        "median": [3.89530578104e-05, 0.00135367421899, 0.000942560611293, 0.000493474537507, 0.00076363759581, 0.00050011248095, 0.000203649615287, 3.53773903043e-05, 2.95577592624e-05, 5.12233636982e-05, 2.00079266506e-05, 2.30068872042e-05, 1.77812726179e-05, 6.04929800829e-06, 6.27576446277e-06, 2.34174422076e-06, 2.47925686381e-06, 1.85681756193e-06, 1.90126991129e-06, 2.32254069488e-06, 1.68200517692e-06, 8.90396677278e-07, 5.7544957599e-07, 4.00247984089e-07, 3.05245066556e-07, 1.73985768015e-07, 1.28641545416e-07, 4.96560836893e-08, 3.19246247216e-08, 3.56652201106e-08, 1.74469576564e-08, 7.78725706141e-09, 7.27375226717e-09, 1.13165796733e-08, 9.3097174414e-09, 9.42282341043e-09, 9.06527652944e-09, 8.29911428468e-09, 6.85428558356e-09, 4.96612884149e-09],
        "min": [9.28154335105e-24, 5.48705534376e-24, 1.0346205806e-23, 5.31151485968e-24, 7.29437669839e-24, 1.71828467529e-23, 2.39860005545e-23, 2.40205364905e-24, 1.32662454441e-23, 4.56838619329e-24, 1.08295069616e-23, 1.85549077922e-23, 1.3659415297e-23, 6.10989218844e-24, 6.57584668717e-24, 1.19628831456e-23, 1.8516649616e-23, 1.08962990255e-23, 8.39326782797e-24, 9.97794818046e-24, 8.29266755217e-24, 9.37052843888e-24, 1.21059793584e-23, 6.36953471134e-24, 8.0768896399e-24, 6.584167592e-24, 7.18281756689e-24, 5.13091777721e-24, 9.09078021809e-24, 1.42433695821e-23, 8.02575804261e-24, 1.26069454762e-23, 8.67033471054e-24, 1.20543223797e-23, 8.21149376502e-24, 1.71945155835e-23, 9.08332942684e-24, 1.26481855466e-23, 1.25336508318e-23, 1.41860840809e-23],
        "var": [9.00308532437e-06, 1.54209064931e-05, 8.43909401738e-06, 3.57287876795e-06, 1.53718519869e-06, 1.8644074089e-06, 5.03296632814e-07, 3.09439620594e-08, 5.72278402444e-08, 1.91552743445e-07, 1.45793848105e-07, 9.1520453438e-09, 2.3942083871e-08, 4.71913708111e-08, 4.80188466767e-09, 4.41205694202e-09, 1.16165352892e-08, 2.5785233948e-09, 9.49968548269e-10, 9.96435822742e-09, 8.978482402e-10, 1.88023507874e-09, 8.8862056602e-10, 4.88544371624e-10, 9.74709271628e-11, 7.27620602659e-11, 1.7184892398e-10, 3.7897466415e-11, 1.89268444667e-11, 1.61493717704e-11, 1.74636624606e-11, 1.4942751897e-11, 1.96888391008e-11, 4.17299701738e-11, 1.62265253317e-11, 9.39917501469e-12, 6.4313168506e-12, 2.59821105603e-11, 1.35081676747e-11, 4.56435974086e-12]
    },
    "mfcc": {
        "mean": [-751.896362305, 189.767318726, 19.2768592834, 6.61500406265, 8.40507507324, -8.95114421844, -8.88763332367, -1.12828314304, -6.79175233841, -11.5399017334, -15.4965801239, -10.2100486755, -4.04968357086],
        "cov": [[13650.6113281, -2850.83691406, -745.473144531, 1000.7567749, -124.08682251, 355.213439941, 409.072845459, 366.157043457, 244.771087646, 508.046203613, 571.833251953, 262.976959229, -86.8715820312], [-2850.83691406, 3483.59204102, -681.514831543, -163.026947021, 538.715148926, -123.747268677, 26.1033916473, 147.586547852, 92.5047073364, -16.2317886353, -35.5589256287, 76.7076187134, 155.362106323], [-745.473144531, -681.514831543, 1070.55065918, -167.157928467, -228.516113281, 203.945236206, -35.9377861023, -135.604598999, -87.0229034424, -81.3983383179, -66.5942687988, -66.2613601685, -84.5139846802], [1000.7567749, -163.026947021, -167.157928467, 431.176849365, 137.045166016, -20.8585720062, 78.5301971436, 96.0246353149, 99.475227356, 90.0640869141, 49.6085357666, 56.3317337036, 35.8228416443], [-124.08682251, 538.715148926, -228.516113281, 137.045166016, 397.071868896, 13.4304466248, 18.0520877838, 92.0152816772, 76.3495101929, 40.988445282, 5.8530125618, 41.2799301147, 58.3936538696], [355.213439941, -123.747268677, 203.945236206, -20.8585720062, 13.4304466248, 255.175384521, 61.679069519, -1.22362565994, 12.8922548294, 4.17452669144, 42.9306144714, 7.94407367706, -27.7266674042], [409.072845459, 26.1033916473, -35.9377861023, 78.5301971436, 18.0520877838, 61.679069519, 153.574783325, 53.8525047302, 18.3566398621, 36.624420166, 35.8923072815, 17.9941215515, 4.40041065216], [366.157043457, 147.586547852, -135.604598999, 96.0246353149, 92.0152816772, -1.22362565994, 53.8525047302, 166.20552063, 73.3502655029, 40.3341560364, 38.1862449646, 40.750629425, 56.7571411133], [244.771087646, 92.5047073364, -87.0229034424, 99.475227356, 76.3495101929, 12.8922548294, 18.3566398621, 73.3502655029, 142.692321777, 59.5418128967, 25.0652389526, 49.7709083557, 54.0104598999], [508.046203613, -16.2317886353, -81.3983383179, 90.0640869141, 40.988445282, 4.17452669144, 36.624420166, 40.3341560364, 59.5418128967, 117.41834259, 59.3005638123, 31.0578250885, 20.2536582947], [571.833251953, -35.5589256287, -66.5942687988, 49.6085357666, 5.8530125618, 42.9306144714, 35.8923072815, 38.1862449646, 25.0652389526, 59.3005638123, 139.168991089, 42.9051513672, -10.1592054367], [262.976959229, 76.7076187134, -66.2613601685, 56.3317337036, 41.2799301147, 7.94407367706, 17.9941215515, 40.750629425, 49.7709083557, 31.0578250885, 42.9051513672, 90.6922683716, 48.2775421143], [-86.8715820312, 155.362106323, -84.5139846802, 35.8228416443, 58.3936538696, -27.7266674042, 4.40041065216, 56.7571411133, 54.0104598999, 20.2536582947, -10.1592054367, 48.2775421143, 124.913612366]],
