{
"lowlevel": {
    "average_loudness": 0.922996461391,
    "barkbands_crest": {
        "dmean": 2.66290545464,
        "dmean2": 4.33162164688,
        "dvar": 7.80202245712,
        "dvar2": 20.0895881653,
        "max": 25.4277610779,
        "mean": 8.89247608185,
        "median": 8.01516246796,
        "min": 1.85601186752,
        "var": 18.2008991241
    },
    "barkbands_flatness_db": {
        "dmean": 0.0194377712905,
        "dmean2": 0.0290245506912,
        "dvar": 0.000456294044852,
        "dvar2": 0.00100179680157,
        "max": 0.365117013454,
        "mean": 0.0979028791189,
        "median": 0.089359305799,
        "min": 0.020716406405,
        "var": 0.00194458547048
    },
    "barkbands_kurtosis": {
        "dmean": 1.83456122875,
        "dmean2": 2.88224291801,
        "dvar": 14.6511392593,
        "dvar2": 31.6851596832,
        "max": 93.2418518066,
        "mean": 1.53581833839,
        "median": -0.0222942829132,
        "min": -1.84110939503,
        "var": 29.2129554749
    },
    "barkbands_skewness": {
        "dmean": 0.508126437664,
        "dmean2": 0.770553410053,
        "dvar": 0.373486250639,
        "dvar2": 0.803955674171,
        "max": 8.68876838684,
        "mean": 1.04438924789,
        "median": 0.920779466629,
        "min": -1.99042928219,
        "var": 1.2609089613
    },
    "barkbands_spread": {
        "dmean": 6.5115275383,
        "dmean2": 10.0636110306,
        "dvar": 61.2537231445,
        "dvar2": 130.385650635,
        "max": 112.282424927,
        "mean": 31.0053653717,
        "median": 29.6588897705,
        "min": 1.91921293736,
        "var": 163.967636108
    },
    "dissonance": {
        "dmean": 0.0100796055049,
        "dmean2": 0.0170260891318,
        "dvar": 0.000121446988487,
        "dvar2": 0.000330813287292,
        "max": 0.499999970198,
        "mean": 0.481785267591,
        "median": 0.486210882664,
        "min": 0.366732299328,
        "var": 0.000267042196356
    },
    "dynamic_complexity": 3.47202014923,
    "erbbands_crest": {
        "dmean": 2.10327315331,
        "dmean2": 3.38935947418,
        "dvar": 5.55315542221,
        "dvar2": 13.2927465439,
        "max": 31.0940685272,
        "mean": 7.07858753204,
        "median": 5.84140300751,
        "min": 2.40837216377,
        "var": 16.4634418488
    },
    "erbbands_flatness_db": {
        "dmean": 0.0134535217658,
        "dmean2": 0.0195375829935,
        "dvar": 0.000198801164515,
        "dvar2": 0.000373878836399,
        "max": 0.396212011576,
        "mean": 0.139541938901,
        "median": 0.132666438818,
        "min": 0.0447912998497,
        "var": 0.00201549590565
    },
    "erbbands_kurtosis": {
        "dmean": 0.615118741989,
        "dmean2": 0.968174397945,
        "dvar": 1.65133821964,
        "dvar2": 3.97906160355,
        "max": 38.827457428,
        "mean": -0.0130947027355,
        "median": -0.440756797791,
        "min": -1.74373972416,
        "var": 2.58840751648
    },
    "erbbands_skewness": {
        "dmean": 0.291691124439,
        "dmean2": 0.445868551731,
        "dvar": 0.100051477551,
        "dvar2": 0.205276653171,
        "max": 3.80827832222,
        "mean": -0.144368082285,
        "median": -0.160507723689,
        "min": -4.9638671875,
        "var": 0.346457570791
    },
    "erbbands_spread": {
        "dmean": 7.08489656448,
        "dmean2": 10.6532917023,
        "dvar": 66.739616394,
        "dvar2": 145.366195679,
        "max": 155.755203247,
        "mean": 40.8778610229,
        "median": 38.4574928284,
        "min": 5.42637872696,
        "var": 284.361602783
    },
    "hfc": {
        "dmean": 6.55056285858,
        "dmean2": 10.066286087,
        "dvar": 114.204406738,
        "dvar2": 273.060241699,
        "max": 102.414245605,
        "mean": 20.5804843903,
        "median": 17.935541153,
        "min": 1.18687513884e-16,
        "var": 257.277954102
    },
    "melbands_crest": {
        "dmean": 3.14591288567,
        "dmean2": 5.05211305618,
        "dvar": 9.40550136566,
        "dvar2": 22.4117050171,
        "max": 30.8417072296,
        "mean": 13.9625797272,
        "median": 13.5049448013,
        "min": 2.16300606728,
        "var": 34.6544494629
    },
    "melbands_flatness_db": {
        "dmean": 0.0263874512166,
        "dmean2": 0.0392558276653,
        "dvar": 0.00088486704044,
        "dvar2": 0.0019054437289,
        "max": 0.446535438299,
        "mean": 0.149120733142,
        "median": 0.143805980682,
        "min": 0.00433921581134,
        "var": 0.00349081703462
    },
    "melbands_kurtosis": {
        "dmean": 6.12172412872,
        "dmean2": 9.63679027557,
        "dvar": 176.926513672,
        "dvar2": 417.243133545,
        "max": 292.621520996,
        "mean": 10.1028652191,
        "median": 4.5075674057,
        "min": -1.72969686985,
        "var": 336.68939209
    },
    "melbands_skewness": {
        "dmean": 0.751449942589,
        "dmean2": 1.14067721367,
        "dvar": 0.897127687931,
        "dvar2": 2.03802657127,
        "max": 15.1338405609,
        "mean": 2.39761018753,
        "median": 2.08145618439,
        "min": -0.897736012936,
        "var": 2.96507501602
    },
    "melbands_spread": {
        "dmean": 9.83466720581,
        "dmean2": 15.1790418625,
        "dvar": 173.068206787,
        "dvar2": 368.780029297,
        "max": 204.216400146,
        "mean": 35.6298408508,
        "median": 32.7099227905,
        "min": 1.1817868948,
        "var": 471.651977539
    },
    "pitch_salience": {
        "dmean": 0.0786540135741,
        "dmean2": 0.126840010285,
        "dvar": 0.00645279278979,
        "dvar2": 0.0169348455966,
        "max": 0.99149364233,
        "mean": 0.577822506428,
        "median": 0.591674685478,
        "min": 0.139722123742,
        "var": 0.017003627494
    },
    "silence_rate_20dB": {
        "dmean": 0,
        "dmean2": 0,
        "dvar": 0,
        "dvar2": 0,
        "max": 1,
        "mean": 1,
        "median": 1,
        "min": 1,
        "var": 0
    },
    "silence_rate_30dB": {
        "dmean": 0.00386996893212,
        "dmean2": 0.00774293439463,
        "dvar": 0.00385516136885,
        "dvar2": 0.010779616423,
        "max": 1,
        "mean": 0.997678935528,
        "median": 1,
        "min": 0,
        "var": 0.00231561134569
    },
    "silence_rate_60dB": {
        "dmean": 0.0344427227974,
        "dmean2": 0.0689121186733,
        "dvar": 0.0332534648478,
        "dvar2": 0.0688062161207,
        "max": 1,
        "mean": 0.133849129081,
        "median": 0,
        "min": 0,
        "var": 0.115931652486
    },
    "spectral_centroid": {
        "dmean": 284.14151001,
        "dmean2": 429.755218506,
        "dvar": 126253.179688,
        "dvar2": 254457.015625,
        "max": 11032.6191406,
        "mean": 1949.4708252,
        "median": 1948.74047852,
        "min": 286.767456055,
        "var": 413178.15625
    },
    "spectral_complexity": {
        "dmean": 5.19272422791,
        "dmean2": 7.50096797943,
        "dvar": 34.6825523376,
        "dvar2": 60.0201301575,
        "max": 58,
        "mean": 23.8255310059,
        "median": 24,
        "min": 0,
        "var": 153.314529419
    },
    "spectral_decrease": {
        "dmean": 2.72581490712e-09,
        "dmean2": 4.37965708144e-09,
        "dvar": 2.78971525406e-17,
        "dvar2": 6.78663311419e-17,
        "max": 5.29745231242e-28,
        "mean": -5.71254110682e-09,
        "median": -4.5329517917e-09,
        "min": -4.25264978787e-08,
        "var": 3.62592437756e-17
    },
    "spectral_energy": {
        "dmean": 0.0107071772218,
        "dmean2": 0.0171617977321,
        "dvar": 0.000421009055572,
        "dvar2": 0.00102466577664,
        "max": 0.166401460767,
        "mean": 0.0234271809459,
        "median": 0.0190239790827,
        "min": 1.06108620637e-20,
        "var": 0.000561241875403
    },
    "spectral_energyband_high": {
        "dmean": 0.000454411230749,
        "dmean2": 0.000667226326186,
        "dvar": 7.34597392693e-07,
        "dvar2": 1.49474738009e-06,
        "max": 0.012660718523,
        "mean": 0.00115378363989,
        "median": 0.000778984162025,
        "min": 7.48609359574e-21,
        "var": 1.80036636266e-06
    },
    "spectral_energyband_low": {
        "dmean": 0.00521242665127,
        "dmean2": 0.00835239142179,
        "dvar": 0.000147395869135,
        "dvar2": 0.000355970027158,
        "max": 0.113803714514,
        "mean": 0.00918248668313,
        "median": 0.00509080570191,
        "min": 2.18204574628e-23,
        "var": 0.000193975080037
    },
    "spectral_energyband_middle_high": {
        "dmean": 0.00181815994438,
        "dmean2": 0.00282720336691,
        "dvar": 7.25258450984e-06,
        "dvar2": 1.78821119334e-05,
        "max": 0.0342656970024,
        "mean": 0.00507313851267,
        "median": 0.00379178230651,
        "min": 1.59187233425e-21,
        "var": 1.94930016733e-05
    },
    "spectral_energyband_middle_low": {
        "dmean": 0.00690988544375,
        "dmean2": 0.0117530394346,
        "dvar": 0.000299235340208,
        "dvar2": 0.000808354001492,
        "max": 0.141312375665,
        "mean": 0.00896127615124,
        "median": 0.0046291295439,
        "min": 2.11155685922e-22,
        "var": 0.00024091573141
    },
    "spectral_entropy": {
        "dmean": 0.112528063357,
        "dmean2": 0.15634341538,
        "dvar": 0.0197750777006,
        "dvar2": 0.0337289310992,
        "max": 9.80919742584,
        "mean": 7.91459131241,
        "median": 7.98091936111,
        "min": 5.74422454834,
        "var": 0.116271406412
    },
    "spectral_flux": {
        "dmean": 0.0283414386213,
        "dmean2": 0.04336354509,
        "dvar": 0.00189852493349,
        "dvar2": 0.00366331706755,
        "max": 0.368568390608,
        "mean": 0.0810235589743,
        "median": 0.0637532770634,
        "min": 6.66093985524e-11,
        "var": 0.00392937520519
    },
    "spectral_kurtosis": {
        "dmean": 0.971450746059,
        "dmean2": 1.6278989315,
        "dvar": 1.44706630707,
        "dvar2": 4.05936670303,
        "max": 16.7025375366,
        "mean": 3.41436696053,
        "median": 2.94014453888,
        "min": -1.2256013155,
        "var": 3.32653975487
    },
    "spectral_rms": {
        "dmean": 0.000878860591911,
        "dmean2": 0.00133782089688,
        "dvar": 1.87450041267e-06,
        "dvar2": 4.23605206379e-06,
        "max": 0.0127413850278,
        "mean": 0.00423702131957,
        "median": 0.00430812966079,
        "min": 3.21746188719e-12,
        "var": 4.90343836645e-06
    },
    "spectral_rolloff": {
        "dmean": 656.61328125,
        "dmean2": 1054.71057129,
        "dvar": 1089983.375,
        "dvar2": 2160632.75,
        "max": 18927.6855469,
        "mean": 2211.14428711,
        "median": 2002.58789062,
        "min": 86.1328125,
        "var": 2757880.5
    },
    "spectral_skewness": {
        "dmean": 0.148749366403,
        "dmean2": 0.2395696491,
        "dvar": 0.0257888119668,
        "dvar2": 0.0632676184177,
        "max": 2.76108360291,
        "mean": 1.25757312775,
        "median": 1.21002984047,
        "min": -0.0458041466773,
        "var": 0.0913504064083
    },
    "spectral_spread": {
        "dmean": 397069.71875,
        "dmean2": 565409.5,
        "dvar": 729207668736,
        "dvar2": 1.27372886016e+12,
        "max": 41492396,
        "mean": 4612647,
        "median": 4620039.5,
        "min": 1688658.75,
        "var": 2.65879630643e+12
    },
    "spectral_strongpeak": {
        "dmean": 0.410219848156,
        "dmean2": 0.704198896885,
        "dvar": 0.503156602383,
        "dvar2": 1.22789168358,
        "max": 6.76331138611,
        "mean": 0.700950562954,
        "median": 0.417009353638,
        "min": 0,
        "var": 0.761066913605
    },
    "zerocrossingrate": {
        "dmean": 0.0124997356907,
        "dmean2": 0.0144894579425,
        "dvar": 0.00029808349791,
        "dvar2": 0.000395664537791,
        "max": 0.52294921875,
        "mean": 0.0821561068296,
        "median": 0.0771484375,
        "min": 0.005859375,
        "var": 0.0016464239452
    },
    "barkbands": {
        "dmean": [0.00011059249664, 0.00384640647098, 0.00168107589707, 0.0021678279154, 0.00375893525779, 0.000587445683777, 0.000548137933947, 0.000610182934906, 0.000497724919114, 0.000502048060298, 0.000352131843101, 0.000261598936049, 0.000279458647128, 0.000360044359695, 0.000393561349483, 0.000255749910139, 0.000271187600447, 0.000206291122595, 0.000165532488609, 0.000173522843397, 0.000143121404108, 0.000121787641547, 7.87839817349e-05, 6.54767718515e-05, 4.70097802463e-05, 2.48592969001e-05, 5.8187133618e-06],
        "dmean2": [0.000171377148945, 0.00644161039963, 0.00270549417473, 0.00374647253193, 0.00662191631272, 0.000932037481107, 0.000931401329581, 0.000958620395977, 0.00081566569861, 0.000798928318545, 0.000570093921851, 0.00041667255573, 0.000458585214801, 0.000585818837862, 0.000614202406723, 0.00040301590343, 0.000445580604719, 0.000333536736434, 0.000264887872618, 0.000286707974738, 0.000223526163609, 0.000183603726327, 0.000113123649498, 9.58391319728e-05, 6.76163326716e-05, 3.60436897608e-05, 8.72146119946e-06],
        "dvar": [4.37032099398e-08, 0.000117351744848, 1.29496511363e-05, 3.52512652171e-05, 0.000113839036203, 2.72684701486e-06, 1.82115820735e-06, 2.10539110412e-06, 1.43456020396e-06, 1.18859270515e-06, 1.23709526179e-06, 3.10070134901e-07, 3.72309926888e-07, 4.37430344391e-07, 6.29147734799e-07, 2.20133131279e-07, 2.26502535838e-07, 1.05052684773e-07, 4.78794994763e-08, 8.2930576184e-08, 5.3588301796e-08, 5.64032305306e-08, 3.71147024225e-08, 4.50282442443e-08, 2.04725925101e-08, 6.09704331467e-09, 7.11479097859e-10],
        "dvar2": [9.80239320825e-08, 0.000291524775093, 3.29270333168e-05, 9.47962907958e-05, 0.00031425873749, 6.74147531754e-06, 4.85073496748e-06, 4.95265476275e-06, 3.57528892891e-06, 3.00567512568e-06, 2.74409444501e-06, 7.61638261793e-07, 8.99219514849e-07, 1.08736048787e-06, 1.49585571307e-06, 5.08426751367e-07, 5.71476391542e-07, 2.585288712e-07, 1.17295897439e-07, 2.23770030061e-07, 1.27077498746e-07, 1.28719790382e-07, 6.81428815597e-08, 9.39616811024e-08, 4.66597711579e-08, 1.28369004315e-08, 1.56714163868e-09],
        "max": [0.00288020912558, 0.0855068936944, 0.0429100543261, 0.0462506823242, 0.102980442345, 0.0323009081185, 0.0160875469446, 0.022653862834, 0.0225992687047, 0.0205679181963, 0.0286585185677, 0.0099504571408, 0.0101698664948, 0.0125738251954, 0.0109643442556, 0.00829595047981, 0.00847655721009, 0.00495058950037, 0.00229322793894, 0.00402637757361, 0.0037975802552, 0.00729117169976, 0.00491703581065, 0.00427514174953, 0.00286453566514, 0.00159169372637, 0.00043557502795],
        "mean": [0.000179382783244, 0.00443130126223, 0.00377331068739, 0.00202353904024, 0.00323456781916, 0.00094515044475, 0.000787318218499, 0.000873015960678, 0.000776465865783, 0.000821504567284, 0.000550785160158, 0.000417492643464, 0.000427157036029, 0.000536635925528, 0.000632584735285, 0.000458428199636, 0.000489931670018, 0.000376660114853, 0.000356206845026, 0.000332130555762, 0.000298202445265, 0.000262034795014, 0.000161877353094, 0.000135703972774, 9.04214684851e-05, 4.73313921248e-05, 8.04987666925e-06],
        "median": [3.03344750137e-05, 0.00156608072575, 0.00140702049248, 0.000380132056307, 0.000741134688724, 0.000421846925747, 0.000335956341587, 0.000293865683489, 0.00031515446608, 0.000365656480426, 0.000181192677701, 0.000217096181586, 0.000211670005228, 0.00026747136144, 0.00027818934177, 0.000255042308709, 0.000330144335749, 0.000262119719991, 0.000306208647089, 0.000265011069132, 0.000197062836378, 0.000162319411174, 8.93702017493e-05, 7.11803440936e-05, 4.98461522511e-05, 2.25595740631e-05, 2.29385113926e-06],
        "min": [1.08721825616e-24, 3.97209057377e-24, 8.14162198806e-24, 1.0104859334e-23, 2.03091924505e-23, 5.86163284951e-23, 3.69054690556e-23, 2.16052719851e-23, 4.84862784658e-23, 9.58358588543e-23, 6.5032594932e-23, 9.56966091273e-23, 7.05854120874e-23, 2.32846416786e-23, 7.09280364667e-23, 1.20813467033e-22, 1.33106381182e-22, 1.88603907068e-22, 2.96042811744e-22, 2.90657252033e-22, 4.39717127022e-22, 4.39905292436e-22, 5.22457856984e-22, 6.31624998131e-22, 1.15886378134e-21, 1.71838189451e-21, 2.43725980601e-21],
        "var": [1.08481536643e-07, 0.000105311322841, 3.29662289005e-05, 2.66882052529e-05, 7.84619187471e-05, 3.51245489583e-06, 2.05362152883e-06, 3.22230539496e-06, 2.67856989922e-06, 1.94325798475e-06, 2.79482901533e-06, 5.14570160703e-07, 5.99396855705e-07, 7.18707781289e-07, 1.1349164879e-06, 4.3683826334e-07, 4.23239981728e-07, 1.66573329352e-07, 8.12256075733e-08, 1.01154704168e-07, 1.03559059994e-07, 1.03240822114e-07, 8.53144044299e-08, 9.14956785891e-08, 3.3045793657e-08, 1.10247269092e-08, 1.02942876445e-09]
    },
    "erbbands": {
        "dmean": [0.0934053808451, 0.947035551071, 1.99140310287, 3.93314886093, 15.8301420212, 8.71610641479, 5.13952350616, 4.58751058578, 7.45169591904, 8.47385025024, 15.1753129959, 11.774889946, 12.8716640472, 16.0776042938, 10.9794940948, 12.1822471619, 12.0623245239, 17.2114887238, 19.4374694824, 16.7823982239, 13.3640041351, 12.8739175797, 11.2899169922, 9.16986083984, 8.44867038727, 8.06835269928, 6.04754114151, 5.7698636055, 4.46766519547, 3.06645560265, 2.23789405823, 1.5625115633, 1.03879034519, 0.569644212723, 0.331844896078, 0.12932151556, 0.0432186089456, 0.0089208688587, 0.00115150969941, 3.84224877052e-05],
        "dmean2": [0.156719788909, 1.58165347576, 3.2268679142, 6.70878410339, 27.9620056152, 15.6106271744, 8.58962726593, 7.32013034821, 12.4620542526, 13.7168645859, 23.8756809235, 18.8646144867, 20.6187763214, 25.713760376, 17.7339038849, 19.3585243225, 19.5784454346, 27.6570129395, 31.3143177032, 26.0171127319, 21.1158084869, 20.8683795929, 18.2199440002, 14.8496627808, 13.6386480331, 13.2622203827, 9.80549240112, 8.98710727692, 6.84366321564, 4.64639759064, 3.22255992889, 2.28825712204, 1.51916527748, 0.839671075344, 0.483923852444, 0.187080264091, 0.0638222247362, 0.0131857991219, 0.00170984375291, 5.60358130315e-05],
        "dvar": [0.054718054831, 7.35448980331, 20.6105117798, 86.3748931885, 2254.04614258, 601.393188477, 204.692871094, 187.096343994, 341.379760742, 451.39755249, 1400.65234375, 874.457519531, 659.64239502, 1393.40161133, 922.766723633, 669.720703125, 737.503417969, 1109.34790039, 1557.08288574, 1117.76806641, 552.012878418, 390.500640869, 308.114807129, 168.761505127, 129.636749268, 200.649902344, 119.68372345, 87.2568969727, 88.2658843994, 31.2610225677, 34.0862770081, 28.244140625, 10.5007400513, 3.23319292068, 1.03741037846, 0.150833964348, 0.0194294601679, 0.00122678675689, 2.98868017126e-05, 1.86920079415e-08],
        "dvar2": [0.138238102198, 18.398235321, 53.6163139343, 234.073074341, 6178.15234375, 1677.69970703, 469.425811768, 490.830200195, 910.583312988, 1050.19250488, 3343.54931641, 2174.78295898, 1578.31494141, 3370.68139648, 2098.81811523, 1620.04846191, 1817.76196289, 2654.22021484, 3696.5090332, 2667.93139648, 1214.56970215, 970.80255127, 748.562988281, 421.74432373, 325.48336792, 547.623596191, 308.111480713, 197.65826416, 201.532424927, 66.2900695801, 65.1786270142, 56.0868415833, 22.07371521, 7.53252887726, 2.39125609398, 0.329686492682, 0.0413480587304, 0.00249246601015, 6.63780156174e-05, 3.97964718957e-08],
        "max": [2.10586166382, 21.3080177307, 48.647731781, 82.7557296753, 404.550872803, 230.664825439, 267.952697754, 327.418579102, 245.081222534, 400.758026123, 515.350341797, 669.837402344, 549.045410156, 674.560668945, 773.149353027, 515.162963867, 496.99520874, 751.211425781, 709.735839844, 625.670959473, 477.170196533, 308.190368652, 250.688858032, 157.935577393, 122.479446411, 206.308959961, 150.002532959, 179.849380493, 310.925750732, 116.283927917, 148.362380981, 114.592346191, 84.1236724854, 43.8734703064, 19.805765152, 7.71071720123, 2.62606096268, 0.703475534916, 0.0864400118589, 0.00252126040868],
        "mean": [0.11401604116, 1.07342588902, 4.06136846542, 5.49419784546, 12.197353363, 7.96990728378, 7.02631235123, 7.5680513382, 11.7545881271, 12.1561222076, 22.1174602509, 19.2539539337, 22.6498603821, 24.8027744293, 18.6318321228, 20.088470459, 19.9253025055, 27.6443271637, 31.9048175812, 30.2416381836, 26.6214485168, 25.4329967499, 21.5138454437, 18.8559341431, 18.0437908173, 15.6074666977, 11.4479217529, 12.506401062, 9.33112430573, 6.68921756744, 4.46593379974, 3.16128563881, 2.0630376339, 1.1008862257, 0.60881370306, 0.247953921556, 0.0784169510007, 0.014256125316, 0.00158240250312, 7.06923965481e-05],
        "median": [0.0357106551528, 0.361285537481, 1.45997905731, 2.94451904297, 1.68343293667, 2.27281546593, 2.93657326698, 3.47179460526, 5.0928401947, 5.6953959465, 7.93266439438, 8.43113613129, 11.1671714783, 9.33103561401, 8.52048683167, 9.94874382019, 10.6300411224, 13.7563638687, 15.7315731049, 13.2962360382, 16.8335208893, 18.1951179504, 14.7120866776, 15.4839897156, 15.5140047073, 12.1091098785, 7.71406316757, 7.68813037872, 5.60996437073, 4.2060918808, 2.42115306854, 1.5758702755, 1.10562515259, 0.64057725668, 0.296426802874, 0.122728772461, 0.0362092517316, 0.00544769130647, 0.000471583654871, 4.02593577746e-05],
        "min": [1.96424598352e-22, 7.43393537486e-22, 9.03855650913e-21, 2.71970878488e-20, 3.03568757835e-20, 8.14126862382e-20, 1.59611478529e-19, 5.49999885611e-19, 3.89848981925e-19, 6.74181977733e-19, 6.35023040739e-19, 1.10836794389e-18, 1.54353939235e-18, 2.53590435431e-18, 3.71705891883e-18, 2.98390950997e-18, 3.00297333476e-18, 1.48974339102e-18, 3.19588984478e-18, 7.07363169952e-18, 5.89680887308e-18, 7.94072046791e-18, 9.8960042096e-18, 1.18263848518e-17, 1.55280908848e-17, 1.35920043508e-17, 1.30481173816e-17, 2.05554481481e-17, 1.63381438956e-17, 1.77634521917e-17, 1.44080966072e-17, 1.45357355388e-17, 9.97197247706e-18, 1.06377900044e-17, 8.60707400833e-18, 5.12130967802e-18, 3.34588540039e-18, 1.12174107625e-18, 3.47040213877e-19, 3.50960455444e-20],
        "var": [0.0546987876296, 6.4058470726, 41.0798110962, 82.6337585449, 1507.84655762, 426.085113525, 281.208618164, 221.450744629, 467.499084473, 584.233398438, 2143.60668945, 1714.44104004, 1464.49462891, 2256.36816406, 2037.08911133, 1209.32897949, 1119.50097656, 2066.28637695, 2777.67773438, 2406.7487793, 1303.21643066, 772.406188965, 522.050170898, 267.986083984, 208.897384644, 232.873580933, 159.820739746, 192.035858154, 145.401550293, 68.7227630615, 73.0198669434, 59.5637626648, 19.9248733521, 4.6561088562, 1.74845170975, 0.259386003017, 0.0341552235186, 0.00214780168608, 4.143258775e-05, 3.0294810216e-08]
    },
    "gfcc": {
        "mean": [2.81911206245, 65.8808898926, -130.191055298, 38.5553436279, -54.7715187073, 14.6871299744, -34.901473999, 10.7871179581, -23.5386772156, 3.50816679001, -20.6501541138, -2.45482587814, -13.31229496],
        "cov": [[9695.55273438, -590.152099609, 1188.65527344, -218.611938477, -212.646697998, 35.122505188, -211.722381592, -4.41307353973, -272.655517578, 87.8678207397, -318.302520752, 259.105499268, -252.041427612], [-590.152099609, 995.741394043, -125.617462158, 222.412902832, 256.162261963, -24.3702487946, 157.470535278, 11.3802347183, 56.2234954834, -75.8197479248, 77.1905212402, -35.2912712097, 67.1526184082], [1188.65527344, -125.617462158, 1030.56176758, 145.086990356, 165.381439209, 166.762771606, 28.8548221588, 40.5673332214, 21.154258728, 50.3640518188, -27.5068969727, 139.844711304, -71.8497085571], [-218.611938477, 222.412902832, 145.086990356, 370.548400879, 154.056747437, 178.145828247, 129.359054565, 59.1791496277, 58.585193634, 12.6610269547, 59.2605209351, 18.8124713898, 40.3543624878], [-212.646697998, 256.162261963, 165.381439209, 154.056747437, 312.642486572, 115.803329468, 95.6677246094, 62.1817779541, 70.1952972412, -3.38728451729, 21.6379737854, 13.7666845322, 27.7310009003], [35.122505188, -24.3702487946, 166.762771606, 178.145828247, 115.803329468, 370.463623047, 184.399581909, 112.334877014, 55.3513755798, 30.198759079, 38.4534950256, 30.1329479218, -5.27235841751], [-211.722381592, 157.470535278, 28.8548221588, 129.359054565, 95.6677246094, 184.399581909, 259.808868408, 108.075874329, 45.7730979919, 18.7147369385, 35.366191864, 9.29249000549, 26.0320091248], [-4.41307353973, 11.3802347183, 40.5673332214, 59.1791496277, 62.1817779541, 112.334877014, 108.075874329, 154.473220825, 87.1978607178, 45.3109474182, 10.5720739365, 15.8404407501, 13.377240181], [-272.655517578, 56.2234954834, 21.154258728, 58.585193634, 70.1952972412, 55.3513755798, 45.7730979919, 87.1978607178, 126.637130737, 37.5523338318, 22.1201133728, 0.79629868269, 17.5191478729], [87.8678207397, -75.8197479248, 50.3640518188, 12.6610269547, -3.38728451729, 30.198759079, 18.7147369385, 45.3109474182, 37.5523338318, 99.5673904419, 32.0103492737, 24.9579524994, -4.55993795395], [-318.302520752, 77.1905212402, -27.5068969727, 59.2605209351, 21.6379737854, 38.4534950256, 35.366191864, 10.5720739365, 22.1201133728, 32.0103492737, 89.9057998657, 19.9889564514, 15.2101364136], [259.105499268, -35.2912712097, 139.844711304, 18.8124713898, 13.7666845322, 30.1329479218, 9.29249000549, 15.8404407501, 0.79629868269, 24.9579524994, 19.9889564514, 89.9181900024, 8.30037307739], [-252.041427612, 67.1526184082, -71.8497085571, 40.3543624878, 27.7310009003, -5.27235841751, 26.0320091248, 13.377240181, 17.5191478729, -4.55993795395, 15.2101364136, 8.30037307739, 73.0349655151]],
        "icov": [[0.000176908084541, -0.000126048995298, -0.000114732400107, 4.61565468868e-06, 0.000150253705215, -0.000120932156278, 0.00020210686489, -0.000264237547526, 0.000477175024571, -0.000362453225534, 0.000722725642845, -0.000428970932262, 0.000282708060695], [-0.000126048995298, 0.00228566280566, 0.000361708021956, -0.000894827768207, -0.00162289070431, 0.00177147670183, -0.0017463050317, 0.000610215356573, -0.000910831964575, 0.00217918469571, -0.00217053061351, 0.000468777754577, 0.000321750965668], [-0.000114732400107, 0.000361708021956, 0.00203396962024, -0.000854204059578, -0.00115188024938, -7.59621525503e-06, -0.000181168172276, 0.000800026638899, -0.000639939098619, -0.00023462518584, 0.00121381378267, -0.00286773964763, 0.00231126463041], [4.61565468868e-06, -0.000894827768207, -0.000854204059578, 0.00520109059289, -0.000310561823426, -0.00212159962393, 1.45342200994e-05, 0.000445626210421, -0.00033226198866, -0.000281841581455, -0.00161230470985, 0.00124699494336, -0.0027413207572], [0.000150253705215, -0.00162289070431, -0.00115188024938, -0.000310561823426, 0.0061917649582, -0.00150726700667, 0.000592996191699, -0.000539088156074, -0.00124542694539, -1.74669730768e-05, 0.00127644988243, 0.000249747681664, -0.00151986209676], [-0.000120932156278, 0.00177147670183, -7.59621525503e-06, -0.00212159962393, -0.00150726700667, 0.0068631991744, -0.00381646957248, -0.0014675706625, -0.00037675735075, 0.002089492511, -0.00249999877997, -0.000175570079591, 0.00257695117034], [0.00020210686489, -0.0017463050317, -0.000181168172276, 1.45342200994e-05, 0.000592996191699, -0.00381646957248, 0.00940878223628, -0.00537399714813, 0.00340649602003, -0.00117506913375, 0.000326175359078, 0.000560832442716, -0.00177524588071], [-0.000264237547526, 0.000610215356573, 0.000800026638899, 0.000445626210421, -0.000539088156074, -0.0014675706625, -0.00537399714813, 0.0177286453545, -0.0100851552561, -0.00319199729711, 0.00342975487001, -0.00207807589322, -0.000423363992013], [0.000477175024571, -0.000910831964575, -0.000639939098619, -0.00033226198866, -0.00124542694539, -0.00037675735075, 0.00340649602003, -0.0100851552561, 0.0175605304539, -0.00385025190189, -0.000385057093808, 0.00221170205623, -0.00150692288298], [-0.000362453225534, 0.00217918469571, -0.00023462518584, -0.000281841581455, -1.74669730768e-05, 0.002089492511, -0.00117506913375, -0.00319199729711, -0.00385025190189, 0.0177075434476, -0.00855912826955, -0.000828716380056, 0.00173721788451], [0.000722725642845, -0.00217053061351, 0.00121381378267, -0.00161230470985, 0.00127644988243, -0.00249999877997, 0.000326175359078, 0.00342975487001, -0.000385057093808, -0.00855912826955, 0.0217461455613, -0.00702724326402, 0.000992993009277], [-0.000428970932262, 0.000468777754577, -0.00286773964763, 0.00124699494336, 0.000249747681664, -0.000175570079591, 0.000560832442716, -0.00207807589322, 0.00221170205623, -0.000828716380056, -0.00702724326402, 0.0194582864642, -0.00667858030647], [0.000282708060695, 0.000321750965668, 0.00231126463041, -0.0027413207572, -0.00151986209676, 0.00257695117034, -0.00177524588071, -0.000423363992013, -0.00150692288298, 0.00173721788451, 0.000992993009277, -0.00667858030647, 0.0206558462232]]
    },
    "melbands": {
        "dmean": [0.00097036344232, 0.0010866796365, 0.00108908035327, 0.000961470708717, 0.000189393642358, 0.000106422747194, 0.000113491201773, 9.53416529228e-05, 0.000125610895338, 6.9330119004e-05, 6.5510510467e-05, 6.73149334034e-05, 4.54256660305e-05, 2.87882267003e-05, 3.10641880787e-05, 2.53434645856e-05, 3.56523960363e-05, 3.32142226398e-05, 2.57894989772e-05, 2.09449372051e-05, 1.68867391039e-05, 1.44673003888e-05, 1.39095582199e-05, 9.30643000174e-06, 7.90760896052e-06, 6.71073985359e-06, 6.47942943033e-06, 5.55539281777e-06, 4.19281468567e-06, 3.54727421836e-06, 3.69613030671e-06, 2.77082176581e-06, 2.27848158829e-06, 1.60990043696e-06, 1.41424152389e-06, 1.20330105347e-06, 9.31974284413e-07, 8.15397868337e-07, 6.10513097854e-07, 4.72454729561e-07],
        "dmean2": [0.00162721355446, 0.00176923419349, 0.00187578843907, 0.00170617923141, 0.000318851933116, 0.000169109000126, 0.00018935627304, 0.000154932378791, 0.000198475157958, 0.000112608184281, 0.000104865030153, 0.000107684536488, 7.36737056286e-05, 4.59634502477e-05, 5.09359888383e-05, 4.11823784816e-05, 5.75053272769e-05, 5.39385000593e-05, 4.05433675041e-05, 3.23740605381e-05, 2.69865486189e-05, 2.35619991145e-05, 2.28981425607e-05, 1.52100919877e-05, 1.29358177219e-05, 1.09812908704e-05, 1.07984460556e-05, 9.20662932913e-06, 6.899453183e-06, 5.61429033041e-06, 5.8082077885e-06, 4.29576903116e-06, 3.52054166797e-06, 2.45474893745e-06, 2.07399739338e-06, 1.77489403086e-06, 1.38717734899e-06, 1.20321715258e-06, 9.29635007196e-07, 7.09446283054e-07],
        "dvar": [7.06894434188e-06, 7.06454829924e-06, 8.27641179058e-06, 8.05237868917e-06, 2.35265389392e-07, 9.20750053979e-08, 7.54420952376e-08, 5.24817593828e-08, 9.32069852411e-08, 2.99511704327e-08, 1.73316134777e-08, 2.53587195687e-08, 2.11289723495e-08, 3.77865205792e-09, 4.82992668083e-09, 2.59929899826e-09, 4.99604446702e-09, 4.28649338247e-09, 2.85673285028e-09, 1.62332747244e-09, 1.0545779805e-09, 5.02855035389e-10, 5.04881192409e-10, 2.50118981082e-10, 1.21325754998e-10, 8.10422978725e-11, 8.68594848824e-11, 9.86646250811e-11, 5.98385993533e-11, 3.10562790762e-11, 3.5377336477e-11, 3.31719478275e-11, 2.06970187516e-11, 8.61176407962e-12, 1.07031718558e-11, 1.71777210511e-11, 1.05905119743e-11, 6.87375980787e-12, 3.35223255404e-12, 2.03263209216e-12],
        "dvar2": [1.75914083229e-05, 1.79927847057e-05, 2.24111590796e-05, 2.23496153922e-05, 5.53945994852e-07, 2.35744906263e-07, 2.01265123678e-07, 1.19380288766e-07, 2.23386379616e-07, 7.57842144594e-08, 4.20462527018e-08, 6.1953187469e-08, 4.66809666477e-08, 9.17242104492e-09, 1.25167751719e-08, 5.95950089277e-09, 1.21101875195e-08, 1.04398303336e-08, 6.94947210889e-09, 3.71073127781e-09, 2.37362529631e-09, 1.22380272582e-09, 1.27864963062e-09, 6.31309893251e-10, 3.07780551045e-10, 2.01726052529e-10, 2.27431448674e-10, 2.72983746719e-10, 1.60430710383e-10, 7.35079705438e-11, 8.22066720252e-11, 7.68173580301e-11, 4.94205232293e-11, 1.75994097767e-11, 2.05411798682e-11, 3.44738612656e-11, 2.25420446198e-11, 1.45114189762e-11, 7.87258973289e-12, 4.6909923862e-12],
        "max": [0.0211332831532, 0.0275095775723, 0.0213007014245, 0.0264931879938, 0.00838395114988, 0.0068024569191, 0.00319088087417, 0.00446315901354, 0.00437267171219, 0.00386539380997, 0.00268689775839, 0.00309512927197, 0.0039365128614, 0.00107482564636, 0.0011551551288, 0.000993806519546, 0.00157447543461, 0.00119707954582, 0.000815960927866, 0.000761609582696, 0.000668433436658, 0.000322243024129, 0.000341020640917, 0.000323016283801, 0.000131440639962, 0.000103610371298, 0.00010236511298, 0.000144871562952, 0.000119650547276, 8.73769677128e-05, 0.000111738328997, 0.000190923499758, 0.000129292224301, 4.84024349134e-05, 7.63465723139e-05, 0.000123427715153, 7.5598632975e-05, 6.95308990544e-05, 4.6646422561e-05, 3.04071054416e-05],
        "mean": [0.00113315717317, 0.00190850242507, 0.00121795618907, 0.00076853716746, 0.000256252649706, 0.000178758971742, 0.000175685039721, 0.000138315459481, 0.000184627933777, 0.000110572458652, 0.000111363682663, 0.000100563622254, 7.33692213544e-05, 4.73240288557e-05, 4.71798302897e-05, 4.08105515817e-05, 5.3068913985e-05, 5.05219904881e-05, 4.11242617702e-05, 3.69551416952e-05, 3.08274647978e-05, 2.64378850261e-05, 2.43946069531e-05, 1.63455897564e-05, 1.50450496221e-05, 1.33885132527e-05, 1.26500090118e-05, 9.64957962424e-06, 7.04874628354e-06, 6.80612356518e-06, 7.51043444325e-06, 5.3866883718e-06, 4.55531926491e-06, 3.31496107719e-06, 2.65058292825e-06, 2.19670118895e-06, 1.82290284556e-06, 1.53750113441e-06, 1.11865540475e-06, 8.60571049088e-07],
        "median": [0.000390086031985, 0.000759311194997, 0.000537447165698, 0.00014612445375, 0.000105718601844, 8.13229344203e-05, 7.56070730858e-05, 6.16202814854e-05, 6.58350109006e-05, 4.75396263937e-05, 5.30786419404e-05, 3.58931756637e-05, 2.61122368101e-05, 2.4874248993e-05, 2.45722476393e-05, 2.21478439926e-05, 2.42753721977e-05, 2.3837254048e-05, 1.82755466085e-05, 1.76727298822e-05, 1.93335345102e-05, 1.86982997548e-05, 1.49969782797e-05, 1.17560684885e-05, 1.20603463074e-05, 1.13578371383e-05, 1.03050188045e-05, 7.02269198882e-06, 4.502689535e-06, 4.42824148195e-06, 4.38857478002e-06, 3.11070721182e-06, 2.75768934443e-06, 1.98832958631e-06, 1.39712358305e-06, 1.04999287487e-06, 8.53306062254e-07, 7.72178907482e-07, 6.53831421005e-07, 4.51836001503e-07],
        "min": [1.24695154541e-24, 3.38819032565e-24, 4.45565796994e-24, 3.93304590327e-24, 5.54683206771e-24, 1.29653541733e-23, 6.96544536674e-24, 6.96205642029e-24, 5.90474181028e-24, 6.82242804006e-24, 6.81602012293e-24, 1.0866561336e-23, 9.7926471204e-24, 1.0140254734e-23, 1.04258720799e-23, 4.91247706496e-24, 2.29619837633e-24, 2.79556645921e-24, 7.04141661621e-24, 9.29253770548e-24, 6.29702380022e-24, 8.86208234191e-24, 7.85242558021e-24, 8.74095827194e-24, 9.29542099209e-24, 1.11993541418e-23, 1.28512407102e-23, 8.43033087988e-24, 7.02049286956e-24, 1.01623736049e-23, 1.16006902828e-23, 8.66284920941e-24, 9.19447519522e-24, 1.04894171924e-23, 7.64681687387e-24, 9.92053646149e-24, 7.76458355183e-24, 6.53701934785e-24, 7.71342828871e-24, 9.65944006795e-24],
        "var": [6.5168655965e-06, 9.61319983617e-06, 6.22836887487e-06, 5.30072156835e-06, 3.41990556763e-07, 1.22103969602e-07, 1.01122381579e-07, 7.05064522322e-08, 1.42253298918e-07, 5.3235737596e-08, 3.69607384698e-08, 3.89864176498e-08, 4.85479354495e-08, 6.53671250461e-09, 6.72447608707e-09, 4.34297353635e-09, 8.81130013397e-09, 7.35123917295e-09, 4.71948302661e-09, 3.4682330341e-09, 2.24344964828e-09, 9.65044377743e-10, 9.19021247991e-10, 3.26402793682e-10, 1.88672716339e-10, 1.24904864229e-10, 1.23663787543e-10, 1.06775734088e-10, 6.88288454009e-11, 5.86954790327e-11, 7.41347261357e-11, 5.25336371626e-11, 3.35631765436e-11, 1.9179305713e-11, 2.28423772952e-11, 3.31750217575e-11, 2.04822599853e-11, 1.26286836891e-11, 4.92699761198e-12, 2.94426484061e-12]
    },
    "mfcc": {
        "mean": [-633.078979492, 94.1447143555, -14.1382932663, 24.8011016846, 2.28430390358, 6.26753759384, 0.11246792227, 3.34637284279, 3.07600092888, 2.72529554367, 1.26455724239, -2.80275583267, -2.34800362587],
        "cov": [[6830.17236328, -125.320617676, 804.326904297, -77.9413909912, -84.7594680786, 45.1413421631, -91.7432174683, 11.715464592, -77.0452804565, -122.108161926, -103.994682312, -28.0113830566, -107.027923584], [-125.320617676, 743.255249023, -101.070800781, 199.066757202, 106.847114563, 7.22318315506, 59.4855613708, 44.7443695068, 31.9215545654, -19.4482002258, -14.8089733124, 9.69149875641, 22.5223808289], [804.326904297, -101.070800781, 690.182922363, 77.2624206543, 126.351020813, 164.170303345, 48.8006629944, 114.806999207, 9.0120010376, 21.2930469513, 2.04435372353, 78.7995529175, 6.72999763489], [-77.9413909912, 199.066757202, 77.2624206543, 270.981384277, 104.277183533, 61.1210861206, 56.9225158691, 39.0828781128, 53.9332504272, -4.44258785248, 0.812023162842, 30.3653526306, 33.207660675], [-84.7594680786, 106.847114563, 126.351020813, 104.277183533, 272.241363525, 98.4067230225, 27.9269943237, 73.4926834106, 51.8335113525, 43.0646934509, 7.01905870438, 32.7398757935, 36.5862617493], [45.1413421631, 7.22318315506, 164.170303345, 61.1210861206, 98.4067230225, 225.334991455, 144.552185059, 125.886444092, 53.6893081665, 42.4467353821, 37.0046234131, 48.3151168823, 23.8702354431], [-91.7432174683, 59.4855613708, 48.8006629944, 56.9225158691, 27.9269943237, 144.552185059, 213.097976685, 119.433509827, 76.9818496704, 32.245349884, 60.7063713074, 36.9406051636, 30.3241577148], [11.715464592, 44.7443695068, 114.806999207, 39.0828781128, 73.4926834106, 125.886444092, 119.433509827, 186.565979004, 97.1688995361, 48.0569381714, 39.3136291504, 54.5959281921, 32.4136581421], [-77.0452804565, 31.9215545654, 9.0120010376, 53.9332504272, 51.8335113525, 53.6893081665, 76.9818496704, 97.1688995361, 157.244216919, 66.1638412476, 54.9333076477, 24.8300266266, 36.9268074036], [-122.108161926, -19.4482002258, 21.2930469513, -4.44258785248, 43.0646934509, 42.4467353821, 32.245349884, 48.0569381714, 66.1638412476, 102.401664734, 56.5498390198, 27.2721042633, 17.5433998108], [-103.994682312, -14.8089733124, 2.04435372353, 0.812023162842, 7.01905870438, 37.0046234131, 60.7063713074, 39.3136291504, 54.9333076477, 56.5498390198, 104.611854553, 45.6216926575, 33.417175293], [-28.0113830566, 9.69149875641, 78.7995529175, 30.3653526306, 32.7398757935, 48.3151168823, 36.9406051636, 54.5959281921, 24.8300266266, 27.2721042633, 45.6216926575, 90.6711196899, 44.358001709], [-107.027923584, 22.5223808289, 6.72999763489, 33.207660675, 36.5862617493, 23.8702354431, 30.3241577148, 32.4136581421, 36.9268074036, 17.5433998108, 33.417175293, 44.358001709, 81.8323898315]],
