{
"lowlevel": {
    "average_loudness": 0.962130188942,
    "barkbands_crest": {
        "dmean": 2.88059067726,
        "dmean2": 4.70906019211,
        "dvar": 9.7839345932,
        "dvar2": 23.8006095886,
        "max": 25.3661880493,
        "mean": 8.40827083588,
        "median": 7.42551517487,
        "min": 2.08761501312,
        "var": 17.2340755463
    },
    "barkbands_flatness_db": {
        "dmean": 0.0214181132615,
        "dmean2": 0.0336837358773,
        "dvar": 0.000575751182623,
        "dvar2": 0.00134585390333,
        "max": 0.411681860685,
        "mean": 0.0910404250026,
        "median": 0.0813724324107,
        "min": 0.0197209585458,
        "var": 0.00169332628138
    },
    "barkbands_kurtosis": {
        "dmean": 2.14714956284,
        "dmean2": 3.56883525848,
        "dvar": 24.1340847015,
        "dvar2": 61.8495025635,
        "max": 95.1331558228,
        "mean": 1.4788980484,
        "median": -0.267816543579,
        "min": -1.91173505783,
        "var": 28.9835586548
    },
    "barkbands_skewness": {
        "dmean": 0.547786295414,
        "dmean2": 0.871700584888,
        "dvar": 0.445513367653,
        "dvar2": 1.04907655716,
        "max": 9.45158290863,
        "mean": 1.10790967941,
        "median": 0.884371101856,
        "min": -1.97685706615,
        "var": 1.05646646023
    },
    "barkbands_spread": {
        "dmean": 7.5033326149,
        "dmean2": 11.7717838287,
        "dvar": 76.2676773071,
        "dvar2": 171.445770264,
        "max": 107.047660828,
        "mean": 34.2623596191,
        "median": 33.5995635986,
        "min": 1.97944498062,
        "var": 218.386001587
    },
    "dissonance": {
        "dmean": 0.0107312258333,
        "dmean2": 0.018123138696,
        "dvar": 0.000132982881041,
        "dvar2": 0.000353889539838,
        "max": 0.500000119209,
        "mean": 0.480609089136,
        "median": 0.485295027494,
        "min": 0.329929053783,
        "var": 0.000272489094641
    },
    "dynamic_complexity": 1.91551065445,
    "erbbands_crest": {
        "dmean": 2.38475418091,
        "dmean2": 3.84420394897,
        "dvar": 6.42622852325,
        "dvar2": 15.890039444,
        "max": 27.7784385681,
        "mean": 7.75292778015,
        "median": 6.35942649841,
        "min": 2.15800476074,
        "var": 18.3061389923
    },
    "erbbands_flatness_db": {
        "dmean": 0.01350221131,
        "dmean2": 0.0198283996433,
        "dvar": 0.000174533270183,
        "dvar2": 0.00034684324055,
        "max": 0.318731158972,
        "mean": 0.127608135343,
        "median": 0.124573074281,
        "min": 0.0389008894563,
        "var": 0.0011936572846
    },
    "erbbands_kurtosis": {
        "dmean": 0.72236007452,
        "dmean2": 1.14525294304,
        "dvar": 0.86524116993,
        "dvar2": 2.13735508919,
        "max": 16.2852687836,
        "mean": 0.159530699253,
        "median": -0.160458803177,
        "min": -1.69836640358,
        "var": 1.7099095583
    },
    "erbbands_skewness": {
        "dmean": 0.304627150297,
        "dmean2": 0.46889013052,
        "dvar": 0.0937104895711,
        "dvar2": 0.198427662253,
        "max": 2.50997281075,
        "mean": -0.227566257119,
        "median": -0.275105893612,
        "min": -2.60327339172,
        "var": 0.373244911432
    },
    "erbbands_spread": {
        "dmean": 8.68399620056,
        "dmean2": 13.1502132416,
        "dvar": 88.3267669678,
        "dvar2": 189.757736206,
        "max": 155.309341431,
        "mean": 42.1429748535,
        "median": 37.9898910522,
        "min": 5.94144821167,
        "var": 358.348052979
    },
    "hfc": {
        "dmean": 8.19574642181,
        "dmean2": 12.9157428741,
        "dvar": 141.626083374,
        "dvar2": 351.157073975,
        "max": 163.703857422,
        "mean": 30.7513504028,
        "median": 27.5306186676,
        "min": 1.14903857413e-16,
        "var": 347.680084229
    },
    "melbands_crest": {
        "dmean": 3.33270740509,
        "dmean2": 5.36980438232,
        "dvar": 8.61555480957,
        "dvar2": 21.1426467896,
        "max": 31.6368713379,
        "mean": 13.8659906387,
        "median": 13.453248024,
        "min": 2.2242436409,
        "var": 24.6213226318
    },
    "melbands_flatness_db": {
        "dmean": 0.029677124694,
        "dmean2": 0.0461973510683,
        "dvar": 0.00105473818257,
        "dvar2": 0.0023751927074,
        "max": 0.5602902174,
        "mean": 0.15551918745,
        "median": 0.144391849637,
        "min": 0.00569582404569,
        "var": 0.00350912264548
    },
    "melbands_kurtosis": {
        "dmean": 7.62206506729,
        "dmean2": 12.3616876602,
        "dvar": 283.772521973,
        "dvar2": 719.929443359,
        "max": 375.251739502,
        "mean": 11.0434446335,
        "median": 4.66364479065,
        "min": -1.43585979939,
        "var": 421.557556152
    },
    "melbands_skewness": {
        "dmean": 0.835450351238,
        "dmean2": 1.3065392971,
        "dvar": 1.08799684048,
        "dvar2": 2.47022628784,
        "max": 16.2791557312,
        "mean": 2.56028461456,
        "median": 2.18012237549,
        "min": -0.549559533596,
        "var": 2.92182731628
    },
    "melbands_spread": {
        "dmean": 10.0878887177,
        "dmean2": 16.0045433044,
        "dvar": 115.475570679,
        "dvar2": 258.630432129,
        "max": 156.992950439,
        "mean": 35.062461853,
        "median": 34.6449394226,
        "min": 1.42132365704,
        "var": 345.982696533
    },
    "pitch_salience": {
        "dmean": 0.0765870139003,
        "dmean2": 0.124255351722,
        "dvar": 0.00589163275436,
        "dvar2": 0.0144801493734,
        "max": 0.931997835636,
        "mean": 0.560861170292,
        "median": 0.562615334988,
        "min": 0.154688388109,
        "var": 0.0141570363194
    },
    "silence_rate_20dB": {
        "dmean": 0,
        "dmean2": 0,
        "dvar": 0,
        "dvar2": 0,
        "max": 1,
        "mean": 1,
        "median": 1,
        "min": 1,
        "var": 0
    },
    "silence_rate_30dB": {
        "dmean": 0.00232198135927,
        "dmean2": 0.00464576063678,
        "dvar": 0.00231657503173,
        "dvar2": 0.00694698886946,
        "max": 1,
        "mean": 0.998839437962,
        "median": 1,
        "min": 0,
        "var": 0.00115920894314
    },
    "silence_rate_60dB": {
        "dmean": 0.00890092924237,
        "dmean2": 0.0178087502718,
        "dvar": 0.00882253516465,
        "dvar2": 0.022136837244,
        "max": 1,
        "mean": 0.0185686647892,
        "median": 0,
        "min": 0,
        "var": 0.0182224772871
    },
    "spectral_centroid": {
        "dmean": 292.432312012,
        "dmean2": 460.902923584,
        "dvar": 118547.234375,
        "dvar2": 263614.25,
        "max": 11347.3857422,
        "mean": 1900.95397949,
        "median": 1971.26257324,
        "min": 277.867797852,
        "var": 420363.53125
    },
    "spectral_complexity": {
        "dmean": 5.41679573059,
        "dmean2": 8.15253543854,
        "dvar": 30.6501026154,
        "dvar2": 59.9548797607,
        "max": 60,
        "mean": 30.3350105286,
        "median": 32,
        "min": 0,
        "var": 151.078231812
    },
    "spectral_decrease": {
        "dmean": 3.11587000645e-09,
        "dmean2": 5.04637265308e-09,
        "dvar": 2.24128358915e-17,
        "dvar2": 5.19346207859e-17,
        "max": 6.39035351869e-29,
        "mean": -7.91374876741e-09,
        "median": -6.88787915593e-09,
        "min": -3.71359405449e-08,
        "var": 3.03543984293e-17
    },
    "spectral_energy": {
        "dmean": 0.0120889646932,
        "dmean2": 0.0195285435766,
        "dvar": 0.000328773166984,
        "dvar2": 0.000756496097893,
        "max": 0.142359897494,
        "mean": 0.0326575934887,
        "median": 0.0286416020244,
        "min": 1.04098563671e-20,
        "var": 0.000463684293209
    },
    "spectral_energyband_high": {
        "dmean": 0.000728002109099,
        "dmean2": 0.00114771432709,
        "dvar": 1.45612273172e-06,
        "dvar2": 3.50486789102e-06,
        "max": 0.017794849351,
        "mean": 0.00173553358763,
        "median": 0.00115283019841,
        "min": 7.52334499608e-21,
        "var": 2.98754480355e-06
    },
    "spectral_energyband_low": {
        "dmean": 0.00891778524965,
        "dmean2": 0.0145581252873,
        "dvar": 0.000284468696918,
        "dvar2": 0.000690284941811,
        "max": 0.134261474013,
        "mean": 0.0143857356161,
        "median": 0.0100205764174,
        "min": 3.3469187797e-23,
        "var": 0.000300087238429
    },
    "spectral_energyband_middle_high": {
        "dmean": 0.00209529208951,
        "dmean2": 0.00327735184692,
        "dvar": 6.53772804071e-06,
        "dvar2": 1.53404835146e-05,
        "max": 0.0464760437608,
        "mean": 0.00786401424557,
        "median": 0.00642475765198,
        "min": 1.37919260693e-21,
        "var": 3.51419221261e-05
    },
    "spectral_energyband_middle_low": {
        "dmean": 0.0051670758985,
        "dmean2": 0.0086309146136,
        "dvar": 8.09502671473e-05,
        "dvar2": 0.0002207858779,
        "max": 0.0770600140095,
        "mean": 0.0101530272514,
        "median": 0.00714877201244,
        "min": 2.98250688267e-22,
        "var": 9.36654396355e-05
    },
    "spectral_entropy": {
        "dmean": 0.119071856141,
        "dmean2": 0.170685887337,
        "dvar": 0.0224002767354,
        "dvar2": 0.0409947112203,
        "max": 9.81132888794,
        "mean": 7.92120504379,
        "median": 7.95315074921,
        "min": 6.02678632736,
        "var": 0.0956748723984
    },
    "spectral_flux": {
        "dmean": 0.030840408057,
        "dmean2": 0.0479648113251,
        "dvar": 0.00136398721952,
        "dvar2": 0.0028621761594,
        "max": 0.332872748375,
        "mean": 0.100337840617,
        "median": 0.0859215483069,
        "min": 6.50829251603e-11,
        "var": 0.00275442842394
    },
    "spectral_kurtosis": {
        "dmean": 1.00696599483,
        "dmean2": 1.67471694946,
        "dvar": 4.77857875824,
        "dvar2": 13.2226877213,
        "max": 59.1084518433,
        "mean": 3.34329557419,
        "median": 3.10253429413,
        "min": -1.20874190331,
        "var": 6.12440729141
    },
    "spectral_rms": {
        "dmean": 0.000920839549508,
        "dmean2": 0.00145007285755,
        "dvar": 1.3537750192e-06,
        "dvar2": 2.95942140838e-06,
        "max": 0.0117850629613,
        "mean": 0.00536907603964,
        "median": 0.005286116153,
        "min": 3.18684141576e-12,
        "var": 3.03411025016e-06
    },
    "spectral_rolloff": {
        "dmean": 711.771362305,
        "dmean2": 1185.32495117,
        "dvar": 1117729.625,
        "dvar2": 2359454,
        "max": 19444.4824219,
        "mean": 2235.82226562,
        "median": 2067.1875,
        "min": 86.1328125,
        "var": 3000582.5
    },
    "spectral_skewness": {
        "dmean": 0.172618359327,
        "dmean2": 0.276327848434,
        "dvar": 0.0559266917408,
        "dvar2": 0.136491954327,
        "max": 5.70943975449,
        "mean": 1.26862812042,
        "median": 1.24075031281,
        "min": -0.0535030849278,
        "var": 0.129949614406
    },
    "spectral_spread": {
        "dmean": 470749.5625,
        "dmean2": 672264.25,
        "dvar": 752474521600,
        "dvar2": 1.31138152038e+12,
        "max": 40848332,
        "mean": 4898821,
        "median": 4587095,
        "min": 1363636.5,
        "var": 3.74182117376e+12
    },
    "spectral_strongpeak": {
        "dmean": 0.619726538658,
        "dmean2": 1.09310472012,
        "dvar": 1.25606155396,
        "dvar2": 3.12908053398,
        "max": 10.7011518478,
        "mean": 0.879111468792,
        "median": 0.403114289045,
        "min": 0,
        "var": 1.78099989891
    },
    "zerocrossingrate": {
        "dmean": 0.0129060065374,
        "dmean2": 0.0153219746426,
        "dvar": 0.000240790468524,
        "dvar2": 0.000315971818054,
        "max": 0.5078125,
        "mean": 0.08138807863,
        "median": 0.07421875,
        "min": 0.005859375,
        "var": 0.00167357909959
    },
    "barkbands": {
        "dmean": [0.000229962082813, 0.00725119188428, 0.00257046381012, 0.00184206955601, 0.00255524297245, 0.000941473816056, 0.000680355820805, 0.000654463015962, 0.000636201060843, 0.000691122142598, 0.000320261722663, 0.00044829514809, 0.000391799840145, 0.000360465637641, 0.000519002787769, 0.000470448663691, 0.000389714405173, 0.000279077910818, 0.000308437534841, 0.000247943011345, 0.000249073869782, 0.0001688675693, 0.000120345976029, 0.000104649981949, 8.05845193099e-05, 4.0340310079e-05, 1.26270297187e-05],
        "dmean2": [0.000348480069079, 0.0121796382591, 0.00431318953633, 0.0030796143692, 0.00442839181051, 0.00147877098061, 0.00114964134991, 0.00103016279172, 0.000994788249955, 0.00105251197238, 0.000501621165313, 0.000679923163261, 0.000610457675066, 0.000590126903262, 0.000812988553662, 0.000743506010622, 0.00064162252238, 0.00046918852604, 0.000517279549967, 0.00042630819371, 0.000425379577791, 0.000267179624643, 0.000184384960448, 0.000154975889018, 0.00012218291522, 5.8834481024e-05, 1.87658697541e-05],
        "dvar": [1.10451580326e-07, 0.000265561538981, 1.46420543388e-05, 7.54624943511e-06, 3.42547609762e-05, 3.64400466424e-06, 3.05831053993e-06, 2.40863778345e-06, 3.1631307138e-06, 2.36607502302e-06, 6.95559265296e-07, 8.57981660829e-07, 7.18267074262e-07, 5.47783486127e-07, 1.23590348267e-06, 6.35743219846e-07, 3.95566559064e-07, 1.71551306494e-07, 2.13682056938e-07, 1.52984256374e-07, 1.75171678052e-07, 6.56454801629e-08, 4.67279761551e-08, 8.25273929195e-08, 4.77309960445e-08, 1.37237163855e-08, 1.91942661765e-09],
        "dvar2": [2.65006605105e-07, 0.000663696671836, 4.0469407395e-05, 2.07175526157e-05, 9.48913366301e-05, 8.20553304948e-06, 7.85060728958e-06, 5.66527751289e-06, 7.58607120588e-06, 5.81056337978e-06, 1.30103865104e-06, 1.93849291463e-06, 1.66903748777e-06, 1.43174145251e-06, 2.95779750559e-06, 1.39193093673e-06, 1.10431892608e-06, 4.55431035107e-07, 5.89928674799e-07, 4.25359900191e-07, 4.82818109049e-07, 1.57989362037e-07, 9.82502967872e-08, 1.64329662766e-07, 9.91812427742e-08, 2.98059141812e-08, 4.21915258286e-09],
        "max": [0.00313096260652, 0.123529806733, 0.0416125878692, 0.0295050777495, 0.0477033630013, 0.0299836285412, 0.0314572304487, 0.0323578119278, 0.0476825088263, 0.0323267318308, 0.0296263527125, 0.0223790630698, 0.015749219805, 0.0159061923623, 0.0217196941376, 0.0124722355977, 0.0124549241737, 0.00526771321893, 0.00685343332589, 0.00356052210554, 0.0041984198615, 0.0027590340469, 0.0032099254895, 0.00794895458966, 0.00534424232319, 0.00205961125903, 0.000829064578284],
        "mean": [0.000372020731447, 0.00794316176325, 0.00469847908244, 0.00248201284558, 0.00298344856128, 0.0015293112956, 0.000858598970808, 0.0010919024935, 0.00100059784018, 0.00119530584197, 0.000587564834859, 0.000947132066358, 0.000671264890116, 0.000580072868615, 0.000851248507388, 0.000915636017453, 0.000816786428913, 0.000532739970367, 0.000628232199233, 0.000456853129435, 0.000452479027444, 0.000336456869263, 0.000251831428614, 0.000227440046729, 0.00015357711527, 7.31456821086e-05, 2.03274175874e-05],
        "median": [0.000209625140997, 0.00340432673693, 0.00363924982958, 0.00155114301015, 0.00120260554831, 0.000718998897355, 0.000367792061297, 0.000327547837514, 0.00038421471254, 0.000480905669974, 0.000231404206716, 0.00043854067917, 0.000321143772453, 0.000293506629532, 0.000357355485903, 0.000524176284671, 0.000601513020229, 0.000416156632127, 0.000537666724995, 0.000355980097083, 0.000319412181852, 0.000193707164726, 0.000148416685988, 0.000136974791531, 7.42263582652e-05, 2.58757245319e-05, 4.65647235615e-06],
        "min": [9.11681657226e-24, 1.35278474975e-23, 1.38377404601e-23, 4.82518171719e-24, 3.25552356403e-23, 2.04391651732e-23, 2.08415883645e-23, 7.31958632633e-24, 6.2905800688e-23, 2.03204873609e-23, 5.75979847971e-23, 5.1305922932e-23, 3.968729553e-23, 6.33420155251e-23, 9.38055391435e-23, 5.59431376337e-23, 1.43965638455e-22, 1.27423326247e-22, 2.47171629109e-22, 2.61902022482e-22, 4.47611945987e-22, 4.76330067521e-22, 4.80269878696e-22, 7.59692287312e-22, 1.0323764354e-21, 1.42206423101e-21, 2.48367340293e-21],
        "var": [1.96834818667e-07, 0.00023197583505, 2.01480070245e-05, 8.71034444572e-06, 2.75821712421e-05, 7.409196769e-06, 3.23424433191e-06, 6.26205292065e-06, 5.40887776879e-06, 6.15528279013e-06, 3.63173762707e-06, 2.99240127788e-06, 1.33835146698e-06, 9.06706304704e-07, 2.13948965211e-06, 1.81066582172e-06, 9.76503997663e-07, 2.47564827305e-07, 2.91382832529e-07, 1.739650628e-07, 2.08247527667e-07, 1.39278014899e-07, 1.16733616551e-07, 1.84900244449e-07, 9.25723497858e-08, 3.13065484647e-08, 4.42493286457e-09]
    },
    "erbbands": {
        "dmean": [0.186244815588, 1.73863589764, 3.00875926018, 4.32250356674, 9.05391311646, 7.48997879028, 8.20048904419, 7.38959026337, 9.50355434418, 10.819021225, 15.2372169495, 14.2380619049, 13.1209573746, 23.0636882782, 13.6979598999, 16.9326305389, 14.8120975494, 19.4747009277, 22.4238986969, 23.7100219727, 23.9089412689, 19.5887031555, 15.2491006851, 16.5643920898, 13.0526771545, 11.9379930496, 11.1749286652, 8.74585437775, 6.13111448288, 4.95989608765, 3.31748557091, 2.47524094582, 1.70230567455, 1.06021440029, 0.544687628746, 0.19341391325, 0.0747799500823, 0.0180603098124, 0.00254389434122, 8.14392260509e-05],
        "dmean2": [0.309629023075, 2.93166851997, 5.03917837143, 7.07373952866, 15.8273143768, 12.9649105072, 13.4321966171, 11.6150379181, 15.4970226288, 18.2356281281, 23.6822166443, 22.4792232513, 19.8522701263, 34.8793449402, 21.1058692932, 25.953868866, 23.1439285278, 31.1312389374, 35.6715126038, 36.998210907, 38.3512306213, 32.0322647095, 25.3935012817, 27.4671287537, 22.189239502, 20.6612739563, 19.4425945282, 14.5420341492, 9.92936515808, 7.79403400421, 5.04450035095, 3.73877048492, 2.46168923378, 1.58993959427, 0.840084195137, 0.284905195236, 0.109954491258, 0.0271341558546, 0.00380041170865, 0.000122876401292],
        "dvar": [0.160850480199, 15.3058710098, 23.803194046, 36.1375732422, 400.731079102, 343.391876221, 284.029327393, 312.941925049, 587.494140625, 934.343261719, 1516.61340332, 2155.66113281, 698.298156738, 2708.75683594, 735.426269531, 1155.55810547, 1181.25085449, 1693.8581543, 2177.76928711, 2404.25292969, 1781.64782715, 1112.9744873, 528.435668945, 447.947265625, 525.931945801, 393.660308838, 388.38381958, 210.425064087, 97.9714813232, 54.3872795105, 40.0350227356, 36.8708724976, 25.561006546, 8.93780994415, 2.2095053196, 0.255474895239, 0.0537905097008, 0.00392211647704, 8.54645841173e-05, 6.82232226268e-08],
        "dvar2": [0.406573861837, 38.4447784424, 65.3408508301, 97.5279922485, 1121.97216797, 945.708984375, 629.092651367, 701.219787598, 1436.38342285, 2563.65893555, 3434.71435547, 5330.33837891, 1554.11706543, 6306.41943359, 1487.15563965, 2716.01220703, 2869.8840332, 4296.73486328, 5441.13134766, 5692.06445312, 4007.55102539, 3121.51171875, 1400.98046875, 1167.66711426, 1498.02294922, 1102.71350098, 1091.87219238, 562.496643066, 247.601196289, 123.1563797, 83.911315918, 75.4696960449, 52.6457176208, 17.0930633545, 5.35093927383, 0.545048236847, 0.122336797416, 0.00869343336672, 0.000197228699108, 1.61649779784e-07],
        "max": [2.80602192879, 29.7270088196, 57.7252845764, 70.6196517944, 190.408569336, 175.618408203, 272.169769287, 335.684509277, 624.371643066, 618.353881836, 896.715576172, 1428.18408203, 550.456420898, 1092.2935791, 704.82220459, 626.740600586, 852.678833008, 897.100036621, 885.643859863, 863.938842773, 858.91204834, 741.404296875, 321.95916748, 303.267303467, 346.65246582, 211.172286987, 169.304504395, 135.463653564, 136.746658325, 89.360824585, 106.191223145, 124.0834198, 150.49458313, 72.0752563477, 30.4754085541, 8.69670200348, 4.49834680557, 1.1591322422, 0.188571631908, 0.00541234668344],
        "mean": [0.213425353169, 1.84202957153, 5.42836141586, 7.22344827652, 9.95735359192, 8.30283164978, 12.4547491074, 11.4291267395, 12.799413681, 13.9904527664, 26.5857162476, 22.1872386932, 26.2648849487, 41.550693512, 30.187702179, 36.4040565491, 27.3934078217, 36.1744155884, 37.555480957, 46.321308136, 51.0184364319, 43.627532959, 31.7377414703, 34.7950286865, 26.9695720673, 21.7084636688, 19.2253494263, 16.0734558105, 11.9767036438, 10.2858057022, 6.77050876617, 4.99132633209, 3.55769777298, 2.05571341515, 0.93615603447, 0.34946346283, 0.128770023584, 0.0300082955509, 0.00399136310443, 0.000153108936502],
        "median": [0.0810355469584, 0.818981349468, 4.09771871567, 5.38589334488, 3.98656797409, 3.28839612007, 5.62085008621, 4.89279747009, 5.46988964081, 6.32043409348, 8.39764499664, 9.52947711945, 12.6266393661, 17.2715549469, 14.4966335297, 19.0988807678, 14.9162073135, 17.9202518463, 19.5035839081, 23.3329677582, 32.3189849854, 33.2884788513, 25.1112766266, 29.7501296997, 23.0689601898, 17.0113239288, 14.0008430481, 9.94004535675, 6.95421075821, 6.19502258301, 3.72588324547, 2.83089542389, 2.10232901573, 1.02423930168, 0.425185084343, 0.141548827291, 0.0431497879326, 0.00807801168412, 0.00090814451687, 6.64130348014e-05],
        "min": [1.83048268946e-22, 3.8393414456e-21, 1.16445470237e-20, 2.52319248176e-20, 7.35842166092e-20, 8.38365193034e-20, 1.38739617873e-19, 1.99361358521e-19, 1.47420555284e-19, 3.71755207357e-19, 7.71242730424e-19, 1.11672918892e-18, 7.78133972107e-19, 1.17011935476e-18, 1.55723967464e-18, 2.46320696579e-18, 1.74970640521e-18, 2.5094180311e-18, 4.54425855654e-18, 3.60180412177e-18, 3.66362635998e-18, 8.30198415582e-18, 7.14037938469e-18, 1.00945002597e-17, 1.02419435495e-17, 1.12770757137e-17, 1.26055823713e-17, 1.79740854629e-17, 1.82053932863e-17, 1.44611519717e-17, 1.49198616717e-17, 1.44375161129e-17, 1.16960633734e-17, 1.02147483325e-17, 8.1647846707e-18, 5.1910521706e-18, 2.84144005717e-18, 9.82665028512e-19, 3.04417923357e-19, 3.5834171763e-20],
        "var": [0.152540519834, 12.8553237915, 28.4952697754, 48.1950263977, 313.209320068, 271.745635986, 592.170471191, 579.728088379, 705.068054199, 833.085693359, 3976.77172852, 2567.68896484, 2349.39941406, 7244.37060547, 3536.58789062, 3473.62280273, 2072.34033203, 3538.93383789, 3303.19702148, 5179.81201172, 5498.00634766, 2361.51342773, 855.037414551, 791.318054199, 578.303527832, 419.421600342, 384.992401123, 300.578399658, 181.838775635, 126.198310852, 97.7112426758, 85.912940979, 50.7524795532, 18.1280250549, 3.40969109535, 0.567911446095, 0.106062114239, 0.00846065301448, 0.000175856956048, 1.43252037788e-07]
    },
    "gfcc": {
        "mean": [46.5975532532, 67.4048461914, -116.113807678, 42.4422111511, -47.2062263489, 18.0684757233, -31.9896297455, 11.2377519608, -23.4705581665, -0.0773069784045, -17.8693351746, 0.0206775330007, -11.3440465927],
        "cov": [[5014.54833984, -685.197753906, 173.805877686, 115.871757507, -164.26600647, 234.192047119, -160.410766602, 98.0749588013, -149.887634277, 64.927444458, -127.787651062, 100.602264404, -151.218597412], [-685.197753906, 925.480041504, -342.935333252, 22.5111694336, 134.19732666, -109.315086365, 128.21673584, 3.76512074471, 62.5928421021, -39.7926979065, 77.0143051147, -99.2994308472, 61.3157539368], [173.805877686, -342.935333252, 898.529968262, 55.7162208557, 93.0523376465, 100.325424194, -71.9011306763, 15.7295484543, -33.3755874634, 27.2583904266, -39.6102561951, 72.9798583984, -70.9733276367], [115.871757507, 22.5111694336, 55.7162208557, 246.289611816, 41.9858055115, 21.0325069427, 6.16532945633, 11.4230041504, 10.1668157578, -2.57413434982, 12.1282691956, 12.4758834839, 16.2847232819], [-164.26600647, 134.19732666, 93.0523376465, 41.9858055115, 260.316864014, 66.7934799194, 44.5178375244, 57.8839797974, 40.1581039429, -0.627490162849, 5.28672409058, -9.72372341156, 4.61273622513], [234.192047119, -109.315086365, 100.325424194, 21.0325069427, 66.7934799194, 185.285873413, 44.508228302, 33.5982551575, -3.75004601479, 8.53001689911, -8.60002326965, 10.0277509689, -20.3062591553], [-160.410766602, 128.21673584, -71.9011306763, 6.16532945633, 44.5178375244, 44.508228302, 152.910186768, 30.8965568542, 11.8025608063, 7.4623336792, 21.6751232147, -23.3409957886, -7.71325206757], [98.0749588013, 3.76512074471, 15.7295484543, 11.4230041504, 57.8839797974, 33.5982551575, 30.8965568542, 112.796691895, 51.0915298462, 10.2586631775, -1.3913077116, 1.24501180649, 1.47806191444], [-149.887634277, 62.5928421021, -33.3755874634, 10.1668157578, 40.1581039429, -3.75004601479, 11.8025608063, 51.0915298462, 100.063270569, 24.2484703064, 5.513194561, -12.4633264542, 18.489118576], [64.927444458, -39.7926979065, 27.2583904266, -2.57413434982, -0.627490162849, 8.53001689911, 7.4623336792, 10.2586631775, 24.2484703064, 69.8769226074, 13.224395752, 5.04150390625, -10.3129682541], [-127.787651062, 77.0143051147, -39.6102561951, 12.1282691956, 5.28672409058, -8.60002326965, 21.6751232147, -1.3913077116, 5.513194561, 13.224395752, 73.3802261353, 14.7743034363, 12.761756897], [100.602264404, -99.2994308472, 72.9798583984, 12.4758834839, -9.72372341156, 10.0277509689, -23.3409957886, 1.24501180649, -12.4633264542, 5.04150390625, 14.7743034363, 73.2952804565, 13.4568796158], [-151.218597412, 61.3157539368, -70.9733276367, 16.2847232819, 4.61273622513, -20.3062591553, -7.71325206757, 1.47806191444, 18.489118576, -10.3129682541, 12.761756897, 13.4568796158, 67.1546707153]],
        "icov": [[0.000317489844747, -5.26962830918e-05, 0.000158993367222, -0.000245953240665, 0.000234956416534, -0.000423821678851, 0.000517016975209, -0.000665097206365, 0.000676322844811, -0.000506287557073, 0.000517948181368, -0.00043142013601, 0.000644507119432], [-5.26962830918e-05, 0.00241305516101, 0.000279555737507, -4.57802889287e-05, -0.00140741071664, 0.00161089003086, -0.00151929969434, 0.000747890269849, -0.000726813625079, 0.00144560495391, -0.00222144112922, 0.00263178441674, -0.00130565650761], [0.000158993367222, 0.000279555737507, 0.00181357201654, -0.000467468751594, -0.000810385681689, -0.000450451479992, 0.000937128381338, -0.000247134681558, 0.000545042392332, -0.000637922028545, 0.000818482541945, -0.00172426505014, 0.00210731197149], [-0.000245953240665, -4.57802889287e-05, -0.000467468751594, 0.00456635700539, -0.000556455459446, -4.66892124678e-05, -0.000462974538095, 0.000532089441549, -0.000763148069382, 0.000731422216631, -0.00100605527405, 6.62120946799e-05, -0.00165383925196], [0.000234956416534, -0.00140741071664, -0.000810385681689, -0.000556455459446, 0.00624404707924, -0.00250000506639, 0.00033950721263, -0.00228502647951, -0.000542157213204, 1.33655030368e-05, 0.000734909554012, -0.000262797402684, 6.1350154283e-05], [-0.000423821678851, 0.00161089003086, -0.000450451479992, -4.66892124678e-05, -0.00250000506639, 0.00878814049065, -0.00371620594524, -1.27762939428e-06, -3.38564896083e-05, 0.000804502866231, -0.000559445878025, 0.000623417668976, -0.000373397022486], [0.000517016975209, -0.00151929969434, 0.000937128381338, -0.000462974538095, 0.00033950721263, -0.00371620594524, 0.010823908262, -0.00348715670407, 0.00245690904558, -0.0021893423982, -0.00107662379742, 0.000693976297043, 0.00287991506048], [-0.000665097206365, 0.000747890269849, -0.000247134681558, 0.000532089441549, -0.00228502647951, -1.27762939428e-06, -0.00348715670407, 0.015304280445, -0.00880045257509, 0.00243267579935, -0.000202029506909, -0.0012009103084, -7.59686517995e-05], [0.000676322844811, -0.000726813625079, 0.000545042392332, -0.000763148069382, -0.000542157213204, -3.38564896083e-05, 0.00245690904558, -0.00880045257509, 0.0190195553005, -0.00792604591697, 0.00163000321481, 0.00269705289975, -0.00385335716419], [-0.000506287557073, 0.00144560495391, -0.000637922028545, 0.000731422216631, 1.33655030368e-05, 0.000804502866231, -0.0021893423982, 0.00243267579935, -0.00792604591697, 0.0198821760714, -0.00560835329816, 0.000202452763915, 0.00288654817268], [0.000517948181368, -0.00222144112922, 0.000818482541945, -0.00100605527405, 0.000734909554012, -0.000559445878025, -0.00107662379742, -0.000202029506909, 0.00163000321481, -0.00560835329816, 0.0200865752995, -0.00799632165581, 0.000439881376224], [-0.00043142013601, 0.00263178441674, -0.00172426505014, 6.62120946799e-05, -0.000262797402684, 0.000623417668976, 0.000693976297043, -0.0012009103084, 0.00269705289975, 0.000202452763915, -0.00799632165581, 0.0232926718891, -0.00875951163471], [0.000644507119432, -0.00130565650761, 0.00210731197149, -0.00165383925196, 6.1350154283e-05, -0.000373397022486, 0.00287991506048, -7.59686517995e-05, -0.00385335716419, 0.00288654817268, 0.000439881376224, -0.00875951163471, 0.0235538445413]]
    },
    "melbands": {
        "dmean": [0.0018878756091, 0.00176520319656, 0.000862114306074, 0.000618643069174, 0.000276509294054, 0.000166954370798, 0.000142908611451, 0.000122094133985, 0.00012549314124, 8.79481158336e-05, 6.88516665832e-05, 0.000100666627986, 4.67305835627e-05, 5.36896732228e-05, 3.63025028491e-05, 3.64498955605e-05, 3.74454139092e-05, 3.58762590622e-05, 3.69070148736e-05, 3.44928230334e-05, 2.92470613203e-05, 2.13699240703e-05, 2.01839920919e-05, 1.34081128635e-05, 1.48365297719e-05, 1.08949379864e-05, 9.14329393709e-06, 8.34879210743e-06, 7.50744811739e-06, 6.33489798929e-06, 5.07900858793e-06, 3.56729083251e-06, 3.57370640813e-06, 2.67411905952e-06, 2.13938142224e-06, 1.7717350147e-06, 1.51613824073e-06, 1.25975793708e-06, 1.15969135095e-06, 8.76599358435e-07],
        "dmean2": [0.00318293482997, 0.00290597858839, 0.00143481383566, 0.00108625390567, 0.000456593174022, 0.00026235965197, 0.000234318591538, 0.000202904775506, 0.000194674052182, 0.000137938375701, 0.000104430153442, 0.000151868123794, 7.20869211364e-05, 8.08052791399e-05, 5.81536005484e-05, 5.67830575164e-05, 6.05570094194e-05, 5.78457365918e-05, 5.69370786252e-05, 5.37836203875e-05, 4.71408893645e-05, 3.49784641003e-05, 3.37483434123e-05, 2.26009033213e-05, 2.46300078288e-05, 1.85271383089e-05, 1.5594128854e-05, 1.45736485138e-05, 1.32149980345e-05, 1.09005768536e-05, 8.2736614786e-06, 5.83319479119e-06, 5.67622237213e-06, 4.26369342676e-06, 3.31296178047e-06, 2.7156552278e-06, 2.35302786677e-06, 1.84651480595e-06, 1.7628834712e-06, 1.3364666529e-06],
        "dvar": [1.83414613275e-05, 9.94022957457e-06, 1.6196534034e-06, 2.30481373364e-06, 2.99612480603e-07, 1.41414943755e-07, 1.20770906165e-07, 9.86425803262e-08, 1.09060273701e-07, 7.12579861784e-08, 1.91854194753e-08, 5.39444613423e-08, 1.22563887928e-08, 1.40223965772e-08, 6.17913320511e-09, 6.27471852255e-09, 6.74717881566e-09, 5.8732512187e-09, 8.87881945744e-09, 3.82884568495e-09, 2.57329157982e-09, 1.0755299984e-09, 9.87215642567e-10, 3.91223858864e-10, 3.45509842958e-10, 3.3425781587e-10, 1.97560287574e-10, 1.96932067875e-10, 1.75317524387e-10, 1.13191962747e-10, 6.87039938829e-11, 3.61957269712e-11, 2.73258204259e-11, 1.69908566383e-11, 1.56074406871e-11, 1.45324767845e-11, 1.5321948571e-11, 1.40828277859e-11, 1.02322083098e-11, 6.5133037852e-12],
        "dvar2": [4.61514173367e-05, 2.53139896813e-05, 4.44434226665e-06, 6.45896670903e-06, 7.03868010987e-07, 3.14303889581e-07, 2.928125582e-07, 2.65762395202e-07, 2.53079093682e-07, 1.75073097353e-07, 4.34372822156e-08, 1.27284764062e-07, 2.30581314042e-08, 3.19722524011e-08, 1.54331427638e-08, 1.46062175688e-08, 1.7660816809e-08, 1.49603245347e-08, 2.11904200853e-08, 8.41640890314e-09, 5.87757043036e-09, 2.97559865636e-09, 2.69450928236e-09, 1.02827291126e-09, 9.01563712574e-10, 9.47199541024e-10, 5.58565027564e-10, 5.54221724069e-10, 4.95020247016e-10, 3.1278857282e-10, 1.80696554941e-10, 9.33455118757e-11, 6.60875659753e-11, 3.81618417422e-11, 3.39574514341e-11, 2.96450849979e-11, 3.19800574911e-11, 2.88750395122e-11, 2.13499062179e-11, 1.27603864974e-11],
        "max": [0.0311557725072, 0.0320074334741, 0.0114461826161, 0.0126064680517, 0.00788132566959, 0.00675374222919, 0.00812398549169, 0.00597399426624, 0.00704461801797, 0.00803043972701, 0.0028881940525, 0.00479436479509, 0.00377057213336, 0.00332798808813, 0.00183931353968, 0.00148922833614, 0.00197498616762, 0.00151740608271, 0.00229521561414, 0.00121898262296, 0.00106876087375, 0.0006656893529, 0.000515683088452, 0.000274103775155, 0.000290079944534, 0.000273407931672, 0.000144780176925, 0.000137213297421, 0.000115150396596, 0.00013166089775, 8.50217838888e-05, 9.04171392904e-05, 6.23742453172e-05, 5.48460920982e-05, 7.38793751225e-05, 8.21516441647e-05, 8.98390717339e-05, 0.00011436722707, 7.96089807409e-05, 6.11835130258e-05],
        "mean": [0.00206943880767, 0.00275361537933, 0.00135568715632, 0.000671664543916, 0.000404716935009, 0.000261825072812, 0.000193330793991, 0.000167728299857, 0.000209695732337, 0.000138321265695, 0.000134264555527, 0.000175597684574, 9.5323601272e-05, 0.000113979149319, 6.50960428175e-05, 6.55915137031e-05, 6.53074821457e-05, 5.45683578821e-05, 6.27822300885e-05, 6.39458448859e-05, 5.7534496591e-05, 4.43867211288e-05, 3.74283226847e-05, 2.48621236096e-05, 2.90978459816e-05, 2.09166992136e-05, 1.73848657141e-05, 1.35329855766e-05, 1.17791632874e-05, 1.10586961455e-05, 8.68432744028e-06, 6.54530185784e-06, 6.5556514528e-06, 5.37886717211e-06, 4.05687478633e-06, 3.29647696162e-06, 2.94308824778e-06, 2.51269739238e-06, 2.20073320634e-06, 1.57554973157e-06],
        "median": [0.000819111184683, 0.00187324243598, 0.000999166280963, 0.000242182650254, 0.000193404499441, 0.000116054026876, 8.30035642139e-05, 6.87593856128e-05, 6.83743564878e-05, 5.57806015422e-05, 5.97523176111e-05, 6.79309378029e-05, 4.02524892706e-05, 4.94721025461e-05, 3.81980134989e-05, 3.01685504382e-05, 3.12219563057e-05, 2.74068697763e-05, 2.55388767982e-05, 3.38454046869e-05, 3.63143844879e-05, 3.35836666636e-05, 2.70281416306e-05, 1.89591137314e-05, 2.44259190367e-05, 1.76318681042e-05, 1.42077551573e-05, 9.87297335087e-06, 8.31143461255e-06, 7.920315511e-06, 4.85609916723e-06, 3.63529579772e-06, 3.76002617486e-06, 3.30100442625e-06, 2.22268363359e-06, 1.64354275967e-06, 1.6979722659e-06, 1.43904878769e-06, 1.24304028759e-06, 7.17601892575e-07],
        "min": [3.26210392616e-24, 6.42659499276e-24, 5.0970216074e-24, 6.56441175392e-24, 6.11248004664e-24, 4.40561263411e-24, 2.57988518241e-24, 4.09490083392e-24, 8.17475020178e-24, 6.51656852331e-24, 3.58216530579e-24, 3.98247040556e-24, 6.00690245295e-24, 6.58592438523e-24, 7.37758969097e-24, 3.02766117044e-24, 4.56124621324e-24, 7.03017298173e-24, 6.41395073574e-24, 3.42670961479e-24, 4.75394678858e-24, 8.44410360242e-24, 6.57209447027e-24, 6.1545148944e-24, 7.98782961029e-24, 8.08986403521e-24, 5.13394029777e-24, 8.37958188012e-24, 7.75826477598e-24, 6.11655214663e-24, 9.46687202123e-24, 1.10215212279e-23, 7.53425273358e-24, 7.52533781649e-24, 8.14264119635e-24, 5.96285009342e-24, 8.74734094553e-24, 7.93183074121e-24, 7.44238041484e-24, 8.97835176187e-24],
        "var": [1.61223579198e-05, 1.02919593701e-05, 1.8137287725e-06, 1.73493106104e-06, 5.35130652679e-07, 2.71262678098e-07, 1.51074360133e-07, 1.1002434519e-07, 2.36863954228e-07, 1.0311373444e-07, 6.44675210992e-08, 1.41197119774e-07, 6.77920084513e-08, 4.95280758628e-08, 9.3718188765e-09, 1.34711060085e-08, 1.30411192956e-08, 7.8827415706e-09, 1.45549172714e-08, 9.62028501306e-09, 7.83867992737e-09, 2.41211228769e-09, 1.75272518721e-09, 5.76177938694e-10, 6.07936923025e-10, 3.70685232509e-10, 2.35547054084e-10, 1.94390503694e-10, 1.61834642909e-10, 1.3267693888e-10, 1.01113492579e-10, 6.11671685524e-11, 5.46584444372e-11, 3.7668007602e-11, 3.37117209148e-11, 3.7732459518e-11, 3.22861667956e-11, 2.74637413505e-11, 1.98484249869e-11, 1.21689594165e-11]
    },
    "mfcc": {
        "mean": [-594.083679199, 96.2941665649, -4.58238172531, 28.3027133942, 9.29948711395, 9.2645406723, 5.25163316727, 8.64451026917, 3.60699343681, 1.84921967983, -1.84134423733, 0.123422965407, -0.348617464304],
        "cov": [[2796.31933594, -458.641967773, 64.9607696533, -40.3006477356, -26.8014125824, 44.726940155, 11.2620229721, 44.0566482544, -5.79053640366, -37.5111312866, 29.6174049377, -3.76015758514, 0.667423188686], [-458.641967773, 691.001281738, -207.333755493, 56.333114624, 24.2138290405, -42.4233207703, 63.7325897217, -1.02634513378, 27.1697978973, 47.0223236084, 11.2111616135, 30.0790920258, 5.08287906647], [64.9607696533, -207.333755493, 618.968200684, 29.5921325684, 115.774620056, 63.7955932617, -3.74191355705, 14.6942043304, -27.9393959045, -43.7406082153, 13.7664871216, -3.2423582077, 5.73413181305], [-40.3006477356, 56.333114624, 29.5921325684, 218.358306885, 43.6055793762, 8.64461326599, 8.12254905701, 8.40998935699, 8.52371311188, -6.75340890884, -7.21812725067, 23.476184845, 10.6274442673], [-26.8014125824, 24.2138290405, 115.774620056, 43.6055793762, 245.652816772, 31.8294067383, 18.9748897552, 45.7038040161, 43.1222076416, 14.3715581894, -0.154710620642, 8.95584964752, 18.415348053], [44.726940155, -42.4233207703, 63.7955932617, 8.64461326599, 31.8294067383, 128.070709229, 53.462097168, 22.0472755432, 3.78283548355, 7.63198328018, 22.7112159729, -7.64799165726, -6.39312553406], [11.2620229721, 63.7325897217, -3.74191355705, 8.12254905701, 18.9748897552, 53.462097168, 131.343658447, 46.315032959, 10.9239673615, 7.8150639534, 27.5819950104, 22.5575695038, -2.94674801826], [44.0566482544, -1.02634513378, 14.6942043304, 8.40998935699, 45.7038040161, 22.0472755432, 46.315032959, 95.4787139893, 37.2726898193, 12.8390035629, 8.05495357513, 12.1693964005, 7.65250301361], [-5.79053640366, 27.1697978973, -27.9393959045, 8.52371311188, 43.1222076416, 3.78283548355, 10.9239673615, 37.2726898193, 88.1959457397, 47.9164886475, 12.0825033188, 4.03459453583, 10.8667554855], [-37.5111312866, 47.0223236084, -43.7406082153, -6.75340890884, 14.3715581894, 7.63198328018, 7.8150639534, 12.8390035629, 47.9164886475, 82.1144943237, 30.1049938202, 7.78551244736, 1.80413103104], [29.6174049377, 11.2111616135, 13.7664871216, -7.21812725067, -0.154710620642, 22.7112159729, 27.5819950104, 8.05495357513, 12.0825033188, 30.1049938202, 68.3812637329, 23.6466846466, 5.13311243057], [-3.76015758514, 30.0790920258, -3.2423582077, 23.476184845, 8.95584964752, -7.64799165726, 22.5575695038, 12.1693964005, 4.03459453583, 7.78551244736, 23.6466846466, 63.604385376, 21.6632976532], [0.667423188686, 5.08287906647, 5.73413181305, 10.6274442673, 18.415348053, -6.39312553406, -2.94674801826, 7.65250301361, 10.8667554855, 1.80413103104, 5.13311243057, 21.6632976532, 51.5686454773]],
