{
"lowlevel": {
    "average_loudness": 0.937775909901,
    "barkbands_crest": {
        "dmean": 2.74797821045,
        "dmean2": 4.49485349655,
        "dvar": 9.14966392517,
        "dvar2": 24.0549163818,
        "max": 24.7709732056,
        "mean": 9.19510364532,
        "median": 8.15602874756,
        "min": 2.1305475235,
        "var": 17.6374130249
    },
    "barkbands_flatness_db": {
        "dmean": 0.0220327693969,
        "dmean2": 0.0338056609035,
        "dvar": 0.000577146071009,
        "dvar2": 0.00133589154575,
        "max": 0.331825584173,
        "mean": 0.0974329411983,
        "median": 0.0850158557296,
        "min": 0.0212145447731,
        "var": 0.00224717077799
    },
    "barkbands_kurtosis": {
        "dmean": 2.86253881454,
        "dmean2": 4.65426445007,
        "dvar": 45.0065078735,
        "dvar2": 115.455551147,
        "max": 118.77091217,
        "mean": 2.72149991989,
        "median": 0.0206458568573,
        "min": -1.8585152626,
        "var": 81.1527557373
    },
    "barkbands_skewness": {
        "dmean": 0.612768232822,
        "dmean2": 0.952728688717,
        "dvar": 0.569714307785,
        "dvar2": 1.41275298595,
        "max": 9.51985359192,
        "mean": 1.1837553978,
        "median": 0.927195191383,
        "min": -2.95118689537,
        "var": 1.7568384409
    },
    "barkbands_spread": {
        "dmean": 8.05265617371,
        "dmean2": 12.5515432358,
        "dvar": 92.4261474609,
        "dvar2": 217.051483154,
        "max": 100.571640015,
        "mean": 33.0076293945,
        "median": 32.0001487732,
        "min": 1.29491138458,
        "var": 278.365875244
    },
    "dissonance": {
        "dmean": 0.0133738573641,
        "dmean2": 0.0217830818146,
        "dvar": 0.000273320038104,
        "dvar2": 0.000676490250044,
        "max": 0.500000059605,
        "mean": 0.473645240068,
        "median": 0.482168257236,
        "min": 0.227569982409,
        "var": 0.000744871562347
    },
    "dynamic_complexity": 2.54019093513,
    "erbbands_crest": {
        "dmean": 2.49867010117,
        "dmean2": 3.97443628311,
        "dvar": 6.77469730377,
        "dvar2": 16.1554508209,
        "max": 29.7526950836,
        "mean": 8.27701663971,
        "median": 6.96440029144,
        "min": 2.54364538193,
        "var": 20.0744247437
    },
    "erbbands_flatness_db": {
        "dmean": 0.0156004596502,
        "dmean2": 0.0226659756154,
        "dvar": 0.000274232326774,
        "dvar2": 0.000560568529181,
        "max": 0.294827669859,
        "mean": 0.130917385221,
        "median": 0.124517910182,
        "min": 0.0469230860472,
        "var": 0.0015008226037
    },
    "erbbands_kurtosis": {
        "dmean": 0.908066689968,
        "dmean2": 1.40816783905,
        "dvar": 2.22153663635,
        "dvar2": 5.02905321121,
        "max": 34.2099838257,
        "mean": 0.434939593077,
        "median": -0.119096279144,
        "min": -1.7631611824,
        "var": 4.49122285843
    },
    "erbbands_skewness": {
        "dmean": 0.359324008226,
        "dmean2": 0.541731476784,
        "dvar": 0.147112503648,
        "dvar2": 0.329454988241,
        "max": 5.06989431381,
        "mean": -0.117928788066,
        "median": -0.16401180625,
        "min": -3.87701463699,
        "var": 0.664390563965
    },
    "erbbands_spread": {
        "dmean": 8.92233562469,
        "dmean2": 13.7690258026,
        "dvar": 107.039039612,
        "dvar2": 256.56741333,
        "max": 128.907241821,
        "mean": 42.6212387085,
        "median": 39.976272583,
        "min": 3.79831004143,
        "var": 360.373321533
    },
    "hfc": {
        "dmean": 7.69223451614,
        "dmean2": 12.3135461807,
        "dvar": 146.687759399,
        "dvar2": 382.024688721,
        "max": 136.840606689,
        "mean": 27.6339550018,
        "median": 26.373298645,
        "min": 1.14295859811e-16,
        "var": 383.573364258
    },
    "melbands_crest": {
        "dmean": 3.28028941154,
        "dmean2": 5.36497545242,
        "dvar": 8.89866447449,
        "dvar2": 22.8670692444,
        "max": 30.3344421387,
        "mean": 14.3873519897,
        "median": 13.9017896652,
        "min": 1.69050657749,
        "var": 27.378490448
    },
    "melbands_flatness_db": {
        "dmean": 0.0296602454036,
        "dmean2": 0.046104632318,
        "dvar": 0.00107513659168,
        "dvar2": 0.00251839892007,
        "max": 0.449246346951,
        "mean": 0.15576775372,
        "median": 0.144986331463,
        "min": 0.00447370251641,
        "var": 0.00382144167088
    },
    "melbands_kurtosis": {
        "dmean": 7.55937290192,
        "dmean2": 12.2214078903,
        "dvar": 208.879516602,
        "dvar2": 513.753173828,
        "max": 246.258163452,
        "mean": 12.2387046814,
        "median": 5.35617637634,
        "min": -1.88453578949,
        "var": 448.566925049
    },
    "melbands_skewness": {
        "dmean": 0.819671988487,
        "dmean2": 1.29074430466,
        "dvar": 0.979752361774,
        "dvar2": 2.42159605026,
        "max": 12.401720047,
        "mean": 2.60461497307,
        "median": 2.2480301857,
        "min": -1.32285964489,
        "var": 3.24051165581
    },
    "melbands_spread": {
        "dmean": 11.7381753922,
        "dmean2": 18.4009284973,
        "dvar": 293.524200439,
        "dvar2": 617.083374023,
        "max": 238.136688232,
        "mean": 36.5346298218,
        "median": 32.0726623535,
        "min": 1.0317056179,
        "var": 832.054077148
    },
    "pitch_salience": {
        "dmean": 0.077484741807,
        "dmean2": 0.127280324697,
        "dvar": 0.00663644075394,
        "dvar2": 0.017636841163,
        "max": 0.987407207489,
        "mean": 0.563772380352,
        "median": 0.562180697918,
        "min": 0.113276839256,
        "var": 0.0160605106503
    },
    "silence_rate_20dB": {
        "dmean": 0,
        "dmean2": 0,
        "dvar": 0,
        "dvar2": 0,
        "max": 1,
        "mean": 1,
        "median": 1,
        "min": 1,
        "var": 0
    },
    "silence_rate_30dB": {
        "dmean": 0.0061919502914,
        "dmean2": 0.0123886950314,
        "dvar": 0.00615353276953,
        "dvar2": 0.0168808009475,
        "max": 1,
        "mean": 0.996131539345,
        "median": 1,
        "min": 0,
        "var": 0.00385353551246
    },
    "silence_rate_60dB": {
        "dmean": 0.0251547992229,
        "dmean2": 0.0503290742636,
        "dvar": 0.0245225075632,
        "dvar2": 0.0516675487161,
        "max": 1,
        "mean": 0.0847195386887,
        "median": 0,
        "min": 0,
        "var": 0.0775383487344
    },
    "spectral_centroid": {
        "dmean": 324.360015869,
        "dmean2": 494.992553711,
        "dvar": 159439.203125,
        "dvar2": 333879.28125,
        "max": 11136.5322266,
        "mean": 1854.85534668,
        "median": 1876.2442627,
        "min": 237.942352295,
        "var": 607695.625
    },
    "spectral_complexity": {
        "dmean": 4.43730640411,
        "dmean2": 6.63646936417,
        "dvar": 24.2880897522,
        "dvar2": 47.0749664307,
        "max": 59,
        "mean": 26.1473884583,
        "median": 28,
        "min": 0,
        "var": 216.959121704
    },
    "spectral_decrease": {
        "dmean": 2.67659472364e-09,
        "dmean2": 4.40471570329e-09,
        "dvar": 2.66670754127e-17,
        "dvar2": 6.8475883844e-17,
        "max": 5.29133018735e-21,
        "mean": -6.42267350415e-09,
        "median": -5.76582692702e-09,
        "min": -4.46279138089e-08,
        "var": 3.40620006057e-17
    },
    "spectral_energy": {
        "dmean": 0.0104929441586,
        "dmean2": 0.0171898845583,
        "dvar": 0.000397771102143,
        "dvar2": 0.00101583648939,
        "max": 0.174388855696,
        "mean": 0.0267471075058,
        "median": 0.0244587641209,
        "min": 1.06081042565e-20,
        "var": 0.000535684113856
    },
    "spectral_energyband_high": {
        "dmean": 0.000645674881525,
        "dmean2": 0.00104073330294,
        "dvar": 1.32800619213e-06,
        "dvar2": 3.25989731209e-06,
        "max": 0.0139577789232,
        "mean": 0.00167383824009,
        "median": 0.00128794880584,
        "min": 7.75526979929e-21,
        "var": 2.99768316836e-06
    },
    "spectral_energyband_low": {
        "dmean": 0.00603121705353,
        "dmean2": 0.0103463511914,
        "dvar": 0.000220128902583,
        "dvar2": 0.000604177010246,
        "max": 0.131121203303,
        "mean": 0.0101978024468,
        "median": 0.0078297033906,
        "min": 3.21333465173e-23,
        "var": 0.000209431498661
    },
    "spectral_energyband_middle_high": {
        "dmean": 0.00196677143686,
        "dmean2": 0.00302401953377,
        "dvar": 6.15334283793e-06,
        "dvar2": 1.43728275361e-05,
        "max": 0.0367998294532,
        "mean": 0.00654709851369,
        "median": 0.00523139536381,
        "min": 1.59253119088e-21,
        "var": 3.02904572891e-05
    },
    "spectral_energyband_middle_low": {
        "dmean": 0.00551392743364,
        "dmean2": 0.00883396621794,
        "dvar": 0.000183159427252,
        "dvar2": 0.000482764997287,
        "max": 0.155479595065,
        "mean": 0.00926929153502,
        "median": 0.00603616377339,
        "min": 1.71871712884e-22,
        "var": 0.000174354936462
    },
    "spectral_entropy": {
        "dmean": 0.159286350012,
        "dmean2": 0.232145503163,
        "dvar": 0.0460051968694,
        "dvar2": 0.0924973487854,
        "max": 9.80142974854,
        "mean": 7.87679672241,
        "median": 7.98457145691,
        "min": 5.59427070618,
        "var": 0.189813062549
    },
    "spectral_flux": {
        "dmean": 0.0282408744097,
        "dmean2": 0.042821586132,
        "dvar": 0.00142421585042,
        "dvar2": 0.00280866841786,
        "max": 0.33220693469,
        "mean": 0.0862234383821,
        "median": 0.0768175572157,
        "min": 6.85734108385e-11,
        "var": 0.00315835047513
    },
    "spectral_kurtosis": {
        "dmean": 1.05268037319,
        "dmean2": 1.71299159527,
        "dvar": 3.29931902885,
        "dvar2": 9.67421340942,
        "max": 50.7187194824,
        "mean": 3.47222518921,
        "median": 3.03780508041,
        "min": -1.18992400169,
        "var": 5.21185970306
    },
    "spectral_rms": {
        "dmean": 0.000833452213556,
        "dmean2": 0.00130095996428,
        "dvar": 1.51545032168e-06,
        "dvar2": 3.67232064491e-06,
        "max": 0.0130435982719,
        "mean": 0.00466487323865,
        "median": 0.0048848958686,
        "min": 3.217043602e-12,
        "var": 4.33370496467e-06
    },
    "spectral_rolloff": {
        "dmean": 881.011535645,
        "dmean2": 1419.72314453,
        "dvar": 2145268,
        "dvar2": 4647180,
        "max": 18647.7539062,
        "mean": 2426.56030273,
        "median": 2002.58789062,
        "min": 86.1328125,
        "var": 4889332.5
    },
    "spectral_skewness": {
        "dmean": 0.177534759045,
        "dmean2": 0.279012441635,
        "dvar": 0.0472211278975,
        "dvar2": 0.116974420846,
        "max": 5.78634500504,
        "mean": 1.35510802269,
        "median": 1.3061132431,
        "min": -0.0531236901879,
        "var": 0.159818917513
    },
    "spectral_spread": {
        "dmean": 607881.6875,
        "dmean2": 923918,
        "dvar": 948930019328,
        "dvar2": 1.96701454336e+12,
        "max": 39916920,
        "mean": 5197608.5,
        "median": 4984731,
        "min": 1807632.875,
        "var": 2.87819353293e+12
    },
    "spectral_strongpeak": {
        "dmean": 0.612263381481,
        "dmean2": 1.04899942875,
        "dvar": 1.20522856712,
        "dvar2": 3.10602784157,
        "max": 12.656545639,
        "mean": 0.929634511471,
        "median": 0.438072621822,
        "min": 8.28074830928e-10,
        "var": 1.703307271
    },
    "zerocrossingrate": {
        "dmean": 0.0158424973488,
        "dmean2": 0.0182144213468,
        "dvar": 0.000447350350441,
        "dvar2": 0.000518320070114,
        "max": 0.5087890625,
        "mean": 0.0881120041013,
        "median": 0.07958984375,
        "min": 0.00537109375,
        "var": 0.00286119361408
    },
    "barkbands": {
        "dmean": [0.000105226186861, 0.00470623280853, 0.00174472108483, 0.00127987959422, 0.00314540136606, 0.00077430048259, 0.000638009863906, 0.000639154284727, 0.00059148989385, 0.000338437501341, 0.000407278479543, 0.000375573814381, 0.000460984447272, 0.000393743568566, 0.000440834206529, 0.000347254244843, 0.000394097151002, 0.000234768667724, 0.000219289504457, 0.00021150802786, 0.000212699800613, 0.000161426476552, 0.000118450901937, 0.000113138739835, 8.70242001838e-05, 3.8675210817e-05, 1.08212343548e-05],
        "dmean2": [0.000164848126587, 0.00826482474804, 0.00281220767647, 0.00214322656393, 0.00529149733484, 0.00120923866052, 0.00106663722545, 0.00101195136085, 0.000909654190764, 0.000530708639417, 0.000590864743572, 0.000558974395972, 0.000683277205098, 0.000631073256955, 0.000714442227036, 0.000557625782676, 0.000641784397885, 0.000396999064833, 0.000369873945601, 0.00036340355291, 0.000366731430404, 0.000265388109256, 0.000188567108125, 0.000172257059603, 0.000139628871693, 6.12313451711e-05, 1.73504759005e-05],
        "dvar": [3.12389261126e-08, 0.000196121123736, 7.41763551559e-06, 8.65521542437e-06, 9.311845497e-05, 2.7737671644e-06, 3.5371483591e-06, 1.8237852828e-06, 2.06579511541e-06, 4.91325522489e-07, 1.10182395474e-06, 7.01937153735e-07, 9.61224031926e-07, 5.02324894569e-07, 7.97621225956e-07, 3.92329354781e-07, 5.58776036996e-07, 1.32321730462e-07, 1.35095518772e-07, 1.19363832596e-07, 1.52146867549e-07, 9.79053851324e-08, 6.79362344158e-08, 7.79814897101e-08, 4.92232494764e-08, 6.19880635711e-09, 9.66564828175e-10],
        "dvar2": [6.98326729776e-08, 0.000542414316442, 1.89805250557e-05, 2.34359467868e-05, 0.000246504816459, 6.29699525234e-06, 9.48784236243e-06, 4.37928156316e-06, 4.73704676551e-06, 1.07891389689e-06, 2.0500183382e-06, 1.33518074108e-06, 1.91194658328e-06, 1.16865464861e-06, 2.02908904612e-06, 9.28585677684e-07, 1.25172277876e-06, 3.6514114754e-07, 3.68479589952e-07, 3.32971495709e-07, 4.26559523703e-07, 2.49680340403e-07, 1.56406770202e-07, 1.52022764155e-07, 1.24777614019e-07, 1.5434219236e-08, 2.26328999986e-09],
        "max": [0.00207561370917, 0.118073910475, 0.035976074636, 0.0298238005489, 0.130509972572, 0.0199649576098, 0.0257211718708, 0.0160863045603, 0.0280599184334, 0.0104568870738, 0.0301231648773, 0.0184174720198, 0.0197047702968, 0.0105247162282, 0.011839366518, 0.0105746658519, 0.0157869048417, 0.00414868816733, 0.00467304233462, 0.00436328770593, 0.00599027751014, 0.00511474674568, 0.00491126999259, 0.00463545834646, 0.00296132895164, 0.00104715162888, 0.000464961456601],
        "mean": [0.000141301934491, 0.00514201726764, 0.00403568102047, 0.0019193693297, 0.00334666157141, 0.00114526052494, 0.000818655535113, 0.000937327684369, 0.00100056850351, 0.000607746827882, 0.000710422813427, 0.000650405301712, 0.000793660467025, 0.000572773627937, 0.00066398846684, 0.000652639660984, 0.000796246284153, 0.000428236788139, 0.000451382482424, 0.000445785088232, 0.000423607969424, 0.000328912865371, 0.000250876852078, 0.000234070044826, 0.000161202755407, 7.26406797185e-05, 1.571325447e-05],
        "median": [4.88710429636e-05, 0.0023792590946, 0.0027955272235, 0.00102468871046, 0.00105971633457, 0.000435814930825, 0.000273817015113, 0.000288254697807, 0.000332797033479, 0.000251067656791, 0.000208202473004, 0.000284581736196, 0.000259409134742, 0.000253228325164, 0.000266428891337, 0.000360265752533, 0.00047179023386, 0.00031823705649, 0.000361430138582, 0.000327098212438, 0.000283109431621, 0.000246268202318, 0.000162676427863, 0.000133633613586, 0.000104562015622, 3.67372449546e-05, 5.42570069229e-06],
        "min": [4.29964100441e-24, 1.51619507746e-23, 4.04699094457e-24, 4.89922301846e-24, 9.9286822392e-24, 1.68074010269e-23, 2.10359037381e-23, 2.8182923586e-23, 1.89736383162e-23, 2.2737180099e-23, 4.25679883639e-23, 9.59586245438e-23, 8.06828316743e-23, 5.0218904159e-23, 7.99049769564e-23, 5.57095843186e-23, 1.7286536208e-22, 2.54884416843e-22, 2.24820839393e-22, 3.1661537014e-22, 3.81622204031e-22, 4.99401358613e-22, 6.5564968758e-22, 8.5561423929e-22, 1.03017216871e-21, 1.94401681312e-21, 2.0236543536e-21],
        "var": [5.00764905098e-08, 0.000141229931614, 2.25695803238e-05, 9.31409613258e-06, 7.36044239602e-05, 4.42980126536e-06, 3.90662899008e-06, 3.4034633245e-06, 4.35081892647e-06, 1.22786264001e-06, 3.38248605658e-06, 1.86660986401e-06, 2.64854952547e-06, 8.23841219244e-07, 1.26837790049e-06, 1.08502013063e-06, 1.62690867e-06, 2.00086859081e-07, 2.16048107404e-07, 2.2176553216e-07, 2.20015635932e-07, 1.55321984607e-07, 1.38423615681e-07, 1.77197790663e-07, 6.53288978469e-08, 1.00006181114e-08, 1.47345824431e-09]
    },
    "erbbands": {
        "dmean": [0.101120352745, 1.18146336079, 2.23728585243, 2.69774198532, 10.5849409103, 8.93503856659, 6.40531110764, 6.41339635849, 7.29186153412, 11.98823452, 14.8812904358, 13.7326469421, 8.82715892792, 13.3752250671, 16.3617115021, 13.9529485703, 18.0291023254, 18.5914974213, 23.4954528809, 17.5323448181, 19.2874183655, 19.9287872314, 13.001496315, 12.0869235992, 10.3406438828, 9.80956459045, 8.87627887726, 8.15023994446, 5.8991818428, 4.57323312759, 3.24287199974, 2.46052289009, 1.92311608791, 1.19041073322, 0.524223566055, 0.197316408157, 0.0686837434769, 0.0161124616861, 0.00208666292019, 6.1340542743e-05],
        "dmean2": [0.176647514105, 2.07557559013, 3.68698549271, 4.46777868271, 17.8113803864, 15.4497613907, 10.473326683, 10.0199804306, 12.236787796, 19.7198562622, 22.8180561066, 20.8443012238, 13.6544399261, 20.103767395, 24.4523849487, 20.8667526245, 26.9638290405, 29.122220993, 37.3744659424, 27.3784503937, 30.7665042877, 32.4469985962, 21.7760791779, 20.2683486938, 17.2930259705, 16.9209594727, 15.4454498291, 13.8824119568, 9.74184608459, 7.45488071442, 5.1035618782, 3.68076658249, 2.97798299789, 1.93982803822, 0.838249862194, 0.31489366293, 0.109099775553, 0.025527631864, 0.00336225144565, 9.81094999588e-05],
        "dvar": [0.0839776992798, 12.0868082047, 14.9810714722, 27.0901069641, 1177.94641113, 705.066650391, 264.297943115, 204.466278076, 397.369934082, 1256.9362793, 1024.53735352, 1327.67907715, 230.280181885, 741.046936035, 1596.87902832, 797.368225098, 1896.86376953, 1143.04284668, 2039.60717773, 1573.08569336, 1170.67797852, 1424.54638672, 394.049407959, 426.942932129, 263.666656494, 270.094024658, 255.793518066, 252.065643311, 139.580276489, 94.0866165161, 47.1122894287, 33.6608963013, 24.2640571594, 9.95872783661, 1.44751918316, 0.164006873965, 0.0206398889422, 0.00174238160253, 3.82845937565e-05, 2.28803269664e-08],
        "dvar2": [0.22994980216, 33.5621185303, 40.8222770691, 73.2888183594, 3081.60986328, 1938.75866699, 652.848937988, 461.643859863, 1070.40539551, 3225.70043945, 2345.25390625, 3108.28100586, 504.031585693, 1536.62854004, 3481.07543945, 1652.45178223, 3901.20043945, 2556.37524414, 4797.62109375, 3742.99731445, 2586.99755859, 3268.84057617, 1065.2989502, 1183.55664062, 704.137268066, 757.809570312, 719.574401855, 692.128173828, 364.562683105, 236.74458313, 102.98891449, 61.4943313599, 51.6104278564, 24.6947536469, 3.68961977959, 0.404211819172, 0.0527475737035, 0.00430688494816, 9.19234080357e-05, 5.54032872913e-08],
        "max": [2.50443482399, 29.5014648438, 38.9280471802, 59.2280235291, 461.965667725, 285.935791016, 266.701477051, 187.111984253, 259.766113281, 586.158203125, 420.281890869, 748.423400879, 252.544692993, 467.708862305, 767.407043457, 497.358215332, 996.766723633, 543.777404785, 669.610534668, 734.004272461, 723.71270752, 981.147460938, 305.680419922, 345.876953125, 230.777374268, 211.895721436, 132.218994141, 298.245391846, 180.751098633, 206.678848267, 107.969459534, 108.193588257, 88.4663467407, 50.6219825745, 16.0475349426, 5.39675951004, 1.64092230797, 0.54019266367, 0.0883450731635, 0.00208610994741],
        "mean": [0.114005692303, 1.2889444828, 4.64321184158, 5.46234893799, 11.3555202484, 9.17201042175, 8.80184936523, 9.22777938843, 9.6465959549, 15.5839128494, 23.6792106628, 22.8821487427, 16.8742027283, 25.5153503418, 30.9969654083, 25.7416610718, 32.1702041626, 32.5039482117, 38.5616340637, 30.5599002838, 39.8474235535, 43.1546630859, 26.5491905212, 24.2332515717, 23.4484901428, 20.6583156586, 17.0894641876, 15.8995342255, 11.7486009598, 9.52979373932, 6.92199039459, 5.09658432007, 3.70978140831, 2.15085887909, 0.969330012798, 0.375478684902, 0.120331719518, 0.0252355188131, 0.00302909011953, 0.000111637942609],
        "median": [0.0525734685361, 0.580945670605, 3.25990629196, 3.96151971817, 3.50517559052, 2.77237677574, 3.2513923645, 3.33425235748, 3.9570171833, 5.07571172714, 7.86458396912, 8.34412670135, 9.40179634094, 10.464548111, 12.8751850128, 12.465089798, 12.1489200592, 15.2726135254, 17.1084308624, 15.7008562088, 22.7380638123, 27.4645805359, 19.4900341034, 17.8935050964, 19.0339622498, 15.2084617615, 11.7186088562, 10.500041008, 8.15576171875, 7.22063827515, 4.39179229736, 2.88049578667, 2.15101504326, 1.34545946121, 0.592391371727, 0.205804914236, 0.0583385378122, 0.0100688589737, 0.00106809125282, 6.29436472082e-05],
        "min": [7.02680489276e-22, 2.64304885226e-21, 4.10462973872e-21, 1.06055774782e-20, 3.40009779668e-20, 2.22505283987e-20, 1.41283120708e-19, 7.79107718785e-20, 2.81858846897e-19, 4.22237988442e-19, 5.80687252361e-19, 4.98196355581e-19, 8.53015944625e-19, 1.50408753002e-18, 3.17298459323e-18, 4.24709309429e-18, 4.26816014373e-18, 2.97221069457e-18, 3.66359037762e-18, 5.56205425585e-18, 5.01444083801e-18, 1.00852283922e-17, 1.31660783001e-17, 8.02503912365e-18, 2.00025589723e-17, 1.64666464038e-17, 1.26096388651e-17, 1.62628357183e-17, 2.01952060283e-17, 1.37784169465e-17, 1.8442693206e-17, 1.94126236856e-17, 1.39542920883e-17, 8.13202418254e-18, 9.45155510339e-18, 7.0035372416e-18, 3.84535545902e-18, 1.03292193759e-18, 2.72299947738e-19, 2.94376131667e-20],
        "var": [0.0653708279133, 8.60885047913, 30.0282096863, 39.7095947266, 953.751159668, 535.818847656, 364.831878662, 322.281646729, 386.542907715, 1715.18603516, 2110.01538086, 2592.84130859, 498.724517822, 1984.67297363, 4084.66430664, 1998.81567383, 4682.20898438, 2563.39526367, 4057.54394531, 2888.27685547, 4149.59277344, 4610.23388672, 768.547363281, 667.367736816, 521.722229004, 470.118804932, 348.002838135, 362.734527588, 218.530807495, 142.407562256, 109.68875885, 85.8952102661, 46.255607605, 13.7602319717, 1.92027175426, 0.254926621914, 0.031146928668, 0.00243349047378, 5.54403195565e-05, 3.4996862297e-08]
    },
    "gfcc": {
        "mean": [22.9409885406, 56.4154129028, -113.310417175, 35.1650619507, -52.9145317078, 14.9214868546, -38.0980987549, 9.16131687164, -26.1234550476, 0.778730750084, -21.5789394379, -0.882284939289, -14.9720153809],
        "cov": [[8570.36621094, -641.842285156, -281.040405273, 563.807250977, 269.512390137, 615.612731934, 482.144744873, 374.710327148, 68.7470092773, 278.817443848, -12.2920007706, 82.0289993286, -111.409240723], [-641.842285156, 1304.03051758, -202.407867432, 32.3189964294, 161.631149292, -97.521987915, 89.7015838623, 33.0491600037, -33.5161552429, -79.1647033691, 23.6114711761, -63.7045402527, 60.7116699219], [-281.040405273, -202.407867432, 578.367553711, 177.807052612, -6.63288831711, 10.4185743332, 17.5191020966, -30.7482528687, -39.9064788818, -16.4958000183, -23.2082366943, 3.28542041779, -24.0936870575], [563.807250977, 32.3189964294, 177.807052612, 424.729400635, 131.984222412, 86.8350296021, 114.710914612, 65.3333740234, -1.52557396889, 15.8442306519, -0.603573143482, 3.89203953743, -3.82144618034], [269.512390137, 161.631149292, -6.63288831711, 131.984222412, 282.407775879, 109.695205688, 118.309791565, 87.5815963745, 47.3546981812, 30.5382518768, 18.0642242432, 6.22792053223, 10.5236701965], [615.612731934, -97.521987915, 10.4185743332, 86.8350296021, 109.695205688, 258.33581543, 178.635437012, 75.3016433716, 16.6009178162, 47.8381233215, 24.5121879578, 20.9756183624, -21.9491195679], [482.144744873, 89.7015838623, 17.5191020966, 114.710914612, 118.309791565, 178.635437012, 267.008148193, 103.523162842, 0.572770655155, 37.369556427, 26.7319469452, 9.40366649628, -19.7768058777], [374.710327148, 33.0491600037, -30.7482528687, 65.3333740234, 87.5815963745, 75.3016433716, 103.523162842, 154.311050415, 67.9409561157, 33.5554237366, 15.3902740479, 15.7028017044, 0.214462712407], [68.7470092773, -33.5161552429, -39.9064788818, -1.52557396889, 47.3546981812, 16.6009178162, 0.572770655155, 67.9409561157, 126.894432068, 48.7684326172, 17.0955982208, 5.64167261124, 9.50729656219], [278.817443848, -79.1647033691, -16.4958000183, 15.8442306519, 30.5382518768, 47.8381233215, 37.369556427, 33.5554237366, 48.7684326172, 103.322769165, 33.0372467041, 9.92523956299, -14.6772518158], [-12.2920007706, 23.6114711761, -23.2082366943, -0.603573143482, 18.0642242432, 24.5121879578, 26.7319469452, 15.3902740479, 17.0955982208, 33.0372467041, 85.5495223999, 36.0769462585, 7.48466396332], [82.0289993286, -63.7045402527, 3.28542041779, 3.89203953743, 6.22792053223, 20.9756183624, 9.40366649628, 15.7028017044, 5.64167261124, 9.92523956299, 36.0769462585, 77.9144058228, 21.1613063812], [-111.409240723, 60.7116699219, -24.0936870575, -3.82144618034, 10.5236701965, -21.9491195679, -19.7768058777, 0.214462712407, 9.50729656219, -14.6772518158, 7.48466396332, 21.1613063812, 60.5642127991]],
        "icov": [[0.000187213809113, 7.47004742152e-05, 0.000209423567867, -0.000251536781434, 5.56723025511e-05, -0.000245609990088, 1.78183945536e-05, -0.000287004600978, 0.000243960428634, -0.000374288239982, 0.000321980885928, -0.000170943880221, 0.000136027563713], [7.47004742152e-05, 0.00138049060479, 0.000519689521752, -0.00013602458057, -0.00086074101273, 0.00122602505144, -0.00109698087908, -0.000184255710337, 0.000576104444917, 0.000851939723361, -0.00103469670285, 0.00157591537572, -0.0011186839547], [0.000209423567867, 0.000519689521752, 0.00256060133688, -0.00138576969039, 4.92128056067e-05, 0.000244865048444, -0.000499722897075, 0.0004711743386, 0.000329842354404, 0.000179141934495, 0.000550040858798, -0.000455800298369, 0.000793764891569], [-0.000251536781434, -0.00013602458057, -0.00138576969039, 0.00383883388713, -0.00128266063984, 0.000240067965933, -0.000484052783577, -0.000591127958614, 0.0005001333775, 6.98130679666e-05, -0.00014100476983, 0.000440486473963, -0.000679583812598], [5.56723025511e-05, -0.00086074101273, 4.92128056067e-05, -0.00128266063984, 0.00609900336713, -0.00207935436629, -0.000248303171247, -0.000894379336387, -0.00154328672215, -0.000601618550718, 0.000509692763444, -0.000228063217946, -0.000874205725268], [-0.000245609990088, 0.00122602505144, 0.000244865048444, 0.000240067965933, -0.00207935436629, 0.00967636890709, -0.00588704040274, 0.000976917217486, -0.000442937598564, 0.000175147637492, -0.000805603165645, -0.000511256221216, 0.000764214550145], [1.78183945536e-05, -0.00109698087908, -0.000499722897075, -0.000484052783577, -0.000248303171247, -0.00588704040274, 0.0107753854245, -0.00517534837127, 0.00376424193382, -0.00163898861501, -0.000979983713478, 0.000512786384206, 0.00130349374376], [-0.000287004600978, -0.000184255710337, 0.0004711743386, -0.000591127958614, -0.000894379336387, 0.000976917217486, -0.00517534837127, 0.01437651366, -0.00794793572277, 0.00162473204546, 0.00109059119131, -0.00272000976838, 0.00103246851359], [0.000243960428634, 0.000576104444917, 0.000329842354404, 0.0005001333775, -0.00154328672215, -0.000442937598564, 0.00376424193382, -0.00794793572277, 0.0154753318056, -0.00610649120063, -0.000824125017971, 0.00249522016384, -0.00328014162369], [-0.000374288239982, 0.000851939723361, 0.000179141934495, 6.98130679666e-05, -0.000601618550718, 0.000175147637492, -0.00163898861501, 0.00162473204546, -0.00610649120063, 0.0166976265609, -0.00592251401395, 0.00104941742029, 0.00353057961911], [0.000321980885928, -0.00103469670285, 0.000550040858798, -0.00014100476983, 0.000509692763444, -0.000805603165645, -0.000979983713478, 0.00109059119131, -0.000824125017971, -0.00592251401395, 0.0186464115977, -0.00914152618498, 0.000718840339687], [-0.000170943880221, 0.00157591537572, -0.000455800298369, 0.000440486473963, -0.000228063217946, -0.000511256221216, 0.000512786384206, -0.00272000976838, 0.00249522016384, 0.00104941742029, -0.00914152618498, 0.0211456883699, -0.00841232948005], [0.000136027563713, -0.0011186839547, 0.000793764891569, -0.000679583812598, -0.000874205725268, 0.000764214550145, 0.00130349374376, 0.00103246851359, -0.00328014162369, 0.00353057961911, 0.000718840339687, -0.00841232948005, 0.0232277587056]]
    },
    "melbands": {
        "dmean": [0.00112689810339, 0.00131812831387, 0.000675069633871, 0.000768180529121, 0.000232277292525, 0.000141994794831, 0.00011818400526, 0.000132195156766, 0.00012068470096, 8.4140781837e-05, 4.54638939118e-05, 5.63210378459e-05, 5.76221500523e-05, 4.49246363132e-05, 3.92293513869e-05, 4.33687200712e-05, 3.47168315784e-05, 4.073942182e-05, 2.76269256574e-05, 2.26443371503e-05, 2.65438811766e-05, 2.20348883886e-05, 1.77154724952e-05, 1.17059062177e-05, 1.05256776806e-05, 8.07300511951e-06, 8.72518830874e-06, 6.60081195747e-06, 5.90356739849e-06, 5.31041450813e-06, 4.99730140291e-06, 3.69987969862e-06, 3.16845171255e-06, 2.52823178926e-06, 2.13502789848e-06, 1.7616474679e-06, 1.53049643359e-06, 1.42994383623e-06, 1.29455304432e-06, 9.95820869321e-07],
        "dmean2": [0.00197911611758, 0.00223237811588, 0.00110666989349, 0.0013074814342, 0.000385132298106, 0.000221365553443, 0.00019737596449, 0.000217119973968, 0.000185319673619, 0.000128526822664, 7.03728292137e-05, 8.5390987806e-05, 8.37135521579e-05, 6.8186694989e-05, 5.89298506384e-05, 6.52293456369e-05, 5.51401644771e-05, 6.4642590587e-05, 4.47210659331e-05, 3.62875325663e-05, 4.20111391577e-05, 3.62068458344e-05, 2.92581244139e-05, 1.98829784495e-05, 1.77866731974e-05, 1.35627378768e-05, 1.46302190842e-05, 1.14415361168e-05, 1.03186985143e-05, 9.14165138965e-06, 8.46301827551e-06, 6.13294287177e-06, 5.26207213625e-06, 4.12956478613e-06, 3.41817280969e-06, 2.74143985735e-06, 2.3239363145e-06, 2.24651080316e-06, 2.05370770345e-06, 1.6272697394e-06],
        "dvar": [1.16638702821e-05, 8.42235112941e-06, 2.57465217146e-06, 6.23583400738e-06, 3.27799881461e-07, 9.60057562338e-08, 1.07752470058e-07, 1.28797296384e-07, 6.82555167941e-08, 4.82470881025e-08, 6.19363937915e-09, 1.35745432672e-08, 2.01089846996e-08, 1.17638840891e-08, 7.91613530282e-09, 8.09937628077e-09, 4.12726963717e-09, 6.2249041477e-09, 3.73118425046e-09, 2.44492071033e-09, 2.70542144243e-09, 1.6026604488e-09, 1.18919929459e-09, 3.6859401642e-10, 3.3374089603e-10, 1.73437098017e-10, 1.91176852127e-10, 1.31633426381e-10, 1.18323628673e-10, 9.68461699724e-11, 9.70848401671e-11, 5.567156805e-11, 3.64294046318e-11, 3.41969300099e-11, 1.7728726473e-11, 1.67297720816e-11, 1.51241311142e-11, 1.39268518592e-11, 1.08981617133e-11, 6.93114619518e-12],
        "dvar2": [3.21486259054e-05, 2.33778646361e-05, 6.7771106842e-06, 1.67070411408e-05, 8.35429887047e-07, 2.1684427054e-07, 2.92182534167e-07, 3.31794296926e-07, 1.5616814153e-07, 1.13338089136e-07, 1.35477273844e-08, 2.85022814239e-08, 3.75512065887e-08, 2.25032348311e-08, 1.66130131873e-08, 1.66827618386e-08, 9.48246192678e-09, 1.42345522036e-08, 9.44361477906e-09, 5.7417466337e-09, 5.83263126686e-09, 3.68680597163e-09, 2.98640134844e-09, 1.00964459016e-09, 9.30025390034e-10, 4.64125654576e-10, 5.4045667941e-10, 3.69435260161e-10, 3.34711786065e-10, 2.7320706808e-10, 2.66277166983e-10, 1.4689936767e-10, 9.17421555391e-11, 8.78684625061e-11, 4.02367514307e-11, 3.48037640374e-11, 3.00434017941e-11, 3.01019417726e-11, 2.53766313518e-11, 1.78694038733e-11],
        "max": [0.0285317450762, 0.0284126065671, 0.0176574271172, 0.0335004553199, 0.00823237467557, 0.00391188589856, 0.0044888984412, 0.00557562429458, 0.0031681410037, 0.00447994843125, 0.00128558219876, 0.00170983967837, 0.00397256435826, 0.00267563341185, 0.00178092694841, 0.00155423686374, 0.000863426364958, 0.00113692972809, 0.00100303604268, 0.000806253578048, 0.00100977392867, 0.000882099207956, 0.000733286316972, 0.000241172558162, 0.000325804488966, 0.000164183496963, 0.000197930407012, 0.000153377462993, 9.70908949967e-05, 0.00019577225612, 0.00015725925914, 0.000112331137643, 0.00011671687389, 0.000146291684359, 6.73705071677e-05, 8.58592975419e-05, 7.33369233785e-05, 6.65479965392e-05, 6.54621399008e-05, 3.37069723173e-05],
        "mean": [0.00121974979993, 0.00222773454152, 0.00116004492156, 0.000785336771514, 0.00031283381395, 0.000206396725844, 0.000155951827765, 0.000174828834133, 0.000191636572708, 0.000139474199386, 8.37097977637e-05, 0.000103107158793, 0.000108880725747, 7.74831642048e-05, 6.51436421322e-05, 7.55157598178e-05, 5.51182238269e-05, 6.39709251118e-05, 4.16638758907e-05, 3.87794752896e-05, 4.9869009672e-05, 4.50626539532e-05, 3.33579228027e-05, 2.05513206311e-05, 1.94569238374e-05, 1.6213643903e-05, 1.80262941285e-05, 1.22896117318e-05, 1.00947754618e-05, 1.05184180939e-05, 8.76108515513e-06, 6.82223208059e-06, 5.88591501582e-06, 4.99494217365e-06, 4.21528466177e-06, 3.35233585247e-06, 2.97278984362e-06, 2.64604159383e-06, 2.24354448619e-06, 1.67805433193e-06],
        "median": [0.000574808218516, 0.00152684352361, 0.000763076881412, 0.000224389732466, 0.000122495330288, 7.61551273172e-05, 6.15599637968e-05, 5.88335278735e-05, 6.27070839982e-05, 4.6488501539e-05, 4.46802769147e-05, 3.93164227717e-05, 3.65919186152e-05, 3.48992471118e-05, 2.49343393079e-05, 2.60014749074e-05, 2.38552856899e-05, 2.50104712904e-05, 1.82320000022e-05, 2.14759147639e-05, 2.57392293861e-05, 2.82158944174e-05, 2.01382081286e-05, 1.44918021761e-05, 1.36024609674e-05, 1.29337977341e-05, 1.34574256663e-05, 8.56754741108e-06, 6.69364408168e-06, 7.00051577951e-06, 5.58217197977e-06, 4.35698257206e-06, 4.36961590822e-06, 3.60404737876e-06, 2.59892999566e-06, 1.88689068636e-06, 1.59952730883e-06, 1.46598392803e-06, 1.2804173366e-06, 1.03050945199e-06],
        "min": [5.30649928205e-24, 2.48847217793e-24, 2.56975206687e-24, 2.24445343968e-24, 3.75599080625e-24, 2.05375597939e-24, 4.71662420143e-24, 4.63645029549e-24, 4.21080185584e-24, 3.23018858608e-24, 4.25855831175e-24, 4.85087057813e-24, 7.8903264024e-24, 7.82962197802e-24, 1.15563413115e-23, 9.51548557452e-24, 4.41228600294e-24, 6.39758778842e-24, 5.8282329521e-24, 5.82183568459e-24, 6.03088619106e-24, 1.09203924153e-23, 7.36495292813e-24, 1.59809919203e-23, 4.49978408796e-24, 9.58881413996e-24, 1.42452565374e-23, 8.26021854769e-24, 5.58324825368e-24, 7.55244386606e-24, 8.04960057461e-24, 1.2226793406e-23, 8.85273355133e-24, 7.80671661278e-24, 1.00073521818e-23, 1.21060763883e-23, 1.03143784239e-23, 9.90136004175e-24, 8.07094793956e-24, 6.11529391348e-24],
        "var": [8.43957423058e-06, 9.26899610931e-06, 2.73491195912e-06, 4.73146337754e-06, 3.99762029701e-07, 1.51412933747e-07, 1.04491995501e-07, 1.71153857309e-07, 1.34992262701e-07, 9.12880437909e-08, 1.31091058009e-08, 3.52952156391e-08, 6.65599486638e-08, 3.05889678032e-08, 1.99039966731e-08, 2.03985290881e-08, 8.03091815271e-09, 1.30335608972e-08, 5.69011993079e-09, 4.27375335121e-09, 8.96065976974e-09, 4.66431782087e-09, 2.61665333845e-09, 5.33374899803e-10, 4.83154460884e-10, 2.81595829987e-10, 3.65056651574e-10, 1.96880997616e-10, 1.38424410823e-10, 1.43650091822e-10, 1.28373131569e-10, 8.37674027365e-11, 5.23658894025e-11, 4.77270202526e-11, 3.84888197702e-11, 3.94266251591e-11, 3.27790260213e-11, 2.55153675965e-11, 1.70198993787e-11, 8.69739089776e-12]
    },
    "mfcc": {
        "mean": [-620.504516602, 90.6447982788, -1.72358882427, 22.8409900665, 7.09992742538, 6.23377847672, 0.444181412458, 4.32451725006, 1.38464510441, -0.642125666142, -1.38548791409, -1.21898210049, -1.75449156761],
        "cov": [[6916.57666016, -719.344421387, -279.159729004, 217.327178955, 34.738899231, 414.7293396, 466.445098877, 323.180114746, 288.233856201, 341.163299561, 194.745529175, 220.350448608, 110.439964294], [-719.344421387, 1069.31970215, -224.313415527, 64.2105255127, 11.2775201797, -86.4724960327, 47.4131736755, 7.53438234329, 11.0641670227, -26.2091407776, -26.6194858551, -23.3244628906, -0.677696704865], [-279.159729004, -224.313415527, 497.088562012, 109.778457642, -14.9582014084, 37.1845741272, 5.503677845, -6.7564458847, -20.4367752075, -54.7841529846, -19.6984024048, 2.31923818588, -31.3830356598], [217.327178955, 64.2105255127, 109.778457642, 338.663818359, 78.9791259766, 50.4522476196, 79.9024734497, 49.8658409119, 55.1346817017, 11.8883743286, -9.06430912018, 24.6439266205, 6.49904966354], [34.738899231, 11.2775201797, -14.9582014084, 78.9791259766, 183.449401855, 23.6545257568, -3.98408222198, 24.9506340027, 38.4876098633, 30.7675323486, 0.518595576286, 5.59944105148, 19.1824378967], [414.7293396, -86.4724960327, 37.1845741272, 50.4522476196, 23.6545257568, 195.954391479, 131.071044922, 59.9545326233, 37.1191139221, 43.0531272888, 42.8343048096, 19.7646942139, 7.61716032028], [466.445098877, 47.4131736755, 5.503677845, 79.9024734497, -3.98408222198, 131.071044922, 242.7315979, 115.657676697, 56.6631011963, 39.8549804688, 46.6859931946, 44.4086227417, 15.8463745117], [323.180114746, 7.53438234329, -6.7564458847, 49.8658409119, 24.9506340027, 59.9545326233, 115.657676697, 151.356231689, 74.094543457, 29.602273941, 30.2836437225, 39.4792366028, 25.6078510284], [288.233856201, 11.0641670227, -20.4367752075, 55.1346817017, 38.4876098633, 37.1191139221, 56.6631011963, 74.094543457, 114.108131409, 61.9719352722, 19.5821495056, 21.2768650055, 13.9649963379], [341.163299561, -26.2091407776, -54.7841529846, 11.8883743286, 30.7675323486, 43.0531272888, 39.8549804688, 29.602273941, 61.9719352722, 130.689666748, 50.0790672302, 31.9334392548, 22.4034347534], [194.745529175, -26.6194858551, -19.6984024048, -9.06430912018, 0.518595576286, 42.8343048096, 46.6859931946, 30.2836437225, 19.5821495056, 50.0790672302, 83.8942718506, 36.8157119751, 18.0900726318], [220.350448608, -23.3244628906, 2.31923818588, 24.6439266205, 5.59944105148, 19.7646942139, 44.4086227417, 39.4792366028, 21.2768650055, 31.9334392548, 36.8157119751, 82.7676010132, 37.2626495361], [110.439964294, -0.677696704865, -31.3830356598, 6.49904966354, 19.1824378967, 7.61716032028, 15.8463745117, 25.6078510284, 13.9649963379, 22.4034347534, 18.0900726318, 37.2626495361, 74.9138793945]],
