{
"lowlevel": {
    "average_loudness": 0.106121249497,
    "barkbands_crest": {
        "dmean": 2.9674911499,
        "dmean2": 5.03062009811,
        "dvar": 6.43643665314,
        "dvar2": 17.081495285,
        "max": 26.5470027924,
        "mean": 14.0466785431,
        "median": 13.5666837692,
        "min": 2.93322753906,
        "var": 23.9174423218
    },
    "barkbands_flatness_db": {
        "dmean": 0.0231310762465,
        "dmean2": 0.038352124393,
        "dvar": 0.000470281898743,
        "dvar2": 0.00132146873511,
        "max": 0.546764433384,
        "mean": 0.378416806459,
        "median": 0.409345299006,
        "min": 0.0300140976906,
        "var": 0.00998135656118
    },
    "barkbands_kurtosis": {
        "dmean": 7.59580898285,
        "dmean2": 12.457868576,
        "dvar": 1861.30383301,
        "dvar2": 4890.3671875,
        "max": 1383.59741211,
        "mean": 12.2493886948,
        "median": 2.64325046539,
        "min": -1.91639196873,
        "var": 2828.58105469
    },
    "barkbands_skewness": {
        "dmean": 0.691384255886,
        "dmean2": 1.13260436058,
        "dvar": 0.667526364326,
        "dvar2": 1.76041209698,
        "max": 18.1278953552,
        "mean": 0.853786110878,
        "median": 0.680429697037,
        "min": -4.49301862717,
        "var": 2.46064829826
    },
    "barkbands_spread": {
        "dmean": 1.54974162579,
        "dmean2": 2.55567264557,
        "dvar": 13.856344223,
        "dvar2": 38.4908409119,
        "max": 78.3203887939,
        "mean": 4.72132778168,
        "median": 2.26706957817,
        "min": 0.0939773619175,
        "var": 44.6059341431
    },
    "dissonance": {
        "dmean": 0.0773503035307,
        "dmean2": 0.134533673525,
        "dvar": 0.00454165227711,
        "dvar2": 0.0129759786651,
        "max": 0.499936938286,
        "mean": 0.362512409687,
        "median": 0.375347018242,
        "min": 0.0904401838779,
        "var": 0.00837238132954
    },
    "dynamic_complexity": 5.20221614838,
    "erbbands_crest": {
        "dmean": 3.7351539135,
        "dmean2": 6.45321941376,
        "dvar": 10.6281585693,
        "dvar2": 30.3222999573,
        "max": 33.2011184692,
        "mean": 16.2366905212,
        "median": 15.7984580994,
        "min": 2.5784676075,
        "var": 31.4295787811
    },
    "erbbands_flatness_db": {
        "dmean": 0.0226397123188,
        "dmean2": 0.0371518470347,
        "dvar": 0.00045731451246,
        "dvar2": 0.00125352491159,
        "max": 0.561342179775,
        "mean": 0.394174098969,
        "median": 0.415767401457,
        "min": 0.0574175976217,
        "var": 0.00683158263564
    },
    "erbbands_kurtosis": {
        "dmean": 3.10679244995,
        "dmean2": 5.22672653198,
        "dvar": 36.5384635925,
        "dvar2": 88.0209121704,
        "max": 236.662368774,
        "mean": 5.72327899933,
        "median": 2.39530897141,
        "min": -1.87878882885,
        "var": 192.938598633
    },
    "erbbands_skewness": {
        "dmean": 0.525167107582,
        "dmean2": 0.851912498474,
        "dvar": 0.243053659797,
        "dvar2": 0.589377164841,
        "max": 9.6327381134,
        "mean": 0.533131539822,
        "median": 0.456420123577,
        "min": -6.3371925354,
        "var": 1.63332343102
    },
    "erbbands_spread": {
        "dmean": 2.47676801682,
        "dmean2": 4.22444629669,
        "dvar": 30.5954303741,
        "dvar2": 82.6600418091,
        "max": 79.0769424438,
        "mean": 7.95929574966,
        "median": 4.31092977524,
        "min": 0.431061625481,
        "var": 106.28125
    },
    "hfc": {
        "dmean": 2.53502750397,
        "dmean2": 4.17583751678,
        "dvar": 17.6561279297,
        "dvar2": 43.1632614136,
        "max": 93.2432022095,
        "mean": 7.45374441147,
        "median": 4.22435235977,
        "min": 1.10416898898e-16,
        "var": 111.095832825
    },
    "melbands_crest": {
        "dmean": 3.41445064545,
        "dmean2": 5.78728294373,
        "dvar": 8.34927558899,
        "dvar2": 22.7403373718,
        "max": 32.7438812256,
        "mean": 16.6584873199,
        "median": 16.3355579376,
        "min": 1.65826117992,
        "var": 32.3307914734
    },
    "melbands_flatness_db": {
        "dmean": 0.0234201811254,
        "dmean2": 0.0390450060368,
        "dvar": 0.000561932218261,
        "dvar2": 0.00149004685227,
        "max": 0.675409913063,
        "mean": 0.494281440973,
        "median": 0.534371137619,
        "min": 0.00230877683498,
        "var": 0.0138697791845
    },
    "melbands_kurtosis": {
        "dmean": 2.88246202469,
        "dmean2": 4.77637958527,
        "dvar": 19.59623909,
        "dvar2": 53.5995025635,
        "max": 99.5071792603,
        "mean": 4.35171747208,
        "median": 2.00224590302,
        "min": -1.93302285671,
        "var": 47.8051567078
    },
    "melbands_skewness": {
        "dmean": 0.601177811623,
        "dmean2": 0.993468999863,
        "dvar": 0.301644325256,
        "dvar2": 0.815748989582,
        "max": 8.72434520721,
        "mean": 0.861101806164,
        "median": 0.807810127735,
        "min": -3.40547704697,
        "var": 1.42586433887
    },
    "melbands_spread": {
        "dmean": 2.34041023254,
        "dmean2": 3.84113144875,
        "dvar": 24.2749214172,
        "dvar2": 63.5926437378,
        "max": 156.040679932,
        "mean": 7.86930751801,
        "median": 3.75090169907,
        "min": 0.293389976025,
        "var": 182.328735352
    },
    "pitch_salience": {
        "dmean": 0.0782752633095,
        "dmean2": 0.132931411266,
        "dvar": 0.00456085428596,
        "dvar2": 0.0129902800545,
        "max": 0.988181591034,
        "mean": 0.512934982777,
        "median": 0.506788671017,
        "min": 0.145391732454,
        "var": 0.0157441273332
    },
    "silence_rate_20dB": {
        "dmean": 0,
        "dmean2": 0,
        "dvar": 0,
        "dvar2": 0,
        "max": 1,
        "mean": 1,
        "median": 1,
        "min": 1,
        "var": 0
    },
    "silence_rate_30dB": {
        "dmean": 0.00696594407782,
        "dmean2": 0.013937282376,
        "dvar": 0.00691740354523,
        "dvar2": 0.0152916396037,
        "max": 1,
        "mean": 0.99226307869,
        "median": 1,
        "min": 0,
        "var": 0.00767706334591
    },
    "silence_rate_60dB": {
        "dmean": 0.0236068107188,
        "dmean2": 0.047231901437,
        "dvar": 0.0230493806303,
        "dvar2": 0.0597117133439,
        "max": 1,
        "mean": 0.174081236124,
        "median": 0,
        "min": 0,
        "var": 0.143776193261
    },
    "spectral_centroid": {
        "dmean": 77.6494827271,
        "dmean2": 125.323699951,
        "dvar": 48731.6757812,
        "dvar2": 99798.1484375,
        "max": 11594.2929688,
        "mean": 590.590515137,
        "median": 402.031555176,
        "min": 137.347229004,
        "var": 646246.875
    },
    "spectral_complexity": {
        "dmean": 1.44040250778,
        "dmean2": 2.44909024239,
        "dvar": 2.83775544167,
        "dvar2": 6.39688205719,
        "max": 49,
        "mean": 7.17872333527,
        "median": 6,
        "min": 0,
        "var": 35.7399902344
    },
    "spectral_decrease": {
        "dmean": 1.45695711051e-09,
        "dmean2": 2.46340392529e-09,
        "dvar": 6.91017336586e-18,
        "dvar2": 1.90621935822e-17,
        "max": 1.67501865231e-22,
        "mean": -4.05292022165e-09,
        "median": -2.35529085124e-09,
        "min": -5.55812249559e-08,
        "var": 2.59025653121e-17
    },
    "spectral_energy": {
        "dmean": 0.0057128961198,
        "dmean2": 0.00964880548418,
        "dvar": 0.000104620536149,
        "dvar2": 0.000288227573037,
        "max": 0.214421734214,
        "mean": 0.0159726589918,
        "median": 0.00937694497406,
        "min": 9.99587751208e-21,
        "var": 0.000399552751333
    },
    "spectral_energyband_high": {
        "dmean": 1.49798215716e-05,
        "dmean2": 2.18165114347e-05,
        "dvar": 1.13466294138e-08,
        "dvar2": 2.1697928787e-08,
        "max": 0.00369871826842,
        "mean": 2.65375238087e-05,
        "median": 1.62033643392e-07,
        "min": 7.2371946263e-21,
        "var": 3.53080160664e-08
    },
    "spectral_energyband_low": {
        "dmean": 0.000803923117928,
        "dmean2": 0.00131998374127,
        "dvar": 4.52776293969e-06,
        "dvar2": 1.21063494589e-05,
        "max": 0.0521373301744,
        "mean": 0.0015266186092,
        "median": 0.000183048265171,
        "min": 7.22463587234e-24,
        "var": 1.0244672012e-05
    },
    "spectral_energyband_middle_high": {
        "dmean": 0.000595367513597,
        "dmean2": 0.000977468676865,
        "dvar": 3.99540704166e-06,
        "dvar2": 1.08277736217e-05,
        "max": 0.0458794385195,
        "mean": 0.00155351788271,
        "median": 0.000115414179163,
        "min": 1.29142634075e-21,
        "var": 1.7974532966e-05
    },
    "spectral_energyband_middle_low": {
        "dmean": 0.00536209298298,
        "dmean2": 0.00908406078815,
        "dvar": 0.00010032641876,
        "dvar2": 0.000277959217783,
        "max": 0.202419251204,
        "mean": 0.0133707411587,
        "median": 0.006850451231,
        "min": 2.12573729663e-22,
        "var": 0.00031982109067
    },
    "spectral_entropy": {
        "dmean": 0.192818462849,
        "dmean2": 0.325544893742,
        "dvar": 0.0383100062609,
        "dvar2": 0.101467616856,
        "max": 9.8167514801,
        "mean": 5.34217691422,
        "median": 5.08902311325,
        "min": 3.74767947197,
        "var": 0.709242522717
    },
    "spectral_flux": {
        "dmean": 0.0197979640216,
        "dmean2": 0.0336059778929,
        "dvar": 0.000442685646703,
        "dvar2": 0.00124104262795,
        "max": 0.256248563528,
        "mean": 0.0590659454465,
        "median": 0.0485371686518,
        "min": 6.65364291441e-11,
        "var": 0.00192185165361
    },
    "spectral_kurtosis": {
        "dmean": 26.3314228058,
        "dmean2": 45.3667907715,
        "dvar": 719.020324707,
        "dvar2": 2161.69970703,
        "max": 371.883453369,
        "mean": 119.628227234,
        "median": 126.341430664,
        "min": -1.22537171841,
        "var": 4926.45214844
    },
    "spectral_rms": {
        "dmean": 0.000593868724536,
        "dmean2": 0.00099009484984,
        "dvar": 4.84317524752e-07,
        "dvar2": 1.329852239e-06,
        "max": 0.0144634684548,
        "mean": 0.00339128612541,
        "median": 0.0030246055685,
        "min": 3.12283142054e-12,
        "var": 4.08224786952e-06
    },
    "spectral_rolloff": {
        "dmean": 112.282035828,
        "dmean2": 204.118667603,
        "dvar": 186445.328125,
        "dvar2": 407971.125,
        "max": 19444.4824219,
        "mean": 753.413208008,
        "median": 473.73046875,
        "min": 86.1328125,
        "var": 1888473.125
    },
    "spectral_skewness": {
        "dmean": 1.00653922558,
        "dmean2": 1.72386419773,
        "dvar": 0.786980986595,
        "dvar2": 2.18448376656,
        "max": 16.2737789154,
        "mean": 8.51741600037,
        "median": 9.44619178772,
        "min": -0.0349904820323,
        "var": 12.5147686005
    },
    "spectral_spread": {
        "dmean": 328542.0625,
        "dmean2": 586499.75,
        "dvar": 518661505024,
        "dvar2": 1.24272862822e+12,
        "max": 41335604,
        "mean": 1367540,
        "median": 998891.75,
        "min": 319831,
        "var": 7.05296859136e+12
    },
    "spectral_strongpeak": {
        "dmean": 0.420363485813,
        "dmean2": 0.726131379604,
        "dvar": 0.327863365412,
        "dvar2": 0.871215105057,
        "max": 5.90843153,
        "mean": 0.951011478901,
        "median": 0.75274503231,
        "min": 0,
        "var": 0.673652052879
    },
    "zerocrossingrate": {
        "dmean": 0.00257122400217,
        "dmean2": 0.00359736429527,
        "dvar": 0.000106519786641,
        "dvar2": 0.000211493796087,
        "max": 0.51806640625,
        "mean": 0.0260364413261,
        "median": 0.0185546875,
        "min": 0.00244140625,
        "var": 0.00129656260833
    },
    "barkbands": {
        "dmean": [4.9337024393e-05, 0.000295861391351, 0.000383151607821, 0.00064288766589, 0.00143845484126, 0.00206628581509, 0.00266313785687, 0.000725164660253, 0.000522881629877, 0.000313754484523, 0.000192428429727, 0.000210774800507, 0.00014526466839, 6.87551146257e-05, 5.34345017513e-05, 2.19493031182e-05, 1.47362479765e-05, 3.02605567413e-05, 4.5356402552e-05, 1.39956619023e-05, 8.70876465342e-06, 2.14388410313e-06, 4.47848037766e-07, 8.06844582257e-08, 3.2419841034e-08, 6.57840626417e-09, 2.47323406199e-08],
        "dmean2": [8.03001967142e-05, 0.000499506131746, 0.000632938579656, 0.00111175316852, 0.002381965518, 0.00347020849586, 0.00456119375303, 0.00113664567471, 0.000821068650112, 0.000545769522432, 0.000320930412272, 0.000354998919647, 0.000232797538047, 0.000107053863758, 8.74072502484e-05, 3.92743386328e-05, 2.70121327048e-05, 4.81106253574e-05, 6.82512036292e-05, 2.25649746426e-05, 1.35121299536e-05, 3.28875307787e-06, 6.75080173096e-07, 1.36723286914e-07, 5.81933079502e-08, 1.06704280967e-08, 4.22576071912e-08],
        "dvar": [1.82537771565e-08, 5.45949092157e-07, 1.19395031106e-06, 5.8809573602e-06, 4.17114715674e-05, 1.89831371245e-05, 1.9737313778e-05, 8.50196465763e-06, 2.40826079789e-06, 1.35439415772e-06, 7.85617430665e-07, 1.22060941976e-06, 6.86175326337e-07, 1.48806705624e-07, 1.11897911381e-07, 3.54166722616e-08, 1.58145674334e-08, 6.27394882713e-08, 1.11189493168e-07, 9.08088182427e-09, 4.98351937495e-09, 4.6876719173e-10, 2.0204497797e-11, 2.39583716364e-13, 2.31495358093e-14, 2.83876686586e-16, 1.90448476047e-15],
        "dvar2": [4.77605972549e-08, 1.35612981467e-06, 2.80860399471e-06, 1.740771404e-05, 0.000114296082756, 5.03193405166e-05, 5.55668266315e-05, 2.01879356609e-05, 5.12296628585e-06, 3.96212408305e-06, 2.08775281862e-06, 3.36177299687e-06, 1.68854910498e-06, 3.8454567175e-07, 3.03641797927e-07, 1.04808350443e-07, 4.73085677299e-08, 1.22753334608e-07, 2.61762494347e-07, 2.23131415567e-08, 9.50419654089e-09, 1.04225994502e-09, 5.15802088541e-11, 6.46175821184e-13, 7.28939478223e-14, 5.16663628046e-16, 5.5924105204e-15],
        "max": [0.00153679423966, 0.0106768459082, 0.0252492316067, 0.0477029718459, 0.175093442202, 0.065949216485, 0.0594167821109, 0.0552824549377, 0.0411836542189, 0.0172268226743, 0.0227186325938, 0.0197274386883, 0.016051730141, 0.00841476768255, 0.00758603028953, 0.00537317944691, 0.00295366416685, 0.0101564377546, 0.0104556176811, 0.00317009608261, 0.00246531097218, 0.000766953977291, 0.000135694062919, 1.50568403114e-05, 6.13117390458e-06, 1.08685730993e-06, 1.2249329302e-06],
        "mean": [5.96226418565e-05, 0.000434379413491, 0.000583703105804, 0.00106274487916, 0.00288973934948, 0.003486282425, 0.00377716775984, 0.00107458431739, 0.000949956302065, 0.00045538082486, 0.000290250463877, 0.000294154422591, 0.000193726809812, 0.000106707797386, 8.23846712592e-05, 2.87142120214e-05, 1.80382630788e-05, 5.26717558387e-05, 8.85631889105e-05, 2.45901355811e-05, 1.48667713802e-05, 3.32735226038e-06, 6.58788280816e-07, 1.8091624554e-07, 1.35630017439e-07, 4.10535498929e-08, 1.72860609382e-07],
        "median": [3.93951722799e-06, 1.41965228977e-05, 3.06851870846e-05, 9.36940050451e-05, 0.000445961108198, 0.00125652551651, 0.00181923538912, 0.00012344980496, 0.000172947227838, 7.54412030801e-05, 1.68866481545e-05, 1.45174590216e-06, 1.17908962238e-06, 2.68822560656e-07, 1.88269126511e-07, 9.62116715186e-08, 7.89634384546e-08, 4.48741737102e-08, 2.95080120338e-08, 1.91704732089e-08, 1.43617073789e-08, 1.27404753414e-08, 1.31372139833e-08, 1.603570432e-08, 2.19472529039e-08, 2.78080811711e-08, 3.41286536809e-08],
        "min": [3.01916642039e-25, 1.19228614709e-24, 7.64941952321e-25, 2.56698553167e-24, 1.6436281414e-23, 7.41036133956e-24, 5.65824683766e-24, 1.72903716498e-23, 2.91616538448e-23, 3.10950888146e-23, 2.01187251404e-23, 4.4362296669e-23, 6.44403686515e-23, 5.99932631171e-23, 4.97692061114e-23, 6.8431443163e-23, 9.48495365981e-23, 8.95547085132e-23, 2.06144589016e-22, 2.34306582545e-22, 3.33854265461e-22, 3.61482345307e-22, 5.42921338006e-22, 6.96671817803e-22, 9.07856167774e-22, 1.455849995e-21, 1.87488038705e-21],
        "var": [2.50224996279e-08, 9.2040789923e-07, 2.98541590382e-06, 1.0729454516e-05, 8.43133602757e-05, 3.16391269735e-05, 2.95210793411e-05, 1.44320501931e-05, 7.10603035259e-06, 2.30320642913e-06, 1.3493880715e-06, 1.65944265973e-06, 9.4058157174e-07, 2.47870104886e-07, 1.58309546805e-07, 2.9884969166e-08, 1.28602772875e-08, 1.47060291056e-07, 4.09420039205e-07, 2.39978188432e-08, 1.51864316678e-08, 8.31028190706e-10, 2.18442260808e-11, 4.00083584968e-13, 2.32141075026e-13, 2.43957559029e-15, 4.2954267259e-14]
    },
    "erbbands": {
        "dmean": [0.0102352220565, 0.0654699280858, 0.324277728796, 1.28612279892, 3.63582921028, 5.36817026138, 6.60549736023, 21.2083263397, 42.6288261414, 21.163110733, 14.1209573746, 10.2152805328, 10.6954832077, 9.66864109039, 6.8827495575, 7.267329216, 7.32539176941, 3.9518558979, 2.83334708214, 1.93670856953, 1.151658535, 0.85198444128, 1.37397658825, 1.89862263203, 2.08894562721, 0.597571611404, 0.34005138278, 0.326743721962, 0.0908712744713, 0.0206152200699, 0.0135921090841, 0.00393930729479, 0.000857166189235, 0.000458602764411, 0.000227174008614, 4.02886144002e-05, 1.10696119009e-05, 4.95971062264e-06, 3.23322296936e-06, 6.49697039989e-06],
        "dmean2": [0.0172648020089, 0.111024744809, 0.54741704464, 2.17890667915, 6.01914215088, 8.98706817627, 10.8229866028, 35.770275116, 73.2355651855, 35.6758117676, 22.8474826813, 16.6475868225, 17.1425933838, 16.6721019745, 11.557305336, 12.2964897156, 11.8215065002, 6.28083658218, 4.67495155334, 3.06667804718, 1.98640525341, 1.5198546648, 2.18882751465, 2.77827239037, 3.13884615898, 0.915063261986, 0.545296311378, 0.493358075619, 0.133892714977, 0.0320292562246, 0.0205337591469, 0.00617562141269, 0.00149087305181, 0.000819001055788, 0.000397045747377, 6.70327644912e-05, 1.85420631169e-05, 8.27116764412e-06, 5.44677777725e-06, 1.09335114757e-05],
        "dvar": [0.000688122760039, 0.0284306611866, 0.730306863785, 22.4948825836, 262.332397461, 723.060668945, 303.796234131, 2007.88293457, 5127.36767578, 2403.97265625, 3503.67578125, 956.863098145, 1305.87731934, 1587.14294434, 1027.89318848, 1792.75854492, 1594.04309082, 436.934631348, 301.570037842, 112.375083923, 110.363876343, 54.6570968628, 117.747062683, 162.85319519, 264.198944092, 14.4953594208, 7.23336982727, 7.19129896164, 0.813455104828, 0.0256527494639, 0.0181469004601, 0.00128084269818, 1.53792643687e-05, 4.25647976954e-06, 1.33653600187e-06, 1.69049911847e-08, 6.35643815361e-10, 8.70717803414e-11, 3.10573129714e-11, 1.28227262142e-10],
        "dvar2": [0.00173850101419, 0.0702435597777, 1.80463290215, 65.3532867432, 734.280578613, 2012.29016113, 833.722290039, 5292.36816406, 14543.7587891, 6193.80761719, 8334.16308594, 2027.14477539, 3263.51147461, 4675.42285156, 2779.64355469, 5153.83154297, 3882.8203125, 1148.08496094, 800.40826416, 277.853088379, 317.221954346, 163.567428589, 226.231872559, 384.767059326, 615.10144043, 30.7361507416, 15.661441803, 14.7234153748, 1.71256005764, 0.0574801526964, 0.0452134124935, 0.00311846775003, 4.40213771071e-05, 1.31872893689e-05, 4.16092916566e-06, 4.6587132374e-08, 1.01290031918e-09, 1.53679471926e-10, 8.46053990755e-11, 3.52900153544e-10],
        "max": [0.325700908899, 2.4781935215, 16.9189796448, 116.389198303, 480.169952393, 823.889831543, 338.694824219, 721.262451172, 910.597412109, 1000.75689697, 1152.92346191, 589.132019043, 729.598266602, 670.163208008, 935.583984375, 942.020385742, 676.69708252, 393.5390625, 325.256591797, 240.300048828, 323.678070068, 179.42414856, 436.576934814, 403.302703857, 524.265136719, 108.635551453, 87.3732757568, 99.5211486816, 30.5004692078, 4.67490720749, 4.67005252838, 1.39851224422, 0.122280292213, 0.0779031217098, 0.0530574396253, 0.00722389947623, 0.00129149924032, 0.000418022740632, 0.000132976027089, 0.000246745097684],
        "mean": [0.0137627488002, 0.0984543412924, 0.522267341614, 2.31029868126, 6.01115894318, 10.0138492584, 15.0500574112, 34.9995803833, 59.8288574219, 33.0879364014, 22.5716609955, 18.9833507538, 19.6727924347, 14.6277370453, 13.1660871506, 10.0469646454, 9.48790073395, 6.55843830109, 4.0661110878, 3.18702888489, 1.5831489563, 1.10531949997, 2.47495627403, 3.83724570274, 4.19911623001, 1.19299829006, 0.576219439507, 0.530287563801, 0.147323891521, 0.0347384884953, 0.0200581345707, 0.00668337615207, 0.00246845278889, 0.00176024239045, 0.000833508558571, 0.000195452157641, 6.83731996105e-05, 3.09965944325e-05, 1.40705888043e-05, 2.16080843529e-05],
        "median": [0.000590313051362, 0.00436411099508, 0.0494482368231, 0.254523575306, 0.583276569843, 1.4210050106, 3.92931580544, 13.9204998016, 25.34491539, 16.0437202454, 3.39238572121, 3.95036935806, 3.34598946571, 1.87356889248, 0.456380218267, 0.085197262466, 0.0626559257507, 0.0242059119046, 0.00899174436927, 0.0100815929472, 0.00419658515602, 0.00455379672348, 0.00257659121417, 0.00207070913166, 0.00140501151327, 0.000888154841959, 0.000671496090945, 0.000540617853403, 0.000457238580566, 0.000419976771809, 0.000379989069188, 0.000331864488544, 0.000282745197183, 0.000245533708949, 0.000161995485541, 0.000102644975414, 5.56369814149e-05, 2.20652691496e-05, 1.01256100606e-05, 1.43105671668e-05],
        "min": [3.17598902984e-23, 3.80506439166e-22, 2.58151699483e-21, 7.53001494756e-21, 2.8449898123e-20, 6.83523638583e-20, 7.62357569875e-20, 7.37949925691e-20, 1.58190821676e-19, 1.524704283e-19, 5.16456884591e-19, 5.96421209888e-19, 8.36287974495e-19, 1.25657803014e-18, 1.38028371793e-18, 1.69676457126e-18, 2.39498545157e-18, 2.85686552803e-18, 4.40212990214e-18, 3.21456158595e-18, 4.0120426922e-18, 5.8543641679e-18, 4.9398998707e-18, 8.98883109591e-18, 8.94835301263e-18, 1.09422826325e-17, 1.00517110337e-17, 1.21638588253e-17, 1.24222220721e-17, 1.39836305303e-17, 1.66115353599e-17, 1.24901741323e-17, 1.24196288609e-17, 9.65816083217e-18, 6.69913767131e-18, 4.44311421995e-18, 2.94611025111e-18, 9.49345056065e-19, 2.62977208644e-19, 2.92449867127e-20],
        "var": [0.00114949350245, 0.0466000065207, 1.64864003658, 45.1884841919, 473.135009766, 1202.60375977, 747.354858398, 3131.20629883, 7479.65820312, 4347.34912109, 6228.578125, 2793.65405273, 3405.41113281, 2477.53100586, 2290.13964844, 2081.39794922, 2230.22827148, 778.359863281, 443.023834229, 223.155288696, 96.6909866333, 45.7462234497, 288.221801758, 674.625061035, 943.618469238, 53.8512039185, 18.6364078522, 20.7658348083, 1.63873028755, 0.0582075938582, 0.0210089795291, 0.00144279445522, 6.66517807986e-05, 3.27616508002e-05, 1.11020417535e-05, 2.09176079125e-07, 3.40143069266e-09, 7.86587295298e-10, 2.03852795755e-10, 6.05303751566e-10]
    },
    "gfcc": {
        "mean": [-243.827590942, 188.364059448, -60.1069984436, -48.3188896179, -73.7489929199, -25.5139503479, -30.4888324738, -4.37122917175, -13.6128101349, -5.93198060989, -3.66889238358, -1.76704013348, -2.85360646248],
        "cov": [[16689.3652344, 447.359039307, -3359.19628906, 1361.27038574, 720.354614258, 676.325012207, 430.82208252, -120.17591095, 39.4673690796, 180.945877075, 384.251251221, -37.3984794617, 67.7285079956], [447.359039307, 934.939819336, 710.125671387, -329.308929443, -191.994842529, -68.4558944702, -28.7530498505, -92.4768295288, -105.663841248, -106.641311646, -55.2778091431, -46.3131523132, -5.667740345], [-3359.19628906, 710.125671387, 2446.17382812, -167.086380005, -476.688964844, -263.55682373, -127.11063385, -49.3906478882, -144.990921021, -159.137268066, -135.587539673, 20.4578723907, 59.9427490234], [1361.27038574, -329.308929443, -167.086380005, 1331.30065918, 559.233764648, 170.862625122, 139.495269775, -41.9565734863, -88.4388122559, -95.8849182129, -85.3232650757, -116.075805664, -45.0965423584], [720.354614258, -191.994842529, -476.688964844, 559.233764648, 841.35925293, 402.884429932, 14.291349411, -26.8690128326, 31.8944587708, 51.5502204895, 15.6763086319, -31.6922950745, -76.6740493774], [676.325012207, -68.4558944702, -263.55682373, 170.862625122, 402.884429932, 566.930603027, 177.756958008, 39.4454231262, 25.0340442657, 56.1411743164, 21.09217453, -6.56901836395, -35.2576599121], [430.82208252, -28.7530498505, -127.11063385, 139.495269775, 14.291349411, 177.756958008, 288.882354736, 116.516777039, 17.7240505219, 30.1088943481, 29.6321811676, -9.99115943909, -15.5632953644], [-120.17591095, -92.4768295288, -49.3906478882, -41.9565734863, -26.8690128326, 39.4454231262, 116.516777039, 218.471603394, 117.364830017, 47.8421401978, 33.0252380371, 29.4290275574, -7.73114061356], [39.4673690796, -105.663841248, -144.990921021, -88.4388122559, 31.8944587708, 25.0340442657, 17.7240505219, 117.364830017, 186.07699585, 127.582977295, 58.5361480713, 46.6498222351, 0.460366636515], [180.945877075, -106.641311646, -159.137268066, -95.8849182129, 51.5502204895, 56.1411743164, 30.1088943481, 47.8421401978, 127.582977295, 213.86517334, 147.643280029, 57.6301651001, -2.06688141823], [384.251251221, -55.2778091431, -135.587539673, -85.3232650757, 15.6763086319, 21.09217453, 29.6321811676, 33.0252380371, 58.5361480713, 147.643280029, 198.64251709, 95.1248931885, 5.42764997482], [-37.3984794617, -46.3131523132, 20.4578723907, -116.075805664, -31.6922950745, -6.56901836395, -9.99115943909, 29.4290275574, 46.6498222351, 57.6301651001, 95.1248931885, 152.302902222, 81.8009262085], [67.7285079956, -5.667740345, 59.9427490234, -45.0965423584, -76.6740493774, -35.2576599121, -15.5632953644, -7.73114061356, 0.460366636515, -2.06688141823, 5.42764997482, 81.8009262085, 146.109405518]],
        "icov": [[0.000230316843954, -0.000703760480974, 0.000527246214915, -0.000625823275186, 0.000545041169971, -0.000435044814367, 0.000457297544926, -0.000120271288324, -0.000119668271509, -8.5358209617e-05, -0.000465375691419, -4.95067761221e-05, -0.000275967642665], [-0.000703760480974, 0.00418052403256, -0.00228871568106, 0.002874661237, -0.00234392937273, 0.00162767700385, -0.0026961073745, 0.00193315243814, -0.000778916000854, 0.00247114151716, -0.000268806994427, 0.00197421968915, 0.000234583043493], [0.000527246214915, -0.00228871568106, 0.00196802476421, -0.00188866490498, 0.00189332175069, -0.00121424510144, 0.00190533022396, -0.00116793636698, 0.000859443622176, -0.00141083204653, 0.000216439148062, -0.0013620328391, -0.000149973056978], [-0.000625823275186, 0.002874661237, -0.00188866490498, 0.00372509728186, -0.00341717526317, 0.00229679071344, -0.00345295039006, 0.00157768686768, -0.00034771420178, 0.00213529891334, 0.00014172270312, 0.0020515115466, -0.00031964230584], [0.000545041169971, -0.00234392937273, 0.00189332175069, -0.00341717526317, 0.00543923489749, -0.00390563881956, 0.00421743700281, -0.00109881302342, -7.1776016739e-06, -0.00173263100442, -0.000232624050113, -0.00177652807906, 0.00110670307186], [-0.000435044814367, 0.00162767700385, -0.00121424510144, 0.00229679071344, -0.00390563881956, 0.00529087940231, -0.00454725231975, 0.00119106192142, 0.000391273701098, -0.000160449824762, 0.00171225494705, -7.56906956667e-05, 0.000252960511716], [0.000457297544926, -0.0026961073745, 0.00190533022396, -0.00345295039006, 0.00421743700281, -0.00454725231975, 0.0104055497795, -0.00658991700038, 0.00412848358974, -0.00384723069146, -0.000150575200678, -0.000692547881044, 3.74771007046e-05], [-0.000120271288324, 0.00193315243814, -0.00116793636698, 0.00157768686768, -0.00109881302342, 0.00119106192142, -0.00658991700038, 0.0132382502779, -0.0111839147285, 0.00766877597198, -0.00370653509162, 0.00143673631828, 0.000283212895738], [-0.000119668271509, -0.000778916000854, 0.000859443622176, -0.00034771420178, -7.1776016739e-06, 0.000391273701098, 0.00412848358974, -0.0111839147285, 0.0215776786208, -0.016297550872, 0.010444778949, -0.00647812848911, 0.0024442858994], [-8.5358209617e-05, 0.00247114151716, -0.00141083204653, 0.00213529891334, -0.00173263100442, -0.000160449824762, -0.00384723069146, 0.00766877597198, -0.016297550872, 0.0243185516447, -0.0171337369829, 0.00880380161107, -0.00347573915496], [-0.000465375691419, -0.000268806994427, 0.000216439148062, 0.00014172270312, -0.000232624050113, 0.00171225494705, -0.000150575200678, -0.00370653509162, 0.010444778949, -0.0171337369829, 0.0227426551282, -0.0140606304631, 0.00699105719104], [-4.95067761221e-05, 0.00197421968915, -0.0013620328391, 0.0020515115466, -0.00177652807906, -7.56906956667e-05, -0.000692547881044, 0.00143673631828, -0.00647812848911, 0.00880380161107, -0.0140606304631, 0.0215882211924, -0.0110758924857], [-0.000275967642665, 0.000234583043493, -0.000149973056978, -0.00031964230584, 0.00110670307186, 0.000252960511716, 3.74771007046e-05, 0.000283212895738, 0.0024442858994, -0.00347573915496, 0.00699105719104, -0.0110758924857, 0.0134892519563]]
    },
    "melbands": {
        "dmean": [8.39117128635e-05, 0.000134638466989, 0.000273021898465, 0.000328610738507, 0.000224027637159, 0.000480221002363, 0.000603737949859, 0.000205728632864, 0.000108678148536, 6.84628757881e-05, 5.54820908292e-05, 4.14905371144e-05, 2.65261969616e-05, 2.57936972048e-05, 1.84630480362e-05, 1.1823693967e-05, 7.12345627107e-06, 4.52910944659e-06, 3.43377291756e-06, 1.97581516659e-06, 1.25775227389e-06, 9.02471242625e-07, 9.05183469513e-07, 1.67601660905e-06, 1.66498421095e-06, 2.04740877052e-06, 1.03884451619e-06, 3.31147163024e-07, 1.93337868382e-07, 2.85096916741e-07, 1.60124812965e-07, 6.22764630975e-08, 2.10874127049e-08, 7.88094567383e-09, 8.39895708538e-09, 5.81632653152e-09, 1.28490451612e-09, 6.59811150161e-10, 4.95503527098e-10, 4.09090872289e-10],
        "dmean2": [0.000140316216857, 0.00022548250854, 0.000463701988338, 0.000540902488865, 0.00037001533201, 0.000810062338132, 0.00103323103394, 0.000346719461959, 0.00017817223852, 0.000111355169793, 8.86989364517e-05, 7.19411254977e-05, 4.34631911048e-05, 4.18717863795e-05, 3.06964066112e-05, 1.92875504581e-05, 1.12393909149e-05, 7.35364665161e-06, 5.56268423679e-06, 3.37916321769e-06, 2.15697218664e-06, 1.65596782153e-06, 1.53160681293e-06, 2.60766614701e-06, 2.5095480396e-06, 3.07089135276e-06, 1.63649758633e-06, 5.40203984656e-07, 3.21346078636e-07, 4.39410882791e-07, 2.49962909038e-07, 9.65931334918e-08, 3.22780984163e-08, 1.34205304647e-08, 1.29717419028e-08, 8.64291660463e-09, 2.22858576038e-09, 1.1811807088e-09, 8.61623883353e-10, 7.38645977716e-10],
        "dvar": [4.32621618529e-08, 1.16349632151e-07, 9.91982346932e-07, 2.68297822004e-06, 3.73898132011e-07, 9.51123183768e-07, 1.00062914044e-06, 2.71778333172e-07, 2.1560028074e-07, 4.06351432503e-08, 3.54648292955e-08, 2.92200432739e-08, 1.57592410233e-08, 1.62228648293e-08, 1.22056000862e-08, 4.43095737879e-09, 1.63070601467e-09, 7.51308681934e-10, 5.97061289298e-10, 1.58437526987e-10, 1.30848124003e-10, 7.66580826594e-11, 3.69942167178e-11, 2.05350320082e-10, 1.44720430084e-10, 2.50880233255e-10, 6.00566957276e-11, 4.46422673134e-12, 2.16849802004e-12, 5.40755417874e-12, 1.80334620934e-12, 4.68913319632e-13, 2.59483190143e-14, 6.77499133455e-15, 6.4089667987e-15, 4.50873689648e-15, 6.97774889338e-17, 1.18656072749e-17, 4.76635903255e-18, 3.57629924835e-18],
        "dvar2": [1.07555003126e-07, 2.84117646743e-07, 2.91728247248e-06, 7.27021324565e-06, 1.04650837329e-06, 2.52204085882e-06, 2.82088012682e-06, 6.64194374167e-07, 5.12041481215e-07, 8.82368169641e-08, 8.87713014208e-08, 8.55963122603e-08, 4.18826147097e-08, 4.21402610584e-08, 3.29994023218e-08, 1.15884857266e-08, 4.31939195522e-09, 1.9532864215e-09, 1.63523472541e-09, 4.53973275638e-10, 3.66885327674e-10, 2.30193683559e-10, 9.57358844977e-11, 3.94009214144e-10, 3.59013346829e-10, 6.34709229619e-10, 1.41615552618e-10, 1.12594664495e-11, 5.25998428841e-12, 1.09699645201e-11, 3.82785383252e-12, 1.06176276538e-12, 5.37225564598e-14, 1.86563241797e-14, 1.62989874418e-14, 1.08520311132e-14, 1.90366830012e-16, 3.53987013146e-17, 1.28823487325e-17, 1.10283731092e-17],
        "max": [0.00269296113402, 0.00659829843789, 0.0214262641966, 0.0456159636378, 0.0107777751982, 0.0149207804352, 0.0135637000203, 0.0109707992524, 0.0102174403146, 0.0050074858591, 0.00375123787671, 0.00274695619009, 0.00365278916433, 0.00220597116277, 0.00198900746182, 0.00114235468209, 0.000883294793312, 0.000522554677445, 0.000709540850949, 0.000255968945567, 0.000350328511558, 0.000229714656598, 0.000141856551636, 0.000577883969527, 0.000314752775012, 0.000490840815473, 0.000214212835999, 4.65633565909e-05, 4.19501593569e-05, 7.85193915362e-05, 4.66767596663e-05, 2.40892004513e-05, 6.29047235634e-06, 2.58824070443e-06, 2.43571457759e-06, 2.68249254987e-06, 2.29174247579e-07, 9.28518346655e-08, 9.43546325516e-08, 7.30506144464e-08],
        "mean": [0.000123642559629, 0.000224855582928, 0.000497470493428, 0.000594782235567, 0.000526582531165, 0.000788963225204, 0.000873399316333, 0.000322695530485, 0.000167924386915, 0.000125856589875, 9.76345399977e-05, 5.91150965192e-05, 4.4180869736e-05, 3.83424303436e-05, 2.0885721824e-05, 1.78818245331e-05, 1.10946339191e-05, 6.12576741332e-06, 5.29235558133e-06, 2.83860867967e-06, 1.56234102633e-06, 9.62594640441e-07, 1.4413254803e-06, 2.93454900202e-06, 3.02917806039e-06, 3.65534560842e-06, 1.8672724309e-06, 5.43797170849e-07, 2.98213535643e-07, 4.19104935645e-07, 2.60157833054e-07, 8.97115697285e-08, 3.47801716316e-08, 1.1815729728e-08, 1.18281455741e-08, 8.33935587252e-09, 2.50662801626e-09, 1.66702862625e-09, 1.51891355049e-09, 1.44263934132e-09],
        "median": [4.56073166788e-06, 1.4406759874e-05, 6.01408974035e-05, 6.39832069282e-05, 0.00012219879136, 0.000307364214677, 0.000393971276935, 0.000129858701257, 1.93045725609e-05, 2.42660953518e-05, 1.59332885232e-05, 7.35150797482e-06, 1.99889018404e-06, 2.1341041645e-07, 1.46455249705e-07, 1.01855128776e-07, 3.37188836852e-08, 1.18045750952e-08, 1.49402890059e-08, 9.57199564056e-09, 3.82417963962e-09, 4.78201744869e-09, 3.0439257781e-09, 2.09042694266e-09, 1.60596891341e-09, 1.01673358621e-09, 8.00297716985e-10, 5.47011491658e-10, 4.10569911402e-10, 3.58859192362e-10, 2.90882401499e-10, 2.53959409058e-10, 2.35678115912e-10, 2.24330831688e-10, 2.14815179533e-10, 2.0598588113e-10, 1.94413693477e-10, 1.88874457741e-10, 2.00186117683e-10, 2.0203663742e-10],
        "min": [3.52823512583e-25, 9.05084768463e-25, 1.90586526726e-24, 3.69592062604e-24, 4.27839540251e-24, 1.57720905085e-24, 2.64816720743e-24, 1.56011818213e-24, 5.69086465837e-24, 3.87678197692e-24, 4.35443962162e-24, 4.46462771286e-24, 4.27358650643e-24, 4.65105960502e-24, 4.75416766964e-24, 5.30049289512e-24, 5.16242567062e-24, 5.6935901728e-24, 3.90248069863e-24, 3.71789631871e-24, 3.92259625728e-24, 6.00515670377e-24, 5.15233456192e-24, 3.52556611356e-24, 6.22897153094e-24, 6.77758445304e-24, 5.8905087874e-24, 6.7644877843e-24, 3.71674300407e-24, 6.14217474326e-24, 7.19554425988e-24, 7.42777465518e-24, 6.08212901774e-24, 7.64974670327e-24, 9.00863928747e-24, 7.97620101168e-24, 7.06649765983e-24, 8.19696373601e-24, 7.4358596906e-24, 8.01000291261e-24],
        "var": [7.58214895313e-08, 2.67699476808e-07, 1.95727898245e-06, 5.38793801752e-06, 9.35466516694e-07, 1.53711641815e-06, 1.51116580582e-06, 5.33907098088e-07, 3.78417922775e-07, 1.21790506569e-07, 8.77243806485e-08, 4.38160761007e-08, 2.88058714659e-08, 2.60903849636e-08, 1.32925492835e-08, 6.05322858505e-09, 2.61116595013e-09, 1.14081943892e-09, 7.56071927288e-10, 1.97759641996e-10, 1.16220484625e-10, 5.46752434993e-11, 6.10827291525e-11, 4.78386885661e-10, 4.42061581785e-10, 7.62789442721e-10, 1.7601622937e-10, 1.02633578719e-11, 4.60409921993e-12, 1.27977238182e-11, 5.27472033066e-12, 7.0870625991e-13, 7.14626654293e-14, 6.99780462187e-15, 7.1943539586e-15, 4.69994611399e-15, 8.96013222999e-17, 3.54121777411e-17, 2.95635178107e-17, 2.43700411737e-17]
    },
    "mfcc": {
        "mean": [-885.995056152, 216.85345459, 52.4779205322, -10.1295471191, -26.842590332, -23.118478775, -17.0884284973, -9.46554756165, -7.79739236832, -6.47718429565, -4.50396442413, -2.63221335411, 0.0336214564741],
        "cov": [[8711.54882812, 1126.60559082, -2725.38085938, 471.662872314, 172.881011963, 829.660217285, 711.440734863, 389.08984375, 21.6575813293, 280.387573242, 196.479873657, 25.1082077026, 9.74775886536], [1126.60559082, 1837.8157959, 533.975524902, -536.867431641, -116.368049622, 2.82388782501, 2.72587203979, -39.9267425537, -48.736530304, -62.5548400879, -11.7646360397, 41.7780799866, 84.5834884644], [-2725.38085938, 533.975524902, 2264.13378906, 35.5607872009, -349.695709229, -357.563354492, -218.507904053, -149.180679321, -22.4790172577, -193.193344116, -228.417770386, -106.903190613, -21.2121601105], [471.662872314, -536.867431641, 35.5607872009, 1049.86401367, 304.54196167, 177.804077148, 136.171890259, 44.2588577271, -2.72236657143, 18.0633563995, -81.7366333008, -129.056716919, -100.327941895], [172.881011963, -116.368049622, -349.695709229, 304.54196167, 668.72467041, 380.57989502, 139.266555786, 65.959854126, 31.7048549652, 30.2627944946, 28.0704727173, 6.99736118317, 4.97352981567], [829.660217285, 2.82388782501, -357.563354492, 177.804077148, 380.57989502, 488.632171631, 285.110321045, 104.157806396, 38.6655731201, 48.8320503235, 41.6066551208, 30.8707904816, 31.9411411285], [711.440734863, 2.72587203979, -218.507904053, 136.171890259, 139.266555786, 285.110321045, 330.455444336, 154.448654175, 24.0952472687, 48.1631317139, 49.9615859985, 38.8277626038, 22.2559719086], [389.08984375, -39.9267425537, -149.180679321, 44.2588577271, 65.959854126, 104.157806396, 154.448654175, 207.973617554, 104.095756531, 35.4029312134, 32.8767852783, 33.9570388794, 28.9698829651], [21.6575813293, -48.736530304, -22.4790172577, -2.72236657143, 31.7048549652, 38.6655731201, 24.0952472687, 104.095756531, 178.463195801, 73.8217391968, -1.05589485168, -4.11439609528, 29.1912269592], [280.387573242, -62.5548400879, -193.193344116, 18.0633563995, 30.2627944946, 48.8320503235, 48.1631317139, 35.4029312134, 73.8217391968, 144.009887695, 84.4637145996, 21.5334815979, 14.7703971863], [196.479873657, -11.7646360397, -228.417770386, -81.7366333008, 28.0704727173, 41.6066551208, 49.9615859985, 32.8767852783, -1.05589485168, 84.4637145996, 197.283721924, 153.62940979, 53.5181045532], [25.1082077026, 41.7780799866, -106.903190613, -129.056716919, 6.99736118317, 30.8707904816, 38.8277626038, 33.9570388794, -4.11439609528, 21.5334815979, 153.62940979, 215.668579102, 113.297271729], [9.74775886536, 84.5834884644, -21.2121601105, -100.327941895, 4.97352981567, 31.9411411285, 22.2559719086, 28.9698829651, 29.1912269592, 14.7703971863, 53.5181045532, 113.297271729, 154.799682617]],
