{
"lowlevel": {
    "average_loudness": 0.934698343277,
    "barkbands_crest": {
        "dmean": 2.63680624962,
        "dmean2": 4.18835449219,
        "dvar": 8.22503471375,
        "dvar2": 20.2178630829,
        "max": 25.0161685944,
        "mean": 9.20992088318,
        "median": 8.33610153198,
        "min": 2.47106909752,
        "var": 17.8093395233
    },
    "barkbands_flatness_db": {
        "dmean": 0.0182428471744,
        "dmean2": 0.0281104817986,
        "dvar": 0.00047883138177,
        "dvar2": 0.00114898267202,
        "max": 0.308385431767,
        "mean": 0.091981112957,
        "median": 0.0819243937731,
        "min": 0.0249431841075,
        "var": 0.00165876210667
    },
    "barkbands_kurtosis": {
        "dmean": 2.20954799652,
        "dmean2": 3.65268015862,
        "dvar": 38.9936180115,
        "dvar2": 102.3048172,
        "max": 101.688568115,
        "mean": 1.41355931759,
        "median": -0.215457677841,
        "min": -1.87878143787,
        "var": 36.5867004395
    },
    "barkbands_skewness": {
        "dmean": 0.501146495342,
        "dmean2": 0.775765299797,
        "dvar": 0.491653829813,
        "dvar2": 1.1625418663,
        "max": 9.72671508789,
        "mean": 1.10238516331,
        "median": 0.882623612881,
        "min": -2.05488300323,
        "var": 0.972251057625
    },
    "barkbands_spread": {
        "dmean": 6.60085868835,
        "dmean2": 9.92996311188,
        "dvar": 49.2351264954,
        "dvar2": 107.705696106,
        "max": 94.9371337891,
        "mean": 34.3564147949,
        "median": 34.7239685059,
        "min": 2.24308252335,
        "var": 176.251083374
    },
    "dissonance": {
        "dmean": 0.0118663357571,
        "dmean2": 0.0200528502464,
        "dvar": 0.000135319365654,
        "dvar2": 0.000388530548662,
        "max": 0.499985128641,
        "mean": 0.479003101587,
        "median": 0.483397006989,
        "min": 0.355885952711,
        "var": 0.00028580869548
    },
    "dynamic_complexity": 2.76368665695,
    "erbbands_crest": {
        "dmean": 2.4781498909,
        "dmean2": 4.00801467896,
        "dvar": 5.82438993454,
        "dvar2": 14.4318666458,
        "max": 28.48670578,
        "mean": 8.09143543243,
        "median": 6.93740940094,
        "min": 2.61057496071,
        "var": 17.3444480896
    },
    "erbbands_flatness_db": {
        "dmean": 0.0122413905337,
        "dmean2": 0.0187025908381,
        "dvar": 0.000142817050801,
        "dvar2": 0.000324713357259,
        "max": 0.25712454319,
        "mean": 0.128038987517,
        "median": 0.122902989388,
        "min": 0.0670743137598,
        "var": 0.000726017926354
    },
    "erbbands_kurtosis": {
        "dmean": 0.663848519325,
        "dmean2": 1.07193040848,
        "dvar": 0.838463008404,
        "dvar2": 2.09418749809,
        "max": 16.3091602325,
        "mean": 0.10427621752,
        "median": -0.0857586860657,
        "min": -1.71486222744,
        "var": 1.65789008141
    },
    "erbbands_skewness": {
        "dmean": 0.309557527304,
        "dmean2": 0.478287637234,
        "dvar": 0.0886422544718,
        "dvar2": 0.211841613054,
        "max": 3.70505404472,
        "mean": -0.15132600069,
        "median": -0.225781396031,
        "min": -3.13098549843,
        "var": 0.395186781883
    },
    "erbbands_spread": {
        "dmean": 7.53531551361,
        "dmean2": 11.797533989,
        "dvar": 57.157169342,
        "dvar2": 138.871963501,
        "max": 119.066703796,
        "mean": 41.1643257141,
        "median": 39.1090927124,
        "min": 4.21375465393,
        "var": 207.178283691
    },
    "hfc": {
        "dmean": 5.22971820831,
        "dmean2": 8.03049850464,
        "dvar": 34.4222183228,
        "dvar2": 82.4662475586,
        "max": 134.04977417,
        "mean": 28.9950428009,
        "median": 28.2577857971,
        "min": 1.21714386121e-16,
        "var": 315.703857422
    },
    "melbands_crest": {
        "dmean": 2.85320997238,
        "dmean2": 4.49084329605,
        "dvar": 8.28315067291,
        "dvar2": 20.0482959747,
        "max": 30.0342006683,
        "mean": 12.8301849365,
        "median": 12.0285978317,
        "min": 3.16070199013,
        "var": 20.8650588989
    },
    "melbands_flatness_db": {
        "dmean": 0.0243713576347,
        "dmean2": 0.0365595109761,
        "dvar": 0.000819785578642,
        "dvar2": 0.00190115394071,
        "max": 0.412479460239,
        "mean": 0.153348356485,
        "median": 0.141757085919,
        "min": 0.00816511176527,
        "var": 0.00274667423218
    },
    "melbands_kurtosis": {
        "dmean": 6.77006053925,
        "dmean2": 11.0461025238,
        "dvar": 315.043212891,
        "dvar2": 807.078735352,
        "max": 352.432281494,
        "mean": 9.58295726776,
        "median": 4.76175928116,
        "min": -1.32168734074,
        "var": 322.535797119
    },
    "melbands_skewness": {
        "dmean": 0.723305284977,
        "dmean2": 1.12118339539,
        "dvar": 1.03207218647,
        "dvar2": 2.38910651207,
        "max": 15.809009552,
        "mean": 2.44268465042,
        "median": 2.15890431404,
        "min": -0.733350932598,
        "var": 2.18360829353
    },
    "melbands_spread": {
        "dmean": 8.87327098846,
        "dmean2": 13.5632619858,
        "dvar": 81.9475860596,
        "dvar2": 181.186859131,
        "max": 145.346130371,
        "mean": 34.9035301208,
        "median": 34.0975456238,
        "min": 1.25174343586,
        "var": 286.912780762
    },
    "pitch_salience": {
        "dmean": 0.0670943409204,
        "dmean2": 0.108280599117,
        "dvar": 0.00492258090526,
        "dvar2": 0.0127855213359,
        "max": 0.82053989172,
        "mean": 0.549454510212,
        "median": 0.559893190861,
        "min": 0.119648985565,
        "var": 0.00994167197496
    },
    "silence_rate_20dB": {
        "dmean": 0,
        "dmean2": 0,
        "dvar": 0,
        "dvar2": 0,
        "max": 1,
        "mean": 1,
        "median": 1,
        "min": 1,
        "var": 0
    },
    "silence_rate_30dB": {
        "dmean": 0.000773993786424,
        "dmean2": 0.00154858687893,
        "dvar": 0.000773394247517,
        "dvar2": 0.00232047983445,
        "max": 1,
        "mean": 0.999613165855,
        "median": 1,
        "min": 0,
        "var": 0.00038670268259
    },
    "silence_rate_60dB": {
        "dmean": 0.00348297203891,
        "dmean2": 0.006968641188,
        "dvar": 0.00347104528919,
        "dvar2": 0.0069194259122,
        "max": 1,
        "mean": 0.0131528042257,
        "median": 0,
        "min": 0,
        "var": 0.0129788909107
    },
    "spectral_centroid": {
        "dmean": 263.551605225,
        "dmean2": 401.364074707,
        "dvar": 98583.125,
        "dvar2": 191598.453125,
        "max": 11389.4189453,
        "mean": 1848.35498047,
        "median": 1862.09204102,
        "min": 472.231689453,
        "var": 302568
    },
    "spectral_complexity": {
        "dmean": 3.46091341972,
        "dmean2": 5.50174236298,
        "dvar": 9.68671131134,
        "dvar2": 23.3161067963,
        "max": 51,
        "mean": 26.7659568787,
        "median": 29,
        "min": 0,
        "var": 108.310844421
    },
    "spectral_decrease": {
        "dmean": 2.66014255068e-09,
        "dmean2": 4.25578683405e-09,
        "dvar": 2.08592930938e-17,
        "dvar2": 5.17208508459e-17,
        "max": 8.48276024561e-29,
        "mean": -7.22205717452e-09,
        "median": -6.39113073575e-09,
        "min": -3.80988645077e-08,
        "var": 2.99036941833e-17
    },
    "spectral_energy": {
        "dmean": 0.0102868592367,
        "dmean2": 0.0164373051375,
        "dvar": 0.000301411520923,
        "dvar2": 0.000747263489757,
        "max": 0.146429210901,
        "mean": 0.0298876967281,
        "median": 0.0270033981651,
        "min": 1.07196977066e-20,
        "var": 0.000464318378363
    },
    "spectral_energyband_high": {
        "dmean": 0.000386929954402,
        "dmean2": 0.000542831083294,
        "dvar": 2.35247100022e-07,
        "dvar2": 4.48022547062e-07,
        "max": 0.00764599908143,
        "mean": 0.00152114219964,
        "median": 0.00129293953069,
        "min": 7.88892328391e-21,
        "var": 1.36537289563e-06
    },
    "spectral_energyband_low": {
        "dmean": 0.00637897010893,
        "dmean2": 0.0104752434418,
        "dvar": 0.000228515229537,
        "dvar2": 0.000575915619265,
        "max": 0.137311384082,
        "mean": 0.011089370586,
        "median": 0.0070315990597,
        "min": 1.54731608193e-22,
        "var": 0.000225192023208
    },
    "spectral_energyband_middle_high": {
        "dmean": 0.00181373220403,
        "dmean2": 0.00295901298523,
        "dvar": 6.85724580762e-06,
        "dvar2": 1.79568869498e-05,
        "max": 0.0702709853649,
        "mean": 0.00728470738977,
        "median": 0.00616631098092,
        "min": 1.37062868245e-21,
        "var": 3.65421146853e-05
    },
    "spectral_energyband_middle_low": {
        "dmean": 0.00543730985373,
        "dmean2": 0.00863491836935,
        "dvar": 0.000111031666165,
        "dvar2": 0.000271713797702,
        "max": 0.0982831269503,
        "mean": 0.0111109055579,
        "median": 0.00720031186938,
        "min": 2.05234066827e-22,
        "var": 0.000150202846271
    },
    "spectral_entropy": {
        "dmean": 0.10612308234,
        "dmean2": 0.163193225861,
        "dvar": 0.0120469192043,
        "dvar2": 0.0269020665437,
        "max": 9.80699443817,
        "mean": 7.88479185104,
        "median": 7.91919898987,
        "min": 6.79921483994,
        "var": 0.0639788359404
    },
    "spectral_flux": {
        "dmean": 0.0243709981441,
        "dmean2": 0.0381412506104,
        "dvar": 0.0013765207259,
        "dvar2": 0.00275531737134,
        "max": 0.330291420221,
        "mean": 0.0867798477411,
        "median": 0.0776833891869,
        "min": 1.03535971463e-10,
        "var": 0.00272785988636
    },
    "spectral_kurtosis": {
        "dmean": 0.757899701595,
        "dmean2": 1.25769126415,
        "dvar": 0.652346134186,
        "dvar2": 1.76865410805,
        "max": 11.2631425858,
        "mean": 2.98715567589,
        "median": 2.87800693512,
        "min": -1.2015235424,
        "var": 1.85719120502
    },
    "spectral_rms": {
        "dmean": 0.000806140247732,
        "dmean2": 0.00125742692035,
        "dvar": 1.35865207085e-06,
        "dvar2": 3.16728574035e-06,
        "max": 0.0119523126632,
        "mean": 0.00506939087063,
        "median": 0.00513271661475,
        "min": 3.23392050985e-12,
        "var": 3.45998478224e-06
    },
    "spectral_rolloff": {
        "dmean": 540.123046875,
        "dmean2": 863.019348145,
        "dvar": 502390.15625,
        "dvar2": 954591.1875,
        "max": 18820.0195312,
        "mean": 2074.48754883,
        "median": 2196.38671875,
        "min": 86.1328125,
        "var": 1427609.875
    },
    "spectral_skewness": {
        "dmean": 0.12661883235,
        "dmean2": 0.203316912055,
        "dvar": 0.0160308200866,
        "dvar2": 0.0360411554575,
        "max": 2.54477310181,
        "mean": 1.26059401035,
        "median": 1.24842381477,
        "min": -0.0559260323644,
        "var": 0.0775000825524
    },
    "spectral_spread": {
        "dmean": 363934.625,
        "dmean2": 541751.875,
        "dvar": 578408415232,
        "dvar2": 666964000768,
        "max": 40710844,
        "mean": 4848498,
        "median": 4822504,
        "min": 1809819.375,
        "var": 1.1428879401e+12
    },
    "spectral_strongpeak": {
        "dmean": 0.577843844891,
        "dmean2": 1.00630962849,
        "dvar": 1.28628158569,
        "dvar2": 3.50562381744,
        "max": 10.3189735413,
        "mean": 0.89428883791,
        "median": 0.327231168747,
        "min": 0,
        "var": 1.77444434166
    },
    "zerocrossingrate": {
        "dmean": 0.0110003110021,
        "dmean2": 0.0129085453227,
        "dvar": 0.000133033041493,
        "dvar2": 0.000188723643078,
        "max": 0.515625,
        "mean": 0.077957265079,
        "median": 0.0771484375,
        "min": 0.01171875,
        "var": 0.00089030660456
    },
    "barkbands": {
        "dmean": [0.000194064647076, 0.00495269149542, 0.00213258014992, 0.00153269805014, 0.00250614527613, 0.000372179143596, 0.000544041162357, 0.000842113862745, 0.00115977588575, 0.000551834527869, 0.000242987429374, 0.000307603098918, 0.000468302401714, 0.000375640345737, 0.00059867586242, 0.000476277637063, 0.000559904787224, 0.000228125863941, 0.000126087281387, 0.000165016783285, 0.000122693687445, 0.00016733740631, 7.55385408411e-05, 6.30305221421e-05, 3.81843638024e-05, 1.72112959262e-05, 4.61050103695e-06],
        "dmean2": [0.000326546549331, 0.00821681879461, 0.00390004948713, 0.00266676908359, 0.00401816749945, 0.000603856926318, 0.000813898339402, 0.00134954485111, 0.0016369309742, 0.000874815916177, 0.00039459875552, 0.000483180599986, 0.000746293226257, 0.000608085363638, 0.00105008925311, 0.000784290896263, 0.000924611696973, 0.000387588806916, 0.000209006582736, 0.000273290119367, 0.000196257533389, 0.000257471052464, 0.000115205577458, 9.38986268011e-05, 5.55212827749e-05, 2.51351175393e-05, 7.02039915268e-06],
        "dvar": [8.62749516273e-08, 0.000142935852637, 3.3987867937e-05, 1.06733905341e-05, 5.16887303093e-05, 3.07123002585e-07, 1.08374126739e-06, 4.34690673501e-06, 8.46187776915e-06, 1.66507209087e-06, 1.72480767446e-07, 2.99949675764e-07, 7.34436184757e-07, 6.25538177701e-07, 3.82251437259e-06, 3.95864134362e-07, 5.66593087115e-07, 1.30011244437e-07, 2.98611517735e-08, 3.55538816166e-08, 2.28447394335e-08, 5.98594311896e-08, 1.01407309216e-08, 6.963460919e-09, 3.56179974403e-09, 1.6966112959e-09, 1.35881833563e-10],
        "dvar2": [2.35025495954e-07, 0.000369580055121, 9.95242589852e-05, 2.97442293231e-05, 0.000126971703139, 8.15431974388e-07, 1.96185192181e-06, 9.01062230696e-06, 1.66583777172e-05, 3.92789297621e-06, 4.19348708647e-07, 6.64653384774e-07, 1.6404028429e-06, 1.42921282986e-06, 1.12178322524e-05, 1.02742774288e-06, 1.45923775108e-06, 3.57995133982e-07, 7.78082167585e-08, 9.79081278274e-08, 5.6715389718e-08, 1.47794949612e-07, 2.24014939931e-08, 1.51407686388e-08, 6.8278405152e-09, 3.38187455817e-09, 3.0735644585e-10],
        "max": [0.00325765321031, 0.114040933549, 0.0488294810057, 0.027050582692, 0.0703901797533, 0.00844103470445, 0.025463398546, 0.0578301101923, 0.0559497103095, 0.0264725480229, 0.0101670948789, 0.00857054255903, 0.0140313897282, 0.0176878776401, 0.056513287127, 0.010860546492, 0.0127805313095, 0.00434589385986, 0.00294406455941, 0.00293442187831, 0.00302685471252, 0.00483909482136, 0.00153099559247, 0.000911723240279, 0.000774011714384, 0.000595859135501, 0.000182709627552],
        "mean": [0.000221761394641, 0.00711731612682, 0.0028197534848, 0.00204641604796, 0.00335732311942, 0.000766371667851, 0.00117351440713, 0.00116064003669, 0.00218029529788, 0.000917903147638, 0.000393636786612, 0.000518667511642, 0.000838064297568, 0.000635888776742, 0.000986280036159, 0.00105811702088, 0.00116881157737, 0.000455140892882, 0.000318230304401, 0.000414294889197, 0.000326984707499, 0.000459413684439, 0.000225898998906, 0.000164298151503, 0.000106352657895, 4.40328476543e-05, 1.22601149997e-05],
        "median": [9.34002455324e-05, 0.00356973474845, 0.00139217381366, 0.000991462729871, 0.00168014946394, 0.000537094660103, 0.000403090642067, 0.000335697084665, 0.000546877970919, 0.000326903129462, 0.000209999576327, 0.000249399745371, 0.000398609292461, 0.000282048655208, 0.000458156020613, 0.000717028335202, 0.000850621901918, 0.000319722050335, 0.000251165067311, 0.00034855605918, 0.000263876921963, 0.000313295342494, 0.00017093581846, 0.000117511241115, 7.63388743508e-05, 2.37147687585e-05, 3.74805722458e-06],
        "min": [5.86455226595e-23, 4.45259726851e-23, 7.53598570322e-23, 1.75746187443e-23, 1.4634384267e-23, 3.87460929622e-23, 2.83546144289e-23, 2.44888962261e-23, 6.70731193475e-23, 3.70412730381e-23, 1.2052473132e-22, 6.44948442302e-23, 1.07340240265e-22, 3.90170919267e-23, 1.09290657832e-22, 2.53556505193e-22, 1.66531086691e-22, 1.47041779467e-22, 2.27593767516e-22, 2.31043879084e-22, 3.94691874804e-22, 7.21136401336e-22, 8.44198046218e-22, 7.95790461361e-22, 9.13018978409e-22, 1.5592059702e-21, 2.75021296828e-21],
        "var": [1.13249917888e-07, 0.00013354922703, 2.36622981902e-05, 1.00277693491e-05, 4.87227043777e-05, 6.27871088454e-07, 6.24674385108e-06, 1.0046065654e-05, 2.79188279819e-05, 4.38704637418e-06, 3.16338685025e-07, 6.73907379678e-07, 1.77220999831e-06, 1.31782621793e-06, 4.82099812871e-06, 1.26083148189e-06, 1.4654098095e-06, 2.29596210488e-07, 9.21883156479e-08, 1.01968687716e-07, 8.08520539408e-08, 2.13875551935e-07, 4.14178558117e-08, 2.43498270436e-08, 1.2298703389e-08, 4.35379021724e-09, 3.25246940491e-10]
    },
    "erbbands": {
        "dmean": [0.128083705902, 1.19822204113, 2.43152761459, 3.58811068535, 10.7788772583, 5.70440196991, 2.75522089005, 3.15481328964, 6.6484746933, 11.449054718, 19.9735412598, 24.2780323029, 24.6055088043, 12.9500637054, 8.80574226379, 14.0639257431, 19.7536411285, 22.6927719116, 22.1194591522, 28.6416854858, 30.0392990112, 22.8593387604, 15.9806241989, 5.88956928253, 7.37945747375, 8.43062019348, 5.03586769104, 5.13064718246, 6.5387301445, 4.08247041702, 1.88551604748, 1.33160245419, 1.1027110815, 0.530642807484, 0.227395713329, 0.0911588966846, 0.0309329107404, 0.0063214097172, 0.00081150396727, 4.32775668742e-05],
        "dmean2": [0.212290599942, 2.02539539337, 4.41569375992, 6.3472442627, 17.3269672394, 9.76028347015, 4.48476839066, 5.17498254776, 10.105550766, 18.353515625, 30.3057670593, 33.7145271301, 37.8208427429, 20.2146015167, 14.5245351791, 22.0380744934, 31.715139389, 35.4615516663, 38.2418289185, 48.8579940796, 49.5600547791, 37.5223808289, 26.907365799, 9.80390167236, 12.1796998978, 13.9762086868, 8.1115398407, 8.11632442474, 10.1308917999, 6.1488866806, 2.88415694237, 2.03901600838, 1.64348328114, 0.772576868534, 0.334906578064, 0.134352639318, 0.0458313636482, 0.00946443621069, 0.00125037203543, 6.58764984109e-05],
        "dvar": [0.0796008557081, 9.2955904007, 46.9019699097, 64.9135742188, 973.274169922, 237.397689819, 19.6718902588, 25.5905399323, 168.889190674, 580.08190918, 2743.93164062, 3570.25805664, 4646.25634766, 1204.87451172, 183.14704895, 596.71472168, 1076.79577637, 2608.16821289, 10269.875, 4683.07910156, 1555.23156738, 1010.46325684, 556.480773926, 52.9492988586, 111.298110962, 100.632629395, 42.8016014099, 44.3062705994, 92.220664978, 30.3831787109, 6.6064248085, 3.1055586338, 2.48043465614, 0.624381244183, 0.145385220647, 0.0391242541373, 0.00613361923024, 0.0002438241645, 4.35428546552e-06, 8.39770564198e-09],
        "dvar2": [0.205195516348, 24.5706672668, 135.274917603, 186.200149536, 2370.0234375, 645.686950684, 55.3382530212, 67.3850631714, 327.176696777, 1289.12695312, 5269.92089844, 6832.21582031, 10618.2734375, 2532.39599609, 477.260253906, 1342.77502441, 2640.30712891, 5597.73388672, 30238.2324219, 13673.0039062, 4077.32202148, 2473.94995117, 1555.30273438, 140.027130127, 289.907806396, 273.453887939, 115.765388489, 104.907676697, 227.61277771, 70.8935699463, 14.6920461655, 7.02744054794, 5.31552743912, 1.21988236904, 0.28696963191, 0.0767053663731, 0.0131907742471, 0.000519645574968, 1.00105980891e-05, 1.94744806947e-08],
        "max": [2.79231786728, 28.968711853, 58.2917747498, 76.5705795288, 313.986328125, 213.217346191, 47.6627120972, 74.413444519, 393.746063232, 647.079711914, 1577.76049805, 1495.97021484, 1512.07043457, 1023.45324707, 231.798248291, 350.135498047, 664.270751953, 1205.82348633, 3287.23632812, 1809.2791748, 728.071960449, 662.963989258, 307.076660156, 172.970855713, 217.846710205, 156.5234375, 149.28062439, 136.443283081, 182.27734375, 85.2894210815, 36.02161026, 27.5097579956, 19.6639385223, 11.9880218506, 4.86262893677, 2.91712760925, 1.15430343151, 0.179757282138, 0.0338172651827, 0.00175827706698],
        "mean": [0.175264537334, 1.6964622736, 3.16856002808, 5.70606040955, 12.7916755676, 8.10990715027, 5.35385274887, 6.27504301071, 14.3602676392, 19.3886203766, 32.6558074951, 48.8578262329, 39.8911819458, 23.0457267761, 17.0907649994, 25.8319187164, 37.0663490295, 40.5346679688, 35.6911201477, 57.6083068848, 67.3126754761, 54.1216926575, 34.8157157898, 16.1378726959, 18.7130908966, 20.8915882111, 13.3392572403, 13.7077445984, 17.0534420013, 11.4680814743, 5.78529405594, 3.6050157547, 2.65922212601, 1.37764763832, 0.63773816824, 0.238953456283, 0.0730077251792, 0.0154226021841, 0.00207912316546, 0.000147642422235],
        "median": [0.0694811567664, 0.888118207455, 1.70528817177, 3.51261353493, 4.76661157608, 4.74457359314, 3.7278676033, 4.06085300446, 5.70354795456, 6.79605960846, 9.62670326233, 13.0743970871, 13.3376817703, 9.42474746704, 11.2221078873, 13.4060163498, 19.3558521271, 16.7607898712, 18.4333343506, 31.236618042, 49.2332496643, 40.9078559875, 24.4782428741, 14.003121376, 14.6227846146, 17.434841156, 10.7722234726, 10.5314884186, 11.3865613937, 8.56729412079, 4.354845047, 2.52978372574, 1.81864118576, 0.947865664959, 0.47483292222, 0.13917131722, 0.0374791584909, 0.00703718932346, 0.000705767888576, 9.45388819673e-05],
        "min": [1.42944544473e-21, 1.10003074203e-20, 7.71410027703e-20, 6.63694180596e-20, 6.16916923085e-20, 5.20240770605e-20, 1.32658082612e-19, 3.55309667707e-19, 4.6424043634e-19, 5.17354478953e-19, 6.30349780471e-19, 1.64059818048e-18, 1.14077522593e-18, 1.98846361042e-18, 5.22244822434e-18, 3.80399518762e-18, 4.36320981355e-18, 2.32878598035e-18, 2.75057447368e-18, 7.72377332711e-18, 1.61756144858e-17, 1.08273905542e-17, 8.0541864869e-18, 1.24004680492e-17, 9.45523274839e-18, 1.24704541465e-17, 1.76146423995e-17, 1.66175489629e-17, 2.63166866683e-17, 2.31860098818e-17, 2.10578793065e-17, 1.62872342376e-17, 1.29824351051e-17, 8.15200638459e-18, 8.31046441146e-18, 5.2431554502e-18, 2.61747366849e-18, 1.54053434858e-18, 4.34188654493e-19, 3.77509043386e-20],
        "var": [0.0847577378154, 7.89927911758, 30.7936191559, 55.2180366516, 952.197875977, 184.38684082, 27.057767868, 49.7073059082, 901.956359863, 2163.12207031, 7351.296875, 14905.3095703, 9347.57128906, 3413.34033203, 363.625, 1436.99291992, 2555.79760742, 6085.67333984, 9606.16113281, 10842.125, 4434.45361328, 3036.64404297, 1228.73352051, 168.630386353, 324.41293335, 273.628326416, 134.663833618, 166.130264282, 313.561218262, 115.801139832, 27.6236972809, 11.9460344315, 7.54621696472, 2.22988986969, 0.441142886877, 0.106540828943, 0.0135819008574, 0.000578876002692, 9.64497576206e-06, 2.61978687632e-08]
    },
    "gfcc": {
        "mean": [40.638759613, 71.4863815308, -117.387527466, 45.3857574463, -50.3161697388, 18.0146656036, -33.8686676025, 10.8568916321, -16.6529998779, 1.49085390568, -21.0665683746, -0.208242624998, -9.75122833252],
        "cov": [[4671.20117188, -980.584777832, -0.000895754084922, -384.78817749, 106.662963867, 353.042236328, -101.742698669, -21.6249389648, 113.041702271, -40.9332504272, -306.19229126, -58.8084182739, -296.19152832], [-980.584777832, 649.033569336, -57.02394104, 102.397239685, -31.5045986176, -132.293411255, 75.8343887329, -19.7724685669, 3.92398262024, 3.83938336372, 107.237915039, -1.15694892406, 78.3596801758], [-0.000895754084922, -57.02394104, 241.436416626, 14.3115749359, 103.184715271, -13.8486642838, -3.35882735252, 33.7227134705, -26.3291835785, 13.5315570831, -16.7244777679, 13.9728317261, 0.178619593382], [-384.78817749, 102.397239685, 14.3115749359, 298.428070068, -69.0204391479, -22.4421882629, -51.0902137756, 6.75703477859, -66.3380203247, -19.3170070648, 62.8009338379, -0.884183347225, 44.2170524597], [106.662963867, -31.5045986176, 103.184715271, -69.0204391479, 283.543945312, -10.006649971, 61.1311149597, 22.5183200836, 3.25090503693, 15.5901041031, -14.2560968399, 31.5550346375, 2.40531301498], [353.042236328, -132.293411255, -13.8486642838, -22.4421882629, -10.006649971, 145.70513916, 19.4473552704, 17.0264072418, 29.0114822388, 0.140737488866, -28.8866996765, -7.12707567215, -18.1681022644], [-101.742698669, 75.8343887329, -3.35882735252, -51.0902137756, 61.1311149597, 19.4473552704, 126.489692688, 23.7754821777, 23.820848465, 1.26730704308, -1.4699267149, 6.68250131607, 13.8043022156], [-21.6249389648, -19.7724685669, 33.7227134705, 6.75703477859, 22.5183200836, 17.0264072418, 23.7754821777, 83.3597564697, 13.9418010712, 8.8313703537, -9.66941738129, -2.48030376434, 11.6579284668], [113.041702271, 3.92398262024, -26.3291835785, -66.3380203247, 3.25090503693, 29.0114822388, 23.820848465, 13.9418010712, 102.577545166, 29.9089355469, -10.8801794052, -6.93906784058, -9.41590595245], [-40.9332504272, 3.83938336372, 13.5315570831, -19.3170070648, 15.5901041031, 0.140737488866, 1.26730704308, 8.8313703537, 29.9089355469, 67.9272613525, 28.0003528595, 8.03211593628, -2.75394225121], [-306.19229126, 107.237915039, -16.7244777679, 62.8009338379, -14.2560968399, -28.8866996765, -1.4699267149, -9.66941738129, -10.8801794052, 28.0003528595, 94.2800674438, 30.7629032135, 16.1533184052], [-58.8084182739, -1.15694892406, 13.9728317261, -0.884183347225, 31.5550346375, -7.12707567215, 6.68250131607, -2.48030376434, -6.93906784058, 8.03211593628, 30.7629032135, 60.6356658936, 24.3779354095], [-296.19152832, 78.3596801758, 0.178619593382, 44.2170524597, 2.40531301498, -18.1681022644, 13.8043022156, 11.6579284668, -9.41590595245, -2.75394225121, 16.1533184052, 24.3779354095, 74.7841033936]],
        "icov": [[0.000476311310194, 0.00020296072762, 0.000176831163117, 2.66330116574e-05, -0.000210046622669, -0.000633833231404, 0.000393660535337, 0.00010750353249, -0.000218388333451, 7.35214343877e-05, 0.00106838229112, -0.000718143943232, 0.00139954232145], [0.00020296072762, 0.00362611166202, 5.45318980585e-05, -0.000403115962399, 0.000177198759047, 0.00243909982964, -0.00251988251694, 0.00123420741875, -0.001661092625, 0.00136261014268, -0.00354691548273, 0.00312799192034, -0.00231030373834], [0.000176831163117, 5.45318980585e-05, 0.00609053438529, -0.00104231573641, -0.00201831315644, 0.000432640197687, 0.000789144425653, -0.00204862840474, 0.00182701309677, -0.00252752425149, 0.00327751575969, -0.00212189392187, 0.00170937518124], [2.66330116574e-05, -0.000403115962399, -0.00104231573641, 0.00656637782231, 0.000529445358552, -0.00155669113155, 0.00280694360845, -0.00157856056467, 0.0024460919667, 0.00282866414636, -0.00569822825491, 0.00376691226847, -0.00360432243906], [-0.000210046622669, 0.000177198759047, -0.00201831315644, 0.000529445358552, 0.00549590308219, 0.00127074832562, -0.00287752202712, -0.000115946022561, 0.000387173582567, -0.000946562038735, 0.00064050097717, -0.00226932670921, -2.93321409117e-05], [-0.000633833231404, 0.00243909982964, 0.000432640197687, -0.00155669113155, 0.00127074832562, 0.0114687029272, -0.00431494554505, -0.000556315470021, -0.00259424513206, 1.55923808052e-05, -0.000539686647244, 0.000824348477181, -0.00099636381492], [0.000393660535337, -0.00251988251694, 0.000789144425653, 0.00280694360845, -0.00287752202712, -0.00431494554505, 0.0136986747384, -0.00343237887137, -0.000380809011403, 0.00207654759288, 0.000145256475662, -0.000797333952505, -0.000154242108692], [0.00010750353249, 0.00123420741875, -0.00204862840474, -0.00157856056467, -0.000115946022561, -0.000556315470021, -0.00343237887137, 0.015621506609, -0.00239153089933, -0.00176251668017, 0.00103639159352, 0.00231192796491, -0.00320575945079], [-0.000218388333451, -0.001661092625, 0.00182701309677, 0.0024460919667, 0.000387173582567, -0.00259424513206, -0.000380809011403, -0.00239153089933, 0.0157987214625, -0.00762035278603, 0.00291355606169, 2.95686641039e-05, 0.000294912344543], [7.35214343877e-05, 0.00136261014268, -0.00252752425149, 0.00282866414636, -0.000946562038735, 1.55923808052e-05, 0.00207654759288, -0.00176251668017, -0.00762035278603, 0.0246742796153, -0.0132174724713, 0.00403835764155, -0.00138960941695], [0.00106838229112, -0.00354691548273, 0.00327751575969, -0.00569822825491, 0.00064050097717, -0.000539686647244, 0.000145256475662, 0.00103639159352, 0.00291355606169, -0.0132174724713, 0.0309023410082, -0.0178517941386, 0.00999369472265], [-0.000718143943232, 0.00312799192034, -0.00212189392187, 0.00376691226847, -0.00226932670921, 0.000824348477181, -0.000797333952505, 0.00231192796491, 2.95686641039e-05, 0.00403835764155, -0.0178517941386, 0.0323422849178, -0.0148184206337], [0.00139954232145, -0.00231030373834, 0.00170937518124, -0.00360432243906, -2.93321409117e-05, -0.00099636381492, -0.000154242108692, -0.00320575945079, 0.000294912344543, -0.00138960941695, 0.00999369472265, -0.0148184206337, 0.0264075621963]]
    },
    "melbands": {
        "dmean": [0.00127404055092, 0.00133612600621, 0.000847841671202, 0.000636854965705, 0.000106322622742, 7.27445949451e-05, 0.000104917475255, 0.00013378605945, 0.000170288665686, 0.000155704212375, 0.000122136028949, 5.40485743841e-05, 3.49016372638e-05, 3.34688738803e-05, 4.1525971028e-05, 4.32864653703e-05, 4.33548921137e-05, 3.39357720804e-05, 3.88017833757e-05, 3.48451685568e-05, 4.021449422e-05, 2.44340499194e-05, 3.01021209452e-05, 1.03529364424e-05, 4.7916719268e-06, 6.10659935774e-06, 6.2919048105e-06, 5.81569156566e-06, 3.68857649846e-06, 2.97228257296e-06, 3.46623232872e-06, 4.01536726713e-06, 3.78346339858e-06, 2.07608536584e-06, 1.28132808186e-06, 9.47880778313e-07, 8.67072571964e-07, 8.69828227223e-07, 7.15875501101e-07, 4.02339537686e-07],
        "dmean2": [0.00210480368696, 0.00234921765514, 0.00145034899469, 0.00103603000753, 0.000179420647328, 0.000119112264656, 0.000157970207511, 0.000219591660425, 0.000250642275205, 0.000220175817958, 0.00018804956926, 8.42834560899e-05, 5.70896190766e-05, 5.29595345142e-05, 6.5831169195e-05, 6.8491208367e-05, 6.80039738654e-05, 5.81145686738e-05, 6.71512971167e-05, 5.79281295359e-05, 6.64907129249e-05, 4.06343133363e-05, 5.11936559633e-05, 1.7435699192e-05, 8.00808174972e-06, 1.00293591458e-05, 1.06681200123e-05, 9.70200835582e-06, 6.09225207882e-06, 4.82557561554e-06, 5.5961399994e-06, 6.2946755861e-06, 5.96760855842e-06, 3.17719673149e-06, 2.01874740924e-06, 1.46841603055e-06, 1.36863002353e-06, 1.34928995976e-06, 1.06169829905e-06, 6.13890392742e-07],
        "dvar": [8.72069449542e-06, 1.29300642584e-05, 3.44193836099e-06, 3.41305258189e-06, 4.03971540663e-08, 1.34896813719e-08, 3.98433535054e-08, 7.64466321357e-08, 1.71501241653e-07, 1.44747716035e-07, 1.14095719539e-07, 2.3137335603e-08, 3.18035442426e-09, 3.26017146612e-09, 5.17306730785e-09, 7.34573513128e-09, 8.92242457695e-09, 2.12352819773e-08, 1.15126432831e-08, 3.6592773256e-09, 2.71530997686e-09, 9.59293533498e-10, 2.20571005904e-09, 2.90889839993e-10, 3.71622281559e-11, 9.1655308343e-11, 6.11624986768e-11, 4.65113468573e-11, 3.09045879165e-11, 1.53773885986e-11, 2.05874917808e-11, 3.73456300606e-11, 2.8149173964e-11, 7.36901598769e-12, 3.05462989972e-12, 1.67467602286e-12, 1.34676221997e-12, 1.58003091947e-12, 1.24672125922e-12, 3.69008968347e-13],
        "dvar2": [2.21801619773e-05, 3.55752745236e-05, 9.14121119422e-06, 8.55012785905e-06, 1.16962290519e-07, 3.50283002604e-08, 7.61749703315e-08, 1.84900528666e-07, 3.30396829895e-07, 2.85687349333e-07, 2.60568214117e-07, 4.85415831974e-08, 8.09512634703e-09, 7.64092256134e-09, 1.18073044675e-08, 1.57120787492e-08, 1.93694944528e-08, 6.20558182618e-08, 3.35950751662e-08, 9.99192106832e-09, 7.20862614045e-09, 2.42426878572e-09, 5.8964224614e-09, 8.05969790907e-10, 9.9264693687e-11, 2.37235231459e-10, 1.67983252308e-10, 1.25638915938e-10, 8.97610943906e-11, 3.83659388981e-11, 4.91316883011e-11, 9.59755261376e-11, 7.08910777303e-11, 1.70392779747e-11, 7.32626632971e-12, 3.85525812663e-12, 3.25655865122e-12, 3.71162866067e-12, 2.56636096922e-12, 7.56162981622e-13],
        "max": [0.0273362100124, 0.0322187207639, 0.0149003220722, 0.0181049145758, 0.00258164224215, 0.00192312139552, 0.00594903388992, 0.00595183670521, 0.0117362551391, 0.00801652017981, 0.00738454889506, 0.00449073128402, 0.000937088800129, 0.000836790481117, 0.00142046320252, 0.00158662162721, 0.00209302082658, 0.00466059707105, 0.00257007079199, 0.00162731565069, 0.000862133572809, 0.000544262875337, 0.000683719292283, 0.000243355461862, 0.000153877757839, 0.00017234266852, 0.00012050656369, 0.0001120831148, 0.000128449086333, 9.29946909309e-05, 8.88203067007e-05, 0.000132711415063, 6.28716152278e-05, 3.433170059e-05, 2.589820906e-05, 1.48115013872e-05, 2.11290662264e-05, 1.61274365382e-05, 1.8185688532e-05, 9.39056371863e-06],
        "mean": [0.00185592588969, 0.00194693123922, 0.00121878983919, 0.00081544870045, 0.000200306923944, 0.000144779245602, 0.000228886885452, 0.000208327634027, 0.000294935744023, 0.000300119660096, 0.000191832747078, 9.10899179871e-05, 5.87835056649e-05, 5.76448401262e-05, 7.68547615735e-05, 7.87782773841e-05, 7.3373579653e-05, 4.99634043081e-05, 6.89760709065e-05, 7.38937160349e-05, 8.20764325908e-05, 5.3952280723e-05, 5.39143620699e-05, 2.04145671887e-05, 1.13481064545e-05, 1.3677633433e-05, 1.42795006468e-05, 1.32327668325e-05, 8.44361147756e-06, 7.14038333172e-06, 8.16729243525e-06, 9.63472848525e-06, 8.95533139555e-06, 5.42958196093e-06, 3.49153924617e-06, 2.41949192059e-06, 2.08697474591e-06, 1.90352534446e-06, 1.59476564932e-06, 1.01427394839e-06],
        "median": [0.000891301664524, 0.00116225006059, 0.00066086469451, 0.000380022887839, 0.000146347389091, 9.37134900596e-05, 8.91624367796e-05, 7.29801759007e-05, 7.95215455582e-05, 7.76685992605e-05, 5.89634728385e-05, 3.30593975377e-05, 3.29976646753e-05, 3.04838085867e-05, 3.89814886148e-05, 3.81278732675e-05, 2.78296811302e-05, 2.38585253101e-05, 3.39142025041e-05, 4.38904571638e-05, 5.91884891037e-05, 4.15733156842e-05, 3.10297327815e-05, 1.46169977597e-05, 9.38066932576e-06, 9.62331068877e-06, 1.15178145279e-05, 1.08545345938e-05, 6.3040229179e-06, 5.44603153685e-06, 5.93929144088e-06, 6.21751405561e-06, 6.03556873102e-06, 3.94246217184e-06, 2.57402507486e-06, 1.65882590863e-06, 1.43754346027e-06, 1.28530257371e-06, 1.01503280803e-06, 7.09748064764e-07],
        "min": [1.56609210743e-23, 3.18160351068e-23, 1.28775113561e-23, 3.69780048158e-24, 3.70921529888e-24, 8.28807085967e-24, 6.59813634648e-24, 5.69961312581e-24, 6.58088356405e-24, 9.92103028842e-24, 5.31021836679e-24, 6.68595037029e-24, 1.60116943867e-23, 8.47220519445e-24, 1.54005196672e-23, 6.06509553864e-24, 3.88743199357e-24, 3.22103306642e-24, 9.61078549389e-24, 1.26202559263e-23, 1.83264063424e-23, 9.92729305515e-24, 8.46572785756e-24, 7.15535574106e-24, 1.07363977089e-23, 7.41764962546e-24, 6.96029568275e-24, 8.20479318049e-24, 1.29038924425e-23, 7.48332939557e-24, 1.05334608745e-23, 1.6545660134e-23, 1.05533094037e-23, 1.51913516205e-23, 1.26975753391e-23, 1.05891173779e-23, 1.03282678978e-23, 9.40278101699e-24, 8.02208116193e-24, 6.1785077044e-24],
        "var": [8.80336301634e-06, 9.53975177254e-06, 3.29055546899e-06, 3.10650989377e-06, 4.04645454921e-08, 2.85272303557e-08, 2.18224286641e-07, 2.08445214867e-07, 5.08889456796e-07, 5.2014161156e-07, 2.31695565844e-07, 6.51286100606e-08, 5.8682587678e-09, 7.04483049674e-09, 1.24843904103e-08, 1.80365393732e-08, 2.03874730431e-08, 2.07378203498e-08, 1.84284552063e-08, 1.03886730329e-08, 6.76013112155e-09, 2.75534106642e-09, 4.36131841752e-09, 5.54641998995e-10, 9.66340757413e-11, 2.51696191667e-10, 1.47022810593e-10, 1.15622567076e-10, 7.50586814924e-11, 4.36220295996e-11, 6.93768861804e-11, 1.13613424224e-10, 8.39547251164e-11, 2.65402613081e-11, 1.07935049787e-11, 5.54771723352e-12, 4.56585160305e-12, 4.05786038452e-12, 3.59117119722e-12, 1.24363605351e-12]
    },
    "mfcc": {
        "mean": [-599.573913574, 98.4345932007, -3.02839541435, 30.1236248016, 8.61435604095, 11.9497823715, -3.27464818954, 8.81839561462, 7.84794187546, 2.55515527725, 0.502547800541, 1.90654826164, 1.7926388979],
        "cov": [[3606.44970703, -695.271362305, -95.5310058594, -546.351196289, 126.774162292, 175.871963501, -137.660842896, 76.8276977539, 146.058685303, -21.1166343689, 119.681541443, 35.3079338074, -138.129882812], [-695.271362305, 565.215881348, -79.3965606689, 116.588890076, -50.6454124451, -17.219039917, 33.2075462341, -6.44441890717, 1.12280893326, 16.0725307465, -4.01202392578, 26.3873119354, 52.1380233765], [-95.5310058594, -79.3965606689, 190.030456543, 53.6554641724, -0.972875356674, -20.8551254272, -3.69959545135, -11.1924533844, -20.478055954, -6.50120401382, -4.48035049438, -15.5758457184, -3.01194810867], [-546.351196289, 116.588890076, 53.6554641724, 268.229003906, 33.1156425476, -51.4587783813, 59.3956451416, -22.2682094574, -46.7714385986, -22.785982132, -51.5845718384, -11.7036437988, 42.6951789856], [126.774162292, -50.6454124451, -0.972875356674, 33.1156425476, 156.446395874, 1.86900043488, 32.3475494385, -4.90958738327, 27.288898468, -20.9456748962, -11.5066699982, 16.4680633545, 21.6927204132], [175.871963501, -17.219039917, -20.8551254272, -51.4587783813, 1.86900043488, 96.0626754761, 2.96681809425, 20.3675994873, 12.9183893204, 8.43824958801, 20.5859928131, 0.280517548323, -5.66987657547], [-137.660842896, 33.2075462341, -3.69959545135, 59.3956451416, 32.3475494385, 2.96681809425, 111.405296326, 24.1904888153, 4.72547721863, -5.44817018509, -20.4347343445, -3.39090538025, 22.9682846069], [76.8276977539, -6.44441890717, -11.1924533844, -22.2682094574, -4.90958738327, 20.3675994873, 24.1904888153, 75.0488357544, 33.5915985107, 7.77385473251, 3.63795900345, -1.52506744862, -8.06051540375], [146.058685303, 1.12280893326, -20.478055954, -46.7714385986, 27.288898468, 12.9183893204, 4.72547721863, 33.5915985107, 106.869827271, 32.0087432861, 8.58910560608, -7.77684545517, -2.2320394516], [-21.1166343689, 16.0725307465, -6.50120401382, -22.785982132, -20.9456748962, 8.43824958801, -5.44817018509, 7.77385473251, 32.0087432861, 75.8508834839, 24.6783008575, -6.3578453064, -9.52783203125], [119.681541443, -4.01202392578, -4.48035049438, -51.5845718384, -11.5066699982, 20.5859928131, -20.4347343445, 3.63795900345, 8.58910560608, 24.6783008575, 72.2613525391, 28.6437034607, -7.21379518509], [35.3079338074, 26.3873119354, -15.5758457184, -11.7036437988, 16.4680633545, 0.280517548323, -3.39090538025, -1.52506744862, -7.77684545517, -6.3578453064, 28.6437034607, 70.9495544434, 23.7745189667], [-138.129882812, 52.1380233765, -3.01194810867, 42.6951789856, 21.6927204132, -5.66987657547, 22.9682846069, -8.06051540375, -2.2320394516, -9.52783203125, -7.21379518509, 23.7745189667, 71.856918335]],
