{
"lowlevel": {
    "average_loudness": 0.434640645981,
    "barkbands_crest": {
        "dmean": 1.68814742565,
        "dmean2": 2.77862286568,
        "dvar": 3.67284011841,
        "dvar2": 10.8682661057,
        "max": 26.8244075775,
        "mean": 15.9973554611,
        "median": 16.0935707092,
        "min": 4.09507465363,
        "var": 28.3790473938
    },
    "barkbands_flatness_db": {
        "dmean": 0.0125724151731,
        "dmean2": 0.0206725969911,
        "dvar": 0.000181718976819,
        "dvar2": 0.000521265727002,
        "max": 0.594862818718,
        "mean": 0.209765344858,
        "median": 0.175617441535,
        "min": 0.0712335184216,
        "var": 0.0119735421613
    },
    "barkbands_kurtosis": {
        "dmean": 33.6889533997,
        "dmean2": 54.7408828735,
        "dvar": 23558.0917969,
        "dvar2": 66576.734375,
        "max": 4591.51269531,
        "mean": 120.508338928,
        "median": 9.95116901398,
        "min": -1.52120697498,
        "var": 208597.609375
    },
    "barkbands_skewness": {
        "dmean": 0.744164288044,
        "dmean2": 1.21286869049,
        "dvar": 2.205534935,
        "dvar2": 6.22231340408,
        "max": 52.5744361877,
        "mean": 5.05440425873,
        "median": 2.89125561714,
        "min": -1.69283568859,
        "var": 47.2440299988
    },
    "barkbands_spread": {
        "dmean": 1.88955760002,
        "dmean2": 3.20430994034,
        "dvar": 4.87322807312,
        "dvar2": 13.771191597,
        "max": 38.0923118591,
        "mean": 10.5662279129,
        "median": 9.91469192505,
        "min": 0.0282506551594,
        "var": 49.4874916077
    },
    "dissonance": {
        "dmean": 0.0203662458807,
        "dmean2": 0.0344344861805,
        "dvar": 0.000325337838149,
        "dvar2": 0.000918643956538,
        "max": 0.500000059605,
        "mean": 0.45842218399,
        "median": 0.461031019688,
        "min": 0.196181759238,
        "var": 0.000631345319562
    },
    "dynamic_complexity": 6.89278888702,
    "erbbands_crest": {
        "dmean": 2.52176427841,
        "dmean2": 4.28176784515,
        "dvar": 6.08475208282,
        "dvar2": 17.3915481567,
        "max": 27.3806266785,
        "mean": 10.408826828,
        "median": 9.01405334473,
        "min": 2.98879575729,
        "var": 25.8657302856
    },
    "erbbands_flatness_db": {
        "dmean": 0.0107485530898,
        "dmean2": 0.0175436902791,
        "dvar": 0.000123472709674,
        "dvar2": 0.000280308537185,
        "max": 0.468001186848,
        "mean": 0.141363069415,
        "median": 0.128473341465,
        "min": 0.0856862589717,
        "var": 0.00204725866206
    },
    "erbbands_kurtosis": {
        "dmean": 0.972437500954,
        "dmean2": 1.58647584915,
        "dvar": 3.87728142738,
        "dvar2": 9.61859321594,
        "max": 63.8587112427,
        "mean": 1.34114289284,
        "median": -0.413781166077,
        "min": -1.62811851501,
        "var": 46.5884742737
    },
    "erbbands_skewness": {
        "dmean": 0.339886665344,
        "dmean2": 0.553945839405,
        "dvar": 0.085019826889,
        "dvar2": 0.230937555432,
        "max": 7.35573244095,
        "mean": 0.752926588058,
        "median": 0.512231051922,
        "min": -1.68760871887,
        "var": 1.31522583961
    },
    "erbbands_spread": {
        "dmean": 5.61679840088,
        "dmean2": 9.20364952087,
        "dvar": 24.2679080963,
        "dvar2": 65.3976898193,
        "max": 87.5699996948,
        "mean": 41.4759216309,
        "median": 42.0033721924,
        "min": 4.75440168381,
        "var": 145.359085083
    },
    "hfc": {
        "dmean": 2.08171963692,
        "dmean2": 3.49357008934,
        "dvar": 9.00944423676,
        "dvar2": 25.252286911,
        "max": 57.9139595032,
        "mean": 14.3503961563,
        "median": 5.40634250641,
        "min": 1.1664930115e-16,
        "var": 224.540039062
    },
    "melbands_crest": {
        "dmean": 1.78545951843,
        "dmean2": 2.93525886536,
        "dvar": 3.95568084717,
        "dvar2": 11.8441295624,
        "max": 32.4519004822,
        "mean": 20.0375499725,
        "median": 19.895816803,
        "min": 3.78118729591,
        "var": 35.9470062256
    },
    "melbands_flatness_db": {
        "dmean": 0.0138913085684,
        "dmean2": 0.0228056106716,
        "dvar": 0.000238446256844,
        "dvar2": 0.000646079017315,
        "max": 0.738996565342,
        "mean": 0.319414556026,
        "median": 0.282703667879,
        "min": 0.0111448131502,
        "var": 0.0151072824374
    },
    "melbands_kurtosis": {
        "dmean": 11.2374038696,
        "dmean2": 18.0925865173,
        "dvar": 316.284545898,
        "dvar2": 868.621765137,
        "max": 400.800292969,
        "mean": 45.7747306824,
        "median": 24.0438022614,
        "min": -1.77049362659,
        "var": 2723.1328125
    },
    "melbands_skewness": {
        "dmean": 0.686633586884,
        "dmean2": 1.10583126545,
        "dvar": 0.442968517542,
        "dvar2": 1.20156943798,
        "max": 12.5541915894,
        "mean": 4.47745800018,
        "median": 4.00227212906,
        "min": -0.586389780045,
        "var": 4.27922677994
    },
    "melbands_spread": {
        "dmean": 1.68605268002,
        "dmean2": 2.83893179893,
        "dvar": 10.6236228943,
        "dvar2": 18.796421051,
        "max": 141.036346436,
        "mean": 8.63672065735,
        "median": 7.8782377243,
        "min": 0.209108486772,
        "var": 47.9851341248
    },
    "pitch_salience": {
        "dmean": 0.0442562997341,
        "dmean2": 0.0727061629295,
        "dvar": 0.00202744058333,
        "dvar2": 0.00596383074299,
        "max": 0.801738262177,
        "mean": 0.377710878849,
        "median": 0.390693217516,
        "min": 0.0248732250184,
        "var": 0.0190220735967
    },
    "silence_rate_20dB": {
        "dmean": 0,
        "dmean2": 0,
        "dvar": 0,
        "dvar2": 0,
        "max": 1,
        "mean": 1,
        "median": 1,
        "min": 1,
        "var": 0
    },
    "silence_rate_30dB": {
        "dmean": 0.0371517017484,
        "dmean2": 0.0743321701884,
        "dvar": 0.0357716940343,
        "dvar2": 0.0858406871557,
        "max": 1,
        "mean": 0.830560922623,
        "median": 1,
        "min": 0,
        "var": 0.140730381012
    },
    "silence_rate_60dB": {
        "dmean": 0.0297987610102,
        "dmean2": 0.0596205964684,
        "dvar": 0.0289089158177,
        "dvar2": 0.0761981979012,
        "max": 1,
        "mean": 0.152804642916,
        "median": 0,
        "min": 0,
        "var": 0.129453122616
    },
    "spectral_centroid": {
        "dmean": 137.098693848,
        "dmean2": 228.31060791,
        "dvar": 48888.484375,
        "dvar2": 80333.0390625,
        "max": 10621.46875,
        "mean": 877.047607422,
        "median": 864.55847168,
        "min": 77.2899780273,
        "var": 232043.546875
    },
    "spectral_complexity": {
        "dmean": 1.46749222279,
        "dmean2": 2.51025938988,
        "dvar": 2.44785928726,
        "dvar2": 6.75015258789,
        "max": 32,
        "mean": 12.968665123,
        "median": 10,
        "min": 0,
        "var": 92.191734314
    },
    "spectral_decrease": {
        "dmean": 1.37391720223e-09,
        "dmean2": 2.10014694524e-09,
        "dvar": 3.8785245744e-18,
        "dvar2": 1.00172506894e-17,
        "max": -1.8176517555e-28,
        "mean": -1.21341789949e-08,
        "median": -6.26542240312e-09,
        "min": -5.43338991577e-08,
        "var": 1.57001950757e-16
    },
    "spectral_energy": {
        "dmean": 0.00530863599852,
        "dmean2": 0.00814204476774,
        "dvar": 5.76315323997e-05,
        "dvar2": 0.000149022089317,
        "max": 0.208570823073,
        "mean": 0.0470988303423,
        "median": 0.024389591068,
        "min": 1.12664576291e-20,
        "var": 0.00234676199034
    },
    "spectral_energyband_high": {
        "dmean": 7.31687177904e-05,
        "dmean2": 0.00012785004219,
        "dvar": 1.82477233324e-08,
        "dvar2": 5.54732686453e-08,
        "max": 0.00210584979504,
        "mean": 0.000315270852298,
        "median": 0.000109861997771,
        "min": 7.92102903923e-21,
        "var": 1.44751169273e-07
    },
    "spectral_energyband_low": {
        "dmean": 0.00381898111664,
        "dmean2": 0.00559712061659,
        "dvar": 3.73019684048e-05,
        "dvar2": 9.41380276345e-05,
        "max": 0.18218447268,
        "mean": 0.0330700911582,
        "median": 0.0146774183959,
        "min": 6.59920959174e-23,
        "var": 0.00148614333011
    },
    "spectral_energyband_middle_high": {
        "dmean": 0.000686335086357,
        "dmean2": 0.00118149095215,
        "dvar": 1.20983952456e-06,
        "dvar2": 3.56189389095e-06,
        "max": 0.0174420941621,
        "mean": 0.00305790710263,
        "median": 0.000831127341371,
        "min": 1.8314463367e-21,
        "var": 1.29669733724e-05
    },
    "spectral_energyband_middle_low": {
        "dmean": 0.00321798911318,
        "dmean2": 0.00508311670274,
        "dvar": 2.59830558207e-05,
        "dvar2": 6.60673322272e-05,
        "max": 0.0900300219655,
        "mean": 0.0112846521661,
        "median": 0.00576218497008,
        "min": 5.78521759756e-22,
        "var": 0.000178348112968
    },
    "spectral_entropy": {
        "dmean": 0.099930472672,
        "dmean2": 0.164522126317,
        "dvar": 0.01203043852,
        "dvar2": 0.0246496088803,
        "max": 9.8001832962,
        "mean": 7.09155654907,
        "median": 7.26669549942,
        "min": 4.8417429924,
        "var": 0.328996002674
    },
    "spectral_flux": {
        "dmean": 0.010917911306,
        "dmean2": 0.0184680223465,
        "dvar": 0.000166672107298,
        "dvar2": 0.000472248560982,
        "max": 0.22133089602,
        "mean": 0.0497514903545,
        "median": 0.0452182330191,
        "min": 1.06143573098e-10,
        "var": 0.0012713476317
    },
    "spectral_kurtosis": {
        "dmean": 1.2635846138,
        "dmean2": 2.17145180702,
        "dvar": 3.29023718834,
        "dvar2": 7.39028644562,
        "max": 75.3891067505,
        "mean": 6.88392925262,
        "median": 5.33999252319,
        "min": -1.1873499155,
        "var": 37.0991706848
    },
    "spectral_rms": {
        "dmean": 0.000378402561182,
        "dmean2": 0.000594417506363,
        "dvar": 1.89159536035e-07,
        "dvar2": 5.22760558397e-07,
        "max": 0.0142647717148,
        "mean": 0.00570872426033,
        "median": 0.00487798359245,
        "min": 3.3153681623e-12,
        "var": 1.33605326482e-05
    },
    "spectral_rolloff": {
        "dmean": 98.8406448364,
        "dmean2": 171.648147583,
        "dvar": 135801.96875,
        "dvar2": 193830.21875,
        "max": 18389.3554688,
        "mean": 385.65737915,
        "median": 344.53125,
        "min": 64.599609375,
        "var": 229430.015625
    },
    "spectral_skewness": {
        "dmean": 0.147957921028,
        "dmean2": 0.252691090107,
        "dvar": 0.0248410925269,
        "dvar2": 0.0556074827909,
        "max": 6.0013794899,
        "mean": 1.9679595232,
        "median": 1.80866408348,
        "min": 0.0533988662064,
        "var": 0.345621675253
    },
    "spectral_spread": {
        "dmean": 222683.59375,
        "dmean2": 366658.9375,
        "dvar": 670239293440,
        "dvar2": 704880771072,
        "max": 40408472,
        "mean": 4211135,
        "median": 4304553.5,
        "min": 741370.6875,
        "var": 922768637952
    },
    "spectral_strongpeak": {
        "dmean": 0.139024883509,
        "dmean2": 0.244322240353,
        "dvar": 0.148604139686,
        "dvar2": 0.400829434395,
        "max": 6.7394618988,
        "mean": 0.440267622471,
        "median": 0.295694380999,
        "min": 0,
        "var": 0.212924152613
    },
    "zerocrossingrate": {
        "dmean": 0.00353682669811,
        "dmean2": 0.00479188608006,
        "dvar": 5.33115162398e-05,
        "dvar2": 4.42602176918e-05,
        "max": 0.47509765625,
        "mean": 0.0249047987163,
        "median": 0.02392578125,
        "min": 0.00244140625,
        "var": 0.000280581967672
    },
    "barkbands": {
        "dmean": [0.00015016735415, 0.00350237707607, 0.000675008108374, 0.000382923666621, 0.000292573153274, 0.00213877670467, 0.000905666267499, 0.000364812643966, 0.000965481856838, 0.000208148136153, 0.000150844149175, 0.000105105515104, 0.000262198474957, 0.000258521642536, 9.49463283177e-05, 8.12747748569e-05, 0.000217309425352, 0.000124763391796, 5.48290408915e-05, 7.03124460415e-05, 4.96545508213e-05, 1.47894497786e-05, 1.07915329863e-05, 5.81778567721e-06, 5.79157722314e-06, 3.34904530064e-06, 1.93228629541e-06],
        "dmean2": [0.000223372800974, 0.00493986159563, 0.00102879863698, 0.000601378676947, 0.000374941213522, 0.00340946065262, 0.00137762865052, 0.000530876335688, 0.00163163628895, 0.000333732692525, 0.000247487274464, 0.00016305137251, 0.000450999330496, 0.000470173021313, 0.000161051561008, 0.000141642347444, 0.000396655814257, 0.00022560133948, 9.02102765394e-05, 0.000122635130538, 8.61811058712e-05, 2.54971510003e-05, 1.75998484337e-05, 9.71520967141e-06, 9.90447460936e-06, 5.6851977206e-06, 3.33814386977e-06],
        "dvar": [1.01551016485e-07, 3.14263743348e-05, 1.77655317657e-06, 5.5975107216e-07, 2.94383994515e-07, 1.88107642316e-05, 4.90607544634e-06, 6.66569519581e-07, 4.43924136562e-06, 2.35167988194e-07, 1.28848867575e-07, 4.31110933619e-08, 3.19899527312e-07, 3.01146627635e-07, 2.80460152879e-08, 3.17889536916e-08, 2.12041612713e-07, 6.74612294915e-08, 2.26362235622e-08, 3.1192254113e-08, 1.08227853346e-08, 8.45531755722e-10, 3.79192371947e-10, 1.16559234487e-10, 1.41466560688e-10, 4.9620411946e-11, 2.04196295289e-11],
        "dvar2": [1.81604889349e-07, 7.78388712206e-05, 5.81836593483e-06, 1.71531144133e-06, 4.89618400934e-07, 4.8687117669e-05, 1.16262744996e-05, 1.48517119669e-06, 1.18645975817e-05, 5.85353632232e-07, 3.33527850671e-07, 9.38571176334e-08, 8.78677269611e-07, 9.1639344646e-07, 7.94163597106e-08, 9.6189531007e-08, 7.1184075523e-07, 2.23738439331e-07, 5.48546417178e-08, 8.84634232534e-08, 3.41075185872e-08, 2.51657228389e-09, 1.05043052034e-09, 3.36128874734e-10, 4.02979039027e-10, 1.42091283184e-10, 5.85694548416e-11],
        "max": [0.0173598080873, 0.156830787659, 0.0266198441386, 0.0166685506701, 0.0226940102875, 0.0763827115297, 0.0336251705885, 0.0146144395694, 0.0339706279337, 0.00817787460983, 0.00601941021159, 0.00350069440901, 0.0104961944744, 0.00622027926147, 0.00223985966295, 0.00244487216696, 0.0075770104304, 0.00337627157569, 0.0025131162256, 0.00283860694617, 0.00158529472537, 0.00069415330654, 0.000272456236416, 0.00015507536591, 0.000135370020871, 9.00078157429e-05, 4.44716461061e-05],
        "mean": [0.00144109968096, 0.0277356673032, 0.00332515640184, 0.00132331484929, 0.00164170749485, 0.00395582104102, 0.00176473683678, 0.000793851388153, 0.001639746828, 0.000442815973656, 0.000255647377344, 0.000199916219572, 0.00041816252633, 0.000369972083718, 0.000205393662327, 0.000143225159263, 0.000652488204651, 0.000239286149736, 0.000133137291414, 0.000146761827637, 0.000126659128, 5.36823463335e-05, 3.40552251146e-05, 2.06423464988e-05, 1.84770560736e-05, 1.17592962852e-05, 5.69264284422e-06],
        "median": [0.000185454598977, 0.0105478251353, 0.00168752286118, 0.000523913127836, 0.000661214464344, 0.000782076676842, 0.000333462870913, 0.000230035628192, 0.000221595284529, 8.178956341e-05, 4.52152817161e-05, 5.62304521736e-05, 6.51026857668e-05, 7.57114903536e-05, 4.99413945363e-05, 2.85367605102e-05, 0.000106389124994, 6.6593689553e-05, 2.82162473013e-05, 2.31890771829e-05, 3.80647543352e-05, 1.92716597667e-05, 1.35929240059e-05, 8.1423231677e-06, 6.38754363536e-06, 3.99207374358e-06, 2.09998552236e-06],
        "min": [9.58639785901e-24, 4.56761097968e-23, 1.91330828823e-23, 3.10556049458e-25, 9.47996932107e-23, 1.98454103958e-22, 2.88338316516e-23, 6.62010746375e-23, 1.86667297722e-22, 1.66437029227e-23, 2.58880483266e-23, 1.52020539386e-22, 7.10157641102e-23, 1.10707477261e-22, 1.37630858194e-22, 1.87333538088e-22, 1.48810140559e-22, 3.42353818885e-22, 4.0621977058e-22, 3.60914415942e-22, 5.15268746674e-22, 5.75662473452e-22, 8.27084182196e-22, 9.60345886935e-22, 1.06676955918e-21, 1.70287346972e-21, 2.32778701597e-21],
        "var": [1.03443862827e-05, 0.00118297454901, 1.9214090571e-05, 4.24606878369e-06, 7.1634312917e-06, 5.29469689354e-05, 1.28037981995e-05, 2.31999797506e-06, 8.68540610099e-06, 9.10370090423e-07, 2.65197797944e-07, 1.11226000854e-07, 5.82069674238e-07, 4.51316566341e-07, 8.84466331286e-08, 5.69769795788e-08, 1.33834544158e-06, 1.45805174157e-07, 7.48724886535e-08, 8.73633823062e-08, 4.03960456197e-08, 4.85248907722e-09, 1.9421555475e-09, 6.60922871987e-10, 5.51842349594e-10, 1.95182620066e-10, 5.18800141736e-11]
    },
    "erbbands": {
        "dmean": [0.116758540273, 0.765554428101, 0.897041797638, 0.980797290802, 1.0930147171, 1.07857227325, 3.51624107361, 23.2980594635, 11.781373024, 18.29945755, 6.63393497467, 18.3678913116, 18.9835567474, 4.81930923462, 4.08598566055, 3.12799263, 9.58810043335, 13.9142942429, 5.41815662384, 4.60750102997, 4.79833889008, 14.3622970581, 6.86367511749, 3.45468592644, 3.61410593987, 1.8989174366, 2.32608222961, 1.4678350687, 0.655554890633, 0.361720263958, 0.282470524311, 0.170062080026, 0.0962622240186, 0.0787544026971, 0.0320822708309, 0.0167557131499, 0.00675556017086, 0.00183124048635, 0.000299209350487, 2.1905389076e-05],
        "dmean2": [0.157817259431, 1.08855473995, 1.39995288849, 1.59957063198, 1.45173704624, 1.24277412891, 5.53271007538, 37.6075706482, 18.5885257721, 26.0226688385, 10.113658905, 30.775932312, 31.8441982269, 7.72191619873, 6.47689294815, 4.85940790176, 16.3295574188, 24.6454524994, 9.86365890503, 7.91865158081, 8.47346878052, 26.1526870728, 12.3543224335, 5.93881082535, 6.19031047821, 3.30859303474, 4.0585899353, 2.53726625443, 1.1222512722, 0.598156988621, 0.472846239805, 0.284691423178, 0.166005551815, 0.132430970669, 0.0544447079301, 0.0282187703997, 0.0115198120475, 0.003154120408, 0.000514509039931, 3.74044429918e-05],
        "dvar": [0.0383230037987, 1.49343430996, 2.69652366638, 3.65671110153, 3.68072938919, 5.65203237534, 57.7417144775, 2281.31152344, 522.478149414, 1923.49169922, 218.300765991, 2042.79602051, 1694.49047852, 116.921112061, 81.6090698242, 39.4196166992, 538.480285645, 961.695800781, 143.941635132, 73.3684158325, 83.8019104004, 913.640258789, 180.675598145, 60.9622192383, 67.9690628052, 15.149184227, 34.4705963135, 6.67853689194, 1.73246192932, 0.395102381706, 0.304431378841, 0.100199185312, 0.0373077876866, 0.0244804602116, 0.00383068062365, 0.00117672677152, 0.000191666767932, 1.64969242178e-05, 4.23150680717e-07, 2.42285680407e-09],
        "dvar2": [0.0919183269143, 3.71460485458, 8.41057014465, 11.0461359024, 7.11765098572, 7.02677869797, 145.85836792, 5908.21533203, 1336.04699707, 4231.83691406, 531.566711426, 5205.55810547, 4883.38964844, 322.445098877, 184.3931427, 83.3104705811, 1442.78430176, 2783.01391602, 504.291381836, 211.874130249, 247.982070923, 3057.65698242, 588.262634277, 160.908279419, 189.62109375, 44.3891716003, 108.099143982, 20.0581951141, 5.12187671661, 1.09471261501, 0.860490858555, 0.282766968012, 0.106537133455, 0.0695157200098, 0.010886435397, 0.00334996031597, 0.000550134689547, 4.73764739581e-05, 1.21573964407e-06, 6.93275614694e-09],
        "max": [7.80573749542, 31.3490543365, 38.2535133362, 57.4355354309, 96.4907913208, 122.35068512, 146.663345337, 835.014892578, 379.048828125, 751.248291016, 246.927902222, 882.233886719, 673.255859375, 169.884368896, 189.106506348, 130.039535522, 476.440307617, 381.81539917, 141.556976318, 124.377151489, 131.019577026, 487.349700928, 174.748321533, 121.22543335, 123.559509277, 57.0681495667, 87.1425552368, 35.4056510925, 30.8542308807, 8.9356546402, 8.67887687683, 4.27492618561, 2.43908333778, 1.80106830597, 0.724664151669, 0.463813066483, 0.153389438987, 0.0504254773259, 0.0067852162756, 0.000598656653892],
        "mean": [1.0654951334, 5.10034132004, 4.78293228149, 4.10748004913, 5.8535785675, 5.15071344376, 8.29473972321, 41.4298706055, 22.7743206024, 37.6428031921, 15.051156044, 30.9218597412, 34.0922546387, 11.0349550247, 8.15665721893, 6.86873579025, 16.6646442413, 22.9205245972, 10.4711751938, 10.8361501694, 11.9723339081, 42.4388237, 14.5544786453, 8.30849552155, 8.46180152893, 4.82156562805, 5.45327568054, 3.84903979301, 2.2846262455, 1.29279220104, 0.871725797653, 0.562061965466, 0.309195488691, 0.232774883509, 0.107086285949, 0.0542162172496, 0.0212177280337, 0.00536646973342, 0.000962706108112, 0.000110274981125],
        "median": [0.342031568289, 2.01772093773, 2.63911509514, 2.16358971596, 2.16277122498, 2.0297100544, 3.55863237381, 7.30071926117, 7.59995555878, 7.54873561859, 5.42317390442, 5.56495952606, 8.8866071701, 3.13557052612, 2.04450345039, 2.09905695915, 3.11779665947, 3.30551242828, 4.47286558151, 3.32991361618, 2.20108032227, 8.33934783936, 4.72760820389, 1.89160597324, 1.33734428883, 1.06153810024, 1.22844254971, 1.57485234737, 0.799246370792, 0.562618196011, 0.318775862455, 0.204237654805, 0.104577824473, 0.0764764472842, 0.0404792577028, 0.0176071450114, 0.00708314310759, 0.00196385127492, 0.000359713827493, 4.86183707835e-05],
        "min": [1.06893777809e-21, 1.16907576625e-20, 2.04343596598e-20, 1.28145487637e-20, 3.84456908167e-20, 2.9875905154e-19, 1.62138163748e-18, 1.35160608988e-18, 3.58051487095e-19, 9.78533364749e-19, 1.42583117759e-18, 4.43732519644e-18, 1.92200523167e-18, 8.94866010344e-19, 1.71513656285e-18, 7.32985420299e-18, 3.91679243108e-18, 5.35992274701e-18, 5.16196891385e-18, 8.4627582884e-18, 9.92115050022e-18, 8.57733769249e-18, 1.28644899031e-17, 2.87445196688e-17, 1.83678846458e-17, 1.70310598599e-17, 1.48388757267e-17, 2.35029209725e-17, 1.89620766039e-17, 1.88901598671e-17, 2.59016554134e-17, 2.23219535576e-17, 1.56188971181e-17, 1.47951790836e-17, 5.65419183634e-18, 5.76810494644e-18, 3.38064766563e-18, 1.08051139599e-18, 3.34472807131e-19, 3.56971408934e-20],
        "var": [2.31208992004, 39.2050552368, 30.7103328705, 26.4106903076, 105.846954346, 106.871360779, 181.866195679, 6409.08105469, 1405.93994141, 6265.79541016, 698.95135498, 3747.76318359, 3172.15673828, 324.748809814, 196.286193848, 114.511123657, 1029.81359863, 1607.77197266, 264.871917725, 238.287628174, 284.120452881, 5453.93115234, 436.874328613, 195.999633789, 208.809814453, 53.4728317261, 105.284286499, 23.6588249207, 9.16143035889, 2.46005487442, 1.34339332581, 0.526486873627, 0.155729413033, 0.0920007377863, 0.0164707507938, 0.00436782371253, 0.000650845468044, 4.65459124825e-05, 1.35592893002e-06, 1.38224027779e-08]
    },
    "gfcc": {
        "mean": [-57.3841285706, 110.913131714, -81.1985244751, 37.9763374329, -32.5456466675, 9.23599338531, -20.2108669281, 14.6519050598, -6.16566610336, 9.32322120667, -10.8978366852, 3.4724624157, -8.52370262146],
        "cov": [[21081.0214844, -2025.09863281, -2545.09594727, -540.926879883, -1722.43591309, -533.950439453, -1073.62463379, 283.861114502, -270.882629395, 218.261978149, -333.401641846, 616.624145508, -182.872314453], [-2025.09863281, 312.280731201, 293.3074646, 36.3144645691, 204.229217529, 69.2996444702, 130.144058228, -28.9459896088, 53.3215637207, -9.93312931061, 45.6554794312, -58.2639007568, 43.9228363037], [-2545.09594727, 293.3074646, 531.083374023, 225.949493408, 219.366989136, 32.7242965698, 186.319747925, -40.1978416443, 26.7747535706, -2.98623776436, 99.6006546021, -76.4896316528, 29.171245575], [-540.926879883, 36.3144645691, 225.949493408, 269.28918457, 46.4734115601, -58.1378135681, 36.8241958618, -18.9933586121, -29.9707183838, 6.03562927246, 56.6158866882, -6.77138853073, -15.8654518127], [-1722.43591309, 204.229217529, 219.366989136, 46.4734115601, 256.464477539, 103.186569214, 150.810409546, 3.3586037159, 62.754234314, 1.22305750847, 49.0299491882, -64.7116470337, 32.3079032898], [-533.950439453, 69.2996444702, 32.7242965698, -58.1378135681, 103.186569214, 123.239318848, 110.85534668, 27.1068115234, 33.7041130066, -7.23806142807, -3.64140796661, -55.4051513672, 1.81664061546], [-1073.62463379, 130.144058228, 186.319747925, 36.8241958618, 150.810409546, 110.85534668, 233.366485596, 51.3067359924, 43.7707023621, 13.1936130524, 51.0767021179, -88.2117996216, 11.0957593918], [283.861114502, -28.9459896088, -40.1978416443, -18.9933586121, 3.3586037159, 27.1068115234, 51.3067359924, 67.0702972412, 25.4892215729, 5.47061157227, -0.580763041973, -16.2554836273, -9.59481906891], [-270.882629395, 53.3215637207, 26.7747535706, -29.9707183838, 62.754234314, 33.7041130066, 43.7707023621, 25.4892215729, 73.760383606, 36.6409683228, 24.6963291168, -9.20024681091, 21.9385299683], [218.261978149, -9.93312931061, -2.98623776436, 6.03562927246, 1.22305750847, -7.23806142807, 13.1936130524, 5.47061157227, 36.6409683228, 65.6530838013, 47.2192840576, 10.6523532867, 12.7059173584], [-333.401641846, 45.6554794312, 99.6006546021, 56.6158866882, 49.0299491882, -3.64140796661, 51.0767021179, -0.580763041973, 24.6963291168, 47.2192840576, 88.3380813599, 2.29846119881, 12.5771026611], [616.624145508, -58.2639007568, -76.4896316528, -6.77138853073, -64.7116470337, -55.4051513672, -88.2117996216, -16.2554836273, -9.20024681091, 10.6523532867, 2.29846119881, 89.0459594727, 27.1317520142], [-182.872314453, 43.9228363037, 29.171245575, -15.8654518127, 32.3079032898, 1.81664061546, 11.0957593918, -9.59481906891, 21.9385299683, 12.7059173584, 12.5771026611, 27.1317520142, 59.6748313904]],
        "icov": [[0.000257487263298, 0.000208605604712, 0.00068832829129, -0.000466762081487, 0.000911758572329, -0.000607856782153, 0.000296434183838, -0.00102559360676, 0.000595723744482, -0.00113680458162, 0.000179621900315, -0.000399366545025, -0.000353433948476], [0.000208605604712, 0.014072701335, -0.00543887494132, 0.00403788918629, -0.00403210241348, 0.00208007707261, -0.00148814741988, 0.00532240746543, -0.00591416563839, 0.00481104012579, -0.000402764853789, 0.000627618632279, -0.00178495282307], [0.00068832829129, -0.00543887494132, 0.0145977344364, -0.00940571166575, 0.00489360466599, 0.000135086345836, -0.00526626594365, 0.00638295011595, -0.00589304696769, 0.00684782955796, -0.00624134391546, 0.00287301302887, -0.00345437135547], [-0.000466762081487, 0.00403788918629, -0.00940571166575, 0.0143020693213, -0.00828451197594, 0.00941254198551, -0.00143568369094, -0.0026729546953, 0.00802319776267, -0.00531446095556, 0.00303517910652, -0.00406784517691, 0.00742546096444], [0.000911758572329, -0.00403210241348, 0.00489360466599, -0.00828451197594, 0.0208132658154, -0.0130384285003, 0.00110817560926, 0.00134547019843, -0.0100406808779, 0.00692974077538, -0.00731646036729, 0.00360895134509, -0.00757697783411], [-0.000607856782153, 0.00208007707261, 0.000135086345836, 0.00941254198551, -0.0130384285003, 0.0339524000883, -0.0167643427849, 0.00854956172407, -0.00470438832417, 0.00444574235007, 0.00645017670467, -0.00106310960837, 0.00946663320065], [0.000296434183838, -0.00148814741988, -0.00526626594365, -0.00143568369094, 0.00110817560926, -0.0167643427849, 0.0279122926295, -0.0233063530177, 0.0138962026685, -0.00997877214104, -0.00598074868321, 0.0126437181607, -0.0123026054353], [-0.00102559360676, 0.00532240746543, 0.00638295011595, -0.0026729546953, 0.00134547019843, 0.00854956172407, -0.0233063530177, 0.0508137308061, -0.0345969498158, 0.0273979529738, -0.00492354109883, -0.00113704195246, 0.00906377471983], [0.000595723744482, -0.00591416563839, -0.00589304696769, 0.00802319776267, -0.0100406808779, -0.00470438832417, 0.0138962026685, -0.0345969498158, 0.0589079223573, -0.0440997034311, 0.0117972390726, -0.00266512110829, -0.0049163964577], [-0.00113680458162, 0.00481104012579, 0.00684782955796, -0.00531446095556, 0.00692974077538, 0.00444574235007, -0.00997877214104, 0.0273979529738, -0.0440997034311, 0.0679888129234, -0.0323443748057, 0.0090812863782, -0.00498723099008], [0.000179621900315, -0.000402764853789, -0.00624134391546, 0.00303517910652, -0.00731646036729, 0.00645017670467, -0.00598074868321, -0.00492354109883, 0.0117972390726, -0.0323443748057, 0.0380439758301, -0.0135476803407, 0.00948110222816], [-0.000399366545025, 0.000627618632279, 0.00287301302887, -0.00406784517691, 0.00360895134509, -0.00106310960837, 0.0126437181607, -0.00113704195246, -0.00266512110829, 0.0090812863782, -0.0135476803407, 0.0370077677071, -0.0235514268279], [-0.000353433948476, -0.00178495282307, -0.00345437135547, 0.00742546096444, -0.00757697783411, 0.00946663320065, -0.0123026054353, 0.00906377471983, -0.0049163964577, -0.00498723099008, 0.00948110222816, -0.0235514268279, 0.039788749069]]
    },
    "melbands": {
        "dmean": [0.00100283895154, 0.000628886511549, 0.000164169163327, 6.84854603605e-05, 0.000102842255728, 0.000482052273583, 0.000203169736778, 0.000177453926881, 4.68327671115e-05, 0.000141113283462, 9.53887938522e-05, 1.90116134036e-05, 1.75609384314e-05, 1.02571366369e-05, 9.88939154922e-06, 3.57929566235e-05, 2.44113489316e-05, 1.00833303804e-05, 9.22220533539e-06, 5.80279720452e-06, 4.93654033562e-06, 2.02818100661e-05, 3.0373091704e-06, 8.31996112538e-06, 2.4403466341e-06, 2.31400213124e-06, 3.60782541975e-06, 1.00989927887e-06, 2.06746267395e-06, 9.07585842924e-07, 7.33778506401e-07, 4.5934328341e-07, 3.04520170857e-07, 2.24212570288e-07, 1.82843393759e-07, 1.50931882104e-07, 1.20707397855e-07, 7.5405274913e-08, 6.65075177153e-08, 7.33123997065e-08],
        "dmean2": [0.00137237075251, 0.000960109580774, 0.000256979750702, 9.10543822101e-05, 0.000157540445798, 0.000772794126533, 0.000320238323184, 0.000251084507909, 7.28803570382e-05, 0.000238241540501, 0.000159409202752, 2.97293045151e-05, 2.81998036371e-05, 1.57912036229e-05, 1.56605965458e-05, 6.20077989879e-05, 4.34031353507e-05, 1.87048553926e-05, 1.57398262672e-05, 9.98061932478e-06, 8.6524123617e-06, 3.70389316231e-05, 5.12260112373e-06, 1.53121582116e-05, 4.038005045e-06, 3.88379339711e-06, 6.19831098447e-06, 1.79875758022e-06, 3.64072525372e-06, 1.56631585924e-06, 1.27194118704e-06, 7.88235581695e-07, 5.21012225363e-07, 3.57098798531e-07, 3.04699852904e-07, 2.60013877096e-07, 2.0208865692e-07, 1.30098712248e-07, 1.11951834469e-07, 1.22570128269e-07],
        "dvar": [2.6476604944e-06, 1.03816284991e-06, 9.27626615521e-08, 1.47750371937e-08, 4.5611667332e-08, 9.77954982773e-07, 1.50319152681e-07, 1.60552758643e-07, 1.07280149209e-08, 1.07551379358e-07, 4.20462278328e-08, 1.80102510683e-09, 1.80464942989e-09, 4.52989951105e-10, 5.46815648317e-10, 5.97864513452e-09, 2.91058510626e-09, 7.88096865545e-10, 2.81590362139e-10, 2.11333200939e-10, 1.20516249758e-10, 1.86038040528e-09, 4.35078952032e-11, 3.72957886796e-10, 4.33507917064e-11, 3.03044915551e-11, 1.16636422742e-10, 6.16472541418e-12, 2.62850487903e-11, 2.48182832792e-12, 1.76288736213e-12, 1.1111195514e-12, 3.38132435463e-13, 1.60862493573e-13, 1.53064355895e-13, 9.2140725117e-14, 5.13142588317e-14, 2.14851194561e-14, 1.67201762689e-14, 2.11386084418e-14],
        "dvar2": [6.51481241221e-06, 2.79093092104e-06, 2.68929085223e-07, 2.76275713418e-08, 1.16421205121e-07, 2.53363896263e-06, 3.77476339963e-07, 3.49060798044e-07, 2.61971031534e-08, 2.77650542557e-07, 1.20927367675e-07, 4.67187843967e-09, 4.19359524884e-09, 1.03662500806e-09, 1.23081977943e-09, 1.65209659286e-08, 8.43570369113e-09, 2.81034195915e-09, 8.03151933848e-10, 6.62095656079e-10, 3.50330653376e-10, 6.25259266585e-09, 1.23767981974e-10, 1.27376376113e-09, 1.04351104147e-10, 7.59728877031e-11, 3.27728399974e-10, 1.96184683082e-11, 8.25279983241e-11, 7.26847965496e-12, 5.30231501067e-12, 3.26536237286e-12, 1.01733075089e-12, 4.11142718178e-13, 4.25991680082e-13, 2.75197453801e-13, 1.45950119395e-13, 6.12240767524e-14, 4.82126105261e-14, 5.95958625873e-14],
        "max": [0.0537693314254, 0.0214078780264, 0.00792456883937, 0.00445904862136, 0.00443440396339, 0.0174643862993, 0.00578385544941, 0.00694658560678, 0.00162290001754, 0.00620532594621, 0.00336829666048, 0.000624862033874, 0.00087701913435, 0.0003218697384, 0.000479116250062, 0.00142962799873, 0.000693102192599, 0.000337624398526, 0.000247337273322, 0.000249453412835, 0.000166202342371, 0.000700302480254, 0.000113557864097, 0.000264953181613, 0.00011328990513, 8.24282760732e-05, 0.000181771960342, 3.65031592082e-05, 7.48590682633e-05, 2.2775360776e-05, 1.85977878573e-05, 2.58954969468e-05, 8.25073766464e-06, 7.27334372641e-06, 6.97480982126e-06, 3.82664939025e-06, 2.951353963e-06, 2.0712341211e-06, 1.63848585544e-06, 1.80484869361e-06],
        "mean": [0.00854493957013, 0.00398022169247, 0.000815193343442, 0.000371694768546, 0.000269014883088, 0.000867239956278, 0.000393131747842, 0.000372663285816, 9.79666001513e-05, 0.000233160084463, 0.000169903243659, 4.3288760935e-05, 3.21096085827e-05, 1.91037470358e-05, 1.84327363968e-05, 5.55762708245e-05, 3.89746455767e-05, 1.63994809554e-05, 1.8707360141e-05, 1.10149385364e-05, 1.08365038614e-05, 5.93793993175e-05, 6.62924003336e-06, 1.44923969856e-05, 5.55721317141e-06, 5.5038372011e-06, 7.33581418899e-06, 2.1357238893e-06, 4.25483949584e-06, 2.28797284763e-06, 1.86658826351e-06, 1.4340338339e-06, 8.45933811888e-07, 6.88601744514e-07, 5.19721027104e-07, 4.02953475032e-07, 3.33554027065e-07, 2.18866816226e-07, 1.77473680196e-07, 2.07492547588e-07],
        "median": [0.00306045380421, 0.00190165336244, 0.000423544581281, 0.000156642141519, 0.00011817432096, 0.000158053269843, 0.000119800650282, 7.81806011219e-05, 3.12714328174e-05, 3.59587102139e-05, 4.35390829807e-05, 1.11892932182e-05, 6.64498020342e-06, 6.26360861133e-06, 3.81559129892e-06, 7.33928936825e-06, 6.03106127528e-06, 5.82126540394e-06, 4.6106906666e-06, 2.61677632807e-06, 1.67514667737e-06, 8.47789851832e-06, 2.64204959421e-06, 3.40010819855e-06, 1.18226796531e-06, 1.22522067159e-06, 6.09596440881e-07, 6.9779775913e-07, 8.07026708571e-07, 9.23590619095e-07, 7.49472235384e-07, 4.13704299262e-07, 3.67582345007e-07, 3.17574205155e-07, 1.83045031577e-07, 1.01261576901e-07, 1.22574775219e-07, 7.8018764782e-08, 6.33339141132e-08, 6.29829060017e-08],
        "min": [1.25746794875e-23, 1.25289941859e-23, 2.60511117922e-24, 8.41917165351e-24, 4.93599419183e-23, 3.15252578217e-23, 4.79371405568e-24, 1.21445775336e-23, 1.15009151555e-23, 2.99862596154e-23, 8.62674777895e-24, 3.11182395156e-24, 4.72518058124e-24, 1.34114368714e-23, 1.69817945072e-23, 6.94758003382e-24, 1.00170898809e-23, 7.33026355869e-24, 1.16900942557e-23, 1.23120866248e-23, 1.05785419086e-23, 7.25826027956e-24, 9.52259952216e-24, 1.6940836849e-23, 2.55019939991e-23, 1.05887734346e-23, 1.678194133e-23, 9.6471322601e-24, 6.55826613304e-24, 1.46007614375e-23, 1.34701849208e-23, 1.05724858234e-23, 1.09863885186e-23, 1.02806404207e-23, 1.40607545934e-23, 1.52744044743e-23, 1.39317758354e-23, 1.07430580615e-23, 1.15530375621e-23, 1.27189321703e-23],
        "var": [0.000123549994896, 1.90072296391e-05, 9.70073529061e-07, 3.5740703197e-07, 1.86372503208e-07, 2.74325793725e-06, 4.09887121577e-07, 5.45588761725e-07, 3.38576846559e-08, 2.00512729975e-07, 7.94643923996e-08, 5.85029935607e-09, 3.95474364367e-09, 1.07914865932e-09, 1.21384813312e-09, 1.0241055115e-08, 4.89345675092e-09, 1.2075528355e-09, 7.9971401723e-10, 3.95050464563e-10, 2.95222957192e-10, 1.13519780243e-08, 1.14581795441e-10, 6.87173096203e-10, 1.34342884039e-10, 1.0116636695e-10, 3.37804534345e-10, 1.60590742093e-11, 7.44887901361e-11, 8.52684589603e-12, 5.87781429431e-12, 5.00509226078e-12, 1.20326448458e-12, 8.40829738735e-13, 5.869801715e-13, 3.23818500226e-13, 2.05792007784e-13, 7.92538032272e-14, 5.57505058015e-14, 7.78944034383e-14]
    },
    "mfcc": {
        "mean": [-713.051208496, 143.256576538, 20.6212100983, 38.5369338989, 13.2351551056, 12.1004323959, 3.40949559212, 8.27763652802, 10.0966386795, 8.09185314178, 10.7375612259, 6.86570501328, -0.112794362009],
        "cov": [[19924.453125, -565.964660645, -2233.51586914, -709.003723145, -1126.00268555, -900.630004883, -1058.87414551, -390.21496582, -203.855117798, -437.035797119, -174.413955688, 204.607543945, -238.084899902], [-565.964660645, 115.58391571, 88.0044250488, 61.5864562988, 37.0927848816, 19.290184021, 15.2086200714, 6.57202911377, -9.05810451508, -17.762752533, -7.54076004028, -10.3652505875, 0.617980480194], [-2233.51586914, 88.0044250488, 428.893249512, 172.208786011, 150.302230835, 106.645751953, 146.23916626, 39.288356781, 4.79408502579, 54.8218803406, 41.5546569824, 10.0883569717, 55.6804008484], [-709.003723145, 61.5864562988, 172.208786011, 210.791671753, 78.045425415, 13.4101743698, 32.183391571, -4.08780431747, -33.3410682678, -30.556438446, 9.02618694305, 9.30676174164, 20.1059322357], [-1126.00268555, 37.0927848816, 150.302230835, 78.045425415, 129.327301025, 72.6519470215, 62.8079605103, 17.9812145233, 8.05819034576, 23.8691749573, 14.3598327637, 10.787443161, 32.2814331055], [-900.630004883, 19.290184021, 106.645751953, 13.4101743698, 72.6519470215, 102.373428345, 83.693069458, 28.6863880157, 31.8899364471, 41.3686943054, 15.7271413803, -0.829269349575, 25.3285999298], [-1058.87414551, 15.2086200714, 146.23916626, 32.183391571, 62.8079605103, 83.693069458, 166.040100098, 77.1993408203, 38.5205154419, 92.1165924072, 46.7314949036, -20.6506633759, 18.9667301178], [-390.21496582, 6.57202911377, 39.288356781, -4.08780431747, 17.9812145233, 28.6863880157, 77.1993408203, 79.4278106689, 44.3121566772, 49.571762085, 20.0478630066, -19.8394985199, -0.218036308885], [-203.855117798, -9.05810451508, 4.79408502579, -33.3410682678, 8.05819034576, 31.8899364471, 38.5205154419, 44.3121566772, 77.48021698, 48.774810791, 9.14565944672, -0.531121909618, 9.10799598694], [-437.035797119, -17.762752533, 54.8218803406, -30.556438446, 23.8691749573, 41.3686943054, 92.1165924072, 49.571762085, 48.774810791, 121.714675903, 55.2984848022, -13.9505252838, 4.76047325134], [-174.413955688, -7.54076004028, 41.5546569824, 9.02618694305, 14.3598327637, 15.7271413803, 46.7314949036, 20.0478630066, 9.14565944672, 55.2984848022, 65.2726364136, 10.0757045746, 5.32391309738], [204.607543945, -10.3652505875, 10.0883569717, 9.30676174164, 10.787443161, -0.829269349575, -20.6506633759, -19.8394985199, -0.531121909618, -13.9505252838, 10.0757045746, 71.9353561401, 37.3495483398], [-238.084899902, 0.617980480194, 55.6804008484, 20.1059322357, 32.2814331055, 25.3285999298, 18.9667301178, -0.218036308885, 9.10799598694, 4.76047325134, 5.32391309738, 37.3495483398, 68.6294631958]],
