{
"lowlevel": {
    "average_loudness": 0.81444478035,
    "barkbands_crest": {
        "dmean": 3.98853683472,
        "dmean2": 6.31141376495,
        "dvar": 14.2804441452,
        "dvar2": 33.5486450195,
        "max": 25.9990882874,
        "mean": 9.91409111023,
        "median": 8.43689727783,
        "min": 2.32077932358,
        "var": 28.3054771423
    },
    "barkbands_flatness_db": {
        "dmean": 0.0294957496226,
        "dmean2": 0.0455622933805,
        "dvar": 0.00105907593388,
        "dvar2": 0.002328309929,
        "max": 0.324375897646,
        "mean": 0.109920017421,
        "median": 0.10164694488,
        "min": 0.0176185928285,
        "var": 0.00219881464727
    },
    "barkbands_kurtosis": {
        "dmean": 5.64666891098,
        "dmean2": 9.50379753113,
        "dvar": 259.461730957,
        "dvar2": 672.413452148,
        "max": 228.075210571,
        "mean": 4.03373527527,
        "median": 0.405570030212,
        "min": -1.82540428638,
        "var": 204.836853027
    },
    "barkbands_skewness": {
        "dmean": 0.884339511395,
        "dmean2": 1.33854401112,
        "dvar": 1.58052885532,
        "dvar2": 3.45958018303,
        "max": 13.4016199112,
        "mean": 1.20621991158,
        "median": 0.910112261772,
        "min": -2.26575708389,
        "var": 2.70001482964
    },
    "barkbands_spread": {
        "dmean": 8.37651729584,
        "dmean2": 12.940861702,
        "dvar": 82.80052948,
        "dvar2": 178.517578125,
        "max": 87.4743728638,
        "mean": 27.3927192688,
        "median": 24.8545684814,
        "min": 0.920882225037,
        "var": 238.075622559
    },
    "dissonance": {
        "dmean": 0.0143348025158,
        "dmean2": 0.0241902191192,
        "dvar": 0.00021730059234,
        "dvar2": 0.000592489377595,
        "max": 0.499998182058,
        "mean": 0.473839789629,
        "median": 0.479246199131,
        "min": 0.334086179733,
        "var": 0.000442878692411
    },
    "dynamic_complexity": 4.03657817841,
    "erbbands_crest": {
        "dmean": 3.0059325695,
        "dmean2": 4.98071241379,
        "dvar": 8.46909713745,
        "dvar2": 21.5623645782,
        "max": 29.4324436188,
        "mean": 8.78070926666,
        "median": 7.64508962631,
        "min": 2.57525420189,
        "var": 20.1761493683
    },
    "erbbands_flatness_db": {
        "dmean": 0.019284222275,
        "dmean2": 0.0286185946316,
        "dvar": 0.000338376063155,
        "dvar2": 0.000651798269246,
        "max": 0.326309472322,
        "mean": 0.156338304281,
        "median": 0.152342557907,
        "min": 0.0610815696418,
        "var": 0.00219496153295
    },
    "erbbands_kurtosis": {
        "dmean": 0.802111148834,
        "dmean2": 1.29389822483,
        "dvar": 1.01641666889,
        "dvar2": 2.39211153984,
        "max": 19.2073554993,
        "mean": 0.0340033061802,
        "median": -0.322839260101,
        "min": -1.74130165577,
        "var": 2.29738736153
    },
    "erbbands_skewness": {
        "dmean": 0.386522173882,
        "dmean2": 0.589830815792,
        "dvar": 0.111688062549,
        "dvar2": 0.251004248857,
        "max": 4.07703495026,
        "mean": 0.325333803892,
        "median": 0.355303138494,
        "min": -2.08838701248,
        "var": 0.538078069687
    },
    "erbbands_spread": {
        "dmean": 9.57325744629,
        "dmean2": 15.0517435074,
        "dvar": 113.970420837,
        "dvar2": 266.55859375,
        "max": 158.428665161,
        "mean": 42.0376586914,
        "median": 39.9275588989,
        "min": 5.25308418274,
        "var": 335.806518555
    },
    "hfc": {
        "dmean": 8.85299777985,
        "dmean2": 10.8094902039,
        "dvar": 181.009597778,
        "dvar2": 207.309646606,
        "max": 165.593139648,
        "mean": 28.1671276093,
        "median": 13.8007230759,
        "min": 1.20846322934e-16,
        "var": 1071.60168457
    },
    "melbands_crest": {
        "dmean": 4.81008195877,
        "dmean2": 7.5853266716,
        "dvar": 18.2062339783,
        "dvar2": 40.4143066406,
        "max": 31.1234035492,
        "mean": 14.1477518082,
        "median": 12.8933000565,
        "min": 1.66587567329,
        "var": 42.5380363464
    },
    "melbands_flatness_db": {
        "dmean": 0.0394759252667,
        "dmean2": 0.0566085539758,
        "dvar": 0.00200309231877,
        "dvar2": 0.00372323649935,
        "max": 0.437859594822,
        "mean": 0.140163838863,
        "median": 0.126040175557,
        "min": 0.00552581716329,
        "var": 0.00487440638244
    },
    "melbands_kurtosis": {
        "dmean": 15.0338611603,
        "dmean2": 24.6897945404,
        "dvar": 1436.59814453,
        "dvar2": 3486.62207031,
        "max": 703.126098633,
        "mean": 14.4907627106,
        "median": 4.5334482193,
        "min": -1.6904283762,
        "var": 1295.39648438
    },
    "melbands_skewness": {
        "dmean": 1.22700321674,
        "dmean2": 1.87224173546,
        "dvar": 2.93268442154,
        "dvar2": 6.09393167496,
        "max": 22.8105506897,
        "mean": 2.41912436485,
        "median": 1.87443768978,
        "min": -1.46985828876,
        "var": 4.83439302444
    },
    "melbands_spread": {
        "dmean": 13.6718978882,
        "dmean2": 20.2076644897,
        "dvar": 252.789108276,
        "dvar2": 473.235931396,
        "max": 176.13722229,
        "mean": 36.4033966064,
        "median": 29.8137454987,
        "min": 0.690013408661,
        "var": 761.085449219
    },
    "pitch_salience": {
        "dmean": 0.102381370962,
        "dmean2": 0.155116766691,
        "dvar": 0.00938941258937,
        "dvar2": 0.0203796494752,
        "max": 0.86964392662,
        "mean": 0.556984901428,
        "median": 0.583731472492,
        "min": 0.0627073422074,
        "var": 0.0226238630712
    },
    "silence_rate_20dB": {
        "dmean": 0,
        "dmean2": 0,
        "dvar": 0,
        "dvar2": 0,
        "max": 1,
        "mean": 1,
        "median": 1,
        "min": 1,
        "var": 0
    },
    "silence_rate_30dB": {
        "dmean": 0.0294117648154,
        "dmean2": 0.0588463023305,
        "dvar": 0.0285467710346,
        "dvar2": 0.0824844911695,
        "max": 1,
        "mean": 0.98413926363,
        "median": 1,
        "min": 0,
        "var": 0.0156093491241
    },
    "silence_rate_60dB": {
        "dmean": 0.0615325085819,
        "dmean2": 0.123112656176,
        "dvar": 0.057744897902,
        "dvar2": 0.12809073925,
        "max": 1,
        "mean": 0.16827853024,
        "median": 0,
        "min": 0,
        "var": 0.139963105321
    },
    "spectral_centroid": {
        "dmean": 365.599334717,
        "dmean2": 541.917175293,
        "dvar": 163485.828125,
        "dvar2": 303344.625,
        "max": 10863.5800781,
        "mean": 1991.21765137,
        "median": 1924.72058105,
        "min": 265.505004883,
        "var": 639245.25
    },
    "spectral_complexity": {
        "dmean": 3.85139322281,
        "dmean2": 5.67634534836,
        "dvar": 22.3732910156,
        "dvar2": 37.1612968445,
        "max": 61,
        "mean": 17.351644516,
        "median": 15,
        "min": 0,
        "var": 148.295822144
    },
    "spectral_decrease": {
        "dmean": 3.90460641597e-09,
        "dmean2": 6.32423091673e-09,
        "dvar": 6.09469057609e-17,
        "dvar2": 1.49253650698e-16,
        "max": 5.78675022223e-29,
        "mean": -5.4159405849e-09,
        "median": -2.24090235257e-09,
        "min": -5.81574894909e-08,
        "var": 6.13185877886e-17
    },
    "spectral_energy": {
        "dmean": 0.0151354679838,
        "dmean2": 0.0242859851569,
        "dvar": 0.000877415412106,
        "dvar2": 0.00215040682815,
        "max": 0.221882611513,
        "mean": 0.022995851934,
        "median": 0.0102128442377,
        "min": 1.07427077063e-20,
        "var": 0.000931554241106
    },
    "spectral_energyband_high": {
        "dmean": 0.000882842519786,
        "dmean2": 0.00103465176653,
        "dvar": 2.70561167781e-06,
        "dvar2": 3.05852177007e-06,
        "max": 0.0196123495698,
        "mean": 0.00226576183923,
        "median": 0.000651130452752,
        "min": 7.99340168827e-21,
        "var": 1.16685787361e-05
    },
    "spectral_energyband_low": {
        "dmean": 0.0123513005674,
        "dmean2": 0.0205145794898,
        "dvar": 0.00088957377011,
        "dvar2": 0.00219926703721,
        "max": 0.215803578496,
        "mean": 0.0100930938497,
        "median": 6.60141740809e-05,
        "min": 9.91751259987e-23,
        "var": 0.000743141921703
    },
    "spectral_energyband_middle_high": {
        "dmean": 0.00188160035759,
        "dmean2": 0.00281642843038,
        "dvar": 1.05874414658e-05,
        "dvar2": 2.42753358179e-05,
        "max": 0.0626287385821,
        "mean": 0.00532133411616,
        "median": 0.00238747615367,
        "min": 1.34124670607e-21,
        "var": 5.43197747902e-05
    },
    "spectral_energyband_middle_low": {
        "dmean": 0.00356145901605,
        "dmean2": 0.00579553702846,
        "dvar": 3.82251564588e-05,
        "dvar2": 9.25836429815e-05,
        "max": 0.0930911377072,
        "mean": 0.00646567670628,
        "median": 0.00349493534304,
        "min": 3.25723696992e-22,
        "var": 7.866328815e-05
    },
    "spectral_entropy": {
        "dmean": 0.128811344504,
        "dmean2": 0.188510686159,
        "dvar": 0.0169776882976,
        "dvar2": 0.0327388197184,
        "max": 9.79732894897,
        "mean": 7.95592451096,
        "median": 7.95504951477,
        "min": 6.59003543854,
        "var": 0.0933025181293
    },
    "spectral_flux": {
        "dmean": 0.0367075167596,
        "dmean2": 0.0559476874769,
        "dvar": 0.00323389680125,
        "dvar2": 0.00665384018794,
        "max": 0.449246138334,
        "mean": 0.0910850688815,
        "median": 0.0674412474036,
        "min": 1.03647035399e-10,
        "var": 0.00561361340806
    },
    "spectral_kurtosis": {
        "dmean": 0.67098903656,
        "dmean2": 1.09763085842,
        "dvar": 0.663069903851,
        "dvar2": 1.70941448212,
        "max": 25.9124145508,
        "mean": 2.66023111343,
        "median": 2.23524522781,
        "min": -1.17711520195,
        "var": 3.88376522064
    },
    "spectral_rms": {
        "dmean": 0.00123135431204,
        "dmean2": 0.00183306669351,
        "dvar": 3.57946828444e-06,
        "dvar2": 7.82065126259e-06,
        "max": 0.0147129483521,
        "mean": 0.00397132849321,
        "median": 0.00315654091537,
        "min": 3.23738952313e-12,
        "var": 6.66351161271e-06
    },
    "spectral_rolloff": {
        "dmean": 1047.80847168,
        "dmean2": 1517.06970215,
        "dvar": 1690782.75,
        "dvar2": 2688473.25,
        "max": 18949.21875,
        "mean": 3052.26904297,
        "median": 2454.78515625,
        "min": 86.1328125,
        "var": 5817187
    },
    "spectral_skewness": {
        "dmean": 0.12550291419,
        "dmean2": 0.193012923002,
        "dvar": 0.0144211649895,
        "dvar2": 0.0302191786468,
        "max": 3.10056090355,
        "mean": 1.24353218079,
        "median": 1.21944928169,
        "min": 0.0106515986845,
        "var": 0.0928850024939
    },
    "spectral_spread": {
        "dmean": 441868.84375,
        "dmean2": 652787.5625,
        "dvar": 745694887936,
        "dvar2": 956461416448,
        "max": 40297192,
        "mean": 5497893,
        "median": 5439532,
        "min": 1449038.375,
        "var": 1.89621180826e+12
    },
    "spectral_strongpeak": {
        "dmean": 0.64389616251,
        "dmean2": 1.07035815716,
        "dvar": 0.973315060139,
        "dvar2": 2.49573278427,
        "max": 12.2968683243,
        "mean": 1.11674201488,
        "median": 0.628003001213,
        "min": 9.64557145267e-09,
        "var": 1.82413244247
    },
    "zerocrossingrate": {
        "dmean": 0.0218845997006,
        "dmean2": 0.0229688789696,
        "dvar": 0.000575558107812,
        "dvar2": 0.000532361271325,
        "max": 0.5146484375,
        "mean": 0.107563540339,
        "median": 0.09326171875,
        "min": 0.0078125,
        "var": 0.00354799348861
    },
    "barkbands": {
        "dmean": [0.000130192682263, 0.00977078825235, 0.00285939779133, 0.00158068514429, 0.000613467535004, 0.000283450237475, 0.000236680571106, 0.000797840359155, 0.000686203595251, 0.000926765613258, 0.000372662645532, 0.000303401611745, 0.000444938486908, 0.000452279811725, 0.000259994441876, 0.000145425481605, 0.000168868806213, 0.000177111374796, 0.000176380068297, 0.000200462905923, 0.000239642569795, 0.000281966757029, 0.000161160496646, 0.000126228478621, 9.71930203377e-05, 7.19235249562e-05, 6.22775041847e-06],
        "dmean2": [0.000206787255593, 0.016373841092, 0.00550934532657, 0.00278387125582, 0.00108367449138, 0.000432298518717, 0.000379365228582, 0.00132758752443, 0.00100021215621, 0.00143382279202, 0.000581069209147, 0.000497699307743, 0.00071912893327, 0.000735957932193, 0.000427627062891, 0.000239847126068, 0.000280711770756, 0.000279207597487, 0.000274130958132, 0.000307036767481, 0.000311662617605, 0.000404527061619, 0.000202671988518, 0.000148209510371, 0.000121914192277, 7.26162688807e-05, 8.07069318398e-06],
        "dvar": [7.21628623523e-08, 0.000622950028628, 7.26792422938e-05, 1.93440682779e-05, 2.14701094592e-06, 2.93509827998e-07, 1.39330083471e-07, 1.35258710543e-06, 6.74518150845e-06, 8.95819539437e-06, 2.55343934441e-06, 1.02360320398e-06, 1.22232938793e-06, 1.68119584032e-06, 5.21704578205e-07, 1.05111588766e-07, 1.25512471527e-07, 1.06143012601e-07, 1.13646976274e-07, 1.48843355419e-07, 1.97293360316e-07, 2.9105098065e-07, 1.04458166561e-07, 5.69016442853e-08, 4.05339868337e-08, 2.75230327418e-08, 2.38129571617e-10],
        "dvar2": [1.83075584914e-07, 0.00157987396233, 0.000208752870094, 4.97016590089e-05, 5.93721551922e-06, 7.06292155428e-07, 3.55770964688e-07, 3.46083038494e-06, 1.21702551041e-05, 2.07539342227e-05, 5.77731225349e-06, 2.59770808952e-06, 2.91966307486e-06, 4.09716994909e-06, 1.32037257572e-06, 2.80996260926e-07, 3.43872841313e-07, 2.33629123159e-07, 2.81348263798e-07, 3.74311127871e-07, 3.31299190748e-07, 5.83594783166e-07, 1.66839342342e-07, 6.30002077173e-08, 5.54455361623e-08, 2.52952307989e-08, 3.95050492319e-10],
        "max": [0.00378954201005, 0.179212123156, 0.0569430142641, 0.0603223629296, 0.0225322190672, 0.0139322457835, 0.00531743979082, 0.0221752207726, 0.0917516872287, 0.0499383322895, 0.0499545000494, 0.019433574751, 0.0187546499074, 0.0274246670306, 0.00988232064992, 0.00518068345264, 0.00580343790352, 0.00780247477815, 0.00489790411666, 0.00921161193401, 0.00504553271458, 0.0114217866212, 0.00334482523613, 0.00395098421723, 0.00316806184128, 0.00174140010495, 0.000475516018923],
        "mean": [0.00018523678591, 0.00752208055928, 0.00175207143184, 0.00122814695351, 0.000698659860063, 0.000598570681177, 0.000473965017591, 0.0012893860694, 0.00122267776169, 0.00142778386362, 0.000613579177298, 0.000442446907982, 0.000690215907525, 0.000742062868085, 0.000397394644096, 0.00022030211403, 0.000290115800453, 0.000329830567352, 0.000346842803992, 0.000428344850661, 0.000464302836917, 0.000666538544465, 0.000349564536009, 0.000287951872451, 0.000187320503755, 0.000127336650621, 1.31143951876e-05],
        "median": [6.0969241531e-06, 1.12340721898e-05, 6.59031593386e-06, 6.34517346043e-05, 0.00025985125103, 0.000317638798151, 0.000306372356135, 0.000897927384358, 0.00020674651023, 0.000215634936467, 0.000138407092891, 9.0647052275e-05, 0.00011044513667, 0.000137148352223, 0.000108731866931, 8.6549174739e-05, 0.000134750676807, 0.000146969046909, 0.000113828536996, 0.000168536877027, 0.000131269480335, 0.000159057337441, 8.58547282405e-05, 8.33419690025e-05, 3.92817892134e-05, 1.30821426865e-05, 7.88662646301e-07],
        "min": [8.260432329e-24, 3.5360131563e-23, 3.03567276291e-23, 2.94520524767e-23, 2.11746975035e-23, 2.42161333687e-23, 7.44467095137e-23, 6.76129778857e-23, 7.28453029434e-23, 8.85437674859e-23, 6.06529906475e-23, 7.19991076276e-23, 5.9284373775e-23, 1.47817867136e-22, 1.49806528681e-22, 7.94958232039e-23, 1.73049362309e-22, 1.32325030233e-22, 2.48603140284e-22, 3.09684274144e-22, 5.05796104924e-22, 4.4149043585e-22, 7.78870164872e-22, 8.8668066721e-22, 1.17863695227e-21, 1.85267979645e-21, 2.51287372674e-21],
        "var": [1.99232601972e-07, 0.000495230546221, 4.13648886024e-05, 1.57047379616e-05, 2.19772914534e-06, 8.90028786671e-07, 3.4953873751e-07, 2.52547306445e-06, 2.77099406958e-05, 1.96743039851e-05, 6.61007243252e-06, 1.66669087776e-06, 2.32898719332e-06, 4.15196836911e-06, 9.33674925818e-07, 1.66536864299e-07, 1.88220838027e-07, 2.47591884772e-07, 3.02397495489e-07, 4.64358066665e-07, 5.7115630625e-07, 1.28767771912e-06, 3.43194813013e-07, 2.31289519093e-07, 1.3841179225e-07, 9.16694418152e-08, 1.32080113513e-09]
    },
    "erbbands": {
        "dmean": [0.22487694025, 2.39442396164, 3.95728969574, 4.18888044357, 3.96688604355, 1.40123820305, 0.889861285686, 2.89030742645, 3.67108511925, 10.0983009338, 15.508518219, 18.4552536011, 30.0516014099, 14.2225189209, 13.8700828552, 14.8502883911, 20.1242237091, 21.9376792908, 15.4449014664, 12.1371412277, 6.85874843597, 8.44689559937, 9.4552154541, 9.07573223114, 9.68867492676, 10.0609750748, 8.64467430115, 9.71601772308, 11.7604503632, 7.24376964569, 4.15064907074, 3.16720938683, 2.0571577549, 1.2014977932, 0.614181697369, 0.367362886667, 0.111817799509, 0.0174633804709, 0.00111123302486, 6.57505661366e-05],
        "dmean2": [0.384717404842, 4.02726888657, 7.28120613098, 7.49836826324, 6.90589857101, 2.43531727791, 1.49020433426, 4.37851810455, 5.53318405151, 17.0962638855, 25.1614589691, 26.4985294342, 46.0307846069, 22.2393417358, 22.2256832123, 24.2322692871, 32.7838897705, 35.7665023804, 25.3340930939, 20.0890617371, 11.2847080231, 13.9543304443, 15.0401449203, 14.4829034805, 15.1812009811, 15.4432630539, 11.053273201, 13.8269510269, 17.7735767365, 9.82042694092, 5.18093061447, 3.65622878075, 2.5148460865, 1.43274509907, 0.75062251091, 0.403889596462, 0.117659680545, 0.0220862980932, 0.00139419885818, 8.60057698446e-05],
        "dvar": [0.322798758745, 38.6205635071, 130.255615234, 99.6081619263, 95.5766983032, 19.4592266083, 4.52637290955, 36.0468826294, 38.258140564, 144.752853394, 1112.00891113, 4989.63525391, 11108.7988281, 3202.08862305, 2332.58911133, 2466.81787109, 2589.47290039, 3690.74121094, 1765.63232422, 1150.30053711, 222.257568359, 317.519744873, 329.857635498, 348.964385986, 367.282592773, 487.695526123, 287.859985352, 310.394775391, 538.148742676, 186.715820312, 66.9673538208, 36.1445236206, 17.2499961853, 6.13080501556, 1.65541911125, 0.718554854393, 0.0681177973747, 0.00203158892691, 7.13593908586e-06, 2.45692479695e-08],
        "dvar2": [0.832117557526, 98.8474731445, 366.429412842, 262.921630859, 253.263671875, 53.0664978027, 11.8157987595, 85.040725708, 96.1943740845, 365.665527344, 2704.24584961, 9009.26171875, 25634.0371094, 7887.25146484, 5643.92236328, 6367.50927734, 6326.33251953, 9046.58789062, 4672.59472656, 2758.05834961, 592.784484863, 840.646728516, 740.506347656, 886.683776855, 892.693481445, 1234.2532959, 461.588806152, 614.830505371, 1206.98205566, 347.398254395, 102.911781311, 51.5994796753, 23.4884319305, 7.8706703186, 2.02632284164, 0.808168053627, 0.05643350631, 0.00266106403433, 1.12862035166e-05, 4.48046471035e-08],
        "max": [3.66750860214, 45.4827156067, 80.2864608765, 133.560317993, 84.5536346436, 122.860671997, 43.4366645813, 169.867263794, 89.8323364258, 227.881637573, 973.243896484, 2623.21289062, 1899.06396484, 1373.32458496, 1315.82385254, 1002.4263916, 796.983276367, 1049.01330566, 738.398986816, 760.370666504, 255.774536133, 346.240570068, 449.743499756, 288.528167725, 333.647949219, 590.066467285, 185.678741455, 207.705169678, 460.323486328, 214.10609436, 84.6666259766, 67.1111526489, 104.282714844, 56.549533844, 13.9332952499, 8.58282566071, 2.84698557854, 0.49701449275, 0.0667845606804, 0.00716310879216],
        "mean": [0.185801133513, 1.76633036137, 2.52151894569, 3.17336463928, 3.72252941132, 1.64202868938, 1.34878051281, 6.156498909, 8.38866996765, 15.9789352417, 26.4891223907, 34.1539382935, 47.4208030701, 23.706073761, 23.5852546692, 23.5149517059, 32.8960456848, 38.2419624329, 25.7044010162, 19.1456165314, 12.1715784073, 15.7415485382, 18.485748291, 16.0826034546, 20.0478401184, 21.5425491333, 16.3098926544, 20.7844524384, 25.5338878632, 16.1205101013, 9.1444311142, 6.44215202332, 4.56819534302, 2.36482667923, 1.22786843777, 0.613754272461, 0.220481485128, 0.0338464155793, 0.00233783270232, 0.000144780482515],
        "median": [0.000376282900106, 0.00302558275871, 0.01013554167, 0.128347083926, 1.10621774197, 0.436029821634, 0.308221906424, 3.05082535744, 4.90887498856, 11.4085445404, 14.05671978, 7.06436347961, 8.90792942047, 3.90473651886, 6.89389276505, 5.17142820358, 5.88521718979, 8.06064033508, 6.80713415146, 6.24702787399, 5.2212843895, 7.86164188385, 8.42116737366, 5.9849190712, 7.52796840668, 7.81572341919, 4.86832237244, 5.53237867355, 5.95464801788, 3.78351330757, 2.32861304283, 1.91471135616, 1.31380534172, 0.520311772823, 0.247783064842, 0.0821521729231, 0.0196556653827, 0.00249940133654, 0.000161582196597, 3.49363108398e-05],
        "min": [9.10982833749e-22, 8.41496410926e-21, 2.92322591172e-20, 9.58520027097e-20, 9.20011732279e-20, 3.36249080562e-20, 4.0748745819e-20, 3.07601069451e-19, 1.0247597329e-18, 1.00078907272e-18, 1.3461095781e-18, 1.43606154061e-18, 3.0076859895e-18, 2.69469573496e-18, 2.65336586245e-18, 2.96542698637e-18, 2.7823423451e-18, 6.77074793771e-18, 5.71183846681e-18, 8.94053284712e-18, 5.11206676185e-18, 1.03386351728e-17, 8.07575439419e-18, 1.18707754993e-17, 1.36902667901e-17, 1.33174449075e-17, 2.02567565376e-17, 1.88971677413e-17, 1.63051460066e-17, 2.07154182611e-17, 1.95167508355e-17, 2.01252513639e-17, 1.35773210677e-17, 1.28806430861e-17, 8.92959503788e-18, 6.76476990342e-18, 3.50331503495e-18, 1.18232057899e-18, 3.22546594608e-19, 4.0979493667e-20],
        "var": [0.260380029678, 29.8571166992, 78.7776260376, 81.0718002319, 78.7846984863, 23.3900909424, 10.7931051254, 114.864761353, 116.24772644, 296.071502686, 2406.1965332, 20438.6777344, 24745.3613281, 6330.85546875, 5815.51464844, 4157.45703125, 4703.95263672, 9288.99023438, 3282.78833008, 2203.95532227, 401.136474609, 517.369262695, 756.979858398, 683.750549316, 1031.43334961, 1460.49890137, 742.865722656, 1010.98199463, 2056.61083984, 674.415466309, 230.261901855, 118.950012207, 65.0568695068, 23.3547458649, 5.70632314682, 2.03970313072, 0.265031069517, 0.00636206194758, 3.50248956238e-05, 1.79525954991e-07]
    },
    "gfcc": {
        "mean": [-10.8755540848, 27.4119472504, -138.494735718, 15.7288141251, -79.998085022, 10.0023031235, -38.436832428, 10.9264411926, -20.1234607697, 7.82798433304, -18.9357128143, -3.0057144165, -20.0448532104],
        "cov": [[7253.08691406, -106.902267456, 1197.21948242, 656.353515625, -153.450866699, 375.817382812, 333.799835205, -21.8870067596, -164.075576782, 51.8492050171, -221.385879517, -83.5556640625, -97.8776550293], [-106.902267456, 2041.78613281, 482.043548584, 320.56451416, 399.364227295, 315.820343018, 258.806304932, 102.015953064, 180.594711304, 96.6490325928, 155.57383728, 30.0384902954, 94.3043136597], [1197.21948242, 482.043548584, 1261.90393066, 495.312927246, 389.720825195, 159.717041016, 179.53163147, 226.856719971, 110.731277466, 101.055419922, -14.9295511246, 24.6721477509, -39.6153411865], [656.353515625, 320.56451416, 495.312927246, 511.064880371, 413.920654297, 263.952606201, 212.882278442, 102.931938171, 118.060264587, 48.1970062256, 59.5165023804, 24.3376560211, 52.0375671387], [-153.450866699, 399.364227295, 389.720825195, 413.920654297, 676.414306641, 268.651184082, 215.325317383, 129.652023315, 149.681838989, 42.4827232361, 96.4603424072, 57.6482429504, 82.0755462646], [375.817382812, 315.820343018, 159.717041016, 263.952606201, 268.651184082, 333.184020996, 239.396530151, 74.830406189, 90.9340744019, 61.6449966431, 82.7791061401, 39.6800689697, 70.4319229126], [333.799835205, 258.806304932, 179.53163147, 212.882278442, 215.325317383, 239.396530151, 271.513763428, 117.416786194, 92.8547821045, 57.7026672363, 81.9342346191, 40.8008384705, 62.819732666], [-21.8870067596, 102.015953064, 226.856719971, 102.931938171, 129.652023315, 74.830406189, 117.416786194, 213.20664978, 145.738052368, 91.5484619141, 69.9056777954, 46.2533950806, 40.6808280945], [-164.075576782, 180.594711304, 110.731277466, 118.060264587, 149.681838989, 90.9340744019, 92.8547821045, 145.738052368, 197.421615601, 102.133964539, 87.5605621338, 38.9734954834, 64.0084152222], [51.8492050171, 96.6490325928, 101.055419922, 48.1970062256, 42.4827232361, 61.6449966431, 57.7026672363, 91.5484619141, 102.133964539, 135.985290527, 101.441497803, 53.38022995, 34.8118629456], [-221.385879517, 155.57383728, -14.9295511246, 59.5165023804, 96.4603424072, 82.7791061401, 81.9342346191, 69.9056777954, 87.5605621338, 101.441497803, 184.855148315, 87.2092056274, 70.131477356], [-83.5556640625, 30.0384902954, 24.6721477509, 24.3376560211, 57.6482429504, 39.6800689697, 40.8008384705, 46.2533950806, 38.9734954834, 53.38022995, 87.2092056274, 93.2926330566, 52.7818717957], [-97.8776550293, 94.3043136597, -39.6153411865, 52.0375671387, 82.0755462646, 70.4319229126, 62.819732666, 40.6808280945, 64.0084152222, 34.8118629456, 70.131477356, 52.7818717957, 93.6530456543]],
        "icov": [[0.000275275990134, 7.36270885682e-05, -0.000235814106418, -0.000423790741479, 0.000455668341601, -0.000195965345483, -0.000336228811648, 0.000267845578492, 0.000378221680876, -0.000496066175401, 0.000433008477557, 6.07791989751e-05, -0.000226112621021], [7.36270885682e-05, 0.000760727038141, -0.000626807683147, 0.000490837497637, 9.46243744693e-06, -0.000556770013645, -0.000294241850497, 0.000902049592696, -0.000691622903105, 0.000428094674135, -0.000859928608406, 0.000953137525357, -0.000590628711507], [-0.000235814106418, -0.000626807683147, 0.00297419633716, -0.00260360096581, -0.000678914599121, 0.00152758869808, 0.000298900413327, -0.00301816919819, 0.00189217121806, -0.00239360192791, 0.00244930619374, -0.00218553771265, 0.00264026480727], [-0.000423790741479, 0.000490837497637, -0.00260360096581, 0.0087414747104, -0.0025367832277, -0.00288240937516, -0.000318730599247, 0.00271738949232, -0.00359769817442, 0.00336082070135, -0.00309932325035, 0.00278921891004, -0.00151271617506], [0.000455668341601, 9.46243744693e-06, -0.000678914599121, -0.0025367832277, 0.00439547421411, -0.00153014739044, -6.87376086717e-05, 0.000106396895717, -0.000960671924986, 0.00195657531731, -0.000289307005005, -0.0010901321657, -0.000352067087078], [-0.000195965345483, -0.000556770013645, 0.00152758869808, -0.00288240937516, -0.00153014739044, 0.0122488774359, -0.00815263669938, 0.00213823677041, 0.000642675615381, -0.00422486336902, 0.00204854388721, -0.000783608644269, -0.000688677537255], [-0.000336228811648, -0.000294241850497, 0.000298900413327, -0.000318730599247, -6.87376086717e-05, -0.00815263669938, 0.0142009668052, -0.00665929261595, 0.0019843513146, 0.00274167186581, -0.00264382199384, 0.00118239712901, -0.00125499127898], [0.000267845578492, 0.000902049592696, -0.00301816919819, 0.00271738949232, 0.000106396895717, 0.00213823677041, -0.00665929261595, 0.0165360569954, -0.0101710259914, -0.000441128388047, -8.01386850071e-05, -0.00187117245514, 0.000397750467528], [0.000378221680876, -0.000691622903105, 0.00189217121806, -0.00359769817442, -0.000960671924986, 0.000642675615381, 0.0019843513146, -0.0101710259914, 0.0197556577623, -0.0103893438354, 0.00199834653176, 0.00509174726903, -0.00666978629306], [-0.000496066175401, 0.000428094674135, -0.00239360192791, 0.00336082070135, 0.00195657531731, -0.00422486336902, 0.00274167186581, -0.000441128388047, -0.0103893438354, 0.0243819877505, -0.011062043719, -0.00263323588297, 0.00379125960171], [0.000433008477557, -0.000859928608406, 0.00244930619374, -0.00309932325035, -0.000289307005005, 0.00204854388721, -0.00264382199384, -8.01386850071e-05, 0.00199834653176, -0.011062043719, 0.0183990187943, -0.00988846644759, -0.000861100386828], [6.07791989751e-05, 0.000953137525357, -0.00218553771265, 0.00278921891004, -0.0010901321657, -0.000783608644269, 0.00118239712901, -0.00187117245514, 0.00509174726903, -0.00263323588297, -0.00988846644759, 0.0273147020489, -0.0122967595235], [-0.000226112621021, -0.000590628711507, 0.00264026480727, -0.00151271617506, -0.000352067087078, -0.000688677537255, -0.00125499127898, 0.000397750467528, -0.00666978629306, 0.00379125960171, -0.000861100386828, -0.0122967595235, 0.0252134539187]]
    },
    "melbands": {
        "dmean": [0.0024548638612, 0.00245552929118, 0.000751336629037, 0.000181537718163, 3.36059056281e-05, 6.38950514258e-05, 5.30010438524e-05, 0.000129860389279, 0.000135044334456, 0.000108154265035, 0.000148927123519, 5.74966325075e-05, 5.28148520971e-05, 3.61103302566e-05, 3.62242863048e-05, 4.61036106572e-05, 4.58038230136e-05, 2.83751323877e-05, 1.58039692906e-05, 1.48799126691e-05, 8.09160337667e-06, 9.34838044486e-06, 1.06441748358e-05, 7.75420630816e-06, 8.06703792477e-06, 6.99897054801e-06, 7.84496933193e-06, 6.42689701635e-06, 5.10402924192e-06, 6.36686627331e-06, 6.34777234154e-06, 7.29795965526e-06, 5.62750301469e-06, 3.83535689252e-06, 2.69917995865e-06, 2.67793961939e-06, 1.75929244506e-06, 1.52873360548e-06, 1.41137525134e-06, 9.36882486258e-07],
        "dmean2": [0.0041161342524, 0.00428826501593, 0.00134478253312, 0.000314363802318, 5.68881005165e-05, 9.59916214924e-05, 8.10528072179e-05, 0.000218988614506, 0.000213992490899, 0.000155812755111, 0.000229046811, 9.09332957235e-05, 8.31409852253e-05, 5.89745977777e-05, 5.94522134634e-05, 7.51782645239e-05, 7.53249914851e-05, 4.66931305709e-05, 2.5962406653e-05, 2.48612541327e-05, 1.34697211251e-05, 1.55543439178e-05, 1.73678727151e-05, 1.24877169583e-05, 1.31747001433e-05, 1.11088365884e-05, 1.27931634779e-05, 9.78701882559e-06, 6.72084706821e-06, 8.52391804074e-06, 9.76881983661e-06, 1.10072523967e-05, 8.04211322247e-06, 5.34379751116e-06, 3.66540621144e-06, 3.39864277521e-06, 2.13526209336e-06, 2.00265935746e-06, 1.86286979442e-06, 1.15458055916e-06],
        "dvar": [3.81534446205e-05, 4.45456062153e-05, 3.17962394547e-06, 1.85342273085e-07, 8.36047586716e-09, 1.53879256004e-08, 7.85590881236e-09, 2.50035530058e-08, 1.15298057324e-07, 1.55584615413e-07, 2.79338536302e-07, 5.6401798787e-08, 4.94140088847e-08, 1.18221201717e-08, 8.51639114785e-09, 1.49321763843e-08, 1.74696435096e-08, 6.52333254081e-09, 1.82713966179e-09, 1.17703358171e-09, 3.56870422102e-10, 3.87175874694e-10, 5.0300263954e-10, 2.3277345329e-10, 3.00782287965e-10, 2.29492438941e-10, 2.07591707713e-10, 1.99121261146e-10, 9.24147425252e-11, 1.67482180902e-10, 1.40098307955e-10, 2.24256266335e-10, 1.26772758957e-10, 5.49521539384e-11, 3.03847641492e-11, 3.11608724934e-11, 1.07575788555e-11, 9.21411124483e-12, 9.64607560494e-12, 3.79137910303e-12],
        "dvar2": [9.63294660323e-05, 0.000118400879728, 8.36782510305e-06, 5.00033195294e-07, 2.11587796173e-08, 3.68637493864e-08, 1.97731893081e-08, 6.32776746556e-08, 2.62745572854e-07, 2.86052795673e-07, 6.44614090106e-07, 1.38550888096e-07, 1.14658817552e-07, 3.08855199194e-08, 2.04695833617e-08, 3.68800243677e-08, 4.26979234192e-08, 1.69782676807e-08, 4.3720693732e-09, 3.0262488071e-09, 9.93026993967e-10, 1.0519480842e-09, 1.28689936485e-09, 5.09464248566e-10, 7.8694900596e-10, 5.75849090634e-10, 5.28424248802e-10, 5.01490571292e-10, 1.55461032936e-10, 3.07914277409e-10, 3.21846216345e-10, 5.162599237e-10, 2.79384931856e-10, 1.01453331847e-10, 5.87806747721e-11, 5.85462928138e-11, 1.57674324985e-11, 1.3846890648e-11, 1.71770844076e-11, 5.08284516906e-12],
        "max": [0.041764959693, 0.050165515393, 0.0207609161735, 0.00613532448187, 0.00268040481023, 0.00335691752844, 0.00132991862483, 0.00335702835582, 0.0108090145513, 0.0142201539129, 0.0095023503527, 0.00561469700187, 0.00660185376182, 0.00191960379016, 0.0018544967752, 0.00194566242862, 0.0023044005502, 0.00185694894753, 0.000726153666619, 0.000677071046084, 0.000321500789141, 0.000332704861648, 0.000497309607454, 0.000395360926632, 0.000276551902061, 0.000287600269075, 0.000265764974756, 0.000360804930096, 0.000101179131889, 0.000133193796501, 0.000131434426294, 0.000348994071828, 0.000177839232492, 0.000127137071104, 5.77434839215e-05, 5.73784418521e-05, 4.31107619079e-05, 7.26566722733e-05, 6.49680805509e-05, 4.42764176114e-05],
        "mean": [0.00195338390768, 0.00174495927058, 0.000588867347687, 0.000191200364497, 4.96162792842e-05, 0.000139122334076, 0.000118160685815, 0.000201640927116, 0.000233179875067, 0.000194019303308, 0.000230196936172, 9.11665920285e-05, 8.74869219842e-05, 5.32454687345e-05, 6.01566171099e-05, 6.92852918291e-05, 7.60053444537e-05, 4.5361201046e-05, 2.42997120949e-05, 2.21580994548e-05, 1.30672206069e-05, 1.57595732162e-05, 1.90765567822e-05, 1.43440811371e-05, 1.26280247059e-05, 1.28973715618e-05, 1.60836589203e-05, 1.32275563374e-05, 9.25925905904e-06, 1.09825286927e-05, 1.25421674966e-05, 1.50941914399e-05, 1.18582320283e-05, 7.96555377747e-06, 5.36924335393e-06, 4.62059369966e-06, 3.61516299563e-06, 3.37347523782e-06, 2.52788640864e-06, 1.80672907391e-06],
        "median": [4.0002582864e-06, 3.73888042304e-06, 5.720644549e-05, 6.68501743348e-05, 8.02136673883e-06, 7.23972480046e-05, 6.97472860338e-05, 0.000143029232277, 9.7760144854e-05, 3.51708767994e-05, 3.94159978896e-05, 1.29601021399e-05, 2.00171816687e-05, 1.40363290484e-05, 1.1389231986e-05, 1.08213198473e-05, 1.40817573993e-05, 1.08907452159e-05, 6.37090033706e-06, 8.47995306685e-06, 5.07399590788e-06, 7.64998821978e-06, 8.62501019583e-06, 6.19356478637e-06, 3.97587973566e-06, 3.95015786125e-06, 6.29819169262e-06, 4.56490488432e-06, 2.95180734611e-06, 2.97851124742e-06, 3.02288844978e-06, 3.37960113939e-06, 2.87209513772e-06, 1.85316116585e-06, 1.28280180434e-06, 1.1563586213e-06, 1.08892686512e-06, 9.98471477942e-07, 5.5104698049e-07, 3.74536767822e-07],
        "min": [9.95573859053e-24, 1.45279748195e-23, 1.52150237585e-23, 4.78347661328e-24, 1.12126342207e-24, 6.51302496012e-24, 1.60770657122e-23, 1.26885594478e-23, 9.34607927284e-24, 1.04105776447e-23, 1.46239728807e-23, 1.04826274666e-23, 8.52993561321e-24, 6.38087577014e-24, 7.70106210516e-24, 7.5141004929e-24, 1.28487195108e-23, 9.24448187686e-24, 1.17926422291e-23, 8.0760360924e-24, 5.49679935366e-24, 9.99880092962e-24, 9.83767293429e-24, 6.42611575976e-24, 1.01907757529e-23, 7.02549898087e-24, 1.15860261474e-23, 7.62068112322e-24, 1.65626017108e-23, 5.99559137086e-24, 1.33328568589e-23, 8.75254190548e-24, 8.55225012164e-24, 1.35799722707e-23, 1.05114437666e-23, 1.18913255729e-23, 1.25208105429e-23, 8.14823185359e-24, 1.08796248726e-23, 1.09483591121e-23],
        "var": [3.10312971123e-05, 3.1302406569e-05, 2.54718952419e-06, 1.83385495234e-07, 1.84782393831e-08, 4.84289834901e-08, 2.33944028594e-08, 4.93382543709e-08, 3.15651959681e-07, 6.11801851846e-07, 6.17389900981e-07, 1.11154015769e-07, 1.31763925992e-07, 1.91170599351e-08, 1.80611685607e-08, 2.56783714292e-08, 4.35915907815e-08, 1.21902266059e-08, 3.46956641195e-09, 1.97638017063e-09, 5.31854116304e-10, 5.60082313861e-10, 9.20314435771e-10, 5.04043529137e-10, 5.07970665531e-10, 5.46745204666e-10, 6.34227448337e-10, 5.53497747635e-10, 2.34519514919e-10, 3.83603232512e-10, 3.88431287135e-10, 7.94477206245e-10, 4.21865903322e-10, 1.75737521757e-10, 8.37245481278e-11, 7.38530139821e-11, 3.58480745088e-11, 3.33938848796e-11, 2.73918457361e-11, 1.41529860748e-11]
    },
    "mfcc": {
        "mean": [-646.820800781, 64.7270889282, -12.503484726, 1.83015787601, -17.323841095, -4.226583004, -11.0365934372, -2.04614686966, -1.93873798847, 3.3051199913, 5.69897794724, 3.62650346756, -2.84342956543],
        "cov": [[5963.85058594, -129.463897705, 822.715759277, 409.73147583, -203.552368164, 434.276794434, 243.095611572, 98.8428955078, 58.5898208618, 103.61190033, 42.752532959, -210.149353027, -86.1328277588], [-129.463897705, 1485.73303223, 378.07635498, 227.198989868, 229.852218628, 217.825149536, 173.810836792, 131.263504028, 117.848770142, 113.360099792, 137.244155884, 95.1290054321, 85.6377563477], [822.715759277, 378.07635498, 777.890686035, 352.589782715, 182.686889648, 114.729225159, 129.138717651, 106.820892334, 125.622711182, 107.032836914, 74.274559021, 89.5922164917, 52.5385055542], [409.73147583, 227.198989868, 352.589782715, 395.258483887, 304.05090332, 177.881896973, 160.811538696, 138.355728149, 126.583679199, 100.346641541, 47.4053573608, 63.9135780334, 55.207611084], [-203.552368164, 229.852218628, 182.686889648, 304.05090332, 462.805145264, 201.522659302, 161.867385864, 142.74508667, 140.754806519, 94.5799484253, 51.8764076233, 79.3072509766, 62.6441688538], [434.276794434, 217.825149536, 114.729225159, 177.881896973, 201.522659302, 362.492492676, 215.820098877, 146.19708252, 90.683921814, 83.634223938, 73.8849945068, -11.7152767181, 29.9577026367], [243.095611572, 173.810836792, 129.138717651, 160.811538696, 161.867385864, 215.820098877, 249.135910034, 151.194381714, 78.6508255005, 70.4049072266, 66.8658599854, 36.8687400818, 50.148349762], [98.8428955078, 131.263504028, 106.820892334, 138.355728149, 142.74508667, 146.19708252, 151.194381714, 172.666137695, 117.290779114, 80.9277420044, 55.4970932007, 37.897354126, 47.8465270996], [58.5898208618, 117.848770142, 125.622711182, 126.583679199, 140.754806519, 90.683921814, 78.6508255005, 117.290779114, 163.954360962, 114.4323349, 49.7749938965, 47.1453056335, 48.9704627991], [103.61190033, 113.360099792, 107.032836914, 100.346641541, 94.5799484253, 83.634223938, 70.4049072266, 80.9277420044, 114.4323349, 142.337036133, 72.463722229, 60.5956535339, 53.0780220032], [42.752532959, 137.244155884, 74.274559021, 47.4053573608, 51.8764076233, 73.8849945068, 66.8658599854, 55.4970932007, 49.7749938965, 72.463722229, 113.529922485, 68.1292953491, 43.2704772949], [-210.149353027, 95.1290054321, 89.5922164917, 63.9135780334, 79.3072509766, -11.7152767181, 36.8687400818, 37.897354126, 47.1453056335, 60.5956535339, 68.1292953491, 136.817321777, 75.9311523438], [-86.1328277588, 85.6377563477, 52.5385055542, 55.207611084, 62.6441688538, 29.9577026367, 50.148349762, 47.8465270996, 48.9704627991, 53.0780220032, 43.2704772949, 75.9311523438, 100.157226562]],
