{
"lowlevel": {
    "average_loudness": 0.155645206571,
    "barkbands_crest": {
        "dmean": 2.43092656136,
        "dmean2": 3.94641423225,
        "dvar": 5.84913492203,
        "dvar2": 14.2272157669,
        "max": 22.566904068,
        "mean": 7.34872674942,
        "median": 6.59299039841,
        "min": 2.4626660347,
        "var": 9.55408287048
    },
    "barkbands_flatness_db": {
        "dmean": 0.014209697023,
        "dmean2": 0.0228492468596,
        "dvar": 0.00021234844462,
        "dvar2": 0.000523891649209,
        "max": 0.205786332488,
        "mean": 0.0802802965045,
        "median": 0.0783264636993,
        "min": 0.026637410745,
        "var": 0.000657129508909
    },
    "barkbands_kurtosis": {
        "dmean": 0.768740057945,
        "dmean2": 1.2912569046,
        "dvar": 2.13022899628,
        "dvar2": 5.76860284805,
        "max": 30.5105018616,
        "mean": -0.0804365649819,
        "median": -0.381474494934,
        "min": -1.7583912611,
        "var": 2.160841465
    },
    "barkbands_skewness": {
        "dmean": 0.366950005293,
        "dmean2": 0.591956913471,
        "dvar": 0.148663148284,
        "dvar2": 0.362882107496,
        "max": 5.32018995285,
        "mean": 0.437588244677,
        "median": 0.397455960512,
        "min": -1.95846176147,
        "var": 0.410743504763
    },
    "barkbands_spread": {
        "dmean": 5.03170442581,
        "dmean2": 7.9956073761,
        "dvar": 24.0394515991,
        "dvar2": 58.381023407,
        "max": 73.4996261597,
        "mean": 30.9890708923,
        "median": 29.1725997925,
        "min": 6.3011007309,
        "var": 93.5166168213
    },
    "dissonance": {
        "dmean": 0.016309497878,
        "dmean2": 0.0277838278562,
        "dvar": 0.000257000763668,
        "dvar2": 0.000723650795408,
        "max": 0.499910920858,
        "mean": 0.474340856075,
        "median": 0.479506641626,
        "min": 0.345014482737,
        "var": 0.0004165773571
    },
    "dynamic_complexity": 15.9961824417,
    "erbbands_crest": {
        "dmean": 3.11546325684,
        "dmean2": 5.20910406113,
        "dvar": 8.79237937927,
        "dvar2": 24.1326770782,
        "max": 31.7378292084,
        "mean": 9.82977581024,
        "median": 8.54887771606,
        "min": 2.765178442,
        "var": 29.263841629
    },
    "erbbands_flatness_db": {
        "dmean": 0.0140677830204,
        "dmean2": 0.0230241250247,
        "dvar": 0.000166710524354,
        "dvar2": 0.000449981482234,
        "max": 0.269386619329,
        "mean": 0.145965203643,
        "median": 0.141694813967,
        "min": 0.0735790878534,
        "var": 0.00108984368853
    },
    "erbbands_kurtosis": {
        "dmean": 0.843753993511,
        "dmean2": 1.42790567875,
        "dvar": 1.50873231888,
        "dvar2": 4.14389133453,
        "max": 17.5334587097,
        "mean": 0.518178522587,
        "median": 0.223298788071,
        "min": -1.49974989891,
        "var": 2.09032893181
    },
    "erbbands_skewness": {
        "dmean": 0.314558684826,
        "dmean2": 0.509170353413,
        "dvar": 0.0897180661559,
        "dvar2": 0.2286105901,
        "max": 1.70614552498,
        "mean": 0.0120764803141,
        "median": 0.06517431885,
        "min": -2.9353787899,
        "var": 0.319241881371
    },
    "erbbands_spread": {
        "dmean": 5.69803619385,
        "dmean2": 9.51921367645,
        "dvar": 24.4410037994,
        "dvar2": 64.5922546387,
        "max": 81.5959625244,
        "mean": 28.4843540192,
        "median": 27.6689491272,
        "min": 4.38932037354,
        "var": 131.811325073
    },
    "hfc": {
        "dmean": 2.44236683846,
        "dmean2": 3.86790323257,
        "dvar": 21.5726051331,
        "dvar2": 49.7991409302,
        "max": 87.2052078247,
        "mean": 15.6569814682,
        "median": 1.95152711868,
        "min": 1.15688646674e-16,
        "var": 499.907653809
    },
    "melbands_crest": {
        "dmean": 2.54897284508,
        "dmean2": 4.09937095642,
        "dvar": 7.1043381691,
        "dvar2": 16.2226409912,
        "max": 26.5620975494,
        "mean": 10.4541683197,
        "median": 9.15622234344,
        "min": 1.69013595581,
        "var": 19.0566864014
    },
    "melbands_flatness_db": {
        "dmean": 0.0172012615949,
        "dmean2": 0.0269569456577,
        "dvar": 0.000408811465604,
        "dvar2": 0.000917305762414,
        "max": 0.313996642828,
        "mean": 0.139820039272,
        "median": 0.136331230402,
        "min": 0.0023571071215,
        "var": 0.00114855589345
    },
    "melbands_kurtosis": {
        "dmean": 2.30192685127,
        "dmean2": 3.85065674782,
        "dvar": 26.6066818237,
        "dvar2": 71.8333969116,
        "max": 103.85697937,
        "mean": 2.54334568977,
        "median": 1.12063694,
        "min": -1.75189268589,
        "var": 29.186920166
    },
    "melbands_skewness": {
        "dmean": 0.48655167222,
        "dmean2": 0.790618658066,
        "dvar": 0.339470505714,
        "dvar2": 0.827085196972,
        "max": 8.96201705933,
        "mean": 1.26313173771,
        "median": 1.04882979393,
        "min": -0.768231570721,
        "var": 1.00866687298
    },
    "melbands_spread": {
        "dmean": 7.78378295898,
        "dmean2": 12.1733846664,
        "dvar": 54.9820899963,
        "dvar2": 121.038063049,
        "max": 137.209457397,
        "mean": 40.9784507751,
        "median": 40.8506813049,
        "min": 3.29567551613,
        "var": 157.82800293
    },
    "pitch_salience": {
        "dmean": 0.0606745555997,
        "dmean2": 0.100090824068,
        "dvar": 0.00328856473789,
        "dvar2": 0.00847469922155,
        "max": 0.923041343689,
        "mean": 0.545697212219,
        "median": 0.549748182297,
        "min": 0.181748613715,
        "var": 0.00715559581295
    },
    "silence_rate_20dB": {
        "dmean": 0,
        "dmean2": 0,
        "dvar": 0,
        "dvar2": 0,
        "max": 1,
        "mean": 1,
        "median": 1,
        "min": 1,
        "var": 0
    },
    "silence_rate_30dB": {
        "dmean": 0,
        "dmean2": 0,
        "dvar": 0,
        "dvar2": 0,
        "max": 1,
        "mean": 1,
        "median": 1,
        "min": 1,
        "var": 0
    },
    "silence_rate_60dB": {
        "dmean": 0.011222910136,
        "dmean2": 0.0224545095116,
        "dvar": 0.0110969245434,
        "dvar2": 0.0273700673133,
        "max": 1,
        "mean": 0.531528055668,
        "median": 1,
        "min": 0,
        "var": 0.24900983274
    },
    "spectral_centroid": {
        "dmean": 223.556991577,
        "dmean2": 361.165893555,
        "dvar": 66356.6171875,
        "dvar2": 147910.59375,
        "max": 11538.25,
        "mean": 1966.53271484,
        "median": 1918.71337891,
        "min": 600.985351562,
        "var": 279322.375
    },
    "spectral_complexity": {
        "dmean": 1.65441179276,
        "dmean2": 2.70112276077,
        "dvar": 5.94055604935,
        "dvar2": 14.6803636551,
        "max": 58,
        "mean": 16.435590744,
        "median": 5,
        "min": 0,
        "var": 399.576751709
    },
    "spectral_decrease": {
        "dmean": 1.14592502154e-09,
        "dmean2": 1.84121573543e-09,
        "dvar": 8.79156175471e-18,
        "dvar2": 2.26555968577e-17,
        "max": 5.97884668785e-29,
        "mean": -3.4846361352e-09,
        "median": -3.69584918225e-10,
        "min": -3.97240995653e-08,
        "var": 2.92457282543e-17
    },
    "spectral_energy": {
        "dmean": 0.0043951459229,
        "dmean2": 0.00706030242145,
        "dvar": 0.000125961203594,
        "dvar2": 0.000325660163071,
        "max": 0.152156412601,
        "mean": 0.0145719544962,
        "median": 0.00161137396935,
        "min": 1.02676483486e-20,
        "var": 0.000490858161356
    },
    "spectral_energyband_high": {
        "dmean": 0.000233076934819,
        "dmean2": 0.000345379376085,
        "dvar": 2.94001694101e-07,
        "dvar2": 6.37571645257e-07,
        "max": 0.0082480404526,
        "mean": 0.000944304047152,
        "median": 5.70171687286e-05,
        "min": 7.60888952702e-21,
        "var": 2.40758367909e-06
    },
    "spectral_energyband_low": {
        "dmean": 0.00309304823168,
        "dmean2": 0.00498573342338,
        "dvar": 0.000104611513962,
        "dvar2": 0.000265918119112,
        "max": 0.142257869244,
        "mean": 0.0055304793641,
        "median": 0.000267789437203,
        "min": 3.69220351346e-23,
        "var": 0.000153774642968
    },
    "spectral_energyband_middle_high": {
        "dmean": 0.000966471037827,
        "dmean2": 0.0016122731613,
        "dvar": 2.97269957628e-06,
        "dvar2": 7.72377461544e-06,
        "max": 0.0319767892361,
        "mean": 0.00425608223304,
        "median": 0.000859352236148,
        "min": 1.32966617749e-21,
        "var": 3.43792817148e-05
    },
    "spectral_energyband_middle_low": {
        "dmean": 0.00204524025321,
        "dmean2": 0.0032905023545,
        "dvar": 4.36846821685e-05,
        "dvar2": 0.000109193148091,
        "max": 0.0925968214869,
        "mean": 0.00430503720418,
        "median": 0.000434561690781,
        "min": 2.76402245175e-22,
        "var": 7.51522675273e-05
    },
    "spectral_entropy": {
        "dmean": 0.088301025331,
        "dmean2": 0.139177665114,
        "dvar": 0.00742011377588,
        "dvar2": 0.0177240930498,
        "max": 9.81721591949,
        "mean": 7.77417564392,
        "median": 7.78277444839,
        "min": 6.66406583786,
        "var": 0.087140314281
    },
    "spectral_flux": {
        "dmean": 0.0102428793907,
        "dmean2": 0.0163243412971,
        "dvar": 0.000476685760077,
        "dvar2": 0.0010884165531,
        "max": 0.333668619394,
        "mean": 0.0454179905355,
        "median": 0.0205769632012,
        "min": 6.74973132941e-11,
        "var": 0.00297952909023
    },
    "spectral_kurtosis": {
        "dmean": 0.706868469715,
        "dmean2": 1.2057890892,
        "dvar": 0.434433311224,
        "dvar2": 1.24747252464,
        "max": 13.5737056732,
        "mean": 4.61153841019,
        "median": 4.22738742828,
        "min": -1.25383269787,
        "var": 4.07176017761
    },
    "spectral_rms": {
        "dmean": 0.000348382251104,
        "dmean2": 0.000548820011318,
        "dvar": 4.93442371408e-07,
        "dvar2": 1.23947086195e-06,
        "max": 0.0121838124469,
        "mean": 0.00254064006731,
        "median": 0.00125382305123,
        "min": 3.16499886195e-12,
        "var": 7.76169054006e-06
    },
    "spectral_rolloff": {
        "dmean": 407.180908203,
        "dmean2": 669.048034668,
        "dvar": 357539.09375,
        "dvar2": 746151.75,
        "max": 18992.2851562,
        "mean": 2119.90551758,
        "median": 1981.0546875,
        "min": 107.666015625,
        "var": 1090130.5
    },
    "spectral_skewness": {
        "dmean": 0.122103013098,
        "dmean2": 0.203858301044,
        "dvar": 0.010778917931,
        "dvar2": 0.0289187431335,
        "max": 2.80506110191,
        "mean": 1.51004803181,
        "median": 1.47744762897,
        "min": -0.0461214929819,
        "var": 0.114408679307
    },
    "spectral_spread": {
        "dmean": 261670.765625,
        "dmean2": 420013.9375,
        "dvar": 416772685824,
        "dvar2": 766979276800,
        "max": 42017620,
        "mean": 4474082.5,
        "median": 4355832.5,
        "min": 2944988.5,
        "var": 2.60977406771e+12
    },
    "spectral_strongpeak": {
        "dmean": 0.271447569132,
        "dmean2": 0.467931479216,
        "dvar": 0.285132914782,
        "dvar2": 0.774490594864,
        "max": 7.62974262238,
        "mean": 0.414509028196,
        "median": 0.17579986155,
        "min": 0,
        "var": 0.363272219896
    },
    "zerocrossingrate": {
        "dmean": 0.00841831602156,
        "dmean2": 0.0106609016657,
        "dvar": 7.11211687303e-05,
        "dvar2": 0.000105976781924,
        "max": 0.513671875,
        "mean": 0.0826933085918,
        "median": 0.0791015625,
        "min": 0.02587890625,
        "var": 0.000797879416496
    },
    "barkbands": {
        "dmean": [0.000100580407889, 0.00230464735068, 0.00122029345948, 0.000619182945229, 0.00128385797143, 0.00020696723368, 0.000237232845393, 0.000213957348024, 0.000209814897971, 0.000182110976311, 0.000510656565893, 0.000110900575237, 0.00018722981622, 0.00023477007926, 0.000335667340551, 0.000228266755585, 0.000169681501575, 0.000165770223248, 0.00013644718274, 0.000108906206151, 0.000118263553304, 7.11209358997e-05, 3.07163027173e-05, 2.74253470707e-05, 1.49261568367e-05, 9.08091351448e-06, 1.1715214896e-06],
        "dmean2": [0.00017379943165, 0.00378963956609, 0.0021310953889, 0.00105481524952, 0.00202766386792, 0.000328566879034, 0.000376089534257, 0.000352025148459, 0.000327990710502, 0.000306568428641, 0.000849766831379, 0.000180561924935, 0.000308938324451, 0.000402690726332, 0.000580998312216, 0.000388683809433, 0.000285966001684, 0.000282727967715, 0.000228120479733, 0.000181560157216, 0.000196534601855, 0.000109212494863, 4.74116277474e-05, 4.27634513471e-05, 2.26916672545e-05, 1.41918471854e-05, 1.81194127435e-06],
        "dvar": [7.06262639483e-08, 7.07215367584e-05, 1.53553937707e-05, 3.04811578644e-06, 2.54826318269e-05, 1.99520627575e-07, 3.61839056495e-07, 2.96193292115e-07, 1.52811949761e-07, 1.04106263166e-07, 1.11535803171e-06, 6.13098833924e-08, 1.54946988573e-07, 2.55006284533e-07, 3.92857657516e-07, 2.15234720713e-07, 1.21083630233e-07, 1.36164146625e-07, 8.17453340574e-08, 4.57889868244e-08, 7.03309339656e-08, 3.46643886928e-08, 5.53644907697e-09, 3.96589472373e-09, 1.08502173912e-09, 4.20211587748e-10, 5.84959468017e-12],
        "dvar2": [2.07111085615e-07, 0.000181095922017, 4.5529781346e-05, 8.20341119834e-06, 6.49914436508e-05, 5.223286621e-07, 9.06029754333e-07, 8.14040902242e-07, 3.79398784389e-07, 2.83201444518e-07, 2.89476065518e-06, 1.49986263409e-07, 4.05757504041e-07, 7.32709679596e-07, 1.13016437808e-06, 5.94861262471e-07, 3.52309285745e-07, 3.9210704017e-07, 2.20898229486e-07, 1.23364273463e-07, 1.84187186392e-07, 7.66358851934e-08, 1.24533494628e-08, 9.20905840474e-09, 2.52347720497e-09, 1.04809172452e-09, 1.39416074171e-11],
        "max": [0.00341466860846, 0.114851176739, 0.0487597808242, 0.0201394595206, 0.0710756331682, 0.00721528287977, 0.0154352830723, 0.00673544965684, 0.00504028005525, 0.00335100013763, 0.0137872863561, 0.00310421339236, 0.00593357719481, 0.00764456856996, 0.00877098739147, 0.00646644504741, 0.00357357156463, 0.00438083894551, 0.00354382488877, 0.00278172944672, 0.00367276370525, 0.00267712934874, 0.00117256946396, 0.000885692541488, 0.000630814174656, 0.000373840593966, 3.96760879084e-05],
        "mean": [0.000126614002511, 0.00295017054304, 0.0020659849979, 0.00089311634656, 0.00165888026822, 0.000431147491327, 0.000460003648186, 0.000341236300301, 0.000378563709091, 0.000314837350743, 0.000754753360525, 0.000209216595977, 0.000312291493174, 0.000385612540413, 0.00057570496574, 0.00048891780898, 0.00039945539902, 0.000383265025448, 0.000346114247805, 0.000310651230393, 0.000341755745467, 0.000198451365577, 9.29922316573e-05, 7.75919834268e-05, 4.79887239635e-05, 2.23878978431e-05, 4.25774578616e-06],
        "median": [1.86503598343e-06, 0.000180178874871, 2.22271592065e-05, 1.15203583846e-05, 6.14415039308e-05, 4.37668131781e-05, 8.12621801742e-05, 2.46042982326e-05, 8.71181837283e-05, 6.78394062561e-05, 0.000102503501694, 9.17742727324e-06, 2.22155085794e-05, 3.21552397509e-05, 6.52367743896e-05, 4.77196699649e-05, 1.61553980433e-05, 1.42265398608e-05, 9.9491844594e-06, 2.66968836513e-05, 1.68568021763e-05, 6.77109528624e-06, 2.07167067856e-06, 4.63051537736e-06, 4.86275575895e-06, 2.3292880087e-06, 6.46517264613e-07],
        "min": [3.13381640752e-24, 5.74882069135e-24, 9.13726305807e-24, 6.71711510922e-24, 4.52625163351e-23, 5.07482172047e-23, 2.892355038e-23, 1.25972992851e-23, 6.74843178275e-23, 6.93455941126e-23, 4.06085683159e-23, 5.72363583364e-23, 5.41931286015e-23, 4.23804603495e-23, 9.47986519143e-23, 9.16570733127e-23, 7.07711478099e-23, 1.46792120768e-22, 2.63457075585e-22, 2.78370888584e-22, 3.20843033504e-22, 3.21097614695e-22, 5.35236141471e-22, 6.54962962074e-22, 1.06731189159e-21, 1.46050904537e-21, 2.27524691069e-21],
        "var": [9.07470578682e-08, 7.36179572414e-05, 2.05883989111e-05, 4.38427377958e-06, 2.79928281088e-05, 5.18108720371e-07, 8.47003377658e-07, 4.82009625102e-07, 3.55927767259e-07, 2.17635445665e-07, 1.95385177904e-06, 1.51531637016e-07, 3.13391495865e-07, 4.41375163973e-07, 7.45398949675e-07, 6.47094509532e-07, 4.39896922444e-07, 4.50760495596e-07, 3.42960930766e-07, 2.38360755134e-07, 3.21381918411e-07, 1.48314043713e-07, 2.85825709767e-08, 1.8615343933e-08, 5.78674974605e-09, 1.34042321687e-09, 3.55521931339e-11]
    },
    "erbbands": {
        "dmean": [0.0573652647436, 0.570589542389, 1.34992182255, 1.60024333, 5.08806848526, 2.91523051262, 1.67940938473, 1.78233516216, 3.38602876663, 3.223051548, 5.21259832382, 4.30721378326, 6.48792886734, 7.60326528549, 16.3224372864, 5.10471725464, 6.28421497345, 14.5365533829, 12.3945274353, 18.4059257507, 10.5579948425, 7.6867313385, 7.77705574036, 8.12572574615, 6.45783996582, 5.44091033936, 5.52294635773, 3.89257359505, 2.64955234528, 1.5837290287, 0.819508075714, 0.598091363907, 0.480236649513, 0.19514580071, 0.105330653489, 0.0313687995076, 0.0236555896699, 0.00224601640366, 0.00017452595057, 1.00018532976e-05],
        "dmean2": [0.0931298807263, 0.944126307964, 2.36269593239, 2.77959752083, 7.94065713882, 4.89895105362, 2.72403907776, 2.85956668854, 5.35918331146, 5.17577266693, 8.56637477875, 6.77827358246, 10.6479206085, 12.6052846909, 27.1724700928, 8.34368038177, 10.6134243011, 24.5735473633, 21.2080135345, 31.86652565, 17.5474777222, 13.0126399994, 13.2609138489, 13.5136814117, 10.8399381638, 9.20617103577, 9.008852005, 6.37927770615, 4.0857334137, 2.4378619194, 1.26016414165, 0.924676060677, 0.752156972885, 0.295574277639, 0.163591325283, 0.0491961687803, 0.0369595512748, 0.00345178041607, 0.000270248478046, 1.57402628247e-05],
        "dvar": [0.0411066263914, 4.31638717651, 19.9148426056, 21.7306175232, 399.715545654, 125.192398071, 13.7383489609, 18.176404953, 85.3109436035, 48.5407066345, 191.257202148, 75.4048080444, 141.227005005, 189.721542358, 1082.4362793, 129.412261963, 164.756332397, 1095.78894043, 736.284667969, 1557.68725586, 519.254272461, 268.727508545, 276.743408203, 321.143463135, 186.018127441, 114.561759949, 141.478637695, 92.3355789185, 48.9137878418, 15.9382781982, 4.05091047287, 2.0487203598, 1.13892447948, 0.200167417526, 0.0471917539835, 0.00457727303728, 0.00300967134535, 2.74287049251e-05, 1.310183535e-07, 3.84338033621e-10],
        "dvar2": [0.106602624059, 11.1447734833, 57.6280784607, 62.6118927002, 983.90222168, 342.449951172, 35.5565795898, 48.4405517578, 209.707870483, 124.70501709, 515.531982422, 194.007446289, 368.062805176, 506.359985352, 2818.90869141, 312.568908691, 459.308105469, 3071.08569336, 2096.11743164, 4525.58349609, 1439.17871094, 770.60534668, 805.502197266, 896.088562012, 501.996032715, 318.845672607, 388.820251465, 230.831100464, 108.809158325, 35.942691803, 9.0954656601, 4.57357645035, 2.77007174492, 0.458160966635, 0.114454127848, 0.0118071939796, 0.00735170720145, 6.83422986185e-05, 3.13827484888e-07, 9.47050771138e-10],
        "max": [2.22171092033, 29.8947353363, 53.8113021851, 60.867816925, 291.559570312, 149.990890503, 39.1852912903, 88.4595108032, 249.643890381, 106.468925476, 173.793548584, 139.828826904, 141.018371582, 183.755065918, 388.909637451, 152.956680298, 160.27281189, 586.82043457, 334.652191162, 651.295715332, 276.780090332, 218.933120728, 181.066223145, 240.236572266, 179.211868286, 144.433776855, 143.350952148, 145.307739258, 109.671768188, 59.2144584656, 36.2610702515, 19.6439628601, 15.156001091, 9.83458709717, 2.88634467125, 1.53902709484, 0.724494695663, 0.118592686951, 0.0070928777568, 0.000391225767089],
        "mean": [0.0711008012295, 0.722400426865, 2.23268771172, 2.88596725464, 6.42648410797, 3.60692095757, 3.01741600037, 3.53127527237, 6.46497440338, 6.20457935333, 8.46586418152, 8.11784362793, 11.6015386581, 15.0074863434, 25.3879089355, 10.456278801, 12.027261734, 25.3280124664, 22.7160625458, 33.5154380798, 25.4187164307, 20.304523468, 19.7343711853, 20.2017326355, 16.8540344238, 15.6043672562, 15.3764762878, 10.6999425888, 7.15385961533, 4.75277996063, 2.46736884117, 1.67640459538, 1.24019527435, 0.596483290195, 0.302230864763, 0.101139731705, 0.0488754808903, 0.00634881528094, 0.000725732825231, 5.28602176928e-05],
        "median": [0.00710570672527, 0.0294192172587, 0.0298542063683, 0.0452345758677, 0.0912427529693, 0.192814841866, 0.249122038484, 0.350487738848, 0.896231591702, 1.08016049862, 0.763019323349, 1.91089832783, 2.93653154373, 2.42805504799, 4.0057849884, 0.956256687641, 1.19732522964, 2.0012357235, 1.7993991375, 4.95971488953, 1.99841213226, 0.886019408703, 0.837024629116, 0.679959177971, 0.690545976162, 1.49312591553, 0.645968556404, 0.680054008961, 0.281655877829, 0.11320335418, 0.0636044889688, 0.068445764482, 0.0871648341417, 0.0611243247986, 0.0309365298599, 0.0129628153518, 0.00325836474076, 0.000730093102902, 0.000110873326776, 9.17195484362e-06],
        "min": [3.04043779832e-22, 9.34791236471e-22, 9.38770508361e-21, 1.73624822834e-20, 2.90471903799e-20, 1.6900770745e-19, 3.10809056812e-19, 2.2738005967e-19, 3.54432933806e-19, 4.30363874738e-19, 5.11103630161e-19, 1.40700454685e-18, 1.28984806156e-18, 1.66993744963e-18, 2.27129299867e-18, 1.8933324633e-18, 2.3044728674e-18, 2.8212578842e-18, 7.04809497965e-18, 6.6460748622e-18, 5.61631234095e-18, 4.41474109776e-18, 8.89522485625e-18, 1.12238334064e-17, 1.31480383181e-17, 1.30106188029e-17, 1.30213307918e-17, 1.49065142853e-17, 1.27388130439e-17, 1.28463332886e-17, 1.74318057056e-17, 1.26164895749e-17, 1.49306894659e-17, 9.29895847835e-18, 8.16744405637e-18, 6.49523640955e-18, 2.6518876907e-18, 1.16484649195e-18, 2.91761387901e-19, 3.6717949624e-20],
        "var": [0.0421850383282, 4.42331361771, 25.5025444031, 37.7825775146, 472.157073975, 113.293060303, 29.1802253723, 38.0751800537, 203.090744019, 110.715232849, 298.347259521, 177.707778931, 287.322113037, 494.373413086, 2024.97583008, 348.335601807, 392.078491211, 1969.22644043, 1330.39050293, 2965.65893555, 1812.89318848, 1129.88757324, 1105.26623535, 1270.45080566, 770.418640137, 585.594177246, 634.022460938, 356.966674805, 197.889434814, 76.9540557861, 20.2329998016, 9.68182563782, 4.51247930527, 0.968629419804, 0.220076218247, 0.0234773792326, 0.00750193512067, 9.84811922535e-05, 9.90960074887e-07, 4.99029439993e-09]
    },
    "gfcc": {
        "mean": [-156.66696167, 66.9389572144, -124.690078735, 20.5079612732, -44.2938728333, 13.7895841599, -22.5639438629, 12.1533794403, -22.0247364044, 10.714589119, -18.6071491241, -2.4499065876, -0.343527376652],
        "cov": [[61294.5507812, -1014.66717529, -113.618385315, 2906.13574219, -1642.43359375, 551.112976074, -1676.24438477, 220.77571106, -793.423217773, -208.067214966, -375.581054688, 511.460388184, -1510.46716309], [-1014.66717529, 276.746826172, -68.1599349976, -74.4315414429, 10.4524726868, -33.0045776367, 45.9042015076, -9.1158952713, -2.56821656227, 23.5455570221, 6.79370737076, -27.7634925842, 23.4442558289], [-113.618385315, -68.1599349976, 170.785247803, 32.1051101685, 25.2725448608, -2.79759860039, -22.3364810944, -8.35667228699, 18.0603466034, -20.5422973633, 8.56129264832, 10.3416042328, -3.89227247238], [2906.13574219, -74.4315414429, 32.1051101685, 310.698364258, -3.74916362762, 56.9144973755, -63.7979393005, -16.9199504852, -36.7807998657, -60.1973876953, -40.717124939, 21.4382858276, -140.401535034], [-1642.43359375, 10.4524726868, 25.2725448608, -3.74916362762, 182.985687256, 32.0522499084, 65.8788070679, -7.71926164627, 48.1214370728, -23.0963363647, -2.4280257225, -2.46964478493, 30.6431045532], [551.112976074, -33.0045776367, -2.79759860039, 56.9144973755, 32.0522499084, 83.9510726929, 30.7846851349, 11.4065818787, -4.05927848816, 2.32528948784, -15.0643129349, 1.07743322849, -17.8797454834], [-1676.24438477, 45.9042015076, -22.3364810944, -63.7979393005, 65.8788070679, 30.7846851349, 127.060127258, 21.6533203125, 15.1098537445, 17.5327396393, 10.9867582321, -25.7571964264, 29.7699356079], [220.77571106, -9.1158952713, -8.35667228699, -16.9199504852, -7.71926164627, 11.4065818787, 21.6533203125, 63.3579483032, 17.2762031555, 19.2395267487, 7.61469316483, 10.9421863556, 11.5483598709], [-793.423217773, -2.56821656227, 18.0603466034, -36.7807998657, 48.1214370728, -4.05927848816, 15.1098537445, 17.2762031555, 77.5432739258, 7.03530073166, 0.049865256995, 9.7619228363, 32.3451309204], [-208.067214966, 23.5455570221, -20.5422973633, -60.1973876953, -23.0963363647, 2.32528948784, 17.5327396393, 19.2395267487, 7.03530073166, 88.3709945679, 30.3901443481, -10.7432689667, 31.5802059174], [-375.581054688, 6.79370737076, 8.56129264832, -40.717124939, -2.4280257225, -15.0643129349, 10.9867582321, 7.61469316483, 0.049865256995, 30.3901443481, 58.9222755432, 12.588508606, 10.0257749557], [511.460388184, -27.7634925842, 10.3416042328, 21.4382858276, -2.46964478493, 1.07743322849, -25.7571964264, 10.9421863556, 9.7619228363, -10.7432689667, 12.588508606, 60.6389427185, 10.5806913376], [-1510.46716309, 23.4442558289, -3.89227247238, -140.401535034, 30.6431045532, -17.8797454834, 29.7699356079, 11.5483598709, 32.3451309204, 31.5802059174, 10.0257749557, 10.5806913376, 126.246627808]],
        "icov": [[0.000106313033029, -7.00388482073e-05, 0.000125718273921, -0.000551830918994, 0.000469900434837, -0.000725019082893, 0.00109041470569, -0.000752722204197, 0.000374947965611, -0.000179450536962, 0.000127268911456, -0.000283257628325, 0.000232600141317], [-7.00388482073e-05, 0.00492272619158, 0.00150053796824, 0.000560762942769, -0.00091063475702, 0.00342119834386, -0.00269246683456, 0.00159016286489, 0.000227410811931, -0.00122066319454, 0.000788313569501, 0.000399423268391, 0.000263774214545], [0.000125718273921, 0.00150053796824, 0.00769956223667, -0.00204782676883, 3.57319913746e-05, -0.000643955077976, 0.00258108205162, -0.0002628165239, -0.00175161939114, 0.00200430280529, -0.00370239210315, 0.00184631638695, -0.00141233904287], [-0.000551830918994, 0.000560762942769, -0.00204782676883, 0.0141067244112, -0.00524703692645, -1.78997561306e-05, -0.00266659422778, 0.0039518782869, 0.000787966419011, -0.000322548235999, 0.0057003707625, -0.00495029706508, 0.0102981301025], [0.000469900434837, -0.00091063475702, 3.57319913746e-05, -0.00524703692645, 0.0136565351859, -0.00716725364327, -6.12892690697e-05, 0.000910858332645, -0.00568957766518, 0.00471803639084, -0.00392266502604, 0.00121798343025, -0.00395481474698], [-0.000725019082893, 0.00342119834386, -0.000643955077976, -1.78997561306e-05, -0.00716725364327, 0.0278485510498, -0.0153430430219, 0.0033091744408, 0.00182887108531, -0.00668701482937, 0.00841940287501, -0.00341246579774, 0.000471067382023], [0.00109041470569, -0.00269246683456, 0.00258108205162, -0.00266659422778, -6.12892690697e-05, -0.0153430430219, 0.0288603324443, -0.0138472691178, 0.00454885233194, 0.000984717626125, -0.00434284005314, 0.00518905278295, 0.00146148935892], [-0.000752722204197, 0.00159016286489, -0.0002628165239, 0.0039518782869, 0.000910858332645, 0.0033091744408, -0.0138472691178, 0.0277501530945, -0.0085318274796, -0.00212431326509, -0.000229644094361, -0.00398979475722, -0.000869962095749], [0.000374947965611, 0.000227410811931, -0.00175161939114, 0.000787966419011, -0.00568957766518, 0.00182887108531, 0.00454885233194, -0.0085318274796, 0.0225627310574, -0.00554651441053, 0.00748668471351, -0.00637682946399, 0.00216054636985], [-0.000179450536962, -0.00122066319454, 0.00200430280529, -0.000322548235999, 0.00471803639084, -0.00668701482937, 0.000984717626125, -0.00212431326509, -0.00554651441053, 0.0236311145127, -0.0161865539849, 0.0117692025378, -0.00853850878775], [0.000127268911456, 0.000788313569501, -0.00370239210315, 0.0057003707625, -0.00392266502604, 0.00841940287501, -0.00434284005314, -0.000229644094361, 0.00748668471351, -0.0161865539849, 0.0351264365017, -0.0175995286554, 0.011607629247], [-0.000283257628325, 0.000399423268391, 0.00184631638695, -0.00495029706508, 0.00121798343025, -0.00341246579774, 0.00518905278295, -0.00398979475722, -0.00637682946399, 0.0117692025378, -0.0175995286554, 0.03260011971, -0.0131939742714], [0.000232600141317, 0.000263774214545, -0.00141233904287, 0.0102981301025, -0.00395481474698, 0.000471067382023, 0.00146148935892, -0.000869962095749, 0.00216054636985, -0.00853850878775, 0.011607629247, -0.0131939742714, 0.0245920717716]]
    },
    "melbands": {
        "dmean": [0.000586967624258, 0.00068743963493, 0.000354223710019, 0.000322361767758, 5.95659730607e-05, 4.0012626414e-05, 4.9556412705e-05, 3.45327607647e-05, 4.08985142712e-05, 2.88082555926e-05, 3.24544962496e-05, 2.81072807411e-05, 7.58204914746e-05, 1.33612666104e-05, 1.09697575681e-05, 2.14869778574e-05, 2.74024769169e-05, 1.89620441233e-05, 2.01643069886e-05, 2.22859034693e-05, 1.35720920298e-05, 9.40076370171e-06, 8.05085801403e-06, 1.06987727122e-05, 6.98864232618e-06, 5.90649733567e-06, 4.28414432463e-06, 3.95603319703e-06, 4.29017882198e-06, 3.18335651173e-06, 2.30070440921e-06, 1.66858444572e-06, 1.4423723087e-06, 7.88423506037e-07, 5.71662326365e-07, 3.81110737635e-07, 3.97364289029e-07, 4.46456084546e-07, 2.08420928516e-07, 1.63211922199e-07],
        "dmean2": [0.00095229735598, 0.00116596778389, 0.000598636106588, 0.000516879255883, 9.80096592684e-05, 6.34620228084e-05, 7.83128780313e-05, 5.63648172829e-05, 6.6411550506e-05, 4.56666566606e-05, 5.3215353546e-05, 4.68616708531e-05, 0.000126508806716, 2.17582419282e-05, 1.84817672562e-05, 3.60988233297e-05, 4.64122022095e-05, 3.23678068526e-05, 3.50420414179e-05, 3.81824502256e-05, 2.28065782721e-05, 1.58039183589e-05, 1.37065126182e-05, 1.856385461e-05, 1.16431401693e-05, 9.84299458651e-06, 7.24420760889e-06, 6.70926738167e-06, 7.26020061848e-06, 5.23308926859e-06, 3.72339513888e-06, 2.64702066488e-06, 2.29845727517e-06, 1.24247651456e-06, 9.17211821161e-07, 5.77787545808e-07, 6.36169659174e-07, 7.07693516233e-07, 3.30599874587e-07, 2.50122269563e-07],
        "dvar": [4.53229586128e-06, 5.41480085303e-06, 1.05220090063e-06, 1.69316592746e-06, 2.08422630266e-08, 8.44982661619e-09, 1.77036003635e-08, 5.59656720966e-09, 1.12634701566e-08, 3.00897617933e-09, 3.52026408024e-09, 2.48143461334e-09, 2.42010962381e-08, 8.86506479336e-10, 5.4296839247e-10, 2.46690912142e-09, 3.75442210654e-09, 1.73972325435e-09, 1.50584056335e-09, 2.07895101134e-09, 8.92438511979e-10, 4.33529739885e-10, 2.76978412428e-10, 5.98019633813e-10, 2.49935155905e-10, 1.60770924351e-10, 7.34947797065e-11, 6.20438908583e-11, 8.65746155321e-11, 5.61527248311e-11, 3.2140227979e-11, 1.95995598223e-11, 1.44305305552e-11, 3.56872951329e-12, 1.89094334808e-12, 9.53018480104e-13, 8.62912172273e-13, 1.07667542416e-12, 2.54120780408e-13, 1.38709654656e-13],
        "dvar2": [1.14937010949e-05, 1.48489652929e-05, 2.76793480225e-06, 4.37891458205e-06, 5.59617596707e-08, 2.23305161029e-08, 4.3575479225e-08, 1.49940930783e-08, 3.01545277637e-08, 7.73334019044e-09, 9.18934528471e-09, 6.71487931925e-09, 6.27569178846e-08, 2.20392237793e-09, 1.50194701121e-09, 6.74884104157e-09, 1.04798640876e-08, 4.98312013875e-09, 4.37356240113e-09, 5.90113691246e-09, 2.49108023098e-09, 1.25173227339e-09, 7.95467969272e-10, 1.72654945896e-09, 6.99898972112e-10, 4.40794373224e-10, 2.00749805668e-10, 1.7637186156e-10, 2.4540453003e-10, 1.51009746374e-10, 8.0458160967e-11, 4.6131511805e-11, 3.48245703108e-11, 8.28314500323e-12, 4.5957985681e-12, 2.09310433569e-12, 2.01563266945e-12, 2.71496865788e-12, 6.30651401327e-13, 3.21286996573e-13],
        "max": [0.0250381883234, 0.0308316256851, 0.011068395339, 0.0177144929767, 0.00196690764278, 0.00172116339672, 0.00354804261588, 0.0010966922855, 0.00133830227423, 0.000802114664111, 0.000707011902705, 0.000633422809187, 0.00194026087411, 0.000350781599991, 0.000381711288355, 0.000910984235816, 0.00100731721614, 0.000514853920322, 0.000603776890785, 0.000584517896641, 0.000357298558811, 0.000284559937427, 0.000192291627172, 0.000247864692938, 0.000189252401469, 0.00015486778284, 0.000121044096886, 0.000105369326775, 0.000104454920802, 0.000132715256768, 8.68764764164e-05, 6.22705556452e-05, 6.13526935922e-05, 3.10378709401e-05, 2.26610918617e-05, 1.65344226843e-05, 1.20321583381e-05, 1.44757923408e-05, 1.05735034595e-05, 9.06800050871e-06],
        "mean": [0.00074418989243, 0.00112689007074, 0.000623686704785, 0.000388391985325, 0.000105172519397, 8.10815035948e-05, 9.83332065516e-05, 6.50077563478e-05, 6.64480758132e-05, 5.29293356522e-05, 5.67506613152e-05, 5.42294874322e-05, 0.000110302178655, 2.58051313722e-05, 2.14681895159e-05, 3.61519560101e-05, 4.62767420686e-05, 3.22723280988e-05, 3.75728595827e-05, 4.23826459155e-05, 2.85191272269e-05, 2.15448908421e-05, 1.72200507222e-05, 2.07811517612e-05, 1.5423835066e-05, 1.33026123876e-05, 1.0525601283e-05, 9.95059781417e-06, 1.03491011032e-05, 7.79445872467e-06, 5.59464842809e-06, 4.05598439102e-06, 3.61064689969e-06, 2.23561391977e-06, 1.54080817083e-06, 9.89781710814e-07, 1.00191618913e-06, 9.85517317531e-07, 5.96322422552e-07, 4.58617051891e-07],
        "median": [5.56655541004e-05, 2.39335822698e-05, 9.21899118111e-06, 9.63791171671e-06, 9.59275530477e-06, 8.03282273409e-06, 1.50495070557e-05, 1.04573464341e-05, 6.982836112e-06, 1.26980312416e-05, 1.39637222674e-05, 7.91500679043e-06, 1.5338875528e-05, 1.8653463485e-06, 2.15472527998e-06, 2.56861858361e-06, 3.03520869238e-06, 1.32585319079e-06, 4.83949224872e-06, 4.38408551418e-06, 8.37690947719e-07, 7.27528572497e-07, 8.27701398975e-07, 6.78636695284e-07, 4.40064042095e-07, 3.54325976559e-07, 1.03242109617e-06, 8.27107555779e-07, 3.8609408648e-07, 3.70400641714e-07, 3.72196808485e-07, 1.52279966414e-07, 1.03757415104e-07, 3.89248562271e-08, 3.47183473082e-08, 3.10166221595e-08, 4.41509797611e-08, 5.64288171745e-08, 6.00823142349e-08, 4.63778917492e-08],
        "min": [4.3556375069e-24, 5.24821666065e-24, 3.23384456195e-24, 5.47354215645e-24, 9.60760717331e-24, 6.05132518268e-24, 6.22352562968e-24, 4.07223054923e-24, 3.39927382137e-24, 9.06004540836e-24, 6.00807746127e-24, 6.25408097355e-24, 6.07908677566e-24, 7.58828102812e-24, 4.4907555749e-24, 4.10376171404e-24, 4.17907308137e-24, 9.52177989568e-24, 7.43092299905e-24, 1.00611477624e-23, 6.22608587775e-24, 3.65991701433e-24, 7.74784076798e-24, 7.04810142352e-24, 8.88756491574e-24, 9.11273263936e-24, 9.21967220139e-24, 8.21479830335e-24, 8.61576999059e-24, 7.07160158989e-24, 8.92190403094e-24, 6.75168299408e-24, 5.3205544168e-24, 7.68798831338e-24, 9.90908535659e-24, 8.08955243515e-24, 5.86811263187e-24, 9.64759532145e-24, 8.49964177673e-24, 7.25595680572e-24],
        "var": [4.72796000395e-06, 6.87250576448e-06, 1.82551082162e-06, 1.74967681232e-06, 3.56654723532e-08, 1.95072598075e-08, 4.30144311281e-08, 1.21685124199e-08, 1.77757399911e-08, 6.94256030442e-09, 7.0026420218e-09, 6.37801145231e-09, 4.19669170526e-08, 2.218896622e-09, 1.36746880486e-09, 4.47315340324e-09, 6.80296263766e-09, 2.95327740041e-09, 3.14018544501e-09, 4.87389861803e-09, 2.52374610099e-09, 1.38347711065e-09, 8.71119398838e-10, 1.43707301614e-09, 8.01572141995e-10, 5.26776788856e-10, 2.8058530499e-10, 2.56143717348e-10, 3.03258751444e-10, 1.82130310833e-10, 1.07978292974e-10, 6.79643633039e-11, 4.98650426506e-11, 1.6641566597e-11, 7.90342357532e-12, 3.82711050351e-12, 3.50537589407e-12, 3.09430974767e-12, 1.01813631311e-12, 5.9068814293e-13]
    },
    "mfcc": {
        "mean": [-776.998779297, 92.2797241211, -11.6940317154, 13.9467725754, -0.407892435789, 5.6171131134, 7.91546535492, -1.06753540039, 11.9342594147, 7.38511323929, -3.16047334671, -1.92290866375, -0.370022714138],
        "cov": [[40300.859375, 2735.70385742, -723.248352051, 2171.47387695, 410.870544434, 440.265197754, -299.801483154, 296.032897949, -171.471221924, -477.124328613, 6.19524812698, 30.6884860992, -80.3985671997], [2735.70385742, 1001.61181641, -166.021102905, 72.360496521, -89.3760070801, -53.3427085876, 41.4697875977, -105.181243896, 77.8835067749, 59.9255752563, -16.8106632233, 1.51892399788, -23.4767341614], [-723.248352051, -166.021102905, 143.46585083, -22.5488319397, 12.0205173492, 13.8245449066, -2.68485045433, 9.12211608887, -26.8319530487, -9.15416908264, 9.74873352051, -4.55653953552, 2.46719074249], [2171.47387695, 72.360496521, -22.5488319397, 197.250915527, 55.4570007324, 44.0837059021, -23.4179935455, 45.4399986267, -29.7995300293, -44.2002372742, 6.83499097824, 18.5611095428, -0.246132388711], [410.870544434, -89.3760070801, 12.0205173492, 55.4570007324, 94.2807006836, 48.7448768616, -10.3301830292, 44.7459373474, -11.2775201797, -9.58553218842, 0.340816497803, -8.71037387848, 9.17555999756], [440.265197754, -53.3427085876, 13.8245449066, 44.0837059021, 48.7448768616, 98.9044570923, 22.0750617981, 41.179058075, -1.99382507801, 7.75643444061, 3.70650148392, -7.21392536163, -8.6765165329], [-299.801483154, 41.4697875977, -2.68485045433, -23.4179935455, -10.3301830292, 22.0750617981, 97.4424133301, 2.64747190475, 14.0421705246, 31.1766490936, 9.54373836517, 10.498497963, -3.421022892], [296.032897949, -105.181243896, 9.12211608887, 45.4399986267, 44.7459373474, 41.179058075, 2.64747190475, 106.229316711, -6.71793079376, -7.47904109955, 0.256159484386, -6.23739290237, 16.060754776], [-171.471221924, 77.8835067749, -26.8319530487, -29.7995300293, -11.2775201797, -1.99382507801, 14.0421705246, -6.71793079376, 96.956451416, 33.689125061, -13.2381057739, -15.6956310272, -2.64383292198], [-477.124328613, 59.9255752563, -9.15416908264, -44.2002372742, -9.58553218842, 7.75643444061, 31.1766490936, -7.47904109955, 33.689125061, 74.3946533203, 11.3339300156, -11.9296636581, -3.31265807152], [6.19524812698, -16.8106632233, 9.74873352051, 6.83499097824, 0.340816497803, 3.70650148392, 9.54373836517, 0.256159484386, -13.2381057739, 11.3339300156, 44.1991920471, 24.2142658234, 0.584210038185], [30.6884860992, 1.51892399788, -4.55653953552, 18.5611095428, -8.71037387848, -7.21392536163, 10.498497963, -6.23739290237, -15.6956310272, -11.9296636581, 24.2142658234, 54.9942626953, 11.2283573151], [-80.3985671997, -23.4767341614, 2.46719074249, -0.246132388711, 9.17555999756, -8.6765165329, -3.421022892, 16.060754776, -2.64383292198, -3.31265807152, 0.584210038185, 11.2283573151, 51.5411262512]],
