{
"lowlevel": {
    "average_loudness": 0.926986753941,
    "barkbands_crest": {
        "dmean": 2.05770945549,
        "dmean2": 2.92239570618,
        "dvar": 3.52640509605,
        "dvar2": 7.79871416092,
        "max": 26.5694675446,
        "mean": 14.8538370132,
        "median": 14.544670105,
        "min": 3.31849074364,
        "var": 19.2075176239
    },
    "barkbands_flatness_db": {
        "dmean": 0.0182019080967,
        "dmean2": 0.0241311322898,
        "dvar": 0.000279553292785,
        "dvar2": 0.000521355017554,
        "max": 0.545216619968,
        "mean": 0.409153670073,
        "median": 0.412334889174,
        "min": 0.0304145459086,
        "var": 0.00281923310831
    },
    "barkbands_kurtosis": {
        "dmean": 2.42804384232,
        "dmean2": 3.3037147522,
        "dvar": 21.74360466,
        "dvar2": 43.7238998413,
        "max": 128.892974854,
        "mean": 5.25349092484,
        "median": 2.52868556976,
        "min": -1.46618187428,
        "var": 76.132484436
    },
    "barkbands_skewness": {
        "dmean": 0.43805706501,
        "dmean2": 0.583775520325,
        "dvar": 0.188964784145,
        "dvar2": 0.37270244956,
        "max": 6.87723493576,
        "mean": 0.481003880501,
        "median": 0.331403762102,
        "min": -4.49559259415,
        "var": 1.37407386303
    },
    "barkbands_spread": {
        "dmean": 0.552490830421,
        "dmean2": 0.739721655846,
        "dvar": 0.996157228947,
        "dvar2": 2.21837806702,
        "max": 57.3548812866,
        "mean": 2.73422813416,
        "median": 2.13783359528,
        "min": 0.15802192688,
        "var": 14.9417600632
    },
    "dissonance": {
        "dmean": 0.0482226200402,
        "dmean2": 0.0825671479106,
        "dvar": 0.00210195267573,
        "dvar2": 0.00593352410942,
        "max": 0.49980571866,
        "mean": 0.364770829678,
        "median": 0.371225744486,
        "min": 0.112510956824,
        "var": 0.00633717421442
    },
    "dynamic_complexity": 3.33143663406,
    "erbbands_crest": {
        "dmean": 2.60519909859,
        "dmean2": 3.60575985909,
        "dvar": 6.43942737579,
        "dvar2": 12.9269123077,
        "max": 32.2837562561,
        "mean": 19.5380630493,
        "median": 19.3528251648,
        "min": 2.80478596687,
        "var": 36.1376647949
    },
    "erbbands_flatness_db": {
        "dmean": 0.016470182687,
        "dmean2": 0.021224996075,
        "dvar": 0.000243848233367,
        "dvar2": 0.000438192946604,
        "max": 0.616914212704,
        "mean": 0.483319759369,
        "median": 0.485691070557,
        "min": 0.0822338014841,
        "var": 0.00295585789718
    },
    "erbbands_kurtosis": {
        "dmean": 2.37938761711,
        "dmean2": 3.15325093269,
        "dvar": 9.77899932861,
        "dvar2": 19.3843250275,
        "max": 47.1341285706,
        "mean": 6.28788757324,
        "median": 3.91956615448,
        "min": -1.35186588764,
        "var": 50.7284507751
    },
    "erbbands_skewness": {
        "dmean": 0.379784882069,
        "dmean2": 0.504531681538,
        "dvar": 0.11816766113,
        "dvar2": 0.225858449936,
        "max": 5.50362586975,
        "mean": 0.856367111206,
        "median": 0.673676371574,
        "min": -1.93640863895,
        "var": 1.14643502235
    },
    "erbbands_spread": {
        "dmean": 0.945507586002,
        "dmean2": 1.24663817883,
        "dvar": 1.21768081188,
        "dvar2": 2.28760552406,
        "max": 51.672290802,
        "mean": 4.13212776184,
        "median": 3.38610935211,
        "min": 0.543305873871,
        "var": 15.8254241943
    },
    "hfc": {
        "dmean": 5.80739879608,
        "dmean2": 7.41796398163,
        "dvar": 51.4076461792,
        "dvar2": 93.8235473633,
        "max": 107.322631836,
        "mean": 23.0779533386,
        "median": 19.3269538879,
        "min": 1.10586384897e-16,
        "var": 281.97567749
    },
    "melbands_crest": {
        "dmean": 2.23173761368,
        "dmean2": 3.07582473755,
        "dvar": 4.4604344368,
        "dvar2": 9.09901332855,
        "max": 32.0088653564,
        "mean": 17.5677471161,
        "median": 17.258764267,
        "min": 2.12229418755,
        "var": 25.2477836609
    },
    "melbands_flatness_db": {
        "dmean": 0.0170564036816,
        "dmean2": 0.0219094417989,
        "dvar": 0.000261532666627,
        "dvar2": 0.000473173888167,
        "max": 0.578149437904,
        "mean": 0.442486137152,
        "median": 0.446137011051,
        "min": 0.00430174451321,
        "var": 0.00343444943428
    },
    "melbands_kurtosis": {
        "dmean": 2.39681649208,
        "dmean2": 3.21609067917,
        "dvar": 13.0183343887,
        "dvar2": 25.0575885773,
        "max": 97.2722702026,
        "mean": 5.79192447662,
        "median": 2.70119714737,
        "min": -1.34553027153,
        "var": 72.5829925537
    },
    "melbands_skewness": {
        "dmean": 0.447787731886,
        "dmean2": 0.60244333744,
        "dvar": 0.193351864815,
        "dvar2": 0.389587968588,
        "max": 6.73149490356,
        "mean": 0.534708321095,
        "median": 0.432429283857,
        "min": -3.15002655983,
        "var": 1.31530928612
    },
    "melbands_spread": {
        "dmean": 0.973705649376,
        "dmean2": 1.28932964802,
        "dvar": 3.66398382187,
        "dvar2": 7.88860464096,
        "max": 145.180877686,
        "mean": 5.23401117325,
        "median": 3.78904676437,
        "min": 0.478057146072,
        "var": 107.165428162
    },
    "pitch_salience": {
        "dmean": 0.0484471805394,
        "dmean2": 0.0686890035868,
        "dvar": 0.00216134102084,
        "dvar2": 0.0044396915473,
        "max": 0.868631482124,
        "mean": 0.455274045467,
        "median": 0.457808196545,
        "min": 0.0920334011316,
        "var": 0.0106090661138
    },
    "silence_rate_20dB": {
        "dmean": 0,
        "dmean2": 0,
        "dvar": 0,
        "dvar2": 0,
        "max": 1,
        "mean": 1,
        "median": 1,
        "min": 1,
        "var": 0
    },
    "silence_rate_30dB": {
        "dmean": 0,
        "dmean2": 0,
        "dvar": 0,
        "dvar2": 0,
        "max": 1,
        "mean": 1,
        "median": 1,
        "min": 1,
        "var": 0
    },
    "silence_rate_60dB": {
        "dmean": 0.00812693499029,
        "dmean2": 0.0162601619959,
        "dvar": 0.00806145742536,
        "dvar2": 0.0175433363765,
        "max": 1,
        "mean": 0.0560928434134,
        "median": 0,
        "min": 0,
        "var": 0.0529435127974
    },
    "spectral_centroid": {
        "dmean": 33.9742698669,
        "dmean2": 46.2098197937,
        "dvar": 20777.25,
        "dvar2": 39585.7734375,
        "max": 11382.0810547,
        "mean": 903.813720703,
        "median": 867.362731934,
        "min": 548.008117676,
        "var": 251816.609375
    },
    "spectral_complexity": {
        "dmean": 0.842105269432,
        "dmean2": 1.41656982899,
        "dvar": 0.732795953751,
        "dvar2": 1.70800030231,
        "max": 15,
        "mean": 7.93500947952,
        "median": 8,
        "min": 0,
        "var": 8.0452671051
    },
    "spectral_decrease": {
        "dmean": 1.50725376624e-09,
        "dmean2": 1.89839877152e-09,
        "dvar": 3.37341169643e-18,
        "dvar2": 6.17791669168e-18,
        "max": 6.50166203797e-29,
        "mean": -6.44313269405e-09,
        "median": -5.72568437107e-09,
        "min": -2.58649635043e-08,
        "var": 1.87869442703e-17
    },
    "spectral_energy": {
        "dmean": 0.00621315045282,
        "dmean2": 0.00783531088382,
        "dvar": 5.74490841245e-05,
        "dvar2": 0.000105194099888,
        "max": 0.106711402535,
        "mean": 0.0264110956341,
        "median": 0.0233486834913,
        "min": 1.04058852539e-20,
        "var": 0.000318857928505
    },
    "spectral_energyband_high": {
        "dmean": 3.74348047671e-07,
        "dmean2": 5.84667702697e-07,
        "dvar": 3.01961255479e-13,
        "dvar2": 6.03414833291e-13,
        "max": 2.11853912333e-05,
        "mean": 1.73455839558e-06,
        "median": 1.24023642911e-06,
        "min": 7.39028443194e-21,
        "var": 2.66406666692e-12
    },
    "spectral_energyband_low": {
        "dmean": 5.27474583123e-07,
        "dmean2": 8.73439034876e-07,
        "dvar": 4.91020375401e-12,
        "dvar2": 1.34694382384e-11,
        "max": 4.63696960651e-05,
        "mean": 7.62265358389e-07,
        "median": 1.13696010828e-07,
        "min": 2.93730212357e-23,
        "var": 8.45185466752e-12
    },
    "spectral_energyband_middle_high": {
        "dmean": 0.00591333955526,
        "dmean2": 0.00751140713692,
        "dvar": 5.66954004171e-05,
        "dvar2": 0.00010431787814,
        "max": 0.104961410165,
        "mean": 0.0180659648031,
        "median": 0.0126009043306,
        "min": 1.26430275323e-21,
        "var": 0.000281615561107
    },
    "spectral_energyband_middle_low": {
        "dmean": 0.00120365910698,
        "dmean2": 0.00122308440041,
        "dvar": 3.02837474919e-06,
        "dvar2": 3.64434708899e-06,
        "max": 0.0494228936732,
        "mean": 0.00838957168162,
        "median": 0.00608278857544,
        "min": 2.22458219914e-22,
        "var": 6.55068070046e-05
    },
    "spectral_entropy": {
        "dmean": 0.134255856276,
        "dmean2": 0.17310641706,
        "dvar": 0.0173536986113,
        "dvar2": 0.0310421157628,
        "max": 9.82252979279,
        "mean": 5.41844081879,
        "median": 5.40413999557,
        "min": 4.36118030548,
        "var": 0.258201748133
    },
    "spectral_flux": {
        "dmean": 0.0160147566348,
        "dmean2": 0.0275819189847,
        "dvar": 0.00032546147122,
        "dvar2": 0.00098214764148,
        "max": 0.208452299237,
        "mean": 0.0377044193447,
        "median": 0.0342591591179,
        "min": 6.39299516103e-11,
        "var": 0.000564754765946
    },
    "spectral_kurtosis": {
        "dmean": 23.3895053864,
        "dmean2": 40.922832489,
        "dvar": 361.03338623,
        "dvar2": 1014.53143311,
        "max": 165.633346558,
        "mean": 63.2735748291,
        "median": 62.6513061523,
        "min": -1.21928036213,
        "var": 818.308044434
    },
    "spectral_rms": {
        "dmean": 0.000574753445107,
        "dmean2": 0.00071771274088,
        "dvar": 3.65885057363e-07,
        "dvar2": 6.76698050484e-07,
        "max": 0.0102033661678,
        "mean": 0.00472932029516,
        "median": 0.00477275624871,
        "min": 3.18623339518e-12,
        "var": 3.40044925906e-06
    },
    "spectral_rolloff": {
        "dmean": 59.4576835632,
        "dmean2": 99.9710083008,
        "dvar": 41775.5898438,
        "dvar2": 51476.71875,
        "max": 18970.7519531,
        "mean": 1141.92749023,
        "median": 947.4609375,
        "min": 495.263671875,
        "var": 2249544
    },
    "spectral_skewness": {
        "dmean": 1.32669770718,
        "dmean2": 2.3334581852,
        "dvar": 1.01666665077,
        "dvar2": 2.93668532372,
        "max": 9.94872093201,
        "mean": 5.47413349152,
        "median": 5.49668121338,
        "min": -0.0427218861878,
        "var": 2.2478017807
    },
    "spectral_spread": {
        "dmean": 252083.34375,
        "dmean2": 434953.46875,
        "dvar": 511055396864,
        "dvar2": 1.00518592512e+12,
        "max": 41389320,
        "mean": 1242609.75,
        "median": 1033253.1875,
        "min": 423905.34375,
        "var": 3.75649887846e+12
    },
    "spectral_strongpeak": {
        "dmean": 0.790723085403,
        "dmean2": 1.17692375183,
        "dvar": 0.96265566349,
        "dvar2": 2.08802938461,
        "max": 12.5190181732,
        "mean": 3.4231467247,
        "median": 3.10866141319,
        "min": 0,
        "var": 3.82010316849
    },
    "zerocrossingrate": {
        "dmean": 0.00188453134615,
        "dmean2": 0.00230851350352,
        "dvar": 1.4086443116e-05,
        "dvar2": 1.58197308338e-05,
        "max": 0.52294921875,
        "mean": 0.0437590666115,
        "median": 0.04150390625,
        "min": 0.0205078125,
        "var": 0.00151484308299
    },
    "barkbands": {
        "dmean": [9.54253565055e-09, 3.15976393495e-07, 2.02153856321e-07, 3.07438000391e-07, 5.03171577293e-07, 1.3188392586e-05, 0.00019499946211, 0.000311980082188, 0.0009203980444, 0.000976791372523, 0.00468783639371, 0.000911546405405, 0.000239193395828, 0.000216073094634, 7.45441429899e-05, 5.4735741287e-05, 6.48579089102e-06, 9.87353632809e-06, 7.3647811405e-07, 9.90617991192e-07, 2.59921449697e-07, 1.1815798473e-07, 3.50041915453e-08, 1.00527763891e-08, 3.65443253436e-09, 1.73021807992e-09, 1.68008817969e-09],
        "dmean2": [1.71258403014e-08, 5.26715894011e-07, 3.30397284642e-07, 4.31118394317e-07, 7.05877482687e-07, 1.26595705296e-05, 0.000162073440151, 0.000302159402054, 0.000989113003016, 0.00119416008238, 0.00600372813642, 0.00112926517613, 0.000311653682729, 0.000317270198138, 0.000105250634078, 8.17574255052e-05, 9.36220294534e-06, 1.53397686518e-05, 1.17575143577e-06, 1.59913588504e-06, 4.13104032759e-07, 1.93274900084e-07, 5.60877673195e-08, 1.6075707876e-08, 5.54003332098e-09, 2.47056064495e-09, 2.38095765326e-09],
        "dvar": [7.60902507892e-16, 2.04109927744e-12, 6.73565858037e-13, 2.79303219008e-13, 7.11449670877e-13, 5.51408363414e-10, 1.13246237277e-07, 3.89836628756e-07, 2.88925480163e-06, 1.32886748361e-06, 4.19614407292e-05, 6.36534241494e-06, 1.36103835757e-07, 1.27863415855e-07, 1.70039058389e-08, 6.49637987848e-09, 9.14136544239e-11, 1.98321539746e-10, 2.09815780201e-12, 1.81692052896e-12, 1.13322267965e-13, 5.65713247731e-14, 4.23465609299e-15, 1.62273714414e-15, 1.53453189757e-15, 1.42122758247e-15, 1.63252471573e-15],
        "dvar2": [2.30756338788e-15, 5.76969288318e-12, 1.72769426803e-12, 4.97042131845e-13, 1.1539856527e-12, 4.14308115593e-10, 8.7493198464e-08, 4.66698196533e-07, 3.34019000547e-06, 2.22266407945e-06, 7.95311570982e-05, 8.84861765371e-06, 2.22447127385e-07, 2.61921684341e-07, 3.26611804269e-08, 1.47544518825e-08, 1.90376450715e-10, 5.09966568973e-10, 5.15306634169e-12, 4.42731051473e-12, 2.79152189645e-13, 1.45397040761e-13, 8.0194174123e-15, 1.90832118445e-15, 1.56725045099e-15, 1.42685908102e-15, 1.63384947526e-15],
        "max": [5.84810095461e-07, 2.8040696634e-05, 1.82653711818e-05, 1.5737292415e-05, 3.75143026758e-05, 0.0012128658127, 0.0132812028751, 0.0256143584847, 0.044597029686, 0.0303034055978, 0.0876130089164, 0.0894590914249, 0.0100868046284, 0.00460227346048, 0.00225475197658, 0.00116651097778, 0.000192625957425, 0.000222322370973, 2.54423484876e-05, 2.18670247705e-05, 5.39913207831e-06, 4.56796897197e-06, 2.16948478737e-06, 2.01495049623e-06, 2.01387683774e-06, 1.92277161659e-06, 2.05867900149e-06],
        "mean": [1.02613064712e-08, 3.81219365408e-07, 3.25721345007e-07, 5.71079681322e-07, 1.20588060781e-06, 8.57428240124e-05, 0.00128152198158, 0.00317305955105, 0.00374445039779, 0.00333967711776, 0.0112540721893, 0.00217880890705, 0.000725854653865, 0.00037122075446, 0.000130360625917, 8.77702186699e-05, 1.13654987217e-05, 1.87927271327e-05, 1.80691949936e-06, 2.74215358331e-06, 8.18935461666e-07, 3.88884274116e-07, 1.23940097296e-07, 3.81301852315e-08, 1.35801396794e-08, 4.32354640978e-09, 3.65637276012e-09],
        "median": [4.3182115661e-09, 2.69197606428e-08, 3.20997770586e-08, 1.74718195467e-07, 4.3625567514e-07, 3.22279847751e-05, 0.000319905928336, 8.89877774171e-05, 0.000798558932729, 0.00236109690741, 0.00658234534785, 0.000576266786084, 0.000294068013318, 0.000169458711753, 4.93793595524e-05, 5.04903946421e-05, 6.60347041048e-06, 1.11814906631e-05, 9.36697688303e-07, 1.5343969153e-06, 6.11041116372e-07, 1.71812558847e-07, 8.84526301093e-08, 2.36243486995e-08, 7.0471903868e-09, 2.8732873858e-09, 2.67292854517e-09],
        "min": [9.10131151117e-24, 1.1857881026e-23, 1.77049732757e-24, 4.22832679528e-24, 2.654640955e-23, 3.20133386855e-23, 2.11108707677e-23, 4.07766745748e-23, 4.21731950353e-23, 3.58162982701e-23, 1.9844963585e-23, 8.40383493534e-23, 2.31193327205e-23, 6.39848235668e-23, 1.15159214987e-22, 1.32022019293e-22, 1.20590654848e-22, 1.26278417705e-22, 2.00692903829e-22, 1.96471412513e-22, 3.78962165058e-22, 3.70494544723e-22, 5.37300811341e-22, 8.08504526259e-22, 1.05802842499e-21, 1.52117282763e-21, 2.08270406335e-21],
        "var": [8.37742689889e-16, 2.70506555523e-12, 1.73900694192e-12, 1.36706379723e-12, 6.43316823423e-12, 2.03118197817e-08, 4.03800731874e-06, 3.14907956636e-05, 4.26380429417e-05, 1.08912208816e-05, 0.000165533987456, 4.62904936285e-05, 1.18798925541e-06, 2.97569755503e-07, 4.53188029326e-08, 1.28548691691e-08, 2.19483917152e-10, 5.17617393392e-10, 7.06396096131e-12, 1.00269480219e-11, 5.33235456658e-13, 4.2459322191e-13, 1.77488317148e-14, 2.91977381468e-15, 1.72414466974e-15, 1.42916078718e-15, 1.63563417368e-15]
    },
    "erbbands": {
        "dmean": [1.98349607672e-06, 9.20585735003e-05, 0.000300645100651, 0.000408771738876, 0.00261395797133, 0.000835113227367, 0.00469481712207, 0.173905551434, 1.8489112854, 3.71102142334, 7.86376142502, 14.9395933151, 21.454744339, 201.837646484, 52.0863189697, 21.9564666748, 9.52898406982, 14.3890161514, 2.86942648888, 2.23205137253, 3.77555537224, 0.4039888978, 0.611096322536, 0.0841466113925, 0.0677971467376, 0.0222671870142, 0.0145948780701, 0.0046732746996, 0.00564653566107, 0.00161543418653, 0.000635487725958, 0.000280480715446, 0.000127744962811, 5.68062023376e-05, 2.59596254182e-05, 9.84723374131e-06, 4.42959071734e-06, 1.50817504618e-06, 3.38552331414e-06, 7.32842090656e-06],
        "dmean2": [3.31232604367e-06, 0.000153455141117, 0.000493721745443, 0.000585038040299, 0.00348166935146, 0.00129320123233, 0.00506562367082, 0.158412769437, 1.54293477535, 3.28528523445, 7.44751358032, 15.5353422165, 24.8524456024, 254.05015564, 65.2164993286, 27.4204864502, 12.0154132843, 20.9490032196, 4.11919641495, 3.20902037621, 5.637758255, 0.610941529274, 0.951001346111, 0.132820188999, 0.109490051866, 0.0347725488245, 0.0231998879462, 0.00755519932136, 0.00918513722718, 0.00259998417459, 0.00100106652826, 0.000452436070191, 0.000206138036447, 9.00680679479e-05, 3.88529042539e-05, 1.35897525979e-05, 5.85006364417e-06, 2.00499857783e-06, 4.26305814472e-06, 9.25884705794e-06],
        "dvar": [6.54417145474e-11, 1.74093315763e-07, 1.6690449911e-06, 4.31986478588e-07, 2.16376938624e-05, 1.35074833452e-06, 4.62681127829e-05, 0.085205078125, 8.9579000473, 26.5168819427, 183.562728882, 1160.16638184, 1028.13293457, 74652.203125, 5377.26611328, 3444.99072266, 218.353347778, 610.361022949, 17.5962677002, 15.6375331879, 30.7031288147, 0.306695103645, 0.733838498592, 0.0280488040298, 0.00778305949643, 0.00079758989159, 0.000362224789569, 3.77479555027e-05, 0.000146095175296, 7.41247049518e-06, 2.06282948056e-06, 7.90328044786e-07, 4.39123141405e-07, 1.95721341356e-07, 7.65994627727e-08, 2.29354988335e-08, 4.80899808863e-09, 6.15285489225e-10, 4.42814500345e-11, 7.99555283093e-11],
        "dvar2": [1.8417863068e-10, 4.89808655857e-07, 4.42338614448e-06, 7.9338570913e-07, 3.30568764184e-05, 2.9874752272e-06, 4.92136605317e-05, 0.0600542388856, 6.72069787979, 24.004327774, 234.543945312, 1156.53320312, 1383.45178223, 137673.796875, 8386.29589844, 5057.07763672, 341.490142822, 1248.2298584, 32.396987915, 30.6522960663, 69.6784667969, 0.707554638386, 1.81597757339, 0.0811894834042, 0.0192865505815, 0.00183100358117, 0.000876316044014, 9.63218190009e-05, 0.000376187934307, 1.57228878379e-05, 3.25911264554e-06, 1.02944420632e-06, 5.07468541855e-07, 2.09410742968e-07, 7.80537092737e-08, 2.31621157809e-08, 4.82490536413e-09, 6.17839945871e-10, 5.82560180651e-11, 1.46941112056e-10],
        "max": [0.000178286150913, 0.00826332718134, 0.0274733100086, 0.0197681579739, 0.195518285036, 0.0397005714476, 0.370087772608, 18.6756458282, 154.148880005, 172.871322632, 480.608276367, 1061.96203613, 969.207946777, 3783.80639648, 1885.67871094, 1985.31970215, 433.948425293, 339.157165527, 81.0750656128, 67.3427581787, 80.6610946655, 8.85680675507, 10.7721681595, 4.03128623962, 1.14536333084, 0.444052755833, 0.304104268551, 0.163356810808, 0.241735264659, 0.0816825926304, 0.0608675666153, 0.043099693954, 0.033224478364, 0.0226277261972, 0.0141832148656, 0.00776166608557, 0.00355258816853, 0.00126860814635, 0.000299219915178, 0.000126193059259],
        "mean": [2.97516135106e-06, 0.000114947848488, 0.000461099931272, 0.000845249567647, 0.00588134815916, 0.00290048820898, 0.0377413295209, 1.61199188232, 14.6742734909, 30.7373065948, 72.1484069824, 66.938911438, 84.5575408936, 505.906524658, 160.31211853, 56.6389007568, 31.492773056, 29.2431812286, 6.91793394089, 4.39851903915, 6.19330883026, 0.919694542885, 1.14020717144, 0.21775329113, 0.17643545568, 0.079834766686, 0.0445152483881, 0.0188715253025, 0.0187858454883, 0.00599352037534, 0.00256395200267, 0.00111551000737, 0.000482657254906, 0.000230300502153, 0.000105563311081, 4.09956301155e-05, 1.63206332218e-05, 5.15998317496e-06, 1.42873414006e-05, 3.10761279252e-05],
        "median": [8.58570103901e-07, 8.59570718603e-06, 4.80855705973e-05, 0.000326720415615, 0.00176621135324, 0.00192010868341, 0.0190002135932, 0.59854388237, 3.53486204147, 11.1062726974, 7.3843460083, 15.412689209, 47.091053009, 321.733001709, 85.1388320923, 20.6595726013, 13.7013111115, 13.3000745773, 4.51326751709, 1.93234741688, 3.66242384911, 0.666464567184, 0.710562229156, 0.126846626401, 0.0968242138624, 0.0513501018286, 0.0334380194545, 0.0137239703909, 0.0079260841012, 0.00388295389712, 0.00188004761003, 0.000817244930658, 0.000260716857156, 0.000123003293993, 6.97576397215e-05, 3.30863695126e-05, 1.39127814691e-05, 4.20403011958e-06, 1.24769894683e-05, 2.74170779448e-05],
        "min": [3.36846130884e-22, 1.01210445194e-21, 3.4315054568e-21, 1.21931325597e-20, 5.11251029868e-20, 9.53722250297e-20, 1.9282758811e-19, 1.70527005591e-19, 2.73336973732e-19, 4.94856148569e-19, 1.01471941462e-18, 8.8051721845e-19, 1.19371519872e-18, 1.95892457715e-18, 8.87755152208e-19, 3.64165313419e-18, 1.41364866832e-18, 2.4985596312e-18, 3.52776566668e-18, 5.84211445021e-18, 7.11296910074e-18, 8.42715147175e-18, 6.52608652408e-18, 8.99022572242e-18, 8.98057252467e-18, 1.09773112499e-17, 1.32518197064e-17, 1.3394553857e-17, 1.33493575356e-17, 1.58447074992e-17, 1.3552110257e-17, 1.55984177805e-17, 1.3437077558e-17, 1.11497056158e-17, 8.29516901475e-18, 5.37713678915e-18, 2.90724289528e-18, 1.06173036358e-18, 2.82788597905e-19, 3.03827219465e-20],
        "var": [9.81479897355e-11, 2.40374077976e-07, 3.50067625732e-06, 2.2986980639e-06, 0.00017607708287, 1.06209054138e-05, 0.00282571441494, 7.62869644165, 555.676696777, 1486.34118652, 11294.28125, 16839.6679688, 14292.3388672, 303042.90625, 47543.6210938, 23116.4355469, 2127.84448242, 1696.5970459, 65.3260879517, 44.4146118164, 61.5612297058, 0.825710773468, 1.75640356541, 0.0922766700387, 0.0375531949103, 0.00644075637683, 0.00152672291733, 0.000344790198142, 0.00114411080722, 3.55297706847e-05, 6.95583094057e-06, 1.77188428552e-06, 7.13489214377e-07, 2.59662840563e-07, 8.50338750524e-08, 2.36413253418e-08, 4.90656404395e-09, 6.24344076439e-10, 1.21139639986e-10, 4.45027098506e-10]
    },
    "gfcc": {
        "mean": [-219.37147522, 112.99005127, -237.482162476, -103.459602356, -74.9998474121, -19.6767082214, -3.59772276878, -2.5587553978, 1.42673122883, -10.1834487915, -3.12484383583, -3.83970403671, 0.506716549397],
        "cov": [[10002.765625, 1545.68261719, -2196.71508789, -1050.00610352, -782.654724121, -663.832702637, -267.254455566, -608.133300781, 42.8372459412, -28.5708866119, 431.665527344, -89.3160934448, -1.44554686546], [1545.68261719, 660.282592773, -232.165267944, -235.743499756, -41.9826049805, -212.35647583, -85.1706161499, -113.098876953, 99.8977508545, 68.1500015259, 96.6372070312, 56.7011222839, 22.3681526184], [-2196.71508789, -232.165267944, 761.497009277, 389.255981445, 96.348815918, 158.182510376, 149.686477661, 190.205200195, 21.2689819336, -3.10250067711, -117.484436035, 3.03507328033, -4.40692090988], [-1050.00610352, -235.743499756, 389.255981445, 495.47277832, 114.069595337, 161.603042603, 74.2717895508, 126.437721252, -15.8520069122, -50.7639427185, -91.7267456055, -54.2206192017, -14.3358478546], [-782.654724121, -41.9826049805, 96.348815918, 114.069595337, 362.396514893, 128.387619019, -22.2277030945, 17.4800434113, -57.5416755676, -59.0702590942, -26.8675842285, 65.0802001953, 38.5997276306], [-663.832702637, -212.35647583, 158.182510376, 161.603042603, 128.387619019, 209.838409424, 113.488616943, 93.9325027466, -46.5932235718, -72.8965988159, -81.8296279907, -29.054895401, -5.58378839493], [-267.254455566, -85.1706161499, 149.686477661, 74.2717895508, -22.2277030945, 113.488616943, 215.463989258, 162.770324707, 30.0684280396, -43.9457473755, -90.1808013916, -62.2306747437, -22.5032196045], [-608.133300781, -113.098876953, 190.205200195, 126.437721252, 17.4800434113, 93.9325027466, 162.770324707, 222.012283325, 75.5098419189, -27.6528968811, -116.42906189, -65.8574447632, -31.1052684784], [42.8372459412, 99.8977508545, 21.2689819336, -15.8520069122, -57.5416755676, -46.5932235718, 30.0684280396, 75.5098419189, 151.169372559, 78.8025131226, -23.9391937256, -29.3020210266, -16.7951946259], [-28.5708866119, 68.1500015259, -3.10250067711, -50.7639427185, -59.0702590942, -72.8965988159, -43.9457473755, -27.6528968811, 78.8025131226, 133.160934448, 56.022644043, 14.7449388504, -5.42996406555], [431.665527344, 96.6372070312, -117.484436035, -91.7267456055, -26.8675842285, -81.8296279907, -90.1808013916, -116.42906189, -23.9391937256, 56.022644043, 150.161209106, 86.6993408203, 19.5515346527], [-89.3160934448, 56.7011222839, 3.03507328033, -54.2206192017, 65.0802001953, -29.054895401, -62.2306747437, -65.8574447632, -29.3020210266, 14.7449388504, 86.6993408203, 146.071228027, 73.8595199585], [-1.44554686546, 22.3681526184, -4.40692090988, -14.3358478546, 38.5997276306, -5.58378839493, -22.5032196045, -31.1052684784, -16.7951946259, -5.42996406555, 19.5515346527, 73.8595199585, 91.5036010742]],
        "icov": [[0.00150384753942, -0.00287565821782, 0.00379626243375, -0.00153632892761, 0.00269897538237, -0.00109424535185, -0.0014263902558, 0.00110849528573, -0.000379218981834, 0.00263288174756, -0.00226451689377, 0.00140311801806, -0.00107249582652], [-0.00287565821782, 0.00908554159105, -0.00718947825953, 0.0031492614653, -0.0070337401703, 0.00621591508389, -0.000387367414078, 0.00162340712268, -0.00364809972234, -0.0026993448846, 0.00363273033872, -0.00284607848153, 0.00237504462712], [0.00379626243375, -0.00718947825953, 0.0133191486821, -0.00669847475365, 0.0070315990597, -0.00188035343308, -0.00581269711256, 0.00253919046372, 0.000902610423509, 0.00310823135078, -0.0011714611901, -0.00185690820217, -0.000138541436172], [-0.00153632892761, 0.0031492614653, -0.00669847475365, 0.00687441788614, -0.00314086629078, -0.00155475351494, 0.00483691552654, -0.00322891469114, -0.000581414089538, -0.000217043896555, -0.00180047703907, 0.00408134283498, -0.00174698466435], [0.00269897538237, -0.0070337401703, 0.0070315990597, -0.00314086629078, 0.0112275192514, -0.00839776452631, 0.00260780798271, -0.00132081296761, 0.00145243643783, 0.00422335602343, -0.00213314732537, -0.00119294843171, -0.00151177868247], [-0.00109424535185, 0.00621591508389, -0.00188035343308, -0.00155475351494, -0.00839776452631, 0.0206285491586, -0.010819580406, 0.00445782812312, 0.000700496311765, -0.00130833464209, 0.00514576770365, -0.00258313817903, 0.00282142171636], [-0.0014263902558, -0.000387367414078, -0.00581269711256, 0.00483691552654, 0.00260780798271, -0.010819580406, 0.0217945985496, -0.0153203569353, 0.0032400006894, -0.000500942347571, -0.00283732940443, 0.00436886865646, -0.00341357267462], [0.00110849528573, 0.00162340712268, 0.00253919046372, -0.00322891469114, -0.00132081296761, 0.00445782812312, -0.0153203569353, 0.0252660661936, -0.0137323653325, 0.0068327896297, 0.00518965208903, -0.0037675476633, 0.00470454897732], [-0.000379218981834, -0.00364809972234, 0.000902610423509, -0.000581414089538, 0.00145243643783, 0.000700496311765, 0.0032400006894, -0.0137323653325, 0.0257550347596, -0.0172954313457, 0.00732728186995, -0.00179717689753, -1.71434730873e-05], [0.00263288174756, -0.0026993448846, 0.00310823135078, -0.000217043896555, 0.00422335602343, -0.00130833464209, -0.000500942347571, 0.0068327896297, -0.0172954313457, 0.0277063827962, -0.0158568266779, 0.00821108184755, -0.0036148102954], [-0.00226451689377, 0.00363273033872, -0.0011714611901, -0.00180047703907, -0.00213314732537, 0.00514576770365, -0.00283732940443, 0.00518965208903, 0.00732728186995, -0.0158568266779, 0.0322284661233, -0.0230278335512, 0.0131231267005], [0.00140311801806, -0.00284607848153, -0.00185690820217, 0.00408134283498, -0.00119294843171, -0.00258313817903, 0.00436886865646, -0.0037675476633, -0.00179717689753, 0.00821108184755, -0.0230278335512, 0.033356141299, -0.0204393528402], [-0.00107249582652, 0.00237504462712, -0.000138541436172, -0.00174698466435, -0.00151177868247, 0.00282142171636, -0.00341357267462, 0.00470454897732, -1.71434730873e-05, -0.0036148102954, 0.0131231267005, -0.0204393528402, 0.025096770376]]
    },
    "melbands": {
        "dmean": [5.02896568833e-08, 1.51731867959e-07, 1.56223919134e-07, 1.24910201293e-07, 6.74092603958e-08, 4.19819070885e-06, 3.38008576364e-05, 5.19968853041e-05, 6.13352822256e-05, 0.000119884593005, 9.62326230365e-05, 0.000752177089453, 0.00031418146682, 0.000128971951199, 5.1982046898e-06, 3.70031739294e-05, 2.36139603658e-05, 4.25918551628e-06, 7.55992141421e-06, 1.38062125643e-06, 4.55979989056e-06, 3.52633463763e-07, 5.13152770054e-07, 4.02436057811e-07, 4.05193496533e-08, 3.32183027751e-08, 6.45553441814e-08, 8.0688860038e-09, 1.10009867882e-08, 6.07121908303e-09, 2.26085061783e-09, 4.49097248278e-09, 1.41160738654e-09, 1.11026654537e-09, 4.22844509407e-10, 3.15284742758e-10, 1.58720717125e-10, 9.15082315478e-11, 8.97250468368e-11, 4.94547597318e-11],
        "dmean2": [8.37335534243e-08, 2.50816952985e-07, 2.1097498859e-07, 1.76362235038e-07, 1.01905342831e-07, 3.71647070097e-06, 2.81041502603e-05, 4.72640385851e-05, 5.66894414078e-05, 0.000127852530568, 0.000110280670924, 0.000945753534324, 0.00040085852379, 0.0001603615965, 6.09651533523e-06, 4.92418366775e-05, 3.4619577491e-05, 6.02918134973e-06, 1.0722668776e-05, 2.04804200621e-06, 6.80682705934e-06, 5.20447031249e-07, 7.83688278716e-07, 6.30585361705e-07, 6.42338804369e-08, 5.30862429571e-08, 1.04323156336e-07, 1.20926708647e-08, 1.7407684183e-08, 9.82802550453e-09, 3.73256581199e-09, 7.3530275202e-09, 2.3164570262e-09, 1.7969619126e-09, 6.70033584171e-10, 5.2041593257e-10, 2.56807575205e-10, 1.47747605816e-10, 1.45592815581e-10, 7.82216513784e-11],
        "dvar": [4.98688750342e-14, 4.49928099335e-13, 7.32993784484e-14, 4.45951936945e-14, 9.19883201729e-15, 6.97251978377e-11, 3.12364800692e-09, 6.54417853241e-09, 1.21742607107e-08, 6.53153833241e-08, 2.70007571856e-08, 1.02496687759e-06, 1.77626418463e-07, 1.27457042254e-07, 1.03313385624e-10, 3.20325610481e-09, 1.69092817526e-09, 3.77522735295e-11, 1.83684456534e-10, 4.08436392346e-12, 4.4522198428e-11, 3.95178166449e-13, 5.43015014464e-13, 4.48637654804e-13, 7.11106097373e-15, 3.65135871232e-15, 8.12329753295e-15, 2.27106764985e-16, 2.4957566387e-16, 7.59443387761e-17, 8.49993840257e-18, 1.12089272808e-16, 1.02535670914e-17, 3.37888060105e-18, 8.71451215539e-19, 4.47400745128e-19, 2.78764958761e-19, 2.27931685741e-19, 1.94972053848e-19, 1.32573219051e-19],
        "dvar2": [1.41257746602e-13, 1.22499991921e-12, 1.18325569612e-13, 7.28269373518e-14, 1.81030930806e-14, 4.27209240206e-11, 2.40741471202e-09, 6.73706290755e-09, 1.39836719981e-08, 6.88691699224e-08, 3.56549243463e-08, 1.88831688774e-06, 3.27410731416e-07, 1.81098684493e-07, 1.28390548193e-10, 5.58774093662e-09, 3.45577433336e-09, 6.74733949269e-11, 3.55179941014e-10, 9.19616466311e-12, 1.01263622487e-10, 9.13447269213e-13, 1.26922875422e-12, 1.29231889946e-12, 1.90191219436e-14, 8.88431936661e-15, 1.96236103945e-14, 5.39577933912e-16, 5.90274391052e-16, 2.0095335219e-16, 2.19337974008e-17, 2.91037476652e-16, 2.65341458339e-17, 7.61544823564e-18, 1.44926365338e-18, 7.52307325432e-19, 3.50558755859e-19, 2.50033357172e-19, 2.72205623299e-19, 1.42309832794e-19],
        "max": [4.54318433185e-06, 1.38683053592e-05, 9.94885340333e-06, 9.05896013137e-06, 3.19036121255e-06, 0.000562859931961, 0.00206724880263, 0.00330527266487, 0.00313719222322, 0.00727893644944, 0.00483375089243, 0.0140325957909, 0.00670188432559, 0.0124374441803, 0.000316946941894, 0.00139037542976, 0.00055512128165, 0.000120623852126, 0.000230579389608, 3.01384516206e-05, 9.55516079557e-05, 1.09590773718e-05, 9.9250491985e-06, 1.4313624888e-05, 1.85544172382e-06, 1.01253328921e-06, 1.41208636251e-06, 2.57654107827e-07, 2.77821499139e-07, 1.60190140264e-07, 6.92325272666e-08, 2.15076497057e-07, 7.32083833554e-08, 4.34376161706e-08, 3.70884443157e-08, 2.803193766e-08, 2.57036258944e-08, 2.42651818638e-08, 2.05521413221e-08, 1.85010851084e-08],
        "mean": [6.28975627137e-08, 2.13101145619e-07, 3.37263855954e-07, 2.84823528318e-07, 2.84028971009e-07, 4.19312345912e-05, 0.000237422311329, 0.000477337744087, 0.000534835620783, 0.000485646101879, 0.000350198883098, 0.00189890654292, 0.00085520936409, 0.000298553757602, 2.20645688387e-05, 0.000105699255073, 4.12213667005e-05, 8.70016538101e-06, 1.30566486405e-05, 2.47237744588e-06, 7.39132383387e-06, 6.20587286448e-07, 8.62440799665e-07, 8.37675770526e-07, 9.86403918546e-08, 8.624240877e-08, 1.5989330393e-07, 2.79760001831e-08, 2.98820914679e-08, 1.82434884977e-08, 7.26218685188e-09, 1.38935778438e-08, 3.8215874909e-09, 3.23826232496e-09, 1.47785361726e-09, 9.87676052056e-10, 5.28557975166e-10, 2.99208602339e-10, 2.72571631932e-10, 1.49846995923e-10],
        "median": [6.50493880983e-09, 1.55571999727e-08, 1.06810006173e-07, 9.69944053963e-08, 1.18980594266e-07, 8.79088929651e-06, 5.67351962673e-05, 8.18544504e-05, 3.4150762076e-05, 9.2070979008e-05, 0.000120872595289, 0.00121612765361, 0.000482697534608, 7.42871707189e-05, 6.91739387548e-06, 4.34849971498e-05, 1.70732128026e-05, 5.74972682443e-06, 4.45068008048e-06, 1.47777257098e-06, 4.38088500232e-06, 3.56517318778e-07, 5.02913337641e-07, 4.77434127788e-07, 5.06587909399e-08, 4.42955361279e-08, 7.99515831318e-08, 1.19280967326e-08, 2.17590940821e-08, 1.04003827772e-08, 5.75548186887e-09, 5.02921038148e-09, 1.88829418768e-09, 2.11980188958e-09, 1.02569863714e-09, 7.42381156549e-10, 3.44271000596e-10, 1.62122759662e-10, 9.78233119509e-11, 7.4197883948e-11],
        "min": [3.86528117379e-24, 1.43526812489e-24, 2.93945685769e-24, 6.02734183901e-24, 6.56320716332e-24, 4.83991369459e-24, 4.09063940731e-24, 6.88220870832e-24, 8.30628013595e-24, 5.25337778312e-24, 6.3672067828e-24, 7.53498321878e-24, 2.31543889103e-24, 7.717623451e-24, 6.17769083893e-24, 2.55472466105e-24, 4.81601199802e-24, 4.71032475268e-24, 8.40543285199e-24, 7.54378690649e-24, 6.76756276411e-24, 7.78581022107e-24, 5.28819258145e-24, 7.19491711546e-24, 6.60838996052e-24, 5.75788312543e-24, 7.7815519499e-24, 6.74313410845e-24, 7.07721670181e-24, 1.00507592531e-23, 6.69988007616e-24, 6.56890628893e-24, 7.13289529337e-24, 9.19636688367e-24, 6.72035022779e-24, 7.70145574675e-24, 1.01057176147e-23, 9.33541781771e-24, 9.33796268299e-24, 9.03847637349e-24],
        "var": [6.80609675606e-14, 7.94553225297e-13, 4.95816549709e-13, 3.76833519901e-13, 1.77940995272e-13, 7.26019466768e-09, 1.33921275847e-07, 5.23338314906e-07, 5.85646375839e-07, 9.40269671901e-07, 3.72707063434e-07, 4.20470587414e-06, 1.052319476e-06, 8.98503287772e-07, 1.66170455174e-09, 2.45352644868e-08, 3.99082278335e-09, 1.18085721756e-10, 4.87859308507e-10, 9.11000268278e-12, 8.88890142048e-11, 8.58575092532e-13, 1.17696835351e-12, 1.29221351501e-12, 2.47013679313e-14, 1.52542519225e-14, 4.13906884841e-14, 1.79223404848e-15, 8.10138997869e-16, 4.71525771682e-16, 4.49246092017e-17, 8.72942308682e-16, 4.35830579057e-17, 1.33392386351e-17, 2.95534717022e-18, 1.13183557485e-18, 5.43130460816e-19, 3.21106679956e-19, 3.85753455616e-19, 1.59270046806e-19]
    },
    "mfcc": {
        "mean": [-836.13848877, 162.200057983, -104.903953552, -83.8756713867, -56.5366783142, -32.8000183105, -13.2353754044, -0.337540835142, 7.65655088425, -0.221594706178, -2.69631791115, 0.104586325586, 4.99408435822],
        "cov": [[3799.90332031, 1533.0949707, -1354.84350586, -433.512145996, -470.007843018, -269.3515625, -268.340820312, -409.943725586, -431.107696533, -259.121643066, -15.3016214371, 45.0277137756, 101.437400818], [1533.0949707, 872.897277832, -506.66293335, -325.055603027, -158.648696899, -171.596115112, -145.662689209, -186.205154419, -156.279464722, -100.890235901, -0.505877554417, 88.5498504639, 64.7708358765], [-1354.84350586, -506.66293335, 718.381347656, 306.009765625, 82.2356414795, 81.5886459351, 120.162101746, 176.71194458, 235.726730347, 158.855819702, 23.3772964478, -15.6287927628, -44.3791809082], [-433.512145996, -325.055603027, 306.009765625, 418.904418945, 134.018966675, 105.240516663, 101.841270447, 95.7708282471, 97.6427078247, 57.5786018372, -6.08173704147, -59.6894035339, -55.067905426], [-470.007843018, -158.648696899, 82.2356414795, 134.018966675, 365.930450439, 136.378372192, 54.8009872437, 67.6199569702, 11.5101442337, -29.588054657, -45.5509719849, -26.0273036957, -32.436088562], [-269.3515625, -171.596115112, 81.5886459351, 105.240516663, 136.378372192, 156.238830566, 99.6046676636, 53.3166007996, 11.4344186783, -17.1809139252, -36.3029556274, -51.7718162537, -23.4416160583], [-268.340820312, -145.662689209, 120.162101746, 101.841270447, 54.8009872437, 99.6046676636, 165.243942261, 135.002059937, 50.4909934998, 10.2961044312, -24.8646965027, -56.0201835632, -41.7126655579], [-409.943725586, -186.205154419, 176.71194458, 95.7708282471, 67.6199569702, 53.3166007996, 135.002059937, 257.783691406, 190.014587402, 89.4104690552, 0.488985836506, -66.2357559204, -66.943687439], [-431.107696533, -156.279464722, 235.726730347, 97.6427078247, 11.5101442337, 11.4344186783, 50.4909934998, 190.014587402, 333.189331055, 213.69581604, 52.3800201416, -5.97579717636, -52.8537216187], [-259.121643066, -100.890235901, 158.855819702, 57.5786018372, -29.588054657, -17.1809139252, 10.2961044312, 89.4104690552, 213.69581604, 227.566436768, 95.1063690186, 0.372571438551, -46.2074737549], [-15.3016214371, -0.505877554417, 23.3772964478, -6.08173704147, -45.5509719849, -36.3029556274, -24.8646965027, 0.488985836506, 52.3800201416, 95.1063690186, 124.507316589, 66.549697876, -7.96201610565], [45.0277137756, 88.5498504639, -15.6287927628, -59.6894035339, -26.0273036957, -51.7718162537, -56.0201835632, -66.2357559204, -5.97579717636, 0.372571438551, 66.549697876, 139.150665283, 66.9122695923], [101.437400818, 64.7708358765, -44.3791809082, -55.067905426, -32.436088562, -23.4416160583, -41.7126655579, -66.943687439, -52.8537216187, -46.2074737549, -7.96201610565, 66.9122695923, 126.148109436]],
