{
"lowlevel": {
    "average_loudness": 0.823176383972,
    "barkbands_crest": {
        "dmean": 2.51081609726,
        "dmean2": 4.04360675812,
        "dvar": 5.95517492294,
        "dvar2": 14.7376441956,
        "max": 25.8106212616,
        "mean": 10.56524086,
        "median": 9.3702878952,
        "min": 3.0573079586,
        "var": 23.267250061
    },
    "barkbands_flatness_db": {
        "dmean": 0.0234306175262,
        "dmean2": 0.03368742764,
        "dvar": 0.000919458281714,
        "dvar2": 0.00168514822144,
        "max": 0.509654939175,
        "mean": 0.169462412596,
        "median": 0.146374508739,
        "min": 0.0435571745038,
        "var": 0.00637383945286
    },
    "barkbands_kurtosis": {
        "dmean": 7.5513920784,
        "dmean2": 11.557100296,
        "dvar": 906.77947998,
        "dvar2": 1692.69458008,
        "max": 960.648803711,
        "mean": 10.4235973358,
        "median": 0.760190725327,
        "min": -1.91111838818,
        "var": 1766.17150879
    },
    "barkbands_skewness": {
        "dmean": 0.695511639118,
        "dmean2": 1.05089771748,
        "dvar": 1.34722387791,
        "dvar2": 2.75499272346,
        "max": 23.0709056854,
        "mean": 1.47984611988,
        "median": 1.02057743073,
        "min": -3.34606695175,
        "var": 4.24132585526
    },
    "barkbands_spread": {
        "dmean": 4.74816608429,
        "dmean2": 7.41658735275,
        "dvar": 77.3509597778,
        "dvar2": 153.687469482,
        "max": 111.922401428,
        "mean": 17.8640480042,
        "median": 16.7800273895,
        "min": 0.190327495337,
        "var": 169.988739014
    },
    "dissonance": {
        "dmean": 0.0218348968774,
        "dmean2": 0.0351982265711,
        "dvar": 0.00060581258731,
        "dvar2": 0.00144673348404,
        "max": 0.500000059605,
        "mean": 0.452312529087,
        "median": 0.465167671442,
        "min": 0.143371880054,
        "var": 0.00233597471379
    },
    "dynamic_complexity": 3.80545568466,
    "erbbands_crest": {
        "dmean": 3.01766705513,
        "dmean2": 4.94211244583,
        "dvar": 7.34182405472,
        "dvar2": 19.7709350586,
        "max": 26.8360042572,
        "mean": 10.0657424927,
        "median": 9.08220100403,
        "min": 2.58753085136,
        "var": 18.3953552246
    },
    "erbbands_flatness_db": {
        "dmean": 0.021387187764,
        "dmean2": 0.0305588170886,
        "dvar": 0.000775831111241,
        "dvar2": 0.00141095067374,
        "max": 0.422403931618,
        "mean": 0.194972634315,
        "median": 0.194353163242,
        "min": 0.0401818566024,
        "var": 0.00292855151929
    },
    "erbbands_kurtosis": {
        "dmean": 2.39609217644,
        "dmean2": 3.55304598808,
        "dvar": 46.6259078979,
        "dvar2": 88.7766799927,
        "max": 162.543395996,
        "mean": 2.67131996155,
        "median": -0.0879669189453,
        "min": -1.82259237766,
        "var": 105.978034973
    },
    "erbbands_skewness": {
        "dmean": 0.477723777294,
        "dmean2": 0.722111046314,
        "dvar": 0.376515358686,
        "dvar2": 0.74651247263,
        "max": 10.0063724518,
        "mean": 0.437369346619,
        "median": 0.0678867325187,
        "min": -2.59529662132,
        "var": 1.73072850704
    },
    "erbbands_spread": {
        "dmean": 8.15264034271,
        "dmean2": 12.7847967148,
        "dvar": 166.533813477,
        "dvar2": 354.864868164,
        "max": 177.355178833,
        "mean": 29.930185318,
        "median": 26.7040081024,
        "min": 1.79209268093,
        "var": 345.312713623
    },
    "hfc": {
        "dmean": 5.87778234482,
        "dmean2": 8.67223834991,
        "dvar": 112.437042236,
        "dvar2": 234.809844971,
        "max": 170.43359375,
        "mean": 19.8765792847,
        "median": 16.9933242798,
        "min": 1.08522324423e-16,
        "var": 308.884490967
    },
    "melbands_crest": {
        "dmean": 3.03374004364,
        "dmean2": 4.7908744812,
        "dvar": 8.10204315186,
        "dvar2": 18.1799945831,
        "max": 34.1791419983,
        "mean": 14.3807210922,
        "median": 13.3184242249,
        "min": 1.71965110302,
        "var": 37.9509239197
    },
    "melbands_flatness_db": {
        "dmean": 0.0270847734064,
        "dmean2": 0.0377760641277,
        "dvar": 0.00126245734282,
        "dvar2": 0.00226848945022,
        "max": 0.666001975536,
        "mean": 0.23120573163,
        "median": 0.204170793295,
        "min": 0.00342234922573,
        "var": 0.0136877112091
    },
    "melbands_kurtosis": {
        "dmean": 10.6610107422,
        "dmean2": 17.1059093475,
        "dvar": 1404.14904785,
        "dvar2": 3168.0012207,
        "max": 712.919067383,
        "mean": 16.6758327484,
        "median": 4.14038276672,
        "min": -1.72647964954,
        "var": 2198.88916016
    },
    "melbands_skewness": {
        "dmean": 0.760220944881,
        "dmean2": 1.17367374897,
        "dvar": 1.45755255222,
        "dvar2": 3.32994651794,
        "max": 22.5681610107,
        "mean": 2.28456020355,
        "median": 1.80805170536,
        "min": -1.14372348785,
        "var": 4.04291343689
    },
    "melbands_spread": {
        "dmean": 6.18993282318,
        "dmean2": 9.48366069794,
        "dvar": 123.333007812,
        "dvar2": 220.842956543,
        "max": 242.619689941,
        "mean": 23.6544570923,
        "median": 21.1117343903,
        "min": 0.250310957432,
        "var": 496.633361816
    },
    "pitch_salience": {
        "dmean": 0.0656442716718,
        "dmean2": 0.10601066798,
        "dvar": 0.00353266461752,
        "dvar2": 0.00865121278912,
        "max": 0.857381165028,
        "mean": 0.526963353157,
        "median": 0.530867516994,
        "min": 0.129602789879,
        "var": 0.0128802182153
    },
    "silence_rate_20dB": {
        "dmean": 0,
        "dmean2": 0,
        "dvar": 0,
        "dvar2": 0,
        "max": 1,
        "mean": 1,
        "median": 1,
        "min": 1,
        "var": 0
    },
    "silence_rate_30dB": {
        "dmean": 0.0232198145241,
        "dmean2": 0.0464576072991,
        "dvar": 0.0226804278791,
        "dvar2": 0.04817115888,
        "max": 1,
        "mean": 0.969439089298,
        "median": 1,
        "min": 0,
        "var": 0.0296270605177
    },
    "silence_rate_60dB": {
        "dmean": 0.0321207419038,
        "dmean2": 0.0642663538456,
        "dvar": 0.0310888178647,
        "dvar2": 0.067878767848,
        "max": 1,
        "mean": 0.103675045073,
        "median": 0,
        "min": 0,
        "var": 0.0929266884923
    },
    "spectral_centroid": {
        "dmean": 219.442138672,
        "dmean2": 330.511932373,
        "dvar": 87823.1796875,
        "dvar2": 162898.828125,
        "max": 11499.1308594,
        "mean": 1472.29589844,
        "median": 1338.2869873,
        "min": 126.786781311,
        "var": 1760919.375
    },
    "spectral_complexity": {
        "dmean": 2.15325069427,
        "dmean2": 3.43166851997,
        "dvar": 4.82329082489,
        "dvar2": 10.8831119537,
        "max": 44,
        "mean": 17.4220504761,
        "median": 19,
        "min": 0,
        "var": 83.7318115234
    },
    "spectral_decrease": {
        "dmean": 2.6600102121e-09,
        "dmean2": 4.15828882439e-09,
        "dvar": 6.26467817721e-17,
        "dvar2": 1.67666426435e-16,
        "max": 2.04912101176e-10,
        "mean": -7.76454989193e-09,
        "median": -5.21882004278e-09,
        "min": -1.22319491425e-07,
        "var": 8.59078682207e-17
    },
    "spectral_energy": {
        "dmean": 0.0104333031923,
        "dmean2": 0.0162690673023,
        "dvar": 0.00091060489649,
        "dvar2": 0.00243149837479,
        "max": 0.465893089771,
        "mean": 0.0311080459505,
        "median": 0.0216208379716,
        "min": 1.01535677021e-20,
        "var": 0.0012692308519
    },
    "spectral_energyband_high": {
        "dmean": 0.000225712734391,
        "dmean2": 0.000341293023666,
        "dvar": 5.34359401172e-07,
        "dvar2": 1.11031124561e-06,
        "max": 0.0129629848525,
        "mean": 0.000473797612358,
        "median": 0.000224226765567,
        "min": 7.27588793816e-21,
        "var": 7.54604684516e-07
    },
    "spectral_energyband_low": {
        "dmean": 0.00676298001781,
        "dmean2": 0.0110511183739,
        "dvar": 0.000792556616943,
        "dvar2": 0.00218867580406,
        "max": 0.437311470509,
        "mean": 0.0140965227038,
        "median": 0.00201736716554,
        "min": 1.8997856346e-23,
        "var": 0.000869477342349
    },
    "spectral_energyband_middle_high": {
        "dmean": 0.0024150533136,
        "dmean2": 0.00379670411348,
        "dvar": 1.58381590154e-05,
        "dvar2": 3.7779831473e-05,
        "max": 0.0842622444034,
        "mean": 0.00727121206,
        "median": 0.00562216853723,
        "min": 1.26352504997e-21,
        "var": 6.13094962318e-05
    },
    "spectral_energyband_middle_low": {
        "dmean": 0.00401157978922,
        "dmean2": 0.00591297773644,
        "dvar": 4.29403298767e-05,
        "dvar2": 9.50935282162e-05,
        "max": 0.0935728698969,
        "mean": 0.00995904393494,
        "median": 0.0071871788241,
        "min": 1.41613633889e-22,
        "var": 0.000108681648271
    },
    "spectral_entropy": {
        "dmean": 0.204850256443,
        "dmean2": 0.286727249622,
        "dvar": 0.115275673568,
        "dvar2": 0.200844138861,
        "max": 9.81441402435,
        "mean": 7.13095474243,
        "median": 7.2402215004,
        "min": 4.11740636826,
        "var": 0.532719492912
    },
    "spectral_flux": {
        "dmean": 0.0215476434678,
        "dmean2": 0.0347145497799,
        "dvar": 0.00167215429246,
        "dvar2": 0.00353258056566,
        "max": 0.613588213921,
        "mean": 0.0732733607292,
        "median": 0.0670753866434,
        "min": 6.26982910035e-11,
        "var": 0.00298060057685
    },
    "spectral_kurtosis": {
        "dmean": 3.47642087936,
        "dmean2": 5.35510253906,
        "dvar": 43.0061645508,
        "dvar2": 83.7595214844,
        "max": 98.2128982544,
        "mean": 8.26051044464,
        "median": 5.37431049347,
        "min": -1.24926686287,
        "var": 106.800750732
    },
    "spectral_rms": {
        "dmean": 0.000789519806858,
        "dmean2": 0.00117111741565,
        "dvar": 1.94820540855e-06,
        "dvar2": 4.65690754936e-06,
        "max": 0.0213197059929,
        "mean": 0.00481675937772,
        "median": 0.00459276605397,
        "min": 3.14736713254e-12,
        "var": 7.14812813385e-06
    },
    "spectral_rolloff": {
        "dmean": 486.290344238,
        "dmean2": 829.075195312,
        "dvar": 2432721.75,
        "dvar2": 4480072,
        "max": 19509.0820312,
        "mean": 1899.23535156,
        "median": 1313.52539062,
        "min": 21.533203125,
        "var": 8294231
    },
    "spectral_skewness": {
        "dmean": 0.347658127546,
        "dmean2": 0.526027679443,
        "dvar": 0.29632794857,
        "dvar2": 0.555111050606,
        "max": 8.43519592285,
        "mean": 1.89490425587,
        "median": 1.58998739719,
        "min": -0.0699944570661,
        "var": 1.17707419395
    },
    "spectral_spread": {
        "dmean": 631797.875,
        "dmean2": 893909.0625,
        "dvar": 2.02912523878e+12,
        "dvar2": 3.52435227853e+12,
        "max": 42031140,
        "mean": 4214261,
        "median": 3243173.25,
        "min": 817213,
        "var": 2.19779851878e+13
    },
    "spectral_strongpeak": {
        "dmean": 0.544177532196,
        "dmean2": 0.904106974602,
        "dvar": 0.732184112072,
        "dvar2": 1.95924091339,
        "max": 10.1088628769,
        "mean": 1.04114067554,
        "median": 0.556513130665,
        "min": 0,
        "var": 1.43392014503
    },
    "zerocrossingrate": {
        "dmean": 0.0111658433452,
        "dmean2": 0.01286128629,
        "dvar": 0.000688222644385,
        "dvar2": 0.000684891769197,
        "max": 0.53515625,
        "mean": 0.0646263360977,
        "median": 0.05078125,
        "min": 0.0029296875,
        "var": 0.00522754807025
    },
    "barkbands": {
        "dmean": [0.000298101600492, 0.00471618724987, 0.00226770248264, 0.00108345609624, 0.00198076316155, 0.000560753222089, 0.00113659875933, 0.000502727285493, 0.000319884275086, 0.000452690001111, 0.000968769891188, 0.00066551292548, 0.000399050652049, 0.000364084495232, 0.000555016857106, 0.000455298606539, 0.000309103023028, 0.000193773943465, 0.000160456707818, 0.000105091916339, 6.53551760479e-05, 3.95032693632e-05, 2.66010465566e-05, 2.04432908504e-05, 1.86798642972e-05, 2.7308049539e-05, 3.67948232451e-05],
        "dmean2": [0.000498593668453, 0.00778508745134, 0.00363645795733, 0.00185178592801, 0.00317053403705, 0.00087591924239, 0.00141258514486, 0.000780792033765, 0.000470835482702, 0.00069758889731, 0.0015872529475, 0.00111267191824, 0.000653597060591, 0.000581949017942, 0.000913952360861, 0.000768498226535, 0.000531048513949, 0.000318102131132, 0.000259402353549, 0.000169977312908, 0.000106116756797, 6.30472713965e-05, 4.10740030929e-05, 3.07113550662e-05, 2.74559151876e-05, 4.19270618295e-05, 5.52360215806e-05],
        "dvar": [2.46279228122e-06, 0.000517131586093, 3.83742954e-05, 8.6452873802e-06, 1.82998010132e-05, 1.34402523599e-06, 7.15918031347e-06, 8.7741778998e-07, 3.3479409467e-07, 1.28514670905e-06, 1.02223721115e-05, 2.80446010947e-06, 9.83701397672e-07, 4.12560495988e-07, 1.35060145112e-06, 8.23653181214e-07, 6.09805283602e-07, 1.34258371531e-07, 1.42595069974e-07, 5.30354746786e-08, 1.60248312397e-08, 5.78200154422e-09, 4.91710760997e-09, 9.49159328911e-09, 1.16187672816e-08, 3.2102725811e-08, 5.74294602984e-08],
        "dvar2": [6.09634616922e-06, 0.00147516909055, 9.95786613203e-05, 2.23862243729e-05, 4.67226818728e-05, 2.90889079224e-06, 9.27959990804e-06, 2.03423383027e-06, 6.93547519859e-07, 3.25952919411e-06, 2.5983696105e-05, 7.71168924985e-06, 2.58966201727e-06, 9.8459702258e-07, 3.38521795129e-06, 2.26424299399e-06, 1.73735668341e-06, 3.46220048186e-07, 3.82083413797e-07, 1.47053953015e-07, 4.34808704597e-08, 1.32631443606e-08, 1.09466764542e-08, 1.90994136062e-08, 2.46145539506e-08, 6.7534010384e-08, 1.19918269093e-07],
        "max": [0.0249505601823, 0.334779024124, 0.0889501720667, 0.0477141588926, 0.0645690187812, 0.0186607763171, 0.0717389285564, 0.025309946388, 0.00983400456607, 0.0291156563908, 0.0661814883351, 0.032856348902, 0.0182538498193, 0.0156267397106, 0.0214964076877, 0.0158452801406, 0.014646390453, 0.00537621509284, 0.00791337247938, 0.00443871831521, 0.00241145305336, 0.00219522509724, 0.00134763296228, 0.00199587317184, 0.00212953309529, 0.00345792388543, 0.00418207142502],
        "mean": [0.00033514254028, 0.00912880338728, 0.00398870138451, 0.00135644502006, 0.00331014115363, 0.0012026114855, 0.00244399649091, 0.000889541930519, 0.00068509002449, 0.000816612155177, 0.00128272594884, 0.00102524145041, 0.000658107514028, 0.000662293401547, 0.000838061794639, 0.000731649110094, 0.000485633703647, 0.000345116510289, 0.000309978058795, 0.000223445356824, 0.000133004199597, 8.693455311e-05, 5.07243203174e-05, 3.24929533235e-05, 2.39876972046e-05, 2.79152391158e-05, 3.37030942319e-05],
        "median": [4.62585230707e-05, 0.000668165157549, 0.000306969101075, 0.000227830256335, 0.00123725179583, 0.000598362705205, 0.000884997774847, 0.000414658396039, 0.000373249786207, 0.00028435655986, 0.000170795276063, 0.000238507724134, 0.000260095170233, 0.000350111105945, 0.000384081155062, 0.000297981343465, 0.000157487986144, 0.000176807516254, 0.000101839330455, 0.000101703757537, 5.74845907977e-05, 4.21625591116e-05, 2.11966107599e-05, 9.95422760752e-06, 4.83309486299e-06, 1.47362152347e-06, 2.94879129115e-07],
        "min": [2.90739666304e-25, 3.42430161688e-24, 1.068764433e-24, 3.78712152555e-25, 9.00300682061e-24, 9.7693070928e-24, 1.73472674537e-23, 1.30380753159e-23, 2.29844154176e-23, 2.22850318494e-23, 2.09223345891e-23, 1.94090974245e-23, 2.31811226175e-23, 2.61395750485e-23, 5.52422126313e-23, 5.07330647644e-23, 9.83628580127e-23, 9.54330727869e-23, 1.23304412093e-22, 1.80593510514e-22, 2.26180204505e-22, 3.10246473223e-22, 4.5338090472e-22, 6.41018577086e-22, 9.02432237869e-22, 1.34722175313e-21, 1.98984698114e-21],
        "var": [2.52565951087e-06, 0.000511681137141, 7.62775089242e-05, 9.85386031971e-06, 2.91114702122e-05, 3.46551610164e-06, 2.37569838646e-05, 1.97532153834e-06, 9.15276018532e-07, 2.43222507379e-06, 1.55389352585e-05, 4.81093593407e-06, 1.76699359145e-06, 1.00013380688e-06, 2.2093051939e-06, 1.53928203872e-06, 9.25599465518e-07, 2.79327110775e-07, 3.31231433393e-07, 1.21387984109e-07, 4.11873131156e-08, 1.57483572849e-08, 7.60586527093e-09, 1.19599654624e-08, 1.3572172719e-08, 3.59337306577e-08, 6.392609464e-08]
    },
    "erbbands": {
        "dmean": [0.141960009933, 1.06533515453, 2.40544366837, 3.03771543503, 5.90184307098, 6.92299222946, 4.24420976639, 4.63177680969, 12.2149982452, 18.0478897095, 10.1658792496, 7.07304477692, 8.40793323517, 20.9053287506, 36.3530731201, 25.7854309082, 20.1231040955, 13.9362001419, 19.3119068146, 38.2011489868, 21.6799411774, 13.8360795975, 10.0485534668, 7.56764650345, 7.38137054443, 5.994140625, 3.03308796883, 1.77366900444, 1.44925820827, 0.909513771534, 0.742061197758, 0.432972639799, 0.364646136761, 0.228210777044, 0.12373894453, 0.063470967114, 0.0592339746654, 0.0357919335365, 0.00655535934493, 0.000237898624619],
        "dmean2": [0.226997613907, 1.78340005875, 3.9183011055, 5.04891347885, 9.64257526398, 11.0698328018, 6.55020284653, 7.1308350563, 15.4315729141, 23.5954551697, 15.3355836868, 10.4140834808, 12.9564342499, 33.7153015137, 60.0113677979, 43.2212486267, 32.7822875977, 22.3884391785, 31.138048172, 62.7951927185, 36.5522766113, 23.3731613159, 16.3741931915, 12.2750406265, 12.0140371323, 9.74621868134, 4.93192529678, 2.86447739601, 2.29760813713, 1.45462930202, 1.13674354553, 0.64728718996, 0.54494869709, 0.339220166206, 0.181641727686, 0.0942102894187, 0.090997800231, 0.0551367029548, 0.0097862938419, 0.000350068992702],
        "dvar": [0.495015561581, 25.7623901367, 56.625579834, 67.9736862183, 138.961166382, 265.328186035, 226.162628174, 91.6911621094, 1336.52478027, 1112.72070312, 469.155731201, 183.674163818, 318.714538574, 2224.87011719, 10455.6875, 3400.42871094, 2506.50878906, 595.563537598, 1063.24975586, 8471.27246094, 2645.35498047, 764.240783691, 324.149017334, 198.879272461, 327.573699951, 199.555236816, 46.6808853149, 10.8615903854, 10.1188955307, 2.94427061081, 4.82764863968, 3.07070231438, 3.75853657722, 1.75088775158, 0.507402002811, 0.149759978056, 0.154268041253, 0.0564284473658, 0.00187131774146, 2.27542113862e-06],
        "dvar2": [1.39827132225, 74.254524231, 151.259643555, 176.5105896, 371.628143311, 671.440917969, 510.191741943, 201.266204834, 1661.71618652, 1877.5291748, 1015.9720459, 383.282165527, 770.219970703, 5668.79199219, 26344.6308594, 9349.94042969, 6653.63623047, 1435.82409668, 2651.32763672, 21532.1582031, 7414.37304688, 2130.03979492, 828.730041504, 527.834533691, 881.419250488, 556.003845215, 124.578224182, 27.6273555756, 21.4275474548, 7.20309686661, 10.5616531372, 6.04867506027, 8.0456609726, 3.80679798126, 1.07553696632, 0.301664084196, 0.323107838631, 0.119758240879, 0.00400978699327, 4.80036442241e-06],
        "max": [11.1840610504, 77.0889511108, 113.595664978, 115.958076477, 199.722869873, 258.35760498, 538.035949707, 200.116348267, 1030.0378418, 543.143493652, 691.675109863, 231.670028687, 461.261352539, 741.643371582, 2126.95605469, 995.316040039, 949.253295898, 361.536010742, 843.430297852, 1630.27416992, 1005.06115723, 412.157897949, 264.040740967, 215.739028931, 524.530090332, 266.231964111, 138.056365967, 41.4851074219, 114.594390869, 27.2637042999, 38.6201858521, 35.8144187927, 45.5774116516, 24.9957389832, 13.2061662674, 6.6572675705, 7.78781795502, 4.99058389664, 0.753179728985, 0.0269000604749],
        "mean": [0.286753416061, 1.99015939236, 4.43471193314, 4.73659658432, 8.67397499084, 11.3506336212, 9.44730949402, 9.65415287018, 24.9004745483, 38.2813987732, 19.8045215607, 14.9305553436, 17.2230796814, 36.2272529602, 51.4509239197, 42.3732337952, 35.2613754272, 28.3176498413, 34.412563324, 59.2221031189, 37.4031791687, 24.4541397095, 18.9704036713, 15.4819946289, 15.4866943359, 12.5692853928, 6.40016412735, 3.91357445717, 3.20696926117, 2.04292416573, 1.37137830257, 0.745015621185, 0.508732616901, 0.297311842442, 0.15286411345, 0.0735794007778, 0.059120837599, 0.0336993895471, 0.00588352512568, 0.000246280338615],
        "median": [0.0106904748827, 0.178019091487, 0.546779751778, 1.16323721409, 2.72704958916, 3.75561451912, 4.65926218033, 5.139585495, 9.01755046844, 12.1002960205, 10.3996067047, 8.38543987274, 9.46687316895, 15.268404007, 14.0186510086, 15.1614675522, 16.0942153931, 16.6367759705, 19.4669589996, 21.0962486267, 15.9527549744, 11.5711612701, 10.3529672623, 8.67545318604, 7.45822620392, 5.30430603027, 2.44693017006, 1.94448840618, 1.46867120266, 1.03628134727, 0.573839843273, 0.275208324194, 0.127657309175, 0.06658924371, 0.027335414663, 0.00862681865692, 0.00250173639506, 0.000470497063361, 6.93352194503e-05, 3.6173776607e-05],
        "min": [1.24834032321e-22, 1.66246894816e-21, 3.33660546466e-21, 5.95465674109e-21, 8.56797959788e-21, 3.8647425951e-20, 7.04814104327e-20, 1.17702282321e-19, 1.60928983374e-19, 3.21319885759e-19, 3.45017989923e-19, 4.07592833245e-19, 9.06166124692e-19, 1.15863446894e-18, 8.84986992288e-19, 1.08332143193e-18, 1.39047199814e-18, 2.30113147131e-18, 2.35935857579e-18, 4.7409281918e-18, 3.6667655104e-18, 5.77459583271e-18, 6.55142596138e-18, 7.07900754633e-18, 8.00353739081e-18, 9.21157015535e-18, 1.03594371109e-17, 1.0578510933e-17, 1.02639407635e-17, 1.12058033505e-17, 1.22736149392e-17, 1.28227859381e-17, 1.01030863944e-17, 8.26359470359e-18, 6.60691365046e-18, 4.20035532173e-18, 2.46293234183e-18, 9.62567538156e-19, 2.50425208138e-19, 3.0341644028e-20],
        "var": [0.539348185062, 23.5846138, 92.7713317871, 89.1367797852, 209.822479248, 393.308807373, 386.155914307, 207.787796021, 3984.50170898, 4786.98974609, 1066.94482422, 478.38973999, 654.406616211, 4417.76220703, 16279.4726562, 6158.26904297, 4465.01464844, 1366.87866211, 2476.26171875, 14890.5976562, 4841.62792969, 1450.77941895, 721.484008789, 484.659484863, 681.886474609, 430.927429199, 127.493789673, 27.3666954041, 26.8388996124, 7.08154916763, 6.61700773239, 4.19087219238, 4.26883935928, 1.97305178642, 0.58739054203, 0.179297253489, 0.172522932291, 0.06144997105, 0.00201425864361, 2.53420284935e-06]
    },
    "gfcc": {
        "mean": [-55.5532341003, 94.2241744995, -127.870491028, 20.4506435394, -55.4916954041, -1.5497238636, -36.5439224243, 0.137583702803, -17.0524482727, 0.480432659388, -9.04820537567, 1.77297794819, -7.00523662567],
        "cov": [[29118.3066406, 1051.30541992, -5187.62988281, 613.928588867, -768.636657715, 863.166870117, -83.9128189087, 212.132369995, -166.440734863, 198.693557739, -325.736602783, -220.187988281, -213.838363647], [1051.30541992, 3075.92724609, 1065.26538086, 617.000549316, 813.526794434, 157.280639648, 226.573898315, 26.6423244476, 130.807632446, -220.134887695, -12.135676384, -208.581680298, -29.3791542053], [-5187.62988281, 1065.26538086, 4481.62158203, 635.346435547, 939.668457031, 11.1973524094, 85.24634552, -26.0030384064, 43.9512634277, -231.073623657, -45.8518486023, -54.9621582031, -100.786483765], [613.928588867, 617.000549316, 635.346435547, 658.546081543, 402.786193848, 174.204681396, 136.442825317, 25.6829929352, 38.1232376099, -60.4746627808, -24.0476856232, -104.904037476, -35.3599014282], [-768.636657715, 813.526794434, 939.668457031, 402.786193848, 640.946228027, 205.393341064, 199.760696411, 56.2047996521, 80.4017410278, -65.5308303833, -18.920217514, -95.6980133057, -43.6483001709], [863.166870117, 157.280639648, 11.1973524094, 174.204681396, 205.393341064, 322.935455322, 179.916503906, 40.120300293, 17.6648349762, 34.0495643616, -12.3325023651, -52.2045288086, -35.7696418762], [-83.9128189087, 226.573898315, 85.24634552, 136.442825317, 199.760696411, 179.916503906, 225.28427124, 72.0302734375, 47.5498046875, 12.3688669205, 15.5017023087, -35.1088142395, -8.03574752808], [212.132369995, 26.6423244476, -26.0030384064, 25.6829929352, 56.2047996521, 40.120300293, 72.0302734375, 125.143936157, 58.2688064575, 11.1669244766, 0.485989302397, 19.2095890045, 10.1570510864], [-166.440734863, 130.807632446, 43.9512634277, 38.1232376099, 80.4017410278, 17.6648349762, 47.5498046875, 58.2688064575, 99.8085021973, 25.8508605957, 10.9006004333, -4.04107761383, 15.7317142487], [198.693557739, -220.134887695, -231.073623657, -60.4746627808, -65.5308303833, 34.0495643616, 12.3688669205, 11.1669244766, 25.8508605957, 105.285751343, 33.1725845337, 10.5894975662, 0.718047738075], [-325.736602783, -12.135676384, -45.8518486023, -24.0476856232, -18.920217514, -12.3325023651, 15.5017023087, 0.485989302397, 10.9006004333, 33.1725845337, 75.6111373901, 29.5084133148, 11.5518302917], [-220.187988281, -208.581680298, -54.9621582031, -104.904037476, -95.6980133057, -52.2045288086, -35.1088142395, 19.2095890045, -4.04107761383, 10.5894975662, 29.5084133148, 100.560997009, 42.5937957764], [-213.838363647, -29.3791542053, -100.786483765, -35.3599014282, -43.6483001709, -35.7696418762, -8.03574752808, 10.1570510864, 15.7317142487, 0.718047738075, 11.5518302917, 42.5937957764, 77.1136169434]],
        "icov": [[8.73904646141e-05, -0.00012384870206, 9.94567744783e-05, -0.000207717341254, 0.000225062234676, -0.0003161005734, 0.000311993120704, -0.000304402317852, 0.00020871819288, -0.000247925316216, 0.000414288660977, -0.000227687400184, 0.000306695641484], [-0.00012384870206, 0.000834751699585, -9.61336772889e-05, 0.000249523902312, -0.000889122544322, 0.000399474985898, -0.000313599128276, 0.000589164963458, -0.00102213618811, 0.00180446682498, -0.00152962782886, 0.00136236392427, -0.000796524982434], [9.94567744783e-05, -9.61336772889e-05, 0.000532835372724, -0.000385732389987, -0.000508931931108, 2.88404953608e-05, 0.000374542491045, 6.62076854496e-05, 0.000114273207146, 5.30165998498e-05, 0.000632107898127, -0.00104192271829, 0.000971333065536], [-0.000207717341254, 0.000249523902312, -0.000385732389987, 0.00330998003483, -0.00152486760635, -0.000196134249563, -0.000272373232292, 0.000182570511242, -0.000302707630908, 0.00147677154746, -0.0017924135318, 0.00267198286019, -0.00163320486899], [0.000225062234676, -0.000889122544322, -0.000508931931108, -0.00152486760635, 0.00626730313525, -0.00248330039904, -0.000807270349469, -0.000908033805899, -0.00184985657688, 0.000722551951185, 0.000980652868748, 0.000314299250022, 0.00140216469299], [-0.0003161005734, 0.000399474985898, 2.88404953608e-05, -0.000196134249563, -0.00248330039904, 0.00928344856948, -0.00678468262777, 0.00207203067839, 0.00188424065709, -0.00375994690694, 0.00256930827163, -0.00106604280882, 0.000998596660793], [0.000311993120704, -0.000313599128276, 0.000374542491045, -0.000272373232292, -0.000807270349469, -0.00678468262777, 0.0136974388734, -0.00641538901255, 0.000541173387319, 0.00106650730595, -0.004319248721, 0.00354820326902, -0.00165452121291], [-0.000304402317852, 0.000589164963458, 6.62076854496e-05, 0.000182570511242, -0.000908033805899, 0.00207203067839, -0.00641538901255, 0.0167724583298, -0.00918699242175, 0.00175582640804, 0.00308958534151, -0.00689485669136, 0.00232344702817], [0.00020871819288, -0.00102213618811, 0.000114273207146, -0.000302707630908, -0.00184985657688, 0.00188424065709, 0.000541173387319, -0.00918699242175, 0.0210874043405, -0.00906304549426, 0.00109671289101, 0.0026544064749, -0.00455471640453], [-0.000247925316216, 0.00180446682498, 5.30165998498e-05, 0.00147677154746, 0.000722551951185, -0.00375994690694, 0.00106650730595, 0.00175582640804, -0.00906304549426, 0.0211995597929, -0.0104999030009, 0.00386535888538, 0.000380603742087], [0.000414288660977, -0.00152962782886, 0.000632107898127, -0.0017924135318, 0.000980652868748, 0.00256930827163, -0.004319248721, 0.00308958534151, 0.00109671289101, -0.0104999030009, 0.0243598148227, -0.0112772248685, 0.00391400652006], [-0.000227687400184, 0.00136236392427, -0.00104192271829, 0.00267198286019, 0.000314299250022, -0.00106604280882, 0.00354820326902, -0.00689485669136, 0.0026544064749, 0.00386535888538, -0.0112772248685, 0.0248379986733, -0.0118950363249], [0.000306695641484, -0.000796524982434, 0.000971333065536, -0.00163320486899, 0.00140216469299, 0.000998596660793, -0.00165452121291, 0.00232344702817, -0.00455471640453, 0.000380603742087, 0.00391400652006, -0.0118950363249, 0.0217234939337]]
    },
    "melbands": {
        "dmean": [0.00129799777642, 0.00127201061696, 0.000558455649298, 0.000496405467857, 0.000164211553056, 0.000103820348158, 0.000196079025045, 0.000176239569555, 7.84785661381e-05, 4.27754384873e-05, 4.53428983747e-05, 8.31207289593e-05, 0.000149979387061, 7.82589268056e-05, 5.7323180954e-05, 3.66952372133e-05, 2.61473687715e-05, 3.36758566846e-05, 3.93939662899e-05, 4.08781888837e-05, 2.77420240309e-05, 1.59860574058e-05, 1.25273290905e-05, 1.03693892015e-05, 6.02063482802e-06, 7.64547166909e-06, 4.05656919611e-06, 3.91614184991e-06, 2.31193826039e-06, 1.39066605698e-06, 9.88178271655e-07, 8.17879708848e-07, 9.27528901684e-07, 5.14870748702e-07, 5.2489826885e-07, 2.67672987775e-07, 2.91139343744e-07, 2.69888857929e-07, 2.19224830289e-07, 1.96277511577e-07],
        "dmean2": [0.00211698794737, 0.00211735628545, 0.000922049570363, 0.000795099360403, 0.000254941027379, 0.000160652925842, 0.00024677006877, 0.000237326152273, 0.00011722574709, 6.34945099591e-05, 6.98111762176e-05, 0.00013364404731, 0.000246954994509, 0.00013095299073, 9.48997185333e-05, 5.98406913923e-05, 4.1750856326e-05, 5.44502145203e-05, 6.41146980342e-05, 6.7151238909e-05, 4.70010563731e-05, 2.72161141766e-05, 2.03898653126e-05, 1.70979583345e-05, 9.83138670563e-06, 1.23519048429e-05, 6.61169133309e-06, 6.41788847133e-06, 3.68403061657e-06, 2.27964801525e-06, 1.59215869644e-06, 1.27818691453e-06, 1.5531442159e-06, 8.26954703825e-07, 8.23915172532e-07, 4.11723988236e-07, 4.38827811422e-07, 4.09107968835e-07, 3.32510637691e-07, 2.95940765227e-07],
        "dvar": [4.01253601012e-05, 2.30382938753e-05, 1.87891612313e-06, 1.10367909656e-06, 2.87190090376e-07, 4.4401140542e-08, 3.23716534467e-07, 9.53058432174e-08, 2.70815050385e-08, 6.37814112636e-09, 1.02628119336e-08, 3.48490623026e-08, 2.2639432018e-07, 5.08521793563e-08, 1.38203875011e-08, 5.52224133088e-09, 1.96872651514e-09, 3.94585430996e-09, 7.64251950613e-09, 7.65894991872e-09, 5.45806511099e-09, 1.47372192227e-09, 1.0946471507e-09, 5.67124958106e-10, 1.50713427849e-10, 3.8341629871e-10, 7.18762688257e-11, 9.17950992996e-11, 3.89447085691e-11, 1.03872561594e-11, 3.48255712462e-12, 5.45935475646e-12, 3.69384427559e-12, 1.37695779258e-12, 1.9089955311e-12, 1.07686136484e-12, 1.55174668687e-12, 1.9412659414e-12, 1.44810357282e-12, 1.41504614016e-12],
        "dvar2": [0.000113497924758, 6.43674866296e-05, 4.79908339912e-06, 2.8688373277e-06, 6.56578151847e-07, 9.58944426088e-08, 3.97912714334e-07, 1.70739610894e-07, 5.79328691686e-08, 1.3427357004e-08, 2.53332892441e-08, 8.8826553224e-08, 5.70602082917e-07, 1.40508973345e-07, 3.95724093494e-08, 1.44360434717e-08, 4.76555772622e-09, 9.58540358198e-09, 1.92442790592e-08, 1.97809342239e-08, 1.54392374441e-08, 4.2165542169e-09, 2.75686917739e-09, 1.46339551588e-09, 3.99178134991e-10, 1.01961672438e-09, 1.98837404874e-10, 2.59223892352e-10, 1.01323671675e-10, 2.81368765093e-11, 8.77092582591e-12, 9.46785792127e-12, 1.0439919762e-11, 3.44698011454e-12, 4.36683978908e-12, 2.309654204e-12, 3.11975228637e-12, 4.22961448851e-12, 3.13414637125e-12, 3.19441088165e-12],
        "max": [0.0913771614432, 0.0775993987918, 0.0191313344985, 0.0164218582213, 0.0189069882035, 0.00419068010524, 0.0162116773427, 0.00507007399574, 0.0052059693262, 0.00129546632525, 0.00281827221625, 0.00327425543219, 0.0100122466683, 0.00480584613979, 0.00183962844312, 0.00131313328166, 0.000612268748228, 0.0018335308414, 0.00150171446148, 0.00150184589438, 0.00140709790867, 0.000655331707094, 0.00062292884104, 0.000407873070799, 0.000198727968382, 0.000501712958794, 0.000144508449011, 0.000155742265633, 0.000133898487547, 5.04980307596e-05, 2.54931001109e-05, 0.000103426849819, 2.79215291812e-05, 2.16260668822e-05, 2.70661003015e-05, 2.2609874577e-05, 2.32866914303e-05, 3.03687193082e-05, 2.73404748441e-05, 2.50016419159e-05],
        "mean": [0.00259961816482, 0.00244330568239, 0.000934648502152, 0.000791816157289, 0.000352891045623, 0.000224198010983, 0.000407721032389, 0.000365210988093, 0.000150300795212, 8.76167905517e-05, 8.84073888301e-05, 0.000144816032844, 0.00020077105728, 0.000117132382002, 9.38151861192e-05, 6.2713646912e-05, 5.0259193813e-05, 5.60144580959e-05, 6.13979864283e-05, 6.43050443614e-05, 4.30893524026e-05, 2.54509468505e-05, 2.01516522793e-05, 1.82449348358e-05, 1.10602859422e-05, 1.4473534975e-05, 8.48790841701e-06, 7.60966986491e-06, 4.33848845205e-06, 2.65045332526e-06, 2.01947295864e-06, 1.71041710928e-06, 1.79672247214e-06, 9.93109665615e-07, 9.22418792015e-07, 4.52607736179e-07, 4.51414848612e-07, 3.57759148528e-07, 2.93399523343e-07, 2.39842705696e-07],
        "median": [0.000147373881191, 0.000303503125906, 0.000311941374093, 0.000265974522335, 0.000170255923877, 0.000121847355331, 0.000152807609993, 0.000130510321469, 7.26977668819e-05, 4.80898597743e-05, 4.50943662145e-05, 6.1020047724e-05, 3.53479044861e-05, 2.39118799072e-05, 3.98942902393e-05, 2.89632116619e-05, 2.66527258646e-05, 2.4601822588e-05, 2.69946594926e-05, 2.45263345278e-05, 9.993198546e-06, 9.10574635782e-06, 5.9639637584e-06, 7.10579797669e-06, 5.20648973179e-06, 4.38813685832e-06, 3.74288583771e-06, 2.45068736149e-06, 1.18103309887e-06, 9.92410377876e-07, 9.8764996892e-07, 6.82813777075e-07, 6.88662851189e-07, 4.00065857775e-07, 3.55742685088e-07, 1.76386507178e-07, 1.35962267223e-07, 8.52658246231e-08, 6.9295481353e-08, 4.60237927769e-08],
        "min": [1.45761162395e-24, 2.98228313016e-24, 9.65696107255e-25, 1.62356409537e-24, 2.86224650495e-24, 2.25635695631e-24, 3.34356170323e-24, 3.70038478991e-24, 2.79917786444e-24, 2.90382440504e-24, 2.61991730955e-24, 4.31907538167e-24, 2.32070591807e-24, 2.77975748946e-24, 4.19792488486e-24, 2.32967487214e-24, 3.45852279738e-24, 3.80060917348e-24, 3.95161371682e-24, 5.63071874751e-24, 2.49185934944e-24, 5.16412645474e-24, 4.67506424793e-24, 3.66940622216e-24, 5.27547338265e-24, 6.37504253818e-24, 6.34812739295e-24, 5.46043562694e-24, 5.71643952892e-24, 5.01495798515e-24, 6.61456319154e-24, 5.19307094464e-24, 6.29725572533e-24, 5.44668972567e-24, 6.50435971751e-24, 5.64001902315e-24, 6.49726233594e-24, 6.65118605906e-24, 7.55817336281e-24, 6.52567276702e-24],
        "var": [4.25809121225e-05, 2.56753373833e-05, 2.77780372926e-06, 1.72532190845e-06, 4.76087450352e-07, 1.09178351693e-07, 9.79542846835e-07, 4.00869282657e-07, 6.33411687545e-08, 1.62944893134e-08, 1.96153475684e-08, 6.85262691036e-08, 3.44984215417e-07, 8.04851367775e-08, 2.47714719848e-08, 1.01115062989e-08, 4.49336035047e-09, 9.59190860073e-09, 1.32979218748e-08, 1.43122997898e-08, 9.29004961847e-09, 2.29577246103e-09, 2.2471857708e-09, 1.17242104913e-09, 3.38593653115e-10, 7.95301047241e-10, 1.59478402706e-10, 1.93399865567e-10, 9.66213359321e-11, 2.1390989674e-11, 8.10088020969e-12, 1.31999324665e-11, 8.14966583801e-12, 2.66310953324e-12, 2.69648192663e-12, 1.33231837021e-12, 2.03803163581e-12, 2.14217922914e-12, 1.63261093013e-12, 1.50642226558e-12]
    },
    "mfcc": {
        "mean": [-686.770446777, 127.280540466, -13.5002326965, 19.5632648468, -2.25266695023, 0.897285282612, -8.51388454437, -1.24869763851, -6.26114034653, -0.369274824858, -1.88796961308, -1.56774127483, 2.43738937378],
        "cov": [[15409.8652344, 259.172668457, -3572.67016602, -717.417602539, -860.359008789, 483.624694824, 71.7570266724, 133.675567627, 193.399688721, 551.46685791, 195.646316528, -61.068069458, 424.206115723], [259.172668457, 2607.85791016, 854.736572266, 700.992614746, 712.581848145, 280.132293701, 232.106140137, 282.539642334, 182.440856934, 34.8372383118, 35.2164459229, -25.692155838, -65.0728530884], [-3572.67016602, 854.736572266, 2433.1730957, 768.353515625, 826.48626709, 160.677322388, 215.074691772, 132.823272705, 80.5536651611, -137.869857788, -53.8512535095, 29.7187690735, -197.201950073], [-717.417602539, 700.992614746, 768.353515625, 631.030334473, 477.241821289, 162.0831604, 147.587631226, 140.947311401, 96.0689086914, 9.23357391357, -2.02624940872, 5.23413705826, -54.0306739807], [-860.359008789, 712.581848145, 826.48626709, 477.241821289, 576.963562012, 209.048324585, 167.758605957, 139.242126465, 109.837425232, 15.8054180145, 20.5831031799, 8.75961780548, -61.1576576233], [483.624694824, 280.132293701, 160.677322388, 162.0831604, 209.048324585, 308.35848999, 192.686599731, 84.4227600098, 72.6145248413, 82.0950317383, 53.2354698181, 6.69660329819, 2.84411406517], [71.7570266724, 232.106140137, 215.074691772, 147.587631226, 167.758605957, 192.686599731, 215.926223755, 106.889862061, 65.8875656128, 51.1376495361, 45.7663078308, 26.8008174896, -9.75496959686], [133.675567627, 282.539642334, 132.823272705, 140.947311401, 139.242126465, 84.4227600098, 106.889862061, 163.336456299, 95.1951599121, 26.3711128235, 17.1552753448, 17.5101985931, 8.50536346436], [193.399688721, 182.440856934, 80.5536651611, 96.0689086914, 109.837425232, 72.6145248413, 65.8875656128, 95.1951599121, 127.094520569, 62.2833251953, 17.4313526154, 3.65313768387, 19.220451355], [551.46685791, 34.8372383118, -137.869857788, 9.23357391357, 15.8054180145, 82.0950317383, 51.1376495361, 26.3711128235, 62.2833251953, 129.403411865, 55.1664810181, -7.31061553955, 24.4278793335], [195.646316528, 35.2164459229, -53.8512535095, -2.02624940872, 20.5831031799, 53.2354698181, 45.7663078308, 17.1552753448, 17.4313526154, 55.1664810181, 92.7207183838, 38.5372467041, 0.934624195099], [-61.068069458, -25.692155838, 29.7187690735, 5.23413705826, 8.75961780548, 6.69660329819, 26.8008174896, 17.5101985931, 3.65313768387, -7.31061553955, 38.5372467041, 91.0621414185, 7.07977342606], [424.206115723, -65.0728530884, -197.201950073, -54.0306739807, -61.1576576233, 2.84411406517, -9.75496959686, 8.50536346436, 19.220451355, 24.4278793335, 0.934624195099, 7.07977342606, 95.1263656616]],
