{
"lowlevel": {
    "average_loudness": 0.833256781101,
    "barkbands_crest": {
        "dmean": 2.59306740761,
        "dmean2": 4.22015428543,
        "dvar": 5.54598999023,
        "dvar2": 14.0875997543,
        "max": 24.7948455811,
        "mean": 11.8877639771,
        "median": 11.0749187469,
        "min": 3.88163089752,
        "var": 18.5403518677
    },
    "barkbands_flatness_db": {
        "dmean": 0.0482975654304,
        "dmean2": 0.0687608495355,
        "dvar": 0.00265576690435,
        "dvar2": 0.00544327590615,
        "max": 0.591076076031,
        "mean": 0.249233275652,
        "median": 0.241846561432,
        "min": 0.0424823984504,
        "var": 0.00867914967239
    },
    "barkbands_kurtosis": {
        "dmean": 6.89541339874,
        "dmean2": 10.7443580627,
        "dvar": 129.092758179,
        "dvar2": 313.469604492,
        "max": 168.446716309,
        "mean": 10.5200471878,
        "median": 5.57514667511,
        "min": -1.74222326279,
        "var": 225.109039307
    },
    "barkbands_skewness": {
        "dmean": 0.80260515213,
        "dmean2": 1.22209775448,
        "dvar": 0.681556165218,
        "dvar2": 1.53163063526,
        "max": 10.4284105301,
        "mean": 2.02211761475,
        "median": 1.79517102242,
        "min": -2.25206446648,
        "var": 2.11449146271
    },
    "barkbands_spread": {
        "dmean": 2.74754953384,
        "dmean2": 4.35915136337,
        "dvar": 16.1524429321,
        "dvar2": 37.1382293701,
        "max": 99.1989440918,
        "mean": 7.81428670883,
        "median": 5.92125320435,
        "min": 0.539174556732,
        "var": 44.672706604
    },
    "dissonance": {
        "dmean": 0.0408090278506,
        "dmean2": 0.0657206997275,
        "dvar": 0.00140333932359,
        "dvar2": 0.00339703960344,
        "max": 0.5,
        "mean": 0.413465887308,
        "median": 0.424979507923,
        "min": 0.120662152767,
        "var": 0.00337735703215
    },
    "dynamic_complexity": 3.1666970253,
    "erbbands_crest": {
        "dmean": 2.96588468552,
        "dmean2": 4.59479904175,
        "dvar": 7.87644433975,
        "dvar2": 17.6268978119,
        "max": 29.5127315521,
        "mean": 11.7012090683,
        "median": 10.8327407837,
        "min": 2.36987829208,
        "var": 24.4516239166
    },
    "erbbands_flatness_db": {
        "dmean": 0.0435344018042,
        "dmean2": 0.0597014315426,
        "dvar": 0.00202212296426,
        "dvar2": 0.00410304917023,
        "max": 0.503676772118,
        "mean": 0.214099541306,
        "median": 0.208370685577,
        "min": 0.0294268168509,
        "var": 0.00543739367276
    },
    "erbbands_kurtosis": {
        "dmean": 3.32098531723,
        "dmean2": 5.21558618546,
        "dvar": 34.910823822,
        "dvar2": 82.6600570679,
        "max": 63.2415924072,
        "mean": 4.40934944153,
        "median": 1.84709596634,
        "min": -1.54994380474,
        "var": 62.1016731262
    },
    "erbbands_skewness": {
        "dmean": 0.601714491844,
        "dmean2": 0.910497188568,
        "dvar": 0.398457288742,
        "dvar2": 0.963028728962,
        "max": 6.67573785782,
        "mean": 0.928456425667,
        "median": 0.79265576601,
        "min": -2.69946360588,
        "var": 1.41876733303
    },
    "erbbands_spread": {
        "dmean": 7.87234449387,
        "dmean2": 11.8422670364,
        "dvar": 94.6058425903,
        "dvar2": 207.895233154,
        "max": 91.0217819214,
        "mean": 21.0135746002,
        "median": 17.5964260101,
        "min": 0.772529423237,
        "var": 221.436950684
    },
    "hfc": {
        "dmean": 4.50061750412,
        "dmean2": 6.76357746124,
        "dvar": 45.1315078735,
        "dvar2": 102.906410217,
        "max": 83.436050415,
        "mean": 10.2292661667,
        "median": 7.32373571396,
        "min": 1.16307920402e-16,
        "var": 89.2766113281
    },
    "melbands_crest": {
        "dmean": 3.00778436661,
        "dmean2": 4.93677520752,
        "dvar": 7.5230588913,
        "dvar2": 19.3175029755,
        "max": 29.7678260803,
        "mean": 14.9394464493,
        "median": 14.4354476929,
        "min": 1.9920501709,
        "var": 21.9387989044
    },
    "melbands_flatness_db": {
        "dmean": 0.0549004971981,
        "dmean2": 0.0783646404743,
        "dvar": 0.00354686635546,
        "dvar2": 0.00722640333697,
        "max": 0.768072724342,
        "mean": 0.361219078302,
        "median": 0.356323719025,
        "min": 0.00505178095773,
        "var": 0.0123306009918
    },
    "melbands_kurtosis": {
        "dmean": 8.81867980957,
        "dmean2": 13.7052984238,
        "dvar": 165.532119751,
        "dvar2": 390.669921875,
        "max": 194.573059082,
        "mean": 15.0858545303,
        "median": 8.38500213623,
        "min": -1.48741531372,
        "var": 355.882049561
    },
    "melbands_skewness": {
        "dmean": 0.826608598232,
        "dmean2": 1.2557092905,
        "dvar": 0.669651567936,
        "dvar2": 1.53261470795,
        "max": 10.0139598846,
        "mean": 2.43740463257,
        "median": 2.15398144722,
        "min": -1.41381549835,
        "var": 2.31579184532
    },
    "melbands_spread": {
        "dmean": 2.62635755539,
        "dmean2": 4.24198293686,
        "dvar": 16.7472705841,
        "dvar2": 40.6216392517,
        "max": 143.940536499,
        "mean": 8.14205646515,
        "median": 6.07762765884,
        "min": 0.551287055016,
        "var": 80.8968658447
    },
    "pitch_salience": {
        "dmean": 0.0782179832458,
        "dmean2": 0.127373948693,
        "dvar": 0.0048518422991,
        "dvar2": 0.0121872639284,
        "max": 0.850936532021,
        "mean": 0.518799245358,
        "median": 0.524812400341,
        "min": 0.118903689086,
        "var": 0.0149114113301
    },
    "silence_rate_20dB": {
        "dmean": 0.00696594407782,
        "dmean2": 0.013937282376,
        "dvar": 0.00691707711667,
        "dvar2": 0.0199376381934,
        "max": 1,
        "mean": 0.996131539345,
        "median": 1,
        "min": 0,
        "var": 0.0038536535576
    },
    "silence_rate_30dB": {
        "dmean": 0.0580495372415,
        "dmean2": 0.116144016385,
        "dvar": 0.0546807162464,
        "dvar2": 0.116591349244,
        "max": 1,
        "mean": 0.867698252201,
        "median": 1,
        "min": 0,
        "var": 0.114799596369
    },
    "silence_rate_60dB": {
        "dmean": 0.00967492256314,
        "dmean2": 0.0193573366851,
        "dvar": 0.00958120077848,
        "dvar2": 0.0213047843426,
        "max": 1,
        "mean": 0.0135396514088,
        "median": 0,
        "min": 0,
        "var": 0.013356118463
    },
    "spectral_centroid": {
        "dmean": 117.284950256,
        "dmean2": 190.282424927,
        "dvar": 47031.9023438,
        "dvar2": 104476.78125,
        "max": 11639.9951172,
        "mean": 530.481689453,
        "median": 429.008392334,
        "min": 132.302429199,
        "var": 311840.5625
    },
    "spectral_complexity": {
        "dmean": 2.4148607254,
        "dmean2": 3.89585757256,
        "dvar": 8.53380298615,
        "dvar2": 20.0427837372,
        "max": 30,
        "mean": 10.0003871918,
        "median": 10,
        "min": 0,
        "var": 18.4367656708
    },
    "spectral_decrease": {
        "dmean": 5.52987255986e-09,
        "dmean2": 8.5298763608e-09,
        "dvar": 1.18575480542e-16,
        "dvar2": 2.66675829707e-16,
        "max": 9.16241210402e-20,
        "mean": -1.21436558587e-08,
        "median": -5.8105116274e-09,
        "min": -1.32670223252e-07,
        "var": 2.57313018676e-16
    },
    "spectral_energy": {
        "dmean": 0.0212383437902,
        "dmean2": 0.0327292270958,
        "dvar": 0.00172977463808,
        "dvar2": 0.00388942752033,
        "max": 0.507619082928,
        "mean": 0.0467607602477,
        "median": 0.0226781982929,
        "min": 1.03941851719e-20,
        "var": 0.00375191145577
    },
    "spectral_energyband_high": {
        "dmean": 9.26624998101e-05,
        "dmean2": 0.000147784565343,
        "dvar": 3.68579762267e-08,
        "dvar2": 9.56827932441e-08,
        "max": 0.00242574536242,
        "mean": 9.4837618235e-05,
        "median": 1.72812524397e-05,
        "min": 7.46460871024e-21,
        "var": 3.76110769196e-08
    },
    "spectral_energyband_low": {
        "dmean": 0.0160923991352,
        "dmean2": 0.025395007804,
        "dvar": 0.00127461366355,
        "dvar2": 0.0029346884694,
        "max": 0.446719646454,
        "mean": 0.0314364284277,
        "median": 0.0100686382502,
        "min": 3.36227222172e-23,
        "var": 0.0027549052611
    },
    "spectral_energyband_middle_high": {
        "dmean": 0.000842066830955,
        "dmean2": 0.00127805187367,
        "dvar": 1.66303652804e-06,
        "dvar2": 3.75793138119e-06,
        "max": 0.0158558376133,
        "mean": 0.00179097009823,
        "median": 0.000677446776535,
        "min": 1.21266263095e-21,
        "var": 6.48762625133e-06
    },
    "spectral_energyband_middle_low": {
        "dmean": 0.00796793866903,
        "dmean2": 0.0119527531788,
        "dvar": 0.000219845198444,
        "dvar2": 0.000458779279143,
        "max": 0.248601466417,
        "mean": 0.0161262489855,
        "median": 0.00973264221102,
        "min": 2.76319698769e-22,
        "var": 0.000431870226748
    },
    "spectral_entropy": {
        "dmean": 0.448184281588,
        "dmean2": 0.637220621109,
        "dvar": 0.235265225172,
        "dvar2": 0.49215811491,
        "max": 9.81206798553,
        "mean": 6.50179958344,
        "median": 6.52332401276,
        "min": 3.94785070419,
        "var": 0.643300652504
    },
    "spectral_flux": {
        "dmean": 0.0410005003214,
        "dmean2": 0.0636315047741,
        "dvar": 0.00310806883499,
        "dvar2": 0.00737244077027,
        "max": 0.594401657581,
        "mean": 0.0883378535509,
        "median": 0.0719856098294,
        "min": 6.51355219761e-11,
        "var": 0.0047470475547
    },
    "spectral_kurtosis": {
        "dmean": 14.7559604645,
        "dmean2": 22.1745491028,
        "dvar": 570.487487793,
        "dvar2": 1180.24890137,
        "max": 315.308044434,
        "mean": 24.7277679443,
        "median": 13.1339492798,
        "min": -1.23838102818,
        "var": 1001.45239258
    },
    "spectral_rms": {
        "dmean": 0.00133526523132,
        "dmean2": 0.00201709452085,
        "dvar": 3.37868573297e-06,
        "dvar2": 7.09814685251e-06,
        "max": 0.0222539454699,
        "mean": 0.00580157199875,
        "median": 0.00470372941345,
        "min": 3.18444164267e-12,
        "var": 1.19620090118e-05
    },
    "spectral_rolloff": {
        "dmean": 136.689910889,
        "dmean2": 239.491607666,
        "dvar": 200438.09375,
        "dvar2": 598635.5,
        "max": 19466.015625,
        "mean": 529.999450684,
        "median": 387.59765625,
        "min": 86.1328125,
        "var": 975113.875
    },
    "spectral_skewness": {
        "dmean": 1.06591951847,
        "dmean2": 1.54144799709,
        "dvar": 1.80448818207,
        "dvar2": 3.68701648712,
        "max": 14.8597822189,
        "mean": 3.54129099846,
        "median": 2.99294543266,
        "min": -0.0727241188288,
        "var": 4.09984922409
    },
    "spectral_spread": {
        "dmean": 966530.1875,
        "dmean2": 1406603.5,
        "dvar": 1.45280493158e+12,
        "dvar2": 2.77285227725e+12,
        "max": 41472064,
        "mean": 3373161,
        "median": 3036145.25,
        "min": 306418.9375,
        "var": 5.64159840256e+12
    },
    "spectral_strongpeak": {
        "dmean": 0.317406088114,
        "dmean2": 0.533067703247,
        "dvar": 0.237817630172,
        "dvar2": 0.594501793385,
        "max": 6.0953783989,
        "mean": 0.62343364954,
        "median": 0.410449624062,
        "min": 0,
        "var": 0.387277036905
    },
    "zerocrossingrate": {
        "dmean": 0.00583008583635,
        "dmean2": 0.00736372731626,
        "dvar": 0.000116419578262,
        "dvar2": 0.000240041888901,
        "max": 0.501953125,
        "mean": 0.0242977067828,
        "median": 0.01904296875,
        "min": 0.0029296875,
        "var": 0.000795461877715
    },
    "barkbands": {
        "dmean": [0.000477105524624, 0.010420396924, 0.00571409054101, 0.00305731990375, 0.00346172926947, 0.00170072715264, 0.000892884214409, 0.000584548804909, 0.000406509352615, 0.000334406475304, 0.000312644056976, 0.0001110064768, 0.000151589949382, 0.000118546005979, 6.06209796388e-05, 5.65991504118e-05, 4.47244528914e-05, 2.96087491733e-05, 2.79984196823e-05, 2.50219072768e-05, 2.06787171919e-05, 1.7256654246e-05, 1.20542936202e-05, 7.31069530957e-06, 7.7177055573e-06, 7.97676875663e-06, 1.37913320941e-05],
        "dmean2": [0.000794091960415, 0.0166570711881, 0.00916154682636, 0.00483346218243, 0.00521491467953, 0.00267839734443, 0.00147615303285, 0.000938869954553, 0.000614877440967, 0.000499034882523, 0.000484228075948, 0.000188113102922, 0.00022367326892, 0.000186275137821, 0.000103873506305, 9.77868767222e-05, 7.68532845541e-05, 5.00477617607e-05, 4.75093511341e-05, 4.26285841968e-05, 3.45501321135e-05, 2.92744971375e-05, 2.00646336452e-05, 1.13159048851e-05, 1.18393645607e-05, 1.30298558361e-05, 2.31626490859e-05],
        "dvar": [2.95559470942e-06, 0.00064804306021, 0.000174669607077, 4.81607858092e-05, 7.68772297306e-05, 1.69595568877e-05, 3.19550645145e-06, 1.56675366725e-06, 5.0562874776e-07, 7.85736915532e-07, 4.89772503443e-07, 1.14701080633e-07, 2.30437862569e-07, 8.17714607138e-08, 3.86497660543e-08, 2.34790942244e-08, 1.46777052734e-08, 5.50646772624e-09, 7.5348998152e-09, 5.22383292179e-09, 3.34109273581e-09, 2.49479881198e-09, 8.75701566816e-10, 1.75588030227e-10, 2.14157871992e-10, 3.45097395105e-10, 1.57251356381e-09],
        "dvar2": [7.33534170649e-06, 0.00153844174929, 0.000431041495176, 0.00010150927119, 0.000165880395798, 3.22683517879e-05, 8.13333372207e-06, 3.77200353796e-06, 1.09932807391e-06, 1.43636270877e-06, 1.07085236323e-06, 3.05924857003e-07, 3.66209150116e-07, 1.69038770537e-07, 1.05481937851e-07, 6.87754351247e-08, 4.27879456311e-08, 1.41617402249e-08, 2.15508055845e-08, 1.46398635437e-08, 9.12930797625e-09, 7.05285518876e-09, 2.41341813201e-09, 4.29419444448e-10, 5.13799780499e-10, 8.50457371193e-10, 3.91297172442e-09],
        "max": [0.0222931876779, 0.341545164585, 0.335422694683, 0.151089444757, 0.214605897665, 0.16864413023, 0.0236207172275, 0.0190945994109, 0.0127194235101, 0.0149729298428, 0.0141925457865, 0.00740976631641, 0.010751423426, 0.00395844131708, 0.00681820977479, 0.00260904151946, 0.00280145346187, 0.00212877080776, 0.00259453617036, 0.00128085608594, 0.00119707267731, 0.00082798342919, 0.000407866289606, 0.000119713913591, 0.000137382085086, 0.000156003821758, 0.000344392261468],
        "mean": [0.000668525695801, 0.0200869385153, 0.00817880872637, 0.00452536391094, 0.00508778961375, 0.00304613634944, 0.0013060963247, 0.000907991197892, 0.00089699018281, 0.000666008971166, 0.000477578782011, 0.000112652043754, 0.000250797835179, 0.000185088312719, 6.8844834459e-05, 6.54990435578e-05, 5.27629927092e-05, 3.61800994142e-05, 2.97620699712e-05, 2.78846928268e-05, 2.08603705687e-05, 1.72904274223e-05, 1.21276198115e-05, 8.00222369435e-06, 8.30937460705e-06, 6.51825848763e-06, 1.00059196484e-05],
        "median": [2.92913373414e-05, 0.00481864344329, 0.00294475676492, 0.00151368137449, 0.00189875601791, 0.00179053016473, 0.000708332983777, 0.000307286798488, 0.000422428478487, 0.00012267002603, 0.000115266462672, 3.57797362085e-05, 3.26614572259e-05, 2.63990441454e-05, 1.34795882332e-05, 1.33114590426e-05, 1.02031099232e-05, 6.51453819955e-06, 5.23367270944e-06, 4.90876436743e-06, 3.76929324375e-06, 2.82684550257e-06, 2.07101584238e-06, 1.49571667407e-06, 1.69767338321e-06, 7.0856901857e-07, 2.4231761131e-07],
        "min": [1.29694728161e-24, 9.22277005817e-24, 1.18367182545e-23, 1.11236274392e-23, 2.58453015319e-23, 5.74748278326e-23, 1.3906081058e-23, 3.67421243611e-23, 4.8676053156e-23, 1.55981892774e-23, 1.24116889916e-23, 2.4055948851e-23, 7.73078385971e-23, 7.14692581565e-23, 6.23211537831e-23, 5.35816036278e-23, 1.08463792764e-22, 1.99662765082e-22, 1.36284657593e-22, 1.99886082138e-22, 2.12819349394e-22, 4.38062563848e-22, 5.69923756491e-22, 6.69201484894e-22, 1.00772762445e-21, 1.62080204721e-21, 2.28320751434e-21],
        "var": [3.63621666111e-06, 0.00140952982474, 0.000251988181844, 0.000107659623609, 0.000125728460262, 3.26548761223e-05, 4.15391286879e-06, 2.95867744171e-06, 1.51720405484e-06, 2.83915619548e-06, 1.04893911157e-06, 9.17445035498e-08, 7.65270840475e-07, 2.32888552887e-07, 5.53423582517e-08, 3.04313338972e-08, 1.96714413647e-08, 1.15849525528e-08, 7.42103223317e-09, 6.74525457711e-09, 2.99771185652e-09, 1.96773397576e-09, 7.44425521226e-10, 2.07519598727e-10, 2.45561820877e-10, 2.957103451e-10, 1.24437615767e-09]
    },
    "erbbands": {
        "dmean": [0.275946617126, 2.51260733604, 6.21125173569, 8.62725830078, 9.88441848755, 12.6267471313, 13.8672838211, 13.5351486206, 11.9736099243, 17.219455719, 8.50763988495, 8.93475723267, 11.2090263367, 8.50329971313, 11.4206075668, 4.69937992096, 7.38381385803, 6.32129526138, 2.79933333397, 4.25334835052, 2.41516518593, 2.16315507889, 1.56816756725, 1.73162972927, 1.12773728371, 1.30576956272, 0.874987244606, 0.774817109108, 0.636966645718, 0.503795683384, 0.30485650897, 0.154314219952, 0.130124628544, 0.0931091830134, 0.050299435854, 0.0245450343937, 0.0155200650916, 0.00942809227854, 0.00238194107078, 0.000165455741808],
        "dmean2": [0.450647592545, 3.99695587158, 10.0097064972, 13.6798858643, 15.3814544678, 18.9107093811, 21.393245697, 21.6031341553, 19.6379299164, 28.0764732361, 13.9106702805, 13.589838028, 17.0066947937, 12.8282079697, 17.7366085052, 7.69741153717, 10.7498559952, 9.57247638702, 4.5916223526, 7.39606618881, 4.0375828743, 3.72077488899, 2.66303610802, 2.91793966293, 1.88069701195, 2.24680376053, 1.45576512814, 1.30519258976, 1.08827280998, 0.838378071785, 0.501098513603, 0.243490532041, 0.202073693275, 0.142080187798, 0.078113310039, 0.0394474565983, 0.0255034286529, 0.0157792810351, 0.00400603376329, 0.000270691962214],
        "dvar": [0.659252822399, 34.4982147217, 202.866516113, 307.04977417, 418.794158936, 1365.14074707, 1485.77148438, 1203.53210449, 524.10534668, 1126.87341309, 351.429626465, 277.746124268, 623.55670166, 558.906494141, 637.037658691, 202.632415771, 624.700744629, 278.18371582, 25.3545322418, 259.700164795, 22.787525177, 25.1349067688, 12.4668598175, 34.6728477478, 6.69849300385, 17.9415130615, 5.35005426407, 5.88502407074, 3.45936107635, 2.00711393356, 0.432914942503, 0.0843002945185, 0.0619257800281, 0.0295199733227, 0.00943988841027, 0.00253882375546, 0.00141820847057, 0.000696905015502, 4.7348868975e-05, 1.8638699828e-07],
        "dvar2": [1.68751573563, 80.8169555664, 498.654327393, 690.980224609, 892.092651367, 2823.67211914, 3156.01464844, 2247.22338867, 1287.83068848, 2821.41552734, 883.31439209, 631.590087891, 1283.39550781, 1000.91088867, 1434.42102051, 536.000610352, 966.107116699, 500.449920654, 64.5437316895, 750.198791504, 61.6637573242, 73.5450515747, 33.856803894, 100.763557434, 18.2858810425, 51.0354499817, 14.6675691605, 16.2187805176, 9.79750442505, 5.67166996002, 1.15101253986, 0.213727682829, 0.15322431922, 0.0694120898843, 0.0231565628201, 0.0062705934979, 0.00350558455102, 0.00174608244561, 0.000117827366921, 4.61946228825e-07],
        "max": [10.2123250961, 76.6036911011, 359.329528809, 283.238586426, 459.103729248, 872.53125, 1042.21130371, 1512.31140137, 325.176422119, 495.189880371, 521.666259766, 358.96282959, 521.449584961, 483.738494873, 487.10369873, 347.715270996, 583.303955078, 292.952667236, 57.6537818909, 509.97479248, 81.6572570801, 82.8263015747, 62.6307411194, 198.979934692, 38.2653083801, 84.3464279175, 32.0422286987, 61.9748802185, 31.7834224701, 28.361907959, 9.3751783371, 4.70191764832, 2.47299647331, 1.58761203289, 1.08532476425, 0.404703736305, 0.321335554123, 0.235306948423, 0.0629025101662, 0.00361686362885],
        "mean": [0.508157968521, 4.67298412323, 9.78822135925, 13.4891891479, 14.2464885712, 18.1089267731, 20.7800998688, 24.9004745483, 18.9824295044, 27.0448207855, 13.8476982117, 18.8817844391, 26.260061264, 16.9258117676, 17.5862255096, 5.95890903473, 12.5082244873, 10.4612293243, 3.89059329033, 5.42071485519, 3.14258790016, 2.56162714958, 1.89001774788, 2.05680346489, 1.21131658554, 1.47627282143, 0.890470981598, 0.767020881176, 0.620719671249, 0.51067763567, 0.319103896618, 0.171272575855, 0.137658089399, 0.101947069168, 0.0525335595012, 0.0228308700025, 0.012329660356, 0.00691040838137, 0.00174797675572, 0.000156063237227],
        "median": [0.0712682083249, 1.24431073666, 3.32188916206, 5.02203321457, 5.2276506424, 6.22042560577, 9.03627109528, 14.6108512878, 10.5291519165, 11.4556531906, 7.18821239471, 10.6275234222, 7.86451482773, 3.93556237221, 4.74466753006, 2.26096248627, 1.86737525463, 1.54227221012, 1.05394804478, 0.874431788921, 0.849668800831, 0.668939709663, 0.411752134562, 0.342635899782, 0.289480656385, 0.228397876024, 0.174624547362, 0.125405743718, 0.103091962636, 0.0834324136376, 0.0544995963573, 0.0330101028085, 0.0251272022724, 0.0193821582943, 0.0116902384907, 0.00382488500327, 0.00116730353329, 0.000280853215372, 6.55059993733e-05, 3.64779771189e-05],
        "min": [5.03431339744e-22, 1.42462907656e-21, 9.03435194362e-21, 2.64626241663e-20, 3.66984204067e-20, 1.44272305873e-19, 2.75374500527e-19, 3.80577450481e-19, 1.28041639312e-19, 3.00340517473e-19, 8.80404411694e-19, 8.80431088269e-19, 1.10008279948e-18, 4.10649963542e-19, 7.53946177021e-19, 1.88465947458e-18, 3.50364756156e-18, 3.97689330643e-18, 3.60105262818e-18, 2.14924560121e-18, 5.65219378157e-18, 6.55231931644e-18, 8.68804175541e-18, 7.1758555068e-18, 9.16538700739e-18, 7.97131953313e-18, 9.89840386056e-18, 1.21215088323e-17, 1.71821824491e-17, 1.72291183314e-17, 1.5513628459e-17, 1.45919441158e-17, 1.14576740568e-17, 9.01343475605e-18, 7.49829547266e-18, 5.45622766342e-18, 3.16091003104e-18, 1.21905877192e-18, 3.1483933925e-19, 3.20294252886e-20],
        "var": [1.13640189171, 77.9762496948, 320.093902588, 599.539611816, 805.792480469, 2207.95214844, 2597.84594727, 2311.35253906, 715.02545166, 1904.18261719, 472.506866455, 633.107177734, 2578.29443359, 2190.68530273, 1264.8840332, 184.049209595, 2108.02392578, 924.111999512, 44.039981842, 457.164123535, 34.2762374878, 33.859375, 19.6877231598, 43.664226532, 6.22092628479, 24.5392227173, 4.48331546783, 5.46113491058, 2.65753507614, 1.6129745245, 0.430372595787, 0.0967771112919, 0.0670584887266, 0.0358633324504, 0.0102638676763, 0.00239921477623, 0.00118951045442, 0.000549766467884, 3.74066548829e-05, 1.55088812903e-07]
    },
    "gfcc": {
        "mean": [-75.3342971802, 149.752197266, -64.0756912231, 12.0539112091, -49.9412727356, 3.73054099083, -26.8644886017, 1.63374578953, -17.8024291992, -1.94518971443, -11.7379751205, -2.58137726784, -7.08450508118],
        "cov": [[9433.50585938, -1475.21813965, -1569.32177734, 436.705047607, 120.816131592, 451.011230469, 2.01991653442, 343.234375, -16.0199966431, 197.035980225, -207.595657349, 34.232131958, -219.722549438], [-1475.21813965, 2064.52563477, 285.382873535, -480.901763916, 316.441314697, 31.1160564423, 258.866088867, -54.9325065613, 157.44909668, -72.7348556519, 171.256607056, -113.805801392, 99.9725265503], [-1569.32177734, 285.382873535, 1290.13232422, 61.0146331787, -28.3787212372, -94.0419540405, 0.412326127291, -165.089401245, -34.7587242126, -79.5199432373, 90.1787109375, 57.7472381592, 65.6276702881], [436.705047607, -480.901763916, 61.0146331787, 554.803405762, -31.6036281586, -53.7278633118, -109.7368927, 6.62570762634, -43.1427879333, 15.3375444412, -17.8147602081, 36.0966072083, -0.333823204041], [120.816131592, 316.441314697, -28.3787212372, -31.6036281586, 406.185760498, 99.9722366333, 114.191429138, 31.0831623077, 91.0643997192, 25.5772209167, 66.1967697144, -13.5299844742, 4.69023942947], [451.011230469, 31.1160564423, -94.0419540405, -53.7278633118, 99.9722366333, 226.779129028, 110.952354431, 84.7846221924, 44.0560035706, 48.9951133728, 15.1047172546, -1.13014888763, -4.77031803131], [2.01991653442, 258.866088867, 0.412326127291, -109.7368927, 114.191429138, 110.952354431, 196.322555542, 87.2564544678, 68.1812973022, 9.14775562286, 33.3315887451, -7.22774219513, 18.6699237823], [343.234375, -54.9325065613, -165.089401245, 6.62570762634, 31.0831623077, 84.7846221924, 87.2564544678, 166.487030029, 59.4721908569, 23.7314491272, -28.3317375183, -0.425119042397, 20.2168140411], [-16.0199966431, 157.44909668, -34.7587242126, -43.1427879333, 91.0643997192, 44.0560035706, 68.1812973022, 59.4721908569, 106.881141663, 34.7783851624, 10.8345680237, -24.487405777, 4.03614902496], [197.035980225, -72.7348556519, -79.5199432373, 15.3375444412, 25.5772209167, 48.9951133728, 9.14775562286, 23.7314491272, 34.7783851624, 86.6333999634, 31.1714248657, 1.84599018097, -21.4499797821], [-207.595657349, 171.256607056, 90.1787109375, -17.8147602081, 66.1967697144, 15.1047172546, 33.3315887451, -28.3317375183, 10.8345680237, 31.1714248657, 102.091064453, 28.8603458405, 3.47261309624], [34.232131958, -113.805801392, 57.7472381592, 36.0966072083, -13.5299844742, -1.13014888763, -7.22774219513, -0.425119042397, -24.487405777, 1.84599018097, 28.8603458405, 82.8786010742, 35.7792358398], [-219.722549438, 99.9725265503, 65.6276702881, -0.333823204041, 4.69023942947, -4.77031803131, 18.6699237823, 20.2168140411, 4.03614902496, -21.4499797821, 3.47261309624, 35.7792358398, 82.0358276367]],
        "icov": [[0.000181478753802, -2.13587227336e-05, 0.000158540191478, -0.000147546365042, -8.46207985887e-05, -0.000276014528936, -1.5026787878e-05, -7.292124792e-05, 0.000135882379254, -0.000130578002427, 0.000477801222587, -0.000538587104529, 0.000568691291846], [-2.13587227336e-05, 0.00158660963643, 1.14138783829e-05, 0.000735642854124, -0.000179427617695, 6.13169613644e-05, -0.000564460642636, 0.000771387887653, -0.00130875664763, 0.00212703156285, -0.00358775444329, 0.0038805983495, -0.00296474387869], [0.000158540191478, 1.14138783829e-05, 0.00128570245579, -0.000474944215966, 0.000310123636154, -0.000345055945218, -0.000626675668173, 0.00147349643521, -0.00079314148752, 0.00114562292583, -0.000501341244671, -0.000741028052289, -0.000195075888769], [-0.000147546365042, 0.000735642854124, -0.000474944215966, 0.00282918009907, -0.000599469058216, 0.000701854878571, 0.00144493649714, -0.00129815447144, 0.00047364513739, -9.48450906435e-06, -0.00159736850765, 0.00152674119454, -0.00145809131209], [-8.46207985887e-05, -0.000179427617695, 0.000310123636154, -0.000599469058216, 0.00407694093883, -0.00129653525073, -0.000845741597004, 0.00133115274366, -0.00334412720986, 0.00184864958283, -0.0023248991929, 0.000216824788367, -5.08312186867e-05], [-0.000276014528936, 6.13169613644e-05, -0.000345055945218, 0.000701854878571, -0.00129653525073, 0.00856411270797, -0.00374147505499, -0.00197672657669, 0.00260821636766, -0.00478411931545, 0.00112654606346, 0.000257059640717, -0.000163370234077], [-1.5026787878e-05, -0.000564460642636, -0.000626675668173, 0.00144493649714, -0.000845741597004, -0.00374147505499, 0.013457769528, -0.00643887743354, -0.00234384112991, 0.00417589768767, -0.00454404018819, 0.000485718512209, 0.000697369338013], [-7.292124792e-05, 0.000771387887653, 0.00147349643521, -0.00129815447144, 0.00133115274366, -0.00197672657669, -0.00643887743354, 0.0157011002302, -0.00651471456513, -0.000469646038255, 0.00422862824053, -0.00115304312203, -0.00439284136519], [0.000135882379254, -0.00130875664763, -0.00079314148752, 0.00047364513739, -0.00334412720986, 0.00260821636766, -0.00234384112991, -0.00651471456513, 0.0221821181476, -0.0113008329645, 0.00416023377329, 0.00336678815074, -0.000613656186033], [-0.000130578002427, 0.00212703156285, 0.00114562292583, -9.48450906435e-06, 0.00184864958283, -0.00478411931545, 0.00417589768767, -0.000469646038255, -0.0113008329645, 0.0267208069563, -0.0147721515968, 0.00327004073188, 0.00166495901067], [0.000477801222587, -0.00358775444329, -0.000501341244671, -0.00159736850765, -0.0023248991929, 0.00112654606346, -0.00454404018819, 0.00422862824053, 0.00416023377329, -0.0147721515968, 0.0295914337039, -0.0171979814768, 0.00841793604195], [-0.000538587104529, 0.0038805983495, -0.000741028052289, 0.00152674119454, 0.000216824788367, 0.000257059640717, 0.000485718512209, -0.00115304312203, 0.00336678815074, 0.00327004073188, -0.0171979814768, 0.0322430580854, -0.0180415827781], [0.000568691291846, -0.00296474387869, -0.000195075888769, -0.00145809131209, -5.08312186867e-05, -0.000163370234077, 0.000697369338013, -0.00439284136519, -0.000613656186033, 0.00166495901067, 0.00841793604195, -0.0180415827781, 0.0263712015003]]
    },
    "melbands": {
        "dmean": [0.00268213124946, 0.00324226543307, 0.00149435678031, 0.000763865304179, 0.000516438216437, 0.000309158000164, 0.000183176103747, 0.00018022157019, 6.52584640193e-05, 5.58150677534e-05, 5.5713862821e-05, 3.31521441694e-05, 4.56092238892e-05, 1.43162224049e-05, 1.40715283123e-05, 1.3765346921e-05, 1.26467175505e-05, 5.1216529755e-06, 4.63328251499e-06, 5.15117380928e-06, 2.76710920843e-06, 2.56186126535e-06, 1.67209327628e-06, 1.44133355207e-06, 1.45609408264e-06, 8.94711490673e-07, 8.48376487284e-07, 8.45272211336e-07, 5.44308420558e-07, 5.41408667232e-07, 4.20143749125e-07, 3.8185402218e-07, 3.14534560175e-07, 2.78391212305e-07, 1.92614123762e-07, 1.1771140862e-07, 8.48440322443e-08, 8.86852191684e-08, 9.22814535897e-08, 7.65065166775e-08],
        "dmean2": [0.00433197012171, 0.0051741246134, 0.00232782051899, 0.00115890125744, 0.000782856950536, 0.000491842278279, 0.000300802465063, 0.000292855373118, 0.000105670471385, 8.50884607644e-05, 8.45731192385e-05, 4.99642410432e-05, 6.99034280842e-05, 2.39521505137e-05, 2.16114804061e-05, 2.02992905542e-05, 1.93194809981e-05, 8.34664660943e-06, 7.99123245088e-06, 8.93201922736e-06, 4.5977985792e-06, 4.39014365838e-06, 2.87012539957e-06, 2.42748069468e-06, 2.47012803811e-06, 1.50538062371e-06, 1.4311973473e-06, 1.46383945321e-06, 9.12840960154e-07, 9.03441332412e-07, 7.23708922123e-07, 6.63143566726e-07, 5.1918942745e-07, 4.71110126909e-07, 3.20865467529e-07, 1.8978843741e-07, 1.33513026412e-07, 1.38492808333e-07, 1.44161745652e-07, 1.1760423746e-07],
        "dvar": [5.01149406773e-05, 4.76002023788e-05, 8.78836362972e-06, 3.09794359055e-06, 2.30612886298e-06, 5.82778056923e-07, 1.20834599215e-07, 1.26339628537e-07, 1.9802325113e-08, 9.83864900661e-09, 1.57197170836e-08, 1.06144595335e-08, 1.14478417856e-08, 1.53494761346e-09, 1.51359580425e-09, 1.94782412422e-09, 1.10804521114e-09, 9.48130601808e-11, 2.07175651634e-10, 2.82122714079e-10, 4.21942585038e-11, 4.21113942328e-11, 2.65348281542e-11, 1.93197645382e-11, 2.96079098738e-11, 4.6683642195e-12, 4.9129355098e-12, 7.68549807129e-12, 2.19789681247e-12, 2.62611785616e-12, 1.8315229975e-12, 1.55297790686e-12, 6.66845214031e-13, 7.22568977308e-13, 1.82022650533e-13, 5.54395430659e-14, 2.49963793425e-14, 2.84272862953e-14, 3.3316106357e-14, 1.98121734811e-14],
        "dvar2": [0.000122026031022, 0.000111950110295, 1.90702157852e-05, 6.55752273815e-06, 4.88173600388e-06, 1.09663051262e-06, 2.98607204741e-07, 3.12575082262e-07, 4.92239351502e-08, 2.22489102697e-08, 3.21687956273e-08, 1.86230693089e-08, 2.48030627148e-08, 4.08875422409e-09, 2.94226576436e-09, 3.13575965194e-09, 2.12540185451e-09, 2.2757613849e-10, 5.72806468924e-10, 8.32811652973e-10, 1.14955350794e-10, 1.22800228319e-10, 7.96248900148e-11, 4.96472342404e-11, 8.64727733862e-11, 1.28622000203e-11, 1.387942105e-11, 2.15344651833e-11, 6.10576433163e-12, 7.15487868605e-12, 5.15297136558e-12, 4.46826126446e-12, 1.84554997153e-12, 2.06488688995e-12, 4.8554102362e-13, 1.4392286462e-13, 6.28220484531e-14, 7.06026356085e-14, 8.22758134951e-14, 4.60745469013e-14],
        "max": [0.097138568759, 0.135588541627, 0.0537954382598, 0.0306774191558, 0.0387125723064, 0.0330315083265, 0.00496689183637, 0.00455712992698, 0.00412195827812, 0.00197852426209, 0.00261726253666, 0.00214437092654, 0.00222903816029, 0.000612767646089, 0.000738072849344, 0.000969393178821, 0.000483596348204, 0.000129015141283, 0.00049326516455, 0.000422102602897, 0.00015166963567, 0.000137100403663, 0.000125762278913, 0.000132117565954, 0.000191337021533, 3.428637865e-05, 3.56137607014e-05, 5.77987084398e-05, 1.95739976334e-05, 3.63760882465e-05, 2.79934047285e-05, 2.46513118327e-05, 1.25759743241e-05, 1.68270616996e-05, 5.93253162151e-06, 3.08977587338e-06, 2.41723955696e-06, 1.6621144141e-06, 2.37112476498e-06, 1.2600376067e-06],
        "mean": [0.00514900777489, 0.00574934482574, 0.00239799241535, 0.00114064838272, 0.000780841219239, 0.000568263698369, 0.000288200943032, 0.000283048080746, 0.000107789674075, 0.000122585857753, 0.000129097301397, 6.43898674753e-05, 7.08165171091e-05, 1.57099530043e-05, 2.11714959732e-05, 2.32401307585e-05, 1.9874469217e-05, 6.8193558036e-06, 5.5289951888e-06, 6.25093343842e-06, 3.49294305124e-06, 2.9323130093e-06, 1.82176120234e-06, 1.84862756214e-06, 1.6817255073e-06, 8.99160852441e-07, 9.30512214836e-07, 9.33472733777e-07, 5.21767958617e-07, 5.430491683e-07, 3.97918825001e-07, 3.49643130448e-07, 3.31552712396e-07, 2.67393943432e-07, 1.99077675234e-07, 1.26217926777e-07, 9.22017591165e-08, 9.24440612948e-08, 9.67692486142e-08, 8.34768627556e-08],
        "median": [0.00106349308044, 0.00198063720018, 0.000942800426856, 0.000425110658398, 0.00032638880657, 0.000334399519488, 0.000165527992067, 0.000111057772301, 5.74615078222e-05, 6.2822480686e-05, 3.46565902873e-05, 1.16432374853e-05, 1.6230475012e-05, 5.74685191168e-06, 4.84586871607e-06, 2.73863679467e-06, 2.46191189035e-06, 1.31251874791e-06, 1.02519470602e-06, 1.06174286429e-06, 7.12938003744e-07, 5.62403329241e-07, 3.31128717335e-07, 2.72495412901e-07, 2.55056846754e-07, 1.81034110369e-07, 1.83997713066e-07, 1.26089744867e-07, 1.08855914505e-07, 8.49706722761e-08, 6.64186146082e-08, 5.71972798014e-08, 5.15731386486e-08, 4.24557384804e-08, 3.1329239647e-08, 2.39790747258e-08, 1.74344094717e-08, 1.66175908589e-08, 1.71605343269e-08, 1.59205146844e-08],
        "min": [4.09918710965e-24, 3.80490885985e-24, 5.58188667976e-24, 6.73630178415e-24, 9.25045828708e-24, 1.01088060051e-23, 2.00707651583e-24, 3.74972922282e-24, 6.15791922364e-24, 6.7494165967e-24, 5.29700967979e-24, 1.39825605311e-24, 1.88900652086e-24, 3.93710143718e-24, 6.90245324573e-24, 7.91412475819e-24, 7.23635045678e-24, 5.09818517724e-24, 4.07135530806e-24, 2.84186766397e-24, 6.80177329498e-24, 6.31128443323e-24, 6.25090146967e-24, 9.04200179287e-24, 5.27826595025e-24, 5.61902664561e-24, 6.54211854474e-24, 5.25573923824e-24, 6.01794966107e-24, 5.4114185713e-24, 7.78258377997e-24, 1.0011514212e-23, 8.08618715453e-24, 9.53949297845e-24, 8.28452492991e-24, 7.84031498759e-24, 9.79611810838e-24, 7.40592320811e-24, 8.58086289553e-24, 6.66143099564e-24],
        "var": [9.96077578748e-05, 9.5719951787e-05, 1.84851869562e-05, 5.29361250301e-06, 3.87403133573e-06, 1.11664735414e-06, 1.62585024555e-07, 2.23079695161e-07, 2.67847166668e-08, 2.6069683301e-08, 6.50628635412e-08, 4.12463805333e-08, 2.47933051867e-08, 1.29505228763e-09, 3.80689257895e-09, 6.62580346145e-09, 3.31292038247e-09, 1.87192344958e-10, 3.47659595556e-10, 4.84216777785e-10, 6.35860114562e-11, 5.88559756487e-11, 3.03728674156e-11, 4.70337518932e-11, 3.54330315089e-11, 4.32303715395e-12, 5.47448111149e-12, 1.05830630717e-11, 1.69916945097e-12, 2.42041716531e-12, 1.48527099907e-12, 1.07042098709e-12, 6.65913071213e-13, 5.26520613133e-13, 1.8295693465e-13, 5.82510927515e-14, 2.83282240981e-14, 3.04976448826e-14, 3.50798220767e-14, 2.44444933316e-14]
    },
    "mfcc": {
        "mean": [-738.540466309, 189.421966553, 38.8243751526, 22.4417877197, 3.38145923615, 4.2691617012, 0.603491842747, 1.89102935791, 0.79978966713, -0.234481081367, -0.850717663765, -1.19063985348, 0.824710130692],
        "cov": [[7565.95800781, -1708.91992188, -1601.70214844, 8.81071281433, -39.2316131592, 201.662857056, 100.550491333, 199.009552002, 205.524719238, 254.457870483, 203.169158936, 20.5736484528, 44.4064178467], [-1708.91992188, 2137.60107422, 170.433685303, -309.559265137, 112.763702393, 78.1394882202, 171.462524414, 85.9869384766, 79.7788391113, 67.9797363281, 65.6174087524, 130.999664307, 35.4463729858], [-1601.70214844, 170.433685303, 1075.4473877, 177.638977051, 34.9705734253, -8.79462528229, -16.8104839325, -52.523727417, -89.7023010254, -135.777297974, -96.929359436, -38.787979126, 1.46928465366], [8.81071281433, -309.559265137, 177.638977051, 411.630645752, 114.112800598, 2.75086855888, -35.0362167358, -26.320602417, -46.9731636047, -49.1959686279, -36.0479469299, -27.9830169678, 9.25558948517], [-39.2316131592, 112.763702393, 34.9705734253, 114.112800598, 215.739181519, 81.4409866333, 36.4294776917, 9.0584230423, -3.68196439743, 1.11917495728, 19.4360313416, 33.5226402283, 12.1663923264], [201.662857056, 78.1394882202, -8.79462528229, 2.75086855888, 81.4409866333, 134.710800171, 70.3053741455, 21.3815135956, 6.31756210327, 21.6003284454, 42.563911438, 38.2823944092, 20.4766578674], [100.550491333, 171.462524414, -16.8104839325, -35.0362167358, 36.4294776917, 70.3053741455, 130.219894409, 68.5671615601, 32.5200157166, 29.9096870422, 34.8378715515, 42.8149414062, 27.4229507446], [199.009552002, 85.9869384766, -52.523727417, -26.320602417, 9.0584230423, 21.3815135956, 68.5671615601, 115.617393494, 85.8889465332, 43.3947143555, 16.8462200165, 13.6548471451, 16.1982536316], [205.524719238, 79.7788391113, -89.7023010254, -46.9731636047, -3.68196439743, 6.31756210327, 32.5200157166, 85.8889465332, 141.840805054, 85.2728271484, 22.1582298279, 8.77501773834, 9.38112831116], [254.457870483, 67.9797363281, -135.777297974, -49.1959686279, 1.11917495728, 21.6003284454, 29.9096870422, 43.3947143555, 85.2728271484, 121.27885437, 66.979347229, 25.5821762085, 4.52267408371], [203.169158936, 65.6174087524, -96.929359436, -36.0479469299, 19.4360313416, 42.563911438, 34.8378715515, 16.8462200165, 22.1582298279, 66.979347229, 103.781066895, 61.4815864563, 9.8306388855], [20.5736484528, 130.999664307, -38.787979126, -27.9830169678, 33.5226402283, 38.2823944092, 42.8149414062, 13.6548471451, 8.77501773834, 25.5821762085, 61.4815864563, 96.9738388062, 36.6916656494], [44.4064178467, 35.4463729858, 1.46928465366, 9.25558948517, 12.1663923264, 20.4766578674, 27.4229507446, 16.1982536316, 9.38112831116, 4.52267408371, 9.8306388855, 36.6916656494, 61.8902740479]],
