{
"lowlevel": {
    "average_loudness": 0.335890412331,
    "barkbands_crest": {
        "dmean": 1.4363553524,
        "dmean2": 2.25388526917,
        "dvar": 2.29746317863,
        "dvar2": 5.54429912567,
        "max": 24.0856609344,
        "mean": 12.8077306747,
        "median": 11.9642047882,
        "min": 4.59561061859,
        "var": 16.4127693176
    },
    "barkbands_flatness_db": {
        "dmean": 0.0162219256163,
        "dmean2": 0.0250296331942,
        "dvar": 0.000449606741313,
        "dvar2": 0.00102514855098,
        "max": 0.458994299173,
        "mean": 0.330550014973,
        "median": 0.328871428967,
        "min": 0.0658361390233,
        "var": 0.00306762335822
    },
    "barkbands_kurtosis": {
        "dmean": 2.64481973648,
        "dmean2": 4.16683483124,
        "dvar": 25.0729522705,
        "dvar2": 59.1815795898,
        "max": 109.745033264,
        "mean": 7.57025814056,
        "median": 4.16066837311,
        "min": -1.82310247421,
        "var": 122.664237976
    },
    "barkbands_skewness": {
        "dmean": 0.396243005991,
        "dmean2": 0.618691563606,
        "dvar": 0.338955253363,
        "dvar2": 0.803402423859,
        "max": 7.71600580215,
        "mean": 1.18540287018,
        "median": 1.10699796677,
        "min": -4.00206184387,
        "var": 1.96030712128
    },
    "barkbands_spread": {
        "dmean": 1.04233849049,
        "dmean2": 1.69931173325,
        "dvar": 12.7789783478,
        "dvar2": 30.5233764648,
        "max": 91.2289123535,
        "mean": 4.79650497437,
        "median": 3.59151387215,
        "min": 0.637400925159,
        "var": 22.0812854767
    },
    "dissonance": {
        "dmean": 0.0364770516753,
        "dmean2": 0.0618620477617,
        "dvar": 0.00152869394515,
        "dvar2": 0.004048995208,
        "max": 0.499705821276,
        "mean": 0.349065691233,
        "median": 0.355690717697,
        "min": 0.101907275617,
        "var": 0.00484389718622
    },
    "dynamic_complexity": 7.62776851654,
    "erbbands_crest": {
        "dmean": 1.68751645088,
        "dmean2": 2.5300052166,
        "dvar": 4.56929016113,
        "dvar2": 10.0329751968,
        "max": 33.5965538025,
        "mean": 15.0211343765,
        "median": 13.6066560745,
        "min": 2.80743169785,
        "var": 36.6625137329
    },
    "erbbands_flatness_db": {
        "dmean": 0.0136059476063,
        "dmean2": 0.0196868460625,
        "dvar": 0.000409212050727,
        "dvar2": 0.000852794852108,
        "max": 0.506016910076,
        "mean": 0.316468954086,
        "median": 0.320281028748,
        "min": 0.0517286062241,
        "var": 0.00371256144717
    },
    "erbbands_kurtosis": {
        "dmean": 1.85411465168,
        "dmean2": 2.75325894356,
        "dvar": 13.7364749908,
        "dvar2": 30.7947273254,
        "max": 72.1935653687,
        "mean": 5.99428319931,
        "median": 2.66438388824,
        "min": -1.78560590744,
        "var": 84.513633728
    },
    "erbbands_skewness": {
        "dmean": 0.302570164204,
        "dmean2": 0.44261944294,
        "dvar": 0.178057685494,
        "dvar2": 0.360878348351,
        "max": 6.95931386948,
        "mean": 0.89690887928,
        "median": 0.873807430267,
        "min": -6.4037194252,
        "var": 2.22195291519
    },
    "erbbands_spread": {
        "dmean": 2.00238180161,
        "dmean2": 3.13130950928,
        "dvar": 32.0581359863,
        "dvar2": 78.6534881592,
        "max": 131.494522095,
        "mean": 10.6080904007,
        "median": 8.67688655853,
        "min": 0.755659580231,
        "var": 62.8917961121
    },
    "hfc": {
        "dmean": 2.10128808022,
        "dmean2": 2.8888759613,
        "dvar": 62.8696136475,
        "dvar2": 131.077316284,
        "max": 177.959228516,
        "mean": 7.74211645126,
        "median": 3.02058291435,
        "min": 1.14025576891e-16,
        "var": 210.933334351
    },
    "melbands_crest": {
        "dmean": 1.72290337086,
        "dmean2": 2.74752998352,
        "dvar": 3.6196372509,
        "dvar2": 9.17361164093,
        "max": 31.9833202362,
        "mean": 16.324754715,
        "median": 15.5351514816,
        "min": 1.6243480444,
        "var": 25.2917690277
    },
    "melbands_flatness_db": {
        "dmean": 0.0174556709826,
        "dmean2": 0.0269969776273,
        "dvar": 0.000608825765084,
        "dvar2": 0.00135319237597,
        "max": 0.608405709267,
        "mean": 0.453353047371,
        "median": 0.4537525177,
        "min": 0.00300657749176,
        "var": 0.00575779797509
    },
    "melbands_kurtosis": {
        "dmean": 3.32827544212,
        "dmean2": 5.59976911545,
        "dvar": 112.395568848,
        "dvar2": 334.426300049,
        "max": 258.012512207,
        "mean": 7.6350812912,
        "median": 4.69605827332,
        "min": -1.82981133461,
        "var": 134.645843506
    },
    "melbands_skewness": {
        "dmean": 0.3738463521,
        "dmean2": 0.590264320374,
        "dvar": 0.323447614908,
        "dvar2": 0.850768148899,
        "max": 10.659497261,
        "mean": 1.41787445545,
        "median": 1.31581890583,
        "min": -3.12543010712,
        "var": 1.69734573364
    },
    "melbands_spread": {
        "dmean": 1.20606505871,
        "dmean2": 1.90496563911,
        "dvar": 14.3365478516,
        "dvar2": 33.7972488403,
        "max": 164.989578247,
        "mean": 7.03510046005,
        "median": 4.66978883743,
        "min": 0.759374201298,
        "var": 133.298400879
    },
    "pitch_salience": {
        "dmean": 0.0431965664029,
        "dmean2": 0.0691268593073,
        "dvar": 0.00222911848687,
        "dvar2": 0.00585719989613,
        "max": 0.936679422855,
        "mean": 0.498784244061,
        "median": 0.498894333839,
        "min": 0.100965298712,
        "var": 0.0187607891858
    },
    "silence_rate_20dB": {
        "dmean": 0,
        "dmean2": 0,
        "dvar": 0,
        "dvar2": 0,
        "max": 1,
        "mean": 1,
        "median": 1,
        "min": 1,
        "var": 0
    },
    "silence_rate_30dB": {
        "dmean": 0.00773993786424,
        "dmean2": 0.0154858687893,
        "dvar": 0.00767997745425,
        "dvar2": 0.0175692271441,
        "max": 1,
        "mean": 0.976402342319,
        "median": 1,
        "min": 0,
        "var": 0.0230409149081
    },
    "silence_rate_60dB": {
        "dmean": 0.0236068107188,
        "dmean2": 0.047231901437,
        "dvar": 0.0230492353439,
        "dvar2": 0.0488707721233,
        "max": 1,
        "mean": 0.36479690671,
        "median": 0,
        "min": 0,
        "var": 0.231712952256
    },
    "spectral_centroid": {
        "dmean": 35.7684440613,
        "dmean2": 55.0455627441,
        "dvar": 28915.4960938,
        "dvar2": 57867.5820312,
        "max": 11632.9931641,
        "mean": 490.394042969,
        "median": 382.357910156,
        "min": 165.158309937,
        "var": 749719.5
    },
    "spectral_complexity": {
        "dmean": 0.802631556988,
        "dmean2": 1.3217189312,
        "dvar": 1.27608168125,
        "dvar2": 2.67503881454,
        "max": 28,
        "mean": 6.20270776749,
        "median": 6,
        "min": 0,
        "var": 13.2533245087
    },
    "spectral_decrease": {
        "dmean": 1.18699339247e-09,
        "dmean2": 1.73821956828e-09,
        "dvar": 6.44428952844e-18,
        "dvar2": 1.33245462531e-17,
        "max": 1.03903475128e-28,
        "mean": -6.01821348312e-09,
        "median": -2.25805174559e-09,
        "min": -6.04991257092e-08,
        "var": 6.02525835896e-17
    },
    "spectral_energy": {
        "dmean": 0.00463575543836,
        "dmean2": 0.00675680208951,
        "dvar": 0.000101056619314,
        "dvar2": 0.000205311371246,
        "max": 0.244478926063,
        "mean": 0.0234163068235,
        "median": 0.00889436993748,
        "min": 1.03073756362e-20,
        "var": 0.000921280472539
    },
    "spectral_energyband_high": {
        "dmean": 3.51224007318e-05,
        "dmean2": 6.34383541183e-05,
        "dvar": 1.54679383968e-07,
        "dvar2": 4.38310394202e-07,
        "max": 0.0125276679173,
        "mean": 2.82868713839e-05,
        "median": 1.4806060733e-07,
        "min": 7.21937954698e-21,
        "var": 9.67290532117e-08
    },
    "spectral_energyband_low": {
        "dmean": 0.00216519809328,
        "dmean2": 0.00357996416278,
        "dvar": 2.32326165133e-05,
        "dvar2": 7.09216619725e-05,
        "max": 0.0701967030764,
        "mean": 0.00833830144256,
        "median": 0.00114688347094,
        "min": 3.05709002094e-23,
        "var": 0.000164941535331
    },
    "spectral_energyband_middle_high": {
        "dmean": 0.00057070038747,
        "dmean2": 0.000723510747775,
        "dvar": 1.40138245115e-05,
        "dvar2": 2.37769618252e-05,
        "max": 0.101018764079,
        "mean": 0.0013880970655,
        "median": 0.000166424419149,
        "min": 1.08093159405e-21,
        "var": 3.89629385609e-05
    },
    "spectral_energyband_middle_low": {
        "dmean": 0.00321548245847,
        "dmean2": 0.0046025919728,
        "dvar": 5.04678391735e-05,
        "dvar2": 9.47555818129e-05,
        "max": 0.210160955787,
        "mean": 0.0153641235083,
        "median": 0.00556796276942,
        "min": 2.12948798314e-22,
        "var": 0.000466327473987
    },
    "spectral_entropy": {
        "dmean": 0.142139568925,
        "dmean2": 0.221577614546,
        "dvar": 0.0557270236313,
        "dvar2": 0.129029363394,
        "max": 9.82320213318,
        "mean": 5.56312990189,
        "median": 5.54338693619,
        "min": 4.20159769058,
        "var": 0.312498003244
    },
    "spectral_flux": {
        "dmean": 0.012327099219,
        "dmean2": 0.0194058846682,
        "dvar": 0.000516538100783,
        "dvar2": 0.00125202443451,
        "max": 0.377325862646,
        "mean": 0.0307943932712,
        "median": 0.0189978592098,
        "min": 6.49385267781e-11,
        "var": 0.00117148447316
    },
    "spectral_kurtosis": {
        "dmean": 15.7156448364,
        "dmean2": 26.4095096588,
        "dvar": 286.270233154,
        "dvar2": 728.284606934,
        "max": 222.054870605,
        "mean": 65.4202651978,
        "median": 59.5780944824,
        "min": -1.2550162077,
        "var": 1684.79162598
    },
    "spectral_rms": {
        "dmean": 0.000393997092033,
        "dmean2": 0.000568694202229,
        "dvar": 4.59176533241e-07,
        "dvar2": 9.70286578195e-07,
        "max": 0.01544396393,
        "mean": 0.00376749248244,
        "median": 0.00294574862346,
        "min": 3.17111593061e-12,
        "var": 8.6511417976e-06
    },
    "spectral_rolloff": {
        "dmean": 78.5491027832,
        "dmean2": 144.829208374,
        "dvar": 433844.34375,
        "dvar2": 1037384.5625,
        "max": 19509.0820312,
        "mean": 628.583435059,
        "median": 452.197265625,
        "min": 107.666015625,
        "var": 2569031
    },
    "spectral_skewness": {
        "dmean": 0.887925744057,
        "dmean2": 1.50412106514,
        "dvar": 0.818371117115,
        "dvar2": 2.1428861618,
        "max": 12.7420387268,
        "mean": 6.12619400024,
        "median": 6.05127859116,
        "min": -0.0588710606098,
        "var": 4.71594142914
    },
    "spectral_spread": {
        "dmean": 448341.40625,
        "dmean2": 762162.625,
        "dvar": 1.42202516275e+12,
        "dvar2": 3.30828506726e+12,
        "max": 42129264,
        "mean": 2043772.5,
        "median": 1371379.125,
        "min": 439173.375,
        "var": 1.16070746685e+13
    },
    "spectral_strongpeak": {
        "dmean": 0.245387032628,
        "dmean2": 0.363020390272,
        "dvar": 0.415790319443,
        "dvar2": 0.764638483524,
        "max": 13.459353447,
        "mean": 0.934588432312,
        "median": 0.471303582191,
        "min": 0,
        "var": 1.9073523283
    },
    "zerocrossingrate": {
        "dmean": 0.00270727765746,
        "dmean2": 0.00355634349398,
        "dvar": 9.62671329034e-05,
        "dvar2": 0.000180740928045,
        "max": 0.51806640625,
        "mean": 0.0230478197336,
        "median": 0.01806640625,
        "min": 0.00390625,
        "var": 0.00173010223079
    },
    "barkbands": {
        "dmean": [1.75537861651e-05, 0.000679337768815, 0.00124745315406, 0.00109711673576, 0.00126012298279, 0.000593487813603, 0.00026409883867, 0.000837540836073, 0.000259220425505, 3.04618406517e-05, 0.00037903644261, 5.77765131311e-05, 6.33117524558e-05, 6.84555416228e-05, 9.70662131294e-06, 6.21485105512e-06, 3.63171443496e-06, 3.08528615278e-06, 6.14192049397e-06, 1.88451394934e-06, 1.625794539e-06, 9.93521211967e-07, 1.88006026747e-06, 3.62726905223e-06, 9.21574337553e-06, 1.04995369838e-05, 7.43467580833e-06],
        "dmean2": [2.79731029877e-05, 0.00111011916306, 0.00203177891672, 0.00177396030631, 0.00201794225723, 0.000852852070238, 0.000362415041309, 0.00100785389077, 0.000284567009658, 4.23618184868e-05, 0.00047686661128, 8.74481847859e-05, 9.08974616323e-05, 8.71297816047e-05, 1.40504034789e-05, 8.33895410324e-06, 4.90882166559e-06, 4.89085505251e-06, 9.21203991311e-06, 2.87989678327e-06, 2.40807162299e-06, 1.68643350662e-06, 3.09296092382e-06, 6.70987310514e-06, 1.67029011209e-05, 1.94071817532e-05, 1.38392315421e-05],
        "dvar": [1.703546193e-09, 2.02271598937e-06, 8.47131377668e-06, 6.45795853416e-06, 1.0985823792e-05, 2.05960736821e-06, 7.16371800991e-07, 1.97699682758e-05, 3.66064955415e-06, 1.90030444713e-08, 9.99301664706e-06, 1.5688657129e-07, 2.39549109438e-07, 8.92756304438e-07, 2.58947285836e-09, 1.20370502454e-09, 2.59584687079e-10, 8.35419011747e-10, 1.53836066108e-09, 1.94473562254e-10, 1.98139157859e-10, 7.28528903871e-11, 2.91720592127e-10, 1.50483503436e-09, 1.11251914348e-08, 1.86826820681e-08, 7.93504284502e-09],
        "dvar2": [4.16584766683e-09, 5.82594475418e-06, 2.5550592909e-05, 1.9322758817e-05, 2.99804414681e-05, 3.76087814402e-06, 1.39255894283e-06, 2.87145230686e-05, 3.94346761823e-06, 3.00816296317e-08, 1.6744073946e-05, 3.15103733328e-07, 5.25909854332e-07, 1.44505384014e-06, 4.35931246656e-09, 1.96497373928e-09, 4.55008225542e-10, 2.13084572209e-09, 3.17743920064e-09, 4.05611350063e-10, 4.21157747565e-10, 2.02617783662e-10, 7.63952678895e-10, 4.31927693612e-09, 3.10645660306e-08, 5.33548600856e-08, 2.26992327157e-08],
        "max": [0.000969620537944, 0.0191885828972, 0.0532991290092, 0.0405337512493, 0.0871689766645, 0.0447709709406, 0.0267464648932, 0.163395896554, 0.0776819437742, 0.00620719511062, 0.0885279253125, 0.0111036887392, 0.0170658379793, 0.0351704768836, 0.00169802864548, 0.00094803457614, 0.000460120616481, 0.00125426927116, 0.000878830149304, 0.000443001976237, 0.00052399066044, 0.000260201981291, 0.000518420769367, 0.00117669661995, 0.00326696876436, 0.00443897489458, 0.00288810324855],
        "mean": [5.73486649955e-05, 0.00244372989982, 0.00415265047923, 0.00306736398488, 0.00477640237659, 0.00250778836198, 0.00112596724648, 0.00310581945814, 0.000744795193896, 9.75106595433e-05, 0.000861884385813, 0.000129021791508, 0.000125514779938, 0.000123532357975, 2.71763710771e-05, 1.37776478368e-05, 1.0000497241e-05, 4.89907233714e-06, 1.03847141872e-05, 3.24994721268e-06, 1.92216725736e-06, 1.21755363125e-06, 2.18256423068e-06, 3.06085007651e-06, 7.20706111679e-06, 7.25523250367e-06, 4.69494671052e-06],
        "median": [9.34780075568e-07, 0.000258118758211, 0.000525977055077, 0.000203571704333, 0.000526109884959, 0.000702329096384, 0.000336893630447, 0.000204919022508, 4.15277536376e-05, 1.68157057487e-05, 4.05207174481e-05, 9.88572082861e-06, 4.53881648355e-06, 1.17006561595e-06, 7.73971351009e-07, 5.41794463516e-07, 4.41687035391e-07, 2.84547695628e-07, 3.24574102706e-07, 1.62129921932e-07, 3.15921475647e-08, 1.32340138848e-08, 9.21106479979e-09, 7.49232587083e-09, 6.70153754712e-09, 8.14256218007e-09, 9.92842430492e-09],
        "min": [2.44159747129e-24, 5.17689101304e-24, 5.71659059578e-24, 1.75549871518e-24, 3.01690986405e-23, 5.9119874977e-24, 4.822687339e-24, 1.01197191069e-23, 2.92802196388e-23, 2.54091971354e-23, 1.26679291574e-23, 1.32264418894e-23, 4.54354756663e-23, 4.31534840832e-23, 7.47338107069e-23, 7.44525281517e-23, 8.4957201914e-23, 1.41486620972e-22, 1.78365817804e-22, 1.74929779515e-22, 2.5724802082e-22, 3.99506501167e-22, 3.83538467076e-22, 5.65189379369e-22, 9.28609293277e-22, 1.48411065294e-21, 2.10656466973e-21],
        "var": [1.31775106382e-08, 1.52659304149e-05, 5.01282738696e-05, 3.36038719979e-05, 7.78466201155e-05, 2.16939570237e-05, 5.17513308296e-06, 0.000143580487929, 1.97509343707e-05, 7.28270705963e-08, 2.76183964161e-05, 3.77844600052e-07, 4.55720595482e-07, 2.17250430978e-06, 1.21318919355e-08, 4.61140459151e-09, 1.45704270871e-09, 1.24262655721e-09, 3.05710723403e-09, 3.23801541136e-10, 2.3923102388e-10, 5.59742426021e-11, 2.91192570057e-10, 9.71045466258e-10, 7.43173211859e-09, 1.10532321074e-08, 4.56914639457e-09]
    },
    "erbbands": {
        "dmean": [0.00980220548809, 0.19824360311, 1.13100171089, 2.84649682045, 3.23031425476, 4.93195199966, 5.51354122162, 5.40305757523, 3.58694458008, 15.7293968201, 8.10195541382, 7.12656211853, 1.09541666508, 1.76842057705, 18.9511260986, 2.85588741302, 3.07784605026, 2.81537365913, 1.61573791504, 0.502489507198, 0.248471781611, 0.146814987063, 0.223665595055, 0.384412735701, 0.135621443391, 0.0617920234799, 0.0635386109352, 0.0505569279194, 0.0350342988968, 0.0426520220935, 0.0575396604836, 0.0615674071014, 0.0726243630052, 0.08907199651, 0.0700436607003, 0.0440509095788, 0.0188296008855, 0.00670590251684, 0.00112307525706, 8.69691648404e-05],
        "dmean2": [0.0150074372068, 0.321719229221, 1.81881213188, 4.73151731491, 5.22364377975, 7.85058689117, 8.11563491821, 8.09568977356, 4.99833774567, 18.7214622498, 9.89092636108, 8.03627872467, 1.46265673637, 2.29683113098, 24.1502857208, 3.7979581356, 4.31990766525, 3.46254992485, 2.02551984787, 0.729268789291, 0.324817061424, 0.209625586867, 0.346997022629, 0.58836966753, 0.187500059605, 0.0964127033949, 0.0985139459372, 0.0761270225048, 0.0588674731553, 0.0742070004344, 0.0930701866746, 0.113411068916, 0.134659305215, 0.163582637906, 0.12706798315, 0.0809104517102, 0.0345387607813, 0.0125438962132, 0.0020854328759, 0.00016047412646],
        "dvar": [0.000402093952289, 0.166414231062, 5.53288555145, 56.3791618347, 51.5468101501, 233.134216309, 219.051635742, 214.268234253, 134.330093384, 7034.42626953, 1155.15856934, 2908.69458008, 21.3635540009, 67.7642745972, 26092.4492188, 370.691925049, 497.346313477, 1679.61547852, 857.800231934, 5.88314294815, 1.6800699234, 0.395420312881, 4.18869400024, 5.68084096909, 0.820910215378, 0.181083634496, 0.272268742323, 0.144206419587, 0.0790633186698, 0.186722546816, 0.274343729019, 0.383678793907, 0.676941335201, 1.01216578484, 0.68002396822, 0.321033358574, 0.0541839376092, 0.00824627093971, 0.000171068066265, 8.9398469072e-07],
        "dvar2": [0.00102462468203, 0.480900138617, 16.3781414032, 175.298233032, 137.073272705, 619.374694824, 504.036865234, 431.490356445, 269.232269287, 10206.7197266, 1707.93359375, 3255.98364258, 36.2071342468, 119.81627655, 44409.421875, 661.644287109, 1052.87780762, 3161.95654297, 1237.11340332, 11.0357198715, 2.44894003868, 0.75008648634, 10.578037262, 12.5088043213, 1.4586160183, 0.425709456205, 0.628044128418, 0.314384400845, 0.217354103923, 0.529649078846, 0.692709088326, 1.09117877483, 1.94889366627, 2.86403012276, 1.8981256485, 0.909909367561, 0.153153479099, 0.0237696915865, 0.00048321459326, 2.57347187471e-06],
        "max": [0.268944233656, 5.53178739548, 36.4507827759, 108.956832886, 134.779418945, 374.352630615, 377.113128662, 482.8878479, 418.215606689, 3129.40673828, 1171.16503906, 2147.2331543, 139.772155762, 220.879226685, 4546.09423828, 548.186706543, 744.857543945, 1758.29638672, 1513.19934082, 68.3524017334, 39.6594352722, 15.5398273468, 89.1627883911, 62.3546409607, 25.9410362244, 11.6244573593, 16.809677124, 13.1493053436, 7.73818731308, 12.6029748917, 16.5732841492, 17.6830177307, 26.0416088104, 28.2221164703, 27.0009994507, 17.7020606995, 7.65884160995, 3.08560466766, 0.409849286079, 0.029714493081],
        "mean": [0.0435897223651, 0.674773871899, 3.95681595802, 8.66676139832, 11.5068721771, 17.5693759918, 20.2397117615, 21.7644290924, 17.2086715698, 59.7091445923, 28.8153266907, 20.8023395538, 3.79345798492, 4.84538984299, 42.5325241089, 6.85620069504, 6.5729393959, 5.10377502441, 3.63217329979, 1.21532952785, 0.692837297916, 0.37824729085, 0.377143770456, 0.630248606205, 0.275318205357, 0.104945100844, 0.0735807418823, 0.0651851892471, 0.0446344055235, 0.0454149469733, 0.0686477124691, 0.0534080639482, 0.0609540529549, 0.0715125873685, 0.0530808866024, 0.0311871506274, 0.0131088895723, 0.00427254242823, 0.000731952197384, 7.74325453676e-05],
        "median": [0.00278970319778, 0.103487052023, 0.646147549152, 0.714253127575, 1.08016085625, 1.78352749348, 4.22787427902, 5.34499073029, 5.95894289017, 5.89667510986, 3.63091754913, 1.51204741001, 0.834429323673, 1.07913219929, 1.48419594765, 0.551509082317, 0.308953821659, 0.133989527822, 0.0644575729966, 0.0507807508111, 0.03145885095, 0.0297636799514, 0.0196462925524, 0.0238627102226, 0.0137548297644, 0.00671952357516, 0.00201803189702, 0.00110576779116, 0.000538596068509, 0.000346864457242, 0.000280697626295, 0.000165716774063, 0.000127397448523, 8.15154489828e-05, 5.66804556001e-05, 3.69753615814e-05, 1.87016630662e-05, 6.6342795435e-06, 5.75515332457e-06, 1.00655042843e-05],
        "min": [8.31516255197e-23, 1.43766242186e-21, 5.52501153767e-21, 6.48844430675e-21, 3.70708875581e-20, 8.1099591914e-20, 5.29805757295e-20, 7.44134005498e-20, 1.23479970878e-19, 2.53386566429e-19, 3.68343552619e-19, 7.60282794103e-19, 8.70680076413e-19, 1.35151024032e-18, 1.32399500782e-18, 9.8561630554e-19, 1.99281085813e-18, 2.99486138128e-18, 2.47161649749e-18, 5.17001448608e-18, 4.47386300487e-18, 5.85166218243e-18, 8.90046669979e-18, 8.66042302193e-18, 8.29176682089e-18, 8.53166739651e-18, 9.94341075769e-18, 1.16591231416e-17, 1.32334579512e-17, 1.08887524664e-17, 1.16035688645e-17, 1.052617687e-17, 1.05254820383e-17, 8.25673737631e-18, 6.43112825771e-18, 4.38550315824e-18, 2.47226542068e-18, 1.05979072844e-18, 2.93628799833e-19, 3.09167736606e-20],
        "var": [0.00438386760652, 1.14676272869, 37.9174423218, 254.588973999, 415.304260254, 1356.93725586, 1678.85009766, 1988.93786621, 1132.62731934, 49914.9140625, 8209.79785156, 15638.578125, 105.194984436, 200.35508728, 70841.28125, 1016.56866455, 1112.04492188, 3335.55859375, 2458.56933594, 20.7301082611, 9.16217041016, 1.70853555202, 6.45506763458, 10.2234830856, 2.05471992493, 0.259403884411, 0.289613217115, 0.181433483958, 0.0654809474945, 0.13049800694, 0.304711341858, 0.260075509548, 0.429865717888, 0.662877380848, 0.447917252779, 0.195518016815, 0.0329930409789, 0.00466621248052, 0.000101870347862, 5.10026040956e-07]
    },
    "gfcc": {
        "mean": [-215.309387207, 191.562149048, -60.2720794678, -25.5255203247, -45.2419433594, -7.4272403717, -26.9314880371, -3.49871373177, -17.3162345886, -4.62217473984, -4.4367647171, -4.1360783577, -11.5698862076],
        "cov": [[18668.75, 303.254394531, -269.427978516, 2034.89978027, -672.797119141, -920.787231445, -432.509277344, -17.3834629059, -315.080047607, -195.803894043, 67.7913970947, -288.590484619, -190.875549316], [303.254394531, 1648.89648438, -806.713012695, -471.805541992, 438.219970703, -146.453445435, 54.0076789856, -232.832595825, 97.7291412354, -51.2522315979, 114.050827026, -124.667373657, 16.0780010223], [-269.427978516, -806.713012695, 2974.95092773, 618.011291504, -316.307800293, 584.749267578, -207.169509888, 146.753295898, -291.569122314, 55.3349342346, -285.987945557, 111.967735291, 29.0973052979], [2034.89978027, -471.805541992, 618.011291504, 818.362243652, -116.301498413, -70.9557952881, -50.1433258057, 81.6613388062, -59.0102119446, -21.194896698, -32.3671646118, -48.1635551453, -11.5876626968], [-672.797119141, 438.219970703, -316.307800293, -116.301498413, 446.072814941, 16.7564754486, 46.2952766418, -56.7322769165, 35.8637237549, 11.071767807, 40.895198822, -39.8049583435, 9.01411437988], [-920.787231445, -146.453445435, 584.749267578, -70.9557952881, 16.7564754486, 445.671539307, 76.9823913574, 37.8721084595, -45.0474319458, 31.7163791656, -58.8242416382, 72.4721832275, 10.4898529053], [-432.509277344, 54.0076789856, -207.169509888, -50.1433258057, 46.2952766418, 76.9823913574, 220.0181427, 62.91456604, 49.7027854919, -11.7637825012, 40.3304100037, 19.7007751465, 3.75308775902], [-17.3834629059, -232.832595825, 146.753295898, 81.6613388062, -56.7322769165, 37.8721084595, 62.91456604, 206.359161377, 23.6499633789, 16.9792461395, -12.8791341782, 38.4120368958, -4.79162120819], [-315.080047607, 97.7291412354, -291.569122314, -59.0102119446, 35.8637237549, -45.0474319458, 49.7027854919, 23.6499633789, 156.442016602, 39.2970237732, 48.0558586121, -29.2605400085, -10.2382106781], [-195.803894043, -51.2522315979, 55.3349342346, -21.194896698, 11.071767807, 31.7163791656, -11.7637825012, 16.9792461395, 39.2970237732, 126.668258667, 48.5516586304, -0.286257952452, -32.5952949524], [67.7913970947, 114.050827026, -285.987945557, -32.3671646118, 40.895198822, -58.8242416382, 40.3304100037, -12.8791341782, 48.0558586121, 48.5516586304, 157.782424927, 36.6658821106, -25.1261997223], [-288.590484619, -124.667373657, 111.967735291, -48.1635551453, -39.8049583435, 72.4721832275, 19.7007751465, 38.4120368958, -29.2605400085, -0.286257952452, 36.6658821106, 127.998672485, 33.7925224304], [-190.875549316, 16.0780010223, 29.0973052979, -11.5876626968, 9.01411437988, 10.4898529053, 3.75308775902, -4.79162120819, -10.2382106781, -32.5952949524, -25.1261997223, 33.7925224304, 99.3187026978]],
        "icov": [[0.000149107640027, -0.000320769991959, 0.000237242842559, -0.00062087806873, 0.000411828455981, -0.000140022282721, 0.000334912067046, -0.000206055454328, 0.000453988293884, -0.000210747704841, 0.000232512684306, -0.000233617785852, 0.000267303927103], [-0.000320769991959, 0.00216668890789, -0.000873492506798, 0.00232702074572, -0.0018740989035, 0.000744397984818, -0.00101293297485, 0.00110682111699, -0.00128573284019, 0.00189281336498, -0.00241180090234, 0.00257893954404, -0.00125562865287], [0.000237242842559, -0.000873492506798, 0.00155982503202, -0.00200175330974, 0.00118622428272, -0.00164112914354, 0.00155129027553, -0.000763249932788, 0.00158754934091, -0.00157403235789, 0.00200455146842, -0.00150328245945, 0.000542724737898], [-0.00062087806873, 0.00232702074572, -0.00200175330974, 0.00532967504114, -0.002232382074, 0.00178863701876, -0.00183905521408, 0.000380022800528, -0.00170363998041, 0.00278470339254, -0.00386157748289, 0.00432862946764, -0.0019715600647], [0.000411828455981, -0.0018740989035, 0.00118622428272, -0.002232382074, 0.00461014453322, -0.00150762381963, 0.00102927454282, -0.000770171871409, 0.00178994599264, -0.00169636437204, 0.000840522581711, -0.0002722296922, 8.46929615363e-05], [-0.000140022282721, 0.000744397984818, -0.00164112914354, 0.00178863701876, -0.00150762381963, 0.0057009998709, -0.00374765484594, 0.00160642480478, -0.000757535977755, -0.000957332958933, 0.00160210556351, -0.00190722045954, 0.000715650152415], [0.000334912067046, -0.00101293297485, 0.00155129027553, -0.00183905521408, 0.00102927454282, -0.00374765484594, 0.0090660545975, -0.00368065875955, 6.48196000839e-05, 0.00204614782706, -0.00203716009855, 0.00049610628048, -8.51428194437e-05], [-0.000206055454328, 0.00110682111699, -0.000763249932788, 0.000380022800528, -0.000770171871409, 0.00160642480478, -0.00368065875955, 0.00834271125495, -0.00294372043572, -0.00102836824954, 0.00262759858742, -0.0034409079235, 0.00132911535911], [0.000453988293884, -0.00128573284019, 0.00158754934091, -0.00170363998041, 0.00178994599264, -0.000757535977755, 6.48196000839e-05, -0.00294372043572, 0.0120155988261, -0.00397884752601, -0.0010402208427, 0.00293730432168, -0.00113989936654], [-0.000210747704841, 0.00189281336498, -0.00157403235789, 0.00278470339254, -0.00169636437204, -0.000957332958933, 0.00204614782706, -0.00102836824954, -0.00397884752601, 0.0149226095527, -0.00854204408824, 0.00516862887889, 0.000770409882534], [0.000232512684306, -0.00241180090234, 0.00200455146842, -0.00386157748289, 0.000840522581711, 0.00160210556351, -0.00203716009855, 0.00262759858742, -0.0010402208427, -0.00854204408824, 0.0190173014998, -0.0135076679289, 0.00625408999622], [-0.000233617785852, 0.00257893954404, -0.00150328245945, 0.00432862946764, -0.0002722296922, -0.00190722045954, 0.00049610628048, -0.0034409079235, 0.00293730432168, 0.00516862887889, -0.0135076679289, 0.0215210784227, -0.00862020161003], [0.000267303927103, -0.00125562865287, 0.000542724737898, -0.0019715600647, 8.46929615363e-05, 0.000715650152415, -8.51428194437e-05, 0.00132911535911, -0.00113989936654, 0.000770409882534, 0.00625408999622, -0.00862020161003, 0.0150311160833]]
    },
    "melbands": {
        "dmean": [0.000130877480842, 0.000480059854453, 0.000467001606012, 0.000276559934719, 0.000200389084057, 0.000114151807793, 5.16085638083e-05, 0.000194607084268, 5.93580953137e-05, 3.89879533031e-05, 4.27317763751e-06, 4.47725733466e-06, 5.11466023454e-05, 2.44076090894e-05, 4.42751888841e-06, 7.21350124877e-06, 5.07542063133e-06, 3.24201687363e-06, 7.58878343277e-07, 6.08430923421e-07, 2.42811353246e-07, 1.42764505995e-07, 2.65435858182e-07, 1.36414882945e-07, 3.80536221201e-07, 1.15533232758e-07, 9.81153078783e-08, 3.07650900311e-08, 2.81752843279e-08, 6.38520347707e-08, 1.95161238281e-08, 2.21425935365e-08, 1.69896310354e-08, 2.76818763467e-08, 3.66471617497e-08, 3.03052800632e-08, 3.93760863915e-08, 4.50613946157e-08, 6.72115376688e-08, 7.65991856611e-08],
        "dmean2": [0.000209106379771, 0.000777004228439, 0.000770468905102, 0.000444776174845, 0.000300392101053, 0.000168016718817, 7.35026769689e-05, 0.000231768266531, 6.96361603332e-05, 4.47823913419e-05, 5.98604674451e-06, 6.07472338743e-06, 6.47871856927e-05, 3.17076664942e-05, 6.36368213236e-06, 1.01399700725e-05, 6.44374267722e-06, 4.05207993026e-06, 1.1214361848e-06, 8.47156854888e-07, 3.14156949344e-07, 2.04233785439e-07, 4.0090307607e-07, 2.13584115727e-07, 5.87138856645e-07, 1.6219904353e-07, 1.4663190484e-07, 5.08340534111e-08, 4.78997108644e-08, 8.89335325382e-08, 3.25864206729e-08, 3.64889984894e-08, 2.98476834359e-08, 4.78557957706e-08, 5.67332705259e-08, 5.48945102707e-08, 7.32912610601e-08, 8.34313382825e-08, 1.23862463397e-07, 1.40948742455e-07],
        "dvar": [7.22202671e-08, 9.43531688335e-07, 1.26802785871e-06, 5.36771779025e-07, 3.04254768935e-07, 8.59519175833e-08, 2.89656600927e-08, 1.09478855848e-06, 5.75382941292e-08, 8.61284661369e-08, 3.14705789206e-10, 2.64107291592e-10, 1.86210655784e-07, 4.07929228174e-08, 7.49928952271e-10, 5.12967401889e-09, 5.23718268752e-09, 4.48001813425e-09, 1.68385982241e-11, 1.05313188725e-11, 1.32965014867e-12, 4.61874408077e-13, 2.70216336286e-12, 1.69879182336e-12, 6.02628710822e-12, 1.07257518839e-12, 7.04193322577e-13, 6.82691750353e-14, 5.7766393394e-14, 4.87733985144e-13, 1.80957137295e-14, 2.64736064966e-14, 3.72375470303e-14, 7.59881524023e-14, 1.07083694125e-13, 1.18885641349e-13, 1.41187354776e-13, 2.34283051943e-13, 6.69407129554e-13, 6.98009792327e-13],
        "dvar2": [1.9752620517e-07, 2.78675929621e-06, 3.82644066121e-06, 1.46782258525e-06, 7.64138349041e-07, 1.68796375988e-07, 5.88228630249e-08, 1.58852924415e-06, 7.62231806561e-08, 1.00016386284e-07, 5.44186251616e-10, 4.57649168562e-10, 3.16214027407e-07, 7.19504953395e-08, 1.52838952605e-09, 1.09529123549e-08, 9.76674296993e-09, 6.42459108136e-09, 2.73347473129e-11, 1.85718593282e-11, 1.89331124563e-12, 8.35769441935e-13, 6.36291106609e-12, 4.16980078938e-12, 1.34498714249e-11, 1.90761490805e-12, 1.43554547589e-12, 1.84418100365e-13, 1.55634823063e-13, 9.75636346885e-13, 4.93622985098e-14, 7.13937847101e-14, 1.05275766674e-13, 2.16438520752e-13, 2.3392973756e-13, 3.35630232374e-13, 4.0228511169e-13, 6.75931695598e-13, 1.91493218851e-12, 1.97176346431e-12],
        "max": [0.00377904903144, 0.0143968639895, 0.0151941170916, 0.0157528612763, 0.0153177361935, 0.00931467488408, 0.00631463807076, 0.038848683238, 0.00652721896768, 0.0115633597597, 0.000793555227574, 0.000510674784891, 0.0119329299778, 0.00584522541612, 0.000731846375857, 0.00256626610644, 0.00301794102415, 0.00346506410278, 0.000163647069712, 8.33124504425e-05, 3.98386182496e-05, 2.52883528447e-05, 5.59690633963e-05, 5.55227525183e-05, 6.53443858027e-05, 3.68609071302e-05, 2.68553085334e-05, 9.37231288844e-06, 7.11472648618e-06, 2.85612804873e-05, 3.39062148669e-06, 3.18376919495e-06, 6.82713152855e-06, 7.24269148122e-06, 1.14981157822e-05, 1.14257618407e-05, 1.00613888208e-05, 1.46127258631e-05, 2.62381599896e-05, 2.1926156478e-05],
        "mean": [0.000520459783729, 0.00172110728454, 0.0015977693256, 0.00101117906161, 0.000758905021939, 0.000471101724543, 0.000240630979533, 0.000732874672394, 0.000201560076675, 0.000111040630145, 1.40470592669e-05, 1.2638743101e-05, 0.000115596485557, 5.47629315406e-05, 1.05410990727e-05, 1.35926984512e-05, 8.72316559253e-06, 6.95473272572e-06, 2.16418220589e-06, 1.30148532662e-06, 7.19935371762e-07, 4.07496628441e-07, 4.23445044362e-07, 2.33069087585e-07, 6.05274806276e-07, 2.25952859978e-07, 1.72416761757e-07, 4.22236396957e-08, 3.11280921039e-08, 7.34883869313e-08, 2.57197481091e-08, 2.82229883908e-08, 1.83525497022e-08, 2.84398655737e-08, 4.66986165293e-08, 2.78159042466e-08, 3.35551533226e-08, 3.85075757947e-08, 5.47925260719e-08, 6.04666610116e-08],
        "median": [4.49945255241e-05, 0.000298481230857, 0.000150602223584, 9.72990092123e-05, 0.000148101506056, 0.000120926342788, 8.00909692771e-05, 6.10806309851e-05, 2.40443641815e-05, 6.76729769111e-06, 3.03859110318e-06, 3.18540173794e-06, 5.08230323248e-06, 2.15575619222e-06, 5.93198876686e-07, 3.79377212312e-07, 1.4701014095e-07, 8.4498729791e-08, 6.47534719178e-08, 4.86420219659e-08, 2.75362275204e-08, 2.71583679989e-08, 1.88690503222e-08, 1.2676137473e-08, 1.78090360237e-08, 7.28242799397e-09, 6.54201226524e-09, 2.05639061335e-09, 1.04202446671e-09, 6.47389364339e-10, 4.74145389617e-10, 3.03267133628e-10, 1.76761785764e-10, 1.68950603507e-10, 1.63276878129e-10, 1.05153538654e-10, 9.05110847382e-11, 8.36019101169e-11, 7.25221688258e-11, 5.92616927753e-11],
        "min": [1.68729459018e-24, 3.38512954534e-24, 2.1676919488e-24, 5.33002745298e-24, 2.85490181549e-24, 1.65695578862e-24, 1.89999594491e-24, 2.47903917644e-24, 3.53250730067e-24, 5.00519701474e-24, 3.46229552466e-24, 4.89978705401e-24, 3.31272907475e-24, 1.97030613132e-24, 2.57337451614e-24, 5.95270455332e-24, 4.17452293167e-24, 3.57520558045e-24, 6.95262874361e-24, 5.25793266599e-24, 4.41021248205e-24, 5.88147317459e-24, 6.6307427287e-24, 6.86959403359e-24, 6.31367073747e-24, 7.0932526663e-24, 5.27430586851e-24, 5.8811300201e-24, 5.32563349774e-24, 5.97959129955e-24, 7.04520788172e-24, 6.85125459526e-24, 8.18530910499e-24, 4.99600836292e-24, 5.93545255976e-24, 8.15819280024e-24, 5.87905452706e-24, 5.2692997572e-24, 6.37118855822e-24, 7.25712905302e-24],
        "var": [6.22194875177e-07, 6.93023685017e-06, 7.51063043936e-06, 3.37500773639e-06, 2.19988419303e-06, 8.23582979592e-07, 2.38168723854e-07, 7.83719951869e-06, 3.8214065512e-07, 4.55495239748e-07, 1.57867607875e-09, 9.54435197542e-10, 5.08073924266e-07, 1.08609981453e-07, 2.40847852773e-09, 9.41934796828e-09, 1.03703117205e-08, 1.28110881903e-08, 8.49762066268e-11, 3.67330089956e-11, 9.307739475e-12, 2.38129394675e-12, 5.3674855359e-12, 2.78327664735e-12, 1.03569756937e-11, 2.45514394405e-12, 1.1752473994e-12, 6.23530293695e-14, 4.31203534793e-14, 6.20833896445e-13, 1.78728695255e-14, 2.44579069454e-14, 2.48010382982e-14, 5.34052104839e-14, 1.62807674243e-13, 8.09425158735e-14, 9.67743477042e-14, 1.50202861759e-13, 4.30184750669e-13, 4.55354449893e-13]
    },
    "mfcc": {
        "mean": [-856.947875977, 212.438903809, 48.7731819153, 2.99255776405, -2.08322763443, -5.60715341568, 0.0469945631921, -1.6779692173, -6.82748126984, -4.49756908417, -0.814384162426, 1.74219918251, 6.48490333557],
        "cov": [[8393.80664062, 1514.75769043, -745.840209961, 940.972595215, 451.34161377, -385.088104248, -239.521087646, -183.678375244, -322.751037598, -7.02258634567, 142.371307373, -96.6538772583, -234.322006226], [1514.75769043, 1614.89160156, -419.234771729, -56.8346138, 237.347335815, 43.642791748, -66.072227478, -119.371253967, -116.74458313, 10.2313985825, 8.59442615509, -34.5369949341, -29.1318721771], [-745.840209961, -419.234771729, 2103.77612305, 460.359558105, 58.1172790527, 160.338226318, 226.773635864, 83.6104202271, 127.036834717, -88.4482116699, -11.2193965912, -61.3736686707, -207.390716553], [940.972595215, -56.8346138, 460.359558105, 537.123840332, 133.370162964, -56.971862793, 38.5660896301, 13.5847158432, -5.34456300735, 2.3314499855, 34.111656189, -17.4357032776, -102.159263611], [451.34161377, 237.347335815, 58.1172790527, 133.370162964, 280.551544189, 69.0970840454, 15.8240194321, -22.6117477417, -20.9934749603, 1.75178039074, 24.7147884369, -22.8115348816, -63.2802772522], [-385.088104248, 43.642791748, 160.338226318, -56.971862793, 69.0970840454, 231.259506226, 113.076370239, 16.9114055634, 14.9580926895, -5.65292167664, 8.72382164001, 14.9948825836, -30.0554676056], [-239.521087646, -66.072227478, 226.773635864, 38.5660896301, 15.8240194321, 113.076370239, 183.593948364, 91.4915313721, 44.9373626709, -11.4488096237, 9.81959247589, 14.6540908813, -3.00343108177], [-183.678375244, -119.371253967, 83.6104202271, 13.5847158432, -22.6117477417, 16.9114055634, 91.4915313721, 159.354721069, 94.457244873, 1.91813313961, -27.6516704559, 12.2003774643, 70.0435028076], [-322.751037598, -116.74458313, 127.036834717, -5.34456300735, -20.9934749603, 14.9580926895, 44.9373626709, 94.457244873, 154.530197144, 42.1381797791, -32.9188194275, -10.0016403198, 20.2847156525], [-7.02258634567, 10.2313985825, -88.4482116699, 2.3314499855, 1.75178039074, -5.65292167664, -11.4488096237, 1.91813313961, 42.1381797791, 111.490135193, 46.7380180359, 0.727968454361, 5.97650814056], [142.371307373, 8.59442615509, -11.2193965912, 34.111656189, 24.7147884369, 8.72382164001, 9.81959247589, -27.6516704559, -32.9188194275, 46.7380180359, 153.409057617, 63.3393859863, -37.0369758606], [-96.6538772583, -34.5369949341, -61.3736686707, -17.4357032776, -22.8115348816, 14.9948825836, 14.6540908813, 12.2003774643, -10.0016403198, 0.727968454361, 63.3393859863, 121.119148254, 80.6606445312], [-234.322006226, -29.1318721771, -207.390716553, -102.159263611, -63.2802772522, -30.0554676056, -3.00343108177, 70.0435028076, 20.2847156525, 5.97650814056, -37.0369758606, 80.6606445312, 251.343139648]],
