{
"lowlevel": {
    "average_loudness": 0.957505345345,
    "barkbands_crest": {
        "dmean": 3.57591295242,
        "dmean2": 5.81069946289,
        "dvar": 10.4404392242,
        "dvar2": 27.0821990967,
        "max": 25.3744182587,
        "mean": 13.2644376755,
        "median": 12.7384290695,
        "min": 2.6320939064,
        "var": 24.689540863
    },
    "barkbands_flatness_db": {
        "dmean": 0.041377030313,
        "dmean2": 0.0607031434774,
        "dvar": 0.00148778222501,
        "dvar2": 0.00322305993177,
        "max": 0.475610911846,
        "mean": 0.193457886577,
        "median": 0.186968252063,
        "min": 0.0296156276017,
        "var": 0.00574654713273
    },
    "barkbands_kurtosis": {
        "dmean": 14.3122110367,
        "dmean2": 23.1636981964,
        "dvar": 604.924987793,
        "dvar2": 1563.35021973,
        "max": 338.454101562,
        "mean": 20.752746582,
        "median": 10.8593893051,
        "min": -1.87088143826,
        "var": 863.440063477
    },
    "barkbands_skewness": {
        "dmean": 1.23282825947,
        "dmean2": 1.89035594463,
        "dvar": 1.92585659027,
        "dvar2": 4.61792421341,
        "max": 15.6834554672,
        "mean": 3.23317861557,
        "median": 2.82280039787,
        "min": -1.97643446922,
        "var": 4.63985490799
    },
    "barkbands_spread": {
        "dmean": 7.29914426804,
        "dmean2": 11.153046608,
        "dvar": 138.159896851,
        "dvar2": 289.682098389,
        "max": 125.776702881,
        "mean": 13.9982852936,
        "median": 8.8762254715,
        "min": 0.370291620493,
        "var": 280.750823975
    },
    "dissonance": {
        "dmean": 0.0235664602369,
        "dmean2": 0.0376122295856,
        "dvar": 0.000615960278083,
        "dvar2": 0.00143375585321,
        "max": 0.499999970198,
        "mean": 0.44766536355,
        "median": 0.456285476685,
        "min": 0.199053585529,
        "var": 0.00144626619294
    },
    "dynamic_complexity": 4.00802755356,
    "erbbands_crest": {
        "dmean": 2.56004691124,
        "dmean2": 4.02793884277,
        "dvar": 6.34439849854,
        "dvar2": 14.6427621841,
        "max": 29.8277988434,
        "mean": 8.67526340485,
        "median": 7.66603851318,
        "min": 2.34526729584,
        "var": 17.2772064209
    },
    "erbbands_flatness_db": {
        "dmean": 0.0287773888558,
        "dmean2": 0.0371590778232,
        "dvar": 0.000811074569356,
        "dvar2": 0.00136452307925,
        "max": 0.349625259638,
        "mean": 0.141807168722,
        "median": 0.139181122184,
        "min": 0.0305212941021,
        "var": 0.00356708327308
    },
    "erbbands_kurtosis": {
        "dmean": 1.81453716755,
        "dmean2": 2.81897473335,
        "dvar": 9.25793075562,
        "dvar2": 20.9025363922,
        "max": 44.1800575256,
        "mean": 1.337641716,
        "median": -0.0151002407074,
        "min": -1.82026576996,
        "var": 16.149597168
    },
    "erbbands_skewness": {
        "dmean": 0.528745651245,
        "dmean2": 0.779070198536,
        "dvar": 0.285505950451,
        "dvar2": 0.596884608269,
        "max": 5.28629970551,
        "mean": 0.810249626637,
        "median": 0.727976322174,
        "min": -4.44081163406,
        "var": 0.819307148457
    },
    "erbbands_spread": {
        "dmean": 14.3952617645,
        "dmean2": 20.5861740112,
        "dvar": 247.95741272,
        "dvar2": 490.673248291,
        "max": 189.639312744,
        "mean": 47.2956390381,
        "median": 42.2021636963,
        "min": 3.17890071869,
        "var": 798.545837402
    },
    "hfc": {
        "dmean": 9.28204536438,
        "dmean2": 13.2209472656,
        "dvar": 225.093963623,
        "dvar2": 479.662109375,
        "max": 283.906585693,
        "mean": 17.1141967773,
        "median": 8.72739219666,
        "min": 1.17785900251e-16,
        "var": 496.356231689
    },
    "melbands_crest": {
        "dmean": 4.32130289078,
        "dmean2": 6.9002366066,
        "dvar": 15.3167028427,
        "dvar2": 37.075012207,
        "max": 35.8114242554,
        "mean": 17.9036388397,
        "median": 17.0528926849,
        "min": 1.90779387951,
        "var": 43.7544555664
    },
    "melbands_flatness_db": {
        "dmean": 0.0493040345609,
        "dmean2": 0.0723855122924,
        "dvar": 0.00209531234577,
        "dvar2": 0.00457260012627,
        "max": 0.635429143906,
        "mean": 0.301290601492,
        "median": 0.297246903181,
        "min": 0.00680398242548,
        "var": 0.00853040348738
    },
    "melbands_kurtosis": {
        "dmean": 31.0292701721,
        "dmean2": 49.6678962708,
        "dvar": 2849.42480469,
        "dvar2": 6594.76953125,
        "max": 880.592956543,
        "mean": 49.0960655212,
        "median": 26.1362838745,
        "min": -1.67770826817,
        "var": 4515.36523438
    },
    "melbands_skewness": {
        "dmean": 1.56195950508,
        "dmean2": 2.37811470032,
        "dvar": 3.13383388519,
        "dvar2": 6.85809993744,
        "max": 22.5493412018,
        "mean": 4.55334997177,
        "median": 3.90516543388,
        "min": -1.13449823856,
        "var": 8.41470718384
    },
    "melbands_spread": {
        "dmean": 5.24405193329,
        "dmean2": 8.33814811707,
        "dvar": 110.470336914,
        "dvar2": 259.398254395,
        "max": 228.121353149,
        "mean": 10.1698379517,
        "median": 6.38847255707,
        "min": 0.40379062295,
        "var": 165.926376343
    },
    "pitch_salience": {
        "dmean": 0.0980964675546,
        "dmean2": 0.158018484712,
        "dvar": 0.00812706258148,
        "dvar2": 0.0212301742285,
        "max": 0.845449566841,
        "mean": 0.506353497505,
        "median": 0.517693519592,
        "min": 0.1110759601,
        "var": 0.0194921661168
    },
    "silence_rate_20dB": {
        "dmean": 0,
        "dmean2": 0,
        "dvar": 0,
        "dvar2": 0,
        "max": 1,
        "mean": 1,
        "median": 1,
        "min": 1,
        "var": 0
    },
    "silence_rate_30dB": {
        "dmean": 0.109133124352,
        "dmean2": 0.218350753188,
        "dvar": 0.0972257182002,
        "dvar2": 0.183059230447,
        "max": 1,
        "mean": 0.861121833324,
        "median": 1,
        "min": 0,
        "var": 0.119590677321
    },
    "silence_rate_60dB": {
        "dmean": 0.0437306500971,
        "dmean2": 0.0874951630831,
        "dvar": 0.0418198257685,
        "dvar2": 0.100748695433,
        "max": 1,
        "mean": 0.0673114135861,
        "median": 0,
        "min": 0,
        "var": 0.0627815425396
    },
    "spectral_centroid": {
        "dmean": 282.149749756,
        "dmean2": 427.352294922,
        "dvar": 154925.703125,
        "dvar2": 296757.34375,
        "max": 10814.5898438,
        "mean": 808.815734863,
        "median": 662.221679688,
        "min": 146.028762817,
        "var": 348371.71875
    },
    "spectral_complexity": {
        "dmean": 4.07933425903,
        "dmean2": 6.15176153183,
        "dvar": 27.399471283,
        "dvar2": 58.6707000732,
        "max": 53,
        "mean": 12.1102514267,
        "median": 10,
        "min": 0,
        "var": 57.9177818298
    },
    "spectral_decrease": {
        "dmean": 9.89306414567e-09,
        "dmean2": 1.57771449238e-08,
        "dvar": 3.47489231501e-16,
        "dvar2": 8.40719057786e-16,
        "max": 3.13128613992e-29,
        "mean": -1.4076635857e-08,
        "median": -7.82242093322e-09,
        "min": -1.13073980401e-07,
        "var": 3.65811454123e-16
    },
    "spectral_energy": {
        "dmean": 0.0379724018276,
        "dmean2": 0.0604137592018,
        "dvar": 0.00505345501006,
        "dvar2": 0.0122033245862,
        "max": 0.433023899794,
        "mean": 0.0546807125211,
        "median": 0.0306493900716,
        "min": 1.05653420884e-20,
        "var": 0.00536711420864
    },
    "spectral_energyband_high": {
        "dmean": 0.000435323629063,
        "dmean2": 0.00058964069467,
        "dvar": 1.13534679258e-06,
        "dvar2": 2.22811013373e-06,
        "max": 0.0224628597498,
        "mean": 0.000673713802826,
        "median": 0.000149663625052,
        "min": 7.92183844838e-21,
        "var": 2.60598676505e-06
    },
    "spectral_energyband_low": {
        "dmean": 0.0330828018486,
        "dmean2": 0.0540063008666,
        "dvar": 0.00455661769956,
        "dvar2": 0.0111518967897,
        "max": 0.404569685459,
        "mean": 0.0390346348286,
        "median": 0.0158875994384,
        "min": 3.2840604495e-23,
        "var": 0.00439300620928
    },
    "spectral_energyband_middle_high": {
        "dmean": 0.00172822410241,
        "dmean2": 0.00271798158064,
        "dvar": 2.05358155654e-05,
        "dvar2": 5.46752380615e-05,
        "max": 0.0850588306785,
        "mean": 0.00285813747905,
        "median": 0.000840254768264,
        "min": 1.32689524361e-21,
        "var": 5.24141323694e-05
    },
    "spectral_energyband_middle_low": {
        "dmean": 0.00705230934545,
        "dmean2": 0.0110731841996,
        "dvar": 0.000127392500872,
        "dvar2": 0.000319303682772,
        "max": 0.118708640337,
        "mean": 0.0136400554329,
        "median": 0.00738123012707,
        "min": 3.33356841328e-22,
        "var": 0.00024620507611
    },
    "spectral_entropy": {
        "dmean": 0.342261880636,
        "dmean2": 0.470034211874,
        "dvar": 0.117333225906,
        "dvar2": 0.224987536669,
        "max": 9.79999065399,
        "mean": 7.19024181366,
        "median": 7.22361278534,
        "min": 4.49850702286,
        "var": 0.434445887804
    },
    "spectral_flux": {
        "dmean": 0.0606377609074,
        "dmean2": 0.0972744822502,
        "dvar": 0.00756321148947,
        "dvar2": 0.0165950059891,
        "max": 0.579239726067,
        "mean": 0.117568269372,
        "median": 0.0827467292547,
        "min": 1.02787847678e-10,
        "var": 0.0118015455082
    },
    "spectral_kurtosis": {
        "dmean": 3.82454419136,
        "dmean2": 5.86867332458,
        "dvar": 45.0005912781,
        "dvar2": 101.842407227,
        "max": 120.197860718,
        "mean": 7.91723823547,
        "median": 5.45521259308,
        "min": -1.19847798347,
        "var": 74.6873779297
    },
    "spectral_rms": {
        "dmean": 0.00209050625563,
        "dmean2": 0.00312318117358,
        "dvar": 8.83985194378e-06,
        "dvar2": 1.93664254766e-05,
        "max": 0.0205538887531,
        "mean": 0.00614525331184,
        "median": 0.00546825770289,
        "min": 3.21055313411e-12,
        "var": 1.55828784045e-05
    },
    "spectral_rolloff": {
        "dmean": 496.241638184,
        "dmean2": 868.015014648,
        "dvar": 2597239.75,
        "dvar2": 6386430.5,
        "max": 18561.6210938,
        "mean": 779.4609375,
        "median": 301.46484375,
        "min": 43.06640625,
        "var": 3150129
    },
    "spectral_skewness": {
        "dmean": 0.46763214469,
        "dmean2": 0.682060778141,
        "dvar": 0.338784217834,
        "dvar2": 0.759694516659,
        "max": 9.33684062958,
        "mean": 2.05912685394,
        "median": 1.90667080879,
        "min": 0.0286779310554,
        "var": 0.758980333805
    },
    "spectral_spread": {
        "dmean": 1164980,
        "dmean2": 1584927.25,
        "dvar": 2.5301048361e+12,
        "dvar2": 4.65311996314e+12,
        "max": 41416088,
        "mean": 5239004.5,
        "median": 4786643,
        "min": 945459.25,
        "var": 7.48659513754e+12
    },
    "spectral_strongpeak": {
        "dmean": 0.366743505001,
        "dmean2": 0.617710113525,
        "dvar": 0.492931783199,
        "dvar2": 1.35030281544,
        "max": 8.60223388672,
        "mean": 0.62257874012,
        "median": 0.335020571947,
        "min": 0,
        "var": 0.836748123169
    },
    "zerocrossingrate": {
        "dmean": 0.0150482840836,
        "dmean2": 0.0179233048111,
        "dvar": 0.000462422700366,
        "dvar2": 0.000588591385167,
        "max": 0.50537109375,
        "mean": 0.042360521853,
        "median": 0.03076171875,
        "min": 0.001953125,
        "var": 0.00199475581758
    },
    "barkbands": {
        "dmean": [0.00174801936373, 0.0272975340486, 0.00606545666233, 0.00269317976199, 0.00307534448802, 0.00146438169759, 0.000838096486405, 0.000397292635171, 0.000547383271623, 0.000735155656002, 0.000165437624673, 0.000254780810792, 0.000199904825422, 0.000184224089026, 0.000158943919814, 0.000151730317157, 0.000113680645882, 0.000147488884977, 8.86144625838e-05, 9.51969414018e-05, 8.82609383552e-05, 4.62941898149e-05, 4.94917621836e-05, 6.09216403973e-05, 6.27799818176e-05, 6.63757746224e-05, 9.04400440049e-05],
        "dmean2": [0.00296332780272, 0.0452866442502, 0.0105745047331, 0.00453484011814, 0.00475037284195, 0.00236585806124, 0.00131736579351, 0.000621628714725, 0.000854674319271, 0.00120336737018, 0.000274283083854, 0.000405875151046, 0.000334357435349, 0.000311932031764, 0.000263044406893, 0.000243588670855, 0.000181903262273, 0.000242315974901, 0.000141025564517, 0.000154939654749, 0.0001390784455, 6.45566615276e-05, 6.92489411449e-05, 8.58464700286e-05, 9.09013178898e-05, 9.59635872277e-05, 0.000138795250678],
        "dvar": [9.62625927059e-06, 0.0033926081378, 0.000181427269126, 2.3960159524e-05, 3.62526079698e-05, 9.89166710497e-06, 7.86382952356e-06, 2.07766197491e-06, 7.98412929726e-06, 1.63537752087e-05, 5.80282687679e-07, 1.10590838176e-06, 9.08527056254e-07, 3.0953972896e-07, 1.68370434039e-07, 9.00720706909e-08, 5.79814702917e-08, 2.41938749923e-07, 2.75034377495e-08, 6.94693369496e-08, 9.92215021256e-08, 2.96016278156e-08, 3.48352671153e-08, 2.75947904527e-08, 2.56662104903e-08, 4.04469844284e-08, 7.65280532278e-08],
        "dvar2": [2.48162723437e-05, 0.00852640997618, 0.000508134602569, 6.35825199424e-05, 8.62437809701e-05, 2.59894459305e-05, 2.10374364542e-05, 4.86826502311e-06, 2.07968205359e-05, 4.4583764975e-05, 1.51141227889e-06, 2.64619507107e-06, 2.36003643295e-06, 8.04984779279e-07, 4.54843757325e-07, 2.1346910728e-07, 1.36012189955e-07, 6.5076892497e-07, 6.65542572165e-08, 1.77959691428e-07, 2.56903433637e-07, 5.24209831099e-08, 7.11633774131e-08, 4.65080027823e-08, 5.30140233934e-08, 8.40757081733e-08, 1.74219266569e-07],
        "max": [0.0324681326747, 0.356352478266, 0.093894764781, 0.0503397658467, 0.0886212661862, 0.0443929508328, 0.0729639604688, 0.0439277365804, 0.0733597055078, 0.0746488645673, 0.0209650415927, 0.0271653719246, 0.0388164967299, 0.0126959364861, 0.00962924771011, 0.00448491889983, 0.00831760372967, 0.0134609974921, 0.00265735434368, 0.00518039055169, 0.00692244246602, 0.00515115726739, 0.00635731313378, 0.00500401156023, 0.00281805288978, 0.00453948555514, 0.00643090857193],
        "mean": [0.00190809217747, 0.0290620103478, 0.00657509546727, 0.00349827110767, 0.00526817934588, 0.00220528803766, 0.00127942441031, 0.000553579477128, 0.000753696251195, 0.00104120757896, 0.000196945591597, 0.000352435192326, 0.000231511061429, 0.000218986169784, 0.00021413541981, 0.000181756564416, 0.000150945634232, 0.000143477955135, 0.000107588552055, 0.000106115818198, 0.000106318213511, 7.33867345843e-05, 7.84134099376e-05, 0.000102271238575, 0.000100664125057, 8.4825027443e-05, 8.61381631694e-05],
        "median": [0.000679912162013, 0.0108715789393, 0.00160245993175, 0.00104117963929, 0.00165079010185, 0.00098496384453, 0.000424428901169, 0.000160857074661, 0.000125725855469, 7.03041951056e-05, 3.23826898239e-05, 5.40325600014e-05, 4.52249951195e-05, 5.84135341342e-05, 6.56519841868e-05, 5.04346862726e-05, 4.09452331951e-05, 2.94598739856e-05, 3.45193548128e-05, 2.65122889687e-05, 2.20478068513e-05, 9.4761071523e-06, 1.00292672869e-05, 1.62304186233e-05, 1.35765549203e-05, 7.75551961851e-06, 2.79586492979e-06],
        "min": [1.22419947557e-23, 1.77702562488e-23, 4.60693585358e-24, 9.70911779459e-24, 5.47471172163e-23, 6.67595061169e-23, 7.18175686452e-23, 8.70289210451e-23, 3.93867584577e-23, 1.65288621299e-23, 6.4437206897e-23, 7.98362261508e-23, 1.01272637726e-22, 5.04025162679e-23, 1.00644186953e-22, 1.76030840012e-22, 1.25274784685e-22, 2.72083982714e-22, 2.30122590521e-22, 2.15021016005e-22, 5.49580788172e-22, 5.52867144838e-22, 5.7661359989e-22, 1.07658182764e-21, 1.13291603833e-21, 1.82184268093e-21, 2.32987697988e-21],
        "var": [1.01694577097e-05, 0.00301625789143, 0.000143582044984, 3.01635263895e-05, 8.26899631647e-05, 1.45864842125e-05, 1.05080926005e-05, 3.23455901707e-06, 9.02329793462e-06, 2.97585756925e-05, 6.47171873425e-07, 2.20317542698e-06, 9.5704854175e-07, 4.23678415018e-07, 3.13018006182e-07, 1.39242189334e-07, 1.06468057481e-07, 1.8610202801e-07, 3.41752617317e-08, 6.40576800492e-08, 9.63535597975e-08, 5.60168800234e-08, 6.08110326539e-08, 8.5574143327e-08, 7.53286286681e-08, 7.42801091747e-08, 8.72539018815e-08]
    },
    "erbbands": {
        "dmean": [0.986476361752, 5.65772724152, 7.77276182175, 7.76701498032, 10.6155033112, 10.1096811295, 11.1920461655, 11.3712844849, 13.0837860107, 9.17011833191, 8.67843151093, 10.9852371216, 16.3112468719, 19.9912052155, 8.52031517029, 7.66782951355, 9.01017951965, 10.0765018463, 7.62003612518, 8.56304168701, 8.05383968353, 6.07429552078, 7.35649347305, 5.16384840012, 5.45802497864, 4.05797719955, 4.51733160019, 2.24927616119, 1.66765713692, 1.57448661327, 1.42355811596, 1.16799116135, 1.11856353283, 0.77098274231, 0.426786452532, 0.191649317741, 0.142754927278, 0.0789994448423, 0.016088007018, 0.000698528951034],
        "dmean2": [1.63509321213, 9.40469646454, 13.4162282944, 13.2975816727, 17.3361263275, 15.5971946716, 17.5850658417, 18.3433456421, 20.5400180817, 14.5446577072, 13.264705658, 17.6435050964, 25.5523223877, 31.5161170959, 13.8678045273, 12.3219861984, 15.0555067062, 16.9251499176, 12.6885681152, 13.7888631821, 12.6657962799, 9.5994758606, 12.0282430649, 8.20617866516, 8.73410224915, 6.6478099823, 7.39445018768, 3.33292198181, 2.31506109238, 2.18399214745, 1.98630011082, 1.62775599957, 1.61181807518, 1.13174021244, 0.615634322166, 0.275303632021, 0.211832940578, 0.118028178811, 0.024874811992, 0.00107423088048],
        "dvar": [4.34580516815, 152.680770874, 328.211425781, 212.575469971, 407.937164307, 478.400634766, 773.014587402, 514.791381836, 1971.31787109, 928.247314453, 740.215820312, 4678.84960938, 5326.16943359, 12486.8369141, 1227.26269531, 638.336425781, 2698.21508789, 1030.13635254, 423.532836914, 433.84854126, 237.525878906, 111.01058197, 376.673095703, 195.135971069, 198.903915405, 108.087364197, 232.85357666, 92.34324646, 43.4224624634, 48.8773231506, 17.831451416, 8.94111633301, 10.3296136856, 4.53385877609, 1.08815479279, 0.278817564249, 0.182233139873, 0.0659891888499, 0.00256506633013, 3.32392232849e-06],
        "dvar2": [11.2973117828, 391.654876709, 911.843200684, 575.923400879, 1029.45068359, 1055.15246582, 1983.31933594, 1282.33361816, 5224.33203125, 2271.87646484, 1485.48510742, 12738.5839844, 14266.6484375, 32360.3398438, 3367.28027344, 1583.27050781, 6983.07324219, 2701.21020508, 1258.11169434, 1041.73474121, 540.036254883, 267.128417969, 1002.81988525, 507.463317871, 507.9140625, 281.720245361, 629.657897949, 211.147750854, 86.2464141846, 99.3841552734, 31.1138305664, 15.8421926498, 19.2467250824, 9.64215278625, 2.23377943039, 0.559862315655, 0.369199842215, 0.146016940475, 0.00595237361267, 7.40198083804e-06],
        "max": [12.7521772385, 81.4244766235, 132.027740479, 142.887145996, 339.813964844, 396.491699219, 545.511047363, 349.857177734, 1037.03393555, 1200.77685547, 615.798217773, 2161.14526367, 1396.12988281, 2770.83764648, 855.588317871, 532.688171387, 2155.58325195, 704.738952637, 604.379821777, 379.167205811, 265.178863525, 227.684768677, 481.099151611, 382.613708496, 327.066101074, 181.485397339, 392.232696533, 316.451080322, 212.669296265, 266.790466309, 108.343772888, 73.4558868408, 98.4176330566, 44.2842292786, 20.561422348, 11.5410327911, 9.94058704376, 6.53539943695, 1.12650561333, 0.0319583564997],
        "mean": [1.00668275356, 5.76713895798, 8.37439632416, 10.0813236237, 16.8616313934, 15.9383430481, 16.7967834473, 17.7849998474, 19.8043651581, 14.376499176, 13.4191713333, 14.9038476944, 23.2264785767, 29.1715335846, 12.4149932861, 11.0324382782, 10.7260990143, 12.1430168152, 10.4891147614, 10.8823204041, 10.1444749832, 8.02095317841, 8.05200195312, 5.77551460266, 6.4369225502, 4.51740169525, 5.01103210449, 3.16620278358, 2.55292677879, 2.50885009766, 2.31247806549, 1.90128409863, 1.83469796181, 1.23500347137, 0.632138848305, 0.278872162104, 0.174830541015, 0.0822363048792, 0.0149325700477, 0.000680957920849],
        "median": [0.361285477877, 1.72356414795, 2.07616186142, 3.52251935005, 4.21037006378, 4.72120428085, 6.52194595337, 8.64763355255, 7.11941432953, 4.89057159424, 4.17587709427, 2.96366262436, 2.49257159233, 2.73417615891, 2.27672934532, 2.07551050186, 2.05126023293, 3.26563382149, 3.32562661171, 3.52677845955, 2.99446153641, 2.40822601318, 2.12272024155, 1.6452229023, 1.9919424057, 1.12477946281, 1.08244144917, 0.5277338624, 0.329378783703, 0.302953481674, 0.287829369307, 0.291573762894, 0.275568515062, 0.16886600852, 0.0703979358077, 0.0351710170507, 0.0126952426508, 0.00327386846766, 0.000548884971067, 8.28146658023e-05],
        "min": [1.07468199814e-21, 1.8942551138e-21, 5.38953809415e-21, 1.4709381248e-20, 4.89260659466e-20, 2.38689479799e-19, 5.19047665968e-19, 5.28582421793e-19, 5.66120498376e-19, 1.50811807095e-18, 1.96037503836e-18, 8.32071266226e-19, 6.82350593077e-19, 1.46999921018e-18, 2.4994680823e-18, 3.32643631623e-18, 4.42269774808e-18, 2.48098431793e-18, 3.65375313219e-18, 9.9401293322e-18, 7.22027014262e-18, 6.31368060485e-18, 1.21702363878e-17, 1.52759596167e-17, 1.25734761831e-17, 9.46026862396e-18, 1.69796042627e-17, 2.10089995498e-17, 1.75433857528e-17, 2.12628215751e-17, 1.66387661456e-17, 2.17414133883e-17, 1.79575749378e-17, 9.20518845693e-18, 1.05254588773e-17, 7.22059026151e-18, 2.98789879527e-18, 1.32826749909e-18, 3.47531274817e-19, 3.4692187535e-20],
        "var": [3.72230291367, 130.55871582, 250.000946045, 222.681304932, 886.351074219, 1097.62780762, 1260.63574219, 809.135803223, 2466.76635742, 1684.67626953, 1278.80603027, 3988.69702148, 9895.53027344, 22883.7070312, 2096.80029297, 1344.11010742, 2624.11352539, 1409.41552734, 901.506164551, 643.634460449, 383.116516113, 199.225112915, 330.601776123, 169.14112854, 190.966552734, 101.861473083, 187.501922607, 121.957435608, 72.0306396484, 78.0081939697, 44.2174758911, 24.5434017181, 31.1491184235, 12.0402641296, 3.01022338867, 0.677330374718, 0.331953138113, 0.0883561000228, 0.00269468571059, 3.69949066226e-06]
    },
    "gfcc": {
        "mean": [-34.5117530823, 106.102645874, -71.8611679077, 29.8855113983, -35.1259536743, 4.81214570999, -31.8637714386, 6.39980745316, -16.5883865356, 4.41212129593, -8.76367950439, -0.824589252472, -5.47135925293],
        "cov": [[10511.9990234, -2473.16015625, 317.866424561, 176.018508911, -143.02230835, 382.625518799, -119.837738037, 193.843963623, -143.012634277, 18.0038776398, -219.917984009, 151.560256958, -218.388885498], [-2473.16015625, 2740.24755859, -863.247192383, -0.51832395792, 302.452941895, -352.394104004, 135.564483643, -116.637054443, 81.4666061401, -76.3786468506, 172.574142456, -186.732849121, 178.825302124], [317.866424561, -863.247192383, 1396.71740723, 204.881439209, 54.4976043701, 346.120391846, 15.1337585449, 47.816028595, 8.37368011475, 7.35160255432, -29.1539516449, 54.7042503357, -115.442153931], [176.018508911, -0.51832395792, 204.881439209, 611.10144043, 165.917861938, 17.105714798, 36.9628410339, 5.3788690567, 27.5844173431, 15.9099216461, 17.0179080963, -36.6073112488, -0.119934268296], [-143.02230835, 302.452941895, 54.4976043701, 165.917861938, 333.158660889, -32.2745246887, 107.201675415, 2.41311216354, 23.8639640808, -5.84960508347, 26.8689136505, -37.2618408203, 14.3166999817], [382.625518799, -352.394104004, 346.120391846, 17.105714798, -32.2745246887, 321.780548096, 42.806968689, 52.0388870239, 2.43926978111, 7.02191972733, 1.41054236889, 40.6664962769, -47.753452301], [-119.837738037, 135.564483643, 15.1337585449, 36.9628410339, 107.201675415, 42.806968689, 203.871078491, 31.6376533508, 17.4625282288, 1.01998806, 20.8051738739, 6.07139968872, 13.15001297], [193.843963623, -116.637054443, 47.816028595, 5.3788690567, 2.41311216354, 52.0388870239, 31.6376533508, 109.501213074, 35.3391914368, 15.2679605484, -4.86671638489, 17.5345191956, -4.53953886032], [-143.012634277, 81.4666061401, 8.37368011475, 27.5844173431, 23.8639640808, 2.43926978111, 17.4625282288, 35.3391914368, 113.736427307, 32.8984375, 14.1125183105, 2.25703954697, 15.8836755753], [18.0038776398, -76.3786468506, 7.35160255432, 15.9099216461, -5.84960508347, 7.02191972733, 1.01998806, 15.2679605484, 32.8984375, 85.3977355957, 22.2597637177, 8.77808475494, -0.212478592992], [-219.917984009, 172.574142456, -29.1539516449, 17.0179080963, 26.8689136505, 1.41054236889, 20.8051738739, -4.86671638489, 14.1125183105, 22.2597637177, 82.9217300415, 6.54385328293, 9.22894382477], [151.560256958, -186.732849121, 54.7042503357, -36.6073112488, -37.2618408203, 40.6664962769, 6.07139968872, 17.5345191956, 2.25703954697, 8.77808475494, 6.54385328293, 87.2716140747, 11.5378475189], [-218.388885498, 178.825302124, -115.442153931, -0.119934268296, 14.3166999817, -47.753452301, 13.15001297, -4.53953886032, 15.8836755753, -0.212478592992, 9.22894382477, 11.5378475189, 81.6820068359]],
        "icov": [[0.00013467980898, 0.000114103779197, 0.000102094345493, -6.07945803495e-05, -9.90422195173e-05, -0.000104785503936, 7.10580134182e-05, -0.000137041773996, 9.99426556518e-05, 3.6954843381e-05, 0.000137355629704, -8.90897426871e-05, 0.000169252074556], [0.000114103779197, 0.0010392110562, 0.000379090575734, 0.000126942875795, -0.000479808426462, 0.000112012727186, -0.000257945648627, 0.000411387882195, -0.000678432872519, 0.00127661216538, -0.00174562551547, 0.00168818142265, -0.00112610671204], [0.000102094345493, 0.000379090575734, 0.00134715042077, -0.00031968796975, -0.000591958640143, -0.00111037387978, 0.000243963455432, 0.000275990489172, -0.000389631226426, 0.000426981801866, 6.36374752503e-05, -0.00030781107489, 0.000890330818947], [-6.07945803495e-05, 0.000126942875795, -0.00031968796975, 0.00211090920493, -0.000929599802475, 7.29109378881e-05, 7.50656472519e-05, 0.000123834775877, -0.000308024929836, -0.00018084430485, -0.000592933036387, 0.00116884801537, -0.000727502629161], [-9.90422195173e-05, -0.000479808426462, -0.000591958640143, -0.000929599802475, 0.00494890334085, 0.000957924872637, -0.00228421809152, -7.38062808523e-05, -0.000218410423258, 0.000209655190702, -0.000424728932558, 0.000989197404124, -4.48238133686e-05], [-0.000104785503936, 0.000112012727186, -0.00111037387978, 7.29109378881e-05, 0.000957924872637, 0.00530432490632, -0.00141518458258, -0.00131937512197, 2.47473617492e-05, 0.000475776643725, -0.00125502923038, -0.000667322601657, 0.00122555764392], [7.10580134182e-05, -0.000257945648627, 0.000243963455432, 7.50656472519e-05, -0.00228421809152, -0.00141518458258, 0.0069025545381, -0.00172004639171, 0.000343147141393, -6.17097175564e-05, -0.000175383305759, -0.00118194764946, -0.0004143389815], [-0.000137041773996, 0.000411387882195, 0.000275990489172, 0.000123834775877, -7.38062808523e-05, -0.00131937512197, -0.00172004639171, 0.0123250586912, -0.00405696593225, -0.000320013175951, 0.000873371085618, -0.000720166135579, 0.000117797011626], [9.99426556518e-05, -0.000678432872519, -0.000389631226426, -0.000308024929836, -0.000218410423258, 2.47473617492e-05, 0.000343147141393, -0.00405696593225, 0.01223467011, -0.0046834978275, 0.000725135498215, -0.000535113562364, -0.00142424018122], [3.6954843381e-05, 0.00127661216538, 0.000426981801866, -0.00018084430485, 0.000209655190702, 0.000475776643725, -6.17097175564e-05, -0.000320013175951, -0.0046834978275, 0.0161205902696, -0.00603629788384, 0.00126587355044, -0.000403432757594], [0.000137355629704, -0.00174562551547, 6.36374752503e-05, -0.000592933036387, -0.000424728932558, -0.00125502923038, -0.000175383305759, 0.000873371085618, 0.000725135498215, -0.00603629788384, 0.018107181415, -0.00508364988491, 0.00221098680049], [-8.90897426871e-05, 0.00168818142265, -0.00030781107489, 0.00116884801537, 0.000989197404124, -0.000667322601657, -0.00118194764946, -0.000720166135579, -0.000535113562364, 0.00126587355044, -0.00508364988491, 0.018014844507, -0.0066436030902], [0.000169252074556, -0.00112610671204, 0.000890330818947, -0.000727502629161, -4.48238133686e-05, 0.00122555764392, -0.0004143389815, 0.000117797011626, -0.00142424018122, -0.000403432757594, 0.00221098680049, -0.0066436030902, 0.018179859966]]
    },
    "melbands": {
        "dmean": [0.00819474831223, 0.00510779256001, 0.00140712526627, 0.000766334997024, 0.000375996140065, 0.000258898187894, 0.000191390223335, 9.44732018979e-05, 7.06774080754e-05, 7.41625917726e-05, 8.8583532488e-05, 9.21878963709e-05, 2.56523544522e-05, 3.20778890455e-05, 1.61509033205e-05, 2.22502258111e-05, 1.81286559382e-05, 1.2400565538e-05, 1.2057578715e-05, 1.0015515727e-05, 9.86752183962e-06, 5.82720349485e-06, 7.68864993006e-06, 7.23406765246e-06, 3.87836689697e-06, 3.96354062104e-06, 4.20790229327e-06, 2.29385477724e-06, 3.33795060214e-06, 1.72999909864e-06, 1.20668960335e-06, 9.81707671599e-07, 8.86684574652e-07, 9.65976255429e-07, 9.40574977903e-07, 6.30695296877e-07, 8.13771293906e-07, 8.10308279142e-07, 7.55318978918e-07, 6.74116506616e-07],
        "dmean2": [0.0135556086898, 0.00854787323624, 0.00235624867491, 0.00120068283286, 0.000589500938077, 0.000417059782194, 0.000301009364193, 0.000149219777086, 0.000107782747364, 0.00011878470832, 0.000139429816045, 0.000146371938172, 4.26364604209e-05, 5.08712328156e-05, 2.71842036454e-05, 3.70958550775e-05, 3.04592285829e-05, 2.09128011193e-05, 1.95152661036e-05, 1.62577834999e-05, 1.57353442773e-05, 9.40445715969e-06, 1.24678454085e-05, 1.19885398817e-05, 6.12964413449e-06, 6.36741879134e-06, 6.81543224346e-06, 3.81610652767e-06, 5.58030387765e-06, 2.72562647297e-06, 1.81833775059e-06, 1.41985151458e-06, 1.22995243146e-06, 1.4063106164e-06, 1.32445461531e-06, 8.92377670425e-07, 1.16762282687e-06, 1.20277707083e-06, 1.10219241378e-06, 1.00781892343e-06],
        "dvar": [0.000303459906718, 0.000128931511426, 6.42216673441e-06, 2.39411338043e-06, 7.22241225048e-07, 2.6623439453e-07, 4.22211030582e-07, 1.10582895729e-07, 5.2640022119e-08, 2.08516283351e-07, 1.66354624298e-07, 2.73397461115e-07, 1.11778373224e-08, 2.01753813656e-08, 4.40510161681e-09, 9.72083036288e-09, 3.11195869074e-09, 1.16183229704e-09, 8.87063811295e-10, 5.2755327884e-10, 4.59852073087e-10, 1.29427621398e-10, 3.23500365385e-10, 5.86914794543e-10, 1.02971985105e-10, 6.56052989711e-11, 1.92379626118e-10, 3.2856679183e-11, 1.62355018318e-10, 3.98493009424e-11, 2.7200628902e-11, 1.51576893398e-11, 1.04527584505e-11, 2.53955016738e-11, 8.24566109836e-12, 2.57628076858e-12, 4.71471646446e-12, 5.92670053659e-12, 4.63245804563e-12, 3.76995353338e-12],
        "dvar2": [0.000774077838287, 0.000339869729942, 1.7180776922e-05, 5.71513510295e-06, 1.81888276529e-06, 6.71332202273e-07, 1.13094210974e-06, 2.71988994882e-07, 9.87882486925e-08, 5.68047255456e-07, 4.50513454098e-07, 7.18461365068e-07, 3.19399227067e-08, 4.80817128334e-08, 1.16780114467e-08, 2.49491520776e-08, 8.17305689793e-09, 3.50556894624e-09, 2.1715909071e-09, 1.27156940533e-09, 1.0589352728e-09, 3.10812237059e-10, 8.52843351495e-10, 1.5701753231e-09, 2.65022337409e-10, 1.68215108509e-10, 4.98013297268e-10, 8.41789624118e-11, 4.4620940276e-10, 9.87112613871e-11, 5.91013279982e-11, 3.12468557973e-11, 1.79772967346e-11, 5.86160286975e-11, 1.50371954472e-11, 4.70354180951e-12, 9.01317302043e-12, 1.16427258459e-11, 9.45064599495e-12, 8.58342043275e-12],
        "max": [0.105863638222, 0.0869245380163, 0.0242069158703, 0.0248744189739, 0.0158319734037, 0.00724489334971, 0.0163339432329, 0.0131601952016, 0.00442360388115, 0.0141935069114, 0.00830497127026, 0.0118266865611, 0.00229356787167, 0.00354340230115, 0.00212417519651, 0.00381542998366, 0.0012372614583, 0.00102149660233, 0.000638991477899, 0.00042443908751, 0.000472751067718, 0.000347753579263, 0.000391067296732, 0.000676719122566, 0.000271765631624, 0.000167783946381, 0.00029893143801, 0.000107772022602, 0.000363282539183, 0.000186725708772, 0.000163035278092, 0.000120777804113, 9.9263015727e-05, 0.000195322121726, 6.91097447998e-05, 3.74746523448e-05, 5.89219816902e-05, 7.28356753825e-05, 6.13295778749e-05, 3.7526981032e-05],
        "mean": [0.00855453126132, 0.00562040088698, 0.00198751268908, 0.00124780135229, 0.000585380650591, 0.000399812008254, 0.000295800244203, 0.000143123426824, 0.000108414620627, 9.7610631201e-05, 0.000124318248709, 0.000132810717332, 3.50220398104e-05, 4.44100660388e-05, 2.01651946554e-05, 2.55808463407e-05, 2.10768430406e-05, 1.61148400366e-05, 1.59248429554e-05, 1.18612188089e-05, 1.19798905871e-05, 7.32663374947e-06, 9.20278671401e-06, 6.81788924339e-06, 4.30163208875e-06, 4.65397943117e-06, 4.6874902182e-06, 2.46136005444e-06, 3.47891773345e-06, 2.16790067498e-06, 1.70704470293e-06, 1.40215593092e-06, 1.40961344641e-06, 1.41089833505e-06, 1.42255237279e-06, 1.03449656308e-06, 1.24243103983e-06, 1.2659775166e-06, 1.20920537938e-06, 1.00760917121e-06],
        "median": [0.00322249904275, 0.00156203773804, 0.00066965300357, 0.000346861896105, 0.000228655218962, 0.000187777986866, 0.000112529618491, 4.82417053718e-05, 3.02481439576e-05, 1.67856469488e-05, 1.18703846965e-05, 1.05255267044e-05, 6.55276971884e-06, 5.80632695346e-06, 3.84387067243e-06, 4.91163291372e-06, 5.81109134146e-06, 4.68672624265e-06, 4.63757760372e-06, 3.38834570357e-06, 3.20670528708e-06, 1.99654255084e-06, 2.32435672842e-06, 1.3682511053e-06, 1.15273735446e-06, 1.49706090724e-06, 1.1627882941e-06, 4.88142802624e-07, 6.98556789303e-07, 3.99358668801e-07, 2.09928600725e-07, 1.65479036696e-07, 1.6899259947e-07, 1.65669206353e-07, 1.5536443243e-07, 1.3593927406e-07, 1.77935689294e-07, 1.82618379085e-07, 1.45273901353e-07, 1.30212711724e-07],
        "min": [7.49684652718e-24, 2.53257719392e-24, 3.84973588079e-24, 8.69639315283e-24, 1.7644514976e-23, 1.14311041208e-23, 1.10615204201e-23, 1.78739315044e-23, 1.46122677626e-23, 4.86620208983e-24, 3.23718006307e-24, 5.54310272778e-24, 8.69435394739e-24, 1.08053528295e-23, 7.90444543488e-24, 8.86112150933e-24, 4.29078170201e-24, 5.53922823745e-24, 9.46867851271e-24, 1.37788030841e-23, 7.85696626358e-24, 5.2524954422e-24, 1.03164278845e-23, 1.31274059248e-23, 1.22078765215e-23, 8.29101252199e-24, 8.484361541e-24, 5.80515088201e-24, 7.62025592719e-24, 1.81453359434e-23, 9.43799103463e-24, 8.19492847487e-24, 1.48810563389e-23, 9.69442131593e-24, 9.33534760909e-24, 9.49929972646e-24, 1.47905219282e-23, 1.33516143936e-23, 8.73978523578e-24, 7.22607081032e-24],
        "var": [0.000265153037617, 0.000108108630229, 7.95567211753e-06, 5.46449382455e-06, 1.22178153106e-06, 4.09434619542e-07, 5.31429691364e-07, 1.89647138882e-07, 9.28173449211e-08, 1.87319884049e-07, 3.11252961183e-07, 4.95227652664e-07, 1.49978234276e-08, 4.10473930401e-08, 5.592486918e-09, 1.11489057986e-08, 4.17416323728e-09, 2.45760123363e-09, 1.28274124656e-09, 8.52453718725e-10, 6.97200353006e-10, 2.39682079739e-10, 3.41352529576e-10, 4.47155007466e-10, 9.24454610085e-11, 7.12581105233e-11, 1.65765706717e-10, 3.35044110511e-11, 1.16862367006e-10, 4.36794975189e-11, 4.01517638582e-11, 2.28901064769e-11, 2.1379139778e-11, 3.08213385369e-11, 1.89007628992e-11, 6.68377983168e-12, 1.14993448791e-11, 1.58989505589e-11, 1.33357448348e-11, 8.30008544533e-12]
    },
    "mfcc": {
        "mean": [-695.600097656, 147.052963257, 23.6589851379, 33.773399353, 19.5956535339, 5.62461233139, 4.1625084877, -0.0636239573359, 0.9918358922, 4.72751665115, -0.248789966106, 1.38138401508, 1.77889704704],
        "cov": [[8341.3125, -1956.33935547, -35.3771629333, -74.5506668091, 3.22207760811, 65.0164871216, 35.0351066589, 144.305831909, 37.8620758057, 6.9195728302, 18.5939102173, 7.88866901398, -115.821075439], [-1956.33935547, 2070.98950195, -633.340820312, 128.169708252, -6.55329847336, -110.843856812, 30.4358940125, -79.1527709961, -31.2661094666, 46.9803581238, -52.3732528687, -16.4500331879, 43.9218330383], [-35.3771629333, -633.340820312, 1113.35290527, -48.9231643677, 176.620727539, 202.665725708, 64.9066238403, 121.039802551, 26.1044864655, -3.4756064415, 63.8953781128, 23.0669498444, 4.36300611496], [-74.5506668091, 128.169708252, -48.9231643677, 581.576049805, 153.697341919, 69.3968048096, 55.5044670105, -1.24808251858, 26.3230609894, 38.3192100525, 7.01503562927, 14.9592552185, 11.7095823288], [3.22207760811, -6.55329847336, 176.620727539, 153.697341919, 229.495132446, 78.952331543, 36.079082489, 30.85014534, 4.20147323608, 39.3948745728, 11.2399187088, 11.9082221985, -1.22382724285], [65.0164871216, -110.843856812, 202.665725708, 69.3968048096, 78.952331543, 191.350891113, 84.6191253662, 55.8823661804, 23.9327163696, 7.62602138519, 44.2712554932, 15.7971572876, 3.72132658958], [35.0351066589, 30.4358940125, 64.9066238403, 55.5044670105, 36.079082489, 84.6191253662, 179.945205688, 59.3059463501, 16.2049331665, 6.32172822952, 24.177526474, 13.2010574341, -2.65709686279], [144.305831909, -79.1527709961, 121.039802551, -1.24808251858, 30.85014534, 55.8823661804, 59.3059463501, 136.78137207, 43.2247047424, 4.09451055527, 25.8022270203, 3.91759037971, 16.9961833954], [37.8620758057, -31.2661094666, 26.1044864655, 26.3230609894, 4.20147323608, 23.9327163696, 16.2049331665, 43.2247047424, 104.585487366, 23.4062614441, 12.1197805405, 2.5812523365, 13.6011314392], [6.9195728302, 46.9803581238, -3.4756064415, 38.3192100525, 39.3948745728, 7.62602138519, 6.32172822952, 4.09451055527, 23.4062614441, 96.393196106, 26.5153980255, 4.26009702682, 5.04634952545], [18.5939102173, -52.3732528687, 63.8953781128, 7.01503562927, 11.2399187088, 44.2712554932, 24.177526474, 25.8022270203, 12.1197805405, 26.5153980255, 88.2462005615, 25.2882499695, 10.9098138809], [7.88866901398, -16.4500331879, 23.0669498444, 14.9592552185, 11.9082221985, 15.7971572876, 13.2010574341, 3.91759037971, 2.5812523365, 4.26009702682, 25.2882499695, 66.2695465088, 18.7499027252], [-115.821075439, 43.9218330383, 4.36300611496, 11.7095823288, -1.22382724285, 3.72132658958, -2.65709686279, 16.9961833954, 13.6011314392, 5.04634952545, 10.9098138809, 18.7499027252, 70.8025054932]],
