{
"lowlevel": {
    "average_loudness": 0.977287352085,
    "barkbands_crest": {
        "dmean": 2.58502435684,
        "dmean2": 4.40155601501,
        "dvar": 6.89390611649,
        "dvar2": 19.7937526703,
        "max": 23.6815052032,
        "mean": 12.8610191345,
        "median": 12.5241708755,
        "min": 4.11182355881,
        "var": 13.5938386917
    },
    "barkbands_flatness_db": {
        "dmean": 0.0364486500621,
        "dmean2": 0.0539867430925,
        "dvar": 0.00147473777179,
        "dvar2": 0.00315027800389,
        "max": 0.425408810377,
        "mean": 0.227333813906,
        "median": 0.22534185648,
        "min": 0.0325431600213,
        "var": 0.00587433716282
    },
    "barkbands_kurtosis": {
        "dmean": 9.96995258331,
        "dmean2": 16.7869033813,
        "dvar": 264.013458252,
        "dvar2": 716.170471191,
        "max": 170.55418396,
        "mean": 18.7697048187,
        "median": 13.7264556885,
        "min": -1.85781288147,
        "var": 347.420135498
    },
    "barkbands_skewness": {
        "dmean": 0.888987720013,
        "dmean2": 1.44002377987,
        "dvar": 1.15826094151,
        "dvar2": 2.97435259819,
        "max": 11.4062662125,
        "mean": 3.13407754898,
        "median": 2.93125915527,
        "min": -2.77237153053,
        "var": 2.45932579041
    },
    "barkbands_spread": {
        "dmean": 4.49101829529,
        "dmean2": 6.99683189392,
        "dvar": 62.5355987549,
        "dvar2": 149.443023682,
        "max": 91.7003326416,
        "mean": 9.07447719574,
        "median": 4.96194314957,
        "min": 0.766061127186,
        "var": 125.11882019
    },
    "dissonance": {
        "dmean": 0.0280370600522,
        "dmean2": 0.0439160875976,
        "dvar": 0.000689983484335,
        "dvar2": 0.00161768856924,
        "max": 0.499960809946,
        "mean": 0.423165023327,
        "median": 0.428182333708,
        "min": 0.21285687387,
        "var": 0.00214137206785
    },
    "dynamic_complexity": 2.06430149078,
    "erbbands_crest": {
        "dmean": 2.09889554977,
        "dmean2": 3.22677946091,
        "dvar": 4.57285881042,
        "dvar2": 10.455737114,
        "max": 26.839258194,
        "mean": 8.88033390045,
        "median": 8.46708583832,
        "min": 2.30251288414,
        "var": 12.9786672592
    },
    "erbbands_flatness_db": {
        "dmean": 0.0242834482342,
        "dmean2": 0.0299372002482,
        "dvar": 0.000797770277131,
        "dvar2": 0.00112041574903,
        "max": 0.295928865671,
        "mean": 0.155870139599,
        "median": 0.155021950603,
        "min": 0.0400178916752,
        "var": 0.00414025969803
    },
    "erbbands_kurtosis": {
        "dmean": 1.48733973503,
        "dmean2": 2.20932555199,
        "dvar": 3.51046133041,
        "dvar2": 8.03502368927,
        "max": 19.4321098328,
        "mean": 1.68633210659,
        "median": 0.985503911972,
        "min": -1.73949408531,
        "var": 7.64222383499
    },
    "erbbands_skewness": {
        "dmean": 0.439617604017,
        "dmean2": 0.610388875008,
        "dvar": 0.182753145695,
        "dvar2": 0.430922061205,
        "max": 3.41630458832,
        "mean": 1.0278750658,
        "median": 1.05077075958,
        "min": -1.40258193016,
        "var": 0.632892906666
    },
    "erbbands_spread": {
        "dmean": 10.972820282,
        "dmean2": 14.0179538727,
        "dvar": 198.056976318,
        "dvar2": 312.312774658,
        "max": 149.313400269,
        "mean": 40.8870773315,
        "median": 27.9141197205,
        "min": 6.05457830429,
        "var": 951.949584961
    },
    "hfc": {
        "dmean": 9.9448928833,
        "dmean2": 13.6099433899,
        "dvar": 498.629608154,
        "dvar2": 794.025146484,
        "max": 188.287094116,
        "mean": 20.3836803436,
        "median": 9.90366744995,
        "min": 1.07860533611e-16,
        "var": 1009.51867676
    },
    "melbands_crest": {
        "dmean": 3.91820049286,
        "dmean2": 6.63648891449,
        "dvar": 15.3926887512,
        "dvar2": 47.2166023254,
        "max": 35.1126594543,
        "mean": 19.0781784058,
        "median": 18.9551486969,
        "min": 1.68543314934,
        "var": 32.7445220947
    },
    "melbands_flatness_db": {
        "dmean": 0.0415014214814,
        "dmean2": 0.0616125389934,
        "dvar": 0.00192768825218,
        "dvar2": 0.00414004549384,
        "max": 0.571596741676,
        "mean": 0.344475418329,
        "median": 0.344429194927,
        "min": 0.0043944362551,
        "var": 0.00928833615035
    },
    "melbands_kurtosis": {
        "dmean": 22.8452205658,
        "dmean2": 37.488910675,
        "dvar": 1584.70129395,
        "dvar2": 4220.64941406,
        "max": 408.099731445,
        "mean": 41.5757026672,
        "median": 25.6936798096,
        "min": -1.36640274525,
        "var": 2200.61767578
    },
    "melbands_skewness": {
        "dmean": 1.19437432289,
        "dmean2": 1.88481402397,
        "dvar": 2.23456335068,
        "dvar2": 5.65444374084,
        "max": 16.9644947052,
        "mean": 4.32803678513,
        "median": 3.70582509041,
        "min": -0.250390291214,
        "var": 5.57910060883
    },
    "melbands_spread": {
        "dmean": 2.84665465355,
        "dmean2": 4.71144104004,
        "dvar": 29.4373912811,
        "dvar2": 71.516998291,
        "max": 157.994262695,
        "mean": 7.28340339661,
        "median": 4.05070066452,
        "min": 0.59697830677,
        "var": 243.568450928
    },
    "pitch_salience": {
        "dmean": 0.0819195955992,
        "dmean2": 0.135840371251,
        "dvar": 0.00635308073834,
        "dvar2": 0.018457615748,
        "max": 0.988471031189,
        "mean": 0.50586861372,
        "median": 0.500938653946,
        "min": 0.146288096905,
        "var": 0.0155286882073
    },
    "silence_rate_20dB": {
        "dmean": 0.0131578948349,
        "dmean2": 0.0263259783387,
        "dvar": 0.0129848606884,
        "dvar2": 0.0387966372073,
        "max": 1,
        "mean": 0.993423581123,
        "median": 1,
        "min": 0,
        "var": 0.00653313240036
    },
    "silence_rate_30dB": {
        "dmean": 0.0959752351046,
        "dmean2": 0.1920247823,
        "dvar": 0.0867654979229,
        "dvar2": 0.178378656507,
        "max": 1,
        "mean": 0.823597669601,
        "median": 1,
        "min": 0,
        "var": 0.145286202431
    },
    "silence_rate_60dB": {
        "dmean": 0.000386996893212,
        "dmean2": 0.000774293439463,
        "dvar": 0.000386875792174,
        "dvar2": 0.000773690524511,
        "max": 1,
        "mean": 0.0139264985919,
        "median": 0,
        "min": 0,
        "var": 0.0137331467122
    },
    "spectral_centroid": {
        "dmean": 173.414001465,
        "dmean2": 241.610961914,
        "dvar": 89391.2109375,
        "dvar2": 178542.5625,
        "max": 11510.3066406,
        "mean": 667.288269043,
        "median": 360.861938477,
        "min": 144.26612854,
        "var": 1597969.75
    },
    "spectral_complexity": {
        "dmean": 3.467492342,
        "dmean2": 5.20712327957,
        "dvar": 28.9432754517,
        "dvar2": 49.7258110046,
        "max": 49,
        "mean": 12.615860939,
        "median": 11,
        "min": 0,
        "var": 62.1277809143
    },
    "spectral_decrease": {
        "dmean": 1.09440785323e-08,
        "dmean2": 1.82829253959e-08,
        "dvar": 4.76979340373e-16,
        "dvar2": 1.24256154648e-15,
        "max": 5.75157226848e-20,
        "mean": -1.81798647247e-08,
        "median": -1.20809646731e-08,
        "min": -1.40643280133e-07,
        "var": 4.64684180688e-16
    },
    "spectral_energy": {
        "dmean": 0.0418351106346,
        "dmean2": 0.069707237184,
        "dvar": 0.00702649820596,
        "dvar2": 0.0181564614177,
        "max": 0.541309058666,
        "mean": 0.0704637691379,
        "median": 0.0466425642371,
        "min": 9.97810282244e-21,
        "var": 0.00697971787304
    },
    "spectral_energyband_high": {
        "dmean": 0.000790603866335,
        "dmean2": 0.000865253910888,
        "dvar": 3.41145187122e-06,
        "dvar2": 4.80371272715e-06,
        "max": 0.018797038123,
        "mean": 0.00109910941683,
        "median": 9.92707064142e-05,
        "min": 6.93408139942e-21,
        "var": 7.89490150055e-06
    },
    "spectral_energyband_low": {
        "dmean": 0.0374428965151,
        "dmean2": 0.063850402832,
        "dvar": 0.00591807672754,
        "dvar2": 0.015557276085,
        "max": 0.493622988462,
        "mean": 0.0519290342927,
        "median": 0.0289027504623,
        "min": 2.30067748911e-23,
        "var": 0.00556785054505
    },
    "spectral_energyband_middle_high": {
        "dmean": 0.00121300690807,
        "dmean2": 0.00205565453507,
        "dvar": 7.78745834396e-06,
        "dvar2": 2.12513077713e-05,
        "max": 0.0251829717308,
        "mean": 0.00159083015751,
        "median": 0.000777803477831,
        "min": 1.38221668312e-21,
        "var": 6.49696903565e-06
    },
    "spectral_energyband_middle_low": {
        "dmean": 0.00691937236115,
        "dmean2": 0.0111330747604,
        "dvar": 0.000143585290061,
        "dvar2": 0.000397798256017,
        "max": 0.113696813583,
        "mean": 0.0177326910198,
        "median": 0.0149301765487,
        "min": 1.72291576212e-22,
        "var": 0.000190232254681
    },
    "spectral_entropy": {
        "dmean": 0.330427974463,
        "dmean2": 0.387895435095,
        "dvar": 0.129015758634,
        "dvar2": 0.197795793414,
        "max": 9.81994533539,
        "mean": 6.81268119812,
        "median": 6.67642498016,
        "min": 5.07088470459,
        "var": 0.841343164444
    },
    "spectral_flux": {
        "dmean": 0.0590624846518,
        "dmean2": 0.0914893299341,
        "dvar": 0.00820650532842,
        "dvar2": 0.0189474131912,
        "max": 0.677221000195,
        "mean": 0.113869287074,
        "median": 0.0719417855144,
        "min": 6.47760664552e-11,
        "var": 0.0136970225722
    },
    "spectral_kurtosis": {
        "dmean": 5.80256271362,
        "dmean2": 8.15115261078,
        "dvar": 65.4779129028,
        "dvar2": 128.467681885,
        "max": 90.067741394,
        "mean": 14.8871068954,
        "median": 7.74817085266,
        "min": -1.25283420086,
        "var": 276.14465332
    },
    "spectral_rms": {
        "dmean": 0.00191782333422,
        "dmean2": 0.00310976244509,
        "dvar": 9.48244360188e-06,
        "dvar2": 2.32878901443e-05,
        "max": 0.0229805652052,
        "mean": 0.00742606911808,
        "median": 0.00674573518336,
        "min": 3.12005369457e-12,
        "var": 1.35987338581e-05
    },
    "spectral_rolloff": {
        "dmean": 227.331192017,
        "dmean2": 412.741516113,
        "dvar": 658894.5,
        "dvar2": 1566961,
        "max": 19853.6132812,
        "mean": 636.955078125,
        "median": 258.3984375,
        "min": 64.599609375,
        "var": 5107879.5
    },
    "spectral_skewness": {
        "dmean": 0.541559457779,
        "dmean2": 0.709946274757,
        "dvar": 0.347375929356,
        "dvar2": 0.601494848728,
        "max": 7.81795835495,
        "mean": 2.83574581146,
        "median": 2.50281715393,
        "min": -0.0808763578534,
        "var": 2.22510266304
    },
    "spectral_spread": {
        "dmean": 1061576.625,
        "dmean2": 1323292,
        "dvar": 1.68210150195e+12,
        "dvar2": 2.7047517225e+12,
        "max": 42368372,
        "mean": 5443425,
        "median": 4851998,
        "min": 899517.25,
        "var": 2.28743436042e+13
    },
    "spectral_strongpeak": {
        "dmean": 0.230496883392,
        "dmean2": 0.400969028473,
        "dvar": 0.0850017294288,
        "dvar2": 0.229651242495,
        "max": 3.14570403099,
        "mean": 0.618972301483,
        "median": 0.609176158905,
        "min": 0,
        "var": 0.131248012185
    },
    "zerocrossingrate": {
        "dmean": 0.00951052457094,
        "dmean2": 0.0121384114027,
        "dvar": 0.000241110057686,
        "dvar2": 0.000388699496398,
        "max": 0.5244140625,
        "mean": 0.0344292111695,
        "median": 0.01953125,
        "min": 0.0029296875,
        "var": 0.00367095367983
    },
    "barkbands": {
        "dmean": [0.00426407810301, 0.0278942361474, 0.00726328091696, 0.00226147309877, 0.00370477046818, 0.00161202251911, 0.000571905053221, 0.000336204975611, 0.00028427244979, 0.00024271440634, 0.000153510569362, 0.000219501744141, 0.000225036754273, 0.000131520529976, 6.44288084004e-05, 7.14681154932e-05, 6.58402423142e-05, 0.000106457941001, 9.87909370451e-05, 7.93691870058e-05, 0.000109394844912, 0.000118971656775, 0.000120119970234, 0.00017057194782, 0.000115129441838, 0.000107399158878, 4.92129074701e-05],
        "dmean2": [0.00780766410753, 0.0479480326176, 0.012789061293, 0.00381781742908, 0.00609010783955, 0.0025093073491, 0.000894166470971, 0.000525391369592, 0.000432509812526, 0.000403229321819, 0.000257726002019, 0.000374854280381, 0.000394921051338, 0.000224905466894, 0.0001103218965, 0.00012317681103, 0.000109557637188, 0.000183569092769, 0.000170458108187, 0.000120661665278, 0.000142569318996, 0.000141692900797, 0.000153342727572, 0.000195437314687, 0.000145033191075, 0.000137130176881, 6.44792962703e-05],
        "dvar": [7.4997660704e-05, 0.00340210692957, 0.000262866582489, 2.34115796047e-05, 3.29393733409e-05, 9.09200571186e-06, 1.940768243e-06, 5.74119724206e-07, 4.79925176933e-07, 3.82490100037e-07, 1.1546891443e-07, 2.70538095037e-07, 2.9036465321e-07, 9.94080266992e-08, 2.91406720976e-08, 4.57639792728e-08, 4.09640463772e-08, 8.82450237327e-08, 9.59033599202e-08, 5.58650832261e-08, 9.53194856379e-08, 1.02674924563e-07, 1.06207963313e-07, 1.68976910686e-07, 6.98547353295e-08, 6.71636470884e-08, 1.47879033463e-08],
        "dvar2": [0.000225881638471, 0.00873337406665, 0.00073782261461, 6.55810217722e-05, 9.16655699257e-05, 2.25784442591e-05, 4.87872966914e-06, 1.42829060223e-06, 1.09496568257e-06, 9.83442760116e-07, 3.12146312353e-07, 7.47640626741e-07, 7.98141797986e-07, 2.68161358008e-07, 8.01357202818e-08, 1.2702119534e-07, 1.10137627019e-07, 2.37706544226e-07, 2.63998458649e-07, 1.27492697288e-07, 1.70413883893e-07, 1.71922280856e-07, 1.55058430096e-07, 2.88578831942e-07, 1.15373431697e-07, 1.15977343285e-07, 2.48914791001e-08],
        "max": [0.0512766093016, 0.382812380791, 0.114741027355, 0.0526675097644, 0.0598381459713, 0.0540490448475, 0.0220492593944, 0.0158789977431, 0.0154733257368, 0.0145158069208, 0.0050253146328, 0.00611886475235, 0.00496544875205, 0.00321814231575, 0.00182431505527, 0.00242859544232, 0.00232658232562, 0.00312642194331, 0.00416779331863, 0.00523446500301, 0.00382943754084, 0.00338947609998, 0.00302118156105, 0.00409177737311, 0.00406082766131, 0.00235932390206, 0.00112363335211],
        "mean": [0.00377823249437, 0.0321953482926, 0.014117937535, 0.00436728680506, 0.00804292690009, 0.00303515489213, 0.000830301665701, 0.000775259162765, 0.000585957604926, 0.000377835705876, 0.000196850189241, 0.000260458298726, 0.000208416386158, 0.000146181337186, 6.99293959769e-05, 6.59648212604e-05, 6.41243314021e-05, 9.95447408059e-05, 9.52055052039e-05, 0.000116343864647, 0.000147450045915, 0.00015521098976, 0.000158150171046, 0.000219203837332, 0.000169785853359, 0.000128711937577, 5.61060369364e-05],
        "median": [0.000430765765486, 0.0119257196784, 0.00855923909694, 0.00213087862357, 0.00592003576458, 0.00147870730143, 0.000322543637594, 0.000305791327264, 0.000207099961699, 0.000162588097737, 8.63614914124e-05, 0.000113607333333, 6.36794720776e-05, 4.82809009554e-05, 2.39625369431e-05, 1.41080381582e-05, 1.04098626252e-05, 1.1417208043e-05, 7.61556475481e-06, 9.68250697042e-06, 9.18271962291e-06, 4.66363508167e-06, 7.00901136952e-06, 1.94349195226e-05, 1.59041883308e-05, 6.8526915129e-06, 7.97592747404e-07],
        "min": [1.24827476098e-24, 5.61197383468e-24, 1.98357141909e-24, 9.36718090763e-25, 1.16438851505e-23, 1.4525777053e-23, 1.18177516717e-23, 1.48212890812e-23, 1.40294604813e-23, 2.32360825567e-23, 2.82873719253e-23, 2.11873981641e-23, 3.79804687438e-23, 3.47610705916e-23, 4.23645316701e-23, 6.55340832758e-23, 8.84131636745e-23, 9.34900705121e-23, 1.23970071857e-22, 2.10393318121e-22, 2.34385847288e-22, 3.67144448097e-22, 4.5128195411e-22, 6.63723281359e-22, 9.27384678229e-22, 1.32931741262e-21, 2.00538529429e-21],
        "var": [6.67483182042e-05, 0.00330911716446, 0.000274795369478, 3.07455957227e-05, 5.84371482546e-05, 1.71560022864e-05, 3.07952086587e-06, 1.91217168322e-06, 1.46608704199e-06, 5.89555497754e-07, 1.31326814312e-07, 2.14536072463e-07, 2.21492044261e-07, 8.31873592233e-08, 2.38704433997e-08, 3.34473888586e-08, 3.33743628289e-08, 7.17667347772e-08, 7.95556971411e-08, 7.94966865669e-08, 1.68999861216e-07, 2.04911728474e-07, 2.1358948743e-07, 3.36810018098e-07, 1.72773582108e-07, 1.15347191354e-07, 2.48207001619e-08]
    },
    "erbbands": {
        "dmean": [1.39173436165, 4.24925613403, 8.47911739349, 7.23669528961, 9.11563301086, 13.4221906662, 18.9794654846, 10.595908165, 6.97927093506, 8.85963821411, 6.90323781967, 6.18976545334, 7.13594865799, 6.72690868378, 6.70880651474, 8.66086006165, 10.7180299759, 7.74590539932, 3.88010764122, 3.85374164581, 4.04211997986, 3.8301486969, 5.34660053253, 6.19584703445, 3.77484226227, 3.87380766869, 4.07545232773, 4.03503322601, 3.79195618629, 4.97152853012, 3.39287900925, 3.7976641655, 2.5056219101, 1.53145742416, 0.721026301384, 0.401518702507, 0.210223957896, 0.0617356561124, 0.00792820286006, 0.000447939935839],
        "dmean2": [2.54848361015, 6.91262483597, 14.7016592026, 12.5183057785, 14.71301651, 22.3429698944, 31.0256156921, 16.5523967743, 10.8586568832, 14.2611732483, 10.5468702316, 9.54757881165, 11.5406332016, 11.4102163315, 11.423825264, 15.10293293, 18.8747119904, 13.5052251816, 6.52288627625, 6.66984939575, 6.93870067596, 6.26351451874, 9.12294960022, 10.9177398682, 5.87798595428, 6.1440782547, 5.58177042007, 5.4973359108, 4.73759365082, 6.23381614685, 4.30820798874, 4.38916015625, 3.06247377396, 1.90715551376, 0.94876819849, 0.516092479229, 0.269848316908, 0.0792987123132, 0.0105220926926, 0.000593048869632],
        "dvar": [8.53616905212, 99.8861846924, 383.067138672, 240.845397949, 244.521011353, 619.098999023, 944.676757812, 536.050842285, 220.491729736, 554.101257324, 227.173812866, 254.425384521, 315.803009033, 298.354431152, 247.295974731, 459.811920166, 662.870178223, 379.287658691, 79.8250656128, 123.173797607, 149.22543335, 133.819107056, 217.998962402, 356.416107178, 123.595542908, 133.79536438, 130.918960571, 135.800888062, 105.979576111, 209.635696411, 81.8829727173, 81.142829895, 39.6427307129, 13.8639717102, 2.66726613045, 0.83922547102, 0.27430871129, 0.0233840532601, 0.000392984307837, 1.21338359804e-06],
        "dvar2": [24.0929946899, 246.852478027, 1067.61047363, 685.381164551, 670.987731934, 1738.89099121, 2497.46899414, 1312.6875, 508.432678223, 1507.31933594, 500.459991455, 603.251831055, 814.303039551, 837.20123291, 677.882629395, 1271.83056641, 1831.56408691, 1040.65698242, 214.258377075, 338.826080322, 413.860870361, 354.887512207, 584.885375977, 987.632568359, 299.115509033, 319.94720459, 235.673171997, 251.26965332, 175.860671997, 418.534759521, 119.162017822, 115.586090088, 77.3352050781, 24.5194568634, 4.36597490311, 1.3736345768, 0.498044788837, 0.041048578918, 0.000668446533382, 1.99187866201e-06],
        "max": [15.871764183, 83.4559173584, 143.93927002, 150.651611328, 170.066619873, 336.199066162, 384.132293701, 454.051879883, 402.044616699, 357.291534424, 305.625366211, 399.696136475, 539.344360352, 195.297790527, 250.111068726, 270.466003418, 220.991592407, 201.160995483, 90.8003845215, 106.88722229, 170.536071777, 117.649505615, 155.500976562, 206.00642395, 186.31288147, 257.838165283, 127.047782898, 167.144088745, 107.680519104, 133.831192017, 86.8632278442, 91.0467758179, 65.6484146118, 70.4948196411, 19.8507595062, 9.12222766876, 5.21013879776, 1.55269825459, 0.178604483604, 0.0102759096771],
        "mean": [1.28485107422, 5.8804769516, 16.6498165131, 14.1202640533, 19.8383045197, 25.7776298523, 36.0969390869, 20.6822242737, 12.2857313156, 13.7368078232, 16.4990501404, 12.4306535721, 13.304066658, 9.52383708954, 8.55597877502, 9.30127048492, 10.0973558426, 7.94472932816, 4.77216529846, 3.98065686226, 3.79612088203, 3.81327152252, 5.01676988602, 5.32832622528, 4.80581760406, 5.56750679016, 5.68334007263, 5.71678495407, 5.32361078262, 5.3648686409, 4.52060842514, 5.08535671234, 3.16240143776, 2.16634058952, 1.05279946327, 0.529469072819, 0.243070885539, 0.0682640820742, 0.00921076629311, 0.000571681885049],
        "median": [0.20968465507, 2.8854701519, 11.816529274, 9.63062667847, 13.39407444, 15.4009542465, 21.3181419373, 9.5961856842, 5.396525383, 6.38165044785, 6.46718215942, 5.05154848099, 6.5365281105, 5.09300470352, 3.94253325462, 3.87630319595, 3.28905415535, 2.66400742531, 1.77183532715, 1.19019377232, 0.816152274609, 0.640502214432, 0.657220423222, 0.437362313271, 0.533964753151, 0.468523591757, 0.399149805307, 0.284030020237, 0.178565993905, 0.159594729543, 0.219483152032, 0.364260107279, 0.28908982873, 0.202445238829, 0.0957840755582, 0.0420926399529, 0.00887951254845, 0.00111912412103, 0.000162573429407, 6.94663613103e-05],
        "min": [1.19990401119e-22, 1.51458032336e-21, 4.76059406189e-21, 3.74956286468e-21, 7.69007116491e-21, 3.50992379446e-20, 5.90482751024e-20, 1.21169810524e-19, 1.18653501251e-19, 2.50011591982e-19, 2.82323282961e-19, 2.3286129445e-19, 7.30973510254e-19, 1.15137906099e-18, 1.66484749713e-18, 1.23543415631e-18, 1.77745087013e-18, 1.97412050539e-18, 2.39369401584e-18, 3.99765471263e-18, 3.80712110315e-18, 5.25039038543e-18, 6.30312660741e-18, 8.99348150531e-18, 9.25151553432e-18, 1.03373042392e-17, 9.55361016583e-18, 1.11133940412e-17, 1.15614463462e-17, 1.3115571479e-17, 1.27424840714e-17, 1.16136315167e-17, 1.11400507637e-17, 8.2307969923e-18, 6.20787510552e-18, 4.90536011704e-18, 2.54514458214e-18, 1.076534415e-18, 2.39063055244e-19, 2.79450594554e-20],
        "var": [7.16882276535, 95.9872741699, 365.897399902, 215.028305054, 386.523620605, 956.851257324, 1790.83056641, 1128.53063965, 630.362121582, 527.707519531, 867.244689941, 668.497680664, 542.509216309, 262.937866211, 238.981018066, 325.32723999, 502.884338379, 279.315002441, 75.8034667969, 94.9042663574, 108.993980408, 113.018432617, 179.075042725, 266.245300293, 153.040649414, 178.851852417, 231.069976807, 250.766906738, 223.345672607, 303.817565918, 169.392501831, 183.268493652, 70.9128494263, 31.2242927551, 6.3485827446, 1.65222120285, 0.447381168604, 0.0377046577632, 0.000659034587443, 2.12230065699e-06]
    },
    "gfcc": {
        "mean": [-37.2521705627, 123.704353333, -50.4713859558, 18.8772182465, -41.536075592, 18.6418533325, -31.1639347076, 3.62970638275, -24.7384910583, -0.248971685767, -11.5885457993, -3.83240675926, -7.09098386765],
        "cov": [[23453.5175781, -2009.61169434, -448.599975586, 1451.28649902, -1220.29626465, 352.788665771, -585.022033691, 501.591278076, -496.026275635, 430.221466064, -163.266937256, 235.804199219, -301.292633057], [-2009.61169434, 3126.13208008, -483.182769775, -834.017883301, 418.685455322, -112.86894989, 17.0491676331, -299.403686523, 52.2821273804, -300.575012207, 21.6214866638, -225.665374756, 111.707382202], [-448.599975586, -483.182769775, 504.70223999, 156.413803101, -9.36102485657, 90.8628845215, 78.8905487061, 25.0176010132, 54.9007606506, 50.2901039124, 5.31861352921, 81.2160797119, 15.6469802856], [1451.28649902, -834.017883301, 156.413803101, 520.401489258, -149.912231445, 23.2653522491, 22.5949993134, 112.911743164, -36.6169204712, 113.018577576, -9.67271518707, 45.4087333679, -0.332494080067], [-1220.29626465, 418.685455322, -9.36102485657, -149.912231445, 293.564178467, -30.8048210144, 74.9834442139, -56.3377876282, 94.935043335, -72.0557250977, 20.7179584503, 2.38536095619, 6.4589304924], [352.788665771, -112.86894989, 90.8628845215, 23.2653522491, -30.8048210144, 124.81603241, 10.2288627625, 16.6118755341, -9.83857536316, 21.124212265, -10.7838315964, 14.2850084305, -4.08559036255], [-585.022033691, 17.0491676331, 78.8905487061, 22.5949993134, 74.9834442139, 10.2288627625, 151.587814331, -1.82650256157, 51.4610214233, -1.4076499939, 17.2438011169, 16.8220233917, 8.04330730438], [501.591278076, -299.403686523, 25.0176010132, 112.911743164, -56.3377876282, 16.6118755341, -1.82650256157, 105.169906616, -19.4438285828, 46.6192359924, 9.2403087616, 6.42435932159, -6.36003494263], [-496.026275635, 52.2821273804, 54.9007606506, -36.6169204712, 94.935043335, -9.83857536316, 51.4610214233, -19.4438285828, 106.029701233, -8.78900146484, 10.7904691696, 24.5439224243, 2.34818315506], [430.221466064, -300.575012207, 50.2901039124, 113.018577576, -72.0557250977, 21.124212265, -1.4076499939, 46.6192359924, -8.78900146484, 90.100440979, 13.071436882, 12.5572652817, -2.4921605587], [-163.266937256, 21.6214866638, 5.31861352921, -9.67271518707, 20.7179584503, -10.7838315964, 17.2438011169, 9.2403087616, 10.7904691696, 13.071436882, 50.2255516052, 11.0944156647, 1.56540489197], [235.804199219, -225.665374756, 81.2160797119, 45.4087333679, 2.38536095619, 14.2850084305, 16.8220233917, 6.42435932159, 24.5439224243, 12.5572652817, 11.0944156647, 81.990776062, -3.89644742012], [-301.292633057, 111.707382202, 15.6469802856, -0.332494080067, 6.4589304924, -4.08559036255, 8.04330730438, -6.36003494263, 2.34818315506, -2.4921605587, 1.56540489197, -3.89644742012, 51.7947120667]],
        "icov": [[0.000115000540973, -0.000210902886465, 0.000182845964446, -0.000415960443206, 0.000289006187813, -0.000277192651993, 0.000302057742374, -0.000352981791366, 2.32104448514e-05, -0.000261621695245, 0.000369049521396, -0.00083375122631, 0.000830246135592], [-0.000210902886465, 0.0015624568332, 0.000158333714353, 0.00154617067892, -0.00104750110768, 9.27250948735e-05, -0.000723517616279, 0.00202170317061, -5.4501077102e-05, 0.00193247082643, -0.00194304354955, 0.00370543543249, -0.00370306055993], [0.000182845964446, 0.000158333714353, 0.00368984579109, -0.00104100618046, 0.000428536179243, -0.00260060536675, -0.000377263291739, 0.000378278520657, -0.00134820409585, -0.000196737993974, 0.000128940548166, -0.00229606847279, -0.000677740725223], [-0.000415960443206, 0.00154617067892, -0.00104100618046, 0.00571903865784, -0.000824492541142, 0.00206550164148, -0.00233995518647, -0.000139116382343, 0.00113020592835, -0.00104299047962, 0.000311910494929, 0.00302785681561, -0.00467417668551], [0.000289006187813, -0.00104750110768, 0.000428536179243, -0.000824492541142, 0.00799628905952, -0.000332338997396, -0.000966220221017, -0.00105626811273, -0.00472474843264, 0.00301982159726, -0.00100444362033, -0.00234473589808, 0.00301603600383], [-0.000277192651993, 9.27250948735e-05, -0.00260060536675, 0.00206550164148, -0.000332338997396, 0.0113788032904, -0.0017977328971, -0.000900981307495, 0.00222561135888, -0.00227779732086, 0.00317312497646, 0.000194981374079, -0.000197721572476], [0.000302057742374, -0.000723517616279, -0.000377263291739, -0.00233995518647, -0.000966220221017, -0.0017977328971, 0.010185466148, -0.00108288531192, -0.00278798630461, -0.000116468356282, -0.0014457385987, -0.00172445562202, 0.0017152200453], [-0.000352981791366, 0.00202170317061, 0.000378278520657, -0.000139116382343, -0.00105626811273, -0.000900981307495, -0.00108288531192, 0.0171459540725, 0.000848556577694, -0.00113918934949, -0.00569167174399, 0.00586429843679, -0.00367463938892], [2.32104448514e-05, -5.4501077102e-05, -0.00134820409585, 0.00113020592835, -0.00472474843264, 0.00222561135888, -0.00278798630461, 0.000848556577694, 0.01700437814, -0.0037806823384, 0.00187785911839, -0.00398599682376, 0.000659552984871], [-0.000261621695245, 0.00193247082643, -0.000196737993974, -0.00104299047962, 0.00301982159726, -0.00227779732086, -0.000116468356282, -0.00113918934949, -0.0037806823384, 0.0238822959363, -0.00991703663021, 0.00587975932285, -0.0042524272576], [0.000369049521396, -0.00194304354955, 0.000128940548166, 0.000311910494929, -0.00100444362033, 0.00317312497646, -0.0014457385987, -0.00569167174399, 0.00187785911839, -0.00991703663021, 0.0287203453481, -0.00922654010355, 0.00407719798386], [-0.00083375122631, 0.00370543543249, -0.00229606847279, 0.00302785681561, -0.00234473589808, 0.000194981374079, -0.00172445562202, 0.00586429843679, -0.00398599682376, 0.00587975932285, -0.00922654010355, 0.0264752283692, -0.00809870287776], [0.000830246135592, -0.00370306055993, -0.000677740725223, -0.00467417668551, 0.00301603600383, -0.000197721572476, 0.0017152200453, -0.00367463938892, 0.000659552984871, -0.0042524272576, 0.00407719798386, -0.00809870287776, 0.0302215516567]]
    },
    "melbands": {
        "dmean": [0.00953393336385, 0.00456449389458, 0.00130687817, 0.000754137232434, 0.000662935141008, 0.000245246075792, 0.000112658162834, 9.53620692599e-05, 5.55038859602e-05, 3.878593634e-05, 3.64364459529e-05, 2.82073560811e-05, 2.02437040571e-05, 2.32426700677e-05, 2.26941047003e-05, 2.39230521402e-05, 1.38761379276e-05, 6.90630031386e-06, 5.29263525095e-06, 4.92456638312e-06, 4.78731999465e-06, 4.21029517383e-06, 3.52586789631e-06, 5.80068808631e-06, 5.18197839483e-06, 3.1476431559e-06, 2.7502744615e-06, 2.85850069304e-06, 2.32951765611e-06, 3.3636815715e-06, 2.10538814827e-06, 2.05879587156e-06, 2.60077740677e-06, 2.74981562143e-06, 2.01477269002e-06, 2.08442361327e-06, 2.3418569981e-06, 1.7478156451e-06, 1.52383722707e-06, 1.25828216824e-06],
        "dmean2": [0.0169630851597, 0.00764629337937, 0.00222464301623, 0.00123325909954, 0.00109909311868, 0.000380254816264, 0.000175810113433, 0.000151694664964, 8.48971467349e-05, 5.94410157646e-05, 5.86247915635e-05, 4.77658031741e-05, 3.46434535459e-05, 3.91053836211e-05, 4.00184799219e-05, 4.18236159021e-05, 2.4054228561e-05, 1.1555655874e-05, 9.05516571947e-06, 8.58572639117e-06, 8.2511396613e-06, 7.04975263943e-06, 5.73293800699e-06, 1.03499933175e-05, 9.21074388316e-06, 5.3098619901e-06, 3.92948504668e-06, 4.78457513964e-06, 3.36018365488e-06, 4.52443782706e-06, 3.28487385559e-06, 2.82146652353e-06, 3.25322912431e-06, 3.4944773688e-06, 2.59609169007e-06, 2.83221697828e-06, 2.67481027549e-06, 2.1558462322e-06, 1.8953325025e-06, 1.6082900629e-06],
        "dvar": [0.000390556262573, 0.000116545787023, 6.7760120146e-06, 1.64457401297e-06, 1.12593011181e-06, 2.55995729503e-07, 5.92418452072e-08, 5.77432501814e-08, 1.66798503898e-08, 9.38170963138e-09, 8.05796673831e-09, 5.47793455041e-09, 2.18389373252e-09, 2.88552159944e-09, 3.27148552692e-09, 3.39426242668e-09, 1.22611576447e-09, 2.6246507745e-10, 2.1249821347e-10, 2.16781287365e-10, 2.21708498782e-10, 1.83430562406e-10, 8.59109380857e-11, 2.85514140108e-10, 2.63145838453e-10, 9.31016236327e-11, 7.31363233863e-11, 6.6307723201e-11, 4.59640207839e-11, 1.03721246869e-10, 3.73740864645e-11, 3.26925916894e-11, 5.51489652556e-11, 6.6205110838e-11, 3.17753427737e-11, 2.75543216716e-11, 3.06989780818e-11, 1.99799100875e-11, 1.37231068523e-11, 9.45808101976e-12],
        "dvar2": [0.00104074866977, 0.000311749841785, 1.94381846086e-05, 4.53500933872e-06, 3.06817605633e-06, 6.27514964435e-07, 1.43290947108e-07, 1.57006113e-07, 3.41207453403e-08, 2.18158344722e-08, 2.05301891043e-08, 1.52139509879e-08, 6.00269522977e-09, 7.96158250438e-09, 8.94343177293e-09, 9.32645516372e-09, 3.35090377668e-09, 6.8738509329e-10, 5.86259485402e-10, 6.02623062562e-10, 6.18693096754e-10, 4.93025953396e-10, 2.1678847606e-10, 7.90868204259e-10, 7.33826666099e-10, 2.4655430475e-10, 1.74533068553e-10, 1.70800207311e-10, 9.28795165778e-11, 2.14570874957e-10, 7.97335253377e-11, 5.76566676347e-11, 1.07172541675e-10, 1.31303051765e-10, 4.86291666657e-11, 4.38156316784e-11, 4.57941740084e-11, 3.8803089214e-11, 2.62255824696e-11, 1.71589183834e-11],
        "max": [0.105562984943, 0.0849394723773, 0.0244838930666, 0.0131162693724, 0.0119594652206, 0.00992590095848, 0.0051693469286, 0.00379605754279, 0.0028175432235, 0.00216648564674, 0.00271486816928, 0.00112919218373, 0.000686476705596, 0.000657406751998, 0.000572493008804, 0.000563566049095, 0.000379240489565, 0.00016567062994, 0.000158263850608, 0.000193433879758, 0.000240243258304, 0.00014631866361, 9.63773563853e-05, 0.000185916695045, 0.000182755247806, 0.000142841847264, 0.000204753712751, 0.000156358699314, 9.6020528872e-05, 0.00015142322809, 5.94671219005e-05, 5.48942334717e-05, 8.34127640701e-05, 7.6082382293e-05, 5.86868736718e-05, 4.96674911119e-05, 6.32332521491e-05, 4.66391975351e-05, 5.28123164258e-05, 5.67110073462e-05],
        "mean": [0.00995774753392, 0.00830144621432, 0.00274978158996, 0.00159854092635, 0.00128743622918, 0.00047917678603, 0.000185079814401, 0.000165045115864, 0.000127100211103, 7.88989927969e-05, 6.71367815812e-05, 4.07975603594e-05, 2.512177889e-05, 3.01633481286e-05, 2.04887601285e-05, 2.29226698139e-05, 1.40382890095e-05, 8.43403449835e-06, 5.7634829318e-06, 4.71672819913e-06, 4.29193869422e-06, 4.05056016461e-06, 3.63317940355e-06, 5.06143942403e-06, 4.25736470788e-06, 3.46333581547e-06, 3.60773469765e-06, 3.7339273149e-06, 3.26427311848e-06, 4.01606530431e-06, 2.97171459351e-06, 3.01154750559e-06, 2.97919336845e-06, 2.93891162073e-06, 2.5858889785e-06, 2.82104838334e-06, 3.14452086059e-06, 2.22284324991e-06, 1.98077691493e-06, 1.75727279839e-06],
        "median": [0.00259555969387, 0.0058500780724, 0.00231333100237, 0.00122509826906, 0.000784033385571, 0.000224918665481, 7.92642167653e-05, 7.51645420678e-05, 4.62779571535e-05, 3.10530085699e-05, 3.22885825881e-05, 2.05959750019e-05, 1.18350326375e-05, 1.40744832606e-05, 5.58607280254e-06, 6.91911964168e-06, 4.49012532044e-06, 2.84248108073e-06, 2.03330364457e-06, 1.08745848593e-06, 8.30654414585e-07, 6.36691254385e-07, 5.18980812103e-07, 4.92223421134e-07, 3.06201457079e-07, 3.08467292598e-07, 3.15133803497e-07, 2.93658189321e-07, 2.40928272888e-07, 2.03419375566e-07, 1.21706690948e-07, 9.97626870003e-08, 7.17301631425e-08, 8.22330079586e-08, 1.05894777391e-07, 1.72197232473e-07, 2.32244346421e-07, 1.83542354648e-07, 1.89232835623e-07, 1.52089896233e-07],
        "min": [2.20137532337e-24, 3.40332146667e-24, 9.73328533728e-25, 1.04125774071e-24, 2.11913341856e-24, 2.6686768021e-24, 1.58410330073e-24, 2.35316005015e-24, 2.42280680453e-24, 1.44136079348e-24, 3.55219529671e-24, 4.01436129095e-24, 5.3291249961e-24, 2.95474557368e-24, 2.74654802307e-24, 3.4390130839e-24, 3.51834645856e-24, 3.33946475412e-24, 2.92227842541e-24, 3.4526272454e-24, 3.68535856738e-24, 4.03755892915e-24, 5.91532201275e-24, 4.61668380778e-24, 6.67123101466e-24, 4.31294474914e-24, 4.06256542542e-24, 5.84761802555e-24, 5.45823352172e-24, 4.11840810004e-24, 5.25379154067e-24, 6.15070469623e-24, 5.27960819708e-24, 6.27586536745e-24, 6.51073095261e-24, 5.9369892608e-24, 7.55794617087e-24, 6.58896544402e-24, 6.77784951031e-24, 6.19111449053e-24],
        "var": [0.000366500258679, 0.000103812373709, 5.74485147808e-06, 2.27408554565e-06, 2.16334615288e-06, 5.20166167917e-07, 1.2814365391e-07, 7.1323555062e-08, 6.09230923487e-08, 2.81729271023e-08, 1.47922749605e-08, 5.22950438508e-09, 2.05396277764e-09, 2.49904830163e-09, 2.43072650896e-09, 2.77104406088e-09, 9.12020903243e-10, 2.79890582933e-10, 1.70617436845e-10, 1.59104576736e-10, 1.57229146369e-10, 1.45409004282e-10, 8.43237077386e-11, 2.10603298689e-10, 1.88839263671e-10, 9.27644003279e-11, 8.90479426308e-11, 8.13943773492e-11, 7.3657274724e-11, 1.47164211373e-10, 6.52790460576e-11, 6.83678738622e-11, 8.7987825359e-11, 9.35623731269e-11, 6.09458178369e-11, 5.72451148984e-11, 6.92387674972e-11, 3.56499482712e-11, 2.71155806142e-11, 2.09091546161e-11]
    },
    "mfcc": {
        "mean": [-697.003173828, 166.708084106, 46.2219276428, 18.4046669006, 17.3378181458, 11.403550148, 11.7113695145, 1.88271462917, 0.216472715139, 2.17640829086, -3.3476691246, 0.371038287878, -4.50664424896],
        "cov": [[9595.80566406, -2942.50878906, 712.356689453, 741.668273926, -86.2412567139, -102.974578857, 81.5413513184, -11.0953674316, -73.4757080078, 130.161514282, 117.974853516, 204.3152771, 12.8026542664], [-2942.50878906, 3433.27514648, -498.692443848, -446.522888184, 209.973327637, 65.0477600098, -10.3834142685, 3.58731842041, -4.15958881378, -81.4575195312, -88.4891433716, -108.1301651, -49.0432624817], [712.356689453, -498.692443848, 518.631103516, 124.778274536, -37.1294288635, 73.2185440063, 42.1523933411, 11.8483581543, 37.5688705444, 23.4547176361, 6.42718887329, 14.4569530487, 30.677154541], [741.668273926, -446.522888184, 124.778274536, 320.092559814, -14.7527742386, 10.3728847504, 37.3559494019, 15.0171747208, 27.6444740295, 36.7796554565, 28.8291435242, 1.28941380978, 16.0611400604], [-86.2412567139, 209.973327637, -37.1294288635, -14.7527742386, 130.341430664, 18.1073131561, -15.2433662415, 24.1717586517, 2.1401591301, 0.182404458523, -6.77351665497, 1.52704882622, 4.46644592285], [-102.974578857, 65.0477600098, 73.2185440063, 10.3728847504, 18.1073131561, 132.046005249, 3.10130405426, 41.6978416443, 29.5514698029, -11.8917779922, 16.7882919312, -0.0133552849293, 21.1443386078], [81.5413513184, -10.3834142685, 42.1523933411, 37.3559494019, -15.2433662415, 3.10130405426, 100.548065186, 5.47015333176, 8.89452934265, 22.0437889099, 8.82410430908, -1.89658343792, -13.0226230621], [-11.0953674316, 3.58731842041, 11.8483581543, 15.0171747208, 24.1717586517, 41.6978416443, 5.47015333176, 95.9522705078, 17.5583972931, -6.237616539, 20.0025520325, 1.61354279518, 21.4659042358], [-73.4757080078, -4.15958881378, 37.5688705444, 27.6444740295, 2.1401591301, 29.5514698029, 8.89452934265, 17.5583972931, 65.452507019, 12.7852363586, -0.318472385406, -1.62467551231, 5.87360620499], [130.161514282, -81.4575195312, 23.4547176361, 36.7796554565, 0.182404458523, -11.8917779922, 22.0437889099, -6.237616539, 12.7852363586, 66.8181991577, 14.2544765472, 7.13339138031, -12.0220727921], [117.974853516, -88.4891433716, 6.42718887329, 28.8291435242, -6.77351665497, 16.7882919312, 8.82410430908, 20.0025520325, -0.318472385406, 14.2544765472, 68.7053527832, 10.3822498322, 5.00963926315], [204.3152771, -108.1301651, 14.4569530487, 1.28941380978, 1.52704882622, -0.0133552849293, -1.89658343792, 1.61354279518, -1.62467551231, 7.13339138031, 10.3822498322, 53.997013092, 11.8111915588], [12.8026542664, -49.0432624817, 30.677154541, 16.0611400604, 4.46644592285, 21.1443386078, -13.0226230621, 21.4659042358, 5.87360620499, -12.0220727921, 5.00963926315, 11.8111915588, 57.3499183655]],
