{
"lowlevel": {
    "average_loudness": 0.97058904171,
    "barkbands_crest": {
        "dmean": 2.57213306427,
        "dmean2": 4.13076210022,
        "dvar": 6.38507270813,
        "dvar2": 15.5376739502,
        "max": 23.5026817322,
        "mean": 12.3431148529,
        "median": 11.8749723434,
        "min": 3.30408000946,
        "var": 22.3754768372
    },
    "barkbands_flatness_db": {
        "dmean": 0.0307362172753,
        "dmean2": 0.044245660305,
        "dvar": 0.0012468136847,
        "dvar2": 0.00271156686358,
        "max": 0.440386474133,
        "mean": 0.189175695181,
        "median": 0.178353726864,
        "min": 0.0326384082437,
        "var": 0.00803747121245
    },
    "barkbands_kurtosis": {
        "dmean": 12.2714614868,
        "dmean2": 19.172252655,
        "dvar": 440.137573242,
        "dvar2": 1014.6706543,
        "max": 349.456329346,
        "mean": 23.0218849182,
        "median": 10.9968252182,
        "min": -1.8665817976,
        "var": 1191.83398438
    },
    "barkbands_skewness": {
        "dmean": 0.965329170227,
        "dmean2": 1.45189619064,
        "dvar": 1.29038763046,
        "dvar2": 2.82124662399,
        "max": 15.4099664688,
        "mean": 3.27160573006,
        "median": 2.72409272194,
        "min": -1.95876550674,
        "var": 5.32326984406
    },
    "barkbands_spread": {
        "dmean": 4.75411844254,
        "dmean2": 7.34557676315,
        "dvar": 41.3739395142,
        "dvar2": 97.714881897,
        "max": 75.2739639282,
        "mean": 15.9681758881,
        "median": 10.8773708344,
        "min": 0.474309533834,
        "var": 201.853149414
    },
    "dissonance": {
        "dmean": 0.0199071560055,
        "dmean2": 0.0324332676828,
        "dvar": 0.000502617855091,
        "dvar2": 0.0012718338985,
        "max": 0.500000059605,
        "mean": 0.456007808447,
        "median": 0.469898313284,
        "min": 0.267021775246,
        "var": 0.00152492930647
    },
    "dynamic_complexity": 3.04054260254,
    "erbbands_crest": {
        "dmean": 2.0496468544,
        "dmean2": 3.26942849159,
        "dvar": 3.96762537956,
        "dvar2": 9.12942790985,
        "max": 28.4875164032,
        "mean": 7.69810295105,
        "median": 6.86320304871,
        "min": 2.2513961792,
        "var": 12.761297226
    },
    "erbbands_flatness_db": {
        "dmean": 0.0221554804593,
        "dmean2": 0.0288272369653,
        "dvar": 0.000622168940026,
        "dvar2": 0.000966193911154,
        "max": 0.314358770847,
        "mean": 0.135492056608,
        "median": 0.131622448564,
        "min": 0.0319494754076,
        "var": 0.00270411302336
    },
    "erbbands_kurtosis": {
        "dmean": 1.74480652809,
        "dmean2": 2.5880343914,
        "dvar": 9.41558456421,
        "dvar2": 19.2537937164,
        "max": 35.9550666809,
        "mean": 1.66988158226,
        "median": -0.0476562976837,
        "min": -1.75943648815,
        "var": 20.1991767883
    },
    "erbbands_skewness": {
        "dmean": 0.479493141174,
        "dmean2": 0.682924866676,
        "dvar": 0.260407060385,
        "dvar2": 0.515862166882,
        "max": 5.18869876862,
        "mean": 0.619164586067,
        "median": 0.316157400608,
        "min": -1.91387593746,
        "var": 1.45314884186
    },
    "erbbands_spread": {
        "dmean": 12.8294639587,
        "dmean2": 18.5200634003,
        "dvar": 277.085601807,
        "dvar2": 539.049499512,
        "max": 181.015625,
        "mean": 48.4958534241,
        "median": 40.8456497192,
        "min": 4.3222951889,
        "var": 861.01361084
    },
    "hfc": {
        "dmean": 8.44956302643,
        "dmean2": 11.6630535126,
        "dvar": 211.095870972,
        "dvar2": 436.742919922,
        "max": 135.259307861,
        "mean": 19.7539463043,
        "median": 11.8920736313,
        "min": 1.18941795822e-16,
        "var": 490.993286133
    },
    "melbands_crest": {
        "dmean": 3.40853142738,
        "dmean2": 5.32356643677,
        "dvar": 13.094209671,
        "dvar2": 28.2464065552,
        "max": 37.3873901367,
        "mean": 18.1441116333,
        "median": 17.1041851044,
        "min": 1.4296463728,
        "var": 43.5808982849
    },
    "melbands_flatness_db": {
        "dmean": 0.0358390063047,
        "dmean2": 0.0519848875701,
        "dvar": 0.00171362375841,
        "dvar2": 0.00378386722878,
        "max": 0.583372056484,
        "mean": 0.293656438589,
        "median": 0.286306679249,
        "min": 0.000755375949666,
        "var": 0.0131769385189
    },
    "melbands_kurtosis": {
        "dmean": 34.6334190369,
        "dmean2": 51.4645957947,
        "dvar": 7148.7421875,
        "dvar2": 14246.9628906,
        "max": 1900.35375977,
        "mean": 63.521572113,
        "median": 24.9704933167,
        "min": -1.19952476025,
        "var": 14375.6640625
    },
    "melbands_skewness": {
        "dmean": 1.44699239731,
        "dmean2": 2.08018732071,
        "dvar": 4.07801628113,
        "dvar2": 7.70162630081,
        "max": 36.3699417114,
        "mean": 4.97399330139,
        "median": 3.70539426804,
        "min": -0.638376235962,
        "var": 13.200674057
    },
    "melbands_spread": {
        "dmean": 3.99248766899,
        "dmean2": 6.27840995789,
        "dvar": 42.03282547,
        "dvar2": 98.4857711792,
        "max": 145.265563965,
        "mean": 12.5279140472,
        "median": 5.97610664368,
        "min": 0.34391155839,
        "var": 195.826293945
    },
    "pitch_salience": {
        "dmean": 0.0821146741509,
        "dmean2": 0.130807489157,
        "dvar": 0.00629427097738,
        "dvar2": 0.0146172698587,
        "max": 0.989936947823,
        "mean": 0.490477144718,
        "median": 0.512585818768,
        "min": 0.0822970271111,
        "var": 0.0185189116746
    },
    "silence_rate_20dB": {
        "dmean": 0.0363777093589,
        "dmean2": 0.0727835819125,
        "dvar": 0.0350538603961,
        "dvar2": 0.0992308780551,
        "max": 1,
        "mean": 0.979497075081,
        "median": 1,
        "min": 0,
        "var": 0.0200821105391
    },
    "silence_rate_30dB": {
        "dmean": 0.0866873040795,
        "dmean2": 0.17344173789,
        "dvar": 0.0791704133153,
        "dvar2": 0.146457180381,
        "max": 1,
        "mean": 0.857640206814,
        "median": 1,
        "min": 0,
        "var": 0.12209200114
    },
    "silence_rate_60dB": {
        "dmean": 0.0205108355731,
        "dmean2": 0.0410375520587,
        "dvar": 0.0200900323689,
        "dvar2": 0.0470966026187,
        "max": 1,
        "mean": 0.0290135387331,
        "median": 0,
        "min": 0,
        "var": 0.0281718056649
    },
    "spectral_centroid": {
        "dmean": 254.060195923,
        "dmean2": 373.382659912,
        "dvar": 126321.671875,
        "dvar2": 239902.03125,
        "max": 11145.5830078,
        "mean": 1094.34228516,
        "median": 900.082397461,
        "min": 128.325683594,
        "var": 675981.9375
    },
    "spectral_complexity": {
        "dmean": 4.34636211395,
        "dmean2": 6.39063119888,
        "dvar": 38.2796592712,
        "dvar2": 76.1662902832,
        "max": 57,
        "mean": 17.7431335449,
        "median": 12,
        "min": 0,
        "var": 197.648117065
    },
    "spectral_decrease": {
        "dmean": 9.74115010877e-09,
        "dmean2": 1.45157592613e-08,
        "dvar": 4.79857028932e-16,
        "dvar2": 1.12726045708e-15,
        "max": -1.11457152926e-28,
        "mean": -1.52327253033e-08,
        "median": -7.93379317798e-09,
        "min": -1.65597853652e-07,
        "var": 5.41724421279e-16
    },
    "spectral_energy": {
        "dmean": 0.0374077111483,
        "dmean2": 0.0555995553732,
        "dvar": 0.00701368646696,
        "dvar2": 0.0164477303624,
        "max": 0.634900331497,
        "mean": 0.059283554554,
        "median": 0.0314450599253,
        "min": 1.12090235065e-20,
        "var": 0.00796734169126
    },
    "spectral_energyband_high": {
        "dmean": 0.000457406189525,
        "dmean2": 0.000624945969321,
        "dvar": 7.76145384407e-07,
        "dvar2": 1.51811866544e-06,
        "max": 0.00967733561993,
        "mean": 0.000880941050127,
        "median": 0.00030341069214,
        "min": 8.17055000971e-21,
        "var": 1.87901537174e-06
    },
    "spectral_energyband_low": {
        "dmean": 0.0333896651864,
        "dmean2": 0.0499427355826,
        "dvar": 0.00645948620513,
        "dvar2": 0.015313631855,
        "max": 0.596101999283,
        "mean": 0.0453965626657,
        "median": 0.016640515998,
        "min": 2.64187892105e-23,
        "var": 0.00710432743654
    },
    "spectral_energyband_middle_high": {
        "dmean": 0.00129306688905,
        "dmean2": 0.00190785736777,
        "dvar": 4.30705949839e-06,
        "dvar2": 9.56496114668e-06,
        "max": 0.0409873425961,
        "mean": 0.00356572004966,
        "median": 0.00109193101525,
        "min": 1.66497987349e-21,
        "var": 2.23510869546e-05
    },
    "spectral_energyband_middle_low": {
        "dmean": 0.00554599286988,
        "dmean2": 0.00915335305035,
        "dvar": 8.59516585479e-05,
        "dvar2": 0.000225683950703,
        "max": 0.107028231025,
        "mean": 0.0108325099573,
        "median": 0.00861307047307,
        "min": 3.53933312475e-22,
        "var": 0.000103020982351
    },
    "spectral_entropy": {
        "dmean": 0.25464245677,
        "dmean2": 0.338984161615,
        "dvar": 0.11752460897,
        "dvar2": 0.197139620781,
        "max": 9.78735542297,
        "mean": 7.26277208328,
        "median": 7.51319599152,
        "min": 4.95149755478,
        "var": 0.590602874756
    },
    "spectral_flux": {
        "dmean": 0.0546411797404,
        "dmean2": 0.0812281295657,
        "dvar": 0.008181408979,
        "dvar2": 0.016335664317,
        "max": 0.679959177971,
        "mean": 0.108572252095,
        "median": 0.0710022747517,
        "min": 1.0587267868e-10,
        "var": 0.0129813263193
    },
    "spectral_kurtosis": {
        "dmean": 2.7861430645,
        "dmean2": 4.19844341278,
        "dvar": 24.9964103699,
        "dvar2": 49.9045791626,
        "max": 74.3538589478,
        "mean": 7.21763849258,
        "median": 3.91346597672,
        "min": -1.13862276077,
        "var": 69.2515945435
    },
    "spectral_rms": {
        "dmean": 0.00177384784911,
        "dmean2": 0.00247394153848,
        "dvar": 8.92029856914e-06,
        "dvar2": 1.86664528883e-05,
        "max": 0.0248880479485,
        "mean": 0.0064709475264,
        "median": 0.00553878210485,
        "min": 3.3069068317e-12,
        "var": 1.59643805091e-05
    },
    "spectral_rolloff": {
        "dmean": 268.556152344,
        "dmean2": 457.319732666,
        "dvar": 413657.90625,
        "dvar2": 971966.5625,
        "max": 18583.1542969,
        "mean": 745.139160156,
        "median": 279.931640625,
        "min": 43.06640625,
        "var": 1179102
    },
    "spectral_skewness": {
        "dmean": 0.344269394875,
        "dmean2": 0.504572689533,
        "dvar": 0.240091100335,
        "dvar2": 0.462633341551,
        "max": 7.26535081863,
        "mean": 1.90140509605,
        "median": 1.46757411957,
        "min": 0.0191522035748,
        "var": 1.07955348492
    },
    "spectral_spread": {
        "dmean": 899108.75,
        "dmean2": 1159174.5,
        "dvar": 1.64069992038e+12,
        "dvar2": 2.58367107891e+12,
        "max": 39356620,
        "mean": 4933046,
        "median": 4450753.5,
        "min": 1338937.75,
        "var": 5.49326212301e+12
    },
    "spectral_strongpeak": {
        "dmean": 0.220371052623,
        "dmean2": 0.369384378195,
        "dvar": 0.118260093033,
        "dvar2": 0.307005047798,
        "max": 4.85910797119,
        "mean": 0.41671910882,
        "median": 0.298556834459,
        "min": 0,
        "var": 0.151877552271
    },
    "zerocrossingrate": {
        "dmean": 0.00886521488428,
        "dmean2": 0.0112151568756,
        "dvar": 0.000171264444361,
        "dvar2": 0.000310015311697,
        "max": 0.5166015625,
        "mean": 0.0394725799561,
        "median": 0.03369140625,
        "min": 0.00244140625,
        "var": 0.000982205034234
    },
    "barkbands": {
        "dmean": [0.00370200932957, 0.0273012239486, 0.0051717273891, 0.00193469016813, 0.00245872931555, 0.00138736434747, 0.000494060048368, 0.000438376329839, 0.000229708690313, 0.000287887349259, 0.000173535227077, 0.000157452348503, 0.000220912188524, 0.000154495355673, 0.000196252789465, 0.000213596213143, 0.000220729154535, 0.000232381760725, 0.000195794957108, 0.000183032156201, 0.000132697765366, 9.28771769395e-05, 5.39956854482e-05, 4.96489737998e-05, 4.57731512142e-05, 6.10415663687e-05, 3.77059113816e-05],
        "dmean2": [0.00542070902884, 0.0417143329978, 0.00932704191655, 0.0032822266221, 0.00412778183818, 0.00229149102233, 0.000777770241257, 0.000702859717421, 0.00037164564128, 0.000444793258794, 0.000266913091764, 0.00025181719684, 0.000342905375874, 0.000248622702202, 0.000322916923324, 0.000341050472343, 0.000351858296199, 0.000365151761798, 0.000319968210533, 0.000295408506645, 0.00020928887534, 0.000146533027873, 8.01930873422e-05, 6.61301237415e-05, 5.91582720517e-05, 8.09500925243e-05, 4.99966081406e-05],
        "dvar": [7.77212990215e-05, 0.0047015119344, 0.000175005494384, 1.0855364053e-05, 2.44491529884e-05, 6.61321564621e-06, 9.39499500419e-07, 9.42581607433e-07, 5.25474717961e-07, 3.04955193542e-07, 3.05524025634e-07, 1.21815986631e-07, 2.46842887464e-07, 9.3836227677e-08, 1.18868307197e-07, 1.59746221584e-07, 2.0775893006e-07, 2.81059442386e-07, 1.41961436384e-07, 1.18194428467e-07, 7.69804202605e-08, 3.88688867758e-08, 1.52195891445e-08, 9.88383686007e-09, 9.70362812325e-09, 3.27293427915e-08, 1.35041631211e-08],
        "dvar2": [0.000173752297997, 0.0113490289077, 0.000507729593664, 2.78130210063e-05, 6.64329418214e-05, 1.74083834281e-05, 2.32503202824e-06, 2.21454956773e-06, 1.05483695734e-06, 6.91233992711e-07, 5.8971869521e-07, 2.64998362809e-07, 5.37467883532e-07, 2.37406879933e-07, 2.90353085575e-07, 3.93700531731e-07, 5.36211587132e-07, 6.6868921067e-07, 3.68156435115e-07, 3.0053968203e-07, 1.91093832314e-07, 9.97373064138e-08, 3.65636516619e-08, 1.85309794176e-08, 1.71002589866e-08, 5.69045681686e-08, 2.35474981736e-08],
        "max": [0.0689069777727, 0.531292915344, 0.129424214363, 0.0335475094616, 0.0633056908846, 0.0408504642546, 0.0156555771828, 0.0205613262951, 0.0282586365938, 0.00866483990103, 0.0221559759229, 0.00731840590015, 0.0131504600868, 0.00440082605928, 0.00585370417684, 0.00551852723584, 0.0115650715306, 0.00900455471128, 0.00771477492526, 0.00428853509948, 0.00409974018112, 0.00245630322024, 0.00249808421358, 0.00152794690803, 0.00176192668732, 0.00338511331938, 0.00190864375327],
        "mean": [0.00454983767122, 0.0327070727944, 0.00685244379565, 0.00306459772401, 0.00351023906842, 0.00203222525306, 0.000929491012357, 0.000732375890948, 0.000366671883967, 0.000539384200238, 0.00027358304942, 0.000238972468651, 0.000328249152517, 0.000209289733903, 0.000348690140527, 0.000389651919249, 0.00042172303074, 0.000394189060898, 0.000321052531945, 0.000313945463859, 0.000215470470721, 0.000164864977705, 9.08407382667e-05, 8.90969458851e-05, 7.71182021708e-05, 7.81297785579e-05, 4.43823882961e-05],
        "median": [0.00062181497924, 0.00967997964472, 0.00389020796865, 0.00155232776888, 0.00200661085546, 0.000858319574036, 0.000407146901125, 0.000293004733976, 0.000155231726239, 0.00010534721514, 6.46479893476e-05, 5.22232949152e-05, 5.89243718423e-05, 5.89417068113e-05, 6.36613476672e-05, 8.04878509371e-05, 6.52014496154e-05, 7.61036280892e-05, 7.63945499784e-05, 5.53271456738e-05, 5.00661335536e-05, 4.81695897179e-05, 1.87183122762e-05, 1.74874930963e-05, 1.53754590428e-05, 5.57606063012e-06, 1.47857701904e-06],
        "min": [2.07619157797e-24, 1.44830002815e-23, 7.73583982703e-24, 4.52766164349e-24, 4.85979559264e-23, 4.23885572178e-23, 2.65764651505e-23, 1.07596045768e-22, 1.1401192093e-22, 7.66732410196e-23, 5.17775923336e-23, 1.51158383837e-22, 1.21994461228e-22, 1.11548238903e-22, 1.21839503703e-22, 2.46917981929e-22, 1.27635207975e-22, 2.66082808575e-22, 1.78872253884e-22, 4.86394115136e-22, 4.78257563946e-22, 7.04657210622e-22, 7.1360483704e-22, 1.13200141407e-21, 1.24108696806e-21, 1.54796643148e-21, 2.32045285623e-21],
        "var": [0.000103429585579, 0.00480396393687, 0.000120996170153, 1.55428588187e-05, 2.25071307796e-05, 1.02483390947e-05, 2.05382457352e-06, 1.74355386662e-06, 8.24766857477e-07, 9.09445247999e-07, 6.91391505825e-07, 2.42318662913e-07, 4.64193362859e-07, 1.38905662084e-07, 2.99705021689e-07, 4.21132767769e-07, 4.93268714763e-07, 5.75371871037e-07, 2.67528804443e-07, 2.5583190677e-07, 1.17876851391e-07, 6.89463348635e-08, 2.69949911313e-08, 2.84659815719e-08, 2.52500136355e-08, 5.86313433359e-08, 2.32353549734e-08]
    },
    "erbbands": {
        "dmean": [1.20840084553, 4.95106840134, 6.9093208313, 5.92750883102, 7.68043375015, 8.0297908783, 9.3166513443, 11.6014480591, 7.78994607925, 8.15992641449, 8.52937698364, 5.99650144577, 6.92815256119, 8.73625183105, 7.15581560135, 7.33851194382, 10.2630853653, 8.50381374359, 9.21445560455, 9.92776298523, 13.000497818, 9.46593856812, 9.5253162384, 14.1982841492, 9.43373203278, 10.1781740189, 5.4454407692, 4.71797323227, 3.39649271965, 2.57406353951, 1.46483004093, 1.12196063995, 0.771921873093, 0.614243745804, 0.292568385601, 0.182917639613, 0.12757140398, 0.0493098683655, 0.00640741735697, 0.0002618614526],
        "dmean2": [1.84339237213, 8.38250350952, 12.5509414673, 10.3134918213, 12.9827308655, 13.6008892059, 15.4259881973, 19.3162879944, 12.348482132, 13.2599248886, 13.5671987534, 9.65152454376, 11.0753259659, 13.4093942642, 11.0027046204, 11.5063095093, 15.8497657776, 13.5944862366, 14.9694108963, 15.879365921, 20.5706501007, 15.1338062286, 15.3976039886, 22.1967773438, 14.7964029312, 16.3838043213, 8.80356693268, 7.36474990845, 5.44214916229, 3.95983505249, 2.15223622322, 1.60895121098, 1.04055178165, 0.823142647743, 0.381810992956, 0.244450598955, 0.171546921134, 0.0659389719367, 0.00853772927076, 0.000350499467459],
        "dvar": [9.06778144836, 190.851913452, 343.047546387, 125.220176697, 209.504882812, 287.620361328, 341.138305664, 510.247375488, 210.585098267, 365.105682373, 427.692382812, 414.290008545, 231.119049072, 321.871459961, 388.751220703, 287.091033936, 547.155456543, 350.843688965, 290.987701416, 338.915863037, 671.695800781, 305.825164795, 330.06463623, 995.660583496, 324.611968994, 392.823822021, 115.635955811, 109.591560364, 52.2307357788, 29.0361442566, 12.8043651581, 5.41778755188, 2.3657913208, 1.65557801723, 0.474253892899, 0.260456621647, 0.155532985926, 0.0233227275312, 0.000383720966056, 5.14881605795e-07],
        "dvar2": [20.3719673157, 519.966125488, 998.176940918, 345.072052002, 553.23034668, 794.496582031, 885.633300781, 1368.15185547, 519.586120605, 923.363830566, 965.97833252, 817.097839355, 587.447753906, 668.199584961, 808.63092041, 597.937683105, 1163.50964355, 871.795593262, 702.043762207, 841.181762695, 1636.35192871, 764.729919434, 877.106201172, 2365.90429688, 824.851135254, 962.68572998, 297.187225342, 271.663482666, 135.644927979, 69.915977478, 31.0469379425, 11.4891815186, 4.31982946396, 3.10938286781, 0.844039320946, 0.459101825953, 0.280220299959, 0.0425780899823, 0.000660436635371, 8.63555158048e-07],
        "max": [22.6829776764, 119.312927246, 166.262863159, 120.447013855, 213.948577881, 196.577087402, 305.010101318, 372.885009766, 231.312606812, 316.06829834, 529.125915527, 821.628723145, 337.410339355, 280.371063232, 728.629333496, 377.714660645, 647.455444336, 275.277160645, 319.994628906, 424.902648926, 379.569458008, 367.785369873, 298.165649414, 527.632568359, 301.425018311, 283.907440186, 127.514450073, 165.974456787, 108.288635254, 57.5464935303, 89.6622009277, 36.7538909912, 23.8459701538, 25.2742080688, 12.761264801, 10.7786464691, 7.19929456711, 2.58380246162, 0.31026032567, 0.0113030476496],
        "mean": [1.37531554699, 5.49535703659, 9.09536552429, 8.85665225983, 11.2976045609, 11.2948331833, 14.2092237473, 16.0199127197, 14.5548810959, 14.4442033768, 14.0563964844, 10.0296516418, 12.4948101044, 15.2322807312, 12.0819807053, 12.2401857376, 16.2315692902, 12.1358985901, 15.3689556122, 17.9948959351, 24.8034000397, 19.8622817993, 17.390209198, 22.7070674896, 17.092912674, 17.2407646179, 9.42373180389, 7.52022647858, 5.98482322693, 4.26587772369, 2.50078940392, 1.99830901623, 1.37413585186, 1.00708222389, 0.475525349379, 0.26036465168, 0.154398649931, 0.0582051724195, 0.00757510634139, 0.000337642763043],
        "median": [0.293711870909, 1.95418608189, 5.10011100769, 5.33708143234, 6.42018079758, 6.19913578033, 5.78030443192, 6.81012868881, 6.44252729416, 7.49841976166, 4.8112988472, 4.57856321335, 3.38808631897, 3.10156273842, 3.21955990791, 2.67609763145, 3.18686580658, 3.31026864052, 3.0984852314, 3.93565583229, 4.68330335617, 3.39421796799, 4.64841890335, 3.862803936, 3.75353693962, 2.64735794067, 1.91086196899, 1.90428924561, 1.57141649723, 1.06954061985, 0.524352371693, 0.413392364979, 0.281745553017, 0.204203829169, 0.0870509296656, 0.0288512334228, 0.00890219956636, 0.00226042163558, 0.000251933233812, 5.55263286515e-05],
        "min": [4.34803066319e-22, 3.18285488389e-21, 9.69203807878e-21, 1.43805721077e-20, 1.11694585854e-19, 1.55639370152e-19, 2.25870661847e-19, 3.48304740389e-19, 3.9360210716e-19, 1.06879200447e-18, 2.35012041591e-18, 2.33707350291e-18, 2.35174603261e-18, 2.73546622658e-18, 4.00125584342e-18, 4.97106390028e-18, 5.78762103222e-18, 5.05827644739e-18, 5.56443984474e-18, 1.17736562236e-17, 1.16553263826e-17, 7.04578218266e-18, 1.18647800943e-17, 1.30264402865e-17, 1.47562403835e-17, 2.1236977144e-17, 2.27959892599e-17, 1.66507122881e-17, 2.67091243119e-17, 2.70369078646e-17, 1.82303542884e-17, 1.91695765149e-17, 2.0671121085e-17, 1.29806169621e-17, 9.47884710052e-18, 5.55289405775e-18, 3.1221926017e-18, 1.31459565113e-18, 3.02410433559e-19, 3.37801175121e-20],
        "var": [10.2431840897, 143.725982666, 228.368133545, 122.646018982, 214.8777771, 251.608947754, 578.977722168, 689.893615723, 455.486328125, 584.781555176, 817.06036377, 644.165710449, 544.798828125, 866.461303711, 881.281982422, 627.059387207, 1108.68127441, 515.635803223, 642.660949707, 802.95123291, 1741.56811523, 948.313720703, 717.77734375, 1939.33618164, 758.253356934, 858.696350098, 193.391784668, 160.291748047, 97.4027175903, 51.4258842468, 21.4910926819, 14.2006788254, 6.82158708572, 4.13357925415, 1.09019315243, 0.487947434187, 0.26332911849, 0.0390302203596, 0.000668228662107, 9.28508256948e-07]
    },
    "gfcc": {
        "mean": [-18.6210250854, 101.047233582, -72.5293121338, 43.6586341858, -38.9125175476, 9.52131557465, -29.7748126984, 9.64094924927, -17.1149425507, 3.47335743904, -11.9340515137, 0.692883610725, -9.46888256073],
        "cov": [[10570.5283203, -2157.81689453, -2218.21484375, 527.000183105, -251.256820679, 204.168060303, 90.8973846436, 261.358062744, -148.990905762, 305.260406494, -77.9283981323, 211.588531494, 18.9808006287], [-2157.81689453, 1917.05126953, -137.935562134, -338.31451416, 127.403564453, -185.111785889, -27.5540275574, -80.3052520752, 58.8507652283, -203.685806274, 50.609413147, -140.180267334, 38.5413131714], [-2218.21484375, -137.935562134, 2127.9128418, -182.476318359, 151.689712524, 118.803695679, -8.67527961731, -33.6893730164, 61.0019950867, 50.7706604004, 13.6192550659, 24.9092350006, -103.945167542], [527.000183105, -338.31451416, -182.476318359, 472.779602051, -58.7311210632, 50.4873924255, 78.6511917114, 4.82616376877, -2.53024935722, 19.8112564087, -11.6509084702, -0.32461938262, 19.3007698059], [-251.256820679, 127.403564453, 151.689712524, -58.7311210632, 233.194732666, 35.9998321533, 45.0493431091, 24.9109249115, 20.1197509766, 5.94104480743, 17.49817276, 2.93446326256, 2.57345962524], [204.168060303, -185.111785889, 118.803695679, 50.4873924255, 35.9998321533, 179.06199646, 70.7997741699, 28.5976753235, -0.625195086002, 23.175113678, -2.25879192352, 14.2526350021, -25.6489009857], [90.8973846436, -27.5540275574, -8.67527961731, 78.6511917114, 45.0493431091, 70.7997741699, 150.457214355, 44.9102172852, 17.9783782959, 20.6286487579, 6.62399148941, -5.36694478989, -7.29972982407], [261.358062744, -80.3052520752, -33.6893730164, 4.82616376877, 24.9109249115, 28.5976753235, 44.9102172852, 107.415184021, 24.1649990082, 17.5597343445, -4.73721981049, 0.18025688827, -2.53787708282], [-148.990905762, 58.8507652283, 61.0019950867, -2.53024935722, 20.1197509766, -0.625195086002, 17.9783782959, 24.1649990082, 84.095375061, 16.8450241089, 7.41324520111, -4.4845123291, 2.3633275032], [305.260406494, -203.685806274, 50.7706604004, 19.8112564087, 5.94104480743, 23.175113678, 20.6286487579, 17.5597343445, 16.8450241089, 84.1073074341, 18.0167102814, 22.2077884674, -5.42186880112], [-77.9283981323, 50.609413147, 13.6192550659, -11.6509084702, 17.49817276, -2.25879192352, 6.62399148941, -4.73721981049, 7.41324520111, 18.0167102814, 58.6286277771, 15.2633132935, 5.51968765259], [211.588531494, -140.180267334, 24.9092350006, -0.32461938262, 2.93446326256, 14.2526350021, -5.36694478989, 0.18025688827, -4.4845123291, 22.2077884674, 15.2633132935, 66.2052764893, 9.5830373764], [18.9808006287, 38.5413131714, -103.945167542, 19.3007698059, 2.57345962524, -25.6489009857, -7.29972982407, -2.53787708282, 2.3633275032, -5.42186880112, 5.51968765259, 9.5830373764, 57.7539176941]],
        "icov": [[0.000208724071854, 0.00012435860117, 0.000245643779635, -3.00725914713e-05, -4.16355123889e-06, -0.000125378704979, 0.000104694961919, -0.00029247981729, 0.000219403664232, -0.00051897065714, 0.000274169491604, -0.000366315856809, 0.000222337213927], [0.00012435860117, 0.00147349899635, 0.000243389542447, 0.000845970062073, -0.000511827820446, 0.000641854654532, -0.000730713421945, 0.000817138818093, -0.00118045927957, 0.00271965144202, -0.00182018312626, 0.00195264571812, -0.000463863369077], [0.000245643779635, 0.000243389542447, 0.000902436557226, 0.000178835354745, -0.000396384682972, -0.000441337906523, 0.000283911009319, 0.000175359949935, -0.000368193781469, -0.000615016557276, 0.00028641402605, -0.000532327278052, 0.00120481825434], [-3.00725914713e-05, 0.000845970062073, 0.000178835354745, 0.00324024376459, 0.0005701900227, -0.00016705931921, -0.00207159365527, 0.0013032866409, -0.000828144955449, 0.00129340833519, -0.000544822076336, 0.00155252940021, -0.00167004601099], [-4.16355123889e-06, -0.000511827820446, -0.000396384682972, 0.0005701900227, 0.00554297491908, -0.000937260338105, -0.00133031280711, -0.000978369265795, 5.52812052774e-05, -0.000556794926524, -0.000541608547792, -0.000557410297915, -0.00134568149224], [-0.000125378704979, 0.000641854654532, -0.000441337906523, -0.00016705931921, -0.000937260338105, 0.00865123327821, -0.00361436558887, -0.000155169400387, 0.000379618024454, 0.0012709175935, -7.70043698139e-05, -0.000942192273214, 0.00256204139441], [0.000104694961919, -0.000730713421945, 0.000283911009319, -0.00207159365527, -0.00133031280711, -0.00361436558887, 0.0111827719957, -0.00355671555735, -6.13611264271e-05, -0.00273669115268, -0.00040995751624, 0.000610712158959, 0.0010512029985], [-0.00029247981729, 0.000817138818093, 0.000175359949935, 0.0013032866409, -0.000978369265795, -0.000155169400387, -0.00355671555735, 0.0131536936387, -0.00413999147713, 0.00108138192445, 0.000691072258633, 0.00163247901946, -0.000531960453372], [0.000219403664232, -0.00118045927957, -0.000368193781469, -0.000828144955449, 5.52812052774e-05, 0.000379618024454, -6.13611264271e-05, -0.00413999147713, 0.0156401973218, -0.00578527292237, 0.000842561712489, -0.000204623633181, -0.000923504179809], [-0.00051897065714, 0.00271965144202, -0.000615016557276, 0.00129340833519, -0.000556794926524, 0.0012709175935, -0.00273669115268, 0.00108138192445, -0.00578527292237, 0.0233571957797, -0.00873639620841, 0.000937152537517, 0.000216282496694], [0.000274169491604, -0.00182018312626, 0.00028641402605, -0.000544822076336, -0.000541608547792, -7.70043698139e-05, -0.00040995751624, 0.000691072258633, 0.000842561712489, -0.00873639620841, 0.0235575176775, -0.00726267555729, -0.000110388158646], [-0.000366315856809, 0.00195264571812, -0.000532327278052, 0.00155252940021, -0.000557410297915, -0.000942192273214, 0.000610712158959, 0.00163247901946, -0.000204623633181, 0.000937152537517, -0.00726267555729, 0.0230970792472, -0.00594627764076], [0.000222337213927, -0.000463863369077, 0.00120481825434, -0.00167004601099, -0.00134568149224, 0.00256204139441, 0.0010512029985, -0.000531960453372, -0.000923504179809, 0.000216282496694, -0.000110388158646, -0.00594627764076, 0.0226404368877]]
    },
    "melbands": {
        "dmean": [0.00884979311377, 0.00452512782067, 0.00103693734854, 0.000592556898482, 0.000318738137139, 0.000258444546489, 0.000112363915832, 9.00428931345e-05, 6.61593148834e-05, 3.45661283063e-05, 3.44427971868e-05, 3.7055426219e-05, 2.45781047852e-05, 1.76910598384e-05, 2.30471814575e-05, 1.78608461283e-05, 1.70831499418e-05, 1.4173378986e-05, 1.29857780848e-05, 1.40638921948e-05, 1.64038210642e-05, 1.04379041659e-05, 1.16276351037e-05, 9.98346877168e-06, 1.24430116557e-05, 7.24232813809e-06, 6.33185254628e-06, 6.83891221342e-06, 3.42140447174e-06, 3.79801645067e-06, 2.5331287361e-06, 2.01069224204e-06, 1.89985860288e-06, 1.29484192257e-06, 8.43973396059e-07, 8.22925471766e-07, 6.66056507725e-07, 5.8655285784e-07, 5.346282137e-07, 5.37360676844e-07],
        "dmean2": [0.0132546201348, 0.0080668637529, 0.00179272051901, 0.000998363015242, 0.000531801604666, 0.000427733117249, 0.000177136404091, 0.000147038430441, 0.00010532993474, 5.56754275749e-05, 5.51036791876e-05, 5.69327457924e-05, 3.73079928977e-05, 2.81154789263e-05, 3.61883139703e-05, 2.77205817838e-05, 2.75683833024e-05, 2.31378271565e-05, 2.11511360249e-05, 2.2277887183e-05, 2.62870926235e-05, 1.67799425981e-05, 1.9161394448e-05, 1.58797465701e-05, 1.96842593141e-05, 1.15631792141e-05, 1.0076288163e-05, 1.11773069875e-05, 5.63204730497e-06, 6.05576724411e-06, 3.97976418753e-06, 3.23545691572e-06, 3.01900263366e-06, 1.98716611521e-06, 1.27524901927e-06, 1.20329741549e-06, 9.62892841017e-07, 8.18570697447e-07, 7.48639820358e-07, 7.33880142434e-07],
        "dvar": [0.000479561538668, 0.000159863440786, 3.47380500898e-06, 1.44884074871e-06, 4.08036299859e-07, 2.40318968281e-07, 4.39150369402e-08, 4.35654570197e-08, 2.65179505021e-08, 1.26674519763e-08, 5.70576697001e-09, 5.86929260749e-09, 6.81409062508e-09, 1.46126144518e-09, 2.4898696438e-09, 1.61758351158e-09, 1.35231914555e-09, 6.79216127786e-10, 4.77150319256e-10, 6.53590181976e-10, 1.14468712287e-09, 4.3956940865e-10, 5.32025645761e-10, 4.24037749358e-10, 7.84363241024e-10, 2.01923658349e-10, 1.27934149385e-10, 1.83810619503e-10, 4.5155646583e-11, 7.52171588903e-11, 3.10128450698e-11, 1.93375020857e-11, 1.5589198335e-11, 7.78529671286e-12, 4.90674384804e-12, 3.1576575122e-12, 1.97668986214e-12, 1.51247851049e-12, 1.32955213679e-12, 1.29775270391e-12],
        "dvar2": [0.00110865861643, 0.000454397668364, 9.37299319048e-06, 3.95098368244e-06, 1.09203654119e-06, 6.40213670522e-07, 1.0795576344e-07, 1.0920789606e-07, 5.85676964704e-08, 2.51305181109e-08, 1.45299043908e-08, 1.21225749439e-08, 1.32431514643e-08, 3.22081450399e-09, 5.32265653774e-09, 3.63171759332e-09, 3.42894601602e-09, 1.65353863935e-09, 1.18211340716e-09, 1.63939450903e-09, 2.84206858048e-09, 1.08007658373e-09, 1.46375123133e-09, 1.03851716116e-09, 1.89397808548e-09, 5.16998555078e-10, 3.24800103479e-10, 4.62789306876e-10, 1.17552106937e-10, 1.85776491413e-10, 7.8968567796e-11, 5.16061325617e-11, 4.00496198705e-11, 1.86466172364e-11, 1.244160764e-11, 7.07095710109e-12, 4.28498252505e-12, 3.06825246633e-12, 2.6489049669e-12, 2.49233836694e-12],
        "max": [0.157095640898, 0.0996578484774, 0.0185463074595, 0.0138310389593, 0.0106869349256, 0.00802554283291, 0.00347526860423, 0.00387292867526, 0.00401491625234, 0.00449415389448, 0.00167629891075, 0.00113334215712, 0.00336383655667, 0.00077624747064, 0.00139672448859, 0.000797535467427, 0.000518822052982, 0.000459643953945, 0.000370654743165, 0.000446690275567, 0.000651718466543, 0.000552076904569, 0.000436477857875, 0.000345830543665, 0.000452443200629, 0.000252168945735, 0.00016524970124, 0.000177973750397, 9.87208768493e-05, 0.000150597654283, 8.1894788309e-05, 6.64010076434e-05, 3.80512574338e-05, 3.39750804415e-05, 5.68442264921e-05, 3.42919011018e-05, 2.32295551541e-05, 2.05131655093e-05, 1.63814038387e-05, 2.14903375308e-05],
        "mean": [0.0104444045573, 0.00567995710298, 0.00165562622715, 0.000846387818456, 0.000492918887176, 0.000365970947314, 0.000212646104046, 0.000156046706252, 0.000107637315523, 5.68893519812e-05, 6.13666052232e-05, 6.24548047199e-05, 3.96273426304e-05, 2.91638207273e-05, 3.76748794224e-05, 2.69429547188e-05, 2.23360275413e-05, 2.23903462029e-05, 2.25317435252e-05, 2.67021805485e-05, 2.93759821943e-05, 2.02969531529e-05, 1.98627240025e-05, 1.65531782841e-05, 1.85451845027e-05, 1.20824297483e-05, 1.15092389024e-05, 1.08870008262e-05, 5.53767767997e-06, 5.73762599743e-06, 3.82415419153e-06, 3.40768201568e-06, 3.05815387946e-06, 2.030675887e-06, 1.3736728306e-06, 1.37450751936e-06, 1.14970282539e-06, 1.00205693343e-06, 8.6432714852e-07, 8.43230736791e-07],
        "median": [0.00256496993825, 0.00285170599818, 0.0010415869765, 0.000497861765325, 0.000224928109674, 0.000153883913299, 9.27298824536e-05, 7.75679436629e-05, 3.57898534276e-05, 2.5078703402e-05, 1.51583844854e-05, 1.1501228073e-05, 9.99886015052e-06, 6.64942535877e-06, 7.56529198043e-06, 5.0384765018e-06, 5.78250592298e-06, 4.68613961857e-06, 4.49845856565e-06, 5.50737922822e-06, 5.18803608429e-06, 3.42163752975e-06, 2.96114626508e-06, 4.32716296928e-06, 2.72701413451e-06, 2.74032822745e-06, 2.5019480745e-06, 1.53474150011e-06, 9.62529725257e-07, 1.32190393742e-06, 8.7171758878e-07, 7.83882853739e-07, 9.03189459223e-07, 4.47589030728e-07, 2.78694017197e-07, 2.83842126692e-07, 2.12169823044e-07, 1.97058511731e-07, 1.61365491635e-07, 1.64810202818e-07],
        "min": [4.01604156467e-24, 4.79982220566e-24, 4.75057874695e-24, 1.03815167978e-23, 7.75190734594e-24, 7.72674978282e-24, 5.82498481732e-24, 1.2525726724e-23, 1.96981060834e-23, 1.60066377883e-23, 1.24092600888e-23, 1.15421536481e-23, 9.93235359786e-24, 1.73579202314e-23, 8.83055157153e-24, 1.46937334283e-23, 8.74630753774e-24, 9.45493971118e-24, 1.05799192598e-23, 1.82677987103e-23, 1.27791490787e-23, 6.41630351339e-24, 1.03450493359e-23, 1.11093711449e-23, 1.04427931463e-23, 7.48963397192e-24, 1.4879819405e-23, 1.37718453309e-23, 1.54738931978e-23, 9.88846689911e-24, 9.07916818556e-24, 1.40153808919e-23, 1.59498713576e-23, 1.51927920805e-23, 9.81091477238e-24, 9.45320185061e-24, 1.25874645562e-23, 1.68786919646e-23, 8.86019065346e-24, 1.20630542811e-23],
        "var": [0.000529629120138, 0.000109773194708, 3.70911993741e-06, 1.2909583802e-06, 5.73900138079e-07, 3.4332245491e-07, 9.98257760898e-08, 6.83333709617e-08, 4.95672516365e-08, 2.00904946013e-08, 1.33998092622e-08, 1.54675650066e-08, 1.52130290587e-08, 3.27657057042e-09, 5.21248777474e-09, 2.80857914703e-09, 1.88818893854e-09, 1.3995106185e-09, 1.15625853336e-09, 1.85745452352e-09, 2.61106003485e-09, 1.10197750924e-09, 1.1543576095e-09, 8.66292926283e-10, 1.40093636691e-09, 4.06150946208e-10, 3.26863203171e-10, 3.5778188745e-10, 7.06510752679e-11, 1.0315921728e-10, 4.30132318652e-11, 3.40854809655e-11, 2.49744565306e-11, 1.31162468039e-11, 7.04874526802e-12, 6.62506768195e-12, 5.03637756499e-12, 3.76844649236e-12, 3.14351040857e-12, 2.95147673662e-12]
    },
    "mfcc": {
        "mean": [-676.639892578, 134.90953064, 26.8405609131, 41.7799034119, 17.7037372589, 9.32859039307, 4.30500841141, 5.68958091736, 3.52225327492, 2.80427908897, 3.64875292778, 1.08141314983, 2.79113388062],
        "cov": [[11375.3085938, -2735.1394043, -2322.31030273, 95.9005432129, -588.642211914, 7.93360805511, 41.6140441895, 38.1212272644, 108.90436554, 83.6429748535, -172.702957153, 106.632171631, 146.253189087], [-2735.1394043, 1976.49072266, 135.003952026, -195.676681519, 164.772125244, -140.527542114, -54.9697341919, -5.67339754105, -48.8614273071, -54.6629753113, 40.0768470764, -70.1207962036, -37.2849464417], [-2322.31030273, 135.003952026, 1421.54785156, 16.4139499664, 227.267074585, 116.586158752, 45.6748313904, -1.75878453255, -11.0813751221, 21.8751010895, 112.90662384, -3.20651006699, -26.3283977509], [95.9005432129, -195.676681519, 16.4139499664, 276.330047607, -15.6171569824, 41.5641784668, 15.7392339706, 8.75012207031, 21.5654621124, 20.0363388062, -6.05304193497, 0.295345067978, 3.06501340866], [-588.642211914, 164.772125244, 227.267074585, -15.6171569824, 191.472167969, 25.4345035553, 21.3408622742, 6.66541337967, 9.27250003815, 1.70543658733, 28.8368988037, -5.57366228104, -3.50600790977], [7.93360805511, -140.527542114, 116.586158752, 41.5641784668, 25.4345035553, 159.973648071, 66.2766571045, 31.8122711182, 9.01841926575, 16.7981300354, 19.6712436676, 18.5431175232, 6.91426277161], [41.6140441895, -54.9697341919, 45.6748313904, 15.7392339706, 21.3408622742, 66.2766571045, 134.571258545, 46.0817718506, 24.7533931732, 19.4357700348, 22.689994812, 22.3764743805, 9.50499725342], [38.1212272644, -5.67339754105, -1.75878453255, 8.75012207031, 6.66541337967, 31.8122711182, 46.0817718506, 96.8019332886, 36.2501983643, 17.1689052582, 14.52298069, 8.36792755127, 12.9979095459], [108.90436554, -48.8614273071, -11.0813751221, 21.5654621124, 9.27250003815, 9.01841926575, 24.7533931732, 36.2501983643, 84.2319641113, 37.4903678894, 7.41533136368, 7.53765296936, 8.73157501221], [83.6429748535, -54.6629753113, 21.8751010895, 20.0363388062, 1.70543658733, 16.7981300354, 19.4357700348, 17.1689052582, 37.4903678894, 77.1766662598, 31.1888275146, 12.9757919312, 1.67531824112], [-172.702957153, 40.0768470764, 112.90662384, -6.05304193497, 28.8368988037, 19.6712436676, 22.689994812, 14.52298069, 7.41533136368, 31.1888275146, 74.4106216431, 22.5936660767, 3.0309753418], [106.632171631, -70.1207962036, -3.20651006699, 0.295345067978, -5.57366228104, 18.5431175232, 22.3764743805, 8.36792755127, 7.53765296936, 12.9757919312, 22.5936660767, 63.689781189, 19.836687088], [146.253189087, -37.2849464417, -26.3283977509, 3.06501340866, -3.50600790977, 6.91426277161, 9.50499725342, 12.9979095459, 8.73157501221, 1.67531824112, 3.0309753418, 19.836687088, 54.4391441345]],
