{
"lowlevel": {
    "average_loudness": 0.961244940758,
    "barkbands_crest": {
        "dmean": 2.76172566414,
        "dmean2": 4.49830293655,
        "dvar": 7.5269446373,
        "dvar2": 18.1666088104,
        "max": 25.9636859894,
        "mean": 13.0196495056,
        "median": 12.6273365021,
        "min": 2.58403921127,
        "var": 17.5909290314
    },
    "barkbands_flatness_db": {
        "dmean": 0.0419996343553,
        "dmean2": 0.0578192658722,
        "dvar": 0.00271526654251,
        "dvar2": 0.00516839325428,
        "max": 0.571932911873,
        "mean": 0.258425414562,
        "median": 0.237581804395,
        "min": 0.024052111432,
        "var": 0.0136007089168
    },
    "barkbands_kurtosis": {
        "dmean": 11.6505126953,
        "dmean2": 17.4310207367,
        "dvar": 598.503417969,
        "dvar2": 1302.40161133,
        "max": 619.910461426,
        "mean": 17.5663738251,
        "median": 8.71478462219,
        "min": -1.96379518509,
        "var": 931.985595703
    },
    "barkbands_skewness": {
        "dmean": 1.05307388306,
        "dmean2": 1.53235316277,
        "dvar": 1.5306789875,
        "dvar2": 3.25461745262,
        "max": 22.2309150696,
        "mean": 2.69435691833,
        "median": 2.24277043343,
        "min": -2.16520643234,
        "var": 4.58112478256
    },
    "barkbands_spread": {
        "dmean": 6.03348875046,
        "dmean2": 8.34228134155,
        "dvar": 113.907241821,
        "dvar2": 222.503463745,
        "max": 121.761978149,
        "mean": 13.3287744522,
        "median": 7.25044631958,
        "min": 0.318251043558,
        "var": 292.877441406
    },
    "dissonance": {
        "dmean": 0.038920365274,
        "dmean2": 0.0609131678939,
        "dvar": 0.00155607995111,
        "dvar2": 0.00383011880331,
        "max": 0.499999910593,
        "mean": 0.398792713881,
        "median": 0.413958698511,
        "min": 0.112844049931,
        "var": 0.00523113738745
    },
    "dynamic_complexity": 3.05958628654,
    "erbbands_crest": {
        "dmean": 2.71311569214,
        "dmean2": 4.22418785095,
        "dvar": 7.21149396896,
        "dvar2": 16.2512149811,
        "max": 31.1718711853,
        "mean": 11.4073314667,
        "median": 10.413734436,
        "min": 2.12506556511,
        "var": 25.4568004608
    },
    "erbbands_flatness_db": {
        "dmean": 0.036055341363,
        "dmean2": 0.0439902544022,
        "dvar": 0.00186563073657,
        "dvar2": 0.00319081451744,
        "max": 0.495940566063,
        "mean": 0.185866609216,
        "median": 0.171092227101,
        "min": 0.0280546490103,
        "var": 0.00882216263562
    },
    "erbbands_kurtosis": {
        "dmean": 3.76187396049,
        "dmean2": 5.35737752914,
        "dvar": 39.1710128784,
        "dvar2": 84.3601150513,
        "max": 89.516998291,
        "mean": 5.13093852997,
        "median": 1.70569753647,
        "min": -1.88691997528,
        "var": 85.2640228271
    },
    "erbbands_skewness": {
        "dmean": 0.635105550289,
        "dmean2": 0.866519749165,
        "dvar": 0.442641228437,
        "dvar2": 0.910792827606,
        "max": 7.37025260925,
        "mean": 1.19508767128,
        "median": 0.944958269596,
        "min": -4.84005975723,
        "var": 1.81354475021
    },
    "erbbands_spread": {
        "dmean": 14.346903801,
        "dmean2": 19.3107738495,
        "dvar": 370.908447266,
        "dvar2": 664.117492676,
        "max": 196.326950073,
        "mean": 39.9227104187,
        "median": 25.8290882111,
        "min": 1.87067866325,
        "var": 1378.58984375
    },
    "hfc": {
        "dmean": 9.85544490814,
        "dmean2": 12.8441534042,
        "dvar": 260.936767578,
        "dvar2": 463.43661499,
        "max": 193.634094238,
        "mean": 19.4593448639,
        "median": 9.94936466217,
        "min": 1.11817732574e-16,
        "var": 581.088317871
    },
    "melbands_crest": {
        "dmean": 3.09382534027,
        "dmean2": 5.01212882996,
        "dvar": 9.31690216064,
        "dvar2": 24.3333511353,
        "max": 36.3656425476,
        "mean": 16.2155971527,
        "median": 15.7430286407,
        "min": 1.63154518604,
        "var": 26.6392459869
    },
    "melbands_flatness_db": {
        "dmean": 0.0484063997865,
        "dmean2": 0.0668814107776,
        "dvar": 0.00370420026593,
        "dvar2": 0.00715965637937,
        "max": 0.737740397453,
        "mean": 0.376045942307,
        "median": 0.358095288277,
        "min": 0.00348864030093,
        "var": 0.0202589090914
    },
    "melbands_kurtosis": {
        "dmean": 23.3328399658,
        "dmean2": 34.7962036133,
        "dvar": 1768.24560547,
        "dvar2": 3630.64379883,
        "max": 685.818664551,
        "mean": 40.1985282898,
        "median": 16.066608429,
        "min": -1.40964186192,
        "var": 4215.81884766
    },
    "melbands_skewness": {
        "dmean": 1.26791155338,
        "dmean2": 1.80975425243,
        "dvar": 2.47672390938,
        "dvar2": 4.91041326523,
        "max": 22.3000087738,
        "mean": 3.6806833744,
        "median": 2.71425008774,
        "min": -0.594328820705,
        "var": 8.99536323547
    },
    "melbands_spread": {
        "dmean": 3.53062558174,
        "dmean2": 5.30432510376,
        "dvar": 93.2904281616,
        "dvar2": 187.597351074,
        "max": 241.558441162,
        "mean": 9.84811115265,
        "median": 4.30731153488,
        "min": 0.343079179525,
        "var": 341.215911865
    },
    "pitch_salience": {
        "dmean": 0.0698751881719,
        "dmean2": 0.114631563425,
        "dvar": 0.00498056830838,
        "dvar2": 0.0125887170434,
        "max": 0.981392621994,
        "mean": 0.507005691528,
        "median": 0.514615237713,
        "min": 0.098420098424,
        "var": 0.0131592135876
    },
    "silence_rate_20dB": {
        "dmean": 0.000773993786424,
        "dmean2": 0.00154858687893,
        "dvar": 0.000773392617702,
        "dvar2": 0.00232047215104,
        "max": 1,
        "mean": 0.999613165855,
        "median": 1,
        "min": 0,
        "var": 0.000386718747905
    },
    "silence_rate_30dB": {
        "dmean": 0.0832043364644,
        "dmean2": 0.166473090649,
        "dvar": 0.0762820020318,
        "dvar2": 0.148823097348,
        "max": 1,
        "mean": 0.900193452835,
        "median": 1,
        "min": 0,
        "var": 0.089846804738
    },
    "silence_rate_60dB": {
        "dmean": 0.00580495363101,
        "dmean2": 0.0116144018248,
        "dvar": 0.00577114988118,
        "dvar2": 0.0145767619833,
        "max": 1,
        "mean": 0.0270793028176,
        "median": 0,
        "min": 0,
        "var": 0.0263451784849
    },
    "spectral_centroid": {
        "dmean": 172.245223999,
        "dmean2": 262.707885742,
        "dvar": 108698.875,
        "dvar2": 217019.21875,
        "max": 11514.5703125,
        "mean": 690.840270996,
        "median": 454.051116943,
        "min": 143.64263916,
        "var": 1400748.375
    },
    "spectral_complexity": {
        "dmean": 3.21284818649,
        "dmean2": 5.09368944168,
        "dvar": 33.2237281799,
        "dvar2": 72.7378540039,
        "max": 56,
        "mean": 9.36479663849,
        "median": 7,
        "min": 0,
        "var": 49.5314674377
    },
    "spectral_decrease": {
        "dmean": 6.92306301175e-09,
        "dmean2": 1.12115472461e-08,
        "dvar": 2.04371077192e-16,
        "dvar2": 5.23277102479e-16,
        "max": 7.84195532524e-26,
        "mean": -1.22139640624e-08,
        "median": -8.27635027179e-09,
        "min": -1.02820919778e-07,
        "var": 2.06729944836e-16
    },
    "spectral_energy": {
        "dmean": 0.0267076790333,
        "dmean2": 0.0429986938834,
        "dvar": 0.00298362923786,
        "dvar2": 0.00762419681996,
        "max": 0.393007099628,
        "mean": 0.0478632599115,
        "median": 0.0325583964586,
        "min": 1.03653315934e-20,
        "var": 0.00305432826281
    },
    "spectral_energyband_high": {
        "dmean": 0.000603842083365,
        "dmean2": 0.000761413655709,
        "dvar": 1.53444136686e-06,
        "dvar2": 2.76851369563e-06,
        "max": 0.02169951424,
        "mean": 0.000874044548254,
        "median": 0.00011293724674,
        "min": 7.21336956284e-21,
        "var": 3.04850959765e-06
    },
    "spectral_energyband_low": {
        "dmean": 0.0195935983211,
        "dmean2": 0.0319176726043,
        "dvar": 0.00256843748502,
        "dvar2": 0.00660484470427,
        "max": 0.358777523041,
        "mean": 0.0286533031613,
        "median": 0.0132837984711,
        "min": 3.1791454201e-23,
        "var": 0.00250280555338
    },
    "spectral_energyband_middle_high": {
        "dmean": 0.00096425623633,
        "dmean2": 0.00135304359719,
        "dvar": 4.87080842504e-06,
        "dvar2": 7.77295099397e-06,
        "max": 0.0438507460058,
        "mean": 0.00232277880423,
        "median": 0.000354800606146,
        "min": 1.27455385554e-21,
        "var": 2.83176013909e-05
    },
    "spectral_energyband_middle_low": {
        "dmean": 0.0087875649333,
        "dmean2": 0.0143707888201,
        "dvar": 0.000281226006337,
        "dvar2": 0.000711785629392,
        "max": 0.187909945846,
        "mean": 0.0178780723363,
        "median": 0.0126732066274,
        "min": 2.28821790443e-22,
        "var": 0.00034620743827
    },
    "spectral_entropy": {
        "dmean": 0.404365599155,
        "dmean2": 0.532056450844,
        "dvar": 0.259361743927,
        "dvar2": 0.463748127222,
        "max": 9.81473827362,
        "mean": 6.61421585083,
        "median": 6.66118955612,
        "min": 3.9600584507,
        "var": 1.26788473129
    },
    "spectral_flux": {
        "dmean": 0.0491368472576,
        "dmean2": 0.0777267590165,
        "dvar": 0.00543793290854,
        "dvar2": 0.0118957199156,
        "max": 0.545223772526,
        "mean": 0.0952325612307,
        "median": 0.0648145824671,
        "min": 6.63156474179e-11,
        "var": 0.00831919908524
    },
    "spectral_kurtosis": {
        "dmean": 11.3096857071,
        "dmean2": 16.3248615265,
        "dvar": 593.828186035,
        "dvar2": 1196.19702148,
        "max": 322.99432373,
        "mean": 23.2324638367,
        "median": 6.58677577972,
        "min": -1.26785469055,
        "var": 1838.67004395
    },
    "spectral_rms": {
        "dmean": 0.00150099699385,
        "dmean2": 0.00229750433937,
        "dvar": 5.86157830185e-06,
        "dvar2": 1.36810313052e-05,
        "max": 0.0195811539888,
        "mean": 0.00610810332,
        "median": 0.00563598144799,
        "min": 3.18001853149e-12,
        "var": 9.38697394304e-06
    },
    "spectral_rolloff": {
        "dmean": 392.382843018,
        "dmean2": 684.002868652,
        "dvar": 1997317.5,
        "dvar2": 4447606,
        "max": 19595.2148438,
        "mean": 906.490600586,
        "median": 279.931640625,
        "min": 21.533203125,
        "var": 6205818.5
    },
    "spectral_skewness": {
        "dmean": 0.855458915234,
        "dmean2": 1.18024992943,
        "dvar": 1.89524519444,
        "dvar2": 3.84626221657,
        "max": 15.6805334091,
        "mean": 3.21062278748,
        "median": 2.28892540932,
        "min": -0.296440720558,
        "var": 6.87063360214
    },
    "spectral_spread": {
        "dmean": 1379701.375,
        "dmean2": 1684666.5,
        "dvar": 2.80342901555e+12,
        "dvar2": 5.0894644183e+12,
        "max": 42802628,
        "mean": 5988914.5,
        "median": 4963440,
        "min": 324636.96875,
        "var": 2.54085022351e+13
    },
    "spectral_strongpeak": {
        "dmean": 0.368502765894,
        "dmean2": 0.619670212269,
        "dvar": 0.385798931122,
        "dvar2": 0.933450102806,
        "max": 9.13444519043,
        "mean": 0.736136853695,
        "median": 0.394361436367,
        "min": 0,
        "var": 0.891054272652
    },
    "zerocrossingrate": {
        "dmean": 0.0154273444787,
        "dmean2": 0.0160146038979,
        "dvar": 0.000492621969897,
        "dvar2": 0.000512386439368,
        "max": 0.51953125,
        "mean": 0.0490451604128,
        "median": 0.02783203125,
        "min": 0.00244140625,
        "var": 0.00471122469753
    },
    "barkbands": {
        "dmean": [0.000582861888688, 0.0151381185278, 0.00495288986713, 0.00226499908604, 0.00568651175126, 0.00137919594999, 0.000430801097536, 0.00061742780963, 0.000405450497055, 0.000384993123589, 0.000233691491303, 0.000112581699796, 0.000171857114765, 0.000182703050086, 9.40565296332e-05, 6.03617081651e-05, 5.6371143728e-05, 7.72922066972e-05, 5.89952614973e-05, 6.90656816005e-05, 6.69621076668e-05, 4.46237936558e-05, 6.79253280396e-05, 9.51041729422e-05, 0.000101988392998, 0.000112661437015, 0.000149151310325],
        "dmean2": [0.00103258958552, 0.0240922011435, 0.00905788969249, 0.00388820772059, 0.00948396790773, 0.00219274032861, 0.000648867746349, 0.000877129961737, 0.000600570288952, 0.000535678700544, 0.00029849720886, 0.000159475705004, 0.000255447841482, 0.000286457390757, 0.000136415299494, 9.52222544583e-05, 8.95670527825e-05, 0.000127007398987, 9.61885598372e-05, 0.000109533444629, 0.000101580953924, 6.07897236478e-05, 9.39058081713e-05, 0.000132629051222, 0.000140159740113, 0.00015157215239, 0.00019939232152],
        "dvar": [1.24868540752e-06, 0.00148296065163, 0.000242496695137, 1.97263489099e-05, 0.000176801258931, 8.76171270647e-06, 1.3666472114e-06, 3.29302588398e-06, 2.72269016932e-06, 1.79279163603e-06, 1.18672619465e-06, 2.6296896749e-07, 6.37520940927e-07, 3.97464447133e-07, 9.38626385505e-08, 1.68540612577e-08, 1.5537219511e-08, 2.99002387294e-08, 1.78678387641e-08, 2.40023076969e-08, 2.51482834557e-08, 8.08236855221e-09, 3.52436018147e-08, 1.20791170843e-07, 9.80652856697e-08, 5.79947325718e-08, 1.18436112473e-07],
        "dvar2": [3.58430361302e-06, 0.00365564599633, 0.00069475453347, 5.23931812495e-05, 0.000451817293651, 2.30972764257e-05, 2.8642612051e-06, 6.17387240709e-06, 5.72298495172e-06, 3.13689270115e-06, 1.70640112174e-06, 4.36052175701e-07, 1.22511903555e-06, 7.49587115934e-07, 1.98856142219e-07, 3.90588432708e-08, 3.6149106819e-08, 7.57991287514e-08, 4.4305437541e-08, 5.69757467872e-08, 5.86119384138e-08, 1.53229606781e-08, 7.74744464138e-08, 2.77427091078e-07, 1.79898918873e-07, 1.04633997466e-07, 2.29727447731e-07],
        "max": [0.00838480144739, 0.274942845106, 0.156022921205, 0.0432762205601, 0.168305441737, 0.0458462312818, 0.0261657908559, 0.0365754514933, 0.0339200049639, 0.0313142240047, 0.0283337328583, 0.015807358548, 0.0268396865577, 0.0204189587384, 0.00886542070657, 0.00235032336786, 0.00239271298051, 0.00222764164209, 0.00194071116857, 0.00264099100605, 0.00331885227934, 0.000901281950064, 0.0037784492597, 0.0106183513999, 0.00700542563573, 0.0026309331879, 0.00315873953514],
        "mean": [0.00068346230546, 0.0207620579749, 0.00550202187151, 0.00365343270823, 0.00836846139282, 0.0029719369486, 0.0007683908334, 0.00110343215056, 0.000667157466523, 0.000915259879548, 0.000435735535575, 0.000184278163943, 0.000262631452642, 0.000241440080572, 0.000134040747071, 7.56431982154e-05, 7.60635812185e-05, 7.73081555963e-05, 6.18348130956e-05, 8.47632836667e-05, 8.59077044879e-05, 6.60278237774e-05, 9.60452307481e-05, 0.000124297905131, 0.000141934448038, 0.000146964142914, 0.000172794258106],
        "median": [0.000270462885965, 0.00877463072538, 0.00191829714458, 0.00191948050633, 0.00410260632634, 0.00145146646537, 0.000250566226896, 0.000225759169552, 8.48259660415e-05, 2.7856678571e-05, 1.21409575513e-05, 5.38106496606e-06, 6.02581667408e-06, 4.71458952234e-06, 8.09239099908e-06, 6.26326482234e-06, 5.99437271376e-06, 6.50055380902e-06, 5.99972008786e-06, 9.61655496212e-06, 1.0508172636e-05, 7.81264043326e-06, 9.70152814261e-06, 1.13995029096e-05, 1.31414781208e-05, 9.8705650089e-06, 3.61217939826e-06],
        "min": [8.85718430455e-25, 4.94541950193e-24, 1.86172278037e-24, 1.5933416508e-24, 1.08839028653e-23, 1.06027717713e-23, 1.95459916128e-23, 1.01266295284e-23, 1.65849438293e-23, 1.19452970695e-23, 1.85420225382e-23, 2.53862223504e-23, 5.74500260457e-23, 6.35675035262e-23, 5.47517557184e-23, 5.81052476027e-23, 6.78487273895e-23, 8.95110371735e-23, 1.17498118151e-22, 1.06270595364e-22, 2.77302935002e-22, 3.6862573955e-22, 4.61358724474e-22, 5.3783996306e-22, 9.61705605457e-22, 1.30813262243e-21, 2.10429759708e-21],
        "var": [1.30895466555e-06, 0.00152491149493, 0.000159832910867, 2.87690891128e-05, 0.000173718653969, 2.01703296625e-05, 2.8784713777e-06, 9.4980623544e-06, 4.87566012453e-06, 6.90484057486e-06, 4.69286760563e-06, 7.80051266247e-07, 1.30149817323e-06, 1.21891719118e-06, 2.07399907026e-07, 2.57909977819e-08, 3.07851060199e-08, 2.95981710252e-08, 1.88983317884e-08, 3.34498651e-08, 3.16348121032e-08, 1.60390190018e-08, 6.17101960643e-08, 1.56598758849e-07, 1.93138035343e-07, 9.99638913868e-08, 1.77095699883e-07]
    },
    "erbbands": {
        "dmean": [0.44900277257, 3.43754076958, 6.11691331863, 5.99536800385, 17.3649749756, 17.5262012482, 15.3161554337, 9.07977962494, 5.55209732056, 9.95082378387, 12.9264163971, 9.18484592438, 9.16537094116, 12.0627336502, 6.58257246017, 4.7408914566, 7.7961359024, 8.59539890289, 5.57720375061, 4.22206687927, 2.97856402397, 3.21217417717, 3.98786854744, 3.03211164474, 3.43567466736, 3.12546491623, 2.77875518799, 2.47916722298, 1.60714244843, 1.56224381924, 2.14713978767, 1.77100288868, 1.75169610977, 1.18032932281, 0.723399281502, 0.322112351656, 0.238176167011, 0.144752651453, 0.024796852842, 0.0010299278656],
        "dmean2": [0.728707015514, 5.45885324478, 11.1680116653, 10.4625234604, 29.6391391754, 28.7499485016, 23.5274715424, 14.7296142578, 8.09611129761, 15.0053548813, 17.7712726593, 13.3412427902, 13.7664279938, 14.7423143387, 8.6474609375, 6.69108247757, 11.2804927826, 13.0840482712, 8.58873844147, 6.33482503891, 4.65074396133, 5.09602880478, 6.56006002426, 4.80902719498, 5.7190990448, 4.98473930359, 4.23009681702, 3.67524886131, 2.19973754883, 2.08253717422, 3.03470230103, 2.47711920738, 2.48332095146, 1.65279722214, 1.00695300102, 0.440364569426, 0.322561532259, 0.194695204496, 0.0332465693355, 0.00137501314748],
        "dvar": [1.18781471252, 80.5866317749, 374.748199463, 195.838684082, 1584.14343262, 1553.33227539, 894.64050293, 383.861663818, 245.794692993, 599.916992188, 1913.81945801, 1448.83972168, 1030.54125977, 2406.3605957, 809.212097168, 415.958557129, 1559.44140625, 928.067810059, 360.736419678, 122.048095703, 35.2938270569, 50.8846740723, 77.7065658569, 49.3220901489, 61.044216156, 57.1419563293, 35.5074920654, 39.3184051514, 11.3254365921, 9.38671779633, 39.3731498718, 42.0456809998, 40.9862632751, 17.2158164978, 4.33413124084, 0.520664036274, 0.268230646849, 0.110536307096, 0.00322648067959, 5.49302194486e-06],
        "dvar2": [2.94373273849, 198.7943573, 1074.10119629, 537.100830078, 4097.72363281, 3999.40722656, 2231.40869141, 987.725097656, 516.500366211, 1347.03149414, 3501.7434082, 2915.69604492, 2282.83349609, 3079.80883789, 1373.89978027, 720.758666992, 2940.70556641, 1447.15783691, 677.170959473, 228.378311157, 82.3640365601, 120.144851685, 197.707489014, 118.268363953, 153.606430054, 136.52192688, 79.7644195557, 94.2466278076, 22.2027072906, 17.5756168365, 91.6834182739, 97.8999786377, 92.5178222656, 32.27293396, 8.75970840454, 0.963945329189, 0.506826400757, 0.213804930449, 0.00619172630832, 1.04319151433e-05],
        "max": [8.12550735474, 65.9789123535, 172.443054199, 147.153457642, 493.062927246, 448.651916504, 368.267242432, 302.514587402, 330.910064697, 513.436645508, 925.787353516, 794.733581543, 979.044921875, 1482.42712402, 826.47857666, 507.449829102, 1416.34143066, 1209.07189941, 723.262634277, 329.548461914, 84.226776123, 139.959533691, 102.184928894, 120.439559937, 96.971282959, 178.064926147, 88.3332824707, 156.736541748, 37.1183319092, 45.4451293945, 119.031890869, 186.214859009, 200.627288818, 100.204650879, 39.5687828064, 14.8557796478, 4.35202646255, 3.34279942513, 0.522101640701, 0.0236906390637],
        "mean": [0.627506732941, 4.51931619644, 7.02021980286, 9.6476392746, 20.8153705597, 27.4624996185, 30.1153926849, 20.793264389, 11.309887886, 17.7891712189, 24.0385169983, 16.6038799286, 21.2152404785, 30.7360668182, 11.8246479034, 8.71649932861, 12.591583252, 13.714550972, 7.48494148254, 6.22239494324, 4.04053163528, 4.14024877548, 4.25000476837, 3.2090651989, 3.81069302559, 3.87852239609, 3.56299638748, 3.2106897831, 2.33653068542, 2.35766077042, 2.91914391518, 2.31657958031, 2.27053833008, 1.633466959, 0.96820807457, 0.435336083174, 0.302647590637, 0.17031916976, 0.0290005803108, 0.00124754919671],
        "median": [0.270497947931, 1.66186618805, 2.70936226845, 5.80724143982, 9.24975681305, 12.1838407516, 11.7867565155, 10.4308137894, 4.59132909775, 6.56906843185, 3.62426376343, 2.81417107582, 2.08861732483, 0.748788177967, 0.824676632881, 0.529604434967, 0.413210272789, 0.39566129446, 0.446581304073, 0.47828862071, 0.458997070789, 0.361381977797, 0.463795900345, 0.335551261902, 0.451618224382, 0.439384639263, 0.415430784225, 0.402404606342, 0.252498328686, 0.328620880842, 0.254486829042, 0.200142115355, 0.194851368666, 0.134024560452, 0.0889933630824, 0.044332344085, 0.0160517152399, 0.00465009035543, 0.000663236423861, 7.72670755396e-05],
        "min": [2.83234588407e-22, 7.16059115845e-22, 3.9277294099e-21, 9.0064281356e-21, 1.43661368367e-20, 2.95066698231e-20, 9.86978723707e-20, 8.06335467246e-20, 1.63515977815e-19, 3.36959751492e-19, 2.87456662445e-19, 4.24175710726e-19, 6.18105336056e-19, 7.08048302974e-19, 9.07796704474e-19, 1.2017756602e-18, 2.79445743915e-18, 2.91517348941e-18, 3.3823340801e-18, 3.61564285342e-18, 4.75701809548e-18, 5.32670730951e-18, 5.49780506973e-18, 6.39805757682e-18, 5.74770708613e-18, 4.93336100796e-18, 1.10364778248e-17, 1.20705727045e-17, 1.36675548921e-17, 1.15418752529e-17, 1.352150292e-17, 1.19623195777e-17, 1.06033470309e-17, 9.60120696545e-18, 7.15158189173e-18, 3.89947954086e-18, 2.4481626184e-18, 1.00192996158e-18, 2.78571036606e-19, 3.16189207537e-20],
        "var": [1.24994623661, 80.4010314941, 247.818115234, 186.61289978, 1365.97485352, 1780.27758789, 2094.39086914, 878.739624023, 515.176330566, 1216.82421875, 6347.36230469, 2821.57641602, 3584.95092773, 13183.1611328, 2402.14282227, 1274.47729492, 3042.640625, 3870.09863281, 756.241088867, 289.257751465, 55.5821151733, 95.7050704956, 80.6642990112, 54.6834068298, 63.5504226685, 80.7691879272, 50.1238746643, 47.649646759, 21.3154754639, 20.5336723328, 62.4249267578, 57.2419471741, 52.5289955139, 33.4212303162, 7.44999074936, 0.940357029438, 0.439758688211, 0.166142180562, 0.00491155311465, 8.4298553702e-06]
    },
    "gfcc": {
        "mean": [-73.7760467529, 109.412574768, -23.5696868896, 26.4317874908, -46.1765327454, 1.82023000717, -29.0814666748, 4.70979261398, -17.005109787, 1.64675235748, -14.0182981491, -0.881161987782, -5.93366527557],
        "cov": [[28095.03125, -3609.4921875, -2929.20385742, 344.994018555, -570.813537598, 517.347229004, -778.629699707, 85.7456970215, -744.238891602, 244.493515015, -453.816741943, 312.245758057, -257.146820068], [-3609.4921875, 4225.50732422, 244.273193359, -579.851806641, 106.751815796, -190.590087891, 248.946640015, -31.4599208832, 220.509643555, -217.334320068, 156.781860352, -191.762084961, 171.714279175], [-2929.20385742, 244.273193359, 2060.20629883, 230.963409424, -348.740447998, -299.518096924, 140.04119873, 50.1157112122, 154.152587891, 59.8546333313, 59.8360404968, -62.0358886719, -67.3650131226], [344.994018555, -579.851806641, 230.963409424, 723.769592285, 2.5357131958, -65.7646865845, -61.5606689453, 44.2386665344, 15.7933645248, 72.8473205566, -12.1674633026, -53.9520263672, -72.4345550537], [-570.813537598, 106.751815796, -348.740447998, 2.5357131958, 423.850952148, 74.5285339355, 15.4179430008, -54.5387954712, 27.1030673981, -42.7674713135, 7.28477144241, -32.5007858276, -8.00783538818], [517.347229004, -190.590087891, -299.518096924, -65.7646865845, 74.5285339355, 328.283630371, 50.7202987671, -5.38001203537, -45.6296424866, 5.04758501053, -8.89899349213, 18.9845561981, 6.07935333252], [-778.629699707, 248.946640015, 140.04119873, -61.5606689453, 15.4179430008, 50.7202987671, 215.167877197, 15.9890642166, 35.7491989136, -17.0262832642, 27.3853225708, -19.9274101257, 6.59989213943], [85.7456970215, -31.4599208832, 50.1157112122, 44.2386665344, -54.5387954712, -5.38001203537, 15.9890642166, 142.175369263, 28.8352298737, 5.63550710678, -19.782333374, 13.3347539902, 23.2228927612], [-744.238891602, 220.509643555, 154.152587891, 15.7933645248, 27.1030673981, -45.6296424866, 35.7491989136, 28.8352298737, 127.380264282, -9.09071063995, -10.888504982, -17.394203186, 25.2802619934], [244.493515015, -217.334320068, 59.8546333313, 72.8473205566, -42.7674713135, 5.04758501053, -17.0262832642, 5.63550710678, -9.09071063995, 99.8225097656, 16.0897789001, -22.922077179, -44.5799865723], [-453.816741943, 156.781860352, 59.8360404968, -12.1674633026, 7.28477144241, -8.89899349213, 27.3853225708, -19.782333374, -10.888504982, 16.0897789001, 97.2379760742, 11.8514299393, -1.73276424408], [312.245758057, -191.762084961, -62.0358886719, -53.9520263672, -32.5007858276, 18.9845561981, -19.9274101257, 13.3347539902, -17.394203186, -22.922077179, 11.8514299393, 125.468856812, 57.8639030457], [-257.146820068, 171.714279175, -67.3650131226, -72.4345550537, -8.00783538818, 6.07935333252, 6.59989213943, 23.2228927612, 25.2802619934, -44.5799865723, -1.73276424408, 57.8639030457, 122.480941772]],
        "icov": [[6.44217652734e-05, -1.05575873022e-05, 9.254818724e-05, -4.65423181595e-05, 0.000122469165944, -2.67937175522e-05, 6.68615757604e-05, -2.63388938038e-05, 0.000183674274012, -0.000122714787722, 0.000290954689262, -0.000223367460421, 0.000211225327803], [-1.05575873022e-05, 0.000523717142642, 3.19458422382e-06, 0.000358352670446, 9.7400683444e-05, 0.000168597965967, -6.3988234615e-05, -6.15328390268e-05, -0.000611611350905, 0.00110096752178, -0.00129255512729, 0.00156824616715, -0.000761813891586], [9.254818724e-05, 3.19458422382e-06, 0.000984917511232, -0.000281897577224, 0.000933578878175, 0.000454443332274, -0.000490514445119, 0.000144933030242, -0.000780639529694, -4.66683886771e-05, -0.000103316946479, -0.000294654571917, 0.00088413519552], [-4.65423181595e-05, 0.000358352670446, -0.000281897577224, 0.00199487200007, -0.000417059403844, 0.000264869740931, 0.000505042495206, -0.000757714326028, -0.000433460139902, -9.10658563953e-05, -0.000827249372378, 0.00146335549653, -0.000146082733409], [0.000122469165944, 9.7400683444e-05, 0.000933578878175, -0.000417059403844, 0.00395775819197, -0.000646963017061, 2.66657625616e-05, 0.00114878383465, -0.00195103930309, 0.00202456512488, -0.000965375453234, 0.00075588945765, 0.00122784019914], [-2.67937175522e-05, 0.000168597965967, 0.000454443332274, 0.000264869740931, -0.000646963017061, 0.0043256781064, -0.00187524198554, -5.51432531211e-05, 0.00124031526502, -0.00115974165965, 0.000674813985825, -0.00029652097146, -0.000560022017453], [6.68615757604e-05, -6.3988234615e-05, -0.000490514445119, 0.000505042495206, 2.66657625616e-05, -0.00187524198554, 0.00665495498106, -0.00114271754865, -0.00121417012997, 0.00163331255317, -0.00205960334279, 0.00131707382388, 0.000405587343266], [-2.63388938038e-05, -6.15328390268e-05, 0.000144933030242, -0.000757714326028, 0.00114878383465, -5.51432531211e-05, -0.00114271754865, 0.00880028493702, -0.0018711386947, -0.00113148521632, 0.00190430146176, -0.00112422718666, -0.00133414031006], [0.000183674274012, -0.000611611350905, -0.000780639529694, -0.000433460139902, -0.00195103930309, 0.00124031526502, -0.00121417012997, -0.0018711386947, 0.0132404025644, -0.0028175492771, 0.00445591844618, -0.000525158422533, -0.00265875854529], [-0.000122714787722, 0.00110096752178, -4.66683886771e-05, -9.10658563953e-05, 0.00202456512488, -0.00115974165965, 0.00163331255317, -0.00113148521632, -0.0028175492771, 0.0173995681107, -0.00705231027678, 0.00516317551956, 0.0028113052249], [0.000290954689262, -0.00129255512729, -0.000103316946479, -0.000827249372378, -0.000965375453234, 0.000674813985825, -0.00205960334279, 0.00190430146176, 0.00445591844618, -0.00705231027678, 0.0173405651003, -0.00704179750755, 0.00161574478261], [-0.000223367460421, 0.00156824616715, -0.000294654571917, 0.00146335549653, 0.00075588945765, -0.00029652097146, 0.00131707382388, -0.00112422718666, -0.000525158422533, 0.00516317551956, -0.00704179750755, 0.0171984713525, -0.00799497030675], [0.000211225327803, -0.000761813891586, 0.00088413519552, -0.000146082733409, 0.00122784019914, -0.000560022017453, 0.000405587343266, -0.00133414031006, -0.00265875854529, 0.0028113052249, 0.00161574478261, -0.00799497030675, 0.0157870538533]]
    },
    "melbands": {
        "dmean": [0.00419214135036, 0.0036147099454, 0.00133098452352, 0.00139587000012, 0.000545121554751, 0.000212337836274, 8.53048695717e-05, 0.000114134141768, 0.000106089057226, 5.33974052814e-05, 4.6019697038e-05, 5.00741589349e-05, 2.73708265013e-05, 1.36125190693e-05, 1.59896735568e-05, 1.57195754582e-05, 1.80858714884e-05, 9.98574705591e-06, 6.77496927892e-06, 5.05168372911e-06, 3.29023077938e-06, 3.59789078175e-06, 3.17215472023e-06, 3.97859867007e-06, 2.31169883591e-06, 2.35348670685e-06, 2.83908593701e-06, 2.00642625714e-06, 1.79777350695e-06, 1.65180688327e-06, 1.43937359098e-06, 9.56163944466e-07, 7.72538726324e-07, 9.52242373842e-07, 1.29978559471e-06, 1.06670211153e-06, 1.20907577639e-06, 1.27206033085e-06, 1.12810118935e-06, 1.02482908915e-06],
        "dmean2": [0.00660921633244, 0.0061876042746, 0.00229490618221, 0.00237923348323, 0.000846653361805, 0.0003425636678, 0.0001234854426, 0.000170930172317, 0.000146560778376, 7.84785006545e-05, 6.90507440595e-05, 6.20121063548e-05, 3.35200202244e-05, 1.80187289516e-05, 2.22826365643e-05, 2.32277179748e-05, 2.7807926017e-05, 1.58943166753e-05, 9.79315700533e-06, 7.96127096692e-06, 5.20963521922e-06, 5.70576366954e-06, 5.13790473633e-06, 6.61142121317e-06, 3.6907847516e-06, 3.89869683204e-06, 4.56522820969e-06, 3.23595304508e-06, 2.79115283774e-06, 2.50237098953e-06, 2.17041815631e-06, 1.3571495856e-06, 1.06809966383e-06, 1.30238845486e-06, 1.87828925391e-06, 1.48006802192e-06, 1.7591322603e-06, 1.84352506949e-06, 1.61581976954e-06, 1.45553951825e-06],
        "dvar": [0.000107482475869, 0.000111781882879, 7.2884859037e-06, 1.22688470583e-05, 9.93924800241e-07, 2.06250575729e-07, 5.67468845247e-08, 7.9545635856e-08, 1.32535873831e-07, 4.86127831323e-08, 2.56391654574e-08, 4.17511039075e-08, 1.36925191185e-08, 4.08475875346e-09, 5.52179146851e-09, 4.14002565563e-09, 4.44792336296e-09, 1.35451738714e-09, 3.95108751272e-10, 1.35473160467e-10, 4.43934403127e-11, 7.14089828935e-11, 4.55330738391e-11, 8.69831429107e-11, 3.09787057118e-11, 2.83852195221e-11, 4.55129718635e-11, 2.85285597229e-11, 1.4763497716e-11, 2.10937795009e-11, 1.2100859377e-11, 4.41816461888e-12, 2.4258930368e-12, 3.79080100643e-12, 1.30019051081e-11, 1.38124763363e-11, 2.06964133331e-11, 2.00620717955e-11, 1.70643967706e-11, 1.38506584674e-11],
        "dvar2": [0.000260946952039, 0.000306697940687, 1.97883819055e-05, 3.20134458889e-05, 2.45644991992e-06, 5.32401543296e-07, 1.1772836217e-07, 1.74505728978e-07, 2.49941479069e-07, 9.74500551365e-08, 5.63563240519e-08, 5.54371055728e-08, 2.06832329042e-08, 6.17516571211e-09, 1.07970326013e-08, 7.85765941202e-09, 7.187123785e-09, 2.49284148879e-09, 7.52233164647e-10, 3.01180108631e-10, 1.03059935586e-10, 1.61451157998e-10, 1.12867513946e-10, 2.23775026287e-10, 7.36680993985e-11, 7.26900761805e-11, 1.10096258499e-10, 6.83521850231e-11, 3.43792633251e-11, 5.17780714138e-11, 2.87883397676e-11, 9.01603184472e-12, 4.76885761783e-12, 7.31123234871e-12, 3.06986935872e-11, 2.99989720565e-11, 5.12093457916e-11, 4.53001143541e-11, 3.79000754391e-11, 2.66536410998e-11],
        "max": [0.0774228125811, 0.0852367281914, 0.022877426818, 0.0447277650237, 0.0153120188043, 0.0067170583643, 0.00540052680299, 0.00578134180978, 0.00709567544982, 0.00483786594123, 0.00476714270189, 0.00573002872989, 0.00363228889182, 0.00230101007037, 0.00221705087461, 0.00193829718046, 0.00269091082737, 0.00137421500403, 0.00051313044969, 0.000201316739549, 0.000101839337731, 0.000204235693673, 9.04050539248e-05, 0.000123797843116, 9.49520399445e-05, 6.03982261964e-05, 9.82134224614e-05, 0.000163052798598, 6.40586222289e-05, 0.00010306094191, 8.41187284095e-05, 2.43087706622e-05, 1.72420859599e-05, 2.87672119157e-05, 6.52109956718e-05, 9.47454827838e-05, 0.000127318577142, 0.00013291821233, 0.00010755538824, 9.67167725321e-05],
        "mean": [0.00582520663738, 0.0045407935977, 0.00198428775184, 0.001833723858, 0.00110949284863, 0.000479022593936, 0.000166830926901, 0.000200523165404, 0.000195740198251, 9.3133385235e-05, 0.000102938502096, 0.000124980972032, 4.80230773974e-05, 2.24423856707e-05, 2.6323230486e-05, 2.35953193624e-05, 2.67241430265e-05, 1.15990669656e-05, 9.75033253781e-06, 6.80025368638e-06, 4.31913667853e-06, 4.52216045232e-06, 3.68192786482e-06, 3.84646364182e-06, 2.3931195301e-06, 2.41321322392e-06, 3.17832541441e-06, 2.41537418333e-06, 2.21461550609e-06, 2.01316379389e-06, 1.83245174412e-06, 1.32980574108e-06, 1.15086947972e-06, 1.38896916724e-06, 1.75528543878e-06, 1.3911495671e-06, 1.48823494328e-06, 1.62524145253e-06, 1.42370424783e-06, 1.38410950967e-06],
        "median": [0.00248143705539, 0.00184927904047, 0.00112777214963, 0.000887174217496, 0.000471712846775, 0.000250258395681, 6.33001109236e-05, 7.15078713256e-05, 2.39329074248e-05, 1.40976890179e-05, 7.37121081329e-06, 2.20779861593e-06, 2.19903154175e-06, 7.55046585255e-07, 9.58645046012e-07, 5.18376509717e-07, 5.14623195613e-07, 4.90146078391e-07, 5.61038859814e-07, 5.3597727856e-07, 3.60430419732e-07, 2.92681477276e-07, 3.64169579825e-07, 3.21767060996e-07, 2.08605740681e-07, 2.24621445e-07, 3.03163034232e-07, 2.49198137681e-07, 2.05447832968e-07, 2.29564051324e-07, 1.86747811881e-07, 1.31720028662e-07, 1.47318473864e-07, 1.90226330687e-07, 1.50732773818e-07, 8.98531666849e-08, 1.28813127276e-07, 1.40436213769e-07, 1.05798420691e-07, 1.00305399542e-07],
        "min": [2.60374487213e-24, 3.24440681782e-24, 2.40984088948e-24, 2.03858342317e-24, 3.73336588106e-24, 1.60733416971e-24, 2.88718298981e-24, 4.48329926162e-24, 2.5389066194e-24, 2.23965420715e-24, 2.43558063195e-24, 2.8865974578e-24, 3.09881366308e-24, 3.25044633692e-24, 3.36271603487e-24, 4.32411225855e-24, 5.3526488283e-24, 5.81182937844e-24, 4.28383223186e-24, 4.75886691405e-24, 5.00377312081e-24, 4.76118537625e-24, 5.07934520667e-24, 4.30779112085e-24, 5.17313209083e-24, 2.89216859073e-24, 4.68297612838e-24, 2.60345654347e-24, 4.8040295953e-24, 5.55867168661e-24, 6.02502653225e-24, 7.17208195883e-24, 6.25879244531e-24, 5.40933873953e-24, 6.54001820258e-24, 6.45044304679e-24, 5.88736123239e-24, 6.35605662834e-24, 6.18008187634e-24, 7.84967403337e-24],
        "var": [0.000114940434287, 8.69882205734e-05, 7.00592363501e-06, 1.03972588477e-05, 2.30196997109e-06, 4.6883531013e-07, 1.2363706503e-07, 1.58948779472e-07, 4.08287547771e-07, 9.6243915948e-08, 8.903548121e-08, 2.21803674094e-07, 4.97862906457e-08, 1.30102302265e-08, 1.22125074498e-08, 8.41652081363e-09, 1.74970171685e-08, 2.46257303438e-09, 1.10045506041e-09, 2.30006944046e-10, 6.92887067166e-11, 1.41297570866e-10, 5.83593728898e-11, 8.21332654666e-11, 3.43961630012e-11, 2.87480456107e-11, 5.08959055456e-11, 3.90856028099e-11, 2.02844338548e-11, 2.2687483836e-11, 1.50110011227e-11, 7.52315744423e-12, 4.86406618108e-12, 7.90344092255e-12, 2.08455197548e-11, 2.21570366221e-11, 2.42783709803e-11, 2.68759892813e-11, 2.2411357492e-11, 2.6968911479e-11]
    },
    "mfcc": {
        "mean": [-743.792236328, 151.845977783, 70.2937850952, 38.202255249, 13.9604768753, 4.54068374634, 0.218991965055, 0.294774413109, 3.53045845032, 3.78415060043, -1.12809801102, -1.04926025867, -1.55130004883],
        "cov": [[15997.9130859, -3285.20654297, -2621.97558594, -584.443725586, 14.437874794, 264.406311035, 149.432342529, -86.7204971313, -167.600341797, -138.274520874, -215.658859253, -164.499740601, -165.145019531], [-3285.20654297, 3464.96606445, 488.348388672, -104.562606812, -72.583946228, -118.095626831, -31.7889575958, 67.9552764893, 73.517364502, 31.2585983276, 11.247713089, 12.3987674713, 63.1127967834], [-2621.97558594, 488.348388672, 1863.92724609, 436.425415039, -145.243667603, -182.539260864, -68.561958313, -17.4596481323, 28.8231754303, 77.9726409912, 90.8497619629, 72.1366500854, 53.5252685547], [-584.443725586, -104.562606812, 436.425415039, 597.646118164, 101.117591858, -61.3880081177, -31.2342815399, -35.0808982849, 1.10390436649, 44.2798233032, 67.7580718994, 47.3273048401, 19.6608734131], [14.437874794, -72.583946228, -145.243667603, 101.117591858, 262.878326416, 74.6814422607, -12.8645572662, 0.272276937962, 17.4671058655, -2.61864614487, -8.29037284851, 14.6258115768, -3.74270343781], [264.406311035, -118.095626831, -182.539260864, -61.3880081177, 74.6814422607, 229.377929688, 91.7519607544, 13.7281179428, -9.6092710495, 9.57368278503, 17.8959388733, -1.25409984589, -25.7160739899], [149.432342529, -31.7889575958, -68.561958313, -31.2342815399, -12.8645572662, 91.7519607544, 176.808227539, 27.8046913147, -33.6729850769, 23.4979515076, 36.3506507874, 9.41212272644, -2.41461133957], [-86.7204971313, 67.9552764893, -17.4596481323, -35.0808982849, 0.272276937962, 13.7281179428, 27.8046913147, 126.659790039, 60.9804992676, -8.48200893402, -18.5666503906, -4.50599718094, 15.0200967789], [-167.600341797, 73.517364502, 28.8231754303, 1.10390436649, 17.4671058655, -9.6092710495, -33.6729850769, 60.9804992676, 152.586364746, 23.7880058289, -27.8605232239, -5.87615966797, -4.07631444931], [-138.274520874, 31.2585983276, 77.9726409912, 44.2798233032, -2.61864614487, 9.57368278503, 23.4979515076, -8.48200893402, 23.7880058289, 109.140625, 55.9808921814, -5.79491472244, -23.2432098389], [-215.658859253, 11.247713089, 90.8497619629, 67.7580718994, -8.29037284851, 17.8959388733, 36.3506507874, -18.5666503906, -27.8605232239, 55.9808921814, 125.242004395, 26.5504550934, -19.305021286], [-164.499740601, 12.3987674713, 72.1366500854, 47.3273048401, 14.6258115768, -1.25409984589, 9.41212272644, -4.50599718094, -5.87615966797, -5.79491472244, 26.5504550934, 86.1805038452, 19.7868537903], [-165.145019531, 63.1127967834, 53.5252685547, 19.6608734131, -3.74270343781, -25.7160739899, -2.41461133957, 15.0200967789, -4.07631444931, -23.2432098389, -19.305021286, 19.7868537903, 77.6555328369]],
