{
"lowlevel": {
    "average_loudness": 0.905938446522,
    "barkbands_crest": {
        "dmean": 2.89139270782,
        "dmean2": 4.57305908203,
        "dvar": 10.3365106583,
        "dvar2": 23.4556980133,
        "max": 26.2845230103,
        "mean": 10.7039785385,
        "median": 9.46570110321,
        "min": 2.73844051361,
        "var": 23.9904747009
    },
    "barkbands_flatness_db": {
        "dmean": 0.0272590182722,
        "dmean2": 0.0413409285247,
        "dvar": 0.00139919610228,
        "dvar2": 0.00304044177756,
        "max": 0.459140688181,
        "mean": 0.146990075707,
        "median": 0.115986593068,
        "min": 0.0264158956707,
        "var": 0.00808329228312
    },
    "barkbands_kurtosis": {
        "dmean": 6.19891452789,
        "dmean2": 10.1364250183,
        "dvar": 843.66595459,
        "dvar2": 2238.86254883,
        "max": 892.278015137,
        "mean": 5.95153903961,
        "median": 1.3552942276,
        "min": -1.92239820957,
        "var": 643.60760498
    },
    "barkbands_skewness": {
        "dmean": 0.711692750454,
        "dmean2": 1.08992886543,
        "dvar": 1.50134551525,
        "dvar2": 3.28284621239,
        "max": 22.390127182,
        "mean": 1.49986159801,
        "median": 1.13788211346,
        "min": -4.11436605453,
        "var": 2.57527756691
    },
    "barkbands_spread": {
        "dmean": 6.39098548889,
        "dmean2": 10.3896560669,
        "dvar": 86.544090271,
        "dvar2": 221.251602173,
        "max": 107.337890625,
        "mean": 22.2486820221,
        "median": 20.3522624969,
        "min": 0.229035183787,
        "var": 235.414505005
    },
    "dissonance": {
        "dmean": 0.0238875336945,
        "dmean2": 0.0400863289833,
        "dvar": 0.000798591412604,
        "dvar2": 0.00211374904029,
        "max": 0.5,
        "mean": 0.455189555883,
        "median": 0.471219986677,
        "min": 0.0989857390523,
        "var": 0.00212217401713
    },
    "dynamic_complexity": 3.47738194466,
    "erbbands_crest": {
        "dmean": 3.14762711525,
        "dmean2": 5.08986139297,
        "dvar": 8.66352272034,
        "dvar2": 22.8581218719,
        "max": 29.894990921,
        "mean": 10.2765054703,
        "median": 9.28498935699,
        "min": 2.5994040966,
        "var": 24.1975193024
    },
    "erbbands_flatness_db": {
        "dmean": 0.0180041287094,
        "dmean2": 0.0266391020268,
        "dvar": 0.000533101963811,
        "dvar2": 0.000943726452533,
        "max": 0.438155323267,
        "mean": 0.163844674826,
        "median": 0.134034350514,
        "min": 0.0344967208803,
        "var": 0.00656323088333
    },
    "erbbands_kurtosis": {
        "dmean": 1.22185897827,
        "dmean2": 1.88225102425,
        "dvar": 4.63974332809,
        "dvar2": 10.3716983795,
        "max": 41.9073905945,
        "mean": 1.17809915543,
        "median": 0.158259868622,
        "min": -1.81025409698,
        "var": 12.2722024918
    },
    "erbbands_skewness": {
        "dmean": 0.389001995325,
        "dmean2": 0.609914004803,
        "dvar": 0.182817101479,
        "dvar2": 0.448081880808,
        "max": 5.67303037643,
        "mean": 0.454908400774,
        "median": 0.35554471612,
        "min": -3.6962044239,
        "var": 0.731107890606
    },
    "erbbands_spread": {
        "dmean": 8.44376087189,
        "dmean2": 12.8611249924,
        "dvar": 108.329925537,
        "dvar2": 250.463195801,
        "max": 139.77406311,
        "mean": 35.6897315979,
        "median": 32.603302002,
        "min": 3.37660050392,
        "var": 488.552612305
    },
    "hfc": {
        "dmean": 7.72442960739,
        "dmean2": 12.8052635193,
        "dvar": 310.387908936,
        "dvar2": 892.522521973,
        "max": 184.743835449,
        "mean": 23.8116970062,
        "median": 14.12063694,
        "min": 1.1738905208e-16,
        "var": 613.503417969
    },
    "melbands_crest": {
        "dmean": 3.58960795403,
        "dmean2": 5.5193195343,
        "dvar": 14.8096017838,
        "dvar2": 35.1623039246,
        "max": 33.3280067444,
        "mean": 15.1024627686,
        "median": 13.6437988281,
        "min": 2.10230398178,
        "var": 42.2807426453
    },
    "melbands_flatness_db": {
        "dmean": 0.0332235768437,
        "dmean2": 0.0504715256393,
        "dvar": 0.0021728540305,
        "dvar2": 0.00467018969357,
        "max": 0.624730050564,
        "mean": 0.225877553225,
        "median": 0.19413214922,
        "min": 0.00779458461329,
        "var": 0.0117748007178
    },
    "melbands_kurtosis": {
        "dmean": 12.8436460495,
        "dmean2": 20.2755622864,
        "dvar": 1708.58557129,
        "dvar2": 3890.17236328,
        "max": 1109.57226562,
        "mean": 15.8626766205,
        "median": 5.01933193207,
        "min": -1.72208428383,
        "var": 1892.21899414
    },
    "melbands_skewness": {
        "dmean": 0.935219228268,
        "dmean2": 1.42889642715,
        "dvar": 2.31400084496,
        "dvar2": 4.72559642792,
        "max": 25.5595111847,
        "mean": 2.47943520546,
        "median": 1.90849983692,
        "min": -1.84248328209,
        "var": 4.8589425087
    },
    "melbands_spread": {
        "dmean": 7.35770225525,
        "dmean2": 12.0312786102,
        "dvar": 128.582321167,
        "dvar2": 330.676849365,
        "max": 182.03338623,
        "mean": 22.3792514801,
        "median": 19.0203857422,
        "min": 0.212997093797,
        "var": 283.251037598
    },
    "pitch_salience": {
        "dmean": 0.0793912708759,
        "dmean2": 0.126845419407,
        "dvar": 0.00778387486935,
        "dvar2": 0.0183545053005,
        "max": 0.881871283054,
        "mean": 0.533120512962,
        "median": 0.54532033205,
        "min": 0.0725894793868,
        "var": 0.0164749305695
    },
    "silence_rate_20dB": {
        "dmean": 0,
        "dmean2": 0,
        "dvar": 0,
        "dvar2": 0,
        "max": 1,
        "mean": 1,
        "median": 1,
        "min": 1,
        "var": 0
    },
    "silence_rate_30dB": {
        "dmean": 0.0688854455948,
        "dmean2": 0.137824237347,
        "dvar": 0.0641404092312,
        "dvar2": 0.123473741114,
        "max": 1,
        "mean": 0.92843323946,
        "median": 1,
        "min": 0,
        "var": 0.0664452686906
    },
    "silence_rate_60dB": {
        "dmean": 0.0212848298252,
        "dmean2": 0.0425861403346,
        "dvar": 0.020832022652,
        "dvar2": 0.0454187616706,
        "max": 1,
        "mean": 0.0680851042271,
        "median": 0,
        "min": 0,
        "var": 0.0634506046772
    },
    "spectral_centroid": {
        "dmean": 273.318023682,
        "dmean2": 443.295532227,
        "dvar": 159411.421875,
        "dvar2": 400572.875,
        "max": 11054.6064453,
        "mean": 1302.43444824,
        "median": 1253.96325684,
        "min": 157.853485107,
        "var": 566943.375
    },
    "spectral_complexity": {
        "dmean": 3.62035608292,
        "dmean2": 5.91753768921,
        "dvar": 23.8818759918,
        "dvar2": 59.6915245056,
        "max": 56,
        "mean": 21.0398445129,
        "median": 16,
        "min": 0,
        "var": 182.221862793
    },
    "spectral_decrease": {
        "dmean": 4.72901007242e-09,
        "dmean2": 7.4330364086e-09,
        "dvar": 1.21138734589e-16,
        "dvar2": 2.76883503164e-16,
        "max": 1.41971672054e-17,
        "mean": -9.23935239427e-09,
        "median": -4.83343542967e-09,
        "min": -8.60521325308e-08,
        "var": 1.42070361319e-16
    },
    "spectral_energy": {
        "dmean": 0.0181811712682,
        "dmean2": 0.0284459032118,
        "dvar": 0.00173778703902,
        "dvar2": 0.00394820561633,
        "max": 0.327007830143,
        "mean": 0.0370312482119,
        "median": 0.0194710977376,
        "min": 1.04791400135e-20,
        "var": 0.00212664320134
    },
    "spectral_energyband_high": {
        "dmean": 0.00068184355041,
        "dmean2": 0.00117281195708,
        "dvar": 4.11316159443e-06,
        "dvar2": 1.20379145301e-05,
        "max": 0.0212318524718,
        "mean": 0.00142910203431,
        "median": 0.000483379786601,
        "min": 7.22801647579e-21,
        "var": 5.09076835442e-06
    },
    "spectral_energyband_low": {
        "dmean": 0.0148753458634,
        "dmean2": 0.0237918645144,
        "dvar": 0.00173805851955,
        "dvar2": 0.00402674917132,
        "max": 0.318606585264,
        "mean": 0.0200338698924,
        "median": 0.0045707100071,
        "min": 3.17356091598e-23,
        "var": 0.00171322189271
    },
    "spectral_energyband_middle_high": {
        "dmean": 0.00188785034698,
        "dmean2": 0.00313883530907,
        "dvar": 8.64687353896e-06,
        "dvar2": 2.39022319874e-05,
        "max": 0.0410886742175,
        "mean": 0.00504045467824,
        "median": 0.00280312611721,
        "min": 1.8073369299e-21,
        "var": 3.17347985401e-05
    },
    "spectral_energyband_middle_low": {
        "dmean": 0.00558704836294,
        "dmean2": 0.0091710081324,
        "dvar": 0.000102471043647,
        "dvar2": 0.000272572535323,
        "max": 0.106501407921,
        "mean": 0.0119397696108,
        "median": 0.00889639277011,
        "min": 2.02127898613e-22,
        "var": 0.000140271629789
    },
    "spectral_entropy": {
        "dmean": 0.164453908801,
        "dmean2": 0.252682030201,
        "dvar": 0.048368897289,
        "dvar2": 0.0989082828164,
        "max": 9.7821893692,
        "mean": 7.46937036514,
        "median": 7.81039237976,
        "min": 5.13798952103,
        "var": 0.575417757034
    },
    "spectral_flux": {
        "dmean": 0.0335607156157,
        "dmean2": 0.0540002398193,
        "dvar": 0.00363905541599,
        "dvar2": 0.00810401048511,
        "max": 0.518568694592,
        "mean": 0.0908385068178,
        "median": 0.0651458948851,
        "min": 1.02367669896e-10,
        "var": 0.00684034684673
    },
    "spectral_kurtosis": {
        "dmean": 5.16197109222,
        "dmean2": 8.44104003906,
        "dvar": 307.010070801,
        "dvar2": 719.384460449,
        "max": 300.776855469,
        "mean": 16.6221122742,
        "median": 3.3009018898,
        "min": -1.20491993427,
        "var": 1868.48022461
    },
    "spectral_rms": {
        "dmean": 0.001105183037,
        "dmean2": 0.00164817762561,
        "dvar": 4.01879788114e-06,
        "dvar2": 8.03251077741e-06,
        "max": 0.0178614668548,
        "mean": 0.00519721535966,
        "median": 0.00435846205801,
        "min": 3.19742886681e-12,
        "var": 9.11708048079e-06
    },
    "spectral_rolloff": {
        "dmean": 553.24786377,
        "dmean2": 982.515563965,
        "dvar": 1109393.875,
        "dvar2": 2820245.25,
        "max": 20908.7402344,
        "mean": 1320.18798828,
        "median": 882.861328125,
        "min": 64.599609375,
        "var": 1840406.875
    },
    "spectral_skewness": {
        "dmean": 0.353126883507,
        "dmean2": 0.577852427959,
        "dvar": 0.640162527561,
        "dvar2": 1.40101790428,
        "max": 13.139585495,
        "mean": 2.18799352646,
        "median": 1.42978072166,
        "min": -0.0230316836387,
        "var": 4.94253492355
    },
    "spectral_spread": {
        "dmean": 418236.4375,
        "dmean2": 620485.5,
        "dvar": 681121153024,
        "dvar2": 1.07865990758e+12,
        "max": 40803596,
        "mean": 4606290.5,
        "median": 4985836,
        "min": 278460.96875,
        "var": 3.29581173146e+12
    },
    "spectral_strongpeak": {
        "dmean": 0.511573970318,
        "dmean2": 0.896507918835,
        "dvar": 0.859280824661,
        "dvar2": 2.31966948509,
        "max": 7.41608142853,
        "mean": 0.772241234779,
        "median": 0.435574471951,
        "min": 0,
        "var": 0.883510828018
    },
    "zerocrossingrate": {
        "dmean": 0.00924616493285,
        "dmean2": 0.0113204503432,
        "dvar": 0.00015958592121,
        "dvar2": 0.000218762550503,
        "max": 0.501953125,
        "mean": 0.0549723468721,
        "median": 0.048828125,
        "min": 0.00244140625,
        "var": 0.00133433099836
    },
    "barkbands": {
        "dmean": [0.00066728098318, 0.0123182171956, 0.00204468355514, 0.00285608367994, 0.00138840277214, 0.000492168299388, 0.000653958704788, 0.0013854263816, 0.00107445160393, 0.000340648432029, 0.00022725512099, 0.000376428535674, 0.000763873104006, 0.000578388222493, 0.000196790060727, 0.000132576416945, 0.000180103845196, 0.000186062970897, 0.000175402092282, 0.000186814824701, 0.000154825625941, 0.00025969024864, 0.000150440988364, 6.35646501905e-05, 4.71839230158e-05, 1.31735287141e-05, 5.04249919686e-06],
        "dmean2": [0.00106329633854, 0.020148312673, 0.0036086186301, 0.00487470300868, 0.00227054487914, 0.000774097745307, 0.000949362642132, 0.00231724535115, 0.00171376531944, 0.000514483777806, 0.000336441531545, 0.000585577625316, 0.00127411354333, 0.000960007251706, 0.000332580617396, 0.000224997609621, 0.000310710951453, 0.000323413434671, 0.000312157120788, 0.000336386932759, 0.000259696011199, 0.000462133350084, 0.000262912013568, 0.000104538747109, 7.84309595474e-05, 2.04947773454e-05, 7.87034969107e-06],
        "dvar": [2.84419365926e-06, 0.00141669297591, 3.24910142808e-05, 6.65184707032e-05, 5.56093300474e-06, 1.20906452139e-06, 1.09813163363e-06, 1.1284334505e-05, 3.37953429153e-06, 3.13991279199e-07, 5.62966931739e-07, 1.13395867629e-06, 3.07429263557e-06, 1.87851856026e-06, 1.16431181141e-07, 5.10706392731e-08, 1.2141261152e-07, 1.07908356028e-07, 1.60168809771e-07, 2.2191267135e-07, 8.71774687994e-08, 7.34962668503e-07, 1.85611284564e-07, 1.86252222534e-08, 1.50196566295e-08, 8.13564771107e-10, 1.00369011713e-10],
        "dvar2": [6.40765847493e-06, 0.00337434606627, 9.21426471905e-05, 0.000175014589331, 1.55054895004e-05, 3.08159633278e-06, 2.23022198043e-06, 3.32995878125e-05, 8.56606129673e-06, 7.04151943864e-07, 1.18216451028e-06, 2.33092464441e-06, 8.89672082849e-06, 5.32782905793e-06, 3.05729713546e-07, 1.44589449746e-07, 3.36845459969e-07, 3.01935017433e-07, 4.82004850255e-07, 6.61434228277e-07, 2.37363565248e-07, 2.17358979171e-06, 5.35836818472e-07, 4.84928968092e-08, 4.1233665371e-08, 2.09189954248e-09, 2.56248411379e-10],
        "max": [0.0174629464746, 0.29035872221, 0.0455916821957, 0.0878831744194, 0.0314009226859, 0.0246910825372, 0.0230125021189, 0.0503516569734, 0.0269499309361, 0.0142040168867, 0.0215523727238, 0.0258539300412, 0.0195501539856, 0.0176041331142, 0.00393993267789, 0.00287629640661, 0.0030472278595, 0.00347777386196, 0.00476432545111, 0.00489407824352, 0.00292619643733, 0.00907185208052, 0.00427889823914, 0.00157984055113, 0.00115700543392, 0.000360889884178, 0.000152727167006],
        "mean": [0.00107403739821, 0.015334433876, 0.00230630813166, 0.00277147139423, 0.00264690909535, 0.000885339686647, 0.0014138603583, 0.00201201532036, 0.00194732879754, 0.000619108555838, 0.000368251436157, 0.000625350046903, 0.00112464977428, 0.000815453822725, 0.000345972075593, 0.00024385387951, 0.000297218444757, 0.000327978719724, 0.0002919769031, 0.000287448317977, 0.000342107523466, 0.000398020114517, 0.000262059766101, 0.000145473532029, 9.37655859161e-05, 3.53083341906e-05, 1.54127101268e-05],
        "median": [0.000108376560092, 0.00207155710086, 0.000813592225313, 0.00057123391889, 0.00183706067037, 0.000403912505135, 0.000683015212417, 0.000667690008413, 0.00090345821809, 0.000385374762118, 0.000137265509693, 0.000187294674106, 0.000231287340284, 0.000242355105001, 0.000112549474579, 0.000129590567667, 0.000105762723251, 0.000151877859025, 0.000108378357254, 0.00012026506738, 0.000132272311021, 0.000110802968265, 7.31274412828e-05, 4.11314031226e-05, 3.44038780895e-05, 1.55144516611e-05, 7.40273708288e-06],
        "min": [4.47615375954e-24, 1.86625147306e-23, 1.17474562765e-23, 1.73667984664e-24, 2.59349413743e-23, 3.14138801282e-23, 7.17603288979e-23, 3.49874010962e-23, 2.8045999421e-23, 8.00036224349e-23, 2.8776383645e-23, 1.82948986068e-22, 6.89813170792e-23, 1.40044633725e-22, 9.7844910875e-23, 2.29024824307e-22, 1.353338467e-22, 3.46089914619e-22, 3.52731063212e-22, 2.72291358469e-22, 3.44927575407e-22, 5.27358639581e-22, 6.568196251e-22, 8.02774846489e-22, 1.1249428129e-21, 1.72359357666e-21, 2.10019602525e-21],
        "var": [5.44912109035e-06, 0.00129833293613, 2.27589061979e-05, 6.06530738878e-05, 8.31428042147e-06, 2.82959399556e-06, 3.9708343138e-06, 1.68997903529e-05, 8.10287292552e-06, 7.3998512562e-07, 1.12359771265e-06, 2.6733237064e-06, 5.39788015885e-06, 2.66785855274e-06, 2.45152790512e-07, 1.09572049212e-07, 1.73147029159e-07, 1.91079024603e-07, 1.84655789326e-07, 2.05844287393e-07, 2.05773602602e-07, 6.73058423217e-07, 2.06806888059e-07, 4.55784530118e-08, 2.25368879114e-08, 2.27415619669e-09, 3.88670096108e-10]
    },
    "erbbands": {
        "dmean": [0.47442740202, 2.43902778625, 2.80920743942, 6.00267028809, 7.09764051437, 4.84738922119, 3.43212032318, 4.14569854736, 8.25322914124, 10.0707988739, 37.3789901733, 25.8347606659, 14.6767482758, 8.66519069672, 8.50696182251, 19.3352489471, 33.0753593445, 34.4349517822, 10.230884552, 7.91454935074, 8.686460495, 9.24735546112, 10.1145744324, 7.96143388748, 9.59150028229, 9.03573036194, 7.21373701096, 6.29844331741, 10.9141654968, 5.5339884758, 3.62539768219, 1.80065310001, 1.00314438343, 0.634601533413, 0.258006364107, 0.0765783190727, 0.0213820356876, 0.00507927546278, 0.000799865636509, 7.17441289453e-05],
        "dmean2": [0.790682315826, 3.9020421505, 4.93020009995, 10.3374414444, 11.9357051849, 7.77806663513, 5.45812654495, 6.48226451874, 11.6462087631, 15.3808870316, 61.6207580566, 41.4983863831, 22.8249969482, 12.5373239517, 12.6240777969, 30.6031780243, 55.4997329712, 57.556388855, 16.9400062561, 13.2829647064, 14.7039222717, 16.1224994659, 17.6812267303, 13.9656333923, 16.6546325684, 16.2844333649, 12.3013744354, 10.7807302475, 19.4691734314, 9.64621639252, 6.29104375839, 3.04334664345, 1.63449549675, 1.05669081211, 0.421857565641, 0.119592696428, 0.0332809835672, 0.00807034317404, 0.00126471742988, 0.000110937849968],
        "dvar": [2.06819152832, 56.4325370789, 70.795753479, 265.987640381, 280.603485107, 50.7988357544, 40.4346466064, 109.618339539, 219.59564209, 218.460144043, 7949.71533203, 2217.12524414, 590.301635742, 281.390991211, 506.471160889, 2987.73168945, 6720.80566406, 6574.00146484, 318.611480713, 188.18157959, 216.652206421, 359.514129639, 398.652282715, 287.961212158, 367.185028076, 539.618103027, 229.929901123, 186.400466919, 1456.29541016, 243.81602478, 101.966957092, 17.0930328369, 5.19195699692, 2.57794475555, 0.389393359423, 0.0308015625924, 0.00196190690622, 0.000110192966531, 2.46782565227e-06, 2.03119832065e-08],
        "dvar2": [5.07037210464, 140.00541687, 199.71975708, 707.535949707, 777.864501953, 136.932937622, 101.799339294, 277.03793335, 430.879974365, 532.83190918, 23266.7636719, 5690.54931641, 1509.03710938, 531.14239502, 1074.37768555, 6227.95019531, 19500.4707031, 19257.4960938, 835.052185059, 502.88067627, 605.941589355, 1014.47302246, 1132.77844238, 863.562988281, 1093.5715332, 1591.23339844, 648.901123047, 526.65637207, 4223.55175781, 720.534240723, 295.625305176, 47.7264900208, 13.9123659134, 7.23805761337, 0.976541996002, 0.0733644068241, 0.00503962347284, 0.000297447433695, 6.45703357804e-06, 5.18250544701e-08],
        "max": [9.95708560944, 62.9312324524, 67.9681625366, 179.752853394, 160.987945557, 85.2413253784, 100.190048218, 264.088226318, 327.631286621, 295.868225098, 1394.82299805, 703.922302246, 289.392700195, 517.223266602, 647.386413574, 1308.45507812, 1010.65515137, 1005.59527588, 238.974700928, 167.788238525, 172.804321289, 184.60383606, 224.384765625, 202.969833374, 194.856903076, 238.099380493, 153.113220215, 146.38432312, 400.8644104, 165.947540283, 100.348266602, 44.1216583252, 27.5393314362, 17.8042621613, 6.04065895081, 2.23215699196, 0.641449272633, 0.173481762409, 0.0225463304669, 0.0016965623945],
        "mean": [0.610152304173, 2.76235461235, 3.02658128738, 6.36564064026, 9.40550231934, 9.13968086243, 6.20879077911, 7.67824745178, 17.6435718536, 21.6639652252, 57.5110740662, 46.915435791, 27.9359645844, 17.4685249329, 16.1054420471, 32.8639068604, 51.9328231812, 53.8243713379, 18.7138500214, 13.9229888916, 16.6305904388, 15.8765516281, 17.6279125214, 14.4736700058, 16.1032943726, 14.2529211044, 14.0976276398, 13.2043037415, 15.6906881332, 9.7994556427, 6.4907336235, 3.73246598244, 2.16258096695, 1.25080239773, 0.543000340462, 0.188178345561, 0.058709576726, 0.0142983179539, 0.00240082130767, 0.000221713489736],
        "median": [0.066823258996, 0.430046647787, 1.06584906578, 1.69746446609, 4.21873140335, 6.24569320679, 3.83466935158, 3.1249127388, 7.84202051163, 13.5748643875, 20.3685302734, 21.2338523865, 15.6058216095, 10.6636323929, 7.28457593918, 8.27028942108, 12.9853420258, 16.3780193329, 7.44561672211, 4.51059007645, 8.95765399933, 6.13745927811, 7.83605480194, 6.27265071869, 6.77500963211, 5.59353637695, 5.7494969368, 4.76307630539, 4.2199306488, 2.64721870422, 1.78424608707, 1.12284231186, 0.603965103626, 0.43944606185, 0.198131069541, 0.0762952342629, 0.0269723944366, 0.00686571374536, 0.00115311704576, 0.00013741919247],
        "min": [9.76618989315e-22, 2.56583449052e-21, 1.26170133483e-20, 7.58418477636e-21, 3.77057357535e-20, 7.93349700981e-20, 2.72386956799e-19, 2.15888504708e-19, 3.98567465582e-19, 1.41260166446e-18, 1.13971550416e-18, 5.8073378127e-19, 9.17641704727e-19, 3.34215419544e-18, 1.89917649433e-18, 8.10591836241e-18, 3.11710978363e-18, 7.40688043445e-18, 6.30517470661e-18, 5.95828576339e-18, 1.16716127417e-17, 9.1170804868e-18, 1.85553535511e-17, 2.29476462078e-17, 1.39937883082e-17, 1.06511158841e-17, 1.34941836259e-17, 1.32187721866e-17, 1.9744821074e-17, 1.93318991296e-17, 1.9389771994e-17, 1.29113860807e-17, 1.54958093342e-17, 1.06269158881e-17, 8.65489249236e-18, 6.41550571107e-18, 3.28773274217e-18, 1.13493512401e-18, 2.84132559605e-19, 3.41082335655e-20],
        "var": [1.89184045792, 48.4565505981, 47.0679321289, 243.141708374, 277.699707031, 95.5245361328, 68.9389953613, 268.834350586, 796.513793945, 766.155456543, 12792.1074219, 5232.83496094, 1325.72717285, 799.722595215, 1120.74499512, 6886.44970703, 11708.9941406, 10677.0332031, 677.860595703, 361.35345459, 485.484344482, 469.236450195, 572.684875488, 380.895477295, 492.663696289, 504.04864502, 384.376678467, 353.464508057, 1212.32714844, 297.672637939, 122.98513031, 31.8195304871, 10.7887048721, 3.97932100296, 0.714718818665, 0.0744477510452, 0.00611408660188, 0.000352806906449, 9.2991076599e-06, 6.88025494355e-08]
    },
    "gfcc": {
        "mean": [-9.06461429596, 97.858833313, -100.157226562, 23.0127544403, -56.7691612244, 14.6177606583, -22.9247360229, 4.87191009521, -15.3957128525, 2.75167894363, -14.5519142151, -3.61510324478, -13.051156044],
        "cov": [[13229.5605469, -5298.88037109, -544.216308594, 1902.24145508, 324.270690918, 866.16784668, -10.6128482819, 689.225952148, 72.4711151123, 588.278442383, -143.718307495, 1.57134258747, -481.423675537], [-5298.88037109, 4112.75097656, 259.655273438, -1532.49511719, 265.040527344, -508.907714844, 233.401901245, -239.528488159, 112.08165741, -291.733856201, 129.184906006, -107.834449768, 263.240203857], [-544.216308594, 259.655273438, 394.847229004, 71.5351028442, 60.1840248108, -20.7675094604, 21.6995830536, -19.3494548798, 14.188533783, -18.2352199554, 22.8358249664, 42.339717865, 55.9814109802], [1902.24145508, -1532.49511719, 71.5351028442, 993.773193359, -52.9855041504, 221.32093811, -91.8213195801, 66.1525344849, -27.391166687, 102.921546936, -14.9415922165, 65.0520248413, -63.7554893494], [324.270690918, 265.040527344, 60.1840248108, -52.9855041504, 409.046783447, 38.2409172058, 98.2778549194, 66.3930892944, 54.5047721863, 37.8556251526, 33.6030731201, -51.0252952576, 4.05452728271], [866.16784668, -508.907714844, -20.7675094604, 221.32093811, 38.2409172058, 212.720352173, 45.4094200134, 57.3853530884, 9.35983943939, 64.877532959, 7.16131591797, 25.3494110107, -35.1217155457], [-10.6128482819, 233.401901245, 21.6995830536, -91.8213195801, 98.2778549194, 45.4094200134, 161.888168335, 61.3739547729, 43.5333442688, -0.833468973637, 27.4927654266, -12.5248794556, 9.1252117157], [689.225952148, -239.528488159, -19.3494548798, 66.1525344849, 66.3930892944, 57.3853530884, 61.3739547729, 138.722427368, 54.2653160095, 60.6863212585, 7.11410188675, 3.29702997208, -19.8378715515], [72.4711151123, 112.08165741, 14.188533783, -27.391166687, 54.5047721863, 9.35983943939, 43.5333442688, 54.2653160095, 94.009437561, 41.9542236328, 26.9826812744, -5.09312677383, 5.32363128662], [588.278442383, -291.733856201, -18.2352199554, 102.921546936, 37.8556251526, 64.877532959, -0.833468973637, 60.6863212585, 41.9542236328, 118.108261108, 25.7923603058, 18.2470970154, -22.8097991943], [-143.718307495, 129.184906006, 22.8358249664, -14.9415922165, 33.6030731201, 7.16131591797, 27.4927654266, 7.11410188675, 26.9826812744, 25.7923603058, 87.5123977661, 36.2368164062, 18.9154510498], [1.57134258747, -107.834449768, 42.339717865, 65.0520248413, -51.0252952576, 25.3494110107, -12.5248794556, 3.29702997208, -5.09312677383, 18.2470970154, 36.2368164062, 97.3553390503, 26.6029872894], [-481.423675537, 263.240203857, 55.9814109802, -63.7554893494, 4.05452728271, -35.1217155457, 9.1252117157, -19.8378715515, 5.32363128662, -22.8097991943, 18.9154510498, 26.6029872894, 68.3894119263]],
        "icov": [[0.000232164762565, 0.000212776547414, 0.000135978625622, -4.87606957904e-05, -0.00027000848786, -7.9993136751e-05, -3.37533456332e-05, -0.000426702783443, -5.80016712775e-05, -0.000135287569719, 0.00016710878117, -6.92184403306e-05, 0.000454295513919], [0.000212776547414, 0.00170936947688, -0.000443003809778, 0.00142318115104, -0.000751397397835, 0.00105740281288, -0.00120416574646, 0.00163183070254, -0.00180649734102, 0.00110109860543, -0.00111430580728, 0.000823947892059, -0.00167522637639], [0.000135978625622, -0.000443003809778, 0.0036885808222, -0.00130097742658, -0.000773109262809, 0.000458254915429, -0.000578056438826, 0.000215926906094, -0.000340469297953, -0.000161641262821, 0.00129625480622, -0.00210868869908, -0.000714514870197], [-4.87606957904e-05, 0.00142318115104, -0.00130097742658, 0.00325199705549, -0.000234024919337, -0.00081330089597, 0.000655384385027, 0.000938941200729, -0.00110195728485, 0.00107565231156, -0.00139889179263, 0.000757456757128, -0.00140676042065], [-0.00027000848786, -0.000751397397835, -0.000773109262809, -0.000234024919337, 0.00415517110378, -0.000985134276561, -0.000424068333814, -0.00134574098047, 0.00104403693695, -0.00126490357798, -0.00150736572687, 0.00322122732177, -0.00101911858656], [-7.9993136751e-05, 0.00105740281288, 0.000458254915429, -0.00081330089597, -0.000985134276561, 0.0103877335787, -0.00581407733262, 0.00281912065111, -0.000237731306697, -0.00253609358333, 0.000867024005856, -0.00274083390832, 0.00121910229791], [-3.37533456332e-05, -0.00120416574646, -0.000578056438826, 0.000655384385027, -0.000424068333814, -0.00581407733262, 0.0139279197901, -0.00744203850627, -0.000495759479236, 0.00432453863323, -0.003164392896, 0.00215071812272, 2.32643560594e-05], [-0.000426702783443, 0.00163183070254, 0.000215926906094, 0.000938941200729, -0.00134574098047, 0.00281912065111, -0.00744203850627, 0.0186134427786, -0.00768252881244, -0.00295301433653, 0.00255678687245, -0.00252107507549, -0.000779900175985], [-5.80016712775e-05, -0.00180649734102, -0.000340469297953, -0.00110195728485, 0.00104403693695, -0.000237731306697, -0.000495759479236, -0.00768252881244, 0.0208101179451, -0.00708815688267, -0.00261565460823, 0.00338905490935, -0.00112865085248], [-0.000135287569719, 0.00110109860543, -0.000161641262821, 0.00107565231156, -0.00126490357798, -0.00253609358333, 0.00432453863323, -0.00295301433653, -0.00708815688267, 0.0184487905353, -0.00522100832313, -0.0011744487565, 0.00188926747069], [0.00016710878117, -0.00111430580728, 0.00129625480622, -0.00139889179263, -0.00150736572687, 0.000867024005856, -0.003164392896, 0.00255678687245, -0.00261565460823, -0.00522100832313, 0.0199823807925, -0.00934564974159, 0.00136962835677], [-6.92184403306e-05, 0.000823947892059, -0.00210868869908, 0.000757456757128, 0.00322122732177, -0.00274083390832, 0.00215071812272, -0.00252107507549, 0.00338905490935, -0.0011744487565, -0.00934564974159, 0.0209905412048, -0.0100791482255], [0.000454295513919, -0.00167522637639, -0.000714514870197, -0.00140676042065, -0.00101911858656, 0.00121910229791, 2.32643560594e-05, -0.000779900175985, -0.00112865085248, 0.00188926747069, 0.00136962835677, -0.0100791482255, 0.028258793056]]
    },
    "melbands": {
        "dmean": [0.00375465978868, 0.00202295160852, 0.00110495067202, 0.000390239729313, 0.000129844615003, 9.40675963648e-05, 0.00013052696886, 0.000126388855278, 0.000297442136798, 0.000154399356688, 7.21862888895e-05, 3.61026759492e-05, 3.33960633725e-05, 4.23922356276e-05, 6.71051602694e-05, 7.03989935573e-05, 6.1129394453e-05, 1.56570240506e-05, 1.24526377476e-05, 8.69391169545e-06, 1.17929512271e-05, 9.5943623819e-06, 1.09410902951e-05, 1.06605484689e-05, 6.50717902317e-06, 7.74596992414e-06, 6.78700962453e-06, 6.26698874839e-06, 5.11868211106e-06, 3.87670070268e-06, 4.04715956392e-06, 6.98237545294e-06, 4.63055539512e-06, 3.0699538911e-06, 2.49263075602e-06, 1.53810549364e-06, 1.04312562144e-06, 7.40194252558e-07, 6.6136959731e-07, 5.28058592408e-07],
        "dmean2": [0.00619769049808, 0.00335250003263, 0.00190175173339, 0.000643036211841, 0.00020603829762, 0.000146680351463, 0.00018593313871, 0.000200965398108, 0.000482959905639, 0.000249929988058, 0.000112451889436, 5.22187328897e-05, 4.88935984322e-05, 6.57714699628e-05, 0.00011282358173, 0.000118560630654, 0.000101913654362, 2.60000342678e-05, 2.10733669519e-05, 1.45983976836e-05, 1.97722201847e-05, 1.63999429788e-05, 1.95084758161e-05, 1.83163574548e-05, 1.1467938748e-05, 1.36884646054e-05, 1.19781607282e-05, 1.13562928163e-05, 8.79335584614e-06, 6.68607481202e-06, 6.8931262831e-06, 1.24701846289e-05, 8.28362317407e-06, 5.37765617992e-06, 4.32964316133e-06, 2.66690494755e-06, 1.75009824943e-06, 1.21050879898e-06, 1.11504880351e-06, 8.77533921084e-07],
        "dvar": [0.000129883221234, 3.70604830096e-05, 8.70450094226e-06, 4.71660825951e-07, 4.79968633726e-08, 5.36316484556e-08, 5.12467153158e-08, 4.21396570971e-08, 4.6012107191e-07, 8.13559282165e-08, 1.42759244426e-08, 4.93531970847e-09, 1.15840963488e-08, 1.39499789498e-08, 2.52227820852e-08, 1.95797120739e-08, 2.06487573706e-08, 8.63109139715e-10, 4.84934925549e-10, 2.27783653051e-10, 4.1659983796e-10, 3.03459257722e-10, 7.83895448553e-10, 3.0404934126e-10, 2.08991032813e-10, 2.40055725298e-10, 2.11769810021e-10, 2.64867960897e-10, 1.17042486814e-10, 5.62828048056e-11, 6.54647724918e-11, 6.06288630411e-10, 1.91572285813e-10, 7.11053785296e-11, 4.68393900055e-11, 1.53767814454e-11, 4.60554944876e-12, 2.40547013731e-12, 2.80166731828e-12, 1.63540220862e-12],
        "dvar2": [0.000308612216031, 9.78701209533e-05, 2.32894453802e-05, 1.3141745967e-06, 1.25963907749e-07, 1.36684661811e-07, 9.98697444743e-08, 1.18919409431e-07, 1.32580782974e-06, 2.11123889926e-07, 3.66282257858e-08, 9.1991205764e-09, 2.43325235516e-08, 2.82488787917e-08, 7.11970429279e-08, 5.64894016009e-08, 6.01346741291e-08, 2.25338325777e-09, 1.2901711921e-09, 6.13449957498e-10, 1.15434495296e-09, 8.26115398311e-10, 2.27472107817e-09, 8.1529838436e-10, 6.21050655347e-10, 7.14238113098e-10, 6.15432038664e-10, 7.78078323993e-10, 3.3429758961e-10, 1.56752624769e-10, 1.81861053994e-10, 1.74018310872e-09, 5.80717529619e-10, 2.04569999829e-10, 1.34834768351e-10, 4.58560030225e-11, 1.23692341092e-11, 6.34406025976e-12, 7.78643729354e-12, 4.54443947751e-12],
        "max": [0.080170981586, 0.0474995933473, 0.0318598747253, 0.00781455636024, 0.00269519747235, 0.0055900872685, 0.00518883066252, 0.00276420568116, 0.0106900297105, 0.00383769231848, 0.00143091776408, 0.00230930722319, 0.00314016104676, 0.00300473626703, 0.00180320895743, 0.00161916576326, 0.00176180968992, 0.000397356343456, 0.000227157433983, 0.000263377267402, 0.000254364131251, 0.00022578734206, 0.000307810230879, 0.000192981184227, 0.000182261836017, 0.000168105470948, 0.000135850321385, 0.000169069055119, 0.000122373559861, 7.01453100191e-05, 8.64888424985e-05, 0.000278087798506, 0.000147847938933, 8.52767479955e-05, 6.68095308356e-05, 3.72076756321e-05, 2.7978207072e-05, 1.52319053086e-05, 2.5878807719e-05, 1.35031450554e-05],
        "mean": [0.00482497969642, 0.00226205517538, 0.00122430280317, 0.000665692961775, 0.000254845625022, 0.000170036655618, 0.000282661290839, 0.000244407478021, 0.000482035800815, 0.000272314762697, 0.000131435022922, 6.88198415446e-05, 5.56412742299e-05, 6.93405818311e-05, 0.000103021011455, 0.000115831076982, 9.20430611586e-05, 2.62855955953e-05, 2.13043913391e-05, 1.5388990505e-05, 2.0804362066e-05, 1.62996966537e-05, 1.48304516188e-05, 1.7874977857e-05, 1.03578104245e-05, 1.24597254398e-05, 1.02272415461e-05, 9.0219800768e-06, 9.19672402233e-06, 7.35913135941e-06, 7.87831777416e-06, 9.45698775467e-06, 6.80213315718e-06, 5.25190216649e-06, 4.12730105381e-06, 2.69029033007e-06, 2.10703615267e-06, 1.54341410052e-06, 1.26357099361e-06, 9.8835892004e-07],
        "median": [0.000591293210164, 0.000643356936052, 0.000398796953959, 0.000435306224972, 0.000172134823515, 6.80738157826e-05, 0.000133002031362, 0.000148199687828, 0.000168489743373, 0.000124885511468, 6.78625874571e-05, 3.91335779568e-05, 2.20428428293e-05, 2.06159729714e-05, 1.61935113283e-05, 3.15577708534e-05, 2.46567851718e-05, 8.95798530109e-06, 7.3093692663e-06, 6.03059970672e-06, 1.03031734398e-05, 6.0814063545e-06, 4.99890074934e-06, 7.83673203841e-06, 4.24286690759e-06, 4.09342601415e-06, 4.68069674753e-06, 3.06651145365e-06, 3.77576520805e-06, 2.27164878197e-06, 2.93118569061e-06, 2.39625387621e-06, 1.87510431715e-06, 1.3819404785e-06, 1.14274780572e-06, 8.06411037502e-07, 6.28104544376e-07, 4.36585139596e-07, 3.56997560402e-07, 3.79548680485e-07],
        "min": [6.18740802757e-24, 5.25359550873e-24, 1.99638153411e-24, 4.36608281415e-24, 7.8480955227e-24, 4.94422950525e-24, 8.70015601934e-24, 1.31778567351e-23, 9.1849291894e-24, 3.25163337536e-24, 4.3235300792e-24, 1.38459335694e-23, 3.74848006158e-24, 2.00310385176e-23, 1.13634237994e-23, 9.4808238152e-24, 1.3960384665e-23, 1.04789513748e-23, 6.45209571039e-24, 1.25795925132e-23, 1.35970984409e-23, 6.54520969619e-24, 1.86925403544e-23, 1.39849908144e-23, 2.02432973213e-23, 9.36719944586e-24, 1.05379763143e-23, 6.3994242566e-24, 7.88649963815e-24, 9.50587645983e-24, 6.97381123664e-24, 9.68294970064e-24, 1.22669369598e-23, 1.10843074562e-23, 1.24731286343e-23, 7.38695346992e-24, 7.57222218667e-24, 1.13711822464e-23, 9.81033180417e-24, 8.60750430603e-24],
        "var": [0.000121312892588, 2.85451224045e-05, 7.8523717093e-06, 6.29071564617e-07, 8.76459367305e-08, 1.30101028617e-07, 1.85654954521e-07, 9.48675449308e-08, 8.16755289179e-07, 1.71570846419e-07, 3.13753716341e-08, 1.43916203399e-08, 2.36726904745e-08, 3.39610615185e-08, 4.55611477435e-08, 4.18898729038e-08, 3.24878044466e-08, 1.59813084988e-09, 9.04351926678e-10, 4.30215002512e-10, 8.49925629876e-10, 4.82634598953e-10, 6.68500921286e-10, 6.22378149018e-10, 2.33195046606e-10, 3.2088717794e-10, 2.43734005201e-10, 2.30883978602e-10, 1.76257758389e-10, 1.04486516661e-10, 1.29784724634e-10, 4.89486007282e-10, 1.81720749559e-10, 8.64523938549e-11, 5.39642566744e-11, 1.92931174509e-11, 9.85989848795e-12, 5.26113484375e-12, 4.47389954944e-12, 2.47688501653e-12]
    },
    "mfcc": {
        "mean": [-655.883422852, 128.502746582, 16.1646003723, 16.373506546, -5.62037277222, 11.1667671204, 0.744246959686, 5.93522453308, 2.49079561234, 3.37030649185, 8.2250585556, 3.1416478157, -4.09716129303],
        "cov": [[11741.5488281, -4464.11572266, -1063.55944824, 984.894165039, 622.843566895, 403.011810303, 381.500640869, 233.841629028, 160.5574646, 658.072875977, 376.682861328, 327.435974121, 93.2299880981], [-4464.11572266, 3527.62841797, 269.09387207, -794.665222168, -235.085678101, -265.173492432, -61.1612510681, -54.8489608765, 54.282585144, -147.850570679, -80.2550048828, -49.6534919739, -89.482421875], [-1063.55944824, 269.09387207, 444.615020752, 28.366519928, -37.9093017578, 9.83264923096, -50.4337730408, 2.6514275074, -10.0688495636, -89.702583313, -60.1510734558, -54.6783332825, 22.7485275269], [984.894165039, -794.665222168, 28.366519928, 460.294372559, 157.496932983, 91.372215271, 37.0808105469, 16.7901153564, -4.91420173645, 36.4294662476, 13.5669794083, -2.8183298111, 43.8691749573], [622.843566895, -235.085678101, -37.9093017578, 157.496932983, 238.652450562, 95.2050628662, 58.6497383118, 4.92413425446, 23.9267654419, 67.8871002197, 24.2873783112, 20.1768932343, 23.6822681427], [403.011810303, -265.173492432, 9.83264923096, 91.372215271, 95.2050628662, 149.797286987, 56.1681632996, 24.3764572144, 7.64896965027, 17.3115005493, 30.8660755157, 18.0796775818, 17.2467746735], [381.500640869, -61.1612510681, -50.4337730408, 37.0808105469, 58.6497383118, 56.1681632996, 127.544189453, 52.1003837585, 27.9105453491, 50.7580184937, 36.3087692261, 31.1144752502, -6.02588701248], [233.841629028, -54.8489608765, 2.6514275074, 16.7901153564, 4.92413425446, 24.3764572144, 52.1003837585, 89.5353012085, 36.592540741, 18.5468921661, 20.6372718811, 19.9208621979, 14.3300523758], [160.5574646, 54.282585144, -10.0688495636, -4.91420173645, 23.9267654419, 7.64896965027, 27.9105453491, 36.592540741, 83.2998657227, 54.1837882996, 19.3350811005, 20.7540588379, -1.98460531235], [658.072875977, -147.850570679, -89.702583313, 36.4294662476, 67.8871002197, 17.3115005493, 50.7580184937, 18.5468921661, 54.1837882996, 133.133621216, 63.5519180298, 36.7468795776, -6.86919593811], [376.682861328, -80.2550048828, -60.1510734558, 13.5669794083, 24.2873783112, 30.8660755157, 36.3087692261, 20.6372718811, 19.3350811005, 63.5519180298, 95.1295318604, 53.2456283569, 1.65154230595], [327.435974121, -49.6534919739, -54.6783332825, -2.8183298111, 20.1768932343, 18.0796775818, 31.1144752502, 19.9208621979, 20.7540588379, 36.7468795776, 53.2456283569, 84.033706665, 32.7175483704], [93.2299880981, -89.482421875, 22.7485275269, 43.8691749573, 23.6822681427, 17.2467746735, -6.02588701248, 14.3300523758, -1.98460531235, -6.86919593811, 1.65154230595, 32.7175483704, 96.7871932983]],
