{
"lowlevel": {
    "average_loudness": 0.725588619709,
    "barkbands_crest": {
        "dmean": 3.11492753029,
        "dmean2": 4.90764093399,
        "dvar": 8.72958755493,
        "dvar2": 18.30052948,
        "max": 25.8337478638,
        "mean": 12.0788345337,
        "median": 11.182141304,
        "min": 2.62762188911,
        "var": 24.6639595032
    },
    "barkbands_flatness_db": {
        "dmean": 0.0428599603474,
        "dmean2": 0.0613052845001,
        "dvar": 0.00167546572629,
        "dvar2": 0.00337621523067,
        "max": 0.479843586683,
        "mean": 0.215323626995,
        "median": 0.206779047847,
        "min": 0.024702494964,
        "var": 0.0073163472116
    },
    "barkbands_kurtosis": {
        "dmean": 16.3873710632,
        "dmean2": 25.3020496368,
        "dvar": 2680.6418457,
        "dvar2": 5521.42041016,
        "max": 1178.31835938,
        "mean": 19.7854232788,
        "median": 8.02093315125,
        "min": -1.93320024014,
        "var": 3100.45581055
    },
    "barkbands_skewness": {
        "dmean": 1.2778377533,
        "dmean2": 1.83472728729,
        "dvar": 2.68471026421,
        "dvar2": 4.85531044006,
        "max": 26.4599475861,
        "mean": 2.36173844337,
        "median": 2.02090716362,
        "min": -4.79632282257,
        "var": 6.53592538834
    },
    "barkbands_spread": {
        "dmean": 7.36005830765,
        "dmean2": 11.6692552567,
        "dvar": 160.525497437,
        "dvar2": 361.805023193,
        "max": 122.16268158,
        "mean": 13.7240934372,
        "median": 7.43881654739,
        "min": 0.216413810849,
        "var": 309.869842529
    },
    "dissonance": {
        "dmean": 0.0337829478085,
        "dmean2": 0.0518220067024,
        "dvar": 0.00107961858157,
        "dvar2": 0.00249330163933,
        "max": 0.500000119209,
        "mean": 0.42156291008,
        "median": 0.433319419622,
        "min": 0.184470325708,
        "var": 0.00329968472943
    },
    "dynamic_complexity": 4.47315979004,
    "erbbands_crest": {
        "dmean": 3.2863342762,
        "dmean2": 5.20921373367,
        "dvar": 8.38877010345,
        "dvar2": 19.7207679749,
        "max": 29.5564250946,
        "mean": 11.3402738571,
        "median": 10.3107852936,
        "min": 2.25108766556,
        "var": 25.0393886566
    },
    "erbbands_flatness_db": {
        "dmean": 0.0333680473268,
        "dmean2": 0.0478429347277,
        "dvar": 0.00104481412563,
        "dvar2": 0.00198599672876,
        "max": 0.356560111046,
        "mean": 0.186936110258,
        "median": 0.187363475561,
        "min": 0.0296046119183,
        "var": 0.0039779311046
    },
    "erbbands_kurtosis": {
        "dmean": 3.58768582344,
        "dmean2": 5.51738739014,
        "dvar": 25.5512142181,
        "dvar2": 49.4626846313,
        "max": 56.2356376648,
        "mean": 4.29991483688,
        "median": 1.665558815,
        "min": -1.79755103588,
        "var": 57.9039154053
    },
    "erbbands_skewness": {
        "dmean": 0.787047803402,
        "dmean2": 1.14286291599,
        "dvar": 0.592623770237,
        "dvar2": 1.11289584637,
        "max": 6.32915782928,
        "mean": 0.888407230377,
        "median": 0.865412950516,
        "min": -4.70109796524,
        "var": 2.26471281052
    },
    "erbbands_spread": {
        "dmean": 13.4090251923,
        "dmean2": 20.1298847198,
        "dvar": 255.976654053,
        "dvar2": 556.981018066,
        "max": 162.937774658,
        "mean": 31.7581729889,
        "median": 24.7295284271,
        "min": 2.08766531944,
        "var": 627.271484375
    },
    "hfc": {
        "dmean": 8.52365112305,
        "dmean2": 11.7487726212,
        "dvar": 239.4115448,
        "dvar2": 444.227172852,
        "max": 173.892883301,
        "mean": 15.1592569351,
        "median": 6.20189094543,
        "min": 2.83723068151e-07,
        "var": 559.774291992
    },
    "melbands_crest": {
        "dmean": 3.97483921051,
        "dmean2": 6.16415166855,
        "dvar": 12.6567144394,
        "dvar2": 27.6213531494,
        "max": 36.7366027832,
        "mean": 16.2038860321,
        "median": 15.3209285736,
        "min": 4.33861589432,
        "var": 41.6382598877
    },
    "melbands_flatness_db": {
        "dmean": 0.0528400838375,
        "dmean2": 0.0736555159092,
        "dvar": 0.00265244138427,
        "dvar2": 0.00509657803923,
        "max": 0.643405258656,
        "mean": 0.320283591747,
        "median": 0.319148749113,
        "min": 0.0295606832951,
        "var": 0.0131901251152
    },
    "melbands_kurtosis": {
        "dmean": 24.119764328,
        "dmean2": 35.6859741211,
        "dvar": 2939.52294922,
        "dvar2": 5926.25927734,
        "max": 888.476135254,
        "mean": 32.6077613831,
        "median": 14.0151081085,
        "min": -1.94250369072,
        "var": 4324.01416016
    },
    "melbands_skewness": {
        "dmean": 1.3807040453,
        "dmean2": 1.99523532391,
        "dvar": 2.79430365562,
        "dvar2": 5.13127613068,
        "max": 23.9121227264,
        "mean": 3.22159123421,
        "median": 2.65378260612,
        "min": -2.9162838459,
        "var": 7.70791435242
    },
    "melbands_spread": {
        "dmean": 9.93102169037,
        "dmean2": 15.3661260605,
        "dvar": 565.879882812,
        "dvar2": 1146.9987793,
        "max": 262.448059082,
        "mean": 17.3384208679,
        "median": 6.97272777557,
        "min": 0.206638664007,
        "var": 1133.44433594
    },
    "pitch_salience": {
        "dmean": 0.0869197100401,
        "dmean2": 0.134510681033,
        "dvar": 0.00629088096321,
        "dvar2": 0.0129623059183,
        "max": 0.906740188599,
        "mean": 0.571542203426,
        "median": 0.592853426933,
        "min": 0.0488216280937,
        "var": 0.0203570500016
    },
    "silence_rate_20dB": {
        "dmean": 0.0363777093589,
        "dmean2": 0.0727835819125,
        "dvar": 0.0350540280342,
        "dvar2": 0.0729056224227,
        "max": 1,
        "mean": 0.964796900749,
        "median": 1,
        "min": 0,
        "var": 0.0339635536075
    },
    "silence_rate_30dB": {
        "dmean": 0.0456656329334,
        "dmean2": 0.0913666263223,
        "dvar": 0.0435799211264,
        "dvar2": 0.0853409394622,
        "max": 1,
        "mean": 0.911025166512,
        "median": 1,
        "min": 0,
        "var": 0.081059075892
    },
    "silence_rate_60dB": {
        "dmean": 0.0452786386013,
        "dmean2": 0.0905923321843,
        "dvar": 0.0432294197381,
        "dvar2": 0.0978727936745,
        "max": 1,
        "mean": 0.138878136873,
        "median": 0,
        "min": 0,
        "var": 0.11959079653
    },
    "spectral_centroid": {
        "dmean": 326.447479248,
        "dmean2": 480.911437988,
        "dvar": 333118.9375,
        "dvar2": 567691.625,
        "max": 11135.6328125,
        "mean": 886.713439941,
        "median": 519.989807129,
        "min": 123.951522827,
        "var": 998238.5625
    },
    "spectral_complexity": {
        "dmean": 3.30301856995,
        "dmean2": 5.01897001266,
        "dvar": 21.5658302307,
        "dvar2": 48.2856521606,
        "max": 50,
        "mean": 9.29516410828,
        "median": 8,
        "min": 0,
        "var": 49.3445777893
    },
    "spectral_decrease": {
        "dmean": 7.23968707206e-09,
        "dmean2": 1.0273133455e-08,
        "dvar": 3.80936921462e-16,
        "dvar2": 7.20721170698e-16,
        "max": -1.63846645333e-17,
        "mean": -1.21893020122e-08,
        "median": -4.31464153294e-09,
        "min": -2.12917242948e-07,
        "var": 6.44932262468e-16
    },
    "spectral_energy": {
        "dmean": 0.0278649087995,
        "dmean2": 0.0395399145782,
        "dvar": 0.00550696253777,
        "dvar2": 0.01039760001,
        "max": 0.809081375599,
        "mean": 0.0473801344633,
        "median": 0.0179040040821,
        "min": 8.75741215656e-11,
        "var": 0.00938489008695
    },
    "spectral_energyband_high": {
        "dmean": 0.000611813098658,
        "dmean2": 0.000836017658003,
        "dvar": 3.29324097947e-06,
        "dvar2": 5.50532877241e-06,
        "max": 0.0223812703043,
        "mean": 0.000859476916958,
        "median": 2.98632603517e-05,
        "min": 1.92606798566e-11,
        "var": 8.08285039966e-06
    },
    "spectral_energyband_low": {
        "dmean": 0.0237566903234,
        "dmean2": 0.033823646605,
        "dvar": 0.00543545559049,
        "dvar2": 0.0103128049523,
        "max": 0.802094399929,
        "mean": 0.0326028615236,
        "median": 0.00514106824994,
        "min": 4.43579513398e-11,
        "var": 0.00861253775656
    },
    "spectral_energyband_middle_high": {
        "dmean": 0.00127393414732,
        "dmean2": 0.001870542299,
        "dvar": 6.50787023915e-06,
        "dvar2": 1.33350740725e-05,
        "max": 0.0334205813706,
        "mean": 0.00191163015552,
        "median": 0.000387598294765,
        "min": 5.40110491054e-12,
        "var": 1.38567775139e-05
    },
    "spectral_energyband_middle_low": {
        "dmean": 0.0066050067544,
        "dmean2": 0.00991414207965,
        "dvar": 0.000144334771903,
        "dvar2": 0.000349024077877,
        "max": 0.128577828407,
        "mean": 0.0134132662788,
        "median": 0.00714987609535,
        "min": 6.67120395384e-12,
        "var": 0.000271325552603
    },
    "spectral_entropy": {
        "dmean": 0.387768596411,
        "dmean2": 0.543851852417,
        "dvar": 0.167066290975,
        "dvar2": 0.307319879532,
        "max": 9.79902267456,
        "mean": 6.87008333206,
        "median": 6.86340856552,
        "min": 4.59270191193,
        "var": 0.745465278625
    },
    "spectral_flux": {
        "dmean": 0.0456960275769,
        "dmean2": 0.0740677192807,
        "dvar": 0.00597502663732,
        "dvar2": 0.0147623745725,
        "max": 0.793543636799,
        "mean": 0.0995405092835,
        "median": 0.0720517486334,
        "min": 1.31794249683e-05,
        "var": 0.0109648443758
    },
    "spectral_kurtosis": {
        "dmean": 6.41045188904,
        "dmean2": 9.50610256195,
        "dvar": 86.3901824951,
        "dvar2": 179.356338501,
        "max": 116.638702393,
        "mean": 13.7426214218,
        "median": 9.53520584106,
        "min": -1.17000877857,
        "var": 216.412628174
    },
    "spectral_rms": {
        "dmean": 0.00147304986604,
        "dmean2": 0.00204449240118,
        "dvar": 6.1834398366e-06,
        "dvar2": 1.00234437923e-05,
        "max": 0.0280953329057,
        "mean": 0.00518543599173,
        "median": 0.00417939247563,
        "min": 2.92298068416e-07,
        "var": 1.93358300749e-05
    },
    "spectral_rolloff": {
        "dmean": 590.031494141,
        "dmean2": 1005.50708008,
        "dvar": 2378595.25,
        "dvar2": 5224188,
        "max": 17269.6289062,
        "mean": 1112.43078613,
        "median": 387.59765625,
        "min": 21.533203125,
        "var": 4205626
    },
    "spectral_skewness": {
        "dmean": 0.680793642998,
        "dmean2": 0.970409095287,
        "dvar": 0.597594439983,
        "dvar2": 1.17531716824,
        "max": 9.15929603577,
        "mean": 2.70394134521,
        "median": 2.58198714256,
        "min": -0.0820900201797,
        "var": 2.14980530739
    },
    "spectral_spread": {
        "dmean": 1057527.5,
        "dmean2": 1475003.5,
        "dvar": 1.73708122522e+12,
        "dvar2": 2.84047887565e+12,
        "max": 40062772,
        "mean": 4335677,
        "median": 3868509.25,
        "min": 739024.5,
        "var": 5.03912595456e+12
    },
    "spectral_strongpeak": {
        "dmean": 0.407098501921,
        "dmean2": 0.651465177536,
        "dvar": 0.499046444893,
        "dvar2": 1.20691514015,
        "max": 10.4226846695,
        "mean": 0.709048032761,
        "median": 0.440358966589,
        "min": 0,
        "var": 0.733469426632
    },
    "zerocrossingrate": {
        "dmean": 0.0150875886902,
        "dmean2": 0.0168926790357,
        "dvar": 0.000608570582699,
        "dvar2": 0.000724870536942,
        "max": 0.416015625,
        "mean": 0.0456043370068,
        "median": 0.02734375,
        "min": 0.00244140625,
        "var": 0.00316391512752
    },
    "barkbands": {
        "dmean": [0.00184958474711, 0.0197734870017, 0.00486947083846, 0.00241248891689, 0.00328895961866, 0.00128441106062, 0.000981820863672, 0.000375902367523, 0.000264939357294, 0.000166819969309, 7.20730240573e-05, 0.000187891084352, 0.000232362785027, 0.000283267232589, 0.000214687373955, 0.000123394085676, 0.000126806189655, 9.12055911613e-05, 0.000110313645564, 9.57399170147e-05, 0.000149485233123, 0.000129427353386, 0.000187149271369, 9.14603515412e-05, 3.86231149605e-05, 2.48678661592e-05, 1.36066419145e-05],
        "dmean2": [0.00277171609923, 0.0290589518845, 0.00822523236275, 0.00409412709996, 0.00475122965872, 0.00196641124785, 0.00151046388783, 0.000594504352193, 0.00040755464579, 0.000245298899245, 0.000119058247947, 0.000297193793813, 0.000358890276402, 0.000446164223831, 0.000325447326759, 0.000190973471035, 0.000195409229491, 0.00015067064669, 0.000178312620847, 0.000156238937052, 0.000228564982535, 0.000179126844159, 0.000267672730843, 0.000131191351102, 5.64277252124e-05, 3.78151271434e-05, 2.05676933547e-05],
        "dvar": [2.85178957711e-05, 0.00471970438957, 0.000287667673547, 7.19887175364e-05, 3.14520075335e-05, 6.94405935064e-06, 7.03495697962e-06, 1.3667586245e-06, 1.03818217667e-06, 6.82496079207e-07, 5.09839317431e-08, 5.18549541084e-07, 6.33072829714e-07, 1.26143720536e-06, 4.75485364859e-07, 1.16420423524e-07, 1.41502198403e-07, 4.17585852119e-07, 1.44833407489e-07, 1.13197515361e-07, 3.27722602833e-07, 2.07044223544e-07, 4.3426797447e-07, 7.96709045403e-08, 1.38296156749e-08, 7.1205650265e-09, 2.30783125943e-09],
        "dvar2": [6.10176030023e-05, 0.00962678343058, 0.000811129924841, 0.000191382059711, 6.4894935349e-05, 1.52675802383e-05, 1.61065199791e-05, 3.15162560582e-06, 2.32571392189e-06, 1.3254912119e-06, 1.1624702978e-07, 1.12595500923e-06, 1.33575349537e-06, 2.981030093e-06, 9.26399252421e-07, 2.44595753429e-07, 3.16624863217e-07, 9.78164393928e-07, 3.42694249866e-07, 2.77030608231e-07, 6.59334318698e-07, 3.85273722259e-07, 7.98561245574e-07, 1.48059513094e-07, 3.04710781052e-08, 1.66281584058e-08, 5.16526510452e-09],
        "max": [0.0908742398024, 0.755565345287, 0.231166005135, 0.0992089807987, 0.109894633293, 0.037308242172, 0.0421021580696, 0.0188857167959, 0.0220220685005, 0.0314671173692, 0.00463868584484, 0.0153803648427, 0.0132475746796, 0.0202532131225, 0.0134360287338, 0.00631801877171, 0.00610106252134, 0.0211935676634, 0.00778816780075, 0.00444037048146, 0.00978445261717, 0.00660166610032, 0.0116228200495, 0.0054538063705, 0.00138720241375, 0.00126337446272, 0.000754141539801],
        "mean": [0.00218046247028, 0.0233473163098, 0.00577793037519, 0.00257747783326, 0.00662662507966, 0.00174269464333, 0.00132415851112, 0.000507380696945, 0.000407324754633, 0.000437850976596, 8.2925442257e-05, 0.000224241899559, 0.00024700796348, 0.000271472817985, 0.000235742045334, 0.000147747123265, 0.000144081714097, 8.8103908638e-05, 0.000107751431642, 9.16359349503e-05, 0.000178589485586, 0.000169367631315, 0.000253205507761, 0.000125037477119, 4.4790958782e-05, 2.55640661635e-05, 1.37197321237e-05],
        "median": [0.000184488511877, 0.001377875451, 0.00209924206138, 0.000544734066352, 0.00199248502031, 0.00050277786795, 0.00041768909432, 0.00011066425941, 7.7770317148e-05, 4.17376140831e-05, 1.14703052532e-05, 1.07767282316e-05, 2.10779526242e-05, 1.62530886882e-05, 1.25807882796e-05, 9.54422648647e-06, 9.21498667594e-06, 5.54815369469e-06, 6.85838676873e-06, 2.70305531558e-06, 1.32073705572e-06, 1.27533530758e-06, 2.21511004384e-06, 5.76082038606e-06, 3.89144815927e-06, 2.24285372497e-06, 7.13440499567e-07],
        "min": [2.51769473325e-11, 2.58432927835e-11, 3.06200117345e-12, 1.30697850546e-12, 2.5471257048e-12, 1.17348643823e-12, 5.22258777023e-13, 6.34648204215e-13, 4.00669813083e-13, 3.65681850035e-13, 1.86207101713e-13, 5.35989330176e-13, 4.97276536355e-13, 4.60015435032e-13, 4.83758757878e-13, 8.32905792947e-13, 3.49801595025e-13, 6.70000350773e-13, 7.14408458606e-13, 8.22827862703e-13, 1.08782752771e-12, 1.80057715699e-12, 1.92728819015e-12, 1.9646138015e-12, 3.23233735784e-12, 4.00960428054e-12, 5.50931609361e-12],
        "var": [4.16902075813e-05, 0.00635233940557, 0.000211002843571, 6.02092732152e-05, 0.000110135792056, 1.0966760783e-05, 9.37329696171e-06, 1.72218392436e-06, 1.45051842537e-06, 2.88322144115e-06, 6.28039487083e-08, 1.0505264072e-06, 8.50885783166e-07, 1.40953181926e-06, 7.49786295273e-07, 2.07697112842e-07, 2.15436486428e-07, 4.97588018789e-07, 1.67936690332e-07, 1.2192437282e-07, 5.45558066278e-07, 4.15618245597e-07, 9.55474433795e-07, 1.84868952147e-07, 1.93820977046e-08, 7.58945883916e-09, 2.57049026509e-09]
    },
    "erbbands": {
        "dmean": [0.842393875122, 3.63116359711, 5.94556570053, 7.06195878983, 7.65636873245, 15.9596662521, 7.41022109985, 12.9170389175, 13.2830047607, 13.3001327515, 6.87716245651, 5.83073091507, 6.27585840225, 3.26547527313, 3.75468397141, 7.94749259949, 10.4136285782, 13.8435821533, 12.486656189, 8.53082275391, 7.04662561417, 6.82371091843, 4.7765083313, 5.06699562073, 5.87033510208, 3.98809456825, 6.22935581207, 5.32043838501, 4.48255586624, 5.27840280533, 5.56692314148, 2.62252092361, 1.19227349758, 0.492897242308, 0.262510865927, 0.106585487723, 0.0447833314538, 0.0161843616515, 0.00233093905263, 0.000122717639897],
        "dmean2": [1.23137295246, 5.77256917953, 9.81415557861, 11.8977565765, 11.9670772552, 22.9249382019, 11.6135568619, 19.8493041992, 20.939781189, 20.0386447906, 10.4603443146, 8.68503284454, 8.92179870605, 5.01127958298, 5.78704881668, 12.2570505142, 15.6141929626, 21.4751625061, 19.2096824646, 12.6931934357, 10.6771249771, 10.4358577728, 7.69432735443, 7.86652135849, 9.63370800018, 6.49633026123, 9.50503826141, 7.97401189804, 6.45383119583, 7.44793796539, 7.80348825455, 3.72370433807, 1.72253882885, 0.705096960068, 0.394733905792, 0.161568328738, 0.0686310976744, 0.0244640931487, 0.00353685766459, 0.000173494729097],
        "dvar": [9.00603199005, 165.718826294, 394.234832764, 542.685546875, 261.800415039, 822.038574219, 242.926040649, 775.141906738, 1590.11071777, 1227.95410156, 476.60848999, 522.965881348, 1009.36016846, 159.894546509, 158.707962036, 864.41583252, 1177.88244629, 2876.13989258, 1914.68212891, 634.643798828, 363.222717285, 414.201568604, 831.029296875, 564.579650879, 390.988311768, 186.645736694, 593.961608887, 364.784362793, 245.714004517, 353.48739624, 385.41293335, 69.1248779297, 13.6847333908, 2.15171837807, 0.726348280907, 0.151354283094, 0.021561767906, 0.00314541393891, 6.38768688077e-05, 1.54115909368e-07],
        "dvar2": [18.3521728516, 380.642578125, 1064.76452637, 1482.02380371, 658.887817383, 1666.56567383, 568.854187012, 1746.625, 4103.49804688, 2398.3269043, 995.417724609, 1099.01977539, 1955.71520996, 331.223907471, 302.290252686, 1787.62817383, 2342.16381836, 6375.82568359, 4263.20019531, 1207.3236084, 755.920532227, 890.318359375, 1923.30932617, 1218.09924316, 947.757751465, 454.064453125, 1300.42932129, 710.897155762, 472.66317749, 655.23223877, 707.840087891, 124.030937195, 27.847869873, 4.47464847565, 1.70051729679, 0.365871787071, 0.0504996329546, 0.00695453258231, 0.000144214383909, 3.27420650592e-07],
        "max": [26.4338569641, 149.461990356, 236.300735474, 289.446929932, 210.646331787, 519.211608887, 294.939208984, 389.11428833, 713.539916992, 731.931213379, 369.25579834, 592.670837402, 1225.28405762, 444.15335083, 373.134887695, 684.210144043, 692.28704834, 1154.5657959, 838.835266113, 469.788482666, 382.895385742, 322.468292236, 935.11126709, 683.518859863, 378.767974854, 223.217590332, 401.850372314, 334.363098145, 230.700866699, 331.056518555, 335.844207764, 146.117523193, 56.7917251587, 24.2314567566, 12.8113880157, 6.82199716568, 2.0736246109, 0.762341797352, 0.117269061506, 0.00667293695733],
        "mean": [0.904494643211, 4.26992321014, 7.08270454407, 8.27413749695, 11.631360054, 30.7307357788, 12.6559228897, 16.8500270844, 17.5392627716, 19.6702442169, 9.38000488281, 9.76115512848, 13.2799491882, 8.79498195648, 4.79561805725, 9.89987468719, 11.8877820969, 14.0685062408, 13.0185565948, 9.80195045471, 8.91970157623, 7.8859667778, 4.71120691299, 5.16188669205, 5.71040010452, 3.93529677391, 6.92921590805, 6.35708045959, 5.86996364594, 6.98430919647, 7.41512012482, 3.61608171463, 1.56122100353, 0.595542311668, 0.28789165616, 0.10908768326, 0.0455866120756, 0.0161978397518, 0.00236862921156, 0.000157350936206],
        "median": [0.0416803397238, 0.299961298704, 2.25453996658, 2.58498454094, 4.56286907196, 7.08216381073, 5.55948495865, 4.22558259964, 5.3866891861, 5.91030883789, 2.07869386673, 1.9003636837, 1.45867073536, 0.910335361958, 0.618386745453, 0.589742481709, 0.999211907387, 0.99691349268, 0.751084029675, 0.644997477531, 0.593194723129, 0.527532458305, 0.34115037322, 0.348127990961, 0.307097762823, 0.133620306849, 0.0702897012234, 0.0474710203707, 0.0410946495831, 0.0639141872525, 0.0644590631127, 0.0984042435884, 0.0957849249244, 0.0461807511747, 0.0247483216226, 0.0104563385248, 0.00360736856237, 0.000909088354092, 0.00014017126523, 4.01594625146e-05],
        "min": [1.35575906057e-09, 2.42751174717e-09, 4.35811564614e-09, 3.79197251377e-09, 7.67364216614e-09, 8.19953616116e-09, 5.61779245345e-09, 1.1911945208e-08, 6.91894985749e-09, 1.00118597857e-08, 1.6034494621e-08, 7.6692936446e-09, 1.06113784426e-08, 1.22113146261e-08, 9.95579707563e-09, 2.40541755403e-08, 2.42900011216e-08, 2.47750744364e-08, 2.40381741179e-08, 2.95506019654e-08, 4.08566016574e-08, 2.1316571619e-08, 3.40181500746e-08, 3.93074657268e-08, 3.64243888384e-08, 3.79337912193e-08, 5.21261043218e-08, 3.61334180354e-08, 5.44570148975e-08, 5.65502915606e-08, 6.1315645894e-08, 4.32774704962e-08, 3.57692648834e-08, 2.69882001191e-08, 2.61869850249e-08, 1.64067035513e-08, 7.61989493725e-09, 2.69242428352e-09, 8.14755485301e-10, 7.55035894917e-11],
        "var": [11.1440048218, 200.405212402, 330.754364014, 429.052032471, 368.102020264, 2927.4152832, 432.756866455, 1208.71166992, 1599.13305664, 2055.87109375, 645.345581055, 855.028808594, 3541.02636719, 1076.8951416, 258.421234131, 1876.52514648, 1849.24914551, 3637.62280273, 2384.13598633, 1108.94299316, 686.104187012, 653.064819336, 995.345581055, 816.29107666, 439.054504395, 206.370483398, 883.322631836, 638.060058594, 502.277709961, 711.321899414, 844.027648926, 170.778625488, 27.1638145447, 3.55371665955, 0.852161824703, 0.149891719222, 0.0232159588486, 0.00353805790655, 7.21590186004e-05, 2.0205806095e-07]
    },
    "gfcc": {
        "mean": [-85.5812835693, 109.903526306, -61.4134750366, 18.309463501, -43.792591095, 5.19116830826, -42.7630577087, 5.23762321472, -17.0676193237, -0.44128999114, -10.3762626648, -4.3974814415, -12.9237985611],
        "cov": [[13643.5, -351.594146729, -389.177398682, 774.337646484, -81.0560684204, 310.439331055, -380.830200195, 63.9191474915, -38.2691688538, 61.5271606445, 85.5139541626, -49.0545768738, -120.631278992], [-351.594146729, 3150.02612305, 393.169342041, -933.554870605, 511.419464111, -345.777923584, -172.81300354, 114.03263855, -107.801521301, -304.858856201, 74.2677993774, 33.0740509033, 94.6487579346], [-389.177398682, 393.169342041, 1240.81799316, 210.135467529, -10.0331459045, 126.04825592, 195.869552612, -2.54358959198, -24.8696613312, -8.86043071747, 7.19390153885, 72.5141067505, 53.2835769653], [774.337646484, -933.554870605, 210.135467529, 953.532531738, -76.5581970215, 97.8287353516, 150.183303833, -137.502716064, 50.7544517517, 111.417449951, -9.84106254578, 3.46691632271, 2.07591962814], [-81.0560684204, 511.419464111, -10.0331459045, -76.5581970215, 612.895629883, -24.9165439606, -245.088882446, 64.9396743774, 23.3891906738, -23.5961494446, 20.7216510773, -29.6104793549, 0.865238070488], [310.439331055, -345.777923584, 126.04825592, 97.8287353516, -24.9165439606, 292.919342041, 144.061248779, 5.86313486099, 13.8993597031, 70.6529388428, 0.91594427824, 5.09470272064, -21.5044708252], [-380.830200195, -172.81300354, 195.869552612, 150.183303833, -245.088882446, 144.061248779, 603.663513184, 16.4914455414, 67.9640197754, 81.9164352417, -52.9972381592, 104.93069458, 42.6320457458], [63.9191474915, 114.03263855, -2.54358959198, -137.502716064, 64.9396743774, 5.86313486099, 16.4914455414, 234.527023315, 50.4682731628, -28.1268386841, -6.26230478287, 6.26671886444, 25.7508563995], [-38.2691688538, -107.801521301, -24.8696613312, 50.7544517517, 23.3891906738, 13.8993597031, 67.9640197754, 50.4682731628, 165.353988647, 64.8226623535, -32.9031524658, 13.1489210129, 35.06690979], [61.5271606445, -304.858856201, -8.86043071747, 111.417449951, -23.5961494446, 70.6529388428, 81.9164352417, -28.1268386841, 64.8226623535, 181.553634644, 22.6980800629, 5.46844482422, -7.15068292618], [85.5139541626, 74.2677993774, 7.19390153885, -9.84106254578, 20.7216510773, 0.91594427824, -52.9972381592, -6.26230478287, -32.9031524658, 22.6980800629, 131.056716919, 16.0155563354, -24.8797187805], [-49.0545768738, 33.0740509033, 72.5141067505, 3.46691632271, -29.6104793549, 5.09470272064, 104.93069458, 6.26671886444, 13.1489210129, 5.46844482422, 16.0155563354, 127.294326782, 33.5488853455], [-120.631278992, 94.6487579346, 53.2835769653, 2.07591962814, 0.865238070488, -21.5044708252, 42.6320457458, 25.7508563995, 35.06690979, -7.15068292618, -24.8797187805, 33.5488853455, 95.8873596191]],
        "icov": [[0.00010324910545, -0.00013361441961, 0.000111679335532, -0.000248412456131, 0.000183856740477, -0.000290693657007, 0.000245475297561, -0.000202619485208, 4.73290529044e-05, -0.000128513449454, 0.000130681626615, -0.000176243731403, 0.000152201479068], [-0.00013361441961, 0.00117167038843, -0.00061199668562, 0.00127920438536, -0.00114793714602, 0.00138231436722, -0.00100877508521, 0.000777575711254, -0.000101197569165, 0.00120723061264, -0.00114300951827, 0.000765648961533, -0.000889611663297], [0.000111679335532, -0.00061199668562, 0.00130133784842, -0.000919597921893, 0.000501244154293, -0.00114606809802, 0.00035122904228, -0.000487478333525, 0.000424353318522, -0.000346686021658, 0.000414643582189, -0.000676749681588, -8.21117209853e-05], [-0.000248412456131, 0.00127920438536, -0.000919597921893, 0.00284854276106, -0.00130459631328, 0.00148572062608, -0.00143707322422, 0.00183003756683, -0.000625529617537, 0.000925676198676, -0.00127049477305, 0.00122251757421, -0.00109300715849], [0.000183856740477, -0.00114793714602, 0.000501244154293, -0.00130459631328, 0.00327438046224, -0.00170103251003, 0.00213954295032, -0.00134427123703, -0.000444143544883, -0.00116345088463, 0.00106761348434, -0.00100219051819, 0.000816161336843], [-0.000290693657007, 0.00138231436722, -0.00114606809802, 0.00148572062608, -0.00170103251003, 0.00639302283525, -0.00243006367236, 0.000557007326279, 0.000358629738912, -8.95102421055e-05, -0.00117520103231, 0.00150488561485, 0.00028517661849], [0.000245475297561, -0.00100877508521, 0.00035122904228, -0.00143707322422, 0.00213954295032, -0.00243006367236, 0.00420697359368, -0.0013461553026, -0.000231911573792, -0.00185649644118, 0.00235382211395, -0.00297904247418, 0.000666692038067], [-0.000202619485208, 0.000777575711254, -0.000487478333525, 0.00183003756683, -0.00134427123703, 0.000557007326279, -0.0013461553026, 0.00637650303543, -0.00247413711622, 0.00242563616484, -0.00164738786407, 0.00116724101827, -0.0015181764029], [4.73290529044e-05, -0.000101197569165, 0.000424353318522, -0.000625529617537, -0.000444143544883, 0.000358629738912, -0.000231911573792, -0.00247413711622, 0.00980357453227, -0.00415828777477, 0.00264035840519, -0.000565103546251, -0.00222340226173], [-0.000128513449454, 0.00120723061264, -0.000346686021658, 0.000925676198676, -0.00116345088463, -8.95102421055e-05, -0.00185649644118, 0.00242563616484, -0.00415828777477, 0.0100152101368, -0.00398983294144, 0.00153921626043, -0.000322459352901], [0.000130681626615, -0.00114300951827, 0.000414643582189, -0.00127049477305, 0.00106761348434, -0.00117520103231, 0.00235382211395, -0.00164738786407, 0.00264035840519, -0.00398983294144, 0.0112036727369, -0.00376545637846, 0.00317374360748], [-0.000176243731403, 0.000765648961533, -0.000676749681588, 0.00122251757421, -0.00100219051819, 0.00150488561485, -0.00297904247418, 0.00116724101827, -0.000565103546251, 0.00153921626043, -0.00376545637846, 0.0115583082661, -0.00396987982094], [0.000152201479068, -0.000889611663297, -8.21117209853e-05, -0.00109300715849, 0.000816161336843, 0.00028517661849, 0.000666692038067, -0.0015181764029, -0.00222340226173, -0.000322459352901, 0.00317374360748, -0.00396987982094, 0.0147372120991]]
    },
    "melbands": {
        "dmean": [0.00628042826429, 0.00348040368408, 0.00117255083751, 0.000867093855049, 0.000343250198057, 0.000278030784102, 0.000205646661925, 0.000132267567096, 5.30453435204e-05, 3.548766108e-05, 3.06839647237e-05, 1.32491804834e-05, 1.1214467122e-05, 1.72597883648e-05, 2.55338436546e-05, 2.28052722377e-05, 2.72137422144e-05, 2.10284124478e-05, 1.59641786013e-05, 8.86672569322e-06, 8.62454089656e-06, 8.38411506265e-06, 3.55858423973e-06, 5.01883414472e-06, 3.97435087507e-06, 4.45658906756e-06, 3.71861278836e-06, 2.50093307841e-06, 3.65770733879e-06, 4.61299987364e-06, 2.64323898591e-06, 2.42233795689e-06, 2.92383765554e-06, 3.20428557643e-06, 3.72430736206e-06, 2.15718773688e-06, 1.4490454987e-06, 9.33331989472e-07, 5.44870943031e-07, 3.9065588453e-07],
        "dmean2": [0.00913898088038, 0.00570089323446, 0.00197494938038, 0.00125157623552, 0.0005169903161, 0.000425866019214, 0.000317539263051, 0.000201864080736, 8.04280061857e-05, 5.32334452146e-05, 4.38613169536e-05, 2.06219683605e-05, 1.76961675606e-05, 2.74922967947e-05, 3.95961906179e-05, 3.50640548277e-05, 4.29747597082e-05, 3.30322618538e-05, 2.42424212047e-05, 1.32609602588e-05, 1.31410470203e-05, 1.289665488e-05, 5.67062033952e-06, 8.49311618367e-06, 6.11723680777e-06, 7.34037166694e-06, 6.142345228e-06, 4.15485874328e-06, 5.77172613703e-06, 7.19472200217e-06, 3.93269556298e-06, 3.57049566446e-06, 4.17018782173e-06, 4.6218560783e-06, 5.35875597052e-06, 3.0056378364e-06, 2.13513226299e-06, 1.3708431652e-06, 8.10089090919e-07, 5.71625207613e-07],
        "dvar": [0.000485203869175, 0.000119774762425, 1.4355005078e-05, 2.33177502196e-06, 3.82397473686e-07, 3.52404015302e-07, 3.24314612499e-07, 1.2119132009e-07, 3.08629743984e-08, 1.85667339281e-08, 2.4175697888e-08, 2.96769342434e-09, 1.19076426497e-09, 4.42642855703e-09, 9.42020861316e-09, 6.43155084745e-09, 1.23559082965e-08, 6.57362209111e-09, 2.61199550877e-09, 6.249054052e-10, 6.11385664318e-10, 6.59805043934e-10, 1.07947838168e-10, 1.87913085092e-09, 3.26324994804e-10, 2.37942193726e-10, 1.72369715723e-10, 9.63941287901e-11, 2.01625605101e-10, 4.12471945488e-10, 8.32247187832e-11, 7.10402361936e-11, 1.35159966552e-10, 1.37487021767e-10, 1.94094143535e-10, 5.14822490194e-11, 2.28435100696e-11, 8.473610702e-12, 2.90208785822e-12, 1.45425978117e-12],
        "dvar2": [0.00097521772841, 0.000295650097542, 3.90678978874e-05, 4.88277555633e-06, 8.48038951062e-07, 7.98662654233e-07, 8.01545468221e-07, 2.46498842671e-07, 6.2787883337e-08, 3.92901355895e-08, 4.63744278534e-08, 6.14545037081e-09, 2.45923015285e-09, 9.71951941153e-09, 1.91045046449e-08, 1.33131141666e-08, 2.85310353121e-08, 1.55177719563e-08, 5.11677367143e-09, 1.25565213782e-09, 1.28551491674e-09, 1.44187828344e-09, 2.27869112468e-10, 4.64268135048e-09, 6.86333823108e-10, 5.86088844123e-10, 4.10369876969e-10, 2.37381669876e-10, 4.71241101696e-10, 8.6565293822e-10, 1.65477728742e-10, 1.42746189868e-10, 2.7289484561e-10, 2.78668449427e-10, 3.79703046782e-10, 8.98924892856e-11, 4.55165627411e-11, 1.71774400259e-11, 6.50350997014e-12, 3.07575644641e-12],
        "max": [0.222861081362, 0.116942085326, 0.0456333905458, 0.0313164591789, 0.00796473119408, 0.00845453236252, 0.00930218026042, 0.00637853099033, 0.00327971740626, 0.00354642770253, 0.00602383445948, 0.00197234237567, 0.000877766287886, 0.00122235773597, 0.00252179498784, 0.0014801393263, 0.00244223722257, 0.00167391181458, 0.000996014336124, 0.000497687375173, 0.000487872835947, 0.000397939787945, 0.000251699675573, 0.00145922868978, 0.000533953367267, 0.000309939088766, 0.000235345185502, 0.000188524281839, 0.000201899616513, 0.000363248807844, 0.000180666786036, 0.000147471379023, 0.00021515993285, 0.000208530967939, 0.000263864028966, 0.000122471319628, 0.00011635878036, 4.82826289954e-05, 2.73263285635e-05, 2.06836648431e-05],
        "mean": [0.00717728817835, 0.00441684899852, 0.00144049304072, 0.00164124160074, 0.000641239166725, 0.000361759070074, 0.00027692868025, 0.000194314256078, 7.28970189812e-05, 5.87157046539e-05, 6.51249429211e-05, 3.61260172212e-05, 1.35861246235e-05, 2.06424247153e-05, 2.99775711028e-05, 2.46169402089e-05, 2.61891309492e-05, 2.06139011425e-05, 1.69914183061e-05, 1.00917613963e-05, 1.06777415567e-05, 9.45913507167e-06, 3.72018917005e-06, 4.72143483421e-06, 4.02552223022e-06, 4.21613458457e-06, 3.57660428563e-06, 2.35816241911e-06, 3.82464668292e-06, 5.19347895533e-06, 3.07013897327e-06, 3.13074156111e-06, 3.59976456821e-06, 4.07884135711e-06, 4.81020333609e-06, 2.9438342608e-06, 1.89483648683e-06, 1.20080130728e-06, 6.51633229154e-07, 4.48339449122e-07],
        "median": [0.000389596330933, 0.000983474077657, 0.000535455765203, 0.000463572359877, 0.000251833553193, 9.57754236879e-05, 8.53247911436e-05, 5.56823433726e-05, 1.50389487317e-05, 1.13852020149e-05, 6.95688868291e-06, 3.04243599203e-06, 1.83239785656e-06, 1.18953141737e-06, 1.94111908058e-06, 1.99014107238e-06, 1.62238529811e-06, 1.15006514534e-06, 8.97777965747e-07, 7.10731399067e-07, 6.3796375116e-07, 5.485658221e-07, 3.14907225629e-07, 2.45073124461e-07, 2.46741251431e-07, 2.27705911016e-07, 1.4047263619e-07, 6.06660748304e-08, 4.03889650613e-08, 2.97218019085e-08, 2.41364546127e-08, 1.98766514359e-08, 2.51086813563e-08, 3.69666075528e-08, 3.11431094246e-08, 3.79094231562e-08, 6.1186376854e-08, 6.53791687455e-08, 4.14435135099e-08, 2.89447950053e-08],
        "min": [1.09159981401e-11, 3.10520185953e-12, 7.78468435547e-13, 6.2703986968e-13, 2.2218164808e-13, 2.51584424951e-13, 1.06988738344e-13, 1.02971498244e-13, 1.31661120808e-13, 4.64688373501e-14, 5.27906643638e-14, 4.9853496304e-14, 3.02223117409e-14, 4.59362670786e-14, 7.52289533836e-14, 4.66984679821e-14, 4.32187414383e-14, 3.36253275929e-14, 4.16486506741e-14, 4.86534742345e-14, 4.47934536143e-14, 1.73093893277e-14, 2.64885600162e-14, 3.70966685105e-14, 3.08617403009e-14, 2.80660352137e-14, 2.52395049034e-14, 2.56012896158e-14, 3.26729203588e-14, 2.85820493792e-14, 1.94734636402e-14, 2.94321587501e-14, 3.77361580569e-14, 2.72851199642e-14, 3.39412031195e-14, 2.39639749288e-14, 2.71015967236e-14, 2.63886219869e-14, 2.29156649304e-14, 2.1263327267e-14],
        "var": [0.000638137804344, 0.000135700960527, 1.14732092698e-05, 7.44101589589e-06, 1.02315505046e-06, 5.37131029432e-07, 3.74344239162e-07, 1.92299609125e-07, 4.30397228968e-08, 3.06455376631e-08, 8.60565378957e-08, 2.07160582022e-08, 1.72237235585e-09, 7.82664155707e-09, 1.72596852366e-08, 8.62365556742e-09, 1.4268942472e-08, 7.01929447899e-09, 3.98849175909e-09, 1.10747344628e-09, 1.08254682996e-09, 1.01598607305e-09, 1.57620069774e-10, 1.96637373051e-09, 4.85303019993e-10, 2.51712872767e-10, 2.00286329188e-10, 9.89077916791e-11, 2.63498639574e-10, 6.00802019246e-10, 1.47754072866e-10, 1.4618464772e-10, 2.19456744444e-10, 2.56491966555e-10, 3.85529441704e-10, 1.26867169548e-10, 4.80970090144e-11, 1.7056439594e-11, 4.44218663589e-12, 2.21774053115e-12]
    },
    "mfcc": {
        "mean": [-749.225891113, 155.645980835, 35.9534072876, 21.7378120422, 21.2557792664, 0.0335493795574, -4.47455263138, -0.496697336435, -5.61288738251, 5.37571907043, 0.330824017525, -0.203012272716, -2.1060628891],
        "cov": [[9645.51367188, -1422.02355957, -191.922729492, 417.324920654, 374.422698975, 341.708953857, 47.2870292664, 58.6035766602, -121.256576538, 205.1065979, 6.95645999908, 65.9207077026, 37.5565185547], [-1422.02355957, 3958.52514648, -112.567314148, -405.009460449, 570.075439453, -577.298706055, 60.8179016113, 102.557273865, -0.643075346947, -362.644470215, -20.7671146393, -11.5237083435, 3.03333926201], [-191.922729492, -112.567314148, 1212.39904785, 271.924621582, -266.97756958, 240.348846436, 159.593261719, 95.3817596436, 76.9023666382, -25.4752655029, -12.7066669464, 49.2039794922, 27.299741745], [417.324920654, -405.009460449, 271.924621582, 624.480041504, 7.80563783646, 201.91796875, -7.97460842133, 19.4838752747, 19.1508922577, 48.0526275635, -30.663854599, -36.2332992554, 48.9807929993], [374.422698975, 570.075439453, -266.97756958, 7.80563783646, 841.229797363, -158.123718262, -78.8663330078, -83.7802429199, -130.754165649, 8.09475708008, -64.3361663818, -22.9188137054, -11.5455636978], [341.708953857, -577.298706055, 240.348846436, 201.91796875, -158.123718262, 443.960327148, 87.3014068604, -14.2247753143, 55.9206771851, 37.2744255066, 59.6352539062, 40.7775726318, 28.5824718475], [47.2870292664, 60.8179016113, 159.593261719, -7.97460842133, -78.8663330078, 87.3014068604, 214.055023193, 62.8655776978, 23.0343990326, -24.1089382172, 51.5667266846, 42.2998542786, 15.1960353851], [58.6035766602, 102.557273865, 95.3817596436, 19.4838752747, -83.7802429199, -14.2247753143, 62.8655776978, 208.793121338, 91.7272338867, -24.5393791199, 9.88584136963, 9.88426113129, 16.8718013763], [-121.256576538, -0.643075346947, 76.9023666382, 19.1508922577, -130.754165649, 55.9206771851, 23.0343990326, 91.7272338867, 283.46206665, 48.0029373169, 26.223192215, 23.5273914337, 9.17710971832], [205.1065979, -362.644470215, -25.4752655029, 48.0526275635, 8.09475708008, 37.2744255066, -24.1089382172, -24.5393791199, 48.0029373169, 204.757202148, 15.5396289825, -15.4240550995, -12.0217189789], [6.95645999908, -20.7671146393, -12.7066669464, -30.663854599, -64.3361663818, 59.6352539062, 51.5667266846, 9.88584136963, 26.223192215, 15.5396289825, 145.225021362, 41.6536331177, 5.61709880829], [65.9207077026, -11.5237083435, 49.2039794922, -36.2332992554, -22.9188137054, 40.7775726318, 42.2998542786, 9.88426113129, 23.5273914337, -15.4240550995, 41.6536331177, 109.207939148, 25.7100124359], [37.5565185547, 3.03333926201, 27.299741745, 48.9807929993, -11.5455636978, 28.5824718475, 15.1960353851, 16.8718013763, 9.17710971832, -12.0217189789, 5.61709880829, 25.7100124359, 113.927398682]],
