{
"lowlevel": {
    "average_loudness": 0.360165834427,
    "barkbands_crest": {
        "dmean": 2.88867211342,
        "dmean2": 4.87569618225,
        "dvar": 6.60437202454,
        "dvar2": 18.4314002991,
        "max": 24.4538402557,
        "mean": 9.17482852936,
        "median": 8.20197200775,
        "min": 2.82639312744,
        "var": 14.5458564758
    },
    "barkbands_flatness_db": {
        "dmean": 0.0211710967124,
        "dmean2": 0.0340566374362,
        "dvar": 0.000318498583511,
        "dvar2": 0.00084957818035,
        "max": 0.317052006721,
        "mean": 0.194698736072,
        "median": 0.196329221129,
        "min": 0.0350169874728,
        "var": 0.00115633103997
    },
    "barkbands_kurtosis": {
        "dmean": 2.29169988632,
        "dmean2": 3.90782022476,
        "dvar": 23.5014152527,
        "dvar2": 68.218170166,
        "max": 76.5642318726,
        "mean": 3.03893518448,
        "median": 0.454042196274,
        "min": -1.6524541378,
        "var": 47.2064552307
    },
    "barkbands_skewness": {
        "dmean": 0.505522429943,
        "dmean2": 0.825024604797,
        "dvar": 0.230832248926,
        "dvar2": 0.65113055706,
        "max": 7.64530467987,
        "mean": 0.923508524895,
        "median": 0.58028203249,
        "min": -1.94168448448,
        "var": 1.50740396976
    },
    "barkbands_spread": {
        "dmean": 2.5600130558,
        "dmean2": 4.2294011116,
        "dvar": 4.9962439537,
        "dvar2": 12.0896625519,
        "max": 53.4127120972,
        "mean": 10.5748348236,
        "median": 10.0403594971,
        "min": 1.46280276775,
        "var": 17.8245162964
    },
    "dissonance": {
        "dmean": 0.0352829284966,
        "dmean2": 0.059789404273,
        "dvar": 0.000869108713232,
        "dvar2": 0.00247865146957,
        "max": 0.499681353569,
        "mean": 0.422908365726,
        "median": 0.430084884167,
        "min": 0.215742483735,
        "var": 0.00220699468628
    },
    "dynamic_complexity": 4.19462156296,
    "erbbands_crest": {
        "dmean": 3.47738909721,
        "dmean2": 5.83487796783,
        "dvar": 9.15235519409,
        "dvar2": 24.5095252991,
        "max": 30.5296840668,
        "mean": 10.5750074387,
        "median": 9.65989971161,
        "min": 2.90399074554,
        "var": 19.7220916748
    },
    "erbbands_flatness_db": {
        "dmean": 0.0192453768104,
        "dmean2": 0.0300936102867,
        "dvar": 0.000260600441834,
        "dvar2": 0.000604294065852,
        "max": 0.393382430077,
        "mean": 0.246733143926,
        "median": 0.268125385046,
        "min": 0.0789006203413,
        "var": 0.00464916974306
    },
    "erbbands_kurtosis": {
        "dmean": 0.964444160461,
        "dmean2": 1.63067436218,
        "dvar": 1.19899153709,
        "dvar2": 3.2550137043,
        "max": 16.4407081604,
        "mean": 0.484830021858,
        "median": 0.16627573967,
        "min": -1.38368988037,
        "var": 1.73452627659
    },
    "erbbands_skewness": {
        "dmean": 0.391076892614,
        "dmean2": 0.643163502216,
        "dvar": 0.0994735956192,
        "dvar2": 0.271350353956,
        "max": 2.58973026276,
        "mean": 0.191478431225,
        "median": 0.187718391418,
        "min": -1.9333640337,
        "var": 0.352044314146
    },
    "erbbands_spread": {
        "dmean": 4.17665672302,
        "dmean2": 6.91834592819,
        "dvar": 14.7460365295,
        "dvar2": 37.4102020264,
        "max": 66.479888916,
        "mean": 19.0798740387,
        "median": 15.425368309,
        "min": 2.32060003281,
        "var": 121.738960266
    },
    "hfc": {
        "dmean": 5.64830589294,
        "dmean2": 8.86438560486,
        "dvar": 50.6300506592,
        "dvar2": 121.325218201,
        "max": 118.432952881,
        "mean": 17.6955986023,
        "median": 16.8652763367,
        "min": 8.32823025121e-06,
        "var": 216.449813843
    },
    "melbands_crest": {
        "dmean": 3.22260451317,
        "dmean2": 5.5369348526,
        "dvar": 8.77329158783,
        "dvar2": 25.1134262085,
        "max": 31.6053695679,
        "mean": 11.2749919891,
        "median": 10.2400722504,
        "min": 3.81535291672,
        "var": 21.5506458282
    },
    "melbands_flatness_db": {
        "dmean": 0.0228545013815,
        "dmean2": 0.0363937430084,
        "dvar": 0.000408340798458,
        "dvar2": 0.00110924802721,
        "max": 0.412757724524,
        "mean": 0.273597210646,
        "median": 0.273493856192,
        "min": 0.0354333259165,
        "var": 0.00135374488309
    },
    "melbands_kurtosis": {
        "dmean": 3.98953795433,
        "dmean2": 6.799243927,
        "dvar": 80.8910827637,
        "dvar2": 235.168243408,
        "max": 137.26449585,
        "mean": 6.37250423431,
        "median": 1.19591665268,
        "min": -1.66614711285,
        "var": 168.558197021
    },
    "melbands_skewness": {
        "dmean": 0.57913172245,
        "dmean2": 0.952440857887,
        "dvar": 0.339630723,
        "dvar2": 0.972081959248,
        "max": 9.69738769531,
        "mean": 1.43008816242,
        "median": 0.972122490406,
        "min": -1.55909740925,
        "var": 2.11935687065
    },
    "melbands_spread": {
        "dmean": 3.89817667007,
        "dmean2": 6.27043581009,
        "dvar": 12.7804851532,
        "dvar2": 31.4126377106,
        "max": 85.7824249268,
        "mean": 15.4587116241,
        "median": 14.9598932266,
        "min": 1.13969624043,
        "var": 57.6014671326
    },
    "pitch_salience": {
        "dmean": 0.0792895182967,
        "dmean2": 0.135009810328,
        "dvar": 0.00463325157762,
        "dvar2": 0.0127750169486,
        "max": 0.815339207649,
        "mean": 0.582902133465,
        "median": 0.59140598774,
        "min": 0.156057730317,
        "var": 0.00827092956752
    },
    "silence_rate_20dB": {
        "dmean": 0,
        "dmean2": 0,
        "dvar": 0,
        "dvar2": 0,
        "max": 1,
        "mean": 1,
        "median": 1,
        "min": 1,
        "var": 0
    },
    "silence_rate_30dB": {
        "dmean": 0.00541795650497,
        "dmean2": 0.0108401086181,
        "dvar": 0.00538865290582,
        "dvar2": 0.0122713604942,
        "max": 1,
        "mean": 0.984912931919,
        "median": 1,
        "min": 0,
        "var": 0.01485971082
    },
    "silence_rate_60dB": {
        "dmean": 0.0282507743686,
        "dmean2": 0.0565234236419,
        "dvar": 0.0274550225586,
        "dvar2": 0.0688097774982,
        "max": 1,
        "mean": 0.0680851042271,
        "median": 0,
        "min": 0,
        "var": 0.0634523928165
    },
    "spectral_centroid": {
        "dmean": 123.982681274,
        "dmean2": 192.056045532,
        "dvar": 49148.9765625,
        "dvar2": 65523.6992188,
        "max": 11235.2685547,
        "mean": 791.556213379,
        "median": 767.363769531,
        "min": 202.203109741,
        "var": 96029.1953125
    },
    "spectral_complexity": {
        "dmean": 1.93072760105,
        "dmean2": 3.24583816528,
        "dvar": 2.45921468735,
        "dvar2": 6.60039424896,
        "max": 28,
        "mean": 14.2680854797,
        "median": 16,
        "min": 0,
        "var": 31.5223522186
    },
    "spectral_decrease": {
        "dmean": 1.87561854936e-09,
        "dmean2": 2.99045765928e-09,
        "dvar": 5.03624076946e-18,
        "dvar2": 1.25664873341e-17,
        "max": -1.25900303832e-16,
        "mean": -6.41631103804e-09,
        "median": -5.84651349556e-09,
        "min": -5.22176577533e-08,
        "var": 2.85425387068e-17
    },
    "spectral_energy": {
        "dmean": 0.0075417784974,
        "dmean2": 0.0120128858835,
        "dvar": 8.077435632e-05,
        "dvar2": 0.000201034970814,
        "max": 0.20588684082,
        "mean": 0.025821596384,
        "median": 0.0237589925528,
        "min": 1.23057108947e-09,
        "var": 0.000457264337456
    },
    "spectral_energyband_high": {
        "dmean": 1.10512210085e-05,
        "dmean2": 1.6119918655e-05,
        "dvar": 4.00667765632e-09,
        "dvar2": 7.46638662008e-09,
        "max": 0.00299840513617,
        "mean": 2.47107491305e-05,
        "median": 8.16830015538e-06,
        "min": 6.34259367249e-10,
        "var": 1.4017262906e-08
    },
    "spectral_energyband_low": {
        "dmean": 0.00146819557995,
        "dmean2": 0.0025238415692,
        "dvar": 6.45467116556e-06,
        "dvar2": 1.89481270354e-05,
        "max": 0.048067137599,
        "mean": 0.00230491301045,
        "median": 0.00149740115739,
        "min": 9.90465348627e-12,
        "var": 7.25379823052e-06
    },
    "spectral_energyband_middle_high": {
        "dmean": 0.00352417025715,
        "dmean2": 0.00560726085678,
        "dvar": 2.18334425881e-05,
        "dvar2": 5.27750889887e-05,
        "max": 0.0582393817604,
        "mean": 0.00788210984319,
        "median": 0.00677767628804,
        "min": 3.31105254325e-10,
        "var": 5.24579227204e-05
    },
    "spectral_energyband_middle_low": {
        "dmean": 0.00561117101461,
        "dmean2": 0.00894270371646,
        "dvar": 6.92931935191e-05,
        "dvar2": 0.00017485418357,
        "max": 0.200700893998,
        "mean": 0.0170293617994,
        "median": 0.0133225796744,
        "min": 2.31675428841e-10,
        "var": 0.000363447907148
    },
    "spectral_entropy": {
        "dmean": 0.140608310699,
        "dmean2": 0.224095880985,
        "dvar": 0.015444339253,
        "dvar2": 0.0348019227386,
        "max": 9.79866981506,
        "mean": 6.87881326675,
        "median": 6.80437660217,
        "min": 5.70749092102,
        "var": 0.136227369308
    },
    "spectral_flux": {
        "dmean": 0.0173057876527,
        "dmean2": 0.0295370910317,
        "dvar": 0.000259943859419,
        "dvar2": 0.000700657314155,
        "max": 0.241455689073,
        "mean": 0.0832540392876,
        "median": 0.0858247950673,
        "min": 3.50794980477e-05,
        "var": 0.00109185895417
    },
    "spectral_kurtosis": {
        "dmean": 6.88781929016,
        "dmean2": 11.8235330582,
        "dvar": 50.6947746277,
        "dvar2": 153.589569092,
        "max": 77.5203323364,
        "mean": 18.3668708801,
        "median": 16.386713028,
        "min": -1.22163760662,
        "var": 130.635025024
    },
    "spectral_rms": {
        "dmean": 0.000715496949852,
        "dmean2": 0.00114185921848,
        "dvar": 3.89669565948e-07,
        "dvar2": 9.94614879346e-07,
        "max": 0.0141726927832,
        "mean": 0.00461695715785,
        "median": 0.00481450976804,
        "min": 1.09569941742e-06,
        "var": 3.87551426684e-06
    },
    "spectral_rolloff": {
        "dmean": 195.665740967,
        "dmean2": 336.912658691,
        "dvar": 91471.5234375,
        "dvar2": 144956.484375,
        "max": 13372.1191406,
        "mean": 993.326721191,
        "median": 1055.12695312,
        "min": 64.599609375,
        "var": 254695.3125
    },
    "spectral_skewness": {
        "dmean": 0.481100916862,
        "dmean2": 0.823322892189,
        "dvar": 0.201892182231,
        "dvar2": 0.616556763649,
        "max": 6.76606369019,
        "mean": 2.90214800835,
        "median": 2.83927297592,
        "min": -0.0230442509055,
        "var": 0.636293709278
    },
    "spectral_spread": {
        "dmean": 284241,
        "dmean2": 437766.84375,
        "dvar": 642068250624,
        "dvar2": 658221957120,
        "max": 41292032,
        "mean": 2306169.25,
        "median": 1814422.125,
        "min": 944738.9375,
        "var": 1.75092426342e+12
    },
    "spectral_strongpeak": {
        "dmean": 0.882244110107,
        "dmean2": 1.46023106575,
        "dvar": 1.24937021732,
        "dvar2": 3.11870074272,
        "max": 11.2733268738,
        "mean": 1.55495142937,
        "median": 1.11922872066,
        "min": 1.89660913748e-05,
        "var": 2.47472167015
    },
    "zerocrossingrate": {
        "dmean": 0.00414736708626,
        "dmean2": 0.00538262492046,
        "dvar": 1.54486588144e-05,
        "dvar2": 2.96151210932e-05,
        "max": 0.1689453125,
        "mean": 0.0361144915223,
        "median": 0.03662109375,
        "min": 0.00390625,
        "var": 0.000135891124955
    },
    "barkbands": {
        "dmean": [0.000107601605123, 0.000878534745425, 0.000520547269844, 0.000782359507866, 0.00196510041133, 0.00128697475884, 0.00121150154155, 0.00190289085731, 0.00190764921717, 0.00177029287443, 0.00145950587466, 0.000505292031448, 0.00101157720201, 0.00129232625477, 0.000112626679766, 0.000186844248674, 0.000135955677251, 3.6158853618e-05, 3.80293568014e-05, 3.31595447278e-06, 4.33655168308e-06, 2.93613402391e-06, 1.87242153515e-06, 1.33844014272e-06, 1.0203095826e-06, 2.08537755952e-07, 3.82243605657e-08],
        "dmean2": [0.00018803650164, 0.00153818691615, 0.000883250380866, 0.00134293001611, 0.00290141347796, 0.00201992806979, 0.00201424607076, 0.00308114360087, 0.00304323947057, 0.00300813606009, 0.00241940049455, 0.000827068870421, 0.00163520511705, 0.00218016118743, 0.000189144790056, 0.000315530982334, 0.000225559429964, 6.08824739174e-05, 6.41407532385e-05, 5.04902482135e-06, 6.77959587847e-06, 4.47606407761e-06, 2.85449050352e-06, 1.9396791231e-06, 1.49409322603e-06, 3.11653792551e-07, 5.97365215071e-08],
        "dvar": [3.06162739605e-08, 2.28258500101e-06, 1.51348046984e-06, 2.35644824897e-06, 1.15341299534e-05, 2.84641441795e-06, 3.70354473489e-06, 1.70344210346e-05, 1.91710696527e-05, 7.79195579526e-06, 6.07846868661e-06, 1.1211814126e-06, 4.68452481073e-06, 6.16339411863e-06, 3.41808394921e-08, 1.13808205526e-07, 7.70240475845e-08, 1.42757148325e-08, 1.64546793968e-08, 4.64707938796e-10, 1.44348832887e-09, 3.38530398158e-10, 1.2191123111e-10, 4.78392325753e-11, 2.52477084378e-11, 7.24592315402e-13, 3.19453021165e-14],
        "dvar2": [9.02282479842e-08, 6.70493909638e-06, 4.31447506344e-06, 6.39259815216e-06, 2.09174231713e-05, 6.6412499109e-06, 1.07018859126e-05, 4.30310537922e-05, 4.43371573056e-05, 2.07660232263e-05, 1.49395445987e-05, 2.57626243183e-06, 1.07305331767e-05, 1.56117548613e-05, 9.12342628112e-08, 3.07817174416e-07, 2.00040062737e-07, 3.89478174156e-08, 4.89999543163e-08, 6.50544673686e-10, 2.94661250955e-09, 7.00299707113e-10, 3.00503011363e-10, 1.11746042974e-10, 5.58862088551e-11, 1.66013318544e-12, 7.07406748739e-14],
        "max": [0.00260531622916, 0.0185467191041, 0.0266277641058, 0.0249298829585, 0.0837428867817, 0.0247798785567, 0.026401117444, 0.112750798464, 0.117862805724, 0.0282549094409, 0.0271392092109, 0.0259766224772, 0.0324677154422, 0.0464736558497, 0.00240411283448, 0.00455555459484, 0.00713109225035, 0.00316430069506, 0.00300403218716, 0.00117391662207, 0.0017576853279, 0.00095054396661, 0.000421808828833, 0.000275740661891, 0.000184829958016, 2.20478432311e-05, 7.17103785064e-06],
        "mean": [0.000115674884, 0.0011234395206, 0.000683419872075, 0.000860931526404, 0.00388333923183, 0.00225593196228, 0.00203214515932, 0.00284688407555, 0.00320066465065, 0.00229830970056, 0.00196765363216, 0.000704760546796, 0.00140283117071, 0.00166779803112, 0.000173431850271, 0.000263696769252, 0.000206087963306, 5.06189280713e-05, 5.47234121768e-05, 6.90120032232e-06, 9.56030362431e-06, 5.69668463868e-06, 3.12794873025e-06, 2.18367608795e-06, 1.5230915551e-06, 2.98387817566e-07, 4.87175100261e-08],
        "median": [5.60901171411e-05, 0.00047103036195, 0.000354603806045, 0.000467841979116, 0.00157038366888, 0.00135859823786, 0.00120998360217, 0.000926143024117, 0.0013569034636, 0.001068241545, 0.000996991293505, 0.00039421117981, 0.000526939227711, 0.000871166470461, 0.000104797036329, 0.000169316554093, 0.000120951961435, 2.28250246437e-05, 1.88203921425e-05, 2.93995071843e-06, 2.66120605374e-06, 1.79284813839e-06, 1.08674328203e-06, 6.58786461827e-07, 4.53675369272e-07, 9.04130814661e-08, 1.26619958962e-08],
        "min": [1.51810801343e-12, 4.61929973439e-12, 1.82001072199e-12, 7.09145242528e-12, 3.79108862358e-11, 2.69341840498e-11, 7.95149085464e-11, 3.74707660733e-11, 2.37517158719e-11, 4.08092656889e-11, 2.55992692322e-11, 7.80363967889e-12, 1.90624738217e-11, 3.58490181984e-11, 5.10296006839e-11, 3.27324903293e-11, 6.80912964901e-11, 2.23683762485e-11, 1.06839172925e-11, 4.67783624336e-11, 5.88886647779e-11, 7.21091242273e-11, 2.92645560562e-11, 5.03683449116e-11, 1.80968628971e-10, 1.25843710452e-10, 1.02267735946e-10],
        "var": [3.29794822562e-08, 3.00500732919e-06, 1.31872764086e-06, 1.99923306354e-06, 5.02445036545e-05, 6.65020525048e-06, 6.56335396343e-06, 4.43536919192e-05, 4.6842800657e-05, 1.15077691589e-05, 9.16198314371e-06, 1.48333776906e-06, 7.24417623132e-06, 7.4328095252e-06, 5.1526019007e-08, 1.27740193534e-07, 1.09559088912e-07, 1.3921192199e-08, 2.35039312457e-08, 1.33944044745e-09, 4.9077515385e-09, 8.82106332423e-10, 1.49313353348e-10, 5.89979731735e-11, 3.33007579845e-11, 9.60563117762e-13, 4.14757949665e-14]
    },
    "erbbands": {
        "dmean": [0.0299551226199, 0.194472044706, 0.467972427607, 1.71422314644, 2.77534198761, 8.35098648071, 7.99386692047, 12.4041051865, 16.1125488281, 46.3822937012, 18.8192157745, 53.3078308105, 68.4694442749, 9.78828430176, 78.1106414795, 16.9752788544, 50.4005508423, 63.4447517395, 15.5041599274, 9.50930500031, 8.24016284943, 4.69746255875, 2.63138866425, 3.06002235413, 0.2952465415, 0.177026808262, 0.165874123573, 0.183838114142, 0.0935631841421, 0.0913044810295, 0.0506907254457, 0.0280269086361, 0.0235519129783, 0.01440957468, 0.00560056231916, 0.00155075825751, 0.000263394525973, 5.10868594574e-05, 9.62800731941e-06, 8.78376340552e-06],
        "dmean2": [0.0517124310136, 0.342461615801, 0.803113102913, 2.93473315239, 4.75627994537, 12.1346797943, 12.1189880371, 19.698299408, 25.0899238586, 77.5621337891, 29.5725059509, 86.4873428345, 116.202705383, 16.0817508698, 128.99079895, 27.8758926392, 81.3721923828, 107.25629425, 26.1695156097, 15.9611692429, 13.9118442535, 7.73728609085, 4.25892162323, 5.17278957367, 0.477274596691, 0.267762899399, 0.266144365072, 0.280030876398, 0.135115519166, 0.139675617218, 0.0780229493976, 0.0411604754627, 0.0340764336288, 0.0211594775319, 0.00810529012233, 0.00229642726481, 0.000392900255974, 7.74840591475e-05, 1.49128218254e-05, 1.39514586408e-05],
        "dvar": [0.00259624421597, 0.117012895644, 1.00766539574, 13.1573848724, 18.0189781189, 231.300582886, 181.606185913, 268.840759277, 526.088439941, 9775.54589844, 1353.10009766, 15294.5576172, 11491.7519531, 202.145721436, 17930.1367188, 622.587585449, 11714.3271484, 14269.3173828, 934.404052734, 239.211929321, 191.997558594, 90.7122955322, 57.4796409607, 96.5900344849, 0.775079131126, 1.16864216328, 1.9072663784, 3.48170304298, 0.262389987707, 0.241211652756, 0.0959612205625, 0.0222580432892, 0.0131373172626, 0.00580434128642, 0.000641432998236, 4.70681552542e-05, 1.01134548913e-06, 4.11948981593e-08, 1.30606869764e-09, 1.08423235667e-10],
        "dvar2": [0.00738363899291, 0.347036600113, 2.88565468788, 36.6171646118, 49.2089157104, 411.646057129, 356.634063721, 656.425598145, 1261.10583496, 27457.1621094, 3258.00708008, 36985.4765625, 30562.5332031, 497.219848633, 44106.546875, 1509.95117188, 26715.2792969, 36515.0234375, 2311.08325195, 645.193786621, 514.006530762, 231.650375366, 148.00604248, 294.496154785, 1.96251368523, 1.74018347263, 4.30480766296, 8.37548732758, 0.486728161573, 0.595144808292, 0.231612920761, 0.0543194562197, 0.0295016281307, 0.0132166296244, 0.00138886377681, 0.000106923856947, 2.3464408514e-06, 8.96201513001e-08, 2.94990232241e-09, 2.67563415868e-10],
        "max": [0.626219153404, 4.47227096558, 21.2175827026, 74.8828887939, 61.7048301697, 340.512298584, 329.685699463, 233.161514282, 285.060638428, 2495.31005859, 927.519165039, 3251.19384766, 1172.90478516, 204.661849976, 1623.50671387, 397.514953613, 1522.58251953, 2061.9140625, 616.337585449, 195.419113159, 227.625015259, 195.436553955, 198.80796814, 220.259750366, 26.4123477936, 59.7027206421, 62.7976951599, 78.8445587158, 28.5348587036, 17.5866775513, 11.6920003891, 5.84776210785, 4.52432155609, 2.95401000977, 0.742629945278, 0.165191009641, 0.0345781557262, 0.00700169149786, 0.00154367822688, 0.000231764526688],
        "mean": [0.0364724211395, 0.235568165779, 0.644571125507, 2.08867883682, 3.83121705055, 15.9562454224, 14.9798488617, 21.6509952545, 29.0637989044, 70.9135742188, 37.2919235229, 87.3118209839, 95.4562911987, 18.4084568024, 106.509963989, 30.4941425323, 71.2161712646, 86.508392334, 22.3712425232, 15.9629621506, 13.6592054367, 7.92309808731, 4.14607477188, 4.47407627106, 0.6072935462, 0.367793083191, 0.37203001976, 0.337802827358, 0.193905308843, 0.159576028585, 0.0841369256377, 0.0462058074772, 0.0366762802005, 0.0213987808675, 0.0083179762587, 0.00219916901551, 0.000400933873607, 7.30899846531e-05, 2.18112509174e-05, 3.01517266053e-05],
        "median": [0.0146774407476, 0.101379774511, 0.381165921688, 1.21256387234, 2.36936235428, 5.6065196991, 7.19018793106, 13.1769695282, 17.7841053009, 28.2851161957, 18.2141876221, 36.584526062, 49.2735481262, 13.1572351456, 55.0251693726, 22.6143703461, 28.9976825714, 48.5467185974, 13.6981172562, 11.452290535, 9.492852211, 5.14652633667, 2.1912946701, 1.56818211079, 0.332722127438, 0.158348411322, 0.122599609196, 0.0818722769618, 0.0604215450585, 0.0545603707433, 0.027415715158, 0.0151644572616, 0.0106343338266, 0.00600681453943, 0.00262088677846, 0.000659845827613, 0.000138127870741, 2.31466001424e-05, 1.55677917064e-05, 2.79714549833e-05],
        "min": [2.00714167509e-10, 7.91591681093e-10, 1.89968085706e-09, 1.35337110407e-08, 8.16593797026e-08, 1.4996999198e-07, 5.44926166413e-08, 3.14545047786e-07, 1.07187963749e-06, 9.58625150815e-07, 7.68961911035e-07, 4.32548461049e-07, 1.54217116233e-06, 8.05545653293e-07, 9.37840411552e-07, 2.17287919213e-07, 6.41979909233e-07, 1.69150825968e-06, 3.1308081816e-06, 1.46700108417e-06, 2.60120827988e-06, 3.0181170132e-06, 1.87027080756e-06, 4.78828837913e-07, 8.13695578472e-07, 2.44277339334e-06, 2.41152838498e-06, 2.1286680294e-06, 2.52776953857e-06, 1.48126162003e-06, 8.33787566989e-07, 1.50313712766e-06, 7.85251245361e-07, 1.24879204577e-06, 1.69415557139e-06, 6.31206376056e-07, 1.67679672813e-07, 7.23922468637e-08, 1.63432360978e-08, 1.54173340761e-09],
        "var": [0.00335239199921, 0.14073202014, 0.920323073864, 10.7114124298, 23.4975719452, 965.986083984, 643.539001465, 607.617919922, 1189.28161621, 20892.9921875, 4664.37451172, 34600.109375, 17642.2207031, 406.473937988, 26676.7226562, 1099.02355957, 18323.5351562, 17712.484375, 1128.27355957, 354.779266357, 289.943786621, 127.110420227, 64.2436447144, 138.679443359, 1.4945846796, 3.53602313995, 5.60749340057, 7.81545066833, 0.94659781456, 0.399228155613, 0.128534942865, 0.0259459968656, 0.0173331908882, 0.00726772658527, 0.000886223337147, 6.015384497e-05, 1.38834468544e-06, 5.90394790834e-08, 1.69357461388e-09, 6.02864702604e-10]
    },
    "gfcc": {
        "mean": [-65.6689224243, 166.211853027, -140.672073364, -8.00711727142, -47.3074951172, 6.7290725708, -38.6556472778, -1.79106771946, -11.4312124252, -6.77622842789, -6.59113883972, -5.11162757874, -5.03831958771],
        "cov": [[2958.68212891, 342.917663574, -702.365783691, -613.475952148, -255.237487793, -133.219772339, -160.604263306, -187.76675415, 25.3688831329, -129.454711914, 22.8468074799, -77.0258407593, -42.3302536011], [342.917663574, 643.35534668, -507.37286377, -498.140869141, 86.334815979, -212.355041504, -24.5088748932, -114.420959473, 61.2976379395, -140.278656006, 59.8007278442, -67.4894561768, 20.6228790283], [-702.365783691, -507.37286377, 955.200561523, 754.78729248, -36.5972213745, 246.939605713, 77.399887085, 131.570404053, -41.305103302, 161.099227905, -77.7751693726, 74.7474746704, 9.96555137634], [-613.475952148, -498.140869141, 754.78729248, 777.850646973, 9.78316020966, 239.575119019, 74.9012832642, 119.7290802, -46.0947608948, 144.709732056, -48.7917976379, 62.9606170654, -6.27642393112], [-255.237487793, 86.334815979, -36.5972213745, 9.78316020966, 165.318359375, 35.6782951355, 20.7596092224, 21.601606369, 5.94344234467, -14.5793962479, 22.7511405945, 4.67310667038, -10.9046545029], [-133.219772339, -212.355041504, 246.939605713, 239.575119019, 35.6782951355, 210.685134888, 52.2520027161, 66.3607025146, -9.20108509064, 52.2846908569, -28.3986434937, 39.4090805054, -2.16139483452], [-160.604263306, -24.5088748932, 77.399887085, 74.9012832642, 20.7596092224, 52.2520027161, 81.7455215454, 38.6885719299, 8.84852218628, 16.8233337402, -2.34451913834, 8.19453620911, 10.6337060928], [-187.76675415, -114.420959473, 131.570404053, 119.7290802, 21.601606369, 66.3607025146, 38.6885719299, 83.1854095459, 15.0707912445, 34.2804450989, -7.31623220444, 21.238910675, -1.32616043091], [25.3688831329, 61.2976379395, -41.305103302, -46.0947608948, 5.94344234467, -9.20108509064, 8.84852218628, 15.0707912445, 57.7672462463, 8.6236333847, 3.2002966404, -2.38979458809, 13.7922744751], [-129.454711914, -140.278656006, 161.099227905, 144.709732056, -14.5793962479, 52.2846908569, 16.8233337402, 34.2804450989, 8.6236333847, 80.4347610474, 6.21070814133, 18.533700943, -3.54620265961], [22.8468074799, 59.8007278442, -77.7751693726, -48.7917976379, 22.7511405945, -28.3986434937, -2.34451913834, -7.31623220444, 3.2002966404, 6.21070814133, 60.5973243713, 10.2765569687, -7.50168037415], [-77.0258407593, -67.4894561768, 74.7474746704, 62.9606170654, 4.67310667038, 39.4090805054, 8.19453620911, 21.238910675, -2.38979458809, 18.533700943, 10.2765569687, 59.8494262695, 26.6732845306], [-42.3302536011, 20.6228790283, 9.96555137634, -6.27642393112, -10.9046545029, -2.16139483452, 10.6337060928, -1.32616043091, 13.7922744751, -3.54620265961, -7.50168037415, 26.6732845306, 61.1844940186]],
        "icov": [[0.000678540440276, -0.000650730624329, 0.000604360539, -0.000236977502936, 0.00175525061786, -0.00124480971135, 0.000962909252848, 0.000154444394866, -0.000160804760526, 0.000157909482368, -7.20211100997e-05, -0.000283361470792, 0.000830990204122], [-0.000650730624329, 0.0116339391097, -0.00374479684979, 0.00423311954364, -0.00743503309786, 0.00434630550444, -0.0053275283426, 0.00991937611252, -0.0117696877569, 0.0121229877695, -0.00902983359993, 0.00652110064402, -0.00395224615932], [0.000604360539, -0.00374479684979, 0.0071047609672, -0.00574119901285, 0.00404233904555, -0.00169756158721, 0.00169881468173, -0.00380999734625, 0.00434461003169, -0.00635024532676, 0.00652164779603, -0.00395850464702, 0.00139473809395], [-0.000236977502936, 0.00423311954364, -0.00574119901285, 0.00822141394019, -0.00390123156831, 0.000174112879904, -0.00216551404446, 0.00273838546127, -0.00144621566869, 0.00181898847222, -0.00388947222382, 0.00322831980884, -0.0015185510274], [0.00175525061786, -0.00743503309786, 0.00404233904555, -0.00390123156831, 0.0158610641956, -0.00717726908624, 0.00422150921077, -0.00677345925942, 0.00413688272238, -0.00112132774666, -0.000193227358977, -0.00334663852118, 0.00479236477986], [-0.00124480971135, 0.00434630550444, -0.00169756158721, 0.000174112879904, -0.00717726908624, 0.0138440383598, -0.00680639641359, 0.00145182723645, -0.00229264306836, 0.000152092034114, 0.00424915039912, -0.0043700505048, 0.00134416983929], [0.000962909252848, -0.0053275283426, 0.00169881468173, -0.00216551404446, 0.00422150921077, -0.00680639641359, 0.0218575019389, -0.0112008405849, 0.00463719293475, -0.00340994494036, -0.00111728336196, 0.00405672984198, -0.00471503986046], [0.000154444394866, 0.00991937611252, -0.00380999734625, 0.00273838546127, -0.00677345925942, 0.00145182723645, -0.0112008405849, 0.0340880863369, -0.0197817534208, 0.00921146571636, -0.00445695687085, -0.00276558194309, 0.00484680989757], [-0.000160804760526, -0.0117696877569, 0.00434461003169, -0.00144621566869, 0.00413688272238, -0.00229264306836, 0.00463719293475, -0.0197817534208, 0.03977971524, -0.0225085522979, 0.010696131736, -0.000218200177187, -0.00644374778494], [0.000157909482368, 0.0121229877695, -0.00635024532676, 0.00181898847222, -0.00112132774666, 0.000152092034114, -0.00340994494036, 0.00921146571636, -0.0225085522979, 0.0422259196639, -0.021592836827, 0.00694914953783, -0.000313841883326], [-7.20211100997e-05, -0.00902983359993, 0.00652164779603, -0.00388947222382, -0.000193227358977, 0.00424915039912, -0.00111728336196, -0.00445695687085, 0.010696131736, -0.021592836827, 0.0386418066919, -0.0200510472059, 0.0115621630102], [-0.000283361470792, 0.00652110064402, -0.00395850464702, 0.00322831980884, -0.00334663852118, -0.0043700505048, 0.00405672984198, -0.00276558194309, -0.000218200177187, 0.00694914953783, -0.0200510472059, 0.0400815457106, -0.022413900122], [0.000830990204122, -0.00395224615932, 0.00139473809395, -0.0015185510274, 0.00479236477986, 0.00134416983929, -0.00471503986046, 0.00484680989757, -0.00644374778494, -0.000313841883326, 0.0115621630102, -0.022413900122, 0.0323175303638]]
    },
    "melbands": {
        "dmean": [0.000252612953773, 0.000239324639551, 0.000316889811074, 0.000321169674862, 0.000364816951333, 0.000292102951789, 0.000233821410802, 0.000525712734088, 0.000181646217243, 0.000301986874547, 0.000340608152328, 2.98494269373e-05, 0.00021442862635, 0.000111327171908, 8.65289548528e-05, 7.54394641262e-05, 0.00014460454986, 3.62174614565e-05, 8.49359093991e-06, 1.7571142962e-05, 8.88654631126e-06, 5.42736142961e-06, 5.84822510064e-06, 8.94716549737e-07, 3.00039391732e-06, 1.86081706488e-07, 1.3982537439e-07, 1.06300255709e-07, 1.11141019943e-07, 8.86923743337e-08, 1.26981049675e-07, 5.16305043163e-08, 6.53650289451e-08, 4.55255246834e-08, 3.38948531464e-08, 1.9549943886e-08, 1.6664499114e-08, 1.65391984552e-08, 1.66736811025e-08, 1.10893711991e-08],
        "dmean2": [0.000440385134425, 0.000411470362451, 0.000542670662981, 0.000491889484692, 0.000538040185347, 0.000457753980299, 0.000367176078726, 0.000868492585141, 0.000288789131446, 0.000490939244628, 0.00057743920479, 4.87346151203e-05, 0.000352429051418, 0.000183151249075, 0.000140153046232, 0.000120409240481, 0.00024476411636, 6.1209560954e-05, 1.42781100294e-05, 2.96313282888e-05, 1.4956412997e-05, 9.08044876269e-06, 9.52801474341e-06, 1.50970731738e-06, 5.07512731929e-06, 2.98943831467e-07, 2.19799744627e-07, 1.61124390274e-07, 1.80437496056e-07, 1.41720605029e-07, 2.00693406782e-07, 7.71040546965e-08, 1.03188931178e-07, 7.03282410086e-08, 5.28762669205e-08, 2.84270367246e-08, 2.52351810559e-08, 2.40147475239e-08, 2.47354776661e-08, 1.64148072912e-08],
        "dvar": [1.84067076248e-07, 1.96472370817e-07, 3.93688424083e-07, 2.61455511463e-07, 4.21621336955e-07, 1.4982450125e-07, 1.06419363988e-07, 1.26892848584e-06, 1.49193652987e-07, 4.63183909005e-07, 2.8605541047e-07, 2.33941910288e-09, 1.2990039977e-07, 4.05324804831e-08, 3.66757113568e-08, 2.54482017681e-08, 7.57452269795e-08, 5.84693360395e-09, 2.00087793556e-10, 9.37962374437e-10, 2.51744569635e-10, 1.1978959491e-10, 3.48219064694e-10, 4.98806378146e-12, 9.59196055916e-11, 3.08225585896e-13, 9.55293353103e-13, 3.40155610927e-13, 9.61124409227e-13, 3.91677413159e-13, 1.95971580977e-12, 8.91688727521e-14, 1.64911595664e-13, 6.15170078506e-14, 4.51338897083e-14, 1.03473231434e-14, 7.56992667335e-15, 4.75497826809e-15, 1.03601438341e-14, 2.90830520033e-15],
        "dvar2": [5.34294429144e-07, 5.77159141812e-07, 1.08096355689e-06, 4.97554992762e-07, 7.69974178638e-07, 3.56526697942e-07, 2.5953693239e-07, 3.46575802723e-06, 3.24427617215e-07, 1.12855104817e-06, 7.60608145356e-07, 5.69096414438e-09, 3.16312451787e-07, 9.82556116469e-08, 8.5400429839e-08, 5.71766598512e-08, 1.93523419512e-07, 1.43610376924e-08, 5.30657962017e-10, 2.56034993207e-09, 6.67823907285e-10, 3.11712045065e-10, 9.0086577087e-10, 1.42860090077e-11, 2.91293017485e-10, 8.1524565744e-13, 1.56644272206e-12, 5.73986713194e-13, 2.4390398555e-12, 8.02158361436e-13, 4.89602889481e-12, 1.84320901641e-13, 4.07095228838e-13, 1.5810006841e-13, 1.10025486985e-13, 2.47596336337e-14, 1.8827036894e-14, 1.00571067858e-14, 2.50854634916e-14, 6.50837966759e-15],
        "max": [0.00455802027136, 0.00818133912981, 0.0115064932033, 0.0107458131388, 0.0162254069, 0.00553500466049, 0.00402264669538, 0.0295800566673, 0.0114814303815, 0.0175954326987, 0.00574369821697, 0.000697777490132, 0.0040409672074, 0.00339295924641, 0.00327210803516, 0.00248275394551, 0.00482370890677, 0.00157893763389, 0.000192726438399, 0.000450699473731, 0.000409563654102, 0.000326786655933, 0.000477422872791, 3.91214853153e-05, 0.00021951974486, 1.6586840502e-05, 4.65278317279e-05, 3.10900359182e-05, 4.22675148002e-05, 2.88539049507e-05, 5.77104583499e-05, 1.61368789122e-05, 1.62160322361e-05, 7.8248904174e-06, 7.70644510339e-06, 4.05510945711e-06, 3.33735738423e-06, 2.53513667303e-06, 4.1588032218e-06, 1.84227644695e-06],
        "mean": [0.00032116213697, 0.00034091208363, 0.000405676924856, 0.000632398587186, 0.000689347158186, 0.000503728631884, 0.000429548759712, 0.00080379989231, 0.000348006054992, 0.000502729788423, 0.000456517765997, 4.79021691717e-05, 0.000299663632177, 0.000155822504894, 0.000118636715342, 0.000108397689473, 0.000187179204659, 4.56374509668e-05, 1.34418969537e-05, 2.62414687313e-05, 1.43250681504e-05, 8.61799162521e-06, 7.89527621237e-06, 1.46203421991e-06, 4.23994151788e-06, 3.55603333446e-07, 2.84878041157e-07, 2.02771403224e-07, 2.27084996141e-07, 1.79463199856e-07, 2.14506783891e-07, 9.85935528774e-08, 1.16212881096e-07, 7.53134585807e-08, 5.31213579791e-08, 3.09458485503e-08, 2.6624519478e-08, 2.57841747953e-08, 2.36154864552e-08, 1.62297890682e-08],
        "median": [0.000136725895572, 0.000205586969969, 0.000257392443018, 0.00029443873791, 0.000285521527985, 0.00030137723661, 0.000269957032287, 0.00030567983049, 0.000154822017066, 0.000226838063099, 0.000220266578253, 2.7940104701e-05, 0.000156368187163, 8.80565057741e-05, 4.83181211166e-05, 4.4592336053e-05, 9.9539916846e-05, 2.25388557737e-05, 8.30906537885e-06, 1.78304107976e-05, 9.19668673305e-06, 5.24218057762e-06, 3.20756157635e-06, 8.08095080629e-07, 1.33756520881e-06, 1.95639486833e-07, 1.28019166823e-07, 8.38792715285e-08, 7.02354299165e-08, 6.42423074737e-08, 4.35883471539e-08, 3.36654508715e-08, 3.39198784616e-08, 2.71534901231e-08, 1.64217475174e-08, 1.0411149276e-08, 8.54253023874e-09, 7.52149276195e-09, 6.09810202334e-09, 4.6804253806e-09],
        "min": [1.5948858987e-12, 9.70788553711e-13, 3.85344707532e-12, 9.40440780806e-12, 2.72015569791e-12, 7.22740357145e-12, 1.65159500659e-11, 9.84975209034e-12, 5.57545979871e-12, 3.03630406408e-12, 7.93435022545e-12, 3.32390018287e-12, 3.52624288276e-12, 1.19710274679e-12, 4.15358611221e-13, 2.54000683333e-12, 2.84363136337e-12, 5.00383632099e-12, 3.27421054679e-12, 1.79729722858e-12, 3.40724280387e-12, 2.85678338624e-12, 3.76228041776e-12, 4.81502804208e-13, 3.58451956268e-13, 3.50914745395e-13, 1.14112191918e-12, 1.63128484245e-12, 1.44445263042e-12, 1.48539763389e-12, 1.02584748422e-12, 1.22754562591e-12, 1.86765576962e-12, 3.86017986239e-13, 4.08450074978e-13, 6.77434399809e-13, 1.06078622449e-12, 3.86460665986e-13, 8.59601831989e-13, 9.38464475402e-13],
        "var": [2.39890198372e-07, 2.06144690651e-07, 3.37794602956e-07, 1.13686030545e-06, 1.62322646702e-06, 3.39254143e-07, 2.47856519309e-07, 2.92569825433e-06, 4.91054834129e-07, 1.04065122741e-06, 4.32246395121e-07, 4.0799750245e-09, 2.02069188049e-07, 5.71551659334e-08, 5.19419565137e-08, 4.32929851968e-08, 9.18480367318e-08, 6.70267263914e-09, 3.01716762685e-10, 1.12147757747e-09, 4.3814454842e-10, 1.84732604214e-10, 3.56446455685e-10, 6.32365861064e-12, 1.38464240074e-10, 4.47191166476e-13, 2.24475321144e-12, 9.49075562064e-13, 2.39069809956e-12, 9.96486747284e-13, 4.01313227441e-12, 2.12555694616e-13, 3.58629982265e-13, 7.23901461778e-14, 6.13031015382e-14, 1.22096572151e-14, 8.34202007466e-15, 7.05004791999e-15, 1.13408114754e-14, 3.77710625906e-15]
    },
    "mfcc": {
        "mean": [-706.007751465, 202.407211304, -27.0110855103, -5.56818389893, 4.53862905502, 2.41914534569, -12.1591501236, 0.975608348846, -3.39708614349, -4.51011800766, 2.65620851517, 0.828023970127, -3.08408617973],
        "cov": [[2876.27099609, 642.170593262, -749.296264648, -568.175537109, -306.851867676, -190.216522217, -282.057342529, -152.295394897, -174.387954712, -142.413238525, 18.9900550842, 3.42805600166, -161.988098145], [642.170593262, 980.823364258, -718.497375488, -408.773468018, -111.090339661, -182.589874268, -193.285675049, -54.6434898376, -96.0414276123, -96.27003479, -3.16191887856, 0.373506307602, -94.9722595215], [-749.296264648, -718.497375488, 868.20904541, 495.900115967, 114.378486633, 185.271514893, 187.945220947, 46.7269058228, 118.699409485, 103.919555664, -23.865568161, -1.64135718346, 110.075935364], [-568.175537109, -408.773468018, 495.900115967, 426, 107.3984375, 124.52104187, 127.107498169, 30.9525051117, 65.1595077515, 67.869758606, -3.94401240349, -0.465164989233, 63.2713394165], [-306.851867676, -111.090339661, 114.378486633, 107.3984375, 147.512542725, 71.6308364868, 59.3320083618, 42.6498794556, 21.8952064514, 16.8922176361, 12.9422693253, 4.39018583298, 17.9719829559], [-190.216522217, -182.589874268, 185.271514893, 124.52104187, 71.6308364868, 125.191680908, 86.3984909058, 34.9144058228, 40.8856468201, 24.4980278015, 1.7142983675, 10.4390544891, 28.8849105835], [-282.057342529, -193.285675049, 187.945220947, 127.107498169, 59.3320083618, 86.3984909058, 119.145301819, 49.5093650818, 28.7637557983, 29.9399223328, 12.8107357025, 6.01326990128, 27.3927783966], [-152.295394897, -54.6434898376, 46.7269058228, 30.9525051117, 42.6498794556, 34.9144058228, 49.5093650818, 73.7796325684, 40.75806427, 12.3444318771, 0.343246549368, 0.301530718803, 15.0126543045], [-174.387954712, -96.0414276123, 118.699409485, 65.1595077515, 21.8952064514, 40.8856468201, 28.7637557983, 40.75806427, 91.7678909302, 38.85754776, -20.8178482056, -6.27636623383, 30.5498352051], [-142.413238525, -96.27003479, 103.919555664, 67.869758606, 16.8922176361, 24.4980278015, 29.9399223328, 12.3444318771, 38.85754776, 71.6793136597, 18.6232872009, -12.4221868515, 9.40020561218], [18.9900550842, -3.16191887856, -23.865568161, -3.94401240349, 12.9422693253, 1.7142983675, 12.8107357025, 0.343246549368, -20.8178482056, 18.6232872009, 67.4738693237, 22.2676868439, -15.7668914795], [3.42805600166, 0.373506307602, -1.64135718346, -0.465164989233, 4.39018583298, 10.4390544891, 6.01326990128, 0.301530718803, -6.27636623383, -12.4221868515, 22.2676868439, 58.1587600708, 18.5272827148], [-161.988098145, -94.9722595215, 110.075935364, 63.2713394165, 17.9719829559, 28.8849105835, 27.3927783966, 15.0126543045, 30.5498352051, 9.40020561218, -15.7668914795, 18.5272827148, 68.818649292]],
