{
"lowlevel": {
    "average_loudness": 0.788811087608,
    "barkbands_crest": {
        "dmean": 2.56095194817,
        "dmean2": 4.02688455582,
        "dvar": 6.40070295334,
        "dvar2": 14.9871168137,
        "max": 26.3222370148,
        "mean": 11.484413147,
        "median": 10.2966718674,
        "min": 4.37705087662,
        "var": 19.521692276
    },
    "barkbands_flatness_db": {
        "dmean": 0.0369658134878,
        "dmean2": 0.0507656261325,
        "dvar": 0.00149303604849,
        "dvar2": 0.00289349118248,
        "max": 0.552395224571,
        "mean": 0.256615102291,
        "median": 0.257670015097,
        "min": 0.0435018800199,
        "var": 0.00738526927307
    },
    "barkbands_kurtosis": {
        "dmean": 11.0944042206,
        "dmean2": 16.7300930023,
        "dvar": 806.961608887,
        "dvar2": 1738.27502441,
        "max": 904.756286621,
        "mean": 18.2747821808,
        "median": 8.54546070099,
        "min": -1.89913129807,
        "var": 1514.80603027
    },
    "barkbands_skewness": {
        "dmean": 0.957044184208,
        "dmean2": 1.44385015965,
        "dvar": 1.50972056389,
        "dvar2": 3.29351735115,
        "max": 23.2946681976,
        "mean": 2.29212260246,
        "median": 1.95812439919,
        "min": -5.21366786957,
        "var": 4.30015945435
    },
    "barkbands_spread": {
        "dmean": 3.84870624542,
        "dmean2": 6.0787229538,
        "dvar": 65.2129058838,
        "dvar2": 159.629119873,
        "max": 101.136871338,
        "mean": 8.54531669617,
        "median": 4.99298906326,
        "min": 0.146924972534,
        "var": 108.698776245
    },
    "dissonance": {
        "dmean": 0.0394644550979,
        "dmean2": 0.0623978674412,
        "dvar": 0.00142781739123,
        "dvar2": 0.00341512658633,
        "max": 0.500000119209,
        "mean": 0.401434004307,
        "median": 0.414324343204,
        "min": 0.117214649916,
        "var": 0.00438186619431
    },
    "dynamic_complexity": 4.05698537827,
    "erbbands_crest": {
        "dmean": 2.94662570953,
        "dmean2": 4.4516749382,
        "dvar": 8.32377052307,
        "dvar2": 17.8316287994,
        "max": 31.9007663727,
        "mean": 12.8777627945,
        "median": 11.9881534576,
        "min": 2.76496767998,
        "var": 28.7736797333
    },
    "erbbands_flatness_db": {
        "dmean": 0.035697735846,
        "dmean2": 0.047306984663,
        "dvar": 0.00140463223215,
        "dvar2": 0.00255593145266,
        "max": 0.505154430866,
        "mean": 0.222270414233,
        "median": 0.22474578023,
        "min": 0.0488473363221,
        "var": 0.00580115010962
    },
    "erbbands_kurtosis": {
        "dmean": 4.73203706741,
        "dmean2": 6.88913822174,
        "dvar": 126.556732178,
        "dvar2": 237.088409424,
        "max": 356.157318115,
        "mean": 8.98592758179,
        "median": 2.82659339905,
        "min": -1.84670698643,
        "var": 455.311889648
    },
    "erbbands_skewness": {
        "dmean": 0.651489973068,
        "dmean2": 0.95472663641,
        "dvar": 0.537775576115,
        "dvar2": 1.15636944771,
        "max": 11.5416536331,
        "mean": 1.52454268932,
        "median": 1.28004074097,
        "min": -4.54706001282,
        "var": 2.47463297844
    },
    "erbbands_spread": {
        "dmean": 9.63253498077,
        "dmean2": 14.6657819748,
        "dvar": 236.909759521,
        "dvar2": 540.415100098,
        "max": 162.340133667,
        "mean": 25.5127182007,
        "median": 18.3508701324,
        "min": 0.395080983639,
        "var": 546.496398926
    },
    "hfc": {
        "dmean": 5.69045209885,
        "dmean2": 8.63055992126,
        "dvar": 203.035003662,
        "dvar2": 495.942932129,
        "max": 174.725891113,
        "mean": 9.80797576904,
        "median": 4.16271495819,
        "min": 1.07238341589e-16,
        "var": 285.029083252
    },
    "melbands_crest": {
        "dmean": 3.24768781662,
        "dmean2": 5.12659072876,
        "dvar": 10.5196962357,
        "dvar2": 23.9875564575,
        "max": 36.9591522217,
        "mean": 15.3910303116,
        "median": 14.4256563187,
        "min": 1.00253796577,
        "var": 32.8526191711
    },
    "melbands_flatness_db": {
        "dmean": 0.0397206805646,
        "dmean2": 0.0547675937414,
        "dvar": 0.00191386474762,
        "dvar2": 0.00360272312537,
        "max": 0.672785162926,
        "mean": 0.365566641092,
        "median": 0.369478195906,
        "min": -1.72572924839e-07,
        "var": 0.0112960925326
    },
    "melbands_kurtosis": {
        "dmean": 14.2267827988,
        "dmean2": 21.5425701141,
        "dvar": 941.174316406,
        "dvar2": 2023.22009277,
        "max": 585.399414062,
        "mean": 24.6676101685,
        "median": 11.4585800171,
        "min": -1.85447621346,
        "var": 1911.86206055
    },
    "melbands_skewness": {
        "dmean": 0.974652051926,
        "dmean2": 1.4217017889,
        "dvar": 1.69211316109,
        "dvar2": 3.6362657547,
        "max": 14.8152914047,
        "mean": 2.66479849815,
        "median": 2.15275382996,
        "min": -2.30709457397,
        "var": 4.89286088943
    },
    "melbands_spread": {
        "dmean": 3.03945231438,
        "dmean2": 4.5672082901,
        "dvar": 64.7546768188,
        "dvar2": 130.741012573,
        "max": 162.65838623,
        "mean": 9.02661991119,
        "median": 5.07380437851,
        "min": 0.331201344728,
        "var": 300.782989502
    },
    "pitch_salience": {
        "dmean": 0.076319642365,
        "dmean2": 0.11908749491,
        "dvar": 0.00528713595122,
        "dvar2": 0.0120090423152,
        "max": 0.996084094048,
        "mean": 0.556635856628,
        "median": 0.568584859371,
        "min": 0.114398054779,
        "var": 0.0171833205968
    },
    "silence_rate_20dB": {
        "dmean": 0.000773993786424,
        "dmean2": 0.00154858687893,
        "dvar": 0.00077339343261,
        "dvar2": 0.00232047610916,
        "max": 1,
        "mean": 0.999613165855,
        "median": 1,
        "min": 0,
        "var": 0.00038671088987
    },
    "silence_rate_30dB": {
        "dmean": 0.0565015487373,
        "dmean2": 0.113046847284,
        "dvar": 0.0533083751798,
        "dvar2": 0.109560243785,
        "max": 1,
        "mean": 0.936170220375,
        "median": 1,
        "min": 0,
        "var": 0.059755448252
    },
    "silence_rate_60dB": {
        "dmean": 0.0499226003885,
        "dmean2": 0.0998838543892,
        "dvar": 0.0474315397441,
        "dvar2": 0.108492068946,
        "max": 1,
        "mean": 0.113346226513,
        "median": 0,
        "min": 0,
        "var": 0.100499033928
    },
    "spectral_centroid": {
        "dmean": 135.830947876,
        "dmean2": 207.078399658,
        "dvar": 88628.8203125,
        "dvar2": 172856.359375,
        "max": 11619.2978516,
        "mean": 620.225646973,
        "median": 400.121704102,
        "min": 131.280822754,
        "var": 1060136.125
    },
    "spectral_complexity": {
        "dmean": 2.58784818649,
        "dmean2": 4.01548576355,
        "dvar": 24.0191192627,
        "dvar2": 49.4903182983,
        "max": 58,
        "mean": 9.09361743927,
        "median": 7,
        "min": 0,
        "var": 43.3348083496
    },
    "spectral_decrease": {
        "dmean": 4.70581440482e-09,
        "dmean2": 7.19809190031e-09,
        "dvar": 1.40858614513e-16,
        "dvar2": 3.33415143808e-16,
        "max": 1.40057345062e-12,
        "mean": -7.70226815661e-09,
        "median": -3.32144844961e-09,
        "min": -1.26632755837e-07,
        "var": 1.69383494568e-16
    },
    "spectral_energy": {
        "dmean": 0.0182020645589,
        "dmean2": 0.0278129652143,
        "dvar": 0.00207478553057,
        "dvar2": 0.00491258827969,
        "max": 0.485922962427,
        "mean": 0.0299597270787,
        "median": 0.0131374392658,
        "min": 1.00549659959e-20,
        "var": 0.00250462791882
    },
    "spectral_energyband_high": {
        "dmean": 0.000290055031655,
        "dmean2": 0.000435571506387,
        "dvar": 1.04360401565e-06,
        "dvar2": 2.35296329265e-06,
        "max": 0.0183722190559,
        "mean": 0.000351554335793,
        "median": 1.19646738312e-05,
        "min": 7.13582461159e-21,
        "var": 2.03422041523e-06
    },
    "spectral_energyband_low": {
        "dmean": 0.0119944997132,
        "dmean2": 0.0187841616571,
        "dvar": 0.00170076964423,
        "dvar2": 0.00408977502957,
        "max": 0.451374351978,
        "mean": 0.0150022152811,
        "median": 0.00225564837456,
        "min": 1.44408624874e-23,
        "var": 0.00182148127351
    },
    "spectral_energyband_middle_high": {
        "dmean": 0.000555643753614,
        "dmean2": 0.000875680067111,
        "dvar": 1.7840345663e-06,
        "dvar2": 4.2811457206e-06,
        "max": 0.0210379827768,
        "mean": 0.00102205190342,
        "median": 0.000246842042543,
        "min": 1.16999204649e-21,
        "var": 3.60472427019e-06
    },
    "spectral_energyband_middle_low": {
        "dmean": 0.00720165017992,
        "dmean2": 0.0109987929463,
        "dvar": 0.000330961571308,
        "dvar2": 0.000787857628893,
        "max": 0.200704187155,
        "mean": 0.0143331782892,
        "median": 0.00727493548766,
        "min": 1.67327609013e-22,
        "var": 0.000458171067294
    },
    "spectral_entropy": {
        "dmean": 0.369269371033,
        "dmean2": 0.505672037601,
        "dvar": 0.169617056847,
        "dvar2": 0.322845160961,
        "max": 9.82515716553,
        "mean": 6.34449052811,
        "median": 6.20425987244,
        "min": 3.54665184021,
        "var": 0.76382791996
    },
    "spectral_flux": {
        "dmean": 0.0371170379221,
        "dmean2": 0.0582232959569,
        "dvar": 0.00431235646829,
        "dvar2": 0.00977688468993,
        "max": 0.657383680344,
        "mean": 0.0725408270955,
        "median": 0.0455750860274,
        "min": 6.19857498663e-11,
        "var": 0.00688728690147
    },
    "spectral_kurtosis": {
        "dmean": 9.08795928955,
        "dmean2": 13.0430030823,
        "dvar": 199.041824341,
        "dvar2": 353.279144287,
        "max": 193.242507935,
        "mean": 20.2529525757,
        "median": 12.7799282074,
        "min": -1.26627123356,
        "var": 562.436218262
    },
    "spectral_rms": {
        "dmean": 0.00118947902229,
        "dmean2": 0.00170174287632,
        "dvar": 4.43234648628e-06,
        "dvar2": 9.59956560109e-06,
        "max": 0.0217731762677,
        "mean": 0.00442865490913,
        "median": 0.00358008570038,
        "min": 3.13204778953e-12,
        "var": 9.61603745964e-06
    },
    "spectral_rolloff": {
        "dmean": 245.773849487,
        "dmean2": 437.752288818,
        "dvar": 1178320,
        "dvar2": 3058664.5,
        "max": 19745.9472656,
        "mean": 748.913574219,
        "median": 387.59765625,
        "min": 64.599609375,
        "var": 3921130.5
    },
    "spectral_skewness": {
        "dmean": 0.724752008915,
        "dmean2": 1.01317334175,
        "dvar": 0.784458041191,
        "dvar2": 1.40537202358,
        "max": 11.8306388855,
        "mean": 3.25004911423,
        "median": 2.92624616623,
        "min": -0.584087014198,
        "var": 3.17169523239
    },
    "spectral_spread": {
        "dmean": 1142544.375,
        "dmean2": 1715104.625,
        "dvar": 3.04453543526e+12,
        "dvar2": 6.61099171021e+12,
        "max": 42860816,
        "mean": 4173667.5,
        "median": 3131640.75,
        "min": 415146.71875,
        "var": 1.63264845578e+13
    },
    "spectral_strongpeak": {
        "dmean": 0.321641623974,
        "dmean2": 0.522476613522,
        "dvar": 0.236598014832,
        "dvar2": 0.584816932678,
        "max": 5.62383508682,
        "mean": 0.67915636301,
        "median": 0.408407002687,
        "min": 0,
        "var": 0.618969142437
    },
    "zerocrossingrate": {
        "dmean": 0.00835142377764,
        "dmean2": 0.01043216791,
        "dvar": 0.000197935543838,
        "dvar2": 0.000300688785501,
        "max": 0.517578125,
        "mean": 0.0331570357084,
        "median": 0.02099609375,
        "min": 0.001953125,
        "var": 0.00256486050785
    },
    "barkbands": {
        "dmean": [0.00127049861476, 0.00888528954238, 0.00253581418656, 0.00144126743544, 0.00410139234737, 0.00210806238465, 0.000525930197909, 0.000335022225045, 0.000332337804139, 8.51282602525e-05, 6.13276060903e-05, 8.02273352747e-05, 5.07911972818e-05, 5.74751793465e-05, 7.13456029189e-05, 6.95079288562e-05, 7.11301981937e-05, 8.27261173981e-05, 6.0985552409e-05, 6.84674596414e-05, 6.51846421533e-05, 4.39302748418e-05, 3.11792973662e-05, 2.25456460612e-05, 4.39358773292e-05, 3.8520207454e-05, 2.67949872068e-05],
        "dmean2": [0.00199380819686, 0.0143424198031, 0.00429262081161, 0.00244967453182, 0.00643604341894, 0.00300501938909, 0.000777527864557, 0.000462921336293, 0.000502017035615, 0.000125204634969, 9.37893055379e-05, 0.000120065422379, 7.96363965492e-05, 9.41048419918e-05, 0.000117841154861, 0.000112858579087, 0.000115272865514, 0.000136343296617, 0.000102363301266, 0.000107464569737, 9.0674344392e-05, 6.71891539241e-05, 4.69207079732e-05, 3.72915965272e-05, 7.46485748095e-05, 6.69481451041e-05, 4.72562605864e-05],
        "dvar": [2.06005879591e-05, 0.00104185310192, 8.70908697834e-05, 2.66072947852e-05, 0.000153980683535, 2.0396999389e-05, 1.61359980666e-06, 9.49054708599e-07, 2.03598801818e-06, 4.20559551628e-08, 5.15804643442e-08, 5.61032429403e-08, 1.84891817412e-08, 2.58158525668e-08, 5.07730177901e-08, 5.58884423185e-08, 4.09078424468e-08, 9.68853228756e-08, 6.01839005299e-08, 9.67203064306e-08, 1.13728333417e-07, 4.83549058572e-08, 1.78432610909e-08, 8.34779534387e-09, 3.96879080711e-08, 2.12302904146e-08, 9.48995104721e-09],
        "dvar2": [4.77286339446e-05, 0.00256871851161, 0.000238933775108, 7.64885407989e-05, 0.000371664646082, 4.73748514196e-05, 3.6766523408e-06, 1.62283322425e-06, 4.57248506791e-06, 9.13169628802e-08, 8.85022544139e-08, 1.17438801794e-07, 4.35880167515e-08, 6.57137775306e-08, 1.28178058389e-07, 1.32723087631e-07, 9.97034703687e-08, 2.23315012704e-07, 1.64453638263e-07, 2.25503171691e-07, 2.01576440872e-07, 1.21613908277e-07, 3.87389178513e-08, 2.21380513921e-08, 1.09662018133e-07, 5.67172691035e-08, 2.56236489804e-08],
        "max": [0.0629439353943, 0.369215995073, 0.15314617753, 0.137900829315, 0.147342219949, 0.0763052329421, 0.0227351915091, 0.0320231877267, 0.0417235344648, 0.00392078747973, 0.00932944193482, 0.00781469233334, 0.0026072722394, 0.00233502569608, 0.00299455667846, 0.00448194565251, 0.00309253018349, 0.00660347985104, 0.0032852278091, 0.00861719809473, 0.0105017386377, 0.00550461187959, 0.00404577841982, 0.00109512882773, 0.00261448230594, 0.00159518246073, 0.00101843697485],
        "mean": [0.00137651886325, 0.00958731770515, 0.00333170685917, 0.00179595150985, 0.00580270960927, 0.00405527884141, 0.00115936785005, 0.000624302367214, 0.000806707830634, 0.000158308903337, 0.000136809176183, 0.000189259109902, 8.45469694468e-05, 7.5524651038e-05, 7.45562356315e-05, 8.14456507214e-05, 9.13678159122e-05, 8.32852601889e-05, 6.24045642326e-05, 8.66875561769e-05, 9.52778427745e-05, 5.20472422068e-05, 4.25380567322e-05, 2.28485168918e-05, 3.62086757377e-05, 2.86753329419e-05, 1.81121031346e-05],
        "median": [7.43309501559e-05, 0.000767746358179, 0.000640178564936, 0.000667405023705, 0.00207266979851, 0.00157666555606, 0.000359158031642, 0.000111354107503, 5.46632909391e-05, 3.09667266265e-05, 4.04477214033e-06, 7.15905844118e-06, 3.42757653016e-06, 2.73271689366e-06, 3.69370832232e-06, 2.90529987979e-06, 4.8941692512e-06, 2.91199648927e-06, 2.37976951212e-06, 2.38498114413e-06, 1.16392470773e-06, 9.50773596742e-07, 1.21321352253e-06, 7.77798391027e-07, 7.88213867509e-07, 4.94293317388e-07, 2.05701113032e-07],
        "min": [1.49846278593e-24, 5.75709663111e-24, 5.51471044051e-24, 2.80084472753e-24, 1.03683372986e-23, 1.19605907158e-23, 2.54638005095e-23, 1.18666720919e-23, 2.41845852433e-23, 2.07262064131e-23, 3.36458011319e-23, 1.63883281373e-23, 4.77344309142e-23, 2.91552356725e-23, 4.84481985722e-23, 5.6479184396e-23, 1.0461993863e-22, 1.1386887836e-22, 1.14580569736e-22, 1.68886966142e-22, 3.40838751563e-22, 3.43195918435e-22, 4.17623594313e-22, 6.1503529116e-22, 9.65085514715e-22, 1.33051042274e-21, 2.07681343071e-21],
        "var": [2.39759265241e-05, 0.00101811822969, 7.51871120883e-05, 1.88464837265e-05, 0.000167944279383, 4.25610160164e-05, 5.48926800548e-06, 3.42516659657e-06, 1.4200066289e-05, 1.10065201397e-07, 4.58248848645e-07, 5.05094078562e-07, 5.01629529026e-08, 4.6216861449e-08, 6.1548782071e-08, 9.07695962837e-08, 6.61294734527e-08, 9.91311921439e-08, 4.71187888706e-08, 1.69518102666e-07, 3.4657691117e-07, 6.32497076936e-08, 3.91388645937e-08, 8.20186141226e-09, 2.90790307389e-08, 1.60195554599e-08, 6.63424071234e-09]
    },
    "erbbands": {
        "dmean": [0.360993891954, 1.73067259789, 3.20811748505, 3.6475584507, 11.9919099808, 11.6328296661, 16.2307777405, 16.1316051483, 9.61464214325, 7.9206404686, 6.74060678482, 9.00217437744, 2.88424420357, 2.20531344414, 2.28558731079, 3.67579555511, 2.4399702549, 2.9805316925, 3.11235523224, 3.96794605255, 3.73546266556, 3.73883008957, 4.79588031769, 3.17166495323, 2.73735022545, 3.55551671982, 2.35578322411, 2.60966467857, 1.6417671442, 1.17116057873, 0.890376210213, 0.528708159924, 0.394721448421, 0.42584502697, 0.34567245841, 0.167393401265, 0.0697364807129, 0.0230803638697, 0.00447074137628, 0.000295892881695],
        "dmean2": [0.559457480907, 3.01130342484, 5.49231719971, 6.10652828217, 19.3297748566, 18.641078949, 23.56366539, 23.9873733521, 13.7747573853, 11.7710771561, 9.62170696259, 13.2954063416, 4.3113489151, 3.45625472069, 3.51924777031, 5.36991596222, 3.75613546371, 4.86176300049, 5.04600667953, 6.56573104858, 5.81623458862, 6.07239055634, 7.83869361877, 5.42906188965, 4.37342739105, 5.61521673203, 3.28253126144, 3.70610618591, 2.56445717812, 1.74860966206, 1.35750806332, 0.825347661972, 0.659714877605, 0.714390575886, 0.594789385796, 0.289391636848, 0.122012428939, 0.0406809486449, 0.0078932037577, 0.000516343803611],
        "dvar": [1.81180012226, 45.9788322449, 150.543624878, 139.355377197, 1778.70166016, 1078.95617676, 1464.3626709, 1286.17138672, 573.594177246, 535.024597168, 408.743988037, 1581.64709473, 48.5848884583, 39.8335380554, 51.1442642212, 121.03024292, 39.0113563538, 68.8243865967, 93.0823364258, 144.088012695, 135.464157104, 109.668739319, 352.256134033, 167.549758911, 104.574821472, 295.745910645, 110.173904419, 181.738922119, 72.1502304077, 29.2016525269, 15.7816162109, 4.67313814163, 2.71886277199, 3.60513544083, 2.53752636909, 0.475444495678, 0.0701181590557, 0.00759028736502, 0.000260711996816, 1.06896175112e-06],
        "dvar2": [4.13926029205, 127.443199158, 419.984313965, 384.938842773, 4385.19140625, 2781.99536133, 3123.88476562, 3153.69018555, 1211.51660156, 1072.17871094, 905.358581543, 3445.76318359, 105.632606506, 96.4324645996, 93.967918396, 244.986541748, 89.9536056519, 178.47543335, 245.605041504, 358.450408936, 295.6199646, 267.614624023, 786.96270752, 465.69934082, 265.964324951, 675.662414551, 197.534820557, 340.917175293, 182.964889526, 71.173828125, 33.099357605, 11.4256877899, 7.28255367279, 9.85200309753, 7.05074548721, 1.29686236382, 0.186154782772, 0.0205296818167, 0.000704040401615, 2.86775480163e-06],
        "max": [14.1236200333, 88.3650588989, 174.454483032, 280.998199463, 502.417205811, 416.178741455, 816.160705566, 590.475585938, 596.516723633, 643.794555664, 569.513183594, 1142.51037598, 156.09954834, 128.551361084, 275.678161621, 402.061218262, 144.425491333, 90.4800415039, 164.827163696, 151.045822144, 304.324615479, 157.114959717, 434.714294434, 179.556793213, 154.596374512, 515.112548828, 344.92401123, 386.123748779, 215.472869873, 109.662460327, 131.391494751, 55.433795929, 20.9330787659, 26.6716117859, 24.7590751648, 8.81623268127, 3.2351307869, 1.07408881187, 0.186151787639, 0.0119537431747],
        "mean": [0.370253622532, 1.76042735577, 4.13172340393, 4.90548181534, 13.937371254, 16.757724762, 32.6794929504, 27.8995399475, 19.9604320526, 17.3230209351, 14.0885066986, 21.9318981171, 6.25032234192, 4.1013379097, 5.41996526718, 9.30296897888, 4.48342561722, 3.99767708778, 3.67994809151, 4.32829666138, 4.77983617783, 4.37625455856, 5.13889122009, 3.13739347458, 3.0820889473, 4.57812547684, 3.30653786659, 3.77836108208, 1.95048701763, 1.45523154736, 1.23481762409, 0.621922433376, 0.369183421135, 0.369719445705, 0.27503401041, 0.128026887774, 0.0510785505176, 0.0161528829485, 0.00302476505749, 0.0002209754457],
        "median": [0.0180196035653, 0.191217839718, 0.785038709641, 1.70039927959, 3.89433312416, 6.38493347168, 8.47184658051, 11.2161054611, 7.31638240814, 3.32415413857, 2.58972358704, 2.01408171654, 1.42954981327, 0.610045135021, 0.36711332202, 0.572003126144, 0.395146876574, 0.284412115812, 0.287430047989, 0.332127153873, 0.29538038373, 0.256337672472, 0.190426439047, 0.160180538893, 0.121907621622, 0.12249289453, 0.0646469369531, 0.0453182272613, 0.0356258377433, 0.0330925956368, 0.0341610275209, 0.0227831993252, 0.0108678406104, 0.00920750759542, 0.00520287081599, 0.00228685699403, 0.000864016939886, 0.000203825649805, 4.37481357949e-05, 2.74705980701e-05],
        "min": [8.07515887908e-23, 1.00644333365e-21, 5.9658693197e-21, 1.08658978409e-20, 2.32262137806e-20, 3.82802353072e-20, 6.0368028845e-20, 1.90309870045e-19, 2.21480064704e-19, 2.1828197766e-19, 3.27847865907e-19, 5.14068659066e-19, 8.63302814421e-19, 8.3683174235e-19, 1.37374795712e-18, 1.28700659276e-18, 3.10514833838e-18, 1.84781478214e-18, 2.58241237746e-18, 3.94002048986e-18, 4.01958740657e-18, 6.85078469301e-18, 7.05422190645e-18, 8.39892889643e-18, 7.69715879091e-18, 8.38460130104e-18, 1.11269424325e-17, 1.29504132892e-17, 1.14102211866e-17, 1.39287024289e-17, 1.08429101168e-17, 1.37375418165e-17, 1.09844613992e-17, 8.76669505113e-18, 6.68470791911e-18, 4.41398257314e-18, 2.46929956459e-18, 9.49016251771e-19, 2.42551767025e-19, 2.85190840264e-20],
        "var": [1.90458083153, 35.4156532288, 122.332389832, 120.087539673, 1648.64196777, 1117.28186035, 4662.21484375, 2101.640625, 1380.77539062, 2830.22924805, 1601.09887695, 10234.9804688, 160.582366943, 133.946533203, 432.254547119, 1279.60266113, 111.861701965, 91.6794433594, 106.093910217, 189.505187988, 235.135955811, 138.745452881, 380.143218994, 119.068969727, 107.528106689, 537.723571777, 303.015258789, 550.245910645, 93.6661834717, 42.9015731812, 37.5864105225, 7.11147975922, 2.37580513954, 2.80775523186, 1.78812384605, 0.347096979618, 0.0529585331678, 0.00537619693205, 0.00018195156008, 7.55684709475e-07]
    },
    "gfcc": {
        "mean": [-117.018058777, 132.452072144, -52.7547569275, 21.5586452484, -50.8027153015, -13.9745998383, -40.0219497681, 0.894472897053, -18.7315196991, -3.11018919945, -10.4963197708, -0.311049193144, -8.39900302887],
        "cov": [[17196.703125, -1003.44952393, -2288.60644531, 294.750671387, -242.043685913, 354.145599365, -292.714599609, -25.2032527924, -366.163665771, 122.897445679, -177.564788818, 66.9277114868, -232.293060303], [-1003.44952393, 2483.25610352, -253.31010437, -506.197235107, 239.179733276, -85.9350967407, 235.102111816, -55.1560821533, 157.478652954, -155.938415527, 173.127532959, -62.2442932129, 75.803565979], [-2288.60644531, -253.31010437, 1938.15808105, 143.535583496, -87.2756729126, -35.4371376038, -32.9907722473, 265.191741943, 8.64737606049, 53.4521255493, -78.5971832275, 110.351707458, 93.8606109619], [294.750671387, -506.197235107, 143.535583496, 926.373718262, -46.6290130615, -134.296508789, -32.5281295776, 42.2687416077, 38.4866485596, -37.0120124817, 44.2159004211, 49.9252471924, 52.3725013733], [-242.043685913, 239.179733276, -87.2756729126, -46.6290130615, 572.648620605, 156.362457275, 28.2084350586, 45.0476112366, 85.9247589111, 31.1661758423, 25.8556194305, 28.0164089203, -0.60025537014], [354.145599365, -85.9350967407, -35.4371376038, -134.296508789, 156.362457275, 401.312164307, 98.4813919067, 0.99836319685, 4.93340921402, 112.663604736, -9.51897907257, -40.2849388123, -38.4922523499], [-292.714599609, 235.102111816, -32.9907722473, -32.5281295776, 28.2084350586, 98.4813919067, 262.312255859, 26.6709194183, 37.6757164001, 2.36978054047, 65.4004364014, -17.3259792328, 2.35389328003], [-25.2032527924, -55.1560821533, 265.191741943, 42.2687416077, 45.0476112366, 0.99836319685, 26.6709194183, 202.136352539, 31.4364871979, 9.51026344299, -12.6422157288, 53.0703315735, 8.18592834473], [-366.163665771, 157.478652954, 8.64737606049, 38.4866485596, 85.9247589111, 4.93340921402, 37.6757164001, 31.4364871979, 150.345581055, 17.7530193329, 0.937444329262, -10.241519928, 32.8554420471], [122.897445679, -155.938415527, 53.4521255493, -37.0120124817, 31.1661758423, 112.663604736, 2.36978054047, 9.51026344299, 17.7530193329, 124.07610321, -0.450423538685, -3.9671087265, -13.1558914185], [-177.564788818, 173.127532959, -78.5971832275, 44.2159004211, 25.8556194305, -9.51897907257, 65.4004364014, -12.6422157288, 0.937444329262, -0.450423538685, 150.413574219, 36.9185600281, 4.00181627274], [66.9277114868, -62.2442932129, 110.351707458, 49.9252471924, 28.0164089203, -40.2849388123, -17.3259792328, 53.0703315735, -10.241519928, -3.9671087265, 36.9185600281, 105.84903717, 29.0621833801], [-232.293060303, 75.803565979, 93.8606109619, 52.3725013733, -0.60025537014, -38.4922523499, 2.35389328003, 8.18592834473, 32.8554420471, -13.1558914185, 4.00181627274, 29.0621833801, 72.6739578247]],
        "icov": [[9.86048544291e-05, -5.41490408068e-05, 0.000172530460986, -0.000114197682706, 0.000109637760033, -0.000154248031322, 0.000102119702206, -0.000171033345396, 0.00023389326816, -0.000178093658178, 0.000290336000035, -0.000330424663844, 0.000144458957948], [-5.41490408068e-05, 0.00086697738152, -0.00013218006643, 0.000662236241624, -0.000389071239624, 0.000335289922077, -0.000341470353305, 8.55949983816e-05, -0.000738457310945, 0.00121733592823, -0.00134968699422, 0.00124168000184, -0.00107612833381], [0.000172530460986, -0.00013218006643, 0.00103764457162, -0.000272820790997, 0.000346809305483, -0.000267021998297, 0.000222679329454, -0.00122086622287, 0.000773690990172, -0.000827505311463, 0.000900532992091, -0.000760804861784, -0.000707382452674], [-0.000114197682706, 0.000662236241624, -0.000272820790997, 0.00177208462264, -0.000257729727309, 0.000547908013687, -7.74268410169e-05, -1.14207150546e-05, -0.00102029496338, 0.00119230686687, -0.00166772096418, 0.00107860041317, -0.00135099003091], [0.000109637760033, -0.000389071239624, 0.000346809305483, -0.000257729727309, 0.00268933037296, -0.00161484710407, 0.000796673411969, -0.000493697356433, -0.00126545142848, 0.000223106966587, 0.000358606223017, -0.00202605198137, 0.00109374965541], [-0.000154248031322, 0.000335289922077, -0.000267021998297, 0.000547908013687, -0.00161484710407, 0.00525998743251, -0.00233278376982, 0.000472878047731, 0.000932512280997, -0.00357585959136, 0.000294997589663, 0.00197035260499, 2.91058968287e-05], [0.000102119702206, -0.000341470353305, 0.000222679329454, -7.74268410169e-05, 0.000796673411969, -0.00233278376982, 0.00612272974104, -0.00178841280285, -0.000853473204188, 0.00138761615381, -0.00277051399462, 0.00142768176738, -0.000556397892069], [-0.000171033345396, 8.55949983816e-05, -0.00122086622287, -1.14207150546e-05, -0.000493697356433, 0.000472878047731, -0.00178841280285, 0.00842484273016, -0.00255797221325, 0.000455180357676, 0.00169657345396, -0.00448178546503, 0.00324207195081], [0.00023389326816, -0.000738457310945, 0.000773690990172, -0.00102029496338, -0.00126545142848, 0.000932512280997, -0.000853473204188, -0.00255797221325, 0.011418052949, -0.00418926076964, 0.0016562261153, 0.0026758920867, -0.00502855191007], [-0.000178093658178, 0.00121733592823, -0.000827505311463, 0.00119230686687, 0.000223106966587, -0.00357585959136, 0.00138761615381, 0.000455180357676, -0.00418926076964, 0.0142975794151, -0.00337481545284, 0.000816669198684, 0.000723574310541], [0.000290336000035, -0.00134968699422, 0.000900532992091, -0.00166772096418, 0.000358606223017, 0.000294997589663, -0.00277051399462, 0.00169657345396, 0.0016562261153, -0.00337481545284, 0.0125936176628, -0.00772755546495, 0.00346951861866], [-0.000330424663844, 0.00124168000184, -0.000760804861784, 0.00107860041317, -0.00202605198137, 0.00197035260499, 0.00142768176738, -0.00448178546503, 0.0026758920867, 0.000816669198684, -0.00772755546495, 0.0199715327471, -0.00928351934999], [0.000144458957948, -0.00107612833381, -0.000707382452674, -0.00135099003091, 0.00109374965541, 2.91058968287e-05, -0.000556397892069, 0.00324207195081, -0.00502855191007, 0.000723574310541, 0.00346951861866, -0.00928351934999, 0.0228345617652]]
    },
    "melbands": {
        "dmean": [0.00272235623561, 0.00190159468912, 0.000833514204714, 0.00092844030587, 0.000518674845807, 0.000368610315491, 0.000136934686452, 8.29245618661e-05, 5.84666377108e-05, 5.04405361426e-05, 1.2980433894e-05, 8.98828511708e-06, 8.50506512506e-06, 9.33544652071e-06, 6.60789783069e-06, 5.14120483786e-06, 5.92584865444e-06, 4.73097361464e-06, 5.32116837348e-06, 5.78716799282e-06, 4.19689604314e-06, 3.95282950194e-06, 4.82102359456e-06, 3.65273263014e-06, 2.53389180216e-06, 2.31671674555e-06, 1.79526352895e-06, 2.62396201833e-06, 1.28190538362e-06, 2.13957628148e-06, 1.22812457448e-06, 9.09859011244e-07, 8.82530343915e-07, 5.72029136947e-07, 5.28091277374e-07, 4.86267765609e-07, 2.63471008566e-07, 2.53703319686e-07, 3.2119086768e-07, 3.75667838171e-07],
        "dmean2": [0.00423992518336, 0.00326947146095, 0.00137132150121, 0.00148457183968, 0.000770023267251, 0.000534546328709, 0.000197346176719, 0.000121629367641, 8.44929454615e-05, 7.54701177357e-05, 1.94282438315e-05, 1.40337742778e-05, 1.29408799694e-05, 1.39430321724e-05, 1.00800070868e-05, 8.10570327303e-06, 9.68599943008e-06, 7.64597552916e-06, 8.90306273504e-06, 9.52899699769e-06, 6.49895855531e-06, 6.48652303425e-06, 7.67479559727e-06, 6.0927532104e-06, 4.39623227066e-06, 3.83780025004e-06, 2.83781650978e-06, 4.18358013121e-06, 1.98085854208e-06, 2.86521867565e-06, 1.82756843969e-06, 1.46434865655e-06, 1.34810875352e-06, 8.66918639986e-07, 8.17570708023e-07, 7.31198667836e-07, 4.32123897554e-07, 4.27727883334e-07, 5.39862014648e-07, 6.33878755707e-07],
        "dvar": [9.75080329226e-05, 5.49860742467e-05, 6.53214601698e-06, 8.97973950487e-06, 1.37919244025e-06, 6.48989328056e-07, 1.19077789407e-07, 5.77409338121e-08, 3.36338672469e-08, 4.75789967425e-08, 1.03600783508e-09, 6.9501526756e-10, 9.94731075288e-10, 7.54064755082e-10, 2.78994716219e-10, 2.22002319306e-10, 2.79168549389e-10, 2.32654742693e-10, 3.0627078651e-10, 4.09266537327e-10, 1.69770614233e-10, 1.28745666905e-10, 3.27946142464e-10, 1.5543566434e-10, 1.20525978087e-10, 8.1478823688e-11, 5.03564377696e-11, 1.86113624512e-10, 3.05213597451e-11, 1.60000859784e-10, 3.45043715821e-11, 1.97333070023e-11, 2.47673201392e-11, 7.07067694325e-12, 5.9586771281e-12, 5.17738673114e-12, 1.15488358893e-12, 1.14368443101e-12, 2.09419656096e-12, 2.96757800625e-12],
        "dvar2": [0.000226876145462, 0.000154641384142, 1.73284824996e-05, 2.23835559154e-05, 3.02506236949e-06, 1.55246891609e-06, 2.5840483886e-07, 1.07536827443e-07, 7.7243541341e-08, 1.04569963355e-07, 2.22790808024e-09, 1.69552483165e-09, 1.63583346868e-09, 1.56398349827e-09, 6.33323060661e-10, 5.28402988031e-10, 7.12510161982e-10, 6.25262619458e-10, 7.8438716633e-10, 1.02606689811e-09, 3.60159430057e-10, 3.22204374292e-10, 7.2246725269e-10, 3.95375926443e-10, 3.38029298996e-10, 2.17509371625e-10, 1.21011006771e-10, 4.32309577025e-10, 7.04623512315e-11, 2.92646379352e-10, 7.17462478317e-11, 5.03837943588e-11, 6.3234223413e-11, 1.76955446823e-11, 1.33291875801e-11, 1.11386004586e-11, 2.99399199009e-12, 3.06665240077e-12, 5.74681101317e-12, 8.13203324124e-12],
        "max": [0.105602003634, 0.0925348848104, 0.0518350191414, 0.0358549281955, 0.02530458197, 0.0142225408927, 0.00810265634209, 0.00786326639354, 0.00428798329085, 0.00615240214393, 0.000765864911955, 0.000474655680591, 0.00135526817758, 0.000860959407873, 0.000452578242403, 0.000244743307121, 0.000201214163098, 0.000282631342998, 0.000202043520403, 0.00040783881559, 0.000368949840777, 0.000164832104929, 0.000396188290324, 0.000201382354135, 0.00016239816614, 0.000150325839058, 0.000123669393361, 0.000440235045971, 0.000108025880763, 0.000426981336204, 0.000154616544023, 0.000106195955595, 0.000128524014144, 6.01784486207e-05, 8.27957628644e-05, 8.9758548711e-05, 1.57286631293e-05, 1.52856791829e-05, 2.1869162083e-05, 2.75230922853e-05],
        "mean": [0.00294316816144, 0.00223583821207, 0.00109647761565, 0.00116602494381, 0.00104337010998, 0.000666289182846, 0.000287325412501, 0.000174429966137, 0.000129572261358, 0.000120064134535, 2.62577941612e-05, 1.55734742293e-05, 1.95038337552e-05, 2.20218316827e-05, 1.47059126903e-05, 8.3846052803e-06, 7.60051170801e-06, 5.79385186938e-06, 5.18658680448e-06, 6.82079962644e-06, 5.41779945706e-06, 4.54918381365e-06, 5.21314086654e-06, 3.87529053114e-06, 2.32490015151e-06, 2.48401988756e-06, 2.01917805498e-06, 3.38977451975e-06, 1.63893412264e-06, 3.03369347421e-06, 1.70776729647e-06, 1.01147600162e-06, 1.07156881768e-06, 6.9389386681e-07, 7.1106114774e-07, 6.3203077616e-07, 2.83313170257e-07, 2.35830256656e-07, 2.8182614642e-07, 3.23374990785e-07],
        "median": [0.000191008468391, 0.000361512822565, 0.000376060139388, 0.000389273220208, 0.000307287176838, 0.000272190780379, 9.71423723968e-05, 3.03242341033e-05, 1.97325607587e-05, 1.0190527064e-05, 5.12941687703e-06, 2.11473684431e-06, 6.64097285608e-07, 1.11146732706e-06, 1.05286301277e-06, 3.64228071703e-07, 3.46263902884e-07, 3.73993856329e-07, 2.65144961986e-07, 2.85420640012e-07, 3.13920168082e-07, 2.73869119383e-07, 1.66434574567e-07, 1.35577352012e-07, 1.11495054966e-07, 8.52045403121e-08, 7.52488915623e-08, 7.44690424881e-08, 3.90746421886e-08, 2.92456832085e-08, 2.1809894335e-08, 1.8495970977e-08, 1.93350579991e-08, 1.67411418062e-08, 1.91298070717e-08, 1.82643660196e-08, 1.04900568232e-08, 6.55409460038e-09, 7.16737824646e-09, 7.33807059561e-09],
        "min": [1.30856168072e-24, 2.73430805726e-24, 3.03869220691e-24, 1.89000600762e-24, 2.99895274717e-24, 3.91355788346e-24, 3.8077408705e-24, 1.93956560235e-24, 2.5088729098e-24, 3.02021471793e-24, 4.35462263735e-24, 2.5465873636e-24, 4.78289167292e-24, 2.35501387327e-24, 2.43498464754e-24, 4.50056387696e-24, 2.17892789188e-24, 2.95945882038e-24, 4.24988202509e-24, 4.82802911062e-24, 4.88958668807e-24, 7.05223505467e-24, 5.17152754775e-24, 5.44393738997e-24, 6.14201066019e-24, 3.48579569102e-24, 4.60689364952e-24, 4.37302360682e-24, 5.78471346811e-24, 6.94932420528e-24, 7.28359139209e-24, 4.7048760904e-24, 6.72558353103e-24, 6.63454109396e-24, 6.58834303277e-24, 4.85799714755e-24, 7.49381414586e-24, 7.47165740962e-24, 7.80471921697e-24, 7.34970582456e-24],
        "var": [0.000103335660242, 4.25744001404e-05, 5.75412514081e-06, 8.57030954649e-06, 4.09549966207e-06, 1.1572025187e-06, 2.82434456267e-07, 2.85940615186e-07, 1.7902331706e-07, 3.00128704112e-07, 3.30520966152e-09, 1.94064408987e-09, 9.43160394229e-09, 6.36456087832e-09, 1.97607641361e-09, 5.59845281245e-10, 3.94233506951e-10, 3.03308933525e-10, 3.15492326708e-10, 6.54293785818e-10, 3.06056013866e-10, 1.69491615187e-10, 3.7385206042e-10, 1.47779330439e-10, 8.0723171203e-11, 7.14402148549e-11, 6.21188794847e-11, 3.39555356055e-10, 5.43397757347e-11, 4.43472120137e-10, 9.16530948358e-11, 2.35472683019e-11, 3.21540467862e-11, 9.1903637478e-12, 1.24161280216e-11, 1.16888295917e-11, 1.24874448889e-12, 1.00275278532e-12, 1.62774188659e-12, 2.26469125571e-12]
    },
    "mfcc": {
        "mean": [-781.805175781, 171.75038147, 46.3728103638, 40.2946434021, 11.1795959473, -7.9368185997, -9.55668735504, -2.84936666489, -7.11604070663, -2.9390463829, -3.5892059803, -1.00341951847, -0.116928629577],
        "cov": [[10524.4462891, -1450.05456543, -2173.99121094, -210.656204224, -277.317230225, 439.223693848, 138.175567627, 118.607223511, -205.233184814, 96.6436538696, -95.6202697754, 3.33660531044, 80.6125259399], [-1450.05456543, 2429.84301758, -59.0155029297, -379.384552002, 63.9397392273, -81.2613525391, 75.9536437988, 100.322410583, 24.5172252655, 33.0639953613, 51.6003723145, 49.1676521301, 29.2087974548], [-2173.99121094, -59.0155029297, 1604.74328613, 263.047241211, 61.3412399292, -177.316772461, 16.7231349945, -29.926607132, 176.393997192, -77.8167495728, 37.7341842651, -27.7846031189, -13.9299821854], [-210.656204224, -379.384552002, 263.047241211, 738.217956543, 104.496528625, -84.3400726318, -74.0465545654, 81.3094177246, -10.6302909851, -21.1804637909, -77.6645889282, 8.68244457245, 27.8141441345], [-277.317230225, 63.9397392273, 61.3412399292, 104.496528625, 444.475341797, 37.7431144714, 11.3501663208, 35.0276298523, 97.2208633423, -33.9459609985, 56.1809806824, 9.97663497925, 13.0272045135], [439.223693848, -81.2613525391, -177.316772461, -84.3400726318, 37.7431144714, 312.64465332, 85.7584075928, -12.5418558121, 14.6875209808, 83.8995285034, 39.8703956604, 35.7884292603, -9.61532497406], [138.175567627, 75.9536437988, 16.7231349945, -74.0465545654, 11.3501663208, 85.7584075928, 216.376449585, 64.0811386108, -7.78849411011, 12.7502498627, 50.8473129272, 31.3328285217, 31.0867023468], [118.607223511, 100.322410583, -29.926607132, 81.3094177246, 35.0276298523, -12.5418558121, 64.0811386108, 161.235702515, 33.5965538025, 8.95419120789, 5.24727535248, 30.2487487793, 27.4572105408], [-205.233184814, 24.5172252655, 176.393997192, -10.6302909851, 97.2208633423, 14.6875209808, -7.78849411011, 33.5965538025, 185.350357056, 31.4524478912, 48.6082687378, 2.61755752563, -16.5356407166], [96.6436538696, 33.0639953613, -77.8167495728, -21.1804637909, -33.9459609985, 83.8995285034, 12.7502498627, 8.95419120789, 31.4524478912, 145.301574707, 33.2952804565, 20.9999313354, -18.4248008728], [-95.6202697754, 51.6003723145, 37.7341842651, -77.6645889282, 56.1809806824, 39.8703956604, 50.8473129272, 5.24727535248, 48.6082687378, 33.2952804565, 119.755599976, 28.8569927216, -14.3982639313], [3.33660531044, 49.1676521301, -27.7846031189, 8.68244457245, 9.97663497925, 35.7884292603, 31.3328285217, 30.2487487793, 2.61755752563, 20.9999313354, 28.8569927216, 90.7748031616, 54.4728660583], [80.6125259399, 29.2087974548, -13.9299821854, 27.8141441345, 13.0272045135, -9.61532497406, 31.0867023468, 27.4572105408, -16.5356407166, -18.4248008728, -14.3982639313, 54.4728660583, 108.679412842]],
