{
"lowlevel": {
    "average_loudness": 0.614340960979,
    "barkbands_crest": {
        "dmean": 2.43723869324,
        "dmean2": 3.78654932976,
        "dvar": 5.53658914566,
        "dvar2": 14.654335022,
        "max": 24.4983577728,
        "mean": 11.2122182846,
        "median": 10.8636198044,
        "min": 2.51648187637,
        "var": 13.5261592865
    },
    "barkbands_flatness_db": {
        "dmean": 0.023743133992,
        "dmean2": 0.0346048437059,
        "dvar": 0.000637615798041,
        "dvar2": 0.00143436074723,
        "max": 0.314377307892,
        "mean": 0.155204251409,
        "median": 0.153932526708,
        "min": 0.0328222885728,
        "var": 0.00221352814697
    },
    "barkbands_kurtosis": {
        "dmean": 4.16520690918,
        "dmean2": 6.55503225327,
        "dvar": 67.0659637451,
        "dvar2": 186.006118774,
        "max": 125.869888306,
        "mean": 7.86067390442,
        "median": 6.653465271,
        "min": -1.91578900814,
        "var": 84.4953384399
    },
    "barkbands_skewness": {
        "dmean": 0.618662834167,
        "dmean2": 0.918223023415,
        "dvar": 0.643788516521,
        "dvar2": 1.45898509026,
        "max": 9.59166049957,
        "mean": 2.06462192535,
        "median": 2.26351904869,
        "min": -2.45412158966,
        "var": 1.83813822269
    },
    "barkbands_spread": {
        "dmean": 5.6943731308,
        "dmean2": 8.37916946411,
        "dvar": 75.9426193237,
        "dvar2": 156.692459106,
        "max": 89.6223831177,
        "mean": 15.5423898697,
        "median": 10.0023994446,
        "min": 1.14359676838,
        "var": 186.193527222
    },
    "dissonance": {
        "dmean": 0.0240007136017,
        "dmean2": 0.0387204401195,
        "dvar": 0.000605413632002,
        "dvar2": 0.00153672159649,
        "max": 0.499992847443,
        "mean": 0.444383531809,
        "median": 0.449952811003,
        "min": 0.24585147202,
        "var": 0.00133357779123
    },
    "dynamic_complexity": 4.54565286636,
    "erbbands_crest": {
        "dmean": 2.80170917511,
        "dmean2": 4.36656236649,
        "dvar": 7.82680749893,
        "dvar2": 18.1156177521,
        "max": 30.2889537811,
        "mean": 10.3668928146,
        "median": 9.24972724915,
        "min": 2.47827601433,
        "var": 21.7610530853
    },
    "erbbands_flatness_db": {
        "dmean": 0.0191276539117,
        "dmean2": 0.0269006919116,
        "dvar": 0.000453523301985,
        "dvar2": 0.000885066343471,
        "max": 0.333295553923,
        "mean": 0.167329028249,
        "median": 0.157989323139,
        "min": 0.0633271634579,
        "var": 0.0018440700369
    },
    "erbbands_kurtosis": {
        "dmean": 1.25406861305,
        "dmean2": 1.92963933945,
        "dvar": 3.34142947197,
        "dvar2": 7.65143871307,
        "max": 25.3554496765,
        "mean": 0.982967376709,
        "median": 0.357398033142,
        "min": -1.78883111477,
        "var": 5.63823127747
    },
    "erbbands_skewness": {
        "dmean": 0.429893136024,
        "dmean2": 0.619943082333,
        "dvar": 0.236006960273,
        "dvar2": 0.477678626776,
        "max": 4.5087428093,
        "mean": 0.696465075016,
        "median": 0.818695783615,
        "min": -3.70930600166,
        "var": 0.796385705471
    },
    "erbbands_spread": {
        "dmean": 8.71202278137,
        "dmean2": 12.9940109253,
        "dvar": 122.472846985,
        "dvar2": 277.804138184,
        "max": 130.948043823,
        "mean": 36.0371780396,
        "median": 34.1679420471,
        "min": 4.49169206619,
        "var": 275.394622803
    },
    "hfc": {
        "dmean": 6.70276832581,
        "dmean2": 9.82889556885,
        "dvar": 120.594741821,
        "dvar2": 275.822662354,
        "max": 163.111694336,
        "mean": 13.1129741669,
        "median": 6.88012981415,
        "min": 1.15384442732e-16,
        "var": 297.125091553
    },
    "melbands_crest": {
        "dmean": 3.02244615555,
        "dmean2": 4.70968294144,
        "dvar": 8.35566139221,
        "dvar2": 19.9389514923,
        "max": 31.3251647949,
        "mean": 16.1753311157,
        "median": 16.0303821564,
        "min": 2.50749802589,
        "var": 26.997341156
    },
    "melbands_flatness_db": {
        "dmean": 0.0298222191632,
        "dmean2": 0.0413629189134,
        "dvar": 0.00119551538955,
        "dvar2": 0.00242608063854,
        "max": 0.411479473114,
        "mean": 0.224774837494,
        "median": 0.231944173574,
        "min": 0.00735818548128,
        "var": 0.00462686270475
    },
    "melbands_kurtosis": {
        "dmean": 7.56719970703,
        "dmean2": 12.0749893188,
        "dvar": 207.938537598,
        "dvar2": 559.979675293,
        "max": 197.632858276,
        "mean": 16.7393569946,
        "median": 13.7665271759,
        "min": -1.87447762489,
        "var": 300.262756348
    },
    "melbands_skewness": {
        "dmean": 0.717776238918,
        "dmean2": 1.07651627064,
        "dvar": 0.796709656715,
        "dvar2": 1.85379064083,
        "max": 10.0122499466,
        "mean": 2.93394708633,
        "median": 2.97138285637,
        "min": -1.28695821762,
        "var": 2.18405675888
    },
    "melbands_spread": {
        "dmean": 7.96205997467,
        "dmean2": 11.6671600342,
        "dvar": 252.987060547,
        "dvar2": 540.777648926,
        "max": 193.330078125,
        "mean": 18.9985580444,
        "median": 9.76559925079,
        "min": 0.962925732136,
        "var": 613.765258789
    },
    "pitch_salience": {
        "dmean": 0.0672839656472,
        "dmean2": 0.10456314683,
        "dvar": 0.00503732776269,
        "dvar2": 0.0122535498813,
        "max": 0.908205866814,
        "mean": 0.565738856792,
        "median": 0.580853044987,
        "min": 0.201720610261,
        "var": 0.0165236052126
    },
    "silence_rate_20dB": {
        "dmean": 0,
        "dmean2": 0,
        "dvar": 0,
        "dvar2": 0,
        "max": 1,
        "mean": 1,
        "median": 1,
        "min": 1,
        "var": 0
    },
    "silence_rate_30dB": {
        "dmean": 0.0208978336304,
        "dmean2": 0.0418118461967,
        "dvar": 0.0204609353095,
        "dvar2": 0.040063418448,
        "max": 1,
        "mean": 0.97176015377,
        "median": 1,
        "min": 0,
        "var": 0.0274423770607
    },
    "silence_rate_60dB": {
        "dmean": 0.0770123824477,
        "dmean2": 0.154084399343,
        "dvar": 0.0710847601295,
        "dvar2": 0.134214758873,
        "max": 1,
        "mean": 0.205029010773,
        "median": 0,
        "min": 0,
        "var": 0.162982538342
    },
    "spectral_centroid": {
        "dmean": 254.334030151,
        "dmean2": 364.70022583,
        "dvar": 210298.71875,
        "dvar2": 349882.6875,
        "max": 11230.6679688,
        "mean": 987.471008301,
        "median": 665.963684082,
        "min": 289.84185791,
        "var": 607712.3125
    },
    "spectral_complexity": {
        "dmean": 3.63428783417,
        "dmean2": 5.1684088707,
        "dvar": 20.3302898407,
        "dvar2": 40.9577331543,
        "max": 49,
        "mean": 11.4038686752,
        "median": 10,
        "min": 0,
        "var": 52.2870941162
    },
    "spectral_decrease": {
        "dmean": 3.63573171569e-09,
        "dmean2": 6.12066353156e-09,
        "dvar": 1.73801261079e-16,
        "dvar2": 5.13840943688e-16,
        "max": -3.01605414023e-29,
        "mean": -6.21994944439e-09,
        "median": -3.28260441051e-09,
        "min": -1.63461450597e-07,
        "var": 1.43664596439e-16
    },
    "spectral_energy": {
        "dmean": 0.0142310680822,
        "dmean2": 0.0238327682018,
        "dvar": 0.00251774583012,
        "dvar2": 0.00743768271059,
        "max": 0.623238563538,
        "mean": 0.0246648844332,
        "median": 0.0133951026946,
        "min": 1.05795382526e-20,
        "var": 0.00211446452886
    },
    "spectral_energyband_high": {
        "dmean": 0.000421173608629,
        "dmean2": 0.000628582958598,
        "dvar": 1.29090801693e-06,
        "dvar2": 2.74042577075e-06,
        "max": 0.0259990300983,
        "mean": 0.000548316689674,
        "median": 9.13641342777e-05,
        "min": 7.76153746957e-21,
        "var": 2.66542951977e-06
    },
    "spectral_energyband_low": {
        "dmean": 0.00893562380224,
        "dmean2": 0.0164217483252,
        "dvar": 0.00239932606928,
        "dvar2": 0.00716814165935,
        "max": 0.587223112583,
        "mean": 0.00906652119011,
        "median": 0.000697503623087,
        "min": 6.74943268946e-23,
        "var": 0.00165088381618
    },
    "spectral_energyband_middle_high": {
        "dmean": 0.0014686351642,
        "dmean2": 0.00203693984076,
        "dvar": 1.11501503852e-05,
        "dvar2": 2.00258236873e-05,
        "max": 0.083797223866,
        "mean": 0.00279315351509,
        "median": 0.00106920511462,
        "min": 1.4669404958e-21,
        "var": 4.00753269787e-05
    },
    "spectral_energyband_middle_low": {
        "dmean": 0.00498969526961,
        "dmean2": 0.00739496853203,
        "dvar": 5.9455713199e-05,
        "dvar2": 0.000132889588713,
        "max": 0.101072050631,
        "mean": 0.0127118518576,
        "median": 0.00880505517125,
        "min": 3.8417730557e-22,
        "var": 0.00018560627359
    },
    "spectral_entropy": {
        "dmean": 0.229763939977,
        "dmean2": 0.326800227165,
        "dvar": 0.0683630928397,
        "dvar2": 0.132784023881,
        "max": 9.80968570709,
        "mean": 7.30022001266,
        "median": 7.27379274368,
        "min": 5.6524477005,
        "var": 0.242108777165
    },
    "spectral_flux": {
        "dmean": 0.030579244718,
        "dmean2": 0.0479535907507,
        "dvar": 0.00328346155584,
        "dvar2": 0.00700019625947,
        "max": 0.740296781063,
        "mean": 0.0710804238915,
        "median": 0.0520689561963,
        "min": 1.02856882733e-10,
        "var": 0.00638249749318
    },
    "spectral_kurtosis": {
        "dmean": 2.14724993706,
        "dmean2": 3.49263858795,
        "dvar": 6.83299779892,
        "dvar2": 16.6954402924,
        "max": 41.6365127563,
        "mean": 5.80471086502,
        "median": 4.89072370529,
        "min": -1.22858905792,
        "var": 16.6090011597
    },
    "spectral_rms": {
        "dmean": 0.00101456372067,
        "dmean2": 0.00151911168359,
        "dvar": 3.61903335033e-06,
        "dvar2": 9.99670373858e-06,
        "max": 0.0246584191918,
        "mean": 0.00401079654694,
        "median": 0.00361502333544,
        "min": 3.21270939539e-12,
        "var": 7.97682969278e-06
    },
    "spectral_rolloff": {
        "dmean": 501.549163818,
        "dmean2": 801.530944824,
        "dvar": 1255243.625,
        "dvar2": 2515100.75,
        "max": 18475.4882812,
        "mean": 1195.9486084,
        "median": 538.330078125,
        "min": 107.666015625,
        "var": 2530321.5
    },
    "spectral_skewness": {
        "dmean": 0.29005497694,
        "dmean2": 0.448815822601,
        "dvar": 0.103814706206,
        "dvar2": 0.226333931088,
        "max": 4.99215221405,
        "mean": 1.77138769627,
        "median": 1.77447319031,
        "min": -0.0818540304899,
        "var": 0.339569240808
    },
    "spectral_spread": {
        "dmean": 606579.25,
        "dmean2": 880109.1875,
        "dvar": 1.00802907341e+12,
        "dvar2": 1.62756375347e+12,
        "max": 42793228,
        "mean": 4320604,
        "median": 4044394.5,
        "min": 1640217.25,
        "var": 2.19485228237e+12
    },
    "spectral_strongpeak": {
        "dmean": 0.391654580832,
        "dmean2": 0.619906663895,
        "dvar": 0.407337248325,
        "dvar2": 0.874744057655,
        "max": 10.8275604248,
        "mean": 0.80157405138,
        "median": 0.561559259892,
        "min": 0,
        "var": 0.895684421062
    },
    "zerocrossingrate": {
        "dmean": 0.0116518568248,
        "dmean2": 0.0123835913837,
        "dvar": 0.000289719202556,
        "dvar2": 0.00026943164994,
        "max": 0.49365234375,
        "mean": 0.0444541834295,
        "median": 0.03076171875,
        "min": 0.00537109375,
        "var": 0.00157676753588
    },
    "barkbands": {
        "dmean": [0.00039698445471, 0.00670614046976, 0.0022600274533, 0.000671582645737, 0.00174705788959, 0.00231336709112, 0.000503945397213, 0.000760422146413, 0.000839501270093, 0.000348720903276, 0.000369872461306, 0.000304415967548, 0.000248651165748, 0.000133352950797, 0.000172515661689, 7.50649778638e-05, 0.000147365397424, 0.000250921584666, 0.00010230566113, 0.000116071299999, 0.00011218754662, 0.000105371451355, 8.96294804988e-05, 5.75139893044e-05, 3.29187969328e-05, 1.170457017e-05, 1.01005139186e-06],
        "dmean2": [0.000711271597538, 0.0127292815596, 0.00396513054147, 0.00101037090644, 0.00274119852111, 0.00342995557003, 0.000729988445528, 0.00102304515895, 0.00123681104742, 0.000518283806741, 0.000499891175423, 0.000437690963736, 0.000366321968613, 0.000200933951419, 0.000269895797828, 0.000115820548672, 0.000233951097471, 0.000400140444981, 0.000162032796652, 0.000173165099113, 0.000173449283466, 0.000167570615304, 0.00014543152065, 8.67741400725e-05, 5.08773700858e-05, 1.80059087143e-05, 1.56743499247e-06],
        "dvar": [1.13740088636e-06, 0.00157036539167, 0.000105005055957, 4.13292536905e-06, 1.08046051537e-05, 1.80773968168e-05, 2.39846212935e-06, 8.4169623733e-06, 7.98381552158e-06, 2.36727419178e-06, 2.23593747251e-06, 3.37147525897e-06, 2.67377845375e-06, 2.69462219649e-07, 2.3372724911e-07, 2.58127066388e-08, 1.57030484615e-07, 5.1429543646e-07, 1.34676383823e-07, 3.57967536502e-07, 1.69859532662e-07, 9.7171437119e-08, 6.9936895386e-08, 2.11313366805e-08, 6.82754652814e-09, 8.57074855531e-10, 4.38711350234e-12],
        "dvar2": [3.4765100736e-06, 0.00468058977276, 0.000317180267302, 9.06290733838e-06, 2.83911340375e-05, 4.15539288952e-05, 6.07882157055e-06, 1.458614679e-05, 1.76593803189e-05, 4.33459535998e-06, 4.77646926811e-06, 5.96812833464e-06, 5.6452431636e-06, 5.6839098761e-07, 4.85201610445e-07, 5.89518585059e-08, 3.83252029224e-07, 1.29723594e-06, 3.51523482323e-07, 8.31771501453e-07, 3.73378981067e-07, 2.3343095279e-07, 1.74829040134e-07, 4.27179429607e-08, 1.50692134326e-08, 2.1403219197e-09, 9.56365975996e-12],
        "max": [0.0119756814092, 0.402594059706, 0.178991779685, 0.0283303000033, 0.0542847812176, 0.0581187717617, 0.0401994027197, 0.0652685165405, 0.046181242913, 0.0531225800514, 0.0403046682477, 0.0528026521206, 0.0492617823184, 0.0146251413971, 0.015970280394, 0.00362520944327, 0.00620795506984, 0.00896269176155, 0.0103992326185, 0.016659123823, 0.012864577584, 0.00700830807909, 0.00394034059718, 0.0026993395295, 0.00122871960048, 0.000620135630015, 5.75955673412e-05],
        "mean": [0.000879644590896, 0.00554023077711, 0.0022893906571, 0.00097424472915, 0.00371879572049, 0.00488265464082, 0.000796919688582, 0.00105972285382, 0.00107941706665, 0.000531115161721, 0.000509479374159, 0.000429199193604, 0.000313224911224, 0.000177242982318, 0.000251948687946, 9.08603542484e-05, 0.000171928564669, 0.000239825545577, 0.000112184505269, 0.000145863246871, 0.000142536257044, 0.000117608287837, 9.20053789741e-05, 6.3711333496e-05, 3.86754581996e-05, 1.52871871251e-05, 1.20446907204e-06],
        "median": [3.51532889908e-06, 3.34492833645e-05, 0.000260199303739, 0.000114370064694, 0.00223101163283, 0.00288464594632, 0.000138148825499, 9.73673159024e-05, 0.000180383722181, 0.000113035726827, 0.000104524573544, 5.22309783264e-05, 5.67515962757e-05, 3.03397646348e-05, 0.000111388988444, 3.26534463966e-05, 5.26810072188e-05, 4.25426442234e-05, 2.58356176346e-05, 2.10657235584e-05, 2.60103242908e-05, 1.37767865453e-05, 9.32569582801e-06, 5.94692710365e-06, 4.04122329201e-06, 3.56251234734e-06, 3.3115989595e-07],
        "min": [8.37990452423e-24, 2.07255974125e-23, 3.74958083808e-23, 1.19254777281e-23, 2.9474673852e-23, 1.06593662304e-22, 2.33317161643e-23, 6.26798646139e-23, 1.2755365869e-22, 4.77647168621e-23, 4.66437013396e-23, 9.46085679906e-23, 5.42700646279e-23, 9.99847181685e-23, 1.41400338522e-22, 1.36915872535e-22, 4.06168021304e-22, 1.85562627397e-22, 1.8779013078e-22, 2.11378144697e-22, 4.95333613132e-22, 4.87436774683e-22, 6.17247282381e-22, 1.03653303818e-21, 1.27730802771e-21, 1.61821034253e-21, 2.24707127302e-21],
        "var": [3.94871403842e-06, 0.000942341808695, 8.51654112921e-05, 6.15661156189e-06, 2.59371136053e-05, 4.65036609967e-05, 3.94441394747e-06, 1.6507354303e-05, 1.0532975466e-05, 4.62607613372e-06, 3.63260119229e-06, 6.18653575657e-06, 3.8154403228e-06, 5.4204991784e-07, 3.86865281143e-07, 3.73149546817e-08, 1.83557631317e-07, 4.43134041461e-07, 1.52741691295e-07, 5.21527624642e-07, 2.85204777128e-07, 1.62802862747e-07, 9.09935167215e-08, 3.95581345458e-08, 1.22246879286e-08, 1.11162146155e-09, 6.93414683312e-12]
    },
    "erbbands": {
        "dmean": [0.177830979228, 1.59521734715, 3.19826793671, 2.02288126945, 2.60328006744, 7.55241298676, 18.554063797, 17.1014328003, 5.30054521561, 11.8852062225, 16.6698818207, 19.6123657227, 13.3362627029, 10.7999277115, 13.8929004669, 12.177728653, 10.6622533798, 6.98350858688, 9.17512607574, 5.32425403595, 4.69317436218, 8.39905738831, 13.866853714, 6.78253698349, 5.02899265289, 5.48053884506, 4.60530233383, 4.45926046371, 3.89951086044, 2.94493341446, 2.62845754623, 1.53739345074, 0.822455346584, 0.410024911165, 0.213475227356, 0.0772913619876, 0.0171790421009, 0.00209972891025, 0.000183506825124, 2.25865151151e-05],
        "dmean2": [0.335981607437, 2.98183226585, 5.76292085648, 3.07378935814, 4.13974618912, 11.4913978577, 30.2583351135, 23.3264350891, 7.45758390427, 16.9254703522, 21.7482833862, 29.0467453003, 19.5815944672, 15.2366676331, 19.0249710083, 16.2797088623, 15.5941972733, 10.2462005615, 14.2453546524, 8.49909210205, 7.12815761566, 13.3823690414, 22.2110004425, 10.5644035339, 7.77361154556, 8.04231357574, 6.97125053406, 7.05259895325, 6.244181633, 4.52671146393, 4.34001064301, 2.40969610214, 1.22773861885, 0.625121712685, 0.336722552776, 0.121672354639, 0.0261433236301, 0.00324561004527, 0.00028108630795, 3.64369734598e-05],
        "dvar": [0.756212115288, 93.4417953491, 252.064697266, 55.9256591797, 38.2500534058, 252.933120728, 1049.06958008, 1378.88928223, 207.748474121, 1468.57641602, 5342.82763672, 4538.91943359, 2646.86206055, 2117.26342773, 3863.68237305, 4921.61767578, 4428.18017578, 741.180236816, 940.243347168, 132.407424927, 113.788169861, 507.500823975, 1650.19702148, 335.83190918, 361.512786865, 694.010131836, 258.767120361, 327.05368042, 143.843307495, 79.5039901733, 63.2722892761, 15.0008945465, 5.38466119766, 1.13301718235, 0.294683367014, 0.0443013645709, 0.00169506750535, 2.10252201214e-05, 1.27465199284e-07, 3.50449358422e-09],
        "dvar2": [2.29685521126, 277.338684082, 777.317382812, 114.966926575, 106.591339111, 641.662902832, 2807.54541016, 2874.88745117, 453.162658691, 3769.54443359, 8655.60449219, 10536.1513672, 5170.46044922, 3894.45556641, 7590.6171875, 7739.55029297, 9092.09472656, 1516.25634766, 1815.7878418, 322.356140137, 253.985168457, 1254.59802246, 4220.27783203, 846.371276855, 847.935058594, 1573.46533203, 569.132629395, 746.639892578, 356.69430542, 176.007278442, 164.698898315, 35.2210235596, 10.5993585587, 2.29839611053, 0.681684076786, 0.111253097653, 0.00414526648819, 5.13114537171e-05, 2.6960506716e-07, 9.93455095966e-09],
        "max": [8.56589221954, 104.166442871, 248.995529175, 102.083236694, 76.5930023193, 270.839416504, 561.188537598, 678.890563965, 332.819549561, 1012.05084229, 1804.93371582, 1191.10351562, 1104.69421387, 1840.92382812, 2212.63867188, 2107.58251953, 1803.36352539, 659.128417969, 1053.85168457, 172.507324219, 216.085067749, 301.290771484, 556.998046875, 351.308990479, 508.741760254, 697.116210938, 451.263916016, 527.046936035, 247.726104736, 266.426208496, 103.164253235, 64.3740921021, 41.1365699768, 18.0474720001, 6.42257881165, 4.55114030838, 0.633503973484, 0.130288243294, 0.00926735345274, 0.000719693489373],
        "mean": [0.167603105307, 1.18601453304, 2.84069061279, 2.88807654381, 4.09787130356, 14.7713871002, 43.162437439, 32.2848052979, 9.04544448853, 19.6856441498, 23.5505218506, 25.514333725, 19.6082038879, 18.7543411255, 20.5332813263, 18.5517177582, 15.0685186386, 10.5922842026, 14.5474748611, 6.8923830986, 5.83595705032, 9.67762470245, 13.5575418472, 7.28680562973, 6.03542613983, 6.901304245, 6.01846837997, 5.41036701202, 4.27284812927, 3.48261880875, 2.49085307121, 1.54086637497, 0.955630362034, 0.487918108702, 0.249772936106, 0.0989087074995, 0.0218538343906, 0.002541575348, 0.000231629339396, 3.81869322155e-05],
        "median": [0.000586559704971, 0.0187690611929, 0.262950688601, 0.772959589958, 1.64605987072, 6.36357545853, 36.121421814, 11.7857217789, 3.22827458382, 5.3189458847, 2.71843934059, 5.3971414566, 3.10651421547, 7.10850095749, 3.46610975266, 2.82498717308, 2.66051793098, 2.82957267761, 5.68156909943, 2.90569353104, 1.99396193027, 2.68567061424, 2.92775392532, 1.78066861629, 1.08001065254, 1.03956472874, 1.04106926918, 0.885640799999, 0.542835593224, 0.380929976702, 0.234169200063, 0.154105335474, 0.0818444639444, 0.0435955114663, 0.0292194373906, 0.0200432073325, 0.00498468382284, 0.00063884811243, 7.46533260099e-05, 2.23867664317e-05],
        "min": [2.23797188239e-22, 6.70569553982e-21, 4.17707953205e-20, 3.97787537662e-20, 4.18129395264e-20, 6.62151488753e-20, 6.40088539714e-19, 8.37546219604e-19, 2.57788640704e-19, 7.18138303785e-19, 2.06209612662e-18, 2.64458844218e-18, 2.06880456139e-18, 1.53823881898e-18, 2.09162730167e-18, 3.90212445086e-18, 3.47495969715e-18, 4.18328644979e-18, 4.79445463564e-18, 1.13397065209e-17, 1.01930571753e-17, 2.07915188775e-17, 1.30156100107e-17, 9.13086462453e-18, 8.18914762128e-18, 1.01528495801e-17, 2.10744262275e-17, 1.60775158282e-17, 1.59770150382e-17, 2.10364619461e-17, 1.62714913362e-17, 1.65752254397e-17, 1.77687875066e-17, 1.23768363263e-17, 1.0129684387e-17, 6.81720612322e-18, 3.16942461467e-18, 1.2266499118e-18, 3.01537680464e-19, 3.40994383091e-20],
        "var": [0.48142260313, 55.495716095, 171.361984253, 83.8312988281, 47.116394043, 616.003417969, 2397.73828125, 3555.85424805, 383.992370605, 2274.53369141, 10989.5957031, 5389.703125, 5368.55615234, 4494.66943359, 8106.31738281, 10851.2304688, 7430.20410156, 1528.5567627, 1630.09399414, 168.670379639, 175.414306641, 537.973693848, 1385.29248047, 358.622833252, 581.955200195, 1089.86462402, 471.007507324, 487.430847168, 209.308578491, 171.738082886, 64.2079696655, 19.9304561615, 10.7756710052, 2.30199456215, 0.450469106436, 0.0555413477123, 0.00228422181681, 2.95757763524e-05, 2.08416977898e-07, 3.42869821424e-09]
    },
    "gfcc": {
        "mean": [-50.6392059326, 94.0018234253, -113.145088196, 21.0503520966, -65.2418212891, -2.58248901367, -46.2731323242, -4.19110155106, -29.8541736603, -3.12827110291, -19.7114810944, 2.34878659248, -8.88027381897],
        "cov": [[6755.42333984, -828.468261719, 207.44241333, -7.9738407135, -333.156066895, 212.146774292, 2.10499787331, 147.310745239, -74.8117141724, 420.258514404, 42.5315208435, 330.300201416, 260.807739258], [-828.468261719, 1492.41772461, 216.433624268, -373.765441895, 263.568115234, -44.8761253357, 227.429107666, -90.2573013306, 84.2271270752, 36.1247596741, 98.5493927002, -22.0685749054, 138.198318481], [207.44241333, 216.433624268, 480, 90.8564147949, 85.7255706787, 158.842483521, 70.5930709839, 84.721824646, 57.2931213379, 101.316474915, 52.0155944824, 25.2255573273, 70.7842636108], [-7.9738407135, -373.765441895, 90.8564147949, 568.849182129, 82.143196106, 134.036605835, 20.4590892792, 109.728813171, 90.7873001099, -20.1289672852, 58.2963600159, 45.9042320251, -7.78583860397], [-333.156066895, 263.568115234, 85.7255706787, 82.143196106, 274.828887939, 103.557395935, 95.5504074097, 39.0248184204, 65.6190185547, 21.5106391907, 48.8849334717, 23.860584259, 29.998052597], [212.146774292, -44.8761253357, 158.842483521, 134.036605835, 103.557395935, 257.581207275, 76.1817321777, 43.7631721497, 50.4392433167, 51.2318954468, 44.3788108826, 15.7147254944, 26.6070232391], [2.10499787331, 227.429107666, 70.5930709839, 20.4590892792, 95.5504074097, 76.1817321777, 172.347915649, 41.1609344482, 47.3335113525, 55.397983551, 31.1526889801, 18.8953990936, 23.6965694427], [147.310745239, -90.2573013306, 84.721824646, 109.728813171, 39.0248184204, 43.7631721497, 41.1609344482, 122.50869751, 45.6305046082, 32.8252944946, 1.97318708897, 18.810382843, -15.8567457199], [-74.8117141724, 84.2271270752, 57.2931213379, 90.7873001099, 65.6190185547, 50.4392433167, 47.3335113525, 45.6305046082, 103.763450623, 23.8804702759, 29.9807491302, 32.0198135376, 13.5781087875], [420.258514404, 36.1247596741, 101.316474915, -20.1289672852, 21.5106391907, 51.2318954468, 55.397983551, 32.8252944946, 23.8804702759, 123.291809082, 28.34126091, 47.50831604, 44.0979194641], [42.5315208435, 98.5493927002, 52.0155944824, 58.2963600159, 48.8849334717, 44.3788108826, 31.1526889801, 1.97318708897, 29.9807491302, 28.34126091, 100.175483704, 51.9019851685, 53.6073570251], [330.300201416, -22.0685749054, 25.2255573273, 45.9042320251, 23.860584259, 15.7147254944, 18.8953990936, 18.810382843, 32.0198135376, 47.50831604, 51.9019851685, 113.775650024, 68.9428405762], [260.807739258, 138.198318481, 70.7842636108, -7.78583860397, 29.998052597, 26.6070232391, 23.6965694427, -15.8567457199, 13.5781087875, 44.0979194641, 53.6073570251, 68.9428405762, 141.244140625]],
        "icov": [[0.000274409743724, -2.39604778471e-05, 0.000133471039589, -2.26760439546e-05, 0.000441512471298, -0.000389094086131, 0.0001563130063, -0.00039975636173, 0.000490959384479, -0.000750267645344, 0.000295478559565, -0.000618973106612, -0.00026594378869], [-2.39604778471e-05, 0.00348361255601, -0.00215897709131, 0.00252587092109, -0.00250546634197, 0.00308904284611, -0.00397945707664, 0.00292339292355, -0.00364503404126, 0.00230376119725, -0.00279900780879, 0.00302034057677, -0.00197778595611], [0.000133471039589, -0.00215897709131, 0.00488970289007, -0.00156619946938, 0.00160794821568, -0.0033644058276, 0.00308375502937, -0.00399963418022, 0.00213609519415, -0.00365381198935, 0.00113288185094, -9.28976223804e-05, -0.000794159481302], [-2.26760439546e-05, 0.00252587092109, -0.00156619946938, 0.00479114381596, -0.00173057441134, 0.000917247147299, -0.00221798452549, -0.000207621007576, -0.00378687842749, 0.00375990942121, -0.0033661397174, 0.00122677220497, -0.000968036300037], [0.000441512471298, -0.00250546634197, 0.00160794821568, -0.00173057441134, 0.00787183642387, -0.00396125670522, 0.000991322565824, -0.00309821218252, 0.00163308507763, -0.00137802190147, 0.00126852339599, -0.0029702722095, 0.000536797160748], [-0.000389094086131, 0.00308904284611, -0.0033644058276, 0.000917247147299, -0.00396125670522, 0.00965661928058, -0.00486887292936, 0.00400916673243, -0.00404903618619, 0.00137485330924, -0.00348728336394, 0.0046779983677, -0.00127799715847], [0.0001563130063, -0.00397945707664, 0.00308375502937, -0.00221798452549, 0.000991322565824, -0.00486887292936, 0.0137371299788, -0.00534440530464, 0.00258126528934, -0.00589213287458, 0.00223831320181, -0.00216764677316, 0.0015392707428], [-0.00039975636173, 0.00292339292355, -0.00399963418022, -0.000207621007576, -0.00309821218252, 0.00400916673243, -0.00534440530464, 0.0176516044885, -0.00634657917544, 0.00025457853917, 0.000669236294925, 0.00051598175196, 0.00267660361715], [0.000490959384479, -0.00364503404126, 0.00213609519415, -0.00378687842749, 0.00163308507763, -0.00404903618619, 0.00258126528934, -0.00634657917544, 0.0195863042027, -0.00361369666643, 0.00214511482045, -0.00662614265457, 0.00231647491455], [-0.000750267645344, 0.00230376119725, -0.00365381198935, 0.00375990942121, -0.00137802190147, 0.00137485330924, -0.00589213287458, 0.00025457853917, -0.00361369666643, 0.0182876866311, -0.00296242255718, -0.00155029527377, -0.00126071693376], [0.000295478559565, -0.00279900780879, 0.00113288185094, -0.0033661397174, 0.00126852339599, -0.00348728336394, 0.00223831320181, 0.000669236294925, 0.00214511482045, -0.00296242255718, 0.0191245321184, -0.00797160621732, -0.00112188141793], [-0.000618973106612, 0.00302034057677, -9.28976223804e-05, 0.00122677220497, -0.0029702722095, 0.0046779983677, -0.00216764677316, 0.00051598175196, -0.00662614265457, -0.00155029527377, -0.00797160621732, 0.0220246352255, -0.00813083257526], [-0.00026594378869, -0.00197778595611, -0.000794159481302, -0.000968036300037, 0.000536797160748, -0.00127799715847, 0.0015392707428, 0.00267660361715, 0.00231647491455, -0.00126071693376, -0.00112188141793, -0.00813083257526, 0.0145852211863]]
    },
    "melbands": {
        "dmean": [0.00174017809331, 0.00187299516983, 0.000362539081834, 0.000333293952281, 0.000555165694095, 0.000377660355298, 9.02850006241e-05, 0.000137195907882, 0.000132670815219, 0.000127921855892, 6.51305963402e-05, 4.35777583334e-05, 4.7112305765e-05, 3.72553222405e-05, 3.11440635414e-05, 2.2121163056e-05, 1.3583724467e-05, 1.5190205886e-05, 1.11172494144e-05, 5.5123528e-06, 6.07679839959e-06, 8.03522743809e-06, 1.48557946886e-05, 9.65970866673e-06, 5.25480527358e-06, 3.92544552597e-06, 4.06022809329e-06, 3.57889575753e-06, 3.20177014146e-06, 2.34477965932e-06, 2.9068596632e-06, 2.36794630837e-06, 1.8336654648e-06, 1.5776820419e-06, 1.61997240866e-06, 1.2201797972e-06, 8.62461490669e-07, 6.09869118762e-07, 4.43803827466e-07, 3.31024949674e-07],
        "dmean2": [0.00329706654884, 0.00338290981017, 0.00057036295766, 0.000500561669469, 0.000899842940271, 0.000527622003574, 0.000128616229631, 0.000194426218513, 0.000178960399353, 0.000187309575267, 9.6172960184e-05, 6.25548345852e-05, 6.28437119303e-05, 5.10493991897e-05, 4.5549862989e-05, 3.36232733389e-05, 2.01844031835e-05, 2.34272611124e-05, 1.73426251422e-05, 8.89131570148e-06, 9.45564897847e-06, 1.27187022372e-05, 2.40181434492e-05, 1.53052569658e-05, 8.27054191177e-06, 6.23209416517e-06, 6.18939884589e-06, 5.34459377377e-06, 4.88645900987e-06, 3.70757129531e-06, 4.71302064398e-06, 3.84627765015e-06, 2.87021362055e-06, 2.42803025685e-06, 2.7027563192e-06, 2.01056309379e-06, 1.35207915264e-06, 9.22250990243e-07, 6.73619524605e-07, 5.12833423727e-07],
        "dvar": [9.3357739388e-05, 0.000102954683825, 1.549479407e-06, 4.3935733629e-07, 8.90145713583e-07, 6.13885106304e-07, 5.63676039178e-08, 1.75231235744e-07, 3.50994326936e-07, 1.81084232054e-07, 6.71149393838e-08, 3.9485122727e-08, 4.12898977231e-08, 3.97877002456e-08, 4.83672550899e-08, 1.45600038692e-08, 3.22369797523e-09, 3.22357629479e-09, 9.08326136528e-10, 1.45602974122e-10, 2.48912113143e-10, 4.36271824222e-10, 1.92071780702e-09, 7.69875496687e-10, 2.2614286832e-10, 2.77546402527e-10, 5.46175216165e-10, 2.80798606589e-10, 1.43425035737e-10, 7.11446040969e-11, 1.47907339154e-10, 5.31286438454e-11, 3.70279570894e-11, 2.30753957609e-11, 2.62877792451e-11, 1.1817587707e-11, 4.91746877593e-12, 2.86384522867e-12, 2.20079033122e-12, 6.69571223553e-13],
        "dvar2": [0.000279700761894, 0.000310800096486, 3.50115624315e-06, 1.08716028535e-06, 2.40495865e-06, 1.31041349505e-06, 1.24644103039e-07, 4.19985326516e-07, 5.54156486032e-07, 4.23863241394e-07, 1.31468567588e-07, 7.13292109822e-08, 8.12931162386e-08, 6.97821747053e-08, 8.59440305589e-08, 3.49078490558e-08, 6.74458311423e-09, 6.33848795673e-09, 2.10177564242e-09, 3.67708086202e-10, 5.44795264457e-10, 1.05061581657e-09, 5.01306951506e-09, 1.93985827401e-09, 5.79176540061e-10, 7.37108596383e-10, 1.303028907e-09, 6.32248975396e-10, 3.3212313455e-10, 1.51675366711e-10, 3.63482799415e-10, 1.34877442548e-10, 8.9750804011e-11, 5.13088044274e-11, 6.99236502033e-11, 3.03993427653e-11, 1.11679320305e-11, 5.58323482933e-12, 4.81672904687e-12, 1.36568577627e-12],
        "max": [0.0973372459412, 0.13871319592, 0.0153013020754, 0.00932609476149, 0.0156260747463, 0.0133338570595, 0.00463623041287, 0.0093472795561, 0.014342950657, 0.00802921783179, 0.00534757971764, 0.00833615195006, 0.00597365479916, 0.00535496184602, 0.00768516305834, 0.0028637170326, 0.00139849865809, 0.0020230577793, 0.000806008349173, 0.000224635979976, 0.000371527305106, 0.000313220603857, 0.000624561042059, 0.000335660704877, 0.00033187266672, 0.000495125714224, 0.000802166585345, 0.000426718499511, 0.000321887549944, 0.00025733714574, 0.000315859884722, 0.000145993792103, 0.000188009566045, 0.000123277641251, 6.65292391204e-05, 4.48766477348e-05, 4.70933409815e-05, 3.08611270157e-05, 3.37407363986e-05, 1.44093410199e-05],
        "mean": [0.00155813980382, 0.00157893856522, 0.000540912616998, 0.000585865578614, 0.00132724281866, 0.000735344307031, 0.000148316903505, 0.000220648944378, 0.000186616598512, 0.000162680022186, 9.35714924708e-05, 7.25841819076e-05, 6.50082001812e-05, 5.28595555807e-05, 4.29446808994e-05, 2.84465641016e-05, 1.79541566467e-05, 2.24009490921e-05, 1.47414748426e-05, 6.57192276776e-06, 7.01460930941e-06, 9.20638558455e-06, 1.43063443829e-05, 9.64983064478e-06, 5.49256992599e-06, 4.20302603743e-06, 4.773569799e-06, 4.47906222689e-06, 3.99656209993e-06, 2.98163422485e-06, 3.23900621879e-06, 2.47878301707e-06, 2.08472260965e-06, 1.86078932529e-06, 1.49840536778e-06, 1.10635983219e-06, 8.85394058514e-07, 7.00314672031e-07, 5.22096456734e-07, 3.75496483684e-07],
        "median": [7.43490727473e-06, 9.90819899016e-05, 0.000145456549944, 0.000216492058826, 0.00110381667037, 0.000311712617986, 4.32269152952e-05, 5.35063227289e-05, 1.51660588017e-05, 3.20302788168e-05, 1.32303866849e-05, 2.70352466032e-05, 1.14558106361e-05, 7.24353230908e-06, 5.39198435945e-06, 6.01281180934e-06, 3.59103160008e-06, 7.55943483455e-06, 6.31283410257e-06, 2.43312524617e-06, 2.11788642446e-06, 2.45832325163e-06, 3.34050400852e-06, 1.79933329036e-06, 1.39434155244e-06, 8.13310066405e-07, 6.62103730065e-07, 6.25264476639e-07, 6.77338732658e-07, 5.1240533594e-07, 4.70460861379e-07, 2.99759619793e-07, 2.4034804369e-07, 1.93436903828e-07, 1.31221312927e-07, 1.03213530167e-07, 8.43670022732e-08, 5.81023513746e-08, 4.37292797528e-08, 3.13403774044e-08],
        "min": [4.31422507039e-24, 1.72467918179e-23, 7.30536474193e-24, 2.38790562593e-24, 1.81906686242e-23, 1.86087712148e-23, 4.38804825162e-24, 8.88882709318e-24, 1.87422827676e-23, 1.65585390771e-23, 9.74554896892e-24, 5.57339419768e-24, 6.68893699768e-24, 6.59784486237e-24, 1.35084178534e-23, 5.64949363706e-24, 7.88557430431e-24, 6.99907608485e-24, 1.28185716136e-23, 1.25701814026e-23, 1.30933492218e-23, 2.63099200947e-23, 1.14575846037e-23, 9.39096940265e-24, 7.17330863754e-24, 7.39882109338e-24, 5.26927924682e-24, 6.59875323571e-24, 1.25416459371e-23, 1.1969975794e-23, 8.58433703896e-24, 8.6020990311e-24, 1.06711928331e-23, 1.23636868055e-23, 1.03577365858e-23, 8.2376026944e-24, 1.05564183045e-23, 1.16274271454e-23, 1.23666836881e-23, 1.04606703122e-23],
        "var": [5.7094523072e-05, 6.71410016366e-05, 2.22208291234e-06, 9.83165136859e-07, 2.1811397346e-06, 1.58354043833e-06, 1.06700980496e-07, 2.88684788075e-07, 7.39259746751e-07, 2.13539365745e-07, 1.33875261099e-07, 8.08926685636e-08, 8.02064619165e-08, 7.6052657505e-08, 9.39125612831e-08, 1.68892171359e-08, 5.7724705016e-09, 4.96592944543e-09, 1.16496623459e-09, 1.67903704829e-10, 3.75846131995e-10, 5.4266413585e-10, 1.55769719345e-09, 6.8359029548e-10, 2.35915648128e-10, 2.86914547676e-10, 6.99728330833e-10, 4.52355181091e-10, 2.27419000298e-10, 1.21886709059e-10, 1.87773741001e-10, 7.02792268825e-11, 6.08855188489e-11, 5.08680146616e-11, 2.56744712296e-11, 1.12213060025e-11, 7.3554686647e-12, 5.88172219262e-12, 3.68352397195e-12, 1.29569423767e-12]
    },
    "mfcc": {
        "mean": [-696.570678711, 128.640853882, 0.502413153648, 21.1880607605, -3.91678929329, -0.550364911556, -11.4698629379, -4.97551059723, -9.45670700073, -9.74015712738, -9.45468330383, -6.76487016678, -9.78399467468],
        "cov": [[5914.515625, -902.334533691, 291.681396484, -95.4761657715, -217.96156311, 67.0331268311, 24.4810371399, -81.8590316772, 46.1746711731, 88.6392822266, -28.2005767822, 60.9203033447, 119.741271973], [-902.334533691, 1792.28735352, -31.5483264923, -171.505279541, -64.7554168701, 60.0345344543, 111.965003967, -90.5425338745, 68.5400924683, 49.8150215149, -40.8954162598, 7.95139503479, 45.7989234924], [291.681396484, -31.5483264923, 448.316375732, 44.7921981812, 97.0980834961, 76.3402404785, 76.5134353638, 17.8303356171, 79.5642318726, 53.0000801086, 32.3378372192, 43.7525978088, 53.2688064575], [-95.4761657715, -171.505279541, 44.7921981812, 307.009918213, 99.4118881226, 25.2589740753, 18.8435630798, 102.741088867, 41.2361488342, 21.3859939575, 58.9332923889, 42.6999397278, 36.6089477539], [-217.96156311, -64.7554168701, 97.0980834961, 99.4118881226, 244.191833496, 83.8898620605, 51.1099433899, 84.6011657715, 48.0749549866, 28.7002048492, 37.0059356689, 30.261800766, 27.7255954742], [67.0331268311, 60.0345344543, 76.3402404785, 25.2589740753, 83.8898620605, 191.88394165, 87.2652359009, 50.8090515137, 60.2446708679, 41.6915435791, 28.9083995819, 45.6350364685, 42.101600647], [24.4810371399, 111.965003967, 76.5134353638, 18.8435630798, 51.1099433899, 87.2652359009, 148.793945312, 29.4137115479, 47.3668861389, 42.7666511536, 13.0993156433, 36.8966941833, 39.786693573], [-81.8590316772, -90.5425338745, 17.8303356171, 102.741088867, 84.6011657715, 50.8090515137, 29.4137115479, 133.305831909, 39.9794425964, 18.2573509216, 47.6550636292, 41.2716445923, 25.1760482788], [46.1746711731, 68.5400924683, 79.5642318726, 41.2361488342, 48.0749549866, 60.2446708679, 47.3668861389, 39.9794425964, 110.715278625, 45.8187065125, 24.9583511353, 37.9571266174, 30.1699409485], [88.6392822266, 49.8150215149, 53.0000801086, 21.3859939575, 28.7002048492, 41.6915435791, 42.7666511536, 18.2573509216, 45.8187065125, 78.4027938843, 23.6897735596, 20.0424785614, 24.1156196594], [-28.2005767822, -40.8954162598, 32.3378372192, 58.9332923889, 37.0059356689, 28.9083995819, 13.0993156433, 47.6550636292, 24.9583511353, 23.6897735596, 90.2932128906, 44.9417762756, 20.2695808411], [60.9203033447, 7.95139503479, 43.7525978088, 42.6999397278, 30.261800766, 45.6350364685, 36.8966941833, 41.2716445923, 37.9571266174, 20.0424785614, 44.9417762756, 86.8364639282, 40.8236618042], [119.741271973, 45.7989234924, 53.2688064575, 36.6089477539, 27.7255954742, 42.101600647, 39.786693573, 25.1760482788, 30.1699409485, 24.1156196594, 20.2695808411, 40.8236618042, 71.1462936401]],
