{
"lowlevel": {
    "average_loudness": 0.971091151237,
    "barkbands_crest": {
        "dmean": 2.93262839317,
        "dmean2": 4.9582285881,
        "dvar": 6.98068809509,
        "dvar2": 18.7206821442,
        "max": 22.5539360046,
        "mean": 8.88397979736,
        "median": 8.15846252441,
        "min": 2.27342796326,
        "var": 12.1955976486
    },
    "barkbands_flatness_db": {
        "dmean": 0.0181837305427,
        "dmean2": 0.0302846413106,
        "dvar": 0.000312775984639,
        "dvar2": 0.000840057677124,
        "max": 0.232034519315,
        "mean": 0.0899641737342,
        "median": 0.0862816274166,
        "min": 0.0223960317671,
        "var": 0.000836942344904
    },
    "barkbands_kurtosis": {
        "dmean": 1.63215756416,
        "dmean2": 2.76682281494,
        "dvar": 6.02598428726,
        "dvar2": 15.7818231583,
        "max": 26.952249527,
        "mean": 0.979847609997,
        "median": 0.191609621048,
        "min": -1.71142685413,
        "var": 7.64106845856
    },
    "barkbands_skewness": {
        "dmean": 0.486299782991,
        "dmean2": 0.796962916851,
        "dvar": 0.246793195605,
        "dvar2": 0.610540449619,
        "max": 5.03844308853,
        "mean": 1.15432775021,
        "median": 1.08792197704,
        "min": -1.80048561096,
        "var": 0.590212762356
    },
    "barkbands_spread": {
        "dmean": 6.59219741821,
        "dmean2": 10.490436554,
        "dvar": 45.340637207,
        "dvar2": 105.486022949,
        "max": 134.861984253,
        "mean": 33.908946991,
        "median": 32.346282959,
        "min": 6.88406133652,
        "var": 163.684570312
    },
    "dissonance": {
        "dmean": 0.0112411379814,
        "dmean2": 0.0192458704114,
        "dvar": 0.000123435631394,
        "dvar2": 0.000351972063072,
        "max": 0.499994397163,
        "mean": 0.478793680668,
        "median": 0.482004761696,
        "min": 0.394763350487,
        "var": 0.000215045467485
    },
    "dynamic_complexity": 1.86765372753,
    "erbbands_crest": {
        "dmean": 1.98008441925,
        "dmean2": 3.21622419357,
        "dvar": 3.84354925156,
        "dvar2": 9.445271492,
        "max": 25.5014877319,
        "mean": 7.26279973984,
        "median": 6.20298290253,
        "min": 2.43644762039,
        "var": 12.6484107971
    },
    "erbbands_flatness_db": {
        "dmean": 0.0113583169878,
        "dmean2": 0.0170516613871,
        "dvar": 0.000118091840704,
        "dvar2": 0.000245828647166,
        "max": 0.213652655482,
        "mean": 0.124112926424,
        "median": 0.122156783938,
        "min": 0.0577761121094,
        "var": 0.000795637839474
    },
    "erbbands_kurtosis": {
        "dmean": 0.510491073132,
        "dmean2": 0.808196127415,
        "dvar": 0.360263109207,
        "dvar2": 0.869498968124,
        "max": 7.89492702484,
        "mean": -0.0513810776174,
        "median": -0.390852451324,
        "min": -1.56606113911,
        "var": 1.37787413597
    },
    "erbbands_skewness": {
        "dmean": 0.256496936083,
        "dmean2": 0.398857861757,
        "dvar": 0.0548474527895,
        "dvar2": 0.128360524774,
        "max": 1.63827347755,
        "mean": -0.17454187572,
        "median": -0.201394677162,
        "min": -1.92146849632,
        "var": 0.322554349899
    },
    "erbbands_spread": {
        "dmean": 6.7082195282,
        "dmean2": 10.6539821625,
        "dvar": 42.5607337952,
        "dvar2": 101.505561829,
        "max": 125.88293457,
        "mean": 42.8616714478,
        "median": 43.1664505005,
        "min": 8.90747356415,
        "var": 214.391967773
    },
    "hfc": {
        "dmean": 5.30815553665,
        "dmean2": 7.77409696579,
        "dvar": 37.2647705078,
        "dvar2": 78.6442642212,
        "max": 78.7973175049,
        "mean": 27.6092395782,
        "median": 25.8239002228,
        "min": 1.11368262482e-16,
        "var": 191.867202759
    },
    "melbands_crest": {
        "dmean": 3.64380788803,
        "dmean2": 6.05709123611,
        "dvar": 9.66192245483,
        "dvar2": 26.6964225769,
        "max": 33.1947059631,
        "mean": 13.6465787888,
        "median": 13.0125761032,
        "min": 2.5380756855,
        "var": 21.6117477417
    },
    "melbands_flatness_db": {
        "dmean": 0.0258787348866,
        "dmean2": 0.042901147157,
        "dvar": 0.000611814903095,
        "dvar2": 0.00155013147742,
        "max": 0.314889758825,
        "mean": 0.152955934405,
        "median": 0.149307250977,
        "min": 0.00801051966846,
        "var": 0.00151178962551
    },
    "melbands_kurtosis": {
        "dmean": 6.1406955719,
        "dmean2": 10.3941335678,
        "dvar": 112.835029602,
        "dvar2": 292.8515625,
        "max": 184.664077759,
        "mean": 9.50414180756,
        "median": 6.51060771942,
        "min": -1.44754183292,
        "var": 151.612503052
    },
    "melbands_skewness": {
        "dmean": 0.759091556072,
        "dmean2": 1.25355935097,
        "dvar": 0.736659407616,
        "dvar2": 1.80081248283,
        "max": 12.7866640091,
        "mean": 2.56371259689,
        "median": 2.4086432457,
        "min": -0.18329448998,
        "var": 1.84625637531
    },
    "melbands_spread": {
        "dmean": 8.7607421875,
        "dmean2": 14.3202562332,
        "dvar": 72.0555038452,
        "dvar2": 178.498062134,
        "max": 174.494354248,
        "mean": 32.0259628296,
        "median": 30.2813682556,
        "min": 3.64396452904,
        "var": 243.000152588
    },
    "pitch_salience": {
        "dmean": 0.0767949968576,
        "dmean2": 0.129625424743,
        "dvar": 0.00464812619612,
        "dvar2": 0.0125233614817,
        "max": 0.827812731266,
        "mean": 0.560483574867,
        "median": 0.564978122711,
        "min": 0.112454473972,
        "var": 0.00988803058863
    },
    "silence_rate_20dB": {
        "dmean": 0,
        "dmean2": 0,
        "dvar": 0,
        "dvar2": 0,
        "max": 1,
        "mean": 1,
        "median": 1,
        "min": 1,
        "var": 0
    },
    "silence_rate_30dB": {
        "dmean": 0,
        "dmean2": 0,
        "dvar": 0,
        "dvar2": 0,
        "max": 1,
        "mean": 1,
        "median": 1,
        "min": 1,
        "var": 0
    },
    "silence_rate_60dB": {
        "dmean": 0.000386996893212,
        "dmean2": 0.000774293439463,
        "dvar": 0.000386876025004,
        "dvar2": 0.000773690524511,
        "max": 1,
        "mean": 0.00580270774662,
        "median": 0,
        "min": 0,
        "var": 0.00576874474064
    },
    "spectral_centroid": {
        "dmean": 246.062667847,
        "dmean2": 389.343200684,
        "dvar": 71915.96875,
        "dvar2": 152553.53125,
        "max": 11195.3154297,
        "mean": 1867.1628418,
        "median": 1847.29797363,
        "min": 542.164978027,
        "var": 240536.65625
    },
    "spectral_complexity": {
        "dmean": 4.39821958542,
        "dmean2": 6.8192024231,
        "dvar": 16.219499588,
        "dvar2": 35.9513816833,
        "max": 54,
        "mean": 29.5357837677,
        "median": 30,
        "min": 0,
        "var": 76.96509552
    },
    "spectral_decrease": {
        "dmean": 3.4705891494e-09,
        "dmean2": 5.71817126982e-09,
        "dvar": 2.05545531387e-17,
        "dvar2": 5.15718160605e-17,
        "max": -2.87440018726e-29,
        "mean": -8.1162205845e-09,
        "median": -6.80038958478e-09,
        "min": -3.25882609786e-08,
        "var": 2.77239773162e-17
    },
    "spectral_energy": {
        "dmean": 0.0134300049394,
        "dmean2": 0.0220175459981,
        "dvar": 0.000304643705022,
        "dvar2": 0.000762667390518,
        "max": 0.127443209291,
        "mean": 0.0331367850304,
        "median": 0.0279309600592,
        "min": 1.02099137268e-20,
        "var": 0.000427543302067
    },
    "spectral_energyband_high": {
        "dmean": 0.000331556861056,
        "dmean2": 0.000500436755829,
        "dvar": 1.85968062283e-07,
        "dvar2": 3.70657716076e-07,
        "max": 0.00579795287922,
        "mean": 0.00133713148534,
        "median": 0.00122344703414,
        "min": 7.39507868676e-21,
        "var": 8.4628516106e-07
    },
    "spectral_energyband_low": {
        "dmean": 0.00991328246891,
        "dmean2": 0.0170412827283,
        "dvar": 0.000204668045626,
        "dvar2": 0.000531872501597,
        "max": 0.103793278337,
        "mean": 0.0143972449005,
        "median": 0.00938795600086,
        "min": 4.44900006278e-23,
        "var": 0.000213651597733
    },
    "spectral_energyband_middle_high": {
        "dmean": 0.00186704238877,
        "dmean2": 0.0027867865283,
        "dvar": 5.84859253649e-06,
        "dvar2": 1.24470298033e-05,
        "max": 0.0396852828562,
        "mean": 0.00792446359992,
        "median": 0.00546097895131,
        "min": 1.6737933052e-21,
        "var": 4.52877684438e-05
    },
    "spectral_energyband_middle_low": {
        "dmean": 0.00555106578395,
        "dmean2": 0.00910190027207,
        "dvar": 9.79124743026e-05,
        "dvar2": 0.000251548219239,
        "max": 0.0877273157239,
        "mean": 0.0107483128086,
        "median": 0.00732652749866,
        "min": 2.88029651021e-22,
        "var": 0.000116166556836
    },
    "spectral_entropy": {
        "dmean": 0.0847804844379,
        "dmean2": 0.130420863628,
        "dvar": 0.00693361461163,
        "dvar2": 0.0149569697678,
        "max": 9.79064464569,
        "mean": 7.94080543518,
        "median": 7.9455075264,
        "min": 7.00685119629,
        "var": 0.039324209094
    },
    "spectral_flux": {
        "dmean": 0.0318350233138,
        "dmean2": 0.0512380674481,
        "dvar": 0.00131255597807,
        "dvar2": 0.00260023935698,
        "max": 0.269457995892,
        "mean": 0.10149500519,
        "median": 0.0880872383714,
        "min": 1.01044117518e-10,
        "var": 0.0025619007647
    },
    "spectral_kurtosis": {
        "dmean": 0.736374497414,
        "dmean2": 1.24148356915,
        "dvar": 0.515950381756,
        "dvar2": 1.43135011196,
        "max": 10.2059144974,
        "mean": 2.96269512177,
        "median": 2.79236030579,
        "min": -1.17639088631,
        "var": 1.46235394478
    },
    "spectral_rms": {
        "dmean": 0.00105294957757,
        "dmean2": 0.00168647686951,
        "dvar": 1.43098043281e-06,
        "dvar2": 3.40319911629e-06,
        "max": 0.0111505528912,
        "mean": 0.00542507413775,
        "median": 0.00522012589499,
        "min": 3.15608802114e-12,
        "var": 2.89706031253e-06
    },
    "spectral_rolloff": {
        "dmean": 623.147033691,
        "dmean2": 1025.4987793,
        "dvar": 570809.75,
        "dvar2": 1241962,
        "max": 18130.9570312,
        "mean": 1916.31530762,
        "median": 1679.58984375,
        "min": 86.1328125,
        "var": 1702906.625
    },
    "spectral_skewness": {
        "dmean": 0.121159188449,
        "dmean2": 0.197208896279,
        "dvar": 0.0124632492661,
        "dvar2": 0.0304192136973,
        "max": 2.69858050346,
        "mean": 1.22596669197,
        "median": 1.21086859703,
        "min": 0.00139355426654,
        "var": 0.0552243068814
    },
    "spectral_spread": {
        "dmean": 338415.5,
        "dmean2": 504268.03125,
        "dvar": 486250872832,
        "dvar2": 570569785344,
        "max": 39483884,
        "mean": 4711842.5,
        "median": 4575943.5,
        "min": 2300024,
        "var": 1.42795892326e+12
    },
    "spectral_strongpeak": {
        "dmean": 0.565574109554,
        "dmean2": 0.990949809551,
        "dvar": 1.04988598824,
        "dvar2": 2.6732776165,
        "max": 9.27560138702,
        "mean": 0.81973451376,
        "median": 0.300381690264,
        "min": 0,
        "var": 1.60797154903
    },
    "zerocrossingrate": {
        "dmean": 0.0103117292747,
        "dmean2": 0.0125554250553,
        "dvar": 9.70712135313e-05,
        "dvar2": 0.000135335998493,
        "max": 0.4892578125,
        "mean": 0.0750141665339,
        "median": 0.07080078125,
        "min": 0.01708984375,
        "var": 0.000817843072582
    },
    "barkbands": {
        "dmean": [0.000482147501316, 0.00716793723404, 0.00308699719608, 0.00152440927923, 0.00275729526766, 0.000743466836866, 0.0011790151475, 0.000787203432992, 0.000609861453995, 0.000610025366768, 0.000298376224237, 0.000509683450218, 0.000585339323152, 0.000413778849179, 0.000243704867898, 0.000239966655499, 0.000381500809453, 0.000232973266975, 0.000240924724494, 0.000141573560541, 0.000131562774186, 0.00011788251868, 7.47584272176e-05, 5.35213221156e-05, 2.97173792205e-05, 1.15340853881e-05, 3.71586202164e-06],
        "dmean2": [0.000752335996367, 0.0124281775206, 0.00550806522369, 0.00262702233158, 0.00475398311391, 0.00119261629879, 0.00191949366126, 0.00129837926943, 0.000934835756198, 0.000916328281164, 0.000481959315948, 0.000810693600215, 0.000895753910299, 0.000665769504849, 0.000385731778806, 0.000393875234295, 0.000627215427812, 0.000380654091714, 0.0004009330587, 0.000231105994317, 0.000216862099478, 0.000186754929018, 0.000115909482702, 7.85292577348e-05, 4.55983754364e-05, 1.8042510419e-05, 6.01514011578e-06],
        "dvar": [5.41106487617e-07, 0.000109659835289, 2.89200306725e-05, 6.96723054716e-06, 3.60446647392e-05, 2.61632203546e-06, 4.44670467914e-06, 3.53516452378e-06, 2.29303168453e-06, 2.11225824387e-06, 5.51030495899e-07, 1.44344653563e-06, 2.10345592677e-06, 7.6338034205e-07, 3.33022740051e-07, 1.18016721729e-07, 1.69227760694e-07, 6.87464947191e-08, 6.99944919802e-08, 2.67986894897e-08, 2.84224022096e-08, 2.36716211077e-08, 1.42915057566e-08, 1.06738458072e-08, 2.7975914918e-09, 4.30184221578e-10, 7.57478871294e-11],
        "dvar2": [1.23096117477e-06, 0.000284684763756, 8.09216217021e-05, 1.85557510122e-05, 9.84621074167e-05, 6.08992149864e-06, 1.08294070742e-05, 9.40005793382e-06, 5.15166675541e-06, 4.06316576118e-06, 1.34818628794e-06, 3.38033328262e-06, 4.26590895586e-06, 1.85774172223e-06, 7.91760726315e-07, 2.95463166822e-07, 4.29407322144e-07, 1.76320824608e-07, 1.83459562209e-07, 7.03738578522e-08, 7.32314830998e-08, 5.88942157265e-08, 2.95501560998e-08, 1.80181007892e-08, 5.7178839441e-09, 9.9937658149e-10, 1.9751225655e-10],
        "max": [0.00535580329597, 0.0838976800442, 0.0527137294412, 0.0295133609325, 0.0570704750717, 0.0217601321638, 0.031591784209, 0.0319368205965, 0.0388285443187, 0.0261749178171, 0.0154882417992, 0.0256315730512, 0.0272434893996, 0.0116708613932, 0.0124762281775, 0.00853805523366, 0.00666830036789, 0.00564189627767, 0.00330489501357, 0.00172720570117, 0.00220585055649, 0.00279490067624, 0.00247365236282, 0.00221704109572, 0.00104601809289, 0.000262744637439, 0.00010204888531],
        "mean": [0.000638124882244, 0.00892513524741, 0.00366455572657, 0.00193732616026, 0.00309882569127, 0.0012831898639, 0.00198873411864, 0.00118116557132, 0.00107501982711, 0.00125732470769, 0.000496422231663, 0.000926371838432, 0.00124982860871, 0.000808185490314, 0.000428923696745, 0.000530819233973, 0.00093142624246, 0.000584791181609, 0.000625705753919, 0.000344098196365, 0.000330029608449, 0.000324872438796, 0.000216954329517, 0.00016473812866, 8.82790991454e-05, 2.91790092888e-05, 6.74726015859e-06],
        "median": [0.000311120151309, 0.00531357666478, 0.00239253835753, 0.000952601665631, 0.00148751493543, 0.000546463823412, 0.000990899046883, 0.000269654381555, 0.000532356265467, 0.000364698760677, 0.000196681139641, 0.000377048418159, 0.000289240066195, 0.000285509275272, 0.000242131136474, 0.000380806304747, 0.000759415619541, 0.000485916098114, 0.000519707391504, 0.000289264105959, 0.000284276611637, 0.00027080081054, 0.000169373903191, 0.000121105280414, 6.56699921819e-05, 1.80391434697e-05, 2.44205466515e-06],
        "min": [8.3158434967e-24, 2.14295642625e-23, 1.85067998988e-23, 1.05397764949e-23, 9.71983036791e-23, 2.66422498391e-23, 2.03700309812e-23, 5.32573060651e-23, 7.79807495711e-23, 3.15088211159e-23, 1.06291837811e-22, 1.60239548629e-22, 8.77899509376e-23, 4.70364625625e-23, 1.26074071176e-22, 1.12974032414e-22, 2.86175966733e-22, 2.36449229737e-22, 2.83521355124e-22, 3.3121358829e-22, 2.95389735888e-22, 4.37404716962e-22, 8.36692028394e-22, 6.1534634217e-22, 1.14863772063e-21, 1.94443262485e-21, 2.17596524429e-21],
        "var": [7.26869416212e-07, 0.000113085676276, 2.18200966629e-05, 8.54901645653e-06, 2.85109163087e-05, 4.76932746096e-06, 8.5843312263e-06, 6.88976388119e-06, 3.60261515198e-06, 8.32562727737e-06, 1.26784584609e-06, 2.78941115539e-06, 7.13393001206e-06, 2.44002376348e-06, 5.50558468149e-07, 3.03264897639e-07, 4.44678107669e-07, 1.80271626959e-07, 1.91624366153e-07, 6.52372165177e-08, 5.40004698735e-08, 6.74597231409e-08, 5.20433900419e-08, 4.20882315666e-08, 8.80645600887e-09, 1.05012043505e-09, 1.11228158628e-10]
    },
    "erbbands": {
        "dmean": [0.213229134679, 1.70294964314, 3.61161351204, 4.426258564, 8.08318328857, 9.15328121185, 6.95543241501, 5.74700403214, 11.2501621246, 21.6668395996, 13.8889865875, 14.6709423065, 15.3696193695, 17.3278465271, 15.6814289093, 16.3967933655, 27.4989719391, 20.9614238739, 14.2636566162, 9.41072368622, 14.5393371582, 20.9804019928, 12.9412508011, 14.4143419266, 8.54710865021, 6.33721780777, 6.9727935791, 4.30700683594, 4.47845840454, 3.23928165436, 2.02546834946, 1.33081662655, 0.849543511868, 0.433139443398, 0.161497741938, 0.0549746118486, 0.0237160008401, 0.00483945664018, 0.000681177945808, 4.1993574996e-05],
        "dmean2": [0.355287313461, 3.04000687599, 6.46634626389, 7.65373754501, 14.1309595108, 15.8434352875, 11.6518363953, 9.06210613251, 18.0272674561, 35.9193344116, 22.4696884155, 22.6740875244, 23.1120090485, 26.3943824768, 25.2300815582, 25.7741661072, 42.3564186096, 32.9456939697, 22.6953639984, 14.7704429626, 23.6427993774, 34.5478019714, 20.9308261871, 23.6630954742, 14.2932958603, 10.4031047821, 11.424079895, 7.12969636917, 7.20888233185, 5.11201572418, 3.13319277763, 1.99720931053, 1.26804924011, 0.656856298447, 0.247309863567, 0.0851092934608, 0.0377826876938, 0.00774345500395, 0.00109898252413, 6.66014675517e-05],
        "dvar": [0.0795762762427, 7.0691986084, 39.5018882751, 54.5734939575, 297.463745117, 400.305786133, 338.402008057, 114.581718445, 415.012969971, 2127.36083984, 930.073913574, 1056.77978516, 1439.11645508, 1599.32421875, 1375.56323242, 1891.24035645, 4600.55322266, 2224.85083008, 1104.74584961, 401.430908203, 314.598510742, 508.403533936, 194.537521362, 255.433319092, 94.5777664185, 53.4941329956, 97.7061920166, 23.9616527557, 33.3183021545, 20.512758255, 12.7387514114, 7.35510063171, 2.05514073372, 0.570215582848, 0.087832890451, 0.00977005437016, 0.00185998308007, 9.49880850385e-05, 2.63595120487e-06, 6.98954227829e-09],
        "dvar2": [0.180808067322, 19.4023151398, 109.728996277, 149.26399231, 825.057189941, 1105.92224121, 870.180053711, 257.618469238, 939.234008789, 5258.17236328, 2472.91918945, 2349.4831543, 3002.99121094, 3278.39648438, 3506.98339844, 4301.93066406, 9903.03222656, 4994.30175781, 2707.23510742, 948.081604004, 784.734924316, 1309.83422852, 502.234985352, 677.459838867, 249.77557373, 137.070007324, 257.068664551, 61.1787719727, 84.9476394653, 47.1559066772, 24.9417686462, 13.3262615204, 3.54038763046, 1.12828993797, 0.183693379164, 0.0213951282203, 0.00447258492932, 0.000244185561314, 6.90804745318e-06, 1.79235417619e-08],
        "max": [1.89793598652, 21.0664958954, 52.0457725525, 79.4111175537, 141.955307007, 201.982345581, 252.50617981, 137.126815796, 371.120941162, 756.185974121, 514.796813965, 735.980895996, 677.916992188, 849.661804199, 952.187255859, 1038.33642578, 1278.03308105, 1069.50061035, 749.572509766, 450.916778564, 356.786529541, 295.983795166, 258.623535156, 251.240692139, 143.832901001, 102.931816101, 101.393692017, 66.0738220215, 95.1432800293, 91.0585098267, 79.6055908203, 53.3148269653, 29.3059844971, 14.621506691, 6.36522293091, 1.62996077538, 0.55392241478, 0.11042881012, 0.0203020833433, 0.00100808637217],
        "mean": [0.263804465532, 1.92922759056, 4.30597829819, 6.14486646652, 8.43156909943, 10.6548843384, 9.57420921326, 10.9738035202, 21.0931491852, 33.103767395, 22.9723758698, 25.832485199, 31.4245319366, 35.0084152222, 30.9956684113, 32.7843017578, 61.4345855713, 47.1456642151, 28.4565010071, 21.1107387543, 35.9202346802, 52.0262527466, 35.3769569397, 37.2340240479, 22.7467670441, 16.1719779968, 14.7137889862, 12.2857179642, 11.817899704, 8.93863773346, 5.83097362518, 3.89914774895, 2.50897574425, 1.24937009811, 0.459106147289, 0.149081781507, 0.0540768019855, 0.0100970119238, 0.00126117700711, 9.44930579863e-05],
        "median": [0.127540409565, 1.14156138897, 2.70799279213, 3.6381483078, 3.74048423767, 5.21026515961, 4.46534442902, 5.04072284698, 11.0105161667, 13.3266716003, 7.95114660263, 14.2309627533, 8.92217636108, 12.8923482895, 13.8088121414, 14.3997583389, 15.3464994431, 15.0889577866, 15.4040060043, 14.3029499054, 27.5508613586, 42.6255455017, 29.1966953278, 31.0257129669, 19.7954158783, 13.5939760208, 11.7383756638, 11.2585506439, 9.96244907379, 7.30974292755, 4.45772790909, 2.84277224541, 1.87281894684, 0.920070290565, 0.338738888502, 0.102625653148, 0.0301926229149, 0.00479107908905, 0.000470028928248, 6.29957576166e-05],
        "min": [4.05544202722e-22, 5.36068613132e-21, 1.63452795433e-20, 3.37548885034e-20, 6.64275856587e-20, 2.8668164591e-19, 7.01549661889e-19, 1.53374833978e-19, 3.30209027116e-19, 3.53352118938e-19, 1.44225422827e-18, 2.21757154699e-18, 7.15626311361e-19, 2.28248454556e-18, 5.15565711218e-18, 6.98431521852e-18, 5.0187760916e-18, 2.58275586421e-18, 3.54775283182e-18, 7.01647186484e-18, 8.96694885999e-18, 1.70182220168e-17, 1.5061142466e-17, 1.21032959695e-17, 1.61028358268e-17, 1.51024882617e-17, 1.40832015693e-17, 1.03126079348e-17, 1.57912765947e-17, 1.97978532774e-17, 2.38770481461e-17, 1.41551116887e-17, 1.00097820757e-17, 1.21460901585e-17, 9.03019012654e-18, 5.64349763179e-18, 3.79618081237e-18, 1.38343610325e-18, 3.60729897918e-19, 2.88233346266e-20],
        "var": [0.10633687675, 6.02971410751, 29.5668945312, 60.3440589905, 228.756942749, 315.601135254, 332.825653076, 287.118621826, 1051.12878418, 3551.00463867, 1945.59863281, 1629.75817871, 4847.11621094, 4731.32080078, 2722.71044922, 3463.61962891, 15422.7529297, 9156.61621094, 2007.82141113, 773.118286133, 1031.52294922, 1310.46972656, 607.062316895, 717.540100098, 224.816299438, 142.17124939, 152.655319214, 62.9482154846, 84.2195205688, 66.2602539062, 45.4985542297, 25.814458847, 8.24113750458, 1.89008784294, 0.240126371384, 0.0264488328248, 0.00400085793808, 0.000170114057255, 3.83529959436e-06, 9.6023304863e-09]
    },
    "gfcc": {
        "mean": [46.7280654907, 73.8656997681, -117.62625885, 46.7680625916, -52.2048530579, 17.6977024078, -32.2237167358, 13.8975353241, -18.2477016449, 1.19452548027, -12.781870842, 3.24586486816, -14.1968460083],
        "cov": [[7587.52636719, 571.908691406, -290.161682129, -49.3786964417, -168.939575195, 96.9213485718, -110.062744141, 2.30548167229, -73.3262405396, 50.6031227112, -67.224395752, 26.3966026306, -121.354782104], [571.908691406, 700.756958008, -276.970672607, 67.4169082642, -24.9400234222, -118.338851929, 3.43391871452, -44.4930534363, 17.0056915283, -61.7204780579, 11.5910654068, -65.8312072754, 22.9053325653], [-290.161682129, -276.970672607, 359.836975098, 31.5711650848, 62.5663261414, 22.7492313385, 6.7318148613, 11.7762975693, 8.56037330627, 34.6343955994, -13.6774368286, 30.4903316498, -8.40082645416], [-49.3786964417, 67.4169082642, 31.5711650848, 276.920043945, 2.90857982635, -36.48828125, -55.5240859985, 20.7698402405, 30.5458621979, -0.950055956841, -21.6535491943, -12.9452342987, 36.0322532654], [-168.939575195, -24.9400234222, 62.5663261414, 2.90857982635, 179.827972412, 56.6676368713, 50.9110450745, 9.46951961517, 5.32394695282, -3.22184443474, 5.11268615723, 10.6409893036, -8.83076095581], [96.9213485718, -118.338851929, 22.7492313385, -36.48828125, 56.6676368713, 156.686691284, 68.7115707397, 20.7479705811, -23.8413448334, 10.5072984695, 12.8978719711, 13.5945320129, -22.9153633118], [-110.062744141, 3.43391871452, 6.7318148613, -55.5240859985, 50.9110450745, 68.7115707397, 124.18661499, 16.8093624115, -5.62140703201, -7.14842939377, 16.7470970154, 1.80827474594, -8.89907455444], [2.30548167229, -44.4930534363, 11.7762975693, 20.7698402405, 9.46951961517, 20.7479705811, 16.8093624115, 74.8101730347, 27.8455314636, 14.5029420853, 0.165256619453, 4.84868907928, -0.308024346828], [-73.3262405396, 17.0056915283, 8.56037330627, 30.5458621979, 5.32394695282, -23.8413448334, -5.62140703201, 27.8455314636, 74.3023986816, 28.2487239838, 0.966448068619, -8.22227191925, 6.39301347733], [50.6031227112, -61.7204780579, 34.6343955994, -0.950055956841, -3.22184443474, 10.5072984695, -7.14842939377, 14.5029420853, 28.2487239838, 63.5166473389, 18.186882019, 6.13404893875, -9.20904636383], [-67.224395752, 11.5910654068, -13.6774368286, -21.6535491943, 5.11268615723, 12.8978719711, 16.7470970154, 0.165256619453, 0.966448068619, 18.186882019, 46.5485343933, 19.7868022919, -2.05113697052], [26.3966026306, -65.8312072754, 30.4903316498, -12.9452342987, 10.6409893036, 13.5945320129, 1.80827474594, 4.84868907928, -8.22227191925, 6.13404893875, 19.7868022919, 54.8769302368, 14.3311214447], [-121.354782104, 22.9053325653, -8.40082645416, 36.0322532654, -8.83076095581, -22.9153633118, -8.89907455444, -0.308024346828, 6.39301347733, -9.20904636383, -2.05113697052, 14.3311214447, 49.7596435547]],
        "icov": [[0.000225997733651, -0.00052009819774, 1.26119130073e-06, 7.91781349108e-05, 0.000271957163932, -0.000513775739819, 0.000309245719109, -0.000178379719728, 0.000296675076243, -0.000793555751443, 0.00134442897979, -0.00119899620768, 0.000815075589344], [-0.00052009819774, 0.00455681979656, 0.00213026232086, -0.00133364717476, -0.00129688484594, 0.00361396372318, -0.00231372681446, 0.00192014302593, -0.00151317077689, 0.00382224423811, -0.00575355347246, 0.00539749721065, -0.00189828383736], [1.26119130073e-06, 0.00213026232086, 0.00515114376321, -0.00143826298881, -0.0015585294459, 0.00210925727151, -0.00198078970425, 0.00142754346598, -1.74210490513e-05, -0.00196556863375, 0.00227305153385, -0.0019412052352, 0.00157422095072], [7.91781349108e-05, -0.00133364717476, -0.00143826298881, 0.00551931280643, -0.000399745302275, -0.00150690053124, 0.00349245546386, -0.00233918870799, -0.000466246769065, -0.000151395695866, 0.00100468017627, 0.00163070077542, -0.00398363498971], [0.000271957163932, -0.00129688484594, -0.0015585294459, -0.000399745302275, 0.00791260506958, -0.00320788496174, -0.00139620294794, 0.000540494278539, -0.00201982748695, 0.00110076495912, 0.00173787330277, -0.00335305044428, 0.00246772449464], [-0.000513775739819, 0.00361396372318, 0.00210925727151, -0.00150690053124, -0.00320788496174, 0.0143316797912, -0.00715854298323, -0.00119121314492, 0.00436868332326, -0.00130540120881, -0.00307500571944, 0.00190848845523, 0.00179454660974], [0.000309245719109, -0.00231372681446, -0.00198078970425, 0.00349245546386, -0.00139620294794, -0.00715854298323, 0.0156064704061, -0.00390357617289, -0.000712677079719, 0.00328120891936, -0.00370158092119, 0.00223729410209, -0.0019197887741], [-0.000178379719728, 0.00192014302593, 0.00142754346598, -0.00233918870799, 0.000540494278539, -0.00119121314492, -0.00390357617289, 0.0192712768912, -0.00831035431474, 0.00034100265475, 0.0013736623805, -0.00250834482722, 0.0014943277929], [0.000296675076243, -0.00151317077689, -1.74210490513e-05, -0.000466246769065, -0.00201982748695, 0.00436868332326, -0.000712677079719, -0.00831035431474, 0.0244477819651, -0.0132143497467, 0.00322213559411, 0.0027770481538, -0.00302430125885], [-0.000793555751443, 0.00382224423811, -0.00196556863375, -0.000151395695866, 0.00110076495912, -0.00130540120881, 0.00328120891936, 0.00034100265475, -0.0132143497467, 0.032553281635, -0.0190179962665, 0.00691696442664, 0.0012124403147], [0.00134442897979, -0.00575355347246, 0.00227305153385, 0.00100468017627, 0.00173787330277, -0.00307500571944, -0.00370158092119, 0.0013736623805, 0.00322213559411, -0.0190179962665, 0.0461430512369, -0.0244878418744, 0.00884343311191], [-0.00119899620768, 0.00539749721065, -0.0019412052352, 0.00163070077542, -0.00335305044428, 0.00190848845523, 0.00223729410209, -0.00250834482722, 0.0027770481538, 0.00691696442664, -0.0244878418744, 0.0402142032981, -0.017916880548], [0.000815075589344, -0.00189828383736, 0.00157422095072, -0.00398363498971, 0.00246772449464, 0.00179454660974, -0.0019197887741, 0.0014943277929, -0.00302430125885, 0.0012124403147, 0.00884343311191, -0.017916880548, 0.0331766158342]]
    },
    "melbands": {
        "dmean": [0.00187979545444, 0.00202140584588, 0.000799900793936, 0.000675651943311, 0.000258813786786, 0.00012868239719, 0.000195449581952, 0.000225338168093, 0.000103037731606, 9.41453035921e-05, 7.98893670435e-05, 7.71357663325e-05, 4.74451117043e-05, 6.17695623077e-05, 4.70952036267e-05, 6.19460261078e-05, 4.08586420235e-05, 2.51614619629e-05, 1.58486618602e-05, 1.31824026539e-05, 1.97751833184e-05, 2.5517289032e-05, 1.92885763681e-05, 9.86401391856e-06, 1.36571316034e-05, 8.68189999892e-06, 5.1778715715e-06, 4.54729206467e-06, 5.12494307259e-06, 3.57859607902e-06, 2.58011482401e-06, 2.87743614535e-06, 2.31581952903e-06, 1.84847658602e-06, 1.36658775318e-06, 1.0797456298e-06, 8.53797814671e-07, 6.817421081e-07, 5.93883839883e-07, 3.41252615499e-07],
        "dmean2": [0.00319601478986, 0.00360910524614, 0.00137297948822, 0.00117487134412, 0.000435906462371, 0.0002036865626, 0.00031621727976, 0.000372031150619, 0.00016590996529, 0.000145537094795, 0.000119604250358, 0.000116369032185, 7.5654934335e-05, 9.86233135336e-05, 7.22078111721e-05, 9.4920535048e-05, 6.51114314678e-05, 4.05456521548e-05, 2.55205741269e-05, 2.13023686229e-05, 3.23648309859e-05, 4.23463607149e-05, 3.14046483254e-05, 1.62855139934e-05, 2.26761894737e-05, 1.45504745888e-05, 8.62357501319e-06, 7.51332299842e-06, 8.44914757181e-06, 5.98689121034e-06, 4.27654003943e-06, 4.6542322707e-06, 3.753242936e-06, 2.97177234643e-06, 2.14417923416e-06, 1.70376040387e-06, 1.28456565562e-06, 1.04614264274e-06, 8.97507788977e-07, 5.36000584361e-07],
        "dvar": [6.80331868352e-06, 1.1290011571e-05, 1.55133147928e-06, 2.23853157877e-06, 4.42564299874e-07, 6.22275209139e-08, 1.2003161487e-07, 2.37055076013e-07, 4.54522535165e-08, 5.58293642428e-08, 3.97329067425e-08, 3.24316964395e-08, 1.18672653926e-08, 2.20626592551e-08, 1.50442325264e-08, 2.85991852422e-08, 8.44944647582e-09, 3.33655481022e-09, 1.10757703009e-09, 6.90318135987e-10, 5.5683618827e-10, 8.02387711829e-10, 4.71886418829e-10, 1.23836066401e-10, 2.3726395848e-10, 1.04479272456e-10, 3.48603680644e-11, 3.0380097743e-11, 5.4922809356e-11, 2.12968080671e-11, 8.74715577748e-12, 1.2376719441e-11, 1.12512091657e-11, 6.6010057663e-12, 6.20756137465e-12, 4.09678844668e-12, 2.97752014017e-12, 1.12377121497e-12, 1.22337177281e-12, 3.45141883823e-13],
        "dvar2": [1.66652498592e-05, 3.13146883855e-05, 4.15192562286e-06, 6.20223681835e-06, 1.17405022593e-06, 1.41081898164e-07, 2.81538461877e-07, 5.94500136231e-07, 1.20855176533e-07, 1.24235853605e-07, 8.24970882718e-08, 6.47501252615e-08, 2.93789668149e-08, 5.26570254067e-08, 3.57300855569e-08, 6.04423462391e-08, 1.96488940674e-08, 8.13951661627e-09, 2.69672328912e-09, 1.67171954057e-09, 1.39709244174e-09, 2.11450412735e-09, 1.25700028164e-09, 3.12299325289e-10, 6.32534635781e-10, 2.79174294793e-10, 9.15704734261e-11, 7.84343215376e-11, 1.44561709825e-10, 5.72588990111e-11, 2.27769695466e-11, 3.12869452568e-11, 2.81957079212e-11, 1.54701963045e-11, 1.33617908404e-11, 8.55573858288e-12, 5.7543319068e-12, 2.1843388643e-12, 2.34462709664e-12, 7.60114898541e-13],
        "max": [0.0190283488482, 0.0247269533575, 0.0114662870765, 0.0151312993839, 0.00958397332579, 0.00298760598525, 0.00572780752555, 0.00770446052775, 0.00355778029189, 0.00588732492179, 0.00342459627427, 0.00369669916108, 0.00250985263847, 0.0027612617705, 0.00320185814053, 0.00359357777052, 0.00174501189031, 0.00116041756701, 0.000503052433487, 0.000704234174918, 0.000350365240593, 0.000383735401556, 0.000344017083989, 0.00021517231653, 0.000209817226278, 0.000172564337845, 7.50101098674e-05, 7.90993726696e-05, 8.53634774103e-05, 7.48337552068e-05, 4.2032203055e-05, 5.28685523022e-05, 6.99973024894e-05, 4.34078756371e-05, 6.06110297667e-05, 3.43343563145e-05, 3.88559274143e-05, 1.91432791325e-05, 2.65353264695e-05, 1.0488357475e-05],
        "mean": [0.00242490554228, 0.00245725852437, 0.00109861441888, 0.00074283441063, 0.000354193121893, 0.000236884559854, 0.000353803654434, 0.000353599927621, 0.000170424726093, 0.000159702452947, 0.000160651761689, 0.000152225635247, 9.1153626272e-05, 0.000110432614747, 9.31800386752e-05, 0.000133186171297, 8.1388898252e-05, 4.59454604425e-05, 2.90553361992e-05, 2.86436661554e-05, 4.44209472334e-05, 5.58024548809e-05, 4.36690570496e-05, 2.42389924097e-05, 3.18218117172e-05, 1.96984910872e-05, 1.23901554616e-05, 1.01592049759e-05, 9.49860805122e-06, 7.94330753706e-06, 6.87338524585e-06, 7.02727675161e-06, 5.5854279708e-06, 4.64544700662e-06, 3.45551870851e-06, 2.71783915196e-06, 2.24491350309e-06, 1.80075574008e-06, 1.50762502926e-06, 8.96391384231e-07],
        "median": [0.00136950716842, 0.0015666380059, 0.000659224635456, 0.000352506758645, 0.00017943950661, 0.000104772028862, 0.000178466318175, 0.000128587169456, 6.95010530762e-05, 7.94724619482e-05, 4.08253908972e-05, 5.13547893206e-05, 4.17354749516e-05, 4.29537176387e-05, 3.04617205984e-05, 2.90039588435e-05, 2.54919450526e-05, 2.31573139899e-05, 1.74455672095e-05, 1.97186491278e-05, 3.32958734361e-05, 4.52471176686e-05, 3.37666824635e-05, 1.97931167349e-05, 2.58420168393e-05, 1.57813101396e-05, 1.06597653939e-05, 8.03712737252e-06, 7.23396351532e-06, 6.5029094003e-06, 6.13955216977e-06, 5.79357401875e-06, 4.35889478467e-06, 3.68098108083e-06, 2.54351380136e-06, 1.92538323063e-06, 1.59201852057e-06, 1.34409310704e-06, 1.05650883597e-06, 6.48446189189e-07],
        "min": [4.78012119342e-24, 9.07303479202e-24, 7.15298836948e-24, 8.96025450385e-24, 2.51555184009e-23, 3.30042422513e-24, 4.79546848233e-24, 4.66202674375e-24, 1.16100777275e-23, 1.38564806397e-23, 2.72834821313e-24, 8.38248725484e-24, 1.52269103147e-23, 2.14737499395e-23, 1.16036280008e-23, 8.91838018928e-24, 4.33893456052e-24, 4.51431411697e-24, 1.03348249097e-23, 6.64787915415e-24, 1.14802864428e-23, 1.85177350887e-23, 1.49456056713e-23, 1.08698256424e-23, 9.78427099531e-24, 9.7898726966e-24, 1.43754012318e-23, 8.94503974357e-24, 7.51393325439e-24, 7.89990317379e-24, 5.7096509864e-24, 8.17038937869e-24, 9.06963480152e-24, 1.26922418505e-23, 1.57018866211e-23, 1.07212713011e-23, 7.53089928588e-24, 6.31610950096e-24, 9.05426226906e-24, 9.84622339764e-24],
        "var": [8.0431218521e-06, 8.75393925526e-06, 1.71018132278e-06, 1.71164697349e-06, 3.96566036898e-07, 1.4300019302e-07, 2.81087466192e-07, 4.09671741863e-07, 8.9942950865e-08, 8.23874870548e-08, 1.41817096733e-07, 1.01668305774e-07, 2.968339885e-08, 4.09253537725e-08, 3.8019894788e-08, 8.72698535659e-08, 3.09392191866e-08, 6.01882899076e-09, 1.82236370438e-09, 1.2989439524e-09, 1.61708735291e-09, 1.69600411493e-09, 1.24956167635e-09, 3.2809302497e-10, 5.97261573532e-10, 2.35633179635e-10, 7.17934878214e-11, 7.35332419954e-11, 7.84927331465e-11, 3.61546521888e-11, 2.27086318499e-11, 3.09249709174e-11, 2.7802572744e-11, 1.95689991989e-11, 1.85673594555e-11, 1.18865542409e-11, 9.52259365111e-12, 3.98921303976e-12, 3.85656090396e-12, 9.41524419193e-13]
    },
    "mfcc": {
        "mean": [-589.344787598, 98.3186569214, -1.37945795059, 30.4134731293, 7.44848155975, 7.35005760193, 1.38838601112, 11.9318943024, 1.45647406578, 0.158203661442, 5.05622005463, 5.59899568558, 0.0522573962808],
        "cov": [[2764.03613281, 172.850585938, 17.6182193756, -69.0634384155, -35.696723938, 83.7435760498, 59.6110916138, 22.3267059326, -14.8838100433, 34.1877708435, 44.3383712769, 24.0073661804, 3.48693776131], [172.850585938, 478.270172119, -154.432128906, 32.416721344, -47.9006462097, -11.2260799408, 4.24855613708, 6.13100099564, -21.8307800293, -9.98636722565, 10.664185524, -3.2068271637, -31.4898414612], [17.6182193756, -154.432128906, 233.925750732, 51.7273483276, 24.2828445435, 1.42848086357, -20.1819992065, -20.1415882111, 14.7261343002, 6.7344250679, -15.5635004044, 14.3450832367, 16.5964031219], [-69.0634384155, 32.416721344, 51.7273483276, 242.282562256, 65.3539352417, -26.4332904816, -65.7322311401, -25.3996372223, 39.247428894, 0.540209472179, -30.751953125, -8.19844150543, 20.1397018433], [-35.696723938, -47.9006462097, 24.2828445435, 65.3539352417, 129.032272339, 25.0486431122, -3.42455196381, 9.51700401306, 23.5949344635, 1.01863205433, 4.35181665421, 4.35694551468, 7.95003938675], [83.7435760498, -11.2260799408, 1.42848086357, -26.4332904816, 25.0486431122, 99.30078125, 61.9660758972, 25.485748291, -2.9522922039, 4.6462097168, 12.9026927948, 4.29034614563, -3.03434920311], [59.6110916138, 4.24855613708, -20.1819992065, -65.7322311401, -3.42455196381, 61.9660758972, 127.832077026, 57.0742073059, -3.60102891922, -3.97146058083, 16.4515800476, 13.9771022797, -5.19267511368], [22.3267059326, 6.13100099564, -20.1415882111, -25.3996372223, 9.51700401306, 25.485748291, 57.0742073059, 78.7810134888, 17.870136261, 0.104759320617, 7.96369504929, 4.82400798798, -1.48907017708], [-14.8838100433, -21.8307800293, 14.7261343002, 39.247428894, 23.5949344635, -2.9522922039, -3.60102891922, 17.870136261, 62.7949295044, 25.0810947418, 0.688226401806, 1.51220321655, 7.68807649612], [34.1877708435, -9.98636722565, 6.7344250679, 0.540209472179, 1.01863205433, 4.6462097168, -3.97146058083, 0.104759320617, 25.0810947418, 62.3198661804, 22.7466621399, 1.25230658054, -5.92453050613], [44.3383712769, 10.664185524, -15.5635004044, -30.751953125, 4.35181665421, 12.9026927948, 16.4515800476, 7.96369504929, 0.688226401806, 22.7466621399, 61.3201065063, 24.1768627167, -0.689615607262], [24.0073661804, -3.2068271637, 14.3450832367, -8.19844150543, 4.35694551468, 4.29034614563, 13.9771022797, 4.82400798798, 1.51220321655, 1.25230658054, 24.1768627167, 52.2675895691, 24.1622333527], [3.48693776131, -31.4898414612, 16.5964031219, 20.1397018433, 7.95003938675, -3.03434920311, -5.19267511368, -1.48907017708, 7.68807649612, -5.92453050613, -0.689615607262, 24.1622333527, 55.4914207458]],
