{
"lowlevel": {
    "average_loudness": 0.978929102421,
    "barkbands_crest": {
        "dmean": 2.64835333824,
        "dmean2": 4.3560628891,
        "dvar": 5.97656202316,
        "dvar2": 15.2222852707,
        "max": 22.4500694275,
        "mean": 11.2373409271,
        "median": 10.7536592484,
        "min": 2.78387856483,
        "var": 14.1232376099
    },
    "barkbands_flatness_db": {
        "dmean": 0.0191044062376,
        "dmean2": 0.0301218219101,
        "dvar": 0.000311015144689,
        "dvar2": 0.00077123666415,
        "max": 0.363737732172,
        "mean": 0.112039789557,
        "median": 0.106024891138,
        "min": 0.0361127965152,
        "var": 0.00127075554337
    },
    "barkbands_kurtosis": {
        "dmean": 2.36445879936,
        "dmean2": 3.88164567947,
        "dvar": 26.4324169159,
        "dvar2": 68.6119308472,
        "max": 267.339508057,
        "mean": 3.76201105118,
        "median": 2.38521337509,
        "min": -1.76951277256,
        "var": 87.8159484863
    },
    "barkbands_skewness": {
        "dmean": 0.468918830156,
        "dmean2": 0.74647963047,
        "dvar": 0.249041005969,
        "dvar2": 0.626138925552,
        "max": 13.22660923,
        "mean": 1.71055817604,
        "median": 1.60540270805,
        "min": -2.04198074341,
        "var": 0.784623086452
    },
    "barkbands_spread": {
        "dmean": 5.02682542801,
        "dmean2": 8.07099914551,
        "dvar": 30.4929275513,
        "dvar2": 68.1269760132,
        "max": 137.408477783,
        "mean": 23.2768821716,
        "median": 22.4504184723,
        "min": 0.739292144775,
        "var": 118.468109131
    },
    "dissonance": {
        "dmean": 0.0168422199786,
        "dmean2": 0.0283026322722,
        "dvar": 0.000253617705312,
        "dvar2": 0.000672683585435,
        "max": 0.499974995852,
        "mean": 0.468563377857,
        "median": 0.473976135254,
        "min": 0.323719829321,
        "var": 0.000514946063049
    },
    "dynamic_complexity": 1.69186878204,
    "erbbands_crest": {
        "dmean": 2.39572238922,
        "dmean2": 3.83205199242,
        "dvar": 7.10716962814,
        "dvar2": 16.0168075562,
        "max": 30.632598877,
        "mean": 7.39778900146,
        "median": 5.909471035,
        "min": 2.36712622643,
        "var": 18.221988678
    },
    "erbbands_flatness_db": {
        "dmean": 0.0145349754021,
        "dmean2": 0.0207212045789,
        "dvar": 0.000262323068455,
        "dvar2": 0.000458626338514,
        "max": 0.296567291021,
        "mean": 0.120420135558,
        "median": 0.111104600132,
        "min": 0.0478171035647,
        "var": 0.00132557086181
    },
    "erbbands_kurtosis": {
        "dmean": 0.653468430042,
        "dmean2": 1.02543699741,
        "dvar": 0.972154915333,
        "dvar2": 2.27329015732,
        "max": 19.2025241852,
        "mean": 0.212925076485,
        "median": -0.26656627655,
        "min": -1.51599836349,
        "var": 2.48519515991
    },
    "erbbands_skewness": {
        "dmean": 0.301879137754,
        "dmean2": 0.464934378862,
        "dvar": 0.0854064226151,
        "dvar2": 0.189945325255,
        "max": 3.78702020645,
        "mean": 0.369976699352,
        "median": 0.303783386946,
        "min": -1.46676814556,
        "var": 0.336199462414
    },
    "erbbands_spread": {
        "dmean": 6.94551420212,
        "dmean2": 10.4548072815,
        "dvar": 51.8464584351,
        "dvar2": 101.823791504,
        "max": 104.978340149,
        "mean": 40.6451416016,
        "median": 39.6853675842,
        "min": 5.46772527695,
        "var": 237.078720093
    },
    "hfc": {
        "dmean": 5.30854654312,
        "dmean2": 7.53795623779,
        "dvar": 42.5127754211,
        "dvar2": 72.9530487061,
        "max": 75.3148498535,
        "mean": 23.3601036072,
        "median": 20.9178848267,
        "min": 1.25128484764e-16,
        "var": 147.088806152
    },
    "melbands_crest": {
        "dmean": 3.10691094398,
        "dmean2": 5.11308526993,
        "dvar": 9.35839653015,
        "dvar2": 23.0190296173,
        "max": 33.28490448,
        "mean": 16.3328418732,
        "median": 16.3530750275,
        "min": 2.83003759384,
        "var": 22.6473960876
    },
    "melbands_flatness_db": {
        "dmean": 0.0235401410609,
        "dmean2": 0.0369382016361,
        "dvar": 0.000492989143822,
        "dvar2": 0.00122655380983,
        "max": 0.481062114239,
        "mean": 0.194544002414,
        "median": 0.187865868211,
        "min": 0.00734746875241,
        "var": 0.00192552118097
    },
    "melbands_kurtosis": {
        "dmean": 6.97273540497,
        "dmean2": 11.1946430206,
        "dvar": 144.008117676,
        "dvar2": 383.274505615,
        "max": 386.954559326,
        "mean": 14.0884428024,
        "median": 9.58082866669,
        "min": -1.39059591293,
        "var": 393.888061523
    },
    "melbands_skewness": {
        "dmean": 0.757367253304,
        "dmean2": 1.17062807083,
        "dvar": 0.641738474369,
        "dvar2": 1.52232515812,
        "max": 14.5545444489,
        "mean": 2.9107530117,
        "median": 2.72241353989,
        "min": -0.373576015234,
        "var": 2.16778373718
    },
    "melbands_spread": {
        "dmean": 4.90090894699,
        "dmean2": 7.99448680878,
        "dvar": 28.7658367157,
        "dvar2": 70.9154968262,
        "max": 168.544830322,
        "mean": 19.4003829956,
        "median": 18.3852272034,
        "min": 0.512953698635,
        "var": 141.050231934
    },
    "pitch_salience": {
        "dmean": 0.0772128775716,
        "dmean2": 0.127560347319,
        "dvar": 0.00584695860744,
        "dvar2": 0.0136742191389,
        "max": 0.867495536804,
        "mean": 0.480250120163,
        "median": 0.475668430328,
        "min": 0.0974268615246,
        "var": 0.0124665368348
    },
    "silence_rate_20dB": {
        "dmean": 0,
        "dmean2": 0,
        "dvar": 0,
        "dvar2": 0,
        "max": 1,
        "mean": 1,
        "median": 1,
        "min": 1,
        "var": 0
    },
    "silence_rate_30dB": {
        "dmean": 0,
        "dmean2": 0,
        "dvar": 0,
        "dvar2": 0,
        "max": 1,
        "mean": 1,
        "median": 1,
        "min": 1,
        "var": 0
    },
    "silence_rate_60dB": {
        "dmean": 0.000386996893212,
        "dmean2": 0.000774293439463,
        "dvar": 0.000386876025004,
        "dvar2": 0.000773690524511,
        "max": 1,
        "mean": 0.00580270774662,
        "median": 0,
        "min": 0,
        "var": 0.00576874474064
    },
    "spectral_centroid": {
        "dmean": 220.33291626,
        "dmean2": 349.29083252,
        "dvar": 62689.8203125,
        "dvar2": 123637.765625,
        "max": 11072.9873047,
        "mean": 1334.61474609,
        "median": 1311.47546387,
        "min": 172.916931152,
        "var": 227509.75
    },
    "spectral_complexity": {
        "dmean": 3.62732195854,
        "dmean2": 5.60782051086,
        "dvar": 11.3892526627,
        "dvar2": 22.9437580109,
        "max": 45,
        "mean": 24.3396511078,
        "median": 24,
        "min": 0,
        "var": 47.199256897
    },
    "spectral_decrease": {
        "dmean": 3.26269078421e-09,
        "dmean2": 5.33244515211e-09,
        "dvar": 1.3813354574e-17,
        "dvar2": 3.495848241e-17,
        "max": 1.04977385702e-28,
        "mean": -9.95963578276e-09,
        "median": -8.69120508895e-09,
        "min": -3.09963859024e-08,
        "var": 2.26702826223e-17
    },
    "spectral_energy": {
        "dmean": 0.0126484809443,
        "dmean2": 0.0205912180245,
        "dvar": 0.000206227734452,
        "dvar2": 0.000515593390446,
        "max": 0.118869885802,
        "mean": 0.0397088229656,
        "median": 0.0347970835865,
        "min": 1.09533164529e-20,
        "var": 0.000350727554178
    },
    "spectral_energyband_high": {
        "dmean": 0.000221752066864,
        "dmean2": 0.000316602992825,
        "dvar": 7.32292377847e-08,
        "dvar2": 1.40950035643e-07,
        "max": 0.00326375849545,
        "mean": 0.000835469167214,
        "median": 0.000816690153442,
        "min": 8.04173843973e-21,
        "var": 2.8826855214e-07
    },
    "spectral_energyband_low": {
        "dmean": 0.00872960779816,
        "dmean2": 0.014723546803,
        "dvar": 0.000149530664203,
        "dvar2": 0.000402775971452,
        "max": 0.107924468815,
        "mean": 0.0197398476303,
        "median": 0.0168933589011,
        "min": 1.36453234013e-22,
        "var": 0.000172855216078
    },
    "spectral_energyband_middle_high": {
        "dmean": 0.00192930712365,
        "dmean2": 0.00284293200821,
        "dvar": 7.48945967644e-06,
        "dvar2": 1.45451040225e-05,
        "max": 0.073050186038,
        "mean": 0.00603151787072,
        "median": 0.00461292406544,
        "min": 1.27871500215e-21,
        "var": 2.37240001297e-05
    },
    "spectral_energyband_middle_low": {
        "dmean": 0.00698599079624,
        "dmean2": 0.0112668154761,
        "dvar": 0.000102412013803,
        "dvar2": 0.000248783471761,
        "max": 0.0963089317083,
        "mean": 0.0145342824981,
        "median": 0.00991557724774,
        "min": 4.10328890237e-22,
        "var": 0.000170981147676
    },
    "spectral_entropy": {
        "dmean": 0.120577469468,
        "dmean2": 0.177661508322,
        "dvar": 0.0171505361795,
        "dvar2": 0.0304050333798,
        "max": 9.78211593628,
        "mean": 7.7986998558,
        "median": 7.86093187332,
        "min": 6.21123361588,
        "var": 0.0897756591439
    },
    "spectral_flux": {
        "dmean": 0.0325163006783,
        "dmean2": 0.051847461611,
        "dvar": 0.00119708629791,
        "dvar2": 0.00235110078938,
        "max": 0.289125412703,
        "mean": 0.100772477686,
        "median": 0.088833399117,
        "min": 1.04658094691e-10,
        "var": 0.00247060507536
    },
    "spectral_kurtosis": {
        "dmean": 1.0024805069,
        "dmean2": 1.58474349976,
        "dvar": 1.70960080624,
        "dvar2": 4.02673816681,
        "max": 23.6171340942,
        "mean": 4.03500032425,
        "median": 3.63774776459,
        "min": -1.20871424675,
        "var": 4.6664018631
    },
    "spectral_rms": {
        "dmean": 0.000949148263317,
        "dmean2": 0.00152393209282,
        "dvar": 9.80644699666e-07,
        "dvar2": 2.35639163293e-06,
        "max": 0.010768965818,
        "mean": 0.00604984816164,
        "median": 0.0058265235275,
        "min": 3.26896951348e-12,
        "var": 2.13968860407e-06
    },
    "spectral_rolloff": {
        "dmean": 328.873168945,
        "dmean2": 546.967407227,
        "dvar": 205172.015625,
        "dvar2": 434677.5,
        "max": 19078.4179688,
        "mean": 991.05279541,
        "median": 861.328125,
        "min": 86.1328125,
        "var": 959374.875
    },
    "spectral_skewness": {
        "dmean": 0.154511705041,
        "dmean2": 0.236847743392,
        "dvar": 0.0267288181931,
        "dvar2": 0.0558351837099,
        "max": 3.25594782829,
        "mean": 1.53532457352,
        "median": 1.50536358356,
        "min": -0.0313109010458,
        "var": 0.1080987975
    },
    "spectral_spread": {
        "dmean": 456455.8125,
        "dmean2": 626623.875,
        "dvar": 706921365504,
        "dvar2": 860980117504,
        "max": 41185772,
        "mean": 5019874.5,
        "median": 5003545.5,
        "min": 1796271.75,
        "var": 2.03805215949e+12
    },
    "spectral_strongpeak": {
        "dmean": 0.425080418587,
        "dmean2": 0.705700695515,
        "dvar": 0.588959515095,
        "dvar2": 1.34144091606,
        "max": 7.04429388046,
        "mean": 0.785697162151,
        "median": 0.440080881119,
        "min": 0,
        "var": 1.03805232048
    },
    "zerocrossingrate": {
        "dmean": 0.00808139517903,
        "dmean2": 0.0101924696937,
        "dvar": 7.99773843028e-05,
        "dvar2": 0.000113408546895,
        "max": 0.505859375,
        "mean": 0.0529138222337,
        "median": 0.05126953125,
        "min": 0.00439453125,
        "var": 0.000685817038175
    },
    "barkbands": {
        "dmean": [0.000266882387223, 0.00642606476322, 0.00307889957912, 0.00141213065945, 0.00233612209558, 0.000704179808963, 0.00243342923932, 0.00180436007213, 0.00166513025761, 0.000905796186998, 0.000499347865116, 0.000546782917809, 0.000412184250308, 0.000358812103514, 0.000308037066134, 0.000191960119992, 0.000213823688682, 0.000143643541378, 0.000148344144691, 7.76362066972e-05, 6.69947403367e-05, 7.92038263171e-05, 5.06902142661e-05, 4.03226913477e-05, 2.48978358286e-05, 1.85266162589e-05, 1.35137051984e-05],
        "dmean2": [0.000445532146841, 0.0107858423144, 0.00536497216672, 0.00244874274358, 0.00406175851822, 0.00118144333828, 0.00376316183247, 0.00287047796883, 0.00251762266271, 0.00139307731297, 0.000799845613074, 0.000851136806887, 0.00065140274819, 0.000586525304243, 0.000504765484948, 0.000300878484268, 0.000345822860254, 0.000228509743465, 0.000231106838328, 0.000121001008665, 0.000104533501144, 0.00012263651297, 7.75774897193e-05, 5.99384875386e-05, 3.72855793103e-05, 2.79974065052e-05, 2.13309504034e-05],
        "dvar": [3.74654746338e-07, 7.97252141638e-05, 2.5245211873e-05, 5.734824299e-06, 2.76855625998e-05, 1.89987179056e-06, 3.14800454362e-05, 2.37084605033e-05, 1.37947690746e-05, 4.60676710645e-06, 1.07177572772e-06, 1.77930314749e-06, 1.05543256268e-06, 6.25173811386e-07, 2.99954734828e-07, 1.29242408775e-07, 6.05594294711e-08, 5.22859764374e-08, 3.6456878405e-08, 6.96720015014e-09, 4.87855089659e-09, 8.60098481326e-09, 4.34030544838e-09, 3.07532266319e-09, 2.16868878411e-09, 9.42180555796e-10, 7.29800775368e-10],
        "dvar2": [9.6141980066e-07, 0.000210204627365, 7.25848221919e-05, 1.48842582348e-05, 7.59136164561e-05, 4.64637923869e-06, 7.12584951543e-05, 5.73828328925e-05, 2.85749265458e-05, 8.87968872121e-06, 2.65555354417e-06, 3.86684132536e-06, 2.40995245804e-06, 1.51107030888e-06, 7.59136696615e-07, 2.77511844615e-07, 1.49030654484e-07, 1.33157826099e-07, 7.82455416015e-08, 1.66511409105e-08, 1.15067919637e-08, 1.87457072087e-08, 8.75500827391e-09, 6.24450402498e-09, 4.620257954e-09, 2.27577134915e-09, 1.85287718502e-09],
        "max": [0.00498603377491, 0.0879586189985, 0.0492412485182, 0.0397230647504, 0.0468318425119, 0.0273976866156, 0.0633928403258, 0.0900939553976, 0.0616037994623, 0.0660672932863, 0.0234648231417, 0.0219394918531, 0.0144517049193, 0.0106714796275, 0.00910454895347, 0.00901473592967, 0.00256463210098, 0.00552581716329, 0.00285186013207, 0.000940267869737, 0.000862246088218, 0.00137537636328, 0.000992241082713, 0.000834762933664, 0.000769708305597, 0.000391145702451, 0.000268903502729],
        "mean": [0.000312962249154, 0.0128110479563, 0.00547580979764, 0.00192140543368, 0.00246937409975, 0.00109238014556, 0.00345238624141, 0.0023851909209, 0.00254084472544, 0.00144402997103, 0.000820852757897, 0.000901593186427, 0.00061914784601, 0.000550531432964, 0.00054297602037, 0.000366413150914, 0.00044630310731, 0.00028219181695, 0.000335231394274, 0.000185814293218, 0.00018421545974, 0.000192649007658, 0.000134126807097, 0.000113740614324, 6.56963238725e-05, 4.08484193031e-05, 2.10717098525e-05],
        "median": [3.2267133065e-05, 0.0114841246977, 0.00353863509372, 0.00123001378961, 0.000922156265005, 0.000616564997472, 0.00148418103345, 0.00104502472095, 0.000999388517812, 0.00073366361903, 0.000487901648739, 0.000459855393274, 0.000280403881334, 0.000307973998133, 0.000382541271392, 0.000235431914916, 0.000347121298546, 0.000206556534977, 0.000261342851445, 0.000161346280947, 0.000176462490344, 0.000158256705618, 0.000112203633762, 0.000106242026959, 5.54087564524e-05, 3.28603855451e-05, 1.11347681013e-05],
        "min": [4.51201553407e-23, 6.76940854085e-23, 4.19463375716e-23, 1.33592647666e-23, 1.1355619914e-22, 5.50277308175e-23, 4.80506820957e-23, 5.86747357565e-23, 9.51077086843e-23, 5.58048724051e-23, 4.1876633822e-23, 5.35765675398e-23, 1.31623335302e-22, 5.21944169695e-23, 1.31380025356e-22, 1.07985869273e-22, 8.74705190689e-23, 2.06537441747e-22, 2.73726580445e-22, 3.12384576577e-22, 5.16996213217e-22, 3.96046165962e-22, 7.13224467245e-22, 9.28853549857e-22, 1.21950656097e-21, 1.41735216918e-21, 2.90235240479e-21],
        "var": [4.29611816344e-07, 0.000102021826024, 2.86136037175e-05, 6.7992550612e-06, 2.13581915887e-05, 2.43574459091e-06, 4.41340962425e-05, 2.6695224733e-05, 2.67328996415e-05, 8.34537149785e-06, 1.46640672938e-06, 3.18303909808e-06, 1.61822686096e-06, 8.03649299996e-07, 4.06886442761e-07, 2.55121761938e-07, 1.31377760226e-07, 8.75240147025e-08, 8.66310614356e-08, 1.80900752156e-08, 1.48540486578e-08, 2.62498449644e-08, 1.47473864232e-08, 9.38304900444e-09, 4.61428539822e-09, 1.62773239332e-09, 8.84005979529e-10]
    },
    "erbbands": {
        "dmean": [0.13734729588, 1.66614377499, 3.79091596603, 4.07329416275, 7.71054983139, 7.140229702, 5.1003279686, 6.4017663002, 24.6369800568, 43.7740592957, 33.7848052979, 36.0925445557, 36.6679077148, 20.8656311035, 17.4121284485, 23.953125, 19.0111637115, 19.1959457397, 15.9464101791, 12.9719219208, 9.30601024628, 10.7794389725, 8.34647750854, 7.72250127792, 5.45911645889, 3.78080677986, 3.00766539574, 2.5821685791, 3.40137863159, 2.24794888496, 1.30896031857, 1.03194212914, 0.587168812752, 0.315327942371, 0.175559461117, 0.0763202160597, 0.0391860455275, 0.0113879293203, 0.00262667331845, 0.000132233122713],
        "dmean2": [0.230320170522, 2.80928087234, 6.53916931152, 7.01876020432, 13.6767539978, 12.4547185898, 8.78491592407, 10.6291770935, 37.8448181152, 68.1913375854, 54.0119895935, 53.2941360474, 56.278717041, 33.3970031738, 27.3954639435, 37.4907188416, 29.3800964355, 30.3814601898, 26.0468635559, 20.7660598755, 14.7968826294, 17.1775665283, 13.1692075729, 12.1278152466, 8.4012966156, 5.89004564285, 4.70140266418, 4.03961086273, 5.39225578308, 3.40867042542, 2.02177000046, 1.56448125839, 0.878505706787, 0.479515105486, 0.264922767878, 0.113972298801, 0.0612230300903, 0.0179815012962, 0.00416983943433, 0.000206602227991],
        "dvar": [0.0524182617664, 5.44320678711, 34.8113136292, 47.6450042725, 256.978027344, 271.182434082, 102.778068542, 181.474899292, 3502.82470703, 12494.3955078, 5174.37744141, 8983.96875, 9136.82617188, 1558.54125977, 1462.62243652, 3242.87841797, 2105.67138672, 1821.97253418, 678.102050781, 525.49420166, 167.637451172, 162.937164307, 146.686645508, 103.050064087, 47.050567627, 15.7255296707, 11.957025528, 7.59164714813, 15.6913127899, 9.63935470581, 2.87425136566, 1.84357857704, 0.779531419277, 0.335340410471, 0.108130581677, 0.0154318884015, 0.00469399476424, 0.000458996044472, 2.79479372693e-05, 6.65913120201e-08],
        "dvar2": [0.135925218463, 14.689743042, 98.8763580322, 129.108581543, 712.525817871, 748.945556641, 282.556427002, 430.698516846, 7876.70849609, 27995.6152344, 11840.4736328, 18495.3691406, 18317.4160156, 3265.76000977, 3594.01708984, 7164.83300781, 4797.65722656, 4267.64599609, 1706.90979004, 1160.92077637, 369.413970947, 376.971160889, 355.851837158, 222.188201904, 98.7428359985, 37.772403717, 29.543762207, 18.1215019226, 38.0574264526, 19.5096855164, 5.80110025406, 3.85313296318, 1.66710746288, 0.756016135216, 0.233533293009, 0.0344291441143, 0.0117987832054, 0.00118861836381, 7.0962436439e-05, 1.6687573634e-07],
        "max": [2.08065915108, 20.6779918671, 58.0759124756, 87.1500396729, 142.468399048, 149.517105103, 87.5113754272, 323.251739502, 796.133666992, 1749.62695312, 1507.85632324, 1815.32800293, 1806.50170898, 1266.58532715, 840.23614502, 1112.73071289, 797.616821289, 626.596679688, 521.545227051, 436.041015625, 260.180358887, 164.463790894, 289.411621094, 162.214691162, 93.0685958862, 50.2971992493, 43.1652755737, 41.2850646973, 48.0733985901, 53.2081680298, 24.3968410492, 22.5196628571, 12.853597641, 9.98975849152, 6.22605895996, 2.22798228264, 0.923338294029, 0.254530787468, 0.0471871159971, 0.00306279072538],
        "mean": [0.211350515485, 3.31329607964, 7.67753410339, 6.30677604675, 8.07241153717, 7.5860748291, 6.92980861664, 9.9460849762, 37.5974845886, 57.1451721191, 51.3225631714, 57.4955749512, 60.0883903503, 39.3823394775, 30.5546417236, 40.4619255066, 32.1573066711, 31.7724075317, 28.4671897888, 24.1768169403, 20.6079959869, 24.0497283936, 17.802520752, 16.9855594635, 12.7951202393, 9.18825054169, 7.43012857437, 7.08548355103, 7.70615243912, 5.45143985748, 3.52313518524, 2.7614736557, 1.58401489258, 0.798171341419, 0.43486058712, 0.183536484838, 0.077314645052, 0.0194867420942, 0.00404150411487, 0.000236485822825],
        "median": [0.125436216593, 3.04346251488, 5.91918134689, 4.09448099136, 3.63648819923, 2.47119140625, 3.49143242836, 5.68423080444, 18.2885150909, 18.4834537506, 27.9617195129, 23.5178165436, 28.6771945953, 23.4444084167, 17.6772117615, 21.5352191925, 16.126077652, 17.9668521881, 20.0789527893, 16.758228302, 15.0045909882, 19.2798576355, 13.891661644, 13.000415802, 10.3672113419, 7.99663543701, 6.7920165062, 6.73825883865, 6.39707422256, 4.1434969902, 3.03289103508, 2.53719878197, 1.42474257946, 0.65435475111, 0.362124234438, 0.154122725129, 0.0600805692375, 0.0124737648293, 0.00208708248101, 0.000143690180266],
        "min": [2.28426632976e-21, 1.45474929548e-20, 5.42198409212e-20, 3.53859691179e-20, 1.31393581949e-19, 3.81747342361e-19, 9.16017638992e-19, 1.95986371149e-19, 5.56463009628e-19, 6.93021378075e-19, 1.51845069418e-18, 2.40295616395e-18, 2.36028170935e-18, 1.44645744315e-18, 1.49229937911e-18, 2.82794088316e-18, 6.65928162786e-18, 2.37754393476e-18, 5.0954677285e-18, 6.00802123849e-18, 6.57678359664e-18, 6.13989864355e-18, 9.33641983393e-18, 1.32460079355e-17, 1.32654632235e-17, 1.73711717123e-17, 1.61170236286e-17, 2.31298939491e-17, 1.43372171549e-17, 2.01274119596e-17, 1.90971866308e-17, 2.01764803136e-17, 1.46854022902e-17, 9.06819245824e-18, 1.17470863552e-17, 4.88755712231e-18, 2.80078867956e-18, 1.44322895722e-18, 3.99862339282e-19, 4.33224342844e-20],
        "var": [0.067663513124, 6.41555452347, 37.321647644, 56.3129653931, 193.986419678, 214.495651245, 101.621604919, 239.668273926, 5076.44677734, 17642.5175781, 8090.60986328, 16576.4511719, 16590.0976562, 3954.14501953, 2093.6015625, 5912.51855469, 3620.39916992, 2612.77563477, 970.581115723, 902.503295898, 369.927703857, 379.822143555, 280.11114502, 248.491012573, 109.44140625, 42.2066955566, 27.420671463, 23.4048404694, 39.7699699402, 30.2860832214, 9.73606967926, 5.53750896454, 2.0090277195, 0.692740499973, 0.214716717601, 0.0321551635861, 0.00672349892557, 0.000570707314182, 3.35859804181e-05, 8.2205481533e-08]
    },
    "gfcc": {
        "mean": [46.0308494568, 81.1740646362, -103.776596069, 25.52617836, -48.2040863037, 18.498216629, -21.8812236786, 14.9844703674, -11.4544639587, 4.39021587372, -15.9246931076, -1.29602122307, -16.8222846985],
        "cov": [[7788.16650391, 395.767456055, -303.211608887, -141.118621826, -289.391540527, -73.7242584229, -137.725631714, 9.59847831726, -57.71534729, -35.1561431885, -119.201370239, 14.5684776306, -136.764678955], [395.767456055, 888.105773926, -255.782455444, 9.40570926666, 84.5225753784, -84.5594024658, 20.0569782257, -29.6935558319, 31.9706840515, -22.8509559631, 45.7688522339, -41.4308547974, 1.51389098167], [-303.211608887, -255.782455444, 306.176483154, 67.5358505249, 17.4171390533, 54.7498016357, 2.53121042252, -3.97999548912, -10.3784866333, 27.9951477051, -6.38662576675, 25.6106147766, 13.5056352615], [-141.118621826, 9.40570926666, 67.5358505249, 278.401062012, 45.9460906982, 72.5886077881, -8.81045722961, 17.1774616241, 18.5758285522, 15.1100206375, 7.15133476257, 14.0951452255, 34.4408302307], [-289.391540527, 84.5225753784, 17.4171390533, 45.9460906982, 148.751647949, 7.44803285599, 22.6713008881, 10.5535011292, 16.4092941284, 8.52137184143, 15.4578084946, 0.825920939445, 7.89232206345], [-73.7242584229, -84.5594024658, 54.7498016357, 72.5886077881, 7.44803285599, 145.645584106, 44.6210136414, 35.9394721985, 9.917927742, 25.523809433, 0.611069440842, 10.1904497147, 4.41190958023], [-137.725631714, 20.0569782257, 2.53121042252, -8.81045722961, 22.6713008881, 44.6210136414, 111.701911926, 36.7346725464, 19.2413463593, 6.46711874008, 11.7037315369, 0.238442867994, 1.16673374176], [9.59847831726, -29.6935558319, -3.97999548912, 17.1774616241, 10.5535011292, 35.9394721985, 36.7346725464, 94.5374984741, 41.6419715881, 24.0526733398, 9.26886749268, 9.44371700287, -2.41472363472], [-57.71534729, 31.9706840515, -10.3784866333, 18.5758285522, 16.4092941284, 9.917927742, 19.2413463593, 41.6419715881, 75.3851165771, 34.3679237366, 12.9835224152, 3.39576864243, 3.13779950142], [-35.1561431885, -22.8509559631, 27.9951477051, 15.1100206375, 8.52137184143, 25.523809433, 6.46711874008, 24.0526733398, 34.3679237366, 65.0030593872, 27.155954361, 5.99409389496, -3.41047596931], [-119.201370239, 45.7688522339, -6.38662576675, 7.15133476257, 15.4578084946, 0.611069440842, 11.7037315369, 9.26886749268, 12.9835224152, 27.155954361, 54.6346282959, 18.3805351257, -1.34373915195], [14.5684776306, -41.4308547974, 25.6106147766, 14.0951452255, 0.825920939445, 10.1904497147, 0.238442867994, 9.44371700287, 3.39576864243, 5.99409389496, 18.3805351257, 47.0848503113, 13.8340492249], [-136.764678955, 1.51389098167, 13.5056352615, 34.4408302307, 7.89232206345, 4.41190958023, 1.16673374176, -2.41472363472, 3.13779950142, -3.41047596931, -1.34373915195, 13.8340492249, 47.2668685913]],
        "icov": [[0.000183549054782, -0.000192633640836, 0.000104705191916, -3.99124110118e-05, 0.000327772548189, 4.35501824541e-05, 0.000101732875919, -0.000170332641574, 0.000287318049232, -0.000441762211267, 0.000920992635656, -0.000773077248596, 0.000667916669045], [-0.000192633640836, 0.00217600911856, 0.00132380542345, -0.000426726764999, -0.00123866647482, 0.000537354149856, -0.000599460967351, 0.00124433042947, -0.00130691891536, 0.00140644749627, -0.00300845713355, 0.00244561140426, -0.00107242539525], [0.000104705191916, 0.00132380542345, 0.00539953960106, -0.00111381011084, -0.000999198644422, -9.98956747935e-05, -0.000867554626893, 0.0016008997336, 0.00130860938225, -0.00326337176375, 0.00220497255214, -0.00235863844864, 0.000239353641518], [-3.99124110118e-05, -0.000426726764999, -0.00111381011084, 0.00544466637075, -0.00117852294352, -0.00325513957068, 0.00255729840137, -0.00064563768683, -0.0012745980639, 0.00148204586003, -0.00148254551459, 0.000958190590609, -0.00347733334638], [0.000327772548189, -0.00123866647482, -0.000999198644422, -0.00117852294352, 0.00873440969735, 0.000621709914412, -0.00119248626288, -0.000741480500437, -0.000178358837729, -0.000434527959442, 0.000195876185899, -0.000668172375299, 0.000789022422396], [4.35501824541e-05, 0.000537354149856, -9.98956747935e-05, -0.00325513957068, 0.000621709914412, 0.0116929374635, -0.00511168502271, -0.00189553492237, 0.00312229339033, -0.00545296259224, 0.00389087782241, -0.00213119317777, 0.00147694116458], [0.000101732875919, -0.000599460967351, -0.000867554626893, 0.00255729840137, -0.00119248626288, -0.00511168502271, 0.0135624613613, -0.00400244770572, -0.0020945565775, 0.004449817352, -0.00421001948416, 0.00271221762523, -0.00161830591969], [-0.000170332641574, 0.00124433042947, 0.0016008997336, -0.00064563768683, -0.000741480500437, -0.00189553492237, -0.00400244770572, 0.0176621749997, -0.0081956256181, -0.000930485723075, 0.000295875332085, -0.00263368384913, 0.00203831517138], [0.000287318049232, -0.00130691891536, 0.00130860938225, -0.0012745980639, -0.000178358837729, 0.00312229339033, -0.0020945565775, -0.0081956256181, 0.0246743503958, -0.013781693764, 0.00572792254388, -0.00257950555533, -0.000915214943234], [-0.000441762211267, 0.00140644749627, -0.00326337176375, 0.00148204586003, -0.000434527959442, -0.00545296259224, 0.004449817352, -0.000930485723075, -0.013781693764, 0.0334380194545, -0.0196194928139, 0.00869489088655, -0.000821550900582], [0.000920992635656, -0.00300845713355, 0.00220497255214, -0.00148254551459, 0.000195876185899, 0.00389087782241, -0.00421001948416, 0.000295875332085, 0.00572792254388, -0.0196194928139, 0.0394595451653, -0.0203003846109, 0.00820201449096], [-0.000773077248596, 0.00244561140426, -0.00235863844864, 0.000958190590609, -0.000668172375299, -0.00213119317777, 0.00271221762523, -0.00263368384913, -0.00257950555533, 0.00869489088655, -0.0203003846109, 0.0363312140107, -0.0126423547044], [0.000667916669045, -0.00107242539525, 0.000239353641518, -0.00347733334638, 0.000789022422396, 0.00147694116458, -0.00161830591969, 0.00203831517138, -0.000915214943234, -0.000821550900582, 0.00820201449096, -0.0126423547044, 0.0293980445713]]
    },
    "melbands": {
        "dmean": [0.0014790087007, 0.00205660238862, 0.000761423376389, 0.000580622872803, 0.000188426827663, 0.000144172372529, 0.000413973961258, 0.000457121408544, 0.000261847570073, 0.000246811978286, 0.000181636525667, 8.70445001055e-05, 6.71950328979e-05, 5.71193158976e-05, 5.32917038072e-05, 4.2016068619e-05, 3.83360529668e-05, 2.52768641076e-05, 2.0709258024e-05, 1.58762723004e-05, 1.19108844956e-05, 1.24711386889e-05, 1.17400486488e-05, 5.6771373238e-06, 7.04308286004e-06, 5.57712155569e-06, 3.0761459584e-06, 2.54737256e-06, 2.25351436711e-06, 1.93762639356e-06, 1.61203229254e-06, 2.00442946152e-06, 1.61908053542e-06, 1.30959745093e-06, 9.35144839787e-07, 6.53238544146e-07, 6.78341052662e-07, 4.91803803016e-07, 3.34669209678e-07, 2.76345190287e-07],
        "dmean2": [0.00248708156869, 0.00350345345214, 0.00132300273981, 0.00101685954724, 0.000326974812197, 0.000239377972321, 0.000634702038951, 0.000713867368177, 0.000414941780036, 0.00036990569788, 0.000280816486338, 0.00014026464487, 0.000106050887553, 8.93564938451e-05, 8.2889899204e-05, 6.60425430397e-05, 6.1981860199e-05, 4.14078822359e-05, 3.39286198141e-05, 2.55171544268e-05, 1.93981450138e-05, 2.01547300094e-05, 1.86594461411e-05, 9.04076750885e-06, 1.12080988401e-05, 8.76798003446e-06, 4.83940721097e-06, 4.08175765187e-06, 3.60746184924e-06, 3.15234660775e-06, 2.58877162196e-06, 3.19259106618e-06, 2.52423183156e-06, 2.01771194952e-06, 1.46627087361e-06, 1.03431852949e-06, 1.04538764845e-06, 7.49755201923e-07, 5.19891329986e-07, 4.23994777066e-07],
        "dvar": [4.58310614704e-06, 9.21167975321e-06, 1.41483985772e-06, 1.7412288571e-06, 1.57771964382e-07, 9.38119555371e-08, 9.3170473292e-07, 1.45990748024e-06, 3.12968410299e-07, 3.76376988243e-07, 2.25079631377e-07, 3.23311013517e-08, 2.16712319201e-08, 1.9851244204e-08, 1.74442131851e-08, 9.67700763965e-09, 7.91141729906e-09, 1.7974746136e-09, 1.85297177602e-09, 1.06767217289e-09, 2.75868911048e-10, 2.19076798369e-10, 2.88193136022e-10, 6.62125979045e-11, 8.98564000984e-11, 6.14289660805e-11, 1.18594439824e-11, 7.90909438636e-12, 8.00151091218e-12, 4.40067079999e-12, 3.24758145723e-12, 5.23817404383e-12, 4.53923574076e-12, 3.3162465829e-12, 1.39688640429e-12, 7.34939344625e-13, 8.37844388053e-13, 4.88093289744e-13, 2.93261156461e-13, 2.74522863209e-13],
        "dvar2": [1.19584965432e-05, 2.57375759247e-05, 3.81927748094e-06, 4.82924997414e-06, 4.35380513863e-07, 2.20423515884e-07, 2.07421885534e-06, 3.32586796503e-06, 6.80186246882e-07, 7.7695199252e-07, 4.51193102435e-07, 6.52447340599e-08, 5.3897228014e-08, 4.45736105803e-08, 3.73732120806e-08, 2.06983212792e-08, 1.87794082507e-08, 4.39089165027e-09, 4.52342296953e-09, 2.35879160648e-09, 6.28151641813e-10, 5.2005283413e-10, 7.35399408036e-10, 1.51455223363e-10, 1.99181782179e-10, 1.3534548482e-10, 2.74855554983e-11, 1.96788869922e-11, 2.04440960688e-11, 1.11733539088e-11, 7.93357306933e-12, 1.29070417548e-11, 1.01497091981e-11, 7.00980332807e-12, 3.0894249832e-12, 1.58011483672e-12, 1.81756530399e-12, 1.08005477392e-12, 6.74986759194e-13, 6.3330308879e-13],
        "max": [0.0214007329196, 0.0294481292367, 0.0136196631938, 0.0121639613062, 0.00412322860211, 0.00648918328807, 0.0128627633676, 0.01730787009, 0.0120411952958, 0.0120790433139, 0.00872570369393, 0.00631285831332, 0.0034272056073, 0.00250126328319, 0.00285425619222, 0.00167368270922, 0.00131519895513, 0.000757704954594, 0.000995317357592, 0.000649556342978, 0.000362734892406, 0.000176706380444, 0.000468425190775, 0.000141694545164, 0.000147139100591, 0.00011777254258, 4.29885440099e-05, 4.14827336499e-05, 3.77840769943e-05, 2.54942387983e-05, 2.63588171947e-05, 2.31086269196e-05, 3.72473878087e-05, 3.1668900192e-05, 1.74740143848e-05, 1.216761666e-05, 1.5641673599e-05, 1.05658145912e-05, 8.66643677e-06, 9.54284041654e-06],
        "mean": [0.00275527127087, 0.00442856689915, 0.00115193368401, 0.000599709048402, 0.000247493182542, 0.000221958296606, 0.000621018873062, 0.000591840944253, 0.000398495205445, 0.000375668168999, 0.000291840580758, 0.000153776985826, 0.00011113454093, 9.38015145948e-05, 8.83184693521e-05, 6.52809831081e-05, 5.78136459808e-05, 4.32136039308e-05, 3.615336027e-05, 2.76448554359e-05, 2.42821170104e-05, 2.53366670222e-05, 2.25120911637e-05, 1.11493591248e-05, 1.42920234794e-05, 1.15692928375e-05, 6.93518541084e-06, 5.64905622014e-06, 4.66478513772e-06, 4.41609881818e-06, 3.91527601096e-06, 4.37405469711e-06, 3.4841480101e-06, 2.8981567084e-06, 2.19005528379e-06, 1.58631507929e-06, 1.70703822278e-06, 1.20588993013e-06, 7.95413598098e-07, 6.30890156117e-07],
        "median": [0.00221612956375, 0.0038822023198, 0.000791928730905, 0.000222671253141, 0.00011843458924, 0.00012467574561, 0.000290465977741, 0.000195371889276, 0.000195920350961, 0.000148226186866, 0.000136876828037, 8.6478801677e-05, 6.54007017147e-05, 4.53439461126e-05, 4.69976621389e-05, 3.33084099111e-05, 3.08326598315e-05, 2.99663988699e-05, 2.54392525676e-05, 1.83790725714e-05, 1.78698646778e-05, 1.91238214029e-05, 1.66492118296e-05, 8.18265834823e-06, 1.04278733488e-05, 8.5505153038e-06, 5.83529117648e-06, 4.76411287309e-06, 3.97414441977e-06, 3.96525365431e-06, 3.51508629137e-06, 3.64317975254e-06, 2.53794132732e-06, 2.17260549107e-06, 1.80742779321e-06, 1.36607184231e-06, 1.54503129579e-06, 1.05421133867e-06, 6.56681720557e-07, 4.95445362958e-07],
        "min": [2.14924995855e-23, 2.49481063586e-23, 9.16604464819e-24, 1.58040141316e-23, 3.02371457822e-23, 5.61731836732e-24, 8.94520382664e-24, 7.8624180813e-24, 1.19403509116e-23, 1.59503825394e-23, 1.15877853072e-23, 5.66344543103e-24, 5.36994578693e-24, 4.86079602604e-24, 1.16975655574e-23, 1.26090406908e-23, 3.30336943732e-24, 6.95458985182e-24, 1.1559622184e-23, 5.10283866772e-24, 8.1903475596e-24, 6.53313894105e-24, 6.81726731202e-24, 9.29095919481e-24, 1.08634753121e-23, 1.11098917931e-23, 8.70837358339e-24, 1.19120063504e-23, 9.64526739292e-24, 1.19467256966e-23, 1.37273693531e-23, 8.86838455169e-24, 5.74567234748e-24, 1.32460805816e-23, 1.18722225172e-23, 9.26373560497e-24, 1.28959123256e-23, 9.77312833502e-24, 9.64943652281e-24, 6.64257722e-24],
        "var": [6.04048636887e-06, 9.28552162804e-06, 1.5534361637e-06, 1.29123600345e-06, 1.42739253306e-07, 1.25297304976e-07, 1.38654718285e-06, 1.95289339899e-06, 5.62199829801e-07, 6.80416746945e-07, 4.05794224889e-07, 7.77900055482e-08, 2.89395760689e-08, 3.73546704679e-08, 2.92248003575e-08, 1.57332937789e-08, 1.05735029621e-08, 2.5115345359e-09, 2.46520870384e-09, 1.55583024242e-09, 5.4283000317e-10, 4.71702565896e-10, 4.77287709355e-10, 1.32810262787e-10, 2.03189493009e-10, 1.27950414153e-10, 2.6355362337e-11, 1.92013176192e-11, 1.41066290593e-11, 1.04277168497e-11, 8.52570705007e-12, 1.28150493689e-11, 1.20754508823e-11, 9.53140170956e-12, 4.12049691242e-12, 2.01821068538e-12, 2.26295609855e-12, 1.20221421793e-12, 6.23987244253e-13, 5.11184898664e-13]
    },
    "mfcc": {
        "mean": [-599.903320312, 119.637535095, 3.25086140633, 18.4891757965, 2.52873969078, 9.61550331116, 2.12420749664, 12.5634078979, 7.70415782928, 9.58697986603, 7.22095012665, 4.95778942108, 1.75430691242],
        "cov": [[2951.87084961, -14.3283748627, 12.1360721588, -43.1810455322, -86.9095840454, -62.1212692261, -35.8488540649, 43.8584671021, -15.6068925858, -17.1092624664, -8.33852100372, 3.12642240524, -53.7841453552], [-14.3283748627, 713.787719727, -225.4637146, 41.5143814087, -4.26385259628, -25.1066455841, -2.58654928207, -0.740390300751, -33.3664283752, 11.2486581802, 43.2499008179, -12.9409799576, 2.39829397202], [12.1360721588, -225.4637146, 270.233123779, 20.0250988007, 20.454246521, 54.1207962036, 16.4773216248, -3.96943330765, 22.5363788605, -7.01995897293, -19.970539093, 12.1472063065, 14.1827716827], [-43.1810455322, 41.5143814087, 20.0250988007, 171.149047852, 75.1918792725, 27.2092895508, 4.98402881622, 4.22540283203, 13.1245355606, -0.97489964962, -7.5290517807, 6.29033517838, 21.4655952454], [-86.9095840454, -4.26385259628, 20.454246521, 75.1918792725, 127.302085876, 35.6003112793, 2.09893465042, -0.419696241617, 11.590555191, 4.05353879929, 4.19957876205, 0.433399409056, 19.4864177704], [-62.1212692261, -25.1066455841, 54.1207962036, 27.2092895508, 35.6003112793, 103.057106018, 37.3584403992, 9.9315032959, 15.3320436478, 6.36672496796, 3.89911651611, 5.22849035263, 9.20466136932], [-35.8488540649, -2.58654928207, 16.4773216248, 4.98402881622, 2.09893465042, 37.3584403992, 84.5115890503, 28.3939437866, 13.2764987946, 7.39937829971, 3.80553436279, 18.1065216064, 1.38756501675], [43.8584671021, -0.740390300751, -3.96943330765, 4.22540283203, -0.419696241617, 9.9315032959, 28.3939437866, 75.8991165161, 28.5135002136, 9.34142208099, 14.1566781998, 13.8807582855, 5.16554832458], [-15.6068925858, -33.3664283752, 22.5363788605, 13.1245355606, 11.590555191, 15.3320436478, 13.2764987946, 28.5135002136, 77.7109832764, 30.7809448242, -0.992213964462, 15.0995759964, 6.29468297958], [-17.1092624664, 11.2486581802, -7.01995897293, -0.97489964962, 4.05353879929, 6.36672496796, 7.39937829971, 9.34142208099, 30.7809448242, 66.1929931641, 26.6783390045, 12.3127717972, 7.27144193649], [-8.33852100372, 43.2499008179, -19.970539093, -7.5290517807, 4.19957876205, 3.89911651611, 3.80553436279, 14.1566781998, -0.992213964462, 26.6783390045, 70.2786102295, 18.9997520447, 11.5249986649], [3.12642240524, -12.9409799576, 12.1472063065, 6.29033517838, 0.433399409056, 5.22849035263, 18.1065216064, 13.8807582855, 15.0995759964, 12.3127717972, 18.9997520447, 66.6207427979, 21.735748291], [-53.7841453552, 2.39829397202, 14.1827716827, 21.4655952454, 19.4864177704, 9.20466136932, 1.38756501675, 5.16554832458, 6.29468297958, 7.27144193649, 11.5249986649, 21.735748291, 54.0507888794]],
