{
"lowlevel": {
    "average_loudness": 0.938305974007,
    "barkbands_crest": {
        "dmean": 3.00497746468,
        "dmean2": 4.82800960541,
        "dvar": 9.30633068085,
        "dvar2": 23.7773113251,
        "max": 26.210691452,
        "mean": 14.4127521515,
        "median": 13.7892370224,
        "min": 2.35107469559,
        "var": 31.7151317596
    },
    "barkbands_flatness_db": {
        "dmean": 0.0497672483325,
        "dmean2": 0.0655435398221,
        "dvar": 0.00296286167577,
        "dvar2": 0.00490727182478,
        "max": 0.638068199158,
        "mean": 0.229036256671,
        "median": 0.209906846285,
        "min": 0.0274396762252,
        "var": 0.0140784140676
    },
    "barkbands_kurtosis": {
        "dmean": 35.0224838257,
        "dmean2": 52.9835700989,
        "dvar": 7140.23779297,
        "dvar2": 15527.3183594,
        "max": 1801.82592773,
        "mean": 54.8519172668,
        "median": 13.5859489441,
        "min": -1.93908560276,
        "var": 16768.9199219
    },
    "barkbands_skewness": {
        "dmean": 1.64564085007,
        "dmean2": 2.4320795536,
        "dvar": 4.83182907104,
        "dvar2": 11.2654752731,
        "max": 32.13697052,
        "mean": 4.38719797134,
        "median": 3.22365689278,
        "min": -2.18458628654,
        "var": 15.2219924927
    },
    "barkbands_spread": {
        "dmean": 7.06946992874,
        "dmean2": 9.74050807953,
        "dvar": 114.574630737,
        "dvar2": 223.361129761,
        "max": 111.51599884,
        "mean": 14.3114833832,
        "median": 8.43211269379,
        "min": 0.056336607784,
        "var": 282.518615723
    },
    "dissonance": {
        "dmean": 0.0274181552231,
        "dmean2": 0.0433587320149,
        "dvar": 0.00101629435085,
        "dvar2": 0.00262336293235,
        "max": 0.499999642372,
        "mean": 0.445714831352,
        "median": 0.4573790133,
        "min": 0.138657405972,
        "var": 0.0019714680966
    },
    "dynamic_complexity": 3.63244700432,
    "erbbands_crest": {
        "dmean": 3.42923140526,
        "dmean2": 5.12033367157,
        "dvar": 13.3800201416,
        "dvar2": 25.0431022644,
        "max": 33.8330307007,
        "mean": 12.1350078583,
        "median": 10.0607757568,
        "min": 2.56923174858,
        "var": 46.5163650513
    },
    "erbbands_flatness_db": {
        "dmean": 0.0346867628396,
        "dmean2": 0.0414499528706,
        "dvar": 0.0011892542243,
        "dvar2": 0.00184537051246,
        "max": 0.400428712368,
        "mean": 0.150210008025,
        "median": 0.142961025238,
        "min": 0.0282224155962,
        "var": 0.00467426236719
    },
    "erbbands_kurtosis": {
        "dmean": 4.36124706268,
        "dmean2": 6.00659656525,
        "dvar": 133.8671875,
        "dvar2": 216.966293335,
        "max": 181.475036621,
        "mean": 4.80435562134,
        "median": 0.257844209671,
        "min": -1.8790564537,
        "var": 280.440612793
    },
    "erbbands_skewness": {
        "dmean": 0.716651856899,
        "dmean2": 0.990319550037,
        "dvar": 0.987346470356,
        "dvar2": 1.72499346733,
        "max": 12.1062526703,
        "mean": 0.970743477345,
        "median": 0.643267273903,
        "min": -4.86064958572,
        "var": 3.19523501396
    },
    "erbbands_spread": {
        "dmean": 15.5564956665,
        "dmean2": 22.3219013214,
        "dvar": 388.240600586,
        "dvar2": 782.20111084,
        "max": 186.562942505,
        "mean": 45.2086601257,
        "median": 39.305644989,
        "min": 1.78537797928,
        "var": 855.31036377
    },
    "hfc": {
        "dmean": 11.2121458054,
        "dmean2": 15.0301551819,
        "dvar": 292.112731934,
        "dvar2": 573.033447266,
        "max": 217.827957153,
        "mean": 19.3975276947,
        "median": 9.636967659,
        "min": 1.16739311635e-16,
        "var": 592.991760254
    },
    "melbands_crest": {
        "dmean": 3.7134604454,
        "dmean2": 5.71456575394,
        "dvar": 13.4664535522,
        "dvar2": 30.0920295715,
        "max": 37.2020187378,
        "mean": 20.8880157471,
        "median": 21.2918376923,
        "min": 1.8865878582,
        "var": 49.4124336243
    },
    "melbands_flatness_db": {
        "dmean": 0.0552257150412,
        "dmean2": 0.0729078873992,
        "dvar": 0.00374049553648,
        "dvar2": 0.0063507752493,
        "max": 0.783714652061,
        "mean": 0.337695211172,
        "median": 0.319784998894,
        "min": 0.00359754613601,
        "var": 0.0186573397368
    },
    "melbands_kurtosis": {
        "dmean": 55.5150260925,
        "dmean2": 84.7712173462,
        "dvar": 10284.8896484,
        "dvar2": 24077.5859375,
        "max": 911.138000488,
        "mean": 89.5763092041,
        "median": 30.8143920898,
        "min": -1.85055875778,
        "var": 20736.8359375
    },
    "melbands_skewness": {
        "dmean": 1.93888282776,
        "dmean2": 2.84241080284,
        "dvar": 5.95060253143,
        "dvar2": 12.6189670563,
        "max": 22.8593597412,
        "mean": 5.46025753021,
        "median": 4.26925134659,
        "min": 0.0380163639784,
        "var": 16.617307663
    },
    "melbands_spread": {
        "dmean": 4.66555070877,
        "dmean2": 6.80246591568,
        "dvar": 101.392181396,
        "dvar2": 193.536300659,
        "max": 231.94241333,
        "mean": 10.049779892,
        "median": 5.53306531906,
        "min": 0.225901350379,
        "var": 263.822418213
    },
    "pitch_salience": {
        "dmean": 0.093780733645,
        "dmean2": 0.145341590047,
        "dvar": 0.0098191909492,
        "dvar2": 0.0228628274053,
        "max": 0.831901192665,
        "mean": 0.363662421703,
        "median": 0.351120889187,
        "min": 0.0393786244094,
        "var": 0.0334445089102
    },
    "silence_rate_20dB": {
        "dmean": 0,
        "dmean2": 0,
        "dvar": 0,
        "dvar2": 0,
        "max": 1,
        "mean": 1,
        "median": 1,
        "min": 1,
        "var": 0
    },
    "silence_rate_30dB": {
        "dmean": 0.0866873040795,
        "dmean2": 0.17344173789,
        "dvar": 0.0791706293821,
        "dvar2": 0.165040254593,
        "max": 1,
        "mean": 0.904835581779,
        "median": 1,
        "min": 0,
        "var": 0.0861101821065
    },
    "silence_rate_60dB": {
        "dmean": 0.0398606806993,
        "dmean2": 0.0797522291541,
        "dvar": 0.0382715016603,
        "dvar2": 0.0919768512249,
        "max": 1,
        "mean": 0.0599613152444,
        "median": 0,
        "min": 0,
        "var": 0.056366764009
    },
    "spectral_centroid": {
        "dmean": 276.548583984,
        "dmean2": 391.50592041,
        "dvar": 170351.953125,
        "dvar2": 281301.59375,
        "max": 10985.0068359,
        "mean": 818.487060547,
        "median": 642.660400391,
        "min": 81.1050186157,
        "var": 479025.75
    },
    "spectral_complexity": {
        "dmean": 4.2256193161,
        "dmean2": 5.90050315857,
        "dvar": 39.095413208,
        "dvar2": 76.6266860962,
        "max": 58,
        "mean": 11.5098648071,
        "median": 8,
        "min": 0,
        "var": 103.890640259
    },
    "spectral_decrease": {
        "dmean": 6.20920781458e-09,
        "dmean2": 9.09632724699e-09,
        "dvar": 8.55566076279e-17,
        "dvar2": 1.963906504e-16,
        "max": 4.65692598984e-29,
        "mean": -1.27054855525e-08,
        "median": -9.52638323781e-09,
        "min": -8.6335184335e-08,
        "var": 1.37331556086e-16
    },
    "spectral_energy": {
        "dmean": 0.0240174736828,
        "dmean2": 0.0349532961845,
        "dvar": 0.0012480643345,
        "dvar2": 0.00285640149377,
        "max": 0.329643338919,
        "mean": 0.0497128032148,
        "median": 0.0376280061901,
        "min": 1.04128371253e-20,
        "var": 0.0020309900865
    },
    "spectral_energyband_high": {
        "dmean": 0.00070866686292,
        "dmean2": 0.000985129270703,
        "dvar": 2.18996729018e-06,
        "dvar2": 4.18157333115e-06,
        "max": 0.0270136315376,
        "mean": 0.000842866371386,
        "median": 0.00012321214308,
        "min": 7.23556773006e-21,
        "var": 4.15525346398e-06
    },
    "spectral_energyband_low": {
        "dmean": 0.0215041283518,
        "dmean2": 0.0320843197405,
        "dvar": 0.00124570657499,
        "dvar2": 0.00290470686741,
        "max": 0.326732575893,
        "mean": 0.0369856655598,
        "median": 0.0252392888069,
        "min": 7.28274746869e-23,
        "var": 0.00180536566768
    },
    "spectral_energyband_middle_high": {
        "dmean": 0.00141928216908,
        "dmean2": 0.00215234258212,
        "dvar": 9.20973070606e-06,
        "dvar2": 2.21948630497e-05,
        "max": 0.0668472498655,
        "mean": 0.00275565846823,
        "median": 0.00107871729415,
        "min": 1.70588229881e-21,
        "var": 2.57239553321e-05
    },
    "spectral_energyband_middle_low": {
        "dmean": 0.00439387187362,
        "dmean2": 0.00690098153427,
        "dvar": 6.09061207797e-05,
        "dvar2": 0.000156848429469,
        "max": 0.0835697948933,
        "mean": 0.00957662332803,
        "median": 0.00351320882328,
        "min": 3.39658312726e-22,
        "var": 0.000168711980223
    },
    "spectral_entropy": {
        "dmean": 0.391290038824,
        "dmean2": 0.473170012236,
        "dvar": 0.201788887382,
        "dvar2": 0.315423697233,
        "max": 9.78332710266,
        "mean": 7.11258745193,
        "median": 7.27012825012,
        "min": 4.1236872673,
        "var": 0.740029752254
    },
    "spectral_flux": {
        "dmean": 0.0467150509357,
        "dmean2": 0.0707190409303,
        "dvar": 0.00277251238003,
        "dvar2": 0.00632009468973,
        "max": 0.474855095148,
        "mean": 0.100932575762,
        "median": 0.0850296169519,
        "min": 1.02043311301e-10,
        "var": 0.00545438099653
    },
    "spectral_kurtosis": {
        "dmean": 3.16948962212,
        "dmean2": 4.7325963974,
        "dvar": 25.269947052,
        "dvar2": 53.8049621582,
        "max": 77.1799697876,
        "mean": 7.39509487152,
        "median": 5.63000488281,
        "min": -1.19063639641,
        "var": 49.7859573364
    },
    "spectral_rms": {
        "dmean": 0.00158234778792,
        "dmean2": 0.00218289834447,
        "dvar": 3.554781415e-06,
        "dvar2": 7.54453913032e-06,
        "max": 0.017933299765,
        "mean": 0.00628021452576,
        "median": 0.00605889828876,
        "min": 3.18729743119e-12,
        "var": 9.05916294869e-06
    },
    "spectral_rolloff": {
        "dmean": 477.656890869,
        "dmean2": 795.920532227,
        "dvar": 2108761.75,
        "dvar2": 4762442,
        "max": 19121.484375,
        "mean": 737.965087891,
        "median": 236.865234375,
        "min": 43.06640625,
        "var": 2599061.25
    },
    "spectral_skewness": {
        "dmean": 0.415749937296,
        "dmean2": 0.594093978405,
        "dvar": 0.266574442387,
        "dvar2": 0.546469628811,
        "max": 7.41351985931,
        "mean": 2.07421445847,
        "median": 1.95426213741,
        "min": -0.0955301523209,
        "var": 0.732895612717
    },
    "spectral_spread": {
        "dmean": 1277470.375,
        "dmean2": 1676457.125,
        "dvar": 1.97355556045e+12,
        "dvar2": 3.59924288717e+12,
        "max": 40332512,
        "mean": 5623206.5,
        "median": 5255723.5,
        "min": 1265982.25,
        "var": 5.99139549184e+12
    },
    "spectral_strongpeak": {
        "dmean": 0.300870120525,
        "dmean2": 0.483764320612,
        "dvar": 0.206453278661,
        "dvar2": 0.530504882336,
        "max": 7.50755167007,
        "mean": 0.646070599556,
        "median": 0.572495937347,
        "min": 0,
        "var": 0.325378149748
    },
    "zerocrossingrate": {
        "dmean": 0.0164046622813,
        "dmean2": 0.0181573331356,
        "dvar": 0.000565427530091,
        "dvar2": 0.000633425312117,
        "max": 0.51611328125,
        "mean": 0.0419304221869,
        "median": 0.02685546875,
        "min": 0.0009765625,
        "var": 0.00209824391641
    },
    "barkbands": {
        "dmean": [0.000595567922574, 0.0175612606108, 0.00525530427694, 0.000724180426914, 0.00190856505651, 0.00138058746234, 0.000818615371827, 0.000700105621945, 0.000464656128315, 0.000432734843343, 0.000290425028652, 0.000142711578519, 0.000178808128112, 0.000216207568883, 0.000160141978995, 0.000154113295139, 0.000126388840727, 0.000129263702547, 0.000136535978527, 0.00010832411499, 0.000102126366983, 7.75484149926e-05, 5.40210457984e-05, 7.28829472791e-05, 7.72561179474e-05, 0.00013779879373, 0.000194091087906],
        "dmean2": [0.000941214442719, 0.0274258479476, 0.00721230451018, 0.00129065406509, 0.00311298319139, 0.00215117773041, 0.0012493156828, 0.00108117226046, 0.000687299703714, 0.000703040044755, 0.000469319405966, 0.000229102297453, 0.000264756177785, 0.000344044790836, 0.00025282902061, 0.00024734652834, 0.000201494432986, 0.000199364338187, 0.000207475939533, 0.00016579736257, 0.000150959036546, 0.000116691335279, 7.62977142585e-05, 0.000104393948277, 0.000113051944936, 0.000204092488275, 0.000292447250104],
        "dvar": [1.31814397264e-06, 0.00096337380819, 8.41838264023e-05, 5.11792723046e-06, 1.65033379744e-05, 8.64537923917e-06, 2.91013884635e-06, 3.44442651112e-06, 2.33573064179e-06, 3.02179728351e-06, 1.51026222284e-06, 1.7367078442e-07, 2.05742594517e-07, 1.49895436152e-06, 1.80858634735e-07, 1.27011205109e-07, 8.55324984173e-08, 9.21990093161e-08, 1.35711403004e-07, 6.61849668404e-08, 1.10198548953e-07, 9.31718204811e-08, 5.93954005979e-08, 1.95174592932e-07, 2.43770230668e-08, 8.13635452346e-08, 1.73719485019e-07],
        "dvar2": [2.9687305414e-06, 0.00243659201078, 0.000171796666109, 1.42041526487e-05, 4.17962510255e-05, 2.24621180678e-05, 6.64105027681e-06, 8.28502288641e-06, 5.03432602272e-06, 8.39238236949e-06, 4.596029612e-06, 4.19308975097e-07, 4.31960245351e-07, 4.41925976702e-06, 4.39980908595e-07, 3.25397593315e-07, 2.13744641542e-07, 2.13169585095e-07, 3.20616464933e-07, 1.4398230519e-07, 2.37495100919e-07, 2.0094608999e-07, 9.44277829262e-08, 4.2869629624e-07, 4.96960694818e-08, 1.81578670322e-07, 3.90765308111e-07],
        "max": [0.0144438175485, 0.304861932993, 0.101547136903, 0.0228458456695, 0.0561474598944, 0.0648597031832, 0.0270598307252, 0.0374059304595, 0.0427970476449, 0.037948936224, 0.0339560955763, 0.00795948226005, 0.00901091936976, 0.0466460362077, 0.00919325463474, 0.0067349546589, 0.00686135049909, 0.00621764315292, 0.00831327494234, 0.00495403492823, 0.00846538040787, 0.00662008672953, 0.00618714140728, 0.0148651394993, 0.00229008961469, 0.00287562701851, 0.00399174029008],
        "mean": [0.000663128390443, 0.0259844493121, 0.00998789910227, 0.000675866904203, 0.00306481914595, 0.00238682818599, 0.00132555759046, 0.00114202697296, 0.000780195347033, 0.000632060400676, 0.000454995344626, 0.000223613635171, 0.000286851194687, 0.000300277752103, 0.000201545233722, 0.00018345938588, 0.000156329129823, 0.00016731620417, 0.000185772907571, 0.000137886134326, 0.000128793617478, 9.70587861957e-05, 7.61534611229e-05, 8.59762149048e-05, 8.36283143144e-05, 0.000132682907861, 0.000167676538695],
        "median": [0.000126594968606, 0.0128773842007, 0.00632769614458, 0.000136592600029, 0.000740753719583, 0.000316882011248, 0.00024913038942, 0.000133860259666, 9.9580080132e-05, 5.4524432926e-05, 8.21990397526e-05, 3.83519545721e-05, 3.78828699468e-05, 3.11558433168e-05, 3.09956303681e-05, 3.15828510793e-05, 3.13055898005e-05, 2.96286470984e-05, 3.27738562191e-05, 2.28437511396e-05, 1.94814729184e-05, 1.58413949976e-05, 1.00559764178e-05, 8.47251612868e-06, 1.07965452116e-05, 1.00697216112e-05, 1.25137080431e-06],
        "min": [1.21688918044e-23, 2.65309699644e-23, 3.39187848704e-23, 1.82469712047e-23, 5.80763879154e-23, 2.99666201343e-23, 6.7701835178e-23, 3.97541656912e-23, 8.43036716748e-23, 5.71074142883e-23, 1.2023907532e-22, 1.04653556726e-22, 5.592476033e-23, 1.32294043777e-22, 8.98125398114e-23, 1.25396054695e-22, 3.2481977599e-22, 2.44826705359e-22, 3.29401884025e-22, 2.69713083352e-22, 3.80829506106e-22, 3.5130255602e-22, 6.54838612352e-22, 7.38093502919e-22, 9.63069261972e-22, 1.8771850221e-21, 2.37036056423e-21],
        "var": [1.79506810127e-06, 0.00123017956503, 0.000172424988705, 3.7727347717e-06, 3.03614669974e-05, 2.22294274863e-05, 6.25100756224e-06, 8.7208009063e-06, 4.74348826174e-06, 4.96499478686e-06, 2.13766634261e-06, 3.31197213654e-07, 5.22031598393e-07, 1.84138343684e-06, 2.62143657892e-07, 2.12057670979e-07, 1.35974346449e-07, 1.74810963927e-07, 1.97225233478e-07, 1.03468451584e-07, 1.81026791779e-07, 1.40368115353e-07, 1.52087054062e-07, 2.67391499165e-07, 3.97221420201e-08, 9.27090013647e-08, 1.841750219e-07]
    },
    "erbbands": {
        "dmean": [0.448666185141, 4.20193243027, 7.5357298851, 3.03532481194, 3.29809331894, 8.5417547226, 9.22095966339, 11.6991405487, 10.1591596603, 18.2012271881, 11.0502071381, 10.2752113342, 10.0792331696, 13.9780368805, 9.46006679535, 6.46809148788, 8.34144878387, 10.5319309235, 8.28627300262, 9.25116062164, 7.53920602798, 6.90043210983, 6.62471199036, 7.18594503403, 6.20269966125, 5.21527719498, 4.67044305801, 3.66864037514, 2.85037231445, 2.12010765076, 1.54378449917, 1.77989375591, 0.992501437664, 0.677682101727, 0.657198786736, 0.728058636189, 0.220002621412, 0.0936221107841, 0.0339056663215, 0.00226281583309],
        "dmean2": [0.734758675098, 6.51909351349, 10.475356102, 4.87988615036, 5.66275167465, 13.7584857941, 14.8395938873, 18.1730251312, 15.3536014557, 27.6021709442, 17.275062561, 15.4391880035, 15.3457918167, 23.2776966095, 15.3098802567, 10.2201690674, 12.52039814, 16.6369056702, 12.724316597, 14.7228965759, 11.9740152359, 10.9069604874, 10.2516841888, 10.6056804657, 9.61856174469, 7.9261879921, 7.05451154709, 5.47307538986, 4.25996017456, 3.0312666893, 2.12292551994, 2.56961011887, 1.38501358032, 0.984308004379, 0.974979817867, 1.0909832716, 0.328716695309, 0.140885323286, 0.0510443374515, 0.00345008354634],
        "dvar": [0.807760119438, 52.9568786621, 165.736740112, 55.840637207, 61.7408103943, 435.157501221, 473.010986328, 598.208496094, 494.544647217, 1726.78967285, 1290.20129395, 1187.61901855, 1115.32214355, 3313.21118164, 738.046264648, 348.000152588, 478.318878174, 2475.01513672, 859.605834961, 571.011047363, 339.768005371, 286.997375488, 230.541503906, 283.660583496, 354.192108154, 150.050140381, 202.722854614, 169.042144775, 123.158714294, 72.4166183472, 52.1172409058, 142.957489014, 22.9416599274, 4.24662590027, 1.65336608887, 2.39774751663, 0.207209378481, 0.0384574122727, 0.00523287756369, 2.53145353781e-05],
        "dvar2": [2.22300887108, 128.593429565, 313.248199463, 149.797988892, 159.536407471, 1097.1348877, 1273.65637207, 1544.76428223, 1133.45300293, 3875.60791016, 3128.54711914, 2696.45263672, 2664.3894043, 9213.22265625, 2101.4675293, 806.270690918, 1015.29315186, 7515.10107422, 1708.83874512, 1417.17541504, 900.575561523, 719.294921875, 573.408691406, 585.714294434, 841.049621582, 333.655090332, 459.621917725, 372.691986084, 269.833343506, 141.594009399, 76.5647125244, 311.685119629, 47.3288078308, 8.62365150452, 3.64584159851, 5.44559431076, 0.461106985807, 0.0864975005388, 0.0117735126987, 5.74401456106e-05],
        "max": [9.57755279541, 66.3461532593, 146.953079224, 88.8009567261, 140.191101074, 331.670471191, 375.285644531, 466.662261963, 350.707092285, 623.104309082, 1059.18432617, 1152.7421875, 859.902038574, 1333.25231934, 597.389343262, 403.863891602, 441.193756104, 1556.79943848, 1008.14648438, 578.653503418, 383.851318359, 444, 206.225692749, 387.359130859, 472.501800537, 245.714538574, 295.924591064, 323.212188721, 229.795959473, 199.788894653, 197.226211548, 344.924865723, 172.149215698, 62.2974586487, 12.9907360077, 17.2688694, 4.19580125809, 1.68386769295, 0.643046796322, 0.0580281987786],
        "mean": [0.557737410069, 6.39956092834, 14.4501571655, 4.44258880615, 4.31431055069, 13.0738353729, 16.1790027618, 19.1927852631, 15.4304885864, 30.9459629059, 19.353937149, 17.5254535675, 18.2551555634, 20.2485866547, 16.4224739075, 11.3817195892, 13.6556339264, 15.836687088, 11.641043663, 11.2110900879, 9.58453941345, 8.67447376251, 8.6251039505, 10.5330171585, 8.08634471893, 6.56127882004, 5.84395837784, 4.56855773926, 3.44787120819, 2.77788567543, 2.20260000229, 2.11781454086, 1.19392585754, 0.794670641422, 0.666025698185, 0.690862178802, 0.211180761456, 0.0848955437541, 0.0293811503798, 0.00197217008099],
        "median": [0.15321290493, 3.30895447731, 10.1550731659, 2.62032461166, 1.05183577538, 2.92610311508, 3.02936625481, 2.95621395111, 2.77930951118, 5.30406904221, 2.74639010429, 3.02212071419, 2.52944636345, 2.80037689209, 3.60671567917, 2.23345088959, 2.27882027626, 1.89809668064, 1.9003674984, 1.82007348537, 1.77717638016, 1.82506668568, 1.81408250332, 1.64981102943, 1.65055274963, 1.06321930885, 0.817203223705, 0.733882963657, 0.577759742737, 0.439609587193, 0.26827916503, 0.177062422037, 0.14419592917, 0.11290435493, 0.0784896686673, 0.0492947772145, 0.0149709405378, 0.00360195431858, 0.000202756375074, 7.70917686168e-05],
        "min": [6.422096687e-22, 7.06187757288e-21, 3.20733078663e-20, 5.11263889942e-20, 6.5361718203e-20, 3.282854703e-19, 2.5235703676e-19, 1.87425710969e-19, 9.11163122772e-19, 5.92271606647e-19, 1.18478164811e-18, 1.50827327071e-18, 3.03653846286e-18, 1.54093346322e-18, 5.68146687626e-18, 4.41032064457e-18, 2.77702171261e-18, 5.72506012173e-18, 4.74975255457e-18, 7.87292639927e-18, 7.63474470497e-18, 1.59013892235e-17, 1.39222322221e-17, 1.31318594925e-17, 1.81926811746e-17, 1.53376573642e-17, 1.55446742018e-17, 1.30015760645e-17, 1.26910747964e-17, 1.63123408236e-17, 1.90353995478e-17, 1.42332736391e-17, 1.2635565187e-17, 1.07070457012e-17, 6.88446335165e-18, 6.81541982669e-18, 3.6248167e-18, 1.21399549599e-18, 3.13487493485e-19, 3.72250113395e-20],
        "var": [0.845039486885, 72.0373764038, 346.191925049, 46.3714866638, 87.0626602173, 665.019165039, 1154.96789551, 1301.44995117, 857.885131836, 4260.41259766, 3235.17651367, 2242.08886719, 2561.96582031, 5890.45703125, 1199.55883789, 781.833190918, 1043.47229004, 3719.02661133, 1500.17321777, 809.653686523, 536.727905273, 425.085784912, 329.653167725, 639.495910645, 441.343383789, 226.56741333, 300.085540771, 254.471740723, 173.713989258, 140.748855591, 143.98739624, 199.116470337, 35.8974685669, 7.25270414352, 2.10641145706, 2.63759493828, 0.235243752599, 0.0419394522905, 0.00557744828984, 2.59634198301e-05]
    },
    "gfcc": {
        "mean": [-44.7745933533, 90.0777816772, -60.4720573425, 32.4796867371, -31.6391983032, 12.3907012939, -21.2157974243, 10.1943492889, -19.4444942474, 8.69149494171, -12.4948644638, 4.23216438293, -9.69389438629],
        "cov": [[12743.0166016, -1466.81188965, -1850.69812012, -1078.17602539, -596.970031738, -910.87286377, -307.019378662, 344.028991699, 191.933013916, 336.897644043, -33.6289825439, 38.2241210938, -113.298988342], [-1466.81188965, 2177.26025391, -400.487915039, -110.160980225, 25.9476070404, -27.3263111115, 7.42049646378, -107.69770813, 14.7537231445, -165.125320435, 85.8902664185, -53.5035858154, 33.4501686096], [-1850.69812012, -400.487915039, 1536.78149414, 464.653625488, 510.769989014, 385.010070801, 275.386444092, -55.7448539734, -3.95082521439, -11.2616138458, -19.6956176758, -28.383392334, 27.6633338928], [-1078.17602539, -110.160980225, 464.653625488, 844.409912109, 137.515472412, 226.242599487, 75.7718963623, -21.746175766, 23.1735057831, -42.897315979, -12.6002702713, -85.4459838867, 12.0300741196], [-596.970031738, 25.9476070404, 510.769989014, 137.515472412, 455.187835693, 105.144691467, 126.7212677, -27.191236496, 55.030506134, 10.6307630539, 30.0431480408, -11.1396789551, 8.61521434784], [-910.87286377, -27.3263111115, 385.010070801, 226.242599487, 105.144691467, 411.138458252, 201.455001831, -20.4762039185, -70.0187301636, -43.396232605, 2.0878329277, -6.93511533737, 2.81614995003], [-307.019378662, 7.42049646378, 275.386444092, 75.7718963623, 126.7212677, 201.455001831, 286.040740967, 24.7618465424, -29.2817459106, -52.5315895081, 12.3746290207, -6.13828134537, 19.3890743256], [344.028991699, -107.69770813, -55.7448539734, -21.746175766, -27.191236496, -20.4762039185, 24.7618465424, 151.260177612, 61.3572463989, 13.0519104004, -36.1149139404, 0.119985669851, 0.94768935442], [191.933013916, 14.7537231445, -3.95082521439, 23.1735057831, 55.030506134, -70.0187301636, -29.2817459106, 61.3572463989, 168.272567749, 45.6613235474, -9.00604152679, -36.8806343079, -7.10041570663], [336.897644043, -165.125320435, -11.2616138458, -42.897315979, 10.6307630539, -43.396232605, -52.5315895081, 13.0519104004, 45.6613235474, 145.828445435, 40.840461731, 16.3742713928, -18.7333106995], [-33.6289825439, 85.8902664185, -19.6956176758, -12.6002702713, 30.0431480408, 2.0878329277, 12.3746290207, -36.1149139404, -9.00604152679, 40.840461731, 100.013305664, 33.5163383484, -2.63217663765], [38.2241210938, -53.5035858154, -28.383392334, -85.4459838867, -11.1396789551, -6.93511533737, -6.13828134537, 0.119985669851, -36.8806343079, 16.3742713928, 33.5163383484, 101.379966736, 35.7809333801], [-113.298988342, 33.4501686096, 27.6633338928, 12.0300741196, 8.61521434784, 2.81614995003, 19.3890743256, 0.94768935442, -7.10041570663, -18.7333106995, -2.63217663765, 35.7809333801, 91.8461303711]],
        "icov": [[0.000135841255542, 0.000114683170978, 0.000161263378686, 7.13223635103e-05, -2.36411397054e-05, 0.00018916746194, -0.000174590546521, -9.00269660633e-05, -1.07210671558e-05, -0.000156066380441, 2.56166970303e-07, 0.00012888177298, 1.92302632058e-05], [0.000114683170978, 0.000786679389421, 0.000391557055991, 0.000241255853325, -0.000260959350271, -8.44832175062e-05, 6.38719211565e-05, 0.000214802887058, -0.000398671312723, 0.00100485736039, -0.0011393725872, 0.000896715733688, -0.000491058221087], [0.000161263378686, 0.000391557055991, 0.00178975635208, -0.00030580672319, -0.00143908767495, -0.000438032380771, -0.00071062578354, 0.0006135032163, -1.12319430627e-05, -0.000519003951922, 0.00099168822635, -1.15910052045e-05, -0.000224366769544], [7.13223635103e-05, 0.000241255853325, -0.00030580672319, 0.00190772255883, -4.98228564538e-06, -0.000940191093832, 0.000835653627291, -0.000325665139826, -0.000357936223736, 0.000800567795523, -0.00130988948513, 0.00214969133958, -0.00104079523589], [-2.36411397054e-05, -0.000260959350271, -0.00143908767495, -4.98228564538e-06, 0.00434107379988, 0.000447355909273, -0.00117437867448, 0.000965588085819, -0.00191446801182, -0.000103886537545, -0.000788131379522, -0.000653767725453, 0.000379925797461], [0.00018916746194, -8.44832175062e-05, -0.000438032380771, -0.000940191093832, 0.000447355909273, 0.00544953765348, -0.00337564153597, 0.000314272532705, 0.00151380780153, -0.00100757903419, 0.00111087632831, -0.000936148280744, 0.00132756889798], [-0.000174590546521, 6.38719211565e-05, -0.00071062578354, 0.000835653627291, -0.00117437867448, -0.00337564153597, 0.00802329927683, -0.00335722789168, 0.00107874651439, 0.00318666035309, -0.00408109696582, 0.00266847712919, -0.00200267112814], [-9.00269660633e-05, 0.000214802887058, 0.0006135032163, -0.000325665139826, 0.000965588085819, 0.000314272532705, -0.00335722789168, 0.011311606504, -0.0049359370023, -0.00118394335732, 0.0054358644411, -0.00386973517016, 0.00120065419469], [-1.07210671558e-05, -0.000398671312723, -1.12319430627e-05, -0.000357936223736, -0.00191446801182, 0.00151380780153, 0.00107874651439, -0.0049359370023, 0.0110833812505, -0.00318850483745, -0.000376379553927, 0.00464528845623, -0.00147538236342], [-0.000156066380441, 0.00100485736039, -0.000519003951922, 0.000800567795523, -0.000103886537545, -0.00100757903419, 0.00318666035309, -0.00118394335732, -0.00318850483745, 0.0126260472462, -0.00711665255949, 3.93638583773e-05, 0.00098258885555], [2.56166970303e-07, -0.0011393725872, 0.00099168822635, -0.00130988948513, -0.000788131379522, 0.00111087632831, -0.00408109696582, 0.0054358644411, -0.000376379553927, -0.00711665255949, 0.0194421615452, -0.00832590088248, 0.00345357367769], [0.00012888177298, 0.000896715733688, -1.15910052045e-05, 0.00214969133958, -0.000653767725453, -0.000936148280744, 0.00266847712919, -0.00386973517016, 0.00464528845623, 3.93638583773e-05, -0.00832590088248, 0.0195110458881, -0.0083515169099], [1.92302632058e-05, -0.000491058221087, -0.000224366769544, -0.00104079523589, 0.000379925797461, 0.00132756889798, -0.00200267112814, 0.00120065419469, -0.00147538236342, 0.00098258885555, 0.00345357367769, -0.0083515169099, 0.015067149885]]
    },
    "melbands": {
        "dmean": [0.00442436616868, 0.00453260028735, 0.000540726759937, 0.000404112768592, 0.000343600229826, 0.000265853654128, 0.00015445916506, 0.000193611223949, 8.63658278831e-05, 6.5111569711e-05, 5.20733410667e-05, 5.97835169174e-05, 3.62124192179e-05, 1.72633244802e-05, 1.7380072677e-05, 1.69274790096e-05, 2.16623484448e-05, 1.46442635014e-05, 1.13684764074e-05, 1.26436789287e-05, 8.49860589369e-06, 7.74313684815e-06, 6.64080880597e-06, 6.37462972009e-06, 6.11780342297e-06, 4.83854000777e-06, 4.05911578127e-06, 3.4466706893e-06, 3.17553076457e-06, 2.47225011663e-06, 2.03571994462e-06, 1.58276145612e-06, 1.54158249188e-06, 1.0865975355e-06, 9.25695076148e-07, 9.74281306299e-07, 1.11777455913e-06, 6.33223407931e-07, 7.20117668607e-07, 5.34222976967e-07],
        "dmean2": [0.0070436168462, 0.00659557851031, 0.000864911242388, 0.000665806641337, 0.000551130797248, 0.000410340289818, 0.000232738180785, 0.000292198557872, 0.000135662528919, 9.6554394986e-05, 7.9380311945e-05, 0.000100072953501, 5.92707256146e-05, 2.73391742667e-05, 2.69384145213e-05, 2.56801758951e-05, 3.45355219906e-05, 2.21957125177e-05, 1.80309125426e-05, 2.04367061087e-05, 1.35552827487e-05, 1.23310110212e-05, 1.07291434688e-05, 9.69390202954e-06, 9.15195596463e-06, 7.55138717068e-06, 6.34406205791e-06, 5.28644750375e-06, 4.81291317556e-06, 3.71700753021e-06, 3.12189899887e-06, 2.38694838117e-06, 2.33558080254e-06, 1.59252533649e-06, 1.30201578941e-06, 1.41922362218e-06, 1.6590844325e-06, 8.6763697027e-07, 1.09954658001e-06, 7.70456495047e-07],
        "dvar": [6.90215238137e-05, 5.49211181351e-05, 1.52862196501e-06, 8.18338151021e-07, 5.67895142467e-07, 2.95795700822e-07, 1.04599372719e-07, 2.00411989226e-07, 9.70057953964e-08, 5.05260686623e-08, 3.1267099132e-08, 6.39018722381e-08, 1.80226429336e-08, 2.34719066405e-09, 1.86106730027e-09, 1.90114213261e-09, 1.3398747889e-08, 4.49719284035e-09, 9.92594673122e-10, 8.06012423471e-10, 4.90516405272e-10, 4.13145101463e-10, 2.89868684611e-10, 2.36711650281e-10, 2.35660241321e-10, 2.31831859265e-10, 1.08654668596e-10, 6.97504901059e-11, 9.537308443e-11, 6.45529116272e-11, 5.87664708562e-11, 3.88594781353e-11, 3.81943157657e-11, 2.07268403829e-11, 1.5388313887e-11, 3.65791320844e-11, 6.08055827911e-11, 6.50886549519e-12, 1.40463248671e-11, 1.7629005894e-12],
        "dvar2": [0.000180412229383, 0.000114379399747, 4.09783933719e-06, 2.0684201445e-06, 1.49259460613e-06, 7.54127484015e-07, 2.3932003046e-07, 4.54423400242e-07, 2.2491158802e-07, 1.09888198097e-07, 7.84029623446e-08, 1.77136982416e-07, 5.53331318542e-08, 5.6827400563e-09, 4.04149202993e-09, 4.25190060938e-09, 4.10648866023e-08, 9.05769237391e-09, 2.45550091371e-09, 2.03236583118e-09, 1.32501831729e-09, 1.06785358334e-09, 7.20178139346e-10, 5.43490197291e-10, 4.91325369278e-10, 5.65015645382e-10, 2.50107129451e-10, 1.58219506941e-10, 2.2127527588e-10, 1.36736233447e-10, 1.39711436864e-10, 8.59627716232e-11, 8.13126163624e-11, 4.34702482344e-11, 2.37097182165e-11, 6.55918444559e-11, 1.41276074173e-10, 1.17322627308e-11, 3.26652940807e-11, 3.42287049399e-12],
        "max": [0.0860303193331, 0.0740092471242, 0.0133501980454, 0.0135328806937, 0.0115404864773, 0.0109581947327, 0.00489267054945, 0.00778863020241, 0.00867410097271, 0.00786378607154, 0.00421838555485, 0.00588207691908, 0.00360837508924, 0.000829214928672, 0.000848701572977, 0.000827740062959, 0.00379030546173, 0.00257815397345, 0.000800468958914, 0.000507845194079, 0.000482646573801, 0.00059000425972, 0.000329382746713, 0.000336219265591, 0.000379180361051, 0.00038057443453, 0.00022987194825, 0.000157143818797, 0.000211910140933, 0.000266735441983, 0.000179284179467, 0.000138320669066, 0.000133431327413, 0.000103517115349, 0.000110603265057, 0.000157351765665, 0.000243147136644, 8.21333742351e-05, 0.000136876507895, 2.81522261503e-05],
        "mean": [0.00620252871886, 0.0081609915942, 0.000827623007353, 0.000603988068178, 0.000615101249423, 0.00044341920875, 0.000238706546952, 0.000325538596371, 0.000149994521053, 0.000108535823529, 9.03958134586e-05, 8.22379224701e-05, 5.83330947848e-05, 2.98244722217e-05, 2.89591062028e-05, 2.80615040538e-05, 3.01727995975e-05, 1.96918117581e-05, 1.38943960337e-05, 1.46256124935e-05, 1.05090912257e-05, 9.27435121412e-06, 7.76301567385e-06, 8.39428957988e-06, 8.6851823653e-06, 6.05471814197e-06, 5.03786395711e-06, 4.1675657485e-06, 3.77498372472e-06, 3.14330873152e-06, 2.42647547566e-06, 1.89240859072e-06, 1.86600004781e-06, 1.39588564707e-06, 1.2543447383e-06, 1.32749676141e-06, 1.24145321934e-06, 7.82901395269e-07, 8.09515597666e-07, 6.14296766344e-07],
        "median": [0.00238382117823, 0.00632761325687, 0.000501010392327, 0.000144299920066, 0.000129996435135, 6.20522769168e-05, 4.33489949501e-05, 5.40927758266e-05, 1.61175903486e-05, 1.77085130417e-05, 1.08982494567e-05, 8.05765193945e-06, 1.17284726002e-05, 4.52972244602e-06, 4.1584257815e-06, 3.91579033021e-06, 2.94178153126e-06, 2.81323855233e-06, 2.10982625504e-06, 2.31746253121e-06, 1.82304472673e-06, 1.77571803306e-06, 1.6004016743e-06, 1.37662289035e-06, 1.15297814318e-06, 1.10512166884e-06, 1.04825619474e-06, 5.85448447055e-07, 4.84132272049e-07, 4.51680733704e-07, 3.96199340003e-07, 3.18519909115e-07, 2.62504784132e-07, 2.12317743831e-07, 1.52386192553e-07, 1.14710637433e-07, 9.32982828772e-08, 8.82834640947e-08, 9.96466340553e-08, 8.99160710333e-08],
        "min": [7.63049455288e-24, 1.44960527741e-23, 9.51834046213e-24, 1.33744014297e-23, 1.05620499825e-23, 4.77827959763e-24, 1.45563122809e-23, 5.96223754293e-24, 9.5894531173e-24, 1.14907530493e-23, 1.5102727831e-23, 4.14362640546e-24, 1.93448289265e-23, 1.14243001955e-23, 1.00961021891e-23, 6.6287169339e-24, 1.035436105e-23, 8.12762601788e-24, 8.04465441673e-24, 1.04750828009e-23, 8.32909872649e-24, 1.64217521739e-23, 1.55556838741e-23, 1.40059287605e-23, 9.37081479539e-24, 1.42837592604e-23, 1.00526083431e-23, 9.82380239299e-24, 9.52018718551e-24, 8.87082528733e-24, 7.01331660191e-24, 6.99266974544e-24, 7.78927884247e-24, 9.84630543917e-24, 1.19582012561e-23, 9.61111129345e-24, 7.93429040951e-24, 8.55121829158e-24, 9.2502823711e-24, 9.27335181941e-24],
        "var": [8.19071137812e-05, 9.58844539127e-05, 1.35374693855e-06, 1.29436000407e-06, 1.37372740028e-06, 6.99738791354e-07, 1.92086659467e-07, 4.98374618019e-07, 2.42733250388e-07, 9.3481652641e-08, 6.85376377874e-08, 1.07922218717e-07, 2.4838447743e-08, 4.39175940059e-09, 4.12706846475e-09, 4.68938754494e-09, 1.77124412915e-08, 6.89896717532e-09, 1.38678990513e-09, 1.27945143369e-09, 6.85517476118e-10, 5.48977252546e-10, 3.28682164819e-10, 4.86411022571e-10, 4.99076002747e-10, 2.88168766627e-10, 1.4807567672e-10, 9.98187921208e-11, 1.26865087879e-10, 1.17738152561e-10, 7.31210716975e-11, 5.10839426315e-11, 6.26998175601e-11, 3.73717723434e-11, 4.29133083235e-11, 7.35481120451e-11, 7.25280530078e-11, 1.2803144829e-11, 1.77033422644e-11, 3.13867486688e-12]
    },
    "mfcc": {
        "mean": [-712.663085938, 136.01348877, 30.3604335785, 38.4186935425, 15.8796825409, 14.722568512, 11.0640115738, 6.55439138412, 6.5969285965, 3.02372026443, 4.57820987701, 2.25452327728, 5.29574489594],
        "cov": [[12972.1181641, -796.380981445, -2104.61669922, -641.834289551, -959.214111328, -1143.42626953, -793.900634766, -436.258758545, -226.382232666, 137.335220337, 187.003997803, -23.0446147919, -191.839828491], [-796.380981445, 1792.14123535, -300.439605713, -153.636505127, -4.50965976715, -73.0580825806, -64.2507095337, 15.1898794174, -83.893989563, -80.4274368286, 39.0233917236, -14.8796806335, -15.0721759796], [-2104.61669922, -300.439605713, 1018.67755127, 322.492584229, 302.489990234, 434.363983154, 317.65045166, 154.639434814, 139.855804443, 38.8729248047, -55.0390815735, 10.364736557, 57.4449119568], [-641.834289551, -153.636505127, 322.492584229, 465.979888916, 227.358001709, 162.250808716, 88.7403335571, 46.9733314514, 66.2066268921, 47.8201522827, -15.788819313, 9.34021759033, 22.1827754974], [-959.214111328, -4.50965976715, 302.489990234, 227.358001709, 345.819030762, 184.922241211, 74.7865142822, 38.0715065002, 69.4024734497, 28.5510864258, 17.0966472626, 23.9510307312, 37.4272232056], [-1143.42626953, -73.0580825806, 434.363983154, 162.250808716, 184.922241211, 378.475311279, 243.546875, 98.5877914429, 52.8441123962, 16.7447338104, -13.8707399368, 23.1341171265, 49.5364456177], [-793.900634766, -64.2507095337, 317.65045166, 88.7403335571, 74.7865142822, 243.546875, 304.585266113, 127.048942566, 50.5458335876, -3.34643936157, -32.3045043945, 21.0655899048, 45.4063415527], [-436.258758545, 15.1898794174, 154.639434814, 46.9733314514, 38.0715065002, 98.5877914429, 127.048942566, 189.721725464, 78.4088745117, 25.7576732635, -19.9517364502, -28.1629161835, 7.20175170898], [-226.382232666, -83.893989563, 139.855804443, 66.2066268921, 69.4024734497, 52.8441123962, 50.5458335876, 78.4088745117, 149.5521698, 63.0581512451, -10.9363889694, -17.1666164398, 6.82812023163], [137.335220337, -80.4274368286, 38.8729248047, 47.8201522827, 28.5510864258, 16.7447338104, -3.34643936157, 25.7576732635, 63.0581512451, 141.020996094, 48.826007843, -16.73412323, -26.4886112213], [187.003997803, 39.0233917236, -55.0390815735, -15.788819313, 17.0966472626, -13.8707399368, -32.3045043945, -19.9517364502, -10.9363889694, 48.826007843, 118.413009644, 42.5305290222, -8.55656909943], [-23.0446147919, -14.8796806335, 10.364736557, 9.34021759033, 23.9510307312, 23.1341171265, 21.0655899048, -28.1629161835, -17.1666164398, -16.73412323, 42.5305290222, 101.286094666, 45.4249267578], [-191.839828491, -15.0721759796, 57.4449119568, 22.1827754974, 37.4272232056, 49.5364456177, 45.4063415527, 7.20175170898, 6.82812023163, -26.4886112213, -8.55656909943, 45.4249267578, 94.0682830811]],
