{
"lowlevel": {
    "average_loudness": 0.950646460056,
    "barkbands_crest": {
        "dmean": 2.44171094894,
        "dmean2": 3.96788048744,
        "dvar": 6.32980108261,
        "dvar2": 16.8992805481,
        "max": 23.7978553772,
        "mean": 10.5117349625,
        "median": 9.9400844574,
        "min": 2.95010113716,
        "var": 16.582824707
    },
    "barkbands_flatness_db": {
        "dmean": 0.024758759886,
        "dmean2": 0.0358841829002,
        "dvar": 0.000653761730064,
        "dvar2": 0.00142983125988,
        "max": 0.455469489098,
        "mean": 0.145909115672,
        "median": 0.143628492951,
        "min": 0.0215442217886,
        "var": 0.00283527653664
    },
    "barkbands_kurtosis": {
        "dmean": 4.12079763412,
        "dmean2": 6.50592947006,
        "dvar": 75.3347549438,
        "dvar2": 186.254882812,
        "max": 201.615158081,
        "mean": 5.77066659927,
        "median": 2.55311584473,
        "min": -1.89261627197,
        "var": 129.271606445
    },
    "barkbands_skewness": {
        "dmean": 0.666347444057,
        "dmean2": 1.00689280033,
        "dvar": 0.659712255001,
        "dvar2": 1.52229201794,
        "max": 11.3227138519,
        "mean": 1.88199329376,
        "median": 1.65172731876,
        "min": -3.08505058289,
        "var": 1.92823076248
    },
    "barkbands_spread": {
        "dmean": 8.50121879578,
        "dmean2": 12.6031017303,
        "dvar": 142.962432861,
        "dvar2": 288.943511963,
        "max": 134.180206299,
        "mean": 25.4527015686,
        "median": 18.8068714142,
        "min": 0.609995424747,
        "var": 389.854187012
    },
    "dissonance": {
        "dmean": 0.0191511455923,
        "dmean2": 0.0311014503241,
        "dvar": 0.000405165512348,
        "dvar2": 0.00101372983772,
        "max": 0.499999970198,
        "mean": 0.454258680344,
        "median": 0.461876392365,
        "min": 0.237254530191,
        "var": 0.00108615134377
    },
    "dynamic_complexity": 3.27491807938,
    "erbbands_crest": {
        "dmean": 2.56290578842,
        "dmean2": 4.06770610809,
        "dvar": 6.53244638443,
        "dvar2": 15.2004861832,
        "max": 26.8861064911,
        "mean": 9.08916854858,
        "median": 8.01823139191,
        "min": 2.34231519699,
        "var": 17.8353939056
    },
    "erbbands_flatness_db": {
        "dmean": 0.0244882404804,
        "dmean2": 0.0307238530368,
        "dvar": 0.000607321620919,
        "dvar2": 0.00102618720848,
        "max": 0.31372448802,
        "mean": 0.14603638649,
        "median": 0.14579731226,
        "min": 0.0333653241396,
        "var": 0.00370389432646
    },
    "erbbands_kurtosis": {
        "dmean": 0.804963171482,
        "dmean2": 1.23657906055,
        "dvar": 1.33946454525,
        "dvar2": 2.73819184303,
        "max": 19.750453949,
        "mean": 0.247000232339,
        "median": -0.35946059227,
        "min": -1.82523787022,
        "var": 3.95132756233
    },
    "erbbands_skewness": {
        "dmean": 0.359707087278,
        "dmean2": 0.524469435215,
        "dvar": 0.143541797996,
        "dvar2": 0.273371547461,
        "max": 3.21086621284,
        "mean": 0.129892542958,
        "median": 0.163703173399,
        "min": -2.98165440559,
        "var": 0.637348234653
    },
    "erbbands_spread": {
        "dmean": 10.1148166656,
        "dmean2": 15.0723257065,
        "dvar": 142.574951172,
        "dvar2": 303.913543701,
        "max": 132.256896973,
        "mean": 44.2702331543,
        "median": 41.0332794189,
        "min": 5.44286632538,
        "var": 453.851074219
    },
    "hfc": {
        "dmean": 10.9753074646,
        "dmean2": 15.3438587189,
        "dvar": 284.360778809,
        "dvar2": 590.938964844,
        "max": 150.338088989,
        "mean": 23.8896045685,
        "median": 14.9908180237,
        "min": 1.23617682388e-16,
        "var": 613.300292969
    },
    "melbands_crest": {
        "dmean": 2.88816809654,
        "dmean2": 4.52166557312,
        "dvar": 8.98191356659,
        "dvar2": 19.526468277,
        "max": 34.9323272705,
        "mean": 16.9111366272,
        "median": 16.7112312317,
        "min": 2.44024944305,
        "var": 38.2300033569
    },
    "melbands_flatness_db": {
        "dmean": 0.029648559168,
        "dmean2": 0.044097404927,
        "dvar": 0.00109699124005,
        "dvar2": 0.00238653202541,
        "max": 0.605914950371,
        "mean": 0.229186117649,
        "median": 0.228929921985,
        "min": 0.00514686573297,
        "var": 0.00463452888653
    },
    "melbands_kurtosis": {
        "dmean": 11.9224233627,
        "dmean2": 19.1351032257,
        "dvar": 593.366943359,
        "dvar2": 1431.04187012,
        "max": 416.349731445,
        "mean": 21.0833053589,
        "median": 10.5505714417,
        "min": -1.79915380478,
        "var": 982.149047852
    },
    "melbands_skewness": {
        "dmean": 0.952401280403,
        "dmean2": 1.47161769867,
        "dvar": 1.62713265419,
        "dvar2": 3.65010070801,
        "max": 14.2141370773,
        "mean": 3.35489153862,
        "median": 2.88709878922,
        "min": -1.44096326828,
        "var": 4.68000125885
    },
    "melbands_spread": {
        "dmean": 7.28215646744,
        "dmean2": 11.1716690063,
        "dvar": 181.551864624,
        "dvar2": 371.990142822,
        "max": 214.820678711,
        "mean": 21.2488174438,
        "median": 15.8687934875,
        "min": 0.468557953835,
        "var": 531.31854248
    },
    "pitch_salience": {
        "dmean": 0.0748894140124,
        "dmean2": 0.121097020805,
        "dvar": 0.00599409313872,
        "dvar2": 0.0152385402471,
        "max": 0.910854935646,
        "mean": 0.482855468988,
        "median": 0.462695240974,
        "min": 0.149841219187,
        "var": 0.0195203982294
    },
    "silence_rate_20dB": {
        "dmean": 0,
        "dmean2": 0,
        "dvar": 0,
        "dvar2": 0,
        "max": 1,
        "mean": 1,
        "median": 1,
        "min": 1,
        "var": 0
    },
    "silence_rate_30dB": {
        "dmean": 0.0425696596503,
        "dmean2": 0.0851722806692,
        "dvar": 0.0407581180334,
        "dvar2": 0.103468544781,
        "max": 1,
        "mean": 0.970212757587,
        "median": 1,
        "min": 0,
        "var": 0.0289001148194
    },
    "silence_rate_60dB": {
        "dmean": 0.0390866883099,
        "dmean2": 0.0782036408782,
        "dvar": 0.0375573672354,
        "dvar2": 0.0883502066135,
        "max": 1,
        "mean": 0.0920696333051,
        "median": 0,
        "min": 0,
        "var": 0.0835976302624
    },
    "spectral_centroid": {
        "dmean": 267.487854004,
        "dmean2": 392.717010498,
        "dvar": 139350.640625,
        "dvar2": 233274.828125,
        "max": 10849.9550781,
        "mean": 1337.64428711,
        "median": 1132.08300781,
        "min": 136.435623169,
        "var": 568283.625
    },
    "spectral_complexity": {
        "dmean": 3.10797214508,
        "dmean2": 4.73945045471,
        "dvar": 14.6281175613,
        "dvar2": 28.2926158905,
        "max": 54,
        "mean": 16.270406723,
        "median": 15,
        "min": 0,
        "var": 55.4559783936
    },
    "spectral_decrease": {
        "dmean": 3.26712989995e-09,
        "dmean2": 5.09648678815e-09,
        "dvar": 3.93236203816e-17,
        "dvar2": 9.87209554661e-17,
        "max": 1.24545808939e-28,
        "mean": -8.24586177117e-09,
        "median": -7.07728631255e-09,
        "min": -6.28604723829e-08,
        "var": 5.75345144189e-17
    },
    "spectral_energy": {
        "dmean": 0.0129704745486,
        "dmean2": 0.0199806895107,
        "dvar": 0.000586825655773,
        "dvar2": 0.00146009039599,
        "max": 0.243028357625,
        "mean": 0.0332886390388,
        "median": 0.0286019500345,
        "min": 1.07424185162e-20,
        "var": 0.000893503252883
    },
    "spectral_energyband_high": {
        "dmean": 0.000770795566496,
        "dmean2": 0.00105870084371,
        "dvar": 1.81652069386e-06,
        "dvar2": 3.55345287062e-06,
        "max": 0.0129190143198,
        "mean": 0.00116152281407,
        "median": 0.000249537348282,
        "min": 7.69678554504e-21,
        "var": 4.09080439567e-06
    },
    "spectral_energyband_low": {
        "dmean": 0.00889257807285,
        "dmean2": 0.0146243162453,
        "dvar": 0.000469174730824,
        "dvar2": 0.00123916484881,
        "max": 0.222073078156,
        "mean": 0.0176865700632,
        "median": 0.0158650334924,
        "min": 4.23254420345e-23,
        "var": 0.000474281463539
    },
    "spectral_energyband_middle_high": {
        "dmean": 0.0018217676552,
        "dmean2": 0.00273502035998,
        "dvar": 1.53093315021e-05,
        "dvar2": 3.43566280208e-05,
        "max": 0.0702209323645,
        "mean": 0.00435790605843,
        "median": 0.00216474384069,
        "min": 1.52210693992e-21,
        "var": 3.96840259782e-05
    },
    "spectral_energyband_middle_low": {
        "dmean": 0.00500918552279,
        "dmean2": 0.00762198865414,
        "dvar": 9.19165104278e-05,
        "dvar2": 0.000218527056859,
        "max": 0.12824806571,
        "mean": 0.0112703312188,
        "median": 0.00723279640079,
        "min": 2.35180665671e-22,
        "var": 0.000165913224919
    },
    "spectral_entropy": {
        "dmean": 0.208406001329,
        "dmean2": 0.274824172258,
        "dvar": 0.0508079752326,
        "dvar2": 0.0846668109298,
        "max": 9.80679225922,
        "mean": 7.48185586929,
        "median": 7.40658378601,
        "min": 5.10336685181,
        "var": 0.250253260136
    },
    "spectral_flux": {
        "dmean": 0.0318959243596,
        "dmean2": 0.0488348640501,
        "dvar": 0.001816800097,
        "dvar2": 0.00362292816862,
        "max": 0.378641337156,
        "mean": 0.0818536058068,
        "median": 0.0651641562581,
        "min": 1.03645640681e-10,
        "var": 0.00382331106812
    },
    "spectral_kurtosis": {
        "dmean": 2.06726145744,
        "dmean2": 3.30387115479,
        "dvar": 5.51228284836,
        "dvar2": 14.3859939575,
        "max": 38.1332702637,
        "mean": 5.35975837708,
        "median": 4.80600881577,
        "min": -1.22864723206,
        "var": 11.8456525803
    },
    "spectral_rms": {
        "dmean": 0.000988846761174,
        "dmean2": 0.00144647818524,
        "dvar": 2.05125593311e-06,
        "dvar2": 4.57361284134e-06,
        "max": 0.0153980785981,
        "mean": 0.00514720380306,
        "median": 0.00528245605528,
        "min": 3.2373459382e-12,
        "var": 5.98298720433e-06
    },
    "spectral_rolloff": {
        "dmean": 815.002624512,
        "dmean2": 1349.81188965,
        "dvar": 3542437.75,
        "dvar2": 7770159.5,
        "max": 19099.9511719,
        "mean": 1635.00402832,
        "median": 861.328125,
        "min": 86.1328125,
        "var": 5765742.5
    },
    "spectral_skewness": {
        "dmean": 0.27368080616,
        "dmean2": 0.421411991119,
        "dvar": 0.0736955031753,
        "dvar2": 0.169320851564,
        "max": 4.73483467102,
        "mean": 1.61511576176,
        "median": 1.64056253433,
        "min": 0.0193063169718,
        "var": 0.262322217226
    },
    "spectral_spread": {
        "dmean": 988181.625,
        "dmean2": 1215856.125,
        "dvar": 1.77125208883e+12,
        "dvar2": 2.7479179264e+12,
        "max": 41381980,
        "mean": 5031029.5,
        "median": 4276342.5,
        "min": 1644383.625,
        "var": 5.78560196608e+12
    },
    "spectral_strongpeak": {
        "dmean": 0.364566832781,
        "dmean2": 0.625450313091,
        "dvar": 0.611521840096,
        "dvar2": 1.57101452351,
        "max": 12.0533695221,
        "mean": 0.76552772522,
        "median": 0.526423811913,
        "min": 0,
        "var": 0.871689498425
    },
    "zerocrossingrate": {
        "dmean": 0.0187803097069,
        "dmean2": 0.0205563940108,
        "dvar": 0.000618952850346,
        "dvar2": 0.000755397893954,
        "max": 0.50244140625,
        "mean": 0.067659534514,
        "median": 0.0498046875,
        "min": 0.00439453125,
        "var": 0.00305256922729
    },
    "barkbands": {
        "dmean": [8.28912161523e-05, 0.00637545948848, 0.00276431976818, 0.00127047102433, 0.0015157534508, 0.000639909936581, 0.00183366215788, 0.000843626912683, 0.000708177743945, 0.000377796590328, 0.000496758555528, 0.000479055626784, 0.000413500121795, 0.000331595423631, 0.000169338018168, 9.39099991228e-05, 0.000153018860146, 0.000153873304953, 0.000129307736643, 8.71145603014e-05, 0.000131696244352, 0.000106963219878, 9.33306582738e-05, 7.43597411201e-05, 7.59712274885e-05, 0.0001569584565, 0.000190767357708],
        "dmean2": [0.000131701977807, 0.0109993685037, 0.00451470026746, 0.00215497170575, 0.0024442775175, 0.00102127401624, 0.00271562044509, 0.00122996256687, 0.00094954209635, 0.000574092031457, 0.000797655258793, 0.000747431360651, 0.000625764136203, 0.000533965707291, 0.000271911296295, 0.000152854830958, 0.000244005859713, 0.000239524670178, 0.000196222201339, 0.000130870845169, 0.000196157270693, 0.000158833063324, 0.0001283105521, 0.000102325539046, 0.000108038439066, 0.000232974940445, 0.000286600261461],
        "dvar": [5.78582586286e-08, 0.000303767941659, 3.50113150489e-05, 1.0266227946e-05, 2.07049015444e-05, 2.93786183647e-06, 2.66130209639e-05, 4.76148898088e-06, 5.6277249314e-06, 2.13563475882e-06, 2.7587002478e-06, 2.98317172565e-06, 3.35522145178e-06, 1.05410890683e-06, 2.6354456395e-07, 4.3027249319e-08, 1.22462836316e-07, 6.12424599922e-08, 6.68763817657e-08, 5.62646711444e-08, 1.25475921209e-07, 8.38751788024e-08, 4.06359710325e-08, 2.62590074129e-08, 1.93407263538e-08, 1.05472437895e-07, 1.76187569423e-07],
        "dvar2": [1.3621078665e-07, 0.000843484769575, 9.31628965191e-05, 2.78737697954e-05, 4.99818415847e-05, 7.12071414455e-06, 5.92841679463e-05, 9.14929387363e-06, 1.08190661194e-05, 4.77396861243e-06, 6.91944387654e-06, 6.85512532073e-06, 7.64206561144e-06, 2.28221938414e-06, 6.66175367314e-07, 1.13993586126e-07, 3.14032575943e-07, 1.43031144262e-07, 1.38916021797e-07, 1.25522078065e-07, 2.59071526898e-07, 1.73591956809e-07, 7.42845074342e-08, 4.66248621933e-08, 3.99082260572e-08, 2.41448958604e-07, 4.04975367019e-07],
        "max": [0.00383907370269, 0.19703297317, 0.0655219554901, 0.0303280074149, 0.0825383514166, 0.0274276491255, 0.0626888275146, 0.0359329022467, 0.0545104406774, 0.0476333722472, 0.0304268766195, 0.0298653095961, 0.0575216598809, 0.0216088462621, 0.0125004621223, 0.00456232391298, 0.00475543364882, 0.00407870300114, 0.00594101846218, 0.00566881615669, 0.00551804341376, 0.00501560745761, 0.00319937733002, 0.00322037865408, 0.0022354372777, 0.00285318121314, 0.0033291738946],
        "mean": [9.41332255024e-05, 0.0101880142465, 0.00634526507929, 0.00166847498622, 0.00266370363533, 0.00100271310657, 0.00275849946775, 0.00157089717686, 0.0013301653089, 0.000598624697886, 0.000647167384159, 0.000763489748351, 0.000622630410362, 0.000503137242049, 0.000274757912848, 0.00016766495537, 0.000261046749074, 0.000337206263794, 0.000273824087344, 0.000121737808513, 0.000206345997867, 0.000177049267222, 0.000150539941387, 0.000116927192721, 9.90434491541e-05, 0.000162754484336, 0.000182835108717],
        "median": [2.46999625233e-05, 0.00818347465247, 0.00279047340155, 0.000806474825367, 0.00120513513684, 0.000404209189583, 0.00049402390141, 0.000378609634936, 0.000206670185435, 0.000210882542888, 0.000111850778922, 0.000173709981027, 6.96344213793e-05, 0.00011187367636, 9.14395204745e-05, 7.6123571489e-05, 0.000134053378133, 0.000189813697943, 0.000145164041896, 3.46085580532e-05, 5.49706019228e-05, 4.7158322559e-05, 2.94431811199e-05, 1.30385506054e-05, 1.11354702312e-05, 8.7108446678e-06, 3.40565884471e-06],
        "min": [1.56624577754e-23, 2.83229968838e-23, 2.38344087042e-24, 1.09321401319e-23, 5.94562255455e-23, 3.88703764201e-23, 3.16831972412e-23, 2.6639936899e-23, 6.02955293724e-23, 7.52223049339e-23, 1.41423802401e-22, 3.75745398546e-23, 1.64604978661e-22, 1.49239381866e-22, 5.34801939807e-23, 1.34267420352e-22, 1.41765208779e-22, 2.52101290326e-22, 1.73445812245e-22, 4.12102931128e-22, 3.19928333507e-22, 6.00094038423e-22, 5.76065562442e-22, 9.67492335648e-22, 1.05654622477e-21, 1.62494552334e-21, 2.58605497714e-21],
        "var": [6.32214565144e-08, 0.000241800618824, 5.62031345908e-05, 8.6721865955e-06, 2.41787602135e-05, 3.64804304809e-06, 4.4736527343e-05, 1.32740897243e-05, 1.65508026839e-05, 4.09264703194e-06, 3.82352027373e-06, 4.38060942543e-06, 5.8659802562e-06, 1.72815964561e-06, 4.58695495809e-07, 1.09844421559e-07, 1.6360414179e-07, 1.85892048421e-07, 1.82205994292e-07, 8.60805187131e-08, 2.55539760019e-07, 1.84121503821e-07, 1.16207843348e-07, 8.49990300367e-08, 3.65224224197e-08, 1.23996912293e-07, 1.89648488913e-07]
    },
    "erbbands": {
        "dmean": [0.109536454082, 1.65593779087, 3.56071162224, 3.60302734375, 4.97104930878, 5.04880714417, 4.35328054428, 5.6500992775, 23.0326137543, 21.6629104614, 19.7732887268, 16.195898056, 13.656337738, 13.2224283218, 18.3835372925, 19.7919750214, 20.0341892242, 18.483291626, 10.4720134735, 7.15084695816, 5.07504749298, 8.06132030487, 8.76055431366, 6.44446754456, 5.30114078522, 3.84396314621, 4.87808513641, 5.34860658646, 3.97171401978, 3.3094701767, 2.54112672806, 1.65613639355, 1.26683068275, 0.797521829605, 0.594179153442, 0.554956138134, 0.297708630562, 0.136893719435, 0.0323396958411, 0.00210899184458],
        "dmean2": [0.192481771111, 2.83708238602, 5.77885913849, 6.04545879364, 8.33282661438, 7.97373247147, 6.80892133713, 8.96625041962, 35.3449325562, 31.1614589691, 28.130317688, 20.9895191193, 20.1094398499, 20.9362392426, 29.1954879761, 30.4673156738, 30.1874637604, 28.0696048737, 16.980928421, 11.4606027603, 8.04281330109, 12.95616436, 13.7030344009, 9.91976261139, 8.02351856232, 5.76326036453, 7.27594184875, 7.93456983566, 5.90380096436, 4.8246088028, 3.54377627373, 2.31152844429, 1.76952898502, 1.14135479927, 0.851254463196, 0.815544247627, 0.447565436363, 0.208316743374, 0.0485846064985, 0.00317036197521],
        "dvar": [0.11196769774, 19.2916622162, 59.4113540649, 83.4494552612, 237.653030396, 244.387802124, 156.996322632, 247.7212677, 5033.63818359, 4789.11523438, 2645.25952148, 3804.63037109, 2100.47338867, 2159.70947266, 4419.44042969, 3897.9074707, 9147.99707031, 2642.18334961, 1422.70080566, 251.622192383, 95.1838912964, 379.969268799, 209.456314087, 119.181091309, 172.599899292, 100.744010925, 200.548278809, 190.799301147, 112.675559998, 64.6944580078, 32.7283248901, 15.5170736313, 7.00376033783, 2.32458877563, 1.18786394596, 1.34045660496, 0.443760484457, 0.101020589471, 0.00557735189795, 1.87686655408e-05],
        "dvar2": [0.313970118761, 53.4863777161, 152.37210083, 227.805389404, 605.120239258, 611.068115234, 394.039489746, 595.319213867, 11817.1777344, 9150.11816406, 4987.64746094, 7649.92578125, 4941.13769531, 5864.34667969, 11106.0400391, 9129.73632812, 21168.7773438, 5705.70068359, 3416.48852539, 580.140563965, 228.286590576, 973.927978516, 503.172821045, 271.989257812, 381.787017822, 223.086013794, 435.606170654, 388.969451904, 235.052963257, 133.092315674, 61.1635131836, 28.8908729553, 13.139834404, 4.55140161514, 2.54366183281, 2.89352250099, 1.04542124271, 0.242780253291, 0.012676993385, 4.22539451392e-05],
        "max": [3.25239133835, 50.6020393372, 81.076751709, 83.5804672241, 267.353790283, 251.84375, 209.414840698, 249.111221313, 1056.35791016, 1693.90136719, 1048.05419922, 1641.96691895, 1434.58581543, 1184.59008789, 1221.72851562, 994.071594238, 3077.56494141, 1167.70739746, 792.831176758, 294.768280029, 268.718841553, 293.056182861, 244.156890869, 185.549819946, 253.672973633, 193.263534546, 253.784286499, 221.182632446, 201.643218994, 135.97996521, 97.1331558228, 93.3794403076, 44.5498123169, 24.2981033325, 15.8202638626, 17.6744709015, 5.80744218826, 2.58063721657, 0.668327927589, 0.037324808538],
        "mean": [0.132227197289, 2.81709957123, 8.72789573669, 5.61501789093, 7.24660396576, 9.21445846558, 6.99152803421, 8.60882091522, 33.0060806274, 36.3158302307, 41.270740509, 32.5081558228, 24.1744213104, 19.6413269043, 25.5372848511, 33.0729522705, 31.5661334991, 30.4830913544, 15.5981683731, 13.0789575577, 10.8697242737, 15.2256040573, 19.5857963562, 15.1396961212, 9.98836898804, 5.58913183212, 7.07825040817, 8.7772731781, 6.47742319107, 5.3207154274, 4.02104187012, 2.6367623806, 1.89242374897, 1.11161935329, 0.730558514595, 0.612369179726, 0.29714640975, 0.127945691347, 0.0309205427766, 0.00208962289616],
        "median": [0.0624043308198, 2.44107460976, 4.77865076065, 3.4615688324, 3.44329714775, 2.93539476395, 2.47104501724, 3.40617632866, 7.48862361908, 6.1432056427, 11.0873155594, 5.52049350739, 8.11988067627, 5.44230985641, 5.15467977524, 8.72964954376, 5.01337528229, 7.0088133812, 4.49664926529, 5.34458732605, 5.85922145844, 7.94661617279, 10.6350221634, 9.46682834625, 4.70171403885, 1.66486251354, 1.63364481926, 2.40698289871, 1.75594556332, 1.33247852325, 0.684789597988, 0.292110353708, 0.210894450545, 0.127121418715, 0.0747549906373, 0.0379823036492, 0.0138875171542, 0.0036329831928, 0.000583664281294, 7.38728340366e-05],
        "min": [6.04397710112e-22, 6.87585967808e-21, 7.0214539672e-21, 2.2290871225e-20, 1.15333792808e-19, 1.6989324307e-19, 3.64272014548e-19, 2.24156019835e-19, 5.85353171401e-19, 2.82937050976e-19, 8.14720222299e-19, 1.12180590653e-18, 1.26872920994e-18, 6.07075502973e-18, 3.34021218216e-18, 2.31234824722e-18, 8.2978763769e-18, 5.98274053102e-18, 5.38273680189e-18, 5.1757691816e-18, 6.49613845e-18, 7.61326447882e-18, 9.84358660136e-18, 1.41017982439e-17, 1.08331940534e-17, 2.1651614661e-17, 1.5198236072e-17, 1.33979419888e-17, 2.08800884144e-17, 1.80791886858e-17, 1.85269051555e-17, 1.94444949546e-17, 1.45210448112e-17, 9.85212641401e-18, 8.70936316287e-18, 5.53666725567e-18, 2.95148630471e-18, 1.27090314399e-18, 4.05592374482e-19, 3.83417504029e-20],
        "var": [0.0807397514582, 16.0043411255, 97.0726089478, 73.1206817627, 212.79838562, 354.212554932, 208.501937866, 309.707183838, 7037.06054688, 11752.9267578, 8723.35449219, 10888.7880859, 3924.55981445, 3341.59814453, 5134.796875, 6543.41503906, 13899.9101562, 4996.79052734, 2139.18115234, 594.27130127, 393.883758545, 542.687988281, 614.162597656, 334.210693359, 356.221282959, 161.724945068, 350.220153809, 409.573791504, 242.97052002, 148.99230957, 90.7282943726, 47.9479370117, 20.0321788788, 5.30423641205, 1.90696287155, 1.85147500038, 0.475315213203, 0.101749606431, 0.00601146137342, 2.15084146475e-05]
    },
    "gfcc": {
        "mean": [-7.24415636063, 87.205039978, -100.346618652, 24.8360042572, -40.9675636292, 1.96015155315, -25.4595317841, 8.64155578613, -16.5480384827, -1.40360987186, -14.5387992859, 0.174609079957, -19.5990505219],
        "cov": [[11930.4248047, -1266.0447998, 1511.27636719, -69.599899292, -173.620117188, 717.601806641, 182.340698242, 56.8627128601, 232.651367188, 285.826446533, -84.8108062744, 88.8655319214, -264.964630127], [-1266.0447998, 2620.18798828, -1341.60449219, 112.52986145, 114.665237427, -280.701416016, 13.3425588608, -8.60424613953, -20.050617218, -210.360488892, 121.773857117, -62.3643760681, -25.2638969421], [1511.27636719, -1341.60449219, 1760.87207031, 113.998970032, 311.142913818, 378.634735107, 68.3222427368, 178.581832886, 152.405273438, 176.721633911, -64.3635253906, 101.169692993, 14.3775930405], [-69.599899292, 112.52986145, 113.998970032, 621.111206055, 50.6270103455, 122.842834473, -63.656879425, 47.7723007202, 70.5395202637, 2.87217259407, -12.062048912, -8.33899497986, 76.832824707], [-173.620117188, 114.665237427, 311.142913818, 50.6270103455, 450.329772949, 6.29849004745, 11.5112504959, 87.4481277466, 82.4613723755, 27.0319881439, 2.13115048409, 12.2342071533, 13.8146982193], [717.601806641, -280.701416016, 378.634735107, 122.842834473, 6.29849004745, 430.2862854, 124.316429138, 62.4131851196, 67.2895736694, 87.0741500854, 17.4856929779, -5.77107572556, -25.8210868835], [182.340698242, 13.3425588608, 68.3222427368, -63.656879425, 11.5112504959, 124.316429138, 261.421356201, 60.7489013672, 10.74792099, 3.57384943962, 39.9349060059, -6.05397224426, -39.5810127258], [56.8627128601, -8.60424613953, 178.581832886, 47.7723007202, 87.4481277466, 62.4131851196, 60.7489013672, 169.119140625, 52.1848983765, 5.29121255875, 10.8473167419, 16.8628749847, -6.9634475708], [232.651367188, -20.050617218, 152.405273438, 70.5395202637, 82.4613723755, 67.2895736694, 10.74792099, 52.1848983765, 124.912818909, 49.2662315369, 5.17063808441, 4.35127925873, -1.85208928585], [285.826446533, -210.360488892, 176.721633911, 2.87217259407, 27.0319881439, 87.0741500854, 3.57384943962, 5.29121255875, 49.2662315369, 119.551445007, 15.9628419876, -0.908830285072, 6.57121515274], [-84.8108062744, 121.773857117, -64.3635253906, -12.062048912, 2.13115048409, 17.4856929779, 39.9349060059, 10.8473167419, 5.17063808441, 15.9628419876, 70.8714523315, 5.41328287125, -9.98216724396], [88.8655319214, -62.3643760681, 101.169692993, -8.33899497986, 12.2342071533, -5.77107572556, -6.05397224426, 16.8628749847, 4.35127925873, -0.908830285072, 5.41328287125, 60.938243866, 13.5572967529], [-264.964630127, -25.2638969421, 14.3775930405, 76.832824707, 13.8146982193, -25.8210868835, -39.5810127258, -6.9634475708, -1.85208928585, 6.57121515274, -9.98216724396, 13.5572967529, 93.3462524414]],
        "icov": [[0.000116320523375, -3.36014054483e-05, -9.36912620091e-05, 4.67760492029e-06, 0.000127085295389, -8.03838629508e-05, -2.28098851949e-05, 8.8696142484e-05, -0.000113244066597, -0.000178826740012, 0.000241669593379, -0.000202382128919, 0.000353143754182], [-3.36014054483e-05, 0.000963141908869, 0.000825799768791, -0.000246586947469, -0.000750537437852, -2.78035095107e-05, -3.16695804941e-05, -0.000142560485983, -0.00045671701082, 0.00108599290252, -0.00110642926302, -6.669411232e-05, 0.000126242390252], [-9.36912620091e-05, 0.000825799768791, 0.00197677942924, -0.000223624883802, -0.00132924981881, -0.000769793929067, -0.000107889449282, -0.000720951764379, -0.000175835783011, -0.000415907328716, 0.000910748902243, -0.00205430272035, 0.00014294552966], [4.67760492029e-06, -0.000246586947469, -0.000223624883802, 0.00244344491512, 0.000191519109649, -0.00107636745088, 0.00100633350667, -0.000406979466788, -0.00115209666546, 0.00118798064068, -0.000190392340301, 0.00113654031884, -0.00225185439922], [0.000127085295389, -0.000750537437852, -0.00132924981881, 0.000191519109649, 0.00371692562476, 0.000741473690141, -1.8759363229e-05, -0.00062192347832, -0.00128694705199, -0.000485458673211, 0.000169593768078, 0.000910171365831, -0.000300041690934], [-8.03838629508e-05, -2.78035095107e-05, -0.000769793929067, -0.00107636745088, 0.000741473690141, 0.00449953507632, -0.00185002770741, -0.000146191479871, -0.000231469981372, -0.00196350319311, -0.000483491254272, 0.001156147453, 0.00102238578256], [-2.28098851949e-05, -3.16695804941e-05, -0.000107889449282, 0.00100633350667, -1.8759363229e-05, -0.00185002770741, 0.0058808051981, -0.00163229042664, 0.000200194102945, 0.00168604718056, -0.00295732077211, 0.00137859722599, 0.000346666114638], [8.8696142484e-05, -0.000142560485983, -0.000720951764379, -0.000406979466788, -0.00062192347832, -0.000146191479871, -0.00163229042664, 0.00869601219893, -0.00264864228666, 0.00166411930695, -0.000710618158337, -0.001455293037, 0.000633057497907], [-0.000113244066597, -0.00045671701082, -0.000175835783011, -0.00115209666546, -0.00128694705199, -0.000231469981372, 0.000200194102945, -0.00264864228666, 0.0131715554744, -0.00533949537203, 0.00116683717351, -0.000612887262832, 0.00139505893458], [-0.000178826740012, 0.00108599290252, -0.000415907328716, 0.00118798064068, -0.000485458673211, -0.00196350319311, 0.00168604718056, 0.00166411930695, -0.00533949537203, 0.0160419344902, -0.00693964539096, 0.00381285999902, -0.00329077336937], [0.000241669593379, -0.00110642926302, 0.000910748902243, -0.000190392340301, 0.000169593768078, -0.000483491254272, -0.00295732077211, -0.000710618158337, 0.00116683717351, -0.00693964539096, 0.0212714914232, -0.00584865128621, 0.00257296254858], [-0.000202382128919, -6.669411232e-05, -0.00205430272035, 0.00113654031884, 0.000910171365831, 0.001156147453, 0.00137859722599, -0.001455293037, -0.000612887262832, 0.00381285999902, -0.00584865128621, 0.0223353467882, -0.00470039714128], [0.000353143754182, 0.000126242390252, 0.00014294552966, -0.00225185439922, -0.000300041690934, 0.00102238578256, 0.000346666114638, 0.000633057497907, 0.00139505893458, -0.00329077336937, 0.00257296254858, -0.00470039714128, 0.0153194302693]]
    },
    "melbands": {
        "dmean": [0.00140437856317, 0.00200599501841, 0.000640632992145, 0.000360942212865, 0.000165496618138, 0.000141398821143, 0.00035458849743, 0.000213448773138, 0.000156817870447, 0.000100318538898, 6.85872073518e-05, 5.27901211171e-05, 7.08956358721e-05, 4.95672356919e-05, 5.06250580656e-05, 4.18608979089e-05, 3.69986810256e-05, 1.87478017324e-05, 9.87292150967e-06, 8.37097104522e-06, 5.91507114223e-06, 8.26309224067e-06, 1.12666975838e-05, 6.19497632215e-06, 5.60392254556e-06, 5.26231451659e-06, 2.97419569506e-06, 2.62844741883e-06, 3.05573848891e-06, 3.29559748025e-06, 3.21305674333e-06, 2.42753844759e-06, 2.02711657948e-06, 1.84661178082e-06, 1.51827259742e-06, 1.4091773437e-06, 9.29644443204e-07, 9.3541774504e-07, 8.10184133115e-07, 6.74843249726e-07],
        "dmean2": [0.00244123558514, 0.003310975153, 0.00107942859177, 0.000586947251577, 0.000259262189502, 0.00022464247013, 0.000538157997653, 0.000304446613882, 0.000220902540605, 0.000131969383801, 0.000101548503153, 8.40509164846e-05, 0.000112440277007, 7.77211535024e-05, 7.74271975388e-05, 6.29383139312e-05, 5.7195975387e-05, 3.10761970468e-05, 1.59620049089e-05, 1.35220698212e-05, 9.31193244469e-06, 1.33375706355e-05, 1.79650178325e-05, 9.67616142589e-06, 8.85444933374e-06, 8.01981241239e-06, 4.66953952127e-06, 4.02060368287e-06, 4.64979120807e-06, 4.98798863191e-06, 4.74133867101e-06, 3.67069856111e-06, 3.04914010485e-06, 2.70197847385e-06, 2.18613786274e-06, 2.02535125027e-06, 1.33320429541e-06, 1.32625530114e-06, 1.16544720186e-06, 9.95221512312e-07],
        "dvar": [1.61595344252e-05, 2.14097872231e-05, 2.49852405432e-06, 1.22102233036e-06, 2.43437256131e-07, 1.6489734378e-07, 1.09507323032e-06, 4.18113472733e-07, 1.62829763894e-07, 1.52192313863e-07, 5.87990420797e-08, 3.85889862287e-08, 5.96338267655e-08, 3.73615058891e-08, 3.10476977461e-08, 4.4465924276e-08, 1.09306537155e-08, 5.14283415853e-09, 5.84430004391e-10, 3.12877418418e-10, 1.17282281109e-10, 4.31410740465e-10, 4.6745562976e-10, 1.22105950351e-10, 9.35243549272e-11, 1.65729138746e-10, 7.28062818367e-11, 4.64020037672e-11, 8.52237516669e-11, 8.66536981059e-11, 6.80948492038e-11, 4.22807136524e-11, 3.16101415876e-11, 1.91491319329e-11, 1.26060221289e-11, 1.03948698607e-11, 5.7232369885e-12, 3.98326120352e-12, 3.01176943628e-12, 1.64023937661e-12],
        "dvar2": [4.51772029919e-05, 5.6161727116e-05, 6.80157972965e-06, 2.98181930702e-06, 6.35688024886e-07, 3.92144954731e-07, 2.53244274973e-06, 7.98624910203e-07, 3.10872280807e-07, 3.21403433645e-07, 1.36532918305e-07, 1.06927778631e-07, 1.49104025127e-07, 8.69721361596e-08, 7.20530195508e-08, 1.0247329385e-07, 2.37413573245e-08, 1.18713110453e-08, 1.38511691006e-09, 8.08934974561e-10, 2.79611445109e-10, 1.07763520329e-09, 1.16854703691e-09, 2.80548612119e-10, 2.26167723438e-10, 3.37307931586e-10, 1.62882693444e-10, 1.05568109809e-10, 1.92291821355e-10, 1.90951351953e-10, 1.40776779123e-10, 8.89739185106e-11, 7.06860195376e-11, 3.99468513823e-11, 2.52794486733e-11, 2.08468069196e-11, 1.17342758774e-11, 8.03119723503e-12, 5.84870476703e-12, 3.43962662172e-12],
        "max": [0.0443296022713, 0.0448689386249, 0.0141926035285, 0.0208369717002, 0.0101766400039, 0.00676595186815, 0.0141167612746, 0.0158539526165, 0.00873011443764, 0.0104996105656, 0.00757509376854, 0.00515508884564, 0.00473470799625, 0.00393204344437, 0.00303757633083, 0.00720784021541, 0.00232974952087, 0.00185129814781, 0.000431333814049, 0.000371213478502, 0.000323841581121, 0.000358573714038, 0.000296215672279, 0.000252732163062, 0.000173295804416, 0.000315039447742, 0.000209683916182, 0.000114320493594, 0.000182878633495, 0.000142184871947, 0.000144843885209, 0.000121756806038, 0.000105635568616, 7.05382844899e-05, 5.73386751057e-05, 6.15028766333e-05, 5.48460884602e-05, 3.53185423592e-05, 3.36306729878e-05, 2.11368005694e-05],
        "mean": [0.00201508472674, 0.00444820709527, 0.00103248294909, 0.000616725475993, 0.000272488483461, 0.000209998848732, 0.000523552065715, 0.000358301622327, 0.000330962822773, 0.000189137630514, 0.000116064678878, 7.51559127821e-05, 9.43226186791e-05, 7.81761773396e-05, 7.75820590206e-05, 6.28727066214e-05, 5.72472818021e-05, 2.55026825471e-05, 1.65637393366e-05, 1.49307088577e-05, 1.21477360153e-05, 1.38877730933e-05, 2.19568191824e-05, 1.3473943909e-05, 1.22944393297e-05, 9.77336276264e-06, 4.35896072304e-06, 3.46987985722e-06, 4.16376042267e-06, 4.82743143948e-06, 5.17622174812e-06, 3.82059897674e-06, 3.06271022055e-06, 2.87718535219e-06, 2.31299327424e-06, 2.06842992156e-06, 1.42715521179e-06, 1.35491177389e-06, 1.14558133646e-06, 8.80002744452e-07],
        "median": [0.00134154979605, 0.00342504447326, 0.000700939504895, 0.000278015708318, 8.11989157228e-05, 8.01290298114e-05, 0.000118126023153, 6.27370900474e-05, 8.00225025159e-05, 2.93098382826e-05, 3.78578661184e-05, 1.92078314285e-05, 1.80408533197e-05, 1.61411662702e-05, 1.93868527276e-05, 7.37140771889e-06, 1.23092240756e-05, 6.54828954794e-06, 6.03203079663e-06, 6.67313997837e-06, 6.46137959848e-06, 7.17600596545e-06, 9.9071457953e-06, 7.97800748842e-06, 7.69134658185e-06, 4.10754637414e-06, 1.60435990892e-06, 7.90005572071e-07, 8.92124887741e-07, 1.17785009479e-06, 1.39897053941e-06, 9.8363352663e-07, 7.39252698168e-07, 6.84360884406e-07, 3.96226454313e-07, 2.45124851972e-07, 1.32026841015e-07, 1.45338489688e-07, 1.27089563762e-07, 1.03116413186e-07],
        "min": [7.67773154389e-24, 6.04287056593e-24, 5.24249860238e-24, 1.22133101954e-23, 1.080029702e-23, 6.90337936844e-24, 7.69758480629e-24, 3.37821794052e-24, 8.25536863085e-24, 7.10619787375e-24, 5.5320870741e-24, 2.33950790499e-23, 1.36710904384e-23, 5.7286325575e-24, 1.0795572532e-23, 1.59171604513e-23, 1.17427759647e-23, 1.04297982406e-23, 4.43812908619e-24, 1.10733375565e-23, 6.07472753029e-24, 8.65571159594e-24, 6.97635452419e-24, 1.19476865291e-23, 1.15585800988e-23, 5.35434448481e-24, 1.17380522656e-23, 1.50025046307e-23, 8.75599317194e-24, 8.61124745102e-24, 7.95030034158e-24, 1.2544085095e-23, 1.00611114748e-23, 9.57450183656e-24, 1.23853331487e-23, 8.34402397482e-24, 1.29773401259e-23, 1.17267084458e-23, 6.21846508697e-24, 8.98844208171e-24],
        "var": [1.22950559671e-05, 2.58275722445e-05, 2.1686398668e-06, 1.33550395276e-06, 3.08651863179e-07, 2.03922041919e-07, 1.62363301115e-06, 1.03369200133e-06, 5.68105804177e-07, 3.77029920173e-07, 1.04466536754e-07, 5.89487036962e-08, 7.59103784276e-08, 5.14794571416e-08, 4.3440540054e-08, 7.73116397568e-08, 1.8668673718e-08, 7.60508189757e-09, 1.17700560409e-09, 6.46123154979e-10, 4.94698171316e-10, 5.55251067347e-10, 1.08131192889e-09, 3.45140555025e-10, 2.2640346542e-10, 3.87558291015e-10, 1.11217007825e-10, 6.95226376468e-11, 1.31761601629e-10, 1.6267877323e-10, 1.41147482591e-10, 8.67910188163e-11, 6.30697855053e-11, 4.23649622328e-11, 3.10777202583e-11, 2.90262119895e-11, 1.52030662365e-11, 1.03907611682e-11, 7.52044780616e-12, 3.15875082167e-12]
    },
    "mfcc": {
        "mean": [-658.267822266, 129.336914062, -0.130697950721, 29.8407878876, 5.93612527847, 2.79600262642, -0.442363739014, 10.9160938263, 0.250557273626, -1.66790223122, 10.1624498367, 2.47002315521, -2.28707075119],
        "cov": [[6355.18212891, -908.75201416, 982.372070312, -230.231567383, -142.477310181, 611.079467773, 115.772819519, 179.576889038, 130.568786621, 205.113372803, 249.710281372, 191.831954956, 61.0715026855], [-908.75201416, 1755.87670898, -776.293579102, 95.0821075439, 20.0351352692, -173.826400757, 16.8839683533, 132.352432251, -99.3754348755, -89.3281402588, 132.334075928, -62.5204277039, 2.08944964409], [982.372070312, -776.293579102, 1058.19104004, 47.2032432556, 204.007110596, 268.49786377, 87.9576950073, 86.0543136597, 192.053604126, 107.731498718, -1.15701138973, 120.380744934, 79.1717529297], [-230.231567383, 95.0821075439, 47.2032432556, 432.308013916, 221.224212646, -4.29188251495, -38.4661369324, 36.3907432556, 74.766746521, -3.3620326519, -33.940120697, -9.22990226746, 25.9666976929], [-142.477310181, 20.0351352692, 204.007110596, 221.224212646, 449.757263184, 70.7503356934, -19.7450428009, 16.7764377594, 115.69430542, 55.1540718079, -15.3475971222, 49.2947273254, 27.0823097229], [611.079467773, -173.826400757, 268.49786377, -4.29188251495, 70.7503356934, 297.901641846, 67.2066268921, 41.4927787781, 67.4662780762, 68.4097747803, 64.0367431641, 54.7341804504, 10.7179756165], [115.772819519, 16.8839683533, 87.9576950073, -38.4661369324, -19.7450428009, 67.2066268921, 192.483810425, 77.021194458, 31.6060333252, 50.3308105469, 29.1939029694, 32.348449707, 25.5137481689], [179.576889038, 132.352432251, 86.0543136597, 36.3907432556, 16.7764377594, 41.4927787781, 77.021194458, 207.920150757, 43.9628105164, 39.7553787231, 49.4695129395, 27.5984420776, 44.3036422729], [130.568786621, -99.3754348755, 192.053604126, 74.766746521, 115.69430542, 67.4662780762, 31.6060333252, 43.9628105164, 140.315948486, 53.9129066467, 2.30537581444, 31.6126861572, 27.3982715607], [205.113372803, -89.3281402588, 107.731498718, -3.3620326519, 55.1540718079, 68.4097747803, 50.3308105469, 39.7553787231, 53.9129066467, 137.131912231, 38.4680938721, 37.2712860107, 22.3242797852], [249.710281372, 132.334075928, -1.15701138973, -33.940120697, -15.3475971222, 64.0367431641, 29.1939029694, 49.4695129395, 2.30537581444, 38.4680938721, 145.069580078, 34.0064353943, -2.18797135353], [191.831954956, -62.5204277039, 120.380744934, -9.22990226746, 49.2947273254, 54.7341804504, 32.348449707, 27.5984420776, 31.6126861572, 37.2712860107, 34.0064353943, 96.5005340576, 21.4809322357], [61.0715026855, 2.08944964409, 79.1717529297, 25.9666976929, 27.0823097229, 10.7179756165, 25.5137481689, 44.3036422729, 27.3982715607, 22.3242797852, -2.18797135353, 21.4809322357, 86.7681732178]],
