{
"lowlevel": {
    "average_loudness": 0.719851195812,
    "barkbands_crest": {
        "dmean": 1.85682630539,
        "dmean2": 2.86279034615,
        "dvar": 3.93867206573,
        "dvar2": 9.45380592346,
        "max": 25.7941818237,
        "mean": 11.5694332123,
        "median": 10.5362663269,
        "min": 3.11521887779,
        "var": 21.8160076141
    },
    "barkbands_flatness_db": {
        "dmean": 0.0169512778521,
        "dmean2": 0.0243683252484,
        "dvar": 0.000300637882901,
        "dvar2": 0.000624089909252,
        "max": 0.443346679211,
        "mean": 0.181705519557,
        "median": 0.143958777189,
        "min": 0.0419922880828,
        "var": 0.00961091555655
    },
    "barkbands_kurtosis": {
        "dmean": 4.42979574203,
        "dmean2": 6.20281553268,
        "dvar": 83.8361587524,
        "dvar2": 135.554672241,
        "max": 321.762268066,
        "mean": 19.3382034302,
        "median": 4.76261329651,
        "min": -1.91240847111,
        "var": 1145.20263672
    },
    "barkbands_skewness": {
        "dmean": 0.499211698771,
        "dmean2": 0.699807703495,
        "dvar": 0.327277868986,
        "dvar2": 0.575464010239,
        "max": 15.6154985428,
        "mean": 2.89768242836,
        "median": 2.17413592339,
        "min": -3.06123995781,
        "var": 6.08119678497
    },
    "barkbands_spread": {
        "dmean": 5.89373731613,
        "dmean2": 8.88815307617,
        "dvar": 97.255645752,
        "dvar2": 196.311965942,
        "max": 104.035423279,
        "mean": 20.427192688,
        "median": 15.8133077621,
        "min": 0.482400149107,
        "var": 361.842071533
    },
    "dissonance": {
        "dmean": 0.0197641998529,
        "dmean2": 0.0319432355464,
        "dvar": 0.000615760334767,
        "dvar2": 0.00150479923468,
        "max": 0.498979121447,
        "mean": 0.436168313026,
        "median": 0.451491564512,
        "min": 0,
        "var": 0.00264712236822
    },
    "dynamic_complexity": 3.61966991425,
    "erbbands_crest": {
        "dmean": 1.97688353062,
        "dmean2": 2.98046469688,
        "dvar": 4.51904582977,
        "dvar2": 10.4082355499,
        "max": 27.0006580353,
        "mean": 10.3524332047,
        "median": 9.32241153717,
        "min": 2.62038969994,
        "var": 21.2215385437
    },
    "erbbands_flatness_db": {
        "dmean": 0.0148564493284,
        "dmean2": 0.0201676227152,
        "dvar": 0.00025236379588,
        "dvar2": 0.000458945753053,
        "max": 0.378723263741,
        "mean": 0.181244134903,
        "median": 0.157298967242,
        "min": 0.0503359474242,
        "var": 0.00593669433147
    },
    "erbbands_kurtosis": {
        "dmean": 1.57707262039,
        "dmean2": 2.26281952858,
        "dvar": 8.65734863281,
        "dvar2": 15.917096138,
        "max": 68.9373321533,
        "mean": 4.677713871,
        "median": -0.102916717529,
        "min": -1.72431623936,
        "var": 113.216522217
    },
    "erbbands_skewness": {
        "dmean": 0.358885854483,
        "dmean2": 0.49502196908,
        "dvar": 0.170687302947,
        "dvar2": 0.277088612318,
        "max": 7.01910972595,
        "mean": 1.02219116688,
        "median": 0.65166336298,
        "min": -3.95984482765,
        "var": 3.42535591125
    },
    "erbbands_spread": {
        "dmean": 7.35048007965,
        "dmean2": 10.937994957,
        "dvar": 87.9311981201,
        "dvar2": 187.721221924,
        "max": 120.278717041,
        "mean": 42.15026474,
        "median": 44.2426490784,
        "min": 3.68948769569,
        "var": 509.321411133
    },
    "hfc": {
        "dmean": 5.44059038162,
        "dmean2": 7.74497079849,
        "dvar": 144.023956299,
        "dvar2": 293.710632324,
        "max": 230.53894043,
        "mean": 16.7782707214,
        "median": 8.65085411072,
        "min": 1.18044668816e-16,
        "var": 465.375915527
    },
    "melbands_crest": {
        "dmean": 2.30523824692,
        "dmean2": 3.59352731705,
        "dvar": 6.78631496429,
        "dvar2": 17.1074981689,
        "max": 31.0063419342,
        "mean": 15.005566597,
        "median": 14.566696167,
        "min": 2.52304339409,
        "var": 22.2051372528
    },
    "melbands_flatness_db": {
        "dmean": 0.0189472548664,
        "dmean2": 0.0268322788179,
        "dvar": 0.000441314827185,
        "dvar2": 0.000863854191266,
        "max": 0.508261978626,
        "mean": 0.240963131189,
        "median": 0.209347873926,
        "min": 0.00669649848714,
        "var": 0.0103283403441
    },
    "melbands_kurtosis": {
        "dmean": 9.45630455017,
        "dmean2": 13.5455694199,
        "dvar": 185.834686279,
        "dvar2": 361.71975708,
        "max": 319.043548584,
        "mean": 36.9101409912,
        "median": 19.0739212036,
        "min": -1.84708440304,
        "var": 2123.42163086
    },
    "melbands_skewness": {
        "dmean": 0.676035523415,
        "dmean2": 0.966993272305,
        "dvar": 0.540921568871,
        "dvar2": 1.11387634277,
        "max": 11.9240875244,
        "mean": 4.01287460327,
        "median": 3.72430729866,
        "min": -1.28790593147,
        "var": 4.95762252808
    },
    "melbands_spread": {
        "dmean": 7.02914094925,
        "dmean2": 10.2215156555,
        "dvar": 281.850585938,
        "dvar2": 491.979156494,
        "max": 239.034515381,
        "mean": 21.1305274963,
        "median": 13.7009572983,
        "min": 0.606140971184,
        "var": 1001.56225586
    },
    "pitch_salience": {
        "dmean": 0.053064212203,
        "dmean2": 0.0824310556054,
        "dvar": 0.00322492024861,
        "dvar2": 0.00814830418676,
        "max": 0.958623588085,
        "mean": 0.528814852238,
        "median": 0.52829438448,
        "min": 0.122235372663,
        "var": 0.0115052675828
    },
    "silence_rate_20dB": {
        "dmean": 0,
        "dmean2": 0,
        "dvar": 0,
        "dvar2": 0,
        "max": 1,
        "mean": 1,
        "median": 1,
        "min": 1,
        "var": 0
    },
    "silence_rate_30dB": {
        "dmean": 0,
        "dmean2": 0,
        "dvar": 0,
        "dvar2": 0,
        "max": 1,
        "mean": 1,
        "median": 1,
        "min": 1,
        "var": 0
    },
    "silence_rate_60dB": {
        "dmean": 0.0274767801166,
        "dmean2": 0.054974835366,
        "dvar": 0.0267220754176,
        "dvar2": 0.063566274941,
        "max": 1,
        "mean": 0.0874274671078,
        "median": 0,
        "min": 0,
        "var": 0.07978489995
    },
    "spectral_centroid": {
        "dmean": 229.934616089,
        "dmean2": 328.420379639,
        "dvar": 169037.34375,
        "dvar2": 251231.734375,
        "max": 10970.9326172,
        "mean": 1225.53161621,
        "median": 1069.3302002,
        "min": 231.691452026,
        "var": 779060.3125
    },
    "spectral_complexity": {
        "dmean": 2.11687302589,
        "dmean2": 3.24661254883,
        "dvar": 7.2611246109,
        "dvar2": 13.8605852127,
        "max": 42,
        "mean": 11.3056097031,
        "median": 11,
        "min": 0,
        "var": 46.9564247131
    },
    "spectral_decrease": {
        "dmean": 1.02408104219e-09,
        "dmean2": 1.43602585378e-09,
        "dvar": 2.54710189826e-18,
        "dvar2": 4.57014476021e-18,
        "max": 4.46906506546e-29,
        "mean": -4.89815921156e-09,
        "median": -3.80934217503e-09,
        "min": -2.78699108236e-08,
        "var": 1.67037775787e-17
    },
    "spectral_energy": {
        "dmean": 0.00421003624797,
        "dmean2": 0.00592179736122,
        "dvar": 4.11674991483e-05,
        "dvar2": 7.42105039535e-05,
        "max": 0.110641367733,
        "mean": 0.0200086478144,
        "median": 0.0159375742078,
        "min": 1.05383286637e-20,
        "var": 0.000272815290373
    },
    "spectral_energyband_high": {
        "dmean": 0.000508561497554,
        "dmean2": 0.000736891059205,
        "dvar": 2.4426510663e-06,
        "dvar2": 5.03826868226e-06,
        "max": 0.0245876312256,
        "mean": 0.000934038660489,
        "median": 0.000268037401838,
        "min": 7.55606709789e-21,
        "var": 5.99659688305e-06
    },
    "spectral_energyband_low": {
        "dmean": 0.00108500919305,
        "dmean2": 0.00166222732514,
        "dvar": 6.01185092819e-06,
        "dvar2": 1.24011276057e-05,
        "max": 0.054759144783,
        "mean": 0.00436553917825,
        "median": 0.00232222303748,
        "min": 3.80775680549e-23,
        "var": 3.18130441883e-05
    },
    "spectral_energyband_middle_high": {
        "dmean": 0.000783010560554,
        "dmean2": 0.00100878661033,
        "dvar": 3.04469972434e-06,
        "dvar2": 4.55979670733e-06,
        "max": 0.0480343066156,
        "mean": 0.0025689334143,
        "median": 0.00103749684058,
        "min": 1.63718198029e-21,
        "var": 1.89552156371e-05
    },
    "spectral_energyband_middle_low": {
        "dmean": 0.00319092371501,
        "dmean2": 0.00455700606108,
        "dvar": 2.69661450147e-05,
        "dvar2": 5.18380184076e-05,
        "max": 0.0916326269507,
        "mean": 0.0128760142252,
        "median": 0.00956611707807,
        "min": 3.15443185944e-22,
        "var": 0.000142548626172
    },
    "spectral_entropy": {
        "dmean": 0.149334415793,
        "dmean2": 0.203779414296,
        "dvar": 0.0254675336182,
        "dvar2": 0.0426435954869,
        "max": 9.81556129456,
        "mean": 7.12640142441,
        "median": 7.35392713547,
        "min": 4.76664352417,
        "var": 0.747123777866
    },
    "spectral_flux": {
        "dmean": 0.016679437831,
        "dmean2": 0.0262582134455,
        "dvar": 0.000424602854764,
        "dvar2": 0.000995190232061,
        "max": 0.232397928834,
        "mean": 0.0503193549812,
        "median": 0.0430341027677,
        "min": 1.02656362577e-10,
        "var": 0.00133223086596
    },
    "spectral_kurtosis": {
        "dmean": 1.46254169941,
        "dmean2": 2.50144934654,
        "dvar": 2.78484320641,
        "dvar2": 8.19857406616,
        "max": 29.5297470093,
        "mean": 3.82701420784,
        "median": 2.87601566315,
        "min": -1.16670453548,
        "var": 11.0514774323
    },
    "spectral_rms": {
        "dmean": 0.000462537165731,
        "dmean2": 0.000640194572043,
        "dvar": 3.67207917407e-07,
        "dvar2": 6.38665483166e-07,
        "max": 0.0103895524517,
        "mean": 0.00404153484851,
        "median": 0.00394320348278,
        "min": 3.20644595944e-12,
        "var": 3.18661363963e-06
    },
    "spectral_rolloff": {
        "dmean": 532.513244629,
        "dmean2": 854.917053223,
        "dvar": 1614472.125,
        "dvar2": 3243063.75,
        "max": 18798.4863281,
        "mean": 1374.78015137,
        "median": 581.396484375,
        "min": 107.666015625,
        "var": 3948074.25
    },
    "spectral_skewness": {
        "dmean": 0.191205456853,
        "dmean2": 0.308988958597,
        "dvar": 0.032375305891,
        "dvar2": 0.0784135311842,
        "max": 4.15031099319,
        "mean": 1.44021630287,
        "median": 1.32335114479,
        "min": -0.0119977639988,
        "var": 0.342130184174
    },
    "spectral_spread": {
        "dmean": 578608.875,
        "dmean2": 818360.5625,
        "dvar": 755334119424,
        "dvar2": 1.37358226227e+12,
        "max": 39425472,
        "mean": 4744580,
        "median": 4452767.5,
        "min": 1948628.25,
        "var": 2.31128327782e+12
    },
    "spectral_strongpeak": {
        "dmean": 0.303567439318,
        "dmean2": 0.48921635747,
        "dvar": 0.347112238407,
        "dvar2": 0.824606955051,
        "max": 7.45326471329,
        "mean": 0.997981965542,
        "median": 0.606134295464,
        "min": 0,
        "var": 1.35500013828
    },
    "zerocrossingrate": {
        "dmean": 0.0129575934261,
        "dmean2": 0.0143072269857,
        "dvar": 0.000425854057539,
        "dvar2": 0.000399698270485,
        "max": 0.4931640625,
        "mean": 0.0594486668706,
        "median": 0.046875,
        "min": 0.0029296875,
        "var": 0.00258343247697
    },
    "barkbands": {
        "dmean": [9.80532058747e-06, 0.00053166563157, 0.000545996648725, 0.000554170517717, 0.00115837226622, 0.000969874614384, 0.00109396805055, 0.000586130656302, 0.0004379566235, 0.00031654452323, 0.00011226125207, 0.000125359598314, 0.000113027155749, 7.44224962546e-05, 9.39876481425e-05, 5.18349806953e-05, 0.000105102990346, 0.000133452020236, 0.000181114912266, 8.06109601399e-05, 0.000112334448204, 0.000121853816381, 0.000110601526103, 0.000114467686217, 6.9859692303e-05, 2.94427445624e-05, 5.45315697309e-06],
        "dmean2": [1.6383415641e-05, 0.000779177004006, 0.000871287891641, 0.000856484752148, 0.00171894161031, 0.00139417406172, 0.00160398811568, 0.000786902324762, 0.00059750356013, 0.000387541542295, 0.000162668264238, 0.000183559546713, 0.000159264454851, 0.000115834613098, 0.000139274634421, 7.89047553553e-05, 0.000153911547386, 0.000193844083697, 0.000263673486188, 0.000125909340568, 0.000169090126292, 0.000180774062756, 0.00016418879386, 0.000174609842361, 0.000110001688881, 4.42889613623e-05, 9.63404363574e-06],
        "dvar": [7.41217864864e-10, 1.94536369236e-06, 1.42128135394e-06, 1.38477491873e-06, 3.38633867614e-06, 3.66199355994e-06, 1.21236244013e-05, 5.15266083312e-06, 3.2183318126e-06, 1.50973835389e-06, 1.52638634177e-07, 1.09006592197e-07, 1.39734410709e-07, 5.3656336263e-08, 8.96619596347e-08, 1.24835315418e-08, 5.85743968884e-08, 1.47797322825e-07, 3.7242600115e-07, 7.41175298913e-08, 1.67854750543e-07, 1.99148459501e-07, 1.48395287169e-07, 2.05101045481e-07, 3.04583913646e-08, 7.28043447751e-09, 1.7066793534e-09],
        "dvar2": [1.96841853928e-09, 3.7345241708e-06, 3.47891318597e-06, 3.55098541149e-06, 7.45256238588e-06, 7.72501880419e-06, 2.48988490057e-05, 1.00011166069e-05, 5.91726166022e-06, 2.10327493733e-06, 2.66981288632e-07, 2.51926820738e-07, 2.21962693558e-07, 1.23636098692e-07, 1.95432903638e-07, 2.60571368926e-08, 1.2017110862e-07, 3.21991478813e-07, 7.49111677578e-07, 1.49243760461e-07, 3.66867169532e-07, 4.30381078331e-07, 3.10561176775e-07, 5.00576618379e-07, 7.28468023681e-08, 1.70890590567e-08, 4.80706008332e-09],
        "max": [0.000544036272913, 0.0228582881391, 0.0253579933196, 0.021718211472, 0.0329707153141, 0.0298492759466, 0.0873243883252, 0.0555524043739, 0.0446091406047, 0.0327833071351, 0.0155083686113, 0.00653191562742, 0.0127485301346, 0.00508475769311, 0.00710010202602, 0.00243115494959, 0.00515097659081, 0.0144974198192, 0.019034627825, 0.00865652319044, 0.00777898728848, 0.0105892783031, 0.00779322208837, 0.00925078056753, 0.00184587715194, 0.00164771394338, 0.00118673907127],
        "mean": [1.46171487359e-05, 0.00216095894575, 0.00165480445139, 0.00114195689093, 0.00349772977643, 0.00312605965883, 0.00189142907038, 0.00117981783114, 0.0015694804024, 0.000725847959984, 0.000258536078036, 0.00023396400502, 0.000221650814638, 0.000125153805129, 0.000186639270396, 0.000109224383777, 0.000212356957491, 0.00030293862801, 0.000381189922336, 0.000133846086101, 0.000180087517947, 0.000221787733608, 0.000187215657206, 0.000176187517354, 8.01569112809e-05, 3.07656664518e-05, 4.23480605605e-06],
        "median": [5.84652025282e-06, 0.000978650758043, 0.000535940518603, 0.000401473720558, 0.00202545686625, 0.00171047449112, 0.000495642831083, 8.36662948132e-05, 2.56766306848e-05, 6.37293123873e-05, 3.55955526175e-05, 6.54097966617e-05, 3.5362860217e-05, 4.00762837671e-05, 3.26952431351e-05, 5.51209159312e-05, 8.75300320331e-05, 8.16754691186e-05, 0.000148685416207, 4.91861792398e-05, 4.87888464704e-05, 5.32905105501e-05, 3.79306220566e-05, 2.78558964055e-05, 9.41970029089e-06, 2.22147559725e-06, 3.10221764721e-07],
        "min": [4.94625490563e-24, 1.34242858379e-23, 6.66892122993e-24, 1.6321237095e-23, 5.3324195159e-23, 7.54419427426e-23, 3.75252549807e-23, 3.26840250717e-23, 7.97506315871e-23, 6.44591119866e-23, 3.89930569126e-23, 9.1790037396e-23, 2.81890899539e-22, 7.19310888849e-23, 1.31583879635e-22, 1.400124482e-22, 1.81341312787e-22, 1.86017036522e-22, 3.3524255968e-22, 2.8989679012e-22, 3.67825014177e-22, 6.15260413129e-22, 5.57010974375e-22, 9.21734768074e-22, 9.76321519334e-22, 1.42567092831e-21, 2.75310951407e-21],
        "var": [8.39314340251e-10, 1.0105198271e-05, 6.26331529929e-06, 3.20675735566e-06, 1.69877148437e-05, 1.75400473381e-05, 1.96837772819e-05, 1.50164669321e-05, 3.32813760906e-05, 6.8091085268e-06, 8.79072160842e-07, 2.52864936101e-07, 5.08604387051e-07, 9.50943075395e-08, 2.8836049637e-07, 3.73769033502e-08, 1.39837226243e-07, 4.47905506462e-07, 8.2668543655e-07, 1.38540229955e-07, 3.20877319382e-07, 4.35713900515e-07, 3.36139407864e-07, 3.68476435142e-07, 4.14720950914e-08, 8.39116687246e-09, 1.08827646894e-09]
    },
    "erbbands": {
        "dmean": [0.00650062365457, 0.14897364378, 0.588914215565, 1.11548125744, 3.55991506577, 3.49702572823, 4.35158872604, 8.6935968399, 18.1240386963, 7.94167375565, 14.9088048935, 9.69318294525, 11.7667818069, 5.06799411774, 4.03267717361, 5.68868684769, 5.5378446579, 3.92643690109, 4.36841392517, 3.81978106499, 3.46252584457, 5.17808675766, 6.87763786316, 7.28918743134, 8.35066986084, 3.49635910988, 3.66875910759, 5.05757474899, 4.44247674942, 3.55307292938, 3.17099642754, 2.70968556404, 1.90761864185, 1.08748114109, 0.215007647872, 0.112774789333, 0.0708064883947, 0.00895676854998, 0.000832878111396, 3.39626858477e-05],
        "dmean2": [0.0100353043526, 0.219056397676, 0.933300673962, 1.7393039465, 5.31551074982, 5.14315414429, 6.08232975006, 12.8695859909, 26.4433803558, 11.1913385391, 19.8726501465, 12.8845806122, 13.6528577805, 5.92169237137, 5.68815231323, 8.20352649689, 7.64105319977, 5.99511146545, 6.49123382568, 5.34698295593, 5.14765262604, 7.54322147369, 9.65903186798, 10.7920045853, 12.3672618866, 5.35687398911, 5.57078838348, 7.64490699768, 6.66493272781, 5.37307596207, 4.74325323105, 4.12815332413, 2.88159871101, 1.72155034542, 0.320641011, 0.173277810216, 0.108018614352, 0.0142542850226, 0.00148852542043, 5.92437681917e-05],
        "dvar": [0.000214752217289, 0.159731894732, 2.0495429039, 5.93129920959, 40.9723205566, 41.6838989258, 65.5572357178, 367.479400635, 3081.73510742, 670.842956543, 3709.41259766, 2020.42626953, 1476.92980957, 548.047973633, 166.394744873, 208.710601807, 378.355651855, 148.36416626, 213.515289307, 202.508499146, 33.571647644, 165.974136353, 248.551757812, 665.219909668, 999.28326416, 152.851074219, 193.273254395, 362.460174561, 243.899261475, 149.50163269, 133.683410645, 106.204200745, 48.6378250122, 7.65446853638, 0.41978392005, 0.116496860981, 0.0506212674081, 0.00186128064524, 5.15202518727e-05, 1.14118464012e-07],
        "dvar2": [0.000490614795126, 0.307061821222, 4.59086799622, 15.3161535263, 89.2088088989, 94.1313018799, 136.344192505, 807.704528809, 6154.54492188, 1518.1295166, 7249.02880859, 3751.72827148, 1710.53527832, 610.936096191, 308.252166748, 487.06842041, 583.589050293, 344.597686768, 483.753295898, 375.629852295, 66.9713516235, 342.56350708, 513.129821777, 1378.70129395, 1948.1385498, 300.602478027, 398.877868652, 851.751464844, 531.250183105, 303.929229736, 279.846069336, 245.993133545, 123.05519104, 18.8022880554, 0.939506530762, 0.273975163698, 0.119738228619, 0.0049112518318, 0.00014766860113, 3.30392651904e-07],
        "max": [0.184739202261, 6.88002204895, 30.7608985901, 49.2410964966, 100.863731384, 200.414733887, 174.76083374, 323.369293213, 1184.49279785, 508.485748291, 1476.33728027, 1190.38452148, 1388.12036133, 1134.73071289, 463.593444824, 335.765289307, 685.777099609, 288.405639648, 305.985473633, 468.258636475, 108.207130432, 285.500061035, 373.399627686, 1054.5526123, 1172.33825684, 414.514282227, 356.692810059, 375.196960449, 376.363372803, 286.705535889, 225.844924927, 153.269607544, 155.162811279, 33.6157684326, 13.1700725555, 6.00043821335, 2.87817049026, 1.23843288422, 0.200269371271, 0.010065048933],
        "mean": [0.0232102032751, 0.613259851933, 2.10859060287, 2.89107036591, 8.84348773956, 10.3595876694, 15.9388418198, 25.3245277405, 36.3085823059, 16.5340328217, 31.0297412872, 26.5733127594, 46.9154624939, 13.0132627487, 9.6288318634, 11.4199018478, 11.5866861343, 7.43728160858, 8.61587619781, 7.73871803284, 8.52772712708, 11.954167366, 16.3733100891, 16.7397403717, 16.5115680695, 6.24716567993, 6.06459379196, 8.07415485382, 8.13374614716, 6.42662525177, 5.25106573105, 4.15072011948, 2.78725123405, 1.30022883415, 0.265714466572, 0.121579036117, 0.0714641436934, 0.00894235167652, 0.000627517816611, 4.60102819488e-05],
        "median": [0.0161050762981, 0.265535622835, 0.678648114204, 1.36146771908, 2.9371638298, 5.3214597702, 6.50162506104, 12.6196489334, 13.1432285309, 2.25241518021, 2.56044602394, 0.900778770447, 1.85290765762, 1.51995074749, 2.02412748337, 3.60804319382, 2.10692334175, 2.4631960392, 1.85572183132, 2.12887358665, 5.26768684387, 4.18780660629, 4.4575176239, 6.14498376846, 6.34757137299, 2.53647327423, 1.8515355587, 2.17779159546, 2.07879686356, 1.55631268024, 0.90190500021, 0.631460547447, 0.431935101748, 0.167461320758, 0.0298313982785, 0.0108811156824, 0.00400314666331, 0.000960102537647, 3.71318419639e-05, 2.35000916291e-05],
        "min": [4.69634115183e-22, 2.82243516578e-21, 9.49634927939e-21, 3.97251938215e-20, 2.54519580918e-20, 1.70629705233e-19, 6.73594886293e-19, 5.46239160655e-19, 6.47114405042e-19, 3.77258052231e-19, 1.11543103234e-18, 2.07901920798e-18, 1.46361192829e-18, 2.09878613628e-18, 1.79094673542e-18, 5.25684611652e-18, 1.32515310204e-17, 4.7564924222e-18, 5.33076132169e-18, 5.89405312087e-18, 9.19418447324e-18, 9.19469732522e-18, 1.19590836472e-17, 1.51671704769e-17, 1.46463163519e-17, 1.61647800741e-17, 1.15007428698e-17, 1.72927599533e-17, 2.27823457429e-17, 1.65315271423e-17, 1.64254213764e-17, 1.94644233899e-17, 1.62998917554e-17, 1.02383122266e-17, 6.90038699203e-18, 4.616139311e-18, 3.01287385951e-18, 1.3075740251e-18, 4.24771927002e-19, 3.7062764386e-20],
        "var": [0.000756201159675, 0.835147082806, 10.1326141357, 16.6280117035, 173.765213013, 290.55355835, 528.20916748, 1310.9642334, 5817.06445312, 1433.84521484, 10792.4814453, 7352.65478516, 21277.2929688, 3065.02709961, 774.618347168, 528.128112793, 1339.70605469, 288.254882812, 507.332305908, 674.918579102, 135.757568359, 468.590179443, 1087.17944336, 1830.92529297, 1777.78649902, 294.339385986, 396.75970459, 614.348754883, 530.321533203, 357.95022583, 305.788330078, 202.962310791, 81.7950439453, 10.9952697754, 0.660136342049, 0.141317412257, 0.0530283600092, 0.0015669016866, 3.08079288516e-05, 6.53686456076e-08]
    },
    "gfcc": {
        "mean": [-46.4906387329, 84.8077011108, -107.094902039, 41.093585968, -75.4985046387, -2.10509729385, -42.5417098999, -4.89089870453, -27.3631343842, -4.43943834305, -5.64422702789, 7.77205324173, -12.3791885376],
        "cov": [[9892.90332031, -1355.78405762, -144.664703369, 997.132324219, 1247.203125, 1329.91784668, -128.636108398, 1669.95629883, 293.887237549, 88.4412765503, -879.363891602, -754.970275879, -656.586730957], [-1355.78405762, 1367.2590332, -189.499954224, -250.308105469, 72.2026519775, -280.114685059, 219.296676636, -75.0632476807, 134.299240112, -138.187652588, 106.28112793, 12.0827388763, 48.14585495], [-144.664703369, -189.499954224, 568.544494629, 197.395095825, 206.41696167, 102.169967651, -15.8298358917, 40.7966194153, -78.5578155518, 55.2723655701, -67.1878967285, 39.7627563477, 30.1538066864], [997.132324219, -250.308105469, 197.395095825, 689.076904297, 571.955322266, 361.646514893, -36.7193107605, 240.146362305, 49.0524787903, 19.8139839172, -162.201156616, -165.444702148, -22.3107357025], [1247.203125, 72.2026519775, 206.41696167, 571.955322266, 1152.32739258, 519.033081055, 82.0882568359, 578.037963867, 119.553421021, 32.2720108032, -317.356262207, -322.353363037, -112.146125793], [1329.91784668, -280.114685059, 102.169967651, 361.646514893, 519.033081055, 499.704681396, 86.0980758667, 383.394012451, 51.3482894897, 42.1691894531, -176.390258789, -206.655792236, -93.133682251], [-128.636108398, 219.296676636, -15.8298358917, -36.7193107605, 82.0882568359, 86.0980758667, 228.306091309, 110.806587219, 38.0265350342, -28.3817176819, -0.293062448502, -27.1586933136, -23.49360466], [1669.95629883, -75.0632476807, 40.7966194153, 240.146362305, 578.037963867, 383.394012451, 110.806587219, 594.393554688, 122.382568359, 13.6664648056, -257.335296631, -230.118667603, -150.468643188], [293.887237549, 134.299240112, -78.5578155518, 49.0524787903, 119.553421021, 51.3482894897, 38.0265350342, 122.382568359, 165.127487183, 29.4531726837, -31.9935359955, -74.4327316284, -29.0595855713], [88.4412765503, -138.187652588, 55.2723655701, 19.8139839172, 32.2720108032, 42.1691894531, -28.3817176819, 13.6664648056, 29.4531726837, 144.384902954, 33.1628608704, -15.1256427765, -3.79436898232], [-879.363891602, 106.28112793, -67.1878967285, -162.201156616, -317.356262207, -176.390258789, -0.293062448502, -257.335296631, -31.9935359955, 33.1628608704, 226.837478638, 126.718093872, 75.8540802002], [-754.970275879, 12.0827388763, 39.7627563477, -165.444702148, -322.353363037, -206.655792236, -27.1586933136, -230.118667603, -74.4327316284, -15.1256427765, 126.718093872, 208.209213257, 87.7931213379], [-656.586730957, 48.14585495, 30.1538066864, -22.3107357025, -112.146125793, -93.133682251, -23.49360466, -150.468643188, -29.0595855713, -3.79436898232, 75.8540802002, 87.7931213379, 132.993438721]],
        "icov": [[0.000400404067477, -5.25345640199e-05, 0.00025927182287, -0.000332280818839, 0.000548909010831, -0.000642479164526, 0.000780142494477, -0.000958842516411, 4.38097813458e-05, -0.000165422112332, 0.000487793528009, -0.000251952063991, 0.000840161810629], [-5.25345640199e-05, 0.00226835021749, -0.000149679763126, 0.000729556602892, -0.00170285650529, 0.00237374659628, -0.00193523615599, 0.000441881275037, -0.00178489182144, 0.00232562609017, -0.00187446374912, 0.00114557647612, -0.000550524506252], [0.00025927182287, -0.000149679763126, 0.00318231200799, -0.0010092924349, -0.000126266590087, -0.000450099760201, -0.000121806500829, -0.000357271259418, 0.00175243604463, -0.00236077723093, 0.00229891133495, -0.0025883433409, 0.000308953749482], [-0.000332280818839, 0.000729556602892, -0.0010092924349, 0.00425104564056, -0.00219552731141, -0.00129035790451, 0.000591981981415, 0.00191476324107, -0.00188521528617, 0.00222759810276, -0.00128879316617, 0.000770786427893, -0.00156876293477], [0.000548909010831, -0.00170285650529, -0.000126266590087, -0.00219552731141, 0.00499821547419, -0.00247246399522, 0.00183412979823, -0.00299916160293, 0.00143058039248, -0.00217468850315, 0.00278340326622, 0.00109247129876, 0.00034259838867], [-0.000642479164526, 0.00237374659628, -0.000450099760201, -0.00129035790451, -0.00247246399522, 0.0107026342303, -0.00535332830623, -0.000957776210271, 0.000851168937515, 0.000308131944621, -0.00259461975656, 0.00436978135258, -0.00197492609732], [0.000780142494477, -0.00193523615599, -0.000121806500829, 0.000591981981415, 0.00183412979823, -0.00535332830623, 0.0100433425978, -0.00350471446291, -0.000325610599248, 0.00129943294451, -0.00117945368402, -0.00179644487798, 0.00211029662751], [-0.000958842516411, 0.000441881275037, -0.000357271259418, 0.00191476324107, -0.00299916160293, -0.000957776210271, -0.00350471446291, 0.00985867157578, -0.00282274954952, 7.60245893616e-05, 0.00307815009728, -0.000200045687961, 0.000605479406659], [4.38097813458e-05, -0.00178489182144, 0.00175243604463, -0.00188521528617, 0.00143058039248, 0.000851168937515, -0.000325610599248, -0.00282274954952, 0.0114029413089, -0.00501779606566, 0.00138373346999, 0.00150711101014, -0.000735615321901], [-0.000165422112332, 0.00232562609017, -0.00236077723093, 0.00222759810276, -0.00217468850315, 0.000308131944621, 0.00129943294451, 7.60245893616e-05, -0.00501779606566, 0.013537700288, -0.00763470260426, 0.00255443691276, -9.40036479733e-05], [0.000487793528009, -0.00187446374912, 0.00229891133495, -0.00128879316617, 0.00278340326622, -0.00259461975656, -0.00117945368402, 0.00307815009728, 0.00138373346999, -0.00763470260426, 0.0161122493446, -0.00446869526058, -1.5706503973e-06], [-0.000251952063991, 0.00114557647612, -0.0025883433409, 0.000770786427893, 0.00109247129876, 0.00436978135258, -0.00179644487798, -0.000200045687961, 0.00150711101014, 0.00255443691276, -0.00446869526058, 0.0161440242082, -0.00521101104096], [0.000840161810629, -0.000550524506252, 0.000308953749482, -0.00156876293477, 0.00034259838867, -0.00197492609732, 0.00211029662751, 0.000605479406659, -0.000735615321901, -9.40036479733e-05, -1.5706503973e-06, -0.00521101104096, 0.0147742470726]]
    },
    "melbands": {
        "dmean": [0.000101036872366, 0.000270175543847, 0.000250974902883, 0.000266393879429, 0.000146979407873, 0.000209465550142, 0.000258899788605, 8.5980296717e-05, 0.000117995856272, 6.12570220255e-05, 5.92844080529e-05, 2.14983610931e-05, 1.57532031153e-05, 1.3920865058e-05, 1.31686083478e-05, 1.04395403469e-05, 7.78486446507e-06, 7.01693443261e-06, 5.47979925614e-06, 4.15895965489e-06, 4.70609347758e-06, 5.81477206651e-06, 7.35217599868e-06, 6.19733918938e-06, 6.25943994237e-06, 8.00451743999e-06, 4.12560484619e-06, 2.10428652281e-06, 2.19649359678e-06, 2.82113182948e-06, 3.18156617141e-06, 2.71355224868e-06, 2.38620077653e-06, 1.98352722691e-06, 1.9457122562e-06, 1.75200443664e-06, 1.70003147559e-06, 1.27305793285e-06, 1.6521521502e-06, 6.42820850771e-07],
        "dmean2": [0.000149638377479, 0.000419139483711, 0.000380741956178, 0.000399770302465, 0.000205036441912, 0.000306204921799, 0.000377528049285, 0.000119247837574, 0.000160115392646, 8.06683747214e-05, 6.91480308888e-05, 2.54296483035e-05, 2.26616339205e-05, 2.01995208045e-05, 1.90152695723e-05, 1.44134064612e-05, 1.21843268062e-05, 1.05184253698e-05, 8.01998976385e-06, 5.95540404902e-06, 7.04364492776e-06, 8.60255568114e-06, 1.05720400825e-05, 9.34891340876e-06, 9.36927699513e-06, 1.16000992421e-05, 6.52026119496e-06, 3.2237223877e-06, 3.43117289958e-06, 4.42015971203e-06, 4.93665447721e-06, 4.15233807871e-06, 3.51016228706e-06, 3.04926720673e-06, 2.9666057344e-06, 2.69901056527e-06, 2.60769525084e-06, 1.96157202481e-06, 2.64408572548e-06, 1.01353077753e-06],
        "dvar": [6.08652825917e-08, 4.60175925809e-07, 2.23102645691e-07, 2.23601730909e-07, 6.19929778622e-08, 2.05289566679e-07, 6.25296706858e-07, 7.25420150616e-08, 2.32153354318e-07, 7.50003650296e-08, 3.73653250563e-08, 1.16589644605e-08, 2.83452017413e-09, 1.42037026585e-09, 1.29084343214e-09, 1.17209486561e-09, 6.46226627765e-10, 5.52830559108e-10, 3.59704960262e-10, 1.62137497872e-10, 5.75736992803e-11, 1.91280283279e-10, 2.75564654428e-10, 3.83821890937e-10, 5.08465880511e-10, 9.03629171489e-10, 2.55150067741e-10, 4.99099025997e-11, 6.42541506113e-11, 1.29481536604e-10, 1.49360232515e-10, 9.30004198652e-11, 8.14915634972e-11, 4.16383247326e-11, 5.28345388273e-11, 4.38623130872e-11, 4.43279163376e-11, 2.62734833889e-11, 2.18468923507e-11, 2.65822606982e-12],
        "dvar2": [1.20736672216e-07, 9.58109581006e-07, 5.59753175366e-07, 4.98143435834e-07, 1.29644604385e-07, 4.40640917532e-07, 1.25294150166e-06, 1.61600382853e-07, 4.63231572212e-07, 1.33917197331e-07, 4.28430873001e-08, 1.28841648461e-08, 5.13014253301e-09, 3.15959547414e-09, 2.43936382205e-09, 2.07132155872e-09, 1.52050616542e-09, 1.24280519209e-09, 6.77561839968e-10, 3.05016956137e-10, 1.23791990547e-10, 4.24343504779e-10, 5.26562848879e-10, 8.75155226066e-10, 1.05287156771e-09, 1.84121018432e-09, 5.35933630808e-10, 1.02075042863e-10, 1.30039035096e-10, 2.99000907367e-10, 3.6835243189e-10, 2.17609874564e-10, 1.70782998854e-10, 8.73816990987e-11, 1.13118896194e-10, 9.78725850365e-11, 1.07890016365e-10, 6.64179475307e-11, 5.61832975976e-11, 6.2877563399e-12],
        "max": [0.00368783390149, 0.0142573658377, 0.00777171505615, 0.00780476396903, 0.00494818203151, 0.00658066803589, 0.0191617868841, 0.00460948236287, 0.0103071304038, 0.00760743068531, 0.00670948904008, 0.005091981031, 0.00224074209109, 0.000712950073648, 0.00103430554736, 0.000956534815487, 0.000516454339959, 0.000568090123124, 0.000518076529261, 0.000344385218341, 0.000124438738567, 0.000295676640235, 0.000394964416046, 0.000735895999242, 0.000982135068625, 0.00103109597694, 0.000546864350326, 0.000202218870982, 0.000202201641514, 0.000237045271206, 0.000228281176533, 0.000221261725528, 0.000216455184272, 0.00013467563258, 0.000165039426065, 0.000129670297611, 0.000115251488751, 0.000112129280751, 8.6078667664e-05, 2.69090414804e-05],
        "mean": [0.000401659228373, 0.00104801950511, 0.000673017930239, 0.000711329106707, 0.000534969149157, 0.00061568437377, 0.000519444874953, 0.000169873659615, 0.000237477928749, 0.000198292182176, 0.000233965110965, 4.83356125187e-05, 3.70746929548e-05, 2.58598374785e-05, 2.79552332358e-05, 1.99504265765e-05, 1.28919327835e-05, 1.34644942591e-05, 1.04266518974e-05, 8.87125770532e-06, 1.05145845737e-05, 1.15665152407e-05, 1.60162053362e-05, 1.338176844e-05, 1.32237528305e-05, 1.53326545842e-05, 7.18814362699e-06, 3.3168353184e-06, 3.49220863427e-06, 4.21928234573e-06, 4.81802726426e-06, 4.65859011456e-06, 4.1318357944e-06, 3.37150777341e-06, 3.1142762964e-06, 2.66342999566e-06, 2.47039383794e-06, 1.8541325062e-06, 1.97347890207e-06, 7.64800631714e-07],
        "median": [0.000233760481933, 0.000418439565692, 0.00033826357685, 0.000301700551063, 0.000243559363298, 0.000311660085572, 0.000196308494196, 1.55380603246e-05, 1.45930880535e-05, 4.31987155025e-06, 9.0773910415e-06, 5.62984041608e-06, 5.38734093425e-06, 8.16022111394e-06, 7.58246915211e-06, 3.39846587849e-06, 4.27534132541e-06, 2.82433461507e-06, 2.08124015444e-06, 3.42360885952e-06, 6.71085990689e-06, 4.43123144578e-06, 3.23649760503e-06, 3.89665547118e-06, 4.75322303828e-06, 5.01868089486e-06, 2.82502492155e-06, 1.20641675494e-06, 1.04821651803e-06, 1.07755749923e-06, 1.19955086575e-06, 1.10465725811e-06, 8.8116689767e-07, 8.40255268031e-07, 5.08868254201e-07, 3.43235399214e-07, 3.54503782773e-07, 2.55991324138e-07, 2.51915736271e-07, 9.1559805071e-08],
        "min": [4.45347440295e-24, 4.22504789493e-24, 5.71200455291e-24, 4.64818933462e-24, 2.12073516118e-23, 1.25854837265e-23, 9.51729364371e-24, 4.82035349401e-24, 1.0284903425e-23, 1.2166257009e-23, 6.90035566459e-24, 8.430057934e-24, 5.56135460255e-24, 7.41446657171e-24, 2.56437270602e-23, 2.53114178262e-23, 6.62464483391e-24, 7.12480000276e-24, 1.1647103703e-23, 6.15353236814e-24, 1.14636824985e-23, 7.8566530858e-24, 1.2677277948e-23, 9.58784147447e-24, 1.27078770736e-23, 1.16196268888e-23, 9.9970378255e-24, 1.06131326705e-23, 5.60366476277e-24, 1.04351987824e-23, 8.76937698605e-24, 1.21550607062e-23, 1.3089655775e-23, 7.95747187607e-24, 8.09079725766e-24, 1.383028888e-23, 1.03722082391e-23, 1.13473547028e-23, 9.65778582663e-24, 8.28850236659e-24],
        "var": [2.94764390674e-07, 2.35546781369e-06, 7.12623148047e-07, 9.79049104899e-07, 5.11591167651e-07, 7.73661724907e-07, 1.16992237054e-06, 1.55087803932e-07, 6.32753994978e-07, 4.85594512156e-07, 5.37429855285e-07, 6.10316988059e-08, 1.5929986219e-08, 3.4001101934e-09, 4.37696856537e-09, 3.72265196447e-09, 1.04183395244e-09, 1.35706279547e-09, 1.20962462269e-09, 5.2387899574e-10, 1.90058732641e-10, 4.27304275297e-10, 1.1949793377e-09, 9.50636791508e-10, 1.37324940308e-09, 1.59984270276e-09, 3.82669812504e-10, 9.89494944315e-11, 1.348104961e-10, 2.07074704606e-10, 2.27062216251e-10, 1.78105835635e-10, 1.78438736009e-10, 9.33780136547e-11, 1.15462736594e-10, 8.57676707433e-11, 7.4832286201e-11, 4.2642379211e-11, 2.93683202757e-11, 4.11687741189e-12]
    },
    "mfcc": {
        "mean": [-690.550231934, 105.130310059, 17.7722415924, 32.2278671265, -7.23870277405, -1.19834303856, -8.67523479462, 0.324800282717, -18.2201786041, -13.8413181305, -2.21778655052, -1.97472631931, 1.47322189808],
        "cov": [[9936.26757812, -1004.47106934, -569.994995117, 358.555175781, 1883.89746094, 107.865737915, 681.510925293, 815.831848145, 1243.69689941, 1341.69848633, 588.452331543, -7.31148433685, -415.752990723], [-1004.47106934, 1193.98864746, -193.293426514, -62.8772659302, -200.198440552, -158.883834839, -60.3234519958, 126.273857117, -47.0628547668, -33.1582489014, 54.9949455261, -73.0252685547, 30.1763019562], [-569.994995117, -193.293426514, 422.112854004, 45.0882110596, -90.3771743774, 69.0885772705, -9.72878837585, -79.9177474976, -57.1569824219, -130.540817261, -62.7277641296, 10.1836528778, 68.6081619263], [358.555175781, -62.8772659302, 45.0882110596, 361.521392822, 436.996948242, 137.493621826, 112.221359253, 61.1307983398, 179.91015625, 84.6065292358, -16.3901786804, -0.69848304987, -19.9939746857], [1883.89746094, -200.198440552, -90.3771743774, 436.996948242, 1297.14733887, 258.856292725, 422.097198486, 243.340164185, 624.311035156, 506.187347412, 96.7749328613, 48.331325531, -141.273986816], [107.865737915, -158.883834839, 69.0885772705, 137.493621826, 258.856292725, 219.952880859, 135.697647095, 20.3366069794, 99.5149078369, 88.4054718018, -11.0893802643, 50.2425956726, -15.5451440811], [681.510925293, -60.3234519958, -9.72878837585, 112.221359253, 422.097198486, 135.697647095, 347.219848633, 163.73588562, 246.137023926, 228.555389404, 45.5850410461, 43.6296043396, -51.8568763733], [815.831848145, 126.273857117, -79.9177474976, 61.1307983398, 243.340164185, 20.3366069794, 163.73588562, 296.916625977, 215.871063232, 199.749679565, 63.9601020813, -31.9718036652, -70.8464736938], [1243.69689941, -47.0628547668, -57.1569824219, 179.91015625, 624.311035156, 99.5149078369, 246.137023926, 215.871063232, 453.143585205, 340.508178711, 93.4591903687, 13.6354885101, -93.4232711792], [1341.69848633, -33.1582489014, -130.540817261, 84.6065292358, 506.187347412, 88.4054718018, 228.555389404, 199.749679565, 340.508178711, 445.53994751, 148.496246338, 59.368976593, -94.525680542], [588.452331543, 54.9949455261, -62.7277641296, -16.3901786804, 96.7749328613, -11.0893802643, 45.5850410461, 63.9601020813, 93.4591903687, 148.496246338, 164.94694519, 39.5773010254, -20.889497757], [-7.31148433685, -73.0252685547, 10.1836528778, -0.69848304987, 48.331325531, 50.2425956726, 43.6296043396, -31.9718036652, 13.6354885101, 59.368976593, 39.5773010254, 122.191673279, 21.5393199921], [-415.752990723, 30.1763019562, 68.6081619263, -19.9939746857, -141.273986816, -15.5451440811, -51.8568763733, -70.8464736938, -93.4232711792, -94.525680542, -20.889497757, 21.5393199921, 101.875785828]],
