{
"lowlevel": {
    "average_loudness": 0.956730484962,
    "barkbands_crest": {
        "dmean": 2.09497117996,
        "dmean2": 3.4550909996,
        "dvar": 4.10376501083,
        "dvar2": 10.9047288895,
        "max": 25.7732906342,
        "mean": 9.98074436188,
        "median": 9.3382062912,
        "min": 3.10000705719,
        "var": 11.6341047287
    },
    "barkbands_flatness_db": {
        "dmean": 0.0191684346646,
        "dmean2": 0.028880648315,
        "dvar": 0.000387850188417,
        "dvar2": 0.000798966386355,
        "max": 0.379691332579,
        "mean": 0.145499095321,
        "median": 0.136844962835,
        "min": 0.0347542800009,
        "var": 0.00262295734137
    },
    "barkbands_kurtosis": {
        "dmean": 2.79181861877,
        "dmean2": 4.3711233139,
        "dvar": 22.6960220337,
        "dvar2": 46.4666595459,
        "max": 168.865539551,
        "mean": 5.83922958374,
        "median": 2.99557638168,
        "min": -1.90025341511,
        "var": 81.511505127
    },
    "barkbands_skewness": {
        "dmean": 0.470975458622,
        "dmean2": 0.726785957813,
        "dvar": 0.263302147388,
        "dvar2": 0.577737689018,
        "max": 11.7053060532,
        "mean": 1.86386609077,
        "median": 1.73631680012,
        "min": -2.44474625587,
        "var": 1.69429063797
    },
    "barkbands_spread": {
        "dmean": 5.26381969452,
        "dmean2": 8.03964233398,
        "dvar": 61.3991508484,
        "dvar2": 120.002830505,
        "max": 104.540802002,
        "mean": 20.6226902008,
        "median": 17.0362567902,
        "min": 0.585021972656,
        "var": 248.735855103
    },
    "dissonance": {
        "dmean": 0.0165681112558,
        "dmean2": 0.0270150713623,
        "dvar": 0.000352233852027,
        "dvar2": 0.000893859134521,
        "max": 0.499871104956,
        "mean": 0.461776405573,
        "median": 0.468820720911,
        "min": 0.165914446115,
        "var": 0.000824212736916
    },
    "dynamic_complexity": 2.22909522057,
    "erbbands_crest": {
        "dmean": 2.35909843445,
        "dmean2": 3.63189983368,
        "dvar": 5.15584230423,
        "dvar2": 12.6124248505,
        "max": 25.0100593567,
        "mean": 9.27071475983,
        "median": 8.29459095001,
        "min": 2.56669282913,
        "var": 17.4128608704
    },
    "erbbands_flatness_db": {
        "dmean": 0.0171322952956,
        "dmean2": 0.0238137897104,
        "dvar": 0.000341144448612,
        "dvar2": 0.000598703569267,
        "max": 0.402177274227,
        "mean": 0.147722616792,
        "median": 0.145454227924,
        "min": 0.0492990836501,
        "var": 0.00210487260483
    },
    "erbbands_kurtosis": {
        "dmean": 0.748062372208,
        "dmean2": 1.12468647957,
        "dvar": 1.41072368622,
        "dvar2": 2.83187389374,
        "max": 23.5095653534,
        "mean": 0.238569706678,
        "median": -0.362198829651,
        "min": -1.83575439453,
        "var": 3.93952870369
    },
    "erbbands_skewness": {
        "dmean": 0.332466006279,
        "dmean2": 0.482560396194,
        "dvar": 0.109739370644,
        "dvar2": 0.209601864219,
        "max": 3.73518657684,
        "mean": 0.184448704123,
        "median": 0.266203194857,
        "min": -4.56105470657,
        "var": 0.721894085407
    },
    "erbbands_spread": {
        "dmean": 8.03015422821,
        "dmean2": 11.7873792648,
        "dvar": 95.3283157349,
        "dvar2": 211.325271606,
        "max": 131.00730896,
        "mean": 43.4387359619,
        "median": 41.5612716675,
        "min": 4.11736917496,
        "var": 416.188873291
    },
    "hfc": {
        "dmean": 7.45405483246,
        "dmean2": 10.5142211914,
        "dvar": 196.154922485,
        "dvar2": 334.206634521,
        "max": 343.325408936,
        "mean": 26.0120124817,
        "median": 19.695936203,
        "min": 1.15872770461e-16,
        "var": 827.691955566
    },
    "melbands_crest": {
        "dmean": 2.59907722473,
        "dmean2": 4.34019947052,
        "dvar": 6.21144390106,
        "dvar2": 16.9794445038,
        "max": 31.0633659363,
        "mean": 13.6545286179,
        "median": 13.3142766953,
        "min": 2.03765058517,
        "var": 16.8635883331
    },
    "melbands_flatness_db": {
        "dmean": 0.022443505004,
        "dmean2": 0.0337932929397,
        "dvar": 0.000559043430258,
        "dvar2": 0.0011429694714,
        "max": 0.485449254513,
        "mean": 0.22346906364,
        "median": 0.217638164759,
        "min": 0.00439093867317,
        "var": 0.00401185126975
    },
    "melbands_kurtosis": {
        "dmean": 6.94506931305,
        "dmean2": 11.2418384552,
        "dvar": 117.131370544,
        "dvar2": 287.702056885,
        "max": 212.669525146,
        "mean": 17.8549575806,
        "median": 11.7213563919,
        "min": -1.76434743404,
        "var": 388.453857422
    },
    "melbands_skewness": {
        "dmean": 0.658571958542,
        "dmean2": 1.02690196037,
        "dvar": 0.557422041893,
        "dvar2": 1.31039369106,
        "max": 12.5743074417,
        "mean": 3.12931084633,
        "median": 2.99019885063,
        "min": -0.642518281937,
        "var": 3.18914079666
    },
    "melbands_spread": {
        "dmean": 5.7663397789,
        "dmean2": 8.61809158325,
        "dvar": 134.370117188,
        "dvar2": 216.871948242,
        "max": 243.881057739,
        "mean": 20.3691501617,
        "median": 15.4753503799,
        "min": 0.683544874191,
        "var": 508.410827637
    },
    "pitch_salience": {
        "dmean": 0.0605976544321,
        "dmean2": 0.0991272851825,
        "dvar": 0.00294190458953,
        "dvar2": 0.00789305381477,
        "max": 0.90914618969,
        "mean": 0.546369314194,
        "median": 0.545724987984,
        "min": 0.0584136471152,
        "var": 0.00915625877678
    },
    "silence_rate_20dB": {
        "dmean": 0,
        "dmean2": 0,
        "dvar": 0,
        "dvar2": 0,
        "max": 1,
        "mean": 1,
        "median": 1,
        "min": 1,
        "var": 0
    },
    "silence_rate_30dB": {
        "dmean": 0.000773993786424,
        "dmean2": 0.00154858687893,
        "dvar": 0.000773394072894,
        "dvar2": 0.00154618558008,
        "max": 1,
        "mean": 0.999226331711,
        "median": 1,
        "min": 0,
        "var": 0.000773095234763
    },
    "silence_rate_60dB": {
        "dmean": 0.00425696605816,
        "dmean2": 0.00851722806692,
        "dvar": 0.0042388420552,
        "dvar2": 0.00921891536564,
        "max": 1,
        "mean": 0.0119922626764,
        "median": 0,
        "min": 0,
        "var": 0.0118477009237
    },
    "spectral_centroid": {
        "dmean": 218.185897827,
        "dmean2": 326.509613037,
        "dvar": 104389.117188,
        "dvar2": 174848.515625,
        "max": 10636.1777344,
        "mean": 1146.96435547,
        "median": 1033.61291504,
        "min": 188.08001709,
        "var": 426819.84375
    },
    "spectral_complexity": {
        "dmean": 3.35061907768,
        "dmean2": 5.08633375168,
        "dvar": 12.6998910904,
        "dvar2": 24.8920001984,
        "max": 48,
        "mean": 19.3276596069,
        "median": 19,
        "min": 0,
        "var": 70.1638259888
    },
    "spectral_decrease": {
        "dmean": 2.68082045451e-09,
        "dmean2": 4.49488135601e-09,
        "dvar": 1.41976221547e-17,
        "dvar2": 3.92221352466e-17,
        "max": -3.95374098098e-29,
        "mean": -9.58654666761e-09,
        "median": -9.20506160185e-09,
        "min": -3.56191023343e-08,
        "var": 2.7990061467e-17
    },
    "spectral_energy": {
        "dmean": 0.0105394301936,
        "dmean2": 0.0175732709467,
        "dvar": 0.000213490784517,
        "dvar2": 0.000586775771808,
        "max": 0.141317754984,
        "mean": 0.0385412313044,
        "median": 0.0371648520231,
        "min": 1.06592311269e-20,
        "var": 0.000434524554294
    },
    "spectral_energyband_high": {
        "dmean": 0.000626559252851,
        "dmean2": 0.00082731625298,
        "dvar": 3.09159077005e-06,
        "dvar2": 4.67906920676e-06,
        "max": 0.0434958748519,
        "mean": 0.00124860799406,
        "median": 0.000343673716998,
        "min": 7.77791952311e-21,
        "var": 1.18460229714e-05
    },
    "spectral_energyband_low": {
        "dmean": 0.00605031335726,
        "dmean2": 0.0105083407834,
        "dvar": 0.000125132122776,
        "dvar2": 0.000359590543667,
        "max": 0.125595450401,
        "mean": 0.0158371925354,
        "median": 0.0136436205357,
        "min": 9.67084589223e-23,
        "var": 0.000193182844669
    },
    "spectral_energyband_middle_high": {
        "dmean": 0.00155085208826,
        "dmean2": 0.00225058803335,
        "dvar": 6.12473468209e-06,
        "dvar2": 1.31572005557e-05,
        "max": 0.0637796521187,
        "mean": 0.00583593174815,
        "median": 0.00347396242432,
        "min": 1.59830105838e-21,
        "var": 3.90234963561e-05
    },
    "spectral_energyband_middle_low": {
        "dmean": 0.00634807161987,
        "dmean2": 0.010398209095,
        "dvar": 9.58863311098e-05,
        "dvar2": 0.000253101956332,
        "max": 0.109760947526,
        "mean": 0.0171937886626,
        "median": 0.0139689296484,
        "min": 3.04014825482e-22,
        "var": 0.000169935781742
    },
    "spectral_entropy": {
        "dmean": 0.164149925113,
        "dmean2": 0.228882402182,
        "dvar": 0.0347562246025,
        "dvar2": 0.0590863786638,
        "max": 9.79752349854,
        "mean": 7.4651889801,
        "median": 7.49968338013,
        "min": 5.17933607101,
        "var": 0.23014126718
    },
    "spectral_flux": {
        "dmean": 0.0252424608916,
        "dmean2": 0.0396462716162,
        "dvar": 0.000860436295625,
        "dvar2": 0.00181540322956,
        "max": 0.274214953184,
        "mean": 0.0870941206813,
        "median": 0.0765625834465,
        "min": 1.03243552596e-10,
        "var": 0.00235683121718
    },
    "spectral_kurtosis": {
        "dmean": 1.81877791882,
        "dmean2": 2.95759987831,
        "dvar": 9.86095809937,
        "dvar2": 25.6843852997,
        "max": 103.706481934,
        "mean": 5.42436075211,
        "median": 4.5080537796,
        "min": -1.17260587215,
        "var": 29.0014648438
    },
    "spectral_rms": {
        "dmean": 0.000791994621977,
        "dmean2": 0.00129221973475,
        "dvar": 8.8898696049e-07,
        "dvar2": 2.35884908761e-06,
        "max": 0.0117418477312,
        "mean": 0.0058791753836,
        "median": 0.00602149404585,
        "min": 3.22478675707e-12,
        "var": 3.03650540445e-06
    },
    "spectral_rolloff": {
        "dmean": 403.234100342,
        "dmean2": 672.616027832,
        "dvar": 937599.1875,
        "dvar2": 1762679.25,
        "max": 18217.0898438,
        "mean": 1236.4276123,
        "median": 667.529296875,
        "min": 107.666015625,
        "var": 2904766.25
    },
    "spectral_skewness": {
        "dmean": 0.221253722906,
        "dmean2": 0.338557869196,
        "dvar": 0.0723298862576,
        "dvar2": 0.162363141775,
        "max": 8.14309883118,
        "mean": 1.65979301929,
        "median": 1.62544870377,
        "min": -0.0645781606436,
        "var": 0.34306833148
    },
    "spectral_spread": {
        "dmean": 605824.6875,
        "dmean2": 812529.125,
        "dvar": 834210103296,
        "dvar2": 1.17421690061e+12,
        "max": 40177388,
        "mean": 4601002.5,
        "median": 4265189.5,
        "min": 852948.1875,
        "var": 3.17051056947e+12
    },
    "spectral_strongpeak": {
        "dmean": 0.474210709333,
        "dmean2": 0.823319196701,
        "dvar": 0.6594799757,
        "dvar2": 1.67084288597,
        "max": 9.12647438049,
        "mean": 0.945306837559,
        "median": 0.452530652285,
        "min": 0,
        "var": 1.25630307198
    },
    "zerocrossingrate": {
        "dmean": 0.0107111977413,
        "dmean2": 0.0119302822277,
        "dvar": 0.000334656448103,
        "dvar2": 0.000312785734423,
        "max": 0.494140625,
        "mean": 0.0548355914652,
        "median": 0.044921875,
        "min": 0.00341796875,
        "var": 0.0020666627679
    },
    "barkbands": {
        "dmean": [0.000140335847391, 0.00276157446206, 0.00365840503946, 0.0018367820885, 0.00386174349114, 0.00102577148937, 0.000746762205381, 0.00117035431322, 0.00063555064844, 0.000512499478646, 0.000351599941496, 0.000339514896041, 0.000313895317959, 0.000316546764225, 0.000410406501032, 0.000196321547264, 0.000218006520299, 0.0001450645359, 0.000143457436934, 0.000101199024357, 0.000110470187792, 0.000156232126756, 0.000186254488654, 0.000111091481813, 8.08853219496e-05, 3.65955820598e-05, 2.12904888031e-05],
        "dmean2": [0.000207692253753, 0.0047293221578, 0.00632523093373, 0.00315182795748, 0.00641279993579, 0.00156638899352, 0.00116564612836, 0.00178776739631, 0.000908500049263, 0.00074161804514, 0.000536015257239, 0.000533211685251, 0.000479448965052, 0.000497079628985, 0.000640179787297, 0.000304759247229, 0.00035048861173, 0.000231932062889, 0.000220453381189, 0.00016045999655, 0.000157360482262, 0.000226664575166, 0.000248881406151, 0.000155958623509, 0.000113997404696, 5.11544167239e-05, 3.42847051797e-05],
        "dvar": [1.34307512667e-07, 2.31575832004e-05, 5.47985000594e-05, 1.20644617709e-05, 4.87821853312e-05, 3.16402315548e-06, 4.46391823061e-06, 1.04708724393e-05, 2.90900879918e-06, 3.20901108353e-06, 9.46785746692e-07, 9.1836517413e-07, 6.76606816796e-07, 5.53993857011e-07, 6.68032896556e-07, 1.03810805285e-07, 1.24003292967e-07, 4.2835903713e-08, 7.42377750385e-08, 4.44846826042e-08, 8.88536177968e-08, 3.9939141061e-07, 4.02001802513e-07, 2.2026648594e-07, 8.75072103668e-08, 1.38650682047e-08, 3.67166430593e-09],
        "dvar2": [2.98721118952e-07, 6.79425284034e-05, 0.000155435482156, 3.30525581376e-05, 0.000131360211526, 7.3641876952e-06, 1.04197079054e-05, 2.51630681305e-05, 5.39905477126e-06, 7.48379034121e-06, 1.97562235371e-06, 2.23024198931e-06, 1.41257112318e-06, 1.29770364765e-06, 1.45905744375e-06, 2.2405964728e-07, 2.93063038725e-07, 1.07307471353e-07, 1.63487086979e-07, 1.04708945514e-07, 1.63946850762e-07, 8.28699000976e-07, 6.59851139062e-07, 3.51810257371e-07, 1.61407726296e-07, 2.32781118825e-08, 9.06667096956e-09],
        "max": [0.00527239404619, 0.0536543540657, 0.0819915682077, 0.0483743697405, 0.0812937170267, 0.0446809120476, 0.035708732903, 0.042884491384, 0.0406369641423, 0.0590534359217, 0.0255623310804, 0.0192166157067, 0.0153221180663, 0.0157679896802, 0.0154205178842, 0.00612175138667, 0.00625669909641, 0.00293914694339, 0.00607735058293, 0.0055175232701, 0.00959054473788, 0.0207178518176, 0.0144994398579, 0.013382261619, 0.0148747274652, 0.00574610056356, 0.000813641177956],
        "mean": [0.000184379663551, 0.00827034935355, 0.00595082528889, 0.00292983092368, 0.00658641476184, 0.00226162932813, 0.00124778959434, 0.00233185128309, 0.00153264775872, 0.0011192956008, 0.000700310221873, 0.000584681984037, 0.000575594254769, 0.000607283320278, 0.000841905246489, 0.000420186726842, 0.000462603376945, 0.000304239161778, 0.00026714647538, 0.000210655038245, 0.000192825231352, 0.000252790225204, 0.000302119238768, 0.000193388244952, 0.000128629792016, 6.09589915257e-05, 2.09000099858e-05],
        "median": [2.44748625846e-05, 0.00748878996819, 0.00369164627045, 0.00175146432593, 0.00426464667544, 0.00132664095145, 0.000463745353045, 0.000464830955025, 0.000280422653304, 0.000193773987121, 0.00011554658704, 0.0001108066499, 0.000162844080478, 0.00019492499996, 0.000390180881368, 0.000250036915531, 0.00029930571327, 0.000205898017157, 0.000156845446327, 0.000101178848126, 7.54874563427e-05, 6.1157545133e-05, 4.57022069895e-05, 2.48130290856e-05, 2.66277111223e-05, 1.33534604174e-05, 1.23191239254e-06],
        "min": [8.4341118902e-24, 7.12729264544e-23, 6.13089994877e-24, 1.47497614852e-23, 6.8666618376e-23, 3.64877735171e-23, 2.73758967919e-23, 7.77641662318e-23, 4.88112323608e-23, 6.56112654268e-23, 9.21005646027e-23, 1.57583359298e-22, 6.60582529483e-23, 9.28071567819e-23, 8.32585698149e-23, 2.08299252138e-22, 1.73110451697e-22, 2.40238841795e-22, 3.04158713711e-22, 2.55529970121e-22, 3.37519325848e-22, 6.95595584336e-22, 7.56592329012e-22, 8.34857276768e-22, 1.12977776032e-21, 1.75135643181e-21, 2.29593470589e-21],
        "var": [1.97754545184e-07, 5.21523688803e-05, 6.01659376116e-05, 1.45277290358e-05, 5.70225529373e-05, 9.28544704948e-06, 7.47219291952e-06, 2.89263280138e-05, 1.2233193047e-05, 8.91648051038e-06, 3.60788203579e-06, 1.56259841333e-06, 1.52802203957e-06, 1.47136154283e-06, 1.69209044998e-06, 3.14528392664e-07, 3.31739840931e-07, 1.02351663145e-07, 1.45592622403e-07, 1.00427186567e-07, 1.93702192064e-07, 7.95141659182e-07, 1.2602984043e-06, 7.49328251004e-07, 2.78170119827e-07, 5.02036172634e-08, 3.90999321809e-09]
    },
    "erbbands": {
        "dmean": [0.068641975522, 0.695970237255, 3.36808466911, 5.70083189011, 10.981675148, 13.4491882324, 7.84272813797, 8.9519367218, 8.0641374588, 19.646232605, 22.7630290985, 11.2430019379, 19.0943393707, 13.9504823685, 10.9755220413, 11.5540676117, 13.0958013535, 16.0935745239, 11.9682588577, 25.0538845062, 11.0226449966, 12.3445568085, 8.50550937653, 6.98114585876, 5.91325187683, 4.36713075638, 4.33045244217, 4.73412895203, 5.09649467468, 5.67669296265, 5.58944654465, 3.10832190514, 1.72172546387, 0.859001636505, 0.639623522758, 0.214701980352, 0.0563833639026, 0.0208161510527, 0.003471249016, 0.000194184278371],
        "dmean2": [0.116716504097, 1.18583786488, 5.8827662468, 9.84504318237, 18.1923770905, 22.4352321625, 12.3585042953, 13.5317897797, 12.7348327637, 29.5138683319, 33.4164810181, 16.2838459015, 27.0579242706, 20.023651123, 16.7006320953, 18.0795269012, 19.4457378387, 24.8502235413, 18.6137752533, 38.7424736023, 16.8626308441, 19.7844142914, 13.5220823288, 10.6458406448, 9.23136234283, 6.8966383934, 6.495616436, 6.80617570877, 7.42358636856, 7.88348484039, 7.62872695923, 4.21963310242, 2.57598853111, 1.2506929636, 0.909468531609, 0.297882556915, 0.08177934587, 0.0316160880029, 0.00564244529232, 0.00032952305628],
        "dvar": [0.0283535849303, 1.31178200245, 39.007396698, 154.124969482, 396.830871582, 624.202270508, 178.500488281, 296.346740723, 415.722381592, 2977.08325195, 4217.98583984, 831.497314453, 3019.21313477, 1373.90930176, 681.053771973, 1110.79125977, 1201.6875, 1447.39855957, 1057.36364746, 2186.46435547, 296.11151123, 438.417510986, 137.714599609, 151.907119751, 140.929992676, 74.3131713867, 114.61428833, 200.444595337, 396.102294922, 564.108398438, 344.462493896, 178.349243164, 48.4188842773, 14.9420108795, 4.50769805908, 0.620958268642, 0.0300493296236, 0.00317906076089, 9.64256687439e-05, 6.21665378731e-07],
        "dvar2": [0.080246463418, 3.88236474991, 112.31237793, 429.358795166, 1054.99804688, 1724.89123535, 458.205627441, 646.169433594, 1010.69519043, 6871.87304688, 9972.24511719, 1547.73242188, 6001.00878906, 2779.23876953, 1572.87121582, 2764.94311523, 2559.77026367, 3387.83740234, 2210.62158203, 4856.33007812, 638.781677246, 1030.0769043, 345.817108154, 326.129577637, 310.053192139, 172.116119385, 242.207168579, 382.005096436, 835.551025391, 1039.69250488, 545.978393555, 305.062164307, 101.450393677, 33.2971725464, 7.85062503815, 0.963038742542, 0.0643749386072, 0.00713166221976, 0.000238688196987, 1.63673269071e-06],
        "max": [2.57110333443, 12.7779331207, 65.0689086914, 161.868423462, 251.10194397, 299.411712646, 218.581085205, 517.07598877, 462.442352295, 950.322998047, 889.755859375, 609.241516113, 1690.53723145, 810.39642334, 580.228088379, 565.049987793, 758.906433105, 894.817321777, 825.86151123, 939.196472168, 415.036865234, 410.020111084, 148.239181519, 256.121063232, 242.684585571, 166.140075684, 215.2003479, 525.149047852, 733.16583252, 525.520385742, 533.544067383, 443.475738525, 218.039398193, 182.520858765, 95.0713195801, 39.9574127197, 6.3216753006, 1.12754917145, 0.126285284758, 0.011701351963],
        "mean": [0.180119767785, 2.07115960121, 6.21497344971, 9.34380054474, 18.0906410217, 21.4371452332, 16.0565376282, 20.342672348, 14.6641197205, 38.0948944092, 45.4757347107, 28.7270393372, 44.4128456116, 33.1283416748, 23.1530666351, 21.6097278595, 27.1616649628, 32.8070220947, 22.9895935059, 52.9674263, 26.8879470825, 28.0152645111, 18.5600204468, 14.0881290436, 11.9485578537, 9.22936916351, 7.92252874374, 8.13384246826, 8.32737827301, 9.32169342041, 9.00888061523, 5.26487112045, 2.64323043823, 1.36941587925, 0.975466251373, 0.357203602791, 0.0878799632192, 0.0284330025315, 0.00323962583207, 0.000197106288397],
        "median": [0.117864504457, 1.89943981171, 4.2984919548, 6.03002691269, 10.4184808731, 13.6296081543, 9.94861316681, 11.3028564453, 7.70019578934, 10.7776899338, 10.7340269089, 6.77869224548, 8.72373008728, 6.57959413528, 5.36344528198, 4.69461870193, 8.04158401489, 10.4767122269, 11.024389267, 22.9881381989, 17.636592865, 18.1993465424, 13.2660903931, 8.87841701508, 7.45098972321, 4.65540552139, 3.38604044914, 2.94765615463, 2.13882136345, 1.70952105522, 1.2767406702, 0.59692710638, 0.411992400885, 0.288358181715, 0.180273935199, 0.0758710950613, 0.0181227549911, 0.00447708787397, 0.000146643928019, 5.73848446948e-05],
        "min": [2.56205583417e-21, 1.37274354659e-20, 1.35861507555e-20, 3.78174859156e-20, 1.20929941071e-19, 1.98862310118e-19, 4.07916984648e-19, 2.00296912719e-19, 2.27979972409e-19, 1.40689236048e-18, 1.03656370364e-18, 1.19994376534e-18, 2.24255033354e-18, 2.34732309788e-18, 5.04014009887e-18, 5.30723837303e-18, 2.77931383008e-18, 4.29976340621e-18, 5.57397351489e-18, 6.14593995715e-18, 1.05360964199e-17, 1.10739441435e-17, 1.31535365876e-17, 1.34461351857e-17, 1.33476436173e-17, 1.14859818317e-17, 1.48399196286e-17, 1.35948175921e-17, 2.73762140431e-17, 2.15163491241e-17, 2.13968248343e-17, 1.65140554334e-17, 1.5111049581e-17, 1.07553555305e-17, 9.06924132326e-18, 6.33243609806e-18, 2.88402021318e-18, 1.48308644824e-18, 3.39800910101e-19, 3.10054047708e-20],
        "var": [0.0450034327805, 3.2485666275, 47.242099762, 150.475769043, 533.592773438, 697.240844727, 350.610290527, 956.25793457, 544.915222168, 6539.53125, 10489.7929688, 4039.75170898, 10087.8603516, 6275.58984375, 1866.12548828, 1928.46264648, 2886.70898438, 4116.15527344, 1949.28259277, 6700.96484375, 1071.70678711, 1244.83618164, 338.291351318, 338.716705322, 276.40637207, 182.448303223, 221.902618408, 426.105743408, 838.584594727, 1256.70874023, 1149.07177734, 595.159301758, 119.778556824, 33.9457206726, 15.6695642471, 2.40940666199, 0.0790512412786, 0.00569019792601, 9.86629456747e-05, 4.62754968567e-07]
    },
    "gfcc": {
        "mean": [20.1640071869, 96.2914733887, -103.416625977, 36.8837203979, -45.4823417664, 7.47591400146, -41.9492759705, 5.67858314514, -21.1976490021, -0.776122093201, -21.7288837433, -0.486510723829, -12.4673452377],
        "cov": [[4978.06738281, -1167.16821289, 266.110717773, 197.305755615, -198.705322266, 444.370147705, 122.353118896, 327.809234619, 60.4392166138, 293.134307861, -105.546188354, 174.453460693, -113.812950134], [-1167.16821289, 1618.60839844, -383.659118652, -98.5505523682, 173.926422119, -209.305755615, 125.013771057, 15.2581224442, 74.188873291, -77.6230697632, 115.488388062, -79.5195007324, 69.4220123291], [266.110717773, -383.659118652, 789.304443359, 294.676025391, 92.2475814819, 52.5107383728, -52.9757957458, -0.7609359622, 46.7953453064, 85.7714233398, -25.4134674072, 58.2175331116, 58.8845252991], [197.305755615, -98.5505523682, 294.676025391, 559.462219238, 51.0704498291, 3.96186494827, -71.3523635864, -11.8253488541, 37.2006530762, 70.1967391968, 7.83200550079, -4.03249549866, 105.99723053], [-198.705322266, 173.926422119, 92.2475814819, 51.0704498291, 322.940155029, -6.91684627533, -12.0475215912, 13.6464738846, 77.6091842651, 40.433303833, -7.27280330658, 15.8750715256, 48.727355957], [444.370147705, -209.305755615, 52.5107383728, 3.96186494827, -6.91684627533, 191.125732422, 73.5813522339, 56.9323425293, 0.391967684031, 33.9025650024, -8.57655239105, 35.3452224731, -22.7131519318], [122.353118896, 125.013771057, -52.9757957458, -71.3523635864, -12.0475215912, 73.5813522339, 201.117279053, 76.659324646, 3.3442492485, 0.717832267284, 34.4039459229, 18.1771507263, -11.9938955307], [327.809234619, 15.2581224442, -0.7609359622, -11.8253488541, 13.6464738846, 56.9323425293, 76.659324646, 151.948898315, 60.1481246948, 65.5936355591, 7.41205263138, 30.9332847595, -8.26275920868], [60.4392166138, 74.188873291, 46.7953453064, 37.2006530762, 77.6091842651, 0.391967684031, 3.3442492485, 60.1481246948, 140.379333496, 63.7313957214, 13.65280056, 14.9889602661, 18.1761054993], [293.134307861, -77.6230697632, 85.7714233398, 70.1967391968, 40.433303833, 33.9025650024, 0.717832267284, 65.5936355591, 63.7313957214, 126.352508545, 8.51217937469, 21.3626422882, 9.38475608826], [-105.546188354, 115.488388062, -25.4134674072, 7.83200550079, -7.27280330658, -8.57655239105, 34.4039459229, 7.41205263138, 13.65280056, 8.51217937469, 75.6440887451, 16.2457695007, 11.6245164871], [174.453460693, -79.5195007324, 58.2175331116, -4.03249549866, 15.8750715256, 35.3452224731, 18.1771507263, 30.9332847595, 14.9889602661, 21.3626422882, 16.2457695007, 95.6979904175, 24.648601532], [-113.812950134, 69.4220123291, 58.8845252991, 105.99723053, 48.727355957, -22.7131519318, -11.9938955307, -8.26275920868, 18.1761054993, 9.38475608826, 11.6245164871, 24.648601532, 103.214431763]],
        "icov": [[0.000360338308383, 0.000102630452602, 7.46794830775e-05, -0.000205535485293, 0.000216439395444, -0.000347793713445, -8.76792837516e-05, -0.00035238583223, 3.2222855225e-05, -0.00050075200852, 0.000545429997146, -0.000484734075144, 0.000373854534701], [0.000102630452602, 0.00131847441662, 0.000444415432867, -1.89784786926e-05, -0.000717826187611, 0.00113737827633, -0.000926579756197, -0.000539524829946, -0.000443135359092, 0.000681880395859, -0.00129458250012, 0.000989509862848, -0.000643843959551], [7.46794830775e-05, 0.000444415432867, 0.00200040452182, -0.000945687294006, -0.000448814214906, 0.000102421538031, -0.000380426296033, 0.000496711174492, -0.000345060834661, -0.000575267709792, 0.000616609293502, -0.00103188899811, 0.000133405133965], [-0.000205535485293, -1.89784786926e-05, -0.000945687294006, 0.00324169150554, 9.83366917353e-05, -0.00051719439216, 0.00104513985571, 2.89005274681e-05, 0.000111762186862, -0.000706767372321, -0.00134806823917, 0.00227937847376, -0.00338785164058], [0.000216439395444, -0.000717826187611, -0.000448814214906, 9.83366917353e-05, 0.00452569220215, -0.000924983585719, 0.000249659031397, 0.000730009516701, -0.00181938603055, -0.00127011607401, 0.00220813718624, -0.000965902989265, -0.000958276621532], [-0.000347793713445, 0.00113737827633, 0.000102421538031, -0.00051719439216, -0.000924983585719, 0.00943138170987, -0.00380178936757, -0.000669633562211, 0.00055844563758, -0.000342486455338, 0.000646190019324, -0.00141334929504, 0.00153848610353], [-8.76792837516e-05, -0.000926579756197, -0.000380426296033, 0.00104513985571, 0.000249659031397, -0.00380178936757, 0.00946456659585, -0.00444356352091, 0.00141094985884, 0.00196021934971, -0.00376095972024, 0.000838084786665, -0.00074340053834], [-0.00035238583223, -0.000539524829946, 0.000496711174492, 2.89005274681e-05, 0.000730009516701, -0.000669633562211, -0.00444356352091, 0.0140343382955, -0.00390446162783, -0.00503145111725, 0.00280139618553, -0.00273844413459, 0.00125993462279], [3.2222855225e-05, -0.000443135359092, -0.000345060834661, 0.000111762186862, -0.00181938603055, 0.00055844563758, 0.00141094985884, -0.00390446162783, 0.0118949189782, -0.00362361269072, -0.0014939296525, 0.000177290858119, -0.000390432483982], [-0.00050075200852, 0.000681880395859, -0.000575267709792, -0.000706767372321, -0.00127011607401, -0.000342486455338, 0.00196021934971, -0.00503145111725, -0.00362361269072, 0.0152626903728, -0.00371340708807, 0.00124241283629, -0.00023565509764], [0.000545429997146, -0.00129458250012, 0.000616609293502, -0.00134806823917, 0.00220813718624, 0.000646190019324, -0.00376095972024, 0.00280139618553, -0.0014939296525, -0.00371340708807, 0.0197998937219, -0.00589798530564, 0.00117103254888], [-0.000484734075144, 0.000989509862848, -0.00103188899811, 0.00227937847376, -0.000965902989265, -0.00141334929504, 0.000838084786665, -0.00273844413459, 0.000177290858119, 0.00124241283629, -0.00589798530564, 0.0166267361492, -0.00637959176674], [0.000373854534701, -0.000643843959551, 0.000133405133965, -0.00338785164058, -0.000958276621532, 0.00153848610353, -0.00074340053834, 0.00125993462279, -0.000390432483982, -0.00023565509764, 0.00117103254888, -0.00637959176674, 0.0162241812795]]
    },
    "melbands": {
        "dmean": [0.000669544562697, 0.00142616312951, 0.00103407620918, 0.000948674278334, 0.000314475211781, 0.000198192094103, 0.00012997968588, 0.00023144147417, 0.000164934084751, 7.85220472608e-05, 9.78452662821e-05, 5.99835475441e-05, 4.30129512097e-05, 3.58250545105e-05, 3.25082655763e-05, 3.34228534484e-05, 3.09262795781e-05, 2.10075431823e-05, 3.05459507217e-05, 2.23873321374e-05, 1.38651857924e-05, 1.55038633238e-05, 9.641723409e-06, 6.44345891487e-06, 6.14898499407e-06, 5.72898761675e-06, 4.04076718041e-06, 2.89760896521e-06, 3.00256283481e-06, 2.80765561911e-06, 2.98428108181e-06, 2.72588113148e-06, 3.68223322766e-06, 3.24592042489e-06, 3.60237527275e-06, 2.56184034697e-06, 1.70905354935e-06, 1.32432137434e-06, 9.78155753728e-07, 6.41478152374e-07],
        "dmean2": [0.00113418104593, 0.00248102797195, 0.00176297221333, 0.00158722000197, 0.000501324073412, 0.000299929786706, 0.000203171468456, 0.000353939132765, 0.000241088724579, 0.000112574969535, 0.000139722716995, 8.55186444824e-05, 6.52459566481e-05, 5.54705402465e-05, 5.04410709254e-05, 5.14051062055e-05, 4.795739369e-05, 3.32869312842e-05, 4.8072743084e-05, 3.42459716194e-05, 2.12542145164e-05, 2.5003675546e-05, 1.54146437126e-05, 1.0383645531e-05, 9.4627175713e-06, 8.93164997251e-06, 6.55987560094e-06, 4.61381205241e-06, 4.67651261715e-06, 4.10552001995e-06, 4.4066123337e-06, 4.11262817579e-06, 5.37570622328e-06, 4.63304013465e-06, 5.1582519518e-06, 3.43122428603e-06, 2.45635578722e-06, 2.05194714908e-06, 1.4929861436e-06, 9.31247654989e-07],
        "dvar": [1.74637364125e-06, 6.470430435e-06, 3.65617279385e-06, 3.23305289385e-06, 2.73785957461e-07, 1.37706209102e-07, 9.73962031026e-08, 3.73091154415e-07, 2.16972509293e-07, 4.42341310247e-08, 8.05933453307e-08, 2.5957966443e-08, 1.0991378474e-08, 1.16335856504e-08, 9.48600398232e-09, 7.22187420976e-09, 6.13592066045e-09, 3.5361273909e-09, 3.67311359106e-09, 1.55986157324e-09, 4.80421591398e-10, 7.54112439161e-10, 2.18872642233e-10, 8.18234091593e-11, 1.25344692958e-10, 1.35465999529e-10, 5.93186541553e-11, 3.71541859778e-11, 6.26444798812e-11, 6.07468103597e-11, 9.57294105097e-11, 1.05547237617e-10, 2.51334730805e-10, 1.98581054378e-10, 1.54734863811e-10, 8.95189061767e-11, 6.3688575247e-11, 3.80615539086e-11, 1.97180917427e-11, 8.235980474e-12],
        "dvar2": [5.02179500472e-06, 1.88043213711e-05, 1.01322939372e-05, 8.63520926941e-06, 7.28903444269e-07, 3.06507786263e-07, 2.3329594967e-07, 8.69638768108e-07, 5.08288565015e-07, 7.95350985072e-08, 1.64211044762e-07, 5.30611892202e-08, 2.45143851885e-08, 2.79369203326e-08, 2.04472794252e-08, 1.51945140914e-08, 1.40449287755e-08, 7.54637774492e-09, 8.08421596332e-09, 3.4266172122e-09, 1.03582797895e-09, 1.74921732654e-09, 5.44503275801e-10, 2.02773145497e-10, 2.70927141832e-10, 3.07840281044e-10, 1.44198972207e-10, 9.11836856021e-11, 1.46361839315e-10, 1.23776836003e-10, 2.01611102812e-10, 2.2344188999e-10, 5.31180710528e-10, 4.03596461807e-10, 2.97261854021e-10, 1.45743625501e-10, 1.1770327768e-10, 8.68320901293e-11, 4.90374685302e-11, 1.70608579347e-11],
        "max": [0.0184770934284, 0.0264407433569, 0.0252284631133, 0.0206259582192, 0.00802769511938, 0.0104091847315, 0.00605984032154, 0.0093289706856, 0.00781594775617, 0.00537153240293, 0.00883912015706, 0.00342310615815, 0.00235613342375, 0.00230551906861, 0.00157880526967, 0.00143436843064, 0.00202472810633, 0.00111389916856, 0.00110815069638, 0.000661583675537, 0.000515869178344, 0.000580988300499, 0.000238148713834, 0.000153433575178, 0.000223238734179, 0.000238246619119, 0.000158588372869, 0.000113994152343, 0.000231545927818, 0.000189815415069, 0.000396497780457, 0.000391259178286, 0.00044685715693, 0.000300026906189, 0.000335969321895, 0.000310495466692, 0.000241337736952, 0.00021694516181, 0.000153953835252, 0.00014668131189],
        "mean": [0.00200065830722, 0.00322742620483, 0.00188836979214, 0.00150452402886, 0.000645784428343, 0.000444144941866, 0.000235323837842, 0.000473793712445, 0.000330425566062, 0.000191252518562, 0.00022684688156, 0.000138348317705, 8.80160005181e-05, 5.92915421294e-05, 6.0581802245e-05, 6.50272559142e-05, 5.83834298595e-05, 3.34446085617e-05, 6.20576684014e-05, 4.91367427458e-05, 2.87927614409e-05, 3.15578836307e-05, 1.93426567421e-05, 1.30257085402e-05, 1.13100113595e-05, 1.01648520285e-05, 7.68370773585e-06, 5.60361922908e-06, 5.1085812629e-06, 4.39637688032e-06, 4.82745508634e-06, 4.33874265582e-06, 5.51704169993e-06, 4.97174869452e-06, 5.47131867279e-06, 4.10007260143e-06, 2.81908774014e-06, 1.9182084543e-06, 1.39982512337e-06, 1.0238034065e-06],
        "median": [0.00170694408007, 0.00259966496378, 0.00128810107708, 0.000927094893996, 0.000424559868407, 0.000251392950304, 0.000119768585137, 0.000115991177154, 7.02970937709e-05, 3.59745281457e-05, 4.17270457547e-05, 2.61005116045e-05, 1.87790446944e-05, 1.10574310384e-05, 1.31172228066e-05, 1.96873443201e-05, 1.75879886228e-05, 1.1349309716e-05, 3.00766350847e-05, 2.28243097808e-05, 1.74804426933e-05, 1.86585148185e-05, 1.27119437821e-05, 9.1141782832e-06, 6.6417301241e-06, 5.84688268646e-06, 4.17573937739e-06, 2.56178759628e-06, 2.13494422496e-06, 1.6625230046e-06, 1.63561389854e-06, 1.14601721179e-06, 1.10431199118e-06, 8.2867495621e-07, 7.78410424118e-07, 4.68831615308e-07, 2.99234898193e-07, 2.80078467085e-07, 2.65636799668e-07, 2.23335874239e-07],
        "min": [2.17566749032e-23, 1.07794947579e-23, 7.04310951172e-24, 1.28511073927e-23, 1.32666398746e-23, 5.17088975371e-24, 3.86421936701e-24, 1.7193662036e-23, 7.34991566156e-24, 8.12433725677e-24, 1.11318426367e-23, 8.90514546987e-24, 1.58041939919e-23, 1.65087840421e-23, 9.76451002963e-24, 6.07519374709e-24, 8.35334909958e-24, 9.27804080863e-24, 6.16558458505e-24, 1.29840438659e-23, 1.21774075579e-23, 9.83027420786e-24, 1.70880240944e-23, 7.11956512179e-24, 1.13013806781e-23, 1.219899237e-23, 9.11742399516e-24, 6.78486485034e-24, 1.02828547532e-23, 6.9620177661e-24, 8.05205945405e-24, 1.54223837361e-23, 1.31964912074e-23, 1.22692144012e-23, 1.28301907458e-23, 1.05839645385e-23, 1.00512096927e-23, 1.15700958903e-23, 7.64902489555e-24, 1.02351499677e-23],
        "var": [3.52149891114e-06, 9.20507591218e-06, 4.22228367825e-06, 3.57424642061e-06, 4.90651473228e-07, 4.2725511662e-07, 1.41329508097e-07, 9.34016384235e-07, 5.23990024703e-07, 1.94719234514e-07, 2.7012663395e-07, 1.13687498526e-07, 3.66907642046e-08, 1.95220462018e-08, 2.12525606003e-08, 1.77695138603e-08, 1.63380793339e-08, 6.42492192782e-09, 8.78312089725e-09, 5.17181542037e-09, 1.56041279897e-09, 2.02888794654e-09, 4.88725615533e-10, 1.79674969347e-10, 2.57491861166e-10, 2.29555874309e-10, 1.17518023091e-10, 7.92695076246e-11, 9.61566035129e-11, 1.0957933172e-10, 1.75969766536e-10, 2.26170179807e-10, 4.58540039272e-10, 3.87021581449e-10, 4.17731210733e-10, 3.18129467214e-10, 1.87782886463e-10, 7.79235703741e-11, 3.32901969879e-11, 2.0465342962e-11]
    },
    "mfcc": {
        "mean": [-628.309936523, 128.485687256, 3.59431147575, 32.7135925293, 13.9299583435, 6.75894641876, -6.23658180237, 3.79036593437, 0.346524953842, -0.190498068929, -2.33690261841, -4.5767583847, -2.23110032082],
        "cov": [[4098.54931641, -954.630981445, 176.988433838, -60.4581260681, -133.689865112, 154.13520813, 114.526168823, 189.242477417, 165.959503174, 233.131362915, 148.778167725, 170.284957886, 109.873886108], [-954.630981445, 1371.31225586, -389.87310791, -7.66454458237, -23.0667495728, -118.60319519, 27.2038898468, 51.2275238037, 12.7443609238, -18.9596576691, 67.1572570801, 12.1873483658, 21.99817276], [176.988433838, -389.87310791, 635.167724609, 209.292816162, 92.6371307373, 83.8774490356, -4.09740591049, -32.1578102112, 37.4009933472, 16.7991466522, -40.3213310242, 32.5862503052, 29.9618835449], [-60.4581260681, -7.66454458237, 209.292816162, 438.351196289, 180.094543457, 40.2030563354, -13.8908672333, -76.6742935181, 82.8326797485, 14.8629741669, -45.9671669006, 36.3131484985, 48.8092727661], [-133.689865112, -23.0667495728, 92.6371307373, 180.094543457, 307.190124512, 65.4224090576, -58.8850631714, -62.8205604553, 69.6512527466, 26.8518791199, -29.9722061157, 11.2218742371, 33.7045593262], [154.13520813, -118.60319519, 83.8774490356, 40.2030563354, 65.4224090576, 130.227859497, 33.563835144, 14.4100885391, 23.4386177063, 22.0364837646, -9.71157360077, 11.0640182495, 6.48453998566], [114.526168823, 27.2038898468, -4.09740591049, -13.8908672333, -58.8850631714, 33.563835144, 157.307998657, 50.8713340759, 14.1823816299, 6.26272201538, 13.747428894, 22.6134529114, -7.84965324402], [189.242477417, 51.2275238037, -32.1578102112, -76.6742935181, -62.8205604553, 14.4100885391, 50.8713340759, 151.281051636, 9.39439487457, 28.9469261169, 31.644990921, 13.5728340149, 13.9445352554], [165.959503174, 12.7443609238, 37.4009933472, 82.8326797485, 69.6512527466, 23.4386177063, 14.1823816299, 9.39439487457, 128.748168945, 56.4968299866, 3.89843630791, 37.4078903198, 38.9340362549], [233.131362915, -18.9596576691, 16.7991466522, 14.8629741669, 26.8518791199, 22.0364837646, 6.26272201538, 28.9469261169, 56.4968299866, 119.921073914, 48.5162124634, 39.758731842, 26.2555065155], [148.778167725, 67.1572570801, -40.3213310242, -45.9671669006, -29.9722061157, -9.71157360077, 13.747428894, 31.644990921, 3.89843630791, 48.5162124634, 104.114624023, 29.8625335693, 8.38484287262], [170.284957886, 12.1873483658, 32.5862503052, 36.3131484985, 11.2218742371, 11.0640182495, 22.6134529114, 13.5728340149, 37.4078903198, 39.758731842, 29.8625335693, 86.7032623291, 42.6723098755], [109.873886108, 21.99817276, 29.9618835449, 48.8092727661, 33.7045593262, 6.48453998566, -7.84965324402, 13.9445352554, 38.9340362549, 26.2555065155, 8.38484287262, 42.6723098755, 89.4938583374]],
