{
"lowlevel": {
    "average_loudness": 0.934337437153,
    "barkbands_crest": {
        "dmean": 2.71494674683,
        "dmean2": 4.50547266006,
        "dvar": 7.133061409,
        "dvar2": 19.1748962402,
        "max": 24.8016796112,
        "mean": 10.6575517654,
        "median": 9.90936279297,
        "min": 2.6901679039,
        "var": 16.7322406769
    },
    "barkbands_flatness_db": {
        "dmean": 0.0261605978012,
        "dmean2": 0.0382262282073,
        "dvar": 0.000740008195862,
        "dvar2": 0.00147565524094,
        "max": 0.399394631386,
        "mean": 0.14717386663,
        "median": 0.134957253933,
        "min": 0.0239938627928,
        "var": 0.00494274590164
    },
    "barkbands_kurtosis": {
        "dmean": 5.48163223267,
        "dmean2": 8.69744300842,
        "dvar": 105.535690308,
        "dvar2": 245.765533447,
        "max": 193.622955322,
        "mean": 9.34932518005,
        "median": 4.03570985794,
        "min": -1.96643841267,
        "var": 252.739746094
    },
    "barkbands_skewness": {
        "dmean": 0.703705728054,
        "dmean2": 1.09501075745,
        "dvar": 0.709727168083,
        "dvar2": 1.64633464813,
        "max": 11.2916707993,
        "mean": 2.29113435745,
        "median": 2.01085591316,
        "min": -2.09038972855,
        "var": 2.38242197037
    },
    "barkbands_spread": {
        "dmean": 7.37979793549,
        "dmean2": 11.1430072784,
        "dvar": 114.77986145,
        "dvar2": 230.396774292,
        "max": 139.441192627,
        "mean": 22.5954418182,
        "median": 17.9809017181,
        "min": 0.644695699215,
        "var": 366.099914551
    },
    "dissonance": {
        "dmean": 0.0184526257217,
        "dmean2": 0.0298915579915,
        "dvar": 0.000377381744329,
        "dvar2": 0.000933080678806,
        "max": 0.49988514185,
        "mean": 0.4550139606,
        "median": 0.463745415211,
        "min": 0.215803056955,
        "var": 0.00117817474529
    },
    "dynamic_complexity": 3.43106818199,
    "erbbands_crest": {
        "dmean": 2.19756412506,
        "dmean2": 3.46413779259,
        "dvar": 4.55997610092,
        "dvar2": 10.8872184753,
        "max": 25.4594516754,
        "mean": 8.76350688934,
        "median": 7.8454990387,
        "min": 2.52787184715,
        "var": 16.3861694336
    },
    "erbbands_flatness_db": {
        "dmean": 0.0212413780391,
        "dmean2": 0.0278468877077,
        "dvar": 0.000451733911177,
        "dvar2": 0.000772011291701,
        "max": 0.274216860533,
        "mean": 0.131775557995,
        "median": 0.126398265362,
        "min": 0.0348506905138,
        "var": 0.00245446222834
    },
    "erbbands_kurtosis": {
        "dmean": 0.897293865681,
        "dmean2": 1.42357063293,
        "dvar": 2.69943404198,
        "dvar2": 5.77118206024,
        "max": 28.4091129303,
        "mean": 0.386679828167,
        "median": -0.324607610703,
        "min": -1.73856258392,
        "var": 5.7556848526
    },
    "erbbands_skewness": {
        "dmean": 0.370382577181,
        "dmean2": 0.553222060204,
        "dvar": 0.177475199103,
        "dvar2": 0.349163025618,
        "max": 3.7499063015,
        "mean": 0.280430465937,
        "median": 0.218003720045,
        "min": -4.53134870529,
        "var": 0.756377100945
    },
    "erbbands_spread": {
        "dmean": 10.1295166016,
        "dmean2": 15.4424886703,
        "dvar": 163.016906738,
        "dvar2": 384.091003418,
        "max": 177.596054077,
        "mean": 44.5508499146,
        "median": 42.1527328491,
        "min": 6.67624902725,
        "var": 419.681732178
    },
    "hfc": {
        "dmean": 8.37793064117,
        "dmean2": 11.8182134628,
        "dvar": 157.552597046,
        "dvar2": 314.179595947,
        "max": 158.853881836,
        "mean": 23.8567867279,
        "median": 16.2010974884,
        "min": 1.17526694934e-16,
        "var": 563.317138672
    },
    "melbands_crest": {
        "dmean": 2.98861980438,
        "dmean2": 4.95222949982,
        "dvar": 8.10655117035,
        "dvar2": 20.4943637848,
        "max": 33.1123008728,
        "mean": 15.4294471741,
        "median": 15.1140937805,
        "min": 2.56222915649,
        "var": 24.2650508881
    },
    "melbands_flatness_db": {
        "dmean": 0.0320444069803,
        "dmean2": 0.0476373694837,
        "dvar": 0.00120526587125,
        "dvar2": 0.00242963852361,
        "max": 0.544714212418,
        "mean": 0.241204202175,
        "median": 0.228368476033,
        "min": 0.00554030062631,
        "var": 0.00768631603569
    },
    "melbands_kurtosis": {
        "dmean": 13.8482942581,
        "dmean2": 22.1992645264,
        "dvar": 774.750976562,
        "dvar2": 1861.84960938,
        "max": 385.746704102,
        "mean": 26.0620613098,
        "median": 13.6691265106,
        "min": -1.80591499805,
        "var": 1517.42590332
    },
    "melbands_skewness": {
        "dmean": 0.993527710438,
        "dmean2": 1.56147801876,
        "dvar": 1.57654154301,
        "dvar2": 3.82414984703,
        "max": 15.8564968109,
        "mean": 3.59554481506,
        "median": 3.22394871712,
        "min": -0.257570594549,
        "var": 4.63755893707
    },
    "melbands_spread": {
        "dmean": 6.25348424911,
        "dmean2": 9.86150074005,
        "dvar": 118.202194214,
        "dvar2": 235.566711426,
        "max": 254.132797241,
        "mean": 17.9843788147,
        "median": 13.7974386215,
        "min": 0.549528598785,
        "var": 388.811645508
    },
    "pitch_salience": {
        "dmean": 0.0738902762532,
        "dmean2": 0.122011899948,
        "dvar": 0.00529572088271,
        "dvar2": 0.0136520722881,
        "max": 0.87702524662,
        "mean": 0.511620461941,
        "median": 0.51350069046,
        "min": 0.136250913143,
        "var": 0.0146822929382
    },
    "silence_rate_20dB": {
        "dmean": 0,
        "dmean2": 0,
        "dvar": 0,
        "dvar2": 0,
        "max": 1,
        "mean": 1,
        "median": 1,
        "min": 1,
        "var": 0
    },
    "silence_rate_30dB": {
        "dmean": 0.0108359130099,
        "dmean2": 0.0216802172363,
        "dvar": 0.0107185067609,
        "dvar2": 0.0305016543716,
        "max": 1,
        "mean": 0.993810415268,
        "median": 1,
        "min": 0,
        "var": 0.006151183974
    },
    "silence_rate_60dB": {
        "dmean": 0.0174148604274,
        "dmean2": 0.0348432064056,
        "dvar": 0.0171129405499,
        "dvar2": 0.0398226939142,
        "max": 1,
        "mean": 0.0491295941174,
        "median": 0,
        "min": 0,
        "var": 0.046713616699
    },
    "spectral_centroid": {
        "dmean": 229.237731934,
        "dmean2": 346.94644165,
        "dvar": 115035.921875,
        "dvar2": 191441.796875,
        "max": 10895.7041016,
        "mean": 1053.1574707,
        "median": 933.603820801,
        "min": 147.880859375,
        "var": 445793.25
    },
    "spectral_complexity": {
        "dmean": 3.29411768913,
        "dmean2": 4.95199394226,
        "dvar": 20.6140193939,
        "dvar2": 43.435333252,
        "max": 54,
        "mean": 17.1462287903,
        "median": 16,
        "min": 0,
        "var": 111.573661804
    },
    "spectral_decrease": {
        "dmean": 3.19136028715e-09,
        "dmean2": 5.24888799092e-09,
        "dvar": 2.81350662283e-17,
        "dvar2": 7.26480174176e-17,
        "max": -2.36619737921e-29,
        "mean": -8.10573563825e-09,
        "median": -6.74745015417e-09,
        "min": -4.23570440944e-08,
        "var": 4.03287242352e-17
    },
    "spectral_energy": {
        "dmean": 0.0124796004966,
        "dmean2": 0.0203991215676,
        "dvar": 0.000420777156251,
        "dvar2": 0.00107709155418,
        "max": 0.162732988596,
        "mean": 0.0327568650246,
        "median": 0.0276716407388,
        "min": 1.07493291902e-20,
        "var": 0.000636193377431
    },
    "spectral_energyband_high": {
        "dmean": 0.000545713934116,
        "dmean2": 0.000750616600271,
        "dvar": 8.78822049799e-07,
        "dvar2": 1.56321175382e-06,
        "max": 0.0110439844429,
        "mean": 0.00107454392128,
        "median": 0.000333459611284,
        "min": 8.03021041773e-21,
        "var": 2.74554463431e-06
    },
    "spectral_energyband_low": {
        "dmean": 0.00880379509181,
        "dmean2": 0.0148293981329,
        "dvar": 0.000308433460305,
        "dvar2": 0.000819872599095,
        "max": 0.147160708904,
        "mean": 0.0147705916315,
        "median": 0.0109369345009,
        "min": 1.35437370494e-22,
        "var": 0.000310935516609
    },
    "spectral_energyband_middle_high": {
        "dmean": 0.00197418313473,
        "dmean2": 0.00312234926969,
        "dvar": 1.81322484423e-05,
        "dvar2": 4.79710433865e-05,
        "max": 0.0693878903985,
        "mean": 0.00469735823572,
        "median": 0.00274150795303,
        "min": 1.48263249168e-21,
        "var": 3.69784829672e-05
    },
    "spectral_energyband_middle_low": {
        "dmean": 0.00549858482555,
        "dmean2": 0.00917848758399,
        "dvar": 0.000106535750092,
        "dvar2": 0.000279637868516,
        "max": 0.124052926898,
        "mean": 0.0137748187408,
        "median": 0.00963879283518,
        "min": 3.803413716e-22,
        "var": 0.000198571317014
    },
    "spectral_entropy": {
        "dmean": 0.223566040397,
        "dmean2": 0.301393508911,
        "dvar": 0.070292621851,
        "dvar2": 0.122094392776,
        "max": 9.80599212646,
        "mean": 7.43080854416,
        "median": 7.51621103287,
        "min": 5.41487121582,
        "var": 0.377747356892
    },
    "spectral_flux": {
        "dmean": 0.0296052154154,
        "dmean2": 0.0456565842032,
        "dvar": 0.00159769842867,
        "dvar2": 0.00338191329502,
        "max": 0.342209547758,
        "mean": 0.0859058946371,
        "median": 0.0732200890779,
        "min": 1.03678975127e-10,
        "var": 0.00332296988927
    },
    "spectral_kurtosis": {
        "dmean": 2.08148622513,
        "dmean2": 3.2529425621,
        "dvar": 8.12707328796,
        "dvar2": 19.6224918365,
        "max": 45.1714859009,
        "mean": 6.62579393387,
        "median": 5.51748466492,
        "min": -1.20119535923,
        "var": 22.8990573883
    },
    "spectral_rms": {
        "dmean": 0.000977530609816,
        "dmean2": 0.00155221461318,
        "dvar": 1.75050956841e-06,
        "dvar2": 4.20003880208e-06,
        "max": 0.0126001546159,
        "mean": 0.00524099543691,
        "median": 0.00519583700225,
        "min": 3.23838698912e-12,
        "var": 4.48988112112e-06
    },
    "spectral_rolloff": {
        "dmean": 585.28112793,
        "dmean2": 987.24206543,
        "dvar": 1881775.375,
        "dvar2": 4308623,
        "max": 18087.890625,
        "mean": 1292.69787598,
        "median": 689.0625,
        "min": 86.1328125,
        "var": 3691016.5
    },
    "spectral_skewness": {
        "dmean": 0.269126683474,
        "dmean2": 0.412395894527,
        "dvar": 0.107545420527,
        "dvar2": 0.225781947374,
        "max": 5.32420063019,
        "mean": 1.95648348331,
        "median": 1.9364181757,
        "min": -0.214667737484,
        "var": 0.384418010712
    },
    "spectral_spread": {
        "dmean": 941276.8125,
        "dmean2": 1262809.375,
        "dvar": 1.60752900506e+12,
        "dvar2": 2.69184611123e+12,
        "max": 40730484,
        "mean": 5380482,
        "median": 5092389,
        "min": 1328344.75,
        "var": 5.02104011571e+12
    },
    "spectral_strongpeak": {
        "dmean": 0.374810874462,
        "dmean2": 0.640621602535,
        "dvar": 0.542321026325,
        "dvar2": 1.47533333302,
        "max": 10.4859476089,
        "mean": 0.763555467129,
        "median": 0.405729502439,
        "min": 0,
        "var": 1.10475635529
    },
    "zerocrossingrate": {
        "dmean": 0.0159562528133,
        "dmean2": 0.0184660293162,
        "dvar": 0.000417807750637,
        "dvar2": 0.000496924505569,
        "max": 0.5126953125,
        "mean": 0.0635018721223,
        "median": 0.04931640625,
        "min": 0.00341796875,
        "var": 0.00253371754661
    },
    "barkbands": {
        "dmean": [0.000104362545244, 0.00625007739291, 0.00296271988191, 0.00207069166936, 0.00231953547336, 0.000885160523467, 0.00106103718281, 0.000887022411916, 0.000409450381994, 0.000372698152205, 0.000376353040338, 0.000362494494766, 0.000455424189568, 0.000488637830131, 0.000263421505224, 0.000243305417825, 0.000195029540919, 0.000138551738928, 8.8630898972e-05, 7.14077541488e-05, 8.11140562291e-05, 9.57961092354e-05, 8.29680793686e-05, 8.10085912235e-05, 5.79833358643e-05, 0.000145109093864, 9.26332359086e-05],
        "dmean2": [0.000172820786247, 0.0107580944896, 0.00512485159561, 0.00358689250425, 0.00391129218042, 0.00140933773946, 0.00166974822059, 0.00135270343162, 0.000585317262448, 0.000621354032774, 0.000617250392679, 0.00059965334367, 0.000711529632099, 0.000807359640021, 0.000433049746789, 0.000394650211092, 0.000321036379319, 0.000213479259401, 0.000143699915498, 0.000116934548714, 0.000129947569803, 0.00014601041039, 0.000121806340758, 0.000115720271424, 8.11681602499e-05, 0.000216744185309, 0.00014088662283],
        "dvar": [7.90411007756e-08, 0.000163573175087, 3.11266412609e-05, 1.99626829271e-05, 3.00833507936e-05, 2.99864973385e-06, 6.98883332007e-06, 7.71130726207e-06, 1.01322359569e-06, 1.22442577322e-06, 1.05971844278e-06, 1.17755951123e-06, 2.71167346e-06, 2.2200767944e-06, 3.66712555433e-07, 2.54307877867e-07, 2.07599498481e-07, 7.16172863235e-08, 5.07703354913e-08, 2.59774388667e-08, 4.12989429321e-08, 5.08105237884e-08, 6.50547633541e-08, 5.43936131692e-08, 1.40571447815e-08, 7.68868915202e-08, 3.4302850338e-08],
        "dvar2": [2.05786463425e-07, 0.000445167417638, 9.17757934076e-05, 5.47530144104e-05, 8.22486617835e-05, 7.30446799935e-06, 1.67460239027e-05, 1.67530197359e-05, 1.93847608898e-06, 3.32666263603e-06, 2.68127746494e-06, 2.81945153802e-06, 6.81119445289e-06, 6.17275190962e-06, 9.02884039533e-07, 5.95479036747e-07, 5.46382409539e-07, 1.60887637435e-07, 1.36632394288e-07, 6.72325271012e-08, 1.03497818316e-07, 1.06493629914e-07, 1.27181380094e-07, 9.92806619138e-08, 2.56172718593e-08, 1.7622143389e-07, 7.87094691646e-08],
        "max": [0.00274936109781, 0.10362958163, 0.0590806752443, 0.0384641811252, 0.0783192366362, 0.0332418829203, 0.0404159650207, 0.0606175884604, 0.0283577404916, 0.0137957576662, 0.0149623444304, 0.0383824668825, 0.0430554375052, 0.0318101793528, 0.0150854559615, 0.0127880349755, 0.00669741164893, 0.00559009145945, 0.00606194371358, 0.00195210427046, 0.00258176820353, 0.0039095566608, 0.00481700710952, 0.00419984851032, 0.00230895634741, 0.00332469306886, 0.00159087206703],
        "mean": [0.000113532070827, 0.00842428952456, 0.00476376758888, 0.0026506932918, 0.00424915086478, 0.0019149929285, 0.00219519692473, 0.00175834039692, 0.000824483984616, 0.000535997445695, 0.000561409513466, 0.0005616605049, 0.00070249196142, 0.000701116223354, 0.000404645456001, 0.00043138518231, 0.000350016343873, 0.000304503977532, 0.000180628077942, 0.000112160225399, 0.000125250924611, 0.000163655451615, 0.000153606582899, 0.000149622675963, 0.000112682741019, 0.000192747727851, 0.0001188081078],
        "median": [3.33740317728e-05, 0.00485607609153, 0.00342724192888, 0.00112219154835, 0.00231172051281, 0.00079141248716, 0.000514082727022, 0.000257240026258, 0.000280116626527, 0.000129823412863, 0.000222183865844, 0.000215757740079, 0.000205731630558, 0.000322946492815, 0.000156046968186, 0.000180067436304, 0.00015191383136, 0.000132553876028, 8.2962520537e-05, 3.06642868964e-05, 3.59680561814e-05, 4.99709567521e-05, 4.26138758485e-05, 3.09312163154e-05, 2.74168232863e-05, 3.35269432981e-05, 1.39864832818e-05],
        "min": [4.5967328844e-23, 9.94126614836e-24, 7.41679891786e-23, 3.09895865572e-23, 6.60291597582e-23, 6.60399576862e-23, 6.29229789231e-23, 5.17893116512e-23, 4.29384816212e-23, 8.57140539991e-23, 6.38894660606e-23, 5.66961211449e-23, 9.64555753596e-23, 1.05183078031e-22, 1.64831362808e-22, 1.67565150809e-22, 1.57183135451e-22, 1.52107882066e-22, 2.55138972791e-22, 3.2469878366e-22, 5.25025529811e-22, 3.62421884956e-22, 6.70804197818e-22, 8.18841658587e-22, 1.35385727241e-21, 1.9558156479e-21, 2.39008405585e-21],
        "var": [7.45067936236e-08, 0.000150058680447, 2.94476431009e-05, 1.95733628061e-05, 3.93356676796e-05, 1.14714985102e-05, 2.34713625105e-05, 1.8956430722e-05, 4.51145569969e-06, 1.6050485101e-06, 1.62108585755e-06, 1.78082132152e-06, 4.38678580394e-06, 2.44450711762e-06, 7.9355828575e-07, 6.32064427464e-07, 3.34547394232e-07, 2.24176474717e-07, 7.68647225868e-08, 4.25559854023e-08, 5.90531819e-08, 1.01269677089e-07, 1.51327213871e-07, 1.38828042395e-07, 4.80430486505e-08, 1.19922816566e-07, 4.73207180107e-08]
    },
    "erbbands": {
        "dmean": [0.120826534927, 1.6038402319, 3.45842385292, 5.40379428864, 7.58465623856, 7.75995540619, 8.8208990097, 6.63556814194, 9.80599498749, 23.2888126373, 16.6761264801, 8.20397186279, 10.6051216125, 14.021985054, 11.2838306427, 13.8244800568, 18.4755096436, 21.5645523071, 18.7595901489, 15.3938131332, 10.8841209412, 11.362036705, 8.08754634857, 4.9852232933, 3.81082415581, 3.21986150742, 3.3216958046, 3.28157949448, 3.35558509827, 3.03356146812, 2.39984869957, 1.88369047642, 1.26175069809, 0.673633337021, 0.43613165617, 0.374582827091, 0.371425330639, 0.0766857340932, 0.0161301475018, 0.00102489313576],
        "dmean2": [0.210826724768, 2.75496077538, 5.96493434906, 9.41242408752, 12.9808998108, 13.2631406784, 14.2991981506, 10.3781728745, 15.1304960251, 36.5412940979, 24.5684394836, 11.7280464172, 16.3857288361, 23.6546840668, 18.1401176453, 22.2890167236, 28.8738937378, 35.2483139038, 31.0124855042, 24.5205345154, 17.9879646301, 18.6097431183, 12.4468631744, 7.92851448059, 6.08758687973, 5.27607774734, 5.48367071152, 5.11993455887, 5.14355897903, 4.54249668121, 3.57863426208, 2.78112792969, 1.83745455742, 0.970218420029, 0.62657648325, 0.553456306458, 0.56036055088, 0.115848846734, 0.0247921738774, 0.00156674347818],
        "dvar": [0.0725754350424, 10.4386081696, 40.6141777039, 142.832763672, 333.297973633, 341.340332031, 384.497955322, 237.95085144, 597.393615723, 3887.20288086, 3426.79443359, 386.209503174, 668.370544434, 2187.90063477, 724.973022461, 1595.42138672, 2597.64355469, 6678.08984375, 3847.00341797, 1005.93084717, 408.366210938, 830.129638672, 240.405227661, 115.168197632, 102.314407349, 53.411190033, 69.8092498779, 64.6052246094, 66.235534668, 54.580783844, 66.9042663574, 32.4408874512, 12.0710916519, 2.54643344879, 0.697729885578, 0.450137287378, 0.601958036423, 0.0210464708507, 0.00115393975284, 3.7198803966e-06],
        "dvar2": [0.198094189167, 28.7755146027, 115.503227234, 404.360076904, 891.776489258, 996.35723877, 1048.13110352, 552.520446777, 1365.62280273, 9381.0078125, 7276.265625, 750.362487793, 1619.9197998, 5985.26220703, 1808.08752441, 3546.08642578, 6208.90136719, 18707.7167969, 10463.1962891, 2330.08544922, 1057.16357422, 2163.15966797, 550.270751953, 294.233337402, 273.336029053, 137.505569458, 180.697402954, 152.908035278, 151.193023682, 102.406272888, 140.571014404, 61.8322753906, 22.0452842712, 4.81248617172, 1.35947227478, 0.954001963139, 1.42844045162, 0.0478634648025, 0.00267590093426, 8.66459231474e-06],
        "max": [1.91907715797, 27.3284492493, 66.9581604004, 104.98664093, 273.79486084, 277.721557617, 373.950958252, 362.565673828, 481.250274658, 863.579956055, 1577.96166992, 472.171417236, 552.19329834, 559.677368164, 455.764801025, 1476.17199707, 1280.88232422, 2117.8112793, 1293.73022461, 1009.81884766, 303.216918945, 455.837860107, 247.830795288, 198.568603516, 264.504058838, 83.3615875244, 108.704788208, 103.394241333, 143.133483887, 135.63835144, 154.633529663, 96.8859939575, 57.4006614685, 30.9799423218, 16.9321842194, 7.95391941071, 10.146569252, 1.49310934544, 0.355732828379, 0.0161482915282],
        "mean": [0.152210205793, 2.18551659584, 5.89238548279, 7.54226398468, 10.8251914978, 13.5012435913, 18.1033172607, 14.799747467, 20.1919612885, 48.2676963806, 35.0877723694, 16.8901786804, 19.6765708923, 18.6989955902, 19.707950592, 23.7467269897, 31.7254257202, 32.8057518005, 27.3286457062, 27.6016311646, 21.0928955078, 21.3380699158, 18.6234512329, 11.3169488907, 7.44138431549, 5.10798120499, 4.90771627426, 5.39686250687, 5.64510154724, 5.32501935959, 4.25739049911, 3.27933955193, 2.36103153229, 1.29639196396, 0.79871660471, 0.583858191967, 0.453160524368, 0.100242383778, 0.0205420162529, 0.00128368230071],
        "median": [0.0828162580729, 1.23303544521, 4.19759321213, 4.11599683762, 5.52671575546, 7.10300683975, 8.63123512268, 5.43572807312, 5.03223991394, 10.2526731491, 6.69456100464, 5.60371255875, 7.11597394943, 6.15014696121, 9.61157512665, 9.21088600159, 10.053861618, 16.6561927795, 9.41462421417, 11.6829738617, 8.88059616089, 9.21520614624, 8.28060913086, 5.98231935501, 3.11896896362, 1.56359350681, 1.18497180939, 1.60833394527, 1.77048623562, 1.55997896194, 1.10193824768, 0.610189378262, 0.551796972752, 0.322479516268, 0.19460336864, 0.1316473037, 0.0628086999059, 0.017298374325, 0.00242672488093, 0.000143058423419],
        "min": [5.40138135758e-22, 3.40903183197e-21, 5.88196759853e-20, 1.24456276646e-19, 5.23092346519e-20, 1.87221255186e-19, 9.04261954922e-19, 2.93572318906e-19, 9.09666029261e-19, 1.04646691672e-18, 8.64292432627e-19, 8.73425178674e-19, 3.0052755852e-18, 2.0518444637e-18, 2.29240533624e-18, 2.22408704188e-18, 4.51480720442e-18, 5.66918076263e-18, 5.39278125607e-18, 1.10470525017e-17, 8.59552160389e-18, 8.99241940541e-18, 8.83960688622e-18, 7.87143416544e-18, 2.16471991709e-17, 1.21118266832e-17, 1.59445068401e-17, 2.14847872207e-17, 1.49023138622e-17, 1.58362884549e-17, 2.09055027115e-17, 2.01773058398e-17, 1.20605778812e-17, 1.19227960609e-17, 1.05375820363e-17, 7.32389932976e-18, 3.53717195102e-18, 1.29321954634e-18, 3.89459483254e-19, 3.30028908537e-20],
        "var": [0.0593183748424, 9.7007894516, 41.9979553223, 126.317939758, 311.53994751, 424.596435547, 804.89050293, 1052.56115723, 1596.24963379, 13192.671875, 8408.40820312, 1651.78723145, 1877.11621094, 2193.89697266, 1212.93408203, 3329.52832031, 6278.81103516, 5682.25341797, 4500.00341797, 3271.50952148, 1118.03186035, 1414.17358398, 763.706604004, 235.939483643, 155.188995361, 85.2744140625, 94.1875152588, 106.695457458, 116.028335571, 129.344726562, 138.425949097, 75.3402557373, 31.5258483887, 7.46368646622, 2.25750041008, 0.998012900352, 0.794632673264, 0.0312586724758, 0.00152040121611, 5.19127661391e-06]
    },
    "gfcc": {
        "mean": [-0.470644384623, 83.5455627441, -81.8128051758, 20.9851303101, -31.5992050171, 9.97241210938, -38.774471283, 2.12655448914, -17.3008136749, -0.367777436972, -16.5638790131, 2.32970571518, -18.2439231873],
        "cov": [[14142.140625, -1554.54492188, -392.056213379, -754.519287109, -694.093383789, -114.355323792, 165.5443573, 3.7420861721, 37.3575744629, 214.249176025, -221.336959839, 144.977600098, -171.669281006], [-1554.54492188, 2235.5949707, -497.735687256, 4.10527801514, 305.918151855, -66.0714950562, -59.4035835266, 35.3578491211, 82.3303451538, -145.718948364, 87.5335159302, -72.4164581299, -4.39729356766], [-392.056213379, -497.735687256, 804.958129883, 248.164138794, 62.0805854797, 112.042282104, 8.13064289093, -19.2373161316, 9.64536094666, 75.8224945068, 1.02450716496, 41.5295600891, 61.4652023315], [-754.519287109, 4.10527801514, 248.164138794, 606.838500977, 56.1800727844, 127.953895569, -50.3645439148, -4.69170713425, 27.5634498596, -3.45681214333, 19.7807674408, -13.3861637115, 91.0403289795], [-694.093383789, 305.918151855, 62.0805854797, 56.1800727844, 392.550170898, -17.1053371429, 20.4441204071, 51.1318702698, 41.44896698, -17.4021778107, 25.4819869995, -12.2929887772, 0.0822510942817], [-114.355323792, -66.0714950562, 112.042282104, 127.953895569, -17.1053371429, 264.787139893, 76.3354873657, 27.8561210632, 21.8308830261, 19.1842021942, -1.17848658562, -20.5426769257, 1.71506977081], [165.5443573, -59.4035835266, 8.13064289093, -50.3645439148, 20.4441204071, 76.3354873657, 208.139663696, 53.1759643555, 16.2095050812, 19.8254032135, 4.62470006943, -5.27475261688, -12.1947422028], [3.7420861721, 35.3578491211, -19.2373161316, -4.69170713425, 51.1318702698, 27.8561210632, 53.1759643555, 133.024459839, 54.970539093, -2.46677994728, 3.83250403404, -3.33803534508, -12.0065097809], [37.3575744629, 82.3303451538, 9.64536094666, 27.5634498596, 41.44896698, 21.8308830261, 16.2095050812, 54.970539093, 125.363899231, 31.3074092865, -7.65631580353, -6.94374847412, 2.39937353134], [214.249176025, -145.718948364, 75.8224945068, -3.45681214333, -17.4021778107, 19.1842021942, 19.8254032135, -2.46677994728, 31.3074092865, 94.9660568237, 19.3053951263, -0.0590755008161, -5.38691854477], [-221.336959839, 87.5335159302, 1.02450716496, 19.7807674408, 25.4819869995, -1.17848658562, 4.62470006943, 3.83250403404, -7.65631580353, 19.3053951263, 83.4890213013, 11.1385831833, -4.26059532166], [144.977600098, -72.4164581299, 41.5295600891, -13.3861637115, -12.2929887772, -20.5426769257, -5.27475261688, -3.33803534508, -6.94374847412, -0.0590755008161, 11.1385831833, 74.7161026001, 22.447845459], [-171.669281006, -4.39729356766, 61.4652023315, 91.0403289795, 0.0822510942817, 1.71506977081, -12.1947422028, -12.0065097809, 2.39937353134, -5.38691854477, -4.26059532166, 22.447845459, 105.398513794]],
        "icov": [[9.63748025242e-05, 3.66404965462e-05, 7.16340655345e-05, 3.71453497792e-05, 9.90939297481e-05, 2.72015531664e-05, -5.6027136452e-05, -1.5729745428e-05, -3.18288693961e-05, -0.000230636520428, 0.000271389872069, -0.000247738556936, 0.000128517131088], [3.66404965462e-05, 0.000808274839073, 0.000433887122199, 7.84235671745e-05, -0.000462771946331, -9.49179229792e-05, 0.000151830434334, 0.000444367760792, -0.000988575164229, 0.00127184262965, -0.00113492377568, 0.000562587229069, -0.000235465879086], [7.16340655345e-05, 0.000433887122199, 0.00207166280597, -0.000577881874051, -0.000673232600093, -0.000564690679312, 8.78076025401e-05, 0.000356815231498, 0.000120887067169, -0.00134672771674, 0.000487491110107, -0.00118584721349, -0.000312989403028], [3.71453497792e-05, 7.84235671745e-05, -0.000577881874051, 0.00270540989004, -0.000176050700247, -0.00125167984515, 0.00102010823321, 0.000113869173219, -0.000729053106625, 0.000977881252766, -0.00120482954662, 0.00123637774959, -0.00203003012575], [9.90939297481e-05, -0.000462771946331, -0.000673232600093, -0.000176050700247, 0.00352145149373, 0.000827550771646, -0.000585425703321, -0.000973315211013, -0.000570700038224, 0.000460155308247, -0.000362418591976, 0.000289459887426, 0.000452156440588], [2.72015531664e-05, -9.49179229792e-05, -0.000564690679312, -0.00125167984515, 0.000827550771646, 0.00545975752175, -0.00216924864799, -0.000526304531377, -0.000203082949156, -0.000278121529846, 0.000387656007661, 0.00108029926196, 0.000826390518341], [-5.6027136452e-05, 0.000151830434334, 8.78076025401e-05, 0.00102010823321, -0.000585425703321, -0.00216924864799, 0.00658681150526, -0.00225536827929, 0.000629319576547, -0.000922980194446, -0.000476151850307, 0.000381884165108, -0.000638413359411], [-1.5729745428e-05, 0.000444367760792, 0.000356815231498, 0.000113869173219, -0.000973315211013, -0.000526304531377, -0.00225536827929, 0.0113650178537, -0.00561741366982, 0.00341981742531, -0.00187226082198, -0.000214356245124, 0.00100213941187], [-3.18288693961e-05, -0.000988575164229, 0.000120887067169, -0.000729053106625, -0.000570700038224, -0.000203082949156, 0.000629319576547, -0.00561741366982, 0.0134547976777, -0.00728742079809, 0.00451430259272, -0.000748379854485, -0.000434074463556], [-0.000230636520428, 0.00127184262965, -0.00134672771674, 0.000977881252766, 0.000460155308247, -0.000278121529846, -0.000922980194446, 0.00341981742531, -0.00728742079809, 0.0185232572258, -0.00778486207128, 0.00318113155663, 2.54677233897e-05], [0.000271389872069, -0.00113492377568, 0.000487491110107, -0.00120482954662, -0.000362418591976, 0.000387656007661, -0.000476151850307, -0.00187226082198, 0.00451430259272, -0.00778486207128, 0.0173864327371, -0.00500679668039, 0.00214521586895], [-0.000247738556936, 0.000562587229069, -0.00118584721349, 0.00123637774959, 0.000289459887426, 0.00108029926196, 0.000381884165108, -0.000214356245124, -0.000748379854485, 0.00318113155663, -0.00500679668039, 0.0176979973912, -0.00454657385126], [0.000128517131088, -0.000235465879086, -0.000312989403028, -0.00203003012575, 0.000452156440588, 0.000826390518341, -0.000638413359411, 0.00100213941187, -0.000434074463556, 2.54677233897e-05, 0.00214521586895, -0.00454657385126, 0.0127160372213]]
    },
    "melbands": {
        "dmean": [0.00144251715392, 0.0018998614978, 0.000966314750258, 0.000529619632289, 0.00031563846278, 0.000154577006469, 0.000165856516105, 0.000247101997957, 0.000120137097838, 5.23438684468e-05, 5.35663748451e-05, 5.69646654185e-05, 4.79092741443e-05, 2.71239805443e-05, 5.22121481481e-05, 4.40007643192e-05, 4.07728584833e-05, 3.68756154785e-05, 1.85597127711e-05, 1.91087929124e-05, 1.25853366626e-05, 1.20710610645e-05, 1.02664807855e-05, 5.96786230744e-06, 4.16819921156e-06, 3.45554258274e-06, 2.55255804404e-06, 2.22656217375e-06, 2.16079570237e-06, 2.09314634958e-06, 1.95421966964e-06, 2.07416724152e-06, 1.95153847926e-06, 1.68059193584e-06, 1.49048207732e-06, 1.23606673696e-06, 1.27087412238e-06, 8.90077217264e-07, 8.58527585024e-07, 5.24623942511e-07],
        "dmean2": [0.00249846093357, 0.00325185852125, 0.00167820393108, 0.000913772732019, 0.000512652623001, 0.000241933215875, 0.000256514846114, 0.000384336628485, 0.000176664689207, 7.47347148717e-05, 8.31962461234e-05, 9.58042001002e-05, 7.76243032306e-05, 4.40965486632e-05, 8.3521088527e-05, 6.824798038e-05, 6.74137627357e-05, 6.12820294918e-05, 2.97208225675e-05, 3.10133546009e-05, 2.09317840927e-05, 2.00108152058e-05, 1.64833909366e-05, 9.25817221287e-06, 6.7689829848e-06, 5.56031454835e-06, 4.16694865635e-06, 3.66460653822e-06, 3.59238674719e-06, 3.42383850693e-06, 3.07817003886e-06, 3.26712279275e-06, 3.01909517475e-06, 2.49206141234e-06, 2.29794090956e-06, 1.83145721167e-06, 1.94299786926e-06, 1.3174187643e-06, 1.3032932884e-06, 7.67787469158e-07],
        "dvar": [9.29740235733e-06, 1.28513747768e-05, 3.99422242481e-06, 1.77178822014e-06, 4.33362657759e-07, 1.12059638013e-07, 1.54138589892e-07, 4.15301798284e-07, 1.69844994957e-07, 1.65177294065e-08, 1.69424350105e-08, 3.64940184738e-08, 1.50400598642e-08, 3.7203806702e-09, 3.51073765614e-08, 2.40356783365e-08, 2.17650484302e-08, 1.69977667497e-08, 1.82778570057e-09, 1.47794843031e-09, 5.79884640306e-10, 9.45244438277e-10, 4.93421858927e-10, 1.27214391799e-10, 8.56615681166e-11, 8.25312873598e-11, 3.98265344315e-11, 2.44874641397e-11, 2.70884929071e-11, 2.98184359149e-11, 2.27333690067e-11, 2.75310538256e-11, 2.0956901145e-11, 1.81307555774e-11, 2.76630263835e-11, 1.63051169788e-11, 1.40432162427e-11, 5.88766578893e-12, 5.57508336371e-12, 1.33661679814e-12],
        "dvar2": [2.53909875028e-05, 3.53876457666e-05, 1.12668021757e-05, 4.9185705393e-06, 1.19408241517e-06, 2.65441286729e-07, 3.56697569259e-07, 9.79855713013e-07, 3.51292612777e-07, 3.07395282562e-08, 4.12636964597e-08, 1.00110852941e-07, 3.7233082395e-08, 8.99880792105e-09, 7.94042023244e-08, 5.93823479278e-08, 6.11463875089e-08, 4.57142057542e-08, 3.87057097484e-09, 3.51932261111e-09, 1.52701551404e-09, 2.45527731479e-09, 1.23059495927e-09, 2.76149547673e-10, 2.23686708045e-10, 2.1733807809e-10, 1.09634891443e-10, 6.23212315087e-11, 7.00189697889e-11, 7.73543451515e-11, 5.32914545825e-11, 6.75528660787e-11, 4.35123673204e-11, 3.56348110742e-11, 6.22018894725e-11, 3.10551341587e-11, 2.94161153769e-11, 1.09361278713e-11, 1.15062724973e-11, 2.50731987256e-12],
        "max": [0.0235339459032, 0.0346587300301, 0.0164636783302, 0.0200210101902, 0.0117041412741, 0.00727949105203, 0.00792350806296, 0.0089218178764, 0.0110339429229, 0.003314740723, 0.0027398657985, 0.00208128313534, 0.00212927861139, 0.00141846644692, 0.00606254534796, 0.00488276965916, 0.00344778294675, 0.00288435653783, 0.00166467542294, 0.00118744571228, 0.000339042308042, 0.000453180808108, 0.000353151321178, 0.00020609186322, 0.00017352613213, 0.000249095668551, 0.000100072851637, 6.24799140496e-05, 6.40863872832e-05, 7.67064630054e-05, 6.77211137372e-05, 9.77812742349e-05, 8.0263853306e-05, 8.22129222797e-05, 0.000115730472316, 6.80961238686e-05, 6.35648975731e-05, 3.82499456464e-05, 4.00801727665e-05, 2.27533037105e-05],
        "mean": [0.00188769295346, 0.00315467081964, 0.00142190733459, 0.000850525218993, 0.00064752943581, 0.000342540908605, 0.000347993947798, 0.000514602230396, 0.000248489930527, 0.000104946397187, 9.81252960628e-05, 7.38430098863e-05, 7.69749749452e-05, 4.68946745968e-05, 8.22057263576e-05, 7.07352155587e-05, 5.83313885727e-05, 4.92030230816e-05, 3.16345212923e-05, 3.2803749491e-05, 2.26477914111e-05, 2.04845928238e-05, 2.16223579628e-05, 1.28721603687e-05, 8.77185539139e-06, 6.726376796e-06, 3.93675372834e-06, 3.23990593643e-06, 3.06129163619e-06, 2.95605013889e-06, 3.1665770166e-06, 3.28389205606e-06, 3.10407517645e-06, 2.83829172076e-06, 2.49284971687e-06, 2.10437542592e-06, 2.0099816993e-06, 1.60520721693e-06, 1.5017452597e-06, 9.68352878772e-07],
        "median": [0.00107663846575, 0.00230482406914, 0.00085142190801, 0.000483705080114, 0.000330109993229, 0.000134444475407, 8.43789239298e-05, 9.88347164821e-05, 4.39517680206e-05, 3.53167633875e-05, 3.41453596775e-05, 2.12014929275e-05, 3.40587866958e-05, 2.08232049772e-05, 1.97330919036e-05, 2.43895156018e-05, 2.93219181913e-05, 1.36282651511e-05, 1.24697317005e-05, 1.46088268593e-05, 9.14005795494e-06, 8.59049123392e-06, 8.54787776916e-06, 6.25936127108e-06, 4.41414249508e-06, 2.71400040219e-06, 1.19707533486e-06, 8.32179352983e-07, 6.45255454401e-07, 6.96991776294e-07, 9.129684031e-07, 9.79243168331e-07, 9.21748437577e-07, 7.99857843958e-07, 6.41831661596e-07, 4.29896118703e-07, 3.20864302239e-07, 3.78156727265e-07, 3.32786868285e-07, 2.39504487354e-07],
        "min": [7.87411846624e-24, 2.23061812103e-23, 1.8995025913e-23, 5.96186204514e-24, 2.72488901861e-23, 8.34024454222e-24, 1.30023343949e-23, 1.12738841424e-23, 6.47056412747e-24, 6.40896000723e-24, 1.5268768852e-23, 7.68984134764e-24, 9.12762633325e-24, 5.17365155574e-24, 7.61484591911e-24, 1.14566308708e-23, 9.91361578477e-24, 7.73527658034e-24, 1.2617915376e-23, 1.36820540273e-23, 8.4904270925e-24, 6.98316397153e-24, 1.34300208566e-23, 5.45903145453e-24, 5.58401581534e-24, 1.23033563012e-23, 1.64046828016e-23, 6.38712275965e-24, 8.88182989695e-24, 1.27922970234e-23, 1.1751406103e-23, 8.30538162338e-24, 6.80053636108e-24, 9.9735565918e-24, 1.20249239004e-23, 1.17704578827e-23, 1.22574793064e-23, 7.71085817988e-24, 9.60034334209e-24, 1.03202917252e-23],
        "var": [8.059875654e-06, 1.31105125547e-05, 3.59583782483e-06, 1.74552906174e-06, 9.32789248509e-07, 4.87493423407e-07, 4.44248939857e-07, 1.31282445182e-06, 4.4607639893e-07, 7.71621628815e-08, 4.88021640876e-08, 3.60978766878e-08, 2.42435156395e-08, 6.78145850586e-09, 7.93407721744e-08, 4.03336457566e-08, 1.77234831256e-08, 1.94821314636e-08, 6.03434591184e-09, 4.0044025873e-09, 1.42776579448e-09, 1.4648288138e-09, 1.19432208567e-09, 3.54067025699e-10, 1.55080989717e-10, 1.29191726761e-10, 5.57978628579e-11, 3.7158821159e-11, 3.8008748926e-11, 3.66253173623e-11, 3.87893155096e-11, 4.20536522272e-11, 4.03831239282e-11, 4.14317677389e-11, 5.18080335576e-11, 3.56785954947e-11, 2.87461339454e-11, 1.46802986434e-11, 1.28255080167e-11, 4.10717987398e-12]
    },
    "mfcc": {
        "mean": [-659.050048828, 131.604064941, 11.2237443924, 22.1167964935, 22.9660720825, 11.1224594116, -4.3571600914, 6.28226947784, -2.83595204353, -2.62375831604, 5.44840478897, -0.881807804108, -3.38463640213],
        "cov": [[9256.38867188, -1306.21948242, -387.313598633, -499.987945557, -876.568786621, -139.85244751, -68.0836029053, -39.5152893066, 116.022338867, 147.441574097, 26.8044757843, 93.8737258911, 185.184967041], [-1306.21948242, 1734.61669922, -450.677246094, -14.9407377243, 179.564239502, -79.0241165161, -25.0022830963, 130.754013062, -16.9606380463, -17.4497184753, 123.765319824, -30.9063434601, -25.9884777069], [-387.313598633, -450.677246094, 698.002929688, 148.022827148, 73.80834198, 159.191848755, 45.506980896, -47.7257804871, 46.7799110413, -9.32754039764, -47.5744590759, 39.7351913452, 10.4531755447], [-499.987945557, -14.9407377243, 148.022827148, 353.059509277, 193.697189331, 55.1161766052, 12.8511571884, 5.50523948669, 39.8850021362, 9.16171073914, -37.7942199707, 5.15703058243, 8.44650554657], [-876.568786621, 179.564239502, 73.80834198, 193.697189331, 370.337341309, 47.753112793, 3.3238055706, 24.4333648682, 19.345872879, 8.12179470062, 8.66232681274, -10.0708293915, 0.375885874033], [-139.85244751, -79.0241165161, 159.191848755, 55.1161766052, 47.753112793, 205.936553955, 62.2476463318, 12.9697065353, 30.4311904907, 42.7214813232, 0.988180994987, 9.6394701004, 2.02238321304], [-68.0836029053, -25.0022830963, 45.506980896, 12.8511571884, 3.3238055706, 62.2476463318, 161.876037598, 40.6761283875, 3.37428164482, 36.1957702637, 2.01506781578, 22.8601589203, 1.61092698574], [-39.5152893066, 130.754013062, -47.7257804871, 5.50523948669, 24.4333648682, 12.9697065353, 40.6761283875, 158.533798218, 41.1238021851, 32.122631073, 48.0745620728, -3.73693394661, -15.3674564362], [116.022338867, -16.9606380463, 46.7799110413, 39.8850021362, 19.345872879, 30.4311904907, 3.37428164482, 41.1238021851, 142.610549927, 49.8370819092, 0.735980212688, 9.72144508362, -3.8335146904], [147.441574097, -17.4497184753, -9.32754039764, 9.16171073914, 8.12179470062, 42.7214813232, 36.1957702637, 32.122631073, 49.8370819092, 145.69140625, 45.0036811829, 7.55057430267, 11.002374649], [26.8044757843, 123.765319824, -47.5744590759, -37.7942199707, 8.66232681274, 0.988180994987, 2.01506781578, 48.0745620728, 0.735980212688, 45.0036811829, 134.5128479, 24.9739494324, -2.11466813087], [93.8737258911, -30.9063434601, 39.7351913452, 5.15703058243, -10.0708293915, 9.6394701004, 22.8601589203, -3.73693394661, 9.72144508362, 7.55057430267, 24.9739494324, 83.9790267944, 26.4427185059], [185.184967041, -25.9884777069, 10.4531755447, 8.44650554657, 0.375885874033, 2.02238321304, 1.61092698574, -15.3674564362, -3.8335146904, 11.002374649, -2.11466813087, 26.4427185059, 94.9516830444]],
