{
"lowlevel": {
    "average_loudness": 0.882908701897,
    "barkbands_crest": {
        "dmean": 2.29475069046,
        "dmean2": 3.71314382553,
        "dvar": 5.02041435242,
        "dvar2": 12.7079601288,
        "max": 24.3611125946,
        "mean": 10.4290475845,
        "median": 9.66128540039,
        "min": 2.87603878975,
        "var": 15.8461408615
    },
    "barkbands_flatness_db": {
        "dmean": 0.0215602498502,
        "dmean2": 0.0330762155354,
        "dvar": 0.000524346833117,
        "dvar2": 0.00123130774591,
        "max": 0.309520602226,
        "mean": 0.130592256784,
        "median": 0.125834017992,
        "min": 0.0233562085778,
        "var": 0.00221250881441
    },
    "barkbands_kurtosis": {
        "dmean": 3.09651637077,
        "dmean2": 5.03941440582,
        "dvar": 29.586517334,
        "dvar2": 79.2606811523,
        "max": 64.9323883057,
        "mean": 4.58116340637,
        "median": 2.25824308395,
        "min": -1.91514742374,
        "var": 50.4551849365
    },
    "barkbands_skewness": {
        "dmean": 0.565135419369,
        "dmean2": 0.87992554903,
        "dvar": 0.453013658524,
        "dvar2": 1.1481782198,
        "max": 7.49392271042,
        "mean": 1.78573668003,
        "median": 1.6767706871,
        "min": -1.95524334908,
        "var": 1.43886291981
    },
    "barkbands_spread": {
        "dmean": 7.1843214035,
        "dmean2": 10.8302555084,
        "dvar": 109.032905579,
        "dvar2": 230.305755615,
        "max": 142.259399414,
        "mean": 25.7273807526,
        "median": 21.3600349426,
        "min": 1.92723429203,
        "var": 355.663543701
    },
    "dissonance": {
        "dmean": 0.0155716752633,
        "dmean2": 0.0255137532949,
        "dvar": 0.000252522964729,
        "dvar2": 0.000617796264123,
        "max": 0.499999880791,
        "mean": 0.4594604671,
        "median": 0.465192347765,
        "min": 0.274746507406,
        "var": 0.000731513428036
    },
    "dynamic_complexity": 3.02334475517,
    "erbbands_crest": {
        "dmean": 2.28911995888,
        "dmean2": 3.61571645737,
        "dvar": 6.01087903976,
        "dvar2": 14.0960664749,
        "max": 29.56316185,
        "mean": 8.68252086639,
        "median": 7.54540061951,
        "min": 2.32616496086,
        "var": 18.0921096802
    },
    "erbbands_flatness_db": {
        "dmean": 0.0162017513067,
        "dmean2": 0.0225650295615,
        "dvar": 0.00029410640127,
        "dvar2": 0.00057183590252,
        "max": 0.283392339945,
        "mean": 0.137316659093,
        "median": 0.134368121624,
        "min": 0.0304945688695,
        "var": 0.00209871074185
    },
    "erbbands_kurtosis": {
        "dmean": 0.63080483675,
        "dmean2": 0.986000359058,
        "dvar": 0.86114692688,
        "dvar2": 2.00282979012,
        "max": 14.2889308929,
        "mean": -0.0477923974395,
        "median": -0.456049203873,
        "min": -1.76759231091,
        "var": 2.00798273087
    },
    "erbbands_skewness": {
        "dmean": 0.296862751245,
        "dmean2": 0.439198106527,
        "dvar": 0.106133900583,
        "dvar2": 0.220343962312,
        "max": 3.4060049057,
        "mean": 0.115221261978,
        "median": 0.0779033005238,
        "min": -3.48509192467,
        "var": 0.47784024477
    },
    "erbbands_spread": {
        "dmean": 8.8127117157,
        "dmean2": 13.4138736725,
        "dvar": 112.445648193,
        "dvar2": 274.424255371,
        "max": 131.940231323,
        "mean": 47.1542854309,
        "median": 44.1221504211,
        "min": 7.69267463684,
        "var": 402.163085938
    },
    "hfc": {
        "dmean": 7.05217981339,
        "dmean2": 10.0671634674,
        "dvar": 184.514373779,
        "dvar2": 417.929779053,
        "max": 146.099578857,
        "mean": 19.7612037659,
        "median": 12.1217184067,
        "min": 1.1731886746e-16,
        "var": 430.522277832
    },
    "melbands_crest": {
        "dmean": 2.9266371727,
        "dmean2": 4.83567476273,
        "dvar": 7.95253562927,
        "dvar2": 20.4989547729,
        "max": 32.0574302673,
        "mean": 15.3209037781,
        "median": 14.5462970734,
        "min": 2.31321907043,
        "var": 27.3956356049
    },
    "melbands_flatness_db": {
        "dmean": 0.0263210181147,
        "dmean2": 0.0405395105481,
        "dvar": 0.000848056166433,
        "dvar2": 0.00197069416754,
        "max": 0.404972374439,
        "mean": 0.199355617166,
        "median": 0.196698457003,
        "min": 0.00548406410962,
        "var": 0.0035433601588
    },
    "melbands_kurtosis": {
        "dmean": 9.02447795868,
        "dmean2": 15.1552190781,
        "dvar": 321.020355225,
        "dvar2": 905.812805176,
        "max": 183.495849609,
        "mean": 16.9057750702,
        "median": 10.9758787155,
        "min": -1.84864068031,
        "var": 401.936340332
    },
    "melbands_skewness": {
        "dmean": 0.801164090633,
        "dmean2": 1.28759908676,
        "dvar": 1.10864508152,
        "dvar2": 2.92807984352,
        "max": 11.4077043533,
        "mean": 3.18471002579,
        "median": 2.97565507889,
        "min": -0.299158424139,
        "var": 2.95664429665
    },
    "melbands_spread": {
        "dmean": 7.62563276291,
        "dmean2": 11.8253507614,
        "dvar": 168.575836182,
        "dvar2": 364.398986816,
        "max": 211.577072144,
        "mean": 24.0327587128,
        "median": 18.131696701,
        "min": 1.73388636112,
        "var": 517.743591309
    },
    "pitch_salience": {
        "dmean": 0.0636593773961,
        "dmean2": 0.103570632637,
        "dvar": 0.00406183162704,
        "dvar2": 0.0100889261812,
        "max": 0.848122537136,
        "mean": 0.501862108707,
        "median": 0.49915549159,
        "min": 0.165528997779,
        "var": 0.0117237875238
    },
    "silence_rate_20dB": {
        "dmean": 0,
        "dmean2": 0,
        "dvar": 0,
        "dvar2": 0,
        "max": 1,
        "mean": 1,
        "median": 1,
        "min": 1,
        "var": 0
    },
    "silence_rate_30dB": {
        "dmean": 0.000773993786424,
        "dmean2": 0.00154858687893,
        "dvar": 0.000773393956479,
        "dvar2": 0.00232047890313,
        "max": 1,
        "mean": 0.999613165855,
        "median": 1,
        "min": 0,
        "var": 0.000386705098208
    },
    "silence_rate_60dB": {
        "dmean": 0.0158668737859,
        "dmean2": 0.0317460335791,
        "dvar": 0.0156151223928,
        "dvar2": 0.0377061776817,
        "max": 1,
        "mean": 0.0359767898917,
        "median": 0,
        "min": 0,
        "var": 0.0346848405898
    },
    "spectral_centroid": {
        "dmean": 265.468719482,
        "dmean2": 407.462249756,
        "dvar": 129665.71875,
        "dvar2": 255311.46875,
        "max": 11443.3125,
        "mean": 1311.25024414,
        "median": 1154.57617188,
        "min": 241.862747192,
        "var": 515476.40625
    },
    "spectral_complexity": {
        "dmean": 2.79334354401,
        "dmean2": 4.22531938553,
        "dvar": 11.5617790222,
        "dvar2": 23.5070571899,
        "max": 49,
        "mean": 15.9543523788,
        "median": 15,
        "min": 0,
        "var": 53.6707572937
    },
    "spectral_decrease": {
        "dmean": 2.31918306781e-09,
        "dmean2": 3.89233800746e-09,
        "dvar": 1.97870139027e-17,
        "dvar2": 5.48110255608e-17,
        "max": -1.05170038882e-28,
        "mean": -6.05859540315e-09,
        "median": -4.47643744295e-09,
        "min": -3.83028364581e-08,
        "var": 2.9654401799e-17
    },
    "spectral_energy": {
        "dmean": 0.00913180410862,
        "dmean2": 0.0152074275538,
        "dvar": 0.000295701931464,
        "dvar2": 0.000813909166027,
        "max": 0.147067219019,
        "mean": 0.0246589500457,
        "median": 0.0183884073049,
        "min": 1.10380984267e-20,
        "var": 0.000468118843855
    },
    "spectral_energyband_high": {
        "dmean": 0.000490877020638,
        "dmean2": 0.000691402063239,
        "dvar": 1.16887736112e-06,
        "dvar2": 2.3969596441e-06,
        "max": 0.0112917125225,
        "mean": 0.00101695000194,
        "median": 0.000350403017364,
        "min": 8.35109914206e-21,
        "var": 2.86126964966e-06
    },
    "spectral_energyband_low": {
        "dmean": 0.00490296958014,
        "dmean2": 0.00863235536963,
        "dvar": 0.000178552916623,
        "dvar2": 0.000513959501404,
        "max": 0.126077711582,
        "mean": 0.00796771701425,
        "median": 0.00397982774302,
        "min": 1.07228789996e-22,
        "var": 0.000155402405653
    },
    "spectral_energyband_middle_high": {
        "dmean": 0.00159451167565,
        "dmean2": 0.0023635532707,
        "dvar": 1.35342334033e-05,
        "dvar2": 3.29547074216e-05,
        "max": 0.0427423268557,
        "mean": 0.00415425933897,
        "median": 0.00223724823445,
        "min": 1.48682655588e-21,
        "var": 3.30198017764e-05
    },
    "spectral_energyband_middle_low": {
        "dmean": 0.00532109243795,
        "dmean2": 0.00866065919399,
        "dvar": 9.03601685422e-05,
        "dvar2": 0.000230451973039,
        "max": 0.11063901335,
        "mean": 0.0134085165337,
        "median": 0.00871373061091,
        "min": 4.78948025497e-22,
        "var": 0.00018428581825
    },
    "spectral_entropy": {
        "dmean": 0.181658253074,
        "dmean2": 0.26270082593,
        "dvar": 0.0446481183171,
        "dvar2": 0.088499724865,
        "max": 9.78446674347,
        "mean": 7.46344137192,
        "median": 7.39404535294,
        "min": 6.04669713974,
        "var": 0.248638644814
    },
    "spectral_flux": {
        "dmean": 0.0249926149845,
        "dmean2": 0.0388266667724,
        "dvar": 0.00130239175633,
        "dvar2": 0.00257928483188,
        "max": 0.329048961401,
        "mean": 0.0688922405243,
        "median": 0.0537719242275,
        "min": 1.05062354649e-10,
        "var": 0.00292596593499
    },
    "spectral_kurtosis": {
        "dmean": 1.28355574608,
        "dmean2": 2.08230900764,
        "dvar": 2.01769328117,
        "dvar2": 5.39234542847,
        "max": 20.2750778198,
        "mean": 4.30345249176,
        "median": 3.98643732071,
        "min": -1.21248352528,
        "var": 6.22876405716
    },
    "spectral_rms": {
        "dmean": 0.000775190419517,
        "dmean2": 0.00124912417959,
        "dvar": 1.32395609853e-06,
        "dvar2": 3.46710726262e-06,
        "max": 0.0119783226401,
        "mean": 0.00449960678816,
        "median": 0.00423555308953,
        "min": 3.28159656567e-12,
        "var": 3.81106997338e-06
    },
    "spectral_rolloff": {
        "dmean": 663.245361328,
        "dmean2": 1093.09130859,
        "dvar": 1995707.5,
        "dvar2": 4225803.5,
        "max": 18238.6230469,
        "mean": 1689.05004883,
        "median": 1184.32617188,
        "min": 86.1328125,
        "var": 4564694
    },
    "spectral_skewness": {
        "dmean": 0.182705894113,
        "dmean2": 0.285014718771,
        "dvar": 0.0348680987954,
        "dvar2": 0.0751648545265,
        "max": 3.373057127,
        "mean": 1.55599033833,
        "median": 1.5509365797,
        "min": -0.0335219241679,
        "var": 0.176017165184
    },
    "spectral_spread": {
        "dmean": 656974,
        "dmean2": 892803.6875,
        "dvar": 1.05944449024e+12,
        "dvar2": 1.6336430039e+12,
        "max": 41179904,
        "mean": 5278203.5,
        "median": 4777838.5,
        "min": 2035335.25,
        "var": 3.96479430656e+12
    },
    "spectral_strongpeak": {
        "dmean": 0.41338634491,
        "dmean2": 0.691488325596,
        "dvar": 0.655546307564,
        "dvar2": 1.56796491146,
        "max": 7.81083440781,
        "mean": 0.854695618153,
        "median": 0.43851467967,
        "min": 0,
        "var": 1.2417371273
    },
    "zerocrossingrate": {
        "dmean": 0.0141769740731,
        "dmean2": 0.0157677233219,
        "dvar": 0.000372526032152,
        "dvar2": 0.000437234295532,
        "max": 0.494140625,
        "mean": 0.0703595355153,
        "median": 0.05810546875,
        "min": 0.0078125,
        "var": 0.0024255188182
    },
    "barkbands": {
        "dmean": [2.65078306256e-05, 0.0025530855637, 0.00185920658987, 0.00264495424926, 0.00187083473429, 0.00097899523098, 0.000875335477758, 0.00061122525949, 0.000456138484878, 0.000280081265373, 0.000225214171223, 0.000327153305989, 0.000484585616505, 0.000321216066368, 0.000216939472011, 0.000131747146952, 0.000148934865138, 0.000117854106065, 0.00010952573939, 7.94885127107e-05, 8.15095118014e-05, 9.18019286473e-05, 7.05315032974e-05, 8.8933025836e-05, 9.03089094209e-05, 8.17931504571e-05, 4.41460033471e-05],
        "dmean2": [4.46473204647e-05, 0.00432842597365, 0.00344324414618, 0.00468079932034, 0.00306940777227, 0.00142672215588, 0.00132140866481, 0.000970241846517, 0.000611163326539, 0.000460371054942, 0.000355342490366, 0.000492148275953, 0.000730371044483, 0.000492645078339, 0.000359452387784, 0.000208930316148, 0.000237059532083, 0.000188001024071, 0.000168892831425, 0.00012567070371, 0.000124469719594, 0.000143319586641, 0.000102131649328, 0.000125374965137, 0.00013459190086, 0.000124534810311, 6.83191537973e-05],
        "dvar": [3.3369589314e-09, 3.9467777242e-05, 3.9530605136e-05, 2.36643245444e-05, 1.64807770489e-05, 7.25748532204e-06, 9.23428979149e-06, 5.27360498381e-06, 4.66934307042e-06, 1.26749898754e-06, 3.20763149375e-07, 8.12780797332e-07, 1.90791638488e-06, 1.02418698589e-06, 7.60288173751e-07, 2.02533897209e-07, 2.03409101118e-07, 9.19731348858e-08, 4.27543653814e-08, 1.945291217e-08, 3.07356309293e-08, 6.25605096616e-08, 3.95745409776e-08, 8.3157992492e-08, 5.1370918186e-08, 6.1102014115e-08, 2.54730938565e-08],
        "dvar2": [8.75574279746e-09, 0.000109968561446, 0.000117203650007, 6.89067965141e-05, 4.37247035734e-05, 1.57540271175e-05, 1.93847154151e-05, 1.29053905766e-05, 7.42787824493e-06, 3.44916838912e-06, 8.34118623061e-07, 1.54926647156e-06, 4.2377500904e-06, 2.38169764089e-06, 2.10758162211e-06, 4.695377811e-07, 4.62825056502e-07, 2.10468328987e-07, 9.64740678455e-08, 4.79289425925e-08, 7.19074222388e-08, 1.46198601669e-07, 7.53932596353e-08, 1.36401965278e-07, 1.14720563715e-07, 1.40652588243e-07, 6.13753172729e-08],
        "max": [0.00052644929383, 0.0719205290079, 0.0596797764301, 0.0551564246416, 0.0463295951486, 0.0579636953771, 0.071553774178, 0.0358500815928, 0.0677247345448, 0.0230373945087, 0.00974912382662, 0.0315446443856, 0.0313498973846, 0.0181012097746, 0.015274733305, 0.012080152519, 0.0139445299283, 0.00785388797522, 0.00322053441778, 0.00224404945038, 0.00350136985071, 0.00499838078395, 0.00482413126156, 0.00503602065146, 0.00317636388354, 0.00274059781805, 0.00180380337406],
        "mean": [4.07934494433e-05, 0.0041231433861, 0.00195578928106, 0.00433334847912, 0.00341691961512, 0.00221021892503, 0.00147593161091, 0.000873461714946, 0.00103097886313, 0.000381669349736, 0.000399781827582, 0.000644475920126, 0.000884838518687, 0.000474129570648, 0.000304947432596, 0.000258522486547, 0.000295136880595, 0.000239707558649, 0.000214087063796, 0.000163682809216, 0.000165010496858, 0.000171282794327, 0.000139478157507, 0.000175642460817, 0.000144074729178, 9.80400509434e-05, 4.38538409071e-05],
        "median": [1.97555027626e-06, 0.000277644081507, 0.000789774232544, 0.00230177398771, 0.00168532750104, 0.00062959297793, 0.000383615726605, 0.000125674443552, 8.68767820066e-05, 7.13142508175e-05, 0.000147951956023, 0.000196643493837, 0.000226032105274, 0.000111758541607, 0.000114276481327, 8.38528430904e-05, 0.000159381394042, 0.000122954777908, 0.000114992988529, 9.27725632209e-05, 6.23451705906e-05, 6.71132147545e-05, 3.73540460714e-05, 3.47437999153e-05, 2.74092435575e-05, 1.34462479764e-05, 2.55608483712e-06],
        "min": [3.3859844339e-23, 1.33508697089e-23, 4.41658292829e-23, 5.59163416065e-23, 5.13170837361e-23, 5.67762883456e-23, 5.22232198589e-23, 3.48985438038e-23, 1.11031238399e-22, 1.97911872526e-22, 4.3492804713e-23, 1.26715888409e-22, 6.56068162513e-23, 1.22034043113e-22, 1.0175115444e-22, 2.30653361382e-22, 1.65213360813e-22, 1.89602819544e-22, 1.60592693257e-22, 4.17796108726e-22, 6.45446497523e-22, 4.75146347023e-22, 6.52284571041e-22, 9.74715423775e-22, 1.28410056186e-21, 1.54665518057e-21, 2.70489999009e-21],
        "var": [5.00916241819e-09, 4.8875266657e-05, 2.38963530137e-05, 2.92900858767e-05, 2.561222027e-05, 1.88316662388e-05, 1.59547071235e-05, 7.88548732089e-06, 2.1560856112e-05, 1.52305347001e-06, 5.19509967489e-07, 2.56262637777e-06, 4.46445801572e-06, 1.62443836871e-06, 6.02612601597e-07, 5.22347079368e-07, 4.07747023701e-07, 1.85770616667e-07, 9.60195478683e-08, 4.31738200746e-08, 6.94553037306e-08, 1.06658546883e-07, 1.11881114151e-07, 2.46141979687e-07, 9.73743681243e-08, 6.78944971355e-08, 2.46237572554e-08]
    },
    "erbbands": {
        "dmean": [0.0436303429306, 0.684159934521, 1.96353781223, 5.55756187439, 9.12134742737, 5.02042150497, 5.65267372131, 8.73614406586, 11.3580360413, 11.9668073654, 13.8068552017, 11.4038286209, 6.82181882858, 10.0830545425, 9.07443904877, 12.8168535233, 22.4936218262, 12.8618860245, 16.7151107788, 9.41623592377, 7.20855665207, 7.40501260757, 6.18537807465, 5.46030855179, 4.30917215347, 3.52995038033, 3.75959634781, 3.09661722183, 2.90635418892, 2.82928276062, 2.02751493454, 1.93596446514, 1.49584436417, 1.11142539978, 0.632511615753, 0.328905493021, 0.156540840864, 0.0488479845226, 0.00827276147902, 0.000281248096144],
        "dmean2": [0.072070159018, 1.1703068018, 3.59828948975, 9.92842960358, 15.6416339874, 8.23832702637, 8.51527118683, 12.7751932144, 16.9610176086, 18.177230835, 21.0175743103, 14.9839668274, 10.1473083496, 16.9455108643, 13.8818750381, 18.7987499237, 33.8408813477, 19.0246086121, 26.3084449768, 15.2967205048, 10.9718770981, 11.9386062622, 10.0110988617, 8.37914943695, 6.67133283615, 5.49464702606, 5.83780622482, 4.76536655426, 4.42088699341, 4.38931894302, 2.94203782082, 2.70386886597, 2.16591525078, 1.60739243031, 0.984091281891, 0.505055725574, 0.238537892699, 0.0746599510312, 0.012809692882, 0.000432544708019],
        "dvar": [0.00916649959981, 3.04841089249, 42.5039863586, 155.208572388, 302.582061768, 124.889877319, 189.473953247, 743.482849121, 1981.33166504, 2371.28027344, 2521.81298828, 3438.00146484, 979.39239502, 1581.87768555, 447.031585693, 1202.38842773, 4535.41552734, 1748.51086426, 3900.27368164, 894.210266113, 794.883972168, 479.44442749, 278.065826416, 93.3225250244, 67.223739624, 48.2410354614, 53.7684326172, 43.3265151978, 58.5520439148, 83.2982177734, 30.9140014648, 35.009979248, 23.7540054321, 8.8288640976, 2.80474638939, 0.891862869263, 0.232046917081, 0.0279434304684, 0.000911912939046, 9.98177711153e-07],
        "dvar2": [0.023790223524, 8.55875396729, 125.122940063, 453.96472168, 848.603088379, 313.580596924, 421.791534424, 1664.41149902, 4076.70703125, 4912.85302734, 6007.16943359, 5490.27929688, 2078.31835938, 4477.94384766, 1033.04040527, 2228.86645508, 10362.5527344, 3635.71362305, 10536.7646484, 2402.69165039, 1932.46398926, 1038.47058105, 692.194091797, 200.566680908, 161.665344238, 113.055297852, 125.527961731, 106.089538574, 133.168838501, 192.993774414, 59.7752075195, 57.0285110474, 43.6238098145, 18.7518768311, 6.68799209595, 2.08493971825, 0.531441032887, 0.0676965266466, 0.00217425310984, 2.35797892856e-06],
        "max": [1.05319929123, 19.187456131, 59.6885185242, 137.319091797, 186.206497192, 199.952560425, 259.511688232, 644.60369873, 1318.70446777, 1347.56787109, 846.687866211, 2146.63378906, 1029.26611328, 485.181182861, 457.554901123, 1218.70507812, 1722.54467773, 955.886230469, 1180.56958008, 424.847961426, 834.271484375, 741.459838867, 323.078735352, 166.573150635, 171.286254883, 133.130279541, 167.707611084, 115.458831787, 162.319564819, 210.205917358, 111.201377869, 111.530799866, 90.5617218018, 52.7768287659, 22.2516441345, 12.1566038132, 5.24627971649, 2.04979538918, 0.354940146208, 0.0110580027103],
        "mean": [0.0873053446412, 1.03002238274, 2.32236242294, 8.59403324127, 15.2892818451, 9.80354690552, 11.2950363159, 19.9812068939, 20.1030864716, 20.9265117645, 23.0827636719, 23.5681991577, 11.6665973663, 13.3816490173, 18.972202301, 27.8479938507, 43.0812187195, 20.9542655945, 24.765542984, 15.5323591232, 14.4831581116, 15.0861110687, 13.1939315796, 11.8005647659, 9.6125497818, 7.26168251038, 7.72284793854, 5.936211586, 5.55416822433, 5.12632703781, 4.02066802979, 3.76530528069, 2.79792666435, 1.85399365425, 0.910538494587, 0.417864233255, 0.183247208595, 0.051532484591, 0.00819584913552, 0.000312926189508],
        "median": [0.00219101272523, 0.115356758237, 1.01208746433, 4.90501356125, 8.1516084671, 5.210688591, 4.04213190079, 5.71746683121, 4.67871332169, 6.85467147827, 2.28860759735, 2.10488152504, 1.81209218502, 4.54020404816, 8.08481216431, 9.18904590607, 12.2697086334, 5.48732852936, 7.42893362045, 5.45681715012, 6.23421239853, 8.0855255127, 7.28368663788, 6.83255147934, 5.37326717377, 4.00813913345, 3.31097149849, 2.42097115517, 2.26576900482, 1.55745995045, 1.08128023148, 0.791978895664, 0.559163928032, 0.37865921855, 0.15030041337, 0.0639594942331, 0.020896198228, 0.00482643628493, 0.00048149455688, 4.87072866235e-05],
        "min": [5.76014116089e-22, 3.24046995226e-21, 3.78559595076e-20, 1.49333332903e-19, 1.95443559722e-19, 1.36985271191e-19, 3.8058561889e-19, 3.62001274519e-19, 8.08461722086e-19, 5.21060816784e-19, 1.36667711384e-18, 2.50025514466e-18, 5.66138872125e-18, 3.99260932448e-18, 2.52926560951e-18, 5.34507154629e-18, 3.22554447654e-18, 4.91640463258e-18, 7.15840282306e-18, 6.79793612367e-18, 1.50990802776e-17, 8.03407028158e-18, 8.28588887546e-18, 8.76982923847e-18, 1.24249112363e-17, 2.03788566679e-17, 2.40153510902e-17, 2.25436793208e-17, 1.79997032464e-17, 1.71341000944e-17, 1.88917149667e-17, 1.75326621833e-17, 1.93485602015e-17, 1.21475865282e-17, 8.92180051497e-18, 4.42818112836e-18, 3.06396487684e-18, 1.63396367498e-18, 3.84515915872e-19, 3.65684334971e-20],
        "var": [0.0199881233275, 3.35985732079, 27.6782722473, 134.941177368, 428.367706299, 235.445266724, 385.853820801, 1754.07910156, 3659.03295898, 3914.38989258, 5011.39746094, 13289.0273438, 2359.07543945, 1298.52758789, 1033.68103027, 4371.71972656, 10111.1044922, 3253.73583984, 3885.18383789, 1161.44665527, 1545.5111084, 1033.89453125, 495.918273926, 234.413375854, 156.722854614, 104.265678406, 138.27041626, 77.3796081543, 107.043083191, 152.153015137, 89.8454666138, 103.772171021, 64.1983413696, 19.6831245422, 3.97624778748, 1.01785254478, 0.258353114128, 0.027648223564, 0.000882761320099, 9.95136133497e-07]
    },
    "gfcc": {
        "mean": [-2.05245161057, 71.9365844727, -105.611595154, 29.7569026947, -50.1078681946, 7.61605644226, -44.9355506897, -6.24580383301, -34.5049247742, -2.89043045044, -15.8771409988, -2.02489805222, -19.326833725],
        "cov": [[9549.734375, -401.98425293, 598.340576172, -38.7814750671, -124.309486389, 262.172393799, 38.1510543823, 255.510925293, 51.4473800659, 272.988983154, 11.1866130829, 207.156036377, -66.7949523926], [-401.98425293, 1601.66442871, -565.496520996, -21.1364517212, 52.9756736755, -174.126159668, -21.3563652039, -99.5087738037, 82.8104476929, -115.961395264, 62.8773384094, -120.652442932, 3.53330659866], [598.340576172, -565.496520996, 908.398925781, 182.380447388, 218.462310791, 240.509933472, 164.224121094, 152.543365479, 80.6626815796, 175.243667603, 56.3553543091, 167.328399658, 72.7022857666], [-38.7814750671, -21.1364517212, 182.380447388, 405.989746094, 131.459625244, 128.793518066, 43.2401123047, 10.6729946136, 3.80333781242, 15.7175855637, 55.3015670776, 50.7779426575, 77.9710464478], [-124.309486389, 52.9756736755, 218.462310791, 131.459625244, 331.760437012, 97.4881820679, 125.169616699, 62.7894554138, 67.8584594727, 68.9199371338, 40.3018798828, 66.8323669434, 48.2515869141], [262.172393799, -174.126159668, 240.509933472, 128.793518066, 97.4881820679, 241.040557861, 133.838165283, 98.6105651855, 50.9725036621, 70.5361328125, 49.8022842407, 51.5313720703, 32.4047546387], [38.1510543823, -21.3563652039, 164.224121094, 43.2401123047, 125.169616699, 133.838165283, 238.936065674, 99.6092987061, 57.0990715027, 67.3269729614, 49.5829734802, 58.2501525879, 22.909992218], [255.510925293, -99.5087738037, 152.543365479, 10.6729946136, 62.7894554138, 98.6105651855, 99.6092987061, 152.458053589, 82.6897583008, 68.4740371704, 30.4432830811, 37.5653190613, 5.55389595032], [51.4473800659, 82.8104476929, 80.6626815796, 3.80333781242, 67.8584594727, 50.9725036621, 57.0990715027, 82.6897583008, 141.907485962, 64.4651870728, 25.6288757324, 2.05088567734, 6.22534275055], [272.988983154, -115.961395264, 175.243667603, 15.7175855637, 68.9199371338, 70.5361328125, 67.3269729614, 68.4740371704, 64.4651870728, 128.634643555, 43.691986084, 48.1752357483, 18.0051956177], [11.1866130829, 62.8773384094, 56.3553543091, 55.3015670776, 40.3018798828, 49.8022842407, 49.5829734802, 30.4432830811, 25.6288757324, 43.691986084, 90.5419235229, 45.9525642395, 22.9525680542], [207.156036377, -120.652442932, 167.328399658, 50.7779426575, 66.8323669434, 51.5313720703, 58.2501525879, 37.5653190613, 2.05088567734, 48.1752357483, 45.9525642395, 123.762733459, 55.5862579346], [-66.7949523926, 3.53330659866, 72.7022857666, 77.9710464478, 48.2515869141, 32.4047546387, 22.909992218, 5.55389595032, 6.22534275055, 18.0051956177, 22.9525680542, 55.5862579346, 95.4761886597]],
        "icov": [[0.000137388167786, -0.000108191779873, -5.11481994181e-05, -2.46229101322e-05, 0.000181989933481, -0.000203243209398, 0.000174830856849, -0.000213280480239, 0.000181495634024, -0.000386316649383, 0.000381485035177, -0.000427571067121, 0.00032488029683], [-0.000108191779873, 0.00139103014953, 0.000625822343864, 3.37945093634e-05, -0.000754790089559, 0.000953806913458, -0.000637874065433, 0.000919462938327, -0.00167602882721, 0.00157409219537, -0.00226213014685, 0.0013765898766, -0.000919203448575], [-5.11481994181e-05, 0.000625822343864, 0.00254894630052, -0.000477066612802, -0.000753299915232, -0.000755807559472, -1.27571456687e-05, -5.25789473613e-05, -0.000675728661008, -0.00116327707656, 0.000599343329668, -0.00161019805819, 8.98605285329e-05], [-2.46229101322e-05, 3.37945093634e-05, -0.000477066612802, 0.00418426096439, -0.00128174910787, -0.00203875242732, 0.000923995045014, 0.000788274162915, 0.000450147286756, 0.00154759769794, -0.00220945314504, 0.00119677151088, -0.00248695537448], [0.000181989933481, -0.000754790089559, -0.000753299915232, -0.00128174910787, 0.00535757094622, -0.000127968058223, -0.00146976823453, 8.87935748324e-05, -0.000793622282799, -0.00158572173677, 0.00211878982373, -0.00204895716161, 0.00049329106696], [-0.000203243209398, 0.000953806913458, -0.000755807559472, -0.00203875242732, -0.000127968058223, 0.00996454339474, -0.00358570530079, -0.00227640289813, -0.000479568727314, 0.000595124671236, -0.00288962689228, 0.00286805885844, -0.00131756206974], [0.000174830856849, -0.000637874065433, -1.27571456687e-05, 0.000923995045014, -0.00146976823453, -0.00358570530079, 0.00842354539782, -0.00301709561609, 0.00110822776332, -0.000962303660344, -0.000152222433826, -0.00199518003501, 0.000822466041427], [-0.000213280480239, 0.000919462938327, -5.25789473613e-05, 0.000788274162915, 8.87935748324e-05, -0.00227640289813, -0.00301709561609, 0.0153224635869, -0.00739745702595, 0.000312138814479, -0.000942247104831, -0.00158304325305, 0.00134508288465], [0.000181495634024, -0.00167602882721, -0.000675728661008, 0.000450147286756, -0.000793622282799, -0.000479568727314, 0.00110822776332, -0.00739745702595, 0.0153515040874, -0.00611648755148, 0.000931359711103, 0.00335533008911, -0.000960706791375], [-0.000386316649383, 0.00157409219537, -0.00116327707656, 0.00154759769794, -0.00158572173677, 0.000595124671236, -0.000962303660344, 0.000312138814479, -0.00611648755148, 0.017770987004, -0.00725412415341, 0.000620682316367, -0.0014643719187], [0.000381485035177, -0.00226213014685, 0.000599343329668, -0.00220945314504, 0.00211878982373, -0.00288962689228, -0.000152222433826, -0.000942247104831, 0.000931359711103, -0.00725412415341, 0.0215754564852, -0.00887546036392, 0.00298768118955], [-0.000427571067121, 0.0013765898766, -0.00161019805819, 0.00119677151088, -0.00204895716161, 0.00286805885844, -0.00199518003501, -0.00158304325305, 0.00335533008911, 0.000620682316367, -0.00887546036392, 0.020456533879, -0.00958034489304], [0.00032488029683, -0.000919203448575, 8.98605285329e-05, -0.00248695537448, 0.00049329106696, -0.00131756206974, 0.000822466041427, 0.00134508288465, -0.000960706791375, -0.0014643719187, 0.00298768118955, -0.00958034489304, 0.0178181938827]]
    },
    "melbands": {
        "dmean": [0.000567450537346, 0.000986496335827, 0.00109356292523, 0.000497990462463, 0.000187666504644, 0.00019659595273, 0.000168856422533, 0.000130031054141, 0.000110510416562, 6.49701323709e-05, 3.43257124769e-05, 4.21458207711e-05, 3.23319836752e-05, 3.42653038388e-05, 5.14089151693e-05, 3.87980180676e-05, 2.40083809331e-05, 3.12995180138e-05, 1.33293860927e-05, 1.10083592517e-05, 9.33798128244e-06, 8.13539190858e-06, 7.75313765189e-06, 5.45083958059e-06, 4.68543339593e-06, 4.31026410297e-06, 2.94047822536e-06, 2.47700495493e-06, 2.46657191383e-06, 2.31001308748e-06, 1.88848810012e-06, 1.74873775904e-06, 1.82293456419e-06, 1.4977392766e-06, 1.21025823319e-06, 1.21337313885e-06, 1.29989075504e-06, 1.12417478704e-06, 1.00462580122e-06, 9.28236602249e-07],
        "dmean2": [0.000951459340286, 0.00175720034167, 0.00194246997125, 0.000831633922644, 0.000282659369987, 0.000285837537376, 0.000252734549576, 0.000200569324079, 0.000162300129887, 8.52214288898e-05, 5.12001352035e-05, 7.09525775164e-05, 5.0088208809e-05, 5.12848928338e-05, 7.75789230829e-05, 5.762357614e-05, 3.62559367204e-05, 4.9293772463e-05, 2.21459540626e-05, 1.77530764631e-05, 1.43570077853e-05, 1.31237320602e-05, 1.24676407722e-05, 8.74832767295e-06, 7.22872755432e-06, 6.70711051498e-06, 4.68319194624e-06, 3.91617140849e-06, 3.9527512854e-06, 3.61565139428e-06, 2.93421453534e-06, 2.71247517958e-06, 2.86796534965e-06, 2.31958165386e-06, 1.81938412425e-06, 1.75105242306e-06, 1.83897930128e-06, 1.69962254404e-06, 1.45941021401e-06, 1.3653015003e-06],
        "dvar": [1.75309855877e-06, 8.9928662419e-06, 4.66267647425e-06, 1.03885224689e-06, 1.8157481918e-07, 3.37130046546e-07, 3.72254788772e-07, 2.57922948776e-07, 1.55522698719e-07, 1.09428356154e-07, 2.42204780676e-08, 2.83847274574e-08, 5.81106807118e-09, 1.2909228353e-08, 1.62770330547e-08, 1.43568357203e-08, 6.87671253274e-09, 1.335880917e-08, 2.57648302693e-09, 1.05859654376e-09, 1.52968282485e-09, 5.66748259434e-10, 6.71987077094e-10, 1.22022850157e-10, 7.23191576069e-11, 7.63530697001e-11, 3.24149318498e-11, 2.72678615798e-11, 1.6357849103e-11, 3.54646451095e-11, 1.7720125714e-11, 1.76915010419e-11, 3.76201014785e-11, 2.3763515461e-11, 1.20916939655e-11, 1.11738777953e-11, 1.75336602876e-11, 1.3937439744e-11, 9.54413457988e-12, 6.24885559963e-12],
        "dvar2": [4.81913912154e-06, 2.60520209849e-05, 1.36529470183e-05, 2.83624967778e-06, 4.00775235221e-07, 7.3848775628e-07, 7.69542225498e-07, 5.49744811451e-07, 3.34720311912e-07, 1.71666442839e-07, 4.95763678998e-08, 8.02847281989e-08, 1.46826701908e-08, 2.21812914702e-08, 3.39193206855e-08, 3.23413118508e-08, 1.48221381835e-08, 3.56121354628e-08, 7.17998194233e-09, 2.54044119075e-09, 3.8681569059e-09, 1.21516452456e-09, 1.65261437868e-09, 2.94516772081e-10, 1.58504764869e-10, 1.81108725239e-10, 8.21191586953e-11, 6.10381398203e-11, 4.14529348347e-11, 8.09667818902e-11, 4.46264865339e-11, 4.08991070178e-11, 9.01533708797e-11, 5.46864706297e-11, 2.57450241681e-11, 2.10645598187e-11, 2.99405431003e-11, 2.81362468046e-11, 1.73049005681e-11, 1.42937762321e-11],
        "max": [0.0156644918025, 0.0275377649814, 0.0223380103707, 0.011784161441, 0.0074497484602, 0.0129896085709, 0.0168220493942, 0.0131158372387, 0.00721028074622, 0.0125693362206, 0.00505374418572, 0.00199718261138, 0.00135857972782, 0.00476754177362, 0.00209230161272, 0.00295212864876, 0.0020642534364, 0.00214094761759, 0.000730049563572, 0.000667397922371, 0.00112605746835, 0.00078155688243, 0.000605307344813, 0.000298271159409, 0.000139013878652, 0.000170819155755, 7.00208693161e-05, 0.000117180075904, 6.26680121059e-05, 0.000140102332807, 7.90243720985e-05, 7.54410648369e-05, 0.000142190125189, 0.000121937075164, 7.29700404918e-05, 8.13029255369e-05, 6.93706533639e-05, 6.72709429637e-05, 6.79563745507e-05, 4.74155458505e-05],
        "mean": [0.00100081122946, 0.00129841803573, 0.0017852805322, 0.000917228113394, 0.000393844908103, 0.000451258063549, 0.000295337755233, 0.000216738771996, 0.000199549016543, 0.000134463844006, 5.58858118893e-05, 5.4024389101e-05, 6.28780835541e-05, 6.70751614962e-05, 0.000106040446553, 6.78958676872e-05, 3.61313977919e-05, 4.4718690333e-05, 1.93231790035e-05, 2.01053753699e-05, 1.69494433067e-05, 1.56471232913e-05, 1.3964558093e-05, 1.14758058771e-05, 9.33126102609e-06, 8.37809056975e-06, 6.08025175097e-06, 4.40892290499e-06, 4.80109656564e-06, 4.19341586166e-06, 3.30142438543e-06, 3.22737128045e-06, 3.04428021991e-06, 2.64294953922e-06, 2.25150984079e-06, 2.23836627811e-06, 2.36083383243e-06, 2.01334341909e-06, 1.72063289483e-06, 1.49254412918e-06],
        "median": [4.160253593e-05, 0.000439225230366, 0.00104766944423, 0.000521043140907, 0.000168146332726, 0.0001401254558, 7.01776152709e-05, 6.03691332799e-05, 1.49418001456e-05, 1.17343288366e-05, 8.61352054926e-06, 1.6762103769e-05, 2.5804480174e-05, 1.97849403776e-05, 2.9607608667e-05, 1.61380994541e-05, 8.65061792865e-06, 1.12953530333e-05, 7.77788318373e-06, 5.2897862588e-06, 7.17865623301e-06, 8.37998413772e-06, 6.20772061666e-06, 6.22997958999e-06, 5.12819906362e-06, 4.20332071371e-06, 3.13441978506e-06, 2.17549290937e-06, 2.38957704823e-06, 1.38982409226e-06, 1.29172906327e-06, 1.29482737066e-06, 1.02641752164e-06, 7.15012390629e-07, 5.88352520481e-07, 5.26443898252e-07, 4.52717813459e-07, 3.9593410861e-07, 2.91232481686e-07, 3.28010798967e-07],
        "min": [6.01322004551e-24, 1.43599868897e-23, 2.66708034485e-23, 1.18738294269e-23, 1.08333597582e-23, 1.02948864598e-23, 1.11923806114e-23, 5.99289149442e-24, 1.37266230907e-23, 1.60721321761e-23, 2.73251225486e-23, 1.56824664434e-23, 6.00706890261e-24, 1.52130216296e-23, 9.24377979065e-24, 7.29070928404e-24, 8.98332552988e-24, 1.26151464742e-23, 6.56713056303e-24, 1.24329921803e-23, 1.90496292872e-23, 8.95701070781e-24, 5.67557219529e-24, 9.20455131556e-24, 6.60886722137e-24, 6.46737042409e-24, 1.15394746765e-23, 1.43959242371e-23, 1.25467964099e-23, 2.04445404714e-23, 1.01082640577e-23, 9.46731772764e-24, 1.04882812327e-23, 1.01283232128e-23, 1.16990312609e-23, 8.8205882583e-24, 1.17388955579e-23, 1.54282355063e-23, 1.23067649691e-23, 9.03746426495e-24],
        "var": [2.65582207248e-06, 6.91952709531e-06, 4.74582111565e-06, 1.55913176059e-06, 3.92750706624e-07, 8.28347310744e-07, 6.82383472395e-07, 4.11882439266e-07, 4.23273604611e-07, 4.4131459731e-07, 5.76840726296e-08, 2.32921166798e-08, 1.07247775105e-08, 3.76053925777e-08, 5.17529734623e-08, 2.87471202398e-08, 1.12723572698e-08, 1.44762282162e-08, 2.06415107229e-09, 2.69214628368e-09, 2.56556664802e-09, 1.22709775674e-09, 9.28071341999e-10, 3.08608499866e-10, 1.64246949375e-10, 1.60216159784e-10, 6.91769627692e-11, 5.42524081215e-11, 4.05741620857e-11, 6.91631821259e-11, 2.69010456272e-11, 3.15088545533e-11, 5.64283689219e-11, 4.44200995431e-11, 3.07534241129e-11, 3.05224873154e-11, 4.73081400443e-11, 3.33234308203e-11, 2.58816214987e-11, 1.17998579657e-11]
    },
    "mfcc": {
        "mean": [-648.777587891, 108.843238831, 1.93749809265, 23.4322052002, 9.41296958923, 7.85397577286, 0.706707000732, -4.14339160919, -13.2907991409, -11.6042852402, -5.03855752945, -1.45910263062, -3.04017686844],
        "cov": [[4558.27197266, -477.178070068, 563.235900879, -106.833854675, 16.4007301331, 100.982345581, 158.364608765, 153.550521851, 173.359939575, 167.959655762, 238.617843628, 131.326477051, 77.6696395874], [-477.178070068, 1180.76513672, -366.725402832, 24.695356369, -30.1803131104, -53.2244262695, -78.7903289795, -2.77788114548, -34.6766853333, 0.224080115557, 35.7247772217, 0.67006367445, -12.321844101], [563.235900879, -366.725402832, 590.253234863, 77.5286560059, 127.039619446, 142.52444458, 124.448120117, 80.8039474487, 105.210975647, 54.9197158813, 59.2611579895, 94.2544937134, 72.4712142944], [-106.833854675, 24.695356369, 77.5286560059, 273.907562256, 138.312179565, 108.334472656, 72.5531845093, 32.7071228027, 39.0551948547, -11.8583688736, -28.2635955811, 34.2541275024, 54.7273788452], [16.4007301331, -30.1803131104, 127.039619446, 138.312179565, 241.763198853, 105.96749115, 55.1312446594, 38.0287628174, 68.0748596191, 24.2117862701, 14.1209049225, 49.6635284424, 47.4565429688], [100.982345581, -53.2244262695, 142.52444458, 108.334472656, 105.96749115, 188.260116577, 120.024368286, 65.5845565796, 68.0735321045, 40.2496566772, 24.2690448761, 53.328742981, 46.9573516846], [158.364608765, -78.7903289795, 124.448120117, 72.5531845093, 55.1312446594, 120.024368286, 195.241897583, 93.6629180908, 58.0354423523, 32.8847579956, 44.8374633789, 51.4266586304, 50.1521377563], [153.550521851, -2.77788114548, 80.8039474487, 32.7071228027, 38.0287628174, 65.5845565796, 93.6629180908, 148.435134888, 63.3173561096, 55.4372596741, 52.7796707153, 35.584815979, 34.4783935547], [173.359939575, -34.6766853333, 105.210975647, 39.0551948547, 68.0748596191, 68.0735321045, 58.0354423523, 63.3173561096, 141.210983276, 58.403377533, 44.3394203186, 58.3721389771, 35.7828330994], [167.959655762, 0.224080115557, 54.9197158813, -11.8583688736, 24.2117862701, 40.2496566772, 32.8847579956, 55.4372596741, 58.403377533, 160.987136841, 72.4776000977, 25.6085071564, 15.6065044403], [238.617843628, 35.7247772217, 59.2611579895, -28.2635955811, 14.1209049225, 24.2690448761, 44.8374633789, 52.7796707153, 44.3394203186, 72.4776000977, 156.453521729, 48.8008842468, 20.6232624054], [131.326477051, 0.67006367445, 94.2544937134, 34.2541275024, 49.6635284424, 53.328742981, 51.4266586304, 35.584815979, 58.3721389771, 25.6085071564, 48.8008842468, 121.338432312, 46.1346282959], [77.6696395874, -12.321844101, 72.4712142944, 54.7273788452, 47.4565429688, 46.9573516846, 50.1521377563, 34.4783935547, 35.7828330994, 15.6065044403, 20.6232624054, 46.1346282959, 96.5947036743]],
