{
"lowlevel": {
    "average_loudness": 0.868774831295,
    "barkbands_crest": {
        "dmean": 3.34835076332,
        "dmean2": 5.62532043457,
        "dvar": 8.66571044922,
        "dvar2": 24.8839302063,
        "max": 25.0895824432,
        "mean": 12.6867856979,
        "median": 11.9965667725,
        "min": 2.33175730705,
        "var": 20.3993453979
    },
    "barkbands_flatness_db": {
        "dmean": 0.0328933931887,
        "dmean2": 0.0498701818287,
        "dvar": 0.0010498217307,
        "dvar2": 0.00227659521624,
        "max": 0.445970863104,
        "mean": 0.186953797936,
        "median": 0.178299248219,
        "min": 0.0390004701912,
        "var": 0.0052954624407
    },
    "barkbands_kurtosis": {
        "dmean": 9.42271900177,
        "dmean2": 15.5656604767,
        "dvar": 174.564620972,
        "dvar2": 469.597503662,
        "max": 167.171081543,
        "mean": 17.2582111359,
        "median": 12.0001392365,
        "min": -1.88217747211,
        "var": 316.02053833
    },
    "barkbands_skewness": {
        "dmean": 0.894839048386,
        "dmean2": 1.43535363674,
        "dvar": 0.80628657341,
        "dvar2": 2.09754347801,
        "max": 9.83336544037,
        "mean": 3.05445289612,
        "median": 2.84865069389,
        "min": -4.86390590668,
        "var": 2.21741175652
    },
    "barkbands_spread": {
        "dmean": 6.34388017654,
        "dmean2": 10.0967006683,
        "dvar": 93.8825378418,
        "dvar2": 214.627944946,
        "max": 107.036361694,
        "mean": 13.4563894272,
        "median": 8.90255641937,
        "min": 0.55067551136,
        "var": 193.549072266
    },
    "dissonance": {
        "dmean": 0.0249679014087,
        "dmean2": 0.0411987714469,
        "dvar": 0.00061079277657,
        "dvar2": 0.00163518812042,
        "max": 0.500000059605,
        "mean": 0.451893895864,
        "median": 0.459557682276,
        "min": 0.169421851635,
        "var": 0.00118408771232
    },
    "dynamic_complexity": 2.85087108612,
    "erbbands_crest": {
        "dmean": 3.12172007561,
        "dmean2": 5.12311172485,
        "dvar": 7.95731639862,
        "dvar2": 20.4568634033,
        "max": 26.448928833,
        "mean": 10.5157289505,
        "median": 9.79091358185,
        "min": 2.77641606331,
        "var": 20.1201152802
    },
    "erbbands_flatness_db": {
        "dmean": 0.0266476292163,
        "dmean2": 0.0407751053572,
        "dvar": 0.00061872752849,
        "dvar2": 0.0014464657288,
        "max": 0.325515896082,
        "mean": 0.151083186269,
        "median": 0.149503320456,
        "min": 0.0518242940307,
        "var": 0.00193802744616
    },
    "erbbands_kurtosis": {
        "dmean": 2.42297124863,
        "dmean2": 3.94660520554,
        "dvar": 11.0976724625,
        "dvar2": 27.7171401978,
        "max": 32.6318283081,
        "mean": 2.50650191307,
        "median": 0.848370075226,
        "min": -1.82940816879,
        "var": 23.426530838
    },
    "erbbands_skewness": {
        "dmean": 0.614121377468,
        "dmean2": 0.970979034901,
        "dvar": 0.34745696187,
        "dvar2": 0.854504823685,
        "max": 5.36258029938,
        "mean": 1.25248456001,
        "median": 1.20920181274,
        "min": -3.37728595734,
        "var": 1.15078413486
    },
    "erbbands_spread": {
        "dmean": 14.524515152,
        "dmean2": 23.1449069977,
        "dvar": 267.360137939,
        "dvar2": 643.194396973,
        "max": 158.723358154,
        "mean": 44.4328956604,
        "median": 40.9379463196,
        "min": 4.72656679153,
        "var": 572.729003906
    },
    "hfc": {
        "dmean": 8.20254898071,
        "dmean2": 12.642583847,
        "dvar": 285.357910156,
        "dvar2": 595.370300293,
        "max": 277.159118652,
        "mean": 15.8226089478,
        "median": 9.06335639954,
        "min": 1.1939239088e-16,
        "var": 543.068969727
    },
    "melbands_crest": {
        "dmean": 3.69937396049,
        "dmean2": 6.19499063492,
        "dvar": 10.1539525986,
        "dvar2": 28.4405670166,
        "max": 32.5173072815,
        "mean": 16.0595741272,
        "median": 15.4855566025,
        "min": 2.23444485664,
        "var": 25.6535549164
    },
    "melbands_flatness_db": {
        "dmean": 0.0381569936872,
        "dmean2": 0.0568633638322,
        "dvar": 0.00147951149847,
        "dvar2": 0.00312461098656,
        "max": 0.571967482567,
        "mean": 0.281257122755,
        "median": 0.278582751751,
        "min": 0.00411205878481,
        "var": 0.0084720980376
    },
    "melbands_kurtosis": {
        "dmean": 17.1561412811,
        "dmean2": 28.0146808624,
        "dvar": 613.246154785,
        "dvar2": 1554.7401123,
        "max": 336.260986328,
        "mean": 34.4923820496,
        "median": 24.3352413177,
        "min": -1.85509991646,
        "var": 1041.29870605
    },
    "melbands_skewness": {
        "dmean": 1.09449112415,
        "dmean2": 1.76773500443,
        "dvar": 1.37374687195,
        "dvar2": 3.31875514984,
        "max": 14.5483541489,
        "mean": 3.94596028328,
        "median": 3.63347244263,
        "min": -1.74988973141,
        "var": 3.4897081852
    },
    "melbands_spread": {
        "dmean": 4.67138957977,
        "dmean2": 7.37732982635,
        "dvar": 109.953781128,
        "dvar2": 257.303588867,
        "max": 253.662506104,
        "mean": 10.3389530182,
        "median": 6.82049703598,
        "min": 0.51856225729,
        "var": 225.028213501
    },
    "pitch_salience": {
        "dmean": 0.0867486521602,
        "dmean2": 0.143694370985,
        "dvar": 0.00587844336405,
        "dvar2": 0.015637980774,
        "max": 0.896031141281,
        "mean": 0.542090773582,
        "median": 0.549639165401,
        "min": 0.17283578217,
        "var": 0.0146595779806
    },
    "silence_rate_20dB": {
        "dmean": 0,
        "dmean2": 0,
        "dvar": 0,
        "dvar2": 0,
        "max": 1,
        "mean": 1,
        "median": 1,
        "min": 1,
        "var": 0
    },
    "silence_rate_30dB": {
        "dmean": 0.0843653231859,
        "dmean2": 0.168795973063,
        "dvar": 0.077247031033,
        "dvar2": 0.169727995992,
        "max": 1,
        "mean": 0.901353955269,
        "median": 1,
        "min": 0,
        "var": 0.0889152511954
    },
    "silence_rate_60dB": {
        "dmean": 0.0135448919609,
        "dmean2": 0.027100270614,
        "dvar": 0.0133611382917,
        "dvar2": 0.036430452019,
        "max": 1,
        "mean": 0.0224371366203,
        "median": 0,
        "min": 0,
        "var": 0.0219338033348
    },
    "spectral_centroid": {
        "dmean": 258.417755127,
        "dmean2": 409.249938965,
        "dvar": 158580.28125,
        "dvar2": 304368.53125,
        "max": 11218.9316406,
        "mean": 795.776184082,
        "median": 618.284423828,
        "min": 187.66368103,
        "var": 387537.71875
    },
    "spectral_complexity": {
        "dmean": 3.66369962692,
        "dmean2": 5.65311670303,
        "dvar": 24.3191738129,
        "dvar2": 48.1839103699,
        "max": 51,
        "mean": 11.3930368423,
        "median": 9,
        "min": 0,
        "var": 55.3751220703
    },
    "spectral_decrease": {
        "dmean": 4.84414286461e-09,
        "dmean2": 7.82711317981e-09,
        "dvar": 5.50322864485e-17,
        "dvar2": 1.33366065464e-16,
        "max": 8.22501183745e-29,
        "mean": -1.13539542212e-08,
        "median": -7.17009518425e-09,
        "min": -6.90118042712e-08,
        "var": 1.26181492301e-16
    },
    "spectral_energy": {
        "dmean": 0.0187430344522,
        "dmean2": 0.0302195474505,
        "dvar": 0.000809773046058,
        "dvar2": 0.00196003261954,
        "max": 0.269287735224,
        "mean": 0.044287558645,
        "median": 0.0284608341753,
        "min": 1.05188107556e-20,
        "var": 0.0018673313316
    },
    "spectral_energyband_high": {
        "dmean": 0.000697113806382,
        "dmean2": 0.00106771825813,
        "dvar": 4.16984812546e-06,
        "dvar2": 8.98971393326e-06,
        "max": 0.0404807478189,
        "mean": 0.000871559546795,
        "median": 0.000168363301782,
        "min": 7.73299166051e-21,
        "var": 7.09930509402e-06
    },
    "spectral_energyband_low": {
        "dmean": 0.0132873300463,
        "dmean2": 0.0213383492082,
        "dvar": 0.000613507465459,
        "dvar2": 0.00154813332483,
        "max": 0.243632405996,
        "mean": 0.0260707773268,
        "median": 0.008843366988,
        "min": 8.56518034074e-23,
        "var": 0.00121285323985
    },
    "spectral_energyband_middle_high": {
        "dmean": 0.000636297743767,
        "dmean2": 0.000973636982962,
        "dvar": 1.30334353798e-06,
        "dvar2": 2.9252485092e-06,
        "max": 0.0144679052755,
        "mean": 0.00125548662618,
        "median": 0.000608902832028,
        "min": 1.48736000256e-21,
        "var": 2.67896803052e-06
    },
    "spectral_energyband_middle_low": {
        "dmean": 0.0101165398955,
        "dmean2": 0.0172271225601,
        "dvar": 0.000266295886831,
        "dvar2": 0.000704358681105,
        "max": 0.148614868522,
        "mean": 0.0180855561048,
        "median": 0.012667006813,
        "min": 2.14644483228e-22,
        "var": 0.000317359721521
    },
    "spectral_entropy": {
        "dmean": 0.29498514533,
        "dmean2": 0.448693573475,
        "dvar": 0.0887354165316,
        "dvar2": 0.198589965701,
        "max": 9.81067180634,
        "mean": 7.22180986404,
        "median": 7.23819589615,
        "min": 5.45781850815,
        "var": 0.329598218203
    },
    "spectral_flux": {
        "dmean": 0.0365424342453,
        "dmean2": 0.0575445257127,
        "dvar": 0.00197828398086,
        "dvar2": 0.00410498166457,
        "max": 0.391656339169,
        "mean": 0.0959618836641,
        "median": 0.0740119889379,
        "min": 1.02561251158e-10,
        "var": 0.00445279479027
    },
    "spectral_kurtosis": {
        "dmean": 2.06355071068,
        "dmean2": 3.3453502655,
        "dvar": 7.15725851059,
        "dvar2": 18.7581615448,
        "max": 34.5936546326,
        "mean": 5.65681409836,
        "median": 4.31590652466,
        "min": -1.17663133144,
        "var": 20.381696701
    },
    "spectral_rms": {
        "dmean": 0.00123949814588,
        "dmean2": 0.00196208781563,
        "dvar": 2.10535358747e-06,
        "dvar2": 4.69412725579e-06,
        "max": 0.0162086319178,
        "mean": 0.0058380481787,
        "median": 0.00526940869167,
        "min": 3.20347546233e-12,
        "var": 9.12462292035e-06
    },
    "spectral_rolloff": {
        "dmean": 436.542724609,
        "dmean2": 762.900268555,
        "dvar": 1662329.25,
        "dvar2": 4020388.25,
        "max": 19099.9511719,
        "mean": 765.846496582,
        "median": 387.59765625,
        "min": 64.599609375,
        "var": 2042534.375
    },
    "spectral_skewness": {
        "dmean": 0.306582182646,
        "dmean2": 0.470987439156,
        "dvar": 0.100540623069,
        "dvar2": 0.237392351031,
        "max": 4.70020961761,
        "mean": 1.75096082687,
        "median": 1.69772100449,
        "min": -0.018769307062,
        "var": 0.406606525183
    },
    "spectral_spread": {
        "dmean": 854810.0625,
        "dmean2": 1283272.375,
        "dvar": 1.35462846464e+12,
        "dvar2": 2.67164739174e+12,
        "max": 41847452,
        "mean": 4930772.5,
        "median": 4579074.5,
        "min": 1507511.25,
        "var": 3.51690240819e+12
    },
    "spectral_strongpeak": {
        "dmean": 0.281769812107,
        "dmean2": 0.481679856777,
        "dvar": 0.18277862668,
        "dvar2": 0.436438143253,
        "max": 12.1115159988,
        "mean": 0.634381830692,
        "median": 0.548166573048,
        "min": 0,
        "var": 0.280759036541
    },
    "zerocrossingrate": {
        "dmean": 0.0121635692194,
        "dmean2": 0.0148550542071,
        "dvar": 0.000315655517625,
        "dvar2": 0.000363651517546,
        "max": 0.501953125,
        "mean": 0.0449194200337,
        "median": 0.03564453125,
        "min": 0.001953125,
        "var": 0.00141795619857
    },
    "barkbands": {
        "dmean": [0.000364836421795, 0.010965202935, 0.00303941825405, 0.00352263404056, 0.00578249664977, 0.00162575673312, 0.00103254034184, 0.000627184286714, 0.000321915606037, 0.000123374615214, 7.91998609202e-05, 8.37355692056e-05, 0.00010262458818, 9.41744510783e-05, 9.06354689505e-05, 5.91382158746e-05, 6.0518810642e-05, 6.9254412665e-05, 0.000102559897641, 0.000130373038701, 0.000134176400024, 0.000120846896607, 0.000145608486491, 0.000127093153424, 9.49248569668e-05, 4.03817175538e-05, 2.23088500206e-05],
        "dmean2": [0.000600263650995, 0.0178974792361, 0.00520998751745, 0.00608023814857, 0.0100165093318, 0.00255292700604, 0.00175830535591, 0.0010078222258, 0.000494539097417, 0.000196010209038, 0.000128860061523, 0.000131579741719, 0.000163956108736, 0.000150434294483, 0.000146129634231, 9.29937377805e-05, 9.75052025751e-05, 0.000111923385703, 0.000165121906321, 0.000211003833101, 0.000219328852836, 0.000181352908839, 0.00023489673913, 0.000191633778741, 0.000147039419971, 6.34188836557e-05, 3.67728316633e-05],
        "dvar": [9.05174886157e-07, 0.000461219489807, 4.92871295137e-05, 5.94199555053e-05, 0.000119627118693, 1.06756970126e-05, 3.48662047145e-06, 2.37846529672e-06, 5.58077431378e-07, 8.95940104328e-08, 3.9257383122e-08, 4.20302832538e-08, 3.9798106144e-08, 4.96548189233e-08, 4.0019454417e-08, 1.59690802803e-08, 1.25412702445e-08, 2.16235243045e-08, 1.00541122094e-07, 3.13669772822e-07, 2.96714205206e-07, 1.02448453276e-07, 2.11005200867e-07, 3.86749320569e-07, 1.09442851226e-07, 1.43267451236e-08, 5.03347630243e-09],
        "dvar2": [2.32374304687e-06, 0.00119324494153, 0.000134745438118, 0.000161686286447, 0.000328171649016, 2.53419275396e-05, 9.18043042475e-06, 5.58581632504e-06, 1.24219195641e-06, 2.09652725403e-07, 9.6233591762e-08, 9.44942399883e-08, 9.45152720533e-08, 1.11935506197e-07, 8.74729266798e-08, 3.98648190014e-08, 2.99733287079e-08, 5.44996261453e-08, 2.58162771161e-07, 8.47487228839e-07, 8.07450817319e-07, 1.8891537934e-07, 5.019709306e-07, 7.68694917497e-07, 2.35861946862e-07, 3.48433317754e-08, 1.24388934708e-08],
        "max": [0.016264135018, 0.197801023722, 0.120005756617, 0.0903968289495, 0.0957179442048, 0.0546787232161, 0.0296195559204, 0.0263451579958, 0.0113660991192, 0.00525676365942, 0.00365948909894, 0.00319540454075, 0.00230667926371, 0.00355661776848, 0.00371563946828, 0.00280320364982, 0.00195199053269, 0.00264034443535, 0.00744773587212, 0.0179351791739, 0.0166008751839, 0.00558919971809, 0.00637047598138, 0.0138787571341, 0.00605384306982, 0.00224649440497, 0.00188349757809],
        "mean": [0.000695341208484, 0.0191128626466, 0.00429995218292, 0.0042993654497, 0.00784670002759, 0.00288422685117, 0.00127355987206, 0.00109500926919, 0.000618473684881, 0.000198244466446, 0.000106425191916, 0.000116289193102, 0.000143187688082, 0.000137933020596, 0.00011582186562, 8.99166116142e-05, 9.23580228118e-05, 9.72580091911e-05, 0.000125999489683, 0.000146823251271, 0.000154206136358, 0.000152094173245, 0.000148043880472, 0.000162390046171, 0.000105811872345, 4.08185114793e-05, 2.85202895611e-05],
        "median": [4.19017560489e-05, 0.004142599646, 0.00156030594371, 0.00188422878273, 0.00418067583814, 0.0010009855032, 0.000563468202017, 0.0003528338857, 0.000148532519233, 5.41442859685e-05, 2.78627339867e-05, 3.42330495187e-05, 4.55539920949e-05, 4.25513171649e-05, 4.35103902419e-05, 4.14393653045e-05, 3.88557637052e-05, 3.81567006116e-05, 3.52281203959e-05, 4.12570188928e-05, 3.58709294233e-05, 2.53870603046e-05, 1.37376737257e-05, 1.14369777293e-05, 7.39915867598e-06, 4.14224132328e-06, 2.44946227212e-06],
        "min": [5.54345022101e-24, 3.70551853891e-23, 3.47931488314e-23, 1.5116089557e-23, 4.03578620093e-23, 2.62286863541e-23, 1.69373642833e-23, 4.87799208937e-23, 3.76024308208e-23, 4.41154936462e-23, 7.31391315425e-23, 6.61343054505e-23, 1.5763786012e-22, 1.24825411649e-22, 7.89302919763e-23, 1.46092041424e-22, 1.73602246518e-22, 1.50815374493e-22, 2.56939342703e-22, 3.37810282994e-22, 4.46702723841e-22, 4.01550547058e-22, 8.19083996657e-22, 8.00726534439e-22, 1.36512447806e-21, 1.47694845225e-21, 2.51414236654e-21],
        "var": [2.74995386462e-06, 0.000785418611486, 5.34967875865e-05, 5.53351419512e-05, 0.000115905466373, 2.36164596572e-05, 4.26340238846e-06, 4.41947258878e-06, 1.63524316577e-06, 1.75413418901e-07, 6.44160564889e-08, 6.32362002762e-08, 7.36625977993e-08, 1.05752512525e-07, 5.66579068106e-08, 2.28624301712e-08, 2.13687556538e-08, 2.65795847554e-08, 9.93633335611e-08, 2.2974687397e-07, 2.50478109365e-07, 1.93186636466e-07, 2.85830509483e-07, 7.62520073749e-07, 1.79530317723e-07, 1.56974557797e-08, 6.92198032226e-09]
    },
    "erbbands": {
        "dmean": [0.337858170271, 2.42068219185, 3.36661148071, 8.02438545227, 15.4236936569, 22.79164505, 13.5694208145, 15.5974235535, 14.9380636215, 16.2327136993, 8.98333930969, 7.38696813583, 5.00993251801, 3.56333136559, 2.75106334686, 3.47560596466, 4.52974176407, 4.468998909, 4.50808238983, 3.88383316994, 3.09461450577, 3.26071643829, 3.34087586403, 4.95580244064, 5.37010240555, 5.78218698502, 7.09719419479, 4.27569246292, 4.58994865417, 5.43516921997, 3.1489212513, 2.66685199738, 2.17579460144, 1.26779079437, 0.575409173965, 0.219019323587, 0.0658794045448, 0.0156015586108, 0.00417276006192, 0.000288129813271],
        "dmean2": [0.549080848694, 3.99384832382, 5.66582727432, 13.8785762787, 26.2316951752, 40.1957969666, 22.4461860657, 24.8521308899, 25.7548847198, 26.7335681915, 13.8808069229, 11.36855793, 7.67475366592, 5.53203105927, 4.36678218842, 5.50590181351, 7.20473241806, 7.21358537674, 7.26097154617, 6.1749587059, 4.94016075134, 5.25841474533, 5.31100130081, 8.15263175964, 8.47770118713, 9.34466075897, 11.8233556747, 6.75599861145, 6.94739484787, 9.05205345154, 4.815284729, 3.95228719711, 3.34302854538, 1.89040112495, 0.910081386566, 0.353248268366, 0.102215327322, 0.0247263610363, 0.00710741896182, 0.00045616432908],
        "dvar": [0.550025463104, 21.7325935364, 50.5126342773, 342.184448242, 817.770324707, 2658.75854492, 597.925842285, 1135.05065918, 819.67779541, 1306.44262695, 689.478637695, 293.850585938, 197.275985718, 88.7052383423, 38.755531311, 72.1684188843, 79.4068450928, 99.2528152466, 106.948165894, 65.1532516479, 37.3304100037, 36.4473609924, 46.9360198975, 137.755111694, 374.681274414, 604.765991211, 1264.04907227, 181.07875061, 161.611206055, 312.768249512, 94.0839385986, 161.709152222, 103.266601562, 25.9817295074, 3.89585590363, 0.705564856529, 0.0296449400485, 0.00146620417945, 0.000192751831491, 1.37292204272e-06],
        "dvar2": [1.41174352169, 56.5281410217, 136.483963013, 934.501647949, 2115.19189453, 7360.79980469, 1585.9967041, 2588.16821289, 2262.68823242, 3022.3527832, 1539.13452148, 621.779785156, 456.047027588, 191.623794556, 97.3442230225, 161.023025513, 186.803161621, 232.755981445, 248.300201416, 142.467193604, 90.4061660767, 86.6898651123, 115.230735779, 360.554656982, 926.355102539, 1620.74572754, 3547.03955078, 427.206115723, 291.572967529, 824.807189941, 184.176834106, 332.464904785, 199.777206421, 52.5192680359, 9.64908218384, 1.84447932243, 0.0676009878516, 0.00322934100404, 0.00050456385361, 3.22265668729e-06],
        "max": [8.01005744934, 43.540977478, 111.557823181, 212.31829834, 379.975006104, 520.0546875, 248.205200195, 501.624664307, 509.283355713, 703.185058594, 698.016479492, 322.769470215, 358.74319458, 235.280334473, 77.4187011719, 147.631576538, 123.484939575, 156.891540527, 170.203216553, 115.202026367, 125.397941589, 105.523353577, 167.406723022, 134.166748047, 470.58392334, 751.58795166, 1201.78759766, 309.943359375, 263.35345459, 224.819610596, 173.500701904, 335.78616333, 211.486190796, 112.322517395, 40.8929748535, 18.5311946869, 2.57224726677, 0.538391947746, 0.33503010869, 0.0358887724578],
        "mean": [0.585285902023, 4.05854606628, 5.61757278442, 10.3388576508, 21.0570697784, 26.2760696411, 23.9198207855, 25.9260749817, 18.0040473938, 27.8354816437, 16.0988826752, 14.4248247147, 8.88299465179, 5.9814043045, 3.95184397697, 5.01122188568, 6.57210540771, 6.86552000046, 6.2140955925, 5.64881658554, 4.96374082565, 5.21214151382, 5.17341089249, 6.17007780075, 6.82013893127, 6.47394609451, 7.44191789627, 5.51398563385, 5.82712697983, 5.1589422226, 3.64830946922, 3.2880923748, 2.74098539352, 1.51503348351, 0.573283433914, 0.211325973272, 0.0680273920298, 0.0155549906194, 0.00380277214572, 0.000541648769286],
        "median": [0.0547749921679, 1.05897688866, 2.50479316711, 4.61188411713, 9.96582317352, 10.8820695877, 14.0467185974, 7.57993030548, 9.26633071899, 12.0799417496, 6.25674247742, 3.55287837982, 2.55958127975, 1.39101946354, 1.37493240833, 1.60321056843, 2.06361556053, 2.17959713936, 2.24064970016, 2.4841606617, 2.56411123276, 2.28542900085, 2.12295222282, 2.03827023506, 1.99813914299, 1.86372828484, 1.73768162727, 1.2047188282, 0.964787900448, 0.58090877533, 0.370148211718, 0.244032815099, 0.188141316175, 0.102539367974, 0.0411133132875, 0.0173096507788, 0.00863447599113, 0.00147386989556, 0.000193208790733, 0.00010874610598],
        "min": [4.05384890685e-22, 1.04993300059e-20, 4.48259933753e-20, 4.32114434483e-20, 4.03614863518e-20, 1.99895277757e-19, 2.14896934874e-19, 2.25030091248e-19, 2.72858682392e-19, 6.56754988286e-19, 6.92562654727e-19, 7.49779151287e-19, 1.84069854733e-18, 1.60140243395e-18, 3.39954584749e-18, 2.91526282491e-18, 6.09297475535e-18, 6.67953638592e-18, 5.86958346399e-18, 4.56395165897e-18, 8.37377516118e-18, 1.13001035947e-17, 9.70635320184e-18, 9.7223715544e-18, 1.59159955787e-17, 1.68091670062e-17, 1.73593165598e-17, 1.6731871941e-17, 1.139201825e-17, 2.23909735079e-17, 2.07242426239e-17, 1.88009418206e-17, 1.26025275933e-17, 1.25214581031e-17, 1.03777682604e-17, 6.42257024709e-18, 2.74318216734e-18, 9.605475631e-19, 3.63958564795e-19, 4.22019244407e-20],
        "var": [1.0187984705, 35.233001709, 68.2197265625, 319.280395508, 1009.11566162, 2155.11083984, 872.369140625, 2466.90527344, 782.030822754, 2417.13696289, 1220.56213379, 962.377258301, 421.89239502, 220.600769043, 55.6264343262, 112.377227783, 144.858612061, 234.039306641, 160.695404053, 98.3970413208, 58.0402984619, 64.4927902222, 69.2695083618, 140.277557373, 363.943389893, 454.063293457, 831.035217285, 275.644836426, 296.401794434, 308.214874268, 191.612884521, 290.270721436, 216.567016602, 48.8761291504, 4.327709198, 0.613161861897, 0.0381922312081, 0.002054708777, 0.000176038854988, 2.67789528152e-06]
    },
    "gfcc": {
        "mean": [-21.5199012756, 101.738723755, -75.3643264771, 39.6154785156, -51.3274536133, -4.83055448532, -33.3739929199, -1.80400753021, -17.6413784027, 4.08273124695, -13.7654829025, -4.92232227325, -9.080534935],
        "cov": [[4469.01220703, -1087.83557129, -99.1135635376, 208.789962769, -280.756347656, 728.95904541, -286.540740967, 380.320068359, -328.892272949, 31.9257717133, -120.933929443, 150.857803345, -213.116653442], [-1087.83557129, 1540.83850098, 129.074996948, 4.16427946091, 451.73526001, -171.362960815, 286.52432251, -98.6480178833, 162.519683838, -133.006088257, 122.88444519, -69.9792709351, 171.900177002], [-99.1135635376, 129.074996948, 688.363037109, 190.610015869, 202.456558228, 152.985275269, 79.4341888428, 44.5155105591, -5.81596231461, 16.7604160309, 73.1451187134, 23.3722286224, 94.3749542236], [208.789962769, 4.16427946091, 190.610015869, 464.262969971, 29.4018383026, 181.625, -12.2318372726, 32.871055603, -45.6540794373, 3.00693202019, 61.8887672424, 22.3274612427, 66.6842193604], [-280.756347656, 451.73526001, 202.456558228, 29.4018383026, 532.983337402, -34.9679107666, 180.57069397, -153.663391113, 79.4209213257, -163.805541992, 3.11612963676, -31.2384376526, 139.795059204], [728.95904541, -171.362960815, 152.985275269, 181.625, -34.9679107666, 418.754150391, -36.5564041138, 192.46484375, -109.948287964, 55.7353172302, 8.93903255463, 43.8617477417, -40.0192565918], [-286.540740967, 286.52432251, 79.4341888428, -12.2318372726, 180.57069397, -36.5564041138, 221.599914551, -56.7962226868, 76.18724823, -70.3866882324, 32.073135376, -33.1205215454, 56.5802116394], [380.320068359, -98.6480178833, 44.5155105591, 32.871055603, -153.663391113, 192.46484375, -56.7962226868, 305.061798096, -60.9586334229, 128.089111328, 21.4121437073, 40.7209281921, -92.3435287476], [-328.892272949, 162.519683838, -5.81596231461, -45.6540794373, 79.4209213257, -109.948287964, 76.18724823, -60.9586334229, 149.55267334, -9.69411659241, 24.8901977539, -24.0212898254, 37.8984870911], [31.9257717133, -133.006088257, 16.7604160309, 3.00693202019, -163.805541992, 55.7353172302, -70.3866882324, 128.089111328, -9.69411659241, 196.150177002, 24.8555450439, 28.4890213013, -61.8373756409], [-120.933929443, 122.88444519, 73.1451187134, 61.8887672424, 3.11612963676, 8.93903255463, 32.073135376, 21.4121437073, 24.8901977539, 24.8555450439, 115.493988037, 20.1893253326, 37.92445755], [150.857803345, -69.9792709351, 23.3722286224, 22.3274612427, -31.2384376526, 43.8617477417, -33.1205215454, 40.7209281921, -24.0212898254, 28.4890213013, 20.1893253326, 81.3581619263, 12.9176769257], [-213.116653442, 171.900177002, 94.3749542236, 66.6842193604, 139.795059204, -40.0192565918, 56.5802116394, -92.3435287476, 37.8984870911, -61.8373756409, 37.92445755, 12.9176769257, 135.400543213]],
        "icov": [[0.000416979833972, 0.000179633585503, 0.000140768315759, -2.50144476013e-05, -0.000108233492938, -0.000580385210924, 0.00016945443349, -0.00016100074572, 6.99447555235e-05, 0.000435642141383, 6.66733758408e-05, -0.000427984632552, 0.000303590582917], [0.000179633585503, 0.0012708643917, 0.000260754080955, -1.18618099805e-05, -0.000869256560691, 0.000250792130828, -0.00051176128909, -0.000820545887109, 3.33151074301e-05, 0.000211340317037, -0.00100998091511, 0.000699924770743, -0.000577479950152], [0.000140768315759, 0.000260754080955, 0.00229739351198, -0.000395678565837, -0.00108756613918, -0.000564139627386, -0.000372009701096, -0.000489413097966, 0.000518497196026, -0.000856051337905, -0.000708056904841, 0.000194259235286, -0.00109440658707], [-2.50144476013e-05, -1.18618099805e-05, -0.000395678565837, 0.00334602547809, 0.000299660809105, -0.00152799766511, 0.000636726967059, 0.000370928610209, 0.00038696322008, 7.23446719348e-05, -0.00131309370045, 0.000971638713963, -0.00197071069852], [-0.000108233492938, -0.000869256560691, -0.00108756613918, 0.000299660809105, 0.00479122530669, -0.000805115734693, -0.0013022775529, 0.00106173381209, -0.00107457325794, 0.00176187918987, 0.00191551423632, -0.000231328202062, -0.00178174267057], [-0.000580385210924, 0.000250792130828, -0.000564139627386, -0.00152799766511, -0.000805115734693, 0.00610415590927, -0.00098068616353, -0.00267382152379, 0.00214753788896, -0.000504316936713, 0.000191718136193, -6.53123570373e-05, 0.000256602594163], [0.00016945443349, -0.00051176128909, -0.000372009701096, 0.000636726967059, -0.0013022775529, -0.00098068616353, 0.00837199855596, -0.000244163180469, -0.00264757196419, 0.00190902443137, -0.00175182009116, 0.00169053138234, 0.000194169013412], [-0.00016100074572, -0.000820545887109, -0.000489413097966, 0.000370928610209, 0.00106173381209, -0.00267382152379, -0.000244163180469, 0.00802662130445, 0.000150196370669, -0.00254212762229, -0.000810302095488, -0.00211371807382, 0.00386208924465], [6.99447555235e-05, 3.33151074301e-05, 0.000518497196026, 0.00038696322008, -0.00107457325794, 0.00214753788896, -0.00264757196419, 0.000150196370669, 0.011298712343, -0.00260773068294, -0.00159011164214, 0.00182026752736, -0.00161294813734], [0.000435642141383, 0.000211340317037, -0.000856051337905, 7.23446719348e-05, 0.00176187918987, -0.000504316936713, 0.00190902443137, -0.00254212762229, -0.00260773068294, 0.0103196743876, -0.0015005460009, -0.00181253335904, 0.00251493835822], [6.66733758408e-05, -0.00100998091511, -0.000708056904841, -0.00131309370045, 0.00191551423632, 0.000191718136193, -0.00175182009116, -0.000810302095488, -0.00159011164214, -0.0015005460009, 0.0136975003406, -0.00296963378787, -0.00300767458975], [-0.000427984632552, 0.000699924770743, 0.000194259235286, 0.000971638713963, -0.000231328202062, -6.53123570373e-05, 0.00169053138234, -0.00211371807382, 0.00182026752736, -0.00181253335904, -0.00296963378787, 0.0179702769965, -0.0063245552592], [0.000303590582917, -0.000577479950152, -0.00109440658707, -0.00197071069852, -0.00178174267057, 0.000256602594163, 0.000194169013412, 0.00386208924465, -0.00161294813734, 0.00251493835822, -0.00300767458975, -0.0063245552592, 0.0178439319134]]
    },
    "melbands": {
        "dmean": [0.00306974747218, 0.00217624241486, 0.00154539861251, 0.00136476778425, 0.000611479685176, 0.00033645160147, 0.000225687588681, 0.000173724722117, 6.65511033731e-05, 4.60606606794e-05, 2.48645046668e-05, 1.48865210576e-05, 9.73166515905e-06, 8.91783565748e-06, 1.09041002361e-05, 9.35823300097e-06, 8.69404266268e-06, 7.44354110793e-06, 7.61257933846e-06, 4.12748750023e-06, 3.81908830605e-06, 3.69343251805e-06, 2.99669977721e-06, 3.53335281034e-06, 4.15678096033e-06, 4.07711559092e-06, 3.92123683923e-06, 3.94591006625e-06, 5.00912710777e-06, 3.01060845231e-06, 2.50512243838e-06, 2.80801282315e-06, 2.08452865991e-06, 3.68966243514e-06, 1.6647453549e-06, 1.70848170455e-06, 1.66254289979e-06, 1.52162863287e-06, 1.43865463542e-06, 9.64174091678e-07],
        "dmean2": [0.00497470889241, 0.00358337908983, 0.00263924268074, 0.0023733926937, 0.00103463151027, 0.000535571656656, 0.000386774307117, 0.00028394421679, 0.000101739278762, 7.10864842404e-05, 3.83888509532e-05, 2.33298706007e-05, 1.56903934112e-05, 1.42204353324e-05, 1.68122805917e-05, 1.52886113938e-05, 1.40997244671e-05, 1.20735749078e-05, 1.23412191897e-05, 6.41746373731e-06, 6.15190174358e-06, 6.03496982876e-06, 4.71720159112e-06, 5.77431546844e-06, 6.92994262863e-06, 6.5753833951e-06, 6.16601300862e-06, 6.537678928e-06, 8.45403883432e-06, 4.90523871122e-06, 3.97395388063e-06, 4.23635765401e-06, 3.2792802358e-06, 6.35361084278e-06, 2.53501139014e-06, 2.60500655713e-06, 2.49173649536e-06, 2.30697673942e-06, 2.23187635129e-06, 1.46229820075e-06],
        "dvar": [3.92948059016e-05, 1.72057825694e-05, 1.09429338409e-05, 6.60723208057e-06, 1.46051309002e-06, 5.00602709508e-07, 1.64570352013e-07, 1.50784472908e-07, 3.96874106912e-08, 1.18447580633e-08, 4.86380447029e-09, 1.54258383844e-09, 5.18728227039e-10, 5.01538532927e-10, 5.23463772328e-10, 3.55505208605e-10, 4.0489853137e-10, 3.50591583542e-10, 3.05426905989e-10, 8.16709061491e-11, 5.81778410169e-11, 5.26195441386e-11, 3.95817233156e-11, 5.77159847692e-11, 1.02921199341e-10, 2.4735496984e-10, 1.96899441196e-10, 3.06210279355e-10, 6.77653655412e-10, 1.20121260161e-10, 6.66098357027e-11, 6.85515186283e-11, 3.0131015738e-11, 1.80103931768e-10, 2.97428991158e-11, 3.13158457499e-11, 8.61041724032e-11, 4.78082642918e-11, 4.89576261475e-11, 1.26158814298e-11],
        "dvar2": [0.000101377358078, 4.55043409602e-05, 2.91883843602e-05, 1.80904407898e-05, 3.95379902329e-06, 1.16207343126e-06, 4.56615993016e-07, 3.58018752422e-07, 9.32611570192e-08, 2.61509978117e-08, 1.13250147038e-08, 3.48674467077e-09, 1.33781585809e-09, 1.15871623407e-09, 1.14445408705e-09, 8.68402127985e-10, 9.48294776038e-10, 8.58591420183e-10, 6.72461475393e-10, 1.89147295049e-10, 1.44838183114e-10, 1.25933111161e-10, 9.83529993559e-11, 1.46394216194e-10, 2.7168817196e-10, 6.41410979885e-10, 4.93590723849e-10, 8.24015577994e-10, 1.90613302919e-09, 3.19220122558e-10, 1.51947288085e-10, 1.19219495387e-10, 6.68093080858e-11, 4.95102681075e-10, 5.71900096724e-11, 6.04745489796e-11, 1.86930956825e-10, 9.301782955e-11, 1.02866583307e-10, 2.53857247723e-11],
        "max": [0.0630334764719, 0.0523744560778, 0.039193123579, 0.022039949894, 0.0125227021053, 0.0107263280079, 0.00662534683943, 0.00789455138147, 0.00560367433354, 0.00209590792656, 0.00175714667421, 0.000960280420259, 0.000321110448567, 0.000345489999745, 0.000361357175279, 0.000250970129855, 0.000329041213263, 0.000367604458006, 0.000315557495924, 0.000170503859408, 0.000152538632392, 0.000141535012517, 0.000170468643773, 8.52804514579e-05, 0.000113845402666, 0.000430866319221, 0.00042314484017, 0.000503698887769, 0.000881742744241, 0.000296781450743, 0.000184724063729, 0.000176066765562, 7.35033172532e-05, 0.000177462454303, 0.000105397695734, 0.000122378041851, 0.000249053933658, 0.000151988439029, 0.000153088039951, 7.6994067058e-05],
        "mean": [0.00533405225724, 0.00391119346023, 0.0021493518725, 0.00170454359613, 0.000959848926868, 0.000562068307772, 0.00027563268668, 0.000307119596982, 0.000116421542771, 8.90881929081e-05, 4.23342717113e-05, 2.41180950979e-05, 1.34519195853e-05, 1.25302467495e-05, 1.53885594045e-05, 1.32185923576e-05, 1.28444489746e-05, 9.72132875177e-06, 9.6591647889e-06, 6.11127461525e-06, 5.71042528463e-06, 5.47630179426e-06, 4.76612831335e-06, 4.6798168114e-06, 4.96999427924e-06, 4.86734415972e-06, 4.91540549774e-06, 4.13429279433e-06, 5.00271698911e-06, 3.39075086231e-06, 3.21106335832e-06, 3.57909061677e-06, 2.38910683947e-06, 3.18170668834e-06, 1.9893652734e-06, 1.96673249775e-06, 2.02804562832e-06, 1.85631938621e-06, 1.76739786184e-06, 1.1248462215e-06],
        "median": [0.00082316697808, 0.00161548738834, 0.00111276004463, 0.000801682821475, 0.000560170388781, 0.00016839253658, 0.000137252063723, 0.000127474442706, 4.42107993877e-05, 2.06673266803e-05, 1.12156139949e-05, 5.28124519406e-06, 4.09748508901e-06, 3.83067163057e-06, 4.32349861512e-06, 4.22803441325e-06, 3.85718112739e-06, 3.17042713505e-06, 3.60866943083e-06, 2.72574584415e-06, 2.91990613732e-06, 2.24629138756e-06, 1.66923598499e-06, 1.8129376258e-06, 1.49530910676e-06, 1.24475764096e-06, 1.39838493851e-06, 1.11305359951e-06, 1.14303179544e-06, 7.75390049057e-07, 6.42460804556e-07, 5.51183575226e-07, 3.69244190779e-07, 2.73164431519e-07, 2.10946495827e-07, 1.66385547118e-07, 1.3133907828e-07, 1.29261238158e-07, 1.02377136102e-07, 7.80195321681e-08],
        "min": [7.05922594001e-24, 2.10127285825e-23, 7.54384370447e-24, 7.36101256791e-24, 8.78854393947e-24, 5.08302839824e-24, 3.76545792598e-24, 9.1823464588e-24, 4.88475254844e-24, 5.50834314972e-24, 8.99874381627e-24, 5.66410491874e-24, 9.71478260475e-24, 8.87800392156e-24, 8.46539574712e-24, 1.77421333575e-23, 1.06739183475e-23, 1.02573382584e-23, 5.95834293664e-24, 7.3913284925e-24, 9.39959007463e-24, 1.08535041103e-23, 9.5613972792e-24, 7.64868174105e-24, 7.49741766248e-24, 1.20631016127e-23, 1.31096439326e-23, 9.57947323798e-24, 1.0793627201e-23, 9.44019747858e-24, 9.96148780881e-24, 5.89327098386e-24, 8.56615063965e-24, 1.42377797137e-23, 1.22128179462e-23, 1.08451697948e-23, 1.20465552552e-23, 8.0064719712e-24, 8.62455316791e-24, 1.18858540337e-23],
        "var": [6.844229938e-05, 2.82551445707e-05, 1.11907811515e-05, 6.27409735898e-06, 1.59969977176e-06, 1.07595622012e-06, 1.68125822597e-07, 2.77446162045e-07, 6.40973709665e-08, 3.94105903467e-08, 1.01701242983e-08, 3.56586582484e-09, 7.45098593935e-10, 7.36748384522e-10, 9.67449009792e-10, 6.06629912969e-10, 9.55943546543e-10, 4.90871565617e-10, 4.25791596426e-10, 1.21580079337e-10, 8.29531443536e-11, 8.50370121541e-11, 6.79070966125e-11, 6.39907710154e-11, 1.00269369196e-10, 2.21242080212e-10, 1.848060871e-10, 2.22545870621e-10, 4.31941343804e-10, 1.10597170311e-10, 1.09352089883e-10, 1.26590113392e-10, 4.60525124979e-11, 1.47600140443e-10, 6.13479336775e-11, 6.57098958579e-11, 1.35665409462e-10, 9.77304417948e-11, 9.13101261268e-11, 2.27886719911e-11]
    },
    "mfcc": {
        "mean": [-678.499755859, 136.208618164, 28.3654594421, 44.1069946289, 5.75313282013, 6.13702249527, -4.00303173065, -6.62051582336, -0.650175213814, 1.48004841805, 0.326946794987, 1.01672267914, -1.97494065762],
        "cov": [[4317.49511719, -1349.56896973, 138.976379395, -477.891937256, 117.040618896, -4.50648355484, 188.702346802, 250.116317749, -114.189697266, 25.0176544189, 113.531059265, -167.003570557, -39.416179657], [-1349.56896973, 1572.46948242, -210.771133423, 239.225570679, 100.625015259, 68.7420043945, 59.6142616272, 78.4796829224, 105.32283783, 24.9313907623, -20.6435852051, 7.83786249161, -11.7948102951], [138.976379395, -210.771133423, 606.762573242, 60.4671592712, 122.804092407, 54.2097091675, 156.378753662, 48.5891685486, -27.3275928497, 108.506835938, -22.9047966003, 51.3423233032, 85.0952758789], [-477.891937256, 239.225570679, 60.4671592712, 354.555328369, 96.2490768433, 103.470649719, 27.7737617493, 5.66426420212, 23.2890892029, -4.13666677475, -61.4638328552, -18.5717391968, 6.32694244385], [117.040618896, 100.625015259, 122.804092407, 96.2490768433, 287.294616699, 127.570602417, 111.141227722, 83.3408813477, 30.8785705566, 18.5360870361, -46.7386360168, -44.9017601013, -3.36122989655], [-4.50648355484, 68.7420043945, 54.2097091675, 103.470649719, 127.570602417, 228.595153809, 84.2242431641, 53.1203155518, 41.2969284058, -10.6759300232, -33.6375274658, -59.8375816345, -24.873128891], [188.702346802, 59.6142616272, 156.378753662, 27.7737617493, 111.141227722, 84.2242431641, 222.866516113, 111.187438965, 7.89007329941, 62.6359634399, -15.4100084305, -9.43014526367, 15.2731218338], [250.116317749, 78.4796829224, 48.5891685486, 5.66426420212, 83.3408813477, 53.1203155518, 111.187438965, 168.451339722, 25.7806491852, 27.0052394867, 2.57568335533, -31.1456108093, -11.4320249557], [-114.189697266, 105.32283783, -27.3275928497, 23.2890892029, 30.8785705566, 41.2969284058, 7.89007329941, 25.7806491852, 89.259727478, 14.1713838577, 1.65499508381, -8.39819908142, -11.8974676132], [25.0176544189, 24.9313907623, 108.506835938, -4.13666677475, 18.5360870361, -10.6759300232, 62.6359634399, 27.0052394867, 14.1713838577, 121.887382507, 35.839263916, 45.2971458435, 32.5888710022], [113.531059265, -20.6435852051, -22.9047966003, -61.4638328552, -46.7386360168, -33.6375274658, -15.4100084305, 2.57568335533, 1.65499508381, 35.839263916, 100.225875854, 35.0570907593, 16.6130886078], [-167.003570557, 7.83786249161, 51.3423233032, -18.5717391968, -44.9017601013, -59.8375816345, -9.43014526367, -31.1456108093, -8.39819908142, 45.2971458435, 35.0570907593, 111.943572998, 46.6390571594], [-39.416179657, -11.7948102951, 85.0952758789, 6.32694244385, -3.36122989655, -24.873128891, 15.2731218338, -11.4320249557, -11.8974676132, 32.5888710022, 16.6130886078, 46.6390571594, 77.4403762817]],
