{
"lowlevel": {
    "average_loudness": 0.804395139217,
    "barkbands_crest": {
        "dmean": 2.99105644226,
        "dmean2": 4.91824245453,
        "dvar": 7.93091440201,
        "dvar2": 20.2168197632,
        "max": 25.2175121307,
        "mean": 9.86167430878,
        "median": 9.07119846344,
        "min": 2.85667943954,
        "var": 16.0827789307
    },
    "barkbands_flatness_db": {
        "dmean": 0.023767516017,
        "dmean2": 0.0367759019136,
        "dvar": 0.000564511574339,
        "dvar2": 0.00131064921152,
        "max": 0.376978486776,
        "mean": 0.126565501094,
        "median": 0.116510055959,
        "min": 0.0300346221775,
        "var": 0.00287295575254
    },
    "barkbands_kurtosis": {
        "dmean": 5.3354268074,
        "dmean2": 8.77466201782,
        "dvar": 168.579498291,
        "dvar2": 474.650512695,
        "max": 276.452789307,
        "mean": 7.3556432724,
        "median": 2.10833024979,
        "min": -1.93296122551,
        "var": 261.324554443
    },
    "barkbands_skewness": {
        "dmean": 0.721300125122,
        "dmean2": 1.11081135273,
        "dvar": 0.662884712219,
        "dvar2": 1.5867087841,
        "max": 11.984295845,
        "mean": 1.8667140007,
        "median": 1.47638642788,
        "min": -3.08920383453,
        "var": 2.66588258743
    },
    "barkbands_spread": {
        "dmean": 6.72688531876,
        "dmean2": 10.4653015137,
        "dvar": 74.9503479004,
        "dvar2": 150.009292603,
        "max": 106.051177979,
        "mean": 24.8272209167,
        "median": 21.5804862976,
        "min": 0.502283275127,
        "var": 295.372802734
    },
    "dissonance": {
        "dmean": 0.0169901456684,
        "dmean2": 0.0272779539227,
        "dvar": 0.000386496249121,
        "dvar2": 0.000915981130674,
        "max": 0.500000059605,
        "mean": 0.465122878551,
        "median": 0.476280152798,
        "min": 0.213145121932,
        "var": 0.00122765963897
    },
    "dynamic_complexity": 7.88527107239,
    "erbbands_crest": {
        "dmean": 2.83698153496,
        "dmean2": 4.51408338547,
        "dvar": 7.87806892395,
        "dvar2": 18.5558509827,
        "max": 28.2691650391,
        "mean": 9.30793190002,
        "median": 7.99206972122,
        "min": 2.25064659119,
        "var": 23.5309505463
    },
    "erbbands_flatness_db": {
        "dmean": 0.0192482620478,
        "dmean2": 0.0268126185983,
        "dvar": 0.000404249993153,
        "dvar2": 0.000744771678001,
        "max": 0.365328669548,
        "mean": 0.133129239082,
        "median": 0.127712398767,
        "min": 0.0449557267129,
        "var": 0.00241000694223
    },
    "erbbands_kurtosis": {
        "dmean": 1.35806500912,
        "dmean2": 2.09181308746,
        "dvar": 11.9397134781,
        "dvar2": 25.6662158966,
        "max": 89.2490386963,
        "mean": 0.843418300152,
        "median": -0.320494174957,
        "min": -1.66276717186,
        "var": 20.544500351
    },
    "erbbands_skewness": {
        "dmean": 0.436868965626,
        "dmean2": 0.630866348743,
        "dvar": 0.231665343046,
        "dvar2": 0.450966119766,
        "max": 8.17427921295,
        "mean": 0.0911961868405,
        "median": 0.0171526260674,
        "min": -3.80422568321,
        "var": 1.22003865242
    },
    "erbbands_spread": {
        "dmean": 9.41243648529,
        "dmean2": 14.0134687424,
        "dvar": 102.255020142,
        "dvar2": 222.484024048,
        "max": 137.72857666,
        "mean": 42.4418449402,
        "median": 40.2264404297,
        "min": 1.88068854809,
        "var": 375.340698242
    },
    "hfc": {
        "dmean": 7.35420036316,
        "dmean2": 10.2445821762,
        "dvar": 230.483474731,
        "dvar2": 402.911712646,
        "max": 287.026672363,
        "mean": 22.4735164642,
        "median": 14.5730657578,
        "min": 1.24060720324e-16,
        "var": 918.387023926
    },
    "melbands_crest": {
        "dmean": 3.67835378647,
        "dmean2": 6.00624895096,
        "dvar": 11.5076065063,
        "dvar2": 28.2038669586,
        "max": 37.996799469,
        "mean": 14.817445755,
        "median": 13.8007955551,
        "min": 1.95271992683,
        "var": 31.384595871
    },
    "melbands_flatness_db": {
        "dmean": 0.0299125965685,
        "dmean2": 0.0457920916378,
        "dvar": 0.000886226946022,
        "dvar2": 0.00192660209723,
        "max": 0.524210333824,
        "mean": 0.213499188423,
        "median": 0.204184949398,
        "min": 0.00480957515538,
        "var": 0.00544328335673
    },
    "melbands_kurtosis": {
        "dmean": 12.3245372772,
        "dmean2": 19.7498474121,
        "dvar": 689.127990723,
        "dvar2": 1808.99938965,
        "max": 734.891418457,
        "mean": 19.6788311005,
        "median": 8.521068573,
        "min": -1.62972533703,
        "var": 1229.04272461
    },
    "melbands_skewness": {
        "dmean": 0.99628585577,
        "dmean2": 1.52488172054,
        "dvar": 1.39293992519,
        "dvar2": 3.19887661934,
        "max": 24.5573005676,
        "mean": 3.0931930542,
        "median": 2.61724901199,
        "min": -0.769025743008,
        "var": 4.69472742081
    },
    "melbands_spread": {
        "dmean": 8.17983818054,
        "dmean2": 12.3469696045,
        "dvar": 175.581771851,
        "dvar2": 312.651702881,
        "max": 234.162979126,
        "mean": 24.3034515381,
        "median": 18.6590194702,
        "min": 0.42177298665,
        "var": 606.032226562
    },
    "pitch_salience": {
        "dmean": 0.0792133435607,
        "dmean2": 0.129946678877,
        "dvar": 0.00541744427755,
        "dvar2": 0.0134840318933,
        "max": 0.968342006207,
        "mean": 0.538287103176,
        "median": 0.546887934208,
        "min": 0.0645737946033,
        "var": 0.0134930061176
    },
    "silence_rate_20dB": {
        "dmean": 0,
        "dmean2": 0,
        "dvar": 0,
        "dvar2": 0,
        "max": 1,
        "mean": 1,
        "median": 1,
        "min": 1,
        "var": 0
    },
    "silence_rate_30dB": {
        "dmean": 0.0208978336304,
        "dmean2": 0.0418118461967,
        "dvar": 0.0204605106264,
        "dvar2": 0.0563241839409,
        "max": 1,
        "mean": 0.986847221851,
        "median": 1,
        "min": 0,
        "var": 0.0129798119888
    },
    "silence_rate_60dB": {
        "dmean": 0.0212848298252,
        "dmean2": 0.0425861403346,
        "dvar": 0.0208324454725,
        "dvar2": 0.0500656068325,
        "max": 1,
        "mean": 0.220116049051,
        "median": 0,
        "min": 0,
        "var": 0.171672776341
    },
    "spectral_centroid": {
        "dmean": 273.390808105,
        "dmean2": 407.78604126,
        "dvar": 143603.84375,
        "dvar2": 232149.484375,
        "max": 11074.6308594,
        "mean": 1363.91040039,
        "median": 1257.28137207,
        "min": 231.320251465,
        "var": 558872.8125
    },
    "spectral_complexity": {
        "dmean": 3.75812697411,
        "dmean2": 5.3441734314,
        "dvar": 20.7567749023,
        "dvar2": 36.4796562195,
        "max": 57,
        "mean": 17.2243709564,
        "median": 18,
        "min": 0,
        "var": 153.514633179
    },
    "spectral_decrease": {
        "dmean": 3.00063107694e-09,
        "dmean2": 4.62691795988e-09,
        "dvar": 2.73282144065e-17,
        "dvar2": 6.04427755735e-17,
        "max": 7.85729764429e-29,
        "mean": -6.82165790522e-09,
        "median": -5.01828756327e-09,
        "min": -4.92885128267e-08,
        "var": 5.17429663467e-17
    },
    "spectral_energy": {
        "dmean": 0.0117539064959,
        "dmean2": 0.0180343743414,
        "dvar": 0.000401924742619,
        "dvar2": 0.000886492896825,
        "max": 0.187916129827,
        "mean": 0.0277849715203,
        "median": 0.0207772478461,
        "min": 1.09561227277e-20,
        "var": 0.000805672083516
    },
    "spectral_energyband_high": {
        "dmean": 0.000576654972974,
        "dmean2": 0.000783082388807,
        "dvar": 3.66852782463e-06,
        "dvar2": 5.97854250373e-06,
        "max": 0.0338320285082,
        "mean": 0.00124968960881,
        "median": 0.000351056427462,
        "min": 7.84426118538e-21,
        "var": 1.20477843666e-05
    },
    "spectral_energyband_low": {
        "dmean": 0.00849231146276,
        "dmean2": 0.0136701678857,
        "dvar": 0.000332812167471,
        "dvar2": 0.000775290245656,
        "max": 0.17782998085,
        "mean": 0.0125523563474,
        "median": 0.00628491491079,
        "min": 5.57543916181e-23,
        "var": 0.00039488033508
    },
    "spectral_energyband_middle_high": {
        "dmean": 0.00144594884478,
        "dmean2": 0.00208488339558,
        "dvar": 5.45200600754e-06,
        "dvar2": 1.14336980914e-05,
        "max": 0.033893764019,
        "mean": 0.00424814689904,
        "median": 0.00276308064349,
        "min": 1.51304723214e-21,
        "var": 2.26750526053e-05
    },
    "spectral_energyband_middle_low": {
        "dmean": 0.00469151698053,
        "dmean2": 0.00732020847499,
        "dvar": 5.64704932913e-05,
        "dvar2": 0.000133035646286,
        "max": 0.0850794091821,
        "mean": 0.0109006045386,
        "median": 0.00691693555564,
        "min": 2.76132745046e-22,
        "var": 0.000148705963511
    },
    "spectral_entropy": {
        "dmean": 0.164715349674,
        "dmean2": 0.228779003024,
        "dvar": 0.036024980247,
        "dvar2": 0.0614850148559,
        "max": 9.80159187317,
        "mean": 7.60776996613,
        "median": 7.67464065552,
        "min": 4.81859493256,
        "var": 0.231485709548
    },
    "spectral_flux": {
        "dmean": 0.0279777683318,
        "dmean2": 0.0420854203403,
        "dvar": 0.00149179715663,
        "dvar2": 0.00283467769623,
        "max": 0.349935054779,
        "mean": 0.082708671689,
        "median": 0.0705352574587,
        "min": 1.04671500634e-10,
        "var": 0.00448425579816
    },
    "spectral_kurtosis": {
        "dmean": 1.49625885487,
        "dmean2": 2.26824951172,
        "dvar": 3.88825392723,
        "dvar2": 8.70525741577,
        "max": 44.9870223999,
        "mean": 5.52918052673,
        "median": 4.95275974274,
        "min": -1.19710111618,
        "var": 13.3072652817
    },
    "spectral_rms": {
        "dmean": 0.000916674616747,
        "dmean2": 0.0013641177211,
        "dvar": 1.71974465957e-06,
        "dvar2": 3.4403878999e-06,
        "max": 0.0135400444269,
        "mean": 0.00435692211613,
        "median": 0.004502275493,
        "min": 3.2693884492e-12,
        "var": 8.12445705378e-06
    },
    "spectral_rolloff": {
        "dmean": 545.514465332,
        "dmean2": 890.348022461,
        "dvar": 1195895.625,
        "dvar2": 2272241,
        "max": 19293.75,
        "mean": 1528.48120117,
        "median": 968.994140625,
        "min": 43.06640625,
        "var": 3095416.75
    },
    "spectral_skewness": {
        "dmean": 0.213301599026,
        "dmean2": 0.311042279005,
        "dvar": 0.0578664466739,
        "dvar2": 0.104075193405,
        "max": 5.21773099899,
        "mean": 1.70180141926,
        "median": 1.70699715614,
        "min": -0.0596340335906,
        "var": 0.319138079882
    },
    "spectral_spread": {
        "dmean": 590331.625,
        "dmean2": 793968.6875,
        "dvar": 721572986880,
        "dvar2": 947413188608,
        "max": 40980316,
        "mean": 4942754.5,
        "median": 4697380.5,
        "min": 1696065.625,
        "var": 3.38230378496e+12
    },
    "spectral_strongpeak": {
        "dmean": 0.369013518095,
        "dmean2": 0.622295081615,
        "dvar": 0.490152209997,
        "dvar2": 1.17698848248,
        "max": 8.61873054504,
        "mean": 0.63159763813,
        "median": 0.301867306232,
        "min": 0,
        "var": 0.910142719746
    },
    "zerocrossingrate": {
        "dmean": 0.0131044182926,
        "dmean2": 0.0154529763386,
        "dvar": 0.000357884564437,
        "dvar2": 0.000367192842532,
        "max": 0.49609375,
        "mean": 0.0652721524239,
        "median": 0.05517578125,
        "min": 0.00341796875,
        "var": 0.00203931541182
    },
    "barkbands": {
        "dmean": [0.000239720451646, 0.00617579557002, 0.00302658160217, 0.00154118821956, 0.00229505589232, 0.000934424402658, 0.0011733060237, 0.000629940710496, 0.000651856826153, 0.000315287761623, 0.000233152080909, 0.000215289008338, 0.000218788321945, 0.00024779108935, 0.000329521339154, 0.000318518985296, 0.000245898962021, 0.00023627722112, 0.000120657416119, 9.49906752794e-05, 9.96815797407e-05, 0.000124647514895, 0.000134743924718, 0.000160518829944, 5.90121744608e-05, 3.65156083717e-05, 2.86781087198e-05],
        "dmean2": [0.000389964872738, 0.0103394184262, 0.00532663846388, 0.0026517030783, 0.00367742870003, 0.00143647799268, 0.00190249399748, 0.00095978367608, 0.000964776612818, 0.000493415631354, 0.000360290956451, 0.000340290891472, 0.000347324676113, 0.000391154346289, 0.000510703539476, 0.000488019199111, 0.000385245541111, 0.000370249821572, 0.000182837771717, 0.000145507612615, 0.000149186336785, 0.00018340582028, 0.000196117718588, 0.000231914615142, 8.07735414128e-05, 5.38134008821e-05, 4.54885994259e-05],
        "dvar": [2.64233136704e-07, 0.000250606564805, 4.75006672787e-05, 9.28708050196e-06, 2.09510963032e-05, 3.42671341969e-06, 9.7020456451e-06, 4.67502786705e-06, 3.75566855837e-06, 1.26114468912e-06, 4.46804989451e-07, 4.03297178764e-07, 2.6641444606e-07, 3.89954067259e-07, 5.58045258003e-07, 4.76920661185e-07, 2.22274664452e-07, 2.17900449684e-07, 4.68322234326e-08, 3.51482434269e-08, 8.85511823867e-08, 2.19279840508e-07, 3.99865683676e-07, 6.71963903187e-07, 5.17985903059e-08, 7.31280502819e-09, 4.94057550426e-09],
        "dvar2": [6.83704399762e-07, 0.000635923235677, 0.000132231405587, 2.5319541237e-05, 5.25592404301e-05, 8.4498879005e-06, 2.43091799348e-05, 9.40034897212e-06, 7.81629751145e-06, 2.96050916404e-06, 1.02543572211e-06, 9.40976690345e-07, 6.18048829892e-07, 9.8960640571e-07, 1.17704871627e-06, 1.07592234144e-06, 5.1961455938e-07, 5.1660401823e-07, 9.98949687414e-08, 8.35638545027e-08, 2.18540449737e-07, 4.15300917211e-07, 7.46882506064e-07, 1.1325619198e-06, 7.22661752661e-08, 1.45861314138e-08, 1.15756897401e-08],
        "max": [0.00583673361689, 0.161617815495, 0.0771905481815, 0.0330242291093, 0.0573797523975, 0.0261572003365, 0.0431827008724, 0.0450688041747, 0.0324330888689, 0.0267142541707, 0.01315918006, 0.0149848842993, 0.0127486484125, 0.0127820838243, 0.0178014934063, 0.0148339848965, 0.00756034161896, 0.00794298108667, 0.00567497452721, 0.00286466721445, 0.00995523761958, 0.0116300052032, 0.0122537957504, 0.0203626491129, 0.00765085639432, 0.00171894358937, 0.000751506828237],
        "mean": [0.000304835644783, 0.00686092348769, 0.00427743047476, 0.00206849910319, 0.00344597059302, 0.00152559904382, 0.00169472501148, 0.000957020500209, 0.00106399180368, 0.000421672390075, 0.00037285592407, 0.000313089345582, 0.000346152635757, 0.000372278736904, 0.000606220157351, 0.000675465620589, 0.000436034461018, 0.000461489864392, 0.000244052702328, 0.000177716821781, 0.000205845644814, 0.000224034971325, 0.000217208798858, 0.000271261145826, 0.000118965836009, 8.24639428174e-05, 3.9155511331e-05],
        "median": [6.36282711639e-05, 0.00162610167172, 0.00211800215766, 0.000979817588814, 0.00150333007332, 0.000650268280879, 0.000403040990932, 0.000117710391351, 0.000180457223905, 0.000105435974547, 0.000102733836684, 8.55822800077e-05, 0.00014596885012, 0.000141363532748, 0.000234038525377, 0.000276063161436, 0.000207332355785, 0.000216058135265, 0.000130635948153, 8.1092272012e-05, 6.7917178967e-05, 4.81121605844e-05, 2.5139812351e-05, 2.50513840001e-05, 2.84438556264e-05, 2.46982181125e-05, 3.12721522278e-06],
        "min": [1.28057496656e-24, 4.24985686042e-23, 8.21907787376e-24, 8.49584420033e-24, 5.77652106872e-23, 8.9365545979e-23, 4.9295823304e-23, 2.32459796057e-23, 3.42373332148e-23, 8.58435975815e-23, 1.02376601231e-22, 5.12547447919e-23, 1.19136512832e-22, 5.2638387887e-23, 6.33346191652e-23, 1.23124236262e-22, 2.3302294808e-22, 2.33301889296e-22, 2.77649099789e-22, 3.42872801008e-22, 5.90832382255e-22, 5.31486313246e-22, 7.37927147931e-22, 7.72509749787e-22, 1.02939325376e-21, 1.89940156662e-21, 2.35710871076e-21],
        "var": [3.14303690629e-07, 0.000223698429181, 4.38640490756e-05, 9.87884686765e-06, 3.20437611663e-05, 5.93732193011e-06, 1.57406957442e-05, 1.09573120426e-05, 9.23561128729e-06, 1.74788203822e-06, 9.40801896832e-07, 6.59279692172e-07, 4.28190503499e-07, 5.20763421719e-07, 1.3960979004e-06, 1.26999327676e-06, 4.50643312888e-07, 4.884988698e-07, 1.16809772521e-07, 7.83102649393e-08, 3.4421628925e-07, 4.94035532483e-07, 8.88069735083e-07, 1.86581326034e-06, 1.60772287927e-07, 1.96967189225e-08, 6.75532341177e-09]
    },
    "erbbands": {
        "dmean": [0.20023624599, 1.36724424362, 3.178201437, 4.42016553879, 6.01654005051, 9.43939685822, 6.20302963257, 8.57045650482, 11.8261899948, 20.4317245483, 10.6007518768, 13.5169086456, 13.1663665771, 8.32017612457, 7.77954387665, 8.68531036377, 9.72757720947, 11.7279815674, 13.1751766205, 22.2453937531, 13.4323043823, 13.2095527649, 13.4319839478, 6.19352197647, 5.8599395752, 4.37424182892, 4.69856595993, 3.83027434349, 4.24655342102, 4.35597753525, 3.92252802849, 3.57221388817, 2.51805114746, 0.956621170044, 0.314979732037, 0.183398261666, 0.0634406134486, 0.0211026929319, 0.00575961498544, 0.000242833863012],
        "dmean2": [0.347827285528, 2.28003263474, 5.55874967575, 7.57086229324, 9.89286994934, 15.4397182465, 9.80916690826, 13.0979194641, 18.8172645569, 32.9294166565, 15.668009758, 19.9216880798, 19.508354187, 12.5898885727, 12.1774291992, 13.4638624191, 15.3040342331, 18.3398151398, 20.9157295227, 32.8790969849, 21.0103263855, 20.5765018463, 20.6978378296, 9.4126701355, 8.90588283539, 6.6578001976, 7.1738243103, 5.71664094925, 6.26038122177, 6.38659477234, 5.53204250336, 5.21802806854, 3.58383774757, 1.27009558678, 0.446292549372, 0.277080506086, 0.0920887812972, 0.0315259024501, 0.00918535608798, 0.00040220018127],
        "dvar": [0.249809578061, 12.9864931107, 54.6733207703, 79.0505905151, 138.185409546, 423.040344238, 203.041427612, 271.838348389, 811.074768066, 3819.82421875, 1304.76818848, 1961.92260742, 2289.53027344, 477.071899414, 485.341339111, 803.659606934, 421.218505859, 895.289855957, 1106.30847168, 2642.33447266, 924.547668457, 581.279052734, 691.066345215, 101.781455994, 139.215286255, 75.162940979, 237.712661743, 117.917366028, 260.542663574, 331.208587646, 365.824188232, 317.737091064, 165.914764404, 19.4393405914, 0.824729681015, 0.163217037916, 0.0260700006038, 0.00245099561289, 0.000199257905479, 4.43199382971e-07],
        "dvar2": [0.677475810051, 33.0881500244, 150.286010742, 214.737594604, 351.047241211, 1076.67956543, 504.141784668, 673.742675781, 1966.06506348, 8942.95117188, 2309.86865234, 4355.5859375, 4960.87548828, 1055.14025879, 1198.63989258, 1790.81188965, 965.919067383, 2224.46557617, 2611.55322266, 5119.90039062, 2391.36254883, 1364.15905762, 1600.42797852, 228.738525391, 292.140258789, 177.193206787, 663.621520996, 262.102050781, 487.211486816, 680.603637695, 683.576904297, 581.149047852, 266.51171875, 29.5229377747, 1.38051307201, 0.359861314297, 0.0478871911764, 0.00467402348295, 0.000468613056, 1.12468148927e-06],
        "max": [4.63738965988, 36.0136528015, 80.8517990112, 118.437278748, 133.897415161, 346.518981934, 255.910202026, 268.14553833, 480.766906738, 862.659912109, 989.504150391, 914.869934082, 1198.39343262, 444.68661499, 546.703674316, 761.842895508, 437.371612549, 741.126525879, 792.33770752, 1348.00402832, 671.898620605, 347.746826172, 396.617340088, 126.33946228, 379.329498291, 152.914108276, 505.362762451, 292.706573486, 398.976623535, 312.846588135, 408.630218506, 324.963989258, 368.631286621, 136.789230347, 25.5789871216, 7.01075363159, 4.09506368637, 1.28899693489, 0.151064708829, 0.00684189749882],
        "mean": [0.197421774268, 1.5445356369, 4.38653850555, 6.74109649658, 8.90833854675, 13.1454029083, 9.47659683228, 13.798160553, 18.8528118134, 30.4083652496, 19.8194618225, 21.5856666565, 20.337097168, 14.2358570099, 13.0913944244, 13.9145612717, 16.8538150787, 19.0249481201, 21.5469436646, 45.961063385, 29.0388565063, 26.1374130249, 27.2902507782, 13.2467842102, 11.9524517059, 8.59362220764, 9.032954216, 7.56142234802, 7.85470485687, 7.12633037567, 6.23764181137, 5.65827655792, 4.25141382217, 1.74241304398, 0.674610257149, 0.406126052141, 0.13540969789, 0.0406432971358, 0.00752577139065, 0.000284091976937],
        "median": [0.0376554615796, 0.348026692867, 2.17036485672, 4.56674766541, 3.79479956627, 5.10062456131, 3.52268838882, 6.46582317352, 7.4947013855, 3.61499929428, 3.83121323586, 3.93193268776, 3.39605808258, 4.42060947418, 4.28531455994, 4.44833278656, 7.70208930969, 7.59574270248, 10.0574636459, 16.3067836761, 15.5140628815, 14.2090167999, 13.2464952469, 7.77852010727, 6.38874483109, 4.0158367157, 3.11491680145, 2.27126526833, 1.80155229568, 1.13727104664, 0.680311203003, 0.48550349474, 0.423368632793, 0.311702370644, 0.20509378612, 0.129024967551, 0.0356445275247, 0.008942771703, 0.000355550931999, 5.77048303967e-05],
        "min": [4.75261861503e-22, 1.1508272249e-20, 1.6571876948e-20, 2.20151308909e-20, 1.15636347042e-19, 1.95749707021e-19, 3.18903613642e-19, 9.91515654271e-19, 7.46869284989e-19, 5.03749425828e-19, 6.0185165061e-19, 6.57195100071e-19, 1.74719922077e-18, 4.41470511541e-18, 3.00751372914e-18, 2.69709848785e-18, 5.21028701497e-18, 2.78790058523e-18, 2.73907004572e-18, 4.88202700632e-18, 7.14029832099e-18, 1.05914976686e-17, 1.2665728328e-17, 1.54211099619e-17, 1.52837136077e-17, 1.6834025438e-17, 1.89263208948e-17, 2.3301381725e-17, 2.25931910435e-17, 1.64799937901e-17, 2.27947749588e-17, 1.45978121351e-17, 1.47162792881e-17, 1.23623821723e-17, 7.05025309387e-18, 7.25015783251e-18, 3.10636119195e-18, 1.36582005133e-18, 2.96716665059e-19, 3.81023397767e-20],
        "var": [0.199225097895, 11.410358429, 49.326965332, 83.4025802612, 201.424072266, 605.409667969, 317.536743164, 446.822723389, 1323.2734375, 7604.50830078, 5036.16992188, 3740.18139648, 4795.11962891, 1023.84942627, 860.144592285, 1395.38354492, 781.516723633, 1320.06640625, 1654.3717041, 8250.48046875, 1951.66345215, 1359.05517578, 1618.50476074, 281.201324463, 321.873474121, 182.399078369, 656.396911621, 374.177734375, 585.742736816, 718.086791992, 789.575073242, 752.976623535, 489.707000732, 57.0994911194, 2.48421001434, 0.410827666521, 0.0712364241481, 0.00575137604028, 0.00026646637707, 4.33108226616e-07]
    },
    "gfcc": {
        "mean": [-51.001663208, 77.4672698975, -94.2636871338, 30.2812023163, -36.9144630432, 4.65424633026, -38.1147079468, 8.29618263245, -21.0380516052, 7.57589435577, -18.3716068268, 3.49684810638, -14.2186098099],
        "cov": [[31185.5976562, -1804.64575195, -1460.32995605, 536.171264648, -376.476043701, 370.644622803, -912.581665039, -118.368515015, -635.751525879, -622.053161621, -1076.01843262, -241.015411377, -67.5971755981], [-1804.64575195, 1224.77954102, -328.924621582, -190.57383728, 79.3768539429, -118.013641357, 71.6597900391, 14.5563144684, 36.0197525024, -27.5398483276, 93.8532562256, -34.3327484131, -24.0322113037], [-1460.32995605, -328.924621582, 1065.59387207, 11.7612218857, 192.220184326, 97.9390487671, 39.1463737488, -127.693305969, 0.449170649052, 111.63961792, 101.077461243, 128.708847046, 83.4139785767], [536.171264648, -190.57383728, 11.7612218857, 364.2003479, -18.8271808624, 115.600265503, -39.1428222656, -22.214881897, 0.349492460489, 10.0972595215, -3.92645430565, 6.57638978958, 38.0033111572], [-376.476043701, 79.3768539429, 192.220184326, -18.8271808624, 402.3074646, -2.78327345848, 29.0508842468, 1.17270207405, 11.164223671, 40.7009544373, 23.7462730408, 38.2956466675, 27.1935825348], [370.644622803, -118.013641357, 97.9390487671, 115.600265503, -2.78327345848, 202.292663574, 41.7530479431, 10.4165000916, -6.35808038712, -4.58891296387, -0.121281281114, 15.5849456787, 12.5308065414], [-912.581665039, 71.6597900391, 39.1463737488, -39.1428222656, 29.0508842468, 41.7530479431, 213.143814087, 72.1320724487, 24.8838596344, 1.65330481529, 27.2327060699, -18.7559928894, -20.6711502075], [-118.368515015, 14.5563144684, -127.693305969, -22.214881897, 1.17270207405, 10.4165000916, 72.1320724487, 143.550827026, 53.9800682068, 9.14337444305, -0.921066343784, -11.1517915726, -30.3542404175], [-635.751525879, 36.0197525024, 0.449170649052, 0.349492460489, 11.164223671, -6.35808038712, 24.8838596344, 53.9800682068, 120.652366638, 46.9121284485, 42.0451164246, -5.55046463013, -5.31935834885], [-622.053161621, -27.5398483276, 111.63961792, 10.0972595215, 40.7009544373, -4.58891296387, 1.65330481529, 9.14337444305, 46.9121284485, 123.267677307, 63.1735801697, 34.5652503967, 10.5335979462], [-1076.01843262, 93.8532562256, 101.077461243, -3.92645430565, 23.7462730408, -0.121281281114, 27.2327060699, -0.921066343784, 42.0451164246, 63.1735801697, 138.413192749, 53.6234512329, 2.20023322105], [-241.015411377, -34.3327484131, 128.708847046, 6.57638978958, 38.2956466675, 15.5849456787, -18.7559928894, -11.1517915726, -5.55046463013, 34.5652503967, 53.6234512329, 105.894950867, 42.8813934326], [-67.5971755981, -24.0322113037, 83.4139785767, 38.0033111572, 27.1935825348, 12.5308065414, -20.6711502075, -30.3542404175, -5.31935834885, 10.5335979462, 2.20023322105, 42.8813934326, 88.5179519653]],
        "icov": [[6.0605656472e-05, 6.12399599049e-05, 7.80039190431e-05, 2.43905560637e-06, -3.67481079593e-05, -0.000153661443619, 0.000218987319386, -2.62685243797e-05, 0.000139644253068, 6.37171906419e-05, 0.000285081274342, -5.75563281018e-05, 8.51337317727e-05], [6.12399599049e-05, 0.00133735674899, 0.000693874200806, 0.000591585296206, -0.000503185205162, -8.03224247647e-06, -0.00019268070173, 0.000655252195429, -9.17583238333e-05, 0.000614163698629, -0.00123864854686, 0.000520070607308, -0.000462328782305], [7.80039190431e-05, 0.000693874200806, 0.0020509287715, 0.000584425521083, -0.000749225902837, -0.000964406935964, -0.000763779273257, 0.00244397902861, -0.000477448367747, -0.00071780156577, -9.78686512099e-05, -0.00122978142463, -0.000254307698924], [2.43905560637e-06, 0.000591585296206, 0.000584425521083, 0.00412770127878, -0.000167218749993, -0.00251266546547, 0.000841295346618, 0.000691366265528, -0.000296236830764, -0.000381671328796, -0.00102578394581, 0.0012741307728, -0.00188390153926], [-3.67481079593e-05, -0.000503185205162, -0.000749225902837, -0.000167218749993, 0.00303844222799, 0.000427179213148, -0.000332149473252, -0.00064650393324, 5.93819349888e-05, -0.000719702919014, 0.000683042104356, -0.000592265918385, -0.000320881197695], [-0.000153661443619, -8.03224247647e-06, -0.000964406935964, -0.00251266546547, 0.000427179213148, 0.00773898605257, -0.0022595745977, -0.000958786578849, 0.000160756288096, 0.000887753558345, -0.00022657426598, -0.00107191561256, 0.000213726612856], [0.000218987319386, -0.00019268070173, -0.000763779273257, 0.000841295346618, -0.000332149473252, -0.0022595745977, 0.00843500159681, -0.00507966894656, 0.00193442136515, 0.00116909947246, -0.00170710205566, 0.00353956059553, -0.000571880140342], [-2.62685243797e-05, 0.000655252195429, 0.00244397902861, 0.000691366265528, -0.00064650393324, -0.000958786578849, -0.00507966894656, 0.0148056577891, -0.0066392258741, -0.00115881871898, 0.00320912757888, -0.00498270569369, 0.00385613227263], [0.000139644253068, -9.17583238333e-05, -0.000477448367747, -0.000296236830764, 5.93819349888e-05, 0.000160756288096, 0.00193442136515, -0.0066392258741, 0.0143131837249, -0.00313724484295, -0.00382326869294, 0.00515811005607, -0.00237741996534], [6.37171906419e-05, 0.000614163698629, -0.00071780156577, -0.000381671328796, -0.000719702919014, 0.000887753558345, 0.00116909947246, -0.00115881871898, -0.00313724484295, 0.0132290003821, -0.00431946665049, -0.000728642335162, -0.000275686412351], [0.000285081274342, -0.00123864854686, -9.78686512099e-05, -0.00102578394581, 0.000683042104356, -0.00022657426598, -0.00170710205566, 0.00320912757888, -0.00382326869294, -0.00431946665049, 0.0172775369138, -0.00946564506739, 0.00537840416655], [-5.75563281018e-05, 0.000520070607308, -0.00122978142463, 0.0012741307728, -0.000592265918385, -0.00107191561256, 0.00353956059553, -0.00498270569369, 0.00515811005607, -0.000728642335162, -0.00946564506739, 0.0203415118158, -0.00906151533127], [8.51337317727e-05, -0.000462328782305, -0.000254307698924, -0.00188390153926, -0.000320881197695, 0.000213726612856, -0.000571880140342, 0.00385613227263, -0.00237741996534, -0.000275686412351, 0.00537840416655, -0.00906151533127, 0.0176881849766]]
    },
    "melbands": {
        "dmean": [0.00174426846206, 0.00164329854306, 0.000768957193941, 0.000561483204365, 0.00025000012829, 0.000187115176232, 0.000198756024474, 0.00020558165852, 8.48518611747e-05, 8.96023193491e-05, 6.62954917061e-05, 3.45599546563e-05, 3.08509588649e-05, 2.06456752494e-05, 2.90445459541e-05, 1.99318710656e-05, 2.24058112508e-05, 2.24448467634e-05, 2.37875046878e-05, 3.04644345306e-05, 1.41837545016e-05, 1.39384292197e-05, 1.74005981535e-05, 9.74168415269e-06, 5.11928283231e-06, 5.17031458003e-06, 3.6610913412e-06, 3.01977911477e-06, 3.31678461407e-06, 2.50305856753e-06, 2.44564171226e-06, 2.58060549641e-06, 2.55654981629e-06, 2.53572852671e-06, 2.44774696512e-06, 2.09412178265e-06, 2.33221021517e-06, 1.945017857e-06, 1.39453584325e-06, 6.63475077545e-07],
        "dmean2": [0.00294965971261, 0.00273992284201, 0.00131521839648, 0.000904210086446, 0.000399918324547, 0.00028627217398, 0.000319384766044, 0.000328407448251, 0.000126962826471, 0.000132125249365, 9.81440316536e-05, 5.26993098902e-05, 4.72810133942e-05, 3.30672737618e-05, 4.45313235105e-05, 3.19020837196e-05, 3.52516472049e-05, 3.61261481885e-05, 3.65643572877e-05, 4.54782239103e-05, 2.25013391173e-05, 2.21539939957e-05, 2.65902344836e-05, 1.53957025759e-05, 7.94196876086e-06, 8.02814156486e-06, 5.79673360335e-06, 4.64524873678e-06, 5.18724937137e-06, 3.90955665353e-06, 3.7593883917e-06, 3.89034266846e-06, 3.80236042474e-06, 3.79326274924e-06, 3.40093220075e-06, 3.044049663e-06, 3.435306553e-06, 2.79038090412e-06, 1.95085567611e-06, 9.23529398733e-07],
        "dvar": [1.95180455194e-05, 1.43577963172e-05, 2.23215965889e-06, 1.25622671021e-06, 2.89218633043e-07, 1.29543209937e-07, 2.3435505625e-07, 3.80881516548e-07, 8.64580442794e-08, 7.60670744171e-08, 5.67188429557e-08, 8.5821083573e-09, 7.31920568597e-09, 4.33845004366e-09, 6.42461062128e-09, 2.08222750153e-09, 3.82597864501e-09, 3.83414366922e-09, 3.24043414324e-09, 4.01104438552e-09, 1.06172715064e-09, 6.56594167925e-10, 1.31032351636e-09, 4.53821785706e-10, 7.13673495301e-11, 1.15881478024e-10, 5.09661236825e-11, 3.76647567302e-11, 1.3457267245e-10, 7.06501801506e-11, 4.82453139938e-11, 8.82224293619e-11, 1.16678611217e-10, 1.18528548088e-10, 1.38265787708e-10, 1.08777077623e-10, 1.43983144851e-10, 1.00883905396e-10, 5.322252708e-11, 8.1895566717e-12],
        "dvar2": [5.0640446716e-05, 3.70320667571e-05, 5.96041581957e-06, 3.20180834024e-06, 7.17651460036e-07, 3.22527711205e-07, 5.77223318032e-07, 8.76215608514e-07, 1.51854052888e-07, 1.63269035625e-07, 1.21981983625e-07, 1.89379143478e-08, 1.68573244252e-08, 1.01294315158e-08, 1.32814568232e-08, 5.3473279138e-09, 9.68956648251e-09, 9.11980979623e-09, 6.59515775325e-09, 8.33241742271e-09, 2.83960277514e-09, 1.58185020638e-09, 2.90750201692e-09, 1.14851872457e-09, 1.64770697086e-10, 2.5350407884e-10, 1.24486906894e-10, 8.81685835452e-11, 3.78942960344e-10, 1.84433135431e-10, 1.10651425522e-10, 1.7569873334e-10, 2.34997132864e-10, 2.53704973696e-10, 2.59048782425e-10, 2.06010888903e-10, 2.74792744115e-10, 1.6845273787e-10, 9.44353137355e-11, 1.22278506764e-11],
        "max": [0.0439133420587, 0.0380066111684, 0.0180794037879, 0.0130479792133, 0.00796789117157, 0.00608781259507, 0.00721894204617, 0.00913769844919, 0.00805335585028, 0.00540072936565, 0.00584595184773, 0.00194452551659, 0.00178402394522, 0.00187974760775, 0.00233492814004, 0.00111314398237, 0.00166101660579, 0.00137090892531, 0.00170899310615, 0.00159869145136, 0.000682773184963, 0.000356755190296, 0.000657261291053, 0.000443273223937, 0.000117270588817, 0.000304249144392, 0.000139876108733, 9.51484034886e-05, 0.000397841213271, 0.000268285017228, 0.000149322979269, 0.000198482448468, 0.000313500728225, 0.000182746458449, 0.000255669176113, 0.000164218901773, 0.000260368833551, 0.000310376897687, 0.000215511448914, 0.000105174382043],
        "mean": [0.00184892362449, 0.00228748703375, 0.00123622897081, 0.000825193186756, 0.00038329322706, 0.000303181936033, 0.000310876028379, 0.000303186709061, 0.000156366892043, 0.000142487624544, 9.99746844172e-05, 5.58869760425e-05, 5.08615012222e-05, 2.87235961878e-05, 4.56114030385e-05, 3.32847521349e-05, 3.42392195307e-05, 3.20987746818e-05, 4.48621030955e-05, 6.48359200568e-05, 2.6773665013e-05, 2.49306140176e-05, 3.1807769119e-05, 1.84226300917e-05, 9.55941141001e-06, 9.57507018029e-06, 6.83350526742e-06, 5.32564763489e-06, 5.72118733544e-06, 4.79018672195e-06, 4.3271938921e-06, 4.56507586932e-06, 4.10810207541e-06, 3.8967718865e-06, 3.7039462768e-06, 3.27945781464e-06, 3.48740491063e-06, 3.14155636261e-06, 2.26605470743e-06, 1.19993194403e-06],
        "median": [0.000432051485404, 0.00110686349217, 0.000811461010017, 0.000352428236511, 0.000157102491357, 0.000140025862493, 0.000112470770546, 3.10079667543e-05, 3.02199950966e-05, 2.19234007091e-05, 1.58122929861e-05, 1.69043323694e-05, 1.53806813614e-05, 8.08272943686e-06, 1.61130010383e-05, 1.47293476402e-05, 1.26573950183e-05, 1.29712234411e-05, 1.73537646333e-05, 2.2555464966e-05, 1.40157053465e-05, 1.20112918012e-05, 1.3121198208e-05, 8.49273146741e-06, 5.24953520653e-06, 4.46116882813e-06, 3.64197444469e-06, 2.12308145819e-06, 1.82159271844e-06, 1.57598799433e-06, 1.15820603241e-06, 1.05608853573e-06, 7.77817604103e-07, 5.48717821403e-07, 3.84021518585e-07, 2.99612082699e-07, 2.7527002544e-07, 2.82472115032e-07, 2.86362535462e-07, 2.45113966457e-07],
        "min": [8.38229871708e-24, 1.22098975831e-23, 5.75200847827e-24, 1.18634014746e-23, 1.07997503394e-23, 1.98192451417e-23, 1.14488858345e-23, 5.60494784503e-24, 4.37846083061e-24, 4.73754597593e-24, 8.92156403189e-24, 1.74480333903e-23, 1.17734863197e-23, 5.43610281789e-24, 1.08303163329e-23, 1.07521244399e-23, 4.45535544178e-24, 4.34832003314e-24, 5.24203632989e-24, 9.13604347911e-24, 7.84525167914e-24, 8.8983770433e-24, 1.58587326795e-23, 1.07367905616e-23, 1.24662876325e-23, 1.06835763716e-23, 1.11799489524e-23, 1.09074795512e-23, 1.01507331734e-23, 1.37211089529e-23, 1.36454051273e-23, 1.41844306284e-23, 8.64307167766e-24, 9.42324012457e-24, 1.30684267392e-23, 1.20913688656e-23, 7.73860636222e-24, 1.00398122304e-23, 1.10971564227e-23, 1.02627332781e-23],
        "var": [1.67760535987e-05, 1.42597855302e-05, 2.57726696873e-06, 1.91275148609e-06, 4.37536755271e-07, 2.13805094518e-07, 3.80496373964e-07, 7.74527507019e-07, 3.40533659937e-07, 1.67750002333e-07, 1.20268893511e-07, 1.74692669219e-08, 1.58129296324e-08, 6.18628748228e-09, 1.16183613841e-08, 3.053194364e-09, 5.09183939457e-09, 5.00824626215e-09, 8.34504731984e-09, 1.27293651175e-08, 1.85857174095e-09, 1.36083111446e-09, 2.9569098281e-09, 8.52629800097e-10, 1.67420466379e-10, 2.39240738331e-10, 9.59985285709e-11, 8.09159267368e-11, 2.79505946166e-10, 1.97412114433e-10, 1.25011972996e-10, 1.85595483426e-10, 2.34225278062e-10, 2.41228176323e-10, 2.89974821932e-10, 2.34713359859e-10, 3.11698805655e-10, 2.79991613228e-10, 1.36801292516e-10, 2.32321748644e-11]
    },
    "mfcc": {
        "mean": [-700.92779541, 113.296600342, 6.7363910675, 30.5257911682, 16.9033508301, 6.37089443207, -1.7674382925, 0.134101882577, 2.0560567379, -1.14450144768, 1.89152729511, 0.416429430246, 1.12411558628],
        "cov": [[28015.8691406, 323.330871582, -2558.63061523, 352.159332275, -6.14420127869, -93.3123245239, -371.068481445, 52.6950531006, 158.589782715, -386.07635498, -495.58001709, -591.233581543, -475.045288086], [323.330871582, 1068.35534668, -383.02331543, -51.0468025208, 0.0754328593612, -108.042221069, 7.93003463745, 1.10710680485, -37.0068016052, -31.5872383118, 29.6660766602, -34.5944900513, 5.84779214859], [-2558.63061523, -383.02331543, 968.953735352, -41.7047386169, 73.4009170532, 192.174514771, 61.4787559509, -36.7346611023, -44.8609275818, -12.7161540985, -17.6647968292, 78.2337493896, 64.7758407593], [352.159332275, -51.0468025208, -41.7047386169, 194.728103638, 83.4275741577, 47.0775108337, 12.6595602036, -26.299654007, 20.3831253052, -10.9241685867, -14.2100028992, -7.04255437851, 5.80678319931], [-6.14420127869, 0.0754328593612, 73.4009170532, 83.4275741577, 274.146606445, 97.2364120483, 6.9269733429, -27.4743003845, 1.29467391968, -23.3927021027, -4.16146564484, 0.996594309807, 22.5905609131], [-93.3123245239, -108.042221069, 192.174514771, 47.0775108337, 97.2364120483, 180.300048828, 67.2243652344, -3.44444441795, 7.58194208145, -12.215338707, -22.9178543091, 8.83331775665, 3.03766036034], [-371.068481445, 7.93003463745, 61.4787559509, 12.6595602036, 6.9269733429, 67.2243652344, 142.101165771, 52.5306091309, 19.0201206207, 5.2276930809, 21.5004940033, 24.8057365417, 5.38158226013], [52.6950531006, 1.10710680485, -36.7346611023, -26.299654007, -27.4743003845, -3.44444441795, 52.5306091309, 130.65574646, 37.9214744568, 24.0075359344, 20.4467163086, 8.82437515259, -2.69478011131], [158.589782715, -37.0068016052, -44.8609275818, 20.3831253052, 1.29467391968, 7.58194208145, 19.0201206207, 37.9214744568, 109.736808777, 36.7423706055, 4.44240140915, -2.01250910759, -7.53860235214], [-386.07635498, -31.5872383118, -12.7161540985, -10.9241685867, -23.3927021027, -12.215338707, 5.2276930809, 24.0075359344, 36.7423706055, 108.366485596, 51.719329834, 19.5731391907, 3.87669157982], [-495.58001709, 29.6660766602, -17.6647968292, -14.2100028992, -4.16146564484, -22.9178543091, 21.5004940033, 20.4467163086, 4.44240140915, 51.719329834, 105.706871033, 52.0546340942, 23.4450683594], [-591.233581543, -34.5944900513, 78.2337493896, -7.04255437851, 0.996594309807, 8.83331775665, 24.8057365417, 8.82437515259, -2.01250910759, 19.5731391907, 52.0546340942, 88.8868179321, 52.8621940613], [-475.045288086, 5.84779214859, 64.7758407593, 5.80678319931, 22.5905609131, 3.03766036034, 5.38158226013, -2.69478011131, -7.53860235214, 3.87669157982, 23.4450683594, 52.8621940613, 85.2824020386]],
