{
"lowlevel": {
    "average_loudness": 0.945138275623,
    "barkbands_crest": {
        "dmean": 3.22134399414,
        "dmean2": 5.29000520706,
        "dvar": 7.26550912857,
        "dvar2": 20.1607570648,
        "max": 24.7343711853,
        "mean": 10.6687335968,
        "median": 10.1136713028,
        "min": 2.83087015152,
        "var": 16.2610969543
    },
    "barkbands_flatness_db": {
        "dmean": 0.0263066012412,
        "dmean2": 0.0411840081215,
        "dvar": 0.000686078856234,
        "dvar2": 0.00152259739116,
        "max": 0.560284614563,
        "mean": 0.172586247325,
        "median": 0.132792204618,
        "min": 0.0335122309625,
        "var": 0.0145386978984
    },
    "barkbands_kurtosis": {
        "dmean": 6.1713476181,
        "dmean2": 10.0400857925,
        "dvar": 102.054702759,
        "dvar2": 266.289672852,
        "max": 178.065841675,
        "mean": 9.34649562836,
        "median": 4.03470802307,
        "min": -1.93445396423,
        "var": 214.333679199
    },
    "barkbands_skewness": {
        "dmean": 0.831989228725,
        "dmean2": 1.29604709148,
        "dvar": 0.65717881918,
        "dvar2": 1.5623100996,
        "max": 11.8547945023,
        "mean": 2.20584273338,
        "median": 1.93488550186,
        "min": -2.65169858932,
        "var": 2.97426843643
    },
    "barkbands_spread": {
        "dmean": 6.03058385849,
        "dmean2": 9.2701921463,
        "dvar": 71.6567611694,
        "dvar2": 131.85218811,
        "max": 101.344749451,
        "mean": 18.4026088715,
        "median": 15.5891904831,
        "min": 0.395270496607,
        "var": 229.573287964
    },
    "dissonance": {
        "dmean": 0.025644313544,
        "dmean2": 0.0428311415017,
        "dvar": 0.00134474027436,
        "dvar2": 0.0038589828182,
        "max": 0.500000059605,
        "mean": 0.452014654875,
        "median": 0.471649616957,
        "min": 0.108244769275,
        "var": 0.00342612969689
    },
    "dynamic_complexity": 2.51311731339,
    "erbbands_crest": {
        "dmean": 2.87572288513,
        "dmean2": 4.7028298378,
        "dvar": 7.03885984421,
        "dvar2": 17.3983631134,
        "max": 29.4494304657,
        "mean": 8.49342632294,
        "median": 7.38075590134,
        "min": 2.54100179672,
        "var": 18.1270256042
    },
    "erbbands_flatness_db": {
        "dmean": 0.0193731170148,
        "dmean2": 0.0288075748831,
        "dvar": 0.000365934189176,
        "dvar2": 0.000759317365009,
        "max": 0.512366235256,
        "mean": 0.159427165985,
        "median": 0.126030117273,
        "min": 0.0437166951597,
        "var": 0.0097271874547
    },
    "erbbands_kurtosis": {
        "dmean": 1.28561103344,
        "dmean2": 1.98281943798,
        "dvar": 14.3993444443,
        "dvar2": 33.0930900574,
        "max": 83.2348709106,
        "mean": 0.455711811781,
        "median": -0.4424264431,
        "min": -1.81944966316,
        "var": 19.145111084
    },
    "erbbands_skewness": {
        "dmean": 0.458934783936,
        "dmean2": 0.681528031826,
        "dvar": 0.197530686855,
        "dvar2": 0.417122066021,
        "max": 3.71962857246,
        "mean": 0.312127679586,
        "median": 0.29107272625,
        "min": -3.62174320221,
        "var": 0.60621291399
    },
    "erbbands_spread": {
        "dmean": 10.8514871597,
        "dmean2": 16.2580718994,
        "dvar": 132.232788086,
        "dvar2": 291.149475098,
        "max": 123.770233154,
        "mean": 47.5656929016,
        "median": 45.5204849243,
        "min": 0.402736783028,
        "var": 698.027770996
    },
    "hfc": {
        "dmean": 8.94963264465,
        "dmean2": 13.0694055557,
        "dvar": 342.6902771,
        "dvar2": 666.099853516,
        "max": 456.429870605,
        "mean": 21.2645206451,
        "median": 14.3383054733,
        "min": 1.21548275019e-16,
        "var": 973.596252441
    },
    "melbands_crest": {
        "dmean": 3.88701248169,
        "dmean2": 6.42288684845,
        "dvar": 10.0329818726,
        "dvar2": 27.0770778656,
        "max": 31.8224029541,
        "mean": 15.1001634598,
        "median": 14.8374090195,
        "min": 1.68753707409,
        "var": 24.720205307
    },
    "melbands_flatness_db": {
        "dmean": 0.0326684862375,
        "dmean2": 0.0502108745277,
        "dvar": 0.00105641561095,
        "dvar2": 0.00219321832992,
        "max": 0.753976881504,
        "mean": 0.26376080513,
        "median": 0.218707755208,
        "min": 0.00258066528477,
        "var": 0.0232035685331
    },
    "melbands_kurtosis": {
        "dmean": 16.5745506287,
        "dmean2": 26.8971195221,
        "dvar": 741.141418457,
        "dvar2": 1895.52832031,
        "max": 349.551147461,
        "mean": 30.31275177,
        "median": 13.0647315979,
        "min": -1.81814420223,
        "var": 1897.60522461
    },
    "melbands_skewness": {
        "dmean": 1.16044998169,
        "dmean2": 1.79364836216,
        "dvar": 1.35662746429,
        "dvar2": 3.2302737236,
        "max": 14.4450292587,
        "mean": 3.68762874603,
        "median": 3.16566634178,
        "min": -2.27247571945,
        "var": 6.52569198608
    },
    "melbands_spread": {
        "dmean": 6.9715256691,
        "dmean2": 10.5845184326,
        "dvar": 172.996841431,
        "dvar2": 336.872131348,
        "max": 225.75352478,
        "mean": 17.2968196869,
        "median": 12.1561021805,
        "min": 0.501892983913,
        "var": 446.492950439
    },
    "pitch_salience": {
        "dmean": 0.0923442989588,
        "dmean2": 0.150518208742,
        "dvar": 0.00593754509464,
        "dvar2": 0.017066238448,
        "max": 0.964720249176,
        "mean": 0.563724339008,
        "median": 0.575300395489,
        "min": 0.166853696108,
        "var": 0.0121797947213
    },
    "silence_rate_20dB": {
        "dmean": 0,
        "dmean2": 0,
        "dvar": 0,
        "dvar2": 0,
        "max": 1,
        "mean": 1,
        "median": 1,
        "min": 1,
        "var": 0
    },
    "silence_rate_30dB": {
        "dmean": 0.0147058824077,
        "dmean2": 0.0294231511652,
        "dvar": 0.0144895827398,
        "dvar2": 0.039396815002,
        "max": 1,
        "mean": 0.990328848362,
        "median": 1,
        "min": 0,
        "var": 0.00957758445293
    },
    "silence_rate_60dB": {
        "dmean": 0.019736841321,
        "dmean2": 0.0394889675081,
        "dvar": 0.0193468686193,
        "dvar2": 0.0410241745412,
        "max": 1,
        "mean": 0.0305609293282,
        "median": 0,
        "min": 0,
        "var": 0.0296241752803
    },
    "spectral_centroid": {
        "dmean": 277.185821533,
        "dmean2": 415.370849609,
        "dvar": 135765.515625,
        "dvar2": 231108.21875,
        "max": 10950.2050781,
        "mean": 1124.37304688,
        "median": 1019.44342041,
        "min": 180.395385742,
        "var": 506518.125
    },
    "spectral_complexity": {
        "dmean": 4.90441179276,
        "dmean2": 7.2969417572,
        "dvar": 27.5609493256,
        "dvar2": 57.0625648499,
        "max": 52,
        "mean": 17.059961319,
        "median": 16,
        "min": 0,
        "var": 99.9028015137
    },
    "spectral_decrease": {
        "dmean": 3.92754140321e-09,
        "dmean2": 6.24926466131e-09,
        "dvar": 2.57314084084e-17,
        "dvar2": 6.08425883595e-17,
        "max": 3.06151807658e-18,
        "mean": -9.24300014304e-09,
        "median": -7.72358088597e-09,
        "min": -5.91020743457e-08,
        "var": 4.57230171638e-17
    },
    "spectral_energy": {
        "dmean": 0.015342396684,
        "dmean2": 0.0243714936078,
        "dvar": 0.000376760406652,
        "dvar2": 0.000892632408068,
        "max": 0.226982042193,
        "mean": 0.0368139706552,
        "median": 0.0309854112566,
        "min": 1.08204853021e-20,
        "var": 0.000695785449352
    },
    "spectral_energyband_high": {
        "dmean": 0.000689767242875,
        "dmean2": 0.000972096866462,
        "dvar": 6.67390077069e-06,
        "dvar2": 1.22708188428e-05,
        "max": 0.0604616329074,
        "mean": 0.00115185498726,
        "median": 0.000409400468925,
        "min": 8.01846913824e-21,
        "var": 1.61593743542e-05
    },
    "spectral_energyband_low": {
        "dmean": 0.0106974542141,
        "dmean2": 0.0175436902791,
        "dvar": 0.000300032610539,
        "dvar2": 0.000745595432818,
        "max": 0.206569820642,
        "mean": 0.0184008236974,
        "median": 0.0126464199275,
        "min": 9.35263581137e-23,
        "var": 0.000421992852353
    },
    "spectral_energyband_middle_high": {
        "dmean": 0.00187832617667,
        "dmean2": 0.00279058935121,
        "dvar": 7.50375738789e-06,
        "dvar2": 1.69306149473e-05,
        "max": 0.0565504357219,
        "mean": 0.00410299934447,
        "median": 0.00254639028572,
        "min": 1.41879084953e-21,
        "var": 2.72303968814e-05
    },
    "spectral_energyband_middle_low": {
        "dmean": 0.0074172578752,
        "dmean2": 0.0117385843769,
        "dvar": 7.817200094e-05,
        "dvar2": 0.00018934738182,
        "max": 0.0790083259344,
        "mean": 0.0149585660547,
        "median": 0.0111390380189,
        "min": 3.01096393542e-22,
        "var": 0.000158920694957
    },
    "spectral_entropy": {
        "dmean": 0.184954255819,
        "dmean2": 0.272262990475,
        "dvar": 0.0373776443303,
        "dvar2": 0.069561637938,
        "max": 9.78691005707,
        "mean": 7.38590335846,
        "median": 7.64786529541,
        "min": 3.70384740829,
        "var": 0.829339444637
    },
    "spectral_flux": {
        "dmean": 0.0348553210497,
        "dmean2": 0.0572970472276,
        "dvar": 0.00130157929379,
        "dvar2": 0.00320479134098,
        "max": 0.447451412678,
        "mean": 0.108523391187,
        "median": 0.099917255342,
        "min": 1.04021562197e-10,
        "var": 0.00256246444769
    },
    "spectral_kurtosis": {
        "dmean": 10.3570175171,
        "dmean2": 16.115978241,
        "dvar": 1182.42175293,
        "dvar2": 2825.87670898,
        "max": 474.749847412,
        "mean": 32.5629997253,
        "median": 3.53604125977,
        "min": -1.13747501373,
        "var": 7894.37597656
    },
    "spectral_rms": {
        "dmean": 0.00121125753503,
        "dmean2": 0.00187871418893,
        "dvar": 1.58903458214e-06,
        "dvar2": 3.53363930117e-06,
        "max": 0.0148810585961,
        "mean": 0.00560840172693,
        "median": 0.00549815176055,
        "min": 3.24908784773e-12,
        "var": 4.46173680757e-06
    },
    "spectral_rolloff": {
        "dmean": 484.489837646,
        "dmean2": 796.637145996,
        "dvar": 1112772.75,
        "dvar2": 2188139.5,
        "max": 19013.8183594,
        "mean": 1080.30932617,
        "median": 538.330078125,
        "min": 86.1328125,
        "var": 2825576
    },
    "spectral_skewness": {
        "dmean": 0.393731713295,
        "dmean2": 0.607001423836,
        "dvar": 0.724615395069,
        "dvar2": 1.70027184486,
        "max": 18.2681007385,
        "mean": 2.75466418266,
        "median": 1.48154985905,
        "min": -0.0487891547382,
        "var": 15.6025238037
    },
    "spectral_spread": {
        "dmean": 598403.25,
        "dmean2": 874628.1875,
        "dvar": 633955287040,
        "dvar2": 923640135680,
        "max": 39067620,
        "mean": 4684665,
        "median": 4790912.5,
        "min": 195456.375,
        "var": 3.76078598144e+12
    },
    "spectral_strongpeak": {
        "dmean": 0.420801252127,
        "dmean2": 0.712551355362,
        "dvar": 0.416526019573,
        "dvar2": 1.06302189827,
        "max": 6.45237445831,
        "mean": 0.66287779808,
        "median": 0.387732774019,
        "min": 0,
        "var": 0.707092761993
    },
    "zerocrossingrate": {
        "dmean": 0.0114031815901,
        "dmean2": 0.0131707396358,
        "dvar": 0.00027087010676,
        "dvar2": 0.000307391397655,
        "max": 0.53271484375,
        "mean": 0.0510604307055,
        "median": 0.04296875,
        "min": 0.0029296875,
        "var": 0.00195088307373
    },
    "barkbands": {
        "dmean": [0.000666253152303, 0.00706828851253, 0.00443865545094, 0.00224758731201, 0.00354444864206, 0.00156861508731, 0.00150807097089, 0.00115887459833, 0.000779008085374, 0.000789882207755, 0.000238899840042, 0.000358494668035, 0.000307033216814, 0.000329228845658, 0.00023353517463, 0.000189517857507, 0.000192905674339, 0.000153529545059, 0.000167734571733, 0.000123973470181, 0.000138064846396, 0.00020034048066, 0.000128683255753, 0.000165883044247, 6.56356132822e-05, 1.52350894496e-05, 3.30018269779e-06],
        "dmean2": [0.00105828151572, 0.0116500221193, 0.00756660243496, 0.00386659777723, 0.00588721875101, 0.0025698763784, 0.00252657895908, 0.00185419537593, 0.00127141573466, 0.00119860831182, 0.000374192924937, 0.000578257837333, 0.000496570544783, 0.000529267941602, 0.00035860677599, 0.000301302527077, 0.000310769421048, 0.000243374583079, 0.000263266818365, 0.000199707224965, 0.00021282194939, 0.000292667216854, 0.000180545946932, 0.000232753620367, 9.82333003776e-05, 2.26179581659e-05, 5.16600175615e-06],
        "dvar": [1.89458671684e-06, 0.00016596968635, 5.27716838405e-05, 1.29152585941e-05, 2.98585382552e-05, 7.97595930635e-06, 1.22306382764e-05, 7.2588572948e-06, 3.89835349779e-06, 4.13115367337e-06, 3.96562114702e-07, 1.03469960777e-06, 4.75039939829e-07, 5.39117820608e-07, 1.8888877662e-07, 9.5933749833e-08, 1.20417453786e-07, 5.61287762935e-08, 7.82700624313e-08, 9.94669235865e-08, 2.25122363418e-07, 9.31413126182e-07, 3.47435729964e-07, 7.08271272742e-07, 9.49248573079e-08, 1.13140363744e-09, 2.51197090906e-10],
        "dvar2": [4.65201446787e-06, 0.000416658440372, 0.000134746922413, 3.49708025169e-05, 7.72196945036e-05, 2.02572864509e-05, 3.05145094899e-05, 1.84482250916e-05, 9.45192823565e-06, 8.90903993422e-06, 1.04743912743e-06, 2.52530571743e-06, 1.18816763006e-06, 1.36795290473e-06, 4.23015478646e-07, 2.22778368197e-07, 3.09741125193e-07, 1.33403645464e-07, 1.93969825091e-07, 2.39071653141e-07, 4.95230949582e-07, 2.24679934036e-06, 5.77641401378e-07, 1.36509686399e-06, 2.07072233138e-07, 2.26436092099e-09, 5.88094350995e-10],
        "max": [0.0138878216967, 0.141048550606, 0.0814315676689, 0.032356493175, 0.0716918259859, 0.0534000918269, 0.048720754683, 0.0374627374113, 0.0347200334072, 0.0470966435969, 0.0121295554563, 0.0252207126468, 0.011393494904, 0.011673248373, 0.00707282684743, 0.00387646420859, 0.00846473965794, 0.0063392133452, 0.00457857176661, 0.00914024654776, 0.0125330202281, 0.0294546857476, 0.023073060438, 0.0173982419074, 0.00579387368634, 0.000785025884397, 0.000566172937397],
        "mean": [0.000732204061933, 0.00946879014373, 0.00679396698251, 0.00288900127634, 0.00510020181537, 0.00201100832783, 0.00164084497374, 0.00141643278766, 0.00108616729267, 0.00133856292814, 0.00032396405004, 0.000436311296653, 0.000417146686232, 0.000403367797844, 0.000338176032528, 0.000296397163766, 0.000323939835653, 0.000258747691987, 0.000281304004602, 0.000195154847461, 0.000229104363825, 0.000277800194453, 0.000194591892068, 0.000231634170632, 9.70670880633e-05, 2.84306897811e-05, 3.65330129171e-06],
        "median": [0.000157741596922, 0.00466770678759, 0.00458181696013, 0.00149962771684, 0.00313012278639, 0.000978927011602, 0.000446585356258, 0.000414175447077, 0.000293485820293, 0.000277169368928, 8.55747202877e-05, 9.98360628728e-05, 9.77533054538e-05, 0.000109780885396, 0.000125493475934, 0.000120370168588, 0.000167829726706, 0.000137887618621, 0.000159188435646, 0.000101754594652, 0.000113796784717, 7.69263569964e-05, 4.89031226607e-05, 3.4912933188e-05, 3.27413727064e-05, 1.7631224182e-05, 9.47252715378e-07],
        "min": [3.88577932998e-24, 2.22291662978e-23, 4.67456063913e-23, 3.04060819228e-23, 2.52806348959e-23, 2.88465480894e-23, 9.45018067111e-23, 2.31463101857e-23, 8.76424402592e-23, 8.16178905933e-23, 9.76187602307e-23, 3.878139291e-23, 1.746495635e-22, 9.92966989306e-23, 6.84159878001e-23, 8.36286213101e-23, 1.54548163323e-22, 2.67296518409e-22, 2.52498144159e-22, 2.08349385826e-22, 4.98840043058e-22, 4.69729232876e-22, 6.95818333412e-22, 9.47422401554e-22, 1.4537337778e-21, 1.65001872884e-21, 2.3798878835e-21],
        "var": [2.4562859835e-06, 0.000202071430977, 6.90943343216e-05, 1.54041244969e-05, 3.61059064744e-05, 9.24350206333e-06, 1.40629563248e-05, 9.71642293734e-06, 5.77299579163e-06, 1.30733251353e-05, 6.61834917537e-07, 1.32307138756e-06, 8.31551005831e-07, 7.2146713137e-07, 3.49179146042e-07, 2.008390112e-07, 2.14234546547e-07, 1.25720916344e-07, 1.33291649718e-07, 1.58935293371e-07, 4.04330506854e-07, 1.28956617118e-06, 9.48081947172e-07, 1.3496999145e-06, 1.50550974354e-07, 2.50798382062e-09, 2.71870331803e-10]
    },
    "erbbands": {
        "dmean": [0.202156305313, 1.6842263937, 4.55980491638, 6.29773044586, 8.57580947876, 13.2142591476, 13.1577539444, 14.6067371368, 22.6828250885, 17.0408306122, 28.1496105194, 17.4344425201, 26.9103622437, 12.9207324982, 11.219575882, 13.1200971603, 13.9250135422, 16.5380172729, 11.2845859528, 14.7769851685, 7.87431955338, 10.1057138443, 7.95654964447, 7.6447763443, 8.32069015503, 5.72907161713, 4.79284000397, 6.32954359055, 7.5336151123, 4.95185232162, 3.55534934998, 3.56967067719, 2.84091210365, 1.12728404999, 0.263030707836, 0.0874574333429, 0.0233864672482, 0.00676411576569, 0.000497554661706, 2.65784292424e-05],
        "dmean2": [0.343097567558, 2.77703261375, 7.7359251976, 10.7451457977, 14.4243459702, 21.9538803101, 21.6561908722, 24.0839996338, 37.9754905701, 27.4726848602, 44.3566093445, 28.2316436768, 38.798500061, 20.8165683746, 17.6575145721, 20.9494495392, 22.1629753113, 26.365278244, 17.4504852295, 22.6740970612, 12.3221311569, 16.1551971436, 12.6041650772, 11.7811899185, 13.3690662384, 9.02966499329, 7.36044025421, 9.74764060974, 11.2271232605, 6.98444366455, 5.0004901886, 5.03675413132, 4.04451942444, 1.66771018505, 0.391400247812, 0.132004961371, 0.0343735441566, 0.0100658359006, 0.00080345972674, 4.23472083639e-05],
        "dvar": [0.18433201313, 8.62392616272, 49.0441551208, 129.670623779, 177.384094238, 524.953308105, 532.079833984, 889.934509277, 2844.63208008, 1595.29199219, 4424.890625, 2101.38696289, 5427.59619141, 927.027587891, 626.550842285, 1553.9831543, 884.821777344, 1436.11047363, 458.472473145, 663.091552734, 155.948165894, 346.822570801, 152.905456543, 137.144500732, 254.127807617, 212.72668457, 160.274612427, 682.880371094, 1304.09350586, 472.923034668, 256.467651367, 311.30859375, 212.533111572, 32.4196243286, 0.925837397575, 0.04337900877, 0.00246086600237, 0.000578597770073, 7.51777588448e-06, 2.93775226368e-09],
        "dvar2": [0.478127241135, 21.8317394257, 127.952148438, 342.387695312, 470.921508789, 1357.31652832, 1351.57739258, 2287.59301758, 6862.96533203, 3893.35473633, 11056.2792969, 5305.57421875, 10595.6914062, 2499.09204102, 1522.98474121, 3825.14550781, 2195.92504883, 3509.08911133, 1032.19482422, 1509.27880859, 365.910217285, 903.46081543, 346.855804443, 328.691772461, 653.022766113, 493.644073486, 319.346221924, 1598.43640137, 3204.95581055, 984.770996094, 398.78036499, 571.410888672, 421.012207031, 71.7959518433, 1.83109152317, 0.0835676416755, 0.00479540321976, 0.00126404175535, 1.8606933736e-05, 7.43952366378e-09],
        "max": [4.37632703781, 35.4580612183, 75.404548645, 132.6849823, 178.740478516, 342.454284668, 240.541351318, 618.769348145, 782.250366211, 592.440246582, 1016.22180176, 894.734924316, 1601.05480957, 691.097167969, 418.336029053, 989.789916992, 456.113342285, 527.016662598, 304.400085449, 465.516021729, 207.096572876, 492.790740967, 353.59197998, 176.633804321, 311.979095459, 393.212493896, 458.368835449, 611.339416504, 1053.29675293, 623.75579834, 638.187744141, 527.93182373, 371.793273926, 106.123191833, 25.4574375153, 5.32610702515, 1.28673887253, 0.64250510931, 0.105519346893, 0.00176609389018],
        "mean": [0.254557043314, 2.19808530807, 6.95418119431, 9.83092594147, 12.817317009, 17.8590812683, 16.2994861603, 17.5894775391, 25.3330001831, 20.0617637634, 36.1635246277, 25.2854995728, 48.9075393677, 19.8352298737, 15.3577871323, 17.2197113037, 19.5728034973, 22.3099060059, 15.9463539124, 22.7014522552, 14.1663303375, 17.7749443054, 14.7234449387, 13.1198530197, 13.7037229538, 9.26167964935, 8.57113170624, 9.68921756744, 10.2044029236, 7.14673376083, 5.44895362854, 4.87557411194, 3.82839274406, 1.55588018894, 0.449021160603, 0.167924776673, 0.0418759919703, 0.00970551744103, 0.000528434116859, 5.67910683458e-05],
        "median": [0.0873590633273, 1.15035891533, 4.87909269333, 6.68374586105, 7.32027006149, 9.96824169159, 8.43879032135, 7.5646276474, 6.66267728806, 7.20215797424, 10.6968135834, 7.9553027153, 9.01893424988, 5.97909355164, 4.21188879013, 4.57621431351, 5.11256122589, 6.10830926895, 5.95048570633, 8.16939067841, 7.59961128235, 10.3618869781, 8.36379432678, 7.55055379868, 8.25495910645, 5.13764095306, 4.83674716949, 3.90829586983, 2.9033343792, 1.91465294361, 1.33063971996, 0.807245671749, 0.537829458714, 0.377275198698, 0.211739882827, 0.103044502437, 0.0262793190777, 0.00431970320642, 0.000135254536872, 4.46158701379e-05],
        "min": [7.37065838041e-22, 5.61100924081e-21, 3.77792191187e-20, 9.93527150725e-20, 4.77472721814e-20, 1.37574378884e-19, 1.29823334653e-19, 3.04587986521e-19, 1.01292360551e-18, 1.165125562e-18, 6.13586396671e-19, 2.68483119257e-18, 1.71851538886e-18, 3.1134629511e-18, 3.32276363432e-18, 2.59951164828e-18, 8.84559898258e-18, 3.67408895396e-18, 5.12413201827e-18, 3.72354070611e-18, 6.65768227414e-18, 8.02317879445e-18, 1.50099978887e-17, 1.36378243665e-17, 1.05678113518e-17, 8.90931505081e-18, 1.47956009457e-17, 2.25333776134e-17, 1.95593903417e-17, 1.98314864411e-17, 1.93854855441e-17, 1.74248954388e-17, 1.6011189178e-17, 1.19031381136e-17, 1.20310913739e-17, 6.16833876737e-18, 3.05761212973e-18, 1.15870984578e-18, 3.19147476826e-19, 3.8888261525e-20],
        "var": [0.222561210394, 9.80895519257, 63.5393981934, 145.798034668, 281.337097168, 551.711425781, 545.816833496, 978.379211426, 3512.9074707, 1748.46557617, 6434.86230469, 2860.48876953, 19789.9960938, 1859.59423828, 1082.7935791, 1958.67211914, 1624.76306152, 2177.54052734, 841.234741211, 1365.57885742, 352.555389404, 573.133483887, 384.457244873, 276.252624512, 374.370330811, 334.33190918, 358.644622803, 1064.14916992, 1739.81896973, 855.847290039, 772.729858398, 630.232177734, 390.60559082, 48.3560523987, 1.99807882309, 0.104888789356, 0.00556241162121, 0.000750581617467, 7.38841572456e-06, 3.85586673701e-09]
    },
    "gfcc": {
        "mean": [-13.3673171997, 102.734535217, -81.6814651489, 36.4827308655, -54.7835235596, 8.26719284058, -33.9735832214, 9.08357334137, -23.8139801025, 3.4390835762, -20.044965744, -0.232560351491, -12.4395008087],
        "cov": [[16358.21875, -4770.53076172, -4752.25292969, 2449.19189453, -221.526580811, 1228.81884766, -769.838256836, 702.748046875, -572.994262695, 177.545272827, -582.137512207, 55.1676101685, -321.137268066], [-4770.53076172, 3252.01049805, 1615.30651855, -1461.40075684, 163.171783447, -485.678161621, 433.84765625, -300.149230957, 305.374938965, -164.582580566, 315.288787842, -90.5244827271, 79.4362106323], [-4752.25292969, 1615.30651855, 2190.96264648, -514.832763672, 46.5863952637, -320.403747559, 305.078125, -251.750167847, 162.247848511, -36.3622665405, 185.030441284, -28.7006397247, 112.658157349], [2449.19189453, -1461.40075684, -514.832763672, 1271.57226562, 67.8238525391, 277.600219727, -186.749099731, 136.334487915, -148.011535645, 74.6350479126, -148.184051514, 13.6977567673, -28.5760631561], [-221.526580811, 163.171783447, 46.5863952637, 67.8238525391, 262.184051514, 37.4434967041, 43.8069381714, 21.1408176422, 19.9292011261, -13.4732809067, -10.5778274536, -8.11149024963, 8.70186805725], [1228.81884766, -485.678161621, -320.403747559, 277.600219727, 37.4434967041, 264.908538818, 32.4270477295, 88.2893295288, -40.3095207214, 10.1603765488, -57.851688385, -9.58370780945, -21.906085968], [-769.838256836, 433.84765625, 305.078125, -186.749099731, 43.8069381714, 32.4270477295, 222.637893677, 17.9907150269, 55.27394104, -23.7450408936, 47.2139549255, -20.8453178406, 2.6278219223], [702.748046875, -300.149230957, -251.750167847, 136.334487915, 21.1408176422, 88.2893295288, 17.9907150269, 146.827865601, 16.9132232666, 26.597032547, -44.7478981018, 5.66211605072, -24.5654182434], [-572.994262695, 305.374938965, 162.247848511, -148.011535645, 19.9292011261, -40.3095207214, 55.27394104, 16.9132232666, 127.173049927, 16.7748737335, 38.1549758911, -20.468542099, 9.40950965881], [177.545272827, -164.582580566, -36.3622665405, 74.6350479126, -13.4732809067, 10.1603765488, -23.7450408936, 26.597032547, 16.7748737335, 95.8957901001, 11.849395752, 13.9129571915, -8.40162467957], [-582.137512207, 315.288787842, 185.030441284, -148.184051514, -10.5778274536, -57.851688385, 47.2139549255, -44.7478981018, 38.1549758911, 11.849395752, 104.492500305, 12.4148101807, 0.952173769474], [55.1676101685, -90.5244827271, -28.7006397247, 13.6977567673, -8.11149024963, -9.58370780945, -20.8453178406, 5.66211605072, -20.468542099, 13.9129571915, 12.4148101807, 59.0599365234, 20.244228363], [-321.137268066, 79.4362106323, 112.658157349, -28.5760631561, 8.70186805725, -21.906085968, 2.6278219223, -24.5654182434, 9.40950965881, -8.40162467957, 0.952173769474, 20.244228363, 68.9431991577]],
        "icov": [[0.000340818281984, -0.0003537448938, 0.000497144239489, -0.000373916409444, 0.000526553019881, -0.0010252171196, 0.000673619506415, -0.000493845785968, 0.000524888455402, -0.000334298063535, 0.000404080725275, -0.000304407381918, 0.000405336060794], [-0.0003537448938, 0.0023532747291, -0.000785013660789, 0.00142698816489, -0.00188810401596, 0.00261958548799, -0.00230617378838, 0.00170829158742, -0.00180289533455, 0.00193244102411, -0.0024309232831, 0.00212750397623, -0.000827275332995], [0.000497144239489, -0.000785013660789, 0.00190614792518, -0.00108558742795, 0.000941605831031, -0.000397662632167, -0.000951505731791, 0.00106672174297, 0.000111850975372, -0.0011196321575, 0.00116342690308, -0.000764918746427, -0.000116570823593], [-0.000373916409444, 0.00142698816489, -0.00108558742795, 0.00264928862453, -0.00175847497303, 0.000312371528707, 0.000435614958405, -0.000425950682256, 0.000430046144174, 0.000332955736667, -0.00153242854867, 0.0021278723143, -0.00098279712256], [0.000526553019881, -0.00188810401596, 0.000941605831031, -0.00175847497303, 0.00599194318056, -0.00280135450885, 0.00115318200551, -0.00144681683742, 0.000508333381731, -0.000730033032596, 0.0025108428672, -0.00197127345018, 0.000540582113899], [-0.0010252171196, 0.00261958548799, -0.000397662632167, 0.000312371528707, -0.00280135450885, 0.0126246530563, -0.00822527706623, 0.00219774572179, -0.00144107080996, 0.00132346933242, -0.00111643515993, 0.00343021820299, -0.00218676007353], [0.000673619506415, -0.00230617378838, -0.000951505731791, 0.000435614958405, 0.00115318200551, -0.00822527706623, 0.0147216003388, -0.00849518645555, 0.003338444978, 0.000739441253245, -0.00321349129081, 0.00163397681899, 0.000382193422411], [-0.000493845785968, 0.00170829158742, 0.00106672174297, -0.000425950682256, -0.00144681683742, 0.00219774572179, -0.00849518645555, 0.0196363851428, -0.009935060516, -0.00101152865682, 0.00752262677997, -0.00766041036695, 0.00539134116843], [0.000524888455402, -0.00180289533455, 0.000111850975372, 0.000430046144174, 0.000508333381731, -0.00144107080996, 0.003338444978, -0.009935060516, 0.0181810110807, -0.00490100169554, -0.00483263935894, 0.00896087102592, -0.00531472405419], [-0.000334298063535, 0.00193244102411, -0.0011196321575, 0.000332955736667, -0.000730033032596, 0.00132346933242, 0.000739441253245, -0.00101152865682, -0.00490100169554, 0.0157720819116, -0.00515620689839, -0.00170935457572, 0.00147198198829], [0.000404080725275, -0.0024309232831, 0.00116342690308, -0.00153242854867, 0.0025108428672, -0.00111643515993, -0.00321349129081, 0.00752262677997, -0.00483263935894, -0.00515620689839, 0.0230361521244, -0.0128370700404, 0.00776056293398], [-0.000304407381918, 0.00212750397623, -0.000764918746427, 0.0021278723143, -0.00197127345018, 0.00343021820299, 0.00163397681899, -0.00766041036695, 0.00896087102592, -0.00170935457572, -0.0128370700404, 0.032177887857, -0.0138929951936], [0.000405336060794, -0.000827275332995, -0.000116570823593, -0.00098279712256, 0.000540582113899, -0.00218676007353, 0.000382193422411, 0.00539134116843, -0.00531472405419, 0.00147198198829, 0.00776056293398, -0.0138929951936, 0.0231495015323]]
    },
    "melbands": {
        "dmean": [0.0018668071134, 0.00224894145504, 0.00109254522249, 0.000718077353667, 0.000531243917067, 0.000326227251207, 0.000328114227159, 0.00018753229233, 0.000224936418817, 0.000104772509076, 0.000134877293021, 5.73440047447e-05, 3.61109268852e-05, 4.28794046456e-05, 2.96873076877e-05, 3.16938603646e-05, 3.24165557686e-05, 1.96518412849e-05, 1.77282345248e-05, 1.73649259523e-05, 9.40673362493e-06, 1.16549936138e-05, 9.80888580671e-06, 6.98353369444e-06, 6.47139313514e-06, 6.94143909641e-06, 5.37916548637e-06, 3.7258237171e-06, 3.17977605846e-06, 3.18707157021e-06, 4.08732194046e-06, 4.62981324745e-06, 3.67551274394e-06, 2.50636321653e-06, 1.95814254766e-06, 2.33842183661e-06, 2.15425552597e-06, 2.05009746423e-06, 1.73154023742e-06, 7.19356421541e-07],
        "dmean2": [0.00311121484265, 0.00372899649665, 0.00185912125744, 0.00119329232257, 0.000877118785866, 0.000533535669092, 0.000549234391656, 0.00030155541026, 0.000353036943125, 0.000169622479007, 0.000195193555555, 9.36809374252e-05, 5.65579539398e-05, 6.94886693964e-05, 4.63528558612e-05, 5.05986899952e-05, 5.22526606801e-05, 3.1291936466e-05, 2.71660574072e-05, 2.74814792647e-05, 1.49992692968e-05, 1.87889563676e-05, 1.59679493663e-05, 1.11914177978e-05, 1.01252408058e-05, 1.10658538688e-05, 8.90170940693e-06, 5.88403781876e-06, 4.95143922308e-06, 5.03478531755e-06, 6.40240159555e-06, 7.07690151103e-06, 5.52575284019e-06, 3.5834884784e-06, 2.85180476567e-06, 3.29684235112e-06, 3.10677637572e-06, 2.9577049645e-06, 2.46754098043e-06, 1.11040787942e-06],
        "dvar": [1.34392557811e-05, 1.18664511319e-05, 3.19970581586e-06, 1.08077472305e-06, 9.61019509305e-07, 4.04703257573e-07, 5.79815605306e-07, 1.79047376037e-07, 2.78362989548e-07, 7.43020365235e-08, 1.35881734309e-07, 2.19406945945e-08, 7.7528872211e-09, 1.80773742642e-08, 4.85890261359e-09, 5.01730479385e-09, 5.95861582298e-09, 1.52931722841e-09, 1.13761566833e-09, 8.72037164701e-10, 2.40155784148e-10, 5.44539746627e-10, 2.94127971978e-10, 1.06000264122e-10, 1.08868102033e-10, 1.577643155e-10, 1.82217269051e-10, 1.09477607535e-10, 6.2970982595e-11, 8.82929007684e-11, 3.5166916601e-10, 4.27802154812e-10, 4.38716452056e-10, 1.02751467057e-10, 7.42190892078e-11, 1.71737166155e-10, 1.1490581403e-10, 1.11450036699e-10, 8.41765684934e-11, 1.19284426087e-11],
        "dvar2": [3.40417500411e-05, 3.07301961584e-05, 8.27705753181e-06, 2.77327967524e-06, 2.4815103643e-06, 1.02494584553e-06, 1.41446662383e-06, 4.39793979012e-07, 6.87754607043e-07, 1.83062581982e-07, 2.64173621645e-07, 6.11650037285e-08, 1.98067784396e-08, 4.47053807306e-08, 1.18879146527e-08, 1.21400001163e-08, 1.49290659834e-08, 3.60621665862e-09, 2.60286836529e-09, 1.99971617043e-09, 5.69819247342e-10, 1.43307676836e-09, 6.65641097797e-10, 2.62512261928e-10, 2.61476007513e-10, 3.96316590656e-10, 4.67278271632e-10, 2.71830474796e-10, 1.35797012524e-10, 1.70782915587e-10, 8.75911732034e-10, 1.06100317421e-09, 1.09454556529e-09, 2.01747021866e-10, 1.18625068102e-10, 2.87868007209e-10, 2.28602595187e-10, 2.16981613232e-10, 1.80767914526e-10, 2.75316627135e-11],
        "max": [0.0400085821748, 0.0440233759582, 0.0191785786301, 0.0146923670545, 0.0127149382606, 0.0123448474333, 0.0114697264507, 0.00526624405757, 0.00793112255633, 0.00480615906417, 0.00862753018737, 0.0033812103793, 0.00183891982306, 0.00340736168437, 0.00109509832691, 0.00123618368525, 0.00122675369494, 0.000540937355254, 0.000642631202936, 0.000485098164063, 0.000244641734753, 0.000630266498774, 0.000431397755165, 0.000165660647326, 0.000153583168867, 0.000195927204913, 0.000327209912939, 0.000292334181722, 0.000240156223299, 0.000332093011821, 0.000474955595564, 0.000506657233927, 0.000708183040842, 0.000213388237171, 0.000312589516398, 0.000589810777456, 0.000216507905861, 0.000270709308097, 0.000209198289667, 6.64517865516e-05],
        "mean": [0.00249220011756, 0.0035359680187, 0.00183200719766, 0.00110288895667, 0.000655386596918, 0.000403901736718, 0.000369903136743, 0.000222832270083, 0.000289167190203, 0.000152656779392, 0.000242795271333, 7.99459739937e-05, 4.91211321787e-05, 4.97829823871e-05, 4.04619750043e-05, 4.43040407845e-05, 4.0862847527e-05, 2.53056077781e-05, 2.60039214481e-05, 2.7122821848e-05, 1.51590738824e-05, 1.89148177014e-05, 1.64344673976e-05, 1.13534379125e-05, 1.03184474938e-05, 1.10112323455e-05, 8.25776260172e-06, 5.55647920919e-06, 5.04327817907e-06, 5.61037677471e-06, 5.62856030228e-06, 6.00514795224e-06, 4.94905134474e-06, 3.55501674676e-06, 3.01944487546e-06, 3.23447034134e-06, 2.81062398244e-06, 2.72782813227e-06, 2.21863570005e-06, 9.96929429675e-07],
        "median": [0.00109691638499, 0.00253705494106, 0.00130793312564, 0.000710168038495, 0.000354393327143, 0.0001783172047, 0.000100831333839, 8.19772030809e-05, 8.51871664054e-05, 4.50517400168e-05, 4.32968627138e-05, 2.22449925786e-05, 1.25915448734e-05, 1.12727939268e-05, 1.05139970401e-05, 1.01267960417e-05, 1.01563009594e-05, 8.03318380349e-06, 9.5038985819e-06, 1.00398629002e-05, 7.50309118303e-06, 1.00390698208e-05, 8.37011793919e-06, 6.04756223765e-06, 5.41081635674e-06, 6.14290638623e-06, 4.63806463813e-06, 2.83803956336e-06, 2.68393614533e-06, 3.07280834022e-06, 1.87146179087e-06, 1.6624832142e-06, 1.34032256938e-06, 9.5022738833e-07, 8.01087878699e-07, 5.7312104218e-07, 4.42654197741e-07, 3.62609370086e-07, 3.64111258477e-07, 2.88211253974e-07],
        "min": [7.21274221647e-24, 1.56767077588e-23, 1.55581877186e-23, 5.76426146028e-24, 5.46133216736e-24, 6.20403248228e-24, 1.77916454234e-23, 1.12581014023e-23, 6.84327211176e-24, 1.52099103622e-23, 8.75359424592e-24, 1.29587963726e-23, 1.29737776301e-23, 4.34246392421e-24, 1.61972328939e-23, 1.41637672059e-23, 6.21963181225e-24, 9.56318562687e-24, 4.2926946897e-24, 4.076794504e-24, 9.38490306229e-24, 7.48358656423e-24, 1.30531764802e-23, 1.251080542e-23, 1.10486446324e-23, 9.81812890536e-24, 6.49792971227e-24, 5.41260659583e-24, 9.59411370752e-24, 8.99370299509e-24, 1.38512741578e-23, 1.15871597405e-23, 8.95516871759e-24, 1.17812565997e-23, 1.10117109537e-23, 1.02463391708e-23, 1.13084788485e-23, 1.21719573179e-23, 8.59624489433e-24, 1.09265100316e-23],
        "var": [1.65597430168e-05, 1.51364911289e-05, 4.16886268795e-06, 1.56656074068e-06, 9.18038608688e-07, 4.74936456385e-07, 7.19158038009e-07, 2.02471667876e-07, 4.119046082e-07, 1.11614397724e-07, 4.96305915476e-07, 3.77956403952e-08, 1.35668578594e-08, 2.12730206783e-08, 6.92610946373e-09, 9.57117229916e-09, 8.13284817269e-09, 2.43448283754e-09, 2.01361993746e-09, 1.86205795227e-09, 4.89233320522e-10, 7.778414024e-10, 6.25110241348e-10, 2.39413044945e-10, 1.9790885597e-10, 2.3923490966e-10, 2.55242049718e-10, 1.38693737051e-10, 1.22457002871e-10, 1.99857616567e-10, 4.68552363575e-10, 5.7384541563e-10, 5.19811582667e-10, 2.0766549591e-10, 2.20677517926e-10, 3.95875249248e-10, 2.01683336698e-10, 2.12310807823e-10, 1.24539781265e-10, 1.70011366096e-11]
    },
    "mfcc": {
        "mean": [-657.162109375, 126.853507996, 27.9064502716, 35.4537620544, 4.83122777939, 5.03616666794, 0.32613196969, 2.83975362778, 2.10199260712, 1.44561040401, 0.705231964588, -1.94253218174, -3.39013719559],
        "cov": [[12765.2763672, -3268.81494141, -3625.67407227, -146.031799316, 385.409484863, 433.619049072, 70.8298721313, 292.971984863, 111.220077515, 149.036376953, 25.6991100311, -148.98097229, -167.550537109], [-3268.81494141, 2296.34057617, 810.879821777, -344.695159912, -288.353271484, -227.724441528, 22.5096740723, 0.754179358482, -80.2045288086, -17.2244186401, 62.487071991, 68.2109451294, 70.5120849609], [-3625.67407227, 810.879821777, 1659.01855469, 190.77142334, -130.070892334, -28.9461650848, 36.1728019714, -88.6219711304, -24.3890209198, -36.1656570435, -14.5464439392, 52.8029022217, 43.0219345093], [-146.031799316, -344.695159912, 190.77142334, 487.396636963, 221.347137451, 106.375, 35.5217475891, -5.45908212662, 46.457359314, -10.0546064377, -11.7759504318, 7.59929418564, 6.8605761528], [385.409484863, -288.353271484, -130.070892334, 221.347137451, 257.625640869, 91.1865768433, 8.16606330872, 11.3023853302, 44.2087936401, 8.18972396851, -15.2053546906, -14.9575357437, -6.52429485321], [433.619049072, -227.724441528, -28.9461650848, 106.375, 91.1865768433, 165.077728271, 82.65234375, 23.7826595306, 31.1355056763, 10.6844139099, -7.59282112122, 2.06704068184, -12.0089120865], [70.8298721313, 22.5096740723, 36.1728019714, 35.5217475891, 8.16606330872, 82.65234375, 142.048965454, 73.7372589111, 26.1886558533, 6.4007563591, 11.4789056778, 12.7409725189, -8.47545814514], [292.971984863, 0.754179358482, -88.6219711304, -5.45908212662, 11.3023853302, 23.7826595306, 73.7372589111, 134.638153076, 53.8059196472, 28.6366825104, 18.7817058563, 2.82568526268, -11.0246610641], [111.220077515, -80.2045288086, -24.3890209198, 46.457359314, 44.2087936401, 31.1355056763, 26.1886558533, 53.8059196472, 118.319900513, 50.5413398743, -2.55852866173, 3.851354599, 2.93717837334], [149.036376953, -17.2244186401, -36.1656570435, -10.0546064377, 8.18972396851, 10.6844139099, 6.4007563591, 28.6366825104, 50.5413398743, 88.416343689, 42.868057251, 12.6228132248, 0.592387020588], [25.6991100311, 62.487071991, -14.5464439392, -11.7759504318, -15.2053546906, -7.59282112122, 11.4789056778, 18.7817058563, -2.55852866173, 42.868057251, 83.5440368652, 36.3288764954, 6.76506090164], [-148.98097229, 68.2109451294, 52.8029022217, 7.59929418564, -14.9575357437, 2.06704068184, 12.7409725189, 2.82568526268, 3.851354599, 12.6228132248, 36.3288764954, 60.7983093262, 30.2823467255], [-167.550537109, 70.5120849609, 43.0219345093, 6.8605761528, -6.52429485321, -12.0089120865, -8.47545814514, -11.0246610641, 2.93717837334, 0.592387020588, 6.76506090164, 30.2823467255, 63.9585075378]],
