{
"lowlevel": {
    "average_loudness": 0.884083807468,
    "barkbands_crest": {
        "dmean": 2.64350342751,
        "dmean2": 4.19232130051,
        "dvar": 8.53424453735,
        "dvar2": 18.8531131744,
        "max": 26.6876869202,
        "mean": 12.2325325012,
        "median": 10.5770959854,
        "min": 2.52083539963,
        "var": 33.5995521545
    },
    "barkbands_flatness_db": {
        "dmean": 0.0348146855831,
        "dmean2": 0.0483501031995,
        "dvar": 0.00128161662724,
        "dvar2": 0.00242410413921,
        "max": 0.46329587698,
        "mean": 0.174422264099,
        "median": 0.168969765306,
        "min": 0.0202622525394,
        "var": 0.00568734342232
    },
    "barkbands_kurtosis": {
        "dmean": 11.863650322,
        "dmean2": 18.5652961731,
        "dvar": 1385.86584473,
        "dvar2": 3091.79760742,
        "max": 819.53704834,
        "mean": 16.8582038879,
        "median": 4.79831504822,
        "min": -1.95322835445,
        "var": 2367.97021484
    },
    "barkbands_skewness": {
        "dmean": 0.981612920761,
        "dmean2": 1.47404277325,
        "dvar": 2.23194003105,
        "dvar2": 4.78015947342,
        "max": 21.247253418,
        "mean": 2.6192920208,
        "median": 2.00671267509,
        "min": -4.58894729614,
        "var": 6.05819654465
    },
    "barkbands_spread": {
        "dmean": 7.91910171509,
        "dmean2": 11.9981012344,
        "dvar": 150.182907104,
        "dvar2": 318.828826904,
        "max": 103.315872192,
        "mean": 17.7421875,
        "median": 11.9062414169,
        "min": 0.214425802231,
        "var": 307.411010742
    },
    "dissonance": {
        "dmean": 0.0208771117032,
        "dmean2": 0.0337165258825,
        "dvar": 0.00054346898105,
        "dvar2": 0.00140669825487,
        "max": 0.499999046326,
        "mean": 0.451257199049,
        "median": 0.457409411669,
        "min": 0.2008857131,
        "var": 0.00116136821453
    },
    "dynamic_complexity": 3.10988211632,
    "erbbands_crest": {
        "dmean": 2.18030190468,
        "dmean2": 3.46520471573,
        "dvar": 5.0948677063,
        "dvar2": 12.2713546753,
        "max": 30.1164550781,
        "mean": 8.91174316406,
        "median": 8.1689414978,
        "min": 2.4657766819,
        "var": 14.232925415
    },
    "erbbands_flatness_db": {
        "dmean": 0.0276943929493,
        "dmean2": 0.0367035828531,
        "dvar": 0.00079424463911,
        "dvar2": 0.00158395071048,
        "max": 0.355012029409,
        "mean": 0.158161178231,
        "median": 0.154728963971,
        "min": 0.0354587435722,
        "var": 0.00306842429563
    },
    "erbbands_kurtosis": {
        "dmean": 1.30626130104,
        "dmean2": 2.12198925018,
        "dvar": 12.9503221512,
        "dvar2": 32.3159370422,
        "max": 76.0926361084,
        "mean": 0.890385270119,
        "median": -0.0466513633728,
        "min": -1.89666461945,
        "var": 17.3801803589
    },
    "erbbands_skewness": {
        "dmean": 0.421500205994,
        "dmean2": 0.638502836227,
        "dvar": 0.370528280735,
        "dvar2": 0.78413361311,
        "max": 8.20807743073,
        "mean": 0.505232810974,
        "median": 0.510414838791,
        "min": -5.17405605316,
        "var": 0.892017185688
    },
    "erbbands_spread": {
        "dmean": 11.9141588211,
        "dmean2": 18.5288028717,
        "dvar": 271.042907715,
        "dvar2": 646.309753418,
        "max": 169.302322388,
        "mean": 40.8186035156,
        "median": 35.1510505676,
        "min": 3.6550693512,
        "var": 535.145507812
    },
    "hfc": {
        "dmean": 11.4422197342,
        "dmean2": 17.4667739868,
        "dvar": 460.218505859,
        "dvar2": 1030.91052246,
        "max": 229.731781006,
        "mean": 22.0737018585,
        "median": 11.7939023972,
        "min": 1.14145723221e-16,
        "var": 811.14642334
    },
    "melbands_crest": {
        "dmean": 3.11715960503,
        "dmean2": 4.84133720398,
        "dvar": 11.2000017166,
        "dvar2": 23.3144397736,
        "max": 36.7158203125,
        "mean": 16.7787361145,
        "median": 15.6904306412,
        "min": 3.54932308197,
        "var": 50.1130218506
    },
    "melbands_flatness_db": {
        "dmean": 0.0412732362747,
        "dmean2": 0.0573822855949,
        "dvar": 0.0020381861832,
        "dvar2": 0.00372636667453,
        "max": 0.589736700058,
        "mean": 0.255687683821,
        "median": 0.251278728247,
        "min": 0.0099995303899,
        "var": 0.00962241739035
    },
    "melbands_kurtosis": {
        "dmean": 24.5890979767,
        "dmean2": 38.7467346191,
        "dvar": 4609.14404297,
        "dvar2": 11198.4208984,
        "max": 1096.91748047,
        "mean": 37.0721969604,
        "median": 12.0119113922,
        "min": -1.77937173843,
        "var": 6993.90966797
    },
    "melbands_skewness": {
        "dmean": 1.24434936047,
        "dmean2": 1.8991997242,
        "dvar": 3.7399597168,
        "dvar2": 8.59767818451,
        "max": 25.7227649689,
        "mean": 3.78901743889,
        "median": 2.91203284264,
        "min": -3.08873510361,
        "var": 9.61737537384
    },
    "melbands_spread": {
        "dmean": 7.69446611404,
        "dmean2": 11.6307897568,
        "dvar": 275.417816162,
        "dvar2": 554.202636719,
        "max": 230.487335205,
        "mean": 17.8807449341,
        "median": 11.3746767044,
        "min": 0.206115886569,
        "var": 613.674804688
    },
    "pitch_salience": {
        "dmean": 0.0730880200863,
        "dmean2": 0.114093601704,
        "dvar": 0.00642533646896,
        "dvar2": 0.0139558287337,
        "max": 0.885148048401,
        "mean": 0.498543292284,
        "median": 0.521087348461,
        "min": 0.042660895735,
        "var": 0.0272412262857
    },
    "silence_rate_20dB": {
        "dmean": 0.00232198135927,
        "dmean2": 0.00464576063678,
        "dvar": 0.00231655896641,
        "dvar2": 0.00617295177653,
        "max": 1,
        "mean": 0.998452603817,
        "median": 1,
        "min": 0,
        "var": 0.00154498813208
    },
    "silence_rate_30dB": {
        "dmean": 0.0642414838076,
        "dmean2": 0.128532707691,
        "dvar": 0.0601138956845,
        "dvar2": 0.124400563538,
        "max": 1,
        "mean": 0.873500943184,
        "median": 1,
        "min": 0,
        "var": 0.110496714711
    },
    "silence_rate_60dB": {
        "dmean": 0.0143188852817,
        "dmean2": 0.0286488570273,
        "dvar": 0.014114481397,
        "dvar2": 0.0301533900201,
        "max": 1,
        "mean": 0.0348162464797,
        "median": 0,
        "min": 0,
        "var": 0.0336049459875
    },
    "spectral_centroid": {
        "dmean": 304.917694092,
        "dmean2": 460.779418945,
        "dvar": 266450.09375,
        "dvar2": 484482.71875,
        "max": 11117.3242188,
        "mean": 1096.90515137,
        "median": 853.680541992,
        "min": 168.770492554,
        "var": 698637.375
    },
    "spectral_complexity": {
        "dmean": 3.97794127464,
        "dmean2": 6.01780891418,
        "dvar": 34.3124084473,
        "dvar2": 73.1539535522,
        "max": 54,
        "mean": 15.1678915024,
        "median": 13,
        "min": 0,
        "var": 82.1346130371
    },
    "spectral_decrease": {
        "dmean": 5.24282750547e-09,
        "dmean2": 8.31334290297e-09,
        "dvar": 1.35671980314e-16,
        "dvar2": 3.43153508072e-16,
        "max": -4.38244696807e-29,
        "mean": -1.16615863632e-08,
        "median": -6.04448624486e-09,
        "min": -1.71861572085e-07,
        "var": 2.19809615849e-16
    },
    "spectral_energy": {
        "dmean": 0.0204708781093,
        "dmean2": 0.0324565991759,
        "dvar": 0.00197605649009,
        "dvar2": 0.00499932933599,
        "max": 0.656390011311,
        "mean": 0.046015586704,
        "median": 0.024867054075,
        "min": 1.051875421e-20,
        "var": 0.0032187057659
    },
    "spectral_energyband_high": {
        "dmean": 0.000821393972728,
        "dmean2": 0.0011957482202,
        "dvar": 2.74905596598e-06,
        "dvar2": 4.80491416965e-06,
        "max": 0.0243850369006,
        "mean": 0.00120145594701,
        "median": 0.000155742236529,
        "min": 7.54839629017e-21,
        "var": 7.68671452533e-06
    },
    "spectral_energyband_low": {
        "dmean": 0.0167754981667,
        "dmean2": 0.0264428369701,
        "dvar": 0.001844104263,
        "dvar2": 0.00466941762716,
        "max": 0.632089972496,
        "mean": 0.0303170736879,
        "median": 0.00540921743959,
        "min": 2.32569495054e-23,
        "var": 0.00276701641269
    },
    "spectral_energyband_middle_high": {
        "dmean": 0.00234669353813,
        "dmean2": 0.00395024940372,
        "dvar": 5.34222890565e-05,
        "dvar2": 0.000150382373249,
        "max": 0.112307861447,
        "mean": 0.00352876842953,
        "median": 0.00191694998648,
        "min": 1.61944687253e-21,
        "var": 3.90721288568e-05
    },
    "spectral_energyband_middle_low": {
        "dmean": 0.00489100534469,
        "dmean2": 0.00817330833524,
        "dvar": 9.26912398427e-05,
        "dvar2": 0.000262288143858,
        "max": 0.162242606282,
        "mean": 0.0132633699104,
        "median": 0.00822766963392,
        "min": 4.28955347713e-22,
        "var": 0.000188044446986
    },
    "spectral_entropy": {
        "dmean": 0.305675715208,
        "dmean2": 0.414266705513,
        "dvar": 0.117546506226,
        "dvar2": 0.228540480137,
        "max": 9.80010032654,
        "mean": 7.34623193741,
        "median": 7.34787225723,
        "min": 4.59982681274,
        "var": 0.397750884295
    },
    "spectral_flux": {
        "dmean": 0.039131667465,
        "dmean2": 0.0624388642609,
        "dvar": 0.00354148074985,
        "dvar2": 0.00739487167448,
        "max": 0.729589819908,
        "mean": 0.0879554674029,
        "median": 0.0645102262497,
        "min": 1.02560980542e-10,
        "var": 0.00658297585323
    },
    "spectral_kurtosis": {
        "dmean": 3.02594399452,
        "dmean2": 4.79606962204,
        "dvar": 22.6645202637,
        "dvar2": 53.0574607849,
        "max": 62.1075668335,
        "mean": 6.81745290756,
        "median": 4.80442428589,
        "min": -1.21746015549,
        "var": 47.2766609192
    },
    "spectral_rms": {
        "dmean": 0.00120159517974,
        "dmean2": 0.00183670490514,
        "dvar": 3.6809476569e-06,
        "dvar2": 8.51224103826e-06,
        "max": 0.0253057405353,
        "mean": 0.00575374159962,
        "median": 0.00492549920455,
        "min": 3.20346678871e-12,
        "var": 1.17877725643e-05
    },
    "spectral_rolloff": {
        "dmean": 735.870910645,
        "dmean2": 1213.49621582,
        "dvar": 3077995,
        "dvar2": 6997938.5,
        "max": 18583.1542969,
        "mean": 1366.04492188,
        "median": 602.9296875,
        "min": 64.599609375,
        "var": 4939722
    },
    "spectral_skewness": {
        "dmean": 0.391029059887,
        "dmean2": 0.595836699009,
        "dvar": 0.234511032701,
        "dvar2": 0.525830864906,
        "max": 6.02292299271,
        "mean": 1.89289450645,
        "median": 1.78871297836,
        "min": -0.240339428186,
        "var": 0.717108488083
    },
    "spectral_spread": {
        "dmean": 1042627.0625,
        "dmean2": 1412024.375,
        "dvar": 1.47598055834e+12,
        "dvar2": 2.66668395725e+12,
        "max": 40408072,
        "mean": 4859594.5,
        "median": 4397320.5,
        "min": 1253438,
        "var": 4.39503762227e+12
    },
    "spectral_strongpeak": {
        "dmean": 0.300446748734,
        "dmean2": 0.518120110035,
        "dvar": 0.250997215509,
        "dvar2": 0.689482748508,
        "max": 7.93465852737,
        "mean": 0.719169378281,
        "median": 0.611152589321,
        "min": 0,
        "var": 0.337957948446
    },
    "zerocrossingrate": {
        "dmean": 0.0181274414062,
        "dmean2": 0.0206601750106,
        "dvar": 0.000648715475108,
        "dvar2": 0.0007154061459,
        "max": 0.498046875,
        "mean": 0.0557741858065,
        "median": 0.0380859375,
        "min": 0.001953125,
        "var": 0.00313499174081
    },
    "barkbands": {
        "dmean": [0.000981311313808, 0.0137247592211, 0.00343788182363, 0.00301706418395, 0.0014715831494, 0.00102157145739, 0.000442288204795, 0.000672515190672, 0.000392274640035, 0.000334720913088, 0.000280218722764, 0.000251153454883, 0.000192649487872, 0.000448349514045, 0.000617365003563, 0.00018166222435, 0.000160555238836, 0.000179102804395, 0.000135915179271, 0.000142284829053, 0.000198131398065, 0.00014339388872, 0.000105795166746, 0.000150484396727, 0.000113197951578, 8.08582117315e-05, 0.000103710903204],
        "dmean2": [0.00153075088747, 0.021902397275, 0.00604403950274, 0.00534912198782, 0.00222875690088, 0.00152150541544, 0.000692338333465, 0.000961349520367, 0.00054190546507, 0.000517364067491, 0.000489366881084, 0.000419457384851, 0.000312009942718, 0.000769164587837, 0.00109334429726, 0.000314691511448, 0.000260053726379, 0.000314528733725, 0.000223701747018, 0.000233290382312, 0.000315532262903, 0.000224755043746, 0.000156970709213, 0.000207472228794, 0.000166999539942, 0.000126763858134, 0.000178432936082],
        "dvar": [1.66003228514e-05, 0.00146353128366, 0.000125209495309, 5.92408578086e-05, 9.70690962276e-06, 4.45118939751e-06, 1.29942770855e-06, 2.74308763437e-06, 1.08168148927e-06, 4.97283338063e-07, 4.03073363486e-06, 7.65308357131e-07, 2.59987388063e-07, 2.19854860006e-06, 5.75704098082e-06, 3.63043028528e-07, 1.10656500851e-07, 3.55743480895e-07, 1.59708321235e-07, 1.51014191374e-07, 2.14240813534e-07, 1.09845494478e-07, 7.24423330212e-08, 2.47448923574e-07, 8.53576693771e-08, 3.69577541903e-08, 8.14248579672e-08],
        "dvar2": [3.88751723222e-05, 0.00385552248918, 0.000363087194273, 0.00017270843091, 2.21384525503e-05, 9.24468076846e-06, 2.47096431849e-06, 5.48975413039e-06, 1.60831837093e-06, 1.04102252863e-06, 1.18085154099e-05, 2.05386868402e-06, 6.51703203403e-07, 6.09674498264e-06, 1.60867348313e-05, 1.03625245629e-06, 2.87030502477e-07, 1.00699014638e-06, 4.10358239833e-07, 3.98687092229e-07, 5.10773475071e-07, 2.38197202407e-07, 1.36678934837e-07, 4.33165581626e-07, 1.69431672248e-07, 8.30105335581e-08, 2.07428215049e-07],
        "max": [0.0627601221204, 0.531164109707, 0.143307983875, 0.113988503814, 0.0955472663045, 0.0388550162315, 0.0332656688988, 0.034701526165, 0.0313912704587, 0.0155307147652, 0.0479651018977, 0.016578419134, 0.00630825059488, 0.0193063467741, 0.0241195820272, 0.0092826904729, 0.00536169391125, 0.00874364655465, 0.0108784371987, 0.0064615891315, 0.00644273217767, 0.00554577726871, 0.00452324282378, 0.0139741348103, 0.00513633387163, 0.00294339121319, 0.00304504856467],
        "mean": [0.00099054002203, 0.0223669819534, 0.00477797864005, 0.00402204692364, 0.00306565500796, 0.0021163537167, 0.0010247991886, 0.00183130486403, 0.000988468993455, 0.00079987331992, 0.000255495193414, 0.000314861536026, 0.000237881336943, 0.00044080070802, 0.000566260889173, 0.000254449725617, 0.0003166643437, 0.000178383197635, 0.000178101545316, 0.000163425487699, 0.000240350826061, 0.000177178691956, 0.000153374276124, 0.00023664390028, 0.000156516500283, 8.58901694301e-05, 7.53705171519e-05],
        "median": [2.50300072366e-05, 0.000356989505235, 0.000634144758806, 0.0012421195861, 0.00121290038805, 0.000861411099322, 0.000528760196175, 0.000934947864152, 0.000355421099812, 0.000522749614902, 3.17630729114e-05, 9.67641171883e-05, 3.44574400515e-05, 5.14521743753e-05, 0.00015217292821, 0.000121295946883, 0.00016138763749, 4.31736880273e-05, 4.72209394502e-05, 2.34123472183e-05, 2.80771109828e-05, 2.86479662464e-05, 2.58135605691e-05, 1.86179004231e-05, 1.18091656987e-05, 4.06648314311e-06, 5.93797267356e-07],
        "min": [8.54517403932e-24, 1.15835491241e-23, 9.02420903516e-24, 3.29642450313e-24, 8.29679913227e-23, 1.32106837617e-22, 2.99994809241e-23, 2.31118401196e-23, 1.1504308204e-22, 1.54754996341e-22, 7.98355950621e-23, 1.22561254633e-22, 1.02015908782e-22, 1.1050460748e-22, 1.40581854312e-22, 1.53298481431e-22, 1.62897505009e-22, 2.89776378392e-22, 1.83018456315e-22, 2.89287865232e-22, 3.84834294176e-22, 6.7034663325e-22, 5.76206219497e-22, 7.8786302773e-22, 9.74679275013e-22, 1.83301244648e-21, 2.42621928743e-21],
        "var": [1.72219988599e-05, 0.00200140220113, 0.000117968600534, 5.5551812693e-05, 3.75781128241e-05, 1.30509470182e-05, 3.20435356116e-06, 9.38618268265e-06, 4.99839052281e-06, 1.03733623291e-06, 2.27066925618e-06, 6.80332277625e-07, 3.70848511011e-07, 1.80101631031e-06, 3.7452655306e-06, 2.56713065028e-07, 1.82728129516e-07, 2.48573428507e-07, 1.94763984496e-07, 1.61221834105e-07, 3.32964617655e-07, 1.84482004784e-07, 1.79641503451e-07, 7.15142391527e-07, 2.02503684932e-07, 5.1158217218e-08, 6.58086491967e-08]
    },
    "erbbands": {
        "dmean": [0.533616364002, 2.63795781136, 3.72477841377, 7.43334197998, 7.28896951675, 4.02952623367, 5.608959198, 9.05957889557, 7.31587553024, 7.6232790947, 14.6420173645, 8.62825202942, 9.36483573914, 11.7405729294, 12.8783035278, 9.22500228882, 8.7549533844, 18.1684093475, 37.2038269043, 14.9284601212, 10.800611496, 8.88903045654, 9.59283924103, 7.02082014084, 7.44130420685, 6.22634124756, 7.04333400726, 8.50543785095, 5.70102357864, 3.89459443092, 2.6882827282, 2.66582465172, 2.80935978889, 1.57392501831, 0.638865709305, 0.414997011423, 0.12610591948, 0.0575642585754, 0.018215438351, 0.0012039084686],
        "dmean2": [0.860976815224, 4.22877216339, 6.49200820923, 13.3244276047, 11.9680147171, 6.07859230042, 8.99580383301, 13.1637630463, 11.0672283173, 11.4665718079, 21.173538208, 12.3650426865, 12.9734802246, 18.7292022705, 22.8600788116, 14.8889513016, 14.2245025635, 31.4383068085, 65.3667526245, 26.0608005524, 18.6185684204, 14.4921798706, 16.5128974915, 12.1113166809, 12.1555070877, 10.2222156525, 11.3553581238, 13.6279191971, 9.0051651001, 5.93979454041, 3.94270181656, 3.72403550148, 3.87942242622, 2.32654714584, 0.958705365658, 0.649447858334, 0.196187987924, 0.093596726656, 0.031416118145, 0.00209743180312],
        "dvar": [2.78060340881, 54.514175415, 149.108535767, 432.726257324, 323.968811035, 101.47480011, 123.542800903, 504.068023682, 351.416656494, 318.888458252, 1261.55529785, 487.277618408, 511.846832275, 852.602355957, 8605.31542969, 870.990783691, 562.307922363, 3554.99121094, 20455.1386719, 2608.03393555, 1209.3560791, 368.473297119, 962.151428223, 502.727264404, 387.356018066, 279.639953613, 356.911376953, 426.625305176, 185.626617432, 83.1307601929, 49.1896057129, 68.2465362549, 91.1323318481, 22.103811264, 1.99072980881, 0.942417860031, 0.0936880558729, 0.0220381151885, 0.00244436017238, 1.1568687114e-05],
        "dvar2": [7.3450512886, 145.817184448, 422.830200195, 1260.52575684, 921.781921387, 166.474029541, 277.857574463, 1026.07543945, 710.079956055, 684.180969238, 2577.10400391, 934.636657715, 774.713317871, 2101.75732422, 25314.875, 2134.02441406, 1467.57507324, 9957.08789062, 56479.3984375, 7320.6171875, 3460.05029297, 978.625427246, 2708.78027344, 1386.67236328, 953.55847168, 720.873168945, 882.170654297, 1030.2109375, 418.042236328, 167.013290405, 90.4693832397, 113.168807983, 164.029144287, 42.2735099792, 4.14570236206, 2.16168546677, 0.210790857673, 0.0545318163931, 0.0062048509717, 2.97104779747e-05],
        "max": [20.3665904999, 126.597633362, 148.767440796, 293.223937988, 468.499969482, 354.855438232, 282.713134766, 465.272674561, 577.349304199, 349.100219727, 846.868713379, 599.355285645, 663.366516113, 462.39050293, 2217.65332031, 754.28692627, 339.990386963, 748.912902832, 1483.4609375, 470.490722656, 529.160400391, 289.114013672, 476.61618042, 366.903656006, 398.618133545, 258.366577148, 339.130432129, 262.460754395, 231.161407471, 133.442703247, 133.3959198, 170.523330688, 288.837127686, 82.875579834, 18.4729537964, 13.9533433914, 4.97334432602, 1.98458254337, 0.519623696804, 0.0345206558704],
        "mean": [0.77937078476, 4.48560237885, 5.97637319565, 10.3888120651, 12.8326644897, 8.05690097809, 12.167342186, 18.0402011871, 17.3383331299, 19.2407894135, 41.026222229, 23.2437725067, 24.0931663513, 23.8022460938, 12.3384790421, 12.72590065, 10.9421653748, 18.950799942, 33.688129425, 16.9052066803, 17.2090435028, 16.4003276825, 10.8950929642, 8.27908420563, 9.81072044373, 7.24396467209, 8.68842697144, 9.84952068329, 6.80651521683, 5.28001403809, 4.05147838593, 4.15229463577, 4.33681058884, 2.28928375244, 0.815725207329, 0.439156085253, 0.134639054537, 0.0510018840432, 0.013180793263, 0.000871688476764],
        "median": [0.0105463024229, 0.097136773169, 0.943478643894, 3.65236449242, 3.93830966949, 3.33317995071, 5.76723909378, 6.39441776276, 8.38785457611, 10.828286171, 20.8066387177, 10.9685745239, 12.6840343475, 13.4320554733, 3.19986796379, 4.24009895325, 1.88300275803, 2.60207295418, 7.91491365433, 6.71508264542, 10.7671794891, 8.97299575806, 3.10079240799, 2.3140206337, 2.47442102432, 1.16946125031, 1.01750743389, 1.25958800316, 1.03646945953, 0.905392050743, 0.632941067219, 0.313818365335, 0.301460236311, 0.179067641497, 0.0600317120552, 0.0227276049554, 0.00601549260318, 0.00155764108058, 7.90037374827e-05, 6.2102197262e-05],
        "min": [3.45918308973e-22, 2.49699472665e-21, 1.20117174727e-20, 7.49568695214e-21, 4.24392735777e-20, 3.00697652703e-19, 1.32927655604e-18, 6.67797280777e-19, 4.09433904644e-19, 3.32057413893e-19, 6.90538543768e-19, 3.20516605497e-18, 4.25346486655e-18, 4.30419089044e-18, 2.81268043484e-18, 5.95680262855e-18, 5.14680090296e-18, 4.05129158509e-18, 5.08426025838e-18, 1.09419203274e-17, 1.01089750932e-17, 8.09477789392e-18, 1.26729769118e-17, 1.39150903447e-17, 1.04114063872e-17, 1.2814239508e-17, 1.13411300988e-17, 1.85792441815e-17, 2.4379426365e-17, 1.89406493173e-17, 1.78992620134e-17, 1.77794664083e-17, 1.1956293567e-17, 1.07284903586e-17, 7.43075783001e-18, 5.94960202132e-18, 3.61425980743e-18, 1.44733611576e-18, 3.17842754506e-19, 3.46024901373e-20],
        "var": [3.29371714592, 74.4353103638, 148.329162598, 375.746185303, 632.083190918, 340.649261475, 369.307098389, 1496.71972656, 907.152404785, 916.160644531, 4163.77539062, 1543.42724609, 2324.3762207, 1080.00524902, 4682.9140625, 1034.38525391, 680.231933594, 3027.60546875, 13893.7597656, 1815.5559082, 864.925048828, 529.041870117, 726.951721191, 446.567687988, 503.67288208, 310.105926514, 520.60534668, 589.182128906, 283.539093018, 171.787918091, 131.318710327, 218.160873413, 240.600021362, 54.9071083069, 4.00150918961, 1.25952374935, 0.131558746099, 0.0220599640161, 0.00199751928449, 8.91303898243e-06]
    },
    "gfcc": {
        "mean": [-17.4784832001, 91.9227218628, -95.4454803467, 20.2518844604, -54.8402252197, 4.0148024559, -37.2046279907, 8.20617198944, -14.7709512711, -2.70482730865, -23.6775054932, -2.7974088192, -8.4338092804],
        "cov": [[8002.70214844, -1792.47131348, 1.95985925198, -67.0752487183, 31.377576828, 184.340805054, -111.824615479, 410.073181152, -58.8003234863, 329.590545654, -21.9847393036, -171.22428894, -253.451965332], [-1792.47131348, 2679.00708008, -140.019927979, -154.122390747, 515.866149902, 13.4429969788, 119.13066864, 123.530197144, 208.805236816, -113.121017456, 97.4397506714, 22.828081131, 30.9760189056], [1.95985925198, -140.019927979, 1001.70800781, 456.311920166, 263.210449219, 269.943237305, 262.763580322, 48.0692558289, 102.954940796, 133.720092773, 111.730155945, 52.9199714661, 73.8290710449], [-67.0752487183, -154.122390747, 456.311920166, 1113.18530273, 147.313751221, 488.750976562, 295.45690918, -31.5424880981, 78.0517807007, 94.0279541016, 245.671676636, 28.6989498138, 67.4260482788], [31.377576828, 515.866149902, 263.210449219, 147.313751221, 501.398986816, 178.718078613, 212.824661255, 112.820732117, 129.523986816, 69.8819580078, 91.4511566162, 36.7673683167, 23.8859939575], [184.340805054, 13.4429969788, 269.943237305, 488.750976562, 178.718078613, 397.816833496, 266.483184814, 70.7018585205, 68.7494735718, 104.493247986, 176.38873291, 42.8184814453, 27.8088989258], [-111.824615479, 119.13066864, 262.763580322, 295.45690918, 212.824661255, 266.483184814, 422.202697754, 93.7510299683, 55.1071739197, 69.9399032593, 189.818603516, 89.0864105225, 44.2058982849], [410.073181152, 123.530197144, 48.0692558289, -31.5424880981, 112.820732117, 70.7018585205, 93.7510299683, 243.4972229, 91.9528503418, 67.3548965454, 23.0238380432, 44.6583900452, 8.2529964447], [-58.8003234863, 208.805236816, 102.954940796, 78.0517807007, 129.523986816, 68.7494735718, 55.1071739197, 91.9528503418, 164.214355469, 44.9101219177, 31.6793766022, 26.8195438385, 60.3878173828], [329.590545654, -113.121017456, 133.720092773, 94.0279541016, 69.8819580078, 104.493247986, 69.9399032593, 67.3548965454, 44.9101219177, 160.336380005, 70.6847229004, 16.6760025024, 4.12689113617], [-21.9847393036, 97.4397506714, 111.730155945, 245.671676636, 91.4511566162, 176.38873291, 189.818603516, 23.0238380432, 31.6793766022, 70.6847229004, 207.73449707, 64.6180267334, 19.9459571838], [-171.22428894, 22.828081131, 52.9199714661, 28.6989498138, 36.7673683167, 42.8184814453, 89.0864105225, 44.6583900452, 26.8195438385, 16.6760025024, 64.6180267334, 117.543632507, 51.7654800415], [-253.451965332, 30.9760189056, 73.8290710449, 67.4260482788, 23.8859939575, 27.8088989258, 44.2058982849, 8.2529964447, 60.3878173828, 4.12689113617, 19.9459571838, 51.7654800415, 114.891654968]],
        "icov": [[0.000223290146096, 0.000203210351174, 3.85565872421e-05, 7.29711173335e-05, -0.000219944748096, -0.000148200648255, 0.000259769498371, -0.000532157486305, 0.000145445184899, -4.9699057854e-05, -0.000292509561405, 0.000439275754616, 0.000168266560649], [0.000203210351174, 0.000824007263873, 0.000184459553566, 0.000248279480729, -0.000906037399545, -7.23458942957e-05, 0.00038429920096, -0.000579833053052, -0.000480134127429, 0.000904307351448, -0.00106091611087, 0.000736727903131, 0.000133667956106], [3.85565872421e-05, 0.000184459553566, 0.00162712333258, -0.000473560910905, -0.00067272427259, 7.84400181146e-05, -0.000593519944232, 0.000287240400212, -0.000246615876677, -0.000891285890248, 0.000769134552684, -0.000185536322533, -0.000292034354061], [7.29711173335e-05, 0.000248279480729, -0.000473560910905, 0.00265766261145, 0.000165880439454, -0.00309443636797, 0.000534158491064, 0.000690167129505, -0.000571825599764, 0.00103114673402, -0.00157315446995, 0.00118827959523, -0.000700706616044], [-0.000219944748096, -0.000906037399545, -0.00067272427259, 0.000165880439454, 0.00437146332115, -0.000648717395961, -0.00158285151701, 0.000639947073068, -0.00187707634177, -0.000752677151468, 0.00121015601326, -0.000622490013484, 0.000989277614281], [-0.000148200648255, -7.23458942957e-05, 7.84400181146e-05, -0.00309443636797, -0.000648717395961, 0.00950884446502, -0.00265913968906, -0.00098156905733, -9.70114415395e-05, -0.00186792772729, -0.00110964709893, 0.000294954545097, 0.000562970235478], [0.000259769498371, 0.00038429920096, -0.000593519944232, 0.000534158491064, -0.00158285151701, -0.00265913968906, 0.00682958215475, -0.00225399830379, 0.00186542945448, 0.0016792883398, -0.00415705796331, -0.0002901435073, -0.00114416936412], [-0.000532157486305, -0.000579833053052, 0.000287240400212, 0.000690167129505, 0.000639947073068, -0.00098156905733, -0.00225399830379, 0.00883196480572, -0.00452569033951, -0.00216639530845, 0.00331590580754, -0.00399493332952, 0.00241097435355], [0.000145445184899, -0.000480134127429, -0.000246615876677, -0.000571825599764, -0.00187707634177, -9.70114415395e-05, 0.00186542945448, -0.00452569033951, 0.0133427726105, -0.00158322358038, -0.000727921724319, 0.00205459468998, -0.00679008942097], [-4.9699057854e-05, 0.000904307351448, -0.000891285890248, 0.00103114673402, -0.000752677151468, -0.00186792772729, 0.0016792883398, -0.00216639530845, -0.00158322358038, 0.0111445477232, -0.00460975151509, 0.0015685526887, 0.000257641455391], [-0.000292509561405, -0.00106091611087, 0.000769134552684, -0.00157315446995, 0.00121015601326, -0.00110964709893, -0.00415705796331, 0.00331590580754, -0.000727921724319, -0.00460975151509, 0.0139309205115, -0.00613541994244, 0.00234207184985], [0.000439275754616, 0.000736727903131, -0.000185536322533, 0.00118827959523, -0.000622490013484, 0.000294954545097, -0.0002901435073, -0.00399493332952, 0.00205459468998, 0.0015685526887, -0.00613541994244, 0.0162800885737, -0.00675733527169], [0.000168266560649, 0.000133667956106, -0.000292034354061, -0.000700706616044, 0.000989277614281, 0.000562970235478, -0.00114416936412, 0.00241097435355, -0.00679008942097, 0.000257641455391, 0.00234207184985, -0.00675733527169, 0.0157606452703]]
    },
    "melbands": {
        "dmean": [0.00422993069515, 0.00231864652596, 0.00127308408264, 0.000385822058888, 0.000176883477252, 0.000197316403501, 0.00010963560635, 9.89961627056e-05, 0.000109106753371, 5.48570897081e-05, 4.71895145893e-05, 4.80457310914e-05, 4.20879368903e-05, 3.30854563799e-05, 1.90532082343e-05, 1.90250502783e-05, 3.57673598046e-05, 6.11172436038e-05, 3.77669421141e-05, 1.10729934022e-05, 1.33024122988e-05, 8.96088658919e-06, 1.006331604e-05, 8.00451289251e-06, 5.56022177989e-06, 5.40557357454e-06, 5.58446345167e-06, 3.96035648009e-06, 4.5360270633e-06, 4.3838667807e-06, 5.26926896782e-06, 3.73039961232e-06, 1.99358760256e-06, 2.3424702249e-06, 1.62402113801e-06, 1.46323111494e-06, 1.7473570324e-06, 1.99374039767e-06, 1.94876429305e-06, 1.15720263238e-06],
        "dmean2": [0.00674024736509, 0.00383118959144, 0.00225649448112, 0.000588947499637, 0.000284252921119, 0.000288164999802, 0.000165294564795, 0.000145982136019, 0.000158933180501, 7.71058839746e-05, 6.56707488815e-05, 7.64020296629e-05, 7.41970434319e-05, 5.63197536394e-05, 2.98592131003e-05, 3.11112453346e-05, 6.25829561614e-05, 0.000107456042315, 6.70119698043e-05, 1.93457490241e-05, 2.29091256188e-05, 1.44305677168e-05, 1.70769981196e-05, 1.42193639476e-05, 9.56739950198e-06, 8.82343374542e-06, 9.1540714493e-06, 6.58010003463e-06, 7.46062642065e-06, 6.95429571351e-06, 8.53975961945e-06, 5.96498057348e-06, 3.1128295177e-06, 3.62427113032e-06, 2.47177513302e-06, 2.12699956137e-06, 2.44708098762e-06, 2.79741766462e-06, 2.88581668428e-06, 1.72654915787e-06],
        "dvar": [0.000148936131154, 4.4663061999e-05, 1.18440229926e-05, 7.41147175631e-07, 1.08207252936e-07, 2.15439996509e-07, 7.50517372694e-08, 5.50262377885e-08, 6.27415701615e-08, 2.25244161101e-08, 1.33146871306e-08, 1.22921246515e-08, 9.74022569267e-08, 1.8959285697e-08, 2.29791163875e-09, 2.35130470649e-09, 1.52727874791e-08, 5.45996989842e-08, 1.95757419164e-08, 1.1549544654e-09, 1.84790460711e-09, 3.23098631183e-10, 7.40914551933e-10, 7.91304910486e-10, 3.2578983955e-10, 2.42753789292e-10, 2.33536023853e-10, 1.06894569585e-10, 1.72481140481e-10, 1.10972300793e-10, 1.86392762336e-10, 8.8717450053e-11, 1.90387341309e-11, 3.31872619663e-11, 1.89449341631e-11, 1.99014641572e-11, 3.05257416566e-11, 4.35254124409e-11, 5.18608975209e-11, 1.04954291785e-11],
        "dvar2": [0.000389104388887, 0.000121335018775, 3.4558455809e-05, 1.66475911101e-06, 2.42782618898e-07, 4.41154384134e-07, 1.50118111719e-07, 1.13368514576e-07, 1.30070063165e-07, 3.97563617582e-08, 2.01726795268e-08, 2.86436456776e-08, 2.85834374836e-07, 5.3652712495e-08, 5.09657782644e-09, 5.8460303265e-09, 4.33831210955e-08, 1.49723518916e-07, 5.49634115998e-08, 3.22954241128e-09, 5.30740251747e-09, 8.35535141075e-10, 2.03175587465e-09, 2.24940777116e-09, 8.98529251003e-10, 5.98409044539e-10, 6.03769867435e-10, 2.74009398504e-10, 4.43424796881e-10, 2.56046794878e-10, 4.65981475628e-10, 2.04448152852e-10, 4.00961278069e-11, 6.83681722347e-11, 3.85654390367e-11, 3.49597538418e-11, 5.38783462289e-11, 8.17028389388e-11, 9.76809119702e-11, 2.13810583821e-11],
        "max": [0.137708157301, 0.112514480948, 0.0486949756742, 0.0271926987916, 0.00784074608237, 0.0092810112983, 0.00796810071915, 0.00474146055058, 0.00660427799448, 0.00376786128618, 0.00332948751748, 0.00152459426317, 0.00743902660906, 0.00294434977695, 0.00112289690878, 0.00072671630187, 0.00163490243722, 0.00238132686354, 0.00134482071735, 0.000441351527115, 0.000748731486965, 0.000285164365778, 0.000444150093244, 0.000331134418957, 0.000324313237797, 0.000460301846033, 0.000251970166573, 0.000154287685291, 0.000243603237323, 0.000157822199981, 0.000180730232387, 0.000172616506461, 5.21640286024e-05, 7.93156941654e-05, 9.28458321141e-05, 8.89641451067e-05, 0.000120319811685, 0.000216626242036, 0.000144495017594, 5.68834839214e-05],
        "mean": [0.00666895927861, 0.00409267563373, 0.00190434337128, 0.000757173460443, 0.000382946804166, 0.000395018403651, 0.000261757464614, 0.00025276732049, 0.000309709517751, 0.000138408388011, 0.000119708180137, 9.96232847683e-05, 3.82155740226e-05, 3.96526702389e-05, 2.52625559369e-05, 2.44423063123e-05, 3.54688054358e-05, 5.42530542589e-05, 3.72399372282e-05, 1.47575174196e-05, 2.15739637497e-05, 1.77975671249e-05, 1.27568955577e-05, 7.88494708104e-06, 6.40154530629e-06, 7.09309824742e-06, 6.68876737109e-06, 4.26423821409e-06, 5.24120787304e-06, 5.51639186597e-06, 5.78493836656e-06, 4.28838757216e-06, 2.54229780694e-06, 3.10826430905e-06, 2.35290372075e-06, 2.1826729153e-06, 2.64301320385e-06, 2.95295035357e-06, 2.91346714221e-06, 1.59822752721e-06],
        "median": [0.000102592166513, 0.000486334960442, 0.00077279569814, 0.000258667918388, 0.000186160352314, 0.000147773956996, 0.000133232024382, 0.000136113958433, 0.000173585125594, 5.34724167665e-05, 6.22957377345e-05, 5.54635953449e-05, 6.90987872076e-06, 1.17997915368e-05, 6.14955160927e-06, 3.59626551472e-06, 4.47445199825e-06, 1.07101031972e-05, 1.08200219984e-05, 7.20492425899e-06, 1.33286675918e-05, 9.95970367512e-06, 3.24353845826e-06, 2.03834974855e-06, 1.59669923505e-06, 1.82300220786e-06, 1.10819962629e-06, 5.56315285394e-07, 5.61076319627e-07, 6.49201808756e-07, 6.98177757386e-07, 6.22762797775e-07, 3.77133602569e-07, 5.38320932719e-07, 3.81057105869e-07, 2.24922018788e-07, 1.52407025666e-07, 2.14577795532e-07, 1.68530817746e-07, 1.20795846215e-07],
        "min": [2.93895218393e-24, 5.29137918508e-24, 1.58930465511e-24, 1.02358978079e-23, 3.9084097772e-23, 1.7348688981e-23, 6.13749640366e-24, 3.54934711441e-24, 5.40318365231e-24, 2.13800837511e-23, 2.12991560885e-23, 1.7982795887e-23, 9.58717962017e-24, 1.14411305429e-23, 1.63671346002e-23, 8.34503844994e-24, 8.0684007077e-24, 8.93303959148e-24, 1.12386378371e-23, 1.41341170799e-23, 1.18475406372e-23, 8.8306107361e-24, 9.53732913298e-24, 1.24794276886e-23, 1.12509748328e-23, 6.87789837234e-24, 8.80312997761e-24, 8.67004677631e-24, 6.83456466509e-24, 8.83176562847e-24, 1.08177797553e-23, 1.28898633401e-23, 1.52837272325e-23, 8.92602188487e-24, 1.07737723609e-23, 1.08389914362e-23, 1.07582034021e-23, 9.2761002108e-24, 7.11312722794e-24, 9.4722481083e-24],
        "var": [0.00019853010599, 5.29745448148e-05, 1.09481861728e-05, 2.70447367257e-06, 3.44442327105e-07, 6.35095830148e-07, 1.94776390572e-07, 1.76532878982e-07, 2.06330867059e-07, 8.25803354587e-08, 5.99827743031e-08, 1.78763759351e-08, 5.38218039026e-08, 1.3374883423e-08, 3.77151287978e-09, 3.79215281399e-09, 1.18209664279e-08, 3.79173528131e-08, 1.30190693781e-08, 8.69356087119e-10, 1.32031485744e-09, 5.50641365837e-10, 7.20584536484e-10, 5.35022470771e-10, 2.97108920799e-10, 3.21975501816e-10, 2.60564791965e-10, 1.19652454611e-10, 2.1715966525e-10, 1.86906920496e-10, 2.26833010708e-10, 1.25861002176e-10, 3.54375244427e-11, 6.52386825117e-11, 4.27961034666e-11, 5.56025295251e-11, 9.29921487036e-11, 1.07956241169e-10, 1.19870724458e-10, 2.41229779208e-11]
    },
    "mfcc": {
        "mean": [-671.379089355, 131.322998047, 12.3716182709, 20.0303516388, 5.06371498108, -1.25486814976, -11.2531023026, 2.428606987, 8.43783187866, 1.40165710449, -3.3332836628, -3.67244958878, -2.53207683563],
        "cov": [[7356.92089844, -1551.15307617, -231.160171509, -234.108535767, 82.6892929077, -172.689971924, 158.391418457, -116.7317276, -9.40757751465, 193.594329834, 388.076202393, 47.4915618896, -63.1078948975], [-1551.15307617, 2624.95947266, -466.332092285, -131.006820679, 242.639968872, -191.028640747, -87.6400299072, 167.379806519, 114.402008057, 36.1657485962, 75.2766571045, -17.2374229431, 63.0759048462], [-231.160171509, -466.332092285, 830.677612305, 349.367370605, 133.321563721, 340.301483154, 214.65045166, 75.6331253052, 59.9083366394, 92.2800140381, 60.8160552979, 86.3821411133, 59.6109580994], [-234.108535767, -131.006820679, 349.367370605, 435.909545898, 177.398284912, 319.729888916, 221.048126221, 131.892303467, 39.0689964294, 83.8402709961, 74.5511245728, 66.8994293213, 43.5179328918], [82.6892929077, 242.639968872, 133.321563721, 177.398284912, 336.132598877, 155.339080811, 65.8534393311, 62.2674560547, 98.8147506714, 91.688117981, 91.4590835571, 22.5576934814, 42.6457710266], [-172.689971924, -191.028640747, 340.301483154, 319.729888916, 155.339080811, 474.31829834, 302.979431152, 130.247467041, 0.42791980505, 106.232963562, 102.204879761, 80.4774017334, 42.7163047791], [158.391418457, -87.6400299072, 214.65045166, 221.048126221, 65.8534393311, 302.979431152, 392.173919678, 177.127334595, -0.235459581017, 104.979057312, 134.88420105, 118.352394104, 60.3742141724], [-116.7317276, 167.379806519, 75.6331253052, 131.892303467, 62.2674560547, 130.247467041, 177.127334595, 256.303985596, 59.870388031, 48.1385192871, 71.5856933594, 85.8765335083, 67.9689254761], [-9.40757751465, 114.402008057, 59.9083366394, 39.0689964294, 98.8147506714, 0.42791980505, -0.235459581017, 59.870388031, 206.472091675, 59.7088088989, 3.70838260651, 45.5313606262, 44.3278656006], [193.594329834, 36.1657485962, 92.2800140381, 83.8402709961, 91.688117981, 106.232963562, 104.979057312, 48.1385192871, 59.7088088989, 154.990509033, 92.5929641724, 38.3503456116, 34.4954185486], [388.076202393, 75.2766571045, 60.8160552979, 74.5511245728, 91.4590835571, 102.204879761, 134.88420105, 71.5856933594, 3.70838260651, 92.5929641724, 177.268417358, 71.9942703247, 31.928850174], [47.4915618896, -17.2374229431, 86.3821411133, 66.8994293213, 22.5576934814, 80.4774017334, 118.352394104, 85.8765335083, 45.5313606262, 38.3503456116, 71.9942703247, 127.880264282, 44.2283782959], [-63.1078948975, 63.0759048462, 59.6109580994, 43.5179328918, 42.6457710266, 42.7163047791, 60.3742141724, 67.9689254761, 44.3278656006, 34.4954185486, 31.928850174, 44.2283782959, 81.5574111938]],
