{
"lowlevel": {
    "average_loudness": 0.929595828056,
    "barkbands_crest": {
        "dmean": 2.87586140633,
        "dmean2": 4.67072248459,
        "dvar": 7.60854721069,
        "dvar2": 19.3751182556,
        "max": 26.1335201263,
        "mean": 11.9428443909,
        "median": 11.0814437866,
        "min": 2.78284692764,
        "var": 22.067035675
    },
    "barkbands_flatness_db": {
        "dmean": 0.026874370873,
        "dmean2": 0.0393644794822,
        "dvar": 0.000687017396558,
        "dvar2": 0.00142168172169,
        "max": 0.36694714427,
        "mean": 0.162876054645,
        "median": 0.159612119198,
        "min": 0.0318196862936,
        "var": 0.00280837132595
    },
    "barkbands_kurtosis": {
        "dmean": 4.92187452316,
        "dmean2": 7.79448318481,
        "dvar": 57.67445755,
        "dvar2": 139.596679688,
        "max": 89.4361877441,
        "mean": 8.5895280838,
        "median": 5.0718870163,
        "min": -1.93035304546,
        "var": 119.245094299
    },
    "barkbands_skewness": {
        "dmean": 0.696714580059,
        "dmean2": 1.05134403706,
        "dvar": 0.589409172535,
        "dvar2": 1.27489566803,
        "max": 8.75965690613,
        "mean": 2.05833888054,
        "median": 1.90016746521,
        "min": -2.58954977989,
        "var": 2.00087475777
    },
    "barkbands_spread": {
        "dmean": 6.73954296112,
        "dmean2": 10.305642128,
        "dvar": 130.648071289,
        "dvar2": 255.956039429,
        "max": 142.191574097,
        "mean": 17.7227840424,
        "median": 11.3494586945,
        "min": 0.774630725384,
        "var": 386.988311768
    },
    "dissonance": {
        "dmean": 0.0293920598924,
        "dmean2": 0.0479239225388,
        "dvar": 0.000961288926192,
        "dvar2": 0.00239130528644,
        "max": 0.499954134226,
        "mean": 0.430079817772,
        "median": 0.444996029139,
        "min": 0.17531748116,
        "var": 0.00285279215313
    },
    "dynamic_complexity": 4.06032276154,
    "erbbands_crest": {
        "dmean": 3.06947898865,
        "dmean2": 4.73762464523,
        "dvar": 9.85623645782,
        "dvar2": 20.9065742493,
        "max": 32.0089836121,
        "mean": 11.7735538483,
        "median": 10.2747812271,
        "min": 2.86119365692,
        "var": 35.4955406189
    },
    "erbbands_flatness_db": {
        "dmean": 0.0271350815892,
        "dmean2": 0.0356787778437,
        "dvar": 0.000762802897952,
        "dvar2": 0.00127682671882,
        "max": 0.380369693041,
        "mean": 0.173411548138,
        "median": 0.169858217239,
        "min": 0.0391170419753,
        "var": 0.00373785360716
    },
    "erbbands_kurtosis": {
        "dmean": 1.71071112156,
        "dmean2": 2.61128973961,
        "dvar": 7.28146409988,
        "dvar2": 17.3849582672,
        "max": 42.1040267944,
        "mean": 2.23225331306,
        "median": 0.718363523483,
        "min": -1.75887203217,
        "var": 17.4998130798
    },
    "erbbands_skewness": {
        "dmean": 0.489020228386,
        "dmean2": 0.717590868473,
        "dvar": 0.284994363785,
        "dvar2": 0.558381199837,
        "max": 5.19113349915,
        "mean": 0.860851764679,
        "median": 0.84561496973,
        "min": -3.51656651497,
        "var": 1.31021726131
    },
    "erbbands_spread": {
        "dmean": 9.79526138306,
        "dmean2": 14.5417757034,
        "dvar": 165.166488647,
        "dvar2": 357.783966064,
        "max": 143.941329956,
        "mean": 34.9839057922,
        "median": 30.341178894,
        "min": 1.7454611063,
        "var": 540.836730957
    },
    "hfc": {
        "dmean": 5.40073728561,
        "dmean2": 7.46287918091,
        "dvar": 56.6753463745,
        "dvar2": 102.859970093,
        "max": 91.7370223999,
        "mean": 14.799082756,
        "median": 9.25034332275,
        "min": 1.14808883844e-16,
        "var": 223.771377563
    },
    "melbands_crest": {
        "dmean": 3.49736237526,
        "dmean2": 5.70739364624,
        "dvar": 10.2029905319,
        "dvar2": 25.6837310791,
        "max": 35.3182029724,
        "mean": 15.8712806702,
        "median": 15.0221920013,
        "min": 2.22892975807,
        "var": 33.1350784302
    },
    "melbands_flatness_db": {
        "dmean": 0.0306619927287,
        "dmean2": 0.0456739366055,
        "dvar": 0.000984900747426,
        "dvar2": 0.00205503660254,
        "max": 0.49221482873,
        "mean": 0.237253218889,
        "median": 0.240278095007,
        "min": 0.00447699753568,
        "var": 0.00391197670251
    },
    "melbands_kurtosis": {
        "dmean": 9.68510437012,
        "dmean2": 15.3396368027,
        "dvar": 261.173583984,
        "dvar2": 625.545288086,
        "max": 231.647903442,
        "mean": 18.5961933136,
        "median": 10.8977832794,
        "min": -1.83278119564,
        "var": 518.269836426
    },
    "melbands_skewness": {
        "dmean": 0.860198974609,
        "dmean2": 1.28328418732,
        "dvar": 0.997148275375,
        "dvar2": 2.17518401146,
        "max": 12.2168741226,
        "mean": 2.84016442299,
        "median": 2.55888652802,
        "min": -1.13141381741,
        "var": 3.45439505577
    },
    "melbands_spread": {
        "dmean": 6.91106081009,
        "dmean2": 10.2900915146,
        "dvar": 267.067810059,
        "dvar2": 441.540222168,
        "max": 232.352554321,
        "mean": 18.7371349335,
        "median": 11.171831131,
        "min": 0.634449958801,
        "var": 937.676391602
    },
    "pitch_salience": {
        "dmean": 0.0771325677633,
        "dmean2": 0.122254751623,
        "dvar": 0.00506507931277,
        "dvar2": 0.0124644767493,
        "max": 0.831211566925,
        "mean": 0.557834386826,
        "median": 0.564181804657,
        "min": 0.107527382672,
        "var": 0.0139865577221
    },
    "silence_rate_20dB": {
        "dmean": 0,
        "dmean2": 0,
        "dvar": 0,
        "dvar2": 0,
        "max": 1,
        "mean": 1,
        "median": 1,
        "min": 1,
        "var": 0
    },
    "silence_rate_30dB": {
        "dmean": 0.00541795650497,
        "dmean2": 0.0108401086181,
        "dvar": 0.00538879260421,
        "dvar2": 0.0138201788068,
        "max": 1,
        "mean": 0.9957447052,
        "median": 1,
        "min": 0,
        "var": 0.00423722341657
    },
    "silence_rate_60dB": {
        "dmean": 0.033668730408,
        "dmean2": 0.0673635303974,
        "dvar": 0.0325364917517,
        "dvar2": 0.0721145793796,
        "max": 1,
        "mean": 0.119148939848,
        "median": 0,
        "min": 0,
        "var": 0.104948401451
    },
    "spectral_centroid": {
        "dmean": 215.724899292,
        "dmean2": 323.409637451,
        "dvar": 154229.296875,
        "dvar2": 267559.9375,
        "max": 10942.0888672,
        "mean": 929.310424805,
        "median": 728.093505859,
        "min": 163.842010498,
        "var": 546749.8125
    },
    "spectral_complexity": {
        "dmean": 2.20820426941,
        "dmean2": 3.3778553009,
        "dvar": 5.18576145172,
        "dvar2": 11.0511417389,
        "max": 38,
        "mean": 11.5690526962,
        "median": 12,
        "min": 0,
        "var": 25.4931793213
    },
    "spectral_decrease": {
        "dmean": 2.10150941093e-09,
        "dmean2": 3.14273163049e-09,
        "dvar": 1.14364974059e-17,
        "dvar2": 2.57381118801e-17,
        "max": -5.50989177419e-29,
        "mean": -5.5871574034e-09,
        "median": -3.88653997874e-09,
        "min": -3.32944374293e-08,
        "var": 2.91167344008e-17
    },
    "spectral_energy": {
        "dmean": 0.00827357638627,
        "dmean2": 0.0123394913971,
        "dvar": 0.000173055334017,
        "dvar2": 0.000385962310247,
        "max": 0.13398167491,
        "mean": 0.0224295593798,
        "median": 0.0156464632601,
        "min": 1.0621453853e-20,
        "var": 0.000455286615761
    },
    "spectral_energyband_high": {
        "dmean": 0.000283945642877,
        "dmean2": 0.000395261595258,
        "dvar": 4.28167766131e-07,
        "dvar2": 6.8604720127e-07,
        "max": 0.00713747320697,
        "mean": 0.000472338841064,
        "median": 7.98379260232e-05,
        "min": 7.94075212696e-21,
        "var": 1.33583932893e-06
    },
    "spectral_energyband_low": {
        "dmean": 0.00321611203253,
        "dmean2": 0.00540496874601,
        "dvar": 8.57419654494e-05,
        "dvar2": 0.000216642598389,
        "max": 0.0887029543519,
        "mean": 0.00476741697639,
        "median": 0.00182574056089,
        "min": 4.34470381587e-23,
        "var": 9.09918599064e-05
    },
    "spectral_energyband_middle_high": {
        "dmean": 0.000938342825975,
        "dmean2": 0.00129960302729,
        "dvar": 3.23185577145e-06,
        "dvar2": 6.35330252408e-06,
        "max": 0.0391533635557,
        "mean": 0.00249634427018,
        "median": 0.00125370547175,
        "min": 1.68719924529e-21,
        "var": 1.31306424009e-05
    },
    "spectral_energyband_middle_low": {
        "dmean": 0.00617065094411,
        "dmean2": 0.00897728931159,
        "dvar": 9.65189101407e-05,
        "dvar2": 0.000197296802071,
        "max": 0.130170837045,
        "mean": 0.0157298333943,
        "median": 0.0101804574952,
        "min": 2.58172919211e-22,
        "var": 0.000305163732264
    },
    "spectral_entropy": {
        "dmean": 0.263145238161,
        "dmean2": 0.371412932873,
        "dvar": 0.0811937078834,
        "dvar2": 0.150699719787,
        "max": 9.79786205292,
        "mean": 7.2188911438,
        "median": 7.15127563477,
        "min": 5.3267083168,
        "var": 0.34741961956
    },
    "spectral_flux": {
        "dmean": 0.0275182519108,
        "dmean2": 0.0425808988512,
        "dvar": 0.00113037868869,
        "dvar2": 0.00249399989843,
        "max": 0.311031639576,
        "mean": 0.0706099048257,
        "median": 0.056743144989,
        "min": 1.03060435186e-10,
        "var": 0.00259325257502
    },
    "spectral_kurtosis": {
        "dmean": 2.63853693008,
        "dmean2": 4.14452266693,
        "dvar": 8.68883132935,
        "dvar2": 21.9497928619,
        "max": 44.1532516479,
        "mean": 7.1378068924,
        "median": 6.63187503815,
        "min": -1.22907221317,
        "var": 24.270236969
    },
    "spectral_rms": {
        "dmean": 0.000793474493548,
        "dmean2": 0.00114693527576,
        "dvar": 1.0562270063e-06,
        "dvar2": 2.19803064283e-06,
        "max": 0.0114330146462,
        "mean": 0.00417785672471,
        "median": 0.00390702486038,
        "min": 3.21906715693e-12,
        "var": 4.42801319878e-06
    },
    "spectral_rolloff": {
        "dmean": 578.122558594,
        "dmean2": 978.121948242,
        "dvar": 2353199,
        "dvar2": 4837466,
        "max": 18174.0234375,
        "mean": 1387.11499023,
        "median": 667.529296875,
        "min": 86.1328125,
        "var": 5072963.5
    },
    "spectral_skewness": {
        "dmean": 0.325793653727,
        "dmean2": 0.490091562271,
        "dvar": 0.111551553011,
        "dvar2": 0.232496187091,
        "max": 5.01477622986,
        "mean": 2.04719376564,
        "median": 2.10780477524,
        "min": -0.0579066164792,
        "var": 0.493698775768
    },
    "spectral_spread": {
        "dmean": 1029757.625,
        "dmean2": 1353541.375,
        "dvar": 1.91427313664e+12,
        "dvar2": 3.0288272425e+12,
        "max": 41352660,
        "mean": 4962752.5,
        "median": 4247766.5,
        "min": 1643737.75,
        "var": 5.71225669632e+12
    },
    "spectral_strongpeak": {
        "dmean": 0.50677639246,
        "dmean2": 0.766109764576,
        "dvar": 0.585283458233,
        "dvar2": 1.14257788658,
        "max": 9.32963466644,
        "mean": 1.23713636398,
        "median": 0.580966889858,
        "min": 0,
        "var": 2.14095306396
    },
    "zerocrossingrate": {
        "dmean": 0.0153311621398,
        "dmean2": 0.0168497674167,
        "dvar": 0.000576804450247,
        "dvar2": 0.000573212397285,
        "max": 0.47412109375,
        "mean": 0.0572252385318,
        "median": 0.037109375,
        "min": 0.00634765625,
        "var": 0.0032349480316
    },
    "barkbands": {
        "dmean": [5.08551092935e-05, 0.00194042094517, 0.00119825184811, 0.00130583636928, 0.00122862588614, 0.00127179699484, 0.00194224610459, 0.00141265720595, 0.0019147193525, 0.000316977821058, 0.000168989252415, 0.000276693812339, 0.000251311372267, 0.000167671983945, 9.54872521106e-05, 5.57998937438e-05, 6.44872925477e-05, 3.33406314894e-05, 3.78843178623e-05, 2.23359784286e-05, 3.28830901708e-05, 4.47938436992e-05, 6.51582449791e-05, 6.74620387144e-05, 4.68454309157e-05, 3.47089262505e-05, 2.35386905842e-05],
        "dmean2": [8.51123986649e-05, 0.00338110304438, 0.00215265667066, 0.00220181047916, 0.00196920591407, 0.00196891813539, 0.0028395128902, 0.00212400918826, 0.00249834056012, 0.000447909726063, 0.000244426482823, 0.000401766679715, 0.000348787987605, 0.000270738266408, 0.000149602303281, 8.80427833181e-05, 0.000101066623756, 5.31885962118e-05, 5.75748090341e-05, 3.48358989868e-05, 4.97183100379e-05, 6.62995298626e-05, 9.07670619199e-05, 9.17300203582e-05, 6.76246418152e-05, 5.31325677002e-05, 3.53976320184e-05],
        "dvar": [3.06353449275e-08, 4.27121085522e-05, 1.12020807137e-05, 1.14951135401e-05, 6.61773538013e-06, 9.04395801626e-06, 2.77876260952e-05, 2.69886822934e-05, 4.4370219257e-05, 1.31432443595e-06, 2.41587827077e-07, 7.30384954295e-07, 4.87468128085e-07, 2.13948382566e-07, 9.77637668598e-08, 8.36944380467e-09, 1.21560415067e-08, 3.29801608245e-09, 4.70715644241e-09, 2.45594145021e-09, 7.25402182766e-09, 1.54506025751e-08, 4.48902071071e-08, 5.25585228672e-08, 1.42562734951e-08, 6.18126394514e-09, 3.47878725826e-09],
        "dvar2": [7.9487726623e-08, 0.000115947383165, 3.27771813318e-05, 3.09823371936e-05, 1.6251417037e-05, 2.22834023589e-05, 5.66048038309e-05, 5.32133344677e-05, 7.64681171859e-05, 2.36408482124e-06, 4.84961333314e-07, 1.63079073445e-06, 9.12767802674e-07, 5.03592104906e-07, 2.1234249914e-07, 1.98136138607e-08, 3.02156308862e-08, 7.50983630837e-09, 1.00739567799e-08, 5.85254911201e-09, 1.60044439923e-08, 3.00703746348e-08, 7.77522188855e-08, 8.51981312167e-08, 2.78550960076e-08, 1.46743106555e-08, 7.92525423066e-09],
        "max": [0.00178108608816, 0.0751862004399, 0.0309475660324, 0.0521583482623, 0.0502628907561, 0.0510659106076, 0.0839431658387, 0.109354570508, 0.128579333425, 0.0375305376947, 0.0129223847762, 0.0229759868234, 0.0181524772197, 0.00990049820393, 0.00871186517179, 0.00141565245576, 0.00150169269182, 0.000926186912693, 0.00128046539612, 0.000696217233781, 0.00157616427168, 0.0022138459608, 0.003506365465, 0.00329513684846, 0.00177495810203, 0.000763033283874, 0.000592389667872],
        "mean": [5.25504365214e-05, 0.00205124751665, 0.00172414397821, 0.00175820244476, 0.00189165968914, 0.0022164308466, 0.00389994145371, 0.00232381257229, 0.00344438711181, 0.000592519761994, 0.00028627217398, 0.000511065940373, 0.000448419450549, 0.000219096778892, 0.000155087211169, 0.000116047762276, 0.000122782847029, 6.12310323049e-05, 7.09063824615e-05, 2.76688970189e-05, 4.30111103924e-05, 6.91289751558e-05, 0.000108416825242, 0.000111455621663, 6.72726382618e-05, 3.54982657882e-05, 2.13291841646e-05],
        "median": [3.51661333298e-06, 0.000390645349398, 0.000480187300127, 0.000600311905146, 0.00102140649687, 0.000604920729529, 0.000436966423877, 0.000269936252153, 0.00030464847805, 0.000108695385279, 6.46051339572e-05, 0.000108093685412, 7.48523234506e-05, 6.88713116688e-05, 7.06460123183e-05, 7.47952144593e-05, 7.23773991922e-05, 3.85397506761e-05, 3.83271399187e-05, 6.18924605078e-06, 8.35106675368e-06, 1.56081059686e-05, 1.8384627765e-05, 8.81792129803e-06, 8.25689312478e-06, 3.04657419292e-06, 6.30190356787e-07],
        "min": [2.11586418175e-24, 2.52282987081e-23, 1.45671480743e-23, 1.38798388111e-23, 4.28493813597e-23, 2.58415781084e-23, 5.65034623792e-23, 4.36504222773e-23, 5.2197919512e-23, 1.08143022987e-22, 1.5745214333e-22, 1.02854682494e-22, 7.36154205135e-23, 1.37902125372e-22, 1.38945744173e-22, 1.66865361766e-22, 2.48127021707e-22, 1.29286741923e-22, 2.37505394583e-22, 4.68181752837e-22, 5.63488519527e-22, 4.25295941881e-22, 5.2340640858e-22, 8.91999079081e-22, 1.1901949636e-21, 1.70418189335e-21, 2.47950316864e-21],
        "var": [3.01369880162e-08, 3.40150145348e-05, 1.08378699224e-05, 1.26622198877e-05, 8.82113909029e-06, 1.59373721544e-05, 8.95948687685e-05, 6.42148370389e-05, 0.00011167392222, 3.66433687304e-06, 5.22845482465e-07, 1.42994520047e-06, 1.43862212099e-06, 2.60650267592e-07, 1.78827448849e-07, 1.63000954956e-08, 2.30368453202e-08, 5.89644910676e-09, 1.06203188466e-08, 3.43694850358e-09, 1.16480887158e-08, 3.61905456714e-08, 1.12187393597e-07, 1.55079547426e-07, 3.46931408046e-08, 6.56713794456e-09, 3.6213900767e-09]
    },
    "erbbands": {
        "dmean": [0.0476918071508, 0.468458235264, 1.18013501167, 3.04736638069, 4.72435855865, 3.89957356453, 4.93209981918, 13.078915596, 24.6482582092, 27.5756435394, 36.5633010864, 46.1687049866, 14.5900735855, 7.90196228027, 8.03989315033, 10.3442134857, 11.5838413239, 8.15309143066, 6.25971841812, 3.89959764481, 2.59982252121, 3.31885743141, 2.0055782795, 1.79178106785, 1.48651194572, 1.02958416939, 1.40027976036, 1.24148702621, 1.46617150307, 2.01247644424, 1.81650578976, 1.63937950134, 1.00431668758, 0.603201985359, 0.293904066086, 0.144113317132, 0.0659204125404, 0.0201936159283, 0.00428257929161, 0.000242039634031],
        "dmean2": [0.0854700654745, 0.820789813995, 2.08244848251, 5.20032787323, 7.76329469681, 6.33965587616, 7.92226600647, 20.1559753418, 36.1527786255, 39.1743354797, 52.854183197, 59.5688514709, 19.6221961975, 11.0162830353, 11.5023670197, 14.8914632797, 15.5112380981, 12.7047948837, 9.95036888123, 6.16001939774, 4.09704494476, 5.22316837311, 3.14779305458, 2.77906394005, 2.27656173706, 1.59294962883, 2.12973642349, 1.87508094311, 2.20719814301, 2.92962789536, 2.54986906052, 2.29359555244, 1.40320503712, 0.863579809666, 0.433021873236, 0.219914227724, 0.101948335767, 0.0307103209198, 0.00645056087524, 0.000364879175322],
        "dvar": [0.0288380365819, 2.41615557671, 11.0816078186, 69.855255127, 134.386688232, 76.8917999268, 133.658966064, 1257.5098877, 4879.50146484, 6112.73974609, 18577.0761719, 28789.3183594, 2925.02954102, 562.232177734, 438.663787842, 928.482177734, 1141.51806641, 406.328704834, 436.005065918, 55.2651100159, 17.6846981049, 32.6984329224, 12.2893800735, 10.6129951477, 7.62483692169, 5.36879777908, 13.3792028427, 10.3154993057, 15.9056015015, 36.3968238831, 36.1905708313, 35.7340736389, 10.5443878174, 3.02760124207, 0.464034616947, 0.0967431291938, 0.0249813515693, 0.00232925382443, 0.000116163282655, 3.99556569164e-07],
        "dvar2": [0.0795850381255, 6.60829591751, 31.18816185, 191.923614502, 354.690002441, 194.99621582, 322.0284729, 3125.75756836, 10072.6787109, 12235.7089844, 33774.6640625, 45888.0546875, 5629.82080078, 1132.19934082, 881.459716797, 2129.85205078, 2085.80517578, 913.936096191, 899.762207031, 136.225967407, 41.936756134, 82.5768356323, 28.4822120667, 24.5688438416, 16.2567005157, 12.9427700043, 31.7013530731, 21.1990852356, 32.3146362305, 68.3956985474, 61.2101478577, 63.6773376465, 16.6733226776, 6.11150074005, 0.945952296257, 0.222232431173, 0.0605613999069, 0.00533465994522, 0.000268071191385, 9.34764841531e-07],
        "max": [1.61219108105, 18.7929782867, 33.617313385, 90.4373550415, 151.260238647, 196.931259155, 249.806655884, 611.643127441, 1484.04187012, 1338.62487793, 3003.15161133, 3560.3449707, 1415.25231934, 927.548583984, 426.571044922, 650.903320312, 998.966430664, 352.668487549, 627.723144531, 137.675918579, 60.28099823, 72.3412017822, 57.4154510498, 60.4717292786, 50.6933746338, 29.8687076569, 62.2751731873, 44.5465164185, 72.7237854004, 106.865844727, 110.86995697, 93.4657363892, 50.7216911316, 28.2670936584, 8.45853424072, 3.0105009079, 1.6190994978, 0.400953918695, 0.0982537567616, 0.00841684546322],
        "mean": [0.0452930405736, 0.517854094505, 1.79865968227, 4.43207263947, 6.52886533737, 5.88663387299, 8.13571071625, 23.272195816, 53.6849975586, 43.5882301331, 66.9062042236, 85.6106948853, 30.2439956665, 16.3882579803, 16.5687446594, 18.6001338959, 21.8037185669, 12.8884429932, 9.96158027649, 7.64823675156, 5.71908378601, 6.5193939209, 3.91885495186, 3.40674495697, 2.67193317413, 1.31875872612, 1.70528614521, 1.72537624836, 2.18297076225, 3.3100194931, 2.98437261581, 2.56659841537, 1.6830111742, 0.906353712082, 0.388378769159, 0.163588583469, 0.0635286346078, 0.0190137904137, 0.00385980331339, 0.000235964806052],
        "median": [0.00890289898962, 0.111727841198, 0.554106891155, 1.70992648602, 3.2263944149, 3.16700720787, 3.62723517418, 6.00779533386, 7.66646575928, 8.63673877716, 9.48295688629, 7.05729198456, 4.8832116127, 3.7039513588, 4.08236932755, 4.81527614594, 4.12426614761, 3.87554860115, 4.13919115067, 4.82570075989, 3.92204499245, 3.92963647842, 2.41833519936, 1.95111298561, 1.42554306984, 0.347525417805, 0.322245538235, 0.337181538343, 0.509088397026, 0.675246655941, 0.465722948313, 0.217730328441, 0.137360990047, 0.0940339490771, 0.0483482554555, 0.0184340327978, 0.0041801542975, 0.00088101188885, 0.000127442763187, 4.03094709327e-05],
        "min": [7.09236339917e-22, 5.61997938447e-21, 1.16813355583e-20, 3.51551534153e-20, 1.54287343441e-19, 1.08150827787e-19, 9.83756725974e-20, 3.3504542291e-19, 6.81345723729e-19, 7.69563553781e-19, 1.14917907076e-18, 1.1596899514e-18, 3.0318520711e-18, 2.8634116286e-18, 8.44212261365e-18, 3.0290317988e-18, 3.44747703488e-18, 4.15228372044e-18, 9.85484122078e-18, 6.71977706836e-18, 9.63896445169e-18, 1.42236436025e-17, 8.62624557338e-18, 1.00561571295e-17, 1.40807382255e-17, 2.18130356488e-17, 2.33912598616e-17, 1.9946527412e-17, 1.37752232021e-17, 1.48767142766e-17, 1.34149107719e-17, 2.07943015131e-17, 1.42093978979e-17, 1.26513312495e-17, 9.05729518085e-18, 5.83372022135e-18, 3.44711762491e-18, 1.37781582457e-18, 3.72817746703e-19, 3.38922554151e-20],
        "var": [0.0211143922061, 1.93173277378, 11.4877977371, 79.0371398926, 134.338623047, 91.4139785767, 215.040374756, 2068.39819336, 17251.7070312, 12317.46875, 50896.5546875, 78335, 8416.29589844, 1658.30371094, 1130.50439453, 1631.5357666, 3521.55737305, 697.536682129, 766.540771484, 98.3281478882, 38.253528595, 62.6503639221, 23.8059940338, 22.0285243988, 15.5069379807, 7.45468378067, 17.7200202942, 19.6634941101, 33.9763221741, 90.6579284668, 90.2608261108, 87.5694961548, 33.393321991, 7.40853261948, 0.997149944305, 0.127051502466, 0.0242626033723, 0.00243750191294, 0.000118874166219, 3.99435236886e-07]
    },
    "gfcc": {
        "mean": [-41.23645401, 93.832359314, -99.7879562378, 10.8008890152, -58.3141326904, 3.2747733593, -47.6074409485, 1.80649709702, -16.3626918793, -5.79546117783, -18.2271213531, -2.68303871155, -18.9528961182],
        "cov": [[9270.59570312, 55.7968025208, -40.7165565491, -703.824707031, -428.918914795, 152.697433472, 229.056747437, 150.047439575, -7.57118940353, 221.211090088, -1.50774979591, 102.254302979, -227.051376343], [55.7968025208, 2134.12182617, -789.623718262, -229.138565063, 237.39012146, -61.445602417, 154.822814941, 85.293182373, 160.650650024, -150.709960938, 199.097854614, -8.51591873169, -83.4699325562], [-40.7165565491, -789.623718262, 887.836181641, 321.029785156, 238.353088379, 100.995849609, 2.61195158958, -49.473323822, -61.1452026367, 154.625854492, -112.637550354, 34.2984771729, 104.681480408], [-703.824707031, -229.138565063, 321.029785156, 822.044128418, 185.271194458, 129.213012695, -151.538894653, -65.6557159424, 1.58180987835, 22.8414287567, -25.8067855835, -58.1020393372, 168.222610474], [-428.918914795, 237.39012146, 238.353088379, 185.271194458, 529.193603516, 30.0962657928, 96.0207824707, 23.7684402466, 54.5914344788, 76.2267150879, -24.6538486481, 1.49808502197, 59.7827796936], [152.697433472, -61.445602417, 100.995849609, 129.213012695, 30.0962657928, 280.449279785, 138.977157593, 64.7854003906, 18.9275608063, 32.5459632874, 17.7559108734, -10.4292926788, 34.3733139038], [229.056747437, 154.822814941, 2.61195158958, -151.538894653, 96.0207824707, 138.977157593, 372.810577393, 94.9860992432, 29.306186676, 20.654460907, 45.1132469177, 21.8295860291, -34.2687072754], [150.047439575, 85.293182373, -49.473323822, -65.6557159424, 23.7684402466, 64.7854003906, 94.9860992432, 144.632003784, 60.8483161926, 26.5312900543, 25.8514652252, 1.51686787605, -25.1112728119], [-7.57118940353, 160.650650024, -61.1452026367, 1.58180987835, 54.5914344788, 18.9275608063, 29.306186676, 60.8483161926, 115.528068542, 27.4503288269, 23.9591693878, -5.12056064606, -9.81897163391], [221.211090088, -150.709960938, 154.625854492, 22.8414287567, 76.2267150879, 32.5459632874, 20.654460907, 26.5312900543, 27.4503288269, 128.526672363, 10.9241933823, 20.0328178406, 14.329293251], [-1.50774979591, 199.097854614, -112.637550354, -25.8067855835, -24.6538486481, 17.7559108734, 45.1132469177, 25.8514652252, 23.9591693878, 10.9241933823, 128.580551147, 48.9686355591, -7.30068588257], [102.254302979, -8.51591873169, 34.2984771729, -58.1020393372, 1.49808502197, -10.4292926788, 21.8295860291, 1.51686787605, -5.12056064606, 20.0328178406, 48.9686355591, 112.585960388, 18.4728755951], [-227.051376343, -83.4699325562, 104.681480408, 168.222610474, 59.7827796936, 34.3733139038, -34.2687072754, -25.1112728119, -9.81897163391, 14.329293251, -7.30068588257, 18.4728755951, 111.23223114]],
        "icov": [[0.000143402765389, -0.000101685414847, -2.71022781817e-05, 2.3816313842e-05, 0.000224731033086, -0.000111399574962, -3.28134919982e-05, -3.65798005078e-05, 0.000131645050715, -0.000478468107758, 0.000328027585056, -0.000213359759073, 0.000231396901654], [-0.000101685414847, 0.00129929103423, 0.000906484900042, 0.000213830106077, -0.00138154963497, -3.28035202983e-05, 4.19110510848e-05, 0.00032390395063, -0.000878031074535, 0.00158878834918, -0.0016529407585, 0.000429289357271, -3.23142085108e-05], [-2.71022781817e-05, 0.000906484900042, 0.00340286665596, -0.000824485963676, -0.00134867825545, -0.000492550898343, -0.000420893338742, 0.000680177938193, 0.00108031462878, -0.0021414665971, 0.00191328348592, -0.00178588321432, 0.000363722472684], [2.3816313842e-05, 0.000213830106077, -0.000824485963676, 0.00306197744794, -0.000917531957384, -0.00145394878928, 0.00159217603505, 0.000682866841089, -0.000899117672816, 0.00148235494271, -0.00218629138544, 0.00250574154779, -0.00288863759488], [0.000224731033086, -0.00138154963497, -0.00134867825545, -0.000917531957384, 0.0045044827275, 0.00111257156823, -0.00155706121586, -0.000391540554119, -0.000429433945101, -0.00281107751653, 0.00260779517703, -0.000565478869248, -0.00066469993908], [-0.000111399574962, -3.28035202983e-05, -0.000492550898343, -0.00145394878928, 0.00111257156823, 0.0066057946533, -0.00286591053009, -0.00218252255581, 0.000175623543328, -0.000411586166592, -0.000513911247253, 0.00127773487475, -0.00178194150794], [-3.28134919982e-05, 4.19110510848e-05, -0.000420893338742, 0.00159217603505, -0.00155706121586, -0.00286591053009, 0.00531273242086, -0.00131734169554, 0.000370383117115, 0.00136462133378, -0.00182737933937, 0.000176095956704, 0.000722209108062], [-3.65798005078e-05, 0.00032390395063, 0.000680177938193, 0.000682866841089, -0.000391540554119, -0.00218252255581, -0.00131734169554, 0.0117905717343, -0.00502046570182, -0.000974703056272, -0.000355006981408, -1.08249150799e-05, 0.00129723921418], [0.000131645050715, -0.000878031074535, 0.00108031462878, -0.000899117672816, -0.000429433945101, 0.000175623543328, 0.000370383117115, -0.00502046570182, 0.0141826840118, -0.00440631248057, 0.000682351295836, 1.14154609037e-05, 0.000972665147856], [-0.000478468107758, 0.00158878834918, -0.0021414665971, 0.00148235494271, -0.00281107751653, -0.000411586166592, 0.00136462133378, -0.000974703056272, -0.00440631248057, 0.0158883146942, -0.00597948627546, 0.00149823201355, -0.00124954688363], [0.000328027585056, -0.0016529407585, 0.00191328348592, -0.00218629138544, 0.00260779517703, -0.000513911247253, -0.00182737933937, -0.000355006981408, 0.000682351295836, -0.00597948627546, 0.0165554042906, -0.00834904797375, 0.00235284375958], [-0.000213359759073, 0.000429289357271, -0.00178588321432, 0.00250574154779, -0.000565478869248, 0.00127773487475, 0.000176095956704, -1.08249150799e-05, 1.14154609037e-05, 0.00149823201355, -0.00834904797375, 0.0153124434873, -0.00554435374215], [0.000231396901654, -3.23142085108e-05, 0.000363722472684, -0.00288863759488, -0.00066469993908, -0.00178194150794, 0.000722209108062, 0.00129723921418, 0.000972665147856, -0.00124954688363, 0.00235284375958, -0.00554435374215, 0.0162099376321]]
    },
    "melbands": {
        "dmean": [0.000495738990139, 0.000597533013206, 0.000569167605136, 0.000308778806357, 0.000161027928698, 0.000287655857392, 0.000383571372367, 0.000295693258522, 0.000341014296282, 0.000271909812, 6.93348265486e-05, 3.33593961841e-05, 2.51007295446e-05, 3.34546712111e-05, 2.49665117735e-05, 2.37101485254e-05, 1.55901489052e-05, 1.11595045382e-05, 6.19144884695e-06, 4.40498797616e-06, 3.27040083903e-06, 3.79346602131e-06, 3.03885371977e-06, 1.26203997297e-06, 1.57253009547e-06, 1.50594416937e-06, 7.59074282541e-07, 7.09536323029e-07, 8.59394390318e-07, 9.09309278541e-07, 6.96073357176e-07, 8.03382135928e-07, 1.01719786016e-06, 1.20918070934e-06, 1.0729791029e-06, 1.13935664103e-06, 1.00482100152e-06, 7.23988762275e-07, 6.63896059905e-07, 4.89036608542e-07],
        "dmean2": [0.000869429553859, 0.00103479786776, 0.00096389290411, 0.00050368218217, 0.000255996797932, 0.000439528899733, 0.000563083798625, 0.000423308461905, 0.000480099144625, 0.000352398084942, 9.44149724091e-05, 4.73245345347e-05, 3.58978250006e-05, 4.80541020806e-05, 3.48224966729e-05, 3.41501436196e-05, 2.46527833951e-05, 1.80248680408e-05, 9.70716610027e-06, 7.00507689544e-06, 5.14886278324e-06, 6.02503496339e-06, 4.8912947932e-06, 2.00779186343e-06, 2.46217882705e-06, 2.29066313295e-06, 1.22646008549e-06, 1.11774409106e-06, 1.33041567096e-06, 1.41052851177e-06, 1.03970694454e-06, 1.20829020034e-06, 1.52724226155e-06, 1.78360483005e-06, 1.55089298914e-06, 1.63134848208e-06, 1.41460088798e-06, 1.02186334061e-06, 9.28118936372e-07, 7.25206007246e-07],
        "dvar": [2.91485844173e-06, 2.96892767437e-06, 2.13626321965e-06, 4.33186585269e-07, 1.33800384106e-07, 5.29606268174e-07, 1.09386542135e-06, 6.70250699386e-07, 1.4693397361e-06, 1.00719330476e-06, 7.30959541784e-08, 1.02263024715e-08, 4.60294069526e-09, 1.28656738596e-08, 5.37864197625e-09, 4.36757074951e-09, 1.68970704095e-09, 1.49887580125e-09, 2.44065823107e-10, 5.58833673781e-11, 2.92133955915e-11, 4.80164276395e-11, 2.79679161774e-11, 5.36169719734e-12, 8.62764634041e-12, 8.69169146378e-12, 3.05363958945e-12, 2.98161040128e-12, 5.16299026102e-12, 5.90116800911e-12, 3.85202330103e-12, 5.20573037802e-12, 8.48690215327e-12, 1.41535880238e-11, 1.26839580505e-11, 1.71780697306e-11, 1.38005934805e-11, 5.80256155625e-12, 4.57417870942e-12, 1.86714272515e-12],
        "dvar2": [7.99865301815e-06, 7.98421660875e-06, 5.84710323892e-06, 1.09422637706e-06, 3.27694550606e-07, 1.30185378566e-06, 2.25581266022e-06, 1.41973964674e-06, 2.70808914138e-06, 1.6619175085e-06, 1.40010797622e-07, 2.12744772909e-08, 8.76851657949e-09, 2.95092554836e-08, 9.61079926753e-09, 9.33077615173e-09, 3.77043996025e-09, 3.13423309528e-09, 5.63303903522e-10, 1.37833217062e-10, 7.07502112451e-11, 1.22981916317e-10, 6.60528923224e-11, 1.2226655452e-11, 2.04443510732e-11, 1.81711676955e-11, 7.59852770982e-12, 7.46427138848e-12, 1.25360069547e-11, 1.39849434116e-11, 8.03123973575e-12, 1.09556677966e-11, 1.7194032656e-11, 2.79305745199e-11, 2.31018103952e-11, 3.16289980318e-11, 2.64101830683e-11, 9.87050632201e-12, 8.37561010131e-12, 4.14210636276e-12],
        "max": [0.0175239015371, 0.0189260933548, 0.0189833212644, 0.0114407557994, 0.00732189510018, 0.0121563598514, 0.0191394705325, 0.0124417115003, 0.0260944291949, 0.0217271912843, 0.00713136605918, 0.00376764731482, 0.00190504849888, 0.00342572736554, 0.00181857810821, 0.00149216561113, 0.000629922782537, 0.00117079634219, 0.000302769505652, 0.000101190438727, 7.98088221927e-05, 9.011371003e-05, 8.96727724466e-05, 4.2435603973e-05, 5.46166338609e-05, 5.75543053856e-05, 2.91360920528e-05, 1.99238747882e-05, 3.1558007322e-05, 5.15703941346e-05, 3.52869610651e-05, 4.44370380137e-05, 6.37760167592e-05, 6.23355299467e-05, 7.94959269115e-05, 6.53275055811e-05, 5.67415700061e-05, 3.99435703002e-05, 3.60413287126e-05, 2.30635178013e-05],
        "mean": [0.000497494882438, 0.000874248566106, 0.000836852064822, 0.000457945308881, 0.000267237046501, 0.000497878179885, 0.000831206212752, 0.000439226365415, 0.000597211183049, 0.000502090260852, 0.000135880851303, 6.58369099256e-05, 4.85915697936e-05, 6.23996675131e-05, 4.36945811089e-05, 4.21437071054e-05, 2.17530578084e-05, 1.61882217071e-05, 1.07011992441e-05, 8.77971979207e-06, 6.54256609778e-06, 6.87995043336e-06, 5.67099004911e-06, 2.24561767936e-06, 2.81876009467e-06, 2.70012651526e-06, 1.06395850707e-06, 8.15535315724e-07, 1.00017257409e-06, 1.11084466425e-06, 9.59379349297e-07, 1.12792417895e-06, 1.53907740241e-06, 1.94411745724e-06, 1.68288408986e-06, 1.73250953139e-06, 1.49304537445e-06, 1.15659713629e-06, 1.06449590476e-06, 6.67930066811e-07],
        "median": [9.52449991019e-05, 0.000293780147331, 0.000394914968638, 0.00024632475106, 0.000128766987473, 0.000127387480461, 0.000118188778288, 8.73602912179e-05, 6.44838000881e-05, 4.23527308158e-05, 2.13154689845e-05, 1.43180268424e-05, 1.27805551529e-05, 1.28940482682e-05, 8.72784221428e-06, 7.88939360064e-06, 6.03281205258e-06, 6.13941165284e-06, 5.72912949792e-06, 5.6808194131e-06, 4.18892659582e-06, 3.89548449675e-06, 3.09730353365e-06, 1.34868196255e-06, 1.49643904024e-06, 1.35285404212e-06, 4.47023921879e-07, 1.33196607521e-07, 1.60962784435e-07, 2.22342094958e-07, 1.66114787703e-07, 2.62791161276e-07, 3.41433064932e-07, 3.62450407465e-07, 2.55606664723e-07, 1.84231140565e-07, 1.047349798e-07, 8.86294202473e-08, 9.01934882336e-08, 7.56031397486e-08],
        "min": [6.8579125813e-24, 7.29057359996e-24, 1.07312219925e-23, 8.90535925117e-24, 3.80859047369e-24, 7.1601188832e-24, 1.05487332216e-23, 9.00364185363e-24, 9.28912667093e-24, 7.06652763655e-24, 1.59248707778e-23, 1.15579403326e-23, 2.33995692462e-23, 1.60118710916e-23, 6.47746508267e-24, 7.77767390969e-24, 7.68884264974e-24, 1.75352735178e-23, 1.03566361248e-23, 1.05063351034e-23, 1.04454571296e-23, 1.50393286577e-23, 1.12240147225e-23, 5.61687739407e-24, 8.15749623606e-24, 1.01947894772e-23, 1.0696941253e-23, 1.58595120741e-23, 1.38458404838e-23, 1.53291324885e-23, 1.02563782147e-23, 6.97833140962e-24, 9.37462499356e-24, 7.63843049359e-24, 6.29864924811e-24, 1.18080936477e-23, 1.32146507855e-23, 9.6808884071e-24, 7.86668660765e-24, 1.25003482798e-23],
        "var": [2.22186963583e-06, 2.96873076877e-06, 2.26663792091e-06, 5.01904025896e-07, 2.1246520987e-07, 9.03575539724e-07, 4.01396982852e-06, 1.20608683574e-06, 3.84644636142e-06, 2.69748625215e-06, 2.0565651937e-07, 2.97274489469e-08, 1.12111857575e-08, 2.45618902994e-08, 1.30951782751e-08, 1.20756462607e-08, 2.48316567308e-09, 2.3059494314e-09, 4.34108499148e-10, 1.00015794258e-10, 5.85395273922e-11, 7.87479179087e-11, 5.92719207049e-11, 9.11362044859e-12, 1.71058150283e-11, 1.8014074607e-11, 3.93661839238e-12, 3.64539258155e-12, 6.43015068275e-12, 7.85814729259e-12, 7.20478928254e-12, 9.85703012268e-12, 1.90317796245e-11, 3.26373442161e-11, 2.87698146556e-11, 3.84498405337e-11, 3.15196480027e-11, 1.66293853687e-11, 1.32537288436e-11, 3.65676022449e-12]
    },
    "mfcc": {
        "mean": [-691.476623535, 136.642608643, 9.336186409, 9.22610378265, 7.55379915237, -2.35276079178, -17.4411048889, 3.21944332123, -7.15675163269, -2.49152588844, 1.75151109695, -5.57752990723, -1.655580163],
        "cov": [[4548.91845703, 26.6236209869, 86.0175323486, -514.256164551, -512.008666992, 2.46125149727, 162.882049561, 171.360626221, 19.2780799866, 108.395744324, 240.118255615, 183.520645142, 130.887161255], [26.6236209869, 1937.15380859, -741.673583984, -187.171844482, -94.6922225952, -105.107078552, 29.6224822998, 282.591949463, -93.6538925171, 46.6562423706, 234.054519653, 30.2335853577, 92.9132766724], [86.0175323486, -741.673583984, 627.406860352, 171.770965576, 124.317893982, 156.111434937, 60.0716171265, -115.393058777, 90.7724761963, -15.6198167801, -107.842300415, 6.61954069138, -20.2912902832], [-514.256164551, -187.171844482, 171.770965576, 509.172210693, 343.027496338, 146.437042236, 30.4241008759, -96.7617645264, 71.1181030273, 35.0513877869, -107.62311554, -25.4266586304, -12.0630922318], [-512.008666992, -94.6922225952, 124.317893982, 343.027496338, 449.979400635, 125.487564087, -6.13616704941, -98.8843154907, 81.8957672119, 50.2025299072, -73.5203018188, -34.0646820068, -20.8552036285], [2.46125149727, -105.107078552, 156.111434937, 146.437042236, 125.487564087, 243.643676758, 138.432373047, 11.1407823563, 84.0077972412, 68.3252487183, -26.480550766, 29.4305438995, -12.3117790222], [162.882049561, 29.6224822998, 60.0716171265, 30.4241008759, -6.13616704941, 138.432373047, 238.900558472, 77.1989517212, 71.2015686035, 68.0942611694, 13.4612417221, 54.9811096191, 4.16552352905], [171.360626221, 282.591949463, -115.393058777, -96.7617645264, -98.8843154907, 11.1407823563, 77.1989517212, 207.25352478, 7.0019159317, 48.1133384705, 77.7779998779, 35.2097511292, 33.1702079773], [19.2780799866, -93.6538925171, 90.7724761963, 71.1181030273, 81.8957672119, 84.0077972412, 71.2015686035, 7.0019159317, 155.555648804, 62.2863044739, -13.5538740158, 23.9801521301, -21.5486106873], [108.395744324, 46.6562423706, -15.6198167801, 35.0513877869, 50.2025299072, 68.3252487183, 68.0942611694, 48.1133384705, 62.2863044739, 171.365936279, 54.3499794006, 23.0760002136, -19.388633728], [240.118255615, 234.054519653, -107.842300415, -107.62311554, -73.5203018188, -26.480550766, 13.4612417221, 77.7779998779, -13.5538740158, 54.3499794006, 155.026489258, 36.2655601501, 23.6773757935], [183.520645142, 30.2335853577, 6.61954069138, -25.4266586304, -34.0646820068, 29.4305438995, 54.9811096191, 35.2097511292, 23.9801521301, 23.0760002136, 36.2655601501, 99.2570114136, 29.1086158752], [130.887161255, 92.9132766724, -20.2912902832, -12.0630922318, -20.8552036285, -12.3117790222, 4.16552352905, 33.1702079773, -21.5486106873, -19.388633728, 23.6773757935, 29.1086158752, 118.244255066]],
