{
"lowlevel": {
    "average_loudness": 0.968208968639,
    "barkbands_crest": {
        "dmean": 2.96007061005,
        "dmean2": 4.72293043137,
        "dvar": 8.21773338318,
        "dvar2": 19.1171989441,
        "max": 26.6609687805,
        "mean": 12.2668304443,
        "median": 11.1777648926,
        "min": 2.83979320526,
        "var": 28.3757896423
    },
    "barkbands_flatness_db": {
        "dmean": 0.0362770296633,
        "dmean2": 0.0493953824043,
        "dvar": 0.00180496671237,
        "dvar2": 0.00318989926018,
        "max": 0.619494974613,
        "mean": 0.17275620997,
        "median": 0.147187069058,
        "min": 0.024406965822,
        "var": 0.00973032321781
    },
    "barkbands_kurtosis": {
        "dmean": 23.4166297913,
        "dmean2": 36.9365997314,
        "dvar": 6056.63525391,
        "dvar2": 13750.8232422,
        "max": 1660.19299316,
        "mean": 32.3485717773,
        "median": 5.31550502777,
        "min": -1.90785825253,
        "var": 9492.74707031
    },
    "barkbands_skewness": {
        "dmean": 1.28818738461,
        "dmean2": 1.92730224133,
        "dvar": 4.67458581924,
        "dvar2": 10.1803388596,
        "max": 31.6047554016,
        "mean": 3.12107610703,
        "median": 2.18463110924,
        "min": -3.57448983192,
        "var": 13.4420442581
    },
    "barkbands_spread": {
        "dmean": 8.23630332947,
        "dmean2": 12.4495859146,
        "dvar": 132.895782471,
        "dvar2": 286.219482422,
        "max": 115.215339661,
        "mean": 21.3338413239,
        "median": 16.4894886017,
        "min": 0.0877813771367,
        "var": 349.63092041
    },
    "dissonance": {
        "dmean": 0.0177097320557,
        "dmean2": 0.0285025443882,
        "dvar": 0.000372579263058,
        "dvar2": 0.000864288304001,
        "max": 0.499999821186,
        "mean": 0.46240735054,
        "median": 0.472456365824,
        "min": 0.257285237312,
        "var": 0.0011212201789
    },
    "dynamic_complexity": 2.27548694611,
    "erbbands_crest": {
        "dmean": 2.98436355591,
        "dmean2": 4.73274374008,
        "dvar": 8.29690170288,
        "dvar2": 19.2910766602,
        "max": 30.2218666077,
        "mean": 10.2631387711,
        "median": 8.93360328674,
        "min": 2.69165539742,
        "var": 27.5232658386
    },
    "erbbands_flatness_db": {
        "dmean": 0.0274055525661,
        "dmean2": 0.036409728229,
        "dvar": 0.000716124020983,
        "dvar2": 0.00128606776707,
        "max": 0.45642220974,
        "mean": 0.146136552095,
        "median": 0.138692334294,
        "min": 0.0374389141798,
        "var": 0.0032019095961
    },
    "erbbands_kurtosis": {
        "dmean": 3.14268350601,
        "dmean2": 4.70991230011,
        "dvar": 119.159538269,
        "dvar2": 242.750289917,
        "max": 221.806594849,
        "mean": 2.8750667572,
        "median": 0.0438530445099,
        "min": -1.89660811424,
        "var": 179.631759644
    },
    "erbbands_skewness": {
        "dmean": 0.635373592377,
        "dmean2": 0.916778743267,
        "dvar": 0.742587983608,
        "dvar2": 1.4236061573,
        "max": 12.4578704834,
        "mean": 0.566122233868,
        "median": 0.350203245878,
        "min": -3.9725856781,
        "var": 2.47750759125
    },
    "erbbands_spread": {
        "dmean": 13.1105461121,
        "dmean2": 19.9790210724,
        "dvar": 252.401580811,
        "dvar2": 603.967285156,
        "max": 163.22958374,
        "mean": 44.7688102722,
        "median": 40.856388092,
        "min": 0.640712082386,
        "var": 585.007202148
    },
    "hfc": {
        "dmean": 10.9856481552,
        "dmean2": 15.1471796036,
        "dvar": 283.736053467,
        "dvar2": 553.950561523,
        "max": 283.076568604,
        "mean": 25.0080223083,
        "median": 15.9524259567,
        "min": 1.13681707984e-16,
        "var": 824.524536133
    },
    "melbands_crest": {
        "dmean": 3.26197457314,
        "dmean2": 5.20216274261,
        "dvar": 8.78717136383,
        "dvar2": 20.809135437,
        "max": 32.8241996765,
        "mean": 16.0508804321,
        "median": 15.5392208099,
        "min": 2.6197245121,
        "var": 30.92694664
    },
    "melbands_flatness_db": {
        "dmean": 0.041875757277,
        "dmean2": 0.0574909411371,
        "dvar": 0.00246729864739,
        "dvar2": 0.00455826055259,
        "max": 0.759041488171,
        "mean": 0.26075091958,
        "median": 0.233209192753,
        "min": 0.00849341228604,
        "var": 0.0143685061485
    },
    "melbands_kurtosis": {
        "dmean": 32.3208236694,
        "dmean2": 51.1519126892,
        "dvar": 5428.38769531,
        "dvar2": 12649.2324219,
        "max": 1108.5402832,
        "mean": 55.4002304077,
        "median": 16.3666610718,
        "min": -1.894982934,
        "var": 12327.0439453
    },
    "melbands_skewness": {
        "dmean": 1.40194809437,
        "dmean2": 2.13287615776,
        "dvar": 3.74004912376,
        "dvar2": 9.03273010254,
        "max": 25.5320720673,
        "mean": 4.31618452072,
        "median": 3.29680418968,
        "min": -1.45101082325,
        "var": 12.1215724945
    },
    "melbands_spread": {
        "dmean": 7.98564577103,
        "dmean2": 11.6817150116,
        "dvar": 265.610290527,
        "dvar2": 477.601806641,
        "max": 252.785079956,
        "mean": 19.9364414215,
        "median": 11.6170368195,
        "min": 0.212305918336,
        "var": 829.424926758
    },
    "pitch_salience": {
        "dmean": 0.0827969759703,
        "dmean2": 0.130571171641,
        "dvar": 0.00780257117003,
        "dvar2": 0.0172494705766,
        "max": 0.834046840668,
        "mean": 0.498123288155,
        "median": 0.52734786272,
        "min": 0.0185473114252,
        "var": 0.0286511778831
    },
    "silence_rate_20dB": {
        "dmean": 0,
        "dmean2": 0,
        "dvar": 0,
        "dvar2": 0,
        "max": 1,
        "mean": 1,
        "median": 1,
        "min": 1,
        "var": 0
    },
    "silence_rate_30dB": {
        "dmean": 0.0100619196892,
        "dmean2": 0.0201316289604,
        "dvar": 0.00996053218842,
        "dvar2": 0.024371240288,
        "max": 1,
        "mean": 0.99226307869,
        "median": 1,
        "min": 0,
        "var": 0.00767685007304
    },
    "silence_rate_60dB": {
        "dmean": 0.0143188852817,
        "dmean2": 0.0286488570273,
        "dvar": 0.014113499783,
        "dvar2": 0.0309255123138,
        "max": 1,
        "mean": 0.0189555119723,
        "median": 0,
        "min": 0,
        "var": 0.0185957830399
    },
    "spectral_centroid": {
        "dmean": 300.496948242,
        "dmean2": 440.349365234,
        "dvar": 193953.796875,
        "dvar2": 330335.53125,
        "max": 10980.8330078,
        "mean": 1148.6472168,
        "median": 985.158508301,
        "min": 95.6528091431,
        "var": 730488.25
    },
    "spectral_complexity": {
        "dmean": 4.51393175125,
        "dmean2": 6.39953565598,
        "dvar": 32.4271240234,
        "dvar2": 62.2028656006,
        "max": 57,
        "mean": 16.4255313873,
        "median": 15,
        "min": 0,
        "var": 128.060897827
    },
    "spectral_decrease": {
        "dmean": 3.20888138283e-09,
        "dmean2": 4.93418150782e-09,
        "dvar": 1.99333868208e-17,
        "dvar2": 4.50083000273e-17,
        "max": 5.39855105064e-11,
        "mean": -8.77630057516e-09,
        "median": -7.89199816609e-09,
        "min": -4.09177722815e-08,
        "var": 3.88414137891e-17
    },
    "spectral_energy": {
        "dmean": 0.0126705849543,
        "dmean2": 0.019310945645,
        "dvar": 0.00029247670318,
        "dvar2": 0.000656417745631,
        "max": 0.156489804387,
        "mean": 0.0353920757771,
        "median": 0.0325797013938,
        "min": 1.05485617927e-20,
        "var": 0.00057772162836
    },
    "spectral_energyband_high": {
        "dmean": 0.000820507179014,
        "dmean2": 0.00113350502215,
        "dvar": 3.73376201424e-06,
        "dvar2": 6.31478815194e-06,
        "max": 0.0401050187647,
        "mean": 0.00137438345701,
        "median": 0.000326560286339,
        "min": 7.12926694341e-21,
        "var": 1.16841465569e-05
    },
    "spectral_energyband_low": {
        "dmean": 0.00915019959211,
        "dmean2": 0.0146343382075,
        "dvar": 0.000268091040198,
        "dvar2": 0.000646395958029,
        "max": 0.151414692402,
        "mean": 0.017824627459,
        "median": 0.0103618213907,
        "min": 7.15750791138e-23,
        "var": 0.000459387374576
    },
    "spectral_energyband_middle_high": {
        "dmean": 0.00185746175703,
        "dmean2": 0.00273722177371,
        "dvar": 1.00345087048e-05,
        "dvar2": 2.31823942158e-05,
        "max": 0.0432312302291,
        "mean": 0.00422331644222,
        "median": 0.00228605791926,
        "min": 1.77496722803e-21,
        "var": 2.75108723145e-05
    },
    "spectral_energyband_middle_low": {
        "dmean": 0.00563666550443,
        "dmean2": 0.00891922786832,
        "dvar": 8.69657524163e-05,
        "dvar2": 0.000194467385882,
        "max": 0.129257246852,
        "mean": 0.0135671943426,
        "median": 0.0110670048743,
        "min": 3.85233849069e-22,
        "var": 0.000147313185153
    },
    "spectral_entropy": {
        "dmean": 0.279030799866,
        "dmean2": 0.376502364874,
        "dvar": 0.12338450551,
        "dvar2": 0.220583885908,
        "max": 9.79878044128,
        "mean": 7.37349414825,
        "median": 7.48793888092,
        "min": 3.49291849136,
        "var": 0.480736136436
    },
    "spectral_flux": {
        "dmean": 0.0332138128579,
        "dmean2": 0.0492996014655,
        "dvar": 0.00144750752952,
        "dvar2": 0.00289096776396,
        "max": 0.389080435038,
        "mean": 0.0936358645558,
        "median": 0.0811526328325,
        "min": 1.02706190774e-10,
        "var": 0.00310973124579
    },
    "spectral_kurtosis": {
        "dmean": 2.04941439629,
        "dmean2": 3.2108066082,
        "dvar": 14.960108757,
        "dvar2": 31.0081729889,
        "max": 117.833366394,
        "mean": 6.02865171432,
        "median": 5.39577198029,
        "min": -1.16400420666,
        "var": 28.1623973846
    },
    "spectral_rms": {
        "dmean": 0.0010167727014,
        "dmean2": 0.00149279064499,
        "dvar": 1.35582081384e-06,
        "dvar2": 2.8424615266e-06,
        "max": 0.0123560903594,
        "mean": 0.0055275419727,
        "median": 0.00563782546669,
        "min": 3.20800244008e-12,
        "var": 3.97509802497e-06
    },
    "spectral_rolloff": {
        "dmean": 717.712463379,
        "dmean2": 1198.33166504,
        "dvar": 3394775.5,
        "dvar2": 7246698.5,
        "max": 18970.7519531,
        "mean": 1469.47277832,
        "median": 538.330078125,
        "min": 64.599609375,
        "var": 5817360
    },
    "spectral_skewness": {
        "dmean": 0.300697177649,
        "dmean2": 0.446345537901,
        "dvar": 0.141907066107,
        "dvar2": 0.293618530035,
        "max": 9.10188865662,
        "mean": 1.83636379242,
        "median": 1.83218848705,
        "min": -0.0326590910554,
        "var": 0.428917199373
    },
    "spectral_spread": {
        "dmean": 1076274.375,
        "dmean2": 1511962.875,
        "dvar": 1.7453154304e+12,
        "dvar2": 3.06311200768e+12,
        "max": 40021124,
        "mean": 5355238,
        "median": 4838047,
        "min": 909601.25,
        "var": 4.77816632115e+12
    },
    "spectral_strongpeak": {
        "dmean": 0.443523257971,
        "dmean2": 0.744599878788,
        "dvar": 0.89618229866,
        "dvar2": 2.31716585159,
        "max": 13.1010875702,
        "mean": 0.945147871971,
        "median": 0.50776129961,
        "min": 3.69673874845e-10,
        "var": 2.03473448753
    },
    "zerocrossingrate": {
        "dmean": 0.0191775113344,
        "dmean2": 0.0213966611773,
        "dvar": 0.000630469294265,
        "dvar2": 0.000732960703317,
        "max": 0.48828125,
        "mean": 0.064586289227,
        "median": 0.04833984375,
        "min": 0.0029296875,
        "var": 0.00353079941124
    },
    "barkbands": {
        "dmean": [0.000130429092678, 0.00575752789155, 0.00411757919937, 0.00228437059559, 0.00284739444032, 0.00096719909925, 0.0010216756491, 0.000772183411755, 0.000423771998612, 0.000314720644383, 0.000233720144024, 0.000222133341595, 0.000279471336398, 0.000176490764716, 0.000457720569102, 0.000428059254773, 0.000239884335315, 0.000218735687668, 0.000152429885929, 0.00013799656881, 0.000191793777049, 0.000145296100527, 9.91805864032e-05, 7.1731643402e-05, 0.000119136384455, 0.000117141098599, 0.000141371419886],
        "dmean2": [0.00020884530386, 0.00930810347199, 0.00695827091113, 0.00389798008837, 0.00470138294622, 0.00150340690743, 0.00155773002189, 0.0011809138814, 0.000644418993033, 0.000469269929454, 0.000360982812708, 0.000355243566446, 0.000437990762293, 0.000279740313999, 0.000748594582547, 0.000671593879815, 0.000389186170651, 0.000345593580278, 0.000238859487581, 0.000217844572035, 0.00027459388366, 0.000215574604226, 0.000140634117997, 0.000102325866465, 0.000175541252247, 0.000173332140548, 0.000217630033148],
        "dvar": [1.60087111567e-07, 0.000108766573248, 0.000104345170257, 3.9156897401e-05, 3.58580655302e-05, 3.52568281414e-06, 4.96958546137e-06, 5.02201237396e-06, 1.34706078825e-06, 7.89897228515e-07, 1.91586963183e-07, 3.29901979512e-07, 3.48175490217e-07, 1.68580669424e-07, 1.60536080784e-06, 1.07828452656e-06, 1.63894966931e-07, 1.71882206246e-07, 9.20635443435e-08, 1.0580538401e-07, 4.76808537542e-07, 2.8625393611e-07, 2.18853884348e-07, 1.12647263961e-07, 8.08957096865e-08, 7.12516339263e-08, 1.1205077044e-07],
        "dvar2": [3.7578720935e-07, 0.000269842159469, 0.000265707727522, 0.00010556588677, 9.41153557505e-05, 8.57051418279e-06, 1.13888972919e-05, 1.02341273305e-05, 3.01665613733e-06, 1.50682183175e-06, 4.28748080594e-07, 8.3589247879e-07, 8.02223325991e-07, 3.94563386408e-07, 4.39153973275e-06, 2.68997541752e-06, 4.2233187969e-07, 4.21655215632e-07, 2.0101525422e-07, 2.5557818617e-07, 8.88816771294e-07, 6.39941106328e-07, 4.12836584474e-07, 1.95042446194e-07, 1.53334980268e-07, 1.62787060276e-07, 2.53679388607e-07],
        "max": [0.00487848231569, 0.0998995155096, 0.117502659559, 0.107158973813, 0.0830583572388, 0.0224951319396, 0.0335388109088, 0.0642094835639, 0.0310055669397, 0.0257407836616, 0.00796782784164, 0.016043247655, 0.0105673400685, 0.00986504368484, 0.0157674197108, 0.0294809807092, 0.00566418329254, 0.00902574881911, 0.00613294914365, 0.00626547681168, 0.017243957147, 0.0114395627752, 0.0128666963428, 0.00909021310508, 0.00767973065376, 0.0041961632669, 0.00392704177648],
        "mean": [0.000130389875267, 0.0110320532694, 0.00518758222461, 0.00320362555794, 0.00480773951858, 0.00168230454437, 0.0017486322904, 0.00116703030653, 0.000712124339771, 0.000572533695959, 0.000357092707418, 0.000306852336507, 0.000393631111365, 0.00023557235545, 0.000541077344678, 0.00080878828885, 0.000420985423261, 0.000351622758899, 0.000252530706348, 0.000213990380871, 0.0003259339137, 0.000231268655625, 0.000154761073645, 0.00011550768977, 0.000171353516635, 0.000135845853947, 0.000131271459395],
        "median": [8.75861042005e-06, 0.00368182454258, 0.00188259431161, 0.00114698125981, 0.00308631709777, 0.000803038477898, 0.00039172131801, 0.000231289886869, 0.00013050508278, 0.000131193868583, 0.000125102262245, 0.000108137777715, 0.000108494583401, 6.8675923103e-05, 0.000139087089337, 0.000139433410368, 0.000143421100802, 0.000149891886394, 0.000108230145997, 5.99098784733e-05, 5.45819566469e-05, 4.19904681621e-05, 2.01588991331e-05, 1.25410315377e-05, 4.06434846809e-05, 2.54794158536e-05, 4.02448722525e-06],
        "min": [2.56398115491e-24, 8.93455341556e-24, 4.63714875293e-23, 3.82928892167e-23, 8.77482927709e-23, 2.56581442821e-23, 9.69525577299e-23, 8.1205701304e-23, 4.23489627113e-23, 4.8503898463e-23, 7.3025989956e-23, 9.81999235259e-23, 3.02913373709e-23, 1.02538147323e-22, 1.86562612724e-22, 1.36743799884e-22, 1.9640075582e-22, 1.36533117224e-22, 6.31732283214e-22, 3.12169299592e-22, 4.02251383708e-22, 6.50677415253e-22, 6.35741261713e-22, 7.65572923505e-22, 1.08133205771e-21, 1.62713302832e-21, 1.95779595383e-21],
        "var": [1.62740590781e-07, 0.000203923264053, 0.000104131468106, 3.6165889469e-05, 3.94060625695e-05, 6.65241805109e-06, 1.57261001732e-05, 1.18950683827e-05, 3.70757243218e-06, 3.34416995429e-06, 4.80014989535e-07, 4.52721678812e-07, 6.44713168185e-07, 2.16964878064e-07, 1.41917803376e-06, 5.37655387234e-06, 4.90956040267e-07, 3.40873157256e-07, 1.89205636048e-07, 1.85073773196e-07, 1.21234074868e-06, 5.84480801535e-07, 5.3484137652e-07, 3.12377125056e-07, 1.79194557859e-07, 8.87788758064e-08, 1.21232005768e-07]
    },
    "erbbands": {
        "dmean": [0.142534300685, 1.42817366123, 4.13983821869, 6.56311988831, 7.48785257339, 11.1549730301, 10.1438331604, 8.10587310791, 12.9731607437, 17.3389816284, 13.6903190613, 10.3187522888, 9.14986038208, 9.41710186005, 9.09726905823, 9.45791816711, 12.6370668411, 9.07522392273, 14.148522377, 32.1360282898, 14.60110569, 11.1596593857, 12.9234170914, 8.52328586578, 7.4818854332, 5.99675559998, 7.37185811996, 7.57309103012, 5.66461372375, 3.30943727493, 2.98222732544, 1.15247559547, 1.65631687641, 1.38420510292, 0.813628971577, 0.684105873108, 0.166541293263, 0.0705499872565, 0.0251503232867, 0.00162701436784],
        "dmean2": [0.235152572393, 2.32994389534, 6.94856834412, 11.2095594406, 12.2575111389, 18.5730705261, 16.3067569733, 12.6944961548, 19.7252502441, 25.4448070526, 21.0870323181, 15.3849239349, 13.5685958862, 14.4400167465, 13.8476867676, 14.9555368423, 19.6230144501, 14.1947526932, 22.9307956696, 51.7339744568, 22.5512447357, 17.8550891876, 20.2218856812, 13.4168481827, 11.6679868698, 9.36775875092, 10.9677629471, 11.1515483856, 8.41750240326, 4.71929836273, 4.26609516144, 1.60551738739, 2.36229991913, 2.01797914505, 1.20395481586, 1.02937579155, 0.246175676584, 0.107114419341, 0.0386672206223, 0.00250749057159],
        "dvar": [0.106125786901, 6.34010076523, 87.7965698242, 288.917541504, 289.633636475, 678.726257324, 407.54498291, 305.818908691, 758.846069336, 2226.30639648, 1297.70068359, 879.05255127, 872.442932129, 536.621459961, 295.03527832, 661.85534668, 654.692138672, 313.992370605, 1016.31512451, 7542.97070312, 753.67578125, 324.474212646, 583.775268555, 260.362304688, 257.544586182, 172.53326416, 587.399230957, 886.994750977, 475.75213623, 176.210678101, 220.549728394, 34.5765419006, 54.3771629333, 20.9110450745, 2.75948286057, 2.62114238739, 0.124596610665, 0.0241062529385, 0.00359570304863, 1.58755738084e-05],
        "dvar2": [0.265912413597, 16.1709594727, 222.370986938, 749.061279297, 736.262451172, 1779.56311035, 1041.50390625, 727.819641113, 1773.93518066, 4579.66796875, 3178.35180664, 2030.60766602, 1622.03369141, 1264.29223633, 622.756225586, 1685.17028809, 1453.45922852, 726.496520996, 2615.31762695, 20025.3339844, 1778.37683105, 820.244567871, 1436.67980957, 627.47442627, 589.01171875, 403.578948975, 1143.92053223, 1638.01586914, 1103.53112793, 293.963653564, 443.530426025, 57.3831367493, 101.209632874, 40.5063323975, 5.9113368988, 6.21553945541, 0.269701510668, 0.05440576002, 0.00818639993668, 3.59397017746e-05],
        "max": [3.0611307621, 23.1277141571, 121.802055359, 253.590957642, 299.088470459, 337.649993896, 258.557769775, 246.748016357, 534.860595703, 1553.5098877, 539.560668945, 931.591491699, 959.731628418, 758.490966797, 384.490783691, 781.755065918, 491.595153809, 243.029144287, 508.886535645, 1347.63867188, 522.558410645, 200.207550049, 418.205230713, 348.928771973, 326.137817383, 228.963195801, 738.63104248, 902.135009766, 540.003845215, 448.276123047, 387.77444458, 187.005645752, 217.02532959, 155.338943481, 28.0456943512, 25.9911956787, 4.68209981918, 1.83258366585, 0.726181149483, 0.0486078672111],
        "mean": [0.234752088785, 2.75203371048, 6.16699361801, 8.64942264557, 13.1536855698, 16.5222759247, 17.7778682709, 13.0907173157, 23.3127212524, 27.6229743958, 20.9681568146, 18.351726532, 17.4294071198, 14.5175228119, 15.4743852615, 14.300740242, 18.3152389526, 13.9171409607, 19.2637634277, 49.8876190186, 26.4886779785, 20.5119476318, 23.1005363464, 14.3760881424, 12.404835701, 9.74590301514, 12.0417470932, 12.7827749252, 8.91976165771, 5.31642341614, 4.52812242508, 1.88519668579, 2.57240986824, 2.00103974342, 1.09685063362, 0.77571284771, 0.199198067188, 0.0754950642586, 0.0233968440443, 0.0014558773255],
        "median": [0.0483048148453, 1.07728767395, 3.01320934296, 4.1062040329, 5.88236379623, 8.79543304443, 7.72064161301, 6.22266769409, 6.49770116806, 5.58165645599, 5.19083070755, 3.95728874207, 3.25724887848, 4.75301599503, 5.87066364288, 5.49813747406, 5.22981262207, 4.72303962708, 6.6660656929, 8.99652385712, 7.22004461288, 8.07661056519, 9.41492366791, 6.31839561462, 5.15703248978, 2.81857395172, 2.13655567169, 2.20047330856, 1.55385386944, 0.908549964428, 0.542875826359, 0.184107914567, 0.31614780426, 0.392649143934, 0.277106553316, 0.14590062201, 0.0387271605432, 0.00942295324057, 0.000498369394336, 6.69842775096e-05],
        "min": [1.97389747581e-22, 3.07461579658e-21, 4.45354655722e-20, 9.0042848977e-20, 1.59529135283e-19, 4.6445586519e-19, 1.81059638502e-19, 1.70243605758e-19, 6.68598301803e-19, 2.38943527645e-18, 1.43669629833e-18, 1.25908387041e-18, 1.5182192904e-18, 2.13429389805e-18, 2.84445988679e-18, 3.51783081393e-18, 1.99427827654e-18, 4.08109366179e-18, 9.05712064574e-18, 8.58453333663e-18, 6.06811384204e-18, 1.0663961999e-17, 8.77856674728e-18, 1.98789848062e-17, 2.79283339409e-17, 1.50482781531e-17, 1.94863221695e-17, 1.42572139004e-17, 2.5714515726e-17, 2.331714117e-17, 1.73687596537e-17, 1.38633477159e-17, 1.36896646026e-17, 1.17942662558e-17, 7.79042754087e-18, 5.89021996591e-18, 2.85786041951e-18, 1.20019429766e-18, 3.01950262644e-19, 2.93008731028e-20],
        "var": [0.153402596712, 11.924788475, 99.6776199341, 257.829711914, 403.644256592, 728.497619629, 798.198547363, 491.449127197, 2871.6652832, 5970.88916016, 2242.32885742, 2433.36889648, 4097.30322266, 871.631652832, 969.540893555, 926.523193359, 1281.79992676, 536.876037598, 1301.23925781, 14505.9794922, 2711.46020508, 927.20703125, 1341.01635742, 546.988647461, 484.526306152, 352.368408203, 1529.71862793, 1991.92590332, 882.404541016, 447.818481445, 507.008270264, 101.810913086, 138.7550354, 44.5806427002, 5.01705694199, 3.03669166565, 0.173539429903, 0.0288844779134, 0.0038949479349, 1.6541520381e-05]
    },
    "gfcc": {
        "mean": [-4.43123960495, 74.5933837891, -83.5934753418, 30.6672000885, -34.0350036621, 2.67735695839, -36.8891601562, 5.05585336685, -29.4343986511, 3.49699544907, -21.5153884888, 2.81486797333, -12.5859632492],
        "cov": [[7523.8515625, -1128.00427246, -1208.32885742, -872.991882324, -930.108276367, -555.040039062, -447.345062256, 106.322509766, 90.7836685181, 206.982437134, -250.051010132, 167.15486145, 48.8575439453], [-1128.00427246, 1889.390625, -264.051361084, 75.4445266724, 276.699798584, 63.9799537659, 96.0728912354, 109.337669373, 109.36844635, -71.697227478, 112.127662659, 4.37504816055, -6.857817173], [-1208.32885742, -264.051361084, 1380.89404297, 331.622711182, 460.356323242, 237.704605103, 232.838760376, -60.2438201904, -18.6476802826, -1.34410345554, 52.4314956665, -10.9321155548, 56.3653297424], [-872.991882324, 75.4445266724, 331.622711182, 1032.62463379, 341.405944824, 359.872528076, 108.602859497, 15.8743648529, 39.9448699951, -5.57857227325, 49.4736251831, -31.4917469025, 86.6436691284], [-930.108276367, 276.699798584, 460.356323242, 341.405944824, 949.023925781, 344.604675293, 271.287261963, 110.25919342, 104.927749634, 48.8449554443, 66.4976348877, -39.6574707031, 39.9587593079], [-555.040039062, 63.9799537659, 237.704605103, 359.872528076, 344.604675293, 417.805053711, 219.278244019, 78.6976623535, 26.671705246, 52.7332572937, 59.3106575012, -41.1198158264, 15.6325492859], [-447.345062256, 96.0728912354, 232.838760376, 108.602859497, 271.287261963, 219.278244019, 314.8621521, 72.9646224976, 43.3868255615, 22.3694229126, 63.4921455383, -26.5868778229, -8.61546134949], [106.322509766, 109.337669373, -60.2438201904, 15.8743648529, 110.25919342, 78.6976623535, 72.9646224976, 181.596115112, 98.0947265625, 59.6632575989, 24.9683303833, 10.415304184, -1.09448325634], [90.7836685181, 109.36844635, -18.6476802826, 39.9448699951, 104.927749634, 26.671705246, 43.3868255615, 98.0947265625, 214.199493408, 51.3988227844, 18.737859726, 0.403293818235, 3.93385529518], [206.982437134, -71.697227478, -1.34410345554, -5.57857227325, 48.8449554443, 52.7332572937, 22.3694229126, 59.6632575989, 51.3988227844, 122.141838074, 30.7426624298, 10.8618469238, 3.08918404579], [-250.051010132, 112.127662659, 52.4314956665, 49.4736251831, 66.4976348877, 59.3106575012, 63.4921455383, 24.9683303833, 18.737859726, 30.7426624298, 101.469085693, 22.7212963104, -1.46662449837], [167.15486145, 4.37504816055, -10.9321155548, -31.4917469025, -39.6574707031, -41.1198158264, -26.5868778229, 10.415304184, 0.403293818235, 10.8618469238, 22.7212963104, 106.390670776, 42.4553909302], [48.8575439453, -6.857817173, 56.3653297424, 86.6436691284, 39.9587593079, 15.6325492859, -8.61546134949, -1.09448325634, 3.93385529518, 3.08918404579, -1.46662449837, 42.4553909302, 96.6928634644]],
        "icov": [[0.000232966660406, 0.000114380949526, 0.000152376480401, 7.99096014816e-05, 7.88070610724e-05, 6.88971631462e-05, -1.43936431414e-05, -0.000105288272607, -0.000101202153019, -0.000375401839847, 0.000460185925476, -0.000256188533967, -0.000180635848665], [0.000114380949526, 0.000784896023106, 0.000313778407872, 6.11762879998e-05, -0.00023496914946, 6.92019384587e-05, 4.0757622628e-05, -0.000343524385244, -0.000304721994326, 0.000833127822261, -0.000798019347712, -2.43628437602e-05, -0.000169826787896], [0.000152376480401, 0.000313778407872, 0.0012112534605, -9.43922059378e-05, -0.000409734610002, 8.78725622897e-05, -0.000630107242614, 0.000674986513332, -6.40487414785e-05, -8.6765991e-05, -2.27839768741e-06, -0.000319273909554, -0.000424091878813], [7.99096014816e-05, 6.11762879998e-05, -9.43922059378e-05, 0.00177086703479, -3.78117729269e-05, -0.00173824687954, 0.000872802978847, 0.00022821201128, -0.000581287778914, 0.000843696820084, -0.000525311916135, 0.000490089762025, -0.00141729309689], [7.88070610724e-05, -0.00023496914946, -0.000409734610002, -3.78117729269e-05, 0.00198694947176, -0.000786913500633, -0.000543861591723, -0.000395558483433, -0.000461334915599, -0.000358284130925, 0.000374610710423, 0.000397188618081, -0.000669083441608], [6.88971631462e-05, 6.92019384587e-05, 8.78725622897e-05, -0.00173824687954, -0.000786913500633, 0.00677440688014, -0.00301198498346, -0.00129911978729, 0.00159186776727, -0.00230465992354, -0.000268437172053, 0.00145323574543, -0.000209934412851], [-1.43936431414e-05, 4.0757622628e-05, -0.000630107242614, 0.000872802978847, -0.000543861591723, -0.00301198498346, 0.00674325600266, -0.00136904988904, -0.000552107347175, 0.00182809203397, -0.00258381688036, 0.000858369923662, 0.000440401374362], [-0.000105288272607, -0.000343524385244, 0.000674986513332, 0.00022821201128, -0.000395558483433, -0.00129911978729, -0.00136904988904, 0.00986372027546, -0.00310951122083, -0.00262863142416, 0.000915617973078, -0.00189574039541, 0.000850782089401], [-0.000101202153019, -0.000304721994326, -6.40487414785e-05, -0.000581287778914, -0.000461334915599, 0.00159186776727, -0.000552107347175, -0.00310951122083, 0.00699890730903, -0.00193039048463, -1.09155007522e-05, 0.000837000785396, -0.000154109759023], [-0.000375401839847, 0.000833127822261, -8.6765991e-05, 0.000843696820084, -0.000358284130925, -0.00230465992354, 0.00182809203397, -0.00262863142416, -0.00193039048463, 0.0134714962915, -0.00492907408625, 0.000318209204124, -0.000369204470189], [0.000460185925476, -0.000798019347712, -2.27839768741e-06, -0.000525311916135, 0.000374610710423, -0.000268437172053, -0.00258381688036, 0.000915617973078, -1.09155007522e-05, -0.00492907408625, 0.0162167027593, -0.00558616220951, 0.00270828837529], [-0.000256188533967, -2.43628437602e-05, -0.000319273909554, 0.000490089762025, 0.000397188618081, 0.00145323574543, 0.000858369923662, -0.00189574039541, 0.000837000785396, 0.000318209204124, -0.00558616220951, 0.0150596834719, -0.00721065932885], [-0.000180635848665, -0.000169826787896, -0.000424091878813, -0.00141729309689, -0.000669083441608, -0.000209934412851, 0.000440401374362, 0.000850782089401, -0.000154109759023, -0.000369204470189, 0.00270828837529, -0.00721065932885, 0.0155229400843]]
    },
    "melbands": {
        "dmean": [0.00144835177343, 0.00202152272686, 0.00112323474605, 0.000626225024462, 0.000400802760851, 0.000177599053131, 0.000204294643481, 0.000187598838238, 0.000106520856207, 6.37802659185e-05, 4.58788090327e-05, 3.92660040234e-05, 2.95634599752e-05, 2.69527499768e-05, 2.49348850048e-05, 2.78926690953e-05, 1.69539798662e-05, 1.97080789803e-05, 3.87650616176e-05, 4.41157535533e-05, 1.34336833071e-05, 1.09613847599e-05, 1.53361306729e-05, 1.06931756818e-05, 7.1489785114e-06, 5.90914851273e-06, 5.22460413777e-06, 3.99933651352e-06, 4.6628324526e-06, 5.05277512275e-06, 4.70073337056e-06, 3.55928204954e-06, 2.4260000373e-06, 1.73072442067e-06, 1.9237656943e-06, 1.11807037229e-06, 6.43754390239e-07, 1.20637287182e-06, 1.30835849177e-06, 1.11346992071e-06],
        "dmean2": [0.00234437128529, 0.00332620553672, 0.00186482374556, 0.00103161693551, 0.000650628062431, 0.000277202459984, 0.000308365852106, 0.000275623169728, 0.000166007419466, 9.65081708273e-05, 6.81881065248e-05, 6.0525148001e-05, 4.57131645817e-05, 4.18927156716e-05, 3.92286092392e-05, 4.30165891885e-05, 2.69222582574e-05, 3.21396873915e-05, 6.43682942609e-05, 6.89309454174e-05, 2.10596845136e-05, 1.77736019396e-05, 2.43620506808e-05, 1.70005496329e-05, 1.14423737614e-05, 9.28151075641e-06, 8.51381082612e-06, 6.38694473309e-06, 7.11513803253e-06, 7.50869821786e-06, 7.00665896147e-06, 5.42725638297e-06, 3.56725900019e-06, 2.45177625402e-06, 2.75662409877e-06, 1.67625876202e-06, 9.06726370431e-07, 1.76468017798e-06, 1.9131832687e-06, 1.63735626302e-06],
        "dvar": [8.02846534498e-06, 1.55523812282e-05, 7.10166250428e-06, 1.9002263798e-06, 6.3423976826e-07, 1.33407937142e-07, 1.86455423545e-07, 2.72424131254e-07, 7.71494725882e-08, 3.57088971725e-08, 2.15832489658e-08, 1.05687778529e-08, 2.89905854878e-09, 4.43763692459e-09, 2.91618063031e-09, 4.43039160913e-09, 1.20491916444e-09, 1.90627069685e-09, 1.50031436164e-08, 1.23496768367e-08, 6.21150908486e-10, 3.52538526149e-10, 6.75884792578e-10, 5.93746773969e-10, 1.8870759122e-10, 1.95475455267e-10, 1.30474020477e-10, 8.08058689405e-11, 2.63302490922e-10, 2.86054319121e-10, 3.74136638337e-10, 2.04573302742e-10, 8.53373621768e-11, 5.07113344372e-11, 8.08568698107e-11, 4.72317497613e-11, 1.01445163034e-11, 3.38811374789e-11, 2.26333569942e-11, 1.36263916817e-11],
        "dvar2": [1.97681310965e-05, 3.97159310523e-05, 1.78397076525e-05, 4.92134904562e-06, 1.64157859217e-06, 3.17925298532e-07, 4.25641559332e-07, 5.46488706732e-07, 1.90803916666e-07, 8.49533137171e-08, 3.96588575313e-08, 2.38852422285e-08, 6.35913854907e-09, 1.0704424902e-08, 7.25498683352e-09, 1.0016759866e-08, 2.80658207785e-09, 4.61856952683e-09, 4.151214128e-08, 3.02291773835e-08, 1.52522383612e-09, 9.20402198901e-10, 1.67866864853e-09, 1.45987544276e-09, 4.74276229401e-10, 4.56034932039e-10, 3.33540861597e-10, 1.92725113646e-10, 5.36814481755e-10, 5.79361392194e-10, 7.39352024048e-10, 5.01788111062e-10, 1.70107414266e-10, 8.52186585187e-11, 1.55453816486e-10, 1.11989965912e-10, 1.59969711089e-11, 6.66180444142e-11, 4.37790810548e-11, 2.76322454501e-11],
        "max": [0.0271603055298, 0.04754171893, 0.0402829162776, 0.021206881851, 0.00874952599406, 0.00484114373103, 0.00797451566905, 0.0178823377937, 0.00452654762194, 0.00605077063665, 0.00479480996728, 0.00357539020479, 0.00108452886343, 0.00197433214635, 0.00100646773353, 0.00139088497963, 0.000556985614821, 0.00106157024857, 0.00150362343993, 0.00299886870198, 0.000396424293285, 0.000242660331423, 0.000370562454918, 0.000668191059958, 0.000298584869597, 0.000313393364195, 0.000235346291447, 0.000177201640327, 0.00048442435218, 0.000434098968981, 0.000582579756156, 0.000404267833801, 0.000259925873252, 0.000221061971388, 0.000219421141082, 0.000201558810659, 0.000101693571196, 0.000167834106833, 0.000131734253955, 0.000135836235131],
        "mean": [0.00267415959388, 0.00352607271634, 0.00170361704659, 0.00103552313522, 0.000674142618664, 0.000290058873361, 0.000364387407899, 0.000296584592434, 0.000161785021191, 0.000107980260509, 8.48671188578e-05, 5.83503169764e-05, 4.75032575196e-05, 4.08459309256e-05, 3.56012460543e-05, 3.84356208087e-05, 2.40920217038e-05, 2.59572079813e-05, 4.61727213406e-05, 7.99528352218e-05, 2.06649547181e-05, 1.84466625797e-05, 2.72636862064e-05, 1.6755408069e-05, 1.09390221041e-05, 9.11388451641e-06, 8.09952416603e-06, 6.01882993578e-06, 6.99625024936e-06, 7.94525567471e-06, 7.33763818062e-06, 5.38445920029e-06, 3.67186271433e-06, 2.64811023953e-06, 2.84974339593e-06, 1.63516028806e-06, 9.91324213828e-07, 1.79953713086e-06, 1.89253523786e-06, 1.57873978424e-06],
        "median": [0.000766181619838, 0.00203001475893, 0.000802448485047, 0.000625651562586, 0.00033121209708, 0.000140889882459, 9.52196569415e-05, 5.6525463151e-05, 3.63966537407e-05, 2.05568740057e-05, 1.49990473801e-05, 1.71950887307e-05, 1.78561185749e-05, 1.61747229868e-05, 1.19811311379e-05, 1.0789953194e-05, 7.2443872341e-06, 8.17289128463e-06, 1.01483510662e-05, 1.12593315862e-05, 6.81326491758e-06, 7.29097882868e-06, 9.88264582702e-06, 6.74376087773e-06, 4.37887911175e-06, 3.77106312044e-06, 2.92446816275e-06, 1.42715816764e-06, 1.20096376577e-06, 1.20126571801e-06, 1.25097949422e-06, 9.15032501325e-07, 6.22742675205e-07, 4.20083040353e-07, 3.32815346837e-07, 1.65162489907e-07, 7.75880266701e-08, 1.8733719287e-07, 2.77586707398e-07, 3.22463165503e-07],
        "min": [1.81665555129e-24, 1.63106221827e-23, 1.76402582825e-23, 2.31922755329e-23, 9.1901049058e-24, 4.14593658462e-24, 1.34781019288e-23, 2.4805530794e-23, 1.04155056588e-23, 7.06939041277e-24, 7.42282376414e-24, 8.44569157942e-24, 9.01454864451e-24, 9.44053195561e-24, 7.97378315301e-24, 3.43470195905e-24, 8.02269962888e-24, 1.35911062535e-23, 1.43858315507e-23, 1.1361475313e-23, 5.66424178611e-24, 8.90422565805e-24, 1.28794574759e-23, 6.00074854903e-24, 1.59977646809e-23, 2.91872728916e-23, 1.0954774129e-23, 9.54239204227e-24, 1.31498971381e-23, 7.95227328271e-24, 7.73076429596e-24, 1.65638623105e-23, 1.05193544638e-23, 1.33252159522e-23, 9.66238409684e-24, 8.79955564884e-24, 8.3636697668e-24, 9.42043572405e-24, 8.79907207711e-24, 1.10791404173e-23],
        "var": [1.41744039865e-05, 2.12577979255e-05, 7.56088866183e-06, 2.03866648008e-06, 1.00170916539e-06, 2.22940229833e-07, 6.91518039275e-07, 7.56556630677e-07, 1.34459128276e-07, 8.82344508568e-08, 1.021838969e-07, 1.73476575327e-08, 8.31566815407e-09, 7.01756253108e-09, 4.36578728724e-09, 7.58167129078e-09, 1.93969706963e-09, 2.88507084889e-09, 1.20294458839e-08, 5.60004522754e-08, 1.20154597383e-09, 7.83226594692e-10, 1.97513916333e-09, 1.04426445269e-09, 3.5056060832e-10, 3.1304533965e-10, 2.04359723588e-10, 1.55967169735e-10, 5.8477228615e-10, 6.96980029247e-10, 7.31688543087e-10, 3.47564726999e-10, 1.84752144139e-10, 1.22612670017e-10, 1.88661197775e-10, 9.03229574467e-11, 2.99664390524e-11, 7.86711806811e-11, 5.45889548842e-11, 2.55512850461e-11]
    },
    "mfcc": {
        "mean": [-665.769470215, 121.337303162, 7.94212007523, 36.6817398071, 16.613658905, 6.96620750427, 4.14644479752, -0.30324152112, 3.26070141792, -9.67725467682, 2.8564748764, -5.57769966125, 2.77225327492],
        "cov": [[7908.52001953, -785.969177246, -1048.76220703, -677.07220459, -892.459533691, -778.249206543, -865.391723633, -379.802276611, -83.2102661133, -54.0556602478, -122.284210205, -117.487457275, -177.254135132], [-785.969177246, 1657.79394531, -292.913208008, -93.5572738647, 117.648216248, -75.1311645508, 34.8155632019, 142.614456177, 4.0373711586, 21.7797012329, 126.730072021, 23.5654525757, 40.5036888123], [-1048.76220703, -292.913208008, 923.440673828, 250.141159058, 115.011383057, 214.751693726, 154.700363159, 27.9921684265, 37.2766723633, -42.7794113159, -21.5015258789, 16.5436286926, 8.04761505127], [-677.07220459, -93.5572738647, 250.141159058, 525.486572266, 353.034942627, 258.562194824, 164.375534058, 106.438247681, 104.941772461, 38.0305175781, -23.7627429962, 38.2105064392, 81.7598266602], [-892.459533691, 117.648216248, 115.011383057, 353.034942627, 604.485351562, 322.177642822, 249.983230591, 132.987197876, 167.578277588, 116.215438843, 43.2074813843, 62.3380050659, 110.588516235], [-778.249206543, -75.1311645508, 214.751693726, 258.562194824, 322.177642822, 424.990325928, 308.184570312, 126.477920532, 117.111152649, 100.556663513, 37.1627960205, 75.114692688, 55.4219360352], [-865.391723633, 34.8155632019, 154.700363159, 164.375534058, 249.983230591, 308.184570312, 429.737609863, 132.128005981, 88.0604705811, 86.729133606, 50.740398407, 81.9805374146, 40.6483879089], [-379.802276611, 142.614456177, 27.9921684265, 106.438247681, 132.987197876, 126.477920532, 132.128005981, 193.959747314, 85.383430481, 75.3560638428, 60.8405685425, 42.8371696472, 47.5370979309], [-83.2102661133, 4.0373711586, 37.2766723633, 104.941772461, 167.578277588, 117.111152649, 88.0604705811, 85.383430481, 172.641326904, 97.4501953125, 38.5233688354, 33.0173530579, 40.3176383972], [-54.0556602478, 21.7797012329, -42.7794113159, 38.0305175781, 116.215438843, 100.556663513, 86.729133606, 75.3560638428, 97.4501953125, 196.385986328, 89.9480514526, 55.1762123108, 19.6159305573], [-122.284210205, 126.730072021, -21.5015258789, -23.7627429962, 43.2074813843, 37.1627960205, 50.740398407, 60.8405685425, 38.5233688354, 89.9480514526, 141.590652466, 55.0555686951, 23.8195018768], [-117.487457275, 23.5654525757, 16.5436286926, 38.2105064392, 62.3380050659, 75.114692688, 81.9805374146, 42.8371696472, 33.0173530579, 55.1762123108, 55.0555686951, 100.978240967, 42.2898292542], [-177.254135132, 40.5036888123, 8.04761505127, 81.7598266602, 110.588516235, 55.4219360352, 40.6483879089, 47.5370979309, 40.3176383972, 19.6159305573, 23.8195018768, 42.2898292542, 110.218132019]],
