{
"lowlevel": {
    "average_loudness": 0.921465337276,
    "barkbands_crest": {
        "dmean": 1.76519751549,
        "dmean2": 2.7479019165,
        "dvar": 3.39317798615,
        "dvar2": 8.3399515152,
        "max": 23.9238567352,
        "mean": 10.2190141678,
        "median": 9.59126377106,
        "min": 2.64877057076,
        "var": 15.2863664627
    },
    "barkbands_flatness_db": {
        "dmean": 0.0157304946333,
        "dmean2": 0.0235528368503,
        "dvar": 0.00030481693102,
        "dvar2": 0.000616792298388,
        "max": 0.328829705715,
        "mean": 0.171031832695,
        "median": 0.171809345484,
        "min": 0.0282716266811,
        "var": 0.00212572538294
    },
    "barkbands_kurtosis": {
        "dmean": 1.85162699223,
        "dmean2": 2.82015800476,
        "dvar": 25.4276657104,
        "dvar2": 52.5186004639,
        "max": 173.636962891,
        "mean": 3.11810064316,
        "median": 1.19393444061,
        "min": -1.93877196312,
        "var": 62.4075737
    },
    "barkbands_skewness": {
        "dmean": 0.383588314056,
        "dmean2": 0.560032069683,
        "dvar": 0.298430413008,
        "dvar2": 0.562545716763,
        "max": 10.9466543198,
        "mean": 1.38227534294,
        "median": 1.28221166134,
        "min": -4.83639192581,
        "var": 1.31775760651
    },
    "barkbands_spread": {
        "dmean": 4.03527545929,
        "dmean2": 6.0242099762,
        "dvar": 52.2479820251,
        "dvar2": 101.516792297,
        "max": 137.347457886,
        "mean": 19.6453647614,
        "median": 16.7869815826,
        "min": 1.26308631897,
        "var": 203.57661438
    },
    "dissonance": {
        "dmean": 0.0179411526769,
        "dmean2": 0.0295100342482,
        "dvar": 0.000313857453875,
        "dvar2": 0.000783028081059,
        "max": 0.499940127134,
        "mean": 0.451770842075,
        "median": 0.459132552147,
        "min": 0.200557932258,
        "var": 0.00123318680562
    },
    "dynamic_complexity": 2.40331220627,
    "erbbands_crest": {
        "dmean": 1.93287026882,
        "dmean2": 3.04184031487,
        "dvar": 3.43338060379,
        "dvar2": 8.34681224823,
        "max": 23.8464317322,
        "mean": 8.60085582733,
        "median": 7.84953022003,
        "min": 2.40418148041,
        "var": 11.485660553
    },
    "erbbands_flatness_db": {
        "dmean": 0.0139686651528,
        "dmean2": 0.0195746384561,
        "dvar": 0.000232134072576,
        "dvar2": 0.000438273331383,
        "max": 0.347993642092,
        "mean": 0.195050567389,
        "median": 0.194208949804,
        "min": 0.0482559017837,
        "var": 0.00222055963241
    },
    "erbbands_kurtosis": {
        "dmean": 0.622831702232,
        "dmean2": 0.969282329082,
        "dvar": 1.216178298,
        "dvar2": 2.96790981293,
        "max": 21.166595459,
        "mean": 0.130457520485,
        "median": -0.350222110748,
        "min": -1.70192289352,
        "var": 3.2178542614
    },
    "erbbands_skewness": {
        "dmean": 0.274902552366,
        "dmean2": 0.402981311083,
        "dvar": 0.100362420082,
        "dvar2": 0.185530379415,
        "max": 4.01934337616,
        "mean": 0.0637087225914,
        "median": 0.0854932367802,
        "min": -3.82842063904,
        "var": 0.526536881924
    },
    "erbbands_spread": {
        "dmean": 5.49629831314,
        "dmean2": 8.09885978699,
        "dvar": 64.5889587402,
        "dvar2": 134.089752197,
        "max": 145.404190063,
        "mean": 32.6937179565,
        "median": 28.9052085876,
        "min": 4.77155590057,
        "var": 274.543365479
    },
    "hfc": {
        "dmean": 6.37333917618,
        "dmean2": 8.76088237762,
        "dvar": 207.498718262,
        "dvar2": 343.487915039,
        "max": 210.670852661,
        "mean": 22.9312839508,
        "median": 15.6959295273,
        "min": 1.11077015497e-16,
        "var": 766.896179199
    },
    "melbands_crest": {
        "dmean": 2.30844163895,
        "dmean2": 3.59898638725,
        "dvar": 6.58315658569,
        "dvar2": 15.9999256134,
        "max": 34.3301620483,
        "mean": 14.5540418625,
        "median": 14.4179029465,
        "min": 1.84475815296,
        "var": 25.4032821655
    },
    "melbands_flatness_db": {
        "dmean": 0.0197425559163,
        "dmean2": 0.028640922159,
        "dvar": 0.000610531365965,
        "dvar2": 0.00111811317038,
        "max": 0.468094855547,
        "mean": 0.234476059675,
        "median": 0.238786160946,
        "min": 0.00504287146032,
        "var": 0.00470894668251
    },
    "melbands_kurtosis": {
        "dmean": 3.72766113281,
        "dmean2": 5.63856315613,
        "dvar": 69.4276504517,
        "dvar2": 168.854110718,
        "max": 169.900970459,
        "mean": 8.62249469757,
        "median": 4.90383958817,
        "min": -1.81766450405,
        "var": 163.693588257
    },
    "melbands_skewness": {
        "dmean": 0.465807467699,
        "dmean2": 0.687330126762,
        "dvar": 0.387845039368,
        "dvar2": 0.87663012743,
        "max": 10.4684762955,
        "mean": 2.26873731613,
        "median": 2.06247639656,
        "min": -1.91479945183,
        "var": 1.71008765697
    },
    "melbands_spread": {
        "dmean": 5.84293460846,
        "dmean2": 8.45907688141,
        "dvar": 176.273345947,
        "dvar2": 301.049835205,
        "max": 214.508071899,
        "mean": 24.4500770569,
        "median": 18.4430274963,
        "min": 0.877924621105,
        "var": 635.30456543
    },
    "pitch_salience": {
        "dmean": 0.0534262992442,
        "dmean2": 0.0842044055462,
        "dvar": 0.00304483878426,
        "dvar2": 0.00703023886308,
        "max": 0.84945333004,
        "mean": 0.529849052429,
        "median": 0.535324454308,
        "min": 0.165295362473,
        "var": 0.0124992802739
    },
    "silence_rate_20dB": {
        "dmean": 0,
        "dmean2": 0,
        "dvar": 0,
        "dvar2": 0,
        "max": 1,
        "mean": 1,
        "median": 1,
        "min": 1,
        "var": 0
    },
    "silence_rate_30dB": {
        "dmean": 0.0123839005828,
        "dmean2": 0.0247773900628,
        "dvar": 0.012230284512,
        "dvar2": 0.0288089867681,
        "max": 1,
        "mean": 0.986073493958,
        "median": 1,
        "min": 0,
        "var": 0.0137327630073
    },
    "silence_rate_60dB": {
        "dmean": 0.0150928795338,
        "dmean2": 0.0301974453032,
        "dvar": 0.0148655930534,
        "dvar2": 0.0354822538793,
        "max": 1,
        "mean": 0.0321083180606,
        "median": 0,
        "min": 0,
        "var": 0.031076528132
    },
    "spectral_centroid": {
        "dmean": 180.951339722,
        "dmean2": 261.980621338,
        "dvar": 105038.203125,
        "dvar2": 158276.65625,
        "max": 10970.5878906,
        "mean": 1152.46008301,
        "median": 1042.2635498,
        "min": 170.610458374,
        "var": 462028.5
    },
    "spectral_complexity": {
        "dmean": 2.52670288086,
        "dmean2": 3.94579935074,
        "dvar": 6.40331029892,
        "dvar2": 12.601931572,
        "max": 44,
        "mean": 19.5230178833,
        "median": 19,
        "min": 0,
        "var": 50.9295654297
    },
    "spectral_decrease": {
        "dmean": 1.51902301848e-09,
        "dmean2": 2.19767648524e-09,
        "dvar": 1.01049632672e-17,
        "dvar2": 2.19331703979e-17,
        "max": -1.00913258241e-28,
        "mean": -7.26580440258e-09,
        "median": -6.18593176682e-09,
        "min": -6.0598566165e-08,
        "var": 3.27673967726e-17
    },
    "spectral_energy": {
        "dmean": 0.00611505052075,
        "dmean2": 0.00883726682514,
        "dvar": 0.000152919936227,
        "dvar2": 0.000328386347974,
        "max": 0.23717880249,
        "mean": 0.0295027159154,
        "median": 0.0253684837371,
        "min": 1.04558828289e-20,
        "var": 0.000510012265295
    },
    "spectral_energyband_high": {
        "dmean": 0.000439894356532,
        "dmean2": 0.000593110453337,
        "dvar": 2.83768645204e-06,
        "dvar2": 4.41524116468e-06,
        "max": 0.0271459165961,
        "mean": 0.00085106655024,
        "median": 8.20673449198e-05,
        "min": 7.75307663975e-21,
        "var": 9.63152433542e-06
    },
    "spectral_energyband_low": {
        "dmean": 0.0027707379777,
        "dmean2": 0.00426681293175,
        "dvar": 0.000104376638774,
        "dvar2": 0.000239278684603,
        "max": 0.198223620653,
        "mean": 0.00917092245072,
        "median": 0.00389641639777,
        "min": 8.97853461983e-23,
        "var": 0.000235280487686
    },
    "spectral_energyband_middle_high": {
        "dmean": 0.0016841632314,
        "dmean2": 0.00239483849145,
        "dvar": 9.45789088291e-06,
        "dvar2": 1.95804641407e-05,
        "max": 0.0922795012593,
        "mean": 0.00618183100596,
        "median": 0.0044036237523,
        "min": 1.6625588152e-21,
        "var": 5.22047666891e-05
    },
    "spectral_energyband_middle_low": {
        "dmean": 0.00380571954884,
        "dmean2": 0.00558421481401,
        "dvar": 4.25187718065e-05,
        "dvar2": 0.000100834375189,
        "max": 0.134714275599,
        "mean": 0.015226630494,
        "median": 0.0126290190965,
        "min": 2.59736933774e-22,
        "var": 0.000148299091961
    },
    "spectral_entropy": {
        "dmean": 0.149573206902,
        "dmean2": 0.211929440498,
        "dvar": 0.0377215892076,
        "dvar2": 0.0655932053924,
        "max": 9.7989397049,
        "mean": 7.20868206024,
        "median": 7.16996765137,
        "min": 5.71045780182,
        "var": 0.231931805611
    },
    "spectral_flux": {
        "dmean": 0.0177622660995,
        "dmean2": 0.0276542659849,
        "dvar": 0.000659252749756,
        "dvar2": 0.00161072856281,
        "max": 0.43084731698,
        "mean": 0.0629324316978,
        "median": 0.0550002008677,
        "min": 1.02254010814e-10,
        "var": 0.00154213572387
    },
    "spectral_kurtosis": {
        "dmean": 3.48299527168,
        "dmean2": 5.88594293594,
        "dvar": 16.4071273804,
        "dvar2": 50.3865966797,
        "max": 36.1250610352,
        "mean": 8.93860054016,
        "median": 7.65984344482,
        "min": -1.18186855316,
        "var": 38.067073822
    },
    "spectral_rms": {
        "dmean": 0.000519016350154,
        "dmean2": 0.000732314772904,
        "dvar": 5.50970128188e-07,
        "dvar2": 1.08253357212e-06,
        "max": 0.0152116389945,
        "mean": 0.00502309668809,
        "median": 0.0049749109894,
        "min": 3.19387875522e-12,
        "var": 3.55165002475e-06
    },
    "spectral_rolloff": {
        "dmean": 428.991729736,
        "dmean2": 681.694885254,
        "dvar": 1267760.875,
        "dvar2": 2291686,
        "max": 18023.2910156,
        "mean": 1623.16516113,
        "median": 1184.32617188,
        "min": 129.19921875,
        "var": 4019468.5
    },
    "spectral_skewness": {
        "dmean": 0.33602181077,
        "dmean2": 0.546451091766,
        "dvar": 0.117260165513,
        "dvar2": 0.311493575573,
        "max": 4.54140901566,
        "mean": 1.9679120779,
        "median": 1.96320784092,
        "min": 0.00901934877038,
        "var": 0.485273748636
    },
    "spectral_spread": {
        "dmean": 483676.34375,
        "dmean2": 674573.1875,
        "dvar": 986100662272,
        "dvar2": 1.36391570227e+12,
        "max": 39595024,
        "mean": 3619696.25,
        "median": 3161984.25,
        "min": 1269784.5,
        "var": 4.76217344e+12
    },
    "spectral_strongpeak": {
        "dmean": 0.416688084602,
        "dmean2": 0.70576274395,
        "dvar": 0.921817958355,
        "dvar2": 2.42129993439,
        "max": 14.5232572556,
        "mean": 0.991129338741,
        "median": 0.608260512352,
        "min": 0,
        "var": 1.55509090424
    },
    "zerocrossingrate": {
        "dmean": 0.00990300159901,
        "dmean2": 0.0109712993726,
        "dvar": 0.000404188263929,
        "dvar2": 0.000406446080888,
        "max": 0.4970703125,
        "mean": 0.0555301383138,
        "median": 0.0419921875,
        "min": 0.0078125,
        "var": 0.00268960581161
    },
    "barkbands": {
        "dmean": [9.64068476605e-06, 0.000710195105057, 0.00130963884294, 0.00166255922522, 0.00120928057004, 0.00128795881756, 0.00078490388114, 0.000615210097749, 0.000549826014321, 0.000361377518857, 0.000213081351831, 0.000392509595258, 0.000457789457869, 0.000593848351855, 0.00038160206168, 0.000209508507396, 0.000237067855778, 0.000138561983476, 8.54709578562e-05, 3.72453032469e-05, 6.34938987787e-05, 8.37668922031e-05, 0.00012572464766, 0.000109411179437, 8.42317458591e-05, 3.59088990081e-05, 3.5502589526e-06],
        "dmean2": [1.53300316015e-05, 0.00109480298124, 0.00200729630888, 0.00258172745816, 0.00183122837916, 0.00194953510072, 0.00114089611452, 0.000875500438269, 0.00074299518019, 0.000526956573594, 0.000322498584865, 0.000583430402912, 0.000690579705406, 0.000895202043466, 0.000591353047639, 0.000326102104736, 0.000371458620066, 0.00021303309768, 0.000130761283799, 5.82893371757e-05, 9.21348982956e-05, 0.000118165458844, 0.000176784000359, 0.000154577050125, 0.000116220071504, 5.17463449796e-05, 5.05254820382e-06],
        "dvar": [1.82524273473e-09, 1.87620880752e-05, 3.71296991943e-05, 2.03391373361e-05, 4.82496261611e-06, 4.85434929942e-06, 2.5965405257e-06, 1.97675490199e-06, 1.500020403e-06, 4.68337276516e-07, 4.78471520182e-07, 1.58784564519e-06, 3.638015869e-06, 3.08761104861e-06, 7.90703495568e-07, 2.24545743777e-07, 1.75598231067e-07, 5.81241614839e-08, 2.86004908645e-08, 1.172753894e-08, 5.02923640511e-08, 1.47359500602e-07, 3.53380187335e-07, 2.1066190925e-07, 1.46146291513e-07, 2.90509536427e-08, 4.66656380205e-10],
        "dvar2": [3.93756982575e-09, 4.02933801524e-05, 8.84011969902e-05, 5.1578739658e-05, 1.13925461847e-05, 1.12445568448e-05, 5.63988760405e-06, 4.02813566325e-06, 3.02602461488e-06, 1.09025961592e-06, 1.1631138932e-06, 3.67133679902e-06, 7.75997250457e-06, 5.83692826694e-06, 1.74887452431e-06, 5.35952324299e-07, 4.07667471336e-07, 1.40799826909e-07, 6.62573498289e-08, 2.28859793339e-08, 1.03773771798e-07, 2.74358626484e-07, 6.27786562291e-07, 3.76844781158e-07, 2.72027818937e-07, 6.00022218578e-08, 1.05734732081e-09],
        "max": [0.00106346386019, 0.128388315439, 0.14753742516, 0.10515807569, 0.0363740287721, 0.0302308909595, 0.0320649929345, 0.0359918177128, 0.0231024120003, 0.0160864535719, 0.0208316482604, 0.0463611930609, 0.0710069388151, 0.0470836311579, 0.0225296784192, 0.00915525108576, 0.00733193429187, 0.00409753946587, 0.00385472434573, 0.00266900914721, 0.00607824046165, 0.0133175915107, 0.0119016701356, 0.00835362635553, 0.00687035918236, 0.00371298543178, 0.000631150789559],
        "mean": [3.84132290492e-05, 0.00369757506996, 0.00354613293894, 0.00336069078185, 0.00345456949435, 0.00323088769801, 0.00209637661465, 0.0014615181135, 0.00152973819058, 0.000762462965213, 0.000394891947508, 0.000796290463768, 0.000771223043557, 0.0011546923779, 0.000765895762015, 0.000498831097502, 0.000541079381946, 0.000320008752169, 0.000191312981769, 7.28959348635e-05, 0.000108657310193, 0.000148989536683, 0.000195378001081, 0.000172751941136, 0.000132046960061, 5.42772504559e-05, 5.19056538906e-06],
        "median": [1.12134777908e-07, 5.41880945093e-05, 0.000638519937638, 0.00104891485535, 0.00189844146371, 0.00163089146372, 0.000969549990259, 0.00055068207439, 0.000555065926164, 0.000377184333047, 0.000148991806782, 0.000353301409632, 0.000202265116968, 0.000280558044324, 0.000371674861526, 0.000245504139457, 0.000319033744745, 0.000185751239769, 9.88545070868e-05, 1.964119474e-05, 1.714577229e-05, 1.24371617858e-05, 8.39384756546e-06, 4.04840830015e-06, 4.22989887738e-06, 2.14275428334e-06, 8.16168835627e-07],
        "min": [7.41355385964e-24, 1.1987109064e-23, 5.11365702729e-23, 2.69422757295e-23, 1.94279133348e-23, 4.92975335544e-23, 3.89114729178e-23, 3.04736525925e-23, 8.71864660342e-23, 3.96448485024e-23, 8.76778948237e-23, 1.04781143934e-22, 8.95588421443e-23, 1.65599587112e-22, 1.1061599464e-22, 2.59890364065e-22, 1.02316811885e-22, 2.34946481267e-22, 3.01613482399e-22, 2.71440474164e-22, 3.96215070548e-22, 7.34049233939e-22, 5.61239925159e-22, 1.02632555672e-21, 9.22186324678e-22, 2.10132168558e-21, 2.04188322518e-21],
        "var": [9.49455181143e-09, 7.11115135346e-05, 9.07643770915e-05, 3.40676706401e-05, 1.75261484401e-05, 1.5435678506e-05, 1.12086736408e-05, 6.54082941764e-06, 6.63521814204e-06, 1.27232317482e-06, 7.99990232281e-07, 2.40621307057e-06, 6.3165289248e-06, 1.07114219645e-05, 2.34118829212e-06, 5.41317831448e-07, 4.63552197516e-07, 1.5934878661e-07, 7.14573786809e-08, 2.69387303575e-08, 1.05490450153e-07, 4.02599482641e-07, 8.56463714172e-07, 6.07840718203e-07, 3.5059451875e-07, 5.66540236946e-08, 7.00020430511e-10]
    },
    "erbbands": {
        "dmean": [0.0151152024046, 0.190857544541, 1.05366885662, 4.15751361847, 4.52928590775, 3.79454779625, 8.5777425766, 10.7936115265, 11.0157594681, 9.24974155426, 13.9564008713, 11.8667860031, 8.81302833557, 13.7466306686, 10.4152984619, 16.716211319, 17.6001262665, 28.0176334381, 25.0986289978, 14.4061546326, 9.33330059052, 10.9765291214, 8.24972248077, 5.76133394241, 3.2058300972, 1.73329341412, 2.18003177643, 2.74920320511, 2.85623669624, 3.48158288002, 3.50270485878, 2.72721505165, 1.61335289478, 0.907780587673, 0.631675541401, 0.251433968544, 0.0457857735455, 0.00667831161991, 0.00065191386966, 2.65740836767e-05],
        "dmean2": [0.0230845063925, 0.290913462639, 1.59989392757, 6.65963745117, 6.70231437683, 5.99070501328, 13.0284738541, 16.1393051147, 16.0551834106, 13.5310792923, 19.6001243591, 16.2576141357, 12.0782136917, 20.0323448181, 15.4202098846, 24.9783763885, 26.5006141663, 43.4087905884, 38.2388496399, 21.8301334381, 14.672577858, 17.0335540771, 12.6275453568, 9.0337677002, 4.80783462524, 2.71631932259, 3.17169499397, 4.02558374405, 4.03897953033, 4.91030025482, 4.92791938782, 3.82660245895, 2.28816747665, 1.2918817997, 0.898294568062, 0.362864822149, 0.0675732716918, 0.00932620186359, 0.000932884635404, 3.84507366107e-05],
        "dvar": [0.0100944526494, 1.17488563061, 25.3368453979, 179.738769531, 90.7116317749, 62.3797035217, 294.540161133, 393.395782471, 412.67980957, 496.943878174, 877.147033691, 716.978881836, 390.811279297, 678.28692627, 1306.97033691, 2755.24291992, 3540.28979492, 8019.92480469, 3891.19262695, 1153.44006348, 306.806518555, 346.931213379, 195.76763916, 171.960540771, 47.7307548523, 22.772151947, 67.892250061, 94.0198974609, 150.375396729, 285.590942383, 282.635192871, 146.050415039, 45.6867332458, 17.8570289612, 8.71246814728, 1.49380910397, 0.045389700681, 0.00109979941044, 1.38615114338e-05, 1.81038757319e-08],
        "dvar2": [0.0211391728371, 2.52535820007, 57.6917648315, 460.057006836, 218.874450684, 155.573776245, 675.107299805, 908.073364258, 892.691040039, 991.148193359, 1764.37402344, 1437.04199219, 751.19342041, 1580.42028809, 3183.61035156, 6581.20019531, 7689.50830078, 17695.7167969, 8297.54589844, 2868.97485352, 729.318359375, 802.021118164, 452.461242676, 446.870452881, 104.174133301, 45.8785133362, 151.429763794, 181.592254639, 272.392608643, 503.576843262, 517.772094727, 281.502685547, 79.7431488037, 34.680103302, 15.7791385651, 3.14496707916, 0.09221175313, 0.00226165610366, 3.03435499518e-05, 4.21409644957e-08],
        "max": [2.58526992798, 32.4273033142, 113.155258179, 295.422821045, 209.737426758, 135.631500244, 359.252288818, 315.548187256, 404.177520752, 475.106201172, 587.921447754, 614.449584961, 482.502838135, 664.353210449, 1187.35437012, 1908.57324219, 1788.81884766, 2678.42944336, 1654.37878418, 787.526794434, 281.247009277, 278.818786621, 218.012268066, 309.248413086, 149.757522583, 138.319000244, 258.854675293, 192.689590454, 347.733215332, 437.523406982, 361.920013428, 228.473114014, 127.819160461, 100.264770508, 52.6523361206, 28.67370224, 4.60582208633, 0.850135445595, 0.0959365069866, 0.00369108375162],
        "mean": [0.0930078029633, 0.91368752718, 3.27797651291, 9.08982372284, 11.692073822, 9.84648704529, 19.278181076, 28.0137786865, 33.3083381653, 23.1253967285, 34.1315803528, 33.3243522644, 25.035484314, 29.7506198883, 21.944896698, 35.9061546326, 34.4545707703, 56.2192993164, 51.6680717468, 35.3156356812, 24.0736465454, 27.0608673096, 20.6102962494, 12.9910917282, 7.21340608597, 3.62849402428, 3.65813970566, 4.82706260681, 5.09447002411, 5.74595689774, 5.45480728149, 4.09562969208, 2.57928466797, 1.47309839725, 0.95997607708, 0.373678326607, 0.0698587745428, 0.0100339697674, 0.000982721219771, 6.86947605573e-05],
        "median": [0.00096554151969, 0.0307633448392, 0.776134967804, 2.77013683319, 4.89264154434, 5.40100908279, 11.0876121521, 11.7957983017, 16.6712837219, 11.7838973999, 15.8963222504, 14.1759366989, 11.3735933304, 14.748799324, 10.4283466339, 16.0993518829, 10.9660215378, 14.8487129211, 20.8966331482, 17.8210792542, 14.2694864273, 17.3044834137, 12.4316949844, 6.20370340347, 3.821600914, 1.13591611385, 0.706587851048, 0.606956064701, 0.451187163591, 0.357352346182, 0.20848454535, 0.0898748338223, 0.0601419769228, 0.045540086925, 0.0265499707311, 0.0121350474656, 0.00333252735436, 0.000984275015071, 0.000165450503118, 3.75387207896e-05],
        "min": [4.76268119852e-22, 3.11107677091e-21, 4.44495357237e-20, 9.53022701068e-20, 5.41214031971e-20, 4.50427017711e-20, 4.71154942477e-19, 2.24609185563e-19, 5.32264306097e-19, 3.38578647349e-19, 1.06332413382e-18, 1.45509041701e-18, 1.72983897446e-18, 2.13103459964e-18, 4.10492266728e-18, 4.05583652896e-18, 4.1192490219e-18, 6.52078346917e-18, 6.59306871495e-18, 1.27716363978e-17, 1.08032360531e-17, 7.3535884963e-18, 1.20728573773e-17, 1.4797749961e-17, 1.13965818055e-17, 1.50243048046e-17, 1.57340373507e-17, 1.60517938199e-17, 2.63834269088e-17, 2.00148723829e-17, 1.72360302526e-17, 1.72437379215e-17, 1.7147480568e-17, 1.08123093973e-17, 8.18944706066e-18, 7.13953979637e-18, 3.59492694216e-18, 1.22021051752e-18, 3.11466975592e-19, 2.96022511891e-20],
        "var": [0.0447293631732, 4.26590585709, 62.4075202942, 311.845214844, 321.814086914, 175.468902588, 716.978393555, 1507.98718262, 2295.53051758, 1416.99645996, 2713.32568359, 2902.52636719, 1814.74414062, 1855.11914062, 2235.05322266, 4358.04003906, 8494.51171875, 25100.1816406, 12394.3720703, 2635.63842773, 919.631408691, 950.918762207, 595.285766602, 357.521575928, 111.031028748, 56.3957443237, 112.828483582, 234.60546875, 423.767303467, 723.328369141, 689.265136719, 370.075866699, 134.667388916, 44.8723068237, 19.3011493683, 2.80320501328, 0.0904767140746, 0.00201034732163, 2.2488509785e-05, 2.73216258506e-08]
    },
    "gfcc": {
        "mean": [-20.469865799, 114.929641724, -131.969772339, 5.40414381027, -45.6406478882, -7.83609008789, -46.3736839294, -2.43985462189, -23.5301055908, -5.52798509598, -20.0098342896, -2.19682431221, -16.3563976288],
        "cov": [[8077.94970703, -156.958465576, -400.207275391, 348.157501221, -807.43737793, 228.436828613, -498.94128418, -31.3004970551, -107.009178162, -98.0672225952, -286.688598633, -124.460891724, -184.986846924], [-156.958465576, 3128.91918945, -758.128601074, 8.67271900177, 1160.85876465, -317.614959717, 849.927124023, 97.1924514771, 361.01651001, 106.638519287, 411.251312256, -7.49426460266, 234.217010498], [-400.207275391, -758.128601074, 902.752990723, 40.8129692078, -281.788421631, 171.362991333, -305.147186279, -41.6515960693, -139.214263916, -58.6245346069, -131.930770874, 15.2030220032, -107.34602356], [348.157501221, 8.67271900177, 40.8129692078, 484.511413574, 53.5590171814, 102.162414551, 163.803146362, 11.8976774216, 74.9268417358, 62.0672531128, 60.6528739929, -7.07309341431, 69.8852996826], [-807.43737793, 1160.85876465, -281.788421631, 53.5590171814, 769.073303223, -113.103858948, 419.959716797, 111.335548401, 187.154312134, 116.501586914, 231.140380859, 6.93607234955, 161.488311768], [228.436828613, -317.614959717, 171.362991333, 102.162414551, -113.103858948, 247.564239502, 5.28235197067, 17.6051139832, -0.449239164591, 14.6611118317, -16.6394996643, -24.6419963837, -55.7785110474], [-498.94128418, 849.927124023, -305.147186279, 163.803146362, 419.959716797, 5.28235197067, 622.940185547, 94.6066894531, 169.399108887, 139.639907837, 222.381973267, 12.4088459015, 142.527816772], [-31.3004970551, 97.1924514771, -41.6515960693, 11.8976774216, 111.335548401, 17.6051139832, 94.6066894531, 138.280273438, 54.7162094116, 33.9426345825, 46.0640487671, 1.62407767773, 32.2192001343], [-107.009178162, 361.01651001, -139.214263916, 74.9268417358, 187.154312134, -0.449239164591, 169.399108887, 54.7162094116, 168.71421814, 70.374168396, 80.0309143066, 3.88823533058, 58.1677131653], [-98.0672225952, 106.638519287, -58.6245346069, 62.0672531128, 116.501586914, 14.6611118317, 139.639907837, 33.9426345825, 70.374168396, 157.288619995, 91.1807022095, 2.92533969879, 71.126663208], [-286.688598633, 411.251312256, -131.930770874, 60.6528739929, 231.140380859, -16.6394996643, 222.381973267, 46.0640487671, 80.0309143066, 91.1807022095, 198.131851196, 34.279548645, 75.43699646], [-124.460891724, -7.49426460266, 15.2030220032, -7.07309341431, 6.93607234955, -24.6419963837, 12.4088459015, 1.62407767773, 3.88823533058, 2.92533969879, 34.279548645, 82.5147018433, 24.8104877472], [-184.986846924, 234.217010498, -107.34602356, 69.8852996826, 161.488311768, -55.7785110474, 142.527816772, 32.2192001343, 58.1677131653, 71.126663208, 75.43699646, 24.8104877472, 161.657043457]],
        "icov": [[0.000262798013864, -0.00037266081199, 0.000348394707544, -0.000413784146076, 0.000524269009475, -0.000477915571537, 0.000556332350243, -0.000483081297716, 0.000444252014859, -0.000477222609334, 0.000397585798055, -0.000185625758604, 6.11153736827e-05], [-0.00037266081199, 0.00172218238004, -0.000442947377451, 0.000853237579577, -0.00180554995313, 0.00154890923295, -0.00163728219923, 0.00149877858348, -0.00171853450593, 0.00189810805023, -0.0013750285143, 0.00111952819861, 0.000151368614752], [0.000348394707544, -0.000442947377451, 0.00225659320131, -0.000896079756785, 0.000310631265165, -0.00183461699635, 0.00146543735173, -0.000713071844075, 0.00163639732637, -0.00101890915539, 0.00110702647362, -0.00140633480623, 0.000391780369682], [-0.000413784146076, 0.000853237579577, -0.000896079756785, 0.00358962779865, -0.000703909958247, -0.000197503512027, -0.00163672934286, 0.00166348286439, -0.00199856399558, 0.00134687218815, -0.00121852033772, 0.00117189378943, -0.00159473659005], [0.000524269009475, -0.00180554995313, 0.000310631265165, -0.000703909958247, 0.005138696637, -0.000378252880182, 0.000813722726889, -0.00242480845191, 0.000224725910812, -0.00128865381703, -0.000624936306849, 0.000506566022523, -0.00107151607517], [-0.000477915571537, 0.00154890923295, -0.00183461699635, -0.000197503512027, -0.000378252880182, 0.00840394292027, -0.00274447770789, 4.28288258263e-05, -0.00233541964553, 0.000770033278968, -0.0017431913875, 0.00269978865981, 0.00266549643129], [0.000556332350243, -0.00163728219923, 0.00146543735173, -0.00163672934286, 0.000813722726889, -0.00274447770789, 0.00576187483966, -0.00194747583009, 0.00120764563326, -0.00226346100681, -0.000476941087982, -0.000964901468251, -0.000830276752822], [-0.000483081297716, 0.00149877858348, -0.000713071844075, 0.00166348286439, -0.00242480845191, 4.28288258263e-05, -0.00194747583009, 0.0105887018144, -0.00336094642989, 0.00176371634007, -0.00152648880612, 0.000976346724201, -0.000877431768458], [0.000444252014859, -0.00171853450593, 0.00163639732637, -0.00199856399558, 0.000224725910812, -0.00233541964553, 0.00120764563326, -0.00336094642989, 0.0125210452825, -0.0043653701432, 0.00209553120658, -0.00218559568748, 0.000296600774163], [-0.000477222609334, 0.00189810805023, -0.00101890915539, 0.00134687218815, -0.00128865381703, 0.000770033278968, -0.00226346100681, 0.00176371634007, -0.0043653701432, 0.0130482567474, -0.0055445432663, 0.00349160819314, -0.00347672589123], [0.000397585798055, -0.0013750285143, 0.00110702647362, -0.00121852033772, -0.000624936306849, -0.0017431913875, -0.000476941087982, -0.00152648880612, 0.00209553120658, -0.0055445432663, 0.0135063072667, -0.00593883823603, 0.000750876613893], [-0.000185625758604, 0.00111952819861, -0.00140633480623, 0.00117189378943, 0.000506566022523, 0.00269978865981, -0.000964901468251, 0.000976346724201, -0.00218559568748, 0.00349160819314, -0.00593883823603, 0.0164469070733, -0.00269597023726], [6.11153736827e-05, 0.000151368614752, 0.000391780369682, -0.00159473659005, -0.00107151607517, 0.00266549643129, -0.000830276752822, -0.000877431768458, 0.000296600774163, -0.00347672589123, 0.000750876613893, -0.00269597023726, 0.0113694975153]]
    },
    "melbands": {
        "dmean": [0.000169858438312, 0.000455713481642, 0.000706379243638, 0.000282895489363, 0.000258986779954, 0.000235624800553, 0.000171465901076, 0.00010412602569, 0.000106868428702, 8.02740396466e-05, 4.47111633548e-05, 5.87289359828e-05, 3.11825751851e-05, 4.73873333249e-05, 3.69372355635e-05, 4.74837543152e-05, 5.40010187251e-05, 4.47268903372e-05, 2.3753487767e-05, 1.73728949449e-05, 1.14737731565e-05, 1.1655473827e-05, 1.48382596308e-05, 5.83477822147e-06, 4.96899247082e-06, 2.93392736239e-06, 1.75485524778e-06, 1.10373048301e-06, 1.26001089029e-06, 1.67972802956e-06, 1.64074469922e-06, 1.627757797e-06, 1.89349827906e-06, 2.19061621465e-06, 2.1696814656e-06, 1.96878318093e-06, 1.57144177138e-06, 1.20190850339e-06, 9.97413621917e-07, 7.35387459372e-07],
        "dmean2": [0.000254895043327, 0.000688566360623, 0.00110882543959, 0.000430995802162, 0.000394137110561, 0.000353267852915, 0.000248666416155, 0.000153508386575, 0.000149257728481, 0.00010932594887, 6.17315454292e-05, 8.5633546405e-05, 4.6992154239e-05, 7.01851240592e-05, 5.68861105421e-05, 7.35136418371e-05, 8.41578730615e-05, 6.94455084158e-05, 3.67260508938e-05, 2.63520942099e-05, 1.82382209459e-05, 1.80701299541e-05, 2.33257469517e-05, 9.1400306701e-06, 7.88633133197e-06, 4.5064743972e-06, 2.69547467724e-06, 1.73229113898e-06, 1.89737590972e-06, 2.51252777161e-06, 2.47453067459e-06, 2.34170511249e-06, 2.68646226687e-06, 3.13744658342e-06, 3.13172881761e-06, 2.84723978439e-06, 2.28139288083e-06, 1.71726685494e-06, 1.39741712246e-06, 1.06774768938e-06],
        "dvar": [1.1934101849e-06, 4.25131611337e-06, 4.15115437136e-06, 2.9618854569e-07, 2.48878620823e-07, 1.74556191723e-07, 1.03802754836e-07, 6.19339743935e-08, 4.83245123917e-08, 3.50005286975e-08, 9.99337324004e-09, 1.25821513208e-08, 1.09553477401e-08, 3.0172788712e-08, 1.11337623565e-08, 3.85693788019e-08, 2.84322663191e-08, 1.43323806157e-08, 3.0926412542e-09, 1.76536529839e-09, 4.0525485745e-10, 3.63560903605e-10, 8.34746938239e-10, 1.24583204864e-10, 1.28684007894e-10, 3.6073932036e-11, 2.37625145255e-11, 1.0382512558e-11, 2.77188775405e-11, 3.32607448528e-11, 3.73361515316e-11, 4.63710909948e-11, 9.26952195557e-11, 1.23519805495e-10, 1.10561219901e-10, 9.6415722628e-11, 4.74221564795e-11, 2.54315509624e-11, 1.89213991697e-11, 1.23857391357e-11],
        "dvar2": [2.50546622738e-06, 9.56926305662e-06, 1.0598389963e-05, 7.00308760315e-07, 5.68562995795e-07, 4.01526534688e-07, 2.23649365694e-07, 1.25783046201e-07, 9.72343769945e-08, 7.11719749802e-08, 1.94561327049e-08, 2.9374671584e-08, 2.69107847117e-08, 6.97464983546e-08, 2.76278893097e-08, 8.85662387873e-08, 6.12868049643e-08, 3.09502432572e-08, 7.38728367367e-09, 4.30872271195e-09, 9.57479873165e-10, 8.61851534584e-10, 2.00437422215e-09, 3.10078407395e-10, 3.35495742299e-10, 8.30235741267e-11, 5.01159461153e-11, 2.19419794834e-11, 6.38500988193e-11, 7.2392071504e-11, 7.41260594572e-11, 8.74295358333e-11, 1.91734628174e-10, 2.35327896059e-10, 2.04551445226e-10, 1.99941105339e-10, 9.28367105413e-11, 4.61313764966e-11, 3.5535085291e-11, 2.53079866092e-11],
        "max": [0.0323120206594, 0.044326774776, 0.0445595793426, 0.00928433332592, 0.010561760515, 0.00660605542362, 0.00638110237196, 0.00530403386801, 0.00439319713041, 0.00401439983398, 0.00234687561169, 0.0028297174722, 0.00317021762021, 0.00677154958248, 0.00293279136531, 0.00792202726007, 0.00463770981878, 0.00300643756054, 0.00115079397801, 0.000928063469473, 0.000363401486538, 0.000268322532065, 0.000501811329741, 0.000189772865269, 0.00025963463122, 0.000137979674037, 0.000154246488819, 9.60594552453e-05, 0.000168989092344, 0.000133293695399, 0.000115573173389, 0.000159353250638, 0.000392480636947, 0.000248393887887, 0.000249583972618, 0.000220421206905, 0.000131314925966, 0.000108891254058, 8.67929775268e-05, 7.8258337453e-05],
        "mean": [0.000962211808655, 0.00157925114036, 0.00166594155598, 0.000764885975514, 0.000606186396908, 0.000603375257924, 0.000511103600729, 0.000257821928244, 0.000263469963102, 0.000218722780119, 0.000123363322928, 0.000122263416415, 6.16634060862e-05, 9.59712051554e-05, 7.54294960643e-05, 8.34564198158e-05, 0.00010715443932, 8.65818656166e-05, 5.29565586476e-05, 3.94872586185e-05, 2.61777004198e-05, 2.59791831922e-05, 3.12888842018e-05, 1.20645536299e-05, 1.04142436612e-05, 6.39049994788e-06, 3.42413795806e-06, 2.12085660678e-06, 1.94378480955e-06, 2.75576508102e-06, 2.76664354715e-06, 2.78654306385e-06, 3.04233253701e-06, 3.31668002218e-06, 3.22913524542e-06, 2.90944990411e-06, 2.30635896514e-06, 1.80513370651e-06, 1.57127146849e-06, 1.11386657409e-06],
        "median": [1.00082434074e-05, 0.000325882632751, 0.000616961740889, 0.000387816544389, 0.000352653180016, 0.000272920238785, 0.000245952483965, 0.000121587640024, 0.000131485488964, 8.2865524746e-05, 5.37971645826e-05, 5.85389025218e-05, 2.77196340903e-05, 4.32916349382e-05, 3.13350465149e-05, 2.33394457609e-05, 2.56416515185e-05, 3.06809779431e-05, 2.74409849226e-05, 1.8816361262e-05, 1.49639918163e-05, 1.61580428539e-05, 1.65510718944e-05, 6.46889611744e-06, 4.63395235784e-06, 3.2355408166e-06, 1.38418329243e-06, 4.82609493702e-07, 3.89902623965e-07, 3.99627737124e-07, 2.93255368433e-07, 2.48693879712e-07, 1.56058973744e-07, 1.79863775429e-07, 1.22662271451e-07, 5.75831222704e-08, 3.85991647534e-08, 2.97261131266e-08, 3.51301601142e-08, 3.19452553299e-08],
        "min": [4.15121209192e-24, 1.67531037308e-23, 1.50351129851e-23, 2.52632152694e-24, 1.25147094926e-23, 6.60829608608e-24, 8.02572806589e-24, 3.78410620335e-24, 9.480541403e-24, 1.04425233559e-23, 8.6646635895e-24, 8.21640915732e-24, 1.31476749169e-23, 1.40971305475e-23, 5.08662126523e-24, 1.20936999495e-23, 1.2336801637e-23, 1.14601302578e-23, 1.20725340226e-23, 1.91458576958e-23, 1.09266930474e-23, 6.48777391698e-24, 1.03775291059e-23, 1.06669629609e-23, 1.22182713417e-23, 1.16752250165e-23, 7.19696184292e-24, 9.80294491066e-24, 7.53295663512e-24, 1.29934313107e-23, 8.30993650625e-24, 1.50324324357e-23, 1.35098598911e-23, 1.07564876296e-23, 1.08411466042e-23, 7.50300674199e-24, 1.18794816153e-23, 1.21256811595e-23, 1.10865856865e-23, 8.57417098848e-24],
        "var": [4.82560244564e-06, 1.04931750684e-05, 7.68620066083e-06, 1.00774673228e-06, 6.34766024632e-07, 6.50391541512e-07, 5.56111899641e-07, 1.88353681096e-07, 1.51993106101e-07, 1.39609255712e-07, 4.65754581569e-08, 3.36883800856e-08, 1.86368964705e-08, 4.24031441071e-08, 2.72642264321e-08, 7.81518068038e-08, 9.32339219162e-08, 4.24675938859e-08, 8.18481371567e-09, 3.69505426256e-09, 1.16013665341e-09, 9.44575195838e-10, 1.86288962034e-09, 2.90512558454e-10, 2.56844018276e-10, 8.98069604793e-11, 4.54465180766e-11, 2.40791605405e-11, 3.86610604641e-11, 6.59439863826e-11, 8.93839377514e-11, 1.2337178501e-10, 2.1345414325e-10, 2.53852272536e-10, 2.51376308658e-10, 2.1163763797e-10, 1.18960549744e-10, 6.95777324644e-11, 5.02386257595e-11, 2.77642388247e-11]
    },
    "mfcc": {
        "mean": [-664.930053711, 157.942352295, -30.1216869354, 13.3836574554, 4.84116411209, -5.32563591003, -15.3855400085, -3.87031054497, -8.59914207458, -9.61600399017, -1.55511152744, -6.97479152679, -8.04840946198],
        "cov": [[5087.90771484, -1022.04119873, 145.263381958, -22.2859687805, -216.907241821, 75.3526000977, -215.19758606, 61.8504638672, -17.3137779236, 133.817398071, 9.23363113403, -89.2328872681, -96.0372238159], [-1022.04119873, 2893.53808594, -1159.03479004, 539.219482422, 210.855651855, 103.032020569, 473.091094971, 205.801925659, 241.626617432, 209.056518555, 272.150634766, 246.564804077, 147.460723877], [145.263381958, -1159.03479004, 1126.26708984, -296.850280762, -9.69400978088, -10.576089859, -237.653106689, -74.9913253784, -159.854187012, -172.078048706, -127.90978241, -153.347854614, -73.5751342773], [-22.2859687805, 539.219482422, -296.850280762, 533.554138184, 66.9429092407, 140.525680542, 248.179016113, 49.51795578, 174.685577393, 120.384056091, 59.2939834595, 143.995483398, 106.414604187], [-216.907241821, 210.855651855, -9.69400978088, 66.9429092407, 312.307830811, -15.3562364578, 20.9116973877, -2.98765087128, 34.2532463074, 19.1702041626, 8.77670860291, 20.9897556305, 27.6821537018], [75.3526000977, 103.032020569, -10.576089859, 140.525680542, -15.3562364578, 236.036956787, 126.94619751, 46.6757049561, 51.3678779602, 94.7653274536, 74.6089553833, 65.3296890259, 29.2484951019], [-215.19758606, 473.091094971, -237.653106689, 248.179016113, 20.9116973877, 126.94619751, 366.256439209, 71.9373550415, 126.511016846, 156.479446411, 84.939781189, 147.142486572, 93.212020874], [61.8504638672, 205.801925659, -74.9913253784, 49.51795578, -2.98765087128, 46.6757049561, 71.9373550415, 180.224365234, 24.8521556854, 42.6603088379, 64.6731719971, 39.1808395386, 24.5899829865], [-17.3137779236, 241.626617432, -159.854187012, 174.685577393, 34.2532463074, 51.3678779602, 126.511016846, 24.8521556854, 210.234130859, 97.6964645386, 28.4182014465, 89.9801940918, 46.4453659058], [133.817398071, 209.056518555, -172.078048706, 120.384056091, 19.1702041626, 94.7653274536, 156.479446411, 42.6603088379, 97.6964645386, 218.980606079, 82.8811798096, 82.0702972412, 51.0517959595], [9.23363113403, 272.150634766, -127.90978241, 59.2939834595, 8.77670860291, 74.6089553833, 84.939781189, 64.6731719971, 28.4182014465, 82.8811798096, 185.729797363, 48.5894432068, 27.3741531372], [-89.2328872681, 246.564804077, -153.347854614, 143.995483398, 20.9897556305, 65.3296890259, 147.142486572, 39.1808395386, 89.9801940918, 82.0702972412, 48.5894432068, 163.893478394, 69.616027832], [-96.0372238159, 147.460723877, -73.5751342773, 106.414604187, 27.6821537018, 29.2484951019, 93.212020874, 24.5899829865, 46.4453659058, 51.0517959595, 27.3741531372, 69.616027832, 118.651229858]],
