{
"lowlevel": {
    "average_loudness": 0.417153388262,
    "barkbands_crest": {
        "dmean": 1.60741055012,
        "dmean2": 2.59745407104,
        "dvar": 2.93951630592,
        "dvar2": 7.47605419159,
        "max": 24.3959255219,
        "mean": 10.1051778793,
        "median": 9.59457683563,
        "min": 3.6003780365,
        "var": 11.2877893448
    },
    "barkbands_flatness_db": {
        "dmean": 0.0174998696893,
        "dmean2": 0.0259791519493,
        "dvar": 0.00041236836114,
        "dvar2": 0.000812487793155,
        "max": 0.469176888466,
        "mean": 0.226209655404,
        "median": 0.225864425302,
        "min": 0.053538158536,
        "var": 0.00375219387934
    },
    "barkbands_kurtosis": {
        "dmean": 2.45961070061,
        "dmean2": 3.7400405407,
        "dvar": 16.3250637054,
        "dvar2": 37.6143684387,
        "max": 61.4935760498,
        "mean": 7.19317483902,
        "median": 5.11974716187,
        "min": -1.7290058136,
        "var": 56.5892753601
    },
    "barkbands_skewness": {
        "dmean": 0.347727149725,
        "dmean2": 0.51628613472,
        "dvar": 0.199245482683,
        "dvar2": 0.459232240915,
        "max": 7.71028184891,
        "mean": 2.0960726738,
        "median": 1.98460912704,
        "min": -1.87491059303,
        "var": 0.910184323788
    },
    "barkbands_spread": {
        "dmean": 2.40447854996,
        "dmean2": 3.4635643959,
        "dvar": 24.8905715942,
        "dvar2": 41.5887489319,
        "max": 131.123077393,
        "mean": 11.2933568954,
        "median": 8.86619853973,
        "min": 1.58129477501,
        "var": 136.398696899
    },
    "dissonance": {
        "dmean": 0.0239369217306,
        "dmean2": 0.0393454320729,
        "dvar": 0.00056566594867,
        "dvar2": 0.00154354353435,
        "max": 0.499993622303,
        "mean": 0.42804056406,
        "median": 0.432683348656,
        "min": 0.18646736443,
        "var": 0.00138226523995
    },
    "dynamic_complexity": 2.67505955696,
    "erbbands_crest": {
        "dmean": 1.70061838627,
        "dmean2": 2.65142798424,
        "dvar": 3.39292812347,
        "dvar2": 8.23028755188,
        "max": 24.6780719757,
        "mean": 9.67558288574,
        "median": 8.98650550842,
        "min": 2.10224103928,
        "var": 13.3403663635
    },
    "erbbands_flatness_db": {
        "dmean": 0.0128836352378,
        "dmean2": 0.0185449421406,
        "dvar": 0.000290632422548,
        "dvar2": 0.000541257904842,
        "max": 0.382345587015,
        "mean": 0.227806136012,
        "median": 0.220360949636,
        "min": 0.0206565577537,
        "var": 0.00364271225408
    },
    "erbbands_kurtosis": {
        "dmean": 0.660694122314,
        "dmean2": 1.00584375858,
        "dvar": 0.981434464455,
        "dvar2": 2.08542966843,
        "max": 15.1518573761,
        "mean": 0.369994938374,
        "median": -0.164190292358,
        "min": -1.81736302376,
        "var": 3.57941627502
    },
    "erbbands_skewness": {
        "dmean": 0.254988819361,
        "dmean2": 0.381648957729,
        "dvar": 0.0890302658081,
        "dvar2": 0.189000084996,
        "max": 3.01543951035,
        "mean": 0.785835444927,
        "median": 0.743396401405,
        "min": -1.47341549397,
        "var": 0.428458213806
    },
    "erbbands_spread": {
        "dmean": 4.51290750504,
        "dmean2": 6.57214260101,
        "dvar": 54.1095581055,
        "dvar2": 100.774749756,
        "max": 128.530715942,
        "mean": 31.019115448,
        "median": 29.4762516022,
        "min": 3.52171063423,
        "var": 208.001693726
    },
    "hfc": {
        "dmean": 2.573097229,
        "dmean2": 3.59605169296,
        "dvar": 19.9877357483,
        "dvar2": 32.5468978882,
        "max": 95.690322876,
        "mean": 12.1411046982,
        "median": 8.26664447784,
        "min": 1.20041734278e-16,
        "var": 139.092575073
    },
    "melbands_crest": {
        "dmean": 2.13101315498,
        "dmean2": 3.42657017708,
        "dvar": 5.71375608444,
        "dvar2": 14.1876268387,
        "max": 34.1928749084,
        "mean": 14.3439798355,
        "median": 13.8739805222,
        "min": 2.04245305061,
        "var": 18.874256134
    },
    "melbands_flatness_db": {
        "dmean": 0.0206569414586,
        "dmean2": 0.030230903998,
        "dvar": 0.00062475859886,
        "dvar2": 0.00121003587265,
        "max": 0.624227643013,
        "mean": 0.313173592091,
        "median": 0.315885573626,
        "min": 0.00942722521722,
        "var": 0.0061680036597
    },
    "melbands_kurtosis": {
        "dmean": 4.35132360458,
        "dmean2": 6.64829015732,
        "dvar": 88.1706695557,
        "dvar2": 222.124832153,
        "max": 240.694168091,
        "mean": 14.4043054581,
        "median": 10.7158889771,
        "min": -1.07260537148,
        "var": 191.084747314
    },
    "melbands_skewness": {
        "dmean": 0.41991186142,
        "dmean2": 0.629877269268,
        "dvar": 0.356303721666,
        "dvar2": 0.863011240959,
        "max": 13.5257787704,
        "mean": 2.77529716492,
        "median": 2.62610435486,
        "min": -0.140413895249,
        "var": 1.33943712711
    },
    "melbands_spread": {
        "dmean": 2.65687727928,
        "dmean2": 3.95376396179,
        "dvar": 33.3266487122,
        "dvar2": 74.8007888794,
        "max": 173.151977539,
        "mean": 11.993355751,
        "median": 9.58929347992,
        "min": 1.60767734051,
        "var": 168.167999268
    },
    "pitch_salience": {
        "dmean": 0.0462952032685,
        "dmean2": 0.0749907642603,
        "dvar": 0.00250722351484,
        "dvar2": 0.00617117667571,
        "max": 0.814751923084,
        "mean": 0.559955298901,
        "median": 0.56151753664,
        "min": 0.159255668521,
        "var": 0.00874724425375
    },
    "silence_rate_20dB": {
        "dmean": 0,
        "dmean2": 0,
        "dvar": 0,
        "dvar2": 0,
        "max": 1,
        "mean": 1,
        "median": 1,
        "min": 1,
        "var": 0
    },
    "silence_rate_30dB": {
        "dmean": 0.00928792543709,
        "dmean2": 0.0185830425471,
        "dvar": 0.00920164212584,
        "dvar2": 0.0221092365682,
        "max": 1,
        "mean": 0.97988396883,
        "median": 1,
        "min": 0,
        "var": 0.0197113342583
    },
    "silence_rate_60dB": {
        "dmean": 0.0158668737859,
        "dmean2": 0.0317460335791,
        "dvar": 0.0156151223928,
        "dvar2": 0.036157630384,
        "max": 1,
        "mean": 0.0317214690149,
        "median": 0,
        "min": 0,
        "var": 0.0307160168886
    },
    "spectral_centroid": {
        "dmean": 110.069442749,
        "dmean2": 161.665618896,
        "dvar": 51744.5820312,
        "dvar2": 83235.7734375,
        "max": 11264.3476562,
        "mean": 721.547119141,
        "median": 616.36505127,
        "min": 221.491226196,
        "var": 238246.828125
    },
    "spectral_complexity": {
        "dmean": 1.84249222279,
        "dmean2": 2.85714292526,
        "dvar": 4.17451667786,
        "dvar2": 8.76512336731,
        "max": 36,
        "mean": 12.9423599243,
        "median": 12,
        "min": 0,
        "var": 31.7447528839
    },
    "spectral_decrease": {
        "dmean": 1.39138900401e-09,
        "dmean2": 2.07094652538e-09,
        "dvar": 4.77196814428e-18,
        "dvar2": 9.92974573397e-18,
        "max": 5.33463636222e-29,
        "mean": -7.13339254332e-09,
        "median": -4.94640728377e-09,
        "min": -5.38573168285e-08,
        "var": 4.01256183076e-17
    },
    "spectral_energy": {
        "dmean": 0.00542592350394,
        "dmean2": 0.00806503836066,
        "dvar": 7.20976822777e-05,
        "dvar2": 0.000149089872139,
        "max": 0.206006035209,
        "mean": 0.0280242618173,
        "median": 0.0193823892623,
        "min": 1.0686798698e-20,
        "var": 0.000608827918768
    },
    "spectral_energyband_high": {
        "dmean": 6.86579951434e-05,
        "dmean2": 9.2539783509e-05,
        "dvar": 6.99645852364e-08,
        "dvar2": 9.6618641976e-08,
        "max": 0.00583663163707,
        "mean": 0.000149100000272,
        "median": 1.2623209841e-05,
        "min": 7.88954205378e-21,
        "var": 2.56863870618e-07
    },
    "spectral_energyband_low": {
        "dmean": 0.00197529327124,
        "dmean2": 0.00309191341512,
        "dvar": 2.24878767767e-05,
        "dvar2": 4.67327590741e-05,
        "max": 0.160566136241,
        "mean": 0.00854325573891,
        "median": 0.00372252101079,
        "min": 4.56387840542e-23,
        "var": 0.000199823713046
    },
    "spectral_energyband_middle_high": {
        "dmean": 0.000810779631138,
        "dmean2": 0.00109808333218,
        "dvar": 2.79963933281e-06,
        "dvar2": 4.44425859314e-06,
        "max": 0.0353701785207,
        "mean": 0.00285946088843,
        "median": 0.00150505837519,
        "min": 1.42921421382e-21,
        "var": 1.62580781762e-05
    },
    "spectral_energyband_middle_low": {
        "dmean": 0.00446284282953,
        "dmean2": 0.00676057394594,
        "dvar": 4.77447465528e-05,
        "dvar2": 0.000110111941467,
        "max": 0.125003039837,
        "mean": 0.0182827506214,
        "median": 0.0122801009566,
        "min": 2.84754653952e-22,
        "var": 0.00024326244602
    },
    "spectral_entropy": {
        "dmean": 0.188428759575,
        "dmean2": 0.28619402647,
        "dvar": 0.0572504848242,
        "dvar2": 0.119340308011,
        "max": 9.80503082275,
        "mean": 6.55353832245,
        "median": 6.52872562408,
        "min": 4.46479320526,
        "var": 0.389084219933
    },
    "spectral_flux": {
        "dmean": 0.0167602021247,
        "dmean2": 0.0266606882215,
        "dvar": 0.000405571860028,
        "dvar2": 0.000969691842329,
        "max": 0.295615255833,
        "mean": 0.0497050136328,
        "median": 0.0399357192218,
        "min": 1.03376973648e-10,
        "var": 0.00141977344174
    },
    "spectral_kurtosis": {
        "dmean": 7.15717983246,
        "dmean2": 12.4456510544,
        "dvar": 77.4934539795,
        "dvar2": 221.518966675,
        "max": 156.662857056,
        "mean": 17.7959899902,
        "median": 12.6352205276,
        "min": -1.20153403282,
        "var": 273.766265869
    },
    "spectral_rms": {
        "dmean": 0.000475906505017,
        "dmean2": 0.000704738253262,
        "dvar": 3.5731292769e-07,
        "dvar2": 7.22963761746e-07,
        "max": 0.0141767943278,
        "mean": 0.00480747502297,
        "median": 0.00434852251783,
        "min": 3.22895421338e-12,
        "var": 4.22889206675e-06
    },
    "spectral_rolloff": {
        "dmean": 205.939743042,
        "dmean2": 345.974639893,
        "dvar": 488397.3125,
        "dvar2": 1009456.6875,
        "max": 18884.6191406,
        "mean": 846.350585938,
        "median": 559.86328125,
        "min": 43.06640625,
        "var": 1571566.5
    },
    "spectral_skewness": {
        "dmean": 0.571718037128,
        "dmean2": 0.970241129398,
        "dvar": 0.378842443228,
        "dvar2": 1.07301485538,
        "max": 10.6909074783,
        "mean": 2.71872854233,
        "median": 2.49125647545,
        "min": 0.0128206973895,
        "var": 1.29696118832
    },
    "spectral_spread": {
        "dmean": 393767.9375,
        "dmean2": 583790.0625,
        "dvar": 750308556800,
        "dvar2": 1.03309757645e+12,
        "max": 40644740,
        "mean": 2846198.25,
        "median": 2445883.75,
        "min": 672258.375,
        "var": 3.12687040922e+12
    },
    "spectral_strongpeak": {
        "dmean": 0.264649957418,
        "dmean2": 0.448606610298,
        "dvar": 0.198370799422,
        "dvar2": 0.469945758581,
        "max": 5.64835691452,
        "mean": 0.789564788342,
        "median": 0.643187105656,
        "min": 0,
        "var": 0.457452386618
    },
    "zerocrossingrate": {
        "dmean": 0.00536372419447,
        "dmean2": 0.00635313848034,
        "dvar": 0.000130119253299,
        "dvar2": 0.000149385537952,
        "max": 0.51708984375,
        "mean": 0.0335119590163,
        "median": 0.02783203125,
        "min": 0.005859375,
        "var": 0.000961916113738
    },
    "barkbands": {
        "dmean": [1.7514150386e-05, 0.000614145712461, 0.000902410421986, 0.00175780628342, 0.00176832347643, 0.00148950493895, 0.00070965278428, 0.000679171120282, 0.000371848815121, 0.000243112910539, 0.000102330763184, 0.000193776126252, 0.000248781230766, 0.000168381971889, 9.8407130281e-05, 6.42990708002e-05, 0.00011431544408, 6.73100366839e-05, 5.23822309333e-05, 1.48433446157e-05, 1.12558254841e-05, 1.78869740921e-05, 2.04395037144e-05, 1.80332644959e-05, 7.96466520114e-06, 3.71189139514e-06, 4.29853258765e-07],
        "dmean2": [2.7377047445e-05, 0.000937957898714, 0.00138967705425, 0.00289587606676, 0.00273087620735, 0.00222216313705, 0.0010561250383, 0.000925730215386, 0.0005295855226, 0.000352952105459, 0.000159211616847, 0.000292293756502, 0.000356725766324, 0.000242329901084, 0.000155550282216, 9.94319561869e-05, 0.000170214712853, 0.000100480770925, 7.69525649957e-05, 2.29922625294e-05, 1.65463570738e-05, 2.63134352281e-05, 2.92788572551e-05, 2.38539778366e-05, 1.12184525278e-05, 5.41709187019e-06, 6.45581849312e-07],
        "dvar": [2.33798385096e-08, 1.39105668495e-05, 3.27293923874e-06, 1.26509949041e-05, 7.78213598096e-06, 8.73148201208e-06, 4.69659289593e-06, 6.23344021733e-06, 1.45512331073e-06, 4.47102110002e-07, 1.33209638875e-07, 4.15164748802e-07, 6.83291830228e-07, 4.15273092358e-07, 7.61222480605e-08, 2.19621636433e-08, 6.67423734058e-08, 2.31584262878e-08, 2.30600623041e-08, 2.71426658927e-09, 1.79050096971e-09, 4.30871693879e-09, 8.61686988429e-09, 6.18556361687e-09, 1.39789413378e-09, 7.07505831699e-10, 6.7361719501e-12],
        "dvar2": [5.00105272749e-08, 2.59538828686e-05, 8.55525649968e-06, 3.57883873221e-05, 1.91548460862e-05, 1.94169533643e-05, 1.04968776213e-05, 1.05750732473e-05, 2.80566041511e-06, 7.81808523698e-07, 3.37190499522e-07, 9.03748684777e-07, 1.39215467243e-06, 7.55335008762e-07, 1.59225791663e-07, 5.12882039061e-08, 1.3981673419e-07, 4.75213681739e-08, 4.89894773636e-08, 6.0740434904e-09, 3.34787353395e-09, 7.61638929703e-09, 1.45426524156e-08, 9.10964903511e-09, 2.44556930262e-09, 1.93164217954e-09, 1.76632562743e-11],
        "max": [0.00462487665936, 0.148237332702, 0.0275761261582, 0.0539082214236, 0.0427845977247, 0.0825937390327, 0.0482628419995, 0.0635215044022, 0.0414166674018, 0.0202064886689, 0.010663503781, 0.0128403697163, 0.0184868052602, 0.0187383014709, 0.00725085986778, 0.00267243525013, 0.00446727359667, 0.00338995922357, 0.00309840217233, 0.0015754243359, 0.00101089384407, 0.00185865804087, 0.00235686684027, 0.00160004792269, 0.00122492748778, 0.000915861688554, 9.10383969313e-05],
        "mean": [8.36874023662e-05, 0.00401841290295, 0.00272437301464, 0.0036734144669, 0.00578361051157, 0.00435245735571, 0.00170533184428, 0.00155209761579, 0.00103192275856, 0.000603444990702, 0.000201123824809, 0.000380161771318, 0.000482432020362, 0.00029108452145, 0.000233660830418, 0.000162092444953, 0.000317049591104, 0.000153996254085, 0.000109097018139, 2.30407786148e-05, 1.993472506e-05, 3.47868663084e-05, 3.5785658838e-05, 3.10899486067e-05, 1.36391927299e-05, 5.85879479331e-06, 7.49810283196e-07],
        "median": [1.16789180993e-06, 0.000357587559847, 0.00140309974086, 0.000972184468992, 0.00419073877856, 0.00302030076273, 0.000919307000004, 0.000437154289102, 0.000234429171542, 0.000188087433344, 4.46929479949e-05, 7.00246164342e-05, 6.7506400228e-05, 6.41062360955e-05, 9.03997788555e-05, 9.2329835752e-05, 0.000112611072836, 6.34283205727e-05, 2.78662373603e-05, 4.54724295196e-06, 2.97965357277e-06, 2.10575785786e-06, 1.19346077554e-06, 7.94033951479e-07, 5.23678181708e-07, 3.2969910535e-07, 1.45754469827e-07],
        "min": [1.79003110131e-23, 1.26453361811e-23, 1.05958739716e-23, 1.95731079175e-23, 5.72242161893e-23, 4.99115055747e-24, 2.36811294805e-23, 3.41027977206e-23, 1.09237267726e-22, 5.07810054193e-23, 9.25541974885e-23, 3.27527758773e-23, 8.13125320033e-23, 8.81075589598e-23, 1.42312829708e-22, 1.84886781861e-22, 1.20219486326e-22, 4.27007151578e-22, 1.79671325805e-22, 2.41959341119e-22, 4.9764430663e-22, 6.48496726032e-22, 4.35186717776e-22, 9.41450787611e-22, 1.24647293167e-21, 1.78308454364e-21, 2.39698907526e-21],
        "var": [1.61732003789e-07, 0.000146330479765, 1.31899587359e-05, 3.37773126375e-05, 3.02972566715e-05, 2.62705798377e-05, 7.97803477326e-06, 1.7450463929e-05, 7.03950945535e-06, 1.84956320481e-06, 2.21099668352e-07, 8.87146654804e-07, 1.70343241734e-06, 1.06182108084e-06, 1.7467452551e-07, 4.67562593087e-08, 2.42506274617e-07, 8.05710271834e-08, 5.56656019057e-08, 4.22997770144e-09, 3.82006826172e-09, 1.42260523361e-08, 2.3940819105e-08, 1.95602645192e-08, 3.59145202466e-09, 7.35520200301e-10, 8.30355055548e-12]
    },
    "erbbands": {
        "dmean": [0.0133499875665, 0.162339538336, 0.830767571926, 3.47041845322, 6.73384571075, 5.49437761307, 9.34055805206, 12.1092424393, 10.2639102936, 11.5468435287, 13.121714592, 7.67010164261, 8.43802165985, 6.43257808685, 4.77856445312, 8.01769542694, 9.70034694672, 9.57903671265, 5.31723976135, 4.81072616577, 3.7733540535, 4.92820072174, 4.21321392059, 2.49505758286, 2.19719529152, 0.653964221478, 0.439497202635, 0.495833456516, 0.611322045326, 0.703915953636, 0.566976189613, 0.439348310232, 0.253851383924, 0.105204828084, 0.0528901442885, 0.0219209119678, 0.00563661428168, 0.000910469039809, 7.52650448703e-05, 7.68212430557e-06],
        "dmean2": [0.0197512172163, 0.246690019965, 1.2953928709, 5.78056144714, 10.6344661713, 8.50404167175, 13.489525795, 18.3064880371, 15.611579895, 16.5065765381, 17.9896068573, 10.5996923447, 12.0406341553, 9.54621601105, 7.28237962723, 11.6110515594, 13.1815853119, 13.7648601532, 8.11559963226, 7.30137014389, 5.81405305862, 7.28284931183, 6.29343605042, 3.5298371315, 3.32428002357, 1.00005114079, 0.66861385107, 0.714375734329, 0.916404187679, 1.02393698692, 0.787260293961, 0.595846056938, 0.338198393583, 0.144672095776, 0.0755630210042, 0.0326034836471, 0.00844159070402, 0.00137239508331, 0.000113593181595, 1.15575912787e-05],
        "dvar": [0.0175537522882, 0.597557961941, 2.58209991455, 46.9342079163, 152.306747437, 118.119934082, 190.309432983, 954.910339355, 955.354003906, 2068.40869141, 1951.13232422, 684.799194336, 705.88659668, 316.679260254, 320.843444824, 687.609985352, 808.816101074, 1267.5, 216.618133545, 146.022674561, 81.5280838013, 108.299224854, 84.330909729, 42.8310890198, 48.365562439, 5.35102701187, 4.38142967224, 2.64005255699, 4.68266534805, 8.73832798004, 7.18259000778, 4.32893562317, 1.22641015053, 0.258570581675, 0.0598351806402, 0.0159055516124, 0.00219021528028, 3.89239357901e-05, 2.0980199622e-07, 3.00403951714e-10],
        "dvar2": [0.037635140121, 1.02286469936, 6.53355264664, 135.846237183, 395.957763672, 306.826538086, 381.505493164, 2101.65576172, 2124.71044922, 4456.54248047, 2916.7253418, 1295.38049316, 1253.72106934, 636.5078125, 773.107727051, 1456.62878418, 1504.24694824, 2298.6809082, 455.802154541, 324.399627686, 198.138183594, 223.75062561, 177.377838135, 85.1353530884, 109.831626892, 11.8644514084, 8.88367462158, 5.03444719315, 9.36942672729, 16.8184833527, 12.0758152008, 7.03090524673, 1.78240704536, 0.459510415792, 0.107282415032, 0.0409266874194, 0.00603394676, 0.000102742043964, 5.48755053842e-07, 7.36801619716e-10],
        "max": [4.95489263535, 31.6027145386, 26.4279899597, 101.926612854, 160.467773438, 219.529602051, 268.827606201, 807.915771484, 737.780578613, 1214.53967285, 1450.90661621, 731.682617188, 870.930236816, 496.690185547, 496.30078125, 607.115356445, 624.394836426, 1124.61987305, 389.615753174, 223.570953369, 252.666015625, 172.948120117, 195.113250732, 155.34602356, 184.023025513, 69.768371582, 57.795753479, 38.8512115479, 48.9585723877, 86.5983505249, 56.3315467834, 40.7861785889, 24.6198215485, 15.7030744553, 7.19620752335, 3.95281887054, 1.6320296526, 0.207373559475, 0.0160629563034, 0.000517364940606],
        "mean": [0.104198560119, 0.959613919258, 2.99113273621, 8.12176132202, 15.2044067383, 18.2953948975, 35.9813842773, 31.1368503571, 27.0450248718, 25.0736370087, 33.7317085266, 21.7261219025, 23.7819728851, 17.1497936249, 10.5163030624, 16.792219162, 20.6420326233, 18.5307807922, 11.9655323029, 11.8837223053, 10.6617069244, 13.5194635391, 11.2336273193, 5.96500253677, 4.41531085968, 1.13284635544, 0.704757928848, 0.91819691658, 1.15232539177, 1.27842152119, 0.98770648241, 0.759464561939, 0.429667323828, 0.182605281472, 0.0860099941492, 0.035466875881, 0.00844212155789, 0.00144054321572, 0.000148560779053, 3.69093104382e-05],
        "median": [0.00301152630709, 0.16365301609, 1.75918889046, 3.2970085144, 6.81625890732, 12.3411598206, 24.9067173004, 18.4853935242, 15.5973129272, 10.4772186279, 10.7745304108, 7.38290643692, 5.44777393341, 6.46727228165, 3.62378764153, 3.56527543068, 3.622153759, 3.76220750809, 4.82289075851, 5.06424808502, 6.02708959579, 5.77044010162, 4.8712182045, 2.16067385674, 1.01465761662, 0.268037319183, 0.103222623467, 0.123871043324, 0.0789347141981, 0.0597492195666, 0.0294242873788, 0.0155041757971, 0.0127094229683, 0.00684775970876, 0.00299753108993, 0.00135744386353, 0.000635246105958, 0.000197351066163, 3.57884782716e-05, 2.50384764513e-05],
        "min": [8.3165185092e-22, 1.28331104463e-21, 7.24483958462e-21, 5.46334958509e-20, 1.70998033251e-19, 1.55913089386e-19, 5.27621160373e-20, 5.86305682801e-20, 2.98108939277e-19, 4.26115914551e-19, 1.59892657898e-18, 1.89736310763e-18, 2.26289235916e-18, 2.21377023849e-18, 2.66717212726e-18, 1.77568318516e-18, 4.17563709708e-18, 3.48238612469e-18, 7.29857354094e-18, 8.78143540965e-18, 8.89903236861e-18, 8.37082129921e-18, 2.29337313755e-17, 1.0652649477e-17, 8.44131280384e-18, 1.16085236764e-17, 2.04620197523e-17, 1.9043639921e-17, 2.22919781865e-17, 1.55221997045e-17, 1.33757776843e-17, 1.68259058331e-17, 1.64429791121e-17, 1.21210596732e-17, 9.93940637634e-18, 5.68142799877e-18, 3.62739915787e-18, 1.45583508636e-18, 3.43547133547e-19, 3.46752949559e-20],
        "var": [0.154918730259, 6.86200809479, 12.9773540497, 133.196289062, 429.887145996, 447.52456665, 1372.02209473, 2593.18945312, 1815.3359375, 3881.05297852, 6048.27441406, 2499.56152344, 3782.45385742, 1352.41455078, 491.424713135, 1656.48974609, 2664.02832031, 3848.73046875, 497.918945312, 361.989074707, 179.273727417, 379.986419678, 322.720489502, 122.908027649, 105.547340393, 8.78534221649, 6.99590349197, 6.51895570755, 13.3569431305, 26.074432373, 19.7290344238, 12.8722133636, 3.51391482353, 0.605665504932, 0.157245233655, 0.0238092727959, 0.00188380433246, 4.04396341764e-05, 2.6058839353e-07, 1.15817255786e-09]
    },
    "gfcc": {
        "mean": [-72.3778610229, 152.003585815, -116.120742798, 4.93248128891, -37.9236450195, -19.7162570953, -49.316204071, -2.96858501434, -21.6074810028, -13.1095199585, -15.6401023865, -0.544843614101, -12.539399147],
        "cov": [[10517.7294922, -1003.29431152, -34.3210067749, 870.005310059, -1376.22229004, 1030.41442871, -328.985168457, -121.525154114, -87.1772842407, 24.7853736877, -121.434898376, -65.9924697876, -572.075683594], [-1003.29431152, 2268.94555664, -182.401000977, -402.732971191, 901.515869141, -655.659179688, 68.3213500977, -10.0842132568, 215.865203857, -131.452865601, 18.4713630676, -41.3376235962, 217.740234375], [-34.3210067749, -182.401000977, 1068.3482666, 382.959289551, 75.8609085083, 484.157745361, -110.844024658, -17.1591529846, 86.9203720093, 88.4622039795, -11.9745397568, 9.45976543427, -19.3127441406], [870.005310059, -402.732971191, 382.959289551, 519.666687012, -131.110275269, 375.058654785, -13.6561985016, -19.780172348, 77.3474960327, 70.2947235107, 3.82514166832, 2.03982138634, -33.4219245911], [-1376.22229004, 901.515869141, 75.8609085083, -131.110275269, 646.529418945, -237.686462402, 37.7566070557, 51.2616462708, 127.076507568, 2.53995227814, 26.3038444519, 2.05487155914, 146.226654053], [1030.41442871, -655.659179688, 484.157745361, 375.058654785, -237.686462402, 607.858764648, 1.90579402447, -7.75990104675, 6.16352033615, 97.4482498169, 31.6257839203, -2.3765938282, -145.072479248], [-328.985168457, 68.3213500977, -110.844024658, -13.6561985016, 37.7566070557, 1.90579402447, 278.300445557, 84.4133987427, -26.3160610199, 29.1058139801, 76.7665710449, 35.2482337952, 23.3077373505], [-121.525154114, -10.0842132568, -17.1591529846, -19.780172348, 51.2616462708, -7.75990104675, 84.4133987427, 167.564926147, 50.5835990906, 15.4796829224, 4.60885477066, 35.5606575012, 37.7106971741], [-87.1772842407, 215.865203857, 86.9203720093, 77.3474960327, 127.076507568, 6.16352033615, -26.3160610199, 50.5835990906, 215.109527588, 28.4123306274, -46.2160949707, -7.90843915939, 45.0556945801], [24.7853736877, -131.452865601, 88.4622039795, 70.2947235107, 2.53995227814, 97.4482498169, 29.1058139801, 15.4796829224, 28.4123306274, 139.973449707, 51.3194236755, -11.2256250381, -10.4683914185], [-121.434898376, 18.4713630676, -11.9745397568, 3.82514166832, 26.3038444519, 31.6257839203, 76.7665710449, 4.60885477066, -46.2160949707, 51.3194236755, 137.470581055, 20.258769989, -9.7444896698], [-65.9924697876, -41.3376235962, 9.45976543427, 2.03982138634, 2.05487155914, -2.3765938282, 35.2482337952, 35.5606575012, -7.90843915939, -11.2256250381, 20.258769989, 79.8775100708, 36.3372840881], [-572.075683594, 217.740234375, -19.3127441406, -33.4219245911, 146.226654053, -145.072479248, 23.3077373505, 37.7106971741, 45.0556945801, -10.4683914185, -9.7444896698, 36.3372840881, 174.715103149]],
        "icov": [[0.000417840550654, -0.00101669586729, 0.000674618466292, -0.000861499458551, 0.0013222853886, -0.00109733035788, 0.00112480809912, -0.0009902685415, 0.00102371349931, -0.000957273645326, 0.000852050783578, -0.000833332131151, 0.000490327132866], [-0.00101669586729, 0.00431945547462, -0.00204079225659, 0.00257474253885, -0.00490352883935, 0.00389461079612, -0.00370161863975, 0.00369208795018, -0.0043625975959, 0.00427564745769, -0.00334291905165, 0.003222996369, -0.000886042311322], [0.000674618466292, -0.00204079225659, 0.0034191228915, -0.00192702899221, 0.00137179135345, -0.00417292863131, 0.00308429147117, -0.00178824504837, 0.00246358825825, -0.00230472488329, 0.00226540886797, -0.00220352201723, -6.56991469441e-05], [-0.000861499458551, 0.00257474253885, -0.00192702899221, 0.00624951114878, -0.00246051652357, 0.000180551272933, -0.00294255348854, 0.00358732789755, -0.00441051553935, 0.00255216914229, -0.00242499471642, 0.00213797995821, -0.00250926497392], [0.0013222853886, -0.00490352883935, 0.00137179135345, -0.00246051652357, 0.00880528520793, -0.00314545817673, 0.00379651854746, -0.00431584287435, 0.00305333104916, -0.00433663884178, 0.00210886565037, -0.00253504421562, 0.000162996468134], [-0.00109733035788, 0.00389461079612, -0.00417292863131, 0.000180551272933, -0.00314545817673, 0.0102267898619, -0.00454542599618, 0.00268562138081, -0.00393826141953, 0.00249491934665, -0.00358098908328, 0.00241619860753, 0.0027403619606], [0.00112480809912, -0.00370161863975, 0.00308429147117, -0.00294255348854, 0.00379651854746, -0.00454542599618, 0.0092970021069, -0.00601377850398, 0.00487577542663, -0.00383009319194, 0.000769948703237, -0.00338589237072, 0.000440550240455], [-0.0009902685415, 0.00369208795018, -0.00178824504837, 0.00358732789755, -0.00431584287435, 0.00268562138081, -0.00601377850398, 0.0123260682449, -0.00624429108575, 0.00277770939283, -0.00164442602545, -0.000523184309714, -0.00157751224469], [0.00102371349931, -0.0043625975959, 0.00246358825825, -0.00441051553935, 0.00305333104916, -0.00393826141953, 0.00487577542663, -0.00624429108575, 0.0125000039116, -0.00642360281199, 0.00666421372443, -0.00270244874991, 0.000414645212004], [-0.000957273645326, 0.00427564745769, -0.00230472488329, 0.00255216914229, -0.00433663884178, 0.00249491934665, -0.00383009319194, 0.00277770939283, -0.00642360281199, 0.0150813665241, -0.00830840785056, 0.00673332810402, -0.00192062580027], [0.000852050783578, -0.00334291905165, 0.00226540886797, -0.00242499471642, 0.00210886565037, -0.00358098908328, 0.000769948703237, -0.00164442602545, 0.00666421372443, -0.00830840785056, 0.015225475654, -0.0063781994395, 0.00221569067799], [-0.000833332131151, 0.003222996369, -0.00220352201723, 0.00213797995821, -0.00253504421562, 0.00241619860753, -0.00338589237072, -0.000523184309714, -0.00270244874991, 0.00673332810402, -0.0063781994395, 0.020306603983, -0.00536607811227], [0.000490327132866, -0.000886042311322, -6.56991469441e-05, -0.00250926497392, 0.000162996468134, 0.0027403619606, 0.000440550240455, -0.00157751224469, 0.000414645212004, -0.00192062580027, 0.00221569067799, -0.00536607811227, 0.0113844024017]]
    },
    "melbands": {
        "dmean": [0.000142916527693, 0.000354110408807, 0.000691666442435, 0.000437969167251, 0.000286854221486, 0.000270647607977, 0.000159322356922, 0.000133324007038, 9.66977968346e-05, 5.04325762449e-05, 4.28118983109e-05, 2.73938931059e-05, 1.52165957843e-05, 2.26279862545e-05, 2.28717144637e-05, 2.18480035983e-05, 1.76406465471e-05, 8.7429798441e-06, 6.72251280776e-06, 5.54445614398e-06, 5.07978984388e-06, 5.34353830517e-06, 6.10026290815e-06, 3.20100321005e-06, 2.03186323233e-06, 2.07062043955e-06, 1.00319573448e-06, 3.46880455027e-07, 2.87062277948e-07, 2.66800270765e-07, 3.18650023701e-07, 3.62397827303e-07, 3.78809090762e-07, 4.14124031067e-07, 3.61581044217e-07, 3.0626532066e-07, 2.7764360766e-07, 1.90331775229e-07, 1.43367927308e-07, 8.03884390166e-08],
        "dmean2": [0.000213456922211, 0.000538439431693, 0.00113233411685, 0.000684687227476, 0.000419014919316, 0.000408605614211, 0.000240934430622, 0.000187131998246, 0.000132634610054, 7.0944071922e-05, 6.13468146184e-05, 4.06317412853e-05, 2.35744046222e-05, 3.34659853252e-05, 3.31649789587e-05, 3.072855543e-05, 2.55468330579e-05, 1.33704588734e-05, 1.03921793198e-05, 8.50384822115e-06, 7.86078726378e-06, 8.0663476183e-06, 9.25083895709e-06, 4.82242103317e-06, 2.8917581858e-06, 3.07604591399e-06, 1.53815472004e-06, 5.3727779914e-07, 4.57056728465e-07, 4.02264561217e-07, 4.60550410253e-07, 5.56393104034e-07, 5.70670010802e-07, 6.12186624949e-07, 5.12603776315e-07, 4.23989746423e-07, 3.89448047144e-07, 2.5550835403e-07, 1.96924432316e-07, 1.10023805178e-07],
        "dvar": [1.26524105326e-06, 5.53737095288e-07, 1.70025248281e-06, 5.30909119334e-07, 1.733972681e-07, 4.33371297959e-07, 2.10168224157e-07, 2.6572993761e-07, 9.62797770399e-08, 2.89017147992e-08, 1.79704411352e-08, 5.81266590416e-09, 3.16428128144e-09, 5.72284308831e-09, 5.45134204444e-09, 6.73249989092e-09, 4.87239537605e-09, 7.37158556419e-10, 4.30248586758e-10, 1.53176041295e-10, 1.91571952746e-10, 1.31555419336e-10, 1.89586832344e-10, 5.35332576879e-11, 3.31107155582e-11, 3.76002458335e-11, 1.16549166151e-11, 1.76777234344e-12, 2.28350389812e-12, 1.04690540091e-12, 1.05802909836e-12, 1.62470883101e-12, 2.73414862799e-12, 3.11154444224e-12, 3.16076136618e-12, 2.16322532803e-12, 1.78838920669e-12, 7.22114859228e-13, 3.95326620831e-13, 2.12514671117e-13],
        "dvar2": [2.49513254857e-06, 1.20749791677e-06, 4.84913607579e-06, 1.35825439429e-06, 3.4660118331e-07, 9.60467332334e-07, 4.61610824232e-07, 5.38655456239e-07, 1.43974759226e-07, 5.87255755136e-08, 3.25337836671e-08, 1.15986038551e-08, 7.99100519089e-09, 1.21444960755e-08, 1.13723572781e-08, 1.47224863412e-08, 8.57139870192e-09, 1.52679024978e-09, 9.38200184208e-10, 3.45646594679e-10, 4.77020700718e-10, 2.81678957936e-10, 4.05603078901e-10, 1.07764470958e-10, 6.73442412946e-11, 8.38840594208e-11, 2.65470891797e-11, 3.98521927264e-12, 4.79360778502e-12, 2.12138466515e-12, 2.14419584518e-12, 3.6782547494e-12, 5.0240931207e-12, 6.26495730294e-12, 5.75124409902e-12, 3.89065082235e-12, 3.21663290621e-12, 1.13092770825e-12, 6.90638410177e-13, 4.10219248978e-13],
        "max": [0.0442763194442, 0.0197342708707, 0.0178689751774, 0.0119540998712, 0.00747186969966, 0.0183130856603, 0.0105619244277, 0.0132200578228, 0.0101411407813, 0.00510218879208, 0.004297983367, 0.00216419971548, 0.00161756877787, 0.00168273563031, 0.00159263540991, 0.00206439918838, 0.00245768995956, 0.000740926596336, 0.000689326087013, 0.000194981039385, 0.000413868809119, 0.000208091849345, 0.000256792933214, 0.000183512427611, 0.00013728281192, 0.000137697046739, 9.85948281595e-05, 3.80226738343e-05, 4.05034588766e-05, 2.32134098042e-05, 2.34704020841e-05, 2.43890408456e-05, 5.26740404894e-05, 5.35248800588e-05, 3.78521544917e-05, 3.60273807019e-05, 2.80075473711e-05, 1.7831718651e-05, 1.36819398904e-05, 1.88161193364e-05],
        "mean": [0.00103891605977, 0.00146725971717, 0.00164252193645, 0.00119923474267, 0.00114234630018, 0.000709988584276, 0.000412043562392, 0.000288946001092, 0.000252022175118, 0.000138956223964, 0.000118023977848, 7.06431674189e-05, 3.18575112033e-05, 4.60250957985e-05, 4.63240685349e-05, 4.26023070759e-05, 3.26526096615e-05, 1.78446425707e-05, 1.59417686518e-05, 1.389314275e-05, 1.32438553919e-05, 1.36734397529e-05, 1.5677036572e-05, 7.31126920073e-06, 4.42847294835e-06, 4.10834991271e-06, 1.71752037659e-06, 5.1893670161e-07, 4.23263713856e-07, 4.23349973744e-07, 5.77029425131e-07, 6.3666141159e-07, 7.13019858267e-07, 7.02511556483e-07, 5.9254801954e-07, 4.95712185966e-07, 4.46233883622e-07, 3.05851187932e-07, 2.28800445257e-07, 1.30572161083e-07],
        "median": [5.52025558136e-05, 0.000724208017346, 0.000699030992109, 0.000715211266652, 0.000848317868076, 0.000453653687146, 0.000237285799813, 0.00010813245899, 8.57274935697e-05, 3.53550749423e-05, 2.67814102699e-05, 2.50173961831e-05, 9.14607153391e-06, 8.33068042994e-06, 7.43488863009e-06, 7.67995607021e-06, 6.17074738329e-06, 7.06099854142e-06, 5.9970006987e-06, 6.74817874824e-06, 6.31934153716e-06, 5.42491989108e-06, 5.35322760697e-06, 2.83821054836e-06, 1.38492316637e-06, 8.81023424881e-07, 3.28809136363e-07, 9.54728633928e-08, 4.38415987958e-08, 6.14262773979e-08, 6.47203961535e-08, 4.47513066604e-08, 2.99814608695e-08, 2.67137245658e-08, 1.68728213623e-08, 9.54743839543e-09, 7.59755724999e-09, 7.62493534978e-09, 7.40371852714e-09, 4.62432092618e-09],
        "min": [6.15793578972e-24, 3.05289209764e-24, 1.15437976343e-23, 1.39305688782e-23, 2.44620185518e-24, 1.25719618617e-24, 4.5342285161e-24, 4.40903589601e-24, 1.73556088689e-23, 1.18526429896e-23, 1.04477945245e-23, 7.65206201003e-24, 1.08396091143e-23, 2.88021261485e-24, 9.09684182528e-24, 7.39959733251e-24, 6.02959088145e-24, 1.07208618823e-23, 1.26668854944e-23, 1.30745159565e-23, 9.24842697025e-24, 6.87518074652e-24, 1.92665802356e-23, 1.80163792735e-23, 7.68263825872e-24, 7.38350772548e-24, 4.46274194086e-24, 8.42155164686e-24, 1.35780316728e-23, 1.13464396241e-23, 1.17944542426e-23, 1.15027918556e-23, 1.46869744681e-23, 6.26733502005e-24, 7.02257940666e-24, 9.17828224742e-24, 1.09573497599e-23, 1.27759794356e-23, 8.77389321474e-24, 1.07331499686e-23],
        "var": [1.2585776858e-05, 4.33571722169e-06, 4.78372567159e-06, 1.89263028005e-06, 1.16135799999e-06, 1.14481667879e-06, 4.09922478184e-07, 5.74447369672e-07, 3.02650647654e-07, 1.22626772736e-07, 9.46597893403e-08, 2.43624231899e-08, 4.86928053434e-09, 1.29698802809e-08, 1.446429021e-08, 1.46327092665e-08, 1.4365540757e-08, 1.54001311703e-09, 8.90926221686e-10, 3.87556986503e-10, 3.74228786848e-10, 4.07064632002e-10, 6.83308021276e-10, 1.80966089336e-10, 8.0732982799e-11, 8.84982573335e-11, 2.00964106467e-11, 2.66971145711e-12, 3.23785724794e-12, 1.98238474247e-12, 2.52748061196e-12, 3.77686597275e-12, 8.51071643715e-12, 8.09957916709e-12, 7.61548202971e-12, 5.33231184902e-12, 4.88085006439e-12, 1.9855928967e-12, 8.78360372717e-13, 4.40444284776e-13]
    },
    "mfcc": {
        "mean": [-719.24810791, 188.753967285, -13.2002973557, 21.8940811157, 17.6829624176, -12.4898757935, -17.4917469025, 0.789664506912, -10.6334247589, -12.3654718399, -2.63571095467, -8.78531455994, -5.87802791595],
        "cov": [[6907.94873047, -1622.22668457, 570.094604492, -151.605895996, -640.897521973, 578.837524414, -82.1588745117, 217.8177948, -253.951797485, 83.2028198242, 456.65145874, 33.4378509521, -89.9600524902], [-1622.22668457, 2072.38769531, -540.446350098, 177.784500122, 432.390136719, -299.298461914, -95.5697937012, 3.3088965416, 212.898895264, -36.3212432861, -69.613899231, 12.0521469116, 50.9222450256], [570.094604492, -540.446350098, 1042.25891113, 6.05299568176, 144.032577515, 453.20413208, 38.1776237488, 56.050151825, 18.3363418579, 49.8783798218, 80.092338562, 66.1531829834, 27.972858429], [-151.605895996, 177.784500122, 6.05299568176, 242.561340332, 109.77053833, 14.7345666885, 22.0988559723, 7.34878921509, 99.8184356689, 26.6958770752, -28.1645526886, 13.6865615845, 42.6161956787], [-640.897521973, 432.390136719, 144.032577515, 109.77053833, 453.486846924, 81.1919250488, -79.594367981, -20.1648216248, 141.937438965, 28.4503078461, -36.9457130432, 60.8082542419, 43.5143966675], [578.837524414, -299.298461914, 453.20413208, 14.7345666885, 81.1919250488, 409.608306885, 62.3477401733, 28.2042160034, -21.4600124359, 49.4047698975, 108.604934692, 38.8776435852, 18.0186271667], [-82.1588745117, -95.5697937012, 38.1776237488, 22.0988559723, -79.594367981, 62.3477401733, 285.645477295, 42.2519264221, -73.8652114868, 23.8313064575, 58.4640083313, -14.7615766525, 23.8292980194], [217.8177948, 3.3088965416, 56.050151825, 7.34878921509, -20.1648216248, 28.2042160034, 42.2519264221, 186.414703369, 34.1199073792, 14.2112264633, 48.1184043884, 7.2015376091, 23.9723014832], [-253.951797485, 212.898895264, 18.3363418579, 99.8184356689, 141.937438965, -21.4600124359, -73.8652114868, 34.1199073792, 253.682510376, 39.5710639954, -54.7485542297, 50.6794281006, 40.8824005127], [83.2028198242, -36.3212432861, 49.8783798218, 26.6958770752, 28.4503078461, 49.4047698975, 23.8313064575, 14.2112264633, 39.5710639954, 165.133712769, 57.8150749207, 12.9335756302, 19.7161064148], [456.65145874, -69.613899231, 80.092338562, -28.1645526886, -36.9457130432, 108.604934692, 58.4640083313, 48.1184043884, -54.7485542297, 57.8150749207, 206.46925354, 15.2835388184, 2.66923451424], [33.4378509521, 12.0521469116, 66.1531829834, 13.6865615845, 60.8082542419, 38.8776435852, -14.7615766525, 7.2015376091, 50.6794281006, 12.9335756302, 15.2835388184, 112.908599854, 29.1303787231], [-89.9600524902, 50.9222450256, 27.972858429, 42.6161956787, 43.5143966675, 18.0186271667, 23.8292980194, 23.9723014832, 40.8824005127, 19.7161064148, 2.66923451424, 29.1303787231, 85.3420410156]],
