{
"lowlevel": {
    "average_loudness": 0.960416734219,
    "barkbands_crest": {
        "dmean": 3.03557801247,
        "dmean2": 5.00866317749,
        "dvar": 7.02825164795,
        "dvar2": 18.1517124176,
        "max": 25.5028266907,
        "mean": 11.2626581192,
        "median": 10.5899505615,
        "min": 3.05546617508,
        "var": 16.0775909424
    },
    "barkbands_flatness_db": {
        "dmean": 0.0321977846324,
        "dmean2": 0.0482286773622,
        "dvar": 0.000812470912933,
        "dvar2": 0.00180290837307,
        "max": 0.426834970713,
        "mean": 0.163342893124,
        "median": 0.159438639879,
        "min": 0.0235597062856,
        "var": 0.00287248869427
    },
    "barkbands_kurtosis": {
        "dmean": 7.0154747963,
        "dmean2": 11.1742668152,
        "dvar": 170.956542969,
        "dvar2": 399.096496582,
        "max": 282.86517334,
        "mean": 11.0042486191,
        "median": 5.96754169464,
        "min": -1.91406619549,
        "var": 329.963012695
    },
    "barkbands_skewness": {
        "dmean": 0.829658031464,
        "dmean2": 1.27159917355,
        "dvar": 0.739410877228,
        "dvar2": 1.67921948433,
        "max": 13.62155056,
        "mean": 2.51318478584,
        "median": 2.3141310215,
        "min": -3.21564793587,
        "var": 2.36475300789
    },
    "barkbands_spread": {
        "dmean": 6.77693271637,
        "dmean2": 10.7695407867,
        "dvar": 89.0068817139,
        "dvar2": 192.533569336,
        "max": 100.172187805,
        "mean": 17.2159404755,
        "median": 13.9640226364,
        "min": 0.673427760601,
        "var": 200.085662842
    },
    "dissonance": {
        "dmean": 0.0216343104839,
        "dmean2": 0.0344194024801,
        "dvar": 0.000593684148043,
        "dvar2": 0.00135423848405,
        "max": 0.5,
        "mean": 0.454681307077,
        "median": 0.463553160429,
        "min": 0.00740731181577,
        "var": 0.00129844108596
    },
    "dynamic_complexity": 2.79015278816,
    "erbbands_crest": {
        "dmean": 3.00568318367,
        "dmean2": 4.79097080231,
        "dvar": 8.07551193237,
        "dvar2": 19.5004673004,
        "max": 32.3624267578,
        "mean": 9.77505016327,
        "median": 8.7184715271,
        "min": 2.51458024979,
        "var": 22.000535965
    },
    "erbbands_flatness_db": {
        "dmean": 0.0249988473952,
        "dmean2": 0.0345603078604,
        "dvar": 0.000516747124493,
        "dvar2": 0.00103301519994,
        "max": 0.317160278559,
        "mean": 0.141879588366,
        "median": 0.138853773475,
        "min": 0.0460657142103,
        "var": 0.00160613295157
    },
    "erbbands_kurtosis": {
        "dmean": 1.18555343151,
        "dmean2": 1.82942974567,
        "dvar": 3.74820256233,
        "dvar2": 8.0171661377,
        "max": 45.9950675964,
        "mean": 0.511579036713,
        "median": -0.306976079941,
        "min": -1.79418170452,
        "var": 7.74666118622
    },
    "erbbands_skewness": {
        "dmean": 0.457699090242,
        "dmean2": 0.671603918076,
        "dvar": 0.213206410408,
        "dvar2": 0.422258466482,
        "max": 6.35742139816,
        "mean": 0.354406327009,
        "median": 0.284072756767,
        "min": -3.66498684883,
        "var": 0.821844995022
    },
    "erbbands_spread": {
        "dmean": 12.8343925476,
        "dmean2": 19.2576236725,
        "dvar": 172.124832153,
        "dvar2": 401.481536865,
        "max": 149.126205444,
        "mean": 46.9162826538,
        "median": 43.1221122742,
        "min": 4.23118686676,
        "var": 497.428131104
    },
    "hfc": {
        "dmean": 7.50633239746,
        "dmean2": 10.9017028809,
        "dvar": 80.2443008423,
        "dvar2": 175.98475647,
        "max": 86.7699813843,
        "mean": 19.3728561401,
        "median": 15.6674461365,
        "min": 1.17766669956e-16,
        "var": 210.457901001
    },
    "melbands_crest": {
        "dmean": 3.77921175957,
        "dmean2": 6.18430995941,
        "dvar": 9.57492923737,
        "dvar2": 25.1361083984,
        "max": 31.8787460327,
        "mean": 16.6007080078,
        "median": 16.2209033966,
        "min": 1.9818418026,
        "var": 23.5067520142
    },
    "melbands_flatness_db": {
        "dmean": 0.0375492796302,
        "dmean2": 0.056531123817,
        "dvar": 0.00115183810703,
        "dvar2": 0.00254902942106,
        "max": 0.560137033463,
        "mean": 0.248434990644,
        "median": 0.244378015399,
        "min": 0.00472511397675,
        "var": 0.00450221309438
    },
    "melbands_kurtosis": {
        "dmean": 17.4622650146,
        "dmean2": 27.7899398804,
        "dvar": 914.739379883,
        "dvar2": 2358.3972168,
        "max": 512.393127441,
        "mean": 30.4092216492,
        "median": 18.8506145477,
        "min": -1.77065098286,
        "var": 1586.09204102
    },
    "melbands_skewness": {
        "dmean": 1.17377257347,
        "dmean2": 1.81835877895,
        "dvar": 1.52515530586,
        "dvar2": 3.67839717865,
        "max": 16.8092823029,
        "mean": 3.95108127594,
        "median": 3.63695263863,
        "min": -0.701292216778,
        "var": 4.53571128845
    },
    "melbands_spread": {
        "dmean": 6.72206115723,
        "dmean2": 10.4121360779,
        "dvar": 172.004928589,
        "dvar2": 344.52532959,
        "max": 206.15032959,
        "mean": 14.8783559799,
        "median": 10.7604179382,
        "min": 0.494422465563,
        "var": 299.04284668
    },
    "pitch_salience": {
        "dmean": 0.0837701633573,
        "dmean2": 0.137367263436,
        "dvar": 0.00498111965135,
        "dvar2": 0.0133670745417,
        "max": 0.83083152771,
        "mean": 0.500136852264,
        "median": 0.501943051815,
        "min": 0.118697926402,
        "var": 0.0119919078425
    },
    "silence_rate_20dB": {
        "dmean": 0,
        "dmean2": 0,
        "dvar": 0,
        "dvar2": 0,
        "max": 1,
        "mean": 1,
        "median": 1,
        "min": 1,
        "var": 0
    },
    "silence_rate_30dB": {
        "dmean": 0.061919502914,
        "dmean2": 0.123886950314,
        "dvar": 0.0580859705806,
        "dvar2": 0.123252004385,
        "max": 1,
        "mean": 0.932688593864,
        "median": 1,
        "min": 0,
        "var": 0.0627810955048
    },
    "silence_rate_60dB": {
        "dmean": 0.0127708977088,
        "dmean2": 0.0255516842008,
        "dvar": 0.0126085840166,
        "dvar2": 0.02877131477,
        "max": 1,
        "mean": 0.0197292063385,
        "median": 0,
        "min": 0,
        "var": 0.0193398147821
    },
    "spectral_centroid": {
        "dmean": 288.887542725,
        "dmean2": 440.495880127,
        "dvar": 173862.015625,
        "dvar2": 303455.125,
        "max": 11401.4345703,
        "mean": 1010.33850098,
        "median": 877.730712891,
        "min": 137.863342285,
        "var": 398502.1875
    },
    "spectral_complexity": {
        "dmean": 3.86996912956,
        "dmean2": 5.53852128983,
        "dvar": 16.2493534088,
        "dvar2": 29.2195358276,
        "max": 44,
        "mean": 15.1613149643,
        "median": 14,
        "min": 0,
        "var": 59.1611824036
    },
    "spectral_decrease": {
        "dmean": 5.37397948364e-09,
        "dmean2": 8.55129123067e-09,
        "dvar": 5.53035421324e-17,
        "dvar2": 1.35068456104e-16,
        "max": -4.94861530216e-29,
        "mean": -1.20256071767e-08,
        "median": -9.96893767535e-09,
        "min": -7.45851025385e-08,
        "var": 9.19557893432e-17
    },
    "spectral_energy": {
        "dmean": 0.0206992700696,
        "dmean2": 0.0328253395855,
        "dvar": 0.00080725440057,
        "dvar2": 0.00196609762497,
        "max": 0.286659032106,
        "mean": 0.0471445918083,
        "median": 0.0392024368048,
        "min": 1.08685441726e-20,
        "var": 0.00136355718132
    },
    "spectral_energyband_high": {
        "dmean": 0.000484137795866,
        "dmean2": 0.000709901913069,
        "dvar": 7.06203707068e-07,
        "dvar2": 1.5390213548e-06,
        "max": 0.010809761472,
        "mean": 0.000710143474862,
        "median": 0.000327249086695,
        "min": 7.52673126671e-21,
        "var": 1.2707660062e-06
    },
    "spectral_energyband_low": {
        "dmean": 0.0166080910712,
        "dmean2": 0.0271180104464,
        "dvar": 0.000658671429846,
        "dvar2": 0.00166934705339,
        "max": 0.247895821929,
        "mean": 0.0281342435628,
        "median": 0.0194562412798,
        "min": 7.35130389898e-23,
        "var": 0.000902003084775
    },
    "spectral_energyband_middle_high": {
        "dmean": 0.00158227526117,
        "dmean2": 0.00224861665629,
        "dvar": 4.7625926527e-06,
        "dvar2": 1.05812778202e-05,
        "max": 0.0484575368464,
        "mean": 0.00425469549373,
        "median": 0.00262531405315,
        "min": 1.9761645737e-21,
        "var": 2.4714265237e-05
    },
    "spectral_energyband_middle_low": {
        "dmean": 0.00843687355518,
        "dmean2": 0.0135505255312,
        "dvar": 0.000118174291856,
        "dvar2": 0.000301453401335,
        "max": 0.109241351485,
        "mean": 0.0174657981843,
        "median": 0.014204855077,
        "min": 3.4347321882e-22,
        "var": 0.00020161968132
    },
    "spectral_entropy": {
        "dmean": 0.264643102884,
        "dmean2": 0.367163896561,
        "dvar": 0.060990087688,
        "dvar2": 0.12078948319,
        "max": 9.81034851074,
        "mean": 7.46704864502,
        "median": 7.49217319489,
        "min": 5.38258361816,
        "var": 0.209267944098
    },
    "spectral_flux": {
        "dmean": 0.0413496308029,
        "dmean2": 0.0647177621722,
        "dvar": 0.00191408465616,
        "dvar2": 0.00418566539884,
        "max": 0.441543489695,
        "mean": 0.10980848968,
        "median": 0.0962792262435,
        "min": 1.04252308175e-10,
        "var": 0.00371556705795
    },
    "spectral_kurtosis": {
        "dmean": 1.73463237286,
        "dmean2": 2.77917265892,
        "dvar": 5.95201635361,
        "dvar2": 15.191737175,
        "max": 53.7029495239,
        "mean": 4.09069013596,
        "median": 3.41859817505,
        "min": -1.14893209934,
        "var": 9.95726680756
    },
    "spectral_rms": {
        "dmean": 0.00140327971894,
        "dmean2": 0.00214612274431,
        "dvar": 2.36082155425e-06,
        "dvar2": 5.28663576915e-06,
        "max": 0.0167232584208,
        "mean": 0.00630544219166,
        "median": 0.00618435768411,
        "min": 3.25629519009e-12,
        "var": 6.23613459538e-06
    },
    "spectral_rolloff": {
        "dmean": 457.582427979,
        "dmean2": 788.926818848,
        "dvar": 1381828.875,
        "dvar2": 2976215,
        "max": 18712.3535156,
        "mean": 882.044006348,
        "median": 452.197265625,
        "min": 64.599609375,
        "var": 2002098.875
    },
    "spectral_skewness": {
        "dmean": 0.268923461437,
        "dmean2": 0.401611626148,
        "dvar": 0.0782198235393,
        "dvar2": 0.171357318759,
        "max": 5.9671754837,
        "mean": 1.53049004078,
        "median": 1.48216104507,
        "min": -0.0621415302157,
        "var": 0.258272320032
    },
    "spectral_spread": {
        "dmean": 848654.6875,
        "dmean2": 1189449.75,
        "dvar": 1.24069517722e+12,
        "dvar2": 2.20800299827e+12,
        "max": 39564848,
        "mean": 4919648,
        "median": 4717773.5,
        "min": 1471239.5,
        "var": 2.61775635251e+12
    },
    "spectral_strongpeak": {
        "dmean": 0.416570842266,
        "dmean2": 0.724281787872,
        "dvar": 0.599245965481,
        "dvar2": 1.61933588982,
        "max": 9.60563087463,
        "mean": 0.698084115982,
        "median": 0.458809942007,
        "min": 0,
        "var": 0.721802890301
    },
    "zerocrossingrate": {
        "dmean": 0.0123757757246,
        "dmean2": 0.014405714348,
        "dvar": 0.000350706919562,
        "dvar2": 0.000380160170607,
        "max": 0.4775390625,
        "mean": 0.0438453890383,
        "median": 0.03564453125,
        "min": 0.00244140625,
        "var": 0.00123686820734
    },
    "barkbands": {
        "dmean": [0.000412055291235, 0.0122021092102, 0.00489848619327, 0.00450502103195, 0.00270067737438, 0.00133285182528, 0.00165599142201, 0.000792228034697, 0.000551052740775, 0.000386674364563, 0.000243241971475, 0.000219133667997, 0.0005782765802, 0.000294272351312, 0.00025322494912, 0.000198513866053, 0.000146356993355, 0.000133520225063, 0.000115336799354, 0.000121798882901, 0.00010463273793, 9.99335970846e-05, 8.27151015983e-05, 9.8411765066e-05, 5.70865558984e-05, 3.13546952384e-05, 1.85019980563e-05],
        "dmean2": [0.000687522348017, 0.0199353806674, 0.00820499192923, 0.00763536151499, 0.00444601569325, 0.00211369921453, 0.00266926200129, 0.00119597511366, 0.000821406545583, 0.000588010530919, 0.000380049401429, 0.000331006449414, 0.000901162973605, 0.000465006625745, 0.00039120906149, 0.000296354235616, 0.00021954991098, 0.000199439702556, 0.00017442778335, 0.000190902588656, 0.000156423950102, 0.000147592843859, 0.000124581201817, 0.000150747451698, 9.10136732273e-05, 5.06099277118e-05, 3.27496854879e-05],
        "dvar": [7.25551558389e-07, 0.000440137082478, 5.85752204643e-05, 5.41732006241e-05, 1.32229542942e-05, 5.42897805644e-06, 1.79162780114e-05, 5.13557870363e-06, 2.02182445719e-06, 9.9924739061e-07, 2.52061170158e-07, 2.51259677952e-07, 2.20684228225e-06, 6.42504687676e-07, 3.69069169892e-07, 2.62535877482e-07, 9.41915203612e-08, 9.63979900348e-08, 4.0085751607e-08, 7.66254402151e-08, 2.50680134428e-08, 3.6917754187e-08, 3.21791269187e-08, 8.744316915e-08, 1.83452524283e-08, 6.60873222813e-09, 6.71747946157e-09],
        "dvar2": [1.88960541436e-06, 0.00113655801397, 0.00016073747247, 0.000145982776303, 3.53142131644e-05, 1.29109530462e-05, 4.57493988506e-05, 1.03578677226e-05, 3.93473283111e-06, 2.1723546979e-06, 5.83981375257e-07, 4.84203496853e-07, 5.42736233911e-06, 1.58013392593e-06, 9.35598052365e-07, 5.47380807348e-07, 1.94016450905e-07, 1.87855974332e-07, 9.20167551044e-08, 1.88472867535e-07, 5.72850815672e-08, 8.51681321024e-08, 7.42308898793e-08, 1.93794917891e-07, 4.75426737978e-08, 1.7176763123e-08, 1.8265458479e-08],
        "max": [0.0103663085029, 0.197937622666, 0.0944592952728, 0.0816908255219, 0.035902980715, 0.0304955597967, 0.0653735846281, 0.0352970249951, 0.025191122666, 0.02952811867, 0.0112205753103, 0.0107961622998, 0.02443927899, 0.0118546532467, 0.0105125885457, 0.0124235861003, 0.00769568048418, 0.0127868279815, 0.0026881522499, 0.00522353034467, 0.00211084540933, 0.00379643845372, 0.00231560389511, 0.00471516465768, 0.00217963242903, 0.00104218744673, 0.00123482604977],
        "mean": [0.000451097730547, 0.0161572135985, 0.00817679986358, 0.00602287147194, 0.00415986357257, 0.00213168328628, 0.00250155804679, 0.00152466841973, 0.000982925062999, 0.000731846375857, 0.000391817971831, 0.000337479985319, 0.000940839760005, 0.00041585235158, 0.000387666310417, 0.000365889980458, 0.000254421174759, 0.000224936695304, 0.000181112016435, 0.000170087485458, 0.000158485971042, 0.000149540326674, 0.00010617559019, 0.000116108625662, 6.2489809352e-05, 2.86127924483e-05, 1.2560120922e-05],
        "median": [9.21428290894e-05, 0.00728275347501, 0.00572502799332, 0.00327942776494, 0.00262383231893, 0.000809977820609, 0.000968562089838, 0.000217313689063, 0.000213131803321, 0.000172117390321, 0.000107016639959, 0.000108394997369, 0.000227785072639, 9.92748100543e-05, 0.000120488053653, 0.000150923020556, 0.000122514713439, 0.000110909364594, 9.46829823079e-05, 7.7385448094e-05, 7.43189666537e-05, 7.32844127924e-05, 4.20922042395e-05, 2.75387701549e-05, 2.01016573556e-05, 6.21159369985e-06, 2.61632465026e-07],
        "min": [3.10382813631e-23, 8.58790269025e-24, 2.90399073636e-23, 2.18595786528e-23, 6.03626456582e-23, 3.83538839419e-23, 1.48503680719e-23, 1.00945658036e-22, 3.67094592087e-23, 8.5341762139e-23, 5.99069428014e-23, 1.46973760724e-22, 1.45669439171e-22, 1.2399719605e-22, 2.0404566365e-22, 1.50862781878e-22, 1.70892237941e-22, 1.84731445682e-22, 5.08857188159e-22, 4.32222468795e-22, 4.52982359569e-22, 4.19389254345e-22, 7.01605921884e-22, 8.21341779677e-22, 8.65074612675e-22, 1.84698040894e-21, 2.37560799124e-21],
        "var": [7.92539992744e-07, 0.000548856798559, 7.89961995906e-05, 6.57335622236e-05, 2.1222185751e-05, 1.13404112199e-05, 2.18944114749e-05, 1.98335201276e-05, 5.79617972107e-06, 4.48875744041e-06, 5.78443177801e-07, 5.30560782863e-07, 4.37080507254e-06, 1.04907826426e-06, 6.30205875041e-07, 6.09253049788e-07, 2.09891211966e-07, 2.21578773107e-07, 7.30602423005e-08, 9.603121498e-08, 4.99834236223e-08, 5.97068847696e-08, 4.70153267429e-08, 1.3764615403e-07, 2.00334184797e-08, 5.56115953287e-09, 4.52258230865e-09]
    },
    "erbbands": {
        "dmean": [0.382773965597, 2.73952698708, 5.38981151581, 10.6816539764, 12.5372581482, 7.27168369293, 9.08248710632, 11.8502883911, 24.1900520325, 17.3453903198, 17.3578853607, 13.1939792633, 9.39009571075, 11.0066146851, 9.59283256531, 8.96305084229, 24.0258140564, 17.0765724182, 9.7618227005, 15.8571176529, 9.68888950348, 7.43805265427, 7.12155914307, 5.6605553627, 6.92647886276, 5.66365480423, 4.54134368896, 3.92470192909, 3.65198349953, 2.98135614395, 2.27851724625, 1.86197268963, 1.8294904232, 0.783701777458, 0.325816810131, 0.160496875644, 0.0541574209929, 0.0155789693817, 0.00279189762659, 0.000249379721936],
        "dmean2": [0.595104753971, 4.66570997238, 9.09640026093, 18.1584224701, 21.038766861, 12.0656890869, 14.530962944, 18.8714408875, 38.5539741516, 26.7717990875, 25.8184394836, 19.3776187897, 14.0294942856, 16.5057430267, 14.431476593, 13.4203081131, 36.4779930115, 26.6516094208, 15.040019989, 24.4346122742, 14.3714113235, 10.9838314056, 10.6263313293, 8.35941982269, 10.6246404648, 8.75053596497, 6.97842359543, 5.70949268341, 5.36479759216, 4.48548030853, 3.4773414135, 2.75842761993, 2.8859307766, 1.22309708595, 0.528437972069, 0.260486006737, 0.0882759019732, 0.026214974001, 0.00494591984898, 0.000442735094111],
        "dvar": [0.479040652514, 22.7576847076, 78.1623382568, 309.391052246, 332.565765381, 96.0294876099, 229.897415161, 554.111694336, 3600.56884766, 1906.7265625, 2365.53295898, 1179.02832031, 754.088745117, 663.147766113, 353.49810791, 389.320709229, 3654.41259766, 1799.52209473, 609.00970459, 1541.70471191, 600.942016602, 205.174804688, 159.289611816, 247.882659912, 176.146087646, 173.266174316, 58.0791053772, 42.8638916016, 44.1267700195, 38.4965782166, 26.5390739441, 28.7271099091, 33.2230453491, 4.493891716, 0.558244645596, 0.15690793097, 0.0197427161038, 0.00277585024014, 0.00015223796072, 1.2356017578e-06],
        "dvar2": [1.08775985241, 62.277179718, 216.493896484, 824.283996582, 889.987731934, 247.81288147, 557.815551758, 1328.4675293, 9040.46582031, 4312.34277344, 4850.99121094, 2262.74731445, 1446.09741211, 1371.37805176, 753.008666992, 845.935058594, 8739.90136719, 4599.87548828, 1353.03295898, 3873.29541016, 1262.77172852, 446.361877441, 369.634002686, 445.599945068, 398.46585083, 425.890045166, 141.930145264, 95.2979431152, 98.271484375, 90.1940002441, 60.4664764404, 60.8182029724, 81.9133911133, 10.9664516449, 1.50337421894, 0.40775308013, 0.0515660829842, 0.00745160877705, 0.000412380788475, 3.38647987519e-06],
        "max": [6.99876308441, 44.9023933411, 96.4438095093, 223.075836182, 215.149124146, 119.916290283, 252.786193848, 391.178527832, 824.862609863, 740.539978027, 975.296508789, 696.244689941, 800.813964844, 685.11138916, 400.365325928, 377.414398193, 1011.87060547, 674.885131836, 509.797943115, 690.600097656, 695.335021973, 364.938812256, 214.198989868, 748.110595703, 192.823394775, 238.990707397, 140.150161743, 115.638420105, 159.408905029, 97.2221603394, 77.2920074463, 101.153205872, 99.15965271, 34.0356559753, 11.0291948318, 4.76819610596, 1.83214616776, 0.712458968163, 0.177433431149, 0.0172821264714],
        "mean": [0.490312188864, 3.53648972511, 9.10825252533, 16.1863632202, 17.8233795166, 10.9906082153, 15.2577533722, 18.7272529602, 37.6096458435, 25.6442070007, 37.6248970032, 25.4541683197, 17.0135059357, 22.2624950409, 17.274766922, 15.0391397476, 40.4804191589, 28.9927864075, 16.0937919617, 25.6286659241, 18.6423816681, 13.7133569717, 12.9995450974, 9.45498561859, 10.6779842377, 8.20178985596, 6.81371498108, 5.98816919327, 5.46895885468, 4.0312037468, 2.93125200272, 2.31116557121, 1.97861766815, 0.918067634106, 0.324564605951, 0.148130118847, 0.0486493185163, 0.0125461826101, 0.00190718285739, 0.000202959941817],
        "median": [0.141985207796, 1.8393419981, 6.61252212524, 10.0076780319, 10.2685689926, 6.84384679794, 7.29248905182, 7.38726615906, 16.0385990143, 7.71569538116, 6.40513181686, 6.10637140274, 4.73254156113, 7.48856449127, 5.87197256088, 5.67817974091, 10.7911996841, 8.30173015594, 6.11556625366, 9.43460559845, 8.23704624176, 7.38505411148, 6.83602952957, 5.12455511093, 5.29763221741, 3.90362811089, 3.2109618187, 2.84165430069, 2.77404117584, 1.84826648235, 1.09858465195, 0.613182425499, 0.45151925087, 0.270688295364, 0.101427048445, 0.0353582687676, 0.00999588798732, 0.00155920372345, 6.35798933217e-05, 5.29768076376e-05],
        "min": [7.0854668616e-22, 1.09865599855e-21, 2.36349621722e-20, 7.39194250901e-20, 1.2437351981e-19, 2.03499019343e-19, 1.64253499804e-19, 3.80386190814e-19, 2.8135183688e-19, 1.52996339394e-18, 1.11857597303e-18, 9.7254137179e-19, 3.29564534511e-18, 1.73732661336e-18, 4.1372455769e-18, 4.55102820267e-18, 6.06550656875e-18, 5.83294432594e-18, 1.1245215198e-17, 9.1851880569e-18, 1.00267988352e-17, 7.57603473381e-18, 1.05167528013e-17, 2.50271600698e-17, 2.01530313975e-17, 1.95063945342e-17, 2.12020585417e-17, 1.44409853084e-17, 1.51051335853e-17, 1.68746300799e-17, 2.11152872954e-17, 1.77847520924e-17, 1.28460305405e-17, 9.25507571967e-18, 6.95294273943e-18, 5.46819117662e-18, 3.76829531315e-18, 1.41155279945e-18, 3.20654160463e-19, 3.61904959677e-20],
        "var": [0.684704184532, 24.2506732941, 95.2469100952, 372.67755127, 479.469329834, 156.307876587, 573.942077637, 1033.72363281, 4938.34912109, 2970.20361328, 12504.9365234, 3540.42822266, 2700.06811523, 2935.94165039, 1035.51647949, 818.963745117, 7560.59716797, 3874.1184082, 1096.54541016, 2461.15917969, 1506.08178711, 441.602264404, 357.028106689, 596.576721191, 318.184539795, 232.968017578, 100.121452332, 79.7420654297, 74.388053894, 55.7274284363, 39.7197570801, 47.7779998779, 41.6031990051, 6.1878900528, 0.469814777374, 0.132856473327, 0.0163445882499, 0.00204567541368, 0.00010346929048, 8.0410393366e-07]
    },
    "gfcc": {
        "mean": [8.78548717499, 102.753372192, -95.3748703003, 46.7242202759, -48.5828323364, 17.3332481384, -35.333732605, 5.14223384857, -19.9569072723, 4.11288833618, -14.8994722366, -1.54762661457, -13.0302295685],
        "cov": [[4453.78710938, -465.238342285, -363.7996521, -80.7668151855, -201.142059326, 61.18957901, -57.4173774719, 99.7251358032, -6.55248785019, 125.88760376, -57.643951416, 17.3373298645, -67.1272735596], [-465.238342285, 1215.81091309, -327.635284424, -124.242553711, 184.034439087, -82.2502670288, 86.5203704834, -57.5086936951, 123.394760132, -78.720161438, 84.0287017822, -45.4246368408, 68.2446594238], [-363.7996521, -327.635284424, 666.518554688, 102.455848694, 17.0101261139, 26.7710189819, 10.0031833649, 13.1044540405, -21.2375774384, 44.466091156, -14.7430763245, 33.1564369202, -31.2915363312], [-80.7668151855, -124.242553711, 102.455848694, 471.56439209, 40.1130867004, 28.8308067322, -27.0948867798, 0.462914347649, -5.72571849823, -2.58667016029, 49.4745330811, 21.1843605042, 48.9004402161], [-201.142059326, 184.034439087, 17.0101261139, 40.1130867004, 280.782012939, 20.5473594666, 35.4566307068, -13.9284648895, 32.6825332642, -23.6778469086, 3.71478319168, 5.42687797546, 28.7946186066], [61.18957901, -82.2502670288, 26.7710189819, 28.8308067322, 20.5473594666, 177.154418945, 62.8375091553, 7.30440759659, -22.9535312653, 7.39161157608, -7.44134283066, -6.01808547974, 0.071326635778], [-57.4173774719, 86.5203704834, 10.0031833649, -27.0948867798, 35.4566307068, 62.8375091553, 165.872238159, 30.6902427673, -1.07240617275, -12.1554279327, 4.36124515533, -7.72005176544, 7.33140230179], [99.7251358032, -57.5086936951, 13.1044540405, 0.462914347649, -13.9284648895, 7.30440759659, 30.6902427673, 92.8890609741, 23.9902820587, 13.0348596573, -12.3644065857, 9.67941474915, -7.27106571198], [-6.55248785019, 123.394760132, -21.2375774384, -5.72571849823, 32.6825332642, -22.9535312653, -1.07240617275, 23.9902820587, 110.934417725, 28.0395622253, 19.1926269531, -12.1707496643, 7.74096012115], [125.88760376, -78.720161438, 44.466091156, -2.58667016029, -23.6778469086, 7.39161157608, -12.1554279327, 13.0348596573, 28.0395622253, 96.7963104248, 28.9165153503, 5.56416463852, -22.4088134766], [-57.643951416, 84.0287017822, -14.7430763245, 49.4745330811, 3.71478319168, -7.44134283066, 4.36124515533, -12.3644065857, 19.1926269531, 28.9165153503, 93.420463562, 22.0553398132, 7.88604307175], [17.3373298645, -45.4246368408, 33.1564369202, 21.1843605042, 5.42687797546, -6.01808547974, -7.72005176544, 9.67941474915, -12.1707496643, 5.56416463852, 22.0553398132, 78.4331130981, 33.1947288513], [-67.1272735596, 68.2446594238, -31.2915363312, 48.9004402161, 28.7946186066, 0.071326635778, 7.33140230179, -7.27106571198, 7.74096012115, -22.4088134766, 7.88604307175, 33.1947288513, 91.6553039551]],
        "icov": [[0.000280197156826, 8.81527012098e-05, 0.000254703336395, -2.54662390944e-05, 8.46673938213e-05, -8.50544092827e-05, 1.3714355191e-05, -0.000125183330965, -4.08864616475e-05, -0.00038509213482, 0.000289849587716, -0.000241615140112, 0.000174428030732], [8.81527012098e-05, 0.00176758330781, 0.000558495696168, 0.000532824371476, -0.000727135688066, 0.000683655845933, -0.000883882457856, 0.000855984864756, -0.00154526450206, 0.00137792702299, -0.00177621119656, 0.00100145710167, -0.000721106713172], [0.000254703336395, 0.000558495696168, 0.00219217129052, -0.000493140076287, -0.000282362452708, 0.000180182221811, -0.000749956234358, 0.000572195393033, -0.000388809246942, -0.000984276994132, 0.00101709156297, -0.00141970289405, 0.00119501911104], [-2.54662390944e-05, 0.000532824371476, -0.000493140076287, 0.0029924903065, -0.000626899593044, -0.000487079116283, 0.00107852835208, -0.00100520229898, 0.000370896508684, 0.00108140869997, -0.00298313051462, 0.00173914129846, -0.00228912313469], [8.46673938213e-05, -0.000727135688066, -0.000282362452708, -0.000626899593044, 0.00463304296136, -0.000796042324509, -0.000681464443915, 0.00120860640891, -0.00164851162117, 0.000547787814867, 0.00145375146531, -0.00155799614731, 0.000249303586315], [-8.50544092827e-05, 0.000683655845933, 0.000180182221811, -0.000487079116283, -0.000796042324509, 0.00757728423923, -0.00331944273785, 0.000621661602054, 0.00133133132476, -0.00142574100755, 0.000440462958068, 0.00114249566104, -0.000603614549618], [1.3714355191e-05, -0.000883882457856, -0.000749956234358, 0.00107852835208, -0.000681464443915, -0.00331944273785, 0.009347778745, -0.0047766007483, 0.00203566253185, 0.00115111737978, -0.0023981416598, 0.00241159670986, -0.00163082999643], [-0.000125183330965, 0.000855984864756, 0.000572195393033, -0.00100520229898, 0.00120860640891, 0.000621661602054, -0.0047766007483, 0.0161816552281, -0.0062010474503, -0.00044476162293, 0.00458963960409, -0.00558037031442, 0.00332934060134], [-4.08864616475e-05, -0.00154526450206, -0.000388809246942, 0.000370896508684, -0.00164851162117, 0.00133133132476, 0.00203566253185, -0.0062010474503, 0.0153602184728, -0.00542903505266, -0.0020442889072, 0.00527210813016, -0.00370602775365], [-0.00038509213482, 0.00137792702299, -0.000984276994132, 0.00108140869997, 0.000547787814867, -0.00142574100755, 0.00115111737978, -0.00044476162293, -0.00542903505266, 0.0171642620116, -0.00681533943862, -0.000316065590596, 0.00283652287908], [0.000289849587716, -0.00177621119656, 0.00101709156297, -0.00298313051462, 0.00145375146531, 0.000440462958068, -0.0023981416598, 0.00458963960409, -0.0020442889072, -0.00681533943862, 0.0191038567573, -0.00823899544775, 0.00341907795519], [-0.000241615140112, 0.00100145710167, -0.00141970289405, 0.00173914129846, -0.00155799614731, 0.00114249566104, 0.00241159670986, -0.00558037031442, 0.00527210813016, -0.000316065590596, -0.00823899544775, 0.0221608038992, -0.010321829468], [0.000174428030732, -0.000721106713172, 0.00119501911104, -0.00228912313469, 0.000249303586315, -0.000603614549618, -0.00163082999643, 0.00332934060134, -0.00370602775365, 0.00283652287908, 0.00341907795519, -0.010321829468, 0.0179716926068]]
    },
    "melbands": {
        "dmean": [0.00338807050139, 0.0029909205623, 0.00184477039147, 0.000701435899828, 0.000294839643175, 0.000266184099019, 0.000358865625458, 0.000182667077752, 0.000141471260577, 7.74226791691e-05, 4.91788159707e-05, 4.74689550174e-05, 3.42462371918e-05, 2.63614947471e-05, 2.7045754905e-05, 6.73367467243e-05, 2.89715280815e-05, 1.79626731551e-05, 1.77211823029e-05, 1.97938552446e-05, 1.02725225588e-05, 7.61950332162e-06, 9.50771118369e-06, 5.68995983485e-06, 4.63838614451e-06, 5.09420760864e-06, 5.3855819715e-06, 3.5234193092e-06, 2.91201286018e-06, 2.51308438237e-06, 2.36018922806e-06, 2.26755764743e-06, 1.81014638656e-06, 1.61984030456e-06, 1.28616704842e-06, 1.28568399305e-06, 1.15239765819e-06, 1.50723315073e-06, 8.61571777477e-07, 6.12833332525e-07],
        "dmean2": [0.00543250516057, 0.00509256636724, 0.00312079791911, 0.00116195785813, 0.000472642714158, 0.000424774625571, 0.000571703712922, 0.000278220453765, 0.000209554797038, 0.00011343578808, 7.26731086615e-05, 7.13314511813e-05, 5.18455999554e-05, 3.95661772927e-05, 4.05623068218e-05, 0.000104065235064, 4.5657488954e-05, 2.81166448985e-05, 2.73825080512e-05, 3.01676227537e-05, 1.54611552716e-05, 1.16482306112e-05, 1.45572621477e-05, 8.58023304318e-06, 6.94509071764e-06, 7.78492903919e-06, 8.74233046488e-06, 5.43576243217e-06, 4.57542000731e-06, 3.80957089874e-06, 3.4701840832e-06, 3.36907442033e-06, 2.77249887404e-06, 2.46274225901e-06, 1.96715905076e-06, 2.00416457119e-06, 1.74450258328e-06, 2.4578216653e-06, 1.29928253045e-06, 9.90228954834e-07],
        "dvar": [3.52562055923e-05, 2.32529728237e-05, 8.16714236862e-06, 9.316159435e-07, 2.0316024063e-07, 2.48609978826e-07, 8.11329016415e-07, 2.10059511119e-07, 1.45725877587e-07, 4.0633285181e-08, 2.0316500482e-08, 1.30183437363e-08, 4.25091783995e-09, 3.80026676794e-09, 4.29922453193e-09, 3.34988499162e-08, 6.37369401701e-09, 2.58656673857e-09, 1.9391777073e-09, 2.19241824695e-09, 6.70543953696e-10, 2.50775483712e-10, 4.40770281385e-10, 1.52771906237e-10, 1.89281174068e-10, 8.58250276403e-11, 1.61404889454e-10, 6.92335147545e-11, 2.73259123662e-11, 1.44288487408e-11, 1.92261484511e-11, 1.84971083589e-11, 1.27614255968e-11, 1.14738678628e-11, 7.70139247513e-12, 1.14238471113e-11, 1.49812263289e-11, 2.41626770675e-11, 9.63455704106e-12, 2.96876087082e-12],
        "dvar2": [8.65808324306e-05, 6.39991121716e-05, 2.14873180084e-05, 2.48226410804e-06, 4.99408997712e-07, 5.89983017107e-07, 2.06030540539e-06, 4.4920815867e-07, 2.98863028547e-07, 7.76918795964e-08, 3.90180154852e-08, 2.74573874748e-08, 9.3292173986e-09, 7.51146700395e-09, 7.86878562309e-09, 8.83669386553e-08, 1.5918372398e-08, 5.66359847909e-09, 4.78199124743e-09, 4.8951327436e-09, 1.43180423073e-09, 5.74454539493e-10, 9.98020555087e-10, 3.2835700825e-10, 3.41705885809e-10, 1.9902487991e-10, 3.97521265905e-10, 1.71663086523e-10, 6.90454568519e-11, 3.34431371485e-11, 4.35667474319e-11, 4.24323146064e-11, 3.02457642265e-11, 2.67798387632e-11, 1.65877658831e-11, 2.79397061043e-11, 3.34086508458e-11, 6.31059648981e-11, 2.20819352387e-11, 7.89917610489e-12],
        "max": [0.0557921417058, 0.0538818575442, 0.0323350541294, 0.00941367819905, 0.00698634702712, 0.00755086308345, 0.013300026767, 0.00823223032057, 0.00757718877867, 0.0038420651108, 0.00387780601159, 0.0029653981328, 0.00126850628294, 0.00123945460655, 0.00159403902944, 0.00317242229357, 0.00137749116402, 0.00116643938236, 0.000755223038141, 0.00103291694541, 0.000703589757904, 0.000455688219517, 0.000591988384258, 0.000402307807235, 0.000652495538816, 0.000112643363536, 0.000193537111045, 0.000150997206219, 0.000107139843749, 5.65900554648e-05, 8.44188325573e-05, 0.000112659181468, 5.75871999899e-05, 4.76460409118e-05, 4.92527724418e-05, 4.79223490402e-05, 8.13984588603e-05, 7.65135628171e-05, 7.04891208443e-05, 3.4828310163e-05],
        "mean": [0.00442131748423, 0.00479363137856, 0.002928749891, 0.00101443752646, 0.000511235033628, 0.000425551697845, 0.00055424135644, 0.000271685014013, 0.000299030856695, 0.000141881755553, 8.46634429763e-05, 9.49577370193e-05, 5.88815964875e-05, 4.07067745982e-05, 4.47202692158e-05, 0.000108775879198, 4.51567393611e-05, 2.55693339568e-05, 2.76444243354e-05, 3.39608450304e-05, 1.82407329703e-05, 1.29861764435e-05, 1.57797530846e-05, 9.38187440624e-06, 7.16874774298e-06, 7.7058084571e-06, 7.05402544554e-06, 4.95338008477e-06, 4.18424178861e-06, 3.70527595805e-06, 3.45620355802e-06, 3.26978033627e-06, 2.53466259892e-06, 2.08561505133e-06, 1.68543590462e-06, 1.49488357692e-06, 1.40167014706e-06, 1.50591245074e-06, 1.06541676814e-06, 6.77657226333e-07],
        "median": [0.00169193884358, 0.00364268571138, 0.00198105629534, 0.000623447820544, 0.000267423893092, 0.000173833803274, 0.000237107771682, 6.62049205857e-05, 4.36829286627e-05, 3.36959456035e-05, 2.11515034607e-05, 2.91085270874e-05, 1.73264106706e-05, 1.32267832669e-05, 1.20661261462e-05, 2.56562325376e-05, 1.11015160655e-05, 8.03957391327e-06, 8.44535679789e-06, 1.34249321491e-05, 7.95881805971e-06, 6.76473473504e-06, 6.81821893522e-06, 4.66487654194e-06, 3.47241871168e-06, 3.72283648176e-06, 3.00424403576e-06, 2.26036308959e-06, 1.9606902697e-06, 1.64226321431e-06, 1.59410387823e-06, 1.59951321166e-06, 1.15915031529e-06, 8.93017613635e-07, 6.48149296012e-07, 4.54067617284e-07, 3.27012060097e-07, 3.15727277211e-07, 2.71351268566e-07, 2.08021347703e-07],
        "min": [6.39929172797e-24, 8.53235662733e-24, 1.24922861214e-23, 1.34019894732e-23, 5.99758087807e-24, 8.0054953614e-24, 4.46613128174e-24, 2.06043636908e-23, 7.55748705383e-24, 6.6653887108e-24, 1.62549017815e-23, 5.91843880218e-24, 1.10774270114e-23, 1.54054752914e-23, 1.29561694658e-23, 1.34979607132e-23, 1.08066749604e-23, 1.87038257985e-23, 1.19385807077e-23, 1.23159126002e-23, 1.21051597319e-23, 8.71165524476e-24, 7.75833814004e-24, 1.00019185079e-23, 2.20483735778e-23, 1.75292387319e-23, 1.39815513808e-23, 1.24877470157e-23, 1.34664709636e-23, 1.02216257364e-23, 7.18313074467e-24, 7.25185709559e-24, 1.00650321135e-23, 9.65292565459e-24, 1.32604662491e-23, 1.01563064757e-23, 1.15750239043e-23, 1.04494566544e-23, 5.76016056687e-24, 8.34351673726e-24],
        "var": [4.68190737593e-05, 2.60770630121e-05, 1.02829890238e-05, 1.35093807785e-06, 5.22863956576e-07, 4.96558243412e-07, 1.05857361632e-06, 3.64284744592e-07, 7.31299508061e-07, 1.19697276091e-07, 7.42116128549e-08, 6.3051395216e-08, 1.25057217915e-08, 7.64321672619e-09, 1.19331238224e-08, 6.201613445e-08, 1.22806724789e-08, 4.19842471899e-09, 3.47055473249e-09, 4.08031297638e-09, 1.53486712229e-09, 4.25170787466e-10, 9.37695698866e-10, 3.14048037575e-10, 4.41414932384e-10, 1.5717732671e-10, 1.813317968e-10, 9.40067468314e-11, 4.18321835505e-11, 2.92944141167e-11, 3.18922457887e-11, 2.83489984959e-11, 1.95233482159e-11, 1.62172341528e-11, 1.31372412948e-11, 1.38046718154e-11, 2.29037726285e-11, 2.41722874356e-11, 1.46237275761e-11, 3.08791729166e-12]
    },
    "mfcc": {
        "mean": [-639.370483398, 126.754219055, 17.2284374237, 35.1767997742, 12.8532085419, 14.8403224945, 1.16080975533, 3.44561505318, 1.25729739666, 0.635251164436, 2.21450233459, 1.47682774067, 1.14806568623],
        "cov": [[4167.14892578, -380.079101562, -360.219085693, -155.268371582, -182.961044312, -66.7545623779, -71.1749954224, -48.2735900879, -15.0240297318, 74.1691741943, 55.3319358826, 30.756526947, -36.1505432129], [-380.079101562, 1140.27270508, -319.985107422, -85.7319107056, -1.25491857529, -15.3323869705, -35.8002281189, 37.8687400818, 25.1408500671, -17.8056030273, 54.9232597351, -10.4265527725, 13.8444814682], [-360.219085693, -319.985107422, 524.330627441, 88.9870834351, 15.3437576294, 31.9238796234, 33.3875541687, -14.6750402451, -13.6120662689, 7.4798874855, -3.98219966888, 20.1522331238, 32.7213935852], [-155.268371582, -85.7319107056, 88.9870834351, 328.806182861, 120.032348633, 20.8090896606, 3.72587251663, 11.1087465286, -5.916056633, -12.8560600281, -19.1503047943, 12.6494541168, 25.1904010773], [-182.961044312, -1.25491857529, 15.3437576294, 120.032348633, 210.813201904, 50.9917030334, -17.4237174988, 6.19395923615, 13.3132696152, -4.26057672501, -8.13144207001, -11.0327854156, 8.40284442902], [-66.7545623779, -15.3323869705, 31.9238796234, 20.8090896606, 50.9917030334, 141.303787231, 74.0905914307, 16.7681503296, 18.6937656403, 5.98275279999, -1.81286680698, 5.53256511688, -4.12434148788], [-71.1749954224, -35.8002281189, 33.3875541687, 3.72587251663, -17.4237174988, 74.0905914307, 145.420089722, 52.6369056702, 10.3760576248, 3.93360590935, -6.75355243683, 9.51750278473, -0.625938594341], [-48.2735900879, 37.8687400818, -14.6750402451, 11.1087465286, 6.19395923615, 16.7681503296, 52.6369056702, 100.007583618, 40.8158836365, -3.7968621254, -6.57138967514, -3.04479789734, 2.96323394775], [-15.0240297318, 25.1408500671, -13.6120662689, -5.916056633, 13.3132696152, 18.6937656403, 10.3760576248, 40.8158836365, 92.3883972168, 26.0701465607, -6.20483207703, -10.4483118057, -1.68724131584], [74.1691741943, -17.8056030273, 7.4798874855, -12.8560600281, -4.26057672501, 5.98275279999, 3.93360590935, -3.7968621254, 26.0701465607, 80.6174468994, 33.014667511, 0.0227918308228, -1.03368890285], [55.3319358826, 54.9232597351, -3.98219966888, -19.1503047943, -8.13144207001, -1.81286680698, -6.75355243683, -6.57138967514, -6.20483207703, 33.014667511, 106.95149231, 48.1643943787, -4.80235433578], [30.756526947, -10.4265527725, 20.1522331238, 12.6494541168, -11.0327854156, 5.53256511688, 9.51750278473, -3.04479789734, -10.4483118057, 0.0227918308228, 48.1643943787, 94.6232833862, 20.9850826263], [-36.1505432129, 13.8444814682, 32.7213935852, 25.1904010773, 8.40284442902, -4.12434148788, -0.625938594341, 2.96323394775, -1.68724131584, -1.03368890285, -4.80235433578, 20.9850826263, 66.8142776489]],
