{
"lowlevel": {
    "average_loudness": 0.971231460571,
    "barkbands_crest": {
        "dmean": 2.86973595619,
        "dmean2": 4.74623441696,
        "dvar": 6.61110067368,
        "dvar2": 17.7365875244,
        "max": 23.170091629,
        "mean": 10.5481433868,
        "median": 9.93672370911,
        "min": 2.71341538429,
        "var": 15.9455680847
    },
    "barkbands_flatness_db": {
        "dmean": 0.0203723870218,
        "dmean2": 0.0321848392487,
        "dvar": 0.000368512613932,
        "dvar2": 0.000887464091647,
        "max": 0.247342050076,
        "mean": 0.123482607305,
        "median": 0.121600732207,
        "min": 0.0251254681498,
        "var": 0.00155714945868
    },
    "barkbands_kurtosis": {
        "dmean": 2.60624670982,
        "dmean2": 4.25274276733,
        "dvar": 13.4709997177,
        "dvar2": 35.8493423462,
        "max": 38.9819030762,
        "mean": 3.57415008545,
        "median": 2.42371845245,
        "min": -1.79403471947,
        "var": 20.2443885803
    },
    "barkbands_skewness": {
        "dmean": 0.535735547543,
        "dmean2": 0.841234207153,
        "dvar": 0.316788554192,
        "dvar2": 0.77856951952,
        "max": 5.79142522812,
        "mean": 1.57218968868,
        "median": 1.62894153595,
        "min": -2.18710255623,
        "var": 1.21612358093
    },
    "barkbands_spread": {
        "dmean": 6.07235193253,
        "dmean2": 9.38460063934,
        "dvar": 51.3684158325,
        "dvar2": 103.78062439,
        "max": 135.244995117,
        "mean": 22.8574943542,
        "median": 18.8639698029,
        "min": 3.49672889709,
        "var": 219.526016235
    },
    "dissonance": {
        "dmean": 0.0148446438834,
        "dmean2": 0.0243446808308,
        "dvar": 0.000293401099043,
        "dvar2": 0.000748771941289,
        "max": 0.499980509281,
        "mean": 0.469609498978,
        "median": 0.476700723171,
        "min": 0.300529450178,
        "var": 0.000653131399304
    },
    "dynamic_complexity": 2.60165452957,
    "erbbands_crest": {
        "dmean": 2.3445661068,
        "dmean2": 3.71670985222,
        "dvar": 6.97809457779,
        "dvar2": 15.431974411,
        "max": 29.2474308014,
        "mean": 7.98355817795,
        "median": 6.25660228729,
        "min": 2.2845158577,
        "var": 23.1481361389
    },
    "erbbands_flatness_db": {
        "dmean": 0.0165585223585,
        "dmean2": 0.0238960944116,
        "dvar": 0.000309642491629,
        "dvar2": 0.000564751389902,
        "max": 0.292938143015,
        "mean": 0.141510337591,
        "median": 0.142421498895,
        "min": 0.0558873228729,
        "var": 0.00207080133259
    },
    "erbbands_kurtosis": {
        "dmean": 0.651124298573,
        "dmean2": 1.01157617569,
        "dvar": 0.702035725117,
        "dvar2": 1.54787015915,
        "max": 11.9362411499,
        "mean": -0.0175481028855,
        "median": -0.468546390533,
        "min": -1.64685356617,
        "var": 2.28917360306
    },
    "erbbands_skewness": {
        "dmean": 0.319844424725,
        "dmean2": 0.481925994158,
        "dvar": 0.0935204103589,
        "dvar2": 0.188791066408,
        "max": 3.02350020409,
        "mean": 0.11653213203,
        "median": 0.0621520206332,
        "min": -2.02490544319,
        "var": 0.504154264927
    },
    "erbbands_spread": {
        "dmean": 8.02013587952,
        "dmean2": 11.9955368042,
        "dvar": 75.3068313599,
        "dvar2": 141.053527832,
        "max": 133.404144287,
        "mean": 42.9783592224,
        "median": 42.4936332703,
        "min": 5.21437597275,
        "var": 333.659057617
    },
    "hfc": {
        "dmean": 5.52683067322,
        "dmean2": 7.76067304611,
        "dvar": 49.0096702576,
        "dvar2": 90.1382446289,
        "max": 74.5115661621,
        "mean": 20.5547275543,
        "median": 17.7699794769,
        "min": 1.16569891811e-16,
        "var": 169.996765137
    },
    "melbands_crest": {
        "dmean": 3.50564217567,
        "dmean2": 5.75965547562,
        "dvar": 9.63637256622,
        "dvar2": 24.4881324768,
        "max": 34.0745124817,
        "mean": 15.0707521439,
        "median": 14.5202913284,
        "min": 2.80439519882,
        "var": 29.1217727661
    },
    "melbands_flatness_db": {
        "dmean": 0.0248287301511,
        "dmean2": 0.0393282100558,
        "dvar": 0.000589826260693,
        "dvar2": 0.00140771490987,
        "max": 0.346330076456,
        "mean": 0.190769344568,
        "median": 0.193342879415,
        "min": 0.00769049534574,
        "var": 0.00310905324295
    },
    "melbands_kurtosis": {
        "dmean": 7.47431850433,
        "dmean2": 12.0557279587,
        "dvar": 136.85244751,
        "dvar2": 365.319854736,
        "max": 133.231124878,
        "mean": 13.7967329025,
        "median": 10.2056751251,
        "min": -1.51274573803,
        "var": 202.659896851
    },
    "melbands_skewness": {
        "dmean": 0.809358477592,
        "dmean2": 1.24729669094,
        "dvar": 0.786032259464,
        "dvar2": 1.90203297138,
        "max": 10.0915718079,
        "mean": 2.87322115898,
        "median": 2.79709100723,
        "min": -1.27287936211,
        "var": 2.76288318634
    },
    "melbands_spread": {
        "dmean": 6.51129245758,
        "dmean2": 10.2994041443,
        "dvar": 69.4028396606,
        "dvar2": 164.140213013,
        "max": 166.913742065,
        "mean": 22.8826713562,
        "median": 17.737821579,
        "min": 2.70510816574,
        "var": 359.78125
    },
    "pitch_salience": {
        "dmean": 0.0788851678371,
        "dmean2": 0.130594104528,
        "dvar": 0.00522394711152,
        "dvar2": 0.0135092670098,
        "max": 0.880279421806,
        "mean": 0.551463544369,
        "median": 0.560464501381,
        "min": 0.195111230016,
        "var": 0.0113553171977
    },
    "silence_rate_20dB": {
        "dmean": 0,
        "dmean2": 0,
        "dvar": 0,
        "dvar2": 0,
        "max": 1,
        "mean": 1,
        "median": 1,
        "min": 1,
        "var": 0
    },
    "silence_rate_30dB": {
        "dmean": 0,
        "dmean2": 0,
        "dvar": 0,
        "dvar2": 0,
        "max": 1,
        "mean": 1,
        "median": 1,
        "min": 1,
        "var": 0
    },
    "silence_rate_60dB": {
        "dmean": 0.00425696605816,
        "dmean2": 0.00851722806692,
        "dvar": 0.0042388420552,
        "dvar2": 0.008444622159,
        "max": 1,
        "mean": 0.0425531901419,
        "median": 0,
        "min": 0,
        "var": 0.0407399386168
    },
    "spectral_centroid": {
        "dmean": 241.024520874,
        "dmean2": 377.543212891,
        "dvar": 82416.265625,
        "dvar2": 158955.6875,
        "max": 10622.4941406,
        "mean": 1439.66369629,
        "median": 1235.37902832,
        "min": 396.011932373,
        "var": 689861.25
    },
    "spectral_complexity": {
        "dmean": 3.54798769951,
        "dmean2": 5.34068918228,
        "dvar": 11.1664180756,
        "dvar2": 21.6408061981,
        "max": 48,
        "mean": 22.0247573853,
        "median": 22,
        "min": 0,
        "var": 70.3730392456
    },
    "spectral_decrease": {
        "dmean": 3.32956462401e-09,
        "dmean2": 5.25563104148e-09,
        "dvar": 1.93865840399e-17,
        "dvar2": 4.76798981913e-17,
        "max": -6.49521137636e-29,
        "mean": -8.10011080432e-09,
        "median": -6.78813272259e-09,
        "min": -3.66842805022e-08,
        "var": 3.20429023613e-17
    },
    "spectral_energy": {
        "dmean": 0.0129592958838,
        "dmean2": 0.0203532427549,
        "dvar": 0.000288214505417,
        "dvar2": 0.000703975616489,
        "max": 0.141002520919,
        "mean": 0.0324360914528,
        "median": 0.0271447859704,
        "min": 1.08183680752e-20,
        "var": 0.000490803737193
    },
    "spectral_energyband_high": {
        "dmean": 0.000241145069594,
        "dmean2": 0.0003436258703,
        "dvar": 1.79170555725e-07,
        "dvar2": 3.15241379667e-07,
        "max": 0.00663350848481,
        "mean": 0.00073066551704,
        "median": 0.000441885407781,
        "min": 7.41326211995e-21,
        "var": 6.46494754619e-07
    },
    "spectral_energyband_low": {
        "dmean": 0.00780773768201,
        "dmean2": 0.0132997771725,
        "dvar": 0.000212508224649,
        "dvar2": 0.000564732996281,
        "max": 0.118984311819,
        "mean": 0.0121020935476,
        "median": 0.008037019521,
        "min": 1.27018508074e-22,
        "var": 0.000216892498429
    },
    "spectral_energyband_middle_high": {
        "dmean": 0.00202951789834,
        "dmean2": 0.00278505985625,
        "dvar": 1.01488303699e-05,
        "dvar2": 1.70182738657e-05,
        "max": 0.0548895932734,
        "mean": 0.00541188428178,
        "median": 0.00332471914589,
        "min": 1.69219443876e-21,
        "var": 3.88593616663e-05
    },
    "spectral_energyband_middle_low": {
        "dmean": 0.00694863405079,
        "dmean2": 0.0108881806955,
        "dvar": 0.000101653669844,
        "dvar2": 0.000245139322942,
        "max": 0.0857119336724,
        "mean": 0.0160762127489,
        "median": 0.0118029285222,
        "min": 4.51766781712e-22,
        "var": 0.000209524412639
    },
    "spectral_entropy": {
        "dmean": 0.126054152846,
        "dmean2": 0.185943424702,
        "dvar": 0.017735214904,
        "dvar2": 0.031280733645,
        "max": 9.80638313293,
        "mean": 7.72796392441,
        "median": 7.7331662178,
        "min": 6.56648445129,
        "var": 0.13420791924
    },
    "spectral_flux": {
        "dmean": 0.0336096473038,
        "dmean2": 0.0525886751711,
        "dvar": 0.0013567446731,
        "dvar2": 0.0029116764199,
        "max": 0.320281922817,
        "mean": 0.0980972498655,
        "median": 0.0863407850266,
        "min": 1.0401138284e-10,
        "var": 0.00307104131207
    },
    "spectral_kurtosis": {
        "dmean": 1.25685083866,
        "dmean2": 2.04907727242,
        "dvar": 1.82186162472,
        "dvar2": 4.84616947174,
        "max": 15.4163608551,
        "mean": 4.17954874039,
        "median": 3.82245492935,
        "min": -1.26743173599,
        "var": 5.32707738876
    },
    "spectral_rms": {
        "dmean": 0.00103835586924,
        "dmean2": 0.00158916926011,
        "dvar": 1.39859218962e-06,
        "dvar2": 3.1822105484e-06,
        "max": 0.0117287440225,
        "mean": 0.0052713220939,
        "median": 0.00514613604173,
        "min": 3.24876974281e-12,
        "var": 3.85806424674e-06
    },
    "spectral_rolloff": {
        "dmean": 511.60559082,
        "dmean2": 860.987243652,
        "dvar": 617029.625,
        "dvar2": 1336395.875,
        "max": 18712.3535156,
        "mean": 1633.1574707,
        "median": 968.994140625,
        "min": 86.1328125,
        "var": 4651919.5
    },
    "spectral_skewness": {
        "dmean": 0.18265683949,
        "dmean2": 0.283996999264,
        "dvar": 0.0317503884435,
        "dvar2": 0.0704453960061,
        "max": 2.97750854492,
        "mean": 1.45072615147,
        "median": 1.41658747196,
        "min": 0.0093691283837,
        "var": 0.147762715816
    },
    "spectral_spread": {
        "dmean": 495538.78125,
        "dmean2": 681108.375,
        "dvar": 818526683136,
        "dvar2": 1.05606663373e+12,
        "max": 41705568,
        "mean": 4616228,
        "median": 4277396.5,
        "min": 2154521,
        "var": 2.80627380224e+12
    },
    "spectral_strongpeak": {
        "dmean": 0.515467226505,
        "dmean2": 0.837341547012,
        "dvar": 0.610936701298,
        "dvar2": 1.42260098457,
        "max": 7.63897705078,
        "mean": 0.981604635715,
        "median": 0.49524101615,
        "min": 0,
        "var": 1.31597471237
    },
    "zerocrossingrate": {
        "dmean": 0.00977696292102,
        "dmean2": 0.0116709237918,
        "dvar": 0.000153038039571,
        "dvar2": 0.000177704365342,
        "max": 0.48876953125,
        "mean": 0.06625135988,
        "median": 0.04833984375,
        "min": 0.009765625,
        "var": 0.00343783036806
    },
    "barkbands": {
        "dmean": [0.000171687439433, 0.00541683519259, 0.00278863613494, 0.00193775526714, 0.00287141045555, 0.000719825213309, 0.00276064942591, 0.000698734249454, 0.00115743395872, 0.000782440416515, 0.00037120381603, 0.000464784650831, 0.000385080900742, 0.000391864596168, 0.000338272395311, 0.000232883307035, 0.00023249721562, 0.000142653661896, 0.000144440316944, 7.85579250078e-05, 7.29499515728e-05, 7.57792440709e-05, 4.74663575005e-05, 4.84323500132e-05, 3.32277340931e-05, 1.39621197377e-05, 4.49660956292e-06],
        "dmean2": [0.000265722366748, 0.00948023982346, 0.00476145884022, 0.00331952585839, 0.00480527058244, 0.00115047232248, 0.00428469665349, 0.00112884154078, 0.00173531228211, 0.00116691866424, 0.000585608999245, 0.000708106148522, 0.000593368138652, 0.000621803104877, 0.000544185691979, 0.000360071164323, 0.000366716471035, 0.000221585243708, 0.000226382093388, 0.000126828133943, 0.000114637041406, 0.000116569986858, 6.99955053278e-05, 7.04191843397e-05, 4.61845738755e-05, 1.99594051082e-05, 6.82680956743e-06],
        "dvar": [1.26456328076e-07, 0.000129475607537, 2.2889520551e-05, 9.76963292487e-06, 2.93845769193e-05, 2.79096911981e-06, 2.84354318865e-05, 3.89447450289e-06, 1.13934929686e-05, 5.2518917073e-06, 8.43938721573e-07, 1.63652509855e-06, 9.34005015552e-07, 8.16025533368e-07, 8.18686316961e-07, 2.08951362879e-07, 1.17752598783e-07, 6.24017744144e-08, 6.01862595317e-08, 1.44506513422e-08, 1.48102499153e-08, 2.27747900539e-08, 8.83294681842e-09, 8.86098572295e-09, 3.83819287464e-09, 7.41612216082e-10, 1.00015960791e-10],
        "dvar2": [2.61521932998e-07, 0.000357201264706, 6.17748228251e-05, 2.72533361567e-05, 7.75281296228e-05, 6.57526379655e-06, 6.41039005131e-05, 8.52627908898e-06, 2.35410007008e-05, 9.80103141046e-06, 1.83041606761e-06, 3.29763474838e-06, 1.90486821339e-06, 1.87020282283e-06, 2.03619015338e-06, 4.54732258959e-07, 2.67526729658e-07, 1.49290329432e-07, 1.43362754557e-07, 3.46529809292e-08, 3.16671773248e-08, 4.78594230913e-08, 1.91276594563e-08, 1.59219286644e-08, 6.26407636872e-09, 1.49567314089e-09, 2.38973174582e-10],
        "max": [0.00279372022487, 0.0879022404552, 0.0439243391156, 0.0581875257194, 0.0463031083345, 0.0262493509799, 0.0474451035261, 0.0341499596834, 0.0433334037662, 0.0453690774739, 0.0233919080347, 0.0309215039015, 0.0161834433675, 0.0124668860808, 0.0158355236053, 0.0121002541855, 0.00561207160354, 0.00505513884127, 0.00482637062669, 0.00228170095943, 0.00251242564991, 0.00288685387932, 0.00158567039762, 0.00141170539428, 0.000866903283168, 0.000434335495811, 0.000113234564196],
        "mean": [0.000189815182239, 0.00607210583985, 0.00411830842495, 0.00337307923473, 0.00436602672562, 0.00122164015193, 0.00422663288191, 0.000927231914829, 0.00166167551652, 0.00119016587269, 0.000541027460713, 0.000704341684468, 0.000527252268512, 0.000538705848157, 0.000465667777462, 0.000421925447881, 0.000456732901512, 0.000282114895526, 0.000325828470523, 0.000167932972545, 0.000174284446985, 0.0001600394462, 0.000104159968032, 0.000109299318865, 7.46382138459e-05, 2.84009583993e-05, 7.05204456608e-06],
        "median": [2.68435815087e-05, 0.00304074049927, 0.00228540599346, 0.00158072123304, 0.00209218892269, 0.000455855886685, 0.000939129444305, 0.000226178730372, 0.000414089590777, 0.000303532055113, 0.000234113293118, 0.00025875744177, 0.000178932372364, 0.000226273055887, 0.000222054848564, 0.000266894436209, 0.000332425843226, 0.000201561560971, 0.000245491188252, 0.000105756975245, 0.00011974707013, 8.85018598638e-05, 4.87138313474e-05, 4.09197564295e-05, 3.07655936922e-05, 1.01267623904e-05, 1.86118336387e-06],
        "min": [3.91863341453e-24, 2.76536957374e-23, 5.5765195857e-23, 9.48591859447e-23, 6.64989611371e-23, 1.11827369446e-22, 5.97177108474e-23, 3.62915711882e-23, 8.04676556629e-23, 5.12253644563e-23, 3.13452555403e-23, 1.97521796586e-22, 1.41157647042e-22, 1.05015826897e-22, 1.52371664531e-22, 1.94693900634e-22, 1.33967337663e-22, 1.90674509172e-22, 3.45063032291e-22, 3.62320027236e-22, 4.32296583855e-22, 3.94988082607e-22, 5.23548277325e-22, 1.02962852364e-21, 1.24037560485e-21, 1.59253906687e-21, 2.1923638576e-21],
        "var": [1.7029927335e-07, 0.000109403277747, 2.77981071122e-05, 2.59001080849e-05, 3.64611114492e-05, 6.34251273368e-06, 6.10578936175e-05, 6.98862231729e-06, 1.90375812963e-05, 1.3659088836e-05, 1.30205592086e-06, 2.95674658446e-06, 1.62766923495e-06, 1.05176866327e-06, 9.22697495298e-07, 3.27979876147e-07, 2.0854137972e-07, 1.06887718232e-07, 1.15166940873e-07, 3.8623898746e-08, 3.37671259842e-08, 5.14604145962e-08, 2.2781724951e-08, 2.72542486357e-08, 1.23060814872e-08, 1.88628379583e-09, 1.53101475941e-10]
    },
    "erbbands": {
        "dmean": [0.123464532197, 1.33347761631, 3.11607122421, 4.74566268921, 9.1561832428, 10.1276311874, 5.23358154297, 6.80133914948, 30.0901489258, 37.1724014282, 12.4091625214, 27.7732219696, 23.0356578827, 21.6422252655, 14.9957942963, 17.168920517, 17.0699443817, 19.0559673309, 17.7971229553, 13.7873210907, 11.2635765076, 12.9468994141, 8.40694713593, 8.08823871613, 5.36365938187, 3.85334634781, 3.02691245079, 2.83007216454, 2.66020321846, 2.37320876122, 1.16851365566, 0.972775042057, 0.885647237301, 0.458296209574, 0.20943403244, 0.0732312649488, 0.026458574459, 0.00537390913814, 0.000828568940051, 4.9644990213e-05],
        "dmean2": [0.212899550796, 2.36899590492, 5.3180642128, 8.13226699829, 15.7507543564, 16.7310295105, 8.55753231049, 10.5606822968, 45.849407196, 59.6725769043, 19.7454910278, 42.1873016357, 34.5427207947, 31.1828269958, 23.2305583954, 25.7781867981, 25.3611469269, 29.6910076141, 28.4555778503, 20.1778068542, 17.667131424, 20.2181129456, 12.9508457184, 12.7656450272, 8.35305023193, 6.16982603073, 4.6855840683, 4.47045373917, 4.16516971588, 3.56952357292, 1.755204916, 1.41507124901, 1.30815804005, 0.660329639912, 0.293191730976, 0.103012882173, 0.0387528017163, 0.00791552662849, 0.00124215823598, 7.50827821321e-05],
        "dvar": [0.0652523040771, 8.02127075195, 31.8235015869, 54.1012229919, 354.480834961, 337.193511963, 125.744300842, 240.899719238, 3717.56567383, 7749.64013672, 997.999511719, 7237.74755859, 5927.71240234, 3857.00195312, 1178.49645996, 2400.7253418, 1952.1583252, 1889.92297363, 2162.51318359, 1406.0020752, 237.056182861, 418.773132324, 226.218078613, 188.958694458, 64.3474121094, 38.5368080139, 23.0305576324, 23.7255058289, 28.1807308197, 24.8010578156, 5.72069692612, 4.09119367599, 2.89475440979, 0.741131901741, 0.170531794429, 0.0195944085717, 0.00301037100144, 0.000123611200252, 3.45688340531e-06, 1.02026360693e-08],
        "dvar2": [0.16591411829, 22.5995311737, 85.4038162231, 150.955749512, 973.302368164, 858.615539551, 318.307312012, 552.694641113, 7970.20654297, 19463.8300781, 2238.10375977, 15288.4287109, 12657.1279297, 6108.47607422, 2540.14428711, 4817.54394531, 3713.38085938, 4136.43847656, 5554.87792969, 2822.20776367, 566.260864258, 951.898498535, 540.138366699, 463.554046631, 142.539413452, 92.9911193848, 51.0614280701, 50.2849235535, 61.7373046875, 53.0150794983, 12.4270391464, 7.94968700409, 5.60015201569, 1.31996309757, 0.289179861546, 0.0356979295611, 0.00641613965854, 0.000283892732114, 8.25112965686e-06, 2.46227500611e-08],
        "max": [1.79472947121, 22.4403610229, 50.2759513855, 101.003303528, 160.248626709, 191.682495117, 117.130088806, 244.128967285, 813.530761719, 1025.25976562, 550.706604004, 1273.17077637, 1642.4967041, 1694.23071289, 605.893737793, 1229.22045898, 865.030456543, 739.266113281, 664.094909668, 1100.02807617, 265.221252441, 350.559387207, 294.371856689, 246.253616333, 155.069595337, 119.91960907, 98.8274841309, 94.0526199341, 103.174797058, 78.5325775146, 40.6572570801, 31.9886207581, 27.2928886414, 12.4024171829, 6.75640106201, 1.87536597252, 1.03060138226, 0.134672105312, 0.0200609397143, 0.00146023475099],
        "mean": [0.136025637388, 1.49182844162, 4.51292324066, 8.77739620209, 13.092045784, 16.1753501892, 8.6147403717, 12.3157224655, 50.0534896851, 50.1954345703, 18.0768642426, 39.964099884, 32.9097328186, 37.6897087097, 25.065908432, 26.5357017517, 25.798166275, 27.8805274963, 25.4861068726, 23.4971179962, 23.5168094635, 26.1653499603, 17.12774086, 18.0923099518, 12.5386838913, 8.44265937805, 6.76459217072, 6.60310459137, 5.66092348099, 4.95185756683, 2.62196993828, 2.07186985016, 1.89076340199, 1.00174677372, 0.443928986788, 0.151889026165, 0.0508583299816, 0.00929065048695, 0.0013399295276, 9.98221948976e-05],
        "median": [0.0443600863218, 0.787020802498, 2.53303527832, 5.30725669861, 7.01850557327, 7.23760414124, 4.11585664749, 5.07728099823, 12.4796800613, 11.0248451233, 7.00749015808, 9.49896240234, 9.04950237274, 10.1518220901, 11.379693985, 10.1994628906, 9.55856895447, 11.3692140579, 12.7728767395, 11.6024370193, 17.0956382751, 19.0699462891, 12.0796461105, 13.5971126556, 9.3357629776, 5.28197193146, 4.54296302795, 4.54054927826, 3.26550841331, 2.48948502541, 1.23650801182, 0.78567481041, 0.72527050972, 0.424552857876, 0.180822074413, 0.0555599853396, 0.0167112052441, 0.00292601599358, 0.000365305138985, 6.10241113463e-05],
        "min": [8.71857352334e-22, 6.29239644312e-21, 4.68805516893e-20, 2.06906111663e-19, 3.52305218475e-19, 1.12146484962e-19, 3.0007442381e-19, 1.31945244209e-18, 7.78028713375e-19, 7.00059185823e-19, 1.44614797421e-18, 1.58323589334e-18, 1.45886049945e-18, 1.44640305603e-18, 1.72053960322e-18, 1.01960077285e-17, 6.3092026626e-18, 6.53926309765e-18, 5.41270720985e-18, 1.00243396273e-17, 1.00103867447e-17, 8.52563724984e-18, 9.66140255299e-18, 1.53043352204e-17, 1.45198851039e-17, 1.53556849385e-17, 2.60055079393e-17, 1.1488264023e-17, 1.2760723404e-17, 1.75331022434e-17, 1.45667399226e-17, 1.9075488029e-17, 1.84582442015e-17, 1.1984963647e-17, 9.704494527e-18, 6.03544972042e-18, 3.34695411774e-18, 1.25468657827e-18, 3.17398196626e-19, 2.98091174281e-20],
        "var": [0.0665187686682, 6.2978887558, 33.7631340027, 109.758293152, 341.962036133, 541.149169922, 185.015991211, 615.640930176, 9619.36035156, 11801.6572266, 1479.66650391, 11510.4560547, 11205.2871094, 14020.0449219, 2132.53466797, 3878.23706055, 3633.40649414, 2811.95678711, 2096.61962891, 2443.84741211, 501.196380615, 709.460144043, 382.650878906, 356.900665283, 150.695968628, 107.002609253, 51.1464347839, 54.0427398682, 59.8976478577, 57.9822273254, 14.6045074463, 11.3920431137, 7.86487340927, 2.10449624062, 0.511556744576, 0.0573117882013, 0.00647369492799, 0.000221655354835, 5.40935843674e-06, 1.47921896954e-08]
    },
    "gfcc": {
        "mean": [15.4139328003, 81.8081741333, -114.462425232, 33.1750183105, -49.3646697998, 8.82220554352, -35.4620819092, 8.07957363129, -23.4376277924, -0.286232352257, -17.727355957, -1.66141235828, -13.7805776596],
        "cov": [[9119.78515625, 1580.22619629, 102.416091919, 78.0724258423, -103.89730072, 142.823898315, -205.101074219, 79.543762207, 24.7276382446, -105.307128906, -161.915405273, -63.1175689697, -138.411224365], [1580.22619629, 2896.64501953, -213.907623291, 57.6385688782, 368.36227417, -355.275482178, 74.4601516724, 7.92499828339, 24.5876541138, -221.90977478, -104.314178467, -104.914245605, 159.259246826], [102.416091919, -213.907623291, 537.143310547, 135.76461792, 49.4756660461, 159.699645996, -41.0934638977, 66.8522796631, 8.20472145081, 2.18829774857, -13.8328943253, 41.0292015076, -5.52117443085], [78.0724258423, 57.6385688782, 135.76461792, 400.959899902, 136.688430786, 76.3464202881, 32.4447860718, 23.8480606079, 23.3717136383, 13.9327335358, 1.53195333481, 1.32321643829, 65.491394043], [-103.89730072, 368.36227417, 49.4756660461, 136.688430786, 249.543930054, 12.6587076187, 77.0449676514, 31.5711917877, 26.2130470276, -10.2937469482, -10.8733053207, -10.0834331512, 54.9146728516], [142.823898315, -355.275482178, 159.699645996, 76.3464202881, 12.6587076187, 244.638793945, 87.5101699829, 57.9432640076, 16.5546321869, 27.1790714264, 19.4964485168, 23.7191772461, -25.2254066467], [-205.101074219, 74.4601516724, -41.0934638977, 32.4447860718, 77.0449676514, 87.5101699829, 213.422653198, 48.1474647522, 21.5824356079, 3.94306826591, 29.1782112122, 2.23294878006, 15.1592140198], [79.543762207, 7.92499828339, 66.8522796631, 23.8480606079, 31.5711917877, 57.9432640076, 48.1474647522, 95.5926361084, 41.2500076294, 14.9512929916, 5.90377855301, 11.0560483932, 10.2748355865], [24.7276382446, 24.5876541138, 8.20472145081, 23.3717136383, 26.2130470276, 16.5546321869, 21.5824356079, 41.2500076294, 99.3488922119, 47.4122467041, 17.8486309052, 4.18583440781, -1.24404883385], [-105.307128906, -221.90977478, 2.18829774857, 13.9327335358, -10.2937469482, 27.1790714264, 3.94306826591, 14.9512929916, 47.4122467041, 104.288291931, 50.5586433411, 18.1501464844, -9.35803127289], [-161.915405273, -104.314178467, -13.8328943253, 1.53195333481, -10.8733053207, 19.4964485168, 29.1782112122, 5.90377855301, 17.8486309052, 50.5586433411, 71.5604553223, 27.6868553162, -0.938339948654], [-63.1175689697, -104.914245605, 41.0292015076, 1.32321643829, -10.0834331512, 23.7191772461, 2.23294878006, 11.0560483932, 4.18583440781, 18.1501464844, 27.6868553162, 59.1010437012, 13.8589258194], [-138.411224365, 159.259246826, -5.52117443085, 65.491394043, 54.9146728516, -25.2254066467, 15.1592140198, 10.2748355865, -1.24404883385, -9.35803127289, -0.938339948654, 13.8589258194, 76.3136444092]],
        "icov": [[0.000186918012332, -0.000257763284026, 0.000126558094053, -0.00016197230434, 0.000306551490212, -0.000521078240126, 0.000355477153789, -0.000223232549615, 0.000170651910594, -0.000353774783434, 0.000478041358292, -0.000324234046275, 0.000615871278569], [-0.000257763284026, 0.00111641990952, -0.000173681837623, 0.000326218025293, -0.00127186952159, 0.00172213313635, -0.000662609876599, 5.39125467185e-05, -0.0010173128685, 0.00221784412861, -0.00119817187078, 0.00122176890727, -0.00146228156518], [0.000126558094053, -0.000173681837623, 0.00339772901498, -0.000825604016427, -0.000713003217243, -0.00237489352003, 0.00236440054141, -0.00205832626671, 0.00063017726643, 0.000336662575137, 0.000994584639557, -0.00236976915039, 0.00157599989325], [-0.00016197230434, 0.000326218025293, -0.000825604016427, 0.00424363976344, -0.00178023031913, -0.00108007504605, 0.000218686327571, 0.00143089087214, -0.000927722663619, 2.7279807e-06, -0.00105916021857, 0.00234050862491, -0.00444105966017], [0.000306551490212, -0.00127186952159, -0.000713003217243, -0.00178023031913, 0.00810633786023, -0.000834220612887, -0.00191066076513, 1.4418687897e-05, -0.000236738414969, -0.00237303203903, 0.00260415347293, 0.000233994520386, -0.00135028152727], [-0.000521078240126, 0.00172213313635, -0.00237489352003, -0.00108007504605, -0.000834220612887, 0.0114238122478, -0.0053901351057, -0.00206175399944, 3.55488396053e-07, 0.00142509187572, -0.000729928549845, -0.000578625418711, 0.00221167621203], [0.000355477153789, -0.000662609876599, 0.00236440054141, 0.000218686327571, -0.00191066076513, -0.0053901351057, 0.00977323949337, -0.00323777948506, 0.000247383344686, 0.00184131413698, -0.00394544377923, 0.000867370457854, 0.000122452751384], [-0.000223232549615, 5.39125467185e-05, -0.00205832626671, 0.00143089087214, 1.4418687897e-05, -0.00206175399944, -0.00323777948506, 0.0179607309401, -0.00677896710113, -9.55779614742e-05, 0.00133783649653, -0.000233178128838, -0.00442466046661], [0.000170651910594, -0.0010173128685, 0.00063017726643, -0.000927722663619, -0.000236738414969, 3.55488396053e-07, 0.000247383344686, -0.00677896710113, 0.0174659918994, -0.00946430675685, 0.00225842860527, -0.00106748240069, 0.00365413562395], [-0.000353774783434, 0.00221784412861, 0.000336662575137, 2.7279807e-06, -0.00237303203903, 0.00142509187572, 0.00184131413698, -9.55779614742e-05, -0.00946430675685, 0.0241552479565, -0.0147943375632, 0.00278510781936, -0.0013022008352], [0.000478041358292, -0.00119817187078, 0.000994584639557, -0.00105916021857, 0.00260415347293, -0.000729928549845, -0.00394544377923, 0.00133783649653, 0.00225842860527, -0.0147943375632, 0.0303252916783, -0.0123310722411, 0.00367172551341], [-0.000324234046275, 0.00122176890727, -0.00236976915039, 0.00234050862491, 0.000233994520386, -0.000578625418711, 0.000867370457854, -0.000233178128838, -0.00106748240069, 0.00278510781936, -0.0123310722411, 0.0281376540661, -0.010755803436], [0.000615871278569, -0.00146228156518, 0.00157599989325, -0.00444105966017, -0.00135028152727, 0.00221167621203, 0.000122452751384, -0.00442466046661, 0.00365413562395, -0.0013022008352, 0.00367172551341, -0.010755803436, 0.025370221585]]
    },
    "melbands": {
        "dmean": [0.00131307123229, 0.0016646530712, 0.0009147352539, 0.00072764325887, 0.000218524626689, 0.000155361543875, 0.000491785292979, 0.000354488031007, 0.00011034081399, 0.000178943228093, 0.000119129348604, 9.43385675782e-05, 5.03011578985e-05, 5.64430083614e-05, 3.71111673303e-05, 3.98865013267e-05, 3.75233394152e-05, 3.10779287247e-05, 2.44829479925e-05, 1.58884668053e-05, 1.39857129398e-05, 1.42022363434e-05, 1.23702557175e-05, 5.86592750551e-06, 7.44200042391e-06, 5.12134238306e-06, 3.34788433065e-06, 2.52562017522e-06, 1.97274835045e-06, 2.14935994336e-06, 1.59633225394e-06, 1.6115317294e-06, 1.66032759807e-06, 1.29181228203e-06, 7.23922482848e-07, 6.58779072182e-07, 6.03813305133e-07, 6.61486069475e-07, 5.86209466746e-07, 3.66405345176e-07],
        "dmean2": [0.00229192548431, 0.00284658349119, 0.00156955386046, 0.00122546206694, 0.000360313395504, 0.000244845374255, 0.000752625172026, 0.000565991096664, 0.000173862936208, 0.000271017983323, 0.000180933551746, 0.000136224378366, 7.7973731095e-05, 8.67660346557e-05, 5.76185084356e-05, 6.12038202235e-05, 5.94175398874e-05, 5.01445429109e-05, 3.85655512218e-05, 2.36802443396e-05, 2.27393556997e-05, 2.25011190196e-05, 1.97563258553e-05, 9.15061718842e-06, 1.19135256682e-05, 8.20816967462e-06, 5.35236176802e-06, 4.07356901633e-06, 3.12820111503e-06, 3.43301576322e-06, 2.52806694334e-06, 2.57539568338e-06, 2.592112196e-06, 1.96003838937e-06, 1.11783651846e-06, 9.95407390292e-07, 8.99491908513e-07, 1.00755676158e-06, 8.76920239534e-07, 5.32880164883e-07],
        "dvar": [7.47507237975e-06, 1.01512332549e-05, 1.88302669812e-06, 1.83898816886e-06, 1.9046979105e-07, 1.2159948426e-07, 9.16416013297e-07, 6.95448477472e-07, 8.99493386441e-08, 2.99568597484e-07, 1.56756271963e-07, 7.35952099262e-08, 1.26587487159e-08, 2.84848074017e-08, 9.02409436065e-09, 1.14242348914e-08, 8.06680944265e-09, 7.28437266062e-09, 4.7788355495e-09, 1.4837139295e-09, 3.50330708887e-10, 5.02780761469e-10, 3.90819709928e-10, 1.21147245014e-10, 1.66519284472e-10, 7.62434837487e-11, 2.40453247591e-11, 1.743634577e-11, 9.37275951296e-12, 1.36344381965e-11, 8.27545844351e-12, 9.54721371405e-12, 1.14863136363e-11, 7.17873286857e-12, 2.05012829629e-12, 2.08999983119e-12, 1.58887226293e-12, 1.58770652875e-12, 1.31755077768e-12, 4.59087683233e-13],
        "dvar2": [2.01656657737e-05, 2.76550290437e-05, 5.18295883012e-06, 4.92324397783e-06, 4.67612125021e-07, 2.73541729712e-07, 1.98132670448e-06, 1.74858519131e-06, 1.95275688952e-07, 6.33544232187e-07, 3.3836195712e-07, 1.17195511962e-07, 2.77070260069e-08, 5.82320431874e-08, 1.89678885931e-08, 2.36255424113e-08, 1.79057195737e-08, 1.88999944584e-08, 1.16464340394e-08, 2.70746070008e-09, 8.84573914117e-10, 1.14266485163e-09, 9.10914677021e-10, 3.01587393947e-10, 4.15369405538e-10, 1.78566966769e-10, 5.63317413549e-11, 4.39797712137e-11, 2.19557445141e-11, 3.09236074247e-11, 1.84348456639e-11, 2.10050709465e-11, 2.64302642272e-11, 1.56053156508e-11, 4.53911387643e-12, 4.81613577144e-12, 3.09031858263e-12, 3.30086413931e-12, 2.57884035307e-12, 8.60420946731e-13],
        "max": [0.0194737836719, 0.026377575472, 0.0191433150321, 0.0118529172614, 0.00538293551654, 0.0058962199837, 0.0113156344742, 0.0107558751479, 0.00494277570397, 0.0079163517803, 0.00838200841099, 0.00712533202022, 0.00225457618944, 0.00459206989035, 0.00128306925762, 0.00209092814475, 0.00155363208614, 0.00138753734063, 0.0011158818379, 0.00107873999514, 0.000230196717894, 0.000421309523517, 0.000258229032625, 0.000238964799792, 0.000237270534853, 0.000150734427734, 8.19689958007e-05, 7.4932773714e-05, 4.66439487354e-05, 8.9180728537e-05, 5.6530112488e-05, 5.82649263379e-05, 6.76302006468e-05, 4.08812411479e-05, 2.67964260274e-05, 2.58056079474e-05, 1.69499508047e-05, 1.96363234863e-05, 1.90030805243e-05, 9.86687155091e-06],
        "mean": [0.00146451918408, 0.00232008681633, 0.00164624815807, 0.00114028959069, 0.000367893691873, 0.000276371079963, 0.000806604628451, 0.000475942419143, 0.000149296814925, 0.000252448604442, 0.000160230847541, 0.000156330133905, 8.04882365628e-05, 8.20717832539e-05, 5.55195547349e-05, 5.50217555428e-05, 5.18356355315e-05, 4.08108062402e-05, 3.48340763594e-05, 2.81903921859e-05, 2.71424214588e-05, 2.69861029665e-05, 2.18664645217e-05, 1.17087893159e-05, 1.53689416038e-05, 1.06997158582e-05, 7.03980867911e-06, 5.05322805111e-06, 3.84536770071e-06, 4.63806281914e-06, 3.42377234119e-06, 3.18314027936e-06, 3.13280156661e-06, 2.56741964222e-06, 1.50844880409e-06, 1.29759780521e-06, 1.20529648484e-06, 1.32741013203e-06, 1.18061507237e-06, 7.37498282888e-07],
        "median": [0.000699917320162, 0.00149916566443, 0.001021056436, 0.000547389558051, 0.000187985046068, 0.000101076308056, 0.000187977435417, 9.81624471024e-05, 5.15769133926e-05, 5.85433626838e-05, 4.33161658293e-05, 4.06142571592e-05, 3.73750044673e-05, 2.94212313747e-05, 2.26136107813e-05, 1.8445753085e-05, 2.07729681279e-05, 1.94829881366e-05, 1.60743584274e-05, 1.54138651851e-05, 1.97508234123e-05, 1.96278760995e-05, 1.45123394759e-05, 8.40927350509e-06, 1.13092464744e-05, 7.67321944295e-06, 4.96273969475e-06, 2.91398555419e-06, 2.3928093924e-06, 3.01895693156e-06, 2.23379129238e-06, 1.73911223555e-06, 1.6825503053e-06, 1.20944946502e-06, 7.15271710305e-07, 5.2236390502e-07, 4.38510625145e-07, 4.92382241646e-07, 4.50676822084e-07, 3.17023960861e-07],
        "min": [7.45939220026e-24, 1.94662472416e-23, 4.34090055967e-23, 1.547232652e-23, 1.01245216921e-23, 2.62172983581e-23, 1.2650928416e-23, 7.07766477481e-24, 1.25335096257e-23, 1.00797506803e-23, 7.6141801205e-24, 6.44961395398e-24, 4.49924845141e-24, 1.6398226764e-23, 2.59561633104e-23, 1.19447377671e-23, 1.17175276826e-23, 6.75028513256e-24, 1.40311517991e-23, 1.13194408597e-23, 1.26454324221e-23, 8.54670048517e-24, 8.75691140603e-24, 9.09266875109e-24, 1.26984099539e-23, 1.41515209292e-23, 8.82263771893e-24, 1.00543990574e-23, 1.92073225821e-23, 7.93204215593e-24, 6.53123620855e-24, 6.83402350651e-24, 8.73584014239e-24, 1.02277906843e-23, 7.82973162969e-24, 9.533767426e-24, 1.16371545892e-23, 1.31404710391e-23, 1.14825630954e-23, 9.07358778352e-24],
        "var": [6.75038472764e-06, 9.60180022958e-06, 3.66289987141e-06, 2.32531715483e-06, 2.89010955612e-07, 3.2644797443e-07, 2.32939601119e-06, 1.11288761673e-06, 1.28507963382e-07, 4.8444485401e-07, 2.85329122107e-07, 2.5661617542e-07, 2.09330242029e-08, 4.99438961299e-08, 1.30541248922e-08, 1.93992732989e-08, 1.09795879055e-08, 6.54801279865e-09, 5.70651437215e-09, 2.83239498522e-09, 6.60867971458e-10, 8.15009892907e-10, 6.32612573437e-10, 1.99385050137e-10, 2.90249435597e-10, 1.41879549775e-10, 5.27403017092e-11, 4.81290528265e-11, 1.89148089552e-11, 2.79678034204e-11, 1.63216124643e-11, 1.99669170087e-11, 2.2429048202e-11, 1.63840503664e-11, 4.99535439055e-12, 4.5628331842e-12, 4.15493767864e-12, 3.95304448897e-12, 3.22474967736e-12, 1.20441308836e-12]
    },
    "mfcc": {
        "mean": [-625.96862793, 114.931587219, -5.28250741959, 26.7706928253, 6.66372013092, 3.92893004417, 0.722812891006, 3.81725239754, 1.8629629612, -3.40967750549, 1.85492813587, -1.26606535912, -1.14174687862],
        "cov": [[4194.47363281, 975.205810547, 331.864868164, 67.9008407593, 202.434020996, 99.448387146, -14.7606287003, 190.307388306, 77.7369613647, 135.856842041, 21.322933197, -57.8591918945, -17.0828647614], [975.205810547, 2369.27099609, -351.552581787, 351.228820801, 115.484451294, -144.657440186, -17.8925228119, 70.0035400391, 139.729675293, -76.025352478, -105.365470886, -103.969551086, -42.280506134], [331.864868164, -351.552581787, 479.444458008, -32.1020927429, 117.169677734, 62.3049049377, 14.5852193832, 59.5375099182, -1.31378340721, 26.4750843048, -1.38802695274, 0.921156466007, 25.3916702271], [67.9008407593, 351.228820801, -32.1020927429, 355.313995361, 137.838088989, 40.8619689941, 33.8447303772, 1.06432151794, 82.9180984497, -5.52578878403, -51.1227378845, -0.676302373409, 13.7961206436], [202.434020996, 115.484451294, 117.169677734, 137.838088989, 218.524185181, 42.8710784912, 3.94424152374, 17.4900913239, 56.9478225708, 8.01530742645, -19.6252994537, -13.062869072, 9.98402786255], [99.448387146, -144.657440186, 62.3049049377, 40.8619689941, 42.8710784912, 145.468597412, 75.42162323, 45.1674499512, 22.5157165527, 40.3699264526, 26.8694877625, 25.0760822296, 5.67179441452], [-14.7606287003, -17.8925228119, 14.5852193832, 33.8447303772, 3.94424152374, 75.42162323, 155.599578857, 66.9508132935, 38.695980072, 21.2274074554, 6.98522663116, 30.2447967529, -5.04306697845], [190.307388306, 70.0035400391, 59.5375099182, 1.06432151794, 17.4900913239, 45.1674499512, 66.9508132935, 126.491790771, 47.5809020996, 31.6750564575, 6.74447536469, 2.63924622536, -1.82220554352], [77.7369613647, 139.729675293, -1.31378340721, 82.9180984497, 56.9478225708, 22.5157165527, 38.695980072, 47.5809020996, 102.458763123, 34.4575653076, -4.65128612518, 4.10072755814, 7.18898010254], [135.856842041, -76.025352478, 26.4750843048, -5.52578878403, 8.01530742645, 40.3699264526, 21.2274074554, 31.6750564575, 34.4575653076, 94.4944534302, 36.8687362671, 23.6648159027, 4.38453578949], [21.322933197, -105.365470886, -1.38802695274, -51.1227378845, -19.6252994537, 26.8694877625, 6.98522663116, 6.74447536469, -4.65128612518, 36.8687362671, 90.1418762207, 34.6565666199, 18.064414978], [-57.8591918945, -103.969551086, 0.921156466007, -0.676302373409, -13.062869072, 25.0760822296, 30.2447967529, 2.63924622536, 4.10072755814, 23.6648159027, 34.6565666199, 76.8101577759, 36.0785827637], [-17.0828647614, -42.280506134, 25.3916702271, 13.7961206436, 9.98402786255, 5.67179441452, -5.04306697845, -1.82220554352, 7.18898010254, 4.38453578949, 18.064414978, 36.0785827637, 77.9813842773]],
