{
"lowlevel": {
    "average_loudness": 0.881673395634,
    "barkbands_crest": {
        "dmean": 2.48710560799,
        "dmean2": 3.96598887444,
        "dvar": 5.77592897415,
        "dvar2": 14.7697706223,
        "max": 25.7843341827,
        "mean": 14.1157083511,
        "median": 13.3377923965,
        "min": 3.50805497169,
        "var": 32.4482765198
    },
    "barkbands_flatness_db": {
        "dmean": 0.0241770017892,
        "dmean2": 0.0352803394198,
        "dvar": 0.000569441996049,
        "dvar2": 0.00114862399641,
        "max": 0.512390494347,
        "mean": 0.197703838348,
        "median": 0.189636096358,
        "min": 0.0513453669846,
        "var": 0.00493891863152
    },
    "barkbands_kurtosis": {
        "dmean": 7.30874204636,
        "dmean2": 11.3875045776,
        "dvar": 172.460601807,
        "dvar2": 392.605865479,
        "max": 224.102310181,
        "mean": 16.8101863861,
        "median": 7.21073913574,
        "min": -1.88247644901,
        "var": 653.91394043
    },
    "barkbands_skewness": {
        "dmean": 0.712458610535,
        "dmean2": 1.09461343288,
        "dvar": 0.662766218185,
        "dvar2": 1.46563279629,
        "max": 12.6771154404,
        "mean": 2.96044993401,
        "median": 2.45994734764,
        "min": -2.06913948059,
        "var": 4.0048532486
    },
    "barkbands_spread": {
        "dmean": 3.69962644577,
        "dmean2": 5.52967071533,
        "dvar": 37.7624359131,
        "dvar2": 66.8544464111,
        "max": 105.442092896,
        "mean": 12.074090004,
        "median": 9.01014518738,
        "min": 0.211714506149,
        "var": 137.167297363
    },
    "dissonance": {
        "dmean": 0.0195068921894,
        "dmean2": 0.0320712141693,
        "dvar": 0.00037664512638,
        "dvar2": 0.000986273749731,
        "max": 0.499728828669,
        "mean": 0.449788719416,
        "median": 0.458972632885,
        "min": 0.269570976496,
        "var": 0.00125699758064
    },
    "dynamic_complexity": 3.2291264534,
    "erbbands_crest": {
        "dmean": 2.28371191025,
        "dmean2": 3.59988427162,
        "dvar": 5.21919345856,
        "dvar2": 13.0407171249,
        "max": 29.2985248566,
        "mean": 10.3275194168,
        "median": 8.76507854462,
        "min": 2.40185928345,
        "var": 30.0328483582
    },
    "erbbands_flatness_db": {
        "dmean": 0.0161692649126,
        "dmean2": 0.0228088870645,
        "dvar": 0.000293710443657,
        "dvar2": 0.000535683007911,
        "max": 0.386867910624,
        "mean": 0.175263047218,
        "median": 0.162448510528,
        "min": 0.0614072196186,
        "var": 0.00362375588156
    },
    "erbbands_kurtosis": {
        "dmean": 0.889770388603,
        "dmean2": 1.38415205479,
        "dvar": 1.87168157101,
        "dvar2": 4.40864562988,
        "max": 41.119430542,
        "mean": 0.847183525562,
        "median": -0.224093675613,
        "min": -1.82970798016,
        "var": 12.2355260849
    },
    "erbbands_skewness": {
        "dmean": 0.333035767078,
        "dmean2": 0.506509661674,
        "dvar": 0.117062300444,
        "dvar2": 0.247698426247,
        "max": 5.49611330032,
        "mean": 0.611465454102,
        "median": 0.482919961214,
        "min": -2.81522607803,
        "var": 0.823281645775
    },
    "erbbands_spread": {
        "dmean": 7.50624847412,
        "dmean2": 11.2175626755,
        "dvar": 87.2684631348,
        "dvar2": 197.921539307,
        "max": 150.975326538,
        "mean": 38.7884712219,
        "median": 36.952457428,
        "min": 3.1663248539,
        "var": 395.513549805
    },
    "hfc": {
        "dmean": 4.63227319717,
        "dmean2": 6.45960140228,
        "dvar": 86.3961639404,
        "dvar2": 149.477127075,
        "max": 216.185470581,
        "mean": 13.9729452133,
        "median": 8.07054233551,
        "min": 1.22642363654e-16,
        "var": 320.8644104
    },
    "melbands_crest": {
        "dmean": 3.05576825142,
        "dmean2": 4.97696733475,
        "dvar": 8.11891269684,
        "dvar2": 22.2648487091,
        "max": 34.286365509,
        "mean": 18.5262088776,
        "median": 17.9701766968,
        "min": 2.90905022621,
        "var": 43.5171546936
    },
    "melbands_flatness_db": {
        "dmean": 0.0280322711915,
        "dmean2": 0.0408025272191,
        "dvar": 0.000833210011479,
        "dvar2": 0.00160978396889,
        "max": 0.656963765621,
        "mean": 0.284899950027,
        "median": 0.275698840618,
        "min": 0.00708556594327,
        "var": 0.00731205288321
    },
    "melbands_kurtosis": {
        "dmean": 14.0619659424,
        "dmean2": 22.1940670013,
        "dvar": 495.002563477,
        "dvar2": 1221.91125488,
        "max": 355.021148682,
        "mean": 34.5870780945,
        "median": 18.1263008118,
        "min": -1.37512552738,
        "var": 1738.3079834
    },
    "melbands_skewness": {
        "dmean": 0.901521205902,
        "dmean2": 1.40655910969,
        "dvar": 0.979681313038,
        "dvar2": 2.38696193695,
        "max": 14.9713802338,
        "mean": 4.09256124496,
        "median": 3.57889509201,
        "min": -0.0608701296151,
        "var": 5.86824798584
    },
    "melbands_spread": {
        "dmean": 3.51255917549,
        "dmean2": 5.39337491989,
        "dvar": 45.5534820557,
        "dvar2": 90.3676147461,
        "max": 147.508148193,
        "mean": 11.1906518936,
        "median": 8.40359401703,
        "min": 0.281352341175,
        "var": 121.210144043
    },
    "pitch_salience": {
        "dmean": 0.0712885707617,
        "dmean2": 0.116811849177,
        "dvar": 0.00443308893591,
        "dvar2": 0.0115850735456,
        "max": 0.813064932823,
        "mean": 0.448526382446,
        "median": 0.464357823133,
        "min": 0.0686303824186,
        "var": 0.0207011178136
    },
    "silence_rate_20dB": {
        "dmean": 0,
        "dmean2": 0,
        "dvar": 0,
        "dvar2": 0,
        "max": 1,
        "mean": 1,
        "median": 1,
        "min": 1,
        "var": 0
    },
    "silence_rate_30dB": {
        "dmean": 0.0626934990287,
        "dmean2": 0.125435546041,
        "dvar": 0.0587630271912,
        "dvar2": 0.123639188707,
        "max": 1,
        "mean": 0.895938098431,
        "median": 1,
        "min": 0,
        "var": 0.0932336598635
    },
    "silence_rate_60dB": {
        "dmean": 0.025928793475,
        "dmean2": 0.0514905154705,
        "dvar": 0.0252556819469,
        "dvar2": 0.0573595613241,
        "max": 1,
        "mean": 0.0634429380298,
        "median": 0,
        "min": 0,
        "var": 0.0594203583896
    },
    "spectral_centroid": {
        "dmean": 200.306518555,
        "dmean2": 300.653320312,
        "dvar": 117063.742188,
        "dvar2": 183633.046875,
        "max": 11315.8398438,
        "mean": 864.588378906,
        "median": 721.14251709,
        "min": 144.487869263,
        "var": 319883.28125
    },
    "spectral_complexity": {
        "dmean": 2.85100626945,
        "dmean2": 4.18660449982,
        "dvar": 13.0284986496,
        "dvar2": 24.8207454681,
        "max": 49,
        "mean": 13.0688591003,
        "median": 11,
        "min": 0,
        "var": 48.4631843567
    },
    "spectral_decrease": {
        "dmean": 4.35937241861e-09,
        "dmean2": 6.49468212544e-09,
        "dvar": 6.51185761134e-17,
        "dvar2": 1.37670647197e-16,
        "max": 5.62778155721e-29,
        "mean": -1.14553175834e-08,
        "median": -7.72152475292e-09,
        "min": -8.86964670599e-08,
        "var": 1.74905381761e-16
    },
    "spectral_energy": {
        "dmean": 0.0167025700212,
        "dmean2": 0.0248829741031,
        "dvar": 0.000944134080783,
        "dvar2": 0.00199275114574,
        "max": 0.33710193634,
        "mean": 0.0445023663342,
        "median": 0.0304428506643,
        "min": 1.09116246113e-20,
        "var": 0.00256838090718
    },
    "spectral_energyband_high": {
        "dmean": 0.000313087861286,
        "dmean2": 0.000401319703087,
        "dvar": 1.24778273403e-06,
        "dvar2": 1.89279285223e-06,
        "max": 0.0270104855299,
        "mean": 0.000498781038914,
        "median": 7.83371579018e-05,
        "min": 8.05927806145e-21,
        "var": 3.43693454852e-06
    },
    "spectral_energyband_low": {
        "dmean": 0.013938033022,
        "dmean2": 0.0209920275956,
        "dvar": 0.000858279119711,
        "dvar2": 0.00182688224595,
        "max": 0.330778390169,
        "mean": 0.0284231361002,
        "median": 0.0122014861554,
        "min": 1.12351513875e-22,
        "var": 0.00198973761871
    },
    "spectral_energyband_middle_high": {
        "dmean": 0.00104042538442,
        "dmean2": 0.00144958612509,
        "dvar": 3.84086115446e-06,
        "dvar2": 7.26847338228e-06,
        "max": 0.0421213544905,
        "mean": 0.00280605303124,
        "median": 0.00135500414763,
        "min": 1.45242616196e-21,
        "var": 1.72168802237e-05
    },
    "spectral_energyband_middle_low": {
        "dmean": 0.00572183402255,
        "dmean2": 0.00908861868083,
        "dvar": 0.000106863102701,
        "dvar2": 0.000263346504653,
        "max": 0.156930550933,
        "mean": 0.0155181586742,
        "median": 0.00928867701441,
        "min": 3.03717355501e-22,
        "var": 0.000291199743515
    },
    "spectral_entropy": {
        "dmean": 0.188808426261,
        "dmean2": 0.270741581917,
        "dvar": 0.0410333536565,
        "dvar2": 0.0707066878676,
        "max": 9.80403709412,
        "mean": 7.04790687561,
        "median": 7.0870475769,
        "min": 4.15995550156,
        "var": 0.371552437544
    },
    "spectral_flux": {
        "dmean": 0.0271187741309,
        "dmean2": 0.0435795262456,
        "dvar": 0.00149071053602,
        "dvar2": 0.00393582927063,
        "max": 0.414258599281,
        "mean": 0.0793283134699,
        "median": 0.0575093738735,
        "min": 1.04458719452e-10,
        "var": 0.00415015406907
    },
    "spectral_kurtosis": {
        "dmean": 3.23994255066,
        "dmean2": 5.36618280411,
        "dvar": 26.174287796,
        "dvar2": 67.0338439941,
        "max": 123.61756897,
        "mean": 8.78024768829,
        "median": 6.19405651093,
        "min": -1.20601987839,
        "var": 127.512199402
    },
    "spectral_rms": {
        "dmean": 0.00100273580756,
        "dmean2": 0.00146976369433,
        "dvar": 1.96616565518e-06,
        "dvar2": 4.0489321691e-06,
        "max": 0.018135048449,
        "mean": 0.00574540020898,
        "median": 0.00544980214909,
        "min": 3.26274228989e-12,
        "var": 1.04072860267e-05
    },
    "spectral_rolloff": {
        "dmean": 253.923233032,
        "dmean2": 427.81350708,
        "dvar": 571698.25,
        "dvar2": 1094502.25,
        "max": 18798.4863281,
        "mean": 714.816650391,
        "median": 452.197265625,
        "min": 64.599609375,
        "var": 1031759.8125
    },
    "spectral_skewness": {
        "dmean": 0.325779825449,
        "dmean2": 0.516757190228,
        "dvar": 0.144456639886,
        "dvar2": 0.344756603241,
        "max": 9.64057254791,
        "mean": 1.99172532558,
        "median": 1.83812260628,
        "min": -0.0266747660935,
        "var": 0.866724908352
    },
    "spectral_spread": {
        "dmean": 480007.09375,
        "dmean2": 663152.5,
        "dvar": 878147665920,
        "dvar2": 1.06963317555e+12,
        "max": 39976288,
        "mean": 3666744.25,
        "median": 3410663.25,
        "min": 765628.75,
        "var": 2.34738994381e+12
    },
    "spectral_strongpeak": {
        "dmean": 0.28486469388,
        "dmean2": 0.485547542572,
        "dvar": 0.271033287048,
        "dvar2": 0.697181999683,
        "max": 7.57054233551,
        "mean": 0.810262024403,
        "median": 0.645851433277,
        "min": 2.46861731057e-09,
        "var": 0.481903523207
    },
    "zerocrossingrate": {
        "dmean": 0.00716454489157,
        "dmean2": 0.00823745410889,
        "dvar": 0.000197729226784,
        "dvar2": 0.000210146448808,
        "max": 0.505859375,
        "mean": 0.0339197739959,
        "median": 0.02783203125,
        "min": 0.00244140625,
        "var": 0.000806167838164
    },
    "barkbands": {
        "dmean": [0.000420346943429, 0.012324988842, 0.0021841712296, 0.00278539652936, 0.00242986134253, 0.00101718329825, 0.000987008679658, 0.00058791943593, 0.00050209031906, 0.000328150839778, 0.000233536746236, 0.000224701070692, 0.000279624742689, 0.000208080906305, 9.46477812249e-05, 8.87517744559e-05, 7.27814767743e-05, 6.89822045388e-05, 7.40128525649e-05, 7.85676020314e-05, 6.42135782982e-05, 5.73888246436e-05, 6.38200726826e-05, 6.68138163746e-05, 3.56177915819e-05, 1.26418053696e-05, 1.91925482795e-06],
        "dmean2": [0.000722946715541, 0.018582733348, 0.00362529861741, 0.00466824276373, 0.00398112600669, 0.00155454967171, 0.00156064797193, 0.000920547172427, 0.000739320996217, 0.000449869519798, 0.00033154457924, 0.000342769752024, 0.000430066051194, 0.000324251945131, 0.0001483563683, 0.000144514677231, 0.000116609931865, 0.000105774750409, 0.000110540277092, 0.000114126625704, 9.09600057639e-05, 8.61250955495e-05, 9.25611529965e-05, 9.09831505851e-05, 4.93998304592e-05, 1.78055470315e-05, 3.06680294671e-06],
        "dvar": [1.58853788434e-06, 0.000767478777561, 1.95331140276e-05, 3.13874297717e-05, 3.37381134159e-05, 5.62693367101e-06, 9.41151301959e-06, 3.59007799489e-06, 2.18334275814e-06, 1.30087335037e-06, 2.90051019647e-07, 4.51351525044e-07, 7.23573464256e-07, 9.48498154685e-07, 5.01685342158e-08, 4.66112801689e-08, 4.43335252953e-08, 2.19955733627e-08, 5.09802120519e-08, 3.05849923166e-08, 8.05687818684e-08, 5.16444416121e-08, 7.6111881242e-08, 1.55691623149e-07, 1.59247512954e-08, 1.94820093391e-09, 5.28042436165e-11],
        "dvar2": [4.66402252641e-06, 0.00163372955285, 5.035823051e-05, 8.26383693493e-05, 8.7534164777e-05, 1.29363570522e-05, 2.29839715757e-05, 8.37170227896e-06, 4.9658633543e-06, 2.02825071938e-06, 5.75789385948e-07, 1.03210356883e-06, 1.60163313012e-06, 2.06311392503e-06, 1.11065588726e-07, 1.0989374033e-07, 9.99074245556e-08, 5.3111122611e-08, 1.16561324148e-07, 5.72190614889e-08, 1.58362198022e-07, 9.81154997248e-08, 1.57574973514e-07, 2.40790370754e-07, 3.08347587463e-08, 3.82348286365e-09, 1.18795542847e-10],
        "max": [0.0212189462036, 0.315096765757, 0.0755137205124, 0.0978833958507, 0.0961424857378, 0.0427760109305, 0.0568772107363, 0.0419140011072, 0.0367694422603, 0.049209754914, 0.0174561906606, 0.0130460169166, 0.0219355579466, 0.0270389802754, 0.00625787768513, 0.00332154612988, 0.00544855510816, 0.00287427543662, 0.00776827987283, 0.00301794242114, 0.00654498999938, 0.00537341739982, 0.00860562361777, 0.0114263882861, 0.00350869819522, 0.000961438403465, 0.000143404817209],
        "mean": [0.000522396760061, 0.0220360327512, 0.003285222454, 0.00534951128066, 0.00411635870114, 0.00249548000284, 0.00155018654186, 0.000843153044116, 0.000875187455676, 0.00067886832403, 0.000443029595772, 0.000350268994225, 0.000471124745673, 0.000294412806397, 0.000135507245432, 0.000134716014145, 0.0001130814926, 0.000133902984089, 0.00012027881894, 0.000124976490042, 8.63313252921e-05, 8.48980853334e-05, 9.12754549063e-05, 9.72915222519e-05, 5.14834027854e-05, 1.52614229592e-05, 2.19033404392e-06],
        "median": [1.74797351065e-05, 0.00381202111021, 0.00112199375872, 0.00113800307736, 0.00193797750399, 0.000918410776649, 0.000287563569145, 0.000157820613822, 0.000159074275871, 8.32371806609e-05, 0.000159808056196, 0.000106549916381, 0.000161472053151, 7.67863893998e-05, 5.14632920385e-05, 5.21680049133e-05, 3.49094771082e-05, 5.17164480698e-05, 4.13817979279e-05, 4.3062853365e-05, 1.19282740343e-05, 1.1780017303e-05, 6.97943232808e-06, 3.89127626477e-06, 2.63179526883e-06, 1.02804881408e-06, 1.43242758099e-07],
        "min": [3.34931660131e-23, 8.75991728162e-23, 3.07559492284e-24, 1.74609904307e-24, 8.249901667e-23, 1.89510358735e-23, 4.69189664639e-23, 3.78336459521e-23, 9.27974506373e-23, 4.97174095044e-23, 5.12543566723e-23, 6.63510023857e-23, 6.76412948367e-23, 1.53833998079e-22, 1.11638838e-22, 1.32689648054e-22, 1.1897283366e-22, 2.32727043199e-22, 3.58392004799e-22, 2.41423975932e-22, 3.43114886643e-22, 6.4513009488e-22, 6.10055193332e-22, 9.91390201506e-22, 1.19728496774e-21, 1.69528970176e-21, 2.69796770765e-21],
        "var": [2.21305595005e-06, 0.00161601870786, 3.62302234862e-05, 9.88089377643e-05, 4.84809133923e-05, 1.78553473233e-05, 1.29550662678e-05, 5.15791862199e-06, 6.08091977483e-06, 8.62180786498e-06, 8.52239395499e-07, 7.65679544656e-07, 1.51272706717e-06, 1.11340796138e-06, 7.60170664194e-08, 6.88568064788e-08, 7.21134156834e-08, 5.86690624971e-08, 9.43206259763e-08, 6.69184103685e-08, 1.35665189305e-07, 1.08826498035e-07, 1.31341323595e-07, 4.42035315018e-07, 3.76461102292e-08, 3.16999848593e-09, 7.7667920706e-11]
    },
    "erbbands": {
        "dmean": [0.447249650955, 2.47883486748, 2.28965592384, 6.3299407959, 9.34271240234, 7.48789596558, 7.34257221222, 8.21929359436, 12.1377496719, 13.1056938171, 14.0973072052, 11.6684141159, 10.7695503235, 6.73257446289, 9.42618083954, 9.59137248993, 13.7945299149, 10.3753185272, 5.77531671524, 4.81901073456, 4.79841899872, 3.67407989502, 3.70151114464, 3.65096139908, 3.2157304287, 4.10902166367, 2.77281427383, 2.53417491913, 1.77551555634, 2.36200094223, 1.69659388065, 1.41094553471, 1.10193216801, 0.522476792336, 0.184469163418, 0.0584362186491, 0.0252818521112, 0.00275652343407, 0.00042704763473, 3.19575556205e-05],
        "dmean2": [0.686053335667, 3.6700387001, 3.74300336838, 10.5291233063, 15.4806184769, 12.4591207504, 11.1381597519, 12.8213376999, 18.9509963989, 20.729341507, 22.0152168274, 17.1064109802, 14.6296195984, 9.41072463989, 14.0299329758, 14.3885383606, 20.9612751007, 16.3753948212, 9.09034061432, 7.46612405777, 7.5634021759, 5.74241161346, 5.62171697617, 5.39220333099, 4.85851383209, 6.02007722855, 3.99059319496, 3.45639610291, 2.53547239304, 3.52459549904, 2.45424556732, 1.92354905605, 1.50537407398, 0.723907113075, 0.261195719242, 0.0821008905768, 0.0356078594923, 0.00393783440813, 0.000686257437337, 4.82596224174e-05],
        "dvar": [1.24928152561, 27.8822021484, 20.0442066193, 137.182266235, 556.742736816, 289.164459229, 321.69329834, 545.670349121, 1580.84399414, 1549.66784668, 2195.25439453, 1403.19335938, 1499.9753418, 268.521484375, 451.458679199, 902.463806152, 1833.7175293, 2464.21728516, 226.754745483, 141.394439697, 106.351959229, 121.347236633, 58.9272460938, 87.6785964966, 104.760856628, 98.0226898193, 98.2834472656, 141.539550781, 67.3895645142, 60.433883667, 93.7204818726, 70.9800415039, 38.7335891724, 5.150826931, 0.384605616331, 0.0345857180655, 0.00849549751729, 0.000143158933497, 3.0024402804e-06, 6.44959730067e-09],
        "dvar2": [2.94854140282, 56.246547699, 51.3293762207, 366.887817383, 1468.9128418, 759.80682373, 713.608764648, 1271.59423828, 3691.0065918, 4015.49829102, 4972.27636719, 3302.80102539, 2270.48217773, 550.731079102, 983.149047852, 2006.59887695, 3996.44335938, 5416.82177734, 511.057495117, 317.498565674, 245.640289307, 273.076934814, 131.646484375, 197.704101562, 233.236297607, 186.166397095, 205.931182861, 243.281890869, 117.172325134, 135.571029663, 201.91784668, 115.664237976, 63.0300941467, 9.20069885254, 0.800211012363, 0.0674687847495, 0.0175410341471, 0.000259523803834, 7.29109842723e-06, 1.38629188129e-08],
        "max": [12.6371841431, 68.3588027954, 84.6738739014, 171.013702393, 470.440734863, 304.899078369, 496.359527588, 430.985565186, 906.915222168, 666.06262207, 853.148132324, 1072.00683594, 1960.47802734, 375.007141113, 429.248077393, 656.160461426, 1166.54760742, 1480.8996582, 409.019592285, 285.054595947, 188.500762939, 316.0987854, 142.807830811, 238.199981689, 345.71295166, 202.308044434, 288.001861572, 273.742156982, 230.554473877, 214.529541016, 339.760894775, 232.106033325, 175.390991211, 75.4315490723, 12.7100458145, 3.71876955032, 2.13732552528, 0.32836741209, 0.0371082685888, 0.0023707433138],
        "mean": [0.712006688118, 4.61192941666, 4.30070734024, 11.9302749634, 16.0421295166, 12.3828268051, 22.0519294739, 16.5974521637, 18.8559875488, 22.1049194336, 22.6096992493, 21.1221542358, 22.2728366852, 13.9267168045, 18.041765213, 16.3826808929, 23.5603427887, 16.3305950165, 8.83783626556, 7.37280654907, 7.48613071442, 6.24394416809, 7.4739408493, 6.70036888123, 5.31229114532, 6.41509771347, 3.85319185257, 3.49267411232, 2.69758272171, 3.48736667633, 2.37067866325, 1.96532678604, 1.59330010414, 0.769021391869, 0.25134819746, 0.0727968364954, 0.0291052013636, 0.00383093440905, 0.00044095760677, 6.62628372083e-05],
        "median": [0.0787315815687, 0.945517361164, 1.94010210037, 3.63679790497, 4.31043291092, 6.32710409164, 6.77601194382, 6.86284208298, 4.03693580627, 4.78622627258, 4.11642932892, 4.24182796478, 2.30359244347, 4.55651283264, 7.33190917969, 5.33840370178, 8.66650867462, 4.27380418777, 3.05969023705, 3.01198148727, 3.04276490211, 2.15689635277, 2.93236255646, 2.55439949036, 1.90831744671, 2.1357395649, 0.891671717167, 0.427953451872, 0.370867282152, 0.287714898586, 0.19810526073, 0.0974991172552, 0.0567257888615, 0.0350785069168, 0.0143381450325, 0.00564836198464, 0.00139721296728, 0.000411230983445, 3.2296833524e-05, 3.98798365495e-05],
        "min": [3.39259606016e-21, 1.61111648118e-20, 7.6403853982e-21, 7.11189211158e-21, 7.71574300603e-20, 4.20795385454e-19, 2.29975907528e-19, 1.62349342958e-19, 5.90384859368e-19, 8.26320499812e-19, 1.01392800957e-18, 2.39911122167e-18, 1.71461088958e-18, 1.27265345817e-18, 2.03012042607e-18, 3.3321082937e-18, 3.47489559065e-18, 5.57613493783e-18, 8.41620869942e-18, 6.22687585778e-18, 7.39106804986e-18, 6.69508655426e-18, 9.86680473398e-18, 1.49410821631e-17, 1.95123601608e-17, 1.26366678188e-17, 1.48527756697e-17, 1.32610163005e-17, 2.42271705383e-17, 1.72347266159e-17, 2.02802401952e-17, 2.09256346333e-17, 1.45579420296e-17, 1.1355337753e-17, 1.00285292971e-17, 6.75165660917e-18, 3.18030224652e-18, 1.49148532999e-18, 3.71444109898e-19, 3.7679359678e-20],
        "var": [2.19637989998, 64.3681793213, 43.0926170349, 378.463043213, 857.143493652, 449.674041748, 2115.99487305, 853.755310059, 2400.54516602, 2313.78149414, 3743.23291016, 3555.34277344, 11533.5888672, 809.127197266, 1070.03942871, 1655.88623047, 3700.22485352, 2952.06445312, 340.485870361, 234.90953064, 177.359359741, 213.719650269, 168.456619263, 205.069519043, 176.119674683, 188.847167969, 157.269866943, 267.599945068, 151.092727661, 114.842384338, 142.940155029, 176.150131226, 109.875450134, 13.6556816101, 0.705880224705, 0.0589704439044, 0.0127218794078, 0.000332371302648, 3.21442917084e-06, 1.07232223101e-08]
    },
    "gfcc": {
        "mean": [-37.4634170532, 121.512931824, -108.405281067, 27.9752445221, -47.2558517456, 3.7086186409, -32.1860618591, -2.71382451057, -27.8264389038, -2.55476927757, -9.71488857269, -2.18165016174, -13.0238332748],
        "cov": [[5090.32861328, -1046.11291504, 701.284179688, 950.749206543, -13.2780723572, 1078.41296387, 153.28553772, 730.503356934, 194.697280884, 355.802459717, -88.6067810059, 128.630584717, 65.409942627], [-1046.11291504, 1335.24951172, -100.557014465, -204.528244019, 330.227874756, -282.551361084, 150.295150757, -87.4524688721, 203.864700317, -106.018928528, 100.050521851, -115.57207489, 13.8108215332], [701.284179688, -100.557014465, 759.319519043, 437.096466064, 286.973419189, 345.25692749, 132.596313477, 192.44631958, 65.5297317505, 60.1768074036, 11.8571386337, 45.7317276001, 48.8097915649], [950.749206543, -204.528244019, 437.096466064, 712.204650879, 235.818740845, 419.739074707, 137.3097229, 221.118423462, 109.272361755, 118.87727356, 50.554649353, 49.6405181885, 92.2940216064], [-13.2780723572, 330.227874756, 286.973419189, 235.818740845, 422.007354736, 132.801055908, 164.223434448, 93.2947387695, 93.2403106689, 4.52195119858, 46.3885688782, -2.86916518211, 35.9564781189], [1078.41296387, -282.551361084, 345.25692749, 419.739074707, 132.801055908, 481.420776367, 147.142318726, 237.126327515, 82.5728378296, 117.89200592, 7.44508552551, 42.6577148438, 31.0952320099], [153.28553772, 150.295150757, 132.596313477, 137.3097229, 164.223434448, 147.142318726, 234.153518677, 114.832748413, 74.9442825317, 15.5673074722, 49.5997314453, 12.0287694931, 28.3167953491], [730.503356934, -87.4524688721, 192.44631958, 221.118423462, 93.2947387695, 237.126327515, 114.832748413, 240.972915649, 85.8291244507, 83.2004013062, 12.3096046448, 24.0043029785, 27.8598308563], [194.697280884, 203.864700317, 65.5297317505, 109.272361755, 93.2403106689, 82.5728378296, 74.9442825317, 85.8291244507, 183.244400024, 59.8753814697, 43.6680908203, -17.9045886993, 19.4852581024], [355.802459717, -106.018928528, 60.1768074036, 118.87727356, 4.52195119858, 117.89200592, 15.5673074722, 83.2004013062, 59.8753814697, 127.32901001, 23.8710136414, 1.72718441486, 4.72035217285], [-88.6067810059, 100.050521851, 11.8571386337, 50.554649353, 46.3885688782, 7.44508552551, 49.5997314453, 12.3096046448, 43.6680908203, 23.8710136414, 97.9511260986, 26.0738983154, 38.6626739502], [128.630584717, -115.57207489, 45.7317276001, 49.6405181885, -2.86916518211, 42.6577148438, 12.0287694931, 24.0043029785, -17.9045886993, 1.72718441486, 26.0738983154, 97.8054199219, 48.5605430603], [65.409942627, 13.8108215332, 48.8097915649, 92.2940216064, 35.9564781189, 31.0952320099, 28.3167953491, 27.8598308563, 19.4852581024, 4.72035217285, 38.6626739502, 48.5605430603, 141.427230835]],
        "icov": [[0.000553568184841, -3.22387895721e-05, -6.74008515489e-06, -0.000167487276485, 0.000416764582042, -0.000756278226618, 0.000394795584725, -0.00104631704744, -0.000114086193207, -0.000143700992339, 0.000574213510845, -0.000306485744659, 1.49148754645e-05], [-3.22387895721e-05, 0.00256371661089, 0.00012541867909, 0.000718130380847, -0.00188808050007, 0.00138460902963, -0.00080221198732, 0.000322406500345, -0.00273604202084, 0.00171463238075, -0.00144678982906, 0.00210247957148, -0.000481330207549], [-6.74008515489e-06, 0.00012541867909, 0.00265393499285, -0.000637722667307, -0.00143098470289, -0.000873654382303, 0.000411129294662, -0.000434017798398, 0.00017711869441, 0.000405730883358, 0.000385506951716, -0.000477903697174, 7.09502928657e-05], [-0.000167487276485, 0.000718130380847, -0.000637722667307, 0.00414512399584, -0.0015960080782, -0.00206433515996, 0.00059046538081, 0.000330542417942, -0.000832720135804, -8.03664443083e-05, -0.00163122650702, 0.00103856134228, -0.0015945811756], [0.000416764582042, -0.00188808050007, -0.00143098470289, -0.0015960080782, 0.00633969483897, -0.00066768511897, -0.00142858771142, -0.000748150690924, 0.000837275933009, -7.16195208952e-05, 0.000849205593113, -0.000735378300305, 0.000402821344323], [-0.000756278226618, 0.00138460902963, -0.000873654382303, -0.00206433515996, -0.00066768511897, 0.00928181875497, -0.0034245273564, -0.00109741848428, -0.000955122406594, -0.00161077687517, 0.00108262500726, -0.000137840295793, 0.000830799690448], [0.000394795584725, -0.00080221198732, 0.000411129294662, 0.00059046538081, -0.00142858771142, -0.0034245273564, 0.00936478469521, -0.00362713052891, 4.41532902187e-05, 0.0025048952084, -0.00319959479384, -7.58637179388e-06, 0.000111753943202], [-0.00104631704744, 0.000322406500345, -0.000434017798398, 0.000330542417942, -0.000748150690924, -0.00109741848428, -0.00362713052891, 0.012368989177, -0.00218001403846, -0.0027126793284, 0.00140768103302, -0.000756004999857, -0.000626679800916], [-0.000114086193207, -0.00273604202084, 0.00017711869441, -0.000832720135804, 0.000837275933009, -0.000955122406594, 4.41532902187e-05, -0.00218001403846, 0.011938537471, -0.00434727082029, -0.00140455120709, 0.000979531905614, -0.000232130769291], [-0.000143700992339, 0.00171463238075, 0.000405730883358, -8.03664443083e-05, -7.16195208952e-05, -0.00161077687517, 0.0025048952084, -0.0027126793284, -0.00434727082029, 0.0155605403706, -0.00565873924643, 0.00319112464786, 0.000747488695197], [0.000574213510845, -0.00144678982906, 0.000385506951716, -0.00163122650702, 0.000849205593113, 0.00108262500726, -0.00319959479384, 0.00140768103302, -0.00140455120709, -0.00565873924643, 0.0183500424027, -0.00641389889643, -0.00171520281583], [-0.000306485744659, 0.00210247957148, -0.000477903697174, 0.00103856134228, -0.000735378300305, -0.000137840295793, -7.58637179388e-06, -0.000756004999857, 0.000979531905614, 0.00319112464786, -0.00641389889643, 0.0171412192285, -0.00458235386759], [1.49148754645e-05, -0.000481330207549, 7.09502928657e-05, -0.0015945811756, 0.000402821344323, 0.000830799690448, 0.000111753943202, -0.000626679800916, -0.000232130769291, 0.000747488695197, -0.00171520281583, -0.00458235386759, 0.0099923228845]]
    },
    "melbands": {
        "dmean": [0.00374146061949, 0.00177177018486, 0.00112898112275, 0.00060306180967, 0.000252884492511, 0.000185538607184, 0.000191387385712, 0.000132885063067, 0.000118436459161, 6.96757706464e-05, 5.54168473172e-05, 2.99858074868e-05, 3.42325947713e-05, 2.4981880415e-05, 3.35384211212e-05, 2.3661130399e-05, 2.0708739612e-05, 1.07399882836e-05, 6.40128337182e-06, 6.26393148195e-06, 6.02446198172e-06, 3.91111007048e-06, 4.15494696426e-06, 3.3499222809e-06, 3.14722615258e-06, 2.80656877294e-06, 2.21959362534e-06, 2.95027143693e-06, 1.77813319624e-06, 1.72001477949e-06, 1.45975968735e-06, 1.07219966594e-06, 1.01112937045e-06, 1.46420609326e-06, 1.04455205019e-06, 9.26643963339e-07, 8.46452223868e-07, 7.75756745952e-07, 7.74380396251e-07, 3.41111103808e-07],
        "dmean2": [0.00565426284447, 0.00263359374367, 0.00187440519221, 0.00100578530692, 0.000383977981983, 0.000287544855382, 0.000299995910609, 0.000208902507438, 0.000182452160516, 0.000102518999483, 7.59747199481e-05, 4.27214727097e-05, 4.90678103233e-05, 3.83391416108e-05, 4.98688204971e-05, 3.53214345523e-05, 3.30799302901e-05, 1.70819293999e-05, 9.92365403363e-06, 9.99827079795e-06, 9.63628372119e-06, 6.25436587143e-06, 6.55010899209e-06, 5.12965607413e-06, 4.7418043323e-06, 4.27108307122e-06, 3.36941752721e-06, 4.3307118176e-06, 2.57366468759e-06, 2.68145709015e-06, 1.99450687433e-06, 1.59025398716e-06, 1.5079658624e-06, 2.19702178583e-06, 1.55595773776e-06, 1.34543108743e-06, 1.16774026537e-06, 1.05498111225e-06, 1.10148937438e-06, 4.70752382853e-07],
        "dvar": [7.68970930949e-05, 1.11689469122e-05, 4.75167644254e-06, 2.25776307161e-06, 3.02828965459e-07, 2.35525376979e-07, 3.86304009226e-07, 1.50891281692e-07, 1.40620926459e-07, 5.27778425408e-08, 3.96245596335e-08, 6.6580763125e-09, 5.61285684597e-09, 5.55071189012e-09, 1.09023723383e-08, 5.37605249207e-09, 1.05397095496e-08, 1.1171836789e-09, 3.91910809361e-10, 2.63247645904e-10, 1.7986183376e-10, 1.13008706559e-10, 1.49777593106e-10, 4.61927128492e-11, 7.10084491207e-11, 8.98728105825e-11, 2.91923117623e-11, 5.20637144508e-11, 3.27014353096e-11, 7.50367615265e-11, 5.05822189689e-11, 2.79577888618e-11, 1.25367155893e-11, 2.18167810206e-11, 3.20031084966e-11, 3.84009109233e-11, 2.48062681507e-11, 2.07895315546e-11, 1.791095397e-11, 1.58073760245e-12],
        "dvar2": [0.000168352067703, 2.43336689891e-05, 1.25310571093e-05, 5.99928216616e-06, 6.4583701942e-07, 5.41183567293e-07, 9.19210776829e-07, 3.85277331816e-07, 3.0830472042e-07, 1.26454295923e-07, 6.01930096877e-08, 1.39389673137e-08, 1.11151114979e-08, 1.31878818976e-08, 2.47121487718e-08, 1.16625287205e-08, 2.36042829727e-08, 2.53189691435e-09, 8.33765001484e-10, 6.32953356394e-10, 4.17559348209e-10, 2.58199378544e-10, 3.3677047262e-10, 1.05720418531e-10, 1.62458352326e-10, 2.07752579029e-10, 5.85364395844e-11, 1.02144584457e-10, 6.88958820549e-11, 1.78834530518e-10, 8.0635859101e-11, 5.11951557536e-11, 2.45687498124e-11, 4.96170257658e-11, 7.31870813953e-11, 7.61502180757e-11, 3.91712114134e-11, 3.60300643487e-11, 3.26853301369e-11, 2.8627031301e-12],
        "max": [0.0913036763668, 0.042126391083, 0.0330716148019, 0.025437194854, 0.0143161257729, 0.00839825626463, 0.0134017914534, 0.00636783335358, 0.00747020263225, 0.00589545397088, 0.00964665319771, 0.00184982281644, 0.00193375395611, 0.00140090135392, 0.0022009096574, 0.00259515387006, 0.0027931202203, 0.00105657614768, 0.000691949564498, 0.000336571509251, 0.000270105345408, 0.000282605207758, 0.000262909015873, 0.000166040888871, 0.000201335540623, 0.00034384461469, 0.000135525275255, 0.000138768518809, 0.00015133045963, 0.000243545451667, 0.000183757729246, 0.0001358614536, 9.48232191149e-05, 0.000116725284897, 0.000197847315576, 0.000189875048818, 0.00014446132991, 0.000125300255604, 0.00014590669889, 3.34769865731e-05],
        "mean": [0.00642362842336, 0.00362291024067, 0.00226194527932, 0.000998109695502, 0.000705245358404, 0.000396719580749, 0.000292552169412, 0.000218309331103, 0.000192517429241, 0.000119547425129, 0.000110859080451, 5.74157529627e-05, 6.688155554e-05, 3.86850260838e-05, 5.26087496837e-05, 4.2208845116e-05, 2.9272190659e-05, 1.51312733578e-05, 9.17372472031e-06, 9.58765394898e-06, 8.65716447151e-06, 6.05239256402e-06, 7.03809882907e-06, 6.58634644424e-06, 5.29510725755e-06, 4.2938659135e-06, 3.66462563761e-06, 4.34857929577e-06, 2.41206339524e-06, 2.14802321352e-06, 2.01105808628e-06, 1.56220266945e-06, 1.45915680605e-06, 2.10482357943e-06, 1.40972872487e-06, 1.21235109418e-06, 1.17139870781e-06, 1.04604066564e-06, 1.11432029826e-06, 4.87819420414e-07],
        "median": [0.000927991932258, 0.00130470260046, 0.0006572882412, 0.000400260090828, 0.000265865586698, 0.000160378825967, 5.74640398554e-05, 4.38534880232e-05, 3.07647351292e-05, 2.25756357395e-05, 1.0608591765e-05, 1.67847338162e-05, 2.58987711277e-05, 1.05576627902e-05, 1.87552104762e-05, 1.46185047925e-05, 6.72320174999e-06, 4.87248553327e-06, 3.3398762298e-06, 3.72224872081e-06, 3.32123727276e-06, 2.03453259928e-06, 2.21332334149e-06, 2.34134108723e-06, 1.92140350919e-06, 1.43771467265e-06, 1.32733543978e-06, 1.35099867293e-06, 5.99400777901e-07, 2.59990827089e-07, 2.37684361082e-07, 1.99305006277e-07, 1.91096020785e-07, 1.26407471157e-07, 1.01976695532e-07, 6.86513530468e-08, 4.64448284276e-08, 3.69024846236e-08, 2.77820149108e-08, 2.52379006582e-08],
        "min": [2.96045045798e-23, 1.05269890596e-23, 1.57805530139e-24, 1.90216752121e-23, 9.94267742052e-24, 4.19352659088e-24, 8.82605112007e-24, 9.08713331412e-24, 1.04435512417e-23, 1.37979392719e-23, 8.23596265258e-24, 4.96828424084e-24, 6.23922080625e-24, 8.32002209292e-24, 9.38304766144e-24, 5.30942832259e-24, 1.1522293286e-23, 1.61876655889e-23, 5.74193511894e-24, 1.01796157377e-23, 8.86338080696e-24, 6.84720537224e-24, 9.42159771616e-24, 8.74802567679e-24, 1.1471772267e-23, 1.70011342211e-23, 9.16125152933e-24, 7.9672900389e-24, 9.17774661086e-24, 8.7033288179e-24, 7.13312090758e-24, 1.55173704777e-23, 1.02064243867e-23, 8.67464899083e-24, 1.23393670126e-23, 8.93908936576e-24, 1.53089818255e-23, 1.05007775783e-23, 7.36602972327e-24, 1.06095046991e-23],
        "var": [0.00015265562979, 2.96558155242e-05, 1.33862895382e-05, 3.15833062814e-06, 1.65321318946e-06, 4.24635175023e-07, 5.47740512502e-07, 2.17446327611e-07, 2.71434885235e-07, 1.20847047924e-07, 2.90674961434e-07, 1.67845133348e-08, 1.68118301502e-08, 8.86054873916e-09, 1.76176353506e-08, 1.16617506762e-08, 1.16961356156e-08, 1.48259227117e-09, 5.62883961663e-10, 3.96427862759e-10, 2.75240885639e-10, 1.96838448319e-10, 2.78304906898e-10, 1.81166637248e-10, 1.55351453923e-10, 1.448657444e-10, 6.61047397377e-11, 9.1511943856e-11, 5.19301407431e-11, 9.23288875909e-11, 1.0109033749e-10, 5.79701321668e-11, 2.73713933463e-11, 4.01264126093e-11, 4.42099828968e-11, 6.88645737656e-11, 6.44305303554e-11, 5.0984237665e-11, 4.50039033817e-11, 4.08099509047e-12]
    },
    "mfcc": {
        "mean": [-685.666870117, 153.756408691, -0.853846371174, 29.2239093781, 3.65264606476, 7.18869686127, 5.00325536728, 0.400282770395, -10.5462217331, -3.39727544785, -2.26257538795, -2.93895173073, 1.07840418816],
        "cov": [[4634.43554688, -1294.41955566, 776.394714355, 183.454910278, 317.601379395, 424.721954346, 289.033996582, 416.85836792, 549.205993652, 372.357696533, 400.860870361, 159.350646973, 162.294967651], [-1294.41955566, 1335.76403809, -363.574401855, -14.4115905762, -2.15515136719, -160.58366394, -92.40234375, -25.6940784454, -75.822807312, 1.71068537235, -14.303237915, -7.3517780304, -30.9385681152], [776.394714355, -363.574401855, 597.736083984, 178.091461182, 237.561752319, 210.685775757, 161.939804077, 150.736831665, 172.492492676, 82.907699585, 99.1865234375, 57.8035507202, 24.9208145142], [183.454910278, -14.4115905762, 178.091461182, 312.933502197, 214.886917114, 141.982406616, 124.565490723, 107.942687988, 102.674194336, 80.9509429932, 36.102180481, 67.045249939, 34.600025177], [317.601379395, -2.15515136719, 237.561752319, 214.886917114, 330.175445557, 168.575256348, 117.098815918, 107.440254211, 134.46762085, 82.4306411743, 75.5026168823, 52.8297767639, 32.3990440369], [424.721954346, -160.58366394, 210.685775757, 141.982406616, 168.575256348, 237.26272583, 140.640869141, 120.550415039, 115.765869141, 81.1159362793, 74.3664016724, 59.6149368286, 38.1741104126], [289.033996582, -92.40234375, 161.939804077, 124.565490723, 117.098815918, 140.640869141, 219.009963989, 141.895370483, 100.28780365, 73.0860671997, 37.4020805359, 66.7276611328, 22.73969841], [416.85836792, -25.6940784454, 150.736831665, 107.942687988, 107.440254211, 120.550415039, 141.895370483, 215.666366577, 122.088195801, 77.5462875366, 67.8430709839, 42.702381134, 26.124004364], [549.205993652, -75.822807312, 172.492492676, 102.674194336, 134.46762085, 115.765869141, 100.28780365, 122.088195801, 198.330291748, 105.626876831, 75.4426651001, 44.7599906921, 32.5167694092], [372.357696533, 1.71068537235, 82.907699585, 80.9509429932, 82.4306411743, 81.1159362793, 73.0860671997, 77.5462875366, 105.626876831, 172.373275757, 75.0205688477, 77.0794525146, 11.6341638565], [400.860870361, -14.303237915, 99.1865234375, 36.102180481, 75.5026168823, 74.3664016724, 37.4020805359, 67.8430709839, 75.4426651001, 75.0205688477, 182.919296265, 32.9648971558, 41.8671607971], [159.350646973, -7.3517780304, 57.8035507202, 67.045249939, 52.8297767639, 59.6149368286, 66.7276611328, 42.702381134, 44.7599906921, 77.0794525146, 32.9648971558, 124.538291931, 26.6812744141], [162.294967651, -30.9385681152, 24.9208145142, 34.600025177, 32.3990440369, 38.1741104126, 22.73969841, 26.124004364, 32.5167694092, 11.6341638565, 41.8671607971, 26.6812744141, 85.128112793]],
