{
"lowlevel": {
    "average_loudness": 0.858105301857,
    "barkbands_crest": {
        "dmean": 2.27480554581,
        "dmean2": 3.66229724884,
        "dvar": 4.63097143173,
        "dvar2": 11.8403530121,
        "max": 24.761844635,
        "mean": 11.0077390671,
        "median": 10.2688150406,
        "min": 3.38224411011,
        "var": 16.8592338562
    },
    "barkbands_flatness_db": {
        "dmean": 0.0231968685985,
        "dmean2": 0.0347174592316,
        "dvar": 0.000603366119321,
        "dvar2": 0.00128601409961,
        "max": 0.449266761541,
        "mean": 0.183674350381,
        "median": 0.187979996204,
        "min": 0.03496748209,
        "var": 0.00372818741016
    },
    "barkbands_kurtosis": {
        "dmean": 5.78066968918,
        "dmean2": 9.28639698029,
        "dvar": 104.211105347,
        "dvar2": 259.230163574,
        "max": 117.279747009,
        "mean": 10.3626289368,
        "median": 4.65435647964,
        "min": -1.92565178871,
        "var": 253.320404053
    },
    "barkbands_skewness": {
        "dmean": 0.660573601723,
        "dmean2": 1.00545060635,
        "dvar": 0.570669710636,
        "dvar2": 1.32884931564,
        "max": 9.53347587585,
        "mean": 1.95895755291,
        "median": 2.01220202446,
        "min": -8.09132385254,
        "var": 4.47975683212
    },
    "barkbands_spread": {
        "dmean": 4.82760572433,
        "dmean2": 7.14872169495,
        "dvar": 67.6431503296,
        "dvar2": 124.816131592,
        "max": 132.686676025,
        "mean": 19.0189418793,
        "median": 16.0563983917,
        "min": 0.561952888966,
        "var": 253.40284729
    },
    "dissonance": {
        "dmean": 0.0143279470503,
        "dmean2": 0.0235823653638,
        "dvar": 0.000240521607338,
        "dvar2": 0.000604447443038,
        "max": 0.499857902527,
        "mean": 0.462800562382,
        "median": 0.467774719,
        "min": 0.32471588254,
        "var": 0.000563314766623
    },
    "dynamic_complexity": 4.32283401489,
    "erbbands_crest": {
        "dmean": 2.2980825901,
        "dmean2": 3.70431828499,
        "dvar": 4.67974090576,
        "dvar2": 11.8442020416,
        "max": 24.6288280487,
        "mean": 9.51324653625,
        "median": 8.87196350098,
        "min": 2.91012740135,
        "var": 15.229888916
    },
    "erbbands_flatness_db": {
        "dmean": 0.0171275865287,
        "dmean2": 0.0241695623845,
        "dvar": 0.000298068160191,
        "dvar2": 0.000594701850787,
        "max": 0.521986067295,
        "mean": 0.190457329154,
        "median": 0.161094531417,
        "min": 0.0581261590123,
        "var": 0.00803407747298
    },
    "erbbands_kurtosis": {
        "dmean": 1.21168851852,
        "dmean2": 1.8192461729,
        "dvar": 4.37668561935,
        "dvar2": 9.11035346985,
        "max": 50.2489204407,
        "mean": 1.25080180168,
        "median": 0.0883319377899,
        "min": -1.82420754433,
        "var": 18.5159626007
    },
    "erbbands_skewness": {
        "dmean": 0.385874658823,
        "dmean2": 0.564508378506,
        "dvar": 0.166864961386,
        "dvar2": 0.334035634995,
        "max": 4.34689807892,
        "mean": -0.0584387071431,
        "median": 0.245370984077,
        "min": -5.83371782303,
        "var": 1.94300937653
    },
    "erbbands_spread": {
        "dmean": 8.58166313171,
        "dmean2": 12.7238693237,
        "dvar": 122.248466492,
        "dvar2": 254.611190796,
        "max": 153.325088501,
        "mean": 44.5890579224,
        "median": 38.88879776,
        "min": 0.908132076263,
        "var": 688.805358887
    },
    "hfc": {
        "dmean": 5.05836772919,
        "dmean2": 7.2657866478,
        "dvar": 78.0779495239,
        "dvar2": 162.644561768,
        "max": 98.4601287842,
        "mean": 14.0708274841,
        "median": 9.21814727783,
        "min": 1.20662755012e-16,
        "var": 234.380752563
    },
    "melbands_crest": {
        "dmean": 3.00892281532,
        "dmean2": 4.85719537735,
        "dvar": 9.42111492157,
        "dvar2": 24.3186855316,
        "max": 33.8567581177,
        "mean": 15.4838113785,
        "median": 15.0872831345,
        "min": 2.21965551376,
        "var": 33.5912590027
    },
    "melbands_flatness_db": {
        "dmean": 0.0264227725565,
        "dmean2": 0.0396563373506,
        "dvar": 0.000877504586242,
        "dvar2": 0.00182529888116,
        "max": 0.543581068516,
        "mean": 0.254338949919,
        "median": 0.248220592737,
        "min": 0.010090216063,
        "var": 0.00474361609668
    },
    "melbands_kurtosis": {
        "dmean": 13.7618923187,
        "dmean2": 21.9484672546,
        "dvar": 614.261047363,
        "dvar2": 1537.98242188,
        "max": 358.066589355,
        "mean": 29.3572044373,
        "median": 14.1635608673,
        "min": -1.89502775669,
        "var": 1612.43261719
    },
    "melbands_skewness": {
        "dmean": 0.881159424782,
        "dmean2": 1.33570957184,
        "dvar": 1.15702867508,
        "dvar2": 2.69653654099,
        "max": 13.8227233887,
        "mean": 3.48530030251,
        "median": 3.1496655941,
        "min": -6.08251810074,
        "var": 7.45376777649
    },
    "melbands_spread": {
        "dmean": 5.3445315361,
        "dmean2": 7.9618601799,
        "dvar": 85.5273895264,
        "dvar2": 168.579620361,
        "max": 218.390518188,
        "mean": 24.0193595886,
        "median": 14.0699205399,
        "min": 0.586177289486,
        "var": 592.803466797
    },
    "pitch_salience": {
        "dmean": 0.0680903270841,
        "dmean2": 0.111319296062,
        "dvar": 0.00425645150244,
        "dvar2": 0.011063914746,
        "max": 0.829154372215,
        "mean": 0.515055418015,
        "median": 0.516355216503,
        "min": 0.113324441016,
        "var": 0.0117883384228
    },
    "silence_rate_20dB": {
        "dmean": 0,
        "dmean2": 0,
        "dvar": 0,
        "dvar2": 0,
        "max": 1,
        "mean": 1,
        "median": 1,
        "min": 1,
        "var": 0
    },
    "silence_rate_30dB": {
        "dmean": 0.0456656329334,
        "dmean2": 0.0913666263223,
        "dvar": 0.0435797534883,
        "dvar2": 0.106247216463,
        "max": 1,
        "mean": 0.962475836277,
        "median": 1,
        "min": 0,
        "var": 0.0361167564988
    },
    "silence_rate_60dB": {
        "dmean": 0.0313467495143,
        "dmean2": 0.0627177730203,
        "dvar": 0.0303654037416,
        "dvar2": 0.0626581907272,
        "max": 1,
        "mean": 0.242166340351,
        "median": 0,
        "min": 0,
        "var": 0.18352843821
    },
    "spectral_centroid": {
        "dmean": 205.082061768,
        "dmean2": 301.907684326,
        "dvar": 88741.1015625,
        "dvar2": 150646.265625,
        "max": 10847.8408203,
        "mean": 1237.5526123,
        "median": 984.478881836,
        "min": 144.954742432,
        "var": 696439.5
    },
    "spectral_complexity": {
        "dmean": 2.63351392746,
        "dmean2": 4.08478498459,
        "dvar": 12.4867429733,
        "dvar2": 25.7747955322,
        "max": 52,
        "mean": 12.5818185806,
        "median": 11,
        "min": 0,
        "var": 56.3792495728
    },
    "spectral_decrease": {
        "dmean": 3.58293084091e-09,
        "dmean2": 5.7556741595e-09,
        "dvar": 5.49485426833e-17,
        "dvar2": 1.40179744076e-16,
        "max": 2.62132276107e-29,
        "mean": -7.51569118052e-09,
        "median": -5.25223819992e-09,
        "min": -8.16748695343e-08,
        "var": 8.21326886969e-17
    },
    "spectral_energy": {
        "dmean": 0.0138386776671,
        "dmean2": 0.0222005713731,
        "dvar": 0.000807101896498,
        "dvar2": 0.00205839541741,
        "max": 0.311826467514,
        "mean": 0.0296422466636,
        "median": 0.0210543349385,
        "min": 1.08455260949e-20,
        "var": 0.00122453167569
    },
    "spectral_energyband_high": {
        "dmean": 0.000269739190117,
        "dmean2": 0.000373276416212,
        "dvar": 6.27840563538e-07,
        "dvar2": 9.69943585005e-07,
        "max": 0.0102268187329,
        "mean": 0.000593894335907,
        "median": 9.11245078896e-05,
        "min": 7.91773162589e-21,
        "var": 1.95425491256e-06
    },
    "spectral_energyband_low": {
        "dmean": 0.00913728307933,
        "dmean2": 0.0150285959244,
        "dvar": 0.00059579644585,
        "dvar2": 0.00153584009968,
        "max": 0.281741678715,
        "mean": 0.0148189002648,
        "median": 0.0067271925509,
        "min": 1.83635979787e-23,
        "var": 0.000696065835655
    },
    "spectral_energyband_middle_high": {
        "dmean": 0.000831688055769,
        "dmean2": 0.00120578566566,
        "dvar": 2.71015983344e-06,
        "dvar2": 5.85070074521e-06,
        "max": 0.0289705488831,
        "mean": 0.00219379295595,
        "median": 0.00120788428467,
        "min": 1.70522717822e-21,
        "var": 7.62669333199e-06
    },
    "spectral_energyband_middle_low": {
        "dmean": 0.00752472272143,
        "dmean2": 0.0120927989483,
        "dvar": 0.000197573244805,
        "dvar2": 0.000526331306901,
        "max": 0.159178122878,
        "mean": 0.016094494611,
        "median": 0.0101592605934,
        "min": 1.77504722484e-22,
        "var": 0.000370115361875
    },
    "spectral_entropy": {
        "dmean": 0.214352875948,
        "dmean2": 0.319185495377,
        "dvar": 0.0582699365914,
        "dvar2": 0.119737848639,
        "max": 9.80746269226,
        "mean": 7.0569601059,
        "median": 7.01472520828,
        "min": 4.45916891098,
        "var": 0.454648971558
    },
    "spectral_flux": {
        "dmean": 0.028592614457,
        "dmean2": 0.0457840785384,
        "dvar": 0.00224073161371,
        "dvar2": 0.00497816735879,
        "max": 0.475653380156,
        "mean": 0.0716543197632,
        "median": 0.0550003349781,
        "min": 1.04141854862e-10,
        "var": 0.00471774395555
    },
    "spectral_kurtosis": {
        "dmean": 3.92257761955,
        "dmean2": 6.77866601944,
        "dvar": 30.2056350708,
        "dvar2": 90.3607635498,
        "max": 105.375518799,
        "mean": 8.21242332458,
        "median": 5.41837692261,
        "min": -1.22964847088,
        "var": 67.0841522217
    },
    "spectral_rms": {
        "dmean": 0.000967288913671,
        "dmean2": 0.00148298393469,
        "dvar": 2.30599152928e-06,
        "dvar2": 5.48471962247e-06,
        "max": 0.0174419302493,
        "mean": 0.00455073919147,
        "median": 0.00453219749033,
        "min": 3.25284504193e-12,
        "var": 8.21003141027e-06
    },
    "spectral_rolloff": {
        "dmean": 344.508575439,
        "dmean2": 567.116943359,
        "dvar": 1001242.9375,
        "dvar2": 2024260.5,
        "max": 18863.0859375,
        "mean": 1473.04492188,
        "median": 689.0625,
        "min": 86.1328125,
        "var": 2903771.75
    },
    "spectral_skewness": {
        "dmean": 0.404737114906,
        "dmean2": 0.672816753387,
        "dvar": 0.220362305641,
        "dvar2": 0.647471547127,
        "max": 6.24294090271,
        "mean": 1.61202716827,
        "median": 1.58469676971,
        "min": -0.00567070301622,
        "var": 0.44608259201
    },
    "spectral_spread": {
        "dmean": 551369.625,
        "dmean2": 753211.3125,
        "dvar": 924447866880,
        "dvar2": 1.19504725606e+12,
        "max": 41612308,
        "mean": 4180643,
        "median": 4057288.75,
        "min": 514032.375,
        "var": 5.66304335462e+12
    },
    "spectral_strongpeak": {
        "dmean": 0.447561353445,
        "dmean2": 0.732974112034,
        "dvar": 0.452361255884,
        "dvar2": 1.00984454155,
        "max": 14.0880498886,
        "mean": 1.03833806515,
        "median": 0.616290152073,
        "min": 0,
        "var": 1.72201907635
    },
    "zerocrossingrate": {
        "dmean": 0.0100732576102,
        "dmean2": 0.0115573126823,
        "dvar": 0.000237179367105,
        "dvar2": 0.000270914460998,
        "max": 0.48681640625,
        "mean": 0.0591983869672,
        "median": 0.05126953125,
        "min": 0.00439453125,
        "var": 0.00170754338615
    },
    "barkbands": {
        "dmean": [0.000308901886456, 0.00372501905076, 0.00434926711023, 0.00458253128454, 0.00196489877999, 0.00138932536356, 0.000810071302112, 0.000735631329007, 0.000401527708163, 0.000148630817421, 0.000122101890156, 0.000122839701362, 0.000139830895932, 0.000106259416498, 0.000108655251097, 0.000102461432107, 0.000220762842218, 9.67944506556e-05, 8.58524435898e-05, 5.03960145579e-05, 5.86572095926e-05, 5.83791843383e-05, 6.52710004942e-05, 7.25676436559e-05, 3.17160847771e-05, 1.94850999833e-05, 1.19934511531e-05],
        "dmean2": [0.000454375782283, 0.00602067867294, 0.00744914216921, 0.00752703193575, 0.00333716999739, 0.00219141296111, 0.00129452848341, 0.00121291028336, 0.000615412194747, 0.000238037348026, 0.000201329428819, 0.000191784769413, 0.000222408445552, 0.000164270604728, 0.000170737039298, 0.000158387745614, 0.000322936248267, 0.000145791680552, 0.000132926026708, 8.32841396914e-05, 9.03450199985e-05, 8.71999800438e-05, 9.3820541224e-05, 0.000100671619293, 4.35014262621e-05, 2.76799401036e-05, 1.73459284269e-05],
        "dvar": [1.21872858472e-06, 0.000144618883496, 0.000170336992596, 6.5058353357e-05, 3.03158176393e-05, 9.45481406234e-06, 6.85097165842e-06, 8.0510180851e-06, 1.80492986601e-06, 2.39102831756e-07, 1.33666105739e-07, 1.51372688606e-07, 1.56331523726e-07, 7.53103535089e-08, 4.54053186161e-08, 6.26382430369e-08, 5.91624313984e-07, 3.36743646301e-08, 6.22104252557e-08, 1.46270213719e-08, 2.38082904502e-08, 2.63059636296e-08, 5.40211075872e-08, 8.46734806714e-08, 1.47168588427e-08, 2.44146014516e-09, 9.12404651832e-10],
        "dvar2": [2.75837624031e-06, 0.00036341501982, 0.000463543314254, 0.000177753448952, 8.30552380648e-05, 2.25321691687e-05, 1.71573901753e-05, 2.13793464354e-05, 4.4606249503e-06, 5.58890405955e-07, 3.35834556608e-07, 3.09378862084e-07, 3.74195877839e-07, 1.66906360732e-07, 1.17791863374e-07, 1.41586028235e-07, 1.25908002246e-06, 7.32387945845e-08, 1.43152448118e-07, 3.63078918042e-08, 5.1625011821e-08, 5.36258681905e-08, 8.28829698207e-08, 1.40023573181e-07, 2.81769185762e-08, 5.38243938308e-09, 2.01746708228e-09],
        "max": [0.0116749564186, 0.146453857422, 0.162451505661, 0.0836142748594, 0.0768051743507, 0.039992660284, 0.0453794375062, 0.0336069352925, 0.0268413387239, 0.0085678268224, 0.00901516526937, 0.0133234523237, 0.00636794511229, 0.00615447852761, 0.0034625059925, 0.00657613156363, 0.0261111631989, 0.00246112328023, 0.00809960253537, 0.00224528065883, 0.00290263490751, 0.00231635337695, 0.00392839126289, 0.00484208669513, 0.00298749026842, 0.00103175535332, 0.000304275512462],
        "mean": [0.000425026169978, 0.00495198462158, 0.00541428755969, 0.00770470732823, 0.00308761256747, 0.0025326043833, 0.00116746802814, 0.000855927704833, 0.000663065176923, 0.000236635911278, 0.000189078418771, 0.000197426445084, 0.000202569470275, 0.000158150491188, 0.000202073992114, 0.000224645016715, 0.000441075972049, 0.000196502951439, 0.00015295475896, 8.70950898388e-05, 0.000106419851363, 0.000104191836726, 0.000118346812087, 0.000123718738905, 5.46426344954e-05, 2.93551238428e-05, 1.46692900671e-05],
        "median": [8.78695482243e-06, 0.000649461173452, 0.00145234551746, 0.00343037839048, 0.00168276578188, 0.00054796790937, 0.000224283969146, 7.79684269219e-05, 0.000134593967232, 3.49077308783e-05, 3.52110364474e-05, 4.13064117311e-05, 3.69359149772e-05, 4.09747844969e-05, 9.67636224232e-05, 8.93974502105e-05, 0.000163711985806, 9.38686062e-05, 7.58391688578e-05, 2.13977382373e-05, 1.90686605492e-05, 1.80461884156e-05, 1.41959189932e-05, 1.08575686681e-05, 5.99214035901e-06, 1.54672602548e-06, 2.06328010677e-07],
        "min": [1.44090982142e-23, 6.80992065041e-24, 1.48428123622e-24, 8.3829440053e-24, 2.24075214376e-23, 9.61452390572e-24, 2.25041916084e-23, 4.9028683447e-23, 6.44590678104e-23, 3.86100964976e-23, 8.80425568212e-23, 1.60683443816e-22, 8.70494188068e-23, 8.60126662508e-23, 1.54576865238e-22, 1.92662451275e-22, 1.41570631503e-22, 2.32719672082e-22, 3.23721580636e-22, 3.73562746639e-22, 5.97480068927e-22, 5.20408484705e-22, 4.74827521e-22, 1.02280913034e-21, 1.2918276122e-21, 1.53198544745e-21, 2.58077059358e-21],
        "var": [1.80428764907e-06, 0.000162028707564, 0.000148600578541, 0.000113860194688, 2.73908390227e-05, 1.92810002773e-05, 9.10845301405e-06, 7.7967370089e-06, 3.42063890457e-06, 4.42656414634e-07, 2.07456068324e-07, 3.47324203176e-07, 2.66784297764e-07, 1.276644781e-07, 8.71346941267e-08, 1.84622621191e-07, 1.67994414824e-06, 7.83051987696e-08, 8.18105689859e-08, 2.48780249734e-08, 4.59893492177e-08, 6.04820016292e-08, 1.41778116358e-07, 2.00178220666e-07, 3.12472643316e-08, 4.36003233517e-09, 1.21647014684e-09]
    },
    "erbbands": {
        "dmean": [0.067386187613, 1.03390264511, 4.68850851059, 10.2111101151, 11.2852640152, 5.38688564301, 6.7080116272, 12.5780763626, 8.44855117798, 19.7330532074, 11.1888284683, 7.47063732147, 8.11688137054, 4.58100318909, 4.38568496704, 5.02976942062, 6.48286342621, 5.19646644592, 5.6955165863, 5.55251932144, 6.29753494263, 9.80739498138, 7.36775827408, 4.96182918549, 3.32665252686, 2.43594050407, 2.54435014725, 2.23199319839, 2.03431415558, 2.03769779205, 1.98217451572, 1.73350822926, 1.08777165413, 0.444221615791, 0.198606580496, 0.0875534564257, 0.0368467532098, 0.0113872401416, 0.00219690101221, 0.00011285484652],
        "dmean2": [0.105804137886, 1.73875141144, 8.06727600098, 16.8949680328, 19.0730342865, 9.06727981567, 10.9587020874, 19.7200813293, 13.6483287811, 31.4158649445, 18.0090942383, 11.1910009384, 12.9237184525, 7.42614889145, 7.20537662506, 7.88095331192, 10.1627721786, 7.91200876236, 8.76921653748, 8.88877296448, 9.45405960083, 14.4685354233, 10.7101278305, 7.48704433441, 5.23007631302, 3.97071409225, 3.98401403427, 3.43085050583, 3.09946632385, 3.08750844002, 2.77927160263, 2.40977859497, 1.55385029316, 0.607544958591, 0.280473649502, 0.123930856586, 0.0541617907584, 0.0165465343744, 0.00319962087087, 0.000162632466527],
        "dvar": [0.0512662418187, 11.7059812546, 231.087875366, 345.7578125, 521.415771484, 343.846832275, 202.64302063, 961.908447266, 548.150817871, 6702.81982422, 1442.41259766, 543.579711914, 816.050231934, 297.114990234, 158.118896484, 272.34262085, 335.353973389, 217.700637817, 133.446090698, 122.829200745, 275.310699463, 829.443908691, 430.369537354, 130.073669434, 106.01890564, 31.2869167328, 38.5717887878, 39.6006011963, 30.9048080444, 44.8747406006, 54.2563438416, 47.993976593, 19.1361618042, 2.73870158195, 0.620679795742, 0.0899244174361, 0.00753364479169, 0.000742589531001, 3.21366969729e-05, 7.42704742152e-08],
        "dvar2": [0.114023298025, 30.9134025574, 635.535644531, 927.107727051, 1506.88818359, 965.514892578, 520.308532715, 2340.67138672, 1330.90283203, 17117.640625, 3461.83422852, 1215.6784668, 2047.11901855, 729.83026123, 396.681304932, 582.911071777, 817.684020996, 492.018280029, 321.574920654, 341.316772461, 597.459472656, 1795.3972168, 918.697937012, 269.881256104, 268.046081543, 74.9082107544, 87.7132644653, 87.2482070923, 64.2043304443, 90.6151351929, 85.649017334, 80.694152832, 35.0195999146, 4.96584320068, 1.29139077663, 0.191014021635, 0.0174642968923, 0.00168379140086, 7.21859614714e-05, 1.61782807595e-07],
        "max": [3.25553846359, 41.0632476807, 187.712097168, 220.053070068, 245.608016968, 315.93963623, 191.574020386, 378.040222168, 406.682281494, 1137.40161133, 549.780944824, 478.622009277, 645.081542969, 504.866088867, 267.890472412, 486.331634521, 278.007629395, 357.904907227, 180.713043213, 174.985107422, 448.934967041, 918.052001953, 668.738464355, 256.843139648, 355.494842529, 97.4629211426, 95.5956192017, 122.834228516, 99.0311965942, 107.916915894, 132.848052979, 105.89541626, 73.6637573242, 36.7421379089, 20.9486293793, 8.30355834961, 1.1208281517, 0.281421005726, 0.0572979971766, 0.00255468650721],
        "mean": [0.0970579385757, 1.28532254696, 5.78885889053, 17.5439624786, 17.5801315308, 9.26543807983, 13.3312692642, 21.9173240662, 13.4903516769, 23.7141342163, 16.2760505676, 13.3685350418, 12.5406894684, 7.83846616745, 7.511698246, 8.29691314697, 9.85116004944, 8.00892734528, 10.041724205, 10.8651342392, 13.4093084335, 20.1284828186, 15.8184947968, 9.8451385498, 6.09819173813, 4.39891147614, 4.28347873688, 4.0825958252, 3.66206526756, 3.38849163055, 3.4920964241, 2.89540910721, 1.8184504509, 0.757563471794, 0.321991533041, 0.136298015714, 0.0536288246512, 0.0151017680764, 0.00266028800979, 0.000158939539688],
        "median": [0.0108642177656, 0.205503538251, 1.98212254047, 9.37006187439, 8.51775741577, 5.25338840485, 5.21841192245, 4.40494728088, 3.51269674301, 2.84910964966, 1.76348590851, 3.15208554268, 1.52931976318, 1.23785281181, 1.7008497715, 1.75183057785, 2.03891158104, 1.97605717182, 4.97046136856, 5.05735969543, 5.68332195282, 8.87103748322, 7.34551906586, 4.73633861542, 3.01915335655, 1.12747085094, 0.64696252346, 0.798571646214, 0.670842945576, 0.499670535326, 0.378046363592, 0.213521718979, 0.179878428578, 0.0818181186914, 0.0312587954104, 0.0102092893794, 0.00245431018993, 0.000390231027268, 5.66563867324e-05, 3.96392752009e-05],
        "min": [1.40152474166e-22, 1.89327101929e-21, 2.43121710623e-21, 1.69036458438e-20, 1.56799484498e-20, 1.14494372508e-19, 1.11961312827e-19, 7.63119222273e-20, 2.12623790852e-19, 4.29446117848e-19, 1.48381271282e-18, 1.78415847772e-18, 1.00496747219e-18, 3.19698751345e-18, 4.35766894422e-18, 5.07131074589e-18, 3.70736188051e-18, 4.77619917311e-18, 6.53581582245e-18, 7.80475100036e-18, 1.14869256448e-17, 8.6495530415e-18, 9.73951818132e-18, 1.6319959157e-17, 1.9864401612e-17, 1.61515832346e-17, 1.95787744922e-17, 2.39521561457e-17, 1.70939173146e-17, 2.06894001221e-17, 1.27062792032e-17, 1.77221940771e-17, 1.88368745464e-17, 1.3346959539e-17, 9.77211323335e-18, 4.97672429721e-18, 3.18040502371e-18, 1.24163759732e-18, 3.61475988981e-19, 3.90156150276e-20],
        "var": [0.0729289203882, 11.2066364288, 186.939697266, 555.838012695, 668.063354492, 274.806884766, 413.44128418, 1743.29772949, 1054.86010742, 6366.984375, 2119.84741211, 1189.05932617, 1398.98144531, 501.967254639, 326.804290771, 587.933166504, 553.117858887, 386.923248291, 215.234909058, 276.356933594, 765.466308594, 2312.9230957, 1128.2130127, 236.407211304, 124.916503906, 59.9801177979, 69.2878112793, 75.9012908936, 67.1377716064, 92.5011062622, 135.986862183, 109.338043213, 43.5896873474, 6.34455251694, 1.12158060074, 0.157380566001, 0.0123546076939, 0.00105330604129, 4.13137277064e-05, 1.0429828734e-07]
    },
    "gfcc": {
        "mean": [-62.2896461487, 107.686256409, -117.231369019, 33.873840332, -38.3360290527, -15.1875238419, -43.9189834595, -1.77170872688, -22.0878753662, -8.77387809753, -16.2308654785, -4.22292232513, -11.6208629608],
        "cov": [[15878.3232422, -2106.2824707, 4085.06665039, 856.717712402, -1762.96789551, 2394.63208008, 219.196151733, 72.3487625122, -187.34828186, 311.748596191, -407.054748535, 27.4846172333, -714.07421875], [-2106.2824707, 2241.23266602, -1548.07849121, -334.253448486, 597.311035156, -849.817993164, -120.791000366, -45.2249488831, 116.962882996, -201.202911377, 146.875473022, -73.2876663208, 234.549697876], [4085.06665039, -1548.07849121, 3288.28637695, 638.925964355, -629.669677734, 1585.4564209, 192.624298096, 61.9961853027, -125.597366333, 220.649230957, -179.490585327, 39.2299499512, -307.49899292], [856.717712402, -334.253448486, 638.925964355, 454.070495605, -104.650901794, 368.434173584, 15.2899847031, 11.2062749863, 3.61367726326, 16.6062736511, -5.89070558548, 28.0369491577, -44.2389984131], [-1762.96789551, 597.311035156, -629.669677734, -104.650901794, 520.849487305, -428.528930664, -49.305770874, -26.4612026215, 60.4850883484, -52.4902153015, 58.0749969482, -22.7525177002, 114.166030884], [2394.63208008, -849.817993164, 1585.4564209, 368.434173584, -428.528930664, 998.855041504, 161.942901611, 51.0345802307, -58.0679550171, 117.898872375, -78.8328933716, 29.4782791138, -181.065811157], [219.196151733, -120.791000366, 192.624298096, 15.2899847031, -49.305770874, 161.942901611, 233.109695435, 28.8650989532, -12.4837026596, 13.8084211349, -0.432294160128, 11.8240747452, -65.9234771729], [72.3487625122, -45.2249488831, 61.9961853027, 11.2062749863, -26.4612026215, 51.0345802307, 28.8650989532, 108.462219238, 33.3166847229, 1.52925384045, 0.531369864941, 4.89561080933, -8.0040063858], [-187.34828186, 116.962882996, -125.597366333, 3.61367726326, 60.4850883484, -58.0679550171, -12.4837026596, 33.3166847229, 102.181922913, -6.58165884018, 5.72297906876, 9.66403484344, 24.0808811188], [311.748596191, -201.202911377, 220.649230957, 16.6062736511, -52.4902153015, 117.898872375, 13.8084211349, 1.52925384045, -6.58165884018, 110.586624146, -5.80248689651, -15.0447492599, -29.2298545837], [-407.054748535, 146.875473022, -179.490585327, -5.89070558548, 58.0749969482, -78.8328933716, -0.432294160128, 0.531369864941, 5.72297906876, -5.80248689651, 108.969116211, 34.7033157349, 4.4864692688], [27.4846172333, -73.2876663208, 39.2299499512, 28.0369491577, -22.7525177002, 29.4782791138, 11.8240747452, 4.89561080933, 9.66403484344, -15.0447492599, 34.7033157349, 92.4402008057, 0.266573280096], [-714.07421875, 234.549697876, -307.49899292, -44.2389984131, 114.166030884, -181.065811157, -65.9234771729, -8.0040063858, 24.0808811188, -29.2298545837, 4.4864692688, 0.266573280096, 132.642578125]],
        "icov": [[0.000146951133502, -0.00011734355212, -3.92964393541e-05, -9.56317744567e-05, 0.000325642788084, -8.72627497301e-05, 0.000125415070215, 1.97345234483e-05, -7.04870581103e-06, -0.000178360074642, 0.000433000677731, -0.000192401712411, 0.000487442943268], [-0.00011734355212, 0.00112815049943, 0.00010689310875, 0.000475319306133, -0.000723850331269, -3.27531815856e-05, -0.000145780475577, 0.000396426650696, -0.000809856632259, 0.00157483748626, -0.00172104814555, 0.00156007497571, -0.00114134547766], [-3.92964393541e-05, 0.00010689310875, 0.00159154704306, -0.000300422107102, -0.000641282473225, -0.00224265526049, 0.000532795209438, -0.00023044757836, 0.000828528078273, -0.000614249554928, 0.00112608773634, -0.000597589823883, 0.00060765678063], [-9.56317744567e-05, 0.000475319306133, -0.000300422107102, 0.00387072120793, -0.00070524320472, -0.0014049008023, 0.000561402586754, 0.000662846316118, -0.00134838523809, 0.00187789136544, -0.00193551299162, 0.00070247775875, -0.00102990563028], [0.000325642788084, -0.000723850331269, -0.000641282473225, -0.00070524320472, 0.00463511189446, 0.00185195554513, -0.000653400260489, 0.000732307671569, -0.00135210505687, -0.000658797449432, -0.000149354396854, 0.000501568603795, -0.000326447101543], [-8.72627497301e-05, -3.27531815856e-05, -0.00224265526049, -0.0014049008023, 0.00185195554513, 0.00644329516217, -0.00199656863697, -0.000443352502771, -0.000406256323913, -0.000895276141819, -0.000448468403192, 0.000122949990327, -5.58860438105e-06], [0.000125415070215, -0.000145780475577, 0.000532795209438, 0.000561402586754, -0.000653400260489, -0.00199656863697, 0.00595175940543, -0.001301027718, 0.000818337663077, 2.91654414468e-05, 0.000701732642483, -0.00111840525642, 0.00290817162022], [1.97345234483e-05, 0.000396426650696, -0.00023044757836, 0.000662846316118, 0.000732307671569, -0.000443352502771, -0.001301027718, 0.0116041889414, -0.00511965621263, 0.00144884665497, -0.00166961958166, 0.00147876539268, -0.000787572003901], [-7.04870581103e-06, -0.000809856632259, 0.000828528078273, -0.00134838523809, -0.00135210505687, -0.000406256323913, 0.000818337663077, -0.00511965621263, 0.0140280714259, -0.00254854536615, 0.00309070711955, -0.00366207631305, 0.00036656280281], [-0.000178360074642, 0.00157483748626, -0.000614249554928, 0.00187789136544, -0.000658797449432, -0.000895276141819, 2.91654414468e-05, 0.00144884665497, -0.00254854536615, 0.0139265852049, -0.00477814488113, 0.0053664362058, -0.00141332973726], [0.000433000677731, -0.00172104814555, 0.00112608773634, -0.00193551299162, -0.000149354396854, -0.000448468403192, 0.000701732642483, -0.00166961958166, 0.00309070711955, -0.00477814488113, 0.0167788080871, -0.00869314838201, 0.00493963481858], [-0.000192401712411, 0.00156007497571, -0.000597589823883, 0.00070247775875, 0.000501568603795, 0.000122949990327, -0.00111840525642, 0.00147876539268, -0.00366207631305, 0.0053664362058, -0.00869314838201, 0.0168314445764, -0.00356837036088], [0.000487442943268, -0.00114134547766, 0.00060765678063, -0.00102990563028, -0.000326447101543, -5.58860438105e-06, 0.00290817162022, -0.000787572003901, 0.00036656280281, -0.00141332973726, 0.00493963481858, -0.00356837036088, 0.0143798924983]]
    },
    "melbands": {
        "dmean": [0.000771686958615, 0.00209385785274, 0.00180200079922, 0.000559917883947, 0.000220868707402, 0.000273262208793, 0.000137132199598, 0.00020888716972, 7.9028410255e-05, 5.3016057791e-05, 4.06174076488e-05, 1.85347562365e-05, 1.61872976605e-05, 1.39648427648e-05, 1.50284176925e-05, 1.27704115584e-05, 9.67732921708e-06, 9.76089813776e-06, 7.50525987314e-06, 6.64713843435e-06, 8.39882159198e-06, 8.81424602994e-06, 1.33911698867e-05, 5.41611780136e-06, 4.13754105466e-06, 3.34431592819e-06, 1.90342007045e-06, 1.63590596003e-06, 1.70056182469e-06, 1.50612129346e-06, 1.33411026582e-06, 1.22327992358e-06, 1.16794683436e-06, 1.1679455838e-06, 1.24577002225e-06, 1.13951375624e-06, 1.10040673462e-06, 8.07704282124e-07, 6.24540462013e-07, 3.16025563052e-07],
        "dmean2": [0.00122231140267, 0.00357465515845, 0.00297797960229, 0.000955386436544, 0.000360822654329, 0.000427736784332, 0.00022124600946, 0.000333732168656, 0.000127098639496, 8.04867449915e-05, 6.49102876196e-05, 3.01854943245e-05, 2.69068677881e-05, 2.19215617108e-05, 2.38704651565e-05, 1.98286761588e-05, 1.49598035932e-05, 1.51883805302e-05, 1.20574295579e-05, 1.04592409116e-05, 1.27554485516e-05, 1.33020021167e-05, 1.93352625502e-05, 8.0977943071e-06, 6.30142676528e-06, 5.24192819285e-06, 3.13962391374e-06, 2.69755264526e-06, 2.6944169349e-06, 2.35365450862e-06, 2.0816239612e-06, 1.86620729892e-06, 1.79062362804e-06, 1.77478818841e-06, 1.78983395926e-06, 1.56956627961e-06, 1.56827775299e-06, 1.18385310088e-06, 9.06032937564e-07, 4.34485741607e-07],
        "dvar": [5.98302767685e-06, 4.57995520264e-05, 1.00679117168e-05, 2.15007935367e-06, 2.43879071604e-07, 4.1985487087e-07, 1.44868010921e-07, 7.49048467696e-07, 6.91339465675e-08, 3.08989811515e-08, 2.0404721468e-08, 4.72660088846e-09, 1.99693173109e-09, 2.68110600388e-09, 1.629174462e-09, 1.28196053772e-09, 8.05996491771e-10, 4.13723416637e-10, 2.57874999132e-10, 1.8221225917e-10, 4.89555451733e-10, 4.81548412257e-10, 3.08196668186e-09, 1.22145640824e-10, 9.89279491659e-11, 1.12197293123e-10, 2.65274729266e-11, 1.36029651085e-11, 1.65148623943e-11, 1.58875846507e-11, 1.42271498402e-11, 1.10726662214e-11, 1.21180669665e-11, 1.48805117534e-11, 2.16282616816e-11, 1.88748981722e-11, 2.05818469906e-11, 1.07265394483e-11, 6.20765418236e-12, 1.52425522291e-12],
        "dvar2": [1.4089961951e-05, 0.000124425278045, 2.73568930425e-05, 5.99184704697e-06, 6.4915349185e-07, 1.01208274828e-06, 3.6180571783e-07, 1.94110725715e-06, 1.64097770039e-07, 7.35570679922e-08, 5.17238163411e-08, 1.17272307421e-08, 5.00811747628e-09, 5.49951817419e-09, 3.70873420863e-09, 3.07426506474e-09, 1.85516513262e-09, 1.0133912598e-09, 7.22176429768e-10, 4.29492857945e-10, 1.0762652991e-09, 1.07450259801e-09, 6.57025367445e-09, 2.54744420003e-10, 2.03953395839e-10, 2.80084899718e-10, 6.97077465195e-11, 3.32199788511e-11, 3.8670584096e-11, 3.6388614344e-11, 3.13677625541e-11, 2.39857717022e-11, 2.59606103975e-11, 2.98256697118e-11, 3.786519015e-11, 3.07420200407e-11, 3.70186555021e-11, 2.03963183149e-11, 1.18042511529e-11, 3.08147409499e-12],
        "max": [0.0305887497962, 0.0804953724146, 0.0328188836575, 0.0199083201587, 0.00778609188274, 0.00811908580363, 0.00555293355137, 0.0119750304148, 0.00393283460289, 0.00337704224512, 0.00323287304491, 0.00199511647224, 0.000805792107712, 0.00202472461388, 0.000901643594261, 0.000520699715707, 0.000763732474297, 0.000304067885736, 0.00036681588972, 0.000232627207879, 0.000521717010997, 0.000591198564507, 0.00182428373955, 0.000176388537511, 0.000241239031311, 0.000370482448488, 0.00014151565847, 5.94497505517e-05, 5.80741725571e-05, 7.32845364837e-05, 6.44402753096e-05, 6.19374768576e-05, 5.4978470871e-05, 6.64309773128e-05, 9.46360305534e-05, 8.04373048595e-05, 7.41801777622e-05, 5.5745782447e-05, 6.0308684624e-05, 3.35575823556e-05],
        "mean": [0.00112332974095, 0.00262285536155, 0.00315552344546, 0.000902181724086, 0.00045524458983, 0.000488178862724, 0.000212579150684, 0.000247341493377, 0.000118446121633, 8.90917508514e-05, 6.18956473772e-05, 3.05404610117e-05, 2.66075767286e-05, 2.1429377739e-05, 2.43699505518e-05, 1.86206289072e-05, 1.39813719215e-05, 1.57344693434e-05, 1.38286195579e-05, 1.4271481632e-05, 1.58654311235e-05, 1.78007030627e-05, 2.47894076892e-05, 1.10596483864e-05, 7.45796205592e-06, 5.65871687286e-06, 3.24317352351e-06, 2.71890075965e-06, 2.64879599854e-06, 2.46633112511e-06, 2.35451739172e-06, 2.14516148844e-06, 1.83831457434e-06, 1.86789623058e-06, 2.05930791708e-06, 1.87933551388e-06, 1.72205523086e-06, 1.29898978685e-06, 1.00699548966e-06, 5.15744034146e-07],
        "median": [0.000146703445353, 0.000779413152486, 0.00178308587056, 0.000477061927086, 0.000213868552237, 9.79679753073e-05, 4.52806380054e-05, 2.78670795524e-05, 1.65220226336e-05, 1.86329070857e-05, 7.34635796107e-06, 4.89543754156e-06, 5.68769883103e-06, 4.07244624512e-06, 4.68153757538e-06, 3.34209380526e-06, 3.15660599881e-06, 6.98710391589e-06, 6.70359213473e-06, 5.74313844481e-06, 6.27290728517e-06, 8.32128171169e-06, 7.29655084797e-06, 4.9054738156e-06, 3.34905644195e-06, 2.76668993138e-06, 1.12717771117e-06, 5.53146151105e-07, 3.56267833013e-07, 4.14078073163e-07, 4.59150470533e-07, 4.07451580031e-07, 2.49198336633e-07, 2.65459306092e-07, 2.39110306666e-07, 1.27923954096e-07, 1.17067891381e-07, 1.22004550462e-07, 1.03020838083e-07, 5.13416544834e-08],
        "min": [2.58561448195e-24, 1.71346465628e-24, 2.83733112212e-24, 3.84771955231e-24, 4.96508501543e-24, 1.99648487489e-24, 3.51822931271e-24, 5.36981286387e-24, 1.25888994942e-23, 9.96786653809e-24, 4.58627716419e-24, 1.23880499857e-23, 1.26377410283e-23, 2.11533903705e-23, 5.58013974728e-24, 9.38992416196e-24, 8.70886031057e-24, 8.71731926606e-24, 1.37011933705e-23, 9.3425932965e-24, 1.44821341123e-23, 9.12791111203e-24, 7.31617844722e-24, 1.02646754537e-23, 1.31055237121e-23, 1.25795065274e-23, 1.53818851949e-23, 9.7542280166e-24, 1.11571516611e-23, 1.40501775464e-23, 1.37157273439e-23, 8.14116287102e-24, 1.24819409995e-23, 1.09342582234e-23, 7.38870789657e-24, 6.54736170874e-24, 1.26535072023e-23, 1.46128972736e-23, 1.15359737118e-23, 1.03743681403e-23],
        "var": [8.0614381659e-06, 3.90598870581e-05, 1.68065434991e-05, 2.09350446312e-06, 4.13460924165e-07, 8.00654163413e-07, 2.4664248599e-07, 6.92304809036e-07, 1.0594013844e-07, 6.04118497449e-08, 3.45923645284e-08, 7.82961695478e-09, 3.71183461745e-09, 5.96556404275e-09, 3.21114956847e-09, 2.15935735959e-09, 1.31276678417e-09, 6.13548489792e-10, 4.48460740765e-10, 5.89218007718e-10, 1.20569298989e-09, 1.28581956194e-09, 7.67459251705e-09, 3.13822134945e-10, 1.6667035807e-10, 1.27760232949e-10, 3.49287612722e-11, 2.53162438929e-11, 2.76160257856e-11, 2.72463752948e-11, 2.69920648333e-11, 2.25167749029e-11, 2.47796314717e-11, 2.97068966648e-11, 4.76708603148e-11, 4.61624800885e-11, 4.1674757395e-11, 2.28239371847e-11, 1.36694267017e-11, 2.90461751873e-12]
    },
    "mfcc": {
        "mean": [-701.551391602, 135.077545166, -9.11261367798, 38.6293449402, 18.5888442993, -7.30603694916, -9.69093132019, -0.509466588497, -7.13859987259, -6.84028339386, -3.13184690475, -5.52813386917, -5.67277526855],
        "cov": [[9065.94921875, -1564.96154785, 3299.1237793, -278.598510742, -820.547119141, 1393.55871582, 486.810516357, 348.160797119, 298.626586914, 282.388946533, 59.5736274719, 338.757446289, 11.0076208115], [-1564.96154785, 1570.17163086, -1052.56103516, 60.4540786743, 235.321960449, -410.965759277, -153.220748901, -39.6954727173, -63.715133667, -94.1577072144, 49.298122406, -92.5360336304, -0.698406040668], [3299.1237793, -1052.56103516, 2853.43481445, -101.154724121, -205.239868164, 1109.44580078, 445.95413208, 270.577056885, 210.751403809, 183.303726196, -40.3551559448, 214.583404541, 33.1263961792], [-278.598510742, 60.4540786743, -101.154724121, 253.171875, 139.475906372, -27.2634811401, -15.7231750488, 9.50998401642, -3.30718684196, -24.9747619629, -0.222751870751, -16.8201789856, 8.29030609131], [-820.547119141, 235.321960449, -205.239868164, 139.475906372, 342.984893799, -71.1121902466, -78.6252288818, -37.3714866638, -4.54114818573, -20.4517726898, -17.0759391785, -33.1903991699, 7.58685350418], [1393.55871582, -410.965759277, 1109.44580078, -27.2634811401, -71.1121902466, 580.78894043, 227.077636719, 112.642738342, 98.6780471802, 86.0932388306, -7.46105098724, 88.8682327271, 21.6870384216], [486.810516357, -153.220748901, 445.95413208, -15.7231750488, -78.6252288818, 227.077636719, 224.610321045, 81.8018341064, 15.3425827026, 54.4913291931, 19.5485420227, 47.7228317261, 6.50598955154], [348.160797119, -39.6954727173, 270.577056885, 9.50998401642, -37.3714866638, 112.642738342, 81.8018341064, 170.59854126, 38.717212677, 0.359040558338, 22.5840682983, 47.348361969, 18.0734329224], [298.626586914, -63.715133667, 210.751403809, -3.30718684196, -4.54114818573, 98.6780471802, 15.3425827026, 38.717212677, 140.367584229, 37.7340087891, -30.9105243683, 33.5452384949, 2.54707670212], [282.388946533, -94.1577072144, 183.303726196, -24.9747619629, -20.4517726898, 86.0932388306, 54.4913291931, 0.359040558338, 37.7340087891, 117.312049866, 19.1485958099, 8.73964214325, -1.06973195076], [59.5736274719, 49.298122406, -40.3551559448, -0.222751870751, -17.0759391785, -7.46105098724, 19.5485420227, 22.5840682983, -30.9105243683, 19.1485958099, 103.836082458, 21.7317905426, -5.70396375656], [338.757446289, -92.5360336304, 214.583404541, -16.8201789856, -33.1903991699, 88.8682327271, 47.7228317261, 47.348361969, 33.5452384949, 8.73964214325, 21.7317905426, 97.3741836548, 25.6032104492], [11.0076208115, -0.698406040668, 33.1263961792, 8.29030609131, 7.58685350418, 21.6870384216, 6.50598955154, 18.0734329224, 2.54707670212, -1.06973195076, -5.70396375656, 25.6032104492, 83.3187713623]],
