{
"lowlevel": {
    "average_loudness": 0.935764849186,
    "barkbands_crest": {
        "dmean": 2.6603615284,
        "dmean2": 4.11773777008,
        "dvar": 7.13432502747,
        "dvar2": 14.9696540833,
        "max": 25.2924365997,
        "mean": 9.89235973358,
        "median": 8.54792881012,
        "min": 2.35465455055,
        "var": 24.2102355957
    },
    "barkbands_flatness_db": {
        "dmean": 0.0300183184445,
        "dmean2": 0.0426831766963,
        "dvar": 0.000903143489268,
        "dvar2": 0.00166099146008,
        "max": 0.403307259083,
        "mean": 0.18532115221,
        "median": 0.178521126509,
        "min": 0.0393980816007,
        "var": 0.00436439318582
    },
    "barkbands_kurtosis": {
        "dmean": 1.85755038261,
        "dmean2": 3.00154709816,
        "dvar": 8.97617912292,
        "dvar2": 21.4834136963,
        "max": 43.1099739075,
        "mean": 1.23873794079,
        "median": -0.136793375015,
        "min": -1.90391659737,
        "var": 18.1566410065
    },
    "barkbands_skewness": {
        "dmean": 0.63757699728,
        "dmean2": 0.993808031082,
        "dvar": 0.489590138197,
        "dvar2": 1.18038451672,
        "max": 4.44753885269,
        "mean": 0.419785827398,
        "median": 0.354366928339,
        "min": -3.22028899193,
        "var": 1.14205217361
    },
    "barkbands_spread": {
        "dmean": 6.9595580101,
        "dmean2": 10.4035320282,
        "dvar": 71.4059829712,
        "dvar2": 140.977355957,
        "max": 78.129776001,
        "mean": 20.8149909973,
        "median": 18.2716655731,
        "min": 1.2653503418,
        "var": 176.082183838
    },
    "dissonance": {
        "dmean": 0.0258256215602,
        "dmean2": 0.0414701849222,
        "dvar": 0.000759624759667,
        "dvar2": 0.00188910379075,
        "max": 0.5,
        "mean": 0.452744245529,
        "median": 0.466576457024,
        "min": 0.251597672701,
        "var": 0.00181957217865
    },
    "dynamic_complexity": 3.07803869247,
    "erbbands_crest": {
        "dmean": 3.09503650665,
        "dmean2": 4.84245729446,
        "dvar": 9.71922206879,
        "dvar2": 21.8140583038,
        "max": 29.6386260986,
        "mean": 10.8062076569,
        "median": 9.5421295166,
        "min": 2.59293103218,
        "var": 27.2486095428
    },
    "erbbands_flatness_db": {
        "dmean": 0.0290179494768,
        "dmean2": 0.0378674343228,
        "dvar": 0.000848500640132,
        "dvar2": 0.00137406040449,
        "max": 0.421841174364,
        "mean": 0.247089102864,
        "median": 0.239798873663,
        "min": 0.0877584889531,
        "var": 0.00415655924007
    },
    "erbbands_kurtosis": {
        "dmean": 1.63630795479,
        "dmean2": 2.6796245575,
        "dvar": 6.99836730957,
        "dvar2": 16.5138206482,
        "max": 36.0288772583,
        "mean": 1.07814824581,
        "median": -0.0703389644623,
        "min": -1.80509436131,
        "var": 12.8740415573
    },
    "erbbands_skewness": {
        "dmean": 0.608440101147,
        "dmean2": 0.914470732212,
        "dvar": 0.429611116648,
        "dvar2": 0.952856957912,
        "max": 5.15911006927,
        "mean": -0.00129950663541,
        "median": 0.00123893399723,
        "min": -4.21465206146,
        "var": 1.16367089748
    },
    "erbbands_spread": {
        "dmean": 9.40069961548,
        "dmean2": 14.0244007111,
        "dvar": 132.417709351,
        "dvar2": 297.744049072,
        "max": 107.396934509,
        "mean": 27.803647995,
        "median": 24.7731361389,
        "min": 1.65434956551,
        "var": 290.402282715
    },
    "hfc": {
        "dmean": 20.430015564,
        "dmean2": 32.4826965332,
        "dvar": 1247.88037109,
        "dvar2": 3173.9152832,
        "max": 263.68371582,
        "mean": 26.5670070648,
        "median": 15.6418352127,
        "min": 1.12537789989e-16,
        "var": 1248.81054688
    },
    "melbands_crest": {
        "dmean": 3.11068248749,
        "dmean2": 4.93241596222,
        "dvar": 9.1796875,
        "dvar2": 20.4720859528,
        "max": 29.7673873901,
        "mean": 12.319018364,
        "median": 11.3693027496,
        "min": 1.82819759846,
        "var": 28.783864975
    },
    "melbands_flatness_db": {
        "dmean": 0.0391982272267,
        "dmean2": 0.0553140677512,
        "dvar": 0.00206966418773,
        "dvar2": 0.00359516800381,
        "max": 0.447639018297,
        "mean": 0.184761092067,
        "median": 0.186101064086,
        "min": 0.00590428663418,
        "var": 0.00838878192008
    },
    "melbands_kurtosis": {
        "dmean": 3.01070022583,
        "dmean2": 4.88312530518,
        "dvar": 19.7454624176,
        "dvar2": 48.8191413879,
        "max": 46.3154182434,
        "mean": 3.29187059402,
        "median": 1.18306827545,
        "min": -1.90111649036,
        "var": 36.9969711304
    },
    "melbands_skewness": {
        "dmean": 0.653672218323,
        "dmean2": 1.0261592865,
        "dvar": 0.495553225279,
        "dvar2": 1.21900653839,
        "max": 5.5036406517,
        "mean": 1.16085481644,
        "median": 0.967974722385,
        "min": -2.05376243591,
        "var": 1.16392540932
    },
    "melbands_spread": {
        "dmean": 14.8896226883,
        "dmean2": 23.0633773804,
        "dvar": 417.840545654,
        "dvar2": 952.847351074,
        "max": 181.829193115,
        "mean": 38.6715278625,
        "median": 30.4758529663,
        "min": 2.2263739109,
        "var": 879.09777832
    },
    "pitch_salience": {
        "dmean": 0.0893359035254,
        "dmean2": 0.13781991601,
        "dvar": 0.00871113035828,
        "dvar2": 0.01931547001,
        "max": 0.878910064697,
        "mean": 0.569486200809,
        "median": 0.583795487881,
        "min": 0.155270338058,
        "var": 0.0206708367914
    },
    "silence_rate_20dB": {
        "dmean": 0,
        "dmean2": 0,
        "dvar": 0,
        "dvar2": 0,
        "max": 1,
        "mean": 1,
        "median": 1,
        "min": 1,
        "var": 0
    },
    "silence_rate_30dB": {
        "dmean": 0,
        "dmean2": 0,
        "dvar": 0,
        "dvar2": 0,
        "max": 1,
        "mean": 1,
        "median": 1,
        "min": 1,
        "var": 0
    },
    "silence_rate_60dB": {
        "dmean": 0.0901702791452,
        "dmean2": 0.180410370231,
        "dvar": 0.0820412784815,
        "dvar2": 0.168775931001,
        "max": 1,
        "mean": 0.141972914338,
        "median": 0,
        "min": 0,
        "var": 0.121809065342
    },
    "spectral_centroid": {
        "dmean": 482.82421875,
        "dmean2": 732.003051758,
        "dvar": 383224.625,
        "dvar2": 789971.875,
        "max": 11492.4140625,
        "mean": 1885.1307373,
        "median": 1660.54211426,
        "min": 326.69442749,
        "var": 1108385.125
    },
    "spectral_complexity": {
        "dmean": 6.05921030045,
        "dmean2": 8.70228385925,
        "dvar": 54.485824585,
        "dvar2": 101.036903381,
        "max": 62,
        "mean": 17.067697525,
        "median": 15,
        "min": 0,
        "var": 131.064453125
    },
    "spectral_decrease": {
        "dmean": 2.41983144633e-09,
        "dmean2": 4.11431688718e-09,
        "dvar": 1.71434290374e-17,
        "dvar2": 4.67404625521e-17,
        "max": 2.86112601605e-29,
        "mean": -3.75503672601e-09,
        "median": -2.34653896314e-09,
        "min": -2.77392064874e-08,
        "var": 1.73162204499e-17
    },
    "spectral_energy": {
        "dmean": 0.0108533212915,
        "dmean2": 0.0182778798044,
        "dvar": 0.000326117151417,
        "dvar2": 0.000878893770278,
        "max": 0.128611132503,
        "mean": 0.0165820941329,
        "median": 0.0106111578643,
        "min": 1.01000844978e-20,
        "var": 0.0003279732191
    },
    "spectral_energyband_high": {
        "dmean": 0.00219647516496,
        "dmean2": 0.00347652472556,
        "dvar": 1.71241445059e-05,
        "dvar2": 4.27401573688e-05,
        "max": 0.0222370158881,
        "mean": 0.00212308950722,
        "median": 0.000130689935759,
        "min": 7.70681753335e-21,
        "var": 1.68106016645e-05
    },
    "spectral_energyband_low": {
        "dmean": 0.000613187905401,
        "dmean2": 0.00107446056791,
        "dvar": 2.41410748458e-06,
        "dvar2": 6.23927371635e-06,
        "max": 0.0450033769011,
        "mean": 0.00107191549614,
        "median": 7.53678032197e-05,
        "min": 2.07444543435e-23,
        "var": 9.01944258658e-06
    },
    "spectral_energyband_middle_high": {
        "dmean": 0.00451657129452,
        "dmean2": 0.00715507846326,
        "dvar": 9.8225158581e-05,
        "dvar2": 0.000256936968071,
        "max": 0.0893475487828,
        "mean": 0.00704920431599,
        "median": 0.00374850886874,
        "min": 1.35335290631e-21,
        "var": 9.95597947622e-05
    },
    "spectral_energyband_middle_low": {
        "dmean": 0.00530229322612,
        "dmean2": 0.00949657615274,
        "dvar": 0.000136920207296,
        "dvar2": 0.000393668131437,
        "max": 0.0851996541023,
        "mean": 0.00691741285846,
        "median": 0.00315148895606,
        "min": 2.14753308168e-22,
        "var": 0.000111037792522
    },
    "spectral_entropy": {
        "dmean": 0.301066190004,
        "dmean2": 0.428680211306,
        "dvar": 0.146359264851,
        "dvar2": 0.238524869084,
        "max": 9.8032951355,
        "mean": 7.36804866791,
        "median": 7.399913311,
        "min": 5.04502868652,
        "var": 0.506362378597
    },
    "spectral_flux": {
        "dmean": 0.0357984788716,
        "dmean2": 0.0555601119995,
        "dvar": 0.00218494283035,
        "dvar2": 0.00417508231476,
        "max": 0.314673960209,
        "mean": 0.0824378654361,
        "median": 0.0726846531034,
        "min": 6.54613308004e-11,
        "var": 0.0037809854839
    },
    "spectral_kurtosis": {
        "dmean": 4.36334037781,
        "dmean2": 7.31756401062,
        "dvar": 36.9602661133,
        "dvar2": 92.5359802246,
        "max": 70.1659469604,
        "mean": 6.48467350006,
        "median": 3.7996468544,
        "min": -1.23589837551,
        "var": 59.3411331177
    },
    "spectral_rms": {
        "dmean": 0.00114576506894,
        "dmean2": 0.00182152295019,
        "dvar": 2.40549525188e-06,
        "dvar2": 6.17899968347e-06,
        "max": 0.011201530695,
        "mean": 0.00354522350244,
        "median": 0.00321750668809,
        "min": 3.13906691439e-12,
        "var": 3.60905187335e-06
    },
    "spectral_rolloff": {
        "dmean": 908.370849609,
        "dmean2": 1479.99853516,
        "dvar": 1759513,
        "dvar2": 3234604,
        "max": 18755.4199219,
        "mean": 2825.59643555,
        "median": 2153.3203125,
        "min": 258.3984375,
        "var": 4254409
    },
    "spectral_skewness": {
        "dmean": 0.499055236578,
        "dmean2": 0.7897529006,
        "dvar": 0.332535147667,
        "dvar2": 0.775162994862,
        "max": 6.09859991074,
        "mean": 1.39348232746,
        "median": 1.30076086521,
        "min": -0.430297702551,
        "var": 0.775364160538
    },
    "spectral_spread": {
        "dmean": 665627.875,
        "dmean2": 946935.5625,
        "dvar": 887121969152,
        "dvar2": 1.28136459059e+12,
        "max": 41873484,
        "mean": 3439772.75,
        "median": 3185691,
        "min": 1088754.625,
        "var": 4.12847623373e+12
    },
    "spectral_strongpeak": {
        "dmean": 0.645225286484,
        "dmean2": 1.09099304676,
        "dvar": 0.88679510355,
        "dvar2": 2.26128482819,
        "max": 9.21099090576,
        "mean": 1.26211905479,
        "median": 0.93523555994,
        "min": 0,
        "var": 1.23714971542
    },
    "zerocrossingrate": {
        "dmean": 0.0191098619252,
        "dmean2": 0.0203425940126,
        "dvar": 0.000523029244505,
        "dvar2": 0.000687482999638,
        "max": 0.4970703125,
        "mean": 0.0874323770404,
        "median": 0.07177734375,
        "min": 0.013671875,
        "var": 0.00281829992309
    },
    "barkbands": {
        "dmean": [5.64644869883e-06, 5.05347852595e-05, 0.000312280113576, 0.000775225285906, 0.00205249618739, 0.00133345893119, 0.000907701498363, 0.000594661803916, 0.000596230151132, 0.000937628385145, 0.00104902661406, 0.000772872532252, 0.000390321511077, 0.000750011880882, 0.000720835349057, 0.000609434908256, 0.000299197155982, 0.00025756447576, 0.000249794364208, 0.000329354021233, 0.000693648296874, 0.000654954928905, 0.000467210833449, 0.00017222671886, 5.11430444021e-05, 3.76331263396e-06, 1.39918611808e-07],
        "dmean2": [9.68435506365e-06, 8.08232725831e-05, 0.000561952707358, 0.0014372341102, 0.00386379286647, 0.00240116333589, 0.00154525460675, 0.000995436916128, 0.000980161945336, 0.00155480578542, 0.00173634313978, 0.0012587121455, 0.000648079614621, 0.00129036779981, 0.00118715700228, 0.000936085067224, 0.00049191119615, 0.000413936184486, 0.000401822442655, 0.000517299456988, 0.00116285809781, 0.00100616458803, 0.000751090061385, 0.000280456297332, 7.49700702727e-05, 5.48119851373e-06, 2.25755243832e-07],
        "dvar": [1.4341360044e-10, 2.22955982565e-08, 7.87862973084e-07, 4.8951987992e-06, 3.48202702298e-05, 7.89513887867e-06, 3.5795394524e-06, 2.626143214e-06, 1.5449163584e-06, 3.63992876373e-06, 6.32872979622e-06, 3.86199053537e-06, 1.33454477691e-06, 8.03988496045e-06, 2.65320954895e-06, 1.69609791101e-06, 2.93131336093e-07, 3.02153893017e-07, 3.32715842433e-07, 4.20145028102e-07, 1.82461587883e-06, 1.60175034125e-06, 9.33960848215e-07, 1.35401663215e-07, 2.83306000881e-08, 2.23500690177e-10, 7.51979208069e-13],
        "dvar2": [3.81248782544e-10, 6.09283361541e-08, 2.16567354983e-06, 1.36812159326e-05, 0.000100447294244, 2.24996420002e-05, 9.01641942619e-06, 7.00151667843e-06, 3.48217758983e-06, 9.39881556405e-06, 1.65141682373e-05, 9.19808098843e-06, 3.52826714334e-06, 2.21074606088e-05, 6.55678786643e-06, 3.81146946893e-06, 7.54930169933e-07, 7.40274174404e-07, 8.17350780835e-07, 9.78411435426e-07, 4.7641619858e-06, 3.83275892091e-06, 2.42143573814e-06, 3.58705278813e-07, 6.49467040148e-08, 5.18103560054e-10, 1.81667419823e-12],
        "max": [0.000181396957487, 0.00416145613417, 0.0253604277968, 0.0268400665373, 0.0493336468935, 0.033220693469, 0.0269686952233, 0.0344187878072, 0.0174267794937, 0.019099900499, 0.0248956754804, 0.0194517634809, 0.0101709673181, 0.0258159209043, 0.021505990997, 0.0212172903121, 0.00664583034813, 0.00737890182063, 0.00813335180283, 0.0050548077561, 0.00868348497897, 0.0100941006094, 0.00577351776883, 0.00211051036604, 0.00191356288269, 0.000195516957319, 1.46302954818e-05],
        "mean": [5.83953806199e-06, 5.87228460063e-05, 0.000625105225481, 0.000736735993996, 0.00178960140329, 0.00154474470764, 0.000842157111038, 0.000812700891402, 0.00083738588728, 0.00140713877045, 0.00114525971003, 0.00076044263551, 0.000417246774305, 0.000712575158104, 0.000778888119385, 0.000825992377941, 0.000427827297244, 0.000302757689497, 0.000285608897684, 0.000358380522812, 0.000620001577772, 0.00066968309693, 0.000411813030951, 0.000150642052176, 5.06929536641e-05, 4.02653677156e-06, 1.27705291675e-07],
        "median": [1.67149687513e-06, 9.77443232841e-06, 1.93705400306e-05, 4.70984523417e-05, 0.000390689587221, 0.000370591238607, 8.48626368679e-05, 0.000197905639652, 0.000159235409228, 0.000567148032133, 0.000149902858539, 7.30674801162e-05, 6.3873907493e-05, 0.000237610103795, 8.13735241536e-05, 0.000147239232319, 0.000218011817196, 0.000108144886326, 9.31944596232e-05, 7.30803149054e-05, 3.31226729031e-05, 2.36673877225e-05, 1.04753171399e-05, 2.72051647698e-06, 1.20246590996e-06, 1.01032853195e-07, 2.35595931652e-10],
        "min": [4.18640643096e-25, 6.6954845432e-24, 3.57758202393e-24, 1.19857033139e-23, 2.5567329037e-23, 1.96500392107e-23, 2.88014220901e-23, 2.62228614052e-23, 3.1363071175e-23, 2.52316008798e-23, 3.59535947775e-23, 4.9691011063e-23, 1.50517954999e-22, 7.16580735919e-23, 1.02272610431e-22, 7.07473746976e-23, 1.12664357177e-22, 1.00240757175e-22, 2.04170480378e-22, 2.40437634743e-22, 3.6971295396e-22, 4.12110605167e-22, 6.27002803341e-22, 7.87835562749e-22, 1.11297858238e-21, 1.50855135607e-21, 2.21932437179e-21],
        "var": [1.41080008786e-10, 2.04446095609e-08, 3.9198353079e-06, 4.53810662293e-06, 2.10959660762e-05, 8.24175458547e-06, 3.99870395995e-06, 3.42581188306e-06, 3.17396893479e-06, 4.64971253678e-06, 6.67699941914e-06, 4.27882150689e-06, 1.17787919862e-06, 5.30056559001e-06, 3.48686057805e-06, 3.14595172313e-06, 3.65026664895e-07, 3.37378395443e-07, 3.37884642931e-07, 4.63845481136e-07, 1.5515091718e-06, 1.76682522124e-06, 8.05655190561e-07, 1.13398698431e-07, 2.9998751927e-08, 2.62619287428e-10, 7.16952159533e-13]
    },
    "erbbands": {
        "dmean": [0.000987568404526, 0.0171157866716, 0.251963883638, 1.54672503471, 4.58093309402, 7.078166008, 10.1135578156, 10.8293867111, 11.8427991867, 14.1524620056, 10.4570922852, 13.9749612808, 23.245016098, 35.4290428162, 39.7518157959, 26.8321342468, 15.6857309341, 37.5020751953, 35.8687782288, 37.8525657654, 28.0011577606, 14.133690834, 12.4810094833, 15.2762775421, 11.4044446945, 16.4660701752, 21.0125465393, 31.9935054779, 26.4019050598, 19.2989234924, 11.4543294907, 6.09050941467, 1.641035676, 0.50470250845, 0.441226691008, 0.0474882908165, 0.00673693232238, 0.000776798930019, 3.23271306115e-05, 1.79873859452e-05],
        "dmean2": [0.0013909250265, 0.0285683665425, 0.45389008522, 2.81862044334, 8.69608688354, 13.3509950638, 18.2954063416, 19.5355110168, 20.6992664337, 23.358247757, 17.3186035156, 22.8948497772, 37.3119163513, 59.0144462585, 64.8793487549, 42.2255058289, 25.5139789581, 64.9286575317, 60.4048042297, 59.3705596924, 42.8644638062, 22.6034832001, 19.8380775452, 24.3808555603, 18.2137336731, 26.2185173035, 33.9744224548, 53.9042053223, 41.706199646, 30.4696884155, 18.4367370605, 10.0771446228, 2.54265475273, 0.74938249588, 0.651443719864, 0.0666189491749, 0.00972946733236, 0.00119389104657, 4.90508900839e-05, 2.93272078125e-05],
        "dvar": [2.61893774223e-06, 0.00277311797254, 0.509553551674, 17.121131897, 220.50062561, 422.467681885, 450.835662842, 585.974487305, 604.436828613, 1364.58093262, 595.113830566, 996.725708008, 1958.71801758, 7970.93652344, 8833.84570312, 4323.265625, 1724.53808594, 22313.5117188, 9279.16601562, 6549.00830078, 2673.40820312, 650.407897949, 705.28515625, 1263.6776123, 632.119750977, 1097.21398926, 1463.35021973, 4451.17529297, 2697.46972656, 1441.77612305, 553.663574219, 178.92729187, 11.3210506439, 1.22432565689, 3.71807360649, 0.0420673526824, 0.000750922772568, 1.12684301712e-05, 9.01707597478e-09, 8.30694346643e-10],
        "dvar2": [5.51551420358e-06, 0.00797222740948, 1.48501443863, 46.271736145, 635.538452148, 1221.90612793, 1281.64819336, 1676.18945312, 1618.49987793, 3448.52612305, 1510.6307373, 2308.47583008, 4783.79345703, 21113.5898438, 22403.7421875, 10113.546875, 4497.24511719, 61627.8632812, 24123.4160156, 14154.4394531, 5841.23046875, 1620.84228516, 1761.45910645, 3077.94189453, 1587.06921387, 2534.78369141, 3661.08398438, 11880.4462891, 6671.27587891, 3512.65893555, 1428.54418945, 481.860107422, 28.2614688873, 2.91877698898, 8.57266521454, 0.0937408581376, 0.00166608253494, 2.5037505111e-05, 1.95378238033e-08, 2.15703122031e-09],
        "max": [0.02314173989, 1.41597425938, 15.5436878204, 82.5238189697, 114.806381226, 189.952163696, 185.856460571, 380.163360596, 212.655593872, 539.383361816, 445.418273926, 468.998779297, 713.43548584, 843.374938965, 1153.96313477, 797.411071777, 329.50881958, 1400.15673828, 834.10546875, 1456.55053711, 1025.26940918, 326.051025391, 368.733062744, 515.178283691, 227.050720215, 266.297454834, 303.946044922, 427.93081665, 378.264434814, 227.738739014, 137.028778076, 73.6124191284, 26.3237400055, 12.073931694, 20.6517238617, 2.3776781559, 0.354396879673, 0.0478553250432, 0.00123753887601, 0.00019895384321],
        "mean": [0.00138881488238, 0.0220733191818, 0.438998371363, 1.958355546, 3.11154389381, 6.11991453171, 12.2051639557, 13.078125, 10.7722063065, 18.4574432373, 13.3583106995, 21.1779155731, 37.8242073059, 43.3225326538, 42.8361473083, 28.1318397522, 18.6648540497, 36.3819465637, 35.9323196411, 48.2941398621, 41.5195388794, 20.5153484344, 15.3365535736, 18.4269714355, 12.3220129013, 18.0920619965, 21.7772254944, 26.7245674133, 25.5286235809, 18.4946422577, 10.2453460693, 5.1148147583, 1.57080352306, 0.518444657326, 0.421182066202, 0.0487796142697, 0.00728595815599, 0.000801324669737, 3.69085792045e-05, 2.5372573873e-05],
        "median": [0.000378087424906, 0.00247218552977, 0.0191730298102, 0.114038445055, 0.255084455013, 1.18998622894, 4.56123161316, 2.64749336243, 1.80154156685, 4.35265111923, 3.12807583809, 4.80027866364, 18.9451389313, 10.0884037018, 5.99895524979, 3.21219038963, 3.87040114403, 12.7738113403, 6.40248680115, 6.74181509018, 11.5186080933, 9.04496097565, 5.89499235153, 6.83510017395, 3.93155193329, 3.81324052811, 1.9861177206, 1.23873829842, 0.968769073486, 0.499912708998, 0.294533282518, 0.0893208384514, 0.0370776541531, 0.014695414342, 0.00702205812559, 0.00111201568507, 0.000139298426802, 1.19120923046e-05, 1.10258333734e-05, 1.57766553457e-05],
        "min": [2.70448983291e-22, 1.23577542244e-21, 4.89240052652e-21, 2.49195575077e-20, 4.24407340685e-20, 8.97228334776e-20, 7.59001026045e-20, 2.09957748963e-19, 3.97657385962e-19, 4.23173116125e-19, 5.72775424898e-19, 5.89048342294e-19, 7.90556725643e-19, 1.10056907828e-18, 2.3117642577e-18, 1.98971658225e-18, 7.45309832399e-18, 4.18769863118e-18, 5.4592489406e-18, 5.48161714514e-18, 6.01438970202e-18, 6.71363359795e-18, 6.32412913675e-18, 9.51274248048e-18, 1.36778532907e-17, 1.06411111346e-17, 1.24069531452e-17, 1.5897800914e-17, 1.44297687393e-17, 1.55570256627e-17, 1.82303509797e-17, 1.63638874106e-17, 1.36222560002e-17, 1.07082707557e-17, 8.22235892287e-18, 5.04443771574e-18, 2.66802246893e-18, 1.16116336687e-18, 3.07690663451e-19, 2.80791790369e-20],
        "var": [5.06361357111e-06, 0.00282779312693, 1.70498156548, 29.0940093994, 126.301742554, 254.125610352, 403.39630127, 677.361328125, 556.652954102, 1754.59362793, 760.136047363, 2038.04064941, 3106.31884766, 7466.3046875, 9749.08886719, 5088.22900391, 1761.6505127, 14451.4814453, 7982.25390625, 12851.3134766, 5556.04199219, 896.664916992, 775.779296875, 1350.76245117, 616.345458984, 1195.13342285, 1559.50146484, 3463.09521484, 2679.88793945, 1418.35864258, 490.653808594, 140.011825562, 11.0920934677, 1.27616381645, 3.83715963364, 0.0477042198181, 0.000954384217039, 1.35157151817e-05, 1.09422879646e-08, 8.49043668705e-10]
    },
    "gfcc": {
        "mean": [-69.315826416, 93.7150726318, -179.890975952, 25.7801742554, -77.9622879028, -1.49284350872, -35.9583244324, -7.94041728973, -13.7413816452, -13.8385839462, -15.2325582504, -7.66457605362, 1.78898131847],
        "cov": [[9687.62695312, -2892.60327148, 606.071533203, 1012.12780762, -1479.58361816, 693.227478027, -894.658081055, -33.7122764587, -883.012573242, 291.977172852, -398.176239014, 381.968658447, -238.215576172], [-2892.60327148, 3939.90405273, -375.129852295, -924.324707031, 1286.40319824, -962.178039551, 259.010375977, -284.738739014, 464.429382324, -364.303863525, 310.864715576, -301.819976807, 85.2756500244], [606.071533203, -375.129852295, 979.983947754, 273.561157227, -213.060012817, 238.828460693, -184.433380127, 110.250724792, -209.966384888, 66.1252593994, -135.55116272, 42.3924102783, -126.575752258], [1012.12780762, -924.324707031, 273.561157227, 639.585876465, -280.780029297, 241.412780762, -87.2433776855, 56.5417289734, -97.1370849609, 70.7655639648, -115.96672821, 13.6111631393, -44.923992157], [-1479.58361816, 1286.40319824, -213.060012817, -280.780029297, 746.052246094, -296.180969238, 131.050979614, -8.47114372253, 203.962478638, -121.521720886, 56.1991882324, -92.385559082, 39.0645751953], [693.227478027, -962.178039551, 238.828460693, 241.412780762, -296.180969238, 575.612976074, 33.4733200073, 161.953079224, -147.890228271, 81.1359405518, -107.764411926, 40.0582122803, -53.2322463989], [-894.658081055, 259.010375977, -184.433380127, -87.2433776855, 131.050979614, 33.4733200073, 354.352813721, 32.7104988098, 82.9522705078, -85.8498382568, 29.33436203, -40.9986076355, 25.2173442841], [-33.7122764587, -284.738739014, 110.250724792, 56.5417289734, -8.47114372253, 161.953079224, 32.7104988098, 195.500457764, -5.45216751099, 30.8772773743, -49.5079956055, 15.2021875381, -16.7788238525], [-883.012573242, 464.429382324, -209.966384888, -97.1370849609, 203.962478638, -147.890228271, 82.9522705078, -5.45216751099, 265.14755249, 0.97392219305, 64.1650772095, -74.7415542603, 26.330739975], [291.977172852, -364.303863525, 66.1252593994, 70.7655639648, -121.521720886, 81.1359405518, -85.8498382568, 30.8772773743, 0.97392219305, 161.808700562, 12.418841362, 22.2719097137, -50.2829856873], [-398.176239014, 310.864715576, -135.55116272, -115.96672821, 56.1991882324, -107.764411926, 29.33436203, -49.5079956055, 64.1650772095, 12.418841362, 150.266387939, -3.25911021233, 16.6362304688], [381.968658447, -301.819976807, 42.3924102783, 13.6111631393, -92.385559082, 40.0582122803, -40.9986076355, 15.2021875381, -74.7415542603, 22.2719097137, -3.25911021233, 152.202163696, 46.9068832397], [-238.215576172, 85.2756500244, -126.575752258, -44.923992157, 39.0645751953, -53.2322463989, 25.2173442841, -16.7788238525, 26.330739975, -50.2829856873, 16.6362304688, 46.9068832397, 147.095031738]],
        "icov": [[0.00034731181222, -0.000448356091511, 0.000560884713195, -0.000536465609912, 0.000733765366022, -0.000258400192251, 0.000662607781123, -0.000188661331777, 0.000709974323399, -0.000288009614451, 0.00091125362087, -0.00096243043663, 0.000695996626746], [-0.000448356091511, 0.00255794287659, -0.00182613893412, 0.00194365927018, -0.00288743083365, 0.00117436016444, -0.000977614661679, 0.00159231969155, -0.00170504476409, 0.002342679305, -0.00325590674765, 0.00316215422936, -0.0011798646301], [0.000560884713195, -0.00182613893412, 0.00317970756441, -0.00188718701247, 0.00218989141285, -0.000986478175037, 0.0017833734164, -0.00173264590558, 0.00228814850561, -0.00128458533436, 0.00303076650016, -0.00286911148578, 0.00240828213282], [-0.000536465609912, 0.00194365927018, -0.00188718701247, 0.00393219431862, -0.00180502689909, 0.0004708666238, -0.000946556858253, 0.0013428684324, -0.00188944034744, 0.00129269226454, -0.00153996364679, 0.00307166529819, -0.00147861195728], [0.000733765366022, -0.00288743083365, 0.00218989141285, -0.00180502689909, 0.00590206682682, -0.000487317040097, 0.00129748682957, -0.00262403348461, 0.0011445452692, -0.00132998847403, 0.00416259979829, -0.00343128573149, 0.00189373083413], [-0.000258400192251, 0.00117436016444, -0.000986478175037, 0.0004708666238, -0.000487317040097, 0.00447357399389, -0.00196953467093, -0.00155879557133, 0.000698532850947, -0.000538557185791, -0.000501617323607, 0.00201697740704, -0.000791744037997], [0.000662607781123, -0.000977614661679, 0.0017833734164, -0.000946556858253, 0.00129748682957, -0.00196953467093, 0.0058629703708, -0.00121509237215, 0.000106814957689, 0.00243422435597, 0.000700562959537, -0.00192161276937, 0.00203082151711], [-0.000188661331777, 0.00159231969155, -0.00173264590558, 0.0013428684324, -0.00262403348461, -0.00155879557133, -0.00121509237215, 0.00913312379271, -0.00231925328262, 0.00022959751368, -0.000160530820722, 0.000580460415222, -0.000599908351433], [0.000709974323399, -0.00170504476409, 0.00228814850561, -0.00188944034744, 0.0011445452692, 0.000698532850947, 0.000106814957689, -0.00231925328262, 0.00952495355159, -0.00466350419447, 0.00169286958408, 0.000695218739565, -0.00051622040337], [-0.000288009614451, 0.002342679305, -0.00128458533436, 0.00129269226454, -0.00132998847403, -0.000538557185791, 0.00243422435597, 0.00022959751368, -0.00466350419447, 0.0139792365953, -0.00560517469421, 5.51688826818e-05, 0.00346184778027], [0.00091125362087, -0.00325590674765, 0.00303076650016, -0.00153996364679, 0.00416259979829, -0.000501617323607, 0.000700562959537, -0.000160530820722, 0.00169286958408, -0.00560517469421, 0.0146670853719, -0.00519199296832, 0.00185327895451], [-0.00096243043663, 0.00316215422936, -0.00286911148578, 0.00307166529819, -0.00343128573149, 0.00201697740704, -0.00192161276937, 0.000580460415222, 0.000695218739565, 5.51688826818e-05, -0.00519199296832, 0.0150317307562, -0.00719759054482], [0.000695996626746, -0.0011798646301, 0.00240828213282, -0.00147861195728, 0.00189373083413, -0.000791744037997, 0.00203082151711, -0.000599908351433, -0.00051622040337, 0.00346184778027, 0.00185327895451, -0.00719759054482, 0.0123856235296]]
    },
    "melbands": {
        "dmean": [1.03823376776e-05, 9.33137271204e-05, 0.000352072151145, 0.000423956807936, 0.000353328912752, 0.000245072180405, 0.000181514347787, 0.000154298802954, 8.54067693581e-05, 8.85813788045e-05, 0.000120124837849, 0.000142454853631, 0.000134697416797, 9.81902558124e-05, 4.86039716634e-05, 4.06671169912e-05, 7.43412965676e-05, 5.86672285863e-05, 5.19163622812e-05, 4.92334729643e-05, 3.2664353057e-05, 1.78698046511e-05, 1.01290715975e-05, 1.28076044348e-05, 1.2952016732e-05, 9.14656629902e-06, 8.48968829814e-06, 1.14806098281e-05, 1.402291673e-05, 1.11751178338e-05, 2.17577071453e-05, 1.47847949847e-05, 1.18086854854e-05, 1.06934858195e-05, 6.70573081152e-06, 5.27108886672e-06, 3.05972662318e-06, 1.20597621844e-06, 6.28383759249e-07, 3.27691196844e-07],
        "dmean2": [1.54254175868e-05, 0.000167426027474, 0.000648689980153, 0.000808523385786, 0.000643300707452, 0.00044147061999, 0.000314250472002, 0.000254598882748, 0.000142075441545, 0.000145629805047, 0.000192995197722, 0.000238073072978, 0.000222043367103, 0.000159161791089, 7.85752927186e-05, 6.93411057e-05, 0.000129062857013, 9.93647699943e-05, 8.40717111714e-05, 7.6407843153e-05, 5.08257035108e-05, 2.92856166197e-05, 1.61116604431e-05, 2.08987912629e-05, 2.08936089621e-05, 1.49384586621e-05, 1.30810449264e-05, 1.84537748282e-05, 2.27547934628e-05, 1.82405110536e-05, 3.67621578334e-05, 2.34964045376e-05, 1.81044470082e-05, 1.73367789102e-05, 1.07794066935e-05, 8.69443647389e-06, 5.12371661898e-06, 1.85984561085e-06, 9.65483536675e-07, 4.81427150589e-07],
        "dvar": [5.76837133615e-10, 7.24981106259e-08, 9.97890197141e-07, 1.77242236532e-06, 5.94436585288e-07, 2.84374351622e-07, 1.35599862006e-07, 1.6023730609e-07, 3.37839516362e-08, 3.95477250947e-08, 5.26664152289e-08, 1.23475558667e-07, 1.04569579662e-07, 6.23412859113e-08, 1.61268118859e-08, 1.87345712277e-08, 8.68491838446e-08, 2.70130460223e-08, 1.2833637264e-08, 1.25593668798e-08, 3.83248055513e-09, 1.12256548501e-09, 5.03295960463e-10, 8.95978014004e-10, 1.00615693555e-09, 4.72501315851e-10, 2.4961160916e-10, 6.04731487108e-10, 6.57648324687e-10, 4.35907282492e-10, 2.13190443077e-09, 8.96327068123e-10, 4.8945308917e-10, 4.97072938366e-10, 1.91594060062e-10, 1.24441346117e-10, 4.66843994018e-11, 6.14758461151e-12, 1.69743299278e-12, 5.39153086326e-13],
        "dvar2": [1.39639466656e-09, 2.10169019965e-07, 2.7950659387e-06, 5.11337702847e-06, 1.70707642155e-06, 8.14444831576e-07, 3.55296577936e-07, 4.12360435575e-07, 8.36293310158e-08, 9.05033274989e-08, 1.28856157744e-07, 3.27624434249e-07, 2.70969110261e-07, 1.50648290287e-07, 3.72928212755e-08, 5.13077615949e-08, 2.40220543901e-07, 6.96604942618e-08, 2.88094934575e-08, 2.81292269477e-08, 8.63531735007e-09, 2.89453239155e-09, 1.26656041211e-09, 2.17596052288e-09, 2.48249354406e-09, 1.2102827629e-09, 5.77937031565e-10, 1.42511746848e-09, 1.66749203334e-09, 1.0989327226e-09, 5.71677327699e-09, 2.16549689291e-09, 1.17145149137e-09, 1.25888022229e-09, 4.91609641884e-10, 3.28899685265e-10, 1.26882754303e-10, 1.51135787912e-11, 4.22424682039e-12, 1.29652863966e-12],
        "max": [0.000623535364866, 0.00609719892964, 0.0113113438711, 0.00982336141169, 0.00685742078349, 0.0075746467337, 0.00304970238358, 0.00605697417632, 0.00284525891766, 0.00252569071017, 0.00343169621192, 0.00343129457906, 0.00385270500556, 0.00277892919257, 0.00159279198851, 0.00134850607719, 0.00273779663257, 0.00147376395762, 0.00196508411318, 0.00201971200295, 0.0013004244538, 0.000443298893515, 0.000337613455486, 0.000456258305348, 0.000464325625217, 0.000209880832699, 0.000142858480103, 0.000211827631574, 0.000204093157663, 0.000164191689692, 0.000308176793624, 0.000256724626524, 0.000136481728987, 0.000147304512211, 9.22690815059e-05, 6.43355160719e-05, 3.81651916541e-05, 2.05938122235e-05, 9.82310393738e-06, 8.38383039081e-06],
        "mean": [1.40860574902e-05, 0.000170145081938, 0.000372172566131, 0.000303566950606, 0.000428486644523, 0.000288012146484, 0.000164266530192, 0.000207511649933, 0.000107766405563, 0.00012972917466, 0.000194702704903, 0.000180444854777, 0.000143489363836, 0.00010028964607, 4.89300000481e-05, 4.41400843556e-05, 7.08695879439e-05, 5.53361387574e-05, 6.0557256802e-05, 6.48254281259e-05, 4.67393729195e-05, 2.45622213697e-05, 1.20767426779e-05, 1.48229719343e-05, 1.53101555043e-05, 9.63426100498e-06, 9.05517299543e-06, 1.22184019347e-05, 1.42496746776e-05, 1.08629192255e-05, 1.76200301212e-05, 1.45815092765e-05, 1.19128553706e-05, 9.70599558059e-06, 6.05581544733e-06, 4.4346179493e-06, 2.52635777542e-06, 1.16658452498e-06, 6.1571859078e-07, 3.41061024756e-07],
        "median": [2.96671487376e-06, 6.92333333063e-06, 2.19839621423e-05, 4.75929191452e-05, 0.000157142232638, 5.84853914916e-05, 1.91396175069e-05, 5.02345610585e-05, 2.07557459362e-05, 3.0203957067e-05, 9.0847046522e-05, 3.66682688764e-05, 1.79434173333e-05, 1.19752967294e-05, 4.98605413668e-06, 6.85080749463e-06, 2.52878235187e-05, 1.01254681795e-05, 6.95013295626e-06, 1.05139188236e-05, 1.56121259351e-05, 1.1352060028e-05, 3.37096412295e-06, 5.15016381541e-06, 5.52082201466e-06, 2.85990995508e-06, 1.87509340321e-06, 2.54524593402e-06, 1.4233762613e-06, 6.65338518502e-07, 7.39069378142e-07, 4.99162865708e-07, 4.23414491024e-07, 2.2881879147e-07, 1.77075946795e-07, 8.38662543856e-08, 3.8484071041e-08, 2.66095483425e-08, 1.59685580314e-08, 9.96492044436e-09],
        "min": [2.59615326921e-24, 2.07172287816e-24, 6.5394900602e-24, 5.64018507837e-24, 3.14638670883e-24, 4.48854676437e-24, 6.0326003858e-24, 4.34949583032e-24, 3.82429196115e-24, 4.30985911971e-24, 3.7750662518e-24, 4.01606680822e-24, 7.05105886306e-24, 5.03222970024e-24, 1.14929800036e-23, 1.12212213661e-23, 6.96408221509e-24, 7.44217609987e-24, 8.37144714647e-24, 3.57505490802e-24, 8.11150091212e-24, 4.74326324534e-24, 3.89400162719e-24, 7.41659412957e-24, 6.6184704196e-24, 8.05419963369e-24, 8.00458343819e-24, 6.65907940128e-24, 6.89255383023e-24, 9.04664660588e-24, 9.40706532056e-24, 6.88660266356e-24, 6.77157333295e-24, 9.49492785933e-24, 9.92715342677e-24, 8.84348810152e-24, 1.04988606463e-23, 9.48575577358e-24, 9.5276734755e-24, 8.9521639464e-24],
        "var": [7.53827278377e-10, 2.59627029209e-07, 9.93089088297e-07, 9.96343715087e-07, 4.99156328715e-07, 3.13016130349e-07, 1.36139533424e-07, 2.14200113646e-07, 4.91971583472e-08, 7.60039995384e-08, 8.44734842076e-08, 1.18874105226e-07, 1.11744149933e-07, 6.762414273e-08, 2.00579872711e-08, 1.44192311424e-08, 5.59086998919e-08, 2.20889564417e-08, 2.16994227031e-08, 2.25887806238e-08, 6.85315049154e-09, 1.38300504382e-09, 5.56220680625e-10, 9.66439150929e-10, 1.0284627594e-09, 4.38034719608e-10, 2.84459872324e-10, 6.23619211826e-10, 6.9056371732e-10, 4.29626084708e-10, 1.61888302763e-09, 9.186489347e-10, 5.34778776817e-10, 4.39180442013e-10, 1.74753378435e-10, 1.00772515332e-10, 3.57508571358e-11, 6.18963994642e-12, 1.66108142866e-12, 5.57801092642e-13]
    },
    "mfcc": {
        "mean": [-688.05090332, 106.511665344, -38.3111038208, 12.7219820023, -20.1192760468, -1.79173731804, -19.497926712, 0.535242974758, -1.86320102215, -2.43763375282, -10.9422750473, -11.2380828857, -7.5428276062],
        "cov": [[8438.6484375, -3118.921875, 880.870056152, 59.4364051819, -550.773742676, 491.389068604, -206.79107666, -197.848556519, -496.384765625, -452.368286133, -318.788482666, 19.1256084442, 25.6691150665], [-3118.921875, 4223.61132812, -1006.53887939, 45.2351875305, 607.555541992, -494.707611084, -68.4043426514, -103.608688354, 21.2813930511, -21.38646698, 0.267236888409, -40.8680763245, 238.67237854], [880.870056152, -1006.53887939, 1153.43481445, 55.3571815491, -90.7842483521, 156.259979248, 51.5622825623, 39.8020706177, -51.4972190857, 22.1215782166, -7.33244991302, 42.2849731445, -149.337173462], [59.4364051819, 45.2351875305, 55.3571815491, 395.957977295, 112.648132324, -12.5865821838, -62.3649253845, -12.3418922424, 8.48027420044, 8.79152488708, -19.9791679382, -43.922908783, -36.8117218018], [-550.773742676, 607.555541992, -90.7842483521, 112.648132324, 368.050323486, -58.6811027527, -41.7600097656, -1.56961071491, 52.4927177429, 43.3940811157, 2.38497567177, -25.2215881348, 35.5748252869], [491.389068604, -494.707611084, 156.259979248, -12.5865821838, -58.6811027527, 227.296829224, 75.7359619141, 45.3720436096, 22.5898590088, 7.78272247314, 13.7648763657, 14.1714897156, -39.8974990845], [-206.79107666, -68.4043426514, 51.5622825623, -62.3649253845, -41.7600097656, 75.7359619141, 223.080154419, 112.315658569, 34.0518569946, 17.4633560181, 15.7958059311, 2.58975434303, -37.6205444336], [-197.848556519, -103.608688354, 39.8020706177, -12.3418922424, -1.56961071491, 45.3720436096, 112.315658569, 184.105026245, 98.5791854858, 20.3976898193, 7.6640291214, -16.0281143188, -26.933883667], [-496.384765625, 21.2813930511, -51.4972190857, 8.48027420044, 52.4927177429, 22.5898590088, 34.0518569946, 98.5791854858, 178.897216797, 93.4577102661, 17.3130550385, -22.4299297333, -19.1314983368], [-452.368286133, -21.38646698, 22.1215782166, 8.79152488708, 43.3940811157, 7.78272247314, 17.4633560181, 20.3976898193, 93.4577102661, 150.692428589, 69.7760162354, 12.0661935806, -32.5365486145], [-318.788482666, 0.267236888409, -7.33244991302, -19.9791679382, 2.38497567177, 13.7648763657, 15.7958059311, 7.6640291214, 17.3130550385, 69.7760162354, 138.385406494, 76.351852417, -1.94147217274], [19.1256084442, -40.8680763245, 42.2849731445, -43.922908783, -25.2215881348, 14.1714897156, 2.58975434303, -16.0281143188, -22.4299297333, 12.0661935806, 76.351852417, 132.532363892, 48.5872535706], [25.6691150665, 238.67237854, -149.337173462, -36.8117218018, 35.5748252869, -39.8974990845, -37.6205444336, -26.933883667, -19.1314983368, -32.5365486145, -1.94147217274, 48.5872535706, 134.927505493]],
