{
"lowlevel": {
    "average_loudness": 0.89751714468,
    "barkbands_crest": {
        "dmean": 3.26065611839,
        "dmean2": 5.09129953384,
        "dvar": 9.38747119904,
        "dvar2": 21.2100467682,
        "max": 25.6658668518,
        "mean": 14.2973899841,
        "median": 13.8132295609,
        "min": 2.90958452225,
        "var": 32.6442909241
    },
    "barkbands_flatness_db": {
        "dmean": 0.0305399503559,
        "dmean2": 0.0439498014748,
        "dvar": 0.000932372466195,
        "dvar2": 0.00191340909805,
        "max": 0.439024329185,
        "mean": 0.174352392554,
        "median": 0.16254067421,
        "min": 0.0350831970572,
        "var": 0.00485072191805
    },
    "barkbands_kurtosis": {
        "dmean": 8.42744064331,
        "dmean2": 13.2426786423,
        "dvar": 490.15838623,
        "dvar2": 1187.46789551,
        "max": 444.700042725,
        "mean": 11.4011049271,
        "median": 3.35727643967,
        "min": -1.96442329884,
        "var": 736.315673828
    },
    "barkbands_skewness": {
        "dmean": 0.939949989319,
        "dmean2": 1.41855585575,
        "dvar": 1.46654462814,
        "dvar2": 3.10037541389,
        "max": 18.738155365,
        "mean": 2.21055293083,
        "median": 1.74076032639,
        "min": -3.21134471893,
        "var": 5.18205833435
    },
    "barkbands_spread": {
        "dmean": 7.08185720444,
        "dmean2": 10.9253454208,
        "dvar": 85.1623764038,
        "dvar2": 186.042556763,
        "max": 118.755218506,
        "mean": 20.4004116058,
        "median": 16.8935489655,
        "min": 0.496612966061,
        "var": 248.99961853
    },
    "dissonance": {
        "dmean": 0.0280794352293,
        "dmean2": 0.0473338142037,
        "dvar": 0.0010122358799,
        "dvar2": 0.00284866127186,
        "max": 0.49998497963,
        "mean": 0.447119235992,
        "median": 0.465885430574,
        "min": 0.160531416535,
        "var": 0.00291282706894
    },
    "dynamic_complexity": 3.72239089012,
    "erbbands_crest": {
        "dmean": 3.29193806648,
        "dmean2": 5.33462285995,
        "dvar": 9.56818294525,
        "dvar2": 23.4517917633,
        "max": 32.1939659119,
        "mean": 10.9112024307,
        "median": 9.68497180939,
        "min": 2.56520843506,
        "var": 31.4667167664
    },
    "erbbands_flatness_db": {
        "dmean": 0.0221778731793,
        "dmean2": 0.0328280590475,
        "dvar": 0.000526065821759,
        "dvar2": 0.00113265216351,
        "max": 0.450099527836,
        "mean": 0.165391430259,
        "median": 0.147915899754,
        "min": 0.0642201080918,
        "var": 0.00488370005041
    },
    "erbbands_kurtosis": {
        "dmean": 1.52111792564,
        "dmean2": 2.43268609047,
        "dvar": 6.68249607086,
        "dvar2": 16.438325882,
        "max": 47.019203186,
        "mean": 1.24592876434,
        "median": 0.106307029724,
        "min": -1.8154938221,
        "var": 13.3496809006
    },
    "erbbands_skewness": {
        "dmean": 0.508996903896,
        "dmean2": 0.775538027287,
        "dvar": 0.26255261898,
        "dvar2": 0.576843082905,
        "max": 5.8569355011,
        "mean": 0.233516305685,
        "median": 0.225352942944,
        "min": -4.21730899811,
        "var": 0.888385117054
    },
    "erbbands_spread": {
        "dmean": 11.5820074081,
        "dmean2": 17.9695987701,
        "dvar": 204.03364563,
        "dvar2": 424.692077637,
        "max": 183.677780151,
        "mean": 43.3831100464,
        "median": 37.0601119995,
        "min": 1.03806900978,
        "var": 838.029663086
    },
    "hfc": {
        "dmean": 8.63227844238,
        "dmean2": 12.551609993,
        "dvar": 154.124969482,
        "dvar2": 342.214569092,
        "max": 230.538787842,
        "mean": 24.1875400543,
        "median": 20.8182296753,
        "min": 1.05112156543e-16,
        "var": 379.364440918
    },
    "melbands_crest": {
        "dmean": 3.91024041176,
        "dmean2": 6.08890628815,
        "dvar": 12.7696208954,
        "dvar2": 29.2191982269,
        "max": 35.5502319336,
        "mean": 20.4791202545,
        "median": 20.0350284576,
        "min": 1.6398113966,
        "var": 57.8559341431
    },
    "melbands_flatness_db": {
        "dmean": 0.0355564393103,
        "dmean2": 0.050926849246,
        "dvar": 0.00124540552497,
        "dvar2": 0.00255273166113,
        "max": 0.550629973412,
        "mean": 0.242953926325,
        "median": 0.238507196307,
        "min": 0.002026719274,
        "var": 0.00735387066379
    },
    "melbands_kurtosis": {
        "dmean": 23.2058029175,
        "dmean2": 35.2780418396,
        "dvar": 2934.31152344,
        "dvar2": 6013.99267578,
        "max": 1196.8861084,
        "mean": 37.8590736389,
        "median": 11.7072515488,
        "min": -1.85556614399,
        "var": 6402.41894531
    },
    "melbands_skewness": {
        "dmean": 1.38787782192,
        "dmean2": 2.08197522163,
        "dvar": 3.32165122032,
        "dvar2": 6.31384181976,
        "max": 30.8165931702,
        "mean": 3.86538124084,
        "median": 2.9903614521,
        "min": -2.91630554199,
        "var": 13.3886957169
    },
    "melbands_spread": {
        "dmean": 8.17245674133,
        "dmean2": 12.6917085648,
        "dvar": 186.401412964,
        "dvar2": 379.255126953,
        "max": 256.637084961,
        "mean": 19.9606761932,
        "median": 13.9080286026,
        "min": 0.379512518644,
        "var": 539.468688965
    },
    "pitch_salience": {
        "dmean": 0.0881066247821,
        "dmean2": 0.138529524207,
        "dvar": 0.00657532224432,
        "dvar2": 0.0151645960286,
        "max": 0.953393578529,
        "mean": 0.449081897736,
        "median": 0.457841306925,
        "min": 0.0302646942437,
        "var": 0.0246202722192
    },
    "silence_rate_20dB": {
        "dmean": 0,
        "dmean2": 0,
        "dvar": 0,
        "dvar2": 0,
        "max": 1,
        "mean": 1,
        "median": 1,
        "min": 1,
        "var": 0
    },
    "silence_rate_30dB": {
        "dmean": 0.0626934990287,
        "dmean2": 0.125435546041,
        "dvar": 0.0587626136839,
        "dvar2": 0.126736313105,
        "max": 1,
        "mean": 0.870019316673,
        "median": 1,
        "min": 0,
        "var": 0.113084249198
    },
    "silence_rate_60dB": {
        "dmean": 0.0104489168152,
        "dmean2": 0.0209059230983,
        "dvar": 0.0103394379839,
        "dvar2": 0.0212440565228,
        "max": 1,
        "mean": 0.116054154932,
        "median": 0,
        "min": 0,
        "var": 0.102586701512
    },
    "spectral_centroid": {
        "dmean": 349.739318848,
        "dmean2": 542.847045898,
        "dvar": 173783.109375,
        "dvar2": 367255.90625,
        "max": 11541.4902344,
        "mean": 1502.57629395,
        "median": 1305.85327148,
        "min": 211.187667847,
        "var": 857860.375
    },
    "spectral_complexity": {
        "dmean": 4.12112998962,
        "dmean2": 6.20789766312,
        "dvar": 21.1927585602,
        "dvar2": 46.1229705811,
        "max": 54,
        "mean": 15.708316803,
        "median": 14,
        "min": 0,
        "var": 112.789642334
    },
    "spectral_decrease": {
        "dmean": 4.79728567981e-09,
        "dmean2": 7.42887262817e-09,
        "dvar": 4.43227956014e-17,
        "dvar2": 1.06866791911e-16,
        "max": 9.29218767523e-29,
        "mean": -1.35824524961e-08,
        "median": -1.10116342711e-08,
        "min": -7.58105045406e-08,
        "var": 1.51767340083e-16
    },
    "spectral_energy": {
        "dmean": 0.0185132995248,
        "dmean2": 0.0286526177078,
        "dvar": 0.000642351689748,
        "dvar2": 0.0015457222471,
        "max": 0.289045095444,
        "mean": 0.0534571744502,
        "median": 0.0435587465763,
        "min": 1.02824196617e-20,
        "var": 0.00222345325164
    },
    "spectral_energyband_high": {
        "dmean": 0.000576104212087,
        "dmean2": 0.000871320138685,
        "dvar": 1.69967938746e-06,
        "dvar2": 3.93236678065e-06,
        "max": 0.0301348958164,
        "mean": 0.00129516993184,
        "median": 0.000719023868442,
        "min": 7.46147527899e-21,
        "var": 3.70175030184e-06
    },
    "spectral_energyband_low": {
        "dmean": 0.0148956291378,
        "dmean2": 0.0229110084474,
        "dvar": 0.000644692627247,
        "dvar2": 0.00152846460696,
        "max": 0.282540500164,
        "mean": 0.0365653075278,
        "median": 0.0233015175909,
        "min": 4.9974660201e-23,
        "var": 0.00192867696751
    },
    "spectral_energyband_middle_high": {
        "dmean": 0.00258702016436,
        "dmean2": 0.00380320544355,
        "dvar": 1.74426349986e-05,
        "dvar2": 3.6560875742e-05,
        "max": 0.0537972301245,
        "mean": 0.00555856293067,
        "median": 0.00293444818817,
        "min": 1.38265380041e-21,
        "var": 4.80862763652e-05
    },
    "spectral_energyband_middle_low": {
        "dmean": 0.00844157952815,
        "dmean2": 0.0137301012874,
        "dvar": 0.000150197360199,
        "dvar2": 0.000365269632312,
        "max": 0.106626652181,
        "mean": 0.0124413743615,
        "median": 0.00761968875304,
        "min": 2.48238421489e-22,
        "var": 0.000214222687646
    },
    "spectral_entropy": {
        "dmean": 0.204342350364,
        "dmean2": 0.312947422266,
        "dvar": 0.0495927073061,
        "dvar2": 0.111240103841,
        "max": 9.80850887299,
        "mean": 7.53969860077,
        "median": 7.64291810989,
        "min": 5.48445463181,
        "var": 0.325079530478
    },
    "spectral_flux": {
        "dmean": 0.0372811928391,
        "dmean2": 0.0587962903082,
        "dvar": 0.00176590518095,
        "dvar2": 0.00415551476181,
        "max": 0.406272530556,
        "mean": 0.11084703356,
        "median": 0.0993520915508,
        "min": 6.59218096777e-11,
        "var": 0.00503174681216
    },
    "spectral_kurtosis": {
        "dmean": 1.3812186718,
        "dmean2": 2.22038316727,
        "dvar": 3.2424633503,
        "dvar2": 8.52243518829,
        "max": 29.6552772522,
        "mean": 3.98372673988,
        "median": 2.88110971451,
        "min": -1.24607264996,
        "var": 15.7024250031
    },
    "spectral_rms": {
        "dmean": 0.00117802503519,
        "dmean2": 0.00178119377233,
        "dvar": 1.92633774532e-06,
        "dvar2": 4.34990670328e-06,
        "max": 0.0167927127331,
        "mean": 0.0063866879791,
        "median": 0.0065189213492,
        "min": 3.16727460231e-12,
        "var": 1.13635142043e-05
    },
    "spectral_rolloff": {
        "dmean": 559.373718262,
        "dmean2": 952.153686523,
        "dvar": 1285508.625,
        "dvar2": 2808463.75,
        "max": 18927.6855469,
        "mean": 1314.03503418,
        "median": 775.1953125,
        "min": 64.599609375,
        "var": 3635414
    },
    "spectral_skewness": {
        "dmean": 0.22777223587,
        "dmean2": 0.343433201313,
        "dvar": 0.0578329190612,
        "dvar2": 0.129156768322,
        "max": 4.32400798798,
        "mean": 1.47655677795,
        "median": 1.39860212803,
        "min": -0.0716377496719,
        "var": 0.44333204627
    },
    "spectral_spread": {
        "dmean": 798828.25,
        "dmean2": 1155147.875,
        "dvar": 1.22369959526e+12,
        "dvar2": 2.43885644186e+12,
        "max": 40851908,
        "mean": 5472714.5,
        "median": 5042939,
        "min": 1971879.625,
        "var": 7.91895710106e+12
    },
    "spectral_strongpeak": {
        "dmean": 0.42022818327,
        "dmean2": 0.71214735508,
        "dvar": 0.720798492432,
        "dvar2": 1.86344671249,
        "max": 10.9046134949,
        "mean": 0.833370029926,
        "median": 0.497769266367,
        "min": 0,
        "var": 1.02301859856
    },
    "zerocrossingrate": {
        "dmean": 0.0120917633176,
        "dmean2": 0.0141854872927,
        "dvar": 0.000296105805319,
        "dvar2": 0.000380702957045,
        "max": 0.52783203125,
        "mean": 0.0568538829684,
        "median": 0.048828125,
        "min": 0.001953125,
        "var": 0.00242044706829
    },
    "barkbands": {
        "dmean": [0.000568360148463, 0.0122894821689, 0.00334881804883, 0.0038787573576, 0.00170784187503, 0.00215721712448, 0.0014158191625, 0.000527699419763, 0.00133100140374, 0.00118007801939, 0.000311674724799, 0.000653523602523, 0.000465378339868, 0.000441707612481, 0.000378633936634, 0.000246551004238, 0.000204934578505, 0.000232092716033, 0.000166889265529, 0.000143527096952, 0.000137766153784, 9.05297056306e-05, 0.000174050685018, 0.000148638602695, 6.21349608991e-05, 2.52310674114e-05, 2.74603576145e-06],
        "dmean2": [0.000821014749818, 0.0185786504298, 0.00591744016856, 0.00700744753703, 0.00281653273851, 0.00350946933031, 0.00240847282112, 0.000855295395013, 0.00204697833396, 0.00179811264388, 0.000538840249646, 0.00101051817182, 0.000747949583456, 0.000682981451973, 0.00059190049069, 0.000385492603527, 0.000326430308633, 0.000369549292373, 0.000263096240815, 0.000229706813116, 0.000223070135689, 0.000141400189023, 0.000272173783742, 0.000229587676586, 9.54211500357e-05, 4.07102888857e-05, 4.506723144e-06],
        "dvar": [1.78853076704e-06, 0.00058300892124, 3.85368039133e-05, 5.85688649153e-05, 1.51470012497e-05, 2.51731380558e-05, 1.362491912e-05, 2.45696674028e-06, 8.24766630103e-06, 8.11007339507e-06, 9.41803023125e-07, 3.51571929968e-06, 2.02372461899e-06, 1.09261884518e-06, 6.64124968353e-07, 3.79253862093e-07, 2.78415512867e-07, 2.17759520638e-07, 1.59454273785e-07, 7.65738477071e-08, 7.97616408477e-08, 6.20686861907e-08, 1.46122403066e-07, 2.54298413438e-07, 3.80192020089e-08, 2.14133177856e-09, 2.40310948224e-11],
        "dvar2": [4.25586404162e-06, 0.00138261215761, 0.000107126528746, 0.000170220911968, 3.49580404873e-05, 6.42910817987e-05, 3.6133442336e-05, 5.5368145695e-06, 1.7609245333e-05, 1.78743121069e-05, 2.46035028795e-06, 8.15864768811e-06, 5.05257639816e-06, 2.17086380871e-06, 1.50382356878e-06, 8.87389603577e-07, 7.00581153978e-07, 5.54703319722e-07, 3.81290476525e-07, 1.90938408196e-07, 2.01728639126e-07, 1.58564574804e-07, 3.4929166759e-07, 5.99137365498e-07, 8.20129955059e-08, 5.39295097468e-09, 5.83189191383e-11],
        "max": [0.0214345790446, 0.269305825233, 0.0611878111959, 0.0802863687277, 0.0694549232721, 0.0594034865499, 0.0501222535968, 0.0325292088091, 0.0598329342902, 0.0344818271697, 0.0204247198999, 0.0287843421102, 0.0217422973365, 0.0389203168452, 0.0137673458084, 0.00903836917132, 0.0105080818757, 0.00877409987152, 0.00529844593257, 0.00423309486359, 0.00517053902149, 0.00620067957789, 0.00736274849623, 0.0128856170923, 0.004772615619, 0.000921936763916, 6.27755434834e-05],
        "mean": [0.00149709219113, 0.0292919520289, 0.00372897204943, 0.00325918057933, 0.0018421447603, 0.00241066142917, 0.00144511344843, 0.000904097279999, 0.00181788776536, 0.00176539539825, 0.000322549196426, 0.000759830058087, 0.00056182075059, 0.000662579725031, 0.000547750853002, 0.000355293886969, 0.000273989455309, 0.000360516482033, 0.000249883829383, 0.000276505510556, 0.000271541473921, 0.000198652138351, 0.000307267648168, 0.000219820125494, 9.22408289625e-05, 3.20015533362e-05, 2.47436150858e-06],
        "median": [0.000582357519306, 0.0138313174248, 0.00057403347455, 0.000535866769496, 0.000431007705629, 0.000494485255331, 0.000253348232945, 0.000100222496258, 0.00038333068369, 0.000229776604101, 8.9922141342e-05, 0.000129423875478, 0.000119871940115, 0.000135871581733, 0.000103235128336, 9.98239192995e-05, 9.82446799753e-05, 0.000192533290829, 0.000105395716673, 0.000123422505567, 0.000117404764751, 6.94926420692e-05, 0.000138585193781, 9.14544871193e-05, 4.45877631137e-05, 1.58688362717e-05, 5.75129945446e-07],
        "min": [9.95840257381e-25, 2.05195422109e-24, 4.57385299936e-24, 1.77879949695e-24, 2.02969966609e-23, 1.27953317713e-23, 8.85380324671e-24, 2.96146587973e-23, 2.8380242942e-23, 2.76185756499e-23, 2.95993548958e-23, 4.58595483563e-23, 2.10874968191e-23, 5.59284080229e-23, 9.08141407256e-23, 7.54025564953e-23, 9.22682638094e-23, 1.32714096431e-22, 1.0632711567e-22, 2.45550084498e-22, 2.86826972617e-22, 4.03218640774e-22, 5.27343745887e-22, 6.67113742421e-22, 9.24975231968e-22, 1.57890522802e-21, 1.94929190706e-21],
        "var": [5.10178051627e-06, 0.00158631859813, 4.98110093758e-05, 4.71625862701e-05, 1.70760995388e-05, 2.6224008252e-05, 1.24330808831e-05, 5.47766740056e-06, 1.50276700879e-05, 1.62417600222e-05, 8.84588928329e-07, 4.48705895906e-06, 2.69789529739e-06, 3.83514998248e-06, 1.31166291339e-06, 5.83017538247e-07, 3.12715968676e-07, 2.90578896056e-07, 2.05401349263e-07, 1.76316660827e-07, 1.92669929788e-07, 2.48241292411e-07, 2.410126001e-07, 2.86152612716e-07, 5.29407273575e-08, 2.26501439826e-09, 2.21045456245e-11]
    },
    "erbbands": {
        "dmean": [0.47483420372, 2.43473482132, 3.28175330162, 9.44518566132, 7.82068824768, 5.50106811523, 12.1129951477, 19.600566864, 22.7865467072, 13.5167894363, 12.6998958588, 26.7637653351, 43.843963623, 21.8706493378, 15.4634742737, 25.9301166534, 19.6766452789, 20.9806251526, 20.3773784637, 15.6400108337, 11.5411596298, 11.1133365631, 12.0861225128, 8.11334037781, 8.54375457764, 6.57684755325, 6.55508136749, 4.76044607162, 3.44580197334, 4.08924055099, 4.9801440239, 3.84542536736, 1.90362846851, 0.829498291016, 0.388140618801, 0.137972846627, 0.0433250293136, 0.00630878936499, 0.000469434366096, 2.92627210001e-05],
        "dmean2": [0.653336286545, 3.92103934288, 5.65293884277, 16.8814468384, 13.6767339706, 9.00994300842, 20.7452011108, 31.8254127502, 38.0675010681, 23.1081905365, 20.202413559, 41.7967796326, 65.3503341675, 33.5896606445, 24.5531387329, 39.9879341125, 31.7490253448, 32.240940094, 31.5753059387, 24.4276828766, 17.6218357086, 17.3532009125, 19.1668834686, 12.8343114853, 13.2823419571, 10.3846645355, 10.6070051193, 7.65948104858, 5.38432121277, 6.19671678543, 7.88583612442, 6.0126376152, 2.89823579788, 1.27333247662, 0.598578691483, 0.219444006681, 0.0705877617002, 0.0101266074926, 0.000779414956924, 4.51647938462e-05],
        "dvar": [0.851003706455, 24.1638202667, 35.9582061768, 354.216247559, 249.049560547, 200.471252441, 1135.17089844, 2535.42504883, 3384.29638672, 1669.71130371, 2050.11523438, 4162.80322266, 8552.66210938, 3932.80541992, 2055.19262695, 5936.77636719, 3471.54101562, 2607.50146484, 1838.50097656, 1366.43713379, 708.356201172, 780.243041992, 583.916625977, 337.645568848, 583.457214355, 172.422348022, 183.922729492, 119.29549408, 88.487487793, 63.9802818298, 146.23425293, 180.887985229, 41.3474006653, 6.83289146423, 1.76090407372, 0.0998475626111, 0.00535113411024, 0.000109077824163, 7.860792266e-07, 1.44771161725e-09],
        "dvar2": [1.8455388546, 61.7415237427, 99.4524993896, 1024.81848145, 681.512512207, 475.473632812, 3090.92919922, 6497.36572266, 8726.19335938, 4428.71484375, 4583.64404297, 8402.94042969, 18143.890625, 9359.13671875, 4909.88427734, 13692.171875, 8815.04101562, 5203.19140625, 3874.24194336, 3033.15185547, 1515.95300293, 1949.8013916, 1461.66101074, 833.503479004, 1409.19311523, 407.973480225, 485.247344971, 295.785644531, 230.099914551, 153.535339355, 349.958221436, 437.593994141, 93.2262878418, 14.7898082733, 4.03415203094, 0.249608054757, 0.0133910551667, 0.000261999026407, 1.93792789105e-06, 3.45227890719e-09],
        "max": [11.560213089, 48.4381065369, 59.286315918, 179.529342651, 165.132369995, 246.151733398, 571.226074219, 725.315551758, 961.229064941, 508.979797363, 945.92388916, 1376.14538574, 1255.70959473, 1037.30883789, 726.768981934, 1405.59350586, 982.742736816, 2263.70629883, 667.487182617, 639.886291504, 571.216064453, 578.598510742, 414.140686035, 345.831298828, 396.94821167, 228.566162109, 278.369598389, 202.271286011, 200.679397583, 183.469055176, 231.096603394, 363.181396484, 126.76159668, 51.9400444031, 37.0657081604, 8.49230194092, 0.825977981091, 0.105011299253, 0.0136117776856, 0.00081369583495],
        "mean": [1.30789470673, 4.72403478622, 4.33776521683, 9.08663654327, 7.16148662567, 5.81072616577, 10.4605779648, 22.544631958, 25.3304386139, 16.1834774017, 21.4876270294, 36.528377533, 68.3170852661, 31.0462913513, 18.9713153839, 31.4902839661, 26.6658153534, 33.3007965088, 34.2181777954, 22.792142868, 17.3075370789, 16.3415241241, 18.8897094727, 13.0334062576, 14.030412674, 12.8868074417, 12.6437940598, 9.56390666962, 7.25168561935, 8.50264358521, 8.52854919434, 5.82029247284, 2.72343969345, 1.23799717426, 0.539651155472, 0.19001917541, 0.0507782809436, 0.00702749285847, 0.000443352852017, 7.4486451922e-05],
        "median": [0.562449753284, 2.19095516205, 1.19721698761, 1.67354261875, 1.7587672472, 1.19678616524, 1.77557790279, 4.50428056717, 6.27166032791, 3.41424489021, 3.12751793861, 9.93264293671, 13.7604923248, 6.13977861404, 5.90127420425, 6.05388116837, 6.53429985046, 8.77781391144, 7.23716640472, 6.8819065094, 5.06223583221, 7.19502019882, 10.3755140305, 6.38847875595, 5.8732419014, 5.68819046021, 5.73633098602, 4.10338687897, 2.81096339226, 2.9337015152, 4.08350467682, 2.50361013412, 1.09255564213, 0.596354544163, 0.2406873703, 0.102055735886, 0.0227969251573, 0.00292796595022, 0.000132569344714, 6.15249446128e-05],
        "min": [1.15685492496e-22, 4.5156447991e-22, 5.9874551794e-21, 9.35987901861e-21, 3.72351669202e-20, 5.86524045558e-20, 6.65286438651e-20, 1.10560831427e-19, 1.82410489066e-19, 1.8845158295e-19, 8.76121994266e-19, 8.06821009341e-19, 1.23210403056e-18, 7.86420202195e-19, 1.41062201446e-18, 1.91220810449e-18, 1.41945971552e-18, 2.63340599427e-18, 4.67902282193e-18, 4.13534140713e-18, 5.50999398964e-18, 5.91900378328e-18, 7.41896471601e-18, 7.53672628392e-18, 8.30745099249e-18, 1.22785366638e-17, 1.00175989325e-17, 1.51611122061e-17, 1.23776196663e-17, 1.36976295248e-17, 1.46144053782e-17, 1.29267062928e-17, 1.14768265967e-17, 8.80071119946e-18, 7.19092177448e-18, 4.95755645447e-18, 2.80342552455e-18, 1.00835146807e-18, 2.87180926958e-19, 2.51673562623e-20],
        "var": [3.31785511971, 44.5677490234, 51.6838912964, 315.205780029, 209.568054199, 215.402542114, 846.173400879, 2631.53442383, 3298.89477539, 1641.77722168, 3572.69287109, 7044.43164062, 18023.9785156, 6927.48144531, 2483.40722656, 7792.31542969, 5036.328125, 10992.6875, 4280.51025391, 2119.74511719, 1285.00354004, 957.441467285, 790.476623535, 475.827453613, 721.237365723, 445.996673584, 372.184814453, 284.161682129, 283.791809082, 297.079071045, 210.858779907, 196.930358887, 50.1134223938, 9.44460105896, 2.12213039398, 0.111488446593, 0.00532092340291, 0.000111622917757, 6.83151029079e-07, 3.78625530928e-09]
    },
    "gfcc": {
        "mean": [-18.9345207214, 73.6373596191, -111.232772827, 33.9063339233, -56.3808441162, 29.53424263, -26.8158454895, 17.8448524475, -14.1826610565, 8.0692243576, -8.14634513855, 2.933396101, -7.33957242966],
        "cov": [[19398.1386719, 300.099578857, 1928.59326172, 3089.91699219, -250.767730713, 82.8575134277, -318.973327637, 262.981048584, 70.3632888794, -299.081665039, -563.750305176, 161.926452637, -397.63873291], [300.099578857, 1049.85534668, -3.46914672852, 54.883972168, 281.659942627, -54.7695083618, 109.423927307, -3.32343149185, 145.694778442, -50.2951469421, 91.6341705322, -38.8962059021, 96.0670471191], [1928.59326172, -3.46914672852, 1631.97680664, 913.201904297, 129.014434814, 184.83404541, 42.1760673523, 87.0756378174, 127.147033691, -82.9702224731, -31.6856746674, 124.640357971, -69.4869995117], [3089.91699219, 54.883972168, 913.201904297, 1339.89575195, 203.934326172, 94.9378356934, 73.1918182373, 87.9207458496, 121.369941711, -68.7347106934, -106.811347961, -17.938205719, -57.7740135193], [-250.767730713, 281.659942627, 129.014434814, 203.934326172, 451.016784668, 109.345649719, 127.632209778, 35.4110908508, 97.6648864746, 8.52021217346, 11.4121437073, -39.7192687988, 29.8888778687], [82.8575134277, -54.7695083618, 184.83404541, 94.9378356934, 109.345649719, 302.006103516, 160.45135498, 44.4304199219, 10.1339416504, -0.522600293159, 39.7970619202, 15.0349035263, -3.65168309212], [-318.973327637, 109.423927307, 42.1760673523, 73.1918182373, 127.632209778, 160.45135498, 357.65411377, 114.41418457, 27.4785041809, -14.0229959488, 85.7530441284, 28.5767040253, 27.3435993195], [262.981048584, -3.32343149185, 87.0756378174, 87.9207458496, 35.4110908508, 44.4304199219, 114.41418457, 181.566009521, 92.8588180542, 17.8535118103, 49.2601089478, 46.9228820801, 22.3556499481], [70.3632888794, 145.694778442, 127.147033691, 121.369941711, 97.6648864746, 10.1339416504, 27.4785041809, 92.8588180542, 287.322601318, 100.836883545, 59.796913147, 48.1263465881, 65.8453903198], [-299.081665039, -50.2951469421, -82.9702224731, -68.7347106934, 8.52021217346, -0.522600293159, -14.0229959488, 17.8535118103, 100.836883545, 165.211151123, 69.4483261108, 14.74447155, 23.2676696777], [-563.750305176, 91.6341705322, -31.6856746674, -106.811347961, 11.4121437073, 39.7970619202, 85.7530441284, 49.2601089478, 59.796913147, 69.4483261108, 231.865814209, 119.178924561, 82.3236465454], [161.926452637, -38.8962059021, 124.640357971, -17.938205719, -39.7192687988, 15.0349035263, 28.5767040253, 46.9228820801, 48.1263465881, 14.74447155, 119.178924561, 198.09161377, 79.0651016235], [-397.63873291, 96.0670471191, -69.4869995117, -57.7740135193, 29.8888778687, -3.65168309212, 27.3435993195, 22.3556499481, 65.8453903198, 23.2676696777, 82.3236465454, 79.0651016235, 145.678894043]],
        "icov": [[0.000155542875291, -0.000318095670082, 0.000143418743392, -0.000438091286924, 0.00029506708961, -0.00031336286338, 0.000331410643412, -0.000387464649975, 0.000236221167143, -0.00024838297395, 0.000549283344299, -0.000758310430683, 0.000491920742206], [-0.000318095670082, 0.00244101230055, -0.000391132984078, 0.00100605550688, -0.00145284237806, 0.00160231790505, -0.00118082552217, 0.00168823229615, -0.00180539954454, 0.00235784146935, -0.00261703156866, 0.00292350468226, -0.00163310673088], [0.000143418743392, -0.000391132984078, 0.0014636083506, -0.0011670535896, 0.000249070959399, -0.00101005122997, 0.000716257083695, -0.000325884117046, -0.000261435343418, 0.000339207268553, 0.000604441331234, -0.00207264535129, 0.00157115096226], [-0.000438091286924, 0.00100605550688, -0.0011670535896, 0.00263766385615, -0.00118803267833, 0.00115379597992, -0.00117551581934, 0.000858835875988, -0.00100168655626, 0.000965043262113, -0.00114594353363, 0.00262320274487, -0.00148584065028], [0.00029506708961, -0.00145284237806, 0.000249070959399, -0.00118803267833, 0.00411192700267, -0.00171107950155, 2.65791877609e-05, -0.000576724240091, 3.70820112039e-06, -0.00105985952541, 0.00154526950791, -0.00065921706846, 0.000260246160906], [-0.00031336286338, 0.00160231790505, -0.00101005122997, 0.00115379597992, -0.00171107950155, 0.0061194235459, -0.00302667380311, 0.0014575405512, -0.000574676552787, 0.000742988020647, -0.00206133839674, 0.00233838800341, -0.00105047889519], [0.000331410643412, -0.00118082552217, 0.000716257083695, -0.00117551581934, 2.65791877609e-05, -0.00302667380311, 0.00617303745821, -0.00387135241181, 0.00139593053609, 0.000237622865825, -0.000182329720701, -0.00151135853957, 0.00116725440603], [-0.000387464649975, 0.00168823229615, -0.000325884117046, 0.000858835875988, -0.000576724240091, 0.0014575405512, -0.00387135241181, 0.0102922143415, -0.00411263527349, 0.0020070488099, -0.00220560538583, 0.00122764578555, -0.000565248716157], [0.000236221167143, -0.00180539954454, -0.000261435343418, -0.00100168655626, 3.70820112039e-06, -0.000574676552787, 0.00139593053609, -0.00411263527349, 0.00829908251762, -0.00581781286746, 0.00244656857103, -0.00216901837848, -0.0013599251397], [-0.00024838297395, 0.00235784146935, 0.000339207268553, 0.000965043262113, -0.00105985952541, 0.000742988020647, 0.000237622865825, 0.0020070488099, -0.00581781286746, 0.0123883979395, -0.00577809056267, 0.00368445389904, 0.000111621862743], [0.000549283344299, -0.00261703156866, 0.000604441331234, -0.00114594353363, 0.00154526950791, -0.00206133839674, -0.000182329720701, -0.00220560538583, 0.00244656857103, -0.00577809056267, 0.0121595626697, -0.00806601531804, 0.000386258034268], [-0.000758310430683, 0.00292350468226, -0.00207264535129, 0.00262320274487, -0.00065921706846, 0.00233838800341, -0.00151135853957, 0.00122764578555, -0.00216901837848, 0.00368445389904, -0.00806601531804, 0.0153064439073, -0.00701420847327], [0.000491920742206, -0.00163310673088, 0.00157115096226, -0.00148584065028, 0.000260246160906, -0.00105047889519, 0.00116725440603, -0.000565248716157, -0.0013599251397, 0.000111621862743, 0.000386258034268, -0.00701420847327, 0.0134175904095]]
    },
    "melbands": {
        "dmean": [0.00378878740594, 0.00206098053604, 0.00156808376778, 0.000406441628002, 0.000382470228942, 0.000435680383816, 0.000334001029842, 0.000134068759507, 0.00010499938071, 0.000192819497897, 0.000223421418923, 9.64039936662e-05, 4.53516731795e-05, 7.18902010703e-05, 5.68361501792e-05, 4.35995752923e-05, 4.1568546294e-05, 3.5113600461e-05, 2.72526176559e-05, 1.86159340956e-05, 1.42841508932e-05, 1.20254680951e-05, 1.41067930599e-05, 9.98565428745e-06, 6.66836103846e-06, 6.25859820502e-06, 6.07424362897e-06, 4.63976402898e-06, 4.67473500976e-06, 3.44378440786e-06, 2.81285065284e-06, 2.18901573135e-06, 1.77115259703e-06, 2.77044705399e-06, 3.11890426019e-06, 2.8975891837e-06, 2.27607552006e-06, 1.51748292865e-06, 9.43730185554e-07, 6.43680380108e-07],
        "dmean2": [0.00554715096951, 0.00343553582206, 0.00279036024585, 0.000671080080792, 0.000638644036371, 0.000706617487594, 0.000560533080716, 0.00022635559435, 0.000167395191966, 0.000298763887258, 0.000333189294906, 0.000148652557982, 7.50149192754e-05, 0.000109968263132, 8.93262404134e-05, 6.98053554515e-05, 6.38426135993e-05, 5.40379114682e-05, 4.21751174144e-05, 2.9202139558e-05, 2.22983871936e-05, 1.87654877664e-05, 2.33391547226e-05, 1.58270122483e-05, 1.05577137219e-05, 9.91303841147e-06, 9.68630592979e-06, 7.41255735193e-06, 7.68296467868e-06, 5.6105245676e-06, 4.59907369077e-06, 3.41808254234e-06, 2.85186638393e-06, 4.23868095822e-06, 5.05262505612e-06, 4.53484881291e-06, 3.60557692147e-06, 2.36000983023e-06, 1.44236412325e-06, 1.00169586403e-06],
        "dvar": [5.49596043129e-05, 1.3213884813e-05, 9.51259335125e-06, 6.29049509371e-07, 1.16141461604e-06, 1.17496176699e-06, 6.74620309837e-07, 1.41119059549e-07, 1.70275725964e-07, 1.85390035767e-07, 2.22782659876e-07, 8.14106257963e-08, 1.76830496912e-08, 4.79452388902e-08, 3.00518401275e-08, 1.98220373449e-08, 1.04652375654e-08, 5.87553428133e-09, 3.73606257043e-09, 2.41948705515e-09, 1.23889265513e-09, 9.99863081219e-10, 9.50369005714e-10, 5.57152546321e-10, 2.47051323843e-10, 2.13760772971e-10, 2.02301522756e-10, 9.41255198783e-11, 9.65794111352e-11, 4.74876180045e-11, 4.73392020028e-11, 3.55120273465e-11, 2.43471007244e-11, 2.54360577739e-11, 3.89671038492e-11, 1.15353927799e-10, 6.09437916799e-11, 2.83905607357e-11, 9.11235410045e-12, 4.09410005897e-12],
        "dvar2": [0.000125848440803, 3.50640657416e-05, 2.73306213785e-05, 1.46217178099e-06, 3.09039046442e-06, 2.98786198982e-06, 1.73756052391e-06, 3.68209299495e-07, 3.69754445728e-07, 3.83535109449e-07, 4.724045084e-07, 1.90104984199e-07, 4.35482512273e-08, 1.11595475971e-07, 7.2548672847e-08, 4.81331170477e-08, 2.13819415507e-08, 1.16628999791e-08, 8.63244231653e-09, 5.64148416871e-09, 2.67165023438e-09, 2.42109643445e-09, 2.51640686066e-09, 1.44896039611e-09, 6.10240635801e-10, 5.10547826238e-10, 4.96359287006e-10, 2.26128088476e-10, 2.59539140179e-10, 1.18415069417e-10, 1.21960871957e-10, 9.32088572991e-11, 6.45487482909e-11, 6.05722208502e-11, 9.63585183866e-11, 2.80025586052e-10, 1.48192097482e-10, 6.53988946331e-11, 1.98600892676e-11, 8.95012883251e-12],
        "max": [0.0848521217704, 0.0321308895946, 0.0314497388899, 0.00691453274339, 0.0201232768595, 0.0142995081842, 0.0124479038641, 0.005024980288, 0.00835307408124, 0.00832304172218, 0.00608339905739, 0.00455690082163, 0.00222796853632, 0.00381146231666, 0.00305042695254, 0.00242283288389, 0.00427251961082, 0.0015513835242, 0.00126257562079, 0.00089319574181, 0.000830269476864, 0.000535791972652, 0.00065871066181, 0.000528795586433, 0.000263840367552, 0.000213725317735, 0.000247141782893, 0.000165861580172, 0.00020281644538, 0.000121613338706, 0.00014206112246, 0.000137313676532, 0.000125003338326, 8.72835225891e-05, 8.91350282473e-05, 0.000267793075182, 0.000222931543249, 0.000113335139758, 7.48435777496e-05, 3.96122595703e-05],
        "mean": [0.00959089864045, 0.00350196450017, 0.00151488080155, 0.000423144316301, 0.000344556232449, 0.000505852163769, 0.000369215384126, 0.000175231165485, 0.000168021229911, 0.000262014305918, 0.000345308100805, 0.000132953908178, 5.11655198352e-05, 8.53138481034e-05, 7.00451128068e-05, 5.6925444369e-05, 6.16231773165e-05, 5.51742377866e-05, 3.72842769139e-05, 2.57171705016e-05, 1.92261322809e-05, 1.52774646267e-05, 2.10218731809e-05, 1.43237384691e-05, 9.84396228887e-06, 9.85704900813e-06, 9.41744656302e-06, 8.49063235364e-06, 8.4836874521e-06, 6.36139884591e-06, 5.216367299e-06, 4.16330385633e-06, 3.63173876394e-06, 5.31028399564e-06, 5.16490536029e-06, 4.2845349526e-06, 3.29932390741e-06, 2.06582080864e-06, 1.33394348723e-06, 9.38321647936e-07],
        "median": [0.00448138127103, 0.00177251722198, 0.000317630823702, 0.000104936727439, 5.70168413105e-05, 0.00010623462731, 8.83003231138e-05, 2.59029457084e-05, 2.07356806641e-05, 5.6577307987e-05, 6.40758444206e-05, 1.72205964191e-05, 1.49002453327e-05, 1.50532005136e-05, 1.55947673193e-05, 1.10701748781e-05, 1.35193276947e-05, 9.68517906585e-06, 7.95079904492e-06, 7.11084840077e-06, 4.7209910008e-06, 4.44379702458e-06, 1.12195621114e-05, 6.23218329565e-06, 4.22316816184e-06, 4.46125613962e-06, 3.7364200125e-06, 3.32854438057e-06, 3.76866478291e-06, 2.47370235229e-06, 2.27877467296e-06, 1.52204859205e-06, 1.20813137983e-06, 1.66047232142e-06, 2.47863999903e-06, 1.78337870693e-06, 1.35537050028e-06, 7.71007591993e-07, 5.83212056426e-07, 4.43135292016e-07],
        "min": [7.95570906777e-25, 4.2604097683e-24, 2.25829932908e-24, 2.80919521464e-24, 2.94407997703e-24, 2.68059688481e-24, 2.66282759571e-24, 2.64325299842e-24, 7.4293926089e-24, 5.18990721798e-24, 6.15073782839e-24, 3.20560176382e-24, 4.38810228859e-24, 6.07934591646e-24, 4.46473420908e-24, 2.20056457158e-24, 5.40405652691e-24, 5.95516106618e-24, 7.81569937191e-24, 5.25524580575e-24, 6.46207874514e-24, 6.01290134571e-24, 7.58635778524e-24, 6.61994637835e-24, 4.9097874437e-24, 4.69256552155e-24, 7.75808570455e-24, 7.08407979169e-24, 5.49027074081e-24, 6.90938733309e-24, 9.29870265346e-24, 5.50011966921e-24, 5.91911958914e-24, 7.4005337104e-24, 7.39928652131e-24, 7.45413286461e-24, 7.5628347419e-24, 6.87866277855e-24, 8.44454773111e-24, 6.8888335622e-24],
        "var": [0.000173043779796, 2.14931260416e-05, 8.39971653477e-06, 7.36825541026e-07, 9.21473315429e-07, 1.24168695947e-06, 6.64403160044e-07, 1.73793822e-07, 2.69139547981e-07, 3.29056689452e-07, 4.64577425419e-07, 1.46917926713e-07, 1.95141307557e-08, 6.01365783837e-08, 3.80335549721e-08, 3.16773451914e-08, 3.86614722458e-08, 1.28706050262e-08, 6.31717833599e-09, 3.39035843844e-09, 2.02033012542e-09, 1.19754817174e-09, 1.10786912977e-09, 6.45165587621e-10, 3.332377152e-10, 2.90076629383e-10, 2.82939921492e-10, 2.23470450478e-10, 1.68367750297e-10, 1.15984562232e-10, 8.86768852792e-11, 1.00469313424e-10, 8.65489346857e-11, 9.4926323746e-11, 5.98229590865e-11, 1.27581584186e-10, 6.43938305456e-11, 3.23281366954e-11, 1.18767200935e-11, 5.66795221868e-12]
    },
    "mfcc": {
        "mean": [-660.663269043, 99.5816345215, 8.88776397705, 15.1307134628, 4.40064239502, 11.8961076736, 5.89682817459, 11.3810949326, 2.50504517555, 11.7906360626, 4.14035606384, 7.25340604782, -1.65435576439],
        "cov": [[13830.6064453, -84.2879333496, 1748.53137207, 2374.79248047, 681.463439941, 269.655670166, -265.915008545, 430.421783447, 223.258270264, 188.844314575, -317.77154541, -267.819763184, -204.547485352], [-84.2879333496, 1004.04693604, -212.979904175, -7.70154285431, 123.49874115, -1.9178841114, 15.7999706268, 28.5946426392, 29.0865306854, 2.53210616112, 36.5374526978, -3.02469277382, 21.4183883667], [1748.53137207, -212.979904175, 1329.1796875, 583.019714355, 265.029785156, 181.233673096, 11.8944883347, 226.870132446, 31.0635185242, 24.8473854065, -12.1319904327, -5.60084581375, 16.3480873108], [2374.79248047, -7.70154285431, 583.019714355, 988.510070801, 326.150360107, 168.815673828, 27.2044792175, 166.757644653, 148.485809326, 106.535873413, -37.8899803162, -12.9716072083, -6.26698160172], [681.463439941, 123.49874115, 265.029785156, 326.150360107, 405.69442749, 147.037521362, -23.325214386, 66.6574554443, 84.6642227173, 62.3707313538, 1.68399775028, 0.428812891245, 19.81615448], [269.655670166, -1.9178841114, 181.233673096, 168.815673828, 147.037521362, 284.316833496, 109.477165222, 82.1215438843, 66.9448013306, 56.0788078308, 28.2678260803, 17.3028030396, 4.48548650742], [-265.915008545, 15.7999706268, 11.8944883347, 27.2044792175, -23.325214386, 109.477165222, 331.254516602, 142.270675659, -8.51901435852, 30.1136112213, 24.6118946075, 5.14911413193, 6.08902025223], [430.421783447, 28.5946426392, 226.870132446, 166.757644653, 66.6574554443, 82.1215438843, 142.270675659, 256.869445801, 67.9630126953, 22.9529342651, 24.9540596008, 10.0000123978, 22.2017440796], [223.258270264, 29.0865306854, 31.0635185242, 148.485809326, 84.6642227173, 66.9448013306, -8.51901435852, 67.9630126953, 166.493713379, 88.6009521484, 29.5805110931, 15.9935951233, -3.17170596123], [188.844314575, 2.53210616112, 24.8473854065, 106.535873413, 62.3707313538, 56.0788078308, 30.1136112213, 22.9529342651, 88.6009521484, 156.973526001, 71.8818054199, 10.5040903091, 0.12833686173], [-317.77154541, 36.5374526978, -12.1319904327, -37.8899803162, 1.68399775028, 28.2678260803, 24.6118946075, 24.9540596008, 29.5805110931, 71.8818054199, 141.639297485, 65.3034515381, 23.305847168], [-267.819763184, -3.02469277382, -5.60084581375, -12.9716072083, 0.428812891245, 17.3028030396, 5.14911413193, 10.0000123978, 15.9935951233, 10.5040903091, 65.3034515381, 133.323364258, 66.2459869385], [-204.547485352, 21.4183883667, 16.3480873108, -6.26698160172, 19.81615448, 4.48548650742, 6.08902025223, 22.2017440796, -3.17170596123, 0.12833686173, 23.305847168, 66.2459869385, 119.812477112]],
