{
"lowlevel": {
    "average_loudness": 0.929265022278,
    "barkbands_crest": {
        "dmean": 2.90965127945,
        "dmean2": 4.77268457413,
        "dvar": 6.39839506149,
        "dvar2": 16.5308074951,
        "max": 25.0851249695,
        "mean": 10.8533163071,
        "median": 10.543595314,
        "min": 2.41214704514,
        "var": 13.8518047333
    },
    "barkbands_flatness_db": {
        "dmean": 0.0348841138184,
        "dmean2": 0.0525236241519,
        "dvar": 0.000979503151029,
        "dvar2": 0.00236121704802,
        "max": 0.415498286486,
        "mean": 0.17188718915,
        "median": 0.160668134689,
        "min": 0.0303190629929,
        "var": 0.00503788515925
    },
    "barkbands_kurtosis": {
        "dmean": 12.2466497421,
        "dmean2": 19.046957016,
        "dvar": 364.11730957,
        "dvar2": 953.909118652,
        "max": 216.570770264,
        "mean": 19.088809967,
        "median": 7.37273979187,
        "min": -1.94666087627,
        "var": 842.718444824
    },
    "barkbands_skewness": {
        "dmean": 1.13899385929,
        "dmean2": 1.68043386936,
        "dvar": 1.1484183073,
        "dvar2": 2.96579957008,
        "max": 11.961180687,
        "mean": 2.88200831413,
        "median": 2.5255420208,
        "min": -5.20330238342,
        "var": 4.79970169067
    },
    "barkbands_spread": {
        "dmean": 7.69277143478,
        "dmean2": 11.8034353256,
        "dvar": 90.7516555786,
        "dvar2": 211.837280273,
        "max": 114.080703735,
        "mean": 18.0722789764,
        "median": 14.014169693,
        "min": 0.613733351231,
        "var": 240.787033081
    },
    "dissonance": {
        "dmean": 0.0225159525871,
        "dmean2": 0.0383082851768,
        "dvar": 0.000502806622535,
        "dvar2": 0.00133204075973,
        "max": 0.5,
        "mean": 0.466032445431,
        "median": 0.474264770746,
        "min": 0.281183958054,
        "var": 0.000884954235516
    },
    "dynamic_complexity": 3.70115804672,
    "erbbands_crest": {
        "dmean": 3.08198523521,
        "dmean2": 5.09342670441,
        "dvar": 8.28020477295,
        "dvar2": 22.0692062378,
        "max": 29.5677127838,
        "mean": 9.29465675354,
        "median": 8.29254627228,
        "min": 2.46524500847,
        "var": 18.6335601807
    },
    "erbbands_flatness_db": {
        "dmean": 0.022702138871,
        "dmean2": 0.0344100929797,
        "dvar": 0.000431227090303,
        "dvar2": 0.000940681260545,
        "max": 0.307877272367,
        "mean": 0.143591448665,
        "median": 0.140054509044,
        "min": 0.0467570871115,
        "var": 0.00170083041303
    },
    "erbbands_kurtosis": {
        "dmean": 2.07311248779,
        "dmean2": 3.22747850418,
        "dvar": 13.0207767487,
        "dvar2": 27.6718025208,
        "max": 64.1707458496,
        "mean": 1.74384438992,
        "median": -0.0389969348907,
        "min": -1.93010187149,
        "var": 30.59532547
    },
    "erbbands_skewness": {
        "dmean": 0.62027579546,
        "dmean2": 0.927939832211,
        "dvar": 0.349817693233,
        "dvar2": 0.795785009861,
        "max": 6.40183496475,
        "mean": 0.586784183979,
        "median": 0.41996794939,
        "min": -2.99215054512,
        "var": 1.60885214806
    },
    "erbbands_spread": {
        "dmean": 14.9129781723,
        "dmean2": 23.0407848358,
        "dvar": 245.690475464,
        "dvar2": 547.073242188,
        "max": 186.971160889,
        "mean": 49.5867576599,
        "median": 44.9319419861,
        "min": 4.57521867752,
        "var": 736.905334473
    },
    "hfc": {
        "dmean": 6.1860332489,
        "dmean2": 8.80849742889,
        "dvar": 118.778335571,
        "dvar2": 276.813842773,
        "max": 141.391326904,
        "mean": 12.6806468964,
        "median": 8.48876476288,
        "min": 1.18318339868e-16,
        "var": 208.156967163
    },
    "melbands_crest": {
        "dmean": 3.86096000671,
        "dmean2": 6.40905809402,
        "dvar": 11.1614112854,
        "dvar2": 28.6746025085,
        "max": 29.8927383423,
        "mean": 16.9244613647,
        "median": 17.040561676,
        "min": 2.98756527901,
        "var": 26.729391098
    },
    "melbands_flatness_db": {
        "dmean": 0.0436184257269,
        "dmean2": 0.0641008839011,
        "dvar": 0.00148471991997,
        "dvar2": 0.00343042891473,
        "max": 0.556190311909,
        "mean": 0.255264610052,
        "median": 0.246756061912,
        "min": 0.00757433427498,
        "var": 0.009527169168
    },
    "melbands_kurtosis": {
        "dmean": 29.1219367981,
        "dmean2": 45.6007232666,
        "dvar": 1867.11730957,
        "dvar2": 4976.17724609,
        "max": 575.884887695,
        "mean": 47.818572998,
        "median": 23.7151355743,
        "min": -1.81436550617,
        "var": 3942.35546875
    },
    "melbands_skewness": {
        "dmean": 1.57136189938,
        "dmean2": 2.38126969337,
        "dvar": 2.44088482857,
        "dvar2": 6.07662057877,
        "max": 19.0293941498,
        "mean": 4.45721530914,
        "median": 3.92593860626,
        "min": -3.10125279427,
        "var": 8.22458648682
    },
    "melbands_spread": {
        "dmean": 8.36835098267,
        "dmean2": 12.6337966919,
        "dvar": 145.588928223,
        "dvar2": 303.315490723,
        "max": 193.846710205,
        "mean": 17.3722705841,
        "median": 9.97991752625,
        "min": 0.441254913807,
        "var": 427.519500732
    },
    "pitch_salience": {
        "dmean": 0.0923860743642,
        "dmean2": 0.151815250516,
        "dvar": 0.00609981035814,
        "dvar2": 0.017248455435,
        "max": 0.871963322163,
        "mean": 0.516659915447,
        "median": 0.515841960907,
        "min": 0.164970099926,
        "var": 0.0125109767541
    },
    "silence_rate_20dB": {
        "dmean": 0,
        "dmean2": 0,
        "dvar": 0,
        "dvar2": 0,
        "max": 1,
        "mean": 1,
        "median": 1,
        "min": 1,
        "var": 0
    },
    "silence_rate_30dB": {
        "dmean": 0.0100619196892,
        "dmean2": 0.0201316289604,
        "dvar": 0.00996054615825,
        "dvar2": 0.0228228215128,
        "max": 1,
        "mean": 0.97988396883,
        "median": 1,
        "min": 0,
        "var": 0.0197111535817
    },
    "silence_rate_60dB": {
        "dmean": 0.0584365315735,
        "dmean2": 0.116918310523,
        "dvar": 0.0550236850977,
        "dvar2": 0.121058627963,
        "max": 1,
        "mean": 0.082011602819,
        "median": 0,
        "min": 0,
        "var": 0.075288169086
    },
    "spectral_centroid": {
        "dmean": 356.083618164,
        "dmean2": 522.662963867,
        "dvar": 169464.859375,
        "dvar2": 342282.6875,
        "max": 11237.1123047,
        "mean": 1102.82250977,
        "median": 894.66607666,
        "min": 132.779525757,
        "var": 648319.75
    },
    "spectral_complexity": {
        "dmean": 4.03831291199,
        "dmean2": 5.60627174377,
        "dvar": 25.6266441345,
        "dvar2": 43.6865844727,
        "max": 55,
        "mean": 11.788394928,
        "median": 9,
        "min": 0,
        "var": 90.3617324829
    },
    "spectral_decrease": {
        "dmean": 3.80176423675e-09,
        "dmean2": 5.94619686822e-09,
        "dvar": 3.77119251325e-17,
        "dvar2": 9.4731734687e-17,
        "max": 4.68773966525e-29,
        "mean": -7.36034255766e-09,
        "median": -4.47803572001e-09,
        "min": -4.84525450872e-08,
        "var": 6.42708086297e-17
    },
    "spectral_energy": {
        "dmean": 0.0147724682465,
        "dmean2": 0.0230150818825,
        "dvar": 0.000561402994208,
        "dvar2": 0.00140696531162,
        "max": 0.186135664582,
        "mean": 0.0289297997952,
        "median": 0.0179173815995,
        "min": 1.05549021644e-20,
        "var": 0.00096038315678
    },
    "spectral_energyband_high": {
        "dmean": 0.00030457531102,
        "dmean2": 0.000434468762251,
        "dvar": 4.40644072341e-07,
        "dvar2": 9.36074570745e-07,
        "max": 0.0154476026073,
        "mean": 0.00050024635857,
        "median": 0.000192894018255,
        "min": 7.5923047173e-21,
        "var": 8.97441452707e-07
    },
    "spectral_energyband_low": {
        "dmean": 0.0092977900058,
        "dmean2": 0.0147729301825,
        "dvar": 0.00026723917108,
        "dvar2": 0.000691119406838,
        "max": 0.130109906197,
        "mean": 0.0171878784895,
        "median": 0.00965448934585,
        "min": 1.48378084597e-22,
        "var": 0.000471257983008
    },
    "spectral_energyband_middle_high": {
        "dmean": 0.00161007628776,
        "dmean2": 0.00236435909756,
        "dvar": 1.51349422595e-05,
        "dvar2": 3.86724859709e-05,
        "max": 0.0545435808599,
        "mean": 0.00272089242935,
        "median": 0.00103185488842,
        "min": 1.38279263993e-21,
        "var": 1.91357776202e-05
    },
    "spectral_energyband_middle_low": {
        "dmean": 0.00840619113296,
        "dmean2": 0.0137366997078,
        "dvar": 0.000236243955442,
        "dvar2": 0.000629410671536,
        "max": 0.114046037197,
        "mean": 0.0120058944449,
        "median": 0.00676103495061,
        "min": 2.91956032627e-22,
        "var": 0.000240461784415
    },
    "spectral_entropy": {
        "dmean": 0.279043793678,
        "dmean2": 0.417617619038,
        "dvar": 0.0826295465231,
        "dvar2": 0.179936945438,
        "max": 9.8046541214,
        "mean": 7.41377449036,
        "median": 7.50226831436,
        "min": 5.03250265121,
        "var": 0.343734741211
    },
    "spectral_flux": {
        "dmean": 0.037070158869,
        "dmean2": 0.0564637109637,
        "dvar": 0.00199847202748,
        "dvar2": 0.00391305238008,
        "max": 0.370048373938,
        "mean": 0.0888012871146,
        "median": 0.0730382427573,
        "min": 1.02737054974e-10,
        "var": 0.00353670911863
    },
    "spectral_kurtosis": {
        "dmean": 1.65259110928,
        "dmean2": 2.64631319046,
        "dvar": 4.62604236603,
        "dvar2": 10.4481687546,
        "max": 37.0142593384,
        "mean": 4.15793704987,
        "median": 3.54545354843,
        "min": -1.22471725941,
        "var": 10.5761423111
    },
    "spectral_rms": {
        "dmean": 0.00129220029339,
        "dmean2": 0.00189718068577,
        "dvar": 2.4697144454e-06,
        "dvar2": 5.72837780055e-06,
        "max": 0.013475747779,
        "mean": 0.00465961406007,
        "median": 0.00418095337227,
        "min": 3.20896629581e-12,
        "var": 6.51221580483e-06
    },
    "spectral_rolloff": {
        "dmean": 571.514587402,
        "dmean2": 954.981140137,
        "dvar": 1231615.75,
        "dvar2": 2758046,
        "max": 19207.6171875,
        "mean": 1110.16333008,
        "median": 409.130859375,
        "min": 64.599609375,
        "var": 2752623.25
    },
    "spectral_skewness": {
        "dmean": 0.287787646055,
        "dmean2": 0.439397066832,
        "dvar": 0.0995562896132,
        "dvar2": 0.214140057564,
        "max": 5.20532655716,
        "mean": 1.56488156319,
        "median": 1.44427001476,
        "min": -0.0104313734919,
        "var": 0.350997567177
    },
    "spectral_spread": {
        "dmean": 821021,
        "dmean2": 1209392.125,
        "dvar": 1.11589012275e+12,
        "dvar2": 1.9796141015e+12,
        "max": 41642880,
        "mean": 5320972.5,
        "median": 5030189.5,
        "min": 1861751.5,
        "var": 3.30091882086e+12
    },
    "spectral_strongpeak": {
        "dmean": 0.330420702696,
        "dmean2": 0.550793230534,
        "dvar": 0.210795402527,
        "dvar2": 0.555700480938,
        "max": 6.86696195602,
        "mean": 0.529707431793,
        "median": 0.371244966984,
        "min": 0,
        "var": 0.312003076077
    },
    "zerocrossingrate": {
        "dmean": 0.0123383607715,
        "dmean2": 0.013994560577,
        "dvar": 0.000230956851738,
        "dvar2": 0.000248398981057,
        "max": 0.5126953125,
        "mean": 0.0499862097204,
        "median": 0.04052734375,
        "min": 0.00390625,
        "var": 0.0018543524202
    },
    "barkbands": {
        "dmean": [4.86741009809e-05, 0.0034842682071, 0.00545915123075, 0.00417834101245, 0.00296253175475, 0.000916242890526, 0.000841989123728, 0.00049023894826, 0.000429752399214, 0.000540465465747, 0.000222841379582, 0.000182854710147, 0.000199056536076, 0.000181431547389, 0.00026359903859, 0.000173247099156, 0.000149046507431, 0.000211179372855, 0.000120822827739, 9.29626839934e-05, 6.77782736602e-05, 7.64583819546e-05, 5.33377788088e-05, 6.49375797366e-05, 2.47487441811e-05, 6.70546069159e-06, 6.82907568716e-07],
        "dmean2": [8.21572102723e-05, 0.0057072294876, 0.00868568196893, 0.00685917772353, 0.00500268163159, 0.0014973935904, 0.00143023987766, 0.000847721763421, 0.000697806943208, 0.000853962555993, 0.000363103521522, 0.000287166389171, 0.000324700260535, 0.000296376092592, 0.0004458874173, 0.000268220872385, 0.000238227949012, 0.000316482211929, 0.000181227209396, 0.000138585062814, 0.000101346646261, 0.000112679546874, 7.93270155555e-05, 0.000100508041214, 3.56699711119e-05, 9.95380742097e-06, 1.1264199884e-06],
        "dvar": [3.93040755498e-09, 3.04665227304e-05, 0.000115091912448, 7.37263471819e-05, 6.2160899688e-05, 3.03356046061e-06, 4.22000266553e-06, 2.58882164417e-06, 7.97866618996e-07, 2.15148929783e-06, 7.16127033229e-07, 1.84122725955e-07, 3.28695620055e-07, 2.15532580228e-07, 1.48018887103e-06, 1.19758823303e-07, 1.46894251429e-07, 3.35741731305e-07, 8.29800654856e-08, 2.84638819181e-08, 2.09195558654e-08, 4.19309067468e-08, 2.59785384316e-08, 5.59111121845e-08, 2.9700120141e-09, 1.49834353258e-10, 1.32531832731e-12],
        "dvar2": [1.09084377087e-08, 7.67158635426e-05, 0.000290517433314, 0.000200705733732, 0.000161677307915, 7.96710628492e-06, 1.14338090498e-05, 6.66781807013e-06, 1.94422727873e-06, 5.22955451743e-06, 1.81723680726e-06, 4.48672864195e-07, 8.70450207913e-07, 5.64205095088e-07, 4.2380929699e-06, 2.7667562108e-07, 3.81377617487e-07, 8.38610276332e-07, 2.0103222198e-07, 6.55841603248e-08, 4.59154456678e-08, 8.84982469529e-08, 5.7509026874e-08, 1.39073549121e-07, 6.53866072398e-09, 3.01089847499e-10, 3.2898891944e-12],
        "max": [0.000720335636288, 0.0721259117126, 0.0937993302941, 0.0751026570797, 0.0813961997628, 0.0231136232615, 0.0405783168972, 0.0435730069876, 0.00995279848576, 0.0339104905725, 0.0181027166545, 0.00623220391572, 0.00885587744415, 0.00739398878068, 0.0288410894573, 0.00425195042044, 0.00592278782278, 0.0120434621349, 0.00463600922376, 0.00209690653719, 0.00233945832588, 0.00240690982901, 0.00577219948173, 0.00811786390841, 0.00125209265389, 0.000183916723472, 1.55455873028e-05],
        "mean": [7.73632928031e-05, 0.00570625718683, 0.00804233085364, 0.00588847137988, 0.00295890006237, 0.0011098193936, 0.000831070647109, 0.000484904478071, 0.000508562545292, 0.000624538923148, 0.000235640880419, 0.000209863574128, 0.000220149668166, 0.000208017838304, 0.000291897420539, 0.000249108852586, 0.00020571112691, 0.000309714931063, 0.000187998244655, 0.000156330410391, 9.79137475952e-05, 9.93768553599e-05, 8.16097308416e-05, 9.44246494328e-05, 3.80300880352e-05, 1.08787626232e-05, 9.1715395456e-07],
        "median": [4.10185239161e-05, 0.00220840144902, 0.00281321210787, 0.00227181427181, 0.000820002343971, 0.000496955413837, 0.000173344975337, 5.44625727343e-05, 8.44664900796e-05, 9.50398098212e-05, 2.2065027224e-05, 2.92040949716e-05, 3.01309046336e-05, 3.04155291815e-05, 3.59380574082e-05, 4.51751984656e-05, 4.59119255538e-05, 5.91553871345e-05, 5.15057545272e-05, 4.94085397804e-05, 3.68589098798e-05, 2.53541875281e-05, 2.27226755669e-05, 2.1764282792e-05, 9.84968755802e-06, 4.42822238256e-06, 4.7387445079e-07],
        "min": [2.66106512267e-23, 5.41251982113e-23, 5.4577720381e-23, 3.95164408797e-23, 1.66429440385e-23, 1.33598485237e-23, 5.18298780344e-23, 5.47769929565e-23, 9.32416550576e-23, 1.01171625665e-22, 4.45488812058e-23, 8.15413710855e-23, 7.96519419324e-23, 8.28806297107e-23, 1.02832228357e-22, 2.25618787976e-22, 2.28882198255e-22, 1.31577505639e-22, 1.39818325308e-22, 3.63183104175e-22, 4.17986293624e-22, 5.73011345452e-22, 7.2637403385e-22, 8.61139143391e-22, 1.12855587158e-21, 1.343254376e-21, 2.56468641392e-21],
        "var": [9.05863029033e-09, 6.8096225732e-05, 0.000187085024663, 8.17022955744e-05, 4.89476296934e-05, 3.34675723934e-06, 3.76554112336e-06, 3.92792753701e-06, 1.19869423543e-06, 2.86576278086e-06, 7.35504102067e-07, 2.45700476853e-07, 3.41010832017e-07, 2.26982947993e-07, 9.83204927252e-07, 2.38904760863e-07, 1.76797840368e-07, 4.28503852845e-07, 1.22813119674e-07, 6.32674641565e-08, 3.35223511172e-08, 5.92556510526e-08, 5.63656463726e-08, 1.09933829151e-07, 5.78538639218e-09, 3.04067576673e-10, 1.8148244409e-12]
    },
    "erbbands": {
        "dmean": [0.0625894069672, 0.966978192329, 5.23957061768, 10.9576234818, 12.2297124863, 9.63896846771, 4.72386217117, 8.8873796463, 11.1345148087, 12.7014894485, 10.2509708405, 9.30344676971, 16.4265575409, 13.3170747757, 7.22217988968, 7.66872596741, 8.77930641174, 7.28559684753, 14.5411157608, 10.0173559189, 8.66370391846, 8.35414600372, 11.7448635101, 7.38915872574, 5.51033067703, 4.22990036011, 3.11892485619, 2.6570110321, 2.93305945396, 1.96153438091, 1.51509428024, 1.4627187252, 0.987046837807, 0.378588438034, 0.126985862851, 0.0408234931529, 0.0102656669915, 0.00169010320678, 0.000110749766463, 1.87890091183e-05],
        "dmean2": [0.0960799455643, 1.60704791546, 8.41256523132, 17.4868984222, 20.5411548615, 16.2490558624, 7.51503801346, 14.6829128265, 18.7076320648, 22.7050037384, 17.3304004669, 14.9950380325, 25.9818439484, 20.9783477783, 11.6651630402, 11.7512426376, 14.1265258789, 11.7972564697, 24.4808311462, 15.8483324051, 13.248957634, 13.1317100525, 17.3574371338, 10.8771848679, 8.05793571472, 6.09474658966, 4.49324798584, 4.02362060547, 4.40040874481, 2.79820179939, 2.27458930016, 2.27532505989, 1.49548244476, 0.55503308773, 0.187551319599, 0.0611640550196, 0.015355469659, 0.00259450497106, 0.000184715856449, 2.92097320198e-05],
        "dvar": [0.00966023467481, 2.52892780304, 108.252250671, 441.768615723, 783.743835449, 728.346740723, 56.0589675903, 326.986236572, 571.767578125, 1897.9609375, 992.234130859, 373.416656494, 2021.80725098, 1210.50158691, 631.854064941, 342.622955322, 609.355834961, 287.978515625, 5037.21044922, 645.987304688, 368.820495605, 458.811340332, 1100.63513184, 369.565216064, 135.524169922, 56.1772575378, 36.9524421692, 40.6772956848, 59.6581611633, 22.9445667267, 31.4634685516, 25.7493686676, 15.7730112076, 0.913772940636, 0.0610702559352, 0.00605047494173, 0.000332730967784, 8.39498898131e-06, 4.0383905997e-08, 8.00584654126e-10],
        "dvar2": [0.0189088284969, 6.577709198, 274.733947754, 1187.2479248, 2111.85400391, 1850.42358398, 142.35144043, 865.07220459, 1509.68725586, 5387.30175781, 2237.359375, 922.719482422, 4785.21777344, 2964.85229492, 1571.96154785, 829.148864746, 1598.95654297, 725.453308105, 14404.2558594, 1718.01489258, 919.770935059, 1180.21618652, 2677.67480469, 904.788208008, 329.094787598, 125.992156982, 79.9934158325, 89.5906906128, 130.762893677, 44.881401062, 73.1582183838, 65.8125152588, 37.1321716309, 2.05661058426, 0.133493408561, 0.0131297763437, 0.000638429424725, 1.57949925779e-05, 1.0636803438e-07, 1.9754904379e-09],
        "max": [1.79248940945, 17.1084709167, 92.4036178589, 197.123336792, 273.485412598, 304.626434326, 101.232658386, 225.045379639, 346.207702637, 690.045043945, 1203.52758789, 311.782897949, 1265.54626465, 466.792053223, 517.692504883, 256.180084229, 399.490539551, 229.114471436, 1552.32189941, 457.158752441, 223.887771606, 355.635223389, 736.846069336, 315.573944092, 156.816467285, 88.9841842651, 83.8743515015, 98.9190979004, 93.3871994019, 64.4609375, 217.869476318, 157.609268188, 153.803359985, 19.9192886353, 5.04202032089, 1.04438018799, 0.302035331726, 0.0425106137991, 0.00257653277367, 0.000240064910031],
        "mean": [0.123993955553, 1.50893473625, 7.88311481476, 16.3614940643, 14.6427087784, 9.2406578064, 6.19167709351, 10.1244659424, 12.2800197601, 10.4807920456, 11.5535583496, 11.5884275436, 19.4099521637, 15.334441185, 8.46718883514, 9.26697635651, 10.3049507141, 8.95882129669, 15.9721860886, 14.0428419113, 12.7342615128, 12.2755079269, 17.3303470612, 11.3884334564, 9.19345855713, 7.39114332199, 4.84012651443, 3.65034031868, 3.75725984573, 2.75053691864, 2.27640318871, 2.10673928261, 1.43723738194, 0.568743467331, 0.198390990496, 0.0643429011106, 0.0169961024076, 0.00271107349545, 0.000158758281032, 3.83192236768e-05],
        "median": [0.0502419546247, 0.546885073185, 2.81901454926, 7.14762115479, 4.76500988007, 2.43834018707, 3.02073431015, 3.9997587204, 3.15242862701, 1.78509318829, 1.55983996391, 2.02412199974, 3.65462255478, 2.54858660698, 1.36320519447, 1.50756549835, 1.72723078728, 1.82286322117, 2.37361383438, 2.38188529015, 2.57722020149, 2.81647872925, 3.44386506081, 2.90374684334, 2.77316880226, 2.33582496643, 1.66789293289, 1.27010285854, 0.975515723228, 0.675085365772, 0.606152057648, 0.563153982162, 0.301190257072, 0.133811429143, 0.0580486804247, 0.0223717913032, 0.00728664640337, 0.00138298491947, 8.78120990819e-05, 2.62308130914e-05],
        "min": [1.04975601302e-21, 1.41522799522e-20, 7.14172231242e-20, 9.42341925279e-20, 5.92660239363e-20, 7.84957889044e-20, 6.66281252585e-20, 1.61792637482e-19, 5.10563688016e-19, 7.9729421513e-19, 1.61989219539e-18, 1.94671477093e-18, 2.91921571427e-18, 2.51995445094e-18, 2.99404743556e-18, 3.25563585965e-18, 3.1047548072e-18, 4.65483109774e-18, 3.54669486782e-18, 9.40550430433e-18, 1.35829276979e-17, 1.00197371943e-17, 8.61160695808e-18, 5.69527003914e-18, 1.09175052645e-17, 1.62901674201e-17, 1.61602735941e-17, 2.28149085349e-17, 1.9940697443e-17, 1.47936620344e-17, 2.30363199695e-17, 1.19765859618e-17, 1.74604509702e-17, 1.34292879981e-17, 8.60511772618e-18, 5.7743315485e-18, 2.43098600619e-18, 1.36332496441e-18, 2.95720868849e-19, 3.79026629004e-20],
        "var": [0.045079190284, 4.6547961235, 177.202011108, 538.069030762, 724.537353516, 581.85748291, 72.2223587036, 335.108520508, 654.802978516, 1248.37072754, 2350.57739258, 639.69342041, 3155.09570312, 1415.24621582, 714.581970215, 460.612091064, 668.78338623, 347.606964111, 3225.4609375, 833.537414551, 641.621887207, 583.166687012, 1451.18371582, 493.350006104, 264.308776855, 139.662246704, 68.2789230347, 60.0186729431, 81.4369888306, 38.1599807739, 65.4675216675, 46.6537246704, 32.3843612671, 1.7430729866, 0.123821392655, 0.0115249129012, 0.000719176430721, 1.65714554896e-05, 4.93138401225e-08, 1.34943856089e-09]
    },
    "gfcc": {
        "mean": [-37.4172439575, 87.4679260254, -85.3276062012, 49.529712677, -50.390827179, 16.1353702545, -36.4035606384, 11.1950378418, -24.8047275543, -2.50325655937, -17.838186264, -3.36252903938, -12.5003080368],
        "cov": [[6966.15771484, 267.214019775, -1478.27807617, 203.023345947, -302.570037842, -28.6966247559, -277.218719482, 52.8578796387, -84.2389068604, -99.5408248901, -200.096405029, -109.095603943, -79.1176986694], [267.214019775, 1038.73925781, 263.728363037, -140.913101196, 170.824478149, -82.3224563599, 127.339164734, -98.1574401855, -11.5970754623, -85.0163421631, 65.4388885498, -34.0712089539, 11.6358499527], [-1478.27807617, 263.728363037, 1833.05529785, 222.202041626, 114.106002808, 125.619644165, 113.89302063, -135.724868774, -29.5644569397, -5.83020877838, -69.6679153442, 8.41784858704, -111.478134155], [203.023345947, -140.913101196, 222.202041626, 429.151763916, 95.2162246704, -25.6558570862, -67.8720092773, -0.335060447454, 9.85019111633, -10.3482961655, -66.0874176025, -41.7221374512, -13.2374286652], [-302.570037842, 170.824478149, 114.106002808, 95.2162246704, 367.855743408, 40.5854415894, 74.0297775269, -8.39474391937, 1.99516439438, -31.4311561584, 7.92258787155, -10.5640983582, 4.58423948288], [-28.6966247559, -82.3224563599, 125.619644165, -25.6558570862, 40.5854415894, 249.535919189, 92.1465835571, 7.43097829819, -24.2144775391, -0.780684649944, -19.8418197632, 8.9617023468, -18.5441017151], [-277.218719482, 127.339164734, 113.89302063, -67.8720092773, 74.0297775269, 92.1465835571, 229.115661621, 30.5613746643, -40.208530426, -14.4333734512, 27.3084697723, 10.2381010056, -13.4316225052], [52.8578796387, -98.1574401855, -135.724868774, -0.335060447454, -8.39474391937, 7.43097829819, 30.5613746643, 124.079536438, 43.6769638062, 10.6663808823, -3.78888821602, 1.70515441895, 13.548833847], [-84.2389068604, -11.5970754623, -29.5644569397, 9.85019111633, 1.99516439438, -24.2144775391, -40.208530426, 43.6769638062, 134.778793335, 36.0980415344, -12.1376857758, -1.87767744064, 21.6217479706], [-99.5408248901, -85.0163421631, -5.83020877838, -10.3482961655, -31.4311561584, -0.780684649944, -14.4333734512, 10.6663808823, 36.0980415344, 99.2651138306, 43.0240440369, 4.133456707, -0.786186873913], [-200.096405029, 65.4388885498, -69.6679153442, -66.0874176025, 7.92258787155, -19.8418197632, 27.3084697723, -3.78888821602, -12.1376857758, 43.0240440369, 140.06880188, 23.7730445862, 18.6083583832], [-109.095603943, -34.0712089539, 8.41784858704, -41.7221374512, -10.5640983582, 8.9617023468, 10.2381010056, 1.70515441895, -1.87767744064, 4.133456707, 23.7730445862, 67.1246643066, 7.25328397751], [-79.1176986694, 11.6358499527, -111.478134155, -13.2374286652, 4.58423948288, -18.5441017151, -13.4316225052, 13.548833847, 21.6217479706, -0.786186873913, 18.6083583832, 7.25328397751, 82.6896972656]],
        "icov": [[0.000334205426043, -0.000558893254492, 0.00043968524551, -0.000552194658667, 0.000423976016464, -0.000506103213411, 0.000493248400744, -0.000363781000488, 0.000510510348249, -0.000370157387806, 0.000620682956651, -0.000324339373037, 0.00065726460889], [-0.000558893254492, 0.00286083295941, -0.00104962219484, 0.00179519993253, -0.00132145581301, 0.00190840358846, -0.00195058295503, 0.00217857817188, -0.00206779502332, 0.00271303229965, -0.00224510300905, 0.00228851032443, -0.00136656803079], [0.00043968524551, -0.00104962219484, 0.00142985011917, -0.00138678052463, 0.00069253979018, -0.00102589209564, 0.000128500498249, 0.000439016439486, 0.000398104253691, -0.000980152515694, 0.00129902153276, -0.00121165043674, 0.00165505555924], [-0.000552194658667, 0.00179519993253, -0.00138678052463, 0.00470172613859, -0.0021154130809, 0.00168596336152, 0.000241128087509, 3.41556260537e-05, -0.000490442325827, 0.00100211775862, -0.000418262090534, 0.0027359102387, -0.00137701397762], [0.000423976016464, -0.00132145581301, 0.00069253979018, -0.0021154130809, 0.00428567966446, -0.00141462823376, -0.000497148721479, 6.70089048072e-06, -0.000244357128395, 0.000475207110867, 6.73228059895e-05, -0.000574946287088, 0.000653615861665], [-0.000506103213411, 0.00190840358846, -0.00102589209564, 0.00168596336152, -0.00141462823376, 0.00649448903278, -0.00315751391463, 0.00116532493848, -0.00053898175247, 0.00034253206104, 0.00018013746012, 0.000692209403496, -0.000991949927993], [0.000493248400744, -0.00195058295503, 0.000128500498249, 0.000241128087509, -0.000497148721479, -0.00315751391463, 0.00892245396972, -0.00510384188965, 0.00386508228257, -0.000850537326187, 4.27812483395e-05, -0.000972312467638, 0.0016202267725], [-0.000363781000488, 0.00217857817188, 0.000439016439486, 3.41556260537e-05, 6.70089048072e-06, 0.00116532493848, -0.00510384188965, 0.0136682055891, -0.00607392890379, 0.00187325209845, -0.000877497310285, 0.000906261208002, -0.00114092917647], [0.000510510348249, -0.00206779502332, 0.000398104253691, -0.000490442325827, -0.000244357128395, -0.00053898175247, 0.00386508228257, -0.00607392890379, 0.0131601812318, -0.00678791897371, 0.00438632722944, -0.00157062464859, -0.00160164991394], [-0.000370157387806, 0.00271303229965, -0.000980152515694, 0.00100211775862, 0.000475207110867, 0.00034253206104, -0.000850537326187, 0.00187325209845, -0.00678791897371, 0.0178688596934, -0.0083537241444, 0.003165157279, 0.00125554576516], [0.000620682956651, -0.00224510300905, 0.00129902153276, -0.000418262090534, 6.73228059895e-05, 0.00018013746012, 4.27812483395e-05, -0.000877497310285, 0.00438632722944, -0.0083537241444, 0.0133693432435, -0.00453510321677, -0.0010556668276], [-0.000324339373037, 0.00228851032443, -0.00121165043674, 0.0027359102387, -0.000574946287088, 0.000692209403496, -0.000972312467638, 0.000906261208002, -0.00157062464859, 0.003165157279, -0.00453510321677, 0.0189261939377, -0.00214598025195], [0.00065726460889, -0.00136656803079, 0.00165505555924, -0.00137701397762, 0.000653615861665, -0.000991949927993, 0.0016202267725, -0.00114092917647, -0.00160164991394, 0.00125554576516, -0.0010556668276, -0.00214598025195, 0.0159733723849]]
    },
    "melbands": {
        "dmean": [0.000754992535803, 0.00217093108222, 0.00189758988563, 0.000823279493488, 0.000187197365449, 0.000194155785721, 0.000170877887285, 0.000130310028908, 7.96911408543e-05, 6.12303629168e-05, 8.38205451146e-05, 5.72787539568e-05, 2.77712024399e-05, 1.87777604879e-05, 2.41796751652e-05, 1.68752812897e-05, 1.38757532113e-05, 2.47812513408e-05, 1.68238002516e-05, 1.27735575006e-05, 1.0447072782e-05, 9.10868766368e-06, 1.09335269372e-05, 9.99695203063e-06, 6.08346044828e-06, 4.3475865823e-06, 3.59565297003e-06, 2.79340815723e-06, 2.21249638344e-06, 1.62911419466e-06, 1.58675493367e-06, 1.87222440218e-06, 1.27573707687e-06, 1.05852871002e-06, 9.23161451283e-07, 8.4926028876e-07, 9.58614805313e-07, 7.85770282619e-07, 4.76124029092e-07, 2.77433514384e-07],
        "dmean2": [0.00120836100541, 0.00353995035402, 0.0030462613795, 0.00139582762495, 0.000296286103548, 0.000319360580761, 0.000285879534204, 0.000233813843806, 0.000134146626806, 9.80383192655e-05, 0.000133113760967, 9.06236673472e-05, 4.49150029453e-05, 2.90931275231e-05, 3.79569755751e-05, 2.76483024209e-05, 2.26067495532e-05, 4.18334711867e-05, 2.79941050394e-05, 1.98069010366e-05, 1.66344543686e-05, 1.46863358168e-05, 1.6688802134e-05, 1.50071637108e-05, 9.12446466828e-06, 6.5577373789e-06, 5.39385928278e-06, 4.07504558098e-06, 3.25217183672e-06, 2.4737869353e-06, 2.42619057644e-06, 2.83927988676e-06, 1.89202603451e-06, 1.56466876433e-06, 1.41005364185e-06, 1.29511602154e-06, 1.50494315676e-06, 1.20744732612e-06, 7.17895147773e-07, 4.12294383523e-07],
        "dvar": [1.3606157836e-06, 1.73580665432e-05, 1.42829894685e-05, 4.76840659758e-06, 9.89629711512e-08, 1.51079774469e-07, 1.34645304684e-07, 2.06676915582e-07, 5.45514140526e-08, 1.69377063486e-08, 5.35300976878e-08, 2.20596412248e-08, 1.17605249983e-08, 1.97544758329e-09, 5.77527226042e-09, 2.28072605246e-09, 1.00715635831e-09, 1.3065752924e-08, 4.8256185714e-09, 7.10740466481e-10, 6.34685748402e-10, 5.71234448632e-10, 1.07005337924e-09, 5.79785386368e-10, 2.57049465047e-10, 9.19145731748e-11, 5.22209324394e-11, 2.36712854179e-11, 1.88217375713e-11, 1.21512019197e-11, 1.52713744428e-11, 2.59709285327e-11, 1.09646510621e-11, 6.43445323065e-12, 1.33995583726e-11, 1.1571538866e-11, 1.01102737293e-11, 1.25525475431e-11, 2.05662526939e-12, 4.45325796638e-13],
        "dvar2": [3.14602175422e-06, 4.49516155641e-05, 3.81879763154e-05, 1.23766303659e-05, 2.46399253001e-07, 3.97843706423e-07, 3.53318483803e-07, 5.89627290992e-07, 1.17834673574e-07, 4.17069898617e-08, 1.27713832399e-07, 5.42165530248e-08, 2.96437381309e-08, 4.46217551797e-09, 1.49193155607e-08, 6.16776985041e-09, 2.52173970594e-09, 3.72189354891e-08, 1.37000872868e-08, 1.62659918868e-09, 1.67276725804e-09, 1.55584556349e-09, 2.58587751212e-09, 1.40740996635e-09, 6.32811913981e-10, 2.28548027725e-10, 1.27547930551e-10, 5.27311007359e-11, 4.05670184944e-11, 2.80487612303e-11, 3.38525318888e-11, 5.90200943673e-11, 2.29900785909e-11, 1.27579240575e-11, 3.25510417232e-11, 2.8730089488e-11, 2.63435419312e-11, 2.96383299847e-11, 4.65935319841e-12, 1.05698230116e-12],
        "max": [0.0186948999763, 0.0336798503995, 0.032792121172, 0.0221804380417, 0.00375440041535, 0.0052707423456, 0.0058539910242, 0.00650637410581, 0.00933514628559, 0.00179757457227, 0.00637152791023, 0.00187335745431, 0.00232936441898, 0.000613022595644, 0.0014906792203, 0.000751553743612, 0.000366646883776, 0.00226981961168, 0.00168960425071, 0.00034455457353, 0.000317104626447, 0.000361381709808, 0.000688207976054, 0.0004377225996, 0.000268471805612, 0.000135156878969, 9.46543950704e-05, 5.80426858505e-05, 6.26718756394e-05, 4.85508462589e-05, 5.97104808548e-05, 6.50608344586e-05, 4.26546102972e-05, 3.7328376493e-05, 0.000155287940288, 0.000145247366163, 7.9174831626e-05, 0.000145391721162, 3.1879699236e-05, 1.58494767675e-05],
        "mean": [0.0013418905437, 0.00344482366927, 0.00285300333053, 0.00085433392087, 0.000234034727328, 0.000226581716561, 0.000184447460924, 0.000106595092802, 9.13127005333e-05, 7.40119503462e-05, 9.79646720225e-05, 6.45704058115e-05, 3.0577491998e-05, 2.19238008867e-05, 2.77339986496e-05, 1.85248172784e-05, 1.62381129485e-05, 2.62077592197e-05, 1.99981659534e-05, 1.8398546672e-05, 1.39377289088e-05, 1.19879478007e-05, 1.51807716975e-05, 1.45343192344e-05, 8.65508445713e-06, 6.70151848681e-06, 6.03779153607e-06, 4.64989579996e-06, 3.32477793563e-06, 2.25216308536e-06, 2.03627996598e-06, 2.26546490012e-06, 1.66892641573e-06, 1.48289439039e-06, 1.3259360685e-06, 1.22270728298e-06, 1.32228399252e-06, 1.12250279471e-06, 6.78234130191e-07, 4.05415761406e-07],
        "median": [0.00055105832871, 0.00133077823557, 0.0012692543678, 0.000225497075007, 0.000109335749585, 9.15939017432e-05, 4.58315844298e-05, 1.65130149981e-05, 1.10926048364e-05, 1.19429350889e-05, 1.67180915014e-05, 8.71763313626e-06, 3.36727271133e-06, 3.03709452965e-06, 3.71615101358e-06, 2.8550703064e-06, 2.49023332799e-06, 3.4528679862e-06, 2.70290479421e-06, 2.92297227134e-06, 2.67075779448e-06, 2.60858723777e-06, 2.92123263534e-06, 2.66453321274e-06, 2.07398852581e-06, 1.90427010693e-06, 1.68233020759e-06, 1.41811017329e-06, 9.99953726932e-07, 8.13438077785e-07, 6.22547418061e-07, 5.52234212137e-07, 4.2561143232e-07, 3.55663559048e-07, 3.37786588034e-07, 3.53281734533e-07, 3.22297381672e-07, 2.21144446755e-07, 1.46585833249e-07, 9.59853991844e-08],
        "min": [1.30689592203e-23, 3.11715988561e-23, 1.55812603224e-23, 4.65121974378e-24, 2.89949493917e-24, 4.15983552491e-24, 8.08277296453e-24, 9.00129735902e-24, 1.34118328796e-23, 1.26939465789e-23, 1.48848618039e-23, 1.08593724466e-23, 7.80771767727e-24, 9.76907674541e-24, 9.38416389963e-24, 6.72030999588e-24, 8.65719465445e-24, 4.95241196499e-24, 8.50839734392e-24, 1.46225071772e-23, 1.83512033961e-23, 1.14416724903e-23, 8.51583235795e-24, 6.52144131712e-24, 4.02067415034e-24, 5.94846679254e-24, 1.10026445753e-23, 1.04580260504e-23, 1.08852762721e-23, 7.37891418843e-24, 1.69789214758e-23, 1.42443619691e-23, 5.46529816556e-24, 9.05684342194e-24, 1.46117991793e-23, 9.20412454181e-24, 6.48317959106e-24, 1.12341381745e-23, 1.3620350905e-23, 1.10397754693e-23],
        "var": [4.24961581302e-06, 2.75888196484e-05, 1.75050936377e-05, 3.82837697543e-06, 1.16574341291e-07, 1.61655350439e-07, 1.49778912828e-07, 1.35456232897e-07, 1.3939325072e-07, 2.67150426225e-08, 8.10101212778e-08, 2.5266169601e-08, 1.26252075461e-08, 2.98378677321e-09, 5.9761600113e-09, 2.35481945055e-09, 1.27293886543e-09, 8.50667358776e-09, 3.54971874117e-09, 1.40958889006e-09, 9.18126130678e-10, 6.35481167688e-10, 1.28326604898e-09, 8.8075802207e-10, 3.24412857688e-10, 1.45001316509e-10, 1.16311939247e-10, 5.57847969207e-11, 3.5485708122e-11, 1.84071317216e-11, 2.1689794058e-11, 3.22785340123e-11, 1.60951755396e-11, 1.05305174303e-11, 2.3210929706e-11, 2.21555950669e-11, 1.68932159927e-11, 2.51363964365e-11, 4.03616896849e-12, 7.30882639566e-13]
    },
    "mfcc": {
        "mean": [-688.350280762, 113.253555298, 26.1989097595, 37.9660224915, 15.5600337982, 7.24718475342, 4.43822097778, 7.76836395264, 0.848819255829, 4.17561674118, -3.54824709892, -2.12015867233, -5.02933216095],
        "cov": [[6625.73583984, -442.065948486, -1469.43518066, -131.946060181, -206.145263672, -205.973876953, -303.994659424, -43.1814193726, -27.6672000885, 40.2120666504, -50.6482543945, -142.298538208, -154.651504517], [-442.065948486, 1169.36340332, 226.716140747, 1.28532087803, 21.6002101898, 65.4385070801, 121.143333435, 40.4218406677, -27.5735931396, -60.8993797302, 3.82086348534, 37.6597137451, 21.0382461548], [-1469.43518066, 226.716140747, 1359.07531738, 194.691482544, 99.8318099976, 220.71031189, 68.0748672485, 7.0270986557, 38.7963981628, -80.887550354, 63.8472862244, 27.1529579163, 47.1725616455], [-131.946060181, 1.28532087803, 194.691482544, 435.243560791, 174.064834595, 18.1091308594, 3.41942572594, -11.7812814713, 8.67795181274, 12.7070236206, -17.8318252563, -21.0304698944, -2.7021882534], [-206.145263672, 21.6002101898, 99.8318099976, 174.064834595, 281.331207275, 81.7954406738, -2.79672956467, 10.1302833557, 27.4775600433, 25.1715698242, -17.1307182312, -16.584438324, -7.52403068542], [-205.973876953, 65.4385070801, 220.71031189, 18.1091308594, 81.7954406738, 212.845993042, 89.7203826904, 46.1067008972, 27.6565666199, -18.3620452881, 23.8157615662, -2.88726830482, -8.58526515961], [-303.994659424, 121.143333435, 68.0748672485, 3.41942572594, -2.79672956467, 89.7203826904, 243.574783325, 69.2635116577, -14.9554424286, -3.65561699867, 7.06382369995, 22.3648662567, -10.4608774185], [-43.1814193726, 40.4218406677, 7.0270986557, -11.7812814713, 10.1302833557, 46.1067008972, 69.2635116577, 139.207183838, 48.2466583252, -4.07630777359, 9.95845413208, -14.0083417892, -11.6932020187], [-27.6672000885, -27.5735931396, 38.7963981628, 8.67795181274, 27.4775600433, 27.6565666199, -14.9554424286, 48.2466583252, 122.364974976, 39.1160354614, -1.97608101368, -12.3613624573, -0.73807734251], [40.2120666504, -60.8993797302, -80.887550354, 12.7070236206, 25.1715698242, -18.3620452881, -3.65561699867, -4.07630777359, 39.1160354614, 95.3511352539, 9.62965106964, 5.00069379807, -0.708286762238], [-50.6482543945, 3.82086348534, 63.8472862244, -17.8318252563, -17.1307182312, 23.8157615662, 7.06382369995, 9.95845413208, -1.97608101368, 9.62965106964, 79.4614181519, 21.2249336243, 2.05640530586], [-142.298538208, 37.6597137451, 27.1529579163, -21.0304698944, -16.584438324, -2.88726830482, 22.3648662567, -14.0083417892, -12.3613624573, 5.00069379807, 21.2249336243, 88.3986587524, 39.092590332], [-154.651504517, 21.0382461548, 47.1725616455, -2.7021882534, -7.52403068542, -8.58526515961, -10.4608774185, -11.6932020187, -0.73807734251, -0.708286762238, 2.05640530586, 39.092590332, 80.036315918]],
