{
"lowlevel": {
    "average_loudness": 0.775659382343,
    "barkbands_crest": {
        "dmean": 2.70611214638,
        "dmean2": 4.3365855217,
        "dvar": 7.96968126297,
        "dvar2": 21.2002296448,
        "max": 26.4479045868,
        "mean": 13.5560035706,
        "median": 13.2695264816,
        "min": 2.26847863197,
        "var": 26.1056785583
    },
    "barkbands_flatness_db": {
        "dmean": 0.0335176698864,
        "dmean2": 0.0508860014379,
        "dvar": 0.00107325916179,
        "dvar2": 0.00228293822147,
        "max": 0.613783180714,
        "mean": 0.262335598469,
        "median": 0.230381011963,
        "min": 0.0354225412011,
        "var": 0.0205772034824
    },
    "barkbands_kurtosis": {
        "dmean": 6.8796672821,
        "dmean2": 11.2797870636,
        "dvar": 197.59336853,
        "dvar2": 548.816711426,
        "max": 201.623321533,
        "mean": 9.31104755402,
        "median": 2.84512042999,
        "min": -1.87138831615,
        "var": 327.44744873
    },
    "barkbands_skewness": {
        "dmean": 0.762582480907,
        "dmean2": 1.17779386044,
        "dvar": 0.965274751186,
        "dvar2": 2.52553224564,
        "max": 11.799079895,
        "mean": 2.13246893883,
        "median": 1.63445675373,
        "min": -2.04562950134,
        "var": 2.96269631386
    },
    "barkbands_spread": {
        "dmean": 5.6241736412,
        "dmean2": 8.3089132309,
        "dvar": 80.7074737549,
        "dvar2": 157.403198242,
        "max": 95.0172195435,
        "mean": 14.5412626266,
        "median": 7.13163661957,
        "min": 0.83182322979,
        "var": 266.229614258
    },
    "dissonance": {
        "dmean": 0.0300003066659,
        "dmean2": 0.0489823482931,
        "dvar": 0.000924844469409,
        "dvar2": 0.00233710487373,
        "max": 0.499993741512,
        "mean": 0.417535990477,
        "median": 0.442219942808,
        "min": 0.133286744356,
        "var": 0.00538557395339
    },
    "dynamic_complexity": 4.97699022293,
    "erbbands_crest": {
        "dmean": 2.50390458107,
        "dmean2": 3.92890143394,
        "dvar": 6.75970649719,
        "dvar2": 16.1515884399,
        "max": 27.8247108459,
        "mean": 10.6955213547,
        "median": 10.1357803345,
        "min": 2.61148524284,
        "var": 22.5651912689
    },
    "erbbands_flatness_db": {
        "dmean": 0.0197328589857,
        "dmean2": 0.0289091337472,
        "dvar": 0.000466093129944,
        "dvar2": 0.000852278375532,
        "max": 0.561765313148,
        "mean": 0.254594773054,
        "median": 0.181437328458,
        "min": 0.0668541863561,
        "var": 0.0223460961133
    },
    "erbbands_kurtosis": {
        "dmean": 1.05376303196,
        "dmean2": 1.6570212841,
        "dvar": 2.04011011124,
        "dvar2": 4.57318401337,
        "max": 15.7760810852,
        "mean": 0.494858592749,
        "median": -0.236174345016,
        "min": -1.73785114288,
        "var": 4.55951118469
    },
    "erbbands_skewness": {
        "dmean": 0.410420179367,
        "dmean2": 0.609738469124,
        "dvar": 0.203301474452,
        "dvar2": 0.418254196644,
        "max": 3.32352733612,
        "mean": 0.553128659725,
        "median": 0.559042036533,
        "min": -2.54501652718,
        "var": 0.631766915321
    },
    "erbbands_spread": {
        "dmean": 9.54800605774,
        "dmean2": 14.2493333817,
        "dvar": 159.188873291,
        "dvar2": 346.992095947,
        "max": 143.665023804,
        "mean": 34.0212135315,
        "median": 26.4110546112,
        "min": 1.96867311001,
        "var": 663.930664062
    },
    "hfc": {
        "dmean": 7.55963611603,
        "dmean2": 11.2210359573,
        "dvar": 231.684524536,
        "dvar2": 545.696472168,
        "max": 167.155426025,
        "mean": 14.7143468857,
        "median": 6.33028650284,
        "min": 1.08546206782e-16,
        "var": 465.28894043
    },
    "melbands_crest": {
        "dmean": 2.96818804741,
        "dmean2": 4.7625246048,
        "dvar": 9.40481185913,
        "dvar2": 23.8190536499,
        "max": 37.5703086853,
        "mean": 17.3160190582,
        "median": 17.2967586517,
        "min": 1.82187366486,
        "var": 33.6320495605
    },
    "melbands_flatness_db": {
        "dmean": 0.0402700863779,
        "dmean2": 0.0599149502814,
        "dvar": 0.00161964679137,
        "dvar2": 0.00336090335622,
        "max": 0.714153170586,
        "mean": 0.32778224349,
        "median": 0.305853188038,
        "min": 0.00385708478279,
        "var": 0.0260982662439
    },
    "melbands_kurtosis": {
        "dmean": 14.639093399,
        "dmean2": 24.2316379547,
        "dvar": 969.196716309,
        "dvar2": 2744.88647461,
        "max": 368.928222656,
        "mean": 22.1220798492,
        "median": 7.2150888443,
        "min": -1.86935341358,
        "var": 1580.51074219
    },
    "melbands_skewness": {
        "dmean": 0.945395767689,
        "dmean2": 1.46821475029,
        "dvar": 1.68227875233,
        "dvar2": 4.34466838837,
        "max": 14.8678045273,
        "mean": 3.05528616905,
        "median": 2.35061740875,
        "min": -0.515249669552,
        "var": 5.20185852051
    },
    "melbands_spread": {
        "dmean": 5.91792631149,
        "dmean2": 8.72427654266,
        "dvar": 108.288490295,
        "dvar2": 203.777023315,
        "max": 183.981079102,
        "mean": 15.044760704,
        "median": 8.42343521118,
        "min": 0.642274796963,
        "var": 341.991577148
    },
    "pitch_salience": {
        "dmean": 0.0747215673327,
        "dmean2": 0.118061460555,
        "dvar": 0.00644757039845,
        "dvar2": 0.0162335727364,
        "max": 0.85057592392,
        "mean": 0.484870731831,
        "median": 0.469198167324,
        "min": 0.0669497027993,
        "var": 0.0176042281091
    },
    "silence_rate_20dB": {
        "dmean": 0,
        "dmean2": 0,
        "dvar": 0,
        "dvar2": 0,
        "max": 1,
        "mean": 1,
        "median": 1,
        "min": 1,
        "var": 0
    },
    "silence_rate_30dB": {
        "dmean": 0.0201238393784,
        "dmean2": 0.0402632579207,
        "dvar": 0.0197186116129,
        "dvar2": 0.0494808591902,
        "max": 1,
        "mean": 0.984912931919,
        "median": 1,
        "min": 0,
        "var": 0.0148596316576
    },
    "silence_rate_60dB": {
        "dmean": 0.00967492256314,
        "dmean2": 0.0193573366851,
        "dvar": 0.00958120077848,
        "dvar2": 0.0228534005582,
        "max": 1,
        "mean": 0.338104456663,
        "median": 0,
        "min": 0,
        "var": 0.223793536425
    },
    "spectral_centroid": {
        "dmean": 267.749938965,
        "dmean2": 399.229003906,
        "dvar": 176091.890625,
        "dvar2": 313272.125,
        "max": 11617.3144531,
        "mean": 1020.88092041,
        "median": 676.336120605,
        "min": 226.027420044,
        "var": 698929.6875
    },
    "spectral_complexity": {
        "dmean": 4.01277112961,
        "dmean2": 5.67557096481,
        "dvar": 37.2279014587,
        "dvar2": 66.7177581787,
        "max": 61,
        "mean": 12.5253381729,
        "median": 8,
        "min": 0,
        "var": 137.763046265
    },
    "spectral_decrease": {
        "dmean": 3.17084136725e-09,
        "dmean2": 5.42075317966e-09,
        "dvar": 3.0503893127e-17,
        "dvar2": 9.00495615477e-17,
        "max": 3.99157256454e-29,
        "mean": -7.00397384534e-09,
        "median": -3.95507715467e-09,
        "min": -4.93162133353e-08,
        "var": 6.74685829987e-17
    },
    "spectral_energy": {
        "dmean": 0.012416029349,
        "dmean2": 0.0211064945906,
        "dvar": 0.000452618987765,
        "dvar2": 0.00133122480474,
        "max": 0.190267845988,
        "mean": 0.0277692805976,
        "median": 0.0167117528617,
        "min": 1.01558561813e-20,
        "var": 0.00101209373679
    },
    "spectral_energyband_high": {
        "dmean": 0.000532733742148,
        "dmean2": 0.000743615382817,
        "dvar": 1.4300917428e-06,
        "dvar2": 2.69817701337e-06,
        "max": 0.0224750898778,
        "mean": 0.000845164177008,
        "median": 8.8935092208e-05,
        "min": 7.36855397719e-21,
        "var": 3.68573591913e-06
    },
    "spectral_energyband_low": {
        "dmean": 0.0089693441987,
        "dmean2": 0.0155682712793,
        "dvar": 0.000332639552653,
        "dvar2": 0.00096474844031,
        "max": 0.17107963562,
        "mean": 0.0162920802832,
        "median": 0.0028111403808,
        "min": 4.55243266477e-23,
        "var": 0.000687030667905
    },
    "spectral_energyband_middle_high": {
        "dmean": 0.00197279010899,
        "dmean2": 0.00311727565713,
        "dvar": 2.25747044169e-05,
        "dvar2": 5.87695321883e-05,
        "max": 0.0525826662779,
        "mean": 0.00286002969369,
        "median": 0.000772621482611,
        "min": 1.42633281416e-21,
        "var": 2.8869471862e-05
    },
    "spectral_energyband_middle_low": {
        "dmean": 0.00574764981866,
        "dmean2": 0.00963537674397,
        "dvar": 0.000205685617402,
        "dvar2": 0.000543325906619,
        "max": 0.136260256171,
        "mean": 0.00895066279918,
        "median": 0.00492458138615,
        "min": 2.31768242722e-22,
        "var": 0.000193073457922
    },
    "spectral_entropy": {
        "dmean": 0.229491829872,
        "dmean2": 0.333866119385,
        "dvar": 0.068285740912,
        "dvar2": 0.135633170605,
        "max": 9.81621742249,
        "mean": 6.87619400024,
        "median": 7.2634305954,
        "min": 4.37465047836,
        "var": 1.34151363373
    },
    "spectral_flux": {
        "dmean": 0.0259823724627,
        "dmean2": 0.0395722799003,
        "dvar": 0.00142217054963,
        "dvar2": 0.00272980937734,
        "max": 0.366579324007,
        "mean": 0.0778273940086,
        "median": 0.0631608515978,
        "min": 6.49853920676e-11,
        "var": 0.00569626735523
    },
    "spectral_kurtosis": {
        "dmean": 16.4821949005,
        "dmean2": 28.7103691101,
        "dvar": 1402.0559082,
        "dvar2": 4085.45922852,
        "max": 523.868591309,
        "mean": 50.3732261658,
        "median": 4.55454969406,
        "min": -1.23326587677,
        "var": 9457.34082031
    },
    "spectral_rms": {
        "dmean": 0.000889737799298,
        "dmean2": 0.00145170954056,
        "dvar": 1.66519157574e-06,
        "dvar2": 4.5526694521e-06,
        "max": 0.0136245060712,
        "mean": 0.00430210353807,
        "median": 0.0040378398262,
        "min": 3.14772166665e-12,
        "var": 8.58388648339e-06
    },
    "spectral_rolloff": {
        "dmean": 463.380554199,
        "dmean2": 742.366455078,
        "dvar": 1025042.4375,
        "dvar2": 1973206.125,
        "max": 19379.8828125,
        "mean": 1156.67199707,
        "median": 732.12890625,
        "min": 21.533203125,
        "var": 2522841.5
    },
    "spectral_skewness": {
        "dmean": 0.790671288967,
        "dmean2": 1.32629752159,
        "dvar": 1.79718279839,
        "dvar2": 5.09615659714,
        "max": 18.0560302734,
        "mean": 3.54847836494,
        "median": 1.68415236473,
        "min": -0.054076820612,
        "var": 16.7748470306
    },
    "spectral_spread": {
        "dmean": 597580.75,
        "dmean2": 901721.625,
        "dvar": 909676118016,
        "dvar2": 1.75107879731e+12,
        "max": 41336332,
        "mean": 3563239.5,
        "median": 3881631.75,
        "min": 145061.796875,
        "var": 6.61352297267e+12
    },
    "spectral_strongpeak": {
        "dmean": 0.242088720202,
        "dmean2": 0.409112423658,
        "dvar": 0.164437577128,
        "dvar2": 0.43417173624,
        "max": 4.98229694366,
        "mean": 0.536214768887,
        "median": 0.40250813961,
        "min": 0,
        "var": 0.252499550581
    },
    "zerocrossingrate": {
        "dmean": 0.0104574197903,
        "dmean2": 0.0113637391478,
        "dvar": 0.000302093627397,
        "dvar2": 0.000371432484826,
        "max": 0.50830078125,
        "mean": 0.0442390367389,
        "median": 0.0302734375,
        "min": 0,
        "var": 0.00175123952795
    },
    "barkbands": {
        "dmean": [0.000944318075199, 0.0073312278837, 0.00219257408753, 0.00246427464299, 0.00141734094359, 0.00140723062214, 0.0011005923152, 0.000704718870111, 0.000631892296951, 0.000395522773033, 0.000380348763429, 0.000263608555542, 0.000340511120157, 0.000272537727142, 0.000219100926188, 0.000192163381143, 0.000144705933053, 0.00011766384705, 0.000183868964086, 0.000136243048473, 0.000143292534631, 0.000129291249323, 9.71130502876e-05, 7.35336434445e-05, 6.29227215541e-05, 1.66473691934e-05, 4.52338042578e-07],
        "dmean2": [0.00156915502157, 0.0122502781451, 0.00389590649866, 0.00452370941639, 0.00267209252343, 0.00237177498639, 0.00192077946849, 0.00119492074009, 0.00103610847145, 0.000627512403298, 0.000647344160825, 0.000442940276116, 0.000585441302974, 0.000458747352241, 0.00036105257459, 0.000317358295433, 0.000229550525546, 0.0001885213278, 0.000301828549709, 0.000211787526496, 0.000213587365579, 0.000192723717191, 0.00013917418255, 0.000110175758891, 9.0577013907e-05, 2.37138501689e-05, 7.11758843863e-07],
        "dvar": [4.98486133438e-06, 0.000257655687165, 2.75632355624e-05, 7.2360773629e-05, 3.04908862745e-05, 7.05605089024e-06, 8.02034355729e-06, 3.80585788662e-06, 2.73512227977e-06, 1.34796835027e-06, 9.40896825341e-07, 4.87420550144e-07, 1.08756364625e-06, 9.49262869199e-07, 4.14827354689e-07, 2.51556741659e-07, 1.08971072166e-07, 6.21699740577e-08, 2.35792157355e-07, 8.60850519757e-08, 1.16205512768e-07, 8.54879260714e-08, 6.4510928155e-08, 5.9651974027e-08, 4.85907811765e-08, 4.2787711152e-09, 3.90156179933e-12],
        "dvar2": [1.34601168611e-05, 0.000737013586331, 7.95582309365e-05, 0.000209771940717, 9.03037653188e-05, 1.8657066903e-05, 2.20526435442e-05, 9.74935937847e-06, 6.81418532622e-06, 3.22346977555e-06, 2.47233606387e-06, 1.24438895455e-06, 2.81553730019e-06, 2.50092330134e-06, 9.98863697532e-07, 6.33658260085e-07, 2.7383714496e-07, 1.41521141472e-07, 6.09083031122e-07, 2.02572593366e-07, 2.59747878317e-07, 1.84861917774e-07, 1.23303891542e-07, 1.19673629229e-07, 8.8349608518e-08, 7.73739650128e-09, 9.16948027924e-12],
        "max": [0.0206864569336, 0.158260807395, 0.0529113300145, 0.0999106019735, 0.0487003810704, 0.0306849479675, 0.0333494730294, 0.0281902458519, 0.0255855955184, 0.023147540167, 0.0100087970495, 0.00707243615761, 0.0116444630548, 0.010679833591, 0.00904445908964, 0.00743008684367, 0.00709877256304, 0.00225353543647, 0.00511207571253, 0.00390543136746, 0.00566611299291, 0.00432912399992, 0.00625096587464, 0.00664961524308, 0.00504473550245, 0.00235263467766, 4.16734619648e-05],
        "mean": [0.00120113173034, 0.0112181706354, 0.00275550037622, 0.00204605632462, 0.00108389533125, 0.00285394210368, 0.00132625317201, 0.000665650470182, 0.000857625913341, 0.000506618525833, 0.000403092300985, 0.000311252020765, 0.000325860368321, 0.000251521822065, 0.000232821534155, 0.000217891065404, 0.00019234798674, 0.000151131374878, 0.000230487697991, 0.000192289880943, 0.000205297881621, 0.000181977724424, 0.000143539058627, 0.00010242377175, 8.86850393726e-05, 2.3329650503e-05, 4.67544879257e-07],
        "median": [1.73996013473e-05, 0.000757343077566, 0.000381059886422, 0.00022481616179, 0.000173937893123, 0.00187164079398, 0.000453796761576, 2.22742201004e-05, 0.000275606289506, 0.000110101245809, 8.10132987681e-05, 9.46842701524e-05, 5.11775433552e-05, 3.43937172147e-05, 2.18371824303e-05, 2.76425398624e-05, 2.62633457169e-05, 2.65184353339e-05, 3.53564901161e-05, 2.90226616926e-05, 2.05641827051e-05, 1.4959839973e-05, 9.10757626116e-06, 5.44429303773e-06, 2.11965016206e-06, 4.11344899476e-07, 8.56844262209e-10],
        "min": [1.92545390627e-23, 2.02229967748e-23, 2.86759754568e-24, 5.15589902992e-24, 1.99316751757e-23, 2.3860841461e-23, 3.76648959827e-23, 1.77849195953e-23, 5.20105398034e-23, 6.68008550501e-23, 3.36642194563e-23, 2.69930909936e-23, 6.64979955714e-23, 3.1126801023e-23, 1.31616936063e-22, 9.85063234124e-23, 1.5615794444e-22, 1.71847441212e-22, 1.89131509863e-22, 3.45899855939e-22, 3.03476102903e-22, 3.98077842514e-22, 4.59659682167e-22, 7.39596857234e-22, 9.99668671929e-22, 1.54859398611e-21, 2.20561449937e-21],
        "var": [7.65759250498e-06, 0.000419125892222, 3.07554219035e-05, 4.75085289509e-05, 1.72160580405e-05, 1.0660434782e-05, 6.81145911585e-06, 3.8290604607e-06, 3.74138107873e-06, 1.93136042981e-06, 1.0105027286e-06, 5.3051883242e-07, 9.78682805908e-07, 8.24959840884e-07, 5.30454144609e-07, 3.52138528115e-07, 1.97422892256e-07, 9.38917636972e-08, 2.88227909095e-07, 1.55602435825e-07, 1.96608453962e-07, 1.69718461507e-07, 1.49296212726e-07, 9.89424719933e-08, 1.13220608e-07, 1.07891215961e-08, 5.18086268331e-12]
    },
    "erbbands": {
        "dmean": [0.259134113789, 1.56248235703, 2.21241497993, 6.4414358139, 5.62561893463, 4.26250839233, 5.75791931152, 13.8158721924, 14.6214866638, 17.6976261139, 13.8011379242, 13.5735549927, 12.9501562119, 13.7112932205, 14.5364580154, 10.0564470291, 14.0990743637, 16.7800769806, 9.14506053925, 12.3052034378, 9.5957698822, 8.25118637085, 5.96502542496, 8.59817409515, 8.25059986115, 6.48660850525, 6.05613613129, 5.44979095459, 4.51105833054, 3.92383384705, 2.53129243851, 1.46220719814, 1.35182511806, 0.84141600132, 0.391940236092, 0.107907064259, 0.0254569388926, 0.00294464617036, 7.06709834049e-05, 1.62058022397e-05],
        "dmean2": [0.433573842049, 2.6531727314, 3.89661359787, 11.7303419113, 10.3280448914, 8.0670337677, 10.1211156845, 23.1238441467, 24.9278812408, 31.3707904816, 23.1833190918, 21.92237854, 20.5245246887, 21.6851291656, 24.5378189087, 16.5780887604, 24.1530647278, 28.6471824646, 14.7225265503, 20.2343864441, 15.4039878845, 13.3264102936, 9.28536891937, 13.7663354874, 13.3544254303, 10.2576560974, 9.24424648285, 8.29197883606, 6.60126304626, 5.59667682648, 3.74286389351, 2.1614253521, 2.06003808975, 1.24033915997, 0.578532457352, 0.149272069335, 0.0370279625058, 0.00429281080142, 0.00010381283937, 2.66804217972e-05],
        "dvar": [0.287910729647, 13.8194961548, 25.0496292114, 464.197814941, 399.08807373, 313.410980225, 165.540863037, 753.06628418, 1267.42541504, 2810.59814453, 1611.57971191, 1445.31030273, 1293.34985352, 1573.92932129, 1611.02832031, 668.941833496, 1547.77966309, 4537.7734375, 654.342346191, 1265.53662109, 568.534057617, 365.18637085, 140.070770264, 526.555419922, 378.14276123, 215.613708496, 192.507614136, 168.911361694, 105.355079651, 85.1706161499, 48.5329742432, 15.5500841141, 27.5453491211, 8.71297931671, 2.32372331619, 0.189338997006, 0.0100058922544, 0.000111765148176, 5.3645280218e-08, 6.91051105228e-10],
        "dvar2": [0.838377654552, 39.6759567261, 72.4316940308, 1340.19274902, 1168.67675781, 918.793579102, 467.750518799, 1983.82128906, 3396.32104492, 7844.71240234, 4010.42089844, 3643.98461914, 3081.56591797, 3774.38842773, 4148.78808594, 1651.35302734, 3948.92480469, 12295.8769531, 1625.21740723, 3147.08398438, 1349.51000977, 940.740722656, 315.689544678, 1313.63293457, 934.413269043, 516.469970703, 435.380279541, 379.004455566, 220.491241455, 170.479125977, 95.962310791, 32.2367515564, 56.1916313171, 16.6478939056, 4.33546829224, 0.293788522482, 0.0198823697865, 0.00023196064285, 1.09408553328e-07, 1.84746407061e-09],
        "max": [4.4968047142, 39.4239654541, 50.7189178467, 240.774429321, 187.432769775, 169.850891113, 144.183166504, 300.987579346, 490.04095459, 609.754333496, 759.640136719, 700.770446777, 655.085327148, 738.328186035, 495.392059326, 312.705322266, 428.000701904, 800.596984863, 335.426757812, 601.264587402, 345.99508667, 426.125610352, 130.002670288, 276.561920166, 223.357070923, 196.976165771, 192.245056152, 217.157608032, 171.367507935, 142.566223145, 195.623580933, 75.0448379517, 158.186065674, 83.0446014404, 43.8118591309, 18.0070991516, 2.32387113571, 0.236779823899, 0.00462445896119, 0.000312530057272],
        "mean": [0.408881276846, 2.1837887764, 3.1507806778, 5.9694108963, 4.83384513855, 3.34986400604, 9.48045444489, 27.4223861694, 22.2127590179, 15.9288883209, 14.2240915298, 18.5055065155, 17.8809223175, 16.7656459808, 15.4057149887, 12.23163414, 14.9161882401, 14.5015563965, 10.2523794174, 12.9870872498, 12.0312004089, 11.18384552, 8.29855823517, 10.3258199692, 11.2019233704, 9.14750289917, 9.00849151611, 7.37982273102, 6.47327041626, 5.6678404808, 3.76640510559, 2.1815366745, 1.73252165318, 1.1149879694, 0.56023555994, 0.157328173518, 0.0340099595487, 0.00373594695702, 0.000101782825368, 3.698076398e-05],
        "median": [0.0202996730804, 0.218137383461, 0.562582075596, 1.19864416122, 0.70744228363, 0.696133255959, 5.20833063126, 17.9634227753, 10.2028512955, 2.05019855499, 1.43416237831, 5.7153468132, 4.77335977554, 3.1825799942, 3.32370233536, 3.68252491951, 3.17554950714, 1.43244969845, 1.52892196178, 1.39086794853, 1.47704172134, 1.57437062263, 1.66946983337, 1.57055032253, 1.79133367538, 1.29219031334, 1.02548933029, 0.649491548538, 0.56670320034, 0.400584101677, 0.233993977308, 0.136354476213, 0.0790300816298, 0.0310615301132, 0.0101343747228, 0.00250915577635, 0.000692145840731, 6.37766497675e-05, 1.7412863599e-05, 2.26213633141e-05],
        "min": [8.0267705298e-22, 4.24199422698e-21, 7.18528661948e-21, 1.76563349648e-20, 2.31871230343e-20, 9.86758228375e-20, 1.16120454496e-19, 2.01346049154e-19, 4.79209251801e-19, 6.5136399374e-19, 5.17909051855e-19, 8.43592031002e-19, 1.74284266728e-18, 1.23992771159e-18, 1.23681802948e-18, 1.37227423146e-18, 2.76428954182e-18, 2.19260185943e-18, 4.16368061492e-18, 4.63183878543e-18, 6.44232125217e-18, 9.37255604617e-18, 8.7146141054e-18, 9.70500737898e-18, 1.08722014095e-17, 1.68150118644e-17, 1.41251115022e-17, 9.75625948973e-18, 1.3884401944e-17, 1.86526084844e-17, 1.22558561986e-17, 1.41418949969e-17, 1.20099899964e-17, 1.13340626676e-17, 7.42203934635e-18, 4.82207791861e-18, 2.8005310128e-18, 1.00268796921e-18, 2.54950506474e-19, 3.02701381414e-20],
        "var": [0.547348856926, 18.2549285889, 33.838886261, 321.89440918, 248.217575073, 177.056671143, 162.346862793, 1099.04064941, 1349.67529297, 1983.82324219, 1701.44311523, 1825.82373047, 1936.33447266, 2470.58105469, 1582.54528809, 773.735290527, 1555.91906738, 3459.05371094, 809.803222656, 1626.4029541, 981.235412598, 622.413085938, 247.585327148, 633.239135742, 582.155822754, 369.918243408, 351.233306885, 272.252349854, 217.376739502, 187.078033447, 108.658935547, 34.1449394226, 38.8201179504, 16.0194702148, 5.7694478035, 0.57811999321, 0.0205596704036, 0.000195399479708, 1.04130172929e-07, 1.81451031978e-09]
    },
    "gfcc": {
        "mean": [-124.883743286, 136.057983398, -128.590393066, -4.12198543549, -65.6751785278, -4.9768409729, -33.7908630371, -4.159491539, -18.6745967865, 1.15177702904, 0.398439586163, 2.09318709373, 2.82137417793],
        "cov": [[34522.9179688, -9441.89355469, 3675.24072266, 12890.6220703, -563.569824219, 4222.31787109, 387.02532959, 3311.82666016, 97.7591400146, 1183.00061035, -1369.19909668, 667.135131836, -1294.03356934], [-9441.89355469, 4048.90283203, -1001.90844727, -4107.63476562, 426.524475098, -1303.82714844, -19.6648826599, -1005.27301025, 64.8426895142, -481.695922852, 462.067199707, -252.854980469, 364.972686768], [3675.24072266, -1001.90844727, 2107.41455078, 1974.02612305, 314.14465332, 1072.11962891, 149.147949219, 667.319335938, 105.488838196, 158.752471924, -176.571685791, 153.977355957, -315.32232666], [12890.6220703, -4107.63476562, 1974.02612305, 6272.22119141, -89.5248260498, 1892.94665527, 445.172027588, 1381.19567871, 181.098144531, 492.663421631, -493.691864014, 267.270050049, -428.613769531], [-563.569824219, 426.524475098, 314.14465332, -89.5248260498, 435.510162354, 86.8618469238, 48.7381782532, 76.3375854492, 87.5302047729, 1.07420516014, 37.6259727478, 5.08589744568, -26.4508991241], [4222.31787109, -1303.82714844, 1072.11962891, 1892.94665527, 86.8618469238, 955.701843262, 131.749649048, 565.973388672, 77.6602783203, 186.555419922, -174.035095215, 112.96812439, -248.389343262], [387.02532959, -19.6648826599, 149.147949219, 445.172027588, 48.7381782532, 131.749649048, 289.190368652, 76.5480270386, 46.3142433167, 29.5354671478, 14.5298061371, -0.345527529716, 12.5331172943], [3311.82666016, -1005.27301025, 667.319335938, 1381.19567871, 76.3375854492, 565.973388672, 76.5480270386, 503.668914795, 52.8648338318, 147.810760498, -140.529083252, 92.6148605347, -159.021835327], [97.7591400146, 64.8426895142, 105.488838196, 181.098144531, 87.5302047729, 77.6602783203, 46.3142433167, 52.8648338318, 138.570419312, 9.29179954529, 23.3089752197, 23.8934688568, 1.23511624336], [1183.00061035, -481.695922852, 158.752471924, 492.663421631, 1.07420516014, 186.555419922, 29.5354671478, 147.810760498, 9.29179954529, 144.133163452, -36.5403175354, 32.4903106689, -43.1876716614], [-1369.19909668, 462.067199707, -176.571685791, -493.691864014, 37.6259727478, -174.035095215, 14.5298061371, -140.529083252, 23.3089752197, -36.5403175354, 146.518035889, 3.68639564514, 77.5516433716], [667.135131836, -252.854980469, 153.977355957, 267.270050049, 5.08589744568, 112.96812439, -0.345527529716, 92.6148605347, 23.8934688568, 32.4903106689, 3.68639564514, 107.77910614, -28.9360122681], [-1294.03356934, 364.972686768, -315.32232666, -428.613769531, -26.4508991241, -248.389343262, 12.5331172943, -159.021835327, 1.23511624336, -43.1876716614, 77.5516433716, -28.9360122681, 165.292694092]],
        "icov": [[0.000328595895553, -0.000537026906386, 0.00043235431076, -0.00071962090442, 0.000491795537528, -0.000352360715624, 0.000615993048996, -0.000887851580046, 0.000701150624081, -0.000741963391192, 0.000775665743276, -0.000796306238044, 0.000662931648549], [-0.000537026906386, 0.00349026708864, -0.00133433821611, 0.00230458006263, -0.00233143288642, 0.00137878709938, -0.00249952822924, 0.00228021782823, -0.00295054353774, 0.00432185223326, -0.00312523380853, 0.00354810082354, -0.00115967739839], [0.00043235431076, -0.00133433821611, 0.00205914583057, -0.00122438347898, 0.000319490151014, -0.00195551500656, 0.00112455710769, -0.0015785995638, 0.00165014632512, -0.00107255938929, 0.00142345821951, -0.00206757918932, 0.00127048720606], [-0.00071962090442, 0.00230458006263, -0.00122438347898, 0.00270604668185, -0.0013067109976, 0.000513359264005, -0.0025025815703, 0.00153282412793, -0.00268799765036, 0.00262429867871, -0.00165977911092, 0.00244933646172, -0.00190106453374], [0.000491795537528, -0.00233143288642, 0.000319490151014, -0.0013067109976, 0.00518466345966, -0.00060236552963, 0.00140561594162, -0.00313788279891, 0.000227932847338, -0.00299413851462, 0.00125172769185, -0.00145943136886, 0.00139141955879], [-0.000352360715624, 0.00137878709938, -0.00195551500656, 0.000513359264005, -0.00060236552963, 0.00648217042908, -0.00159030768555, -0.000786563265137, -0.00207565701567, 0.000582888198551, -0.00166938896291, 0.00173632474616, 0.00206114538014], [0.000615993048996, -0.00249952822924, 0.00112455710769, -0.0025025815703, 0.00140561594162, -0.00159030768555, 0.00670390203595, -0.00198669685051, 0.00198138039559, -0.00303247082047, 0.000665153027512, -0.00127743079793, 7.01032404322e-05], [-0.000887851580046, 0.00228021782823, -0.0015785995638, 0.00153282412793, -0.00313788279891, -0.000786563265137, -0.00198669685051, 0.0116095794365, -0.0027201003395, 0.000743396463804, 0.000236249587033, 0.000331282004481, -0.00122493726667], [0.000701150624081, -0.00295054353774, 0.00165014632512, -0.00268799765036, 0.000227932847338, -0.00207565701567, 0.00198138039559, -0.0027201003395, 0.0125667536631, -0.00271104532294, 0.000640980608296, -0.00430844351649, 0.000474804633996], [-0.000741963391192, 0.00432185223326, -0.00107255938929, 0.00262429867871, -0.00299413851462, 0.000582888198551, -0.00303247082047, 0.000743396463804, -0.00271104532294, 0.0162043813616, -0.00518340850249, 0.00403274782002, -0.0018586141523], [0.000775665743276, -0.00312523380853, 0.00142345821951, -0.00165977911092, 0.00125172769185, -0.00166938896291, 0.000665153027512, 0.000236249587033, 0.000640980608296, -0.00518340850249, 0.0177032835782, -0.00824417453259, -0.00185509456787], [-0.000796306238044, 0.00354810082354, -0.00206757918932, 0.00244933646172, -0.00145943136886, 0.00173632474616, -0.00127743079793, 0.000331282004481, -0.00430844351649, 0.00403274782002, -0.00824417453259, 0.0171473231167, -0.000914486881811], [0.000662931648549, -0.00115967739839, 0.00127048720606, -0.00190106453374, 0.00139141955879, 0.00206114538014, 7.01032404322e-05, -0.00122493726667, 0.000474804633996, -0.0018586141523, -0.00185509456787, -0.000914486881811, 0.013651818037]]
    },
    "melbands": {
        "dmean": [0.00216615968384, 0.00134582829196, 0.00102608208545, 0.000356289325282, 0.000192865147255, 0.000300590501865, 0.000222570713959, 0.000187736062799, 0.00011133874068, 8.51279255585e-05, 6.5288382757e-05, 5.61064007343e-05, 5.20143294125e-05, 3.14484532282e-05, 3.16152072628e-05, 3.28360656567e-05, 3.13731179631e-05, 1.32765608214e-05, 1.8424627342e-05, 1.5155269466e-05, 1.06766829049e-05, 9.32216244109e-06, 6.27586996416e-06, 5.90428635405e-06, 7.2287830335e-06, 7.22127469999e-06, 5.15953206559e-06, 4.28705061495e-06, 4.04805177823e-06, 3.36397761203e-06, 3.38369704878e-06, 2.64496088676e-06, 2.58623663285e-06, 2.18072204916e-06, 1.56850023814e-06, 1.11578765427e-06, 8.41172322907e-07, 9.39116091558e-07, 9.67815140029e-07, 6.76309809933e-07],
        "dmean2": [0.00360234384425, 0.00230042333715, 0.00186384422705, 0.000668185995892, 0.00034236497595, 0.000503966060933, 0.000381970457966, 0.000331092567649, 0.000188647958566, 0.000137294147862, 0.00010389937961, 8.89846778591e-05, 8.85140980245e-05, 5.32500707777e-05, 5.37855194125e-05, 5.48851712665e-05, 5.41452136531e-05, 2.15562595258e-05, 3.00745123241e-05, 2.54976512224e-05, 1.7092888811e-05, 1.50743690028e-05, 9.92546210909e-06, 9.52941263677e-06, 1.16875471576e-05, 1.20682470879e-05, 8.11297741166e-06, 6.95055541655e-06, 6.42009672447e-06, 5.06980950377e-06, 5.31285832039e-06, 3.90229615732e-06, 4.00229100705e-06, 3.10252494273e-06, 2.31278772844e-06, 1.67335497281e-06, 1.2640193745e-06, 1.42385692925e-06, 1.44984835515e-06, 9.99446456262e-07],
        "dvar": [2.02884912142e-05, 9.80737058853e-06, 1.18119069157e-05, 1.8698351596e-06, 2.38455015733e-07, 3.47881496054e-07, 2.8684050335e-07, 2.96007186762e-07, 1.04987528005e-07, 5.35387165712e-08, 3.37256658156e-08, 2.67918220942e-08, 1.76988379508e-08, 8.68898730744e-09, 6.27123419861e-09, 1.25750805324e-08, 1.6336048958e-08, 1.43577183476e-09, 3.07105496589e-09, 1.73235858991e-09, 7.29976079583e-10, 4.90513296647e-10, 1.4826695427e-10, 1.90318302784e-10, 4.04100003459e-10, 3.00946489951e-10, 1.22208382303e-10, 1.02380735834e-10, 7.97011484588e-11, 8.21837181642e-11, 6.16694542654e-11, 3.71464491111e-11, 3.60156730828e-11, 2.89537803455e-11, 1.94329170811e-11, 1.04925703542e-11, 5.52072580359e-12, 1.51465489456e-11, 1.54821277326e-11, 5.85594983962e-12],
        "dvar2": [5.82304201089e-05, 2.85354035441e-05, 3.39013313351e-05, 5.51010953131e-06, 6.80388382079e-07, 9.13277460768e-07, 7.73554063471e-07, 8.19280842279e-07, 2.66005031335e-07, 1.32333738634e-07, 8.04139830279e-08, 6.45325215487e-08, 4.64313956172e-08, 2.2758303686e-08, 1.63129971753e-08, 3.22808766384e-08, 4.46877628235e-08, 3.48784801041e-09, 7.61444329811e-09, 4.4968615498e-09, 1.65313773781e-09, 1.2572529684e-09, 3.56897039699e-10, 4.54317250487e-10, 1.02042663208e-09, 7.73725750136e-10, 2.90142326831e-10, 2.51371479187e-10, 1.86832563309e-10, 1.94149515909e-10, 1.43627776339e-10, 8.10553013597e-11, 8.14930692372e-11, 5.77723285877e-11, 3.82337841942e-11, 2.30095855563e-11, 1.19625342618e-11, 3.27388290089e-11, 3.37790767579e-11, 1.16320052548e-11],
        "max": [0.0401010662317, 0.0301437750459, 0.0401403419673, 0.0112237408757, 0.00521115353331, 0.00664651254192, 0.00637786695734, 0.00548188015819, 0.00554931582883, 0.00390345416963, 0.00348882586695, 0.00301518756896, 0.00138189410791, 0.000991627690382, 0.00114012393169, 0.00134760257788, 0.00146332499571, 0.000548705342226, 0.000798619061243, 0.000544638081919, 0.000451722473372, 0.00046012349776, 0.000160182840773, 0.000145807338413, 0.000245352450293, 0.000200366746867, 0.0001397664455, 0.00014673685655, 0.000140466625453, 0.00015233681188, 0.000111076500616, 9.84495636658e-05, 7.7471791883e-05, 9.20788006624e-05, 0.00011267264199, 9.02921237866e-05, 5.19199347764e-05, 0.000131338179926, 0.000137973795063, 5.6514480093e-05],
        "mean": [0.00346045685001, 0.00209846394137, 0.000998570467345, 0.000283027737169, 0.000295515550533, 0.000611451396253, 0.000313102413202, 0.000165393081261, 0.000117578150821, 0.00011755466403, 8.9072753326e-05, 6.83733742335e-05, 5.55822662136e-05, 3.22511441482e-05, 3.86658139178e-05, 3.0084649552e-05, 2.63546608039e-05, 1.50919058797e-05, 1.88377980521e-05, 1.58366292453e-05, 1.35759337354e-05, 1.19254536912e-05, 8.5481278802e-06, 7.02979696143e-06, 8.3858412836e-06, 9.06489094632e-06, 6.8978215495e-06, 5.7962347455e-06, 5.85095085626e-06, 4.57899704998e-06, 4.25511143476e-06, 3.66247491002e-06, 3.48586195287e-06, 3.04717423205e-06, 2.29980514632e-06, 1.60020272233e-06, 1.21530990782e-06, 1.1925895933e-06, 1.15004536383e-06, 8.84024188963e-07],
        "median": [0.000187638084753, 0.000407139363233, 0.000221964059165, 4.36093105236e-05, 0.000154874782311, 0.000414319423726, 0.000138011033414, 9.93464891508e-06, 1.75508266693e-05, 3.67137799913e-05, 2.37788590312e-05, 1.36754142659e-05, 1.22784131236e-05, 5.53421568839e-06, 1.33630092023e-05, 3.08392100123e-06, 2.49584854828e-06, 2.63253582489e-06, 1.67878511093e-06, 1.91891763279e-06, 1.56051942213e-06, 1.58051977905e-06, 1.61106936503e-06, 1.24624318687e-06, 1.17895467611e-06, 1.37900576647e-06, 9.83427753454e-07, 7.86255554885e-07, 6.56344184335e-07, 4.59747099057e-07, 3.39108879643e-07, 3.18120640941e-07, 2.67147328259e-07, 1.97188953166e-07, 1.37137320166e-07, 1.00141100745e-07, 6.92540567115e-08, 5.75557770333e-08, 3.6038365181e-08, 2.16487290317e-08],
        "min": [7.94600657167e-24, 5.33228675061e-24, 2.69609504337e-24, 4.10643398036e-24, 4.3573808895e-24, 4.78074754898e-24, 8.00689795609e-24, 6.06433823217e-24, 4.31266628124e-24, 6.43766981101e-24, 8.90754834019e-24, 4.81105282394e-24, 5.01073245172e-24, 2.15056735626e-24, 3.345012024e-24, 7.476770806e-24, 2.37259403298e-24, 4.5331962916e-24, 8.78108368189e-24, 5.17738562883e-24, 6.37709436539e-24, 9.54339389562e-24, 8.77172463611e-24, 5.68184797822e-24, 7.25772543187e-24, 5.26225680704e-24, 9.86756287399e-24, 1.10329652331e-23, 8.23362604658e-24, 6.77098799816e-24, 4.92846569778e-24, 8.02489739536e-24, 8.01703639644e-24, 9.51549030768e-24, 5.54803034743e-24, 9.40609107735e-24, 8.10908384231e-24, 6.82921855474e-24, 1.20328811403e-23, 8.5480699477e-24],
        "var": [3.790806295e-05, 1.39438288898e-05, 8.32182377053e-06, 1.08156052647e-06, 1.98296362441e-07, 5.10218569616e-07, 2.85682858703e-07, 2.20558760589e-07, 1.06943396361e-07, 7.53085132033e-08, 4.95639689291e-08, 4.06899545169e-08, 1.74447691847e-08, 8.32287039287e-09, 6.72708155847e-09, 1.11258868785e-08, 1.2132695737e-08, 1.91507876224e-09, 3.74255071378e-09, 2.09081774116e-09, 1.3224268347e-09, 7.98658417178e-10, 2.69971572875e-10, 2.44381709313e-10, 4.59623172855e-10, 4.04442784818e-10, 2.12123540955e-10, 1.60896906909e-10, 1.45566447785e-10, 1.17753695683e-10, 9.14931949647e-11, 7.05751707075e-11, 6.69667932218e-11, 6.09197692292e-11, 4.21869275624e-11, 2.1127993452e-11, 1.07659185386e-11, 1.94837635609e-11, 1.97992958834e-11, 1.09811075164e-11]
    },
    "mfcc": {
        "mean": [-737.555725098, 137.656448364, 5.43405866623, 1.09930980206, -17.8832492828, -4.55143499374, -6.38432073593, -7.2292304039, -10.1204881668, -5.76291704178, -5.53758144379, -1.2842694521, 1.7832351923],
        "cov": [[21198.1425781, -4207.43212891, 1331.60644531, 5807.53076172, 2976.13476562, 1893.54101562, 1076.67480469, 2112.6484375, 1626.45532227, 1159.18457031, 792.729797363, 707.418212891, 599.376647949], [-4207.43212891, 1951.72094727, -414.26272583, -1270.71533203, -615.517456055, -387.843933105, -187.886032104, -367.035614014, -289.369415283, -207.839202881, -133.946487427, -123.503364563, -129.088348389], [1331.60644531, -414.26272583, 1145.10229492, 763.083374023, 398.279205322, 429.698059082, 284.738922119, 349.517425537, 188.88420105, 164.743896484, 141.599304199, 105.8279953, 55.0714302063], [5807.53076172, -1270.71533203, 763.083374023, 2464.69189453, 1165.96191406, 784.293395996, 478.145507812, 842.184570312, 607.971374512, 446.024200439, 272.451263428, 260.12677002, 215.982025146], [2976.13476562, -615.517456055, 398.279205322, 1165.96191406, 817.576049805, 415.565063477, 234.402832031, 407.178985596, 351.515228271, 246.761276245, 148.667327881, 136.161529541, 128.04737854], [1893.54101562, -387.843933105, 429.698059082, 784.293395996, 415.565063477, 450.298034668, 234.495819092, 325.165588379, 204.635421753, 178.878890991, 133.672073364, 100.943756104, 60.9591522217], [1076.67480469, -187.886032104, 284.738922119, 478.145507812, 234.402832031, 234.495819092, 246.560379028, 222.288742065, 132.836120605, 115.842842102, 92.365020752, 64.8506469727, 32.9816131592], [2112.6484375, -367.035614014, 349.517425537, 842.184570312, 407.178985596, 325.165588379, 222.288742065, 407.053314209, 250.372894287, 171.088531494, 124.545471191, 125.233978271, 83.8232803345], [1626.45532227, -289.369415283, 188.88420105, 607.971374512, 351.515228271, 204.635421753, 132.836120605, 250.372894287, 239.934692383, 149.049987793, 84.1564331055, 82.695350647, 65.5243225098], [1159.18457031, -207.839202881, 164.743896484, 446.024200439, 246.761276245, 178.878890991, 115.842842102, 171.088531494, 149.049987793, 159.972915649, 83.1224060059, 46.2633323669, 34.285358429], [792.729797363, -133.946487427, 141.599304199, 272.451263428, 148.667327881, 133.672073364, 92.365020752, 124.545471191, 84.1564331055, 83.1224060059, 107.614768982, 61.5876350403, 29.1914215088], [707.418212891, -123.503364563, 105.8279953, 260.12677002, 136.161529541, 100.943756104, 64.8506469727, 125.233978271, 82.695350647, 46.2633323669, 61.5876350403, 102.731361389, 57.7355613708], [599.376647949, -129.088348389, 55.0714302063, 215.982025146, 128.04737854, 60.9591522217, 32.9816131592, 83.8232803345, 65.5243225098, 34.285358429, 29.1914215088, 57.7355613708, 79.2096176147]],
