{
"lowlevel": {
    "average_loudness": 0.727920055389,
    "barkbands_crest": {
        "dmean": 3.01678037643,
        "dmean2": 4.78701877594,
        "dvar": 11.5500402451,
        "dvar2": 26.4858875275,
        "max": 26.5965118408,
        "mean": 11.2555303574,
        "median": 8.06026077271,
        "min": 2.03467655182,
        "var": 54.8359527588
    },
    "barkbands_flatness_db": {
        "dmean": 0.0281887091696,
        "dmean2": 0.0417118631303,
        "dvar": 0.00101533334237,
        "dvar2": 0.00207865191624,
        "max": 0.428555428982,
        "mean": 0.120282173157,
        "median": 0.0870005264878,
        "min": 0.0139849418774,
        "var": 0.00687381532043
    },
    "barkbands_kurtosis": {
        "dmean": 11.0220279694,
        "dmean2": 18.0812263489,
        "dvar": 1518.28417969,
        "dvar2": 4209.16992188,
        "max": 912.351135254,
        "mean": 13.9147138596,
        "median": -0.565675973892,
        "min": -1.88302409649,
        "var": 1786.28686523
    },
    "barkbands_skewness": {
        "dmean": 1.03071820736,
        "dmean2": 1.57502520084,
        "dvar": 2.41928815842,
        "dvar2": 5.77495622635,
        "max": 27.5335254669,
        "mean": 2.00766253471,
        "median": 0.651961743832,
        "min": -2.53720569611,
        "var": 9.81962203979
    },
    "barkbands_spread": {
        "dmean": 10.3364286423,
        "dmean2": 16.2628612518,
        "dvar": 121.801818848,
        "dvar2": 247.97328186,
        "max": 110.806381226,
        "mean": 43.2613296509,
        "median": 45.7817955017,
        "min": 0.324878513813,
        "var": 681.190063477
    },
    "dissonance": {
        "dmean": 0.0130249131471,
        "dmean2": 0.0216855164617,
        "dvar": 0.000212333354284,
        "dvar2": 0.000565471651498,
        "max": 0.499976456165,
        "mean": 0.477426022291,
        "median": 0.483361393213,
        "min": 0.353025376797,
        "var": 0.000385426770663
    },
    "dynamic_complexity": 4.83672857285,
    "erbbands_crest": {
        "dmean": 2.4582567215,
        "dmean2": 4.02863740921,
        "dvar": 6.18477773666,
        "dvar2": 15.7457895279,
        "max": 27.9203891754,
        "mean": 7.98677682877,
        "median": 7.00846242905,
        "min": 2.56428217888,
        "var": 13.9189434052
    },
    "erbbands_flatness_db": {
        "dmean": 0.0165796391666,
        "dmean2": 0.0239048805088,
        "dvar": 0.000239820379647,
        "dvar2": 0.000489715894219,
        "max": 0.237731322646,
        "mean": 0.115409202874,
        "median": 0.111978262663,
        "min": 0.0395176447928,
        "var": 0.000992260873318
    },
    "erbbands_kurtosis": {
        "dmean": 1.03473973274,
        "dmean2": 1.67994213104,
        "dvar": 1.753875494,
        "dvar2": 4.15823793411,
        "max": 15.6219043732,
        "mean": 0.323542743921,
        "median": -0.440765142441,
        "min": -1.85888910294,
        "var": 4.62380981445
    },
    "erbbands_skewness": {
        "dmean": 0.446519583464,
        "dmean2": 0.683084785938,
        "dvar": 0.197569027543,
        "dvar2": 0.43889182806,
        "max": 2.59833931923,
        "mean": -0.447997242212,
        "median": -0.393342405558,
        "min": -3.18555116653,
        "var": 0.914351761341
    },
    "erbbands_spread": {
        "dmean": 14.4907064438,
        "dmean2": 22.4362335205,
        "dvar": 246.182281494,
        "dvar2": 521.344482422,
        "max": 172.011657715,
        "mean": 63.4825325012,
        "median": 53.7680244446,
        "min": 13.2705116272,
        "var": 1023.69354248
    },
    "hfc": {
        "dmean": 13.1518650055,
        "dmean2": 18.8348751068,
        "dvar": 481.766723633,
        "dvar2": 930.435546875,
        "max": 248.48928833,
        "mean": 28.1515693665,
        "median": 16.3858795166,
        "min": 1.90854734683e-05,
        "var": 1090.07702637
    },
    "melbands_crest": {
        "dmean": 3.86795163155,
        "dmean2": 6.18672895432,
        "dvar": 16.6178951263,
        "dvar2": 36.433807373,
        "max": 36.7373199463,
        "mean": 17.076631546,
        "median": 14.8533363342,
        "min": 3.58178758621,
        "var": 71.3668899536
    },
    "melbands_flatness_db": {
        "dmean": 0.0349429398775,
        "dmean2": 0.0500500313938,
        "dvar": 0.00154439546168,
        "dvar2": 0.00283748283982,
        "max": 0.534182190895,
        "mean": 0.174467384815,
        "median": 0.128661110997,
        "min": 0.0198372043669,
        "var": 0.0134615963325
    },
    "melbands_kurtosis": {
        "dmean": 37.9872817993,
        "dmean2": 59.0640487671,
        "dvar": 6331.01269531,
        "dvar2": 15591.3105469,
        "max": 796.104003906,
        "mean": 66.0802764893,
        "median": 5.28010749817,
        "min": -1.75180888176,
        "var": 16914.6484375
    },
    "melbands_skewness": {
        "dmean": 1.59158825874,
        "dmean2": 2.3123691082,
        "dvar": 5.47560787201,
        "dvar2": 11.5014057159,
        "max": 25.1311454773,
        "mean": 4.80101633072,
        "median": 2.31812930107,
        "min": -1.12505495548,
        "var": 27.5722923279
    },
    "melbands_spread": {
        "dmean": 15.0660104752,
        "dmean2": 23.3345394135,
        "dvar": 379.337036133,
        "dvar2": 802.481262207,
        "max": 231.190414429,
        "mean": 50.9896278381,
        "median": 48.33020401,
        "min": 0.315376996994,
        "var": 1873.67675781
    },
    "pitch_salience": {
        "dmean": 0.0876617133617,
        "dmean2": 0.141444310546,
        "dvar": 0.00963574275374,
        "dvar2": 0.022747669369,
        "max": 0.821925282478,
        "mean": 0.507370889187,
        "median": 0.580702960491,
        "min": 0.029329052195,
        "var": 0.0392443463206
    },
    "silence_rate_20dB": {
        "dmean": 0.0108359130099,
        "dmean2": 0.0216802172363,
        "dvar": 0.0107186418027,
        "dvar2": 0.0266300402582,
        "max": 1,
        "mean": 0.99187618494,
        "median": 1,
        "min": 0,
        "var": 0.00805782992393
    },
    "silence_rate_30dB": {
        "dmean": 0.104489162564,
        "dmean2": 0.209059238434,
        "dvar": 0.0935732349753,
        "dvar2": 0.19941920042,
        "max": 1,
        "mean": 0.766344308853,
        "median": 1,
        "min": 0,
        "var": 0.179060414433
    },
    "silence_rate_60dB": {
        "dmean": 0.0495356023312,
        "dmean2": 0.0987224131823,
        "dvar": 0.0470835492015,
        "dvar2": 0.107560180128,
        "max": 1,
        "mean": 0.234042555094,
        "median": 0,
        "min": 0,
        "var": 0.17926928401
    },
    "spectral_centroid": {
        "dmean": 406.439239502,
        "dmean2": 635.995910645,
        "dvar": 179227.578125,
        "dvar2": 397640.0625,
        "max": 4550.02685547,
        "mean": 2289.84130859,
        "median": 2345.19726562,
        "min": 251.38999939,
        "var": 865459.75
    },
    "spectral_complexity": {
        "dmean": 3.8432662487,
        "dmean2": 5.44289588928,
        "dvar": 26.7322349548,
        "dvar2": 37.9594268799,
        "max": 61,
        "mean": 12.637137413,
        "median": 8,
        "min": 0,
        "var": 139.093017578
    },
    "spectral_decrease": {
        "dmean": 6.22237905645e-09,
        "dmean2": 9.86752013432e-09,
        "dvar": 1.72031597494e-16,
        "dvar2": 4.29829066076e-16,
        "max": -2.77693901936e-16,
        "mean": -1.29005597316e-08,
        "median": -2.24033480656e-09,
        "min": -1.35041375415e-07,
        "var": 3.90863062343e-16
    },
    "spectral_energy": {
        "dmean": 0.0242191683501,
        "dmean2": 0.0382983312011,
        "dvar": 0.00249238917604,
        "dvar2": 0.00619149580598,
        "max": 0.514216899872,
        "mean": 0.0512431822717,
        "median": 0.0108007034287,
        "min": 2.77918887903e-09,
        "var": 0.00572215206921
    },
    "spectral_energyband_high": {
        "dmean": 0.00118992419448,
        "dmean2": 0.00180072907824,
        "dvar": 4.43372528025e-06,
        "dvar2": 8.99391397979e-06,
        "max": 0.0228440705687,
        "mean": 0.00233591208234,
        "median": 0.00131606380455,
        "min": 1.78650727545e-09,
        "var": 8.8930619313e-06
    },
    "spectral_energyband_low": {
        "dmean": 0.0216218233109,
        "dmean2": 0.0344684459269,
        "dvar": 0.00248093786649,
        "dvar2": 0.0064775487408,
        "max": 0.504011571407,
        "mean": 0.0391504876316,
        "median": 0.00107376358937,
        "min": 4.77791070597e-11,
        "var": 0.00510155130178
    },
    "spectral_energyband_middle_high": {
        "dmean": 0.00137443351559,
        "dmean2": 0.00196412578225,
        "dvar": 8.01139231044e-06,
        "dvar2": 1.37560391522e-05,
        "max": 0.0467297919095,
        "mean": 0.00288477516733,
        "median": 0.000920879829209,
        "min": 8.66784921616e-10,
        "var": 2.60536653514e-05
    },
    "spectral_energyband_middle_low": {
        "dmean": 0.00635867938399,
        "dmean2": 0.0108451591805,
        "dvar": 0.000244531256612,
        "dvar2": 0.000663123151753,
        "max": 0.134084716439,
        "mean": 0.00719263218343,
        "median": 0.00196835189126,
        "min": 1.18828294426e-10,
        "var": 0.000209290214116
    },
    "spectral_entropy": {
        "dmean": 0.14816428721,
        "dmean2": 0.229586735368,
        "dvar": 0.0242870580405,
        "dvar2": 0.0565615072846,
        "max": 8.97412490845,
        "mean": 8.10536384583,
        "median": 8.1393289566,
        "min": 7.01763010025,
        "var": 0.0826565101743
    },
    "spectral_flux": {
        "dmean": 0.0403537675738,
        "dmean2": 0.0619845576584,
        "dvar": 0.00433899834752,
        "dvar2": 0.00954375043511,
        "max": 0.532068371773,
        "mean": 0.100069761276,
        "median": 0.0676782429218,
        "min": 5.27180127392e-05,
        "var": 0.00861710309982
    },
    "spectral_kurtosis": {
        "dmean": 0.551254093647,
        "dmean2": 0.867439687252,
        "dvar": 0.240297481418,
        "dvar2": 0.59331291914,
        "max": 6.51535320282,
        "mean": 1.58778762817,
        "median": 1.42918491364,
        "min": -0.670549869537,
        "var": 1.07888555527
    },
    "spectral_rms": {
        "dmean": 0.00136105646379,
        "dmean2": 0.00206517684273,
        "dvar": 4.68707958134e-06,
        "dvar2": 1.00064271464e-05,
        "max": 0.0223981030285,
        "mean": 0.00539144035429,
        "median": 0.00324611645192,
        "min": 1.64663413216e-06,
        "var": 2.09256413655e-05
    },
    "spectral_rolloff": {
        "dmean": 995.053283691,
        "dmean2": 1593.92321777,
        "dvar": 2085963.125,
        "dvar2": 4200735.5,
        "max": 13113.7207031,
        "mean": 4133.65429688,
        "median": 4198.97460938,
        "min": 64.599609375,
        "var": 12156893
    },
    "spectral_skewness": {
        "dmean": 0.144299507141,
        "dmean2": 0.213615775108,
        "dvar": 0.0163607858121,
        "dvar2": 0.03592511639,
        "max": 1.89891290665,
        "mean": 0.946267902851,
        "median": 0.948488235474,
        "min": 0.0337403714657,
        "var": 0.110433384776
    },
    "spectral_spread": {
        "dmean": 853317.875,
        "dmean2": 1228837.375,
        "dvar": 803507208192,
        "dvar2": 1.62007141581e+12,
        "max": 16776121,
        "mean": 6944014.5,
        "median": 6760390.5,
        "min": 3060765.25,
        "var": 2.73475960832e+12
    },
    "spectral_strongpeak": {
        "dmean": 0.396663993597,
        "dmean2": 0.669264554977,
        "dvar": 0.355581074953,
        "dvar2": 0.871725440025,
        "max": 7.83142089844,
        "mean": 0.636987388134,
        "median": 0.356007009745,
        "min": 0,
        "var": 0.539588630199
    },
    "zerocrossingrate": {
        "dmean": 0.020545983687,
        "dmean2": 0.0233796555549,
        "dvar": 0.000396352988901,
        "dvar2": 0.00041978340596,
        "max": 0.3427734375,
        "mean": 0.131215244532,
        "median": 0.1337890625,
        "min": 0.00537109375,
        "var": 0.00629354454577
    },
    "barkbands": {
        "dmean": [0.00159566430375, 0.0211264174432, 0.00193957460579, 0.00188237405382, 0.00241099460982, 0.00109215162229, 0.000302100233966, 0.000741084862966, 0.00110133702401, 0.000262254034169, 0.00033378470107, 0.000203223404242, 0.000182371004485, 0.000152151289512, 0.000126747865579, 0.000124204147141, 0.000178939677426, 0.00017400503566, 0.000154129797011, 0.000250429526204, 0.00020556790696, 0.000283176632365, 0.00024153557024, 0.000277938874206, 0.000212638376979, 0.000118018040666, 3.207161717e-05],
        "dmean2": [0.00245268596336, 0.0346755981445, 0.00344972033054, 0.00362458336167, 0.00434235762805, 0.00173889659345, 0.000489769154228, 0.00114937697072, 0.00171155331191, 0.000424503436079, 0.000515912601259, 0.000313432799885, 0.000278696621535, 0.000241379515501, 0.000198082896532, 0.000179431735887, 0.000281924207229, 0.000259504682617, 0.000235209940001, 0.000417287985329, 0.000305571273202, 0.000453669432318, 0.000376474723453, 0.00046249202569, 0.000334973796271, 0.000168119702721, 4.51793530374e-05],
        "dvar": [8.73003318702e-06, 0.00246427976526, 2.82908804365e-05, 4.57801979792e-05, 5.12585174874e-05, 1.2170107766e-05, 1.37184713367e-06, 6.02651380177e-06, 1.9686844098e-05, 4.64376796572e-07, 1.16612193324e-06, 3.96737817709e-07, 3.80651442811e-07, 2.18467818058e-07, 1.55847033056e-07, 1.47232185554e-07, 1.02455381068e-07, 1.48741534645e-07, 1.16493666269e-07, 2.49883811421e-07, 1.29174424046e-07, 3.60977310265e-07, 1.44511574263e-07, 2.79920158164e-07, 1.42286566529e-07, 3.99842789989e-08, 2.83442957993e-09],
        "dvar2": [1.87968871614e-05, 0.00663720164448, 7.77418827056e-05, 0.000134201109177, 0.000147127138916, 2.84658799501e-05, 3.31532601194e-06, 1.39662088259e-05, 4.81935458083e-05, 1.13200849228e-06, 2.62529397332e-06, 8.90717046786e-07, 8.56649023717e-07, 5.27889483237e-07, 3.47017987679e-07, 3.00720330415e-07, 2.4147266231e-07, 3.3042135783e-07, 2.74534329492e-07, 6.03925684572e-07, 2.56261188269e-07, 8.64251148869e-07, 2.89954982691e-07, 6.92309299666e-07, 3.5644850982e-07, 8.01475437129e-08, 5.24442400618e-09],
        "max": [0.0242589581758, 0.472799152136, 0.0503576993942, 0.0593196451664, 0.0632772445679, 0.0574898757041, 0.0437195189297, 0.0547604821622, 0.103272736073, 0.0126273036003, 0.0182225815952, 0.0147706400603, 0.0119357574731, 0.00847972463816, 0.00793333351612, 0.0107795111835, 0.00477627199143, 0.00629279948771, 0.00428820447996, 0.00484565692022, 0.00408865697682, 0.00773487100378, 0.00454899296165, 0.00444202916697, 0.00345351500437, 0.00177440140396, 0.000468430866022],
        "mean": [0.00213399645872, 0.0349495969713, 0.00179188617039, 0.00126469740644, 0.00225451588631, 0.00126244954299, 0.000299957377138, 0.000847953779157, 0.00118088303134, 0.000366772233974, 0.000427835766459, 0.000238216656726, 0.000210785859963, 0.000194146603462, 0.000180698203621, 0.000192331324797, 0.000358992692782, 0.000285110872937, 0.00025503890356, 0.000346954911947, 0.000357542332495, 0.000531886063982, 0.000491639075335, 0.000367562053725, 0.000244662543992, 0.000160647759913, 4.58680697193e-05],
        "median": [0.000426384678576, 0.000228309771046, 0.000323793152347, 0.000140196978464, 0.000679169199429, 0.00010100135114, 6.1412640207e-05, 5.12753504154e-05, 8.14820959931e-05, 0.000115078597446, 3.25938963215e-05, 2.39562778006e-05, 1.59502069437e-05, 3.40967526427e-05, 2.04783573281e-05, 1.88918093045e-05, 0.000106639039586, 7.49185855966e-05, 0.000114936272439, 0.0001373138075, 0.000202332608751, 0.000329369067913, 0.000325808592606, 0.00012696540216, 6.06739486102e-05, 4.5108517952e-05, 1.59564206115e-05],
        "min": [6.80660497583e-14, 1.86705035113e-12, 2.3487971984e-11, 4.1295918074e-11, 1.35719109562e-11, 1.72659039843e-11, 2.58957438826e-11, 1.94617013477e-11, 1.24585357222e-12, 1.67054304417e-13, 6.66577730513e-12, 1.37133941355e-11, 4.37588992819e-11, 8.20631063103e-11, 1.23474119818e-10, 8.54967138753e-11, 2.40541253582e-10, 3.06040089104e-11, 8.93395080137e-11, 2.47382836438e-10, 1.67090480341e-10, 2.64048921617e-10, 1.78905099069e-10, 3.39429928609e-10, 2.60729854373e-10, 3.06119102289e-10, 2.1375099607e-11],
        "var": [1.6226344087e-05, 0.00458431616426, 2.19041685341e-05, 2.53875641647e-05, 3.39106991305e-05, 1.68791248143e-05, 1.32640911943e-06, 8.41201017465e-06, 2.16769203689e-05, 8.05721299457e-07, 2.36669097831e-06, 5.83873656979e-07, 5.2328783795e-07, 2.88844773877e-07, 3.31753255978e-07, 4.31982982718e-07, 3.10812907856e-07, 3.36877235441e-07, 1.84375750223e-07, 3.59759127377e-07, 2.62536104856e-07, 5.69821224872e-07, 3.38090359264e-07, 3.65290560467e-07, 1.65046913025e-07, 6.15827957517e-08, 4.63729454836e-09]
    },
    "erbbands": {
        "dmean": [0.772244989872, 4.29439783096, 2.41165018082, 4.48508262634, 8.75620365143, 6.58061313629, 9.56639099121, 7.75717830658, 4.21250295639, 6.18777608871, 23.0787563324, 23.4121417999, 10.1359891891, 12.6931810379, 8.96415996552, 8.50429725647, 8.00325012207, 6.94161653519, 6.9855594635, 6.44132232666, 6.84027481079, 10.8668069839, 8.68923091888, 9.28279304504, 9.40832328796, 10.8848285675, 6.12284183502, 10.8029222488, 8.86532974243, 9.08743953705, 6.96232509613, 5.94387054443, 4.56203079224, 2.67389798164, 1.31177186966, 0.729210793972, 0.15893688798, 0.0442181192338, 0.00481011765078, 0.000286501541268],
        "dmean2": [1.21801733971, 7.15561389923, 3.94574809074, 8.51125717163, 16.5369663239, 11.6590156555, 15.0236387253, 12.5613708496, 7.07968091965, 9.60489177704, 36.0755195618, 36.9237670898, 15.9817047119, 19.4174633026, 13.153178215, 12.6919221878, 12.1478404999, 11.0056180954, 10.5142030716, 9.72179317474, 9.86737918854, 17.0331535339, 12.6486301422, 14.6993846893, 15.2597999573, 17.6337299347, 9.1296377182, 17.10962677, 14.4276123047, 13.9114294052, 11.0525655746, 9.79028320312, 7.61452150345, 4.30337953568, 1.98331844807, 1.05536580086, 0.219937056303, 0.0622835345566, 0.00673755211756, 0.000428378552897],
        "dvar": [3.20413756371, 107.324798584, 33.3956260681, 233.254806519, 953.642883301, 354.141143799, 565.006652832, 942.078552246, 503.849700928, 413.494720459, 6363.19921875, 11682.2138672, 839.762084961, 1548.5748291, 652.52154541, 775.785583496, 726.172912598, 475.297851562, 472.43661499, 353.771270752, 402.782684326, 394.804656982, 382.183074951, 403.063781738, 360.898071289, 457.409790039, 122.391807556, 404.09954834, 269.027496338, 363.725097656, 126.692878723, 123.781661987, 80.6996917725, 25.0459766388, 4.96248483658, 1.51817536354, 0.0642777010798, 0.00710526108742, 6.05243949394e-05, 1.65886149261e-07],
        "dvar2": [8.20232772827, 296.21572876, 77.6530227661, 675.562011719, 2780.52905273, 997.696777344, 1336.49584961, 2227.890625, 1266.48217773, 952.43536377, 15883.8623047, 29014.1640625, 1916.24353027, 3683.37939453, 1235.4621582, 1643.08093262, 1648.61828613, 1199.21508789, 1104.46813965, 752.303039551, 772.631347656, 918.96862793, 831.95123291, 1026.42163086, 795.686584473, 1022.26928711, 230.137878418, 915.69543457, 615.605651855, 829.105712891, 270.626251221, 288.281799316, 205.931427002, 64.4287414551, 12.0091648102, 3.31171774864, 0.112934678793, 0.0142524987459, 9.77533709374e-05, 3.08375689428e-07],
        "max": [19.4507255554, 106.033805847, 56.1883010864, 137.232269287, 229.188095093, 179.159591675, 428.105895996, 580.369873047, 908.155456543, 670.446594238, 1522.6595459, 2456.0690918, 477.173706055, 732.261901855, 599.558227539, 757.930664062, 593.098449707, 398.802825928, 399.217681885, 381.436889648, 678.42199707, 328.458129883, 411.18560791, 286.271087646, 194.54624939, 267.460266113, 164.818603516, 205.428924561, 204.052307129, 254.223464966, 114.356544495, 107.428787231, 70.0801315308, 48.762802124, 18.8262386322, 11.1289148331, 2.17796039581, 0.664945363998, 0.0600327923894, 0.00340482592583],
        "mean": [1.33438873291, 6.4516582489, 3.63684034348, 3.27523374557, 6.68905258179, 6.39572668076, 11.494392395, 8.35220909119, 4.17584085464, 7.4211974144, 25.895778656, 25.3639621735, 13.5484809875, 16.5869750977, 13.0577201843, 10.4030485153, 9.76910972595, 9.17794704437, 9.56318473816, 10.1852664948, 11.6525001526, 22.5614089966, 15.5795440674, 15.2970247269, 14.1814842224, 15.7598905563, 12.2521047592, 16.7798786163, 17.3292045593, 18.3338546753, 13.3589000702, 9.13177585602, 5.29818058014, 2.96048283577, 1.57683062553, 0.906722962856, 0.235117077827, 0.0548516027629, 0.00673438468948, 0.000551514618564],
        "median": [0.00865784008056, 0.0616107322276, 0.358439385891, 0.509546995163, 1.72420942783, 1.51971113682, 1.20080804825, 0.792985439301, 1.03961312771, 0.841632246971, 1.28851056099, 1.61625897884, 3.73472952843, 2.89404845238, 1.52570593357, 0.983165740967, 0.837395250797, 1.42135035992, 1.58715844154, 1.00299525261, 2.17848515511, 5.97330665588, 4.58469676971, 6.90077352524, 5.30232620239, 6.09029912949, 7.11243057251, 8.71002197266, 10.7572975159, 11.8726596832, 8.54256343842, 3.87144565582, 1.43197226524, 0.68947738409, 0.385027945042, 0.23277720809, 0.0764120742679, 0.0119153810665, 0.00182894873433, 0.000316298392136],
        "min": [5.10146785926e-11, 7.80864650718e-10, 1.82932744508e-08, 9.70782707554e-08, 1.02630743015e-07, 2.50373979327e-08, 6.26560137107e-08, 1.67537237417e-07, 2.43824871404e-07, 6.01870340233e-07, 2.33405089034e-07, 4.22285104662e-08, 1.25647359184e-08, 2.9065262197e-08, 5.6470673826e-07, 6.39653478629e-07, 1.77446406724e-06, 4.14706119045e-06, 7.20379421182e-06, 3.31513797391e-06, 5.51649145564e-06, 1.57104987011e-05, 2.88904129775e-06, 2.09249742511e-06, 7.87790941104e-06, 1.36197641041e-05, 6.29176383882e-06, 6.85284021529e-06, 7.70903170633e-06, 1.14756121548e-05, 4.28861494584e-06, 6.93979927746e-06, 5.17476428286e-06, 1.8386224383e-06, 2.38527354668e-06, 1.04396826828e-06, 8.15092676021e-07, 4.96038765618e-08, 2.37695427785e-08, 3.14672177204e-09],
        "var": [6.48881244659, 182.599441528, 56.5608024597, 135.341171265, 535.591247559, 271.587219238, 829.799255371, 1189.54333496, 428.596374512, 565.338806152, 7805.93505859, 11918.7255859, 1186.95080566, 2697.0871582, 1752.52160645, 1177.82470703, 1004.53314209, 702.917175293, 734.436035156, 981.448059082, 1263.7545166, 1266.16955566, 996.322143555, 614.324951172, 581.133605957, 776.29901123, 294.278076172, 634.844116211, 510.165557861, 631.623046875, 264.189422607, 198.173446655, 87.6430969238, 26.2196712494, 6.56030750275, 2.14009571075, 0.115185275674, 0.00972768478096, 0.000106158615381, 3.74727704866e-07]
    },
    "gfcc": {
        "mean": [1.11838066578, 19.9544086456, -81.6423339844, 46.3835372925, -61.8978309631, 15.7140159607, -26.7465572357, 11.7567415237, -20.0332965851, -3.73195385933, -19.4058322906, 7.32334518433, -11.5716714859],
        "cov": [[4161.32324219, 682.437438965, 207.675720215, 31.4840755463, 122.573478699, 145.318206787, 71.7453765869, 290.008392334, 137.915084839, 147.037322998, 118.493423462, 66.3640289307, 129.901199341], [682.437438965, 989.545959473, 166.951751709, 345.880432129, 127.192382812, 136.882583618, 104.932678223, 147.688461304, 114.305534363, -26.6103916168, 74.4772491455, 51.6065826416, 37.1907501221], [207.675720215, 166.951751709, 1105.97644043, 445.305206299, 365.455505371, 132.133346558, 158.42300415, 109.196052551, 62.5321884155, 82.1360168457, 38.8649520874, 29.3389663696, 60.7970428467], [31.4840755463, 345.880432129, 445.305206299, 803.536865234, 105.683959961, 113.276596069, 119.362480164, 84.9453887939, 52.451751709, -28.5151538849, -12.5144748688, 44.1550292969, 23.524679184], [122.573478699, 127.192382812, 365.455505371, 105.683959961, 511.607208252, 108.509460449, 115.123138428, 109.521385193, 123.138954163, 55.4539222717, 52.5211524963, 3.98799824715, 66.1007614136], [145.318206787, 136.882583618, 132.133346558, 113.276596069, 108.509460449, 273.108093262, 105.133102417, 68.2938308716, 59.5675849915, 13.7864789963, 15.9290628433, 15.748415947, 6.40323019028], [71.7453765869, 104.932678223, 158.42300415, 119.362480164, 115.123138428, 105.133102417, 238.295181274, 58.2735939026, 36.2340393066, 37.5230445862, 35.1290740967, 1.82195878029, 2.44104194641], [290.008392334, 147.688461304, 109.196052551, 84.9453887939, 109.521385193, 68.2938308716, 58.2735939026, 180.086334229, 61.1935958862, 6.83732223511, 24.9374961853, 24.6360225677, 29.0948143005], [137.915084839, 114.305534363, 62.5321884155, 52.451751709, 123.138954163, 59.5675849915, 36.2340393066, 61.1935958862, 156.331207275, 42.8592834473, 28.3720016479, 4.03226280212, 36.8798408508], [147.037322998, -26.6103916168, 82.1360168457, -28.5151538849, 55.4539222717, 13.7864789963, 37.5230445862, 6.83732223511, 42.8592834473, 174.955505371, 59.1761512756, -4.40348720551, 25.5046596527], [118.493423462, 74.4772491455, 38.8649520874, -12.5144748688, 52.5211524963, 15.9290628433, 35.1290740967, 24.9374961853, 28.3720016479, 59.1761512756, 120.625289917, 26.1009311676, 20.8591842651], [66.3640289307, 51.6065826416, 29.3389663696, 44.1550292969, 3.98799824715, 15.748415947, 1.82195878029, 24.6360225677, 4.03226280212, -4.40348720551, 26.1009311676, 79.6423568726, 33.3421516418], [129.901199341, 37.1907501221, 60.7970428467, 23.524679184, 66.1007614136, 6.40323019028, 2.44104194641, 29.0948143005, 36.8798408508, 25.5046596527, 20.8591842651, 33.3421516418, 87.6389770508]],
        "icov": [[0.00031882309122, -0.000217323336983, -4.97256187373e-05, 0.000126865226775, 0.000122542798636, -5.97816215304e-05, 6.80759330862e-05, -0.000413009460317, 6.78149444866e-05, -0.000268505420536, 2.73490113614e-05, 5.83315340918e-05, -0.000311844545649], [-0.000217323336983, 0.00161889044102, 0.000135335401865, -0.000623187981546, -2.59516018559e-05, -0.000201191491215, -0.000125923936139, -0.000313679716783, -0.000663975719362, 0.000800487876404, -0.00100008421578, -9.76859591901e-05, 0.000172090120031], [-4.97256187373e-05, 0.000135335401865, 0.00162610237021, -0.000830585544463, -0.00101574521977, -0.000106727609818, -0.000161897682119, -9.54474307946e-05, 0.000690831395332, -0.000644695188385, 8.38044070406e-05, -0.000110881948785, -0.000159582865308], [0.000126865226775, -0.000623187981546, -0.000830585544463, 0.00210628751665, 0.000424466852564, -0.000109656080895, -0.00050156499492, -0.000136896516779, -0.000368017877918, 0.000304819288431, 0.000851821096148, -0.00074536842294, -1.85054304893e-05], [0.000122542798636, -2.59516018559e-05, -0.00101574521977, 0.000424466852564, 0.00361350621097, -0.000360496953363, -0.000641167978756, -0.000866691931151, -0.00166375585832, 0.000415149290347, -0.000684638449457, 0.00127705698833, -0.00171702436637], [-5.97816215304e-05, -0.000201191491215, -0.000106727609818, -0.000109656080895, -0.000360496953363, 0.00503219431266, -0.00160451175179, -0.000522329821251, -0.00113138044253, 2.22292164835e-05, 0.000569191703107, -0.00111062545329, 0.00115648377687], [6.80759330862e-05, -0.000125923936139, -0.000161897682119, -0.00050156499492, -0.000641167978756, -0.00160451175179, 0.0060251057148, -0.000869501091074, 0.000525404640939, -0.000893574091606, -0.00107789109461, 0.00072674913099, 0.000940156111028], [-0.000413009460317, -0.000313679716783, -9.54474307946e-05, -0.000136896516779, -0.000866691931151, -0.000522329821251, -0.000869501091074, 0.0083925742656, -0.00167624338064, 0.000937787757721, -0.000125582591863, -0.00151680002455, -0.000182452684385], [6.78149444866e-05, -0.000663975719362, 0.000690831395332, -0.000368017877918, -0.00166375585832, -0.00113138044253, 0.000525404640939, -0.00167624338064, 0.0100809819996, -0.00196871976368, -0.000166985963006, 0.00165141327307, -0.00257765455171], [-0.000268505420536, 0.000800487876404, -0.000644695188385, 0.000304819288431, 0.000415149290347, 2.22292164835e-05, -0.000893574091606, 0.000937787757721, -0.00196871976368, 0.00857143010944, -0.00400790153071, 0.00206750445068, -0.00167611672077], [2.73490113614e-05, -0.00100008421578, 8.38044070406e-05, 0.000851821096148, -0.000684638449457, 0.000569191703107, -0.00107789109461, -0.000125582591863, -0.000166985963006, -0.00400790153071, 0.0123587734997, -0.00441497564316, 0.000618357211351], [5.83315340918e-05, -9.76859591901e-05, -0.000110881948785, -0.00074536842294, 0.00127705698833, -0.00111062545329, 0.00072674913099, -0.00151680002455, 0.00165141327307, 0.00206750445068, -0.00441497564316, 0.0181789174676, -0.00732870912179], [-0.000311844545649, 0.000172090120031, -0.000159582865308, -1.85054304893e-05, -0.00171702436637, 0.00115648377687, 0.000940156111028, -0.000182452684385, -0.00257765455171, -0.00167611672077, 0.000618357211351, -0.00732870912179, 0.0173737760633]]
    },
    "melbands": {
        "dmean": [0.00641829008237, 0.00257795746438, 0.000922560342588, 0.000572210701648, 0.000313660391839, 0.00017974403454, 6.27219778835e-05, 7.55508954171e-05, 0.000215474370634, 0.000139535943163, 4.92589788337e-05, 5.01090471516e-05, 3.61439560947e-05, 2.20290621655e-05, 2.38527518377e-05, 1.54835306603e-05, 1.32110544655e-05, 1.21579896586e-05, 1.0015764019e-05, 8.3506156443e-06, 8.40431675897e-06, 1.17442268674e-05, 1.01329605968e-05, 7.8619341366e-06, 8.07575179351e-06, 5.49117521587e-06, 1.17096597023e-05, 6.10608367424e-06, 3.76390676138e-06, 4.49490062238e-06, 7.96240419731e-06, 5.65076879866e-06, 5.81515450904e-06, 5.11083499077e-06, 4.71014027426e-06, 3.57168437404e-06, 3.75805279873e-06, 3.49770834873e-06, 2.74672174783e-06, 2.1205446501e-06],
        "dmean2": [0.0104522434995, 0.00421251170337, 0.00174846604932, 0.0010546593694, 0.000495451677125, 0.000287006871076, 0.000104089696833, 0.000116339542728, 0.000340151018463, 0.000218629647861, 7.81584676588e-05, 7.64151409385e-05, 5.43049136468e-05, 3.32731106027e-05, 3.65259111277e-05, 2.39604250964e-05, 2.11272381421e-05, 1.85832577699e-05, 1.57901868079e-05, 1.22813680719e-05, 1.23465106299e-05, 1.88281483133e-05, 1.55212692334e-05, 1.2024278476e-05, 1.31041479108e-05, 8.34208640299e-06, 2.01398270292e-05, 9.62934154813e-06, 5.66618837183e-06, 6.73788554195e-06, 1.31943497763e-05, 9.49572586251e-06, 9.06406330614e-06, 7.96933090896e-06, 7.67233996157e-06, 5.8877808442e-06, 6.2389390223e-06, 6.01493547947e-06, 4.43713815912e-06, 3.41755298905e-06],
        "dvar": [0.000225646188483, 3.68071778212e-05, 1.01481382444e-05, 3.55287920684e-06, 5.32048773039e-07, 4.42018261992e-07, 1.03744781654e-07, 6.12433765923e-08, 6.00034582021e-07, 4.27186847674e-07, 1.87019271181e-08, 2.33255015303e-08, 1.25213670543e-08, 4.61771065829e-09, 5.29325916432e-09, 3.23197801855e-09, 1.74579040113e-09, 1.60765845081e-09, 1.07433206775e-09, 7.02828129029e-10, 6.26651064373e-10, 4.92215324055e-10, 5.15620268704e-10, 3.02723512924e-10, 3.0057856204e-10, 1.44070866348e-10, 6.41180109007e-10, 1.47794013139e-10, 4.60456568707e-11, 6.24141432981e-11, 2.44853692877e-10, 9.69849894839e-11, 2.36469621662e-10, 7.60069507333e-11, 5.45491950221e-11, 3.98245568467e-11, 5.49526917026e-11, 4.8554982951e-11, 2.77923049158e-11, 1.55665428464e-11],
        "dvar2": [0.000600422965363, 9.35144998948e-05, 2.93893590424e-05, 1.0292233128e-05, 1.29883926547e-06, 1.0412568372e-06, 2.61538616542e-07, 1.35995421147e-07, 1.53255155055e-06, 1.05598007849e-06, 4.31877573703e-08, 5.5188269954e-08, 2.55020058404e-08, 1.01219459481e-08, 1.2258839277e-08, 7.51513429265e-09, 4.39447767064e-09, 3.81264309013e-09, 2.48393861035e-09, 1.4730664466e-09, 1.21114207552e-09, 1.19780207974e-09, 1.22269605551e-09, 6.99967750428e-10, 7.86735565583e-10, 3.22940590936e-10, 1.67143476837e-09, 3.13852333012e-10, 9.30231863761e-11, 1.15861376049e-10, 6.19565954096e-10, 2.39717773409e-10, 5.78403658302e-10, 1.64513042078e-10, 1.25896085224e-10, 8.80271272541e-11, 1.34514510641e-10, 1.27756139001e-10, 7.05772454368e-11, 4.00285846136e-11],
        "max": [0.152331233025, 0.063555598259, 0.0279395990074, 0.0160581897944, 0.0125492298976, 0.0126189226285, 0.0128564182669, 0.00818769726902, 0.0161639675498, 0.0155155817047, 0.00238398555666, 0.00283230072819, 0.00195823982358, 0.00160055235028, 0.00110130477697, 0.00107683357783, 0.000685140199494, 0.000809512101114, 0.000657621480059, 0.000702854420524, 0.000844380119815, 0.000355534808477, 0.000425302539952, 0.000242939160671, 0.000228423625231, 0.000176843794179, 0.000196383451112, 0.00016268469335, 0.000111392633698, 9.17836005101e-05, 0.000140154617839, 0.000110232838779, 0.000175757828401, 0.000126820013975, 7.28499871911e-05, 7.23759148968e-05, 7.09075684426e-05, 5.32475969521e-05, 5.00629575981e-05, 4.00467069994e-05],
        "mean": [0.0108488723636, 0.0041985725984, 0.000677315169014, 0.000481730356114, 0.00037559622433, 0.000197358633159, 6.10375136603e-05, 9.21437240322e-05, 0.00023645570036, 0.000149903877173, 6.44928804832e-05, 6.59401339362e-05, 5.09922174388e-05, 2.64532627625e-05, 2.70538803306e-05, 1.9035222067e-05, 1.68636179296e-05, 1.57409758685e-05, 1.41751070259e-05, 1.27883122332e-05, 1.29285599542e-05, 2.37829008256e-05, 1.68082460732e-05, 1.29144373204e-05, 1.25036058307e-05, 8.94251115824e-06, 1.3397046132e-05, 9.35679963732e-06, 6.97421683071e-06, 8.2072619989e-06, 1.05975195765e-05, 9.73055193754e-06, 1.04551018012e-05, 1.00178895082e-05, 8.21531739348e-06, 6.08780374023e-06, 5.282499842e-06, 3.89105252907e-06, 2.95223367175e-06, 2.3219824925e-06],
        "median": [0.000103119789856, 0.000159157279995, 0.000112886584247, 0.000139471347211, 4.16163020418e-05, 1.80203514901e-05, 1.38782306749e-05, 8.89946932148e-06, 9.78131993179e-06, 1.05574345071e-05, 1.81856703421e-05, 1.27720059027e-05, 4.81401275465e-06, 2.97343285638e-06, 2.0473216864e-06, 1.42628994126e-06, 2.65226981355e-06, 2.5148469831e-06, 1.51403833115e-06, 1.1715438859e-06, 2.01410557565e-06, 6.23116784482e-06, 4.85366081193e-06, 3.34714218297e-06, 5.82910570301e-06, 3.65723235518e-06, 4.36459686171e-06, 3.62459627468e-06, 3.81482232115e-06, 4.75465185446e-06, 4.96350185131e-06, 5.79375091547e-06, 6.13643032921e-06, 6.58625231154e-06, 5.24308461536e-06, 3.28404507854e-06, 1.95422126126e-06, 1.10651126306e-06, 6.73159775033e-07, 5.30114505182e-07],
        "min": [4.28238255403e-13, 6.60042593498e-12, 1.76206080976e-11, 4.14997767054e-12, 1.90037178702e-12, 3.6041473625e-12, 4.18707690047e-12, 6.51190733281e-12, 1.34541715876e-12, 2.18799032169e-13, 4.84920805767e-14, 3.22380333149e-14, 1.37040042942e-12, 1.79366016397e-12, 2.85460544092e-12, 3.83638606993e-12, 8.46733533982e-12, 1.10558810371e-11, 7.79444304239e-12, 3.64139924811e-12, 6.21505711479e-12, 1.76579341427e-11, 5.80643953058e-12, 1.56736201708e-12, 1.47341904302e-12, 3.46529055451e-12, 8.57272065835e-12, 8.78255194264e-12, 3.44957179141e-12, 4.57199512624e-12, 3.20989220447e-12, 3.27422767718e-12, 7.07300494215e-12, 5.48265469483e-12, 2.5430157112e-12, 2.22524602911e-12, 5.03946970959e-12, 4.53893606728e-12, 2.10423193626e-12, 1.11379883181e-12],
        "var": [0.000430973072071, 7.13003901183e-05, 5.82369602853e-06, 2.1154580736e-06, 7.77538275543e-07, 5.72432782064e-07, 8.80110064827e-08, 9.18813185535e-08, 6.89218211392e-07, 4.31938673273e-07, 2.66965098916e-08, 4.14335907806e-08, 3.16204733508e-08, 7.07784764131e-09, 6.85882506346e-09, 4.77443018454e-09, 2.45357378859e-09, 2.15863416031e-09, 2.1474748646e-09, 1.85693893595e-09, 1.82557613471e-09, 1.4476799759e-09, 1.02498831644e-09, 7.09363678908e-10, 4.07634065391e-10, 2.44991388287e-10, 6.51299791876e-10, 2.89816198817e-10, 1.07928305182e-10, 1.38965450258e-10, 2.92257107404e-10, 1.61078470007e-10, 3.03826797055e-10, 1.5649334606e-10, 9.81684525336e-11, 7.5812134348e-11, 7.81419581819e-11, 4.93177720884e-11, 2.91225446536e-11, 1.62609821441e-11]
    },
    "mfcc": {
        "mean": [-652.84185791, 57.419090271, 31.4298019409, 32.4665603638, -0.873241722584, 9.30732631683, 0.72917085886, 18.6587028503, 1.86800026894, 2.39331078529, 0.21361105144, -3.04212522507, -4.45375156403],
        "cov": [[4060.79052734, 484.406005859, -20.3186759949, -47.7660179138, 46.4255561829, -97.0823059082, 28.8569774628, 46.7236709595, 121.570785522, 54.3807868958, 36.7863235474, 196.699661255, 71.2897720337], [484.406005859, 676.404296875, 62.6382789612, 59.0243682861, 178.109100342, 16.5013599396, 82.2176513672, 97.0409698486, 62.7095527649, 57.8312072754, 59.1653327942, 70.2318267822, 36.8964805603], [-20.3186759949, 62.6382789612, 764.771240234, 390.113342285, 161.90411377, 161.511688232, 127.800178528, 115.249832153, 95.9280700684, 16.7428741455, 8.48734664917, 57.4214019775, 60.5044212341], [-47.7660179138, 59.0243682861, 390.113342285, 621.195251465, 158.340896606, 117.288589478, 101.729476929, 112.079925537, 88.9306335449, 43.6303596497, 2.48135995865, 38.8528518677, 36.6583137512], [46.4255561829, 178.109100342, 161.90411377, 158.340896606, 395.442565918, 69.205909729, 61.5634117126, 91.2128295898, 98.3800888062, 79.1951904297, 26.2965297699, 19.4057655334, 29.7474212646], [-97.0823059082, 16.5013599396, 161.511688232, 117.288589478, 69.205909729, 256.461486816, 82.0890274048, 52.4616622925, 58.0968704224, 56.8732528687, 33.0636444092, 34.3465156555, 10.9901046753], [28.8569774628, 82.2176513672, 127.800178528, 101.729476929, 61.5634117126, 82.0890274048, 207.324691772, 73.4398193359, 44.9683532715, 35.0822410583, 53.5724601746, 39.6129608154, 27.5173206329], [46.7236709595, 97.0409698486, 115.249832153, 112.079925537, 91.2128295898, 52.4616622925, 73.4398193359, 236.7862854, 61.516242981, 18.4974460602, -0.922215402126, 19.4826507568, -5.82008123398], [121.570785522, 62.7095527649, 95.9280700684, 88.9306335449, 98.3800888062, 58.0968704224, 44.9683532715, 61.516242981, 149.166244507, 61.6221694946, 15.0044202805, 28.4731044769, 22.4016399384], [54.3807868958, 57.8312072754, 16.7428741455, 43.6303596497, 79.1951904297, 56.8732528687, 35.0822410583, 18.4974460602, 61.6221694946, 115.281974792, 48.5866775513, 18.4309139252, 13.8848199844], [36.7863235474, 59.1653327942, 8.48734664917, 2.48135995865, 26.2965297699, 33.0636444092, 53.5724601746, -0.922215402126, 15.0044202805, 48.5866775513, 116.143989563, 42.4052963257, 10.1607704163], [196.699661255, 70.2318267822, 57.4214019775, 38.8528518677, 19.4057655334, 34.3465156555, 39.6129608154, 19.4826507568, 28.4731044769, 18.4309139252, 42.4052963257, 100.099700928, 43.9608726501], [71.2897720337, 36.8964805603, 60.5044212341, 36.6583137512, 29.7474212646, 10.9901046753, 27.5173206329, -5.82008123398, 22.4016399384, 13.8848199844, 10.1607704163, 43.9608726501, 89.7219543457]],
