{
"lowlevel": {
    "average_loudness": 0.790324747562,
    "barkbands_crest": {
        "dmean": 3.37096381187,
        "dmean2": 5.51497220993,
        "dvar": 8.39082431793,
        "dvar2": 21.8513393402,
        "max": 25.2357826233,
        "mean": 10.856595993,
        "median": 10.2801504135,
        "min": 2.29499721527,
        "var": 19.9704704285
    },
    "barkbands_flatness_db": {
        "dmean": 0.0328430235386,
        "dmean2": 0.0482821129262,
        "dvar": 0.000882433494553,
        "dvar2": 0.00193394161761,
        "max": 0.402699679136,
        "mean": 0.175646424294,
        "median": 0.170942172408,
        "min": 0.0362409800291,
        "var": 0.00474157137796
    },
    "barkbands_kurtosis": {
        "dmean": 5.63347673416,
        "dmean2": 9.21114253998,
        "dvar": 121.056053162,
        "dvar2": 300.271911621,
        "max": 179.41053772,
        "mean": 6.67257261276,
        "median": 1.96455335617,
        "min": -1.90650248528,
        "var": 204.90838623
    },
    "barkbands_skewness": {
        "dmean": 0.862521052361,
        "dmean2": 1.32524621487,
        "dvar": 0.802213847637,
        "dvar2": 1.81986522675,
        "max": 9.63040542603,
        "mean": 1.74745357037,
        "median": 1.42270088196,
        "min": -3.27869844437,
        "var": 2.78009295464
    },
    "barkbands_spread": {
        "dmean": 8.48079109192,
        "dmean2": 13.1909370422,
        "dvar": 115.468002319,
        "dvar2": 258.987915039,
        "max": 109.152862549,
        "mean": 20.4850482941,
        "median": 15.3675670624,
        "min": 0.519674301147,
        "var": 269.093383789
    },
    "dissonance": {
        "dmean": 0.0219492278993,
        "dmean2": 0.0349947921932,
        "dvar": 0.000492903520353,
        "dvar2": 0.00121828704141,
        "max": 0.499999940395,
        "mean": 0.46050632,
        "median": 0.470456331968,
        "min": 0.266823738813,
        "var": 0.001137406216
    },
    "dynamic_complexity": 4.07538700104,
    "erbbands_crest": {
        "dmean": 2.95887470245,
        "dmean2": 4.79375553131,
        "dvar": 8.07609462738,
        "dvar2": 20.2075424194,
        "max": 29.3222751617,
        "mean": 8.4323348999,
        "median": 7.32091665268,
        "min": 2.35079908371,
        "var": 17.7071914673
    },
    "erbbands_flatness_db": {
        "dmean": 0.0229750853032,
        "dmean2": 0.0331084243953,
        "dvar": 0.0005523187574,
        "dvar2": 0.00100914295763,
        "max": 0.404202014208,
        "mean": 0.187774553895,
        "median": 0.165860816836,
        "min": 0.0622757859528,
        "var": 0.00627070711926
    },
    "erbbands_kurtosis": {
        "dmean": 1.09357225895,
        "dmean2": 1.72673380375,
        "dvar": 2.28204894066,
        "dvar2": 5.09855890274,
        "max": 27.2189788818,
        "mean": 0.326102465391,
        "median": -0.312083005905,
        "min": -1.78572010994,
        "var": 4.68574142456
    },
    "erbbands_skewness": {
        "dmean": 0.521813809872,
        "dmean2": 0.798881709576,
        "dvar": 0.253592938185,
        "dvar2": 0.595268189907,
        "max": 4.0578622818,
        "mean": 0.103949800134,
        "median": 0.080671608448,
        "min": -3.68151712418,
        "var": 0.724411010742
    },
    "erbbands_spread": {
        "dmean": 11.1009378433,
        "dmean2": 16.927072525,
        "dvar": 146.437957764,
        "dvar2": 308.055633545,
        "max": 130.252914429,
        "mean": 38.1924743652,
        "median": 33.2359313965,
        "min": 4.12462043762,
        "var": 465.1456604
    },
    "hfc": {
        "dmean": 9.90888023376,
        "dmean2": 14.0562496185,
        "dvar": 223.381668091,
        "dvar2": 450.902526855,
        "max": 164.213134766,
        "mean": 19.3579864502,
        "median": 11.8331460953,
        "min": 1.136858108e-16,
        "var": 525.817810059
    },
    "melbands_crest": {
        "dmean": 4.47890615463,
        "dmean2": 7.3854265213,
        "dvar": 13.4255819321,
        "dvar2": 35.9085960388,
        "max": 35.8887405396,
        "mean": 16.4125385284,
        "median": 15.9420471191,
        "min": 1.93274319172,
        "var": 44.3764038086
    },
    "melbands_flatness_db": {
        "dmean": 0.0410341136158,
        "dmean2": 0.0596967190504,
        "dvar": 0.00149157980923,
        "dvar2": 0.00325325550511,
        "max": 0.513093113899,
        "mean": 0.221863269806,
        "median": 0.226802185178,
        "min": 0.00435222219676,
        "var": 0.00669822841883
    },
    "melbands_kurtosis": {
        "dmean": 13.6088991165,
        "dmean2": 22.1754493713,
        "dvar": 603.788818359,
        "dvar2": 1471.19189453,
        "max": 395.022003174,
        "mean": 19.5604953766,
        "median": 6.91215705872,
        "min": -1.91521787643,
        "var": 1067.8560791
    },
    "melbands_skewness": {
        "dmean": 1.13810801506,
        "dmean2": 1.75078320503,
        "dvar": 1.49449503422,
        "dvar2": 3.41009736061,
        "max": 15.97838974,
        "mean": 3.00799870491,
        "median": 2.30708408356,
        "min": -0.808485150337,
        "var": 5.33932542801
    },
    "melbands_spread": {
        "dmean": 11.9404668808,
        "dmean2": 18.1491146088,
        "dvar": 407.895324707,
        "dvar2": 807.463317871,
        "max": 288.397033691,
        "mean": 25.3253688812,
        "median": 16.0654582977,
        "min": 0.420988708735,
        "var": 974.848815918
    },
    "pitch_salience": {
        "dmean": 0.0918783247471,
        "dmean2": 0.148580595851,
        "dvar": 0.00643144734204,
        "dvar2": 0.016542525962,
        "max": 0.848429560661,
        "mean": 0.541512012482,
        "median": 0.55397939682,
        "min": 0.110437974334,
        "var": 0.0212447717786
    },
    "silence_rate_20dB": {
        "dmean": 0,
        "dmean2": 0,
        "dvar": 0,
        "dvar2": 0,
        "max": 1,
        "mean": 1,
        "median": 1,
        "min": 1,
        "var": 0
    },
    "silence_rate_30dB": {
        "dmean": 0.0472136214375,
        "dmean2": 0.0944638028741,
        "dvar": 0.0449836440384,
        "dvar2": 0.117285951972,
        "max": 1,
        "mean": 0.96827852726,
        "median": 1,
        "min": 0,
        "var": 0.0307157915086
    },
    "silence_rate_60dB": {
        "dmean": 0.0344427227974,
        "dmean2": 0.0689121186733,
        "dvar": 0.0332555435598,
        "dvar2": 0.0811953768134,
        "max": 1,
        "mean": 0.17794971168,
        "median": 0,
        "min": 0,
        "var": 0.14629290998
    },
    "spectral_centroid": {
        "dmean": 427.066162109,
        "dmean2": 639.724121094,
        "dvar": 260011.90625,
        "dvar2": 533104.5,
        "max": 11671.3925781,
        "mean": 1468.22570801,
        "median": 1281.3828125,
        "min": 160.327758789,
        "var": 817800.9375
    },
    "spectral_complexity": {
        "dmean": 4.94311141968,
        "dmean2": 6.80332946777,
        "dvar": 33.889503479,
        "dvar2": 52.1273117065,
        "max": 59,
        "mean": 16.729593277,
        "median": 14,
        "min": 0,
        "var": 148.812515259
    },
    "spectral_decrease": {
        "dmean": 3.62169494394e-09,
        "dmean2": 5.75621728061e-09,
        "dvar": 3.46262469713e-17,
        "dvar2": 8.39363196266e-17,
        "max": 1.07468828864e-28,
        "mean": -8.16824652361e-09,
        "median": -4.24575574698e-09,
        "min": -4.48406858311e-08,
        "var": 8.13813241505e-17
    },
    "spectral_energy": {
        "dmean": 0.0141770644113,
        "dmean2": 0.0223923623562,
        "dvar": 0.00051284750225,
        "dvar2": 0.0012343240669,
        "max": 0.173619881272,
        "mean": 0.0325846448541,
        "median": 0.0183915682137,
        "min": 1.04302733495e-20,
        "var": 0.00122411188204
    },
    "spectral_energyband_high": {
        "dmean": 0.000778607907705,
        "dmean2": 0.00112318515312,
        "dvar": 2.02039018404e-06,
        "dvar2": 3.85280736737e-06,
        "max": 0.0165072474629,
        "mean": 0.00114111357834,
        "median": 0.000183048628969,
        "min": 7.52132308878e-21,
        "var": 4.8907540986e-06
    },
    "spectral_energyband_low": {
        "dmean": 0.0106933536008,
        "dmean2": 0.0174379181117,
        "dvar": 0.00036378405639,
        "dvar2": 0.00089044222841,
        "max": 0.140103712678,
        "mean": 0.0195382852107,
        "median": 0.00108434795402,
        "min": 4.81051923843e-23,
        "var": 0.000802510650828
    },
    "spectral_energyband_middle_high": {
        "dmean": 0.00239154254086,
        "dmean2": 0.00355638144538,
        "dvar": 2.12320519495e-05,
        "dvar2": 4.71476414532e-05,
        "max": 0.0462741069496,
        "mean": 0.00412000576034,
        "median": 0.00198196107522,
        "min": 1.40374327096e-21,
        "var": 3.48651083186e-05
    },
    "spectral_energyband_middle_low": {
        "dmean": 0.00665374286473,
        "dmean2": 0.0115795452148,
        "dvar": 0.000268886215053,
        "dvar2": 0.000758294656407,
        "max": 0.119773104787,
        "mean": 0.00837729591876,
        "median": 0.00459029292688,
        "min": 2.32860556329e-22,
        "var": 0.000191798782907
    },
    "spectral_entropy": {
        "dmean": 0.237853884697,
        "dmean2": 0.344207495451,
        "dvar": 0.0637206062675,
        "dvar2": 0.130489826202,
        "max": 9.79646205902,
        "mean": 7.57457447052,
        "median": 7.5516576767,
        "min": 5.88160848618,
        "var": 0.270181417465
    },
    "spectral_flux": {
        "dmean": 0.0317974090576,
        "dmean2": 0.0504625178874,
        "dvar": 0.00199617422186,
        "dvar2": 0.00389362545684,
        "max": 0.411362886429,
        "mean": 0.103862971067,
        "median": 0.0945295616984,
        "min": 6.46108028191e-11,
        "var": 0.00570662831888
    },
    "spectral_kurtosis": {
        "dmean": 2.94217038155,
        "dmean2": 4.85148954391,
        "dvar": 18.6015739441,
        "dvar2": 53.9991111755,
        "max": 56.1146965027,
        "mean": 5.62906455994,
        "median": 4.0545797348,
        "min": -1.23082590103,
        "var": 34.6250419617
    },
    "spectral_rms": {
        "dmean": 0.00107136974111,
        "dmean2": 0.00161174114328,
        "dvar": 1.91126969185e-06,
        "dvar2": 4.23068240707e-06,
        "max": 0.0130148092285,
        "mean": 0.00475620152429,
        "median": 0.00423591723666,
        "min": 3.18996500222e-12,
        "var": 9.16845510801e-06
    },
    "spectral_rolloff": {
        "dmean": 741.513305664,
        "dmean2": 1209.29370117,
        "dvar": 1714330.75,
        "dvar2": 3388455.25,
        "max": 19358.3496094,
        "mean": 1664.50024414,
        "median": 1055.12695312,
        "min": 43.06640625,
        "var": 4533945
    },
    "spectral_skewness": {
        "dmean": 0.372224569321,
        "dmean2": 0.581650853157,
        "dvar": 0.160358682275,
        "dvar2": 0.400815725327,
        "max": 4.807741642,
        "mean": 1.52619326115,
        "median": 1.47001814842,
        "min": -0.0664302557707,
        "var": 0.408061444759
    },
    "spectral_spread": {
        "dmean": 696185.25,
        "dmean2": 998193.375,
        "dvar": 992562315264,
        "dvar2": 1.66440193229e+12,
        "max": 40887244,
        "mean": 4162010.5,
        "median": 3896394.5,
        "min": 999955.75,
        "var": 5.32911331738e+12
    },
    "spectral_strongpeak": {
        "dmean": 0.3554469347,
        "dmean2": 0.596287608147,
        "dvar": 0.251353442669,
        "dvar2": 0.662986397743,
        "max": 5.24001407623,
        "mean": 0.540286064148,
        "median": 0.343537300825,
        "min": 0,
        "var": 0.381881654263
    },
    "zerocrossingrate": {
        "dmean": 0.0157183483243,
        "dmean2": 0.0173127185553,
        "dvar": 0.000500899099279,
        "dvar2": 0.00053934904281,
        "max": 0.5029296875,
        "mean": 0.0603398531675,
        "median": 0.04736328125,
        "min": 0.00244140625,
        "var": 0.00287543958984
    },
    "barkbands": {
        "dmean": [0.00220618769526, 0.0077279987745, 0.00447437027469, 0.00322236632928, 0.00164975132793, 0.000838379724883, 0.0013290575007, 0.000727700826246, 0.00056452275021, 0.000425892270869, 0.000295322941383, 0.000438108661911, 0.000424738274887, 0.000446290010586, 0.000350726710167, 0.000356745003955, 0.000305989786284, 0.000186540462892, 0.000188268575585, 0.000114725909953, 0.000212968661799, 0.000224436997087, 0.000150215142639, 0.000102986690763, 0.000102014928416, 2.58115014731e-05, 8.40354005049e-07],
        "dmean2": [0.00346055743285, 0.0128132421523, 0.00783508177847, 0.0059901480563, 0.00290719256736, 0.0013092183508, 0.002162755467, 0.00121442484669, 0.000910046685021, 0.000647672160994, 0.000486785982503, 0.00070829084143, 0.000702652381733, 0.000759499962442, 0.000552456302103, 0.000558698608074, 0.000484905787744, 0.000289250252536, 0.000296203943435, 0.000169950275449, 0.00033731473377, 0.00035453363671, 0.000225282477913, 0.000143743367516, 0.000138778981636, 3.63359831681e-05, 1.35491177389e-06],
        "dvar": [1.61503739946e-05, 0.000179782015039, 0.000150111794937, 0.000130190819618, 1.6127652998e-05, 1.8957850898e-06, 8.01026908448e-06, 3.51954327016e-06, 1.67354824043e-06, 1.3149623328e-06, 3.68344046819e-07, 1.05493757019e-06, 1.26821521462e-06, 1.24620760289e-06, 6.46662044801e-07, 5.96567304001e-07, 3.2881740708e-07, 1.39278597544e-07, 1.47741630485e-07, 4.14431937656e-08, 1.63830677025e-07, 2.28062503993e-07, 9.16168900744e-08, 7.9847637835e-08, 9.79988570293e-08, 4.85062079392e-09, 1.20258655464e-11],
        "dvar2": [4.12639201386e-05, 0.000467612815555, 0.000405686470913, 0.000372482812963, 4.55042245449e-05, 4.6665231821e-06, 2.01848579309e-05, 9.47150056163e-06, 4.08672121921e-06, 2.75094248536e-06, 9.31299496187e-07, 2.64397772298e-06, 3.13322016154e-06, 3.32850504492e-06, 1.57860904437e-06, 1.4151535197e-06, 7.60476893902e-07, 3.34049161665e-07, 3.55043624722e-07, 8.37323881342e-08, 3.85360664268e-07, 5.46574653981e-07, 2.00836126396e-07, 1.40816666772e-07, 1.63240045481e-07, 8.57584314673e-09, 2.92270270486e-11],
        "max": [0.0477543137968, 0.0925930887461, 0.0948211401701, 0.0871964991093, 0.0327116027474, 0.0157967843115, 0.040729213506, 0.0428851433098, 0.0174990724772, 0.0200504716486, 0.00811177399009, 0.0115347020328, 0.0136875109747, 0.0111562032253, 0.0131521821022, 0.00842723622918, 0.00679252808914, 0.00582169927657, 0.00482625700533, 0.00282022170722, 0.00675022928044, 0.0058616483584, 0.00437530735508, 0.00545352231711, 0.00568078598008, 0.00144242437091, 7.12284454494e-05],
        "mean": [0.00393485371023, 0.0112426429987, 0.00386478332803, 0.00217303493991, 0.00184785609599, 0.00123310147319, 0.00140578148421, 0.000824757735245, 0.000724208250176, 0.000555657839868, 0.000362300488632, 0.000478189584101, 0.000431706081145, 0.00044154812349, 0.000426275539212, 0.000466125202365, 0.000410097389249, 0.000280963780824, 0.000256620405708, 0.000181482362677, 0.00025122097577, 0.000261730165221, 0.000188232719665, 0.000153953849804, 0.000151694082888, 3.503755579e-05, 8.05637796475e-07],
        "median": [8.63527238835e-05, 0.000545869406778, 0.000147130020196, 0.000187171724974, 0.000803562696092, 0.000659404904582, 0.000343909283401, 0.000280607666355, 0.000202502822503, 0.000172654268681, 0.000149002342368, 0.000105947998236, 8.66319896886e-05, 0.000106804131065, 0.000111598521471, 0.000118673990073, 0.000125540303998, 0.000112217305286, 9.36973956414e-05, 5.72097742406e-05, 3.98609809054e-05, 3.23214480886e-05, 1.48967246787e-05, 1.55003126565e-05, 9.52934442466e-06, 1.58189482136e-06, 2.08186601292e-09],
        "min": [1.44323897269e-24, 1.65186116713e-23, 3.85429668011e-24, 2.67749291436e-24, 3.4405874925e-23, 5.04621257533e-23, 1.47105456319e-23, 1.7717885351e-23, 3.35258406318e-23, 6.01398082297e-23, 6.62691202015e-24, 3.48874429532e-23, 5.30068521941e-23, 5.13418760566e-23, 1.10783308882e-22, 7.42388919968e-23, 1.18427749707e-22, 1.02043077151e-22, 1.23352753489e-22, 2.59973844481e-22, 4.00422008958e-22, 3.05558493744e-22, 5.63508512418e-22, 7.47689737085e-22, 1.00238306026e-21, 1.48416659264e-21, 2.23304111045e-21],
        "var": [4.56754678453e-05, 0.000316534598824, 0.000113386457087, 7.64341166359e-05, 1.1970731066e-05, 2.9463374176e-06, 8.52460289025e-06, 3.27804696099e-06, 2.34063259086e-06, 2.25682765631e-06, 4.33843098335e-07, 1.13329372198e-06, 1.25751716951e-06, 1.04948799162e-06, 8.26297309686e-07, 8.77624245277e-07, 5.17094917996e-07, 2.1801561445e-07, 2.01336945338e-07, 7.77821398401e-08, 2.33930194327e-07, 3.38773332942e-07, 1.64971353911e-07, 1.89507531445e-07, 2.43359551177e-07, 1.20453256258e-08, 1.40763165013e-11]
    },
    "erbbands": {
        "dmean": [0.320082753897, 1.79425799847, 4.30630636215, 8.9330663681, 7.83723068237, 4.97673606873, 4.27222442627, 7.77736997604, 17.5997371674, 17.0683803558, 16.3506126404, 13.1696796417, 11.0949649811, 11.9429712296, 13.6191177368, 17.9319572449, 19.2816886902, 21.3305740356, 17.9397068024, 18.715379715, 18.7169532776, 16.1612758636, 10.9933376312, 10.1611967087, 7.74033927917, 5.60584974289, 6.83249759674, 9.20701885223, 7.81603002548, 6.65302181244, 4.26775693893, 2.14521074295, 1.87629365921, 1.36004519463, 0.630505681038, 0.177980214357, 0.0340772010386, 0.00533115537837, 0.000123447403894, 2.02092869586e-05],
        "dmean2": [0.541601836681, 2.92907643318, 7.25284910202, 16.3286399841, 14.1774644852, 8.56197071075, 6.68436336517, 12.2909955978, 28.6448135376, 28.1692371368, 27.0285949707, 21.169801712, 16.8920955658, 18.1801986694, 22.3555202484, 28.4732532501, 31.44972229, 35.6309165955, 28.4910144806, 28.9121322632, 29.0872745514, 25.034040451, 16.9340591431, 15.887304306, 11.8776340485, 8.33615684509, 10.6216783524, 14.4039850235, 12.2991275787, 10.2869472504, 6.43358612061, 3.05752921104, 2.61076784134, 1.8602244854, 0.863016963005, 0.251057177782, 0.0478558912873, 0.00803976505995, 0.000181989162229, 3.00718238577e-05],
        "dvar": [0.324507832527, 9.5862455368, 95.4734802246, 917.433410645, 588.848632812, 118.61227417, 52.5585098267, 212.838592529, 1465.62341309, 1716.96801758, 2050.92675781, 952.967773438, 921.571899414, 903.807250977, 914.928710938, 1759.16967773, 2527.25292969, 2783.25610352, 1553.45019531, 1866.20263672, 1641.93688965, 814.390991211, 461.549499512, 545.105529785, 178.487945557, 96.4945602417, 172.09475708, 348.604217529, 255.790710449, 187.603042603, 85.9239730835, 26.4436740875, 31.6182670593, 17.3257637024, 4.17847156525, 0.277543067932, 0.00925619434565, 0.000291314820061, 1.3823306233e-07, 8.67601657184e-10],
        "dvar2": [0.925524175167, 25.3995780945, 245.783416748, 2556.15283203, 1677.88891602, 324.864318848, 126.30115509, 541.104309082, 3760.4440918, 4310.68798828, 5604.12402344, 2371.08203125, 2010.00061035, 1981.49047852, 2349.90625, 4320.52050781, 6116.02929688, 7329.15771484, 3687.72436523, 4334.12255859, 4020.8293457, 1832.12402344, 1113.59851074, 1351.94763184, 392.414489746, 200.332092285, 386.509124756, 852.053649902, 590.376953125, 454.813110352, 189.764465332, 47.8681602478, 56.2810020447, 29.6476020813, 7.38838672638, 0.478220582008, 0.0180983822793, 0.000680593133438, 3.11328136604e-07, 1.90076043793e-09],
        "max": [4.43569612503, 23.4882450104, 74.3064727783, 225.808685303, 185.124343872, 116.201507568, 121.67237854, 200.819915771, 732.890930176, 474.895629883, 1147.83776855, 430.183135986, 682.522766113, 547.46496582, 458.373565674, 521.477905273, 537.364013672, 507.919036865, 417.635894775, 759.899414062, 474.064575195, 343.726409912, 291.001861572, 298.023071289, 207.856460571, 159.454483032, 191.068099976, 341.000030518, 233.65435791, 181.082962036, 158.176498413, 100.532180786, 96.532585144, 83.1005325317, 38.329334259, 10.9980487823, 1.9085341692, 0.254679203033, 0.00700685242191, 0.000327371963067],
        "mean": [0.427086770535, 2.13034558296, 4.46844291687, 6.64856386185, 6.22747612, 6.0243601799, 7.49954080582, 10.6620283127, 19.7647190094, 18.2987480164, 19.5492286682, 16.9482440948, 15.0677375793, 15.7346019745, 16.5154953003, 20.1485767365, 20.4686222076, 22.3109035492, 21.3644447327, 24.5514526367, 24.8914813995, 22.949640274, 16.6347808838, 14.1205568314, 11.2947664261, 8.91122627258, 8.94453048706, 10.3644180298, 9.32456111908, 7.48250579834, 5.32850217819, 3.16447091103, 2.71696949005, 1.9741704464, 0.912527501583, 0.252617120743, 0.0446239970624, 0.00579932471737, 0.000155256027938, 4.57281457784e-05],
        "median": [0.0292106401175, 0.0581747256219, 0.173241466284, 0.684335947037, 1.48107922077, 2.46764993668, 4.05562496185, 4.66513538361, 5.38966703415, 5.99457454681, 7.01462030411, 5.08137655258, 5.39882278442, 4.81588220596, 6.09331560135, 4.88562202454, 4.48293972015, 5.90802192688, 5.93246650696, 6.48567247391, 6.52397489548, 7.56178045273, 6.58881473541, 5.62312412262, 4.27916479111, 2.88732337952, 1.7114238739, 1.6134262085, 1.19653451443, 0.634874284267, 0.404794424772, 0.318443477154, 0.25600656867, 0.128482371569, 0.0516723841429, 0.0110610974953, 0.00219725933857, 0.000178542468348, 2.55336435657e-05, 2.77026192634e-05],
        "min": [1.91303944444e-22, 1.12486486082e-21, 4.12984945777e-21, 9.34458263962e-21, 2.42284157941e-20, 1.35728822615e-19, 2.31271349916e-19, 3.78451105169e-19, 2.72464479132e-19, 6.33633273913e-19, 4.55294839906e-19, 6.80716549476e-19, 1.9048052516e-18, 9.20726985015e-19, 4.61457025277e-19, 1.58404880509e-18, 2.49012300933e-18, 3.70595029679e-18, 4.56936059299e-18, 4.66779798102e-18, 5.24885761975e-18, 5.47177121431e-18, 5.62525664492e-18, 9.06282571042e-18, 8.11330012219e-18, 1.44385997195e-17, 1.34716479173e-17, 1.60113628859e-17, 9.5966310023e-18, 1.70791372514e-17, 1.57711066226e-17, 1.22899608553e-17, 1.32462230024e-17, 1.14592225389e-17, 7.18434072553e-18, 5.21623113485e-18, 2.94258418696e-18, 1.04064697733e-18, 2.62742547844e-19, 3.27911875469e-20],
        "var": [0.496694892645, 13.5127840042, 94.2695999146, 584.507568359, 359.311645508, 110.912498474, 95.2979354858, 298.057800293, 1555.22583008, 1634.6496582, 1846.54675293, 1341.8717041, 1404.4074707, 1415.24047852, 1017.4074707, 1944.70837402, 2650.390625, 2482.47705078, 1883.53186035, 2722.84692383, 2303.17089844, 1467.07507324, 743.818054199, 673.756225586, 309.516235352, 179.47984314, 283.346679688, 447.194396973, 412.535339355, 270.355377197, 148.388900757, 64.9353637695, 69.8110198975, 40.3831291199, 9.79768466949, 0.740340173244, 0.0186992734671, 0.000367086409824, 1.9687395536e-07, 2.32771779629e-09]
    },
    "gfcc": {
        "mean": [-53.0846290588, 98.3822860718, -141.844284058, 26.6279067993, -63.7768745422, 2.85465168953, -40.5960845947, 3.17364859581, -18.9479999542, -0.921991467476, -11.3154678345, -2.22723817825, -5.52949714661],
        "cov": [[16879.5332031, -2979.9140625, 4133.24755859, 3222.36303711, 419.673797607, 2890.64306641, -182.993209839, 1838.81152344, -208.104003906, 1236.10705566, -168.105575562, 702.285461426, -353.804473877], [-2979.9140625, 2309.40063477, -869.747009277, -586.017700195, 383.65713501, -621.458007812, 370.415527344, -337.188598633, 243.407531738, -330.750579834, 203.212417603, -233.549972534, 123.656936646], [4133.24755859, -869.747009277, 2795.75830078, 1463.89782715, 421.673278809, 1291.26013184, 78.5241012573, 746.650817871, -63.305934906, 505.319610596, -7.28626060486, 291.509155273, -90.8079681396], [3222.36303711, -586.017700195, 1463.89782715, 1340.53051758, 302.826721191, 839.28137207, 152.084991455, 441.122711182, 89.0745239258, 319.765563965, 11.3492650986, 164.974731445, -18.772731781], [419.673797607, 383.65713501, 421.673278809, 302.826721191, 516.42755127, 243.779937744, 181.264083862, 183.784927368, 121.458747864, 114.568664551, 89.2092971802, 32.4184265137, 21.6342506409], [2890.64306641, -621.458007812, 1291.26013184, 839.28137207, 243.779937744, 889.913208008, 137.111877441, 449.037017822, 12.9100008011, 316.906646729, 5.55042123795, 165.590957642, -42.9380340576], [-182.993209839, 370.415527344, 78.5241012573, 152.084991455, 181.264083862, 137.111877441, 443.639312744, 38.4068107605, 135.394668579, 32.4155426025, 71.2027206421, 8.84144687653, 31.281085968], [1838.81152344, -337.188598633, 746.650817871, 441.122711182, 183.784927368, 449.037017822, 38.4068107605, 425.921386719, 24.2477054596, 197.572036743, 27.7452411652, 110.282409668, -21.7257499695], [-208.104003906, 243.407531738, -63.305934906, 89.0745239258, 121.458747864, 12.9100008011, 135.394668579, 24.2477054596, 205.740234375, 33.2236404419, 59.4900970459, -10.3695707321, 46.2664794922], [1236.10705566, -330.750579834, 505.319610596, 319.765563965, 114.568664551, 316.906646729, 32.4155426025, 197.572036743, 33.2236404419, 237.835861206, 21.0001468658, 88.6290054321, -22.9294681549], [-168.105575562, 203.212417603, -7.28626060486, 11.3492650986, 89.2092971802, 5.55042123795, 71.2027206421, 27.7452411652, 59.4900970459, 21.0001468658, 121.789581299, 19.7096061707, 36.4315834045], [702.285461426, -233.549972534, 291.509155273, 164.974731445, 32.4184265137, 165.590957642, 8.84144687653, 110.282409668, -10.3695707321, 88.6290054321, 19.7096061707, 122.150856018, -0.227318808436], [-353.804473877, 123.656936646, -90.8079681396, -18.772731781, 21.6342506409, -42.9380340576, 31.281085968, -21.7257499695, 46.2664794922, -22.9294681549, 36.4315834045, -0.227318808436, 91.5259857178]],
        "icov": [[0.000296297337627, -0.000286014896119, 0.000403916055802, -0.000547508650925, 0.000355099356966, -0.000695439637639, 0.000411621498642, -0.000688179570716, 0.000452094478533, -0.000606674992014, 0.000475179025671, -0.000631921167951, 0.000534783524927], [-0.000286014896119, 0.0018948019715, -0.000882872438524, 0.000983875128441, -0.00166852155235, 0.00152389728464, -0.00123944901861, 0.00107469467912, -0.00117086572573, 0.00220178533345, -0.00205284310505, 0.00217498210259, -0.0005857355427], [0.000403916055802, -0.000882872438524, 0.00222366349772, -0.00163470534608, 0.000502018781845, -0.00220902939327, 0.00102528708521, -0.00155347958207, 0.00179851159919, -0.0015951290261, 0.00120502442587, -0.00180206354707, 0.000958060787525], [-0.000547508650925, 0.000983875128441, -0.00163470534608, 0.00348154269159, -0.00108572782483, 0.000299304287182, -0.00095349928597, 0.00162196718156, -0.00231981021352, 0.00163849641103, -0.000839846441522, 0.00146233907435, -0.00132449972443], [0.000355099356966, -0.00166852155235, 0.000502018781845, -0.00108572782483, 0.00468640681356, -0.00141094322316, 0.00051621242892, -0.00186772819143, 0.000204243275221, -0.00228387140669, 0.000423352525104, -0.00103822594974, 0.000666398264002], [-0.000695439637639, 0.00152389728464, -0.00220902939327, 0.000299304287182, -0.00141094322316, 0.0077723255381, -0.00272282678634, -9.02288011275e-05, -0.00048565515317, 0.000108044274384, -0.00108516891487, 0.00194924278185, -0.0012791842455], [0.000411621498642, -0.00123944901861, 0.00102528708521, -0.00095349928597, 0.00051621242892, -0.00272282678634, 0.00443507032469, -0.000408659194363, -0.000744688150007, -0.000792217382696, 0.000523497350514, -0.00186425470747, 0.00104019488208], [-0.000688179570716, 0.00107469467912, -0.00155347958207, 0.00162196718156, -0.00186772819143, -9.02288011275e-05, -0.000408659194363, 0.00773760210723, -0.00198937766254, 0.000987469684333, -0.00219999719411, 0.000657983589917, -0.000814962433651], [0.000452094478533, -0.00117086572573, 0.00179851159919, -0.00231981021352, 0.000204243275221, -0.00048565515317, -0.000744688150007, -0.00198937766254, 0.00998814310879, -0.00404782034457, 1.97152094188e-05, 0.000235359970247, -0.00192605878692], [-0.000606674992014, 0.00220178533345, -0.0015951290261, 0.00163849641103, -0.00228387140669, 0.000108044274384, -0.000792217382696, 0.000987469684333, -0.00404782034457, 0.0129225449637, -0.00341403950006, -0.000249761244049, 0.00117114104796], [0.000475179025671, -0.00205284310505, 0.00120502442587, -0.000839846441522, 0.000423352525104, -0.00108516891487, 0.000523497350514, -0.00219999719411, 1.97152094188e-05, -0.00341403950006, 0.0144459623843, -0.00494776247069, -0.00230432883836], [-0.000631921167951, 0.00217498210259, -0.00180206354707, 0.00146233907435, -0.00103822594974, 0.00194924278185, -0.00186425470747, 0.000657983589917, 0.000235359970247, -0.000249761244049, -0.00494776247069, 0.0164715815336, -0.00308727473021], [0.000534783524927, -0.0005857355427, 0.000958060787525, -0.00132449972443, 0.000666398264002, -0.0012791842455, 0.00104019488208, -0.000814962433651, -0.00192605878692, 0.00117114104796, -0.00230432883836, -0.00308727473021, 0.0153333665803]]
    },
    "melbands": {
        "dmean": [0.00229849293828, 0.00210731336847, 0.00148401095066, 0.000444916251581, 0.000151455635205, 0.000183116950211, 0.000265799928457, 0.000178886999493, 0.000136470771395, 7.7551791037e-05, 5.69760413782e-05, 5.13411505381e-05, 4.15949325543e-05, 4.26270598837e-05, 5.81651183893e-05, 3.94868620788e-05, 4.11642977269e-05, 3.19547762047e-05, 2.7421861887e-05, 2.6319634344e-05, 2.26349202421e-05, 1.82816747838e-05, 1.28549563669e-05, 9.01262046682e-06, 8.61927219376e-06, 7.17027705832e-06, 4.52508720628e-06, 3.65386540579e-06, 3.96206223741e-06, 5.1945148698e-06, 5.4784322856e-06, 3.98767679144e-06, 5.49623791812e-06, 3.07829714075e-06, 2.71731437351e-06, 1.70013311163e-06, 1.24013968161e-06, 1.34624110615e-06, 1.34199240165e-06, 1.14820534236e-06],
        "dmean2": [0.00384091539308, 0.00341244530864, 0.00266743823886, 0.000799606787041, 0.000240364504862, 0.000289071875159, 0.000432856904808, 0.000294675322948, 0.000224730756599, 0.000124786005472, 8.69329451234e-05, 7.82818024163e-05, 6.87389619998e-05, 6.90989909344e-05, 9.54003116931e-05, 6.56314659864e-05, 6.93558395142e-05, 5.22003065271e-05, 4.33493369201e-05, 4.08800515288e-05, 3.59949517588e-05, 2.87213169941e-05, 2.02907613129e-05, 1.39445255627e-05, 1.37026991069e-05, 1.12199813884e-05, 6.99646079738e-06, 5.433001661e-06, 6.10004235568e-06, 8.39489439386e-06, 8.7164589786e-06, 6.23297592028e-06, 8.95560060599e-06, 4.7001162784e-06, 4.15729346059e-06, 2.50054517892e-06, 1.80626375368e-06, 1.9336969217e-06, 1.85532849173e-06, 1.63160382272e-06],
        "dvar": [1.59885858011e-05, 1.57136946655e-05, 2.36826781475e-05, 1.43238821693e-06, 6.51348344149e-08, 1.03351958103e-07, 3.1575518733e-07, 1.70041602132e-07, 1.31897820665e-07, 3.59115581716e-08, 2.51439953303e-08, 1.84725408303e-08, 8.09827849224e-09, 9.777441079e-09, 2.9132818824e-08, 9.09702357887e-09, 1.05173825204e-08, 5.48316725357e-09, 4.30397983919e-09, 3.33282712539e-09, 2.54591792093e-09, 1.1213930895e-09, 5.3560827995e-10, 4.2057379801e-10, 4.41012310004e-10, 1.77429765325e-10, 6.342062292e-11, 4.36438662987e-11, 6.04217648137e-11, 1.0889471963e-10, 1.45786438477e-10, 6.46534770166e-11, 1.75273962011e-10, 3.63711769036e-11, 3.67502174525e-11, 1.57702132603e-11, 1.0319842203e-11, 1.63943875836e-11, 1.93375784135e-11, 1.35219283687e-11],
        "dvar2": [4.24805657531e-05, 3.76567331841e-05, 6.53459137538e-05, 4.06511526307e-06, 1.60674176186e-07, 2.60639694716e-07, 8.06432979061e-07, 4.28794265872e-07, 3.55925493523e-07, 8.92696547794e-08, 5.44486624676e-08, 4.01378486004e-08, 2.08358557074e-08, 2.46292799488e-08, 7.24536803887e-08, 2.24750156264e-08, 2.81471113084e-08, 1.36732261069e-08, 1.06471302885e-08, 7.65805818759e-09, 6.45473008376e-09, 2.58523247254e-09, 1.26106725062e-09, 1.03395814133e-09, 1.12423625964e-09, 4.19610957092e-10, 1.41558056943e-10, 9.30310689595e-11, 1.34865230095e-10, 2.59820526205e-10, 3.68915120674e-10, 1.39370986973e-10, 4.61581495248e-10, 8.4336954087e-11, 8.50409603848e-11, 3.19749157707e-11, 1.96633091754e-11, 3.14741809004e-11, 3.32695745953e-11, 2.59133305092e-11],
        "max": [0.0318048410118, 0.0350568033755, 0.0363479182124, 0.00955926068127, 0.00447006383911, 0.00388391735032, 0.00964766461402, 0.00477598654106, 0.00856802985072, 0.00287989154458, 0.00344162317924, 0.00258277542889, 0.0012230417924, 0.00146106944885, 0.00184443965554, 0.000945738400333, 0.00103953725193, 0.000799929024652, 0.00117704842705, 0.000769168720581, 0.000594020297285, 0.000409359956393, 0.000283077883068, 0.000354464456905, 0.000279577245237, 0.000209745776374, 8.73853859957e-05, 0.00010943167581, 0.000122581070173, 0.000168261656654, 0.000214806510485, 0.000136676477268, 0.00016886596859, 7.80207265052e-05, 0.000100975114037, 6.11140349065e-05, 6.55710828141e-05, 6.41772639938e-05, 9.03197287698e-05, 6.61045196466e-05],
        "mean": [0.00372014800087, 0.00258424528874, 0.00115111761261, 0.000432132073911, 0.000266113638645, 0.000252354424447, 0.000297501363093, 0.000191685874597, 0.000162325057318, 9.88873071037e-05, 7.51141778892e-05, 6.51804657537e-05, 5.02503426105e-05, 4.98961708217e-05, 5.74435616727e-05, 4.00829558203e-05, 4.15554350184e-05, 3.40546394e-05, 3.30014117935e-05, 3.35224103765e-05, 2.79107971437e-05, 2.43540598603e-05, 1.82522198884e-05, 1.30744474518e-05, 1.12314974103e-05, 9.55047198659e-06, 6.44302281216e-06, 5.66287326365e-06, 5.13733220942e-06, 6.17556770521e-06, 5.85943507758e-06, 5.00832175021e-06, 5.52400479137e-06, 3.57515318683e-06, 3.22546088682e-06, 2.31008448282e-06, 1.79089886387e-06, 1.87194757473e-06, 1.86583451978e-06, 1.61885088801e-06],
        "median": [0.000201925809961, 9.05484630493e-05, 0.000178793081432, 0.000156286841957, 0.000159100440214, 0.000118410644063, 8.3610015281e-05, 6.15651151747e-05, 5.20935354871e-05, 2.76177452179e-05, 2.54645583482e-05, 1.83466036106e-05, 1.92774259631e-05, 1.40108595588e-05, 1.07652258521e-05, 8.9403720267e-06, 1.06950546979e-05, 8.21690809971e-06, 8.73105273058e-06, 8.17203454062e-06, 6.76295712765e-06, 7.3406536103e-06, 6.27451345281e-06, 4.92664412377e-06, 4.20839114668e-06, 3.4051242892e-06, 2.35732272813e-06, 1.57279532687e-06, 9.84684902505e-07, 9.16133785722e-07, 8.41553287501e-07, 7.05621175712e-07, 4.67899184287e-07, 2.73357329661e-07, 2.20483244107e-07, 1.97538270186e-07, 1.86493068099e-07, 1.84163084782e-07, 1.32291461341e-07, 9.56298507049e-08],
        "min": [3.29889521549e-24, 1.76822698589e-24, 1.58009164721e-24, 5.31622278157e-24, 7.98194470793e-24, 9.91562106919e-24, 4.02438021887e-24, 5.86437343118e-24, 3.64756424141e-24, 4.32677111423e-24, 1.03020674606e-23, 3.93317685418e-24, 1.03344851078e-24, 3.54112008403e-24, 3.76188675266e-24, 8.09357878121e-24, 6.00711583983e-24, 6.14029015456e-24, 7.34578676358e-24, 5.85239339504e-24, 5.67509059571e-24, 5.70393766129e-24, 5.32048539147e-24, 5.25365191229e-24, 7.17675201539e-24, 3.75054648272e-24, 5.89869085271e-24, 8.64333042404e-24, 8.06730261332e-24, 7.32222979923e-24, 9.87777152296e-24, 4.95732814615e-24, 5.73325449354e-24, 9.29976761568e-24, 8.50200757059e-24, 8.49241738856e-24, 7.13782251858e-24, 8.29473279002e-24, 7.77050000862e-24, 1.03339579515e-23],
        "var": [3.29243412125e-05, 2.21020054596e-05, 1.55497273227e-05, 9.49744503487e-07, 1.15204265683e-07, 1.45925483253e-07, 3.41847140817e-07, 1.66478670849e-07, 1.25458342382e-07, 4.98022885154e-08, 3.86684035902e-08, 2.90988761975e-08, 9.13375419742e-09, 1.07026112417e-08, 2.77560108231e-08, 9.17820219826e-09, 9.02492569566e-09, 5.69690961072e-09, 5.32000088427e-09, 5.04560437875e-09, 3.18803095034e-09, 1.8173543781e-09, 9.4635699277e-10, 5.62846380614e-10, 4.87397344706e-10, 2.59957610993e-10, 1.03192926426e-10, 7.7995124248e-11, 9.96523072394e-11, 1.47393347527e-10, 1.65437996635e-10, 1.19937712539e-10, 1.88325077755e-10, 5.77635508869e-11, 5.6761588485e-11, 3.25076528196e-11, 2.37127210229e-11, 3.3401309496e-11, 4.05295103034e-11, 2.85569051045e-11]
    },
    "mfcc": {
        "mean": [-680.653991699, 117.865486145, -15.0330629349, 14.4937744141, -0.737031877041, -3.92100763321, -8.25678348541, -2.84111094475, -3.53741168976, -3.39913368225, -1.84605658054, -1.41777861118, -1.5336805582],
        "cov": [[11203.0390625, -1752.41491699, 2200.83862305, 1815.86584473, 992.373352051, 1506.21350098, 785.874084473, 954.684204102, 630.310424805, 550.945373535, 649.10168457, 552.03302002, 479.518005371], [-1752.41491699, 1821.19018555, -565.936157227, -132.986114502, -3.48043727875, -210.710281372, 39.3863487244, -3.34711360931, -45.0703163147, -7.11163282394, -23.3049316406, -7.74544811249, -10.1160144806], [2200.83862305, -565.936157227, 1686.73217773, 753.63470459, 461.845733643, 691.046813965, 376.534576416, 381.859558105, 250.703460693, 194.641418457, 213.778717041, 190.336486816, 183.347579956], [1815.86584473, -132.986114502, 753.63470459, 821.551452637, 366.75604248, 487.591033936, 270.578887939, 297.556182861, 223.889175415, 193.99899292, 162.301681519, 155.483932495, 155.559585571], [992.373352051, -3.48043727875, 461.845733643, 366.75604248, 506.464447021, 248.917694092, 162.510025024, 159.027481079, 123.720962524, 136.663345337, 100.538612366, 102.410316467, 112.62361145], [1506.21350098, -210.710281372, 691.046813965, 487.591033936, 248.917694092, 604.535583496, 286.594940186, 257.736572266, 207.557785034, 186.181610107, 168.008483887, 147.829208374, 119.441444397], [785.874084473, 39.3863487244, 376.534576416, 270.578887939, 162.510025024, 286.594940186, 327.672546387, 208.121185303, 134.66078186, 119.774673462, 121.368408203, 111.92943573, 88.2958450317], [954.684204102, -3.34711360931, 381.859558105, 297.556182861, 159.027481079, 257.736572266, 208.121185303, 286.537841797, 150.581588745, 115.603096008, 111.927742004, 114.414741516, 84.0192871094], [630.310424805, -45.0703163147, 250.703460693, 223.889175415, 123.720962524, 207.557785034, 134.66078186, 150.581588745, 200.658996582, 123.634338379, 91.2961349487, 92.4657897949, 62.296257019], [550.945373535, -7.11163282394, 194.641418457, 193.99899292, 136.663345337, 186.181610107, 119.774673462, 115.603096008, 123.634338379, 174.862258911, 96.8242950439, 82.2492141724, 64.9086532593], [649.10168457, -23.3049316406, 213.778717041, 162.301681519, 100.538612366, 168.008483887, 121.368408203, 111.927742004, 91.2961349487, 96.8242950439, 154.503158569, 95.0963821411, 55.0658302307], [552.03302002, -7.74544811249, 190.336486816, 155.483932495, 102.410316467, 147.829208374, 111.92943573, 114.414741516, 92.4657897949, 82.2492141724, 95.0963821411, 134.504638672, 76.9092483521], [479.518005371, -10.1160144806, 183.347579956, 155.559585571, 112.62361145, 119.441444397, 88.2958450317, 84.0192871094, 62.296257019, 64.9086532593, 55.0658302307, 76.9092483521, 122.342300415]],
