{
"lowlevel": {
    "average_loudness": 0.885733604431,
    "barkbands_crest": {
        "dmean": 3.72476196289,
        "dmean2": 6.09916591644,
        "dvar": 8.71731090546,
        "dvar2": 22.0739917755,
        "max": 25.6792984009,
        "mean": 11.1550188065,
        "median": 10.3337535858,
        "min": 2.53916430473,
        "var": 22.2057037354
    },
    "barkbands_flatness_db": {
        "dmean": 0.0331972464919,
        "dmean2": 0.0506223216653,
        "dvar": 0.00098397990223,
        "dvar2": 0.00225829565898,
        "max": 0.469595938921,
        "mean": 0.181804120541,
        "median": 0.164558663964,
        "min": 0.0337567925453,
        "var": 0.0067291604355
    },
    "barkbands_kurtosis": {
        "dmean": 5.13294839859,
        "dmean2": 8.50880432129,
        "dvar": 89.3632736206,
        "dvar2": 242.946578979,
        "max": 107.63054657,
        "mean": 5.11159563065,
        "median": 1.56764125824,
        "min": -1.8683218956,
        "var": 105.855957031
    },
    "barkbands_skewness": {
        "dmean": 0.897158801556,
        "dmean2": 1.40135633945,
        "dvar": 0.851487219334,
        "dvar2": 2.04148507118,
        "max": 9.28072452545,
        "mean": 1.24149847031,
        "median": 1.08038854599,
        "min": -5.78956842422,
        "var": 2.8190202713
    },
    "barkbands_spread": {
        "dmean": 8.70930576324,
        "dmean2": 14.0411405563,
        "dvar": 109.241569519,
        "dvar2": 286.446044922,
        "max": 101.392791748,
        "mean": 22.6367721558,
        "median": 20.0120067596,
        "min": 1.05800580978,
        "var": 249.502731323
    },
    "dissonance": {
        "dmean": 0.0308261793107,
        "dmean2": 0.0512199141085,
        "dvar": 0.00137519754935,
        "dvar2": 0.00349017698318,
        "max": 0.500000059605,
        "mean": 0.449654102325,
        "median": 0.470684409142,
        "min": 0.105515606701,
        "var": 0.00305455364287
    },
    "dynamic_complexity": 2.32607030869,
    "erbbands_crest": {
        "dmean": 3.51832342148,
        "dmean2": 5.95494556427,
        "dvar": 10.458568573,
        "dvar2": 29.99751091,
        "max": 29.3707771301,
        "mean": 10.5552968979,
        "median": 9.38978385925,
        "min": 2.33340620995,
        "var": 28.2750854492
    },
    "erbbands_flatness_db": {
        "dmean": 0.023323148489,
        "dmean2": 0.0341553911567,
        "dvar": 0.000540860521141,
        "dvar2": 0.00113483052701,
        "max": 0.535470306873,
        "mean": 0.193673163652,
        "median": 0.16469116509,
        "min": 0.0553165860474,
        "var": 0.0105316182598
    },
    "erbbands_kurtosis": {
        "dmean": 1.97087275982,
        "dmean2": 3.13755226135,
        "dvar": 7.63993501663,
        "dvar2": 19.0317115784,
        "max": 32.8583488464,
        "mean": 1.78456044197,
        "median": 0.090104341507,
        "min": -1.74543595314,
        "var": 16.0121707916
    },
    "erbbands_skewness": {
        "dmean": 0.634043931961,
        "dmean2": 0.967398941517,
        "dvar": 0.38248988986,
        "dvar2": 0.822986066341,
        "max": 5.24192094803,
        "mean": 0.21659719944,
        "median": 0.131403282285,
        "min": -3.61318850517,
        "var": 1.19833445549
    },
    "erbbands_spread": {
        "dmean": 11.4503087997,
        "dmean2": 17.8337287903,
        "dvar": 172.144165039,
        "dvar2": 396.560333252,
        "max": 167.019592285,
        "mean": 38.5416603088,
        "median": 32.388217926,
        "min": 0.612669765949,
        "var": 807.30291748
    },
    "hfc": {
        "dmean": 10.9003667831,
        "dmean2": 17.0261993408,
        "dvar": 175.906860352,
        "dvar2": 428.111694336,
        "max": 140.109741211,
        "mean": 29.1885433197,
        "median": 27.1004371643,
        "min": 1.25039586009e-16,
        "var": 468.600830078
    },
    "melbands_crest": {
        "dmean": 4.14305305481,
        "dmean2": 6.70557641983,
        "dvar": 11.7963008881,
        "dvar2": 28.3931484222,
        "max": 28.7616691589,
        "mean": 14.6192512512,
        "median": 13.9690341949,
        "min": 3.02895927429,
        "var": 27.5084075928
    },
    "melbands_flatness_db": {
        "dmean": 0.0407717041671,
        "dmean2": 0.0615986920893,
        "dvar": 0.00157555611804,
        "dvar2": 0.00339241488837,
        "max": 0.548625707626,
        "mean": 0.236811265349,
        "median": 0.222522079945,
        "min": 0.00812568422407,
        "var": 0.00954920612276
    },
    "melbands_kurtosis": {
        "dmean": 13.6402006149,
        "dmean2": 22.4133911133,
        "dvar": 771.745361328,
        "dvar2": 1947.96984863,
        "max": 356.599822998,
        "mean": 17.8573493958,
        "median": 6.66722011566,
        "min": -1.86284399033,
        "var": 1152.67138672
    },
    "melbands_skewness": {
        "dmean": 1.20651400089,
        "dmean2": 1.86767184734,
        "dvar": 1.74214363098,
        "dvar2": 4.12585544586,
        "max": 16.9384422302,
        "mean": 2.56869912148,
        "median": 2.14603900909,
        "min": -4.27879190445,
        "var": 6.48468494415
    },
    "melbands_spread": {
        "dmean": 10.1003923416,
        "dmean2": 15.7729139328,
        "dvar": 170.657974243,
        "dvar2": 362.346740723,
        "max": 249.623931885,
        "mean": 23.3224315643,
        "median": 18.3266220093,
        "min": 0.812719225883,
        "var": 400.70892334
    },
    "pitch_salience": {
        "dmean": 0.115143612027,
        "dmean2": 0.190159037709,
        "dvar": 0.00974107161164,
        "dvar2": 0.0259790830314,
        "max": 0.901258587837,
        "mean": 0.555898070335,
        "median": 0.564736425877,
        "min": 0.157953828573,
        "var": 0.0183317288756
    },
    "silence_rate_20dB": {
        "dmean": 0,
        "dmean2": 0,
        "dvar": 0,
        "dvar2": 0,
        "max": 1,
        "mean": 1,
        "median": 1,
        "min": 1,
        "var": 0
    },
    "silence_rate_30dB": {
        "dmean": 0.0332817323506,
        "dmean2": 0.0665892362595,
        "dvar": 0.0321736484766,
        "dvar2": 0.0768672898412,
        "max": 1,
        "mean": 0.96827852726,
        "median": 1,
        "min": 0,
        "var": 0.0307153500617
    },
    "silence_rate_60dB": {
        "dmean": 0.0119969043881,
        "dmean2": 0.0240030977875,
        "dvar": 0.0118522197008,
        "dvar2": 0.0273012556136,
        "max": 1,
        "mean": 0.0139264985919,
        "median": 0,
        "min": 0,
        "var": 0.0137330610305
    },
    "spectral_centroid": {
        "dmean": 341.366363525,
        "dmean2": 528.992370605,
        "dvar": 165125.109375,
        "dvar2": 330505.9375,
        "max": 10792.2470703,
        "mean": 1291.77160645,
        "median": 1219.32763672,
        "min": 169.556976318,
        "var": 407597.28125
    },
    "spectral_complexity": {
        "dmean": 4.91873073578,
        "dmean2": 7.35191631317,
        "dvar": 27.8927631378,
        "dvar2": 55.2868347168,
        "max": 58,
        "mean": 19.4135398865,
        "median": 16,
        "min": 0,
        "var": 149.101364136
    },
    "spectral_decrease": {
        "dmean": 4.11777811848e-09,
        "dmean2": 6.63706423154e-09,
        "dvar": 2.50416026433e-17,
        "dvar2": 6.39884621082e-17,
        "max": 9.01936043931e-29,
        "mean": -9.67115543204e-09,
        "median": -7.73566011247e-09,
        "min": -4.74874362055e-08,
        "var": 6.04771929044e-17
    },
    "spectral_energy": {
        "dmean": 0.0161058716476,
        "dmean2": 0.0258810538799,
        "dvar": 0.000368619075743,
        "dvar2": 0.00094204331981,
        "max": 0.182359442115,
        "mean": 0.0391486808658,
        "median": 0.0320432856679,
        "min": 1.10010465514e-20,
        "var": 0.000921954051591
    },
    "spectral_energyband_high": {
        "dmean": 0.000689066830091,
        "dmean2": 0.00108074361924,
        "dvar": 1.72936836407e-06,
        "dvar2": 4.45651949121e-06,
        "max": 0.0140575878322,
        "mean": 0.00139191257767,
        "median": 0.00046429579379,
        "min": 7.91124019678e-21,
        "var": 3.73381021745e-06
    },
    "spectral_energyband_low": {
        "dmean": 0.00983704254031,
        "dmean2": 0.0160888265818,
        "dvar": 0.000299791921861,
        "dvar2": 0.000751856598072,
        "max": 0.166781961918,
        "mean": 0.0161062013358,
        "median": 0.00445333821699,
        "min": 1.27267182275e-22,
        "var": 0.00065890525002
    },
    "spectral_energyband_middle_high": {
        "dmean": 0.00399312237278,
        "dmean2": 0.00502460962161,
        "dvar": 2.64740647253e-05,
        "dvar2": 3.90470049751e-05,
        "max": 0.0633748322725,
        "mean": 0.00820192787796,
        "median": 0.00498688034713,
        "min": 1.55212414497e-21,
        "var": 9.37560471357e-05
    },
    "spectral_energyband_middle_low": {
        "dmean": 0.00898597016931,
        "dmean2": 0.0144271897152,
        "dvar": 0.000163117554621,
        "dvar2": 0.000425514910603,
        "max": 0.105042926967,
        "mean": 0.0144109139219,
        "median": 0.0104091968387,
        "min": 2.79105425372e-22,
        "var": 0.000190551305423
    },
    "spectral_entropy": {
        "dmean": 0.269275546074,
        "dmean2": 0.395379662514,
        "dvar": 0.0868609622121,
        "dvar2": 0.185467630625,
        "max": 9.80126857758,
        "mean": 7.38208055496,
        "median": 7.5514922142,
        "min": 4.55628538132,
        "var": 0.58535939455
    },
    "spectral_flux": {
        "dmean": 0.0363647192717,
        "dmean2": 0.0592910833657,
        "dvar": 0.00140744645614,
        "dvar2": 0.00300162890926,
        "max": 0.348173469305,
        "mean": 0.117702178657,
        "median": 0.110339403152,
        "min": 1.04885870822e-10,
        "var": 0.00333184888586
    },
    "spectral_kurtosis": {
        "dmean": 6.11335945129,
        "dmean2": 9.9594078064,
        "dvar": 196.885879517,
        "dvar2": 467.00958252,
        "max": 183.872970581,
        "mean": 11.6706533432,
        "median": 3.72550344467,
        "min": -1.17654144764,
        "var": 513.661010742
    },
    "spectral_rms": {
        "dmean": 0.00125575135462,
        "dmean2": 0.00196839100681,
        "dvar": 1.61902244145e-06,
        "dvar2": 3.96983250539e-06,
        "max": 0.0133383525535,
        "mean": 0.00570528022945,
        "median": 0.00559122022241,
        "min": 3.27608426498e-12,
        "var": 5.64363199373e-06
    },
    "spectral_rolloff": {
        "dmean": 746.005249023,
        "dmean2": 1322.41162109,
        "dvar": 2547145.25,
        "dvar2": 6308854,
        "max": 19013.8183594,
        "mean": 1520.32751465,
        "median": 990.52734375,
        "min": 86.1328125,
        "var": 2830568.25
    },
    "spectral_skewness": {
        "dmean": 0.524771213531,
        "dmean2": 0.836607992649,
        "dvar": 0.762447714806,
        "dvar2": 1.8238812685,
        "max": 11.3216218948,
        "mean": 1.94111323357,
        "median": 1.47912669182,
        "min": 0.0464858189225,
        "var": 1.91438555717
    },
    "spectral_spread": {
        "dmean": 655764.875,
        "dmean2": 990168.5625,
        "dvar": 1.27394001715e+12,
        "dvar2": 2.46039969792e+12,
        "max": 40403832,
        "mean": 4564256.5,
        "median": 4888554,
        "min": 387367.875,
        "var": 5.85250163917e+12
    },
    "spectral_strongpeak": {
        "dmean": 0.837430894375,
        "dmean2": 1.32298505306,
        "dvar": 1.47235178947,
        "dvar2": 3.32178092003,
        "max": 10.0191669464,
        "mean": 1.36363387108,
        "median": 0.65634727478,
        "min": 0,
        "var": 3.16658997536
    },
    "zerocrossingrate": {
        "dmean": 0.0131871839985,
        "dmean2": 0.0164953246713,
        "dvar": 0.000355867523467,
        "dvar2": 0.000468857993837,
        "max": 0.505859375,
        "mean": 0.0596284903586,
        "median": 0.0517578125,
        "min": 0.00341796875,
        "var": 0.0013817717554
    },
    "barkbands": {
        "dmean": [0.000400547171012, 0.00711465487257, 0.00398195907474, 0.00169427052606, 0.00336295133457, 0.0022939410992, 0.000738572853152, 0.00117859768216, 0.0028362874873, 0.000345352396835, 0.00253119668923, 0.000270411052043, 0.000550704891793, 0.000334395386744, 0.000603420718107, 0.000500557594933, 0.00049807340838, 0.000317983387504, 0.000124247555505, 0.000111723646114, 0.000123801379232, 0.000181120267371, 0.000164597251569, 0.000127393112052, 9.67925443547e-05, 8.20520435809e-05, 1.7503078098e-08],
        "dmean2": [0.000696292670909, 0.0116196228191, 0.00692981341854, 0.00298767467029, 0.00566125009209, 0.00364336371422, 0.00132055196445, 0.00212562340312, 0.00470042787492, 0.00056444312213, 0.00314583070576, 0.000436454894952, 0.00081653916277, 0.000505825330038, 0.000998215051368, 0.000818069151137, 0.000791450380348, 0.00051745516248, 0.000199095913558, 0.000179354843567, 0.000194935084437, 0.00030464908923, 0.00025600331719, 0.000204697411391, 0.000157589282026, 0.000140819844091, 3.28119398318e-08],
        "dvar": [3.39084266443e-07, 0.000203299030545, 5.2218172641e-05, 1.58278235176e-05, 4.40886797151e-05, 1.03676266008e-05, 2.73710020338e-06, 7.54283200877e-06, 4.84638185299e-05, 4.92828974075e-07, 3.23795320583e-05, 2.70457377383e-07, 1.74512422291e-06, 3.71041494418e-07, 2.28659814638e-06, 8.64573621584e-07, 1.28693670831e-06, 3.11686051191e-07, 3.95641954754e-08, 3.59119525228e-08, 5.13921101231e-08, 2.19375436927e-07, 1.12252131146e-07, 9.88110997469e-08, 7.41653991554e-08, 9.60161727903e-08, 4.05583295356e-14],
        "dvar2": [8.93193316642e-07, 0.000511554768309, 0.000140807562275, 4.39945433754e-05, 0.000122575875139, 2.4038952688e-05, 7.61640421842e-06, 2.18499644689e-05, 0.000128571336973, 1.22278015624e-06, 4.41215088358e-05, 6.59704653572e-07, 3.24292113874e-06, 8.62215415509e-07, 5.67224469705e-06, 2.25108510676e-06, 3.14150815939e-06, 7.46385126149e-07, 9.69301439113e-08, 8.89459457198e-08, 1.16977027176e-07, 6.09225196513e-07, 2.87766312113e-07, 2.64400455308e-07, 1.97669820068e-07, 2.61505761046e-07, 1.18510426082e-13],
        "max": [0.00674920808524, 0.145988404751, 0.0934251695871, 0.0511440448463, 0.0696269273758, 0.0309327505529, 0.0197672881186, 0.0264516845345, 0.0621450655162, 0.00879551284015, 0.06271456182, 0.00748792896047, 0.0133719621226, 0.00888597220182, 0.0140767619014, 0.0133344344795, 0.0112014617771, 0.00603005569428, 0.00213275221176, 0.00236997520551, 0.00246042152867, 0.00609921710566, 0.00372611964121, 0.00573755521327, 0.00330302142538, 0.0035309321247, 6.93609945301e-06],
        "mean": [0.000452689098893, 0.00981775205582, 0.00494774011895, 0.00187827774789, 0.00390286836773, 0.00356160569936, 0.000664428225718, 0.00110510224476, 0.00317262089811, 0.000487574114231, 0.00346233835444, 0.000341149192536, 0.000662808946799, 0.000494808016811, 0.000675869290717, 0.000696941046044, 0.000669132976327, 0.000446584192105, 0.000211488004425, 0.000219312205445, 0.000264594127657, 0.000298379833112, 0.000283903296804, 0.000206225755392, 0.000140281947097, 8.42160952743e-05, 1.0711100451e-08],
        "median": [0.00019188245642, 0.00183862028643, 0.001294528367, 0.000401194323786, 0.00140298425686, 0.00172319996636, 0.000148814433487, 0.000436515925685, 0.00107277894858, 0.000161739459145, 0.000467223202577, 0.000112918263767, 0.000220599162276, 0.000171585386852, 0.000199746340513, 0.000210052850889, 0.000214337167563, 0.000176275789272, 0.000109122796857, 0.000109375541797, 7.41998737794e-05, 5.36371553608e-05, 5.82897555432e-05, 4.55287117802e-05, 3.09391652991e-05, 1.69210179592e-05, 6.28635588029e-10],
        "min": [1.4168942725e-25, 6.99192285193e-23, 5.44221633213e-23, 3.76638325982e-24, 6.79233978073e-23, 9.09310309791e-23, 3.22274670896e-23, 1.26412356821e-23, 3.92659428324e-23, 1.26299597043e-22, 9.77472057187e-23, 8.4215565378e-23, 7.77374838006e-23, 6.14552621882e-23, 1.55131036868e-22, 1.04868978862e-22, 1.92785374737e-22, 2.47001108936e-22, 2.54189865837e-22, 3.02667501543e-22, 3.3069569164e-22, 3.70740214942e-22, 6.25767586003e-22, 1.01852742054e-21, 1.49846827482e-21, 1.77868731936e-21, 2.37758102703e-21],
        "var": [4.46929590225e-07, 0.000345424516127, 7.18595620128e-05, 1.45273133967e-05, 4.76162495033e-05, 1.96158016479e-05, 2.11281439988e-06, 4.92299341204e-06, 3.91088506149e-05, 8.13593487692e-07, 7.24140554667e-05, 4.27737688824e-07, 2.35046081798e-06, 6.44160650154e-07, 2.14055694414e-06, 1.36524886329e-06, 1.50184575887e-06, 4.7217838528e-07, 7.13044272516e-08, 8.42987262217e-08, 1.52437436896e-07, 2.92373869115e-07, 2.13258701365e-07, 1.29528160642e-07, 7.40246761666e-08, 6.86394230343e-08, 2.13784373505e-14]
    },
    "erbbands": {
        "dmean": [0.146272152662, 1.83719944954, 4.40709447861, 4.90644407272, 10.2918577194, 10.3126630783, 18.519569397, 15.8054161072, 11.0230875015, 9.68729782104, 46.8687705994, 66.130241394, 10.9567584991, 45.2822151184, 68.6730880737, 12.5832662582, 28.5980396271, 13.7715568542, 16.4164199829, 38.4811172485, 25.9821109772, 27.5124874115, 18.917924881, 7.56680393219, 5.61385202408, 5.4591884613, 4.86639070511, 4.84141921997, 6.222240448, 6.21133804321, 4.33880710602, 2.45528793335, 2.25597858429, 0.954589366913, 0.793874442577, 0.457936286926, 0.134942024946, 0.0106369052082, 0.000205455435207, 2.64831633103e-05],
        "dmean2": [0.239264145494, 3.00343680382, 7.70224046707, 8.42708873749, 17.7204017639, 18.146987915, 29.242017746, 25.2417564392, 19.5644435883, 17.333946228, 82.8607177734, 107.36517334, 18.1123580933, 61.308429718, 84.7797927856, 19.4412784576, 41.9745178223, 21.4584178925, 26.2262268066, 63.1395721436, 41.7870559692, 42.8182029724, 30.4597396851, 12.107219696, 8.62149429321, 8.78118610382, 7.48117113113, 7.73427963257, 10.4704637527, 10.0087404251, 6.75624132156, 3.8847887516, 3.62680268288, 1.49350059032, 1.33816766739, 0.790806949139, 0.231341123581, 0.0181952323765, 0.000348497589584, 4.27857667091e-05],
        "dvar": [0.0904217287898, 13.426612854, 63.4566612244, 104.521240234, 489.559509277, 492.332611084, 738.013549805, 621.188476562, 542.280273438, 452.173706055, 13110.3447266, 27310.7675781, 484.066650391, 8510.25195312, 21665.3671875, 460.421539307, 5539.60546875, 700.45703125, 868.841918945, 8091.14697266, 2239.62036133, 3982.4675293, 1084.53674316, 183.751358032, 68.4249725342, 88.0205230713, 70.8370895386, 79.8610229492, 202.918563843, 231.194366455, 79.8401947021, 31.5782794952, 32.4311752319, 5.03077602386, 7.13312530518, 3.12318229675, 0.264179736376, 0.00155176850967, 5.42152520211e-07, 1.81683712519e-09],
        "dvar2": [0.216421112418, 34.4215087891, 172.520477295, 275.688079834, 1379.25268555, 1399.40563965, 1777.26379395, 1521.23071289, 1485.20141602, 1257.1595459, 37531.5234375, 70949.546875, 1267.18347168, 12226.0849609, 30132.484375, 1090.95690918, 10481.8613281, 1714.33679199, 2158.62768555, 20492.1523438, 5811.91699219, 9450.81054688, 2722.88037109, 446.757415771, 168.036422729, 220.108444214, 157.951782227, 195.696258545, 568.648925781, 618.315368652, 208.290115356, 83.4813461304, 87.2405700684, 12.7359285355, 19.6862888336, 8.56875896454, 0.713715314865, 0.00412035500631, 1.44222281051e-06, 4.79282347143e-09],
        "max": [3.13474798203, 36.8918228149, 92.8906707764, 110.544242859, 207.231155396, 194.122543335, 317.483551025, 278.267730713, 263.492889404, 249.164367676, 931.302978516, 1440.8873291, 304.649627686, 1052.08276367, 1596.62121582, 321.584625244, 749.298522949, 440.139831543, 427.966247559, 818.660888672, 874.757324219, 629.740905762, 330.728729248, 209.419311523, 114.296760559, 122.960464478, 91.962852478, 93.2560501099, 160.765090942, 199.861312866, 121.239028931, 114.059402466, 91.5225296021, 32.6064147949, 34.5677185059, 21.592716217, 7.24250364304, 0.511846244335, 0.0092048458755, 0.000485496799229],
        "mean": [0.212483540177, 2.45082259178, 5.83370685577, 6.50978851318, 11.7333345413, 10.6253604889, 26.4830722809, 22.5918331146, 10.6174049377, 10.1548080444, 47.0650215149, 75.7024154663, 15.863409996, 64.1504135132, 94.9494094849, 19.138420105, 33.9344940186, 21.8298473358, 26.2153530121, 45.4184875488, 39.1320152283, 38.0379867554, 27.8615665436, 12.5439109802, 10.4075756073, 10.5515460968, 10.3247232437, 10.1064453125, 10.7328023911, 10.3006210327, 7.43170499802, 4.46846914291, 3.3251054287, 1.59132575989, 0.982974112034, 0.476994454861, 0.136216193438, 0.0107346950099, 0.000232677688473, 5.89900992054e-05],
        "median": [0.039881721139, 0.454208314419, 1.55883014202, 1.97572910786, 2.67197966576, 3.96909594536, 13.3780727386, 9.01015853882, 2.71340489388, 3.70338845253, 20.9110832214, 24.6117763519, 8.52805042267, 16.7951183319, 14.4776210785, 9.19222640991, 10.6024751663, 9.09447097778, 11.423746109, 14.3186092377, 12.4905643463, 12.7756538391, 10.7057094574, 6.40593767166, 5.63645982742, 5.50647783279, 3.87766122818, 2.55295562744, 1.91753852367, 2.08871364594, 1.59253501892, 1.24935257435, 0.616294741631, 0.386043548584, 0.185844555497, 0.0858121067286, 0.0263582207263, 0.00190246116836, 7.0449867053e-05, 4.61987983726e-05],
        "min": [1.01433012517e-21, 1.92950589221e-20, 6.38925355752e-20, 3.71859432114e-20, 8.95388633394e-20, 2.04642880883e-19, 7.96911954289e-19, 5.42241189959e-19, 3.52997878841e-19, 3.87402233372e-19, 4.24847148739e-19, 8.4648018381e-19, 2.59284147062e-18, 6.05976221298e-18, 2.39157209077e-18, 3.60082804865e-18, 3.34333954526e-18, 3.07967469103e-18, 4.81602626525e-18, 8.27555821679e-18, 6.45457138345e-18, 1.25864844254e-17, 1.02775363041e-17, 1.51359808047e-17, 1.42567804578e-17, 1.48092527346e-17, 8.73698934097e-18, 1.76638530285e-17, 1.53084032947e-17, 1.38319942619e-17, 1.73809440241e-17, 2.03740457854e-17, 1.84155302491e-17, 1.28618305174e-17, 1.12635984599e-17, 4.88458175365e-18, 4.13768232826e-18, 1.31802896766e-18, 3.29324538396e-19, 3.73241017608e-20],
        "var": [0.174488171935, 21.5069332123, 94.0971298218, 135.406860352, 507.763092041, 403.776580811, 1128.72106934, 1012.59564209, 456.617248535, 362.973907471, 8506.44921875, 23116.1132812, 590.844970703, 16879.671875, 50649.8398438, 863.976806641, 7176.73876953, 1149.39916992, 1464.80310059, 8145.38476562, 3905.13378906, 4860.76611328, 1752.89575195, 285.978546143, 154.477462769, 199.330459595, 215.523361206, 220.301254272, 323.304656982, 335.540313721, 145.686325073, 52.5119934082, 38.0369682312, 7.01362657547, 5.61161851883, 2.21650028229, 0.188831567764, 0.00115876994096, 4.08938063856e-07, 2.56666465859e-09]
    },
    "gfcc": {
        "mean": [-8.22819423676, 103.904663086, -119.71257019, 24.9177036285, -50.1022720337, 12.6657133102, -36.2412147522, 12.454873085, -19.3978805542, -1.29935145378, -17.2029418945, 4.10516405106, -4.39407396317],
        "cov": [[9351.30664062, -3822.87426758, 1372.5135498, 2360.39599609, -1228.32165527, 1318.56420898, -633.840637207, 267.450561523, -442.695770264, 452.428710938, -819.44329834, 51.15625, -595.3125], [-3822.87426758, 3538.8762207, -1275.41491699, -1629.34289551, 990.187683105, -760.821044922, 651.583862305, -251.245193481, 385.99029541, -388.889129639, 585.04284668, -200.610900879, 368.760559082], [1372.5135498, -1275.41491699, 1684.21386719, 927.231323242, -452.654998779, 509.15536499, -332.785217285, 69.0155563354, -205.674636841, 158.728561401, -318.150482178, 50.4644813538, -332.351989746], [2360.39599609, -1629.34289551, 927.231323242, 1593.19384766, -355.720550537, 446.795532227, -308.365905762, 118.843849182, -83.6982727051, 188.576217651, -336.140228271, -8.78109931946, -289.722991943], [-1228.32165527, 990.187683105, -452.654998779, -355.720550537, 865.813781738, -153.868728638, 144.232650757, 3.47277712822, 163.770721436, -83.8513412476, 116.507095337, -114.608772278, 50.0438652039], [1318.56420898, -760.821044922, 509.15536499, 446.795532227, -153.868728638, 639.568115234, -15.9375419617, 18.7600402832, -69.1926345825, 123.372764587, -148.01449585, 8.89780426025, -162.580291748], [-633.840637207, 651.583862305, -332.785217285, -308.365905762, 144.232650757, -15.9375419617, 416.666931152, -34.9450874329, 42.665977478, -65.9374923706, 143.350753784, -47.1735534668, 76.9873962402], [267.450561523, -251.245193481, 69.0155563354, 118.843849182, 3.47277712822, 18.7600402832, -34.9450874329, 162.606414795, 11.4391317368, 21.6701564789, -46.1661148071, -5.39770698547, -40.7437591553], [-442.695770264, 385.99029541, -205.674636841, -83.6982727051, 163.770721436, -69.1926345825, 42.665977478, 11.4391317368, 200.006256104, -6.46094894409, 61.2531204224, -41.5134429932, 17.6961040497], [452.428710938, -388.889129639, 158.728561401, 188.576217651, -83.8513412476, 123.372764587, -65.9374923706, 21.6701564789, -6.46094894409, 124.475387573, -51.1854553223, 9.82738494873, -60.8942108154], [-819.44329834, 585.04284668, -318.150482178, -336.140228271, 116.507095337, -148.01449585, 143.350753784, -46.1661148071, 61.2531204224, -51.1854553223, 194.79914856, 3.22849607468, 99.6983032227], [51.15625, -200.610900879, 50.4644813538, -8.78109931946, -114.608772278, 8.89780426025, -47.1735534668, -5.39770698547, -41.5134429932, 9.82738494873, 3.22849607468, 105.956764221, 25.8245220184], [-595.3125, 368.760559082, -332.351989746, -289.722991943, 50.0438652039, -162.580291748, 76.9873962402, -40.7437591553, 17.6961040497, -60.8942108154, 99.6983032227, 25.8245220184, 174.267791748]],
        "icov": [[0.000335392251145, -0.000247481366387, 0.000424299621955, -0.000353281910066, 0.000385840510717, -0.000525856448803, 0.00030077440897, -0.000411952612922, 0.000664704595692, -0.000421799893957, 0.000747375946958, -0.000116798670206, 0.000435540161561], [-0.000247481366387, 0.00323436083272, -0.00130979157984, 0.00153152830899, -0.00154284306336, 0.00157383817714, -0.00176334648859, 0.0028848380316, -0.00351685029455, 0.00394770503044, -0.00356514914893, 0.00315532530658, -0.000967851781752], [0.000424299621955, -0.00130979157984, 0.00229109008797, -0.00110780401155, 0.00112779648043, -0.00146417482756, 0.00131608929951, -0.00128205935471, 0.00249224877916, -0.00142971868627, 0.00209964532405, -0.00155741651542, 0.00245462870225], [-0.000353281910066, 0.00153152830899, -0.00110780401155, 0.00218922179192, -0.000715699570719, 0.000827694835607, -0.000760626455303, 0.00124537653755, -0.00225740647875, 0.00144524080679, -0.00101161398925, 0.00173619540874, -0.000260152708506], [0.000385840510717, -0.00154284306336, 0.00112779648043, -0.000715699570719, 0.00270504434593, -0.00120333209634, 0.00107059220318, -0.00177644658834, 0.0012338910019, -0.00132012472022, 0.00180484796874, -1.75797358679e-05, 0.00113954884], [-0.000525856448803, 0.00157383817714, -0.00146417482756, 0.000827694835607, -0.00120333209634, 0.00418771337718, -0.00239434698597, 0.0022007394582, -0.00211100373417, 0.000306443747832, -0.0010425321525, 0.000539582862984, 0.00011960809934], [0.00030077440897, -0.00176334648859, 0.00131608929951, -0.000760626455303, 0.00107059220318, -0.00239434698597, 0.00528264511377, -0.00197862624191, 0.00263012270443, -0.000870190444402, -0.000699805445038, 0.000464973709313, 0.000426966842497], [-0.000411952612922, 0.0028848380316, -0.00128205935471, 0.00124537653755, -0.00177644658834, 0.0022007394582, -0.00197862624191, 0.00972770433873, -0.00412676483393, 0.00304168253206, -0.00180157879367, 0.00202985759825, 3.71644928236e-05], [0.000664704595692, -0.00351685029455, 0.00249224877916, -0.00225740647875, 0.0012338910019, -0.00211100373417, 0.00263012270443, -0.00412676483393, 0.0114802485332, -0.00546804256737, 0.00214030663483, -0.00147219141945, 0.00217933161184], [-0.000421799893957, 0.00394770503044, -0.00142971868627, 0.00144524080679, -0.00132012472022, 0.000306443747832, -0.000870190444402, 0.00304168253206, -0.00546804256737, 0.0169910751283, -0.0053282356821, 0.00305880047381, 0.000729586114176], [0.000747375946958, -0.00356514914893, 0.00209964532405, -0.00101161398925, 0.00180484796874, -0.0010425321525, -0.000699805445038, -0.00180157879367, 0.00214030663483, -0.0053282356821, 0.016970006749, -0.00571221718565, -0.000124526253785], [-0.000116798670206, 0.00315532530658, -0.00155741651542, 0.00173619540874, -1.75797358679e-05, 0.000539582862984, 0.000464973709313, 0.00202985759825, -0.00147219141945, 0.00305880047381, -0.00571221718565, 0.016989197582, -0.00441331183538], [0.000435540161561, -0.000967851781752, 0.00245462870225, -0.000260152708506, 0.00113954884, 0.00011960809934, 0.000426966842497, 3.71644928236e-05, 0.00217933161184, 0.000729586114176, -0.000124526253785, -0.00441331183538, 0.0138862542808]]
    },
    "melbands": {
        "dmean": [0.00165682623629, 0.00227876682766, 0.000944583211094, 0.000790259975474, 0.00056275492534, 0.000368280394468, 0.000163996039191, 0.000111184665002, 0.000493217783514, 0.000363259518053, 4.4063963287e-05, 0.000171846564626, 0.0003407454642, 2.87384082185e-05, 4.33402856288e-05, 5.32321791979e-05, 2.80529238808e-05, 2.8243259294e-05, 5.12910773978e-05, 4.24618920079e-05, 3.10687682941e-05, 3.48812609445e-05, 2.07138382393e-05, 1.27391422211e-05, 6.04509250479e-06, 4.28630528404e-06, 4.06183562518e-06, 3.79687912755e-06, 2.96522148346e-06, 3.91847743231e-06, 2.69538645625e-06, 2.99874454868e-06, 5.05376738147e-06, 3.48819844476e-06, 3.14227258968e-06, 1.48500453179e-06, 1.66996539974e-06, 1.9973729195e-06, 1.01244370398e-06, 7.41544283756e-07],
        "dmean2": [0.00270290509798, 0.00389532721601, 0.00162120035384, 0.00136190210469, 0.000901345629245, 0.000586640962865, 0.000292037293548, 0.00019985921972, 0.000858326733578, 0.000589371018577, 7.34413479222e-05, 0.00023599670385, 0.000421608128818, 4.63443539047e-05, 6.21891085757e-05, 8.11731588328e-05, 4.28457205999e-05, 4.45486803073e-05, 8.54418831295e-05, 6.97627183399e-05, 4.95945896546e-05, 5.49956239411e-05, 3.37661258527e-05, 2.06118747883e-05, 9.76563660515e-06, 6.79710456097e-06, 6.23957703283e-06, 6.25008306088e-06, 4.59651482743e-06, 6.15570843365e-06, 4.38158485849e-06, 5.03630099047e-06, 8.61417265696e-06, 5.58897681913e-06, 4.93166999149e-06, 2.34075741901e-06, 2.69639076578e-06, 3.26985082211e-06, 1.60792194492e-06, 1.17331649108e-06],
        "dvar": [1.14431013571e-05, 1.70914772752e-05, 3.29616750605e-06, 2.82700784737e-06, 6.83909263444e-07, 3.00233637063e-07, 1.24368440879e-07, 5.94256981401e-08, 1.47840091813e-06, 8.10716301203e-07, 1.13789537792e-08, 1.2262034943e-07, 5.82504355862e-07, 2.50194998053e-09, 6.31678442886e-09, 1.78407635332e-08, 3.4301461671e-09, 2.59611976361e-09, 1.88050375272e-08, 5.3539581657e-09, 3.3164977431e-09, 7.777742006e-09, 1.35250544098e-09, 4.19569462506e-10, 1.39160460932e-10, 4.37798686193e-11, 4.01619223989e-11, 4.44539023647e-11, 2.79045172386e-11, 6.05602790138e-11, 2.59124874336e-11, 3.86125402485e-11, 2.35273800442e-10, 5.53525732194e-11, 4.83389057948e-11, 9.30280852351e-12, 1.61691458833e-11, 3.09010074473e-11, 6.07160849375e-12, 2.79654771562e-12],
        "dvar2": [2.76585451502e-05, 4.5685123041e-05, 8.68940151122e-06, 7.98823748482e-06, 1.71338979271e-06, 7.20920240838e-07, 3.42127606245e-07, 1.65102505889e-07, 4.19814159613e-06, 2.09212066693e-06, 3.00076052895e-08, 1.84067843634e-07, 8.00534053269e-07, 5.97471672137e-09, 1.14844587173e-08, 3.58089273789e-08, 8.31715407656e-09, 6.45513553721e-09, 4.75638906039e-08, 1.39092142248e-08, 8.46926617726e-09, 1.86712583172e-08, 3.10639935996e-09, 1.13542930613e-09, 3.36485755925e-10, 1.11744037634e-10, 9.5735606942e-11, 1.1477821471e-10, 6.5635587243e-11, 1.46774356558e-10, 6.747161857e-11, 1.07618337852e-10, 6.45220654683e-10, 1.421596868e-10, 1.25835869502e-10, 2.3813902239e-11, 4.34285524209e-11, 8.39304736822e-11, 1.52366782386e-11, 7.08923458131e-12],
        "max": [0.0345568694174, 0.0460674352944, 0.0203663296998, 0.0172745939344, 0.00888043083251, 0.00561183830723, 0.00405299477279, 0.00268565211445, 0.00971710495651, 0.00782043859363, 0.00155425665434, 0.00389135116711, 0.00813040789217, 0.000974398688413, 0.000775736756623, 0.00128244282678, 0.000996864284389, 0.000793072860688, 0.00127839494962, 0.000712622713763, 0.00119669106789, 0.000881409621798, 0.000430238520494, 0.000284287554678, 0.000161912466865, 8.405616245e-05, 8.67368944455e-05, 7.48345191823e-05, 6.49801004329e-05, 9.62015037658e-05, 6.2840161263e-05, 7.60806869948e-05, 0.00020771707932, 7.7906610386e-05, 7.45405704947e-05, 5.80853811698e-05, 7.70258920966e-05, 7.53099157009e-05, 4.4911117584e-05, 2.26778938668e-05],
        "mean": [0.00241410173476, 0.00325273582712, 0.00127630925272, 0.000862099928781, 0.000792132690549, 0.000547143397853, 0.000152260821778, 0.000114207512524, 0.000503419141751, 0.000417313916842, 5.86986243434e-05, 0.000232732869335, 0.000462597905425, 3.87947402487e-05, 6.19271158939e-05, 6.06332287134e-05, 4.07356928918e-05, 4.20272372139e-05, 5.64994261367e-05, 5.41700028407e-05, 4.40122639702e-05, 4.20997530455e-05, 3.16863006447e-05, 1.77808615263e-05, 9.29091038415e-06, 7.45799297874e-06, 7.49275295675e-06, 6.82355175741e-06, 5.92413516642e-06, 7.24405163055e-06, 5.24917459188e-06, 5.41634972251e-06, 6.90135675541e-06, 5.67081860936e-06, 4.8260199037e-06, 2.86158706331e-06, 2.7009796213e-06, 2.69298197964e-06, 1.5840572587e-06, 1.23575068756e-06],
        "median": [0.000466240860987, 0.000832180143334, 0.000475897104479, 0.000209227597225, 0.000429311272455, 0.000234275721596, 3.26599401888e-05, 4.2215877329e-05, 0.00021271960577, 0.000134863395942, 2.11626975215e-05, 5.99068953306e-05, 5.83389555686e-05, 1.68099686562e-05, 2.24145533139e-05, 1.88978556253e-05, 1.50206888065e-05, 1.69071063283e-05, 1.54775607371e-05, 1.86734396266e-05, 1.28646561279e-05, 1.19205669762e-05, 1.1599082427e-05, 6.99105430613e-06, 4.07969719163e-06, 3.83258429792e-06, 3.67747588825e-06, 3.39580674336e-06, 2.17867500396e-06, 1.89066702205e-06, 1.17287470403e-06, 1.01770160654e-06, 1.1047592352e-06, 1.07003347694e-06, 8.86597320005e-07, 7.88663328422e-07, 6.73823478792e-07, 4.20063287265e-07, 3.47775369391e-07, 3.10916846047e-07],
        "min": [1.45324681712e-23, 3.21847739374e-23, 7.51357037837e-24, 1.02084612256e-23, 2.45084426217e-23, 1.3560154507e-23, 5.59637489914e-24, 3.6070195519e-24, 4.11580564791e-24, 5.10210344935e-24, 1.25471513973e-23, 2.41225539549e-23, 9.41653244029e-24, 1.03669489035e-23, 5.54832025381e-24, 9.56071491452e-24, 5.0117244443e-24, 5.7572350762e-24, 1.55020066227e-23, 7.27589053193e-24, 6.51490718224e-24, 1.32151651228e-23, 9.25024845008e-24, 1.11686548308e-23, 1.26515508273e-23, 8.95252603356e-24, 1.09592359263e-23, 9.66404622677e-24, 4.7785990863e-24, 8.41484396259e-24, 9.89827480675e-24, 8.9029051049e-24, 6.50045643375e-24, 8.39218472195e-24, 1.01139840881e-23, 1.1767013716e-23, 1.19644443013e-23, 1.33886324804e-23, 1.22922175852e-23, 1.01993664482e-23],
        "var": [2.10672315006e-05, 2.88432693196e-05, 4.24033532909e-06, 2.84942848339e-06, 9.28346764795e-07, 5.27439794951e-07, 1.0328000144e-07, 4.7289248073e-08, 9.85978431345e-07, 6.9626912591e-07, 1.37700091329e-08, 2.23270447464e-07, 1.31788192448e-06, 4.4270880295e-09, 1.21839081046e-08, 2.08488248887e-08, 5.09798780968e-09, 4.42149961088e-09, 1.64707856243e-08, 7.50747730649e-09, 5.63509106044e-09, 7.94996424247e-09, 2.51123744022e-09, 6.25894946982e-10, 1.95455748808e-10, 8.74239153292e-11, 9.5546529022e-11, 8.91362469946e-11, 7.36035052351e-11, 1.3730018511e-10, 6.34063426763e-11, 7.342575159e-11, 2.43758513374e-10, 9.36767677318e-11, 7.23347839959e-11, 2.09890698571e-11, 2.1703840114e-11, 3.14241688226e-11, 8.15339722821e-12, 4.00740421749e-12]
    },
    "mfcc": {
        "mean": [-650.485717773, 131.263717651, -5.09905576706, 18.085559845, 9.89412212372, 3.38214755058, -3.42458033562, 8.65976142883, 4.23652505875, 0.927881360054, -3.53046345711, -0.750959157944, -1.00992846489],
        "cov": [[8577.28515625, -3716.06030273, 1499.0592041, 782.202758789, -26.3417816162, 704.99420166, -5.42548131943, 26.8463020325, 157.16456604, 135.209228516, 11.9127693176, -20.0396633148, -147.729507446], [-3716.06030273, 3658.8371582, -1566.40563965, -775.019226074, -18.6905422211, -399.222198486, 91.2745742798, 35.2230567932, -81.0481338501, -58.9804267883, 123.319396973, 34.4418449402, 52.7369270325], [1499.0592041, -1566.40563965, 1852.25390625, 393.384277344, -37.1464042664, 367.695373535, -37.1318740845, 34.9285888672, -20.8726787567, 1.41643154621, -6.00545597076, -54.6979064941, -44.5769348145], [782.202758789, -775.019226074, 393.384277344, 726.618408203, 147.267196655, 47.6005783081, -7.24891328812, 4.64085912704, 52.7909507751, 31.4229640961, -6.12410974503, 16.3852596283, -15.3913564682], [-26.3417816162, -18.6905422211, -37.1464042664, 147.267196655, 479.242889404, 65.6575546265, -43.5489387512, 16.0790328979, 77.5958557129, 32.6949653625, 40.209487915, 41.0030670166, -14.8569059372], [704.99420166, -399.222198486, 367.695373535, 47.6005783081, 65.6575546265, 437.748535156, 94.8116989136, 41.9973831177, 36.1233634949, 40.252243042, 73.7542877197, -6.37772035599, -29.5431747437], [-5.42548131943, 91.2745742798, -37.1318740845, -7.24891328812, -43.5489387512, 94.8116989136, 240.57862854, 50.4491539001, 12.861322403, 17.2744369507, 33.9581260681, 24.6730594635, -29.5222377777], [26.8463020325, 35.2230567932, 34.9285888672, 4.64085912704, 16.0790328979, 41.9973831177, 50.4491539001, 130.563751221, 26.0747241974, 18.2680110931, 28.6087379456, 8.18063640594, 6.1930232048], [157.16456604, -81.0481338501, -20.8726787567, 52.7909507751, 77.5958557129, 36.1233634949, 12.861322403, 26.0747241974, 112.860183716, 46.7608451843, 12.9923191071, 19.8444232941, -8.84712982178], [135.209228516, -58.9804267883, 1.41643154621, 31.4229640961, 32.6949653625, 40.252243042, 17.2744369507, 18.2680110931, 46.7608451843, 105.849510193, 39.1397285461, 11.1855258942, -0.603679478168], [11.9127693176, 123.319396973, -6.00545597076, -6.12410974503, 40.209487915, 73.7542877197, 33.9581260681, 28.6087379456, 12.9923191071, 39.1397285461, 129.291397095, 52.808757782, 1.00882208347], [-20.0396633148, 34.4418449402, -54.6979064941, 16.3852596283, 41.0030670166, -6.37772035599, 24.6730594635, 8.18063640594, 19.8444232941, 11.1855258942, 52.808757782, 102.745437622, 14.0457439423], [-147.729507446, 52.7369270325, -44.5769348145, -15.3913564682, -14.8569059372, -29.5431747437, -29.5222377777, 6.1930232048, -8.84712982178, -0.603679478168, 1.00882208347, 14.0457439423, 68.8530044556]],
