{
"lowlevel": {
    "average_loudness": 0.91352558136,
    "barkbands_crest": {
        "dmean": 2.83751034737,
        "dmean2": 4.63943624496,
        "dvar": 7.00580358505,
        "dvar2": 17.2961711884,
        "max": 25.7515354156,
        "mean": 9.2678899765,
        "median": 8.56841373444,
        "min": 2.3421869278,
        "var": 16.1589393616
    },
    "barkbands_flatness_db": {
        "dmean": 0.0280565526336,
        "dmean2": 0.0407004468143,
        "dvar": 0.000729080697056,
        "dvar2": 0.00152339146007,
        "max": 0.358972996473,
        "mean": 0.141892269254,
        "median": 0.131121754646,
        "min": 0.0236596129835,
        "var": 0.00419800076634
    },
    "barkbands_kurtosis": {
        "dmean": 3.43375277519,
        "dmean2": 5.45350027084,
        "dvar": 42.0663986206,
        "dvar2": 100.669204712,
        "max": 104.260803223,
        "mean": 3.30414509773,
        "median": 0.692063331604,
        "min": -1.91064822674,
        "var": 61.5994033813
    },
    "barkbands_skewness": {
        "dmean": 0.760498821735,
        "dmean2": 1.1218508482,
        "dvar": 0.667932391167,
        "dvar2": 1.40196597576,
        "max": 8.84171867371,
        "mean": 1.08536934853,
        "median": 0.852390825748,
        "min": -3.58086967468,
        "var": 2.14751505852
    },
    "barkbands_spread": {
        "dmean": 9.65079593658,
        "dmean2": 14.7699890137,
        "dvar": 135.092193604,
        "dvar2": 284.411682129,
        "max": 106.26158905,
        "mean": 25.4166164398,
        "median": 20.0528526306,
        "min": 1.30427515507,
        "var": 328.368011475
    },
    "dissonance": {
        "dmean": 0.0219235531986,
        "dmean2": 0.0353587269783,
        "dvar": 0.000460033072159,
        "dvar2": 0.00118544348516,
        "max": 0.500000059605,
        "mean": 0.45953181386,
        "median": 0.470186650753,
        "min": 0.256667166948,
        "var": 0.00117957475595
    },
    "dynamic_complexity": 4.0352602005,
    "erbbands_crest": {
        "dmean": 2.44704508781,
        "dmean2": 3.88587403297,
        "dvar": 5.84601402283,
        "dvar2": 13.9937734604,
        "max": 26.6564292908,
        "mean": 8.38206195831,
        "median": 7.31690168381,
        "min": 2.64766597748,
        "var": 15.8386831284
    },
    "erbbands_flatness_db": {
        "dmean": 0.022064877674,
        "dmean2": 0.0311269070953,
        "dvar": 0.000405462109484,
        "dvar2": 0.00088289642008,
        "max": 0.438688606024,
        "mean": 0.181744590402,
        "median": 0.161234602332,
        "min": 0.0682280883193,
        "var": 0.00622089765966
    },
    "erbbands_kurtosis": {
        "dmean": 1.07339704037,
        "dmean2": 1.69310569763,
        "dvar": 2.33180618286,
        "dvar2": 5.50546121597,
        "max": 22.4427394867,
        "mean": 0.237092286348,
        "median": -0.357991218567,
        "min": -1.77437007427,
        "var": 3.71528077126
    },
    "erbbands_skewness": {
        "dmean": 0.494922220707,
        "dmean2": 0.723717093468,
        "dvar": 0.23944157362,
        "dvar2": 0.505043625832,
        "max": 3.93626499176,
        "mean": 0.00751288095489,
        "median": 0.0915079563856,
        "min": -3.28882741928,
        "var": 0.735347926617
    },
    "erbbands_spread": {
        "dmean": 11.7940731049,
        "dmean2": 18.4092216492,
        "dvar": 184.242248535,
        "dvar2": 423.709838867,
        "max": 147.952774048,
        "mean": 38.7380905151,
        "median": 35.6900177002,
        "min": 2.85811495781,
        "var": 489.918670654
    },
    "hfc": {
        "dmean": 16.9189739227,
        "dmean2": 23.5691242218,
        "dvar": 566.216796875,
        "dvar2": 1089.97399902,
        "max": 297.510406494,
        "mean": 27.3561019897,
        "median": 15.5164213181,
        "min": 1.11803491833e-16,
        "var": 1166.27905273
    },
    "melbands_crest": {
        "dmean": 3.93848419189,
        "dmean2": 6.47295331955,
        "dvar": 14.051115036,
        "dvar2": 35.5050735474,
        "max": 34.0903053284,
        "mean": 13.7158346176,
        "median": 13.2027702332,
        "min": 2.2112634182,
        "var": 38.3788909912
    },
    "melbands_flatness_db": {
        "dmean": 0.0385112129152,
        "dmean2": 0.0521114990115,
        "dvar": 0.00152830919251,
        "dvar2": 0.00272849202156,
        "max": 0.457050740719,
        "mean": 0.17752237618,
        "median": 0.182280883193,
        "min": 0.00587963545695,
        "var": 0.00727576995268
    },
    "melbands_kurtosis": {
        "dmean": 9.66380405426,
        "dmean2": 15.5121860504,
        "dvar": 448.389038086,
        "dvar2": 1088.47851562,
        "max": 239.532104492,
        "mean": 12.6027984619,
        "median": 3.88321113586,
        "min": -1.72819900513,
        "var": 566.914978027
    },
    "melbands_skewness": {
        "dmean": 0.95897513628,
        "dmean2": 1.46327328682,
        "dvar": 1.48020839691,
        "dvar2": 3.18994498253,
        "max": 12.1363372803,
        "mean": 2.3466796875,
        "median": 1.71466529369,
        "min": -1.71681928635,
        "var": 4.18968629837
    },
    "melbands_spread": {
        "dmean": 15.9777975082,
        "dmean2": 22.651550293,
        "dvar": 442.045074463,
        "dvar2": 846.984130859,
        "max": 221.699798584,
        "mean": 35.4295196533,
        "median": 22.993812561,
        "min": 0.943206965923,
        "var": 1122.29309082
    },
    "pitch_salience": {
        "dmean": 0.0858281701803,
        "dmean2": 0.139082506299,
        "dvar": 0.00679791579023,
        "dvar2": 0.0180876851082,
        "max": 0.9024990201,
        "mean": 0.573947787285,
        "median": 0.57873749733,
        "min": 0.123889967799,
        "var": 0.0159462671727
    },
    "silence_rate_20dB": {
        "dmean": 0,
        "dmean2": 0,
        "dvar": 0,
        "dvar2": 0,
        "max": 1,
        "mean": 1,
        "median": 1,
        "min": 1,
        "var": 0
    },
    "silence_rate_30dB": {
        "dmean": 0.0363777093589,
        "dmean2": 0.0727835819125,
        "dvar": 0.0350537747145,
        "dvar2": 0.0690333098173,
        "max": 1,
        "mean": 0.958607375622,
        "median": 1,
        "min": 0,
        "var": 0.0396800786257
    },
    "silence_rate_60dB": {
        "dmean": 0.0460526309907,
        "dmean2": 0.0921409204602,
        "dvar": 0.0439319498837,
        "dvar2": 0.0975853353739,
        "max": 1,
        "mean": 0.194584146142,
        "median": 0,
        "min": 0,
        "var": 0.156727910042
    },
    "spectral_centroid": {
        "dmean": 502.046112061,
        "dmean2": 703.586730957,
        "dvar": 327784.96875,
        "dvar2": 596670.9375,
        "max": 11393.4326172,
        "mean": 1863.07287598,
        "median": 1653.84155273,
        "min": 183.212020874,
        "var": 1033617.6875
    },
    "spectral_complexity": {
        "dmean": 6.17298746109,
        "dmean2": 8.59736728668,
        "dvar": 53.4743804932,
        "dvar2": 86.9971237183,
        "max": 62,
        "mean": 18.2510643005,
        "median": 16,
        "min": 0,
        "var": 174.021713257
    },
    "spectral_decrease": {
        "dmean": 3.07050940229e-09,
        "dmean2": 4.90692242394e-09,
        "dvar": 4.71084652805e-17,
        "dvar2": 1.07797839938e-16,
        "max": -4.05593744421e-29,
        "mean": -6.59889742849e-09,
        "median": -4.1823198238e-09,
        "min": -6.09953616504e-08,
        "var": 8.16055231838e-17
    },
    "spectral_energy": {
        "dmean": 0.0126637509093,
        "dmean2": 0.0200182013214,
        "dvar": 0.000702078570612,
        "dvar2": 0.00159465498291,
        "max": 0.233568176627,
        "mean": 0.0273870732635,
        "median": 0.018506180495,
        "min": 1.06246099024e-20,
        "var": 0.00124426127877
    },
    "spectral_energyband_high": {
        "dmean": 0.00201467215084,
        "dmean2": 0.0028628653381,
        "dvar": 9.956892427e-06,
        "dvar2": 1.95180728042e-05,
        "max": 0.0365545488894,
        "mean": 0.00243727164343,
        "median": 0.00044679333223,
        "min": 7.45784667029e-21,
        "var": 1.79002781806e-05
    },
    "spectral_energyband_low": {
        "dmean": 0.00843993015587,
        "dmean2": 0.0142881143838,
        "dvar": 0.000632062670775,
        "dvar2": 0.00158293079585,
        "max": 0.217619821429,
        "mean": 0.0134574891999,
        "median": 0.000593478325754,
        "min": 3.08906539333e-23,
        "var": 0.000859694962855
    },
    "spectral_energyband_middle_high": {
        "dmean": 0.00218092137948,
        "dmean2": 0.0028924990911,
        "dvar": 7.52314645069e-06,
        "dvar2": 1.33643861773e-05,
        "max": 0.0291476827115,
        "mean": 0.00466148601845,
        "median": 0.00302910711616,
        "min": 1.63100720627e-21,
        "var": 2.4356011636e-05
    },
    "spectral_energyband_middle_low": {
        "dmean": 0.00480485428125,
        "dmean2": 0.00806755572557,
        "dvar": 0.000106221021269,
        "dvar2": 0.000300084473565,
        "max": 0.101675108075,
        "mean": 0.00761619070545,
        "median": 0.00490570999682,
        "min": 3.27055395174e-22,
        "var": 9.88403044175e-05
    },
    "spectral_entropy": {
        "dmean": 0.231937259436,
        "dmean2": 0.321219533682,
        "dvar": 0.0676688030362,
        "dvar2": 0.121047742665,
        "max": 9.80277347565,
        "mean": 7.62095308304,
        "median": 7.77752733231,
        "min": 5.51088142395,
        "var": 0.421969681978
    },
    "spectral_flux": {
        "dmean": 0.0312813296914,
        "dmean2": 0.0470913015306,
        "dvar": 0.00195641582832,
        "dvar2": 0.00376971182413,
        "max": 0.442077457905,
        "mean": 0.0920708924532,
        "median": 0.0848559364676,
        "min": 6.9488290122e-11,
        "var": 0.00539202801883
    },
    "spectral_kurtosis": {
        "dmean": 2.59777951241,
        "dmean2": 4.3459186554,
        "dvar": 16.2204780579,
        "dvar2": 49.3843688965,
        "max": 50.2339515686,
        "mean": 4.94526147842,
        "median": 2.53338623047,
        "min": -1.2227203846,
        "var": 39.9342765808
    },
    "spectral_rms": {
        "dmean": 0.00103415478952,
        "dmean2": 0.00154335342813,
        "dvar": 2.20535048356e-06,
        "dvar2": 4.54564542451e-06,
        "max": 0.0150954099372,
        "mean": 0.00433966284618,
        "median": 0.00424909545109,
        "min": 3.21954550693e-12,
        "var": 7.88642682892e-06
    },
    "spectral_rolloff": {
        "dmean": 1033.79382324,
        "dmean2": 1656.71252441,
        "dvar": 2435349.5,
        "dvar2": 4332692.5,
        "max": 18841.5527344,
        "mean": 2555.20336914,
        "median": 1830.32226562,
        "min": 21.533203125,
        "var": 5561688
    },
    "spectral_skewness": {
        "dmean": 0.377681225538,
        "dmean2": 0.576982498169,
        "dvar": 0.1758826226,
        "dvar2": 0.45183724165,
        "max": 4.79499959946,
        "mean": 1.34610021114,
        "median": 1.22265267372,
        "min": -0.0259961504489,
        "var": 0.55770522356
    },
    "spectral_spread": {
        "dmean": 726584.25,
        "dmean2": 1051245.875,
        "dvar": 1.00408334746e+12,
        "dvar2": 1.84160249446e+12,
        "max": 40397192,
        "mean": 4461915,
        "median": 4322879,
        "min": 1084716.5,
        "var": 4.80049260134e+12
    },
    "spectral_strongpeak": {
        "dmean": 0.490435421467,
        "dmean2": 0.816880702972,
        "dvar": 0.489026367664,
        "dvar2": 1.29200387001,
        "max": 8.14977741241,
        "mean": 0.776624441147,
        "median": 0.47019392252,
        "min": 0,
        "var": 0.683983564377
    },
    "zerocrossingrate": {
        "dmean": 0.0224611256272,
        "dmean2": 0.0237293727696,
        "dvar": 0.000622892694082,
        "dvar2": 0.000721010786947,
        "max": 0.5205078125,
        "mean": 0.084631703794,
        "median": 0.06640625,
        "min": 0,
        "var": 0.00328164757229
    },
    "barkbands": {
        "dmean": [0.0012827453902, 0.00499648833647, 0.00458652386442, 0.00156694022007, 0.00165091361851, 0.00082262075739, 0.00113502296153, 0.000548103416804, 0.000780965085141, 0.000592235708609, 0.000344398780726, 0.000300736923236, 0.00030917962431, 0.000335841992637, 0.000300128798699, 0.000310182862449, 0.000270585471299, 0.000201190719963, 0.00019825353229, 0.00045242178021, 0.000536096340511, 0.00071989611024, 0.000359736935934, 0.000161426069099, 0.000138311152114, 4.22665580118e-05, 9.28744668727e-07],
        "dmean2": [0.00175966625102, 0.00890858843923, 0.00761952158064, 0.00282341567799, 0.00281550199725, 0.00146040949039, 0.00185856979806, 0.000907174835447, 0.00122646463569, 0.000856425205711, 0.000513760314789, 0.000458312541014, 0.000482373492559, 0.000517769949511, 0.000479387352243, 0.00046955072321, 0.000412115565268, 0.000311546376906, 0.000285709509626, 0.000702564313542, 0.000820666027721, 0.000989843392745, 0.000512094178703, 0.00023531599436, 0.000210158366826, 6.54322720948e-05, 1.42614373999e-06],
        "dvar": [1.41518166856e-05, 0.00024807479349, 0.000239411994698, 2.63340716629e-05, 1.09788907139e-05, 4.08010100728e-06, 6.10136248724e-06, 1.70980297298e-06, 2.86493877866e-06, 1.63444497048e-06, 4.31232678011e-07, 4.55788608633e-07, 4.93249672218e-07, 5.42901318568e-07, 4.57725803926e-07, 3.30536153115e-07, 2.02130522098e-07, 1.49521667936e-07, 1.02830092885e-07, 6.80541972997e-07, 8.9824322913e-07, 1.39096130169e-06, 4.24301049406e-07, 1.18540924632e-07, 1.10055523805e-07, 8.47927950076e-09, 8.42045270316e-12],
        "dvar2": [2.4990809834e-05, 0.000712110719178, 0.000606481509749, 7.5062373071e-05, 2.99158327834e-05, 1.13442974907e-05, 1.48568042277e-05, 4.49453273177e-06, 6.61868125462e-06, 3.7986649204e-06, 9.81881612461e-07, 1.04498349174e-06, 1.12788950446e-06, 1.24179484828e-06, 1.1245163023e-06, 7.73799683884e-07, 4.37074646698e-07, 3.30058497866e-07, 2.03128493581e-07, 1.51483027366e-06, 2.08515052691e-06, 2.72206443697e-06, 8.50116123274e-07, 2.37829453908e-07, 2.38235756456e-07, 1.9591634981e-08, 1.77964743636e-11],
        "max": [0.0358933359385, 0.152780264616, 0.136830493808, 0.0559658333659, 0.0333128273487, 0.0177651252598, 0.0248448811471, 0.0195568837225, 0.0327937752008, 0.0191892590374, 0.0113194528967, 0.0109677528962, 0.0121342837811, 0.00917476881295, 0.00955617986619, 0.00857400894165, 0.00824541319162, 0.00406626332551, 0.00310708465986, 0.00958567671478, 0.00923583842814, 0.0141439763829, 0.00985799450427, 0.0052381278947, 0.00489349057898, 0.00187800859567, 5.48144744243e-05],
        "mean": [0.00166123069357, 0.00610826676711, 0.00501992646605, 0.00147698970977, 0.00192283361685, 0.000845452770591, 0.00136440992355, 0.000687860476319, 0.00108918664046, 0.000945172680076, 0.000553519348614, 0.000434596848208, 0.000395741779357, 0.0004315325059, 0.000374493101845, 0.000450173567515, 0.000414118461777, 0.000242887661443, 0.000283584231511, 0.000471065257443, 0.000602300220635, 0.000797105778474, 0.000430043233791, 0.000189861952094, 0.000149042272824, 4.47280908702e-05, 9.65343360804e-07],
        "median": [2.30408677453e-05, 0.000206724900636, 0.000273287645541, 0.000204821320949, 0.000696054601576, 0.000321674247971, 0.000395960232709, 0.000297118123854, 0.000352164031938, 0.000327666173689, 0.000218398650759, 0.000145103214891, 0.000111829016532, 0.000126586397528, 0.000135007780045, 0.000163071075804, 0.000163626114954, 8.13345759525e-05, 0.000117162089737, 0.000115526403533, 9.90494881989e-05, 0.000118080308312, 6.40664875391e-05, 3.0022518331e-05, 1.43721190398e-05, 3.98998145101e-06, 3.64367593875e-08],
        "min": [1.95531836577e-24, 1.73612665793e-23, 1.94432085589e-24, 1.48061382187e-24, 3.60850663359e-23, 2.24221690069e-23, 3.34756943217e-23, 3.19601315952e-23, 4.31183797729e-23, 3.07900489243e-23, 4.71483829923e-23, 6.07469660695e-23, 7.18800022527e-23, 9.75404042547e-23, 8.38528282011e-23, 1.07206222263e-22, 1.90278627215e-22, 1.17118960046e-22, 2.02393435505e-22, 1.72837859234e-22, 4.00751664464e-22, 3.99881822253e-22, 4.92062856979e-22, 6.46396462758e-22, 1.20076413463e-21, 1.58754165196e-21, 1.93106848808e-21],
        "var": [2.46983290708e-05, 0.000240611218032, 0.000197509958525, 1.73531116161e-05, 1.17120071081e-05, 3.21946458826e-06, 7.27734004613e-06, 1.64987329754e-06, 4.29151896242e-06, 2.81801999336e-06, 9.27296014197e-07, 7.35081698622e-07, 7.2345432045e-07, 7.90703325038e-07, 5.42671727999e-07, 5.71749978917e-07, 4.14088276557e-07, 1.96504558403e-07, 1.87891401993e-07, 8.46862860726e-07, 1.14864542411e-06, 2.38551888287e-06, 7.48161482989e-07, 1.92359905782e-07, 1.63477437809e-07, 1.04113846433e-08, 1.17030170277e-11]
    },
    "erbbands": {
        "dmean": [0.182517394423, 1.1069239378, 4.76643466949, 5.624355793, 4.96923065186, 6.23553180695, 3.8192486763, 8.14288520813, 14.4934587479, 16.4957504272, 11.3691015244, 19.6872406006, 12.8977527618, 18.2141151428, 13.8339748383, 12.643778801, 13.398727417, 16.5117073059, 15.3713312149, 15.9148445129, 13.9915723801, 13.7719335556, 9.97298240662, 12.2396678925, 12.3386678696, 21.4863548279, 14.1116895676, 27.0951538086, 25.8625259399, 19.9429912567, 9.19533348083, 4.3294210434, 2.49469566345, 2.04742527008, 0.63826841116, 0.250701248646, 0.0622473396361, 0.00657190848142, 0.000156557493028, 2.28497337957e-05],
        "dmean2": [0.321239292622, 1.91889333725, 7.89560413361, 9.81725788116, 8.68732738495, 10.6768913269, 6.56929159164, 14.5967998505, 24.411195755, 26.6557655334, 18.1084136963, 30.4455814362, 19.2165088654, 25.6503067017, 20.4981155396, 18.561340332, 20.3641300201, 25.4622840881, 24.3410224915, 24.5214996338, 20.9144973755, 20.8140239716, 15.0708799362, 18.6068630219, 18.3068962097, 33.7937583923, 20.330657959, 42.4781455994, 36.2333717346, 28.2037277222, 13.0391216278, 6.25812864304, 3.65007305145, 3.11999130249, 0.982594013214, 0.38052752614, 0.0980586484075, 0.0100836995989, 0.000234906154219, 3.38393656421e-05],
        "dvar": [0.198445796967, 16.4840602875, 272.710174561, 358.361572266, 148.2996521, 153.97454834, 74.5032272339, 481.706939697, 959.257263184, 1711.65283203, 597.409362793, 1848.50061035, 1050.53417969, 1358.35571289, 674.628662109, 648.307922363, 944.711120605, 1280.47058105, 1249.06787109, 801.411682129, 627.213378906, 579.393798828, 285.681518555, 639.463317871, 410.32723999, 1536.49255371, 548.371643066, 2445.71606445, 1748.47314453, 1205.49926758, 311.239898682, 67.7534561157, 36.8221969604, 22.4239196777, 3.21159696579, 0.364585042, 0.0159040223807, 0.000235982399317, 1.18531225723e-07, 1.36406896889e-09],
        "dvar2": [0.536480426788, 45.0165939331, 684.283508301, 994.208068848, 423.021881104, 406.017425537, 192.710205078, 1368.3684082, 2460.26000977, 4214.68847656, 1563.9050293, 4289.15039062, 2403.2097168, 2895.44677734, 1548.86425781, 1513.84277344, 2142.86987305, 2812.84082031, 3066.83081055, 1776.09350586, 1422.49157715, 1247.4934082, 617.459655762, 1474.84118652, 796.303344727, 3498.40112305, 1002.62115479, 5921.71289062, 3378.40795898, 2569.22558594, 626.177001953, 141.781494141, 70.8944015503, 50.4618682861, 6.68599081039, 0.849187076092, 0.0360868982971, 0.000518226297572, 2.52123442124e-07, 2.92262680723e-09],
        "max": [3.70145940781, 39.0881347656, 142.26864624, 174.026763916, 127.866394043, 154.838348389, 99.4517669678, 200.585296631, 371.35546875, 534.797180176, 471.330535889, 1013.08404541, 608.446533203, 613.309997559, 568.805358887, 434.477661133, 650.919433594, 525.996459961, 494.439880371, 352.776397705, 342.946075439, 356.021270752, 214.342315674, 268.247253418, 197.751052856, 472.095062256, 284.544555664, 386.079040527, 471.336914062, 536.992126465, 321.275299072, 153.139038086, 108.286567688, 68.5066223145, 32.3219680786, 15.2212591171, 1.58296787739, 0.266717225313, 0.00562025466934, 0.000348230125383],
        "mean": [0.233309537172, 1.21270751953, 5.0413069725, 5.98382949829, 5.71790456772, 6.80884695053, 4.04115486145, 8.25999355316, 17.4901790619, 19.437122345, 16.4890499115, 28.1228294373, 20.0145797729, 31.6507911682, 23.2718639374, 19.5208930969, 18.6964645386, 22.8054885864, 20.7319831848, 22.5824546814, 22.6061458588, 21.0619659424, 13.794708252, 14.3660545349, 16.7042636871, 22.3946361542, 18.9945659637, 28.0753479004, 28.9316673279, 21.2029857635, 11.4411888123, 5.12589740753, 2.95279240608, 2.13035821915, 0.732097268105, 0.274162262678, 0.064027428627, 0.00708768190816, 0.000184493008419, 4.34901339759e-05],
        "median": [0.00706042954698, 0.0452472493052, 0.249593988061, 0.756825745106, 2.29364347458, 2.01961779594, 1.30896878242, 3.2075483799, 6.13105964661, 6.42228507996, 8.48183822632, 9.99420261383, 8.53487300873, 10.5807132721, 10.4336690903, 7.39624643326, 6.54554367065, 7.22125911713, 7.40664434433, 9.70392036438, 10.362862587, 8.4433889389, 5.43350601196, 4.9667301178, 6.20195817947, 5.86090230942, 3.83565187454, 4.07445955276, 4.15626096725, 2.9352221489, 1.68282568455, 0.86066621542, 0.403348296881, 0.207353025675, 0.0700809210539, 0.0232654009014, 0.00636292528361, 0.000844326161314, 3.67353313777e-05, 2.85795813397e-05],
        "min": [2.30041432511e-22, 3.32731563669e-21, 8.84965640688e-21, 4.60130363284e-21, 4.29857362322e-20, 1.22803337137e-19, 1.37607181765e-19, 2.64436070901e-19, 4.62186650276e-19, 3.29554959896e-19, 9.84552758067e-19, 9.72392996267e-19, 1.51784892028e-18, 1.53335369708e-18, 2.32953106329e-18, 2.6334471465e-18, 3.61387599563e-18, 4.72092324227e-18, 4.36650323316e-18, 4.30674067468e-18, 8.31728203407e-18, 1.01888087757e-17, 7.79514577909e-18, 9.51707359817e-18, 1.02814405965e-17, 9.05493109866e-18, 1.46605570933e-17, 1.74933512519e-17, 1.46568695221e-17, 1.23782872011e-17, 1.55073451951e-17, 1.40083731568e-17, 1.24792263969e-17, 1.12998041554e-17, 7.63539817765e-18, 5.24920462202e-18, 3.13982850595e-18, 1.10850887479e-18, 2.70105075681e-19, 2.84929405954e-20],
        "var": [0.317771315575, 12.6740455627, 224.741821289, 253.567947388, 124.679412842, 172.405319214, 74.9671783447, 345.277862549, 1017.10998535, 1862.11022949, 675.651672363, 2796.17382812, 1484.03356934, 3038.09960938, 1350.87548828, 1046.53515625, 1374.24804688, 2038.91967773, 1672.52026367, 1228.28930664, 1231.45568848, 1200.29443359, 483.102355957, 744.414245605, 706.075866699, 1830.0916748, 1079.09423828, 2735.26000977, 3052.81713867, 1842.51513672, 559.725952148, 109.801971436, 60.7814788818, 31.8753814697, 4.93291854858, 0.461177527905, 0.0193762723356, 0.000308780814521, 1.68631785868e-07, 2.64085464607e-09]
    },
    "gfcc": {
        "mean": [-40.6524085999, 74.6750488281, -144.688110352, 27.8447723389, -69.2319259644, 12.7303390503, -30.9415683746, 6.00739622116, -18.9758167267, -0.798745274544, -20.3448562622, -1.06059241295, -9.66584396362],
        "cov": [[20236.3164062, -1379.51635742, 4344.8828125, 3099.09936523, -1053.77331543, 1467.83325195, -745.785583496, 71.3871231079, -94.4862747192, 1057.09851074, -212.463668823, 374.231018066, -906.977661133], [-1379.51635742, 1804.63293457, -77.5102615356, -241.665496826, 632.053283691, -105.60534668, 279.687133789, 23.4751319885, 161.988693237, -181.38520813, 108.354621887, -142.129180908, 91.8957061768], [4344.8828125, -77.5102615356, 2676.6003418, 1281.60095215, 153.479660034, 721.729003906, -67.9742965698, 163.396881104, -22.6955013275, 429.797698975, -90.3907623291, 184.404891968, -319.112121582], [3099.09936523, -241.665496826, 1281.60095215, 1272.46569824, -8.61729049683, 401.328460693, 31.8663406372, -19.261724472, 29.6346111298, 143.951828003, -70.4416503906, 64.3789596558, -172.698791504], [-1053.77331543, 632.053283691, 153.479660034, -8.61729049683, 586.923217773, 40.684803009, 218.538406372, 135.891311646, 46.2366828918, -59.8116531372, -53.3156089783, -32.1976585388, 36.1519966125], [1467.83325195, -105.60534668, 721.729003906, 401.328460693, 40.684803009, 362.365142822, 86.2221755981, 73.7029342651, 2.80631256104, 134.568695068, -39.2627601624, 60.4760437012, -94.4460525513], [-745.785583496, 279.687133789, -67.9742965698, 31.8663406372, 218.538406372, 86.2221755981, 373.270446777, 38.45885849, 16.7511253357, -51.4206848145, -31.120426178, -9.30447101593, 29.7878952026], [71.3871231079, 23.4751319885, 163.396881104, -19.261724472, 135.891311646, 73.7029342651, 38.45885849, 177.158157349, 30.5715923309, 66.0807647705, -5.15607500076, 27.1095867157, -3.84939169884], [-94.4862747192, 161.988693237, -22.6955013275, 29.6346111298, 46.2366828918, 2.80631256104, 16.7511253357, 30.5715923309, 115.26688385, 12.2853527069, 43.7548599243, -16.1714096069, 12.2007293701], [1057.09851074, -181.38520813, 429.797698975, 143.951828003, -59.8116531372, 134.568695068, -51.4206848145, 66.0807647705, 12.2853527069, 210.853469849, 10.5385103226, 63.349647522, -75.6675949097], [-212.463668823, 108.354621887, -90.3907623291, -70.4416503906, -53.3156089783, -39.2627601624, -31.120426178, -5.15607500076, 43.7548599243, 10.5385103226, 129.007797241, -7.01984024048, 31.6558380127], [374.231018066, -142.129180908, 184.404891968, 64.3789596558, -32.1976585388, 60.4760437012, -9.30447101593, 27.1095867157, -16.1714096069, 63.349647522, -7.01984024048, 97.4201965332, -16.6577320099], [-906.977661133, 91.8957061768, -319.112121582, -172.698791504, 36.1519966125, -94.4460525513, 29.7878952026, -3.84939169884, 12.2007293701, -75.6675949097, 31.6558380127, -16.6577320099, 109.737892151]],
        "icov": [[0.000181759081897, -0.000304587971186, 0.000171800915268, -0.000417742005084, 0.000485041091451, -0.00044191381312, 0.000430628308095, -0.000385172781534, 0.000404336402426, -0.00042185356142, 0.000377635937184, -0.000161529707839, 0.000459646224044], [-0.000304587971186, 0.00231748935767, -0.00107376137748, 0.00148796185385, -0.00250307726674, 0.00139502924867, -0.0015243224334, 0.00211055087857, -0.00252054724842, 0.00182208896149, -0.00243243807927, 0.00134720513597, -0.000283020490315], [0.000171800915268, -0.00107376137748, 0.00239932676777, -0.00178312906064, -5.55630176677e-05, -0.00255231768824, 0.00191620027181, -0.000952715228777, 0.00234113167971, -0.00222436222248, 0.000428155704867, -0.00143214338459, 0.00162317254581], [-0.000417742005084, 0.00148796185385, -0.00178312906064, 0.00335581484251, -0.00132344674785, 0.00075320340693, -0.00175328308251, 0.00255956640467, -0.00329816853628, 0.0024162188638, -0.000894388067536, 0.000874839315657, -0.000529226206709], [0.000485041091451, -0.00250307726674, -5.55630176677e-05, -0.00132344674785, 0.0067578162998, -0.000372815760784, -0.000128794388729, -0.00494065647945, 0.00132667087018, -0.000334410084179, 0.00427411589772, -3.7679579691e-05, -0.000441645854153], [-0.00044191381312, 0.00139502924867, -0.00255231768824, 0.00075320340693, -0.000372815760784, 0.00988056790084, -0.00431543914601, -0.000479322945466, -0.00201451242901, 0.000633191084489, -0.000741949595977, 0.000680089346133, -0.000298288854538], [0.000430628308095, -0.0015243224334, 0.00191620027181, -0.00175328308251, -0.000128794388729, -0.00431543914601, 0.00615079328418, -0.000985162914731, 0.00209332816303, -0.00123030936811, 0.00164106080774, -0.00149896321818, 0.000490780163091], [-0.000385172781534, 0.00211055087857, -0.000952715228777, 0.00255956640467, -0.00494065647945, -0.000479322945466, -0.000985162914731, 0.0121235344559, -0.00429491698742, -0.00143779872451, -0.00159859890118, -0.000348973728251, -0.00189110415522], [0.000404336402426, -0.00252054724842, 0.00234113167971, -0.00329816853628, 0.00132667087018, -0.00201451242901, 0.00209332816303, -0.00429491698742, 0.0155036626384, -0.00409912923351, -0.00207585748285, 0.000749794591684, 0.000342705665389], [-0.00042185356142, 0.00182208896149, -0.00222436222248, 0.0024162188638, -0.000334410084179, 0.000633191084489, -0.00123030936811, -0.00143779872451, -0.00409912923351, 0.0133560709655, -0.00346827320755, -0.00233314698562, 0.00357186724432], [0.000377635937184, -0.00243243807927, 0.000428155704867, -0.000894388067536, 0.00427411589772, -0.000741949595977, 0.00164106080774, -0.00159859890118, -0.00207585748285, -0.00346827320755, 0.0140004120767, -0.000478414876852, -0.00382451759651], [-0.000161529707839, 0.00134720513597, -0.00143214338459, 0.000874839315657, -3.7679579691e-05, 0.000680089346133, -0.00149896321818, -0.000348973728251, 0.000749794591684, -0.00233314698562, -0.000478414876852, 0.015518902801, -0.00345707917586], [0.000459646224044, -0.000283020490315, 0.00162317254581, -0.000529226206709, -0.000441645854153, -0.000298288854538, 0.000490780163091, -0.00189110415522, 0.000342705665389, 0.00357186724432, -0.00382451759651, -0.00345707917586, 0.0197283215821]]
    },
    "melbands": {
        "dmean": [0.00141093600541, 0.00202972907573, 0.000908761401661, 0.000419335759943, 0.000153283064719, 0.000180254093721, 0.000226388729061, 0.000166437312146, 0.000101771969639, 0.000118089476018, 6.44052415737e-05, 7.73383071646e-05, 4.89207995997e-05, 3.64496227121e-05, 2.88848968921e-05, 2.92479544441e-05, 3.34628311975e-05, 2.54801761912e-05, 2.18831919483e-05, 2.48407195613e-05, 1.63480690389e-05, 1.58347302204e-05, 1.17422960102e-05, 9.74808153842e-06, 1.04930813905e-05, 7.50386334403e-06, 1.50669420691e-05, 1.41800092024e-05, 7.7099457485e-06, 1.03271804619e-05, 1.89432703337e-05, 1.43992619996e-05, 1.46383035826e-05, 9.82302208286e-06, 5.62269497095e-06, 3.72564863937e-06, 2.24185350817e-06, 1.61825266787e-06, 2.18210834646e-06, 1.58474085765e-06],
        "dmean2": [0.0024964818731, 0.00338687398471, 0.00156619760673, 0.000720577605534, 0.000260348519078, 0.000320330786053, 0.00037749792682, 0.00026912643807, 0.000161439718795, 0.000184255462955, 9.67757878243e-05, 0.000109494227218, 7.23345947335e-05, 5.49291689822e-05, 4.2614821723e-05, 4.64707554784e-05, 5.20735775353e-05, 4.08511295973e-05, 3.45231783285e-05, 3.78280310542e-05, 2.4988916266e-05, 2.43736230914e-05, 1.84767977771e-05, 1.50121004481e-05, 1.64154716913e-05, 1.1169494428e-05, 2.34537146753e-05, 2.29014567594e-05, 1.13556197903e-05, 1.5084552615e-05, 3.07090922433e-05, 2.01573820959e-05, 2.12818395084e-05, 1.44846744661e-05, 8.19352499093e-06, 5.47321860722e-06, 3.36152061209e-06, 2.38659799834e-06, 3.36241555488e-06, 2.43233284891e-06],
        "dvar": [1.40594966069e-05, 5.02737093484e-05, 8.81937830854e-06, 7.33386059437e-07, 1.06851388182e-07, 2.13468325683e-07, 2.27075943826e-07, 1.66671043189e-07, 4.32328164379e-08, 7.26515665406e-08, 2.72452513883e-08, 2.66281610095e-08, 8.70368843664e-09, 7.18505877018e-09, 3.94076726806e-09, 4.42740333284e-09, 5.79645353938e-09, 3.60534269106e-09, 2.33151320472e-09, 2.06125427837e-09, 9.86428494443e-10, 8.29945945302e-10, 4.27383461954e-10, 3.91817078782e-10, 5.09796593828e-10, 1.50989387659e-10, 8.95868823569e-10, 6.5712674191e-10, 1.73575070983e-10, 3.01537517178e-10, 1.33339039809e-09, 5.36687083663e-10, 6.96203594774e-10, 3.2539154704e-10, 1.30198449244e-10, 5.32220170713e-11, 1.92687081568e-11, 1.78349175706e-11, 2.58121145985e-11, 1.46523002065e-11],
        "dvar2": [3.87159961974e-05, 0.000124477650388, 2.42328424065e-05, 2.00214890356e-06, 2.78941683973e-07, 6.04091610512e-07, 5.696940093e-07, 4.13818128209e-07, 1.10033489875e-07, 1.67650895833e-07, 6.27022203048e-08, 5.6986060315e-08, 1.90248989895e-08, 1.60822697381e-08, 8.77096795193e-09, 9.79521885824e-09, 1.28316868242e-08, 8.78063755039e-09, 5.61040858216e-09, 4.77197792392e-09, 2.28983632056e-09, 1.85472270875e-09, 9.61867474558e-10, 8.79761374861e-10, 1.22946142156e-09, 3.34591993001e-10, 2.02582550735e-09, 1.52953960608e-09, 3.41061456854e-10, 5.89583770694e-10, 3.37820127427e-09, 9.9737551551e-10, 1.52019852262e-09, 7.08248903969e-10, 2.80274553566e-10, 1.05592375121e-10, 4.19619755609e-11, 3.45833951754e-11, 5.632186037e-11, 3.3805298838e-11],
        "max": [0.0346228033304, 0.059951171279, 0.0275953765959, 0.00923550035805, 0.00306654698215, 0.00410448526964, 0.00563338026404, 0.0052859634161, 0.00351788243279, 0.00651183445007, 0.00297986948863, 0.00279183499515, 0.0016329853097, 0.00162260059733, 0.00123416120186, 0.00116465147585, 0.00118746166117, 0.000806837750133, 0.0006777253584, 0.000785767333582, 0.000485448748805, 0.000386567495298, 0.000321378553053, 0.000258417159785, 0.000236078165472, 0.000132887944346, 0.000338689918863, 0.000297027174383, 0.000161829477292, 0.000221195732593, 0.000256741419435, 0.000252300698776, 0.000360880396329, 0.000287276867311, 0.000225351250265, 0.000142750330269, 6.7171844421e-05, 7.84473668318e-05, 6.88391519361e-05, 6.06366993452e-05],
        "mean": [0.0019638701342, 0.00230503361672, 0.00103669427335, 0.000483748532133, 0.000165094883414, 0.000183850410394, 0.000276439706795, 0.00019696088566, 0.000147737519001, 0.000165084144101, 9.65747603914e-05, 0.00013122947712, 8.1407968537e-05, 5.3353531257e-05, 4.33205277659e-05, 3.77007418138e-05, 4.39846444351e-05, 3.29585236614e-05, 2.6565958251e-05, 3.60287958756e-05, 2.48444030149e-05, 2.32778293139e-05, 1.60322215379e-05, 1.11949875645e-05, 1.16107075883e-05, 1.0610152458e-05, 1.56555324793e-05, 1.44154255395e-05, 1.08425765575e-05, 1.21667735584e-05, 1.83782231034e-05, 1.64175453392e-05, 1.52264246935e-05, 1.01810410342e-05, 6.80720359014e-06, 4.64583263238e-06, 2.48604578701e-06, 1.91078220269e-06, 2.2290112156e-06, 1.63474146575e-06],
        "median": [6.03010012128e-05, 0.000106510080514, 0.000208428915357, 0.00018050307699, 5.21966721863e-05, 7.08386287442e-05, 9.3857095635e-05, 6.44717365503e-05, 6.97044524713e-05, 5.50782424398e-05, 3.83672122553e-05, 3.94585513277e-05, 3.1979270716e-05, 2.06168133445e-05, 1.72070976987e-05, 1.14146696433e-05, 1.25498027046e-05, 1.10953733383e-05, 9.6223784567e-06, 1.32294126161e-05, 1.04760520117e-05, 8.4843231889e-06, 5.56802888241e-06, 3.6227943383e-06, 3.68137170881e-06, 4.35789888797e-06, 4.06647495765e-06, 3.4499330468e-06, 2.24069344767e-06, 2.12145209844e-06, 2.31923741012e-06, 2.40594181378e-06, 2.04106186175e-06, 1.33216144604e-06, 9.93949129224e-07, 7.28508155134e-07, 3.9188174128e-07, 2.69624280236e-07, 2.12954958556e-07, 1.51297257389e-07],
        "min": [3.35022284471e-24, 5.67487839213e-24, 1.80842615433e-24, 5.06211254019e-24, 6.85488651087e-24, 6.09358603909e-24, 7.38404178432e-24, 3.36423025338e-24, 9.31296131432e-24, 5.56264951772e-24, 7.43093088766e-24, 5.16921342428e-24, 7.10527332877e-24, 6.35908072662e-24, 6.43364464824e-24, 8.9183131361e-24, 7.95167769272e-24, 6.46784965709e-24, 7.36503496967e-24, 3.94850126612e-24, 1.18480005431e-23, 9.9407549665e-24, 6.44755660474e-24, 5.46622310497e-24, 6.78443334342e-24, 7.78047909907e-24, 5.33077489869e-24, 6.0076542374e-24, 7.49329980855e-24, 1.20503922747e-23, 8.23686432059e-24, 6.77959683721e-24, 5.8306109733e-24, 7.88098313384e-24, 9.24854924369e-24, 6.95037417914e-24, 8.27994322577e-24, 7.5455965534e-24, 7.27984193621e-24, 7.77215661652e-24],
        "var": [2.12276827369e-05, 4.33420027548e-05, 6.5237486524e-06, 7.6914670899e-07, 1.1106772746e-07, 1.59695531465e-07, 2.56325307646e-07, 1.79628486308e-07, 5.50659180476e-08, 1.04245607702e-07, 3.7158695676e-08, 5.78286680764e-08, 2.02114076586e-08, 1.13936344803e-08, 6.16565420941e-09, 6.61176491334e-09, 8.54366444258e-09, 4.87389328896e-09, 2.73033662346e-09, 3.41738859433e-09, 1.7096681848e-09, 1.52541612675e-09, 7.7445644342e-10, 4.6979231616e-10, 5.40939015803e-10, 2.62901173054e-10, 1.02795782997e-09, 7.51664563925e-10, 3.54701268357e-10, 4.85698203878e-10, 1.29794519577e-09, 9.74524239084e-10, 9.90082682506e-10, 4.57225507455e-10, 2.11098361014e-10, 9.51705589336e-11, 2.77606826415e-11, 2.85487761903e-11, 3.63469219999e-11, 2.0190000713e-11]
    },
    "mfcc": {
        "mean": [-668.045166016, 96.874961853, -14.0620708466, 11.1110754013, -11.6404333115, 5.26685380936, -6.72354459763, 5.71279764175, 3.61142492294, 2.22213196754, -3.74761128426, -2.63239979744, 1.89570820332],
        "cov": [[14840.1435547, -1070.02734375, 2924.82495117, 2017.63549805, 131.004806519, 1181.33361816, -256.188598633, -267.540496826, -316.778198242, -26.1298217773, 628.989929199, 305.232543945, -85.2617034912], [-1070.02734375, 1919.62792969, -290.189239502, -48.9181556702, 275.456817627, -63.4508705139, 143.649551392, 92.4730377197, 91.1576919556, 109.106834412, 18.4067344666, 48.432434082, 52.8243751526], [2924.82495117, -290.189239502, 1668.11303711, 814.13293457, 302.587677002, 589.496643066, 121.52633667, 44.2486953735, 23.4756526947, -0.912079334259, 249.158325195, 142.711380005, 19.1533927917], [2017.63549805, -48.9181556702, 814.13293457, 861.096923828, 226.436462402, 405.700439453, 74.9710083008, 85.4955673218, 26.9748725891, 27.2407779694, 130.933502197, 58.7209434509, 1.04153430462], [131.004806519, 275.456817627, 302.587677002, 226.436462402, 406.997497559, 94.2007522583, 92.0071563721, 79.7925567627, 99.3096923828, 36.2801704407, 50.1457328796, 30.4002819061, 24.0276374817], [1181.33361816, -63.4508705139, 589.496643066, 405.700439453, 94.2007522583, 416.48840332, 127.01134491, 104.04309082, 54.618686676, 34.0130386353, 99.5646133423, 43.9841194153, -17.7721424103], [-256.188598633, 143.649551392, 121.52633667, 74.9710083008, 92.0071563721, 127.01134491, 245.725158691, 136.562011719, 118.767730713, 39.877571106, 27.515542984, 1.93813431263, 4.31425523758], [-267.540496826, 92.4730377197, 44.2486953735, 85.4955673218, 79.7925567627, 104.04309082, 136.562011719, 190.010360718, 113.453201294, 33.9703521729, 0.919622659683, 3.35104322433, 1.45716679096], [-316.778198242, 91.1576919556, 23.4756526947, 26.9748725891, 99.3096923828, 54.618686676, 118.767730713, 113.453201294, 163.501022339, 47.7088928223, 9.97496795654, 0.277845054865, 5.6187210083], [-26.1298217773, 109.106834412, -0.912079334259, 27.2407779694, 36.2801704407, 34.0130386353, 39.877571106, 33.9703521729, 47.7088928223, 107.47769928, 45.2558021545, 9.54789543152, 14.470287323], [628.989929199, 18.4067344666, 249.158325195, 130.933502197, 50.1457328796, 99.5646133423, 27.515542984, 0.919622659683, 9.97496795654, 45.2558021545, 128.548812866, 56.0731925964, 13.9335813522], [305.232543945, 48.432434082, 142.711380005, 58.7209434509, 30.4002819061, 43.9841194153, 1.93813431263, 3.35104322433, 0.277845054865, 9.54789543152, 56.0731925964, 87.1869354248, 33.8292999268], [-85.2617034912, 52.8243751526, 19.1533927917, 1.04153430462, 24.0276374817, -17.7721424103, 4.31425523758, 1.45716679096, 5.6187210083, 14.470287323, 13.9335813522, 33.8292999268, 75.4145507812]],
