{
"lowlevel": {
    "average_loudness": 0.821489334106,
    "barkbands_crest": {
        "dmean": 3.08807468414,
        "dmean2": 4.93595314026,
        "dvar": 9.93385791779,
        "dvar2": 22.6638278961,
        "max": 25.6508731842,
        "mean": 12.9422254562,
        "median": 12.366437912,
        "min": 2.63679528236,
        "var": 33.5347633362
    },
    "barkbands_flatness_db": {
        "dmean": 0.025744644925,
        "dmean2": 0.038705650717,
        "dvar": 0.000759832444601,
        "dvar2": 0.00141960580368,
        "max": 0.476399242878,
        "mean": 0.138954430819,
        "median": 0.137558713555,
        "min": 0.0242583658546,
        "var": 0.00394619023427
    },
    "barkbands_kurtosis": {
        "dmean": 4.94915628433,
        "dmean2": 7.19256639481,
        "dvar": 114.013076782,
        "dvar2": 212.829360962,
        "max": 296.38079834,
        "mean": 7.0635843277,
        "median": 1.80099487305,
        "min": -1.88596451283,
        "var": 242.683563232
    },
    "barkbands_skewness": {
        "dmean": 0.803466439247,
        "dmean2": 1.15138292313,
        "dvar": 0.795517206192,
        "dvar2": 1.42532682419,
        "max": 14.7769374847,
        "mean": 1.91270780563,
        "median": 1.51728236675,
        "min": -6.91936397552,
        "var": 3.44093108177
    },
    "barkbands_spread": {
        "dmean": 8.81109905243,
        "dmean2": 13.6363525391,
        "dvar": 105.356277466,
        "dvar2": 223.574935913,
        "max": 106.825714111,
        "mean": 28.4242324829,
        "median": 24.7664794922,
        "min": 0.756524801254,
        "var": 311.299804688
    },
    "dissonance": {
        "dmean": 0.0157019793987,
        "dmean2": 0.025580290705,
        "dvar": 0.000341661740094,
        "dvar2": 0.000861574488226,
        "max": 0.5,
        "mean": 0.474439412355,
        "median": 0.48380663991,
        "min": 0.227467134595,
        "var": 0.00073532370152
    },
    "dynamic_complexity": 2.91297793388,
    "erbbands_crest": {
        "dmean": 2.91650652885,
        "dmean2": 4.75558757782,
        "dvar": 8.99171543121,
        "dvar2": 21.7545375824,
        "max": 27.2622280121,
        "mean": 8.36819648743,
        "median": 6.86927556992,
        "min": 2.42334985733,
        "var": 20.1471538544
    },
    "erbbands_flatness_db": {
        "dmean": 0.0198832713068,
        "dmean2": 0.0294341798872,
        "dvar": 0.000378868920961,
        "dvar2": 0.000739265407901,
        "max": 0.451742500067,
        "mean": 0.142768874764,
        "median": 0.12934525311,
        "min": 0.0694049596786,
        "var": 0.00241573993117
    },
    "erbbands_kurtosis": {
        "dmean": 1.29033970833,
        "dmean2": 2.00903582573,
        "dvar": 3.83304142952,
        "dvar2": 8.12194824219,
        "max": 62.6055755615,
        "mean": 0.480208843946,
        "median": -0.15966463089,
        "min": -1.89404511452,
        "var": 6.33858585358
    },
    "erbbands_skewness": {
        "dmean": 0.52592754364,
        "dmean2": 0.764277815819,
        "dvar": 0.252442806959,
        "dvar2": 0.506239414215,
        "max": 3.85727500916,
        "mean": -0.251726090908,
        "median": -0.38036096096,
        "min": -4.87536668777,
        "var": 0.895032167435
    },
    "erbbands_spread": {
        "dmean": 12.4612121582,
        "dmean2": 19.218875885,
        "dvar": 155.754653931,
        "dvar2": 341.406433105,
        "max": 139.75958252,
        "mean": 46.2586479187,
        "median": 43.1175308228,
        "min": 1.44697356224,
        "var": 436.52456665
    },
    "hfc": {
        "dmean": 8.41783809662,
        "dmean2": 11.8095874786,
        "dvar": 114.953994751,
        "dvar2": 240.244506836,
        "max": 177.350524902,
        "mean": 23.3184261322,
        "median": 20.3721981049,
        "min": 3.06124093186e-05,
        "var": 326.472473145
    },
    "melbands_crest": {
        "dmean": 4.28717422485,
        "dmean2": 6.7557053566,
        "dvar": 18.052986145,
        "dvar2": 40.139957428,
        "max": 36.5402565002,
        "mean": 20.5543861389,
        "median": 19.6448287964,
        "min": 3.04598736763,
        "var": 81.4739532471
    },
    "melbands_flatness_db": {
        "dmean": 0.031437266618,
        "dmean2": 0.0465198680758,
        "dvar": 0.00121808215044,
        "dvar2": 0.00214847596362,
        "max": 0.555091798306,
        "mean": 0.197512105107,
        "median": 0.19851616025,
        "min": 0.0238713622093,
        "var": 0.00660149101168
    },
    "melbands_kurtosis": {
        "dmean": 16.6563816071,
        "dmean2": 23.8833007812,
        "dvar": 1102.26086426,
        "dvar2": 2171.54956055,
        "max": 783.710876465,
        "mean": 29.2926502228,
        "median": 10.6590585709,
        "min": -1.87862634659,
        "var": 2466.71630859
    },
    "melbands_skewness": {
        "dmean": 1.26942813396,
        "dmean2": 1.82403862476,
        "dvar": 2.13858151436,
        "dvar2": 3.93952345848,
        "max": 23.6118602753,
        "mean": 3.87823033333,
        "median": 3.02648663521,
        "min": -4.21815633774,
        "var": 8.73983669281
    },
    "melbands_spread": {
        "dmean": 12.7393093109,
        "dmean2": 19.5529537201,
        "dvar": 357.663604736,
        "dvar2": 732.523803711,
        "max": 231.036132812,
        "mean": 31.0222988129,
        "median": 21.3827590942,
        "min": 0.424672663212,
        "var": 939.31854248
    },
    "pitch_salience": {
        "dmean": 0.0907158628106,
        "dmean2": 0.143421724439,
        "dvar": 0.00716320052743,
        "dvar2": 0.0162898097187,
        "max": 0.842369198799,
        "mean": 0.46868878603,
        "median": 0.495852977037,
        "min": 0.0485682934523,
        "var": 0.0277107395232
    },
    "silence_rate_20dB": {
        "dmean": 0,
        "dmean2": 0,
        "dvar": 0,
        "dvar2": 0,
        "max": 1,
        "mean": 1,
        "median": 1,
        "min": 1,
        "var": 0
    },
    "silence_rate_30dB": {
        "dmean": 0.0541795678437,
        "dmean2": 0.108401082456,
        "dvar": 0.0512447468936,
        "dvar2": 0.103618144989,
        "max": 1,
        "mean": 0.828626692295,
        "median": 1,
        "min": 0,
        "var": 0.142001837492
    },
    "silence_rate_60dB": {
        "dmean": 0.0545665621758,
        "dmean2": 0.108788229525,
        "dvar": 0.0515883937478,
        "dvar2": 0.112441882491,
        "max": 1,
        "mean": 0.0835589915514,
        "median": 0,
        "min": 0,
        "var": 0.0765793845057
    },
    "spectral_centroid": {
        "dmean": 439.331359863,
        "dmean2": 659.024597168,
        "dvar": 211507.5625,
        "dvar2": 396489.5625,
        "max": 5034.66650391,
        "mean": 2079.01049805,
        "median": 2143.49707031,
        "min": 278.9581604,
        "var": 640526.625
    },
    "spectral_complexity": {
        "dmean": 5.24574279785,
        "dmean2": 7.2706155777,
        "dvar": 32.084690094,
        "dvar2": 52.6905593872,
        "max": 56,
        "mean": 20.0197296143,
        "median": 17,
        "min": 0,
        "var": 189.575195312
    },
    "spectral_decrease": {
        "dmean": 3.61651442127e-09,
        "dmean2": 5.02829289317e-09,
        "dvar": 3.6396380395e-17,
        "dvar2": 5.75605871518e-17,
        "max": -1.78349330374e-15,
        "mean": -1.19742349369e-08,
        "median": -5.78757219927e-09,
        "min": -6.9171896655e-08,
        "var": 1.88977073939e-16
    },
    "spectral_energy": {
        "dmean": 0.0141899548471,
        "dmean2": 0.0196752958,
        "dvar": 0.000529046053998,
        "dvar2": 0.000834117294289,
        "max": 0.264197915792,
        "mean": 0.047308512032,
        "median": 0.0239049531519,
        "min": 9.50795087107e-09,
        "var": 0.00277699506842
    },
    "spectral_energyband_high": {
        "dmean": 0.000565647904295,
        "dmean2": 0.000835394079331,
        "dvar": 1.02973467619e-06,
        "dvar2": 2.32261277233e-06,
        "max": 0.0229134690017,
        "mean": 0.00131736078765,
        "median": 0.00108043593355,
        "min": 2.46732012599e-09,
        "var": 1.72909187768e-06
    },
    "spectral_energyband_low": {
        "dmean": 0.00901747867465,
        "dmean2": 0.0123865259811,
        "dvar": 0.00043633551104,
        "dvar2": 0.000684631522745,
        "max": 0.241080656648,
        "mean": 0.0320903323591,
        "median": 0.00589249935001,
        "min": 8.35021607415e-10,
        "var": 0.00222725304775
    },
    "spectral_energyband_middle_high": {
        "dmean": 0.00233997497708,
        "dmean2": 0.00340407784097,
        "dvar": 1.38788200275e-05,
        "dvar2": 3.00018873531e-05,
        "max": 0.0644373446703,
        "mean": 0.00496646901593,
        "median": 0.00328888860531,
        "min": 4.65488669832e-09,
        "var": 3.10267132591e-05
    },
    "spectral_energyband_middle_low": {
        "dmean": 0.00649443361908,
        "dmean2": 0.0100439563394,
        "dvar": 8.28121628729e-05,
        "dvar2": 0.000189657541341,
        "max": 0.0819609761238,
        "mean": 0.00980746839195,
        "median": 0.00629793759435,
        "min": 1.55995316664e-09,
        "var": 0.000121333039715
    },
    "spectral_entropy": {
        "dmean": 0.166744500399,
        "dmean2": 0.250366747379,
        "dvar": 0.0303872413933,
        "dvar2": 0.0594547688961,
        "max": 8.91425323486,
        "mean": 7.82069921494,
        "median": 7.89560556412,
        "min": 6.11168289185,
        "var": 0.125392571092
    },
    "spectral_flux": {
        "dmean": 0.0357767231762,
        "dmean2": 0.0566125996411,
        "dvar": 0.00189300405327,
        "dvar2": 0.0044366279617,
        "max": 0.391152828932,
        "mean": 0.0980001613498,
        "median": 0.086966894567,
        "min": 9.75087241386e-05,
        "var": 0.0034314377699
    },
    "spectral_kurtosis": {
        "dmean": 0.980562448502,
        "dmean2": 1.60602796078,
        "dvar": 2.55697965622,
        "dvar2": 6.85147953033,
        "max": 62.7975845337,
        "mean": 3.11593937874,
        "median": 2.91832494736,
        "min": -1.02958548069,
        "var": 3.95991778374
    },
    "spectral_rms": {
        "dmean": 0.00106679776218,
        "dmean2": 0.00145268091001,
        "dvar": 1.79737094186e-06,
        "dvar2": 2.6279717531e-06,
        "max": 0.0160547215492,
        "mean": 0.00579883623868,
        "median": 0.00482927588746,
        "min": 3.04566083287e-06,
        "var": 1.25281394503e-05
    },
    "spectral_rolloff": {
        "dmean": 774.446777344,
        "dmean2": 1251.22631836,
        "dvar": 1322859.25,
        "dvar2": 2682366.75,
        "max": 12919.921875,
        "mean": 1909.62670898,
        "median": 1291.9921875,
        "min": 64.599609375,
        "var": 3780668.5
    },
    "spectral_skewness": {
        "dmean": 0.175168603659,
        "dmean2": 0.270265251398,
        "dvar": 0.0376045182347,
        "dvar2": 0.0917152315378,
        "max": 5.08474826813,
        "mean": 1.18027150631,
        "median": 1.15910744667,
        "min": -0.0133640533313,
        "var": 0.0862961933017
    },
    "spectral_spread": {
        "dmean": 565114,
        "dmean2": 817541.125,
        "dvar": 362782261248,
        "dvar2": 686049001472,
        "max": 14675831,
        "mean": 4878774,
        "median": 4717868,
        "min": 726718,
        "var": 1.38301302374e+12
    },
    "spectral_strongpeak": {
        "dmean": 0.43495208025,
        "dmean2": 0.712127268314,
        "dvar": 0.506337583065,
        "dvar2": 1.25646317005,
        "max": 9.08910751343,
        "mean": 0.780911266804,
        "median": 0.546982049942,
        "min": 0,
        "var": 0.758021533489
    },
    "zerocrossingrate": {
        "dmean": 0.015491024591,
        "dmean2": 0.0175159312785,
        "dvar": 0.000333205651259,
        "dvar2": 0.000381817138987,
        "max": 0.40869140625,
        "mean": 0.0709095820785,
        "median": 0.06396484375,
        "min": 0.001953125,
        "var": 0.00231207627803
    },
    "barkbands": {
        "dmean": [0.00152530928608, 0.00721494900063, 0.00137647485826, 0.00230635283515, 0.00207585236058, 0.0012765560532, 0.000556259357836, 0.000585036061238, 0.00166808778886, 0.000517499865964, 0.000406803184887, 0.000433899753261, 0.000287234957796, 0.000342448911397, 0.00042599637527, 0.000263694237219, 0.000324743828969, 0.000387487729313, 0.000269483221928, 0.000243783506448, 0.000203577466891, 0.000128958010464, 0.000114134185424, 7.31344916858e-05, 4.09505337302e-05, 2.13304520003e-05, 2.66060987997e-06],
        "dmean2": [0.00242240377702, 0.00995743460953, 0.0021888569463, 0.00382215646096, 0.00345913250931, 0.00206327671185, 0.000873528013472, 0.000930113892537, 0.00260184891522, 0.000805665680673, 0.000635005475488, 0.00070392107591, 0.00046551367268, 0.000544139940757, 0.000710112450179, 0.000437644630438, 0.000517497654073, 0.00060085230507, 0.000414797279518, 0.000390085740946, 0.000316903111525, 0.000201623333851, 0.000174967732164, 0.000109322521894, 6.13749143668e-05, 3.24264983647e-05, 4.39310679212e-06],
        "dvar": [7.2988541433e-06, 0.000353466602974, 8.95907123777e-06, 3.28159549099e-05, 1.34793908728e-05, 6.57754435451e-06, 2.40448957811e-06, 3.50970617546e-06, 1.56975274876e-05, 3.68793143934e-06, 1.06533946109e-06, 2.08060964724e-06, 5.98098324645e-07, 8.08307333955e-07, 9.00917882518e-07, 2.58937603803e-07, 4.19256309669e-07, 4.23495436053e-07, 2.21160078695e-07, 1.16703709807e-07, 8.45076328915e-08, 8.4124202715e-08, 1.42343807852e-07, 1.98691036957e-08, 6.65004717959e-09, 1.36443845111e-09, 1.66931052314e-11],
        "dvar2": [1.77108486241e-05, 0.000584978144616, 1.88943286048e-05, 7.79695037636e-05, 3.57338285539e-05, 1.55852540047e-05, 5.97293774263e-06, 7.72988551034e-06, 3.69168374164e-05, 8.00355610409e-06, 2.38576467382e-06, 4.94236428494e-06, 1.50365713125e-06, 1.94715403268e-06, 2.41906036536e-06, 6.62910736082e-07, 1.02949638858e-06, 9.6605890576e-07, 5.0495270898e-07, 2.80017843579e-07, 1.93350302879e-07, 1.99880787477e-07, 3.4792316228e-07, 4.48715979928e-08, 1.43738798641e-08, 2.81375855948e-09, 4.28584563672e-11],
        "max": [0.0306030623615, 0.205391466618, 0.0254988465458, 0.0446971617639, 0.027039706707, 0.0249983109534, 0.0333924628794, 0.0335660502315, 0.0753428041935, 0.0470729470253, 0.017925908789, 0.0312789604068, 0.0152320172638, 0.0174236763269, 0.0125315375626, 0.00596923800185, 0.0103340484202, 0.00787124503404, 0.0080910474062, 0.00473582651466, 0.00557499751449, 0.00652762455866, 0.0111504616216, 0.00263292342424, 0.00208758469671, 0.00055574788712, 3.84049562854e-05],
        "mean": [0.003469618503, 0.02600078471, 0.001870513428, 0.00244430243038, 0.0023558633402, 0.00154375936836, 0.00068731472129, 0.000607690773904, 0.00188576243818, 0.000589377305005, 0.000506434065755, 0.000492597348057, 0.000337219564244, 0.000406503619161, 0.000565187016036, 0.00034917879384, 0.000465753866592, 0.000625888409559, 0.000509148056153, 0.000505346048158, 0.000427174236393, 0.000237158805248, 0.000193694344489, 0.000121264645713, 6.97421201039e-05, 3.76691350539e-05, 3.61974502994e-06],
        "median": [0.000929166330025, 0.00303563242778, 0.000422478013206, 0.000394784961827, 0.000822611560579, 0.000410005857702, 9.0775458375e-05, 0.000119990909297, 0.000377581134671, 7.48167803977e-05, 0.000122186247609, 9.33057817747e-05, 9.35128628043e-05, 0.000107669722638, 0.000195675820578, 0.00014299195027, 0.000245892821113, 0.000337528588716, 0.000304827524815, 0.000359775556717, 0.000313962664222, 0.000183587500942, 0.000120974997117, 7.17804141459e-05, 3.93392838305e-05, 2.27461314353e-05, 2.11243104786e-06],
        "min": [4.35714173075e-11, 5.6665355741e-10, 2.21584445237e-10, 1.07637961044e-11, 5.07409253503e-11, 1.48949699796e-10, 4.77046666059e-11, 1.11046685736e-10, 1.12812270636e-09, 6.18632367555e-10, 3.38882172324e-10, 4.45405795579e-10, 5.33245503309e-10, 3.56097623611e-10, 5.10309683399e-10, 3.85816129045e-10, 3.65568936234e-10, 3.40001277133e-10, 5.76712122502e-10, 4.06550737519e-10, 4.05478067789e-10, 2.97621816081e-10, 2.35044789187e-10, 4.13989953429e-10, 6.73530231587e-10, 2.48715659179e-10, 1.03738129198e-11],
        "var": [2.2507234462e-05, 0.00169384619221, 1.33092889882e-05, 3.51696144207e-05, 1.41698947118e-05, 8.74426041264e-06, 3.05583944282e-06, 4.26191354563e-06, 1.89341499208e-05, 5.18655087944e-06, 1.48578158132e-06, 2.47151228905e-06, 5.84185499974e-07, 9.13604992547e-07, 9.45797012264e-07, 3.10654286295e-07, 5.20671846971e-07, 7.39486154089e-07, 5.0988461453e-07, 2.44490450996e-07, 1.84064987252e-07, 9.73190523723e-08, 1.38548941209e-07, 2.92661024304e-08, 1.01401562702e-08, 2.38524378027e-09, 1.93725469694e-11]
    },
    "erbbands": {
        "dmean": [0.333554089069, 1.22272801399, 1.48232877254, 4.67682170868, 8.56229782104, 5.6923828125, 6.47439479828, 12.3277225494, 10.0689992905, 5.77654314041, 17.6529636383, 39.1804618835, 26.018951416, 13.1849374771, 15.8692188263, 15.7314348221, 12.36769104, 15.1435928345, 18.2084236145, 19.4107227325, 14.4101877213, 17.6211776733, 21.5670795441, 13.832318306, 13.5625305176, 10.1232347488, 9.3769197464, 5.77460718155, 4.78089666367, 4.03161811829, 3.30535387993, 1.92516052723, 1.07447767258, 0.535064220428, 0.267660856247, 0.116293385625, 0.0364611558616, 0.00642327498645, 0.000394952512579, 2.31961839745e-05],
        "dmean2": [0.466134727001, 1.8506526947, 2.3489253521, 7.35106039047, 14.5596284866, 9.4181470871, 10.6127195358, 19.8613796234, 15.6409473419, 9.23306083679, 27.5895843506, 60.9458007812, 39.3562583923, 20.1515369415, 25.3035907745, 24.9302463531, 19.7382183075, 23.7072315216, 29.8067932129, 32.0399475098, 23.4890441895, 27.5274276733, 33.3894996643, 20.7621479034, 20.7660923004, 16.1233940125, 14.2743997574, 9.06657218933, 7.50865411758, 6.39278697968, 5.00825405121, 2.89755225182, 1.6411293745, 0.795497000217, 0.405936807394, 0.17447796464, 0.0557468011975, 0.010135374032, 0.000656090967823, 3.40240221703e-05],
        "dvar": [0.828566431999, 10.449300766, 10.0317630768, 128.007369995, 293.883148193, 103.045661926, 141.185668945, 744.277404785, 489.585662842, 525.062133789, 2166.43041992, 10854.4902344, 6084.64111328, 1071.94287109, 2215.76367188, 2263.80297852, 961.505493164, 1885.67565918, 1607.31994629, 1784.21618652, 856.937683105, 1360.54663086, 1313.46484375, 504.551727295, 441.203125, 227.800460815, 143.392654419, 108.687026978, 88.1859970093, 157.353240967, 100.50402832, 18.9207420349, 3.59087181091, 1.02239179611, 0.294685065746, 0.0494296401739, 0.00344852684066, 9.42712213146e-05, 3.94913797663e-07, 1.10462927694e-09],
        "dvar2": [1.27910196781, 20.7596588135, 23.1807518005, 254.284164429, 774.50604248, 271.658233643, 331.99899292, 1772.05651855, 1089.49133301, 1276.47497559, 4745.18847656, 26514.0722656, 13275.2177734, 2246.86010742, 5276.32128906, 5246.52490234, 2296.35180664, 4620.93945312, 4162.42089844, 4690.80322266, 2156.99584961, 3331.02709961, 2905.63916016, 1090.36425781, 985.642150879, 548.20690918, 316.617126465, 249.647766113, 206.47555542, 378.869598389, 241.120239258, 42.5286369324, 8.69626617432, 2.31152296066, 0.613130569458, 0.105632051826, 0.0072450581938, 0.00021062802989, 1.02722754036e-06, 2.27770846628e-09],
        "max": [9.05654335022, 35.5949363708, 31.1101398468, 93.8664245605, 138.014846802, 95.9271392822, 164.852218628, 307.70199585, 554.594787598, 506.375030518, 733.590209961, 2061.9206543, 1426.9609375, 709.57611084, 828.561706543, 1014.68359375, 602.219909668, 952.738220215, 589.214355469, 820.600036621, 376.660064697, 644.414123535, 499.336578369, 294.43649292, 438.926513672, 285.080688477, 174.235794067, 245.979324341, 191.239761353, 342.639709473, 275.015319824, 78.4577255249, 36.3790550232, 26.2196216583, 12.1319494247, 3.54238247871, 0.895980000496, 0.0933591872454, 0.00625315634534, 0.000362136343028],
        "mean": [1.40855014324, 3.18303608894, 2.17580413818, 5.61458921432, 9.47129821777, 6.82057142258, 7.99363040924, 14.2197380066, 12.7458553314, 6.64304494858, 19.8928070068, 42.8288612366, 29.6006374359, 17.4900932312, 20.0589637756, 19.4157600403, 15.8200950623, 19.1924095154, 23.6215267181, 28.8497409821, 20.1372509003, 26.686252594, 35.2973518372, 26.5699596405, 27.6613082886, 21.9110469818, 20.7367362976, 12.1178226471, 9.108543396, 6.37633752823, 5.62790822983, 3.16337919235, 1.72127711773, 0.891048014164, 0.454465359449, 0.193449795246, 0.0639594197273, 0.0112689696252, 0.000532654463314, 6.86069834046e-05],
        "median": [0.0994739383459, 0.450776040554, 0.587805211544, 1.0959982872, 2.43153762817, 2.44642686844, 2.94688677788, 3.55612158775, 2.36327433586, 1.95299947262, 4.87553739548, 9.12944602966, 4.63712358475, 4.86408615112, 5.83413743973, 4.49785757065, 4.61838054657, 6.11384391785, 9.04916477203, 11.4924860001, 9.14076042175, 14.702712059, 19.1639003754, 16.1157054901, 17.8404560089, 16.9774265289, 15.164935112, 9.18903923035, 7.07625389099, 3.92020177841, 3.54493045807, 1.89795541763, 1.05263078213, 0.519996225834, 0.245937615633, 0.108705922961, 0.0386526063085, 0.00721241626889, 0.000315632118145, 4.42450436822e-05],
        "min": [1.4918679625e-08, 1.30014612409e-07, 2.88760304556e-07, 1.24905056964e-07, 7.28646298853e-08, 1.80318323828e-07, 8.29203884223e-07, 1.22102608202e-06, 5.92175069869e-07, 7.84595215464e-07, 5.75418562221e-06, 2.49849417742e-05, 1.76651919901e-05, 2.71410863206e-05, 9.39055553317e-06, 2.29194502026e-05, 2.88269129669e-05, 1.31197402879e-05, 1.55554862431e-05, 3.60866542906e-05, 2.19228259084e-05, 1.94029780687e-05, 1.48107374116e-05, 2.88171631837e-05, 2.80958320218e-05, 1.53660676006e-05, 9.76839965006e-06, 2.3729275199e-05, 1.28993988255e-05, 4.90716183776e-06, 5.62811919735e-06, 8.04502542451e-06, 8.42428926262e-06, 7.08752259015e-06, 4.80961216454e-06, 2.15597697206e-06, 1.9197331369e-07, 4.04239024476e-08, 1.87404780583e-09, 1.15981571569e-10],
        "var": [4.79465818405, 30.0632038116, 14.9525585175, 171.386383057, 292.006561279, 110.776741028, 196.199905396, 891.781799316, 808.70300293, 503.410736084, 2782.41943359, 11692.4042969, 8700.50488281, 1732.97973633, 2795.28417969, 2853.82617188, 1064.76196289, 2022.81835938, 1699.90673828, 2191.79199219, 1057.48999023, 1675.74328613, 2326.51538086, 1110.01464844, 1057.6003418, 456.831726074, 388.498077393, 177.359161377, 113.899017334, 157.160644531, 103.531929016, 25.7346744537, 4.90026950836, 1.47262787819, 0.47245413065, 0.0801309719682, 0.00614786567166, 0.000155802525114, 4.22703550385e-07, 4.09963396564e-09]
    },
    "gfcc": {
        "mean": [6.48212623596, 49.7931556702, -115.023246765, 48.4576568604, -56.1920814514, 10.8391313553, -33.1224517822, 13.6668291092, -21.4491634369, 5.78522968292, -17.1503982544, 5.61406612396, -7.56472826004],
        "cov": [[5732.47314453, 810.325256348, 464.913299561, 384.117523193, 729.027832031, 579.713562012, 539.065429688, 122.198638916, -201.127746582, 150.218307495, -63.6801834106, -13.3489837646, -141.3230896], [810.325256348, 1128.27087402, 256.443756104, 138.359405518, 364.356994629, 122.916732788, 281.595733643, 86.662612915, 89.8462677002, 25.737455368, 75.3141403198, -39.2507362366, 11.743730545], [464.913299561, 256.443756104, 1108.68322754, 646.070251465, 389.054626465, 294.398376465, 197.720123291, 68.1648864746, 43.0669670105, 94.6700820923, 11.1448545456, 29.1172485352, -22.877532959], [384.117523193, 138.359405518, 646.070251465, 765.304748535, 461.313903809, 171.78527832, 158.506134033, 87.9848937988, 33.5145378113, 79.9278564453, 7.68399190903, -21.5933170319, -23.5359172821], [729.027832031, 364.356994629, 389.054626465, 461.313903809, 597.695007324, 293.938293457, 273.2237854, 92.092376709, 25.8719558716, 95.2737884521, 33.8200263977, -11.2066287994, -10.7853460312], [579.713562012, 122.916732788, 294.398376465, 171.78527832, 293.938293457, 400.550476074, 275.663238525, 68.6690139771, 14.8268260956, 72.2337799072, 21.6491851807, 18.5820941925, -25.7917118073], [539.065429688, 281.595733643, 197.720123291, 158.506134033, 273.2237854, 275.663238525, 423.97265625, 153.496688843, 3.21067643166, 51.4960861206, 33.3521499634, -8.76336860657, -27.1191825867], [122.198638916, 86.662612915, 68.1648864746, 87.9848937988, 92.092376709, 68.6690139771, 153.496688843, 187.241638184, 90.5492553711, 41.2214126587, 49.374671936, 10.8553972244, 27.4343070984], [-201.127746582, 89.8462677002, 43.0669670105, 33.5145378113, 25.8719558716, 14.8268260956, 3.21067643166, 90.5492553711, 227.753234863, 81.0882797241, 65.9420623779, 47.5625991821, 69.2505111694], [150.218307495, 25.737455368, 94.6700820923, 79.9278564453, 95.2737884521, 72.2337799072, 51.4960861206, 41.2214126587, 81.0882797241, 132.65965271, 85.1122741699, 49.194644928, 30.1666889191], [-63.6801834106, 75.3141403198, 11.1448545456, 7.68399190903, 33.8200263977, 21.6491851807, 33.3521499634, 49.374671936, 65.9420623779, 85.1122741699, 162.088760376, 85.0680618286, 64.8684997559], [-13.3489837646, -39.2507362366, 29.1172485352, -21.5933170319, -11.2066287994, 18.5820941925, -8.76336860657, 10.8553972244, 47.5625991821, 49.194644928, 85.0680618286, 133.480316162, 75.2381973267], [-141.3230896, 11.743730545, -22.877532959, -23.5359172821, -10.7853460312, -25.7917118073, -27.1191825867, 27.4343070984, 69.2505111694, 30.1666889191, 64.8684997559, 75.2381973267, 116.50453186]],
        "icov": [[0.000301612511976, -0.000346280721715, 0.000139871539432, -8.60797226778e-05, 1.27518414956e-05, -0.000383643491659, 0.000286746450001, -0.000526899471879, 0.000750888953917, -0.000872457632795, 0.00078716914868, -0.00057904800633, 0.000233152401051], [-0.000346280721715, 0.0023634203244, -0.00102516764309, 0.00144464301411, -0.00200368626975, 0.00203652004711, -0.00201480323449, 0.00193083891645, -0.00246230699122, 0.00285515631549, -0.00274176965468, 0.0021563868504, -0.000367746048141], [0.000139871539432, -0.00102516764309, 0.00263457582332, -0.0026638105046, 0.00159280898515, -0.00207590544596, 0.000777307956014, -0.000450653489679, 0.000831554818433, -0.00133536476642, 0.00154975731857, -0.00178065686487, 0.000365701009287], [-8.60797226778e-05, 0.00144464301411, -0.0026638105046, 0.0055106789805, -0.00439811078832, 0.00276164058596, -0.000497574335895, -0.000247188145295, -0.00101547990926, 0.00101420539431, -0.00121095799841, 0.00162844907027, 0.000450330902822], [1.27518414956e-05, -0.00200368626975, 0.00159280898515, -0.00439811078832, 0.00738066388294, -0.00394589779899, 0.000319547165418, -0.000460220326204, 0.00182631984353, -0.00299295689911, 0.0015931960661, -0.00015921863087, -0.00146065396257], [-0.000383643491659, 0.00203652004711, -0.00207590544596, 0.00276164058596, -0.00394589779899, 0.00861693173647, -0.00497931381688, 0.00285957148299, -0.00279982667416, 0.00130678375717, -0.00131394749042, 3.19164610119e-05, 0.00122634682339], [0.000286746450001, -0.00201480323449, 0.000777307956014, -0.000497574335895, 0.000319547165418, -0.00497931381688, 0.00889664050192, -0.00696200830862, 0.00415423512459, -0.00239846599288, 0.00164502637926, -0.00134718313348, 0.00134643889032], [-0.000526899471879, 0.00193083891645, -0.000450653489679, -0.000247188145295, -0.000460220326204, 0.00285957148299, -0.00696200830862, 0.0136302029714, -0.00688407057896, 0.00419322540984, -0.00450005196035, 0.00342397158965, -0.00191140733659], [0.000750888953917, -0.00246230699122, 0.000831554818433, -0.00101547990926, 0.00182631984353, -0.00279982667416, 0.00415423512459, -0.00688407057896, 0.0115063367411, -0.0080842487514, 0.00433792406693, -0.00204699346796, -0.00258500338532], [-0.000872457632795, 0.00285515631549, -0.00133536476642, 0.00101420539431, -0.00299295689911, 0.00130678375717, -0.00239846599288, 0.00419322540984, -0.0080842487514, 0.0202910620719, -0.010845801793, 0.00172157911584, 0.00154139788356], [0.00078716914868, -0.00274176965468, 0.00154975731857, -0.00121095799841, 0.0015931960661, -0.00131394749042, 0.00164502637926, -0.00450005196035, 0.00433792406693, -0.010845801793, 0.0174800213426, -0.00827527884394, -0.00156859157141], [-0.00057904800633, 0.0021563868504, -0.00178065686487, 0.00162844907027, -0.00015921863087, 3.19164610119e-05, -0.00134718313348, 0.00342397158965, -0.00204699346796, 0.00172157911584, -0.00827527884394, 0.0186133291572, -0.00870985072106], [0.000233152401051, -0.000367746048141, 0.000365701009287, 0.000450330902822, -0.00146065396257, 0.00122634682339, 0.00134643889032, -0.00191140733659, -0.00258500338532, 0.00154139788356, -0.00156859157141, -0.00870985072106, 0.0176013913006]]
    },
    "melbands": {
        "dmean": [0.00240718387067, 0.000960924138781, 0.00090390490368, 0.000513596634846, 0.000216090091271, 0.000267450115643, 0.000138742732815, 6.99786323821e-05, 0.000168436934473, 0.000253159872955, 0.000127279636217, 5.28239070263e-05, 5.39747270523e-05, 5.03958181071e-05, 3.53691611963e-05, 2.73495206784e-05, 3.07427144435e-05, 2.97436054097e-05, 3.53918403562e-05, 1.96169457922e-05, 1.8253140297e-05, 1.82756557479e-05, 2.1766334612e-05, 1.86502729775e-05, 1.12877296488e-05, 1.18705966088e-05, 1.02615040305e-05, 7.01615772414e-06, 5.57380462851e-06, 6.81066740071e-06, 2.94849951388e-06, 3.00391843666e-06, 2.62227467829e-06, 2.18671630137e-06, 2.01741795536e-06, 1.66398274359e-06, 1.06780885289e-06, 7.92634068603e-07, 5.96393306296e-07, 4.41152934627e-07],
        "dmean2": [0.00337470159866, 0.00148600456305, 0.00146872038022, 0.000853428966366, 0.000354600400897, 0.000427949125879, 0.000217737338971, 0.000113217865874, 0.000260931265075, 0.000392171757994, 0.000192134568351, 8.21230205474e-05, 8.52395314723e-05, 7.97477332526e-05, 5.55628757866e-05, 4.46011654276e-05, 4.87153920403e-05, 4.88642472192e-05, 5.90570925851e-05, 3.23238018609e-05, 3.0349012377e-05, 2.87898474198e-05, 3.46640117641e-05, 2.93941739073e-05, 1.70996645465e-05, 1.86657143786e-05, 1.60495637829e-05, 1.14462754937e-05, 8.50892502058e-06, 1.06882816908e-05, 4.73433465231e-06, 4.78961919725e-06, 4.11415976487e-06, 3.51413746102e-06, 3.09476536131e-06, 2.58449449575e-06, 1.64453558682e-06, 1.22116512102e-06, 9.26330301354e-07, 6.60038608657e-07],
        "dvar": [4.03805679525e-05, 4.76984314446e-06, 4.26179713031e-06, 8.83827851794e-07, 1.31146393301e-07, 3.13557222853e-07, 1.03020418862e-07, 7.55047224743e-08, 1.69638155967e-07, 4.55305780633e-07, 1.53186519469e-07, 2.33890151691e-08, 2.24767742196e-08, 3.17934514271e-08, 1.06421316204e-08, 6.6273075916e-09, 8.44130720878e-09, 4.96658314475e-09, 6.4539462663e-09, 1.54767787475e-09, 1.57028556824e-09, 1.6883109355e-09, 1.54483092984e-09, 8.67633465074e-10, 3.50341061717e-10, 4.99516261687e-10, 2.42020042895e-10, 1.10015795085e-10, 5.32583144253e-11, 8.70966423983e-11, 3.0331636508e-11, 2.91686778897e-11, 4.10758406455e-11, 5.02234989708e-11, 3.93044555236e-11, 1.66778535426e-11, 5.80473733316e-12, 2.03250155421e-12, 1.00054524128e-12, 7.71750664676e-13],
        "dvar2": [6.41288424958e-05, 1.01359737528e-05, 9.15121199796e-06, 2.2990961952e-06, 3.14824546876e-07, 7.43802615943e-07, 2.41414113589e-07, 1.70460836557e-07, 3.68601746459e-07, 1.11000781544e-06, 3.3316470649e-07, 4.85536446604e-08, 5.18821678952e-08, 7.63448255725e-08, 2.43998261595e-08, 1.70246625686e-08, 2.06440571304e-08, 1.27153780838e-08, 1.7357455917e-08, 4.03085520517e-09, 3.96814847647e-09, 4.27941238001e-09, 3.5682152788e-09, 1.990230869e-09, 7.7608286464e-10, 1.19305898494e-09, 5.55532064794e-10, 2.69275934883e-10, 1.18482515465e-10, 2.11394096672e-10, 7.04497779558e-11, 6.92214410791e-11, 9.76049588375e-11, 1.21331208969e-10, 9.3734173201e-11, 3.96151791926e-11, 1.29896987264e-11, 4.95319497223e-12, 2.43663401088e-12, 1.74295983462e-12],
        "max": [0.0675704404712, 0.021557142958, 0.0186125002801, 0.00663266796619, 0.00461687380448, 0.00600137002766, 0.0073340786621, 0.00541705777869, 0.00580482371151, 0.0137690687552, 0.00755136506632, 0.00373988342471, 0.00269026076421, 0.00393072143197, 0.00236626178958, 0.00189122615848, 0.0021768368315, 0.00105526507832, 0.00119967327919, 0.00079107232159, 0.000601039908361, 0.000881393323652, 0.000608197588008, 0.000351058813976, 0.000224193121539, 0.000410728651332, 0.000314280536259, 0.000176287503564, 8.30452336231e-05, 0.000152626947965, 0.000113060814328, 9.73818314378e-05, 0.000143497134559, 0.000204591342481, 0.000176751869731, 9.09887094167e-05, 4.17108676629e-05, 2.7016221793e-05, 1.77933943633e-05, 2.4221761123e-05],
        "mean": [0.00934370979667, 0.00199192017317, 0.00112406664994, 0.000600881641731, 0.000272901728749, 0.000318766833516, 0.000172457075678, 7.51370680518e-05, 0.000189709768165, 0.00027505075559, 0.000141090087709, 6.66523555992e-05, 6.75959017826e-05, 5.86217211094e-05, 4.15898757637e-05, 3.21590850945e-05, 3.66572348867e-05, 3.49992333213e-05, 4.80103226437e-05, 2.67452178377e-05, 2.33142618526e-05, 2.60724718828e-05, 3.14601929858e-05, 3.04832192342e-05, 2.01061375265e-05, 2.1019277483e-05, 1.99367677851e-05, 1.32586210384e-05, 1.15226721391e-05, 1.33770372486e-05, 5.03273076902e-06, 5.50868253413e-06, 3.95206507164e-06, 3.33480465997e-06, 3.26888539348e-06, 2.71266867458e-06, 1.66566553617e-06, 1.23135714603e-06, 9.36045012168e-07, 7.01620876953e-07],
        "median": [0.0010284835007, 0.000486575881951, 0.000277118379017, 0.000176634959644, 0.000121125543956, 8.64124522195e-05, 2.95606514555e-05, 1.83170723176e-05, 4.16693874286e-05, 5.34411919944e-05, 1.76589965122e-05, 1.48977196659e-05, 1.79496037163e-05, 1.1249329873e-05, 1.00776815088e-05, 9.47660555539e-06, 9.98894756776e-06, 1.13604028229e-05, 1.59278715728e-05, 1.1766885109e-05, 9.60478610068e-06, 1.3697108443e-05, 1.62334454217e-05, 1.57921767823e-05, 1.14838112495e-05, 1.17708559628e-05, 1.20869508464e-05, 9.31174508878e-06, 8.08462391433e-06, 9.07803405426e-06, 3.38285167345e-06, 4.09876201957e-06, 2.59271928371e-06, 1.96176051759e-06, 2.01232796826e-06, 1.67895757386e-06, 9.63569505075e-07, 7.37528125683e-07, 5.68615917018e-07, 3.89506681131e-07],
        "min": [1.48391188226e-10, 1.64576366424e-10, 2.09454242145e-11, 8.59975372164e-12, 2.46935250026e-11, 2.67735555948e-11, 9.37323049038e-12, 8.63574576432e-12, 6.00444485799e-11, 1.69197336697e-10, 8.66118843312e-11, 1.13086887077e-10, 3.38895474183e-11, 4.33844037084e-11, 6.91698365252e-11, 4.33341106054e-11, 2.65479166428e-11, 2.4386957731e-11, 4.95084216678e-11, 3.93894014628e-11, 2.20627058289e-11, 2.53980239617e-11, 5.57621787287e-12, 1.94595797809e-11, 2.3819711828e-11, 2.48272079978e-11, 1.53514284618e-11, 9.23409092246e-12, 5.08187372392e-12, 1.08690504513e-11, 1.51600555026e-11, 9.17147347651e-12, 1.51086510924e-12, 3.06587220888e-12, 2.91595567137e-12, 4.20417346769e-12, 5.32045154461e-12, 5.86432681929e-12, 6.35141201785e-12, 5.55687310402e-12],
        "var": [0.000213006365811, 1.03380780274e-05, 5.50672575628e-06, 9.38929588301e-07, 1.79915915055e-07, 3.89448018723e-07, 1.54260675345e-07, 8.3036120202e-08, 2.29614499858e-07, 4.93989773531e-07, 2.18729837798e-07, 3.47867548101e-08, 2.98706055446e-08, 3.79417102181e-08, 1.27878756473e-08, 6.08370598343e-09, 8.81058337399e-09, 5.08302422375e-09, 7.04579683486e-09, 1.91391724691e-09, 1.78572212572e-09, 1.91675986194e-09, 2.14753925754e-09, 1.63575397671e-09, 7.1372757704e-10, 1.10041553647e-09, 5.16556519781e-10, 1.97994967643e-10, 1.35149128e-10, 1.91390514548e-10, 4.23596088761e-11, 3.89445697913e-11, 4.43277116402e-11, 4.9458805107e-11, 3.98588349826e-11, 1.93677053562e-11, 7.80203852913e-12, 2.68757433843e-12, 1.37021611505e-12, 1.06168220916e-12]
    },
    "mfcc": {
        "mean": [-636.803771973, 77.5699081421, -0.288424640894, 36.7487983704, 3.81155943871, 5.94046640396, 0.262739032507, 6.64887475967, 2.12866282463, 5.243932724, -1.7012553215, 0.308029264212, -3.10173368454],
        "cov": [[5614.38720703, 778.643371582, -43.9974327087, 294.360992432, 229.315185547, 537.344299316, 668.715393066, 176.620239258, 183.296585083, 95.623298645, 100.970016479, 11.0547676086, -46.5257377625], [778.643371582, 1042.40881348, 17.3953552246, 88.1563110352, 75.3385314941, 143.943069458, 219.141860962, 114.273605347, 94.7500152588, 69.7144775391, 75.6453018188, 38.9154853821, 63.9753837585], [-43.9974327087, 17.3953552246, 792.85534668, 359.280426025, 228.178863525, 231.719039917, 133.682174683, 84.3944625854, 94.2366409302, 49.5509109497, 58.9779052734, 34.9510498047, 34.3509902954], [294.360992432, 88.1563110352, 359.280426025, 671.352294922, 341.3855896, 190.027542114, 221.378799438, 81.1138839722, 119.210273743, 73.1813354492, 51.5927467346, 35.5788078308, 51.7166748047], [229.315185547, 75.3385314941, 228.178863525, 341.3855896, 388.177246094, 208.989212036, 117.448539734, 47.0349273682, 86.6670074463, 72.7126998901, 38.873500824, 42.1806640625, 57.0524482727], [537.344299316, 143.943069458, 231.719039917, 190.027542114, 208.989212036, 411.818603516, 271.676605225, 108.589759827, 112.589660645, 68.1266479492, 73.1274871826, 40.2367210388, 26.0018386841], [668.715393066, 219.141860962, 133.682174683, 221.378799438, 117.448539734, 271.676605225, 467.162597656, 171.618133545, 102.587486267, 80.1126480103, 85.710067749, 21.818195343, 16.0335063934], [176.620239258, 114.273605347, 84.3944625854, 81.1138839722, 47.0349273682, 108.589759827, 171.618133545, 176.529693604, 106.567253113, 59.1314697266, 53.9619636536, 31.6455440521, 24.4662399292], [183.296585083, 94.7500152588, 94.2366409302, 119.210273743, 86.6670074463, 112.589660645, 102.587486267, 106.567253113, 162.396575928, 91.0680160522, 48.6322975159, 28.1193466187, 19.8640651703], [95.623298645, 69.7144775391, 49.5509109497, 73.1813354492, 72.7126998901, 68.1266479492, 80.1126480103, 59.1314697266, 91.0680160522, 140.569000244, 75.5046768188, 28.1108512878, 28.8800544739], [100.970016479, 75.6453018188, 58.9779052734, 51.5927467346, 38.873500824, 73.1274871826, 85.710067749, 53.9619636536, 48.6322975159, 75.5046768188, 123.424751282, 51.5444145203, 30.2054767609], [11.0547676086, 38.9154853821, 34.9510498047, 35.5788078308, 42.1806640625, 40.2367210388, 21.818195343, 31.6455440521, 28.1193466187, 28.1108512878, 51.5444145203, 94.2281723022, 64.556930542], [-46.5257377625, 63.9753837585, 34.3509902954, 51.7166748047, 57.0524482727, 26.0018386841, 16.0335063934, 24.4662399292, 19.8640651703, 28.8800544739, 30.2054767609, 64.556930542, 126.993057251]],
