{
"lowlevel": {
    "average_loudness": 0.886914432049,
    "barkbands_crest": {
        "dmean": 3.57870364189,
        "dmean2": 5.83153915405,
        "dvar": 8.89260673523,
        "dvar2": 23.7315750122,
        "max": 26.0463886261,
        "mean": 12.7096300125,
        "median": 12.2888917923,
        "min": 2.37861299515,
        "var": 28.1689491272
    },
    "barkbands_flatness_db": {
        "dmean": 0.0311001874506,
        "dmean2": 0.0466054826975,
        "dvar": 0.000930836773477,
        "dvar2": 0.00202517490834,
        "max": 0.502413868904,
        "mean": 0.213097691536,
        "median": 0.187951937318,
        "min": 0.0227276869118,
        "var": 0.0132923321798
    },
    "barkbands_kurtosis": {
        "dmean": 6.96436738968,
        "dmean2": 11.7935180664,
        "dvar": 259.662811279,
        "dvar2": 713.901000977,
        "max": 228.220901489,
        "mean": 8.93445587158,
        "median": 1.82964420319,
        "min": -1.80135858059,
        "var": 417.775909424
    },
    "barkbands_skewness": {
        "dmean": 0.838012337685,
        "dmean2": 1.31067109108,
        "dvar": 1.04136574268,
        "dvar2": 2.57085061073,
        "max": 13.1036214828,
        "mean": 1.81229281425,
        "median": 1.21026062965,
        "min": -1.89805209637,
        "var": 3.75299096107
    },
    "barkbands_spread": {
        "dmean": 5.53387117386,
        "dmean2": 8.28713989258,
        "dvar": 41.4009284973,
        "dvar2": 78.5311431885,
        "max": 92.5287857056,
        "mean": 17.1931934357,
        "median": 13.342130661,
        "min": 0.53110897541,
        "var": 189.266647339
    },
    "dissonance": {
        "dmean": 0.0271911509335,
        "dmean2": 0.0467874743044,
        "dvar": 0.000919541984331,
        "dvar2": 0.00264901295304,
        "max": 0.499998211861,
        "mean": 0.443053811789,
        "median": 0.468050718307,
        "min": 0.200419425964,
        "var": 0.00352771906182
    },
    "dynamic_complexity": 6.1218457222,
    "erbbands_crest": {
        "dmean": 3.13730859756,
        "dmean2": 5.15977096558,
        "dvar": 7.7427444458,
        "dvar2": 20.0900745392,
        "max": 30.1005401611,
        "mean": 10.5777893066,
        "median": 9.47724819183,
        "min": 2.28899598122,
        "var": 31.565032959
    },
    "erbbands_flatness_db": {
        "dmean": 0.0205478109419,
        "dmean2": 0.0295680686831,
        "dvar": 0.000345771200955,
        "dvar2": 0.000684379134327,
        "max": 0.521056175232,
        "mean": 0.222089976072,
        "median": 0.171259269118,
        "min": 0.0511094070971,
        "var": 0.0148415099829
    },
    "erbbands_kurtosis": {
        "dmean": 1.31366324425,
        "dmean2": 2.22121834755,
        "dvar": 3.49860620499,
        "dvar2": 8.18591880798,
        "max": 26.3910694122,
        "mean": 0.618954360485,
        "median": -0.168021202087,
        "min": -1.77797150612,
        "var": 6.06106424332
    },
    "erbbands_skewness": {
        "dmean": 0.49601188302,
        "dmean2": 0.775637984276,
        "dvar": 0.195722863078,
        "dvar2": 0.442528426647,
        "max": 3.62058949471,
        "mean": 0.445904910564,
        "median": 0.34554117918,
        "min": -2.09746384621,
        "var": 0.640011668205
    },
    "erbbands_spread": {
        "dmean": 9.23906230927,
        "dmean2": 14.122595787,
        "dvar": 122.4087677,
        "dvar2": 271.992584229,
        "max": 170.610214233,
        "mean": 33.8898200989,
        "median": 30.2940292358,
        "min": 1.54619324207,
        "var": 541.934143066
    },
    "hfc": {
        "dmean": 7.37493038177,
        "dmean2": 9.48365306854,
        "dvar": 268.15234375,
        "dvar2": 526.296875,
        "max": 167.366668701,
        "mean": 14.8959112167,
        "median": 7.08619117737,
        "min": 1.09568231442e-16,
        "var": 567.745239258
    },
    "melbands_crest": {
        "dmean": 4.48127365112,
        "dmean2": 7.47690343857,
        "dvar": 15.9496994019,
        "dvar2": 43.1819953918,
        "max": 33.5007743835,
        "mean": 16.9522705078,
        "median": 16.4776802063,
        "min": 1.65873074532,
        "var": 38.6035346985
    },
    "melbands_flatness_db": {
        "dmean": 0.0357201136649,
        "dmean2": 0.0518642701209,
        "dvar": 0.00138646306004,
        "dvar2": 0.00283435964957,
        "max": 0.519939661026,
        "mean": 0.253417640924,
        "median": 0.253860920668,
        "min": 0.00370163959451,
        "var": 0.011122873053
    },
    "melbands_kurtosis": {
        "dmean": 15.3150243759,
        "dmean2": 25.1907310486,
        "dvar": 1085.54504395,
        "dvar2": 2859.07275391,
        "max": 447.673492432,
        "mean": 23.2563591003,
        "median": 5.58278656006,
        "min": -1.81679022312,
        "var": 2060.62255859
    },
    "melbands_skewness": {
        "dmean": 1.09172642231,
        "dmean2": 1.72254323959,
        "dvar": 2.00900173187,
        "dvar2": 4.72666120529,
        "max": 17.8809871674,
        "mean": 2.89177536964,
        "median": 1.92932116985,
        "min": -0.821163475513,
        "var": 7.32899332047
    },
    "melbands_spread": {
        "dmean": 7.21652698517,
        "dmean2": 10.6820440292,
        "dvar": 76.084602356,
        "dvar2": 143.667999268,
        "max": 137.238464355,
        "mean": 20.8035564423,
        "median": 14.521021843,
        "min": 0.565178155899,
        "var": 353.255310059
    },
    "pitch_salience": {
        "dmean": 0.0967054441571,
        "dmean2": 0.162030041218,
        "dvar": 0.00844617281109,
        "dvar2": 0.0238675549626,
        "max": 0.884453713894,
        "mean": 0.491687119007,
        "median": 0.48464858532,
        "min": 0.116309463978,
        "var": 0.0189523119479
    },
    "silence_rate_20dB": {
        "dmean": 0,
        "dmean2": 0,
        "dvar": 0,
        "dvar2": 0,
        "max": 1,
        "mean": 1,
        "median": 1,
        "min": 1,
        "var": 0
    },
    "silence_rate_30dB": {
        "dmean": 0.0526315793395,
        "dmean2": 0.105303913355,
        "dvar": 0.0498612336814,
        "dvar2": 0.109700471163,
        "max": 1,
        "mean": 0.941199243069,
        "median": 1,
        "min": 0,
        "var": 0.0553429685533
    },
    "silence_rate_60dB": {
        "dmean": 0.0228328164667,
        "dmean2": 0.0456833131611,
        "dvar": 0.0223120674491,
        "dvar2": 0.0521153025329,
        "max": 1,
        "mean": 0.335783362389,
        "median": 0,
        "min": 0,
        "var": 0.223035439849
    },
    "spectral_centroid": {
        "dmean": 300.05947876,
        "dmean2": 451.681091309,
        "dvar": 123072.3125,
        "dvar2": 226765.015625,
        "max": 11303.7011719,
        "mean": 1438.36230469,
        "median": 1256.30578613,
        "min": 163.718078613,
        "var": 684341.875
    },
    "spectral_complexity": {
        "dmean": 4.17995357513,
        "dmean2": 5.61633777618,
        "dvar": 32.3997688293,
        "dvar2": 50.7413406372,
        "max": 66,
        "mean": 13.725725174,
        "median": 9,
        "min": 0,
        "var": 180.762176514
    },
    "spectral_decrease": {
        "dmean": 3.20574633506e-09,
        "dmean2": 5.12883602255e-09,
        "dvar": 3.46711761135e-17,
        "dvar2": 8.21032278322e-17,
        "max": 8.11132479469e-29,
        "mean": -7.27512583509e-09,
        "median": -2.97351321343e-09,
        "min": -4.75712376158e-08,
        "var": 9.47515009949e-17
    },
    "spectral_energy": {
        "dmean": 0.0126084908843,
        "dmean2": 0.01996476762,
        "dvar": 0.000516689673532,
        "dvar2": 0.00121821963694,
        "max": 0.182798013091,
        "mean": 0.0288090892136,
        "median": 0.0126323392615,
        "min": 1.00988897711e-20,
        "var": 0.00142248556949
    },
    "spectral_energyband_high": {
        "dmean": 0.000503243878484,
        "dmean2": 0.00061950593954,
        "dvar": 1.80225276836e-06,
        "dvar2": 3.30786679115e-06,
        "max": 0.0142147531733,
        "mean": 0.000784535368439,
        "median": 0.000110070606752,
        "min": 7.41326696671e-21,
        "var": 3.48015464624e-06
    },
    "spectral_energyband_low": {
        "dmean": 0.00989420246333,
        "dmean2": 0.0168834570795,
        "dvar": 0.000488730438519,
        "dvar2": 0.00125765416306,
        "max": 0.161588937044,
        "mean": 0.0184970237315,
        "median": 0.00240003922954,
        "min": 3.69129569233e-23,
        "var": 0.00104829575866
    },
    "spectral_energyband_middle_high": {
        "dmean": 0.00204498344101,
        "dmean2": 0.00304218800738,
        "dvar": 1.6198706362e-05,
        "dvar2": 3.70983907487e-05,
        "max": 0.0431005954742,
        "mean": 0.00365915987641,
        "median": 0.00138130784035,
        "min": 1.41455013525e-21,
        "var": 3.3276326576e-05
    },
    "spectral_energyband_middle_low": {
        "dmean": 0.00512276403606,
        "dmean2": 0.00886895135045,
        "dvar": 0.000144071294926,
        "dvar2": 0.00040417778655,
        "max": 0.0951434448361,
        "mean": 0.00672803679481,
        "median": 0.00313415797427,
        "min": 2.82044935675e-22,
        "var": 0.000124500365928
    },
    "spectral_entropy": {
        "dmean": 0.200497105718,
        "dmean2": 0.289913386106,
        "dvar": 0.0440820641816,
        "dvar2": 0.0848942548037,
        "max": 9.80810260773,
        "mean": 7.16925477982,
        "median": 7.56315231323,
        "min": 4.64729690552,
        "var": 0.959694802761
    },
    "spectral_flux": {
        "dmean": 0.0265635177493,
        "dmean2": 0.040385555476,
        "dvar": 0.00180511188228,
        "dvar2": 0.00330633833073,
        "max": 0.379330098629,
        "mean": 0.0870303735137,
        "median": 0.0701718479395,
        "min": 6.7455270536e-11,
        "var": 0.00680432654917
    },
    "spectral_kurtosis": {
        "dmean": 3.71431851387,
        "dmean2": 6.28461551666,
        "dvar": 36.981262207,
        "dvar2": 111.271629333,
        "max": 62.5798721313,
        "mean": 7.72788381577,
        "median": 3.96529769897,
        "min": -1.22040700912,
        "var": 98.1446838379
    },
    "spectral_rms": {
        "dmean": 0.000918321951758,
        "dmean2": 0.00139167299494,
        "dvar": 1.8878422452e-06,
        "dvar2": 4.07124662161e-06,
        "max": 0.0133543824777,
        "mean": 0.00414993427694,
        "median": 0.00351058878005,
        "min": 3.13888129898e-12,
        "var": 1.088445606e-05
    },
    "spectral_rolloff": {
        "dmean": 488.79788208,
        "dmean2": 766.819091797,
        "dvar": 598128.125,
        "dvar2": 1065969.125,
        "max": 19186.0839844,
        "mean": 1506.84069824,
        "median": 1119.7265625,
        "min": 64.599609375,
        "var": 2425751.75
    },
    "spectral_skewness": {
        "dmean": 0.375508964062,
        "dmean2": 0.609192252159,
        "dvar": 0.200642868876,
        "dvar2": 0.591224730015,
        "max": 6.35626173019,
        "mean": 1.74426960945,
        "median": 1.49776792526,
        "min": -0.0438362956047,
        "var": 0.770405113697
    },
    "spectral_spread": {
        "dmean": 555317.375,
        "dmean2": 797052.4375,
        "dvar": 783335620608,
        "dvar2": 1.33788060877e+12,
        "max": 41262668,
        "mean": 3971189.75,
        "median": 3798163.5,
        "min": 1046103.1875,
        "var": 4.9190183895e+12
    },
    "spectral_strongpeak": {
        "dmean": 0.33595046401,
        "dmean2": 0.57613992691,
        "dvar": 0.245616659522,
        "dvar2": 0.646441996098,
        "max": 4.4116435051,
        "mean": 0.621291875839,
        "median": 0.43408074975,
        "min": 0,
        "var": 0.417143344879
    },
    "zerocrossingrate": {
        "dmean": 0.0112737417221,
        "dmean2": 0.0126162953675,
        "dvar": 0.000222468341235,
        "dvar2": 0.000287564180326,
        "max": 0.50634765625,
        "mean": 0.0581349357963,
        "median": 0.0498046875,
        "min": 0.0029296875,
        "var": 0.00167645688634
    },
    "barkbands": {
        "dmean": [0.00067711120937, 0.00782433990389, 0.00505779869854, 0.00184464792255, 0.0013102988014, 0.00118676398415, 0.000830174423754, 0.000599159102421, 0.000764784868807, 0.000414813810494, 0.000455065921415, 0.000466857571155, 0.000332087598508, 0.000303441396682, 0.000252725178143, 0.000189626254723, 0.000162687152624, 0.000115678725706, 0.000123467121739, 0.000134272282594, 0.000133925525006, 0.000111336215923, 7.62386625865e-05, 6.57023992972e-05, 5.54070029466e-05, 1.95710963453e-05, 1.06727566163e-06],
        "dmean2": [0.00107592949644, 0.0127668641508, 0.00913148373365, 0.00340074277483, 0.00234823790379, 0.00209956336766, 0.0014073260827, 0.00101234018803, 0.00122752657626, 0.000659268349409, 0.000763025018387, 0.000791994214524, 0.000539674423635, 0.000505544128828, 0.000395076145651, 0.000302631116938, 0.000250404438702, 0.000171697349288, 0.000195745349629, 0.000186432487681, 0.000177942114533, 0.000149148516357, 0.00010219340038, 8.82775348146e-05, 7.56979789003e-05, 2.65481721726e-05, 1.44905664001e-06],
        "dvar": [2.09514087146e-06, 0.000269298296189, 0.000224759452976, 3.24826942233e-05, 1.11334929898e-05, 1.02658741525e-05, 3.9230872062e-06, 1.87803050267e-06, 3.10357995659e-06, 7.74733337039e-07, 8.90660828645e-07, 1.17974570912e-06, 4.54674221828e-07, 3.62974617474e-07, 2.68705917961e-07, 2.67916192342e-07, 1.25765822645e-07, 8.71077432407e-08, 8.45956336093e-08, 1.33264194346e-07, 1.17534128208e-07, 8.56157953422e-08, 4.68790695152e-08, 3.43182904317e-08, 2.41564102055e-08, 3.1969473735e-09, 8.19350403497e-12],
        "dvar2": [4.90283809995e-06, 0.000690604327247, 0.000630092981737, 9.32489565457e-05, 3.20083381666e-05, 2.90952466457e-05, 1.01895466287e-05, 4.94304640597e-06, 7.79951278673e-06, 1.84446219009e-06, 2.39941482505e-06, 3.23295489579e-06, 1.08450365133e-06, 9.70102519204e-07, 6.44309579911e-07, 6.07004608355e-07, 2.50034645433e-07, 1.87806023177e-07, 1.97784132183e-07, 2.57328423459e-07, 2.27319844726e-07, 1.71066147914e-07, 8.69729888109e-08, 6.70679796144e-08, 4.69230556632e-08, 6.10931660816e-09, 1.56364660803e-11],
        "max": [0.0196212399751, 0.136242002249, 0.119637295604, 0.059466406703, 0.0357828363776, 0.0314192399383, 0.0245889108628, 0.0151206050068, 0.0298260524869, 0.0133358035237, 0.0127674564719, 0.0105288121849, 0.00698414351791, 0.00776641489938, 0.008221344091, 0.00628868443891, 0.00439595943317, 0.00346768391319, 0.00380994193256, 0.00419835699722, 0.0038302000612, 0.00382590759546, 0.00277262693271, 0.0026466618292, 0.00220010243356, 0.00141972489655, 4.30297368439e-05],
        "mean": [0.00133385241497, 0.0123320063576, 0.00406688591465, 0.00151695648674, 0.00146258552559, 0.00113144773059, 0.000854476122186, 0.000652778660879, 0.000942613056395, 0.000526832474861, 0.000514141807798, 0.000528299191501, 0.00039265039959, 0.000443638535216, 0.000367593282135, 0.000245530769462, 0.000253057834925, 0.000167969425092, 0.000190341859707, 0.000207996257814, 0.000204413838219, 0.000165161254699, 0.000114482594654, 9.70741166384e-05, 7.0546855568e-05, 2.45117735176e-05, 1.23866482227e-06],
        "median": [0.000160966810654, 0.00150995189324, 0.000100197430584, 0.000142911361763, 0.000316293677315, 0.000196524284547, 0.000107883810415, 0.000100725199445, 0.000228434422752, 9.43980339798e-05, 0.000120523684018, 0.000117975876492, 8.5975319962e-05, 5.43210881006e-05, 5.88553702983e-05, 6.39507925371e-05, 5.52260389668e-05, 5.40423752682e-05, 6.02295876888e-05, 4.58918366348e-05, 2.77450290014e-05, 3.10779032588e-05, 1.94256062969e-05, 6.96308097758e-06, 3.74488081434e-06, 1.06790969312e-06, 1.19380394459e-09],
        "min": [3.5838479461e-24, 1.35995076221e-23, 8.53370084632e-24, 5.79864711828e-24, 1.94556291738e-23, 2.39628253988e-23, 4.2686973832e-23, 1.41473399664e-23, 2.73728864987e-23, 5.94385045741e-23, 2.82464710651e-23, 7.23875427373e-23, 7.81987781035e-23, 8.45249440033e-23, 7.22732399476e-23, 1.24710326309e-22, 8.58488671724e-23, 1.18604416685e-22, 2.87828788102e-22, 2.03723593831e-22, 4.47218701981e-22, 4.31330715184e-22, 5.85137942479e-22, 7.07345850535e-22, 1.12176919393e-21, 1.58504789225e-21, 2.03789030158e-21],
        "var": [5.00386659041e-06, 0.000555737758987, 0.000149804138346, 2.08545661735e-05, 9.58137843554e-06, 7.44110457163e-06, 3.8888929339e-06, 2.01045622816e-06, 3.98776910515e-06, 1.21984021462e-06, 1.00941451819e-06, 1.39739222504e-06, 6.53235076697e-07, 7.98665496404e-07, 5.14063231094e-07, 3.36100583809e-07, 2.47292319955e-07, 1.38779370218e-07, 1.42302639006e-07, 2.53110385984e-07, 2.19081741193e-07, 1.54949532316e-07, 8.42323970573e-08, 6.28378558076e-08, 4.07463254248e-08, 5.12123188301e-09, 1.29187736897e-11]
    },
    "erbbands": {
        "dmean": [0.301216304302, 1.68962144852, 5.36682367325, 6.10372591019, 4.8145070076, 4.22183513641, 4.58753919601, 11.4153308868, 13.1439657211, 11.811255455, 13.9669752121, 16.3113231659, 15.0656414032, 14.2064762115, 16.5336704254, 19.2903594971, 15.3108882904, 16.0088214874, 15.1008853912, 10.2093076706, 10.1867542267, 8.84153175354, 6.23670196533, 6.47250032425, 6.04935359955, 6.25978279114, 5.40908241272, 5.96817445755, 4.07016420364, 3.35055613518, 2.05248975754, 1.29739463329, 1.19602537155, 0.778960824013, 0.297062546015, 0.10514446348, 0.0345462821424, 0.00524468813092, 0.000118188741908, 1.7554322767e-05],
        "dmean2": [0.490779459476, 2.85626983643, 9.50963401794, 11.0904006958, 8.55770015717, 7.67391109467, 7.78417348862, 20.408241272, 22.4255523682, 19.6978206635, 23.1270885468, 26.0571880341, 24.1252613068, 22.8839187622, 28.3279457092, 32.4661598206, 24.9424915314, 26.5012283325, 24.3573055267, 15.4665689468, 15.7820425034, 13.5091581345, 9.29297733307, 10.0327587128, 9.19472122192, 8.66768169403, 7.73857784271, 8.0879240036, 5.41813373566, 4.72242736816, 2.77828526497, 1.65609061718, 1.67943584919, 1.08487904072, 0.402312040329, 0.142954930663, 0.0482558235526, 0.00703297182918, 0.000156904236064, 2.58439322351e-05],
        "dvar": [0.387925684452, 14.3511285782, 229.722045898, 352.412017822, 178.52255249, 101.670631409, 96.3089599609, 1178.39221191, 1183.5604248, 591.68347168, 985.332519531, 1548.82580566, 1288.24841309, 743.142150879, 1210.05969238, 2340.57495117, 943.498352051, 938.81237793, 806.113037109, 504.105163574, 715.104614258, 391.260681152, 222.187667847, 288.392303467, 182.754302979, 265.80355835, 226.124084473, 231.056228638, 118.100486755, 90.2972488403, 35.0300521851, 10.8284873962, 13.3455400467, 5.38650989532, 0.70435488224, 0.117829620838, 0.00818250793964, 0.000143797456985, 6.60195738078e-08, 8.42958092218e-10],
        "dvar2": [0.948354482651, 37.397644043, 628.688659668, 990.731811523, 494.222717285, 295.849365234, 252.155487061, 3382.85058594, 3156.75830078, 1454.04345703, 2557.94458008, 3862.78442383, 3151.91430664, 1893.66052246, 3328.4753418, 6368.66259766, 2346.85083008, 2522.0090332, 2003.96374512, 1138.81872559, 1560.38574219, 817.941162109, 453.923065186, 679.710632324, 390.530151367, 484.444732666, 507.583007812, 446.850646973, 230.288589478, 184.390808105, 66.5125808716, 18.5392990112, 28.2011222839, 10.847278595, 1.24152839184, 0.226904898882, 0.0157430674881, 0.000280411622953, 1.20765477618e-07, 1.84808512937e-09],
        "max": [6.2843914032, 33.1758613586, 112.12953186, 176.211532593, 122.333068848, 132.929122925, 103.35080719, 353.431365967, 422.481658936, 259.208007812, 378.086547852, 763.809143066, 449.589080811, 365.971038818, 364.870910645, 477.140289307, 326.116485596, 307.834686279, 370.440155029, 507.577850342, 343.487335205, 260.45980835, 172.898117065, 207.739181519, 191.63973999, 196.27494812, 174.790908813, 174.445831299, 125.26776123, 120.284133911, 73.5009765625, 47.5703964233, 42.7477111816, 25.192741394, 19.7672023773, 9.69892501831, 1.61605036259, 0.130273386836, 0.00261373212561, 0.000254952261457],
        "mean": [0.46548178792, 2.29208636284, 4.78645038605, 5.1960515976, 5.24286270142, 4.51074457169, 5.3380150795, 10.2192087173, 12.4047756195, 13.6166057587, 16.3008537292, 20.2214698792, 18.2627544403, 19.8317565918, 19.2133407593, 21.737411499, 18.6302490234, 21.1013622284, 22.0417346954, 15.3175392151, 14.3615646362, 13.7987537384, 9.39796638489, 9.52096652985, 9.98505401611, 10.0801057816, 7.94695138931, 8.37098121643, 5.94964075089, 4.82528877258, 3.08556294441, 2.0629196167, 1.6214543581, 0.982629656792, 0.390290886164, 0.133666396141, 0.0419176742435, 0.00648000929505, 0.000160087307449, 3.91398170905e-05],
        "median": [0.0741223990917, 0.157966822386, 0.139804065228, 0.400052279234, 0.973948597908, 0.960111260414, 1.28570437431, 1.68260657787, 1.57496130466, 2.1077978611, 3.24205374718, 5.24962472916, 3.3181848526, 5.21847391129, 5.32657575607, 4.50003528595, 4.60284471512, 3.39044332504, 2.90016770363, 2.85715126991, 4.01295423508, 3.01420259476, 3.11854076385, 3.06707835197, 3.39539837837, 2.16295909882, 1.38019430637, 1.08408915997, 1.15074431896, 0.893627822399, 0.428278386593, 0.183280408382, 0.101962119341, 0.0526660829782, 0.0197563339025, 0.00661519123241, 0.00152944040019, 0.000116684321256, 1.58325001394e-05, 1.83450956683e-05],
        "min": [2.90105655244e-22, 1.06421046916e-21, 6.87727089344e-21, 2.85715906082e-20, 7.79953252467e-20, 4.74330824891e-20, 1.56060909147e-19, 2.72606159661e-19, 4.20006125903e-19, 3.50303699887e-19, 7.83238762161e-19, 7.94881122488e-19, 1.51330935308e-18, 1.83081725453e-18, 1.51289483219e-18, 2.69350066577e-18, 4.19946651617e-18, 2.64319071374e-18, 5.40009684141e-18, 4.43672631767e-18, 6.3805995164e-18, 5.53352355576e-18, 7.12054442079e-18, 1.09533958041e-17, 1.44174503656e-17, 9.36509901295e-18, 1.57070348667e-17, 1.63465695573e-17, 1.51181186666e-17, 1.72303591023e-17, 1.41828056956e-17, 1.2176548603e-17, 1.29603617904e-17, 1.04652318569e-17, 8.94266862746e-18, 5.15662119119e-18, 3.04626548647e-18, 1.18689550816e-18, 2.84189660917e-19, 2.72675209855e-20],
        "var": [0.737637162209, 23.8393325806, 174.579421997, 232.623977661, 164.800476074, 85.4352416992, 109.586364746, 777.093322754, 1007.93212891, 788.4375, 1176.1940918, 1932.29577637, 1577.51721191, 1341.48864746, 1336.75878906, 2623.12841797, 1324.2442627, 1579.91870117, 1555.37866211, 1011.76373291, 1015.2421875, 725.156494141, 375.865600586, 450.3800354, 365.087554932, 542.534118652, 362.733215332, 403.570098877, 210.468078613, 145.001968384, 63.5589561462, 23.8823280334, 21.0249576569, 8.34389686584, 1.35693013668, 0.194270133972, 0.0122414650396, 0.000231555750361, 1.19127122389e-07, 2.39778241706e-09]
    },
    "gfcc": {
        "mean": [-104.9739151, 81.1282043457, -159.462249756, 13.6776294708, -68.572593689, 10.1579389572, -25.9141540527, 7.5823559761, -12.0032424927, 2.5934035778, -5.38609600067, 1.79057383537, -1.62062942982],
        "cov": [[28778.9316406, 1192.89770508, 9014.41308594, 6073.73535156, 2422.29516602, 3001.58935547, -905.303039551, 1147.17102051, -1526.58776855, 971.568237305, -1524.89672852, 51.6940917969, -1239.36584473], [1192.89770508, 2784.66210938, 1671.76879883, 628.267150879, 1155.53564453, 120.708724976, 119.869255066, 58.9865875244, 87.1156234741, -34.1552810669, -124.457550049, -181.935958862, 34.9774513245], [9014.41308594, 1671.76879883, 5083.14111328, 2836.45947266, 1710.53271484, 1279.9855957, -217.07093811, 474.41003418, -552.198791504, 387.460662842, -604.50201416, -29.751121521, -445.305145264], [6073.73535156, 628.267150879, 2836.45947266, 2187.44775391, 875.46282959, 951.728881836, -103.703994751, 252.488265991, -293.474700928, 197.771560669, -279.96270752, -48.9462394714, -288.671447754], [2422.29516602, 1155.53564453, 1710.53271484, 875.46282959, 1006.51422119, 432.17980957, -24.9861240387, 205.233917236, -60.1456298828, 140.508773804, -209.658325195, -85.7659225464, -93.0018997192], [3001.58935547, 120.708724976, 1279.9855957, 951.728881836, 432.17980957, 636.655273438, 0.606799185276, 203.838500977, -130.808425903, 142.172485352, -141.272323608, -11.87849617, -143.906463623], [-905.303039551, 119.869255066, -217.07093811, -103.703994751, -24.9861240387, 0.606799185276, 240.681121826, 15.7519483566, 109.128486633, -80.4232330322, 79.8480834961, -17.4383640289, 41.7328720093], [1147.17102051, 58.9865875244, 474.41003418, 252.488265991, 205.233917236, 203.838500977, 15.7519483566, 262.660125732, 2.42924523354, 91.5252151489, -81.68334198, 10.799738884, -48.3831520081], [-1526.58776855, 87.1156234741, -552.198791504, -293.474700928, -60.1456298828, -130.808425903, 109.128486633, 2.42924523354, 247.225662231, -34.0514221191, 112.712463379, -40.328578949, 81.1668167114], [971.568237305, -34.1552810669, 387.460662842, 197.771560669, 140.508773804, 142.172485352, -80.4232330322, 91.5252151489, -34.0514221191, 177.676147461, -47.217300415, 7.68981599808, -56.6188278198], [-1524.89672852, -124.457550049, -604.50201416, -279.96270752, -209.658325195, -141.272323608, 79.8480834961, -81.68334198, 112.712463379, -47.217300415, 201.864456177, 15.2919788361, 74.2651596069], [51.6940917969, -181.935958862, -29.751121521, -48.9462394714, -85.7659225464, -11.87849617, -17.4383640289, 10.799738884, -40.328578949, 7.68981599808, 15.2919788361, 115.131256104, 25.3863925934], [-1239.36584473, 34.9774513245, -445.305145264, -288.671447754, -93.0018997192, -143.906463623, 41.7328720093, -48.3831520081, 81.1668167114, -56.6188278198, 74.2651596069, 25.3863925934, 152.333496094]],
        "icov": [[0.000182063609827, -0.000161174844834, 9.88891988527e-05, -0.000339074002113, 0.000232322272495, -0.000250231736572, 0.000221632173634, -0.000254490034422, 0.000338828045642, -0.000249234057264, 0.000600534141995, -0.000285248854198, 0.000410281383665], [-0.000161174844834, 0.00139049487188, -0.000677442119922, 0.000520952278748, -0.00150605128147, 0.00109109503683, -0.000590907933656, 0.000564851623494, -0.000737458001822, 0.000979827600531, -0.00104943965562, 0.00122385239229, -0.00110634870362], [9.88891988527e-05, -0.000677442119922, 0.00223870086484, -0.00188742147293, -0.000954808027018, 0.000177404464921, -0.000447168684332, -0.000537467189133, 0.00195536436513, -0.00142330292147, 0.00172095932066, -0.00179616943933, 0.00135359540582], [-0.000339074002113, 0.000520952278748, -0.00188742147293, 0.00378106138669, 4.75321576232e-05, -0.00221951003186, 0.000890763709322, 0.00104164285585, -0.00164128374308, 0.00222481647506, -0.00257722777314, 0.00167509610765, -0.00053272547666], [0.000232322272495, -0.00150605128147, -0.000954808027018, 4.75321576232e-05, 0.00527548976243, -0.00189034128562, 0.000944638915826, -0.000840727239847, -0.000910499074962, -0.00123727961909, 0.00183867593296, 0.000892510346603, -0.000575770332944], [-0.000250231736572, 0.00109109503683, 0.000177404464921, -0.00221951003186, -0.00189034128562, 0.00758930807933, -0.00323275616392, -0.00120177830104, 0.001104101073, -0.001907793805, -0.000511434918735, 0.000653629656881, -0.000611394410953], [0.000221632173634, -0.000590907933656, -0.000447168684332, 0.000890763709322, 0.000944638915826, -0.00323275616392, 0.00860200636089, -0.00168816361111, -0.00231804745272, 0.00453622452915, -0.00214259373024, 3.01693853544e-05, 0.000910340226255], [-0.000254490034422, 0.000564851623494, -0.000537467189133, 0.00104164285585, -0.000840727239847, -0.00120177830104, -0.00168816361111, 0.00771788600832, -0.00326688354835, -0.0016626669094, 0.00192517915275, -0.00169359834399, -6.58300123177e-05], [0.000338828045642, -0.000737458001822, 0.00195536436513, -0.00164128374308, -0.000910499074962, 0.001104101073, -0.00231804745272, -0.00326688354835, 0.0113797262311, -0.00266473740339, -0.00167957541998, 0.00249635172077, -0.00103467539884], [-0.000249234057264, 0.000979827600531, -0.00142330292147, 0.00222481647506, -0.00123727961909, -0.001907793805, 0.00453622452915, -0.0016626669094, -0.00266473740339, 0.0120619470254, -0.00366909732111, 0.000471352483146, 0.00108739419375], [0.000600534141995, -0.00104943965562, 0.00172095932066, -0.00257722777314, 0.00183867593296, -0.000511434918735, -0.00214259373024, 0.00192517915275, -0.00167957541998, -0.00366909732111, 0.0137640051544, -0.00407339585945, 0.000611429684795], [-0.000285248854198, 0.00122385239229, -0.00179616943933, 0.00167509610765, 0.000892510346603, 0.000653629656881, 3.01693853544e-05, -0.00169359834399, 0.00249635172077, 0.000471352483146, -0.00407339585945, 0.0145215597004, -0.00565097108483], [0.000410281383665, -0.00110634870362, 0.00135359540582, -0.00053272547666, -0.000575770332944, -0.000611394410953, 0.000910340226255, -6.58300123177e-05, -0.00103467539884, 0.00108739419375, 0.000611429684795, -0.00565097108483, 0.0135036418214]]
    },
    "melbands": {
        "dmean": [0.00234557758085, 0.0024294485338, 0.000999530078843, 0.000319515500451, 0.00015826789604, 0.000256479048403, 0.000192852137843, 0.000126970524434, 0.00012329967285, 0.000102625715954, 7.59947870392e-05, 5.69132280361e-05, 6.01211177127e-05, 5.23283342773e-05, 5.07408512931e-05, 2.89691633952e-05, 3.18807105941e-05, 2.68452604359e-05, 1.85896878975e-05, 1.24891839732e-05, 1.19270644063e-05, 1.00298457255e-05, 6.77470416122e-06, 5.68973700865e-06, 5.44579734196e-06, 4.9240379667e-06, 4.12729650634e-06, 4.40730855189e-06, 3.70427505914e-06, 3.18217098538e-06, 3.65976188732e-06, 2.43855970439e-06, 1.95869461095e-06, 1.80561448815e-06, 1.25451845179e-06, 8.92201626357e-07, 8.0445573758e-07, 8.6445152192e-07, 8.34624984236e-07, 6.09935341345e-07],
        "dmean2": [0.00377403828315, 0.00412735622376, 0.00178390729707, 0.000572106742766, 0.000272842822596, 0.00045608606888, 0.000329675909597, 0.000210635713302, 0.000202765557333, 0.000163252610946, 0.000121870616567, 9.09771479201e-05, 0.000102636789961, 8.9692621259e-05, 8.62915985635e-05, 4.70652194053e-05, 5.35979597771e-05, 4.38146016677e-05, 2.91481992463e-05, 1.93187952391e-05, 1.85423559742e-05, 1.56029745995e-05, 1.0303650015e-05, 8.6931131591e-06, 8.60348518472e-06, 7.8343828136e-06, 5.92736751059e-06, 6.30351360087e-06, 5.50587265025e-06, 4.52736867373e-06, 5.05820526087e-06, 3.39514417647e-06, 2.67797759079e-06, 2.64076743406e-06, 1.73760997768e-06, 1.21528125874e-06, 1.04947025648e-06, 1.23403117414e-06, 1.24211146613e-06, 8.54830375374e-07],
        "dvar": [2.31464364333e-05, 3.64735096809e-05, 8.76526246429e-06, 7.15481348834e-07, 1.15779101861e-07, 5.41648432772e-07, 2.42582387955e-07, 6.77349518696e-08, 7.69850885263e-08, 5.74881759974e-08, 3.25131530587e-08, 1.22858736518e-08, 1.61369673179e-08, 1.39080356121e-08, 1.85055064605e-08, 3.45217654463e-09, 4.02964106527e-09, 2.61155319592e-09, 1.52207280113e-09, 1.00332497865e-09, 9.44987310625e-10, 5.21873377846e-10, 2.23741788985e-10, 2.08083744679e-10, 2.06233724542e-10, 1.25518970218e-10, 8.49676162762e-11, 1.57420299018e-10, 1.26466614958e-10, 6.23714829784e-11, 8.54707207787e-11, 4.30196017698e-11, 2.6984851853e-11, 2.76968604301e-11, 1.32586545909e-11, 5.5679111495e-12, 4.23080364145e-12, 7.02762370866e-12, 7.09602515636e-12, 3.29260013351e-12],
        "dvar2": [5.85338602832e-05, 9.55893483479e-05, 2.41527104663e-05, 2.06313188755e-06, 3.1019879998e-07, 1.5490095393e-06, 6.44887279577e-07, 1.67231007708e-07, 1.97768002863e-07, 1.42670444347e-07, 7.90701122355e-08, 3.1144953283e-08, 4.40372858179e-08, 3.88604739499e-08, 5.03458572609e-08, 8.99493191042e-09, 1.09433884177e-08, 6.58643317664e-09, 3.56174356675e-09, 2.33202679389e-09, 2.04711825269e-09, 1.1250325116e-09, 4.54702359098e-10, 4.53527160271e-10, 5.04227215536e-10, 2.92197543938e-10, 1.5506221307e-10, 3.19237275503e-10, 2.98150837352e-10, 1.31035043927e-10, 1.62992841446e-10, 8.86267240152e-11, 5.24490416376e-11, 5.77274200664e-11, 2.57189877034e-11, 9.98529470914e-12, 7.82599939714e-12, 1.50085725098e-11, 1.56100497112e-11, 6.71025865082e-12],
        "max": [0.0460406914353, 0.0441527739167, 0.0288444161415, 0.00962200574577, 0.00347823812626, 0.00728075951338, 0.00581927970052, 0.00251823337749, 0.00358329387382, 0.00415622303262, 0.00219278293662, 0.00148216437083, 0.001354336855, 0.00146244780626, 0.00161176628899, 0.000639483041596, 0.000619581143837, 0.000669324595947, 0.000694128451869, 0.00036286454997, 0.000399820186431, 0.000311317766318, 0.000182237869012, 0.000179632159416, 0.000165535820997, 0.000189500933629, 0.000127708757645, 0.00015221250942, 0.000117701238196, 8.98053549463e-05, 0.000110113993287, 7.72380954004e-05, 7.57590460125e-05, 6.3579667767e-05, 4.63160722575e-05, 2.4875444069e-05, 3.30184666382e-05, 3.0502120353e-05, 2.92315489787e-05, 1.98986017494e-05],
        "mean": [0.00372538506053, 0.00274886796251, 0.000928237335756, 0.000355263968231, 0.000184687189176, 0.000232269987464, 0.000186644756468, 0.000144835998071, 0.000143467856105, 0.000125284845126, 8.94104814506e-05, 7.81300623203e-05, 6.76735653542e-05, 5.87920148973e-05, 5.24326969753e-05, 3.49752262991e-05, 4.06874860346e-05, 3.66781641787e-05, 2.70364016615e-05, 1.66909449035e-05, 1.65601049957e-05, 1.52613574755e-05, 9.8032733149e-06, 7.93484923634e-06, 7.55235760153e-06, 7.47335298001e-06, 6.98057783666e-06, 6.487468454e-06, 4.92892922921e-06, 4.75835895486e-06, 4.85502459924e-06, 3.43609963238e-06, 2.89705667456e-06, 2.5363617624e-06, 1.79783967269e-06, 1.42778458212e-06, 1.20061929465e-06, 1.17365470942e-06, 1.02365618204e-06, 7.50767753743e-07],
        "median": [0.000539960747119, 0.000119597432786, 9.1375586635e-05, 6.89397784299e-05, 4.84360316477e-05, 3.71834976249e-05, 2.32110924117e-05, 2.15077252506e-05, 3.11756921292e-05, 3.11050607706e-05, 1.43878851304e-05, 1.97875779122e-05, 1.74472625076e-05, 1.3624584426e-05, 9.71439203568e-06, 8.21760022518e-06, 5.55138103664e-06, 4.09515541833e-06, 4.15241265728e-06, 3.46278898178e-06, 4.53052780358e-06, 3.01027193927e-06, 2.61401351054e-06, 2.53328494182e-06, 2.20515357796e-06, 2.30288219427e-06, 1.99335295292e-06, 1.13310204597e-06, 7.22610991488e-07, 6.11348809798e-07, 5.88259752021e-07, 6.35685921679e-07, 4.18742189368e-07, 4.73019383662e-07, 2.60445204958e-07, 1.25446874222e-07, 9.66236015643e-08, 7.26388265093e-08, 5.04078947472e-08, 3.90898549085e-08],
        "min": [3.46040541393e-24, 2.4722969795e-24, 6.94906309232e-24, 3.84353385635e-24, 7.1310564586e-24, 5.24552388395e-24, 7.07226896622e-24, 4.67520860948e-24, 7.15121106586e-24, 4.15701219173e-24, 7.68384600476e-24, 7.31501645511e-24, 4.37709018479e-24, 7.49295113203e-24, 9.94338029559e-24, 6.96788610238e-24, 4.7312753206e-24, 9.61419968389e-24, 5.29881656569e-24, 7.15244484432e-24, 5.94495596708e-24, 4.90280760241e-24, 5.88311834401e-24, 5.47811281654e-24, 7.78130188099e-24, 1.12100495179e-23, 8.04700916653e-24, 5.53103631138e-24, 1.04134199105e-23, 8.05420515571e-24, 9.91669865319e-24, 9.05139633739e-24, 6.86384875961e-24, 8.51586075694e-24, 8.1792332983e-24, 7.28229450476e-24, 7.07562556937e-24, 7.54538198324e-24, 7.05895930502e-24, 9.28211054204e-24],
        "var": [4.791792162e-05, 3.99846685468e-05, 6.26374639978e-06, 5.99860072725e-07, 1.20718723906e-07, 3.66671145002e-07, 2.12924078369e-07, 8.75252581523e-08, 9.32379933261e-08, 7.38508276754e-08, 4.01471282885e-08, 2.21886331531e-08, 1.7132762764e-08, 1.62281157401e-08, 1.77964789572e-08, 4.71226346832e-09, 6.56654552955e-09, 5.07623676427e-09, 3.04218028546e-09, 1.43168243927e-09, 1.37004074752e-09, 9.31746790833e-10, 3.88630377879e-10, 3.15743042822e-10, 3.03488650877e-10, 2.12243403408e-10, 1.97616090158e-10, 2.65890531814e-10, 1.73673922466e-10, 1.10856233915e-10, 1.46615997121e-10, 7.17167158992e-11, 4.8903735228e-11, 4.15615285243e-11, 2.2697527885e-11, 1.18529769333e-11, 8.41155010228e-12, 1.10523101088e-11, 9.82610000311e-12, 4.96332705838e-12]
    },
    "mfcc": {
        "mean": [-733.208679199, 103.461181641, -21.9123706818, 0.611247122288, -11.5085601807, 0.53718829155, -3.31496834755, 3.92412209511, -0.10234824568, 4.01900815964, 2.32137680054, 4.14381742477, 4.94366502762],
        "cov": [[22624.359375, 1546.54504395, 4205.45800781, 4408.35742188, 2551.09008789, 2278.8996582, 1311.81652832, 656.190063477, 736.688781738, 194.848297119, 48.3583908081, -452.308776855, -639.918701172], [1546.54504395, 2261.97753906, 836.723754883, 889.191833496, 872.510253906, 327.058258057, 329.949462891, 112.686836243, 337.111907959, 48.8369216919, 86.9406967163, -34.495262146, -131.024719238], [4205.45800781, 836.723754883, 1754.44641113, 1434.53381348, 945.576171875, 725.229370117, 473.025878906, 214.457962036, 248.969482422, 59.7962226868, 28.8603401184, -79.1599349976, -130.822662354], [4408.35742188, 889.191833496, 1434.53381348, 1612.34692383, 909.907714844, 754.31842041, 450.469726562, 264.441070557, 236.705551147, 93.1695327759, 17.6931591034, -122.82749939, -130.10357666], [2551.09008789, 872.510253906, 945.576171875, 909.907714844, 913.209655762, 468.502227783, 311.641845703, 76.2466812134, 255.624099731, 99.2776794434, 65.0730056763, -62.1434173584, -117.174377441], [2278.8996582, 327.058258057, 725.229370117, 754.31842041, 468.502227783, 542.183227539, 272.746520996, 151.939880371, 121.388130188, 72.208770752, 21.7421512604, -49.7362976074, -75.1853103638], [1311.81652832, 329.949462891, 473.025878906, 450.469726562, 311.641845703, 272.746520996, 258.234313965, 135.413757324, 125.033569336, 43.9800071716, 17.0375499725, -19.1287460327, -18.4150943756], [656.190063477, 112.686836243, 214.457962036, 264.441070557, 76.2466812134, 151.939880371, 135.413757324, 202.129974365, 76.9588394165, 41.5789337158, 6.13257169724, -18.8632164001, 18.8223190308], [736.688781738, 337.111907959, 248.969482422, 236.705551147, 255.624099731, 121.388130188, 125.033569336, 76.9588394165, 235.289901733, 77.4043426514, 42.019908905, -7.01071882248, -11.6897888184], [194.848297119, 48.8369216919, 59.7962226868, 93.1695327759, 99.2776794434, 72.208770752, 43.9800071716, 41.5789337158, 77.4043426514, 150.966430664, 63.7062034607, 13.7355241776, 24.6856193542], [48.3583908081, 86.9406967163, 28.8603401184, 17.6931591034, 65.0730056763, 21.7421512604, 17.0375499725, 6.13257169724, 42.019908905, 63.7062034607, 116.980049133, 38.417388916, -23.0452518463], [-452.308776855, -34.495262146, -79.1599349976, -122.82749939, -62.1434173584, -49.7362976074, -19.1287460327, -18.8632164001, -7.01071882248, 13.7355241776, 38.417388916, 104.905197144, 53.6795845032], [-639.918701172, -131.024719238, -130.822662354, -130.10357666, -117.174377441, -75.1853103638, -18.4150943756, 18.8223190308, -11.6897888184, 24.6856193542, -23.0452518463, 53.6795845032, 183.631958008]],
