{
"lowlevel": {
    "average_loudness": 0.95443803072,
    "barkbands_crest": {
        "dmean": 3.55789804459,
        "dmean2": 5.91599655151,
        "dvar": 9.83727264404,
        "dvar2": 24.9149436951,
        "max": 26.9212970734,
        "mean": 10.1205663681,
        "median": 8.91754436493,
        "min": 2.15207052231,
        "var": 24.910987854
    },
    "barkbands_flatness_db": {
        "dmean": 0.0335442386568,
        "dmean2": 0.0498537197709,
        "dvar": 0.00120541721117,
        "dvar2": 0.00231402902864,
        "max": 0.686993300915,
        "mean": 0.146745756269,
        "median": 0.137477144599,
        "min": 0.0156074445695,
        "var": 0.00588155956939
    },
    "barkbands_kurtosis": {
        "dmean": 24.1582717896,
        "dmean2": 34.8798370361,
        "dvar": 246429.078125,
        "dvar2": 522268.0625,
        "max": 22961.5625,
        "mean": 32.367389679,
        "median": 1.62939405441,
        "min": -1.92018282413,
        "var": 411638.53125
    },
    "barkbands_skewness": {
        "dmean": 1.01963567734,
        "dmean2": 1.56744658947,
        "dvar": 9.98544883728,
        "dvar2": 19.877532959,
        "max": 138.696136475,
        "mean": 1.8078097105,
        "median": 1.22139930725,
        "min": -3.37522149086,
        "var": 24.7723617554
    },
    "barkbands_spread": {
        "dmean": 8.46492481232,
        "dmean2": 12.8291759491,
        "dvar": 94.1844177246,
        "dvar2": 197.277893066,
        "max": 106.931190491,
        "mean": 23.6627197266,
        "median": 19.1884880066,
        "min": 0.0196843575686,
        "var": 320.866912842
    },
    "dissonance": {
        "dmean": 0.0206931419671,
        "dmean2": 0.0348764061928,
        "dvar": 0.000607732159551,
        "dvar2": 0.00150813814253,
        "max": 0.500000059605,
        "mean": 0.467479705811,
        "median": 0.477430909872,
        "min": 0.22032558918,
        "var": 0.00109553383663
    },
    "dynamic_complexity": 4.37589359283,
    "erbbands_crest": {
        "dmean": 2.85862898827,
        "dmean2": 4.73037528992,
        "dvar": 7.5299282074,
        "dvar2": 19.0582008362,
        "max": 25.3855075836,
        "mean": 8.04939746857,
        "median": 7.22004556656,
        "min": 2.19094944,
        "var": 14.7587976456
    },
    "erbbands_flatness_db": {
        "dmean": 0.0240400880575,
        "dmean2": 0.0355110168457,
        "dvar": 0.000596450583544,
        "dvar2": 0.00108494493179,
        "max": 0.327325880527,
        "mean": 0.156011193991,
        "median": 0.148530989885,
        "min": 0.0489678196609,
        "var": 0.00233001052402
    },
    "erbbands_kurtosis": {
        "dmean": 1.23812031746,
        "dmean2": 1.95685505867,
        "dvar": 2.79856300354,
        "dvar2": 6.4890832901,
        "max": 22.1251239777,
        "mean": 0.60372531414,
        "median": -0.0562875270844,
        "min": -1.75420701504,
        "var": 4.86457157135
    },
    "erbbands_skewness": {
        "dmean": 0.496476858854,
        "dmean2": 0.730211019516,
        "dvar": 0.229100346565,
        "dvar2": 0.501670241356,
        "max": 3.43339920044,
        "mean": 0.124887444079,
        "median": 0.127931758761,
        "min": -3.91439557076,
        "var": 0.760322451591
    },
    "erbbands_spread": {
        "dmean": 11.1748313904,
        "dmean2": 17.1447181702,
        "dvar": 156.855773926,
        "dvar2": 328.101745605,
        "max": 196.148574829,
        "mean": 38.974773407,
        "median": 35.3684692383,
        "min": 3.07651495934,
        "var": 506.032501221
    },
    "hfc": {
        "dmean": 9.20376396179,
        "dmean2": 12.5124864578,
        "dvar": 387.670288086,
        "dvar2": 788.755249023,
        "max": 185.211135864,
        "mean": 16.0773143768,
        "median": 8.64341545105,
        "min": 1.06775868218e-16,
        "var": 641.141357422
    },
    "melbands_crest": {
        "dmean": 4.50675487518,
        "dmean2": 7.50180864334,
        "dvar": 15.0166063309,
        "dvar2": 39.9449615479,
        "max": 39.9926719666,
        "mean": 14.8709611893,
        "median": 13.8382997513,
        "min": 1.82746362686,
        "var": 44.4801902771
    },
    "melbands_flatness_db": {
        "dmean": 0.0412362292409,
        "dmean2": 0.0600475333631,
        "dvar": 0.00182065344416,
        "dvar2": 0.0032515800558,
        "max": 0.673976063728,
        "mean": 0.209822461009,
        "median": 0.198590293527,
        "min": 0.00522870384157,
        "var": 0.0106976982206
    },
    "melbands_kurtosis": {
        "dmean": 44.2942008972,
        "dmean2": 66.5886917114,
        "dvar": 652524,
        "dvar2": 1099430,
        "max": 37681.7890625,
        "mean": 67.234588623,
        "median": 5.93620491028,
        "min": -1.77805542946,
        "var": 1348620.75
    },
    "melbands_skewness": {
        "dmean": 1.29762816429,
        "dmean2": 1.99806916714,
        "dvar": 16.7596988678,
        "dvar2": 29.0778942108,
        "max": 185.769760132,
        "mean": 3.1214261055,
        "median": 2.18979167938,
        "min": -2.07141661644,
        "var": 46.1871070862
    },
    "melbands_spread": {
        "dmean": 11.9002895355,
        "dmean2": 17.5589408875,
        "dvar": 311.486419678,
        "dvar2": 564.778381348,
        "max": 234.7628479,
        "mean": 28.9909172058,
        "median": 19.8161010742,
        "min": 0.0236202813685,
        "var": 955.86895752
    },
    "pitch_salience": {
        "dmean": 0.105357542634,
        "dmean2": 0.176929309964,
        "dvar": 0.00877643190324,
        "dvar2": 0.0230930391699,
        "max": 0.921825766563,
        "mean": 0.574840664864,
        "median": 0.596254467964,
        "min": 0.00188563053962,
        "var": 0.0219178423285
    },
    "silence_rate_20dB": {
        "dmean": 0,
        "dmean2": 0,
        "dvar": 0,
        "dvar2": 0,
        "max": 1,
        "mean": 1,
        "median": 1,
        "min": 1,
        "var": 0
    },
    "silence_rate_30dB": {
        "dmean": 0.0580495372415,
        "dmean2": 0.116144016385,
        "dvar": 0.0546807460487,
        "dvar2": 0.12355992943,
        "max": 1,
        "mean": 0.949709892273,
        "median": 1,
        "min": 0,
        "var": 0.0477592013776
    },
    "silence_rate_60dB": {
        "dmean": 0.0777863785625,
        "dmean2": 0.155632987618,
        "dvar": 0.0717375129461,
        "dvar2": 0.149221166968,
        "max": 1,
        "mean": 0.179110258818,
        "median": 0,
        "min": 0,
        "var": 0.147024855018
    },
    "spectral_centroid": {
        "dmean": 413.689422607,
        "dmean2": 604.218688965,
        "dvar": 255474.171875,
        "dvar2": 439581.96875,
        "max": 11474.5751953,
        "mean": 1485.75244141,
        "median": 1287.98461914,
        "min": 153.017807007,
        "var": 1011203.875
    },
    "spectral_complexity": {
        "dmean": 5.01393175125,
        "dmean2": 6.89469623566,
        "dvar": 42.2374153137,
        "dvar2": 64.3710250854,
        "max": 63,
        "mean": 14.3779497147,
        "median": 11,
        "min": 0,
        "var": 157.713653564
    },
    "spectral_decrease": {
        "dmean": 3.43030315264e-09,
        "dmean2": 5.48496537078e-09,
        "dvar": 3.63963539252e-17,
        "dvar2": 7.70600135165e-17,
        "max": 6.66500183516e-32,
        "mean": -6.55525589366e-09,
        "median": -2.97104696401e-09,
        "min": -4.40979874838e-08,
        "var": 7.96777423703e-17
    },
    "spectral_energy": {
        "dmean": 0.0136112105101,
        "dmean2": 0.0216101352125,
        "dvar": 0.000546943861991,
        "dvar2": 0.00115651008673,
        "max": 0.169948026538,
        "mean": 0.0261992737651,
        "median": 0.0121983820572,
        "min": 9.8774509362e-21,
        "var": 0.00118785491213
    },
    "spectral_energyband_high": {
        "dmean": 0.000701480486896,
        "dmean2": 0.000933387782425,
        "dvar": 3.83637234336e-06,
        "dvar2": 7.76334127295e-06,
        "max": 0.0189097654074,
        "mean": 0.000957019394264,
        "median": 0.000105251507193,
        "min": 7.35912944965e-21,
        "var": 5.9452959249e-06
    },
    "spectral_energyband_low": {
        "dmean": 0.00964933168143,
        "dmean2": 0.0160063263029,
        "dvar": 0.000399616605137,
        "dvar2": 0.000966255553067,
        "max": 0.144498288631,
        "mean": 0.0144587270916,
        "median": 0.00206508534029,
        "min": 2.71039606606e-23,
        "var": 0.00070862605935
    },
    "spectral_energyband_middle_high": {
        "dmean": 0.0018673024606,
        "dmean2": 0.00274018314667,
        "dvar": 1.07068926809e-05,
        "dvar2": 2.21710197366e-05,
        "max": 0.0285853594542,
        "mean": 0.00334531534463,
        "median": 0.00182604091242,
        "min": 1.35204296806e-21,
        "var": 2.03046329261e-05
    },
    "spectral_energyband_middle_low": {
        "dmean": 0.00650405604392,
        "dmean2": 0.0111615369096,
        "dvar": 0.000186822886462,
        "dvar2": 0.000536095525604,
        "max": 0.0947977751493,
        "mean": 0.00843016896397,
        "median": 0.00405115634203,
        "min": 3.08008556877e-22,
        "var": 0.000180958915735
    },
    "spectral_entropy": {
        "dmean": 0.211651101708,
        "dmean2": 0.304708898067,
        "dvar": 0.0526359416544,
        "dvar2": 0.0928554981947,
        "max": 9.80816078186,
        "mean": 7.64152336121,
        "median": 7.69687700272,
        "min": 5.8422908783,
        "var": 0.257435262203
    },
    "spectral_flux": {
        "dmean": 0.0327888280153,
        "dmean2": 0.0507496334612,
        "dvar": 0.00222348235548,
        "dvar2": 0.00435977894813,
        "max": 0.38594275713,
        "mean": 0.0930373966694,
        "median": 0.0719067305326,
        "min": 6.54373638609e-11,
        "var": 0.00489622401074
    },
    "spectral_kurtosis": {
        "dmean": 2.28065037727,
        "dmean2": 3.6873884201,
        "dvar": 8.69183635712,
        "dvar2": 22.2282276154,
        "max": 35.2314491272,
        "mean": 5.33553743362,
        "median": 4.02244567871,
        "min": -1.25977087021,
        "var": 20.054851532
    },
    "spectral_rms": {
        "dmean": 0.00115453638136,
        "dmean2": 0.00174048054032,
        "dvar": 2.57008196058e-06,
        "dvar2": 4.83756821268e-06,
        "max": 0.0128764491528,
        "mean": 0.00416576582938,
        "median": 0.00344976247288,
        "min": 3.10427725192e-12,
        "var": 8.20668810775e-06
    },
    "spectral_rolloff": {
        "dmean": 758.612915039,
        "dmean2": 1187.08581543,
        "dvar": 1518183.875,
        "dvar2": 2791268.25,
        "max": 19552.1484375,
        "mean": 1786.60656738,
        "median": 1076.66015625,
        "min": 21.533203125,
        "var": 4626223.5
    },
    "spectral_skewness": {
        "dmean": 0.316325336695,
        "dmean2": 0.485640972853,
        "dvar": 0.125276654959,
        "dvar2": 0.274138718843,
        "max": 4.30289363861,
        "mean": 1.60015749931,
        "median": 1.5199149847,
        "min": -0.0539855323732,
        "var": 0.444211930037
    },
    "spectral_spread": {
        "dmean": 715753.0625,
        "dmean2": 1039278.4375,
        "dvar": 1.16615951155e+12,
        "dvar2": 2.21409470054e+12,
        "max": 42743716,
        "mean": 4423316.5,
        "median": 4012877.75,
        "min": 1235286.125,
        "var": 5.28232742912e+12
    },
    "spectral_strongpeak": {
        "dmean": 0.328621417284,
        "dmean2": 0.555054724216,
        "dvar": 0.215978518128,
        "dvar2": 0.557674109936,
        "max": 3.91227769852,
        "mean": 0.468123078346,
        "median": 0.290527194738,
        "min": 0,
        "var": 0.294365406036
    },
    "zerocrossingrate": {
        "dmean": 0.0174122154713,
        "dmean2": 0.0184883363545,
        "dvar": 0.000483355193865,
        "dvar2": 0.000554683851078,
        "max": 0.5166015625,
        "mean": 0.0658864229918,
        "median": 0.05029296875,
        "min": 0,
        "var": 0.00328758917749
    },
    "barkbands": {
        "dmean": [0.000558228290174, 0.00756540475413, 0.00323270238005, 0.00273396354169, 0.00179323321208, 0.00110253179446, 0.000822569942102, 0.00103527470492, 0.000553831923753, 0.000479207723401, 0.000269117357675, 0.000326930865413, 0.000256474973867, 0.000262618472334, 0.000276816630503, 0.000217775042984, 0.000182033836609, 0.000166567537235, 0.000220361718675, 0.000195617554709, 0.000149285289808, 0.000255804508924, 0.00010698378901, 7.34058048693e-05, 5.4841992096e-05, 4.05867067457e-05, 1.25029953324e-06],
        "dmean2": [0.000985205289908, 0.0128486342728, 0.00581243867055, 0.00491729704663, 0.00308285001665, 0.0018656469183, 0.00141146592796, 0.00184163649101, 0.000903314852621, 0.000791027443483, 0.000425213394919, 0.000514513405506, 0.000403333251597, 0.000425404694397, 0.000434237445006, 0.000350031681592, 0.000278856779914, 0.000254271144513, 0.000351238180883, 0.000282570690615, 0.000215550971916, 0.000415435177274, 0.000146013437188, 9.74506547209e-05, 7.38023736631e-05, 5.51239463675e-05, 1.96346377379e-06],
        "dvar": [1.05363790226e-06, 0.000260263914242, 7.93777871877e-05, 5.46918709006e-05, 1.34265210363e-05, 4.48213086202e-06, 3.2594887216e-06, 4.22508128395e-06, 1.33887203901e-06, 8.53362507769e-07, 2.82982114186e-07, 4.50955553788e-07, 2.54584875847e-07, 2.44495623747e-07, 3.81935876703e-07, 1.69227149627e-07, 1.31013749183e-07, 1.77460833584e-07, 3.76856775119e-07, 2.66938002369e-07, 2.06820246262e-07, 8.82573090166e-07, 7.93657264353e-08, 3.00534850339e-08, 1.66382694289e-08, 1.49901051572e-08, 1.22525531387e-11],
        "dvar2": [2.90575940198e-06, 0.000688288942911, 0.000223986819037, 0.000162602620549, 3.71152746084e-05, 1.27222328956e-05, 8.74169836607e-06, 1.14830154416e-05, 3.32338004227e-06, 2.09575591725e-06, 6.88469754095e-07, 1.00491490684e-06, 5.98663916662e-07, 5.96818324539e-07, 9.12559585231e-07, 4.00864365702e-07, 2.78431116385e-07, 3.94792806446e-07, 9.51973731844e-07, 5.20351477462e-07, 4.41660120032e-07, 2.35317861552e-06, 1.4690357375e-07, 4.9595225704e-08, 2.98242923691e-08, 3.06267580186e-08, 2.67709361623e-11],
        "max": [0.00984056480229, 0.118258222938, 0.0698020160198, 0.0512548983097, 0.0306809730828, 0.019730579108, 0.0180608164519, 0.019175928086, 0.0132350930944, 0.0167317744344, 0.00757523160428, 0.0149787608534, 0.0063470993191, 0.00500719575211, 0.00970153324306, 0.00620881048962, 0.00389330671169, 0.00459846202284, 0.00588907301426, 0.00546902744099, 0.00469951005653, 0.00875085685402, 0.00362939457409, 0.00227188365534, 0.00194145401474, 0.00179097848013, 5.92911492276e-05],
        "mean": [0.000663343293127, 0.00980959553272, 0.00308604072779, 0.00248108268715, 0.00212369905785, 0.00128725182731, 0.000741435913369, 0.000946358137298, 0.000666745123453, 0.000601478037424, 0.000360861886293, 0.000449352432042, 0.000301623804262, 0.000297300051898, 0.00031506785308, 0.000281671615085, 0.000260908796918, 0.000209666468436, 0.000246400333708, 0.000232909384067, 0.000183637050213, 0.000260117376456, 0.000151621701661, 0.000106306979433, 7.9674187873e-05, 5.38958520337e-05, 1.25046597077e-06],
        "median": [0.000220915128011, 0.00103485886939, 0.000227674550842, 0.000368373119272, 0.000712925684638, 0.00052852416411, 0.000162297787028, 0.000222307717195, 0.000202991737751, 0.000219215609832, 8.85215340531e-05, 0.000110655470053, 7.46851437725e-05, 7.29254898033e-05, 7.5974567153e-05, 8.44010719447e-05, 7.69472972024e-05, 4.9519676395e-05, 6.0326372477e-05, 3.95360730181e-05, 2.17753931793e-05, 2.26499469136e-05, 1.0293694686e-05, 8.72695545695e-06, 5.50710456082e-06, 1.97685221792e-06, 1.12499831673e-08],
        "min": [6.2267729756e-24, 1.2859250015e-23, 4.99607462724e-24, 2.09586359958e-24, 2.79270328856e-23, 1.71892302154e-23, 2.14972958598e-23, 2.60186915812e-23, 4.16850447517e-23, 3.66294750238e-23, 3.42665620891e-23, 3.73797921852e-23, 6.6400012736e-23, 4.87875002693e-23, 9.40493728939e-23, 9.645572051e-23, 9.66998319394e-23, 2.01835376368e-22, 1.87393857548e-22, 3.08107764024e-22, 2.3108325902e-22, 4.30556596511e-22, 5.48780113286e-22, 6.39544707236e-22, 1.03648345985e-21, 1.5876409096e-21, 2.07286473381e-21],
        "var": [1.49621507717e-06, 0.000375294563128, 6.49700741633e-05, 4.58034883195e-05, 1.36902735903e-05, 4.27274744652e-06, 2.60955243903e-06, 3.53938639819e-06, 1.63763775163e-06, 1.1610685533e-06, 4.30465803447e-07, 7.286406003e-07, 3.31997568992e-07, 2.99209602872e-07, 4.55027191038e-07, 2.49419343845e-07, 2.46984910746e-07, 2.47287346156e-07, 3.80207040962e-07, 3.94222951172e-07, 2.77960623407e-07, 7.53053029712e-07, 1.48894272911e-07, 6.25377296615e-08, 3.79539031314e-08, 2.42359945446e-08, 1.5508969109e-11]
    },
    "erbbands": {
        "dmean": [0.207106977701, 1.76825606823, 3.89027571678, 5.30745458603, 9.70928859711, 4.34829282761, 5.10614919662, 11.0387153625, 12.3622579575, 16.5964279175, 18.614282608, 12.0110778809, 15.7788162231, 11.9446115494, 12.4332532883, 12.3513021469, 11.9752607346, 11.4251041412, 13.1191825867, 13.662106514, 11.742313385, 10.1163759232, 9.20789241791, 9.30027389526, 10.8991537094, 9.01248550415, 6.52843379974, 9.38203811646, 8.4962015152, 3.28199720383, 3.10361671448, 2.05410814285, 1.11826241016, 0.649811685085, 0.399380236864, 0.241717666388, 0.0569879114628, 0.00755560072139, 0.000171601714101, 2.12480263144e-05],
        "dmean2": [0.35367372632, 3.01866650581, 6.89812755585, 9.34967899323, 17.1376724243, 7.4446439743, 9.0172996521, 18.5170860291, 21.110086441, 29.2248210907, 31.9823188782, 19.7356529236, 25.9571800232, 19.093952179, 19.5765037537, 19.2679233551, 18.6723709106, 18.18034935, 20.603559494, 21.6209869385, 18.3979053497, 15.5863485336, 14.1391458511, 14.8875370026, 16.9020061493, 12.9959783554, 9.63285827637, 14.5858163834, 13.6281442642, 4.50541305542, 4.22492790222, 2.76566910744, 1.54056668282, 0.871360361576, 0.557883620262, 0.3364148736, 0.0780956298113, 0.0106583721936, 0.000240881709033, 3.17529629683e-05],
        "dvar": [0.192601472139, 15.4969444275, 101.132156372, 245.723495483, 533.268310547, 66.9898910522, 107.177970886, 446.492980957, 736.66003418, 1228.98730469, 1316.64538574, 676.307922363, 1207.82543945, 571.779296875, 650.788818359, 676.027709961, 541.002624512, 490.326446533, 614.18182373, 870.579345703, 474.071777344, 403.196655273, 534.452087402, 623.830688477, 875.029968262, 517.915710449, 391.163024902, 1088.92773438, 901.589294434, 67.3380355835, 65.0917816162, 34.0630836487, 6.08823394775, 2.26566052437, 0.975807845592, 0.691760182381, 0.0209279935807, 0.000282827939373, 1.47921511484e-07, 1.18075715871e-09],
        "dvar2": [0.5534324646, 38.7599067688, 275.880767822, 690.670715332, 1539.06420898, 176.941329956, 324.456176758, 1223.62988281, 1958.95300293, 3382.97021484, 3452.32910156, 1696.54797363, 3096.03295898, 1260.52929688, 1512.27453613, 1515.8894043, 1291.35498047, 1191.16711426, 1446.16589355, 2048.8359375, 1124.47827148, 867.777099609, 1206.16381836, 1566.52990723, 2120.40429688, 915.897094727, 774.076904297, 2775.73754883, 2345.53417969, 127.685585022, 118.985321045, 67.5230636597, 10.0874223709, 3.97898221016, 1.94914448261, 1.4610260725, 0.0408530980349, 0.000554184021894, 2.91987646506e-07, 2.40007191898e-09],
        "max": [4.2011256218, 30.455160141, 79.3455657959, 133.499160767, 211.81993103, 55.5025787354, 97.3568191528, 189.373062134, 291.76864624, 298.887329102, 448.102203369, 370.952789307, 537.533447266, 424.543457031, 404.016967773, 662.429504395, 310.930664062, 240.193695068, 375.589996338, 300.769775391, 336.060424805, 222.184951782, 270.067352295, 278.462432861, 266.433319092, 267.953765869, 184.071853638, 306.017730713, 289.871826172, 88.3028793335, 86.1685256958, 86.887046814, 27.105632782, 24.2690105438, 13.304520607, 13.0951929092, 1.98262095451, 0.262518197298, 0.00590037368238, 0.000319764832966],
        "mean": [0.272445440292, 2.19663596153, 4.05916166306, 5.75794744492, 9.72465324402, 5.30742263794, 5.97256946564, 12.5011281967, 11.6306152344, 14.9680862427, 18.4832954407, 14.9032230377, 19.3088951111, 16.2425918579, 17.1539325714, 17.1970691681, 15.1130094528, 13.8509550095, 16.5600070953, 16.1013031006, 15.7947053909, 15.0574169159, 11.6288795471, 11.3091335297, 12.2869367599, 11.1787824631, 8.1114025116, 9.61964893341, 9.03479957581, 4.69305419922, 4.32067537308, 2.77382302284, 1.62523460388, 0.940042197704, 0.553206682205, 0.320664525032, 0.0757438987494, 0.00948005914688, 0.000223157418077, 3.9901897253e-05],
        "median": [0.0377487167716, 0.155229583383, 0.272354751825, 0.954210817814, 2.2860724926, 1.93119680882, 1.81339216232, 4.05151033401, 2.7372648716, 3.68224573135, 4.97114801407, 4.83010101318, 7.01425123215, 5.74146986008, 4.85759353638, 4.69935178757, 3.99755215645, 3.66315579414, 4.64935350418, 4.32983016968, 4.90239524841, 4.70718288422, 3.07384443283, 2.7411365509, 2.90786337852, 1.83396065235, 1.14016389847, 0.877434313297, 0.80828922987, 0.462329983711, 0.286500036716, 0.193277671933, 0.147870033979, 0.0690225809813, 0.0338407754898, 0.0103797698393, 0.00310664391145, 0.000398769392632, 2.52560912486e-05, 1.90849932551e-05],
        "min": [4.78836196576e-22, 8.18075062492e-22, 5.61558821865e-21, 8.65362994979e-21, 8.98917011071e-20, 6.76636326008e-20, 1.18284048785e-19, 1.583679288e-19, 2.92915899391e-19, 5.32598797257e-19, 6.71098610301e-19, 1.05187905607e-18, 2.43711582812e-18, 1.49235056091e-18, 2.23218886239e-18, 2.27812840566e-18, 3.15565764094e-18, 2.82420368116e-18, 4.04262769535e-18, 7.03340507916e-18, 5.05249321414e-18, 5.76815457728e-18, 1.07771906172e-17, 1.18819755248e-17, 1.10468010388e-17, 1.34780064547e-17, 1.04861405012e-17, 1.3797338703e-17, 1.38280345483e-17, 1.81691015641e-17, 1.63921869138e-17, 1.41005574729e-17, 1.23177797665e-17, 7.74861686963e-18, 8.60773988872e-18, 4.8569535076e-18, 2.95030612477e-18, 1.22436627292e-18, 2.75924963375e-19, 3.05673641688e-20],
        "var": [0.270870178938, 21.7261714935, 94.7189941406, 223.263824463, 494.560943604, 70.9851150513, 99.8639373779, 434.665924072, 609.370178223, 936.327087402, 1275.30285645, 769.112487793, 1333.40734863, 888.653991699, 1007.32196045, 1061.73864746, 750.585388184, 636.423583984, 855.659484863, 1052.3449707, 777.888916016, 770.022705078, 706.684814453, 728.468017578, 943.243530273, 853.637023926, 547.754516602, 1038.50524902, 837.695068359, 127.125785828, 120.998390198, 57.9990997314, 13.0143947601, 5.21629047394, 1.92863917351, 1.06409347057, 0.03630380705, 0.000474530068459, 2.44920187242e-07, 2.38989006363e-09]
    },
    "gfcc": {
        "mean": [-47.0614509583, 95.0693206787, -115.766731262, 35.0905380249, -53.3190956116, 15.5445404053, -32.2104415894, 10.036365509, -20.2413597107, 2.82745575905, -15.9163770676, 2.30885696411, -8.94955730438],
        "cov": [[11749.1142578, -1133.64770508, -204.075119019, -332.374206543, -484.009735107, 57.6270065308, -670.352478027, 407.241729736, -438.129608154, 296.518890381, -203.3097229, 129.549163818, -207.341690063], [-1133.64770508, 2819.13427734, -38.7702255249, -203.156280518, 587.112304688, -222.553024292, 370.412902832, -238.778533936, 302.289581299, -285.65411377, 201.851409912, -283.210998535, 175.81401062], [-204.075119019, -38.7702255249, 1065.25732422, 291.91003418, 180.027694702, 134.605697632, 63.7918968201, 37.2368469238, 27.12799263, 39.2112007141, -4.23988056183, -12.8038635254, -10.6785345078], [-332.374206543, -203.156280518, 291.91003418, 622.28894043, 62.1909103394, 24.9881629944, 55.0848731995, -78.1400985718, 49.4153671265, 9.41559028625, 31.2344017029, -1.4729591608, 12.2251291275], [-484.009735107, 587.112304688, 180.027694702, 62.1909103394, 379.394256592, 31.995973587, 104.102867126, -19.9685268402, 87.9271087646, -45.1531524658, 49.0864906311, -75.0979919434, 45.052520752], [57.6270065308, -222.553024292, 134.605697632, 24.9881629944, 31.995973587, 225.36491394, 62.4222068787, 63.3754653931, -14.9732627869, 27.9876079559, -19.1480808258, 24.7608833313, -7.03641986847], [-670.352478027, 370.412902832, 63.7918968201, 55.0848731995, 104.102867126, 62.4222068787, 340.087554932, -8.98666763306, 57.3912124634, -55.7442779541, 41.0810012817, -32.2281684875, 15.854678154], [407.241729736, -238.778533936, 37.2368469238, -78.1400985718, -19.9685268402, 63.3754653931, -8.98666763306, 204.972106934, -12.1347970963, 35.2491912842, -24.5047874451, 26.3535251617, -10.393992424], [-438.129608154, 302.289581299, 27.12799263, 49.4153671265, 87.9271087646, -14.9732627869, 57.3912124634, -12.1347970963, 152.192428589, -4.53084516525, 38.9258575439, -40.3531990051, 38.9401512146], [296.518890381, -285.65411377, 39.2112007141, 9.41559028625, -45.1531524658, 27.9876079559, -55.7442779541, 35.2491912842, -4.53084516525, 114.606170654, -3.59226322174, 28.9969367981, -27.5835952759], [-203.3097229, 201.851409912, -4.23988056183, 31.2344017029, 49.0864906311, -19.1480808258, 41.0810012817, -24.5047874451, 38.9258575439, -3.59226322174, 91.2266845703, -1.31687915325, 28.6824417114], [129.549163818, -283.210998535, -12.8038635254, -1.4729591608, -75.0979919434, 24.7608833313, -32.2281684875, 26.3535251617, -40.3531990051, 28.9969367981, -1.31687915325, 99.805809021, 4.93513202667], [-207.341690063, 175.81401062, -10.6785345078, 12.2251291275, 45.052520752, -7.03641986847, 15.854678154, -10.393992424, 38.9401512146, -27.5835952759, 28.6824417114, 4.93513202667, 81.4951705933]],
        "icov": [[0.00012886057084, -0.000159689181601, 3.74297233066e-05, -0.000109813634481, 0.000154438370373, -0.000108821135655, 0.000246968062129, -0.00031378219137, 0.000399478973122, -0.000362237740774, 0.000146119156852, -5.00957794429e-05, 0.00014901412942], [-0.000159689181601, 0.00183564622421, -0.000212783997995, 0.00119379279204, -0.00144502974581, 0.00118010933511, -0.00111322244629, 0.00138610415161, -0.00158551195636, 0.00218634610064, -0.00173759204336, 0.00206578802317, -0.00129523396026], [3.74297233066e-05, -0.000212783997995, 0.00131132884417, -0.000714748515747, -0.000450968742371, -0.000592671683989, 0.000146841091919, -0.000447382510174, 0.000337625708198, -0.000664473802317, 0.000493410625495, -0.000205077973078, 0.000398367032176], [-0.000109813634481, 0.00119379279204, -0.000714748515747, 0.00284107774496, -0.000851907185279, 0.000658080913126, -0.000888844544534, 0.00186388124712, -0.00159532262478, 0.00123252347112, -0.00139385135844, 0.000915996846743, -0.000821702822577], [0.000154438370373, -0.00144502974581, -0.000450968742371, -0.000851907185279, 0.00539692351595, -0.00173055101186, 0.00065097323386, -0.00113673426677, 0.000437186012277, -0.000909593305551, -0.000148221035488, 0.00108589336742, -0.000355882541044], [-0.000108821135655, 0.00118010933511, -0.000592671683989, 0.000658080913126, -0.00173055101186, 0.00696926191449, -0.00231333984993, -0.000402731762733, -0.000124697748106, -0.000273925368674, 0.000670819659717, -0.000145749625517, -0.00130244332831], [0.000246968062129, -0.00111322244629, 0.000146841091919, -0.000888844544534, 0.00065097323386, -0.00231333984993, 0.00500443810597, -0.00118508480955, 5.75643862248e-05, 0.000925182714127, -0.000742283242289, -0.000840071879793, 0.0020959363319], [-0.00031378219137, 0.00138610415161, -0.000447382510174, 0.00186388124712, -0.00113673426677, -0.000402731762733, -0.00118508480955, 0.00755197647959, -0.00215942715295, 0.000623442232609, -4.40148396592e-05, 0.000177661524503, -0.0010919184424], [0.000399478973122, -0.00158551195636, 0.000337625708198, -0.00159532262478, 0.000437186012277, -0.000124697748106, 5.75643862248e-05, -0.00215942715295, 0.0123733105138, -0.00510316016153, -0.000239548287936, 0.00260768830776, -0.00353174074553], [-0.000362237740774, 0.00218634610064, -0.000664473802317, 0.00123252347112, -0.000909593305551, -0.000273925368674, 0.000925182714127, 0.000623442232609, -0.00510316016153, 0.0160219781101, -0.0043485481292, -0.000844171561766, 0.00391136854887], [0.000146119156852, -0.00173759204336, 0.000493410625495, -0.00139385135844, -0.000148221035488, 0.000670819659717, -0.000742283242289, -4.40148396592e-05, -0.000239548287936, -0.0043485481292, 0.0167845208198, -0.00407962454483, -0.00234493007883], [-5.00957794429e-05, 0.00206578802317, -0.000205077973078, 0.000915996846743, 0.00108589336742, -0.000145749625517, -0.000840071879793, 0.000177661524503, 0.00260768830776, -0.000844171561766, -0.00407962454483, 0.0180290583521, -0.00636286661029], [0.00014901412942, -0.00129523396026, 0.000398367032176, -0.000821702822577, -0.000355882541044, -0.00130244332831, 0.0020959363319, -0.0010919184424, -0.00353174074553, 0.00391136854887, -0.00234493007883, -0.00636286661029, 0.019378837198]]
    },
    "melbands": {
        "dmean": [0.00198682700284, 0.00205820566043, 0.00112550589256, 0.000487556826556, 0.000171244231751, 0.000237440384808, 0.00018243730301, 0.000198459529202, 0.000140657924931, 7.73420979385e-05, 8.00007692305e-05, 5.18774832017e-05, 3.76435236831e-05, 3.89135275327e-05, 3.080785973e-05, 2.4292670787e-05, 2.24277173402e-05, 2.21983027586e-05, 2.2516836907e-05, 1.56308851729e-05, 1.40646925502e-05, 1.17106292237e-05, 8.90474802873e-06, 7.98919063527e-06, 7.48355114411e-06, 9.45881220105e-06, 6.3564230004e-06, 6.03456328463e-06, 4.69467113362e-06, 3.34435230798e-06, 7.06018499841e-06, 6.30797694612e-06, 2.42360647462e-06, 1.62198296039e-06, 1.89257400507e-06, 1.8470826717e-06, 1.09314339625e-06, 8.16645638224e-07, 6.73861791256e-07, 5.20852779573e-07],
        "dmean2": [0.00335982814431, 0.00346951326355, 0.00200033374131, 0.000844577210955, 0.000298627623124, 0.000398749456508, 0.000311287876684, 0.000351601251168, 0.000239167042309, 0.000126086248201, 0.000131445500301, 8.36602848722e-05, 5.94617704337e-05, 6.10207644058e-05, 4.8663270718e-05, 3.79165576305e-05, 3.6118166463e-05, 3.59750592906e-05, 3.59649820894e-05, 2.52980353252e-05, 2.24385876209e-05, 1.82284893526e-05, 1.39197745739e-05, 1.2324094314e-05, 1.23869695017e-05, 1.52030179379e-05, 9.83179506875e-06, 8.62881825014e-06, 7.12159999239e-06, 4.82242830913e-06, 1.18396710604e-05, 1.06123497972e-05, 3.56946134161e-06, 2.30908403864e-06, 2.69827137345e-06, 2.63998822447e-06, 1.4554302652e-06, 1.13795283596e-06, 9.4883591828e-07, 7.08206073341e-07],
        "dvar": [1.72840500454e-05, 2.25093845074e-05, 9.40230438573e-06, 1.05003903172e-06, 1.10924567309e-07, 2.06910229394e-07, 1.57643157195e-07, 1.70962877633e-07, 7.45840509353e-08, 2.80901044647e-08, 3.01290903337e-08, 1.09803579562e-08, 5.76430725374e-09, 6.78580391877e-09, 4.37469260817e-09, 2.25971263923e-09, 2.05462291625e-09, 1.83129855724e-09, 2.97057689558e-09, 9.38398470041e-10, 7.09559910828e-10, 5.68990299321e-10, 4.2273715084e-10, 4.38938579927e-10, 4.02528871346e-10, 7.07612857198e-10, 2.57986187968e-10, 2.37684372184e-10, 2.20697807252e-10, 9.13618625198e-11, 7.45027928239e-10, 5.93251336944e-10, 4.10298253706e-11, 1.64225629623e-11, 2.38331819558e-11, 3.93020824219e-11, 8.2802237289e-12, 3.27444777022e-12, 2.48927029163e-12, 1.53159527162e-12],
        "dvar2": [4.74160369777e-05, 5.66965718463e-05, 2.67011182586e-05, 2.97891119772e-06, 3.28358169099e-07, 5.69696055663e-07, 4.20919349153e-07, 4.71738189844e-07, 1.94024863731e-07, 6.86496193225e-08, 7.74332846731e-08, 2.44048496967e-08, 1.3769103191e-08, 1.54788200035e-08, 1.03379376171e-08, 5.37241540144e-09, 5.10543340937e-09, 4.45542180927e-09, 7.34683913706e-09, 2.15946549531e-09, 1.72905800788e-09, 1.27400567873e-09, 9.8434194129e-10, 9.76378311535e-10, 1.0454328514e-09, 1.77713288529e-09, 5.61645618902e-10, 4.28142077347e-10, 4.60426058391e-10, 1.77835621229e-10, 2.02159888829e-09, 1.62054947239e-09, 7.86334677927e-11, 3.38400314714e-11, 4.62758407982e-11, 8.66115304476e-11, 1.59590448495e-11, 5.69372804113e-12, 4.56747747263e-12, 2.82245516021e-12],
        "max": [0.0309476405382, 0.0368414968252, 0.0230413153768, 0.00879813730717, 0.00319907302037, 0.00402992963791, 0.00396032352, 0.00372877437621, 0.00344085227698, 0.00212855776772, 0.00261137424968, 0.00206324458122, 0.00113188649993, 0.00201034848578, 0.00100880733225, 0.000698690884747, 0.000525008654222, 0.000544649374206, 0.000757405417971, 0.000403462734539, 0.000397877127398, 0.000292585638817, 0.000201410774025, 0.000257967447396, 0.000227745127631, 0.000239811954089, 0.000198071633349, 0.000157937742188, 0.000147157086758, 9.49922177824e-05, 0.000245749775786, 0.000237615851802, 6.13318406977e-05, 5.2593073633e-05, 5.28938689968e-05, 0.000103120495623, 4.08292980865e-05, 1.98275884031e-05, 1.87976365851e-05, 2.24200339289e-05],
        "mean": [0.00263855769299, 0.00247252034023, 0.0011963803554, 0.000542436668184, 0.00020700704772, 0.00027274916647, 0.00017048198788, 0.000178636517376, 0.000139496914926, 9.57416923484e-05, 9.71117988229e-05, 6.73433751217e-05, 5.0747901696e-05, 5.2302631957e-05, 4.17770897911e-05, 2.78384613921e-05, 2.5557104891e-05, 2.67276391241e-05, 2.3960847102e-05, 1.95415195776e-05, 1.82558214874e-05, 1.64995508385e-05, 1.14549429782e-05, 9.79320066108e-06, 8.76112881087e-06, 1.01392679426e-05, 7.60401781008e-06, 7.23302491679e-06, 5.4509068832e-06, 4.14493797507e-06, 6.51010623187e-06, 6.05210652793e-06, 3.23905715049e-06, 2.26361453315e-06, 2.54968631452e-06, 2.35108200286e-06, 1.45529270412e-06, 1.17043202863e-06, 9.50233015828e-07, 7.29431405944e-07],
        "median": [0.000355991331162, 0.000174858534592, 0.000231134908972, 0.000165153818671, 6.48192944936e-05, 9.46352738538e-05, 4.00134449592e-05, 4.14960086346e-05, 3.57876378985e-05, 2.97691203741e-05, 3.45010703313e-05, 2.33328937611e-05, 1.36034268508e-05, 1.40470629049e-05, 9.01254406926e-06, 6.93685478836e-06, 6.23102096142e-06, 6.94712434779e-06, 5.34287073606e-06, 5.57467546969e-06, 5.32373724127e-06, 4.7974822337e-06, 3.23618883158e-06, 2.17622141463e-06, 2.07260541174e-06, 2.3763604986e-06, 1.65612743785e-06, 1.05927483673e-06, 7.08487959855e-07, 4.99509326346e-07, 4.94355560932e-07, 4.63468722955e-07, 3.48628645952e-07, 2.04027614359e-07, 1.65914144645e-07, 1.16442024023e-07, 1.1368165076e-07, 1.10177033719e-07, 7.23986701701e-08, 5.12051059331e-08],
        "min": [4.60060090608e-24, 1.72168419248e-24, 4.74492616413e-24, 7.27177504459e-24, 3.87178967068e-24, 3.55396116184e-24, 4.56079735138e-24, 5.30953560767e-24, 4.68314928335e-24, 6.35119408972e-24, 1.26094351213e-23, 5.66576073778e-24, 5.97433906365e-24, 6.2047554733e-24, 7.33284865587e-24, 7.16524805681e-24, 4.47590211292e-24, 6.27313078112e-24, 7.24630272596e-24, 8.91703360371e-24, 4.5036211074e-24, 5.72087884366e-24, 7.83367514535e-24, 8.62563706279e-24, 8.5475272114e-24, 7.5940483902e-24, 8.69912892244e-24, 9.54317143685e-24, 6.28256910742e-24, 6.1573993643e-24, 8.55072762009e-24, 6.65909675622e-24, 8.2734390676e-24, 1.00841115034e-23, 8.24177497973e-24, 8.31895555297e-24, 7.6730741091e-24, 8.30491698431e-24, 8.24206922485e-24, 5.61171666603e-24],
        "var": [2.54369315371e-05, 2.85293626803e-05, 8.878780136e-06, 1.02937406155e-06, 1.09557220185e-07, 2.00980693421e-07, 1.2925262638e-07, 1.31205510456e-07, 7.41085912637e-08, 3.42598731606e-08, 3.3450522352e-08, 1.62227173917e-08, 8.4728037919e-09, 1.00014556637e-08, 8.04131161658e-09, 2.78899325856e-09, 2.46447107166e-09, 2.31194152711e-09, 3.11932901731e-09, 1.30188071434e-09, 1.13120091072e-09, 1.00613650744e-09, 5.7380006302e-10, 5.91243443093e-10, 4.43506370518e-10, 6.86343815115e-10, 3.50873469168e-10, 3.7966196853e-10, 2.78672335208e-10, 1.33235214528e-10, 5.92423499146e-10, 4.71784167289e-10, 6.67605831728e-11, 2.96703876745e-11, 4.10298808817e-11, 5.7018587768e-11, 1.43756838031e-11, 6.73609779067e-12, 5.02100964972e-12, 3.43859532861e-12]
    },
    "mfcc": {
        "mean": [-686.502075195, 123.683982849, -1.57094633579, 24.6175708771, 3.53005814552, 8.32346057892, 0.683264970779, 6.74986314774, 3.00599598885, 2.0184032917, 0.0664081275463, -0.874327480793, 0.978289067745],
        "cov": [[8225.88085938, -883.7109375, -112.912658691, -387.109588623, -47.3224029541, -417.206268311, -135.874359131, -162.860794067, -206.565689087, 63.0270767212, -143.104049683, 25.4725227356, -19.7753582001], [-883.7109375, 2654.44824219, -279.382598877, 23.0043392181, 158.838226318, 26.8586826324, 120.671104431, 54.6455345154, 127.85383606, 1.03734409809, 66.8586578369, 13.436009407, -0.011782607995], [-112.912658691, -279.382598877, 795.837097168, 220.641174316, 149.775268555, 128.558731079, 72.5977706909, 25.2626399994, 47.3768386841, 24.5165424347, 12.8651885986, 26.8434467316, 11.7499322891], [-387.109588623, 23.0043392181, 220.641174316, 493.746795654, 102.289077759, 130.366226196, 32.1695251465, 8.91906356812, -0.995066463947, 33.3174552917, -4.97532320023, 22.6046485901, 4.01925516129], [-47.3224029541, 158.838226318, 149.775268555, 102.289077759, 338.911712646, 43.767490387, 3.44226932526, -19.0710887909, 33.8966598511, 40.4920310974, -11.5353412628, -0.508062183857, 20.0158691406], [-417.206268311, 26.8586826324, 128.558731079, 130.366226196, 43.767490387, 243.669891357, 79.3748703003, 29.9184169769, 21.5643978119, 24.5082321167, 18.8570690155, 16.3532676697, -16.4310073853], [-135.874359131, 120.671104431, 72.5977706909, 32.1695251465, 3.44226932526, 79.3748703003, 191.150146484, 90.928855896, 42.3841438293, 23.2502708435, 29.1395282745, 15.6485977173, -3.97703766823], [-162.860794067, 54.6455345154, 25.2626399994, 8.91906356812, -19.0710887909, 29.9184169769, 90.928855896, 147.473388672, 58.6652946472, 21.1714401245, 7.06099128723, 11.2244081497, 3.55669617653], [-206.565689087, 127.85383606, 47.3768386841, -0.995066463947, 33.8966598511, 21.5643978119, 42.3841438293, 58.6652946472, 114.229827881, 38.7027168274, 32.2081604004, -2.52159690857, 3.10282444954], [63.0270767212, 1.03734409809, 24.5165424347, 33.3174552917, 40.4920310974, 24.5082321167, 23.2502708435, 21.1714401245, 38.7027168274, 101.044082642, 32.6878890991, 12.6438274384, -3.61182594299], [-143.104049683, 66.8586578369, 12.8651885986, -4.97532320023, -11.5353412628, 18.8570690155, 29.1395282745, 7.06099128723, 32.2081604004, 32.6878890991, 103.224327087, 22.4600658417, -3.45248436928], [25.4725227356, 13.436009407, 26.8434467316, 22.6046485901, -0.508062183857, 16.3532676697, 15.6485977173, 11.2244081497, -2.52159690857, 12.6438274384, 22.4600658417, 65.092124939, 8.98556137085], [-19.7753582001, -0.011782607995, 11.7499322891, 4.01925516129, 20.0158691406, -16.4310073853, -3.97703766823, 3.55669617653, 3.10282444954, -3.61182594299, -3.45248436928, 8.98556137085, 54.3763237]],
