{
"lowlevel": {
    "average_loudness": 0.895074725151,
    "barkbands_crest": {
        "dmean": 2.79479551315,
        "dmean2": 4.59659099579,
        "dvar": 9.46020793915,
        "dvar2": 23.8863964081,
        "max": 25.0833625793,
        "mean": 10.5336875916,
        "median": 9.45928001404,
        "min": 2.99545383453,
        "var": 21.1029415131
    },
    "barkbands_flatness_db": {
        "dmean": 0.0233010351658,
        "dmean2": 0.0366465225816,
        "dvar": 0.000691965979058,
        "dvar2": 0.00157324864995,
        "max": 0.509998738766,
        "mean": 0.169320598245,
        "median": 0.147683903575,
        "min": 0.0498524047434,
        "var": 0.00743347918615
    },
    "barkbands_kurtosis": {
        "dmean": 4.33489322662,
        "dmean2": 6.75598812103,
        "dvar": 111.804168701,
        "dvar2": 251.922103882,
        "max": 206.166137695,
        "mean": 5.67122507095,
        "median": 1.81117200851,
        "min": -1.91288423538,
        "var": 192.210632324
    },
    "barkbands_skewness": {
        "dmean": 0.652693629265,
        "dmean2": 1.01117992401,
        "dvar": 0.821512401104,
        "dvar2": 1.82899999619,
        "max": 12.408864975,
        "mean": 1.82813203335,
        "median": 1.6415425539,
        "min": -2.0910410881,
        "var": 2.2527050972
    },
    "barkbands_spread": {
        "dmean": 7.10695552826,
        "dmean2": 11.3581171036,
        "dvar": 84.8084030151,
        "dvar2": 196.637634277,
        "max": 98.0245819092,
        "mean": 25.9901237488,
        "median": 24.9203166962,
        "min": 0.181697979569,
        "var": 244.757614136
    },
    "dissonance": {
        "dmean": 0.0105498721823,
        "dmean2": 0.0175635442138,
        "dvar": 0.00014184183965,
        "dvar2": 0.000350542948581,
        "max": 0.500000119209,
        "mean": 0.47525754571,
        "median": 0.486312687397,
        "min": 0.2464889884,
        "var": 0.00126052449923
    },
    "dynamic_complexity": 3.27231097221,
    "erbbands_crest": {
        "dmean": 1.72082996368,
        "dmean2": 2.74940943718,
        "dvar": 3.29115128517,
        "dvar2": 8.11734390259,
        "max": 29.6391162872,
        "mean": 7.86994314194,
        "median": 5.79516172409,
        "min": 2.31953382492,
        "var": 29.2204055786
    },
    "erbbands_flatness_db": {
        "dmean": 0.012879550457,
        "dmean2": 0.0184187721461,
        "dvar": 0.000227125972742,
        "dvar2": 0.000390078232158,
        "max": 0.48093354702,
        "mean": 0.164861708879,
        "median": 0.143505260348,
        "min": 0.0240668486804,
        "var": 0.00529207848012
    },
    "erbbands_kurtosis": {
        "dmean": 0.945813715458,
        "dmean2": 1.3540545702,
        "dvar": 10.282998085,
        "dvar2": 20.7159824371,
        "max": 123.012420654,
        "mean": 1.10000288486,
        "median": -0.781395673752,
        "min": -1.84456551075,
        "var": 42.9371452332
    },
    "erbbands_skewness": {
        "dmean": 0.325769245625,
        "dmean2": 0.496506214142,
        "dvar": 0.156201303005,
        "dvar2": 0.328960090876,
        "max": 9.25579833984,
        "mean": -0.114031642675,
        "median": -0.322229802608,
        "min": -4.02174186707,
        "var": 1.21044766903
    },
    "erbbands_spread": {
        "dmean": 8.77749156952,
        "dmean2": 13.5328712463,
        "dvar": 115.324012756,
        "dvar2": 249.308898926,
        "max": 166.841384888,
        "mean": 51.1432533264,
        "median": 52.5737609863,
        "min": 0.979905366898,
        "var": 538.828430176
    },
    "hfc": {
        "dmean": 7.15585708618,
        "dmean2": 9.70571136475,
        "dvar": 226.331466675,
        "dvar2": 479.714294434,
        "max": 296.051177979,
        "mean": 19.2856121063,
        "median": 10.1480455399,
        "min": 1.17479406673e-16,
        "var": 553.340209961
    },
    "melbands_crest": {
        "dmean": 3.33656573296,
        "dmean2": 5.31859302521,
        "dvar": 9.96574306488,
        "dvar2": 23.5928783417,
        "max": 32.3967399597,
        "mean": 16.7898273468,
        "median": 16.6859207153,
        "min": 2.53764748573,
        "var": 28.1459350586
    },
    "melbands_flatness_db": {
        "dmean": 0.0289382543415,
        "dmean2": 0.0451079644263,
        "dvar": 0.00116985687055,
        "dvar2": 0.00252893404104,
        "max": 0.637392699718,
        "mean": 0.224431082606,
        "median": 0.198980271816,
        "min": 0.00664768973365,
        "var": 0.0123822288588
    },
    "melbands_kurtosis": {
        "dmean": 13.9499158859,
        "dmean2": 22.0993061066,
        "dvar": 1012.55291748,
        "dvar2": 2364.34643555,
        "max": 591.756408691,
        "mean": 24.7104606628,
        "median": 13.6885375977,
        "min": -1.76918530464,
        "var": 1604.51672363
    },
    "melbands_skewness": {
        "dmean": 0.980136930943,
        "dmean2": 1.53042519093,
        "dvar": 1.97699844837,
        "dvar2": 4.38941764832,
        "max": 20.3175411224,
        "mean": 3.71781396866,
        "median": 3.39919662476,
        "min": -0.894587695599,
        "var": 5.69326257706
    },
    "melbands_spread": {
        "dmean": 8.17227554321,
        "dmean2": 13.0148191452,
        "dvar": 165.313140869,
        "dvar2": 349.952880859,
        "max": 233.451477051,
        "mean": 23.240852356,
        "median": 18.4906101227,
        "min": 0.285663813353,
        "var": 436.704193115
    },
    "pitch_salience": {
        "dmean": 0.0817540735006,
        "dmean2": 0.134921133518,
        "dvar": 0.00670858053491,
        "dvar2": 0.0174065940082,
        "max": 0.810807466507,
        "mean": 0.53868752718,
        "median": 0.552261769772,
        "min": 0.0923246145248,
        "var": 0.0175510141999
    },
    "silence_rate_20dB": {
        "dmean": 0,
        "dmean2": 0,
        "dvar": 0,
        "dvar2": 0,
        "max": 1,
        "mean": 1,
        "median": 1,
        "min": 1,
        "var": 0
    },
    "silence_rate_30dB": {
        "dmean": 0.0487616099417,
        "dmean2": 0.0975609719753,
        "dvar": 0.0463846810162,
        "dvar2": 0.115145005286,
        "max": 1,
        "mean": 0.962862670422,
        "median": 1,
        "min": 0,
        "var": 0.0357590802014
    },
    "silence_rate_60dB": {
        "dmean": 0.0104489168152,
        "dmean2": 0.0209059230983,
        "dvar": 0.0103392992169,
        "dvar2": 0.0220189504325,
        "max": 1,
        "mean": 0.0514506772161,
        "median": 0,
        "min": 0,
        "var": 0.0488036349416
    },
    "spectral_centroid": {
        "dmean": 292.123291016,
        "dmean2": 465.774475098,
        "dvar": 147481.03125,
        "dvar2": 291773.78125,
        "max": 10974.1591797,
        "mean": 1685.13330078,
        "median": 1695.87365723,
        "min": 208.664291382,
        "var": 543617
    },
    "spectral_complexity": {
        "dmean": 4.20897817612,
        "dmean2": 6.15756893158,
        "dvar": 23.9837226868,
        "dvar2": 40.1081123352,
        "max": 54,
        "mean": 19.4313354492,
        "median": 17,
        "min": 0,
        "var": 148.370376587
    },
    "spectral_decrease": {
        "dmean": 2.86546764094e-09,
        "dmean2": 4.5124517456e-09,
        "dvar": 3.05822800706e-17,
        "dvar2": 6.32455943611e-17,
        "max": -8.23796296401e-30,
        "mean": -6.68797239811e-09,
        "median": -4.19245882455e-09,
        "min": -5.61245840913e-08,
        "var": 5.81673340573e-17
    },
    "spectral_energy": {
        "dmean": 0.0112697705626,
        "dmean2": 0.0175776500255,
        "dvar": 0.000445099343779,
        "dvar2": 0.000913502415642,
        "max": 0.213857471943,
        "mean": 0.0269912332296,
        "median": 0.0171214565635,
        "min": 1.0686826163e-20,
        "var": 0.000881732848939
    },
    "spectral_energyband_high": {
        "dmean": 0.000705644371919,
        "dmean2": 0.00100509810727,
        "dvar": 3.75445279133e-06,
        "dvar2": 8.02785416454e-06,
        "max": 0.0410443916917,
        "mean": 0.00129149970599,
        "median": 0.000525854411535,
        "min": 7.83308940035e-21,
        "var": 6.18093235971e-06
    },
    "spectral_energyband_low": {
        "dmean": 0.00874618627131,
        "dmean2": 0.0143918944523,
        "dvar": 0.000428961211583,
        "dvar2": 0.000918116420507,
        "max": 0.206581383944,
        "mean": 0.0152964787558,
        "median": 0.00745889404789,
        "min": 1.02312848648e-22,
        "var": 0.000714974303264
    },
    "spectral_energyband_middle_high": {
        "dmean": 0.00132925715297,
        "dmean2": 0.00187378842384,
        "dvar": 5.60015269002e-06,
        "dvar2": 1.09219527076e-05,
        "max": 0.0501458160579,
        "mean": 0.00394603330642,
        "median": 0.00190709438175,
        "min": 1.4483966857e-21,
        "var": 2.95706449833e-05
    },
    "spectral_energyband_middle_low": {
        "dmean": 0.00327966059558,
        "dmean2": 0.00507280509919,
        "dvar": 3.94742492063e-05,
        "dvar2": 8.1463411334e-05,
        "max": 0.0883907526731,
        "mean": 0.00723865348846,
        "median": 0.00452787429094,
        "min": 3.85311977853e-22,
        "var": 7.13781264494e-05
    },
    "spectral_entropy": {
        "dmean": 0.110938072205,
        "dmean2": 0.162005349994,
        "dvar": 0.0239732619375,
        "dvar2": 0.0421516411006,
        "max": 9.80013656616,
        "mean": 7.60337734222,
        "median": 7.77686023712,
        "min": 4.08652305603,
        "var": 0.511170983315
    },
    "spectral_flux": {
        "dmean": 0.029947085306,
        "dmean2": 0.0494066812098,
        "dvar": 0.00176696164999,
        "dvar2": 0.00472292583436,
        "max": 0.357137024403,
        "mean": 0.0808030068874,
        "median": 0.0677576512098,
        "min": 1.03377105487e-10,
        "var": 0.0036387136206
    },
    "spectral_kurtosis": {
        "dmean": 2.58193063736,
        "dmean2": 4.39542818069,
        "dvar": 39.0028572083,
        "dvar2": 106.406677246,
        "max": 120.696121216,
        "mean": 6.63036394119,
        "median": 2.31015348434,
        "min": -1.21677649021,
        "var": 252.127075195
    },
    "spectral_rms": {
        "dmean": 0.000883093744051,
        "dmean2": 0.00134792015888,
        "dvar": 1.67496887116e-06,
        "dvar2": 3.25844212057e-06,
        "max": 0.0144444257021,
        "mean": 0.00457765441388,
        "median": 0.00408703554422,
        "min": 3.22895833335e-12,
        "var": 5.37790629096e-06
    },
    "spectral_rolloff": {
        "dmean": 635.705932617,
        "dmean2": 1062.7052002,
        "dvar": 1072193.375,
        "dvar2": 2223555,
        "max": 18798.4863281,
        "mean": 1486.94335938,
        "median": 904.39453125,
        "min": 64.599609375,
        "var": 2294064.25
    },
    "spectral_skewness": {
        "dmean": 0.260041356087,
        "dmean2": 0.43177780509,
        "dvar": 0.174015447497,
        "dvar2": 0.473764419556,
        "max": 9.2194814682,
        "mean": 1.31868577003,
        "median": 1.00050699711,
        "min": -0.0506704971194,
        "var": 1.50335216522
    },
    "spectral_spread": {
        "dmean": 473857.125,
        "dmean2": 627437.1875,
        "dvar": 683723587584,
        "dvar2": 883485704192,
        "max": 40365020,
        "mean": 4097582.25,
        "median": 3983318.5,
        "min": 628747.9375,
        "var": 2.61766879642e+12
    },
    "spectral_strongpeak": {
        "dmean": 0.312835276127,
        "dmean2": 0.536591112614,
        "dvar": 0.39334371686,
        "dvar2": 0.999500453472,
        "max": 8.39879798889,
        "mean": 0.537709832191,
        "median": 0.323140740395,
        "min": 0,
        "var": 0.504993855953
    },
    "zerocrossingrate": {
        "dmean": 0.010858210735,
        "dmean2": 0.0129862399772,
        "dvar": 0.000233635655604,
        "dvar2": 0.000278311083093,
        "max": 0.4873046875,
        "mean": 0.0592807419598,
        "median": 0.0546875,
        "min": 0.00439453125,
        "var": 0.00123935891315
    },
    "barkbands": {
        "dmean": [0.00033553072717, 0.00773308239877, 0.00212218868546, 0.000806304218713, 0.00198694528081, 0.000733321008738, 0.000464393669972, 0.00019025549409, 0.000258365558693, 0.00057065585861, 0.000123112753499, 0.000202887269552, 0.000121530436445, 0.000155611109221, 0.000169336839463, 0.000156415902893, 0.000231384445215, 0.000258611602476, 0.000286377529847, 0.000210995014641, 0.000211348306038, 0.000180484450539, 0.000137797687785, 0.000101435296529, 6.48632485536e-05, 1.21223256428e-05, 1.18923423997e-07],
        "dmean2": [0.000482337229187, 0.0126756792888, 0.00367144192569, 0.00131473946385, 0.00306156789884, 0.00114768359344, 0.000751783023588, 0.000301704159938, 0.000422408804297, 0.000893311109394, 0.000193010884686, 0.000330209353706, 0.000196743028937, 0.00024823404965, 0.000265839131316, 0.00024534916156, 0.000356530974386, 0.000392626796383, 0.000456303765532, 0.000332297378918, 0.000328243506374, 0.000267492403509, 0.000213797960896, 0.000149608022184, 9.15077835089e-05, 1.74858414539e-05, 1.99472609097e-07],
        "dvar": [6.28410020909e-07, 0.000387719483115, 1.86076376849e-05, 1.81987240921e-06, 1.9650282411e-05, 2.02547062145e-06, 2.18773993765e-06, 2.4212857852e-07, 5.65683649256e-07, 3.07961659018e-06, 7.40714725112e-08, 2.86544320716e-07, 2.25505445428e-07, 2.26681507343e-07, 2.43648855758e-07, 1.19929552511e-07, 1.41713897506e-07, 3.06049855681e-07, 4.96844393183e-07, 2.10747003848e-07, 4.18723800522e-07, 2.47821105859e-07, 2.23716952519e-07, 2.04616242172e-07, 3.89704446491e-08, 1.63291680177e-09, 3.22080280198e-13],
        "dvar2": [1.207489845e-06, 0.000831001088955, 5.42501365999e-05, 4.37403150499e-06, 3.88271946576e-05, 5.10106519869e-06, 5.94015909883e-06, 6.38993128632e-07, 1.46707805015e-06, 7.68247718952e-06, 1.75025050453e-07, 6.76813556311e-07, 6.14896634943e-07, 5.45292323295e-07, 5.86026146721e-07, 2.70593545793e-07, 3.29540000621e-07, 6.46708770091e-07, 1.31087892896e-06, 4.55873077954e-07, 8.60141824433e-07, 5.43805640518e-07, 5.56913221317e-07, 5.32610613391e-07, 8.92202862701e-08, 3.63007601756e-09, 8.73588744746e-13],
        "max": [0.00960963685066, 0.192474111915, 0.0500131547451, 0.0122642321512, 0.0569835118949, 0.0344633534551, 0.0316138155758, 0.0101381065324, 0.0188473332673, 0.0311712119728, 0.00906893517822, 0.00927500706166, 0.00961451698095, 0.00983882695436, 0.010517437011, 0.0067298905924, 0.00733543233946, 0.012922078371, 0.0196677260101, 0.0122493132949, 0.0204346869141, 0.0113836405799, 0.013172111474, 0.0128795458004, 0.00334102893248, 0.00117695285007, 1.27205994431e-05],
        "mean": [0.000382015248761, 0.010479407385, 0.00387803977355, 0.00119429011829, 0.00303731299937, 0.00131898571271, 0.000628162000794, 0.000264926056843, 0.000367244792869, 0.000943245482631, 0.00019261961279, 0.000334976852173, 0.000177120251465, 0.000287254923023, 0.000255167280557, 0.0002793968888, 0.000468329060823, 0.000472333544167, 0.000524908711668, 0.000422802055255, 0.000345936452504, 0.000293056451483, 0.00021285485127, 0.000139674186357, 7.72776547819e-05, 1.37900824484e-05, 9.72586491343e-08],
        "median": [5.83684523008e-05, 0.00282854982652, 0.00323212752119, 0.000639662030153, 0.00142301083542, 0.000801058718935, 0.000283607456367, 0.000109319444164, 0.000112536959932, 0.000153095985297, 9.80093391263e-05, 9.44879284361e-05, 6.37504417682e-05, 6.07208203292e-05, 8.41126020532e-05, 0.00015288440045, 0.000316316029057, 0.0002151876688, 0.000203466814128, 0.000205638731131, 0.000123877442093, 0.000100714569271, 6.30442955298e-05, 3.01315685647e-05, 1.06403413156e-05, 1.22408528114e-06, 5.17149767454e-10],
        "min": [4.90415765896e-23, 4.48377936237e-23, 1.55720858701e-23, 2.82678397293e-23, 2.50405845225e-23, 1.48101251217e-22, 5.447400726e-23, 5.60305308002e-23, 4.29382702065e-23, 5.87545621693e-23, 8.03985009605e-23, 1.05471624418e-22, 5.78713471889e-23, 7.50156359985e-23, 2.00694393198e-22, 1.1219663208e-22, 2.61043842791e-22, 2.43925384443e-22, 1.99333652313e-22, 2.82027669088e-22, 3.57948399913e-22, 5.19000349056e-22, 5.21183613119e-22, 8.8392639407e-22, 1.29987656828e-21, 2.0005056153e-21, 2.27367231908e-21],
        "var": [9.86794020719e-07, 0.000577395316213, 1.74216074811e-05, 2.51202732215e-06, 2.92082131637e-05, 3.04952050101e-06, 2.08512119571e-06, 2.58792624663e-07, 1.00945362647e-06, 6.99701740814e-06, 1.22687396242e-07, 6.92798039381e-07, 2.71237382776e-07, 6.37253435798e-07, 4.52297967968e-07, 2.45186100756e-07, 3.71946953237e-07, 7.22318588942e-07, 8.93761978205e-07, 4.31213351249e-07, 6.1806292706e-07, 3.69376607523e-07, 2.62906723947e-07, 1.98492813297e-07, 4.80221657995e-08, 1.91547000483e-09, 2.33492370404e-13]
    },
    "erbbands": {
        "dmean": [0.294070124626, 1.6726013422, 2.90718221664, 1.86088013649, 6.91751003265, 4.84699392319, 5.34180736542, 5.29275655746, 6.78670024872, 5.59080410004, 3.70209336281, 4.73459768295, 19.5407791138, 8.76565551758, 4.14415693283, 9.05346870422, 5.63418149948, 6.06482934952, 9.21475028992, 7.71770620346, 8.41308021545, 12.7414894104, 13.2091760635, 13.4376649857, 13.1911354065, 9.72258758545, 8.14329528809, 8.31508541107, 6.46715116501, 5.51033973694, 3.92001628876, 2.36942148209, 1.60163700581, 1.00247395039, 0.302328139544, 0.0895539820194, 0.0153528871015, 0.000945621693972, 3.72536233044e-05, 1.53558758029e-05],
        "dmean2": [0.444719314575, 2.859115839, 5.12779474258, 3.01784515381, 10.5317287445, 7.84503221512, 8.46919155121, 8.57742595673, 11.0703649521, 9.32490444183, 5.74013900757, 7.44592046738, 30.6482067108, 13.0028820038, 6.59424829483, 14.8241567612, 9.14929866791, 9.5606212616, 14.8454208374, 12.1606693268, 13.056429863, 19.4717292786, 19.5640029907, 20.7507705688, 20.8383426666, 15.3770427704, 12.5243024826, 12.7398557663, 9.78818702698, 8.38174057007, 6.02306985855, 3.46952319145, 2.34993004799, 1.44123840332, 0.414543867111, 0.127810075879, 0.022624053061, 0.0013735643588, 5.46996780031e-05, 2.31368849199e-05],
        "dvar": [0.631990611553, 16.5942707062, 40.1504898071, 8.40121078491, 297.910797119, 82.2793579102, 63.7233161926, 170.188903809, 531.166259766, 444.903533936, 77.6898651123, 186.997528076, 3652.19506836, 634.53137207, 62.9692955017, 652.370666504, 419.314300537, 299.220336914, 752.680786133, 394.07232666, 352.101043701, 397.961425781, 815.112731934, 796.108825684, 1132.90185547, 473.365722656, 979.372375488, 516.437683105, 362.981384277, 260.883026123, 180.12701416, 105.037467957, 41.9472885132, 9.75171089172, 0.725765168667, 0.0896729007363, 0.00239900918677, 7.17103739589e-06, 1.25295072095e-08, 7.39541872186e-10],
        "dvar2": [1.34901082516, 39.5971603394, 119.15296936, 20.5206031799, 548.644592285, 195.97303772, 164.666946411, 451.149627686, 1460.47790527, 1257.67297363, 181.539108276, 470.546203613, 9740.00195312, 1260.59838867, 155.23588562, 1619.34265137, 1117.61437988, 670.032470703, 1824.01782227, 909.629577637, 711.389343262, 929.56854248, 1648.36450195, 1703.83374023, 2845.23413086, 1006.56341553, 1828.19628906, 1211.25695801, 837.436401367, 628.598571777, 431.288269043, 272.641876221, 104.613311768, 22.4964675903, 1.60753750801, 0.191437125206, 0.0056728515774, 1.74348842847e-05, 3.15908046389e-08, 1.50504519958e-09],
        "max": [8.42174720764, 41.5871238708, 68.4397506714, 28.3975410461, 219.669662476, 117.784347534, 139.279998779, 323.022186279, 447.468597412, 669.239868164, 187.069351196, 470.078033447, 827.405029297, 709.06427002, 146.937057495, 455.880401611, 436.592834473, 325.392181396, 715.30480957, 363.004669189, 401.202056885, 365.101287842, 736.410461426, 568.256225586, 901.539672852, 666.166931152, 1168.19604492, 363.98828125, 463.719207764, 379.309753418, 400.345703125, 300.772613525, 165.929916382, 50.1945343018, 13.5512151718, 8.4856262207, 1.32585406303, 0.045080345124, 0.00261365785263, 0.000290464813588],
        "mean": [0.333603560925, 2.23357748985, 5.08046913147, 3.62411856651, 9.91804409027, 7.52723407745, 10.8437643051, 8.28135871887, 9.47071933746, 7.03397989273, 5.8328294754, 7.4891242981, 30.7455368042, 15.1466064453, 7.44007968903, 14.8025140762, 9.38252258301, 11.8152017593, 15.5261154175, 13.8160915375, 17.0235652924, 26.7538871765, 26.1453723907, 26.5684928894, 24.5444278717, 19.9837932587, 14.6109285355, 13.1110649109, 10.5310649872, 8.53882217407, 5.99186325073, 3.40350627899, 2.14347791672, 1.19109237194, 0.372047513723, 0.10685878247, 0.0165258105844, 0.000999372103252, 5.1271988923e-05, 3.59298028343e-05],
        "median": [0.062326323241, 0.744945466518, 4.0524058342, 2.64487862587, 3.41520929337, 4.47527694702, 7.33462238312, 5.18251514435, 4.23034763336, 3.08190107346, 2.39348340034, 2.62487816811, 4.49605894089, 5.2941198349, 3.92891311646, 3.81280303001, 3.4848780632, 3.39601206779, 4.2514667511, 5.85891437531, 10.4437685013, 17.5820388794, 12.6671457291, 12.323884964, 8.12893486023, 9.74131393433, 6.17993593216, 4.76296615601, 3.65007805824, 2.53228974342, 1.73736810684, 0.81746250391, 0.386755228043, 0.155910968781, 0.0519514717162, 0.0120569849387, 0.00112035858911, 5.1265800721e-05, 1.44379355334e-05, 2.18367313209e-05],
        "min": [2.29891586804e-21, 6.46021717224e-21, 1.43409320618e-20, 6.41494203918e-20, 8.62144632317e-20, 6.00282256343e-20, 6.81631876522e-19, 1.13422199092e-18, 9.76040138986e-19, 7.01529447663e-19, 1.36630601994e-18, 9.43583639701e-19, 2.1786684156e-18, 2.46649749027e-18, 3.02883844533e-18, 4.81383878612e-18, 2.50445329306e-18, 2.76069254693e-18, 1.04404329821e-17, 5.69720936409e-18, 9.19000969269e-18, 1.61631174411e-17, 1.49783665021e-17, 9.95812795514e-18, 9.45998903692e-18, 1.48262595679e-17, 1.58515185043e-17, 1.35022229943e-17, 1.43939104597e-17, 2.35924235691e-17, 1.37584744491e-17, 1.22728804028e-17, 1.68483340082e-17, 1.49216103315e-17, 1.02976889053e-17, 7.93893623933e-18, 3.49826013423e-18, 1.24816911883e-18, 2.71918798421e-19, 3.76463596952e-20],
        "var": [0.821987092495, 22.4866638184, 35.5278091431, 12.7886972427, 455.013092041, 106.902755737, 136.773345947, 169.465072632, 511.602844238, 320.762390137, 118.645500183, 331.351318359, 7613.61767578, 1546.02148438, 112.054702759, 1521.15661621, 578.372070312, 845.468566895, 1653.34118652, 885.239929199, 829.270812988, 1153.18371582, 2045.23901367, 2027.50268555, 2081.74169922, 956.804077148, 1494.49841309, 682.204040527, 504.580718994, 349.801727295, 215.328048706, 103.391311646, 45.785533905, 11.8938951492, 0.948976516724, 0.111798770726, 0.00254837609828, 7.49156015445e-06, 1.30499904216e-08, 1.53682100379e-09]
    },
    "gfcc": {
        "mean": [-32.9124145508, 107.81653595, -123.040039062, 66.6094055176, -54.407169342, 8.85400867462, -34.8204498291, 8.35446929932, -21.2915420532, -5.94067049026, -8.84129714966, -0.770853221416, -0.985669076443],
        "cov": [[11791.0283203, -3880.87646484, -587.287536621, 1277.94348145, -1622.35864258, 1939.44311523, -203.068115234, 755.955383301, -349.92276001, 230.727966309, -417.915008545, 68.4140090942, -325.045623779], [-3880.87646484, 3030.98168945, 373.191864014, -469.270477295, 1055.31884766, -898.789672852, 301.279510498, -369.131134033, 93.3045578003, -282.509246826, 281.149810791, -182.249160767, 182.917404175], [-587.287536621, 373.191864014, 1156.60192871, 223.241729736, 232.403762817, 38.432144165, -2.10070061684, -29.2077999115, -74.4844284058, 7.49021244049, -4.56330776215, 12.47012043, -37.5443649292], [1277.94348145, -469.270477295, 223.241729736, 620.812683105, -153.44644165, 351.946685791, -25.4198493958, 108.555747986, -14.1442346573, 7.24468612671, -30.3529205322, -19.5691642761, -27.016166687], [-1622.35864258, 1055.31884766, 232.403762817, -153.44644165, 580.196044922, -330.18371582, 134.022674561, -101.909820557, 27.853975296, -60.6659240723, 112.578865051, -31.026889801, 64.700088501], [1939.44311523, -898.789672852, 38.432144165, 351.946685791, -330.18371582, 614.301452637, 1.44572460651, 184.173202515, -57.8029937744, 52.3846549988, -81.0516281128, 18.2210941315, -49.931968689], [-203.068115234, 301.279510498, -2.10070061684, -25.4198493958, 134.022674561, 1.44572460651, 185.204544067, 9.12233734131, 8.04887008667, -21.9195251465, 52.1296081543, -0.337458312511, 22.1712398529], [755.955383301, -369.131134033, -29.2077999115, 108.555747986, -101.909820557, 184.173202515, 9.12233734131, 150.616744995, 1.14061927795, 30.5775375366, -29.803483963, 22.7516956329, -18.8344917297], [-349.92276001, 93.3045578003, -74.4844284058, -14.1442346573, 27.853975296, -57.8029937744, 8.04887008667, 1.14061927795, 106.477020264, 8.71158599854, 26.2038078308, -5.44713830948, 22.8552284241], [230.727966309, -282.509246826, 7.49021244049, 7.24468612671, -60.6659240723, 52.3846549988, -21.9195251465, 30.5775375366, 8.71158599854, 102.937583923, -7.05810785294, 42.3357391357, -17.6619796753], [-417.915008545, 281.149810791, -4.56330776215, -30.3529205322, 112.578865051, -81.0516281128, 52.1296081543, -29.803483963, 26.2038078308, -7.05810785294, 109.009918213, 9.1838350296, 32.1224861145], [68.4140090942, -182.249160767, 12.47012043, -19.5691642761, -31.026889801, 18.2210941315, -0.337458312511, 22.7516956329, -5.44713830948, 42.3357391357, 9.1838350296, 85.598449707, 1.5983774662], [-325.045623779, 182.917404175, -37.5443649292, -27.016166687, 64.700088501, -49.931968689, 22.1712398529, -18.8344917297, 22.8552284241, -17.6619796753, 32.1224861145, 1.5983774662, 73.9109039307]],
        "icov": [[0.00029952431214, -0.000175767811015, 0.000264909729594, -0.000320483755786, 0.000382789236028, -0.000456558249425, 0.000137933777296, -0.000654596369714, 0.00080559955677, -0.000400220247684, 0.000186588309589, -9.5053226687e-05, 0.000494170410093], [-0.000175767811015, 0.00315250619315, -0.00106464233249, 0.000909778405912, -0.00227800174616, 0.00185117858928, -0.00224614306353, 0.00201826519333, -0.00127891357988, 0.00370131968521, -0.00239431019872, 0.00383489532396, -0.00211276882328], [0.000264909729594, -0.00106464233249, 0.00181998859625, -0.00112699449528, -0.000164969431353, -0.00115719891619, 0.00119665148668, -0.000449433369795, 0.00158361520153, -0.00161757192109, 0.00128541514277, -0.00196144590154, 0.0018090675585], [-0.000320483755786, 0.000909778405912, -0.00112699449528, 0.00341935548931, -0.000722870812751, -0.000779317226261, 4.46272279078e-05, 0.000463721633423, -0.00183353328612, 0.00190891209058, -0.00169539311901, 0.00206070276909, -0.00105710572097], [0.000382789236028, -0.00227800174616, -0.000164969431353, -0.000722870812751, 0.00647234171629, 0.00060407287674, -0.000972565729171, -0.0026121023111, 0.00192142953165, -0.00273508951068, 6.38523633825e-05, -0.000922856270336, 8.59990977915e-05], [-0.000456558249425, 0.00185117858928, -0.00115719891619, -0.000779317226261, 0.00060407287674, 0.00661911861971, -0.0033900719136, -0.00149523734581, 0.000469300168334, 0.0011681568576, -0.000856892962474, 0.00308039551601, -0.00244328635745], [0.000137933777296, -0.00224614306353, 0.00119665148668, 4.46272279078e-05, -0.000972565729171, -0.0033900719136, 0.00999482069165, -0.00238643935882, 0.000727226608433, -0.00100224348716, -0.00105118751526, -0.0033929052297, 0.00181030319072], [-0.000654596369714, 0.00201826519333, -0.000449433369795, 0.000463721633423, -0.0026121023111, -0.00149523734581, -0.00238643935882, 0.0144222555682, -0.0044948332943, 0.00210182880983, 0.000525515410118, -0.000850575976074, -0.000582787906751], [0.00080559955677, -0.00127891357988, 0.00158361520153, -0.00183353328612, 0.00192142953165, 0.000469300168334, 0.000727226608433, -0.0044948332943, 0.0147305009887, -0.00497570820153, -0.000863218156155, 0.00129230704624, -0.00128314970061], [-0.000400220247684, 0.00370131968521, -0.00161757192109, 0.00190891209058, -0.00273508951068, 0.0011681568576, -0.00100224348716, 0.00210182880983, -0.00497570820153, 0.0189170632511, -0.00342837069184, -0.00224579311907, 0.000573164143134], [0.000186588309589, -0.00239431019872, 0.00128541514277, -0.00169539311901, 6.38523633825e-05, -0.000856892962474, -0.00105118751526, 0.000525515410118, -0.000863218156155, -0.00342837069184, 0.0163433793932, -0.00585535680875, -0.000934903800953], [-9.5053226687e-05, 0.00383489532396, -0.00196144590154, 0.00206070276909, -0.000922856270336, 0.00308039551601, -0.0033929052297, -0.000850575976074, 0.00129230704624, -0.00224579311907, -0.00585535680875, 0.0218233391643, -0.00532540259883], [0.000494170410093, -0.00211276882328, 0.0018090675585, -0.00105710572097, 8.59990977915e-05, -0.00244328635745, 0.00181030319072, -0.000582787906751, -0.00128314970061, 0.000573164143134, -0.000934903800953, -0.00532540259883, 0.020102167502]]
    },
    "melbands": {
        "dmean": [0.00233368086629, 0.00166735425591, 0.000433052802691, 0.000471809617011, 0.000173647233169, 0.000127278472064, 9.90804837784e-05, 5.75004050916e-05, 2.86872327706e-05, 3.45846965502e-05, 9.94764850475e-05, 4.00420831284e-05, 1.53230466822e-05, 1.92779370991e-05, 2.2918517061e-05, 1.02031972347e-05, 1.29300915432e-05, 1.67296966538e-05, 1.15976508823e-05, 1.10661194412e-05, 1.08853309939e-05, 1.43255947478e-05, 1.38270333991e-05, 1.29460768221e-05, 1.17289837362e-05, 1.15638413263e-05, 8.1979933384e-06, 6.56230940876e-06, 5.31555861016e-06, 5.76926095164e-06, 4.69752194476e-06, 3.57781914317e-06, 4.10517259297e-06, 2.86198292088e-06, 2.48930200542e-06, 1.72770410245e-06, 1.48175399772e-06, 1.18754155665e-06, 1.01431862731e-06, 8.24982919312e-07],
        "dmean2": [0.00360799999908, 0.00295833568089, 0.000661782512907, 0.000727035047021, 0.000278714636806, 0.000204298121389, 0.000160895273439, 9.50422327151e-05, 4.53633620054e-05, 5.52208293811e-05, 0.000156027075718, 5.90786403336e-05, 2.41677462327e-05, 3.08557137032e-05, 3.78950680897e-05, 1.60984382092e-05, 2.05271044251e-05, 2.71865246759e-05, 1.82683106686e-05, 1.7834972823e-05, 1.72098461917e-05, 2.22458074859e-05, 2.12742925214e-05, 1.94826661755e-05, 1.83926695172e-05, 1.87350251508e-05, 1.31421229526e-05, 1.05149047158e-05, 8.08197273727e-06, 9.03238924366e-06, 7.28438908482e-06, 5.51772654944e-06, 6.2809344854e-06, 4.46505328e-06, 3.89935121348e-06, 2.47987577495e-06, 2.26155680139e-06, 1.76257731255e-06, 1.51108918089e-06, 1.20774450352e-06],
        "dvar": [3.64990628441e-05, 1.40714582813e-05, 5.67838640109e-07, 1.25509598092e-06, 5.84930113234e-08, 9.3351118835e-08, 1.0624889768e-07, 4.13415364164e-08, 5.22282972426e-09, 9.18528542115e-09, 9.34749451176e-08, 1.4602141718e-08, 9.16606457402e-10, 3.00461122649e-09, 5.59013946244e-09, 1.0152411134e-09, 1.53649715173e-09, 2.59074406372e-09, 1.30507071816e-09, 6.6577865443e-10, 5.77599301721e-10, 5.21804988107e-10, 6.29199858881e-10, 8.66269334043e-10, 6.41891595432e-10, 1.16294185393e-09, 2.67511374163e-10, 2.4854043823e-10, 4.05001560067e-10, 2.71813627162e-10, 1.95291810501e-10, 1.13754138054e-10, 1.28107746633e-10, 8.75029840253e-11, 8.17024572997e-11, 2.69218848603e-11, 5.33909617906e-11, 2.26699960887e-11, 1.52390843e-11, 5.75339212036e-12],
        "dvar2": [7.55516666686e-05, 3.97184885514e-05, 1.11746248876e-06, 2.53014513873e-06, 1.53471759745e-07, 2.46116115932e-07, 2.88383148472e-07, 1.16737872702e-07, 1.21073879811e-08, 2.3088869483e-08, 2.46387998004e-07, 2.92011534953e-08, 2.24773333279e-09, 7.14794934353e-09, 1.53306434214e-08, 2.43935116551e-09, 3.54023543814e-09, 6.28678442638e-09, 3.1206297546e-09, 1.64148517001e-09, 1.16209653012e-09, 1.25641230753e-09, 1.42004308312e-09, 1.66990477002e-09, 1.44576617345e-09, 3.07357517215e-09, 5.81299175462e-10, 5.63659785513e-10, 7.49109441145e-10, 5.74839620349e-10, 4.89444706986e-10, 2.67648958552e-10, 2.90455520746e-10, 2.28823474058e-10, 2.0354298802e-10, 5.68648808597e-11, 1.46342257756e-10, 5.69476028833e-11, 3.73397666953e-11, 1.3165767955e-11],
        "max": [0.0631950348616, 0.0367154218256, 0.00913545303047, 0.0141937006265, 0.003990361467, 0.00792200770229, 0.00596984196454, 0.00630502589047, 0.00154188089073, 0.00264684041031, 0.00410560052842, 0.00347391562536, 0.00066383840749, 0.00118142436258, 0.00196690461598, 0.00058641016949, 0.000743992743082, 0.00115300470497, 0.000669161789119, 0.00048517275718, 0.000504373048898, 0.000465368793812, 0.000405634229537, 0.000780797912739, 0.000523308874108, 0.000999213661999, 0.000282206805423, 0.000432034401456, 0.000757079804316, 0.000399322190788, 0.000241608533543, 0.000227315205848, 0.000271704484476, 0.000236060703173, 0.000285950198304, 0.000106433355541, 0.000222839662456, 0.000124091253383, 8.76803824212e-05, 3.87235013477e-05],
        "mean": [0.0029342288617, 0.00274500367232, 0.000830877572298, 0.000693204347044, 0.00034992073779, 0.000210191457882, 0.000136571165058, 7.23027333152e-05, 4.47818310931e-05, 5.17490625498e-05, 0.000157075759489, 6.61400554236e-05, 2.48680207733e-05, 3.13842247124e-05, 3.56495183951e-05, 1.53067430801e-05, 2.36040705204e-05, 2.71238914138e-05, 1.81535378942e-05, 1.88149333553e-05, 2.00273643713e-05, 2.75061593129e-05, 2.58325380855e-05, 2.25458879868e-05, 2.13930106838e-05, 1.95298762264e-05, 1.53997771122e-05, 1.28166102513e-05, 9.25322819967e-06, 8.70887924975e-06, 6.99510746927e-06, 5.63716821489e-06, 6.06308776696e-06, 4.18234503741e-06, 3.57879093826e-06, 2.60229694504e-06, 1.92614993466e-06, 1.53649205004e-06, 1.27913676806e-06, 9.19022909329e-07],
        "median": [0.000639221339952, 0.00176456966437, 0.000537970918231, 0.000300185143715, 0.000256371276919, 0.000131199762109, 6.18940393906e-05, 3.05667126668e-05, 1.73745174834e-05, 1.56067089847e-05, 2.24524155783e-05, 2.14262709051e-05, 1.30001462821e-05, 8.60070394992e-06, 1.03299516923e-05, 5.87548902331e-06, 5.5422810874e-06, 6.46291664452e-06, 6.4641562858e-06, 9.11319057195e-06, 1.19154692584e-05, 1.82560834219e-05, 1.44535542859e-05, 9.6106186902e-06, 1.00328998087e-05, 6.12354324403e-06, 5.37420146429e-06, 6.64038452669e-06, 4.03932608606e-06, 2.87504349217e-06, 2.42383271143e-06, 1.96989390133e-06, 1.79751759788e-06, 1.18391369597e-06, 1.03378113181e-06, 6.22102845682e-07, 4.30427462561e-07, 2.74856489568e-07, 1.87143783137e-07, 1.08085274064e-07],
        "min": [1.89093587742e-23, 8.20237926612e-24, 1.25565419976e-23, 3.66780877883e-24, 1.86484209417e-23, 2.69883515172e-23, 1.44453763495e-23, 8.32396008656e-24, 9.84602223811e-24, 6.40628103559e-24, 1.05510982266e-23, 9.25742471773e-24, 1.01044830474e-23, 1.23446389701e-23, 1.01722154336e-23, 3.89073850406e-24, 4.35758717663e-24, 1.64244942544e-23, 1.30199173156e-23, 3.91337802318e-24, 1.26596887164e-23, 1.66058470656e-23, 1.42537273258e-23, 1.1079833826e-23, 7.95871669858e-24, 6.53211026643e-24, 6.19146237819e-24, 1.14098924399e-23, 9.64053107205e-24, 9.34693203148e-24, 7.55182303253e-24, 7.64574402304e-24, 1.0103209037e-23, 1.36274616972e-23, 8.36829643601e-24, 6.42648060793e-24, 7.51433715117e-24, 1.02838163747e-23, 1.33234141939e-23, 1.28536270145e-23],
        "var": [5.34096980118e-05, 1.5320323655e-05, 1.00599208963e-06, 1.78304333076e-06, 1.1134881106e-07, 9.9024468625e-08, 1.03604499202e-07, 3.06266585426e-08, 7.96854759955e-09, 1.79799322098e-08, 1.99475962859e-07, 3.53312330503e-08, 1.55471502339e-09, 6.51184217659e-09, 9.307848714e-09, 1.42514133827e-09, 4.15674783483e-09, 5.89690518638e-09, 2.2833954727e-09, 1.26524435373e-09, 1.27474253375e-09, 1.3101569829e-09, 1.48195267169e-09, 2.14270823307e-09, 1.45297840426e-09, 1.62681002003e-09, 6.80448031254e-10, 4.12016726292e-10, 6.48453957197e-10, 3.80171560899e-10, 2.20044663046e-10, 1.5171175427e-10, 1.7349391368e-10, 9.88002596403e-11, 8.66748964268e-11, 4.09358831555e-11, 4.34195006338e-11, 2.43796250549e-11, 1.67710029891e-11, 6.87778176425e-12]
    },
    "mfcc": {
        "mean": [-659.916992188, 109.68157959, 4.18314933777, 47.6619758606, 9.84932231903, 6.04165363312, 0.8048209548, 9.96490001678, -1.34852838516, -2.36318922043, -4.81800413132, -0.00709403818473, -0.747136116028],
        "cov": [[10117.2646484, -2892.97631836, -390.139068604, -114.563591003, -761.622314453, 416.000183105, 344.975921631, 305.284912109, 223.560684204, 321.31628418, 88.8420791626, -64.7107391357, -31.1316204071], [-2892.97631836, 2127.36254883, 81.0444107056, 169.640014648, 393.269805908, -147.303543091, 88.8396987915, -14.4888315201, -80.5173034668, -129.580581665, -55.8896102905, 63.4551506042, 0.331007629633], [-390.139068604, 81.0444107056, 968.909362793, 163.458908081, 205.362106323, 148.800735474, 66.574508667, 8.93298816681, 5.1677646637, -39.5531578064, 16.454908371, 1.62063479424, -2.70271134377], [-114.563591003, 169.640014648, 163.458908081, 363.867095947, 133.963867188, 63.9371376038, 65.3081130981, 41.130279541, 8.99237537384, -2.89171409607, 2.18513202667, 35.9370384216, 22.857257843], [-761.622314453, 393.269805908, 205.362106323, 133.963867188, 264.951446533, 4.11211633682, 30.4486656189, -8.08513355255, -5.72887372971, -28.1042861938, -9.76946544647, 29.0862979889, 12.6722745895], [416.000183105, -147.303543091, 148.800735474, 63.9371376038, 4.11211633682, 187.0287323, 91.4411010742, 52.427154541, 38.2880821228, 27.3817424774, 18.4971370697, 2.40590167046, -9.57137012482], [344.975921631, 88.8396987915, 66.574508667, 65.3081130981, 30.4486656189, 91.4411010742, 206.014892578, 78.5317611694, 20.7602329254, 8.058385849, 17.0534439087, 18.7993278503, -3.73222875595], [305.284912109, -14.4888315201, 8.93298816681, 41.130279541, -8.08513355255, 52.427154541, 78.5317611694, 119.238052368, 36.122341156, 17.395816803, 16.9346523285, 4.83073329926, 2.3157043457], [223.560684204, -80.5173034668, 5.1677646637, 8.99237537384, -5.72887372971, 38.2880821228, 20.7602329254, 36.122341156, 89.659324646, 31.8499336243, 5.05529499054, 7.90077972412, -5.14182853699], [321.31628418, -129.580581665, -39.5531578064, -2.89171409607, -28.1042861938, 27.3817424774, 8.058385849, 17.395816803, 31.8499336243, 70.7153320312, 21.0575790405, -6.89878082275, 0.495480895042], [88.8420791626, -55.8896102905, 16.454908371, 2.18513202667, -9.76946544647, 18.4971370697, 17.0534439087, 16.9346523285, 5.05529499054, 21.0575790405, 63.1684417725, 14.9114170074, 10.3121709824], [-64.7107391357, 63.4551506042, 1.62063479424, 35.9370384216, 29.0862979889, 2.40590167046, 18.7993278503, 4.83073329926, 7.90077972412, -6.89878082275, 14.9114170074, 63.5453529358, 25.4025249481], [-31.1316204071, 0.331007629633, -2.70271134377, 22.857257843, 12.6722745895, -9.57137012482, -3.73222875595, 2.3157043457, -5.14182853699, 0.495480895042, 10.3121709824, 25.4025249481, 56.7270774841]],
