{
"lowlevel": {
    "average_loudness": 0.93460047245,
    "barkbands_crest": {
        "dmean": 3.03377652168,
        "dmean2": 4.97918462753,
        "dvar": 7.96647882462,
        "dvar2": 19.7998218536,
        "max": 24.512796402,
        "mean": 11.782324791,
        "median": 10.843495369,
        "min": 2.48937869072,
        "var": 29.5497303009
    },
    "barkbands_flatness_db": {
        "dmean": 0.0285558700562,
        "dmean2": 0.0428620874882,
        "dvar": 0.000900892075151,
        "dvar2": 0.00176351156551,
        "max": 0.380379170179,
        "mean": 0.165420755744,
        "median": 0.16378980875,
        "min": 0.0285840388387,
        "var": 0.00541792064905
    },
    "barkbands_kurtosis": {
        "dmean": 9.33650493622,
        "dmean2": 14.5004396439,
        "dvar": 381.781066895,
        "dvar2": 839.110656738,
        "max": 246.518325806,
        "mean": 14.3992595673,
        "median": 3.85368347168,
        "min": -1.81083142757,
        "var": 814.373474121
    },
    "barkbands_skewness": {
        "dmean": 0.900337994099,
        "dmean2": 1.36238026619,
        "dvar": 1.17493152618,
        "dvar2": 2.50652241707,
        "max": 12.2451181412,
        "mean": 2.43355488777,
        "median": 1.76389276981,
        "min": -2.03533124924,
        "var": 5.01789188385
    },
    "barkbands_spread": {
        "dmean": 6.3599486351,
        "dmean2": 9.58710479736,
        "dvar": 65.4799041748,
        "dvar2": 130.54045105,
        "max": 95.1857299805,
        "mean": 18.256187439,
        "median": 14.4257583618,
        "min": 0.637065351009,
        "var": 225.97013855
    },
    "dissonance": {
        "dmean": 0.0201646573842,
        "dmean2": 0.033111423254,
        "dvar": 0.000467375532025,
        "dvar2": 0.00121403008234,
        "max": 0.5,
        "mean": 0.460834234953,
        "median": 0.471543848515,
        "min": 0.276079088449,
        "var": 0.00116602913477
    },
    "dynamic_complexity": 3.82725048065,
    "erbbands_crest": {
        "dmean": 2.46774697304,
        "dmean2": 4.05430698395,
        "dvar": 6.20024728775,
        "dvar2": 15.9981803894,
        "max": 31.378692627,
        "mean": 8.14650154114,
        "median": 6.66971254349,
        "min": 2.07164025307,
        "var": 21.7733020782
    },
    "erbbands_flatness_db": {
        "dmean": 0.0153213478625,
        "dmean2": 0.0229452308267,
        "dvar": 0.000199515154236,
        "dvar2": 0.000443042285042,
        "max": 0.388343960047,
        "mean": 0.154340490699,
        "median": 0.13868483901,
        "min": 0.042686406523,
        "var": 0.00302566448227
    },
    "erbbands_kurtosis": {
        "dmean": 1.07700610161,
        "dmean2": 1.67610430717,
        "dvar": 2.40062308311,
        "dvar2": 5.37303113937,
        "max": 40.7121810913,
        "mean": 0.576166450977,
        "median": -0.382812261581,
        "min": -1.77244627476,
        "var": 9.87052631378
    },
    "erbbands_skewness": {
        "dmean": 0.450335204601,
        "dmean2": 0.690599560738,
        "dvar": 0.192361995578,
        "dvar2": 0.440170645714,
        "max": 4.9131269455,
        "mean": 0.340798437595,
        "median": 0.260313540697,
        "min": -3.81177783012,
        "var": 0.706556379795
    },
    "erbbands_spread": {
        "dmean": 10.7729730606,
        "dmean2": 16.2431335449,
        "dvar": 135.159957886,
        "dvar2": 291.404968262,
        "max": 145.950561523,
        "mean": 45.7625656128,
        "median": 44.5901374817,
        "min": 1.73888325691,
        "var": 610.568603516
    },
    "hfc": {
        "dmean": 8.67081546783,
        "dmean2": 12.6946411133,
        "dvar": 196.341033936,
        "dvar2": 429.779510498,
        "max": 129.804977417,
        "mean": 19.3632335663,
        "median": 12.2270317078,
        "min": 1.17080957081e-16,
        "var": 465.39553833
    },
    "melbands_crest": {
        "dmean": 3.93392133713,
        "dmean2": 6.32307052612,
        "dvar": 12.9895648956,
        "dvar2": 31.3134231567,
        "max": 36.2475128174,
        "mean": 17.1217384338,
        "median": 16.6152324677,
        "min": 2.15020918846,
        "var": 53.7856674194
    },
    "melbands_flatness_db": {
        "dmean": 0.0357821695507,
        "dmean2": 0.0528720095754,
        "dvar": 0.00135034602135,
        "dvar2": 0.00265827332623,
        "max": 0.493395358324,
        "mean": 0.238396331668,
        "median": 0.243373185396,
        "min": 0.00613279407844,
        "var": 0.00863469857723
    },
    "melbands_kurtosis": {
        "dmean": 20.4645709991,
        "dmean2": 30.9674530029,
        "dvar": 1419.49536133,
        "dvar2": 3045.45996094,
        "max": 424.16696167,
        "mean": 37.4747962952,
        "median": 11.2226572037,
        "min": -1.31640231609,
        "var": 3775.37475586
    },
    "melbands_skewness": {
        "dmean": 1.18850958347,
        "dmean2": 1.82370460033,
        "dvar": 1.98051393032,
        "dvar2": 4.32272434235,
        "max": 16.4312725067,
        "mean": 3.85567045212,
        "median": 2.94279432297,
        "min": -1.54655575752,
        "var": 8.90447902679
    },
    "melbands_spread": {
        "dmean": 7.24737167358,
        "dmean2": 10.8729429245,
        "dvar": 117.513389587,
        "dvar2": 225.726364136,
        "max": 161.83757019,
        "mean": 18.1302242279,
        "median": 11.8036108017,
        "min": 0.501280009747,
        "var": 362.373260498
    },
    "pitch_salience": {
        "dmean": 0.0872011482716,
        "dmean2": 0.143298819661,
        "dvar": 0.00692723831162,
        "dvar2": 0.0169416256249,
        "max": 0.880285859108,
        "mean": 0.535657167435,
        "median": 0.553282618523,
        "min": 0.114781953394,
        "var": 0.0239827465266
    },
    "silence_rate_20dB": {
        "dmean": 0,
        "dmean2": 0,
        "dvar": 0,
        "dvar2": 0,
        "max": 1,
        "mean": 1,
        "median": 1,
        "min": 1,
        "var": 0
    },
    "silence_rate_30dB": {
        "dmean": 0.0472136214375,
        "dmean2": 0.0944638028741,
        "dvar": 0.0449836030602,
        "dvar2": 0.111866548657,
        "max": 1,
        "mean": 0.958220481873,
        "median": 1,
        "min": 0,
        "var": 0.0400349907577
    },
    "silence_rate_60dB": {
        "dmean": 0.00657894741744,
        "dmean2": 0.0131629891694,
        "dvar": 0.00653611170128,
        "dvar2": 0.0145369665697,
        "max": 1,
        "mean": 0.153965190053,
        "median": 0,
        "min": 0,
        "var": 0.130265817046
    },
    "spectral_centroid": {
        "dmean": 345.042480469,
        "dmean2": 529.928833008,
        "dvar": 177534.71875,
        "dvar2": 345743,
        "max": 11156.3203125,
        "mean": 1199.79711914,
        "median": 1008.01800537,
        "min": 239.3409729,
        "var": 652818.125
    },
    "spectral_complexity": {
        "dmean": 5.32585144043,
        "dmean2": 7.65272951126,
        "dvar": 49.0417518616,
        "dvar2": 91.9540481567,
        "max": 63,
        "mean": 17.3733081818,
        "median": 14,
        "min": 0,
        "var": 187.464996338
    },
    "spectral_decrease": {
        "dmean": 3.81854814435e-09,
        "dmean2": 6.33737817779e-09,
        "dvar": 3.04779097296e-17,
        "dvar2": 7.54945576637e-17,
        "max": 4.59399329488e-30,
        "mean": -1.01751345127e-08,
        "median": -8.59706350553e-09,
        "min": -4.60731683916e-08,
        "var": 7.73362786062e-17
    },
    "spectral_energy": {
        "dmean": 0.0148962009698,
        "dmean2": 0.024623060599,
        "dvar": 0.000456287205452,
        "dvar2": 0.00112855061889,
        "max": 0.176103278995,
        "mean": 0.0401596315205,
        "median": 0.0347840934992,
        "min": 1.06022485609e-20,
        "var": 0.00115813093726
    },
    "spectral_energyband_high": {
        "dmean": 0.000781676266342,
        "dmean2": 0.0010800359305,
        "dvar": 1.82356779987e-06,
        "dvar2": 3.33337902703e-06,
        "max": 0.0140905082226,
        "mean": 0.00121822964866,
        "median": 0.000292473327136,
        "min": 7.57150968751e-21,
        "var": 4.37507515016e-06
    },
    "spectral_energyband_low": {
        "dmean": 0.0115935727954,
        "dmean2": 0.0191370397806,
        "dvar": 0.000315526645863,
        "dvar2": 0.000787865137681,
        "max": 0.158752456307,
        "mean": 0.0252536293119,
        "median": 0.0161468442529,
        "min": 8.78535394374e-23,
        "var": 0.000810694822576
    },
    "spectral_energyband_middle_high": {
        "dmean": 0.00176020467188,
        "dmean2": 0.00280554313213,
        "dvar": 1.03389884316e-05,
        "dvar2": 2.52452846325e-05,
        "max": 0.0329168178141,
        "mean": 0.00378167023882,
        "median": 0.00189446797594,
        "min": 1.48272740743e-21,
        "var": 2.25825624511e-05
    },
    "spectral_energyband_middle_low": {
        "dmean": 0.00717555684969,
        "dmean2": 0.0125752091408,
        "dvar": 0.000154175126227,
        "dvar2": 0.000432139961049,
        "max": 0.0826954320073,
        "mean": 0.0119479568675,
        "median": 0.00811688322574,
        "min": 2.29384873046e-22,
        "var": 0.000165074714459
    },
    "spectral_entropy": {
        "dmean": 0.184317663312,
        "dmean2": 0.284377425909,
        "dvar": 0.0345813483,
        "dvar2": 0.0768926441669,
        "max": 9.80694770813,
        "mean": 7.57542705536,
        "median": 7.66624259949,
        "min": 5.65902471542,
        "var": 0.254754334688
    },
    "spectral_flux": {
        "dmean": 0.0321178734303,
        "dmean2": 0.0514874607325,
        "dvar": 0.00172030762769,
        "dvar2": 0.00376213621348,
        "max": 0.342410087585,
        "mean": 0.0982089340687,
        "median": 0.0888175591826,
        "min": 6.54163251346e-11,
        "var": 0.00428168382496
    },
    "spectral_kurtosis": {
        "dmean": 1.97672975063,
        "dmean2": 3.33746767044,
        "dvar": 9.73401260376,
        "dvar2": 30.7879257202,
        "max": 46.9238548279,
        "mean": 4.67118835449,
        "median": 2.71788692474,
        "min": -1.25824022293,
        "var": 32.4803924561
    },
    "spectral_rms": {
        "dmean": 0.00105466833338,
        "dmean2": 0.00171653309371,
        "dvar": 1.75102650246e-06,
        "dvar2": 4.11760129282e-06,
        "max": 0.013107557781,
        "mean": 0.00555021362379,
        "median": 0.00582543574274,
        "min": 3.21615564042e-12,
        "var": 8.37524203234e-06
    },
    "spectral_rolloff": {
        "dmean": 506.189056396,
        "dmean2": 809.968322754,
        "dvar": 857322.625,
        "dvar2": 1716400,
        "max": 18906.1523438,
        "mean": 1140.8717041,
        "median": 624.462890625,
        "min": 43.06640625,
        "var": 2331135
    },
    "spectral_skewness": {
        "dmean": 0.287593960762,
        "dmean2": 0.450007230043,
        "dvar": 0.0830087065697,
        "dvar2": 0.224162399769,
        "max": 4.7236199379,
        "mean": 1.45646548271,
        "median": 1.28763663769,
        "min": -0.0168600250036,
        "var": 0.527667820454
    },
    "spectral_spread": {
        "dmean": 458360.65625,
        "dmean2": 684719.6875,
        "dvar": 613563957248,
        "dvar2": 1.04594302566e+12,
        "max": 41179700,
        "mean": 4401151.5,
        "median": 4406278.5,
        "min": 1285534.125,
        "var": 3.99183105229e+12
    },
    "spectral_strongpeak": {
        "dmean": 0.266966819763,
        "dmean2": 0.460820019245,
        "dvar": 0.197609841824,
        "dvar2": 0.519407212734,
        "max": 5.1266746521,
        "mean": 0.513781666756,
        "median": 0.403678834438,
        "min": 0,
        "var": 0.252415508032
    },
    "zerocrossingrate": {
        "dmean": 0.0108217410743,
        "dmean2": 0.0122939879075,
        "dvar": 0.00023018293723,
        "dvar2": 0.000315086595947,
        "max": 0.53125,
        "mean": 0.0473466590047,
        "median": 0.03564453125,
        "min": 0.0029296875,
        "var": 0.00150237360504
    },
    "barkbands": {
        "dmean": [0.00108375505079, 0.00892046000808, 0.00356476916932, 0.00389172974974, 0.00257687829435, 0.00128545227926, 0.000856355996802, 0.000641266291495, 0.000722727563698, 0.000449987303, 0.000359135709004, 0.000350213143975, 0.000239396074903, 0.000209573627217, 0.000244028502493, 0.000252003083006, 0.000208107914659, 0.000146162856254, 0.000192245875951, 0.000250534154475, 0.000249470962444, 0.000203311879886, 0.000134345900733, 8.55490288814e-05, 4.22277917096e-05, 1.23111849462e-05, 8.05550882887e-07],
        "dmean2": [0.00175507972017, 0.0145891271532, 0.00630600936711, 0.00719954911619, 0.00446957349777, 0.00208238046616, 0.00143528101034, 0.00101063889451, 0.00110190897249, 0.000723388977349, 0.000589561124798, 0.000575920217671, 0.000387495354516, 0.000342223298503, 0.000401447265176, 0.000403366080718, 0.000336502940627, 0.00025185776758, 0.000322415755363, 0.000402349571232, 0.000366919353837, 0.00028617065982, 0.000194969237782, 0.000123994803289, 6.1799051764e-05, 1.67256293935e-05, 1.1980656609e-06],
        "dvar": [8.92532443686e-06, 0.000219616500544, 6.01935389568e-05, 6.72911846777e-05, 2.21519767365e-05, 3.99502050641e-06, 3.42806583831e-06, 1.76731452939e-06, 2.88511250801e-06, 1.39563712764e-06, 6.66013136197e-07, 6.91632976668e-07, 2.55344843936e-07, 1.51034896589e-07, 2.50725122442e-07, 2.95754944091e-07, 1.33616651965e-07, 1.05392786054e-07, 2.26571444273e-07, 2.24625026135e-07, 1.97542703972e-07, 1.344818088e-07, 7.29255447141e-08, 3.74015769466e-08, 2.05617247673e-08, 1.99373451082e-09, 1.20617691182e-11],
        "dvar2": [2.19885860133e-05, 0.000598182843532, 0.000165720863151, 0.000199647867703, 6.2051207351e-05, 9.87609837466e-06, 8.4385237642e-06, 4.18388663093e-06, 6.82544487063e-06, 3.08145149575e-06, 1.60401884841e-06, 1.74243564288e-06, 6.06037247053e-07, 3.83737386755e-07, 6.37791572444e-07, 6.78337698901e-07, 3.14548174174e-07, 2.8432660315e-07, 6.09059725321e-07, 5.24902247889e-07, 3.93552056721e-07, 2.80593695834e-07, 1.55044006078e-07, 7.72364714408e-08, 4.49915091849e-08, 3.56136919955e-09, 2.82885086883e-11],
        "max": [0.0811245664954, 0.12340233475, 0.0740146040916, 0.0645554065704, 0.04133522138, 0.0261640436947, 0.0228002592921, 0.0185615681112, 0.0207928922027, 0.0190436411649, 0.0152640156448, 0.0113526489586, 0.00635210610926, 0.00483942497522, 0.00757292285562, 0.00905270781368, 0.00801571737975, 0.00343202007934, 0.00516440300271, 0.00353511911817, 0.0047073806636, 0.00376674113795, 0.00439179129899, 0.00322348927148, 0.00310903042555, 0.00182465498801, 7.49484315747e-05],
        "mean": [0.00164437538479, 0.0173077788204, 0.00444055395201, 0.00353735964745, 0.00342679093592, 0.00178765237797, 0.000973698159214, 0.000864194124006, 0.00102567544673, 0.000601149455179, 0.000491605955176, 0.000518825487234, 0.000366522406694, 0.000295145931887, 0.000354394840542, 0.000408753287047, 0.000329982140101, 0.000205220610951, 0.000223450158956, 0.000321364437696, 0.00034823291935, 0.000280296255369, 0.000198314664885, 0.000125330785522, 6.33167655906e-05, 1.87201076187e-05, 9.01469263681e-07],
        "median": [0.0005639566225, 0.00578144006431, 0.00152723747306, 0.00118119607214, 0.00170067930594, 0.000846137467306, 0.000295424484648, 0.000284392328467, 0.000233927450608, 0.000154642562848, 0.000132186993142, 0.000143195720739, 8.98413127288e-05, 0.000100429017039, 0.000119756230561, 0.000116497758427, 0.000103710379335, 6.89674707246e-05, 6.74427064951e-05, 7.27632068447e-05, 9.00475861272e-05, 6.19503334747e-05, 4.06010040024e-05, 2.59453663602e-05, 8.30905355542e-06, 3.42226053363e-06, 2.88040880037e-08],
        "min": [5.86789175082e-24, 2.8820462037e-23, 2.54093959283e-23, 1.00619200572e-23, 1.39944303239e-23, 3.90843123421e-23, 2.88089509786e-23, 2.69414174488e-23, 2.90555425867e-23, 2.59396429853e-23, 5.26330993635e-23, 5.49673734919e-23, 3.22555000508e-23, 7.86859722877e-23, 7.94963785619e-23, 1.01243399385e-22, 1.74844809729e-22, 1.73404564286e-22, 2.35774924057e-22, 2.0266604059e-22, 3.51445838404e-22, 4.06904754281e-22, 5.26744110625e-22, 6.72226621316e-22, 1.12137650528e-21, 1.44413113177e-21, 2.28394280844e-21],
        "var": [1.26943787109e-05, 0.000480491144117, 5.98499682383e-05, 4.89040612592e-05, 2.29503548326e-05, 6.26509608992e-06, 3.80288088309e-06, 2.5996698696e-06, 5.08789571541e-06, 2.43476210926e-06, 1.07507821667e-06, 1.01432863175e-06, 4.95325423344e-07, 2.40428676079e-07, 3.62193532055e-07, 6.9444303108e-07, 2.96472222772e-07, 1.33733053076e-07, 2.12453812765e-07, 3.40661301834e-07, 3.69303990055e-07, 2.4682603339e-07, 1.39271364219e-07, 8.04450621672e-08, 4.90423879285e-08, 4.69095562394e-09, 1.47536566297e-11]
    },
    "erbbands": {
        "dmean": [0.38927462697, 1.63157653809, 3.42784500122, 9.45841693878, 10.2870531082, 8.97963237762, 6.84582614899, 13.170003891, 12.7192564011, 12.3749675751, 14.6788043976, 16.188747406, 15.7725334167, 10.8288621902, 13.9326686859, 14.3544578552, 11.6272468567, 10.0259113312, 11.1359548569, 13.7807722092, 11.5094432831, 11.7472581863, 8.68706893921, 7.42950820923, 10.5550928116, 13.7051744461, 9.49762630463, 9.85592651367, 7.40971851349, 5.63144016266, 3.65378522873, 2.25119876862, 1.13033258915, 0.663410127163, 0.212402299047, 0.0664598941803, 0.0196880158037, 0.00398066779599, 9.09344962565e-05, 1.91634699149e-05],
        "dmean2": [0.620671749115, 2.66540122032, 5.89528465271, 17.3660087585, 18.59258461, 15.7071056366, 11.6054162979, 21.8246936798, 20.9479808807, 20.9003353119, 22.426864624, 24.1095237732, 23.9323368073, 18.0846195221, 22.4701690674, 23.6643600464, 18.9409866333, 15.9862184525, 18.461730957, 22.7220115662, 17.794090271, 18.8878898621, 14.9091959, 12.2001438141, 18.0729618073, 22.2057323456, 14.2536220551, 14.3181676865, 10.6638822556, 7.94101142883, 5.22984647751, 3.34635806084, 1.6260215044, 0.995977759361, 0.305963248014, 0.0908500030637, 0.0272194668651, 0.00556388357654, 0.000126381157315, 3.03155247821e-05],
        "dvar": [0.411779969931, 7.94887399673, 49.5485038757, 436.549530029, 367.178924561, 271.292236328, 120.671463013, 525.867675781, 858.787841797, 505.00692749, 1249.05712891, 1598.76269531, 1974.20727539, 556.529724121, 1122.68579102, 1126.9979248, 591.170959473, 352.415130615, 520.49987793, 866.292175293, 504.83984375, 443.447753906, 380.050994873, 227.678527832, 724.328918457, 754.897338867, 309.535949707, 332.5, 179.669067383, 107.130973816, 53.4766235352, 22.6821403503, 8.98805332184, 5.31511926651, 0.5384593606, 0.0744017139077, 0.00439730286598, 0.000194242718862, 9.57523766942e-08, 6.87134793509e-10],
        "dvar2": [1.03968191147, 22.0682086945, 132.126358032, 1270.20556641, 1033.87329102, 759.269470215, 318.901641846, 1339.34082031, 2035.50915527, 1366.74169922, 2802.00415039, 3631.30273438, 4434.09765625, 1424.68469238, 2621.71459961, 2868.05834961, 1424.33374023, 870.363342285, 1374.84436035, 2204.86108398, 1029.55371094, 1051.22888184, 1041.06762695, 549.959472656, 2016.22802734, 1749.94519043, 650.88269043, 677.254333496, 379.464904785, 203.771240234, 114.167686462, 48.6197776794, 18.734380722, 12.7374248505, 1.03588283062, 0.12896040082, 0.0085414191708, 0.000424853962613, 2.09171275856e-07, 1.60796942428e-09],
        "max": [6.22569990158, 27.566324234, 63.049156189, 179.238342285, 130.191574097, 161.572113037, 106.774520874, 247.822265625, 356.241729736, 293.176574707, 512.195617676, 616.460571289, 1024.73254395, 384.354675293, 735.872070312, 448.455810547, 311.572631836, 252.600341797, 224.229034424, 478.639587402, 394.529418945, 439.704467773, 206.504669189, 184.228759766, 267.643737793, 210.670501709, 199.778808594, 179.980178833, 145.388519287, 147.933044434, 95.940071106, 69.0316619873, 59.791015625, 41.5765953064, 21.660276413, 12.72676754, 2.10771965981, 0.249746382236, 0.00591009669006, 0.00029618688859],
        "mean": [0.743249297142, 2.92891097069, 4.9445271492, 9.5731716156, 10.8932275772, 12.4486055374, 10.3833017349, 15.9329080582, 15.3346529007, 16.13854599, 20.8514709473, 23.855348587, 22.4138793945, 15.1041030884, 19.675195694, 21.306892395, 19.2779712677, 15.6475763321, 16.4261665344, 21.4263420105, 20.3517780304, 18.957151413, 12.6029720306, 10.334192276, 12.2326507568, 16.9370880127, 13.1964550018, 13.7529678345, 10.2513952255, 8.35970401764, 5.14940309525, 3.08090233803, 1.76678586006, 0.943409979343, 0.33097910881, 0.101308144629, 0.0295152403414, 0.0055837361142, 0.00014152872609, 5.12879923917e-05],
        "median": [0.190709218383, 0.929741859436, 1.69272768497, 3.88143610954, 4.98409748077, 5.29212331772, 6.08656978607, 6.26497125626, 4.92966604233, 6.39637136459, 6.55464839935, 5.42604875565, 5.83810043335, 5.19219017029, 4.841817379, 6.06097126007, 5.43357610703, 5.72478628159, 6.12441253662, 6.53632640839, 6.50847816467, 5.87017965317, 4.37671422958, 3.53109407425, 3.48408079147, 3.49275755882, 3.36820673943, 3.32001638412, 2.30350327492, 1.77820563316, 1.04800748825, 0.59614521265, 0.346708059311, 0.122141778469, 0.0440911911428, 0.0178250037134, 0.00526353344321, 0.000773137318902, 3.9673581341e-05, 4.46166413894e-05],
        "min": [5.35969719004e-22, 5.71494359621e-21, 2.18794490367e-20, 3.66864392125e-20, 4.67658773146e-20, 4.7042801874e-20, 1.42553657204e-19, 3.76461037862e-19, 3.87837821513e-19, 2.82658653001e-19, 7.63762277651e-19, 5.37204590607e-19, 6.1469786892e-19, 1.68401482289e-18, 2.73106562572e-18, 2.49717451726e-18, 1.3630098086e-18, 3.30467567586e-18, 4.36016702967e-18, 5.9400327824e-18, 4.51388448444e-18, 1.03224331862e-17, 9.29518984348e-18, 1.1526024818e-17, 1.04031155559e-17, 8.82479621736e-18, 1.47515204909e-17, 1.58235945412e-17, 1.47211116772e-17, 1.47791367428e-17, 1.61147472276e-17, 1.59458237116e-17, 1.06838540384e-17, 1.06567605646e-17, 9.11490831051e-18, 5.77131233927e-18, 2.37433199244e-18, 1.30941398497e-18, 2.94149277384e-19, 3.4117940013e-20],
        "var": [0.983227849007, 15.0796375275, 63.1307182312, 327.533782959, 304.515930176, 320.733581543, 151.283721924, 676.337219238, 989.801147461, 643.51373291, 1913.32897949, 3182.35717773, 3536.91137695, 796.633605957, 2060.25927734, 1605.64880371, 1143.04870605, 615.22857666, 733.647949219, 1426.03625488, 1375.98620605, 984.049316406, 486.461883545, 308.544708252, 663.651733398, 1064.29589844, 559.049987793, 601.329956055, 322.231079102, 215.379974365, 101.676307678, 40.734577179, 21.6505355835, 10.3258934021, 1.49931609631, 0.186049982905, 0.00913168862462, 0.000314452830935, 1.57645942522e-07, 1.92200788618e-09]
    },
    "gfcc": {
        "mean": [-25.0161399841, 109.797302246, -111.05027771, 45.4375038147, -57.0730361938, 15.3430728912, -30.2003574371, 2.41580557823, -15.7052574158, 1.1382008791, -13.4598846436, 1.15218806267, -7.30515003204],
        "cov": [[12751.3076172, -2808.5234375, 288.968597412, 1562.74304199, -394.677978516, 820.369506836, -367.44039917, 161.798477173, -353.621673584, 370.259735107, -534.681945801, 278.344512939, -266.955383301], [-2808.5234375, 1562.65270996, -276.36340332, -574.37677002, 226.62802124, -232.739501953, 190.557556152, -40.6747131348, 196.510925293, -160.677154541, 165.46925354, -133.15171814, 93.1363830566], [288.968597412, -276.36340332, 971.524841309, 554.395019531, 179.114273071, 220.668060303, 142.883514404, 90.1778640747, 54.6832618713, 48.0587615967, -32.4958992004, 40.4811477661, -5.81757450104], [1562.74304199, -574.37677002, 554.395019531, 834.569641113, 150.692474365, 184.781021118, 69.8354034424, -14.2188434601, 15.9911870956, 42.6144485474, -55.2843513489, 72.1854476929, -24.8707427979], [-394.677978516, 226.62802124, 179.114273071, 150.692474365, 331.70690918, 67.7686462402, 104.903068542, 44.779258728, 95.3244781494, -13.7175149918, 24.9076328278, -2.94028258324, 40.0482749939], [820.369506836, -232.739501953, 220.668060303, 184.781021118, 67.7686462402, 235.946472168, 78.848274231, 67.2175674438, 4.4252538681, 44.9209442139, -24.4214992523, 21.5808181763, -5.97980642319], [-367.44039917, 190.557556152, 142.883514404, 69.8354034424, 104.903068542, 78.848274231, 217.840454102, 22.7057418823, 62.42395401, -22.9588775635, 47.1491165161, -6.86224269867, 13.244849205], [161.798477173, -40.6747131348, 90.1778640747, -14.2188434601, 44.779258728, 67.2175674438, 22.7057418823, 126.680015564, 47.5158996582, 34.6274757385, -12.1285381317, 3.96360611916, 17.3657150269], [-353.621673584, 196.510925293, 54.6832618713, 15.9911870956, 95.3244781494, 4.4252538681, 62.42395401, 47.5158996582, 146.239303589, 13.4505825043, 32.4637298584, -17.5729904175, 31.0285778046], [370.259735107, -160.677154541, 48.0587615967, 42.6144485474, -13.7175149918, 44.9209442139, -22.9588775635, 34.6274757385, 13.4505825043, 79.2354888916, 2.78874826431, 17.9766616821, -6.09514760971], [-534.681945801, 165.46925354, -32.4958992004, -55.2843513489, 24.9076328278, -24.4214992523, 47.1491165161, -12.1285381317, 32.4637298584, 2.78874826431, 91.4881515503, 11.2488336563, 23.6521472931], [278.344512939, -133.15171814, 40.4811477661, 72.1854476929, -2.94028258324, 21.5808181763, -6.86224269867, 3.96360611916, -17.5729904175, 17.9766616821, 11.2488336563, 69.837677002, 14.5379896164], [-266.955383301, 93.1363830566, -5.81757450104, -24.8707427979, 40.0482749939, -5.97980642319, 13.244849205, 17.3657150269, 31.0285778046, -6.09514760971, 23.6521472931, 14.5379896164, 63.5652770996]],
        "icov": [[0.000334304117132, -0.000340308819432, 0.000572833232582, -0.000929603236727, 0.000582507927902, -0.0010157317156, 0.000372875103494, -0.000609344686382, 0.000361869111657, -0.000882440712303, 0.00135247071739, -0.000983570469543, 0.0006779821706], [-0.000340308819432, 0.00343920709565, -0.00102931563742, 0.00305861234665, -0.00238789431751, 0.00229227007367, -0.00161749811377, 0.00226050778292, -0.00279680849053, 0.004070145078, -0.0034508893732, 0.00340362056158, -0.00166515272576], [0.000572833232582, -0.00102931563742, 0.00309241469949, -0.00315284286626, 0.00109341647476, -0.00218188180588, 0.000105034690932, -0.00263080908917, 0.00123355863616, -0.00213509402238, 0.00260245194659, -0.00174800667446, 0.00139057263732], [-0.000929603236727, 0.00305861234665, -0.00315284286626, 0.00698078610003, -0.00369537482038, 0.00267649954185, -0.00192181882448, 0.00571502931416, -0.00384054612368, 0.00378852523863, -0.00293817510828, 0.00150428002235, -0.00153645256069], [0.000582507927902, -0.00238789431751, 0.00109341647476, -0.00369537482038, 0.0069305007346, -0.00327649828978, 0.000933362636715, -0.00294360122643, 4.59825532744e-05, -0.00122882321011, 0.00255072163418, -0.00219757435843, -5.24266506545e-05], [-0.0010157317156, 0.00229227007367, -0.00218188180588, 0.00267649954185, -0.00327649828978, 0.0124572189525, -0.00559187494218, -0.000659589015413, 0.000987629522569, -0.000853363890201, -0.00230576773174, 0.00383549788967, -0.00277853081934], [0.000372875103494, -0.00161749811377, 0.000105034690932, -0.00192181882448, 0.000933362636715, -0.00559187494218, 0.0102967144921, -0.00177541642915, -0.00136311620008, 0.00389738194644, -0.00359082268551, -0.00116991798859, 0.00306185358204], [-0.000609344686382, 0.00226050778292, -0.00263080908917, 0.00571502931416, -0.00294360122643, -0.000659589015413, -0.00177541642915, 0.0172518771142, -0.00632739625871, -0.00174143828917, 0.00205187569372, 0.000731550564524, -0.00443569431081], [0.000361869111657, -0.00279680849053, 0.00123355863616, -0.00384054612368, 4.59825532744e-05, 0.000987629522569, -0.00136311620008, -0.00632739625871, 0.0155537333339, -0.00774667598307, 0.000517004053108, 0.00282361917198, -0.00286886794493], [-0.000882440712303, 0.004070145078, -0.00213509402238, 0.00378852523863, -0.00122882321011, -0.000853363890201, 0.00389738194644, -0.00174143828917, -0.00774667598307, 0.0280058030039, -0.012083155103, 0.00154260650743, 0.00258499407209], [0.00135247071739, -0.0034508893732, 0.00260245194659, -0.00293817510828, 0.00255072163418, -0.00230576773174, -0.00359082268551, 0.00205187569372, 0.000517004053108, -0.012083155103, 0.026746686548, -0.0110224084929, -0.000653781462461], [-0.000983570469543, 0.00340362056158, -0.00174800667446, 0.00150428002235, -0.00219757435843, 0.00383549788967, -0.00116991798859, 0.000731550564524, 0.00282361917198, 0.00154260650743, -0.0110224084929, 0.0269637349993, -0.0101957581937], [0.0006779821706, -0.00166515272576, 0.00139057263732, -0.00153645256069, -5.24266506545e-05, -0.00277853081934, 0.00306185358204, -0.00443569431081, -0.00286886794493, 0.00258499407209, -0.000653781462461, -0.0101957581937, 0.0251139625907]]
    },
    "melbands": {
        "dmean": [0.00287119485438, 0.00164750241674, 0.00163494504523, 0.000679312506691, 0.000255204417044, 0.000279343425063, 0.000187662284588, 0.000132488203235, 0.000130602245918, 9.90209155134e-05, 7.82736897236e-05, 4.37384696852e-05, 4.69396836706e-05, 3.34055330313e-05, 4.13503803429e-05, 2.28623084695e-05, 1.99309670279e-05, 1.867850915e-05, 1.91551334865e-05, 2.07934772334e-05, 1.3258175386e-05, 1.33259036375e-05, 1.01085161077e-05, 6.72771784593e-06, 6.03605030847e-06, 8.505419828e-06, 7.92892933532e-06, 9.35594835028e-06, 5.42996122022e-06, 6.61158219373e-06, 5.50237609787e-06, 4.25938014814e-06, 3.80930327992e-06, 3.07375489683e-06, 2.37096173805e-06, 1.61137768373e-06, 1.26167287817e-06, 8.36736489873e-07, 7.0609615932e-07, 5.38977701581e-07],
        "dmean2": [0.0046572634019, 0.00274750124663, 0.00300723849796, 0.00119716837071, 0.000435040157754, 0.000458960334072, 0.000309637980536, 0.000222351489356, 0.000199135611183, 0.000147448983626, 0.00011974645895, 7.37768932595e-05, 7.67574965721e-05, 5.43041169294e-05, 6.8549918069e-05, 3.611077409e-05, 3.19671344187e-05, 3.1571740692e-05, 3.14863973472e-05, 3.43742030964e-05, 2.05154701689e-05, 2.14980937017e-05, 1.6961914298e-05, 1.17049785331e-05, 9.93362118606e-06, 1.46774054883e-05, 1.31675642479e-05, 1.51765816554e-05, 8.42129884404e-06, 9.7891461337e-06, 8.22484707896e-06, 6.36058484815e-06, 5.3954604482e-06, 4.56861789644e-06, 3.47836612491e-06, 2.41966449721e-06, 1.90577191006e-06, 1.20972310924e-06, 1.06604056782e-06, 8.42337101403e-07],
        "dvar": [2.21997088374e-05, 9.00949089555e-06, 1.23768822959e-05, 1.44266903135e-06, 1.82013678796e-07, 2.16765357663e-07, 1.72311388269e-07, 5.37705382442e-08, 1.00816649251e-07, 6.01155747404e-08, 4.91127423174e-08, 1.02777448774e-08, 1.19256053921e-08, 6.6822560818e-09, 1.01809725095e-08, 2.53688936525e-09, 1.54306567524e-09, 1.50598689075e-09, 1.52008405863e-09, 2.12262163402e-09, 6.84776346738e-10, 5.76722003487e-10, 4.25886520494e-10, 2.31127436634e-10, 1.43840772626e-10, 5.70494929075e-10, 2.27500782102e-10, 3.74712622042e-10, 1.14224851799e-10, 1.48763543151e-10, 1.09339683141e-10, 6.23090884444e-11, 5.54198804903e-11, 3.59113051795e-11, 2.37256377739e-11, 1.19101039794e-11, 7.33590445334e-12, 4.65926212542e-12, 4.97753878045e-12, 4.43592905464e-12],
        "dvar2": [5.89221162954e-05, 2.20254605665e-05, 3.58658471669e-05, 4.06116805607e-06, 4.87159525164e-07, 5.44328486285e-07, 4.13913397779e-07, 1.43600502156e-07, 2.25531564979e-07, 1.34256737283e-07, 1.09243195823e-07, 2.64548187801e-08, 2.91811161901e-08, 1.7128098051e-08, 2.60074273228e-08, 5.85193715708e-09, 3.83344378463e-09, 4.03749478295e-09, 3.88725274192e-09, 5.28487298368e-09, 1.43837708411e-09, 1.40884948152e-09, 1.13978948502e-09, 6.3675137385e-10, 3.44271888775e-10, 1.58041957299e-09, 5.98035121424e-10, 8.68990823744e-10, 2.64679167472e-10, 2.89873930415e-10, 2.35199637544e-10, 1.4203924148e-10, 1.13453524353e-10, 7.44444367262e-11, 5.2889269353e-11, 2.64609133216e-11, 1.55501063415e-11, 9.96059658365e-12, 1.13883295155e-11, 1.10119960026e-11],
        "max": [0.0468138158321, 0.0304083824158, 0.0280650462955, 0.0106876688078, 0.00375448097475, 0.00526661332697, 0.00525735178962, 0.00296919094399, 0.00423083920032, 0.00407426757738, 0.0049807978794, 0.00170867925044, 0.00205323495902, 0.00134397333022, 0.00167169666383, 0.000773306237534, 0.000580531544983, 0.000417643517721, 0.000607945374213, 0.000824744463898, 0.000473666470498, 0.000492301362101, 0.000239094384597, 0.000171449413756, 0.000158085778821, 0.000223659226322, 0.000203635951038, 0.000153777029482, 0.000109534776129, 0.000126685932628, 0.000105954473838, 8.83045140654e-05, 8.85823028511e-05, 0.000116803552373, 6.12837611698e-05, 5.33361271664e-05, 3.75751587853e-05, 4.47716993222e-05, 4.20091273554e-05, 3.702057802e-05],
        "mean": [0.00558988377452, 0.0029720661696, 0.00169117096812, 0.000860518892296, 0.000394129514461, 0.000354279705789, 0.000227676224313, 0.000173301101313, 0.000180144139449, 0.000146423859405, 0.000107792475319, 5.76216662012e-05, 6.36854456388e-05, 5.06648466398e-05, 5.96536083322e-05, 3.55998381565e-05, 2.82756736851e-05, 2.51381807175e-05, 2.70333603112e-05, 3.15341749229e-05, 2.15554719034e-05, 2.03693962249e-05, 1.42936651173e-05, 9.15386408451e-06, 8.10944038676e-06, 9.00011400518e-06, 9.55703671934e-06, 1.13658497867e-05, 7.26462030798e-06, 8.98481357581e-06, 7.48678667151e-06, 5.7253232626e-06, 5.22234631717e-06, 4.46146486865e-06, 3.16397108691e-06, 2.1935895802e-06, 1.70001192146e-06, 1.27039083964e-06, 1.02339822661e-06, 7.28127020011e-07],
        "median": [0.00193587772083, 0.00119820097461, 0.000729180057533, 0.000415214162786, 0.000235105399042, 0.000151758213178, 7.28036247892e-05, 6.69595610816e-05, 4.70598970423e-05, 3.10716786771e-05, 2.68889289146e-05, 1.89901675185e-05, 1.63191762113e-05, 1.379306741e-05, 1.69802569872e-05, 7.87051794759e-06, 9.59477074503e-06, 8.2028000179e-06, 8.64693447511e-06, 8.73853605299e-06, 6.65941524858e-06, 6.43357770969e-06, 4.27042368756e-06, 3.06381457449e-06, 2.70097211796e-06, 2.43665454036e-06, 2.43327190219e-06, 2.12126678889e-06, 1.91271351468e-06, 2.19477647079e-06, 1.75724528617e-06, 1.30357614125e-06, 1.04465777895e-06, 9.79267383627e-07, 6.32129513178e-07, 4.31751232099e-07, 3.40995995884e-07, 2.50623116926e-07, 1.37801379196e-07, 7.85148088767e-08],
        "min": [5.67472850855e-24, 1.00973738329e-23, 1.20319179412e-23, 2.25321235953e-24, 5.31131725003e-24, 8.28370214798e-24, 6.22582555365e-24, 2.9610341756e-24, 6.18238613904e-24, 3.3146247075e-24, 2.66834725546e-24, 6.28848438092e-24, 9.51252340182e-24, 5.12442505753e-24, 4.55325702442e-24, 4.21231370777e-24, 5.91262726389e-24, 7.05015561732e-24, 5.75762516792e-24, 8.09899825563e-24, 5.19022788994e-24, 1.06817122932e-23, 7.91702934404e-24, 7.83135352771e-24, 9.36597750032e-24, 8.27667418618e-24, 5.64780350257e-24, 6.00278736004e-24, 7.80908635094e-24, 1.00858170206e-23, 8.33412455932e-24, 8.02618008319e-24, 8.20492492026e-24, 7.64057382867e-24, 8.85582983038e-24, 1.03369753445e-23, 8.91549453609e-24, 6.25252928415e-24, 7.15882672904e-24, 8.96421616331e-24],
        "var": [5.11783873662e-05, 1.62080341397e-05, 9.34749368753e-06, 1.50894027229e-06, 2.13304659269e-07, 2.98086092698e-07, 2.00424281616e-07, 7.37854435329e-08, 1.547397801e-07, 1.29127869286e-07, 8.73308607652e-08, 1.35933140299e-08, 1.89507023407e-08, 1.02263975066e-08, 1.39235289964e-08, 5.21590193259e-09, 2.3882775757e-09, 1.93805083093e-09, 2.17098827804e-09, 4.50004833397e-09, 1.59499946584e-09, 1.19805165788e-09, 6.08027461713e-10, 2.7980509576e-10, 1.92003232757e-10, 4.56957582884e-10, 3.00840463652e-10, 5.10333109105e-10, 1.81884840522e-10, 2.6872246095e-10, 1.81803141985e-10, 1.0003629175e-10, 9.84538353621e-11, 6.36603408877e-11, 4.0941996321e-11, 2.05308946927e-11, 1.31263428946e-11, 1.04996176684e-11, 1.04992707237e-11, 7.46080627834e-12]
    },
    "mfcc": {
        "mean": [-662.791625977, 128.171020508, 9.12492275238, 31.5155162811, 2.29148697853, 14.5649871826, -2.8671734333, 5.89431142807, 1.02565813065, 2.20282864571, -2.61584448814, 2.77056384087, 0.590145885944],
        "cov": [[10647.2851562, -2942.01147461, 353.132446289, 635.6015625, 27.8492584229, 707.22442627, -90.9469833374, 83.7852249146, 78.3648376465, 21.3742675781, -186.573104858, -29.7047252655, -25.123758316], [-2942.01147461, 1636.81188965, -359.239929199, -379.319488525, -15.4128141403, -267.989440918, 20.2351818085, 1.48203635216, 34.6055526733, 11.866153717, 98.2096786499, 20.6735992432, 5.96133422852], [353.132446289, -359.239929199, 689.014953613, 353.661804199, 106.401809692, 220.777954102, 89.4195098877, 113.078109741, 66.7449035645, 72.0416030884, 16.4490032196, 11.8371086121, 10.1722812653], [635.6015625, -379.319488525, 353.661804199, 575.184082031, 156.556686401, 258.175872803, 35.9955978394, 115.194587708, 21.3391742706, 64.2316131592, -28.8711853027, -7.33000040054, 11.678565979], [27.8492584229, -15.4128141403, 106.401809692, 156.556686401, 250.254989624, 82.0213623047, 32.3363647461, 50.9856071472, 79.5173568726, 39.8949317932, 15.2356739044, 6.99425029755, 20.5808467865], [707.22442627, -267.989440918, 220.777954102, 258.175872803, 82.0213623047, 267.661010742, 82.2533416748, 101.798988342, 26.0772151947, 57.5619621277, 1.80829155445, 0.0585594661534, -2.59172916412], [-90.9469833374, 20.2351818085, 89.4195098877, 35.9955978394, 32.3363647461, 82.2533416748, 141.279998779, 71.7422561646, 25.3053760529, 18.5453453064, 31.0561332703, -6.22486495972, 0.917853474617], [83.7852249146, 1.48203635216, 113.078109741, 115.194587708, 50.9856071472, 101.798988342, 71.7422561646, 129.381591797, 56.1882324219, 42.0740394592, 16.1555023193, 3.77613925934, 5.74675416946], [78.3648376465, 34.6055526733, 66.7449035645, 21.3391742706, 79.5173568726, 26.0772151947, 25.3053760529, 56.1882324219, 123.301338196, 53.6399002075, 28.6508083344, 12.9482698441, 11.4478273392], [21.3742675781, 11.866153717, 72.0416030884, 64.2316131592, 39.8949317932, 57.5619621277, 18.5453453064, 42.0740394592, 53.6399002075, 85.9756851196, 36.7894363403, 8.88852977753, -0.279770851135], [-186.573104858, 98.2096786499, 16.4490032196, -28.8711853027, 15.2356739044, 1.80829155445, 31.0561332703, 16.1555023193, 28.6508083344, 36.7894363403, 74.9255142212, 26.5071563721, 5.47333431244], [-29.7047252655, 20.6735992432, 11.8371086121, -7.33000040054, 6.99425029755, 0.0585594661534, -6.22486495972, 3.77613925934, 12.9482698441, 8.88852977753, 26.5071563721, 56.6288528442, 26.2606506348], [-25.123758316, 5.96133422852, 10.1722812653, 11.678565979, 20.5808467865, -2.59172916412, 0.917853474617, 5.74675416946, 11.4478273392, -0.279770851135, 5.47333431244, 26.2606506348, 51.4094429016]],
