{
"lowlevel": {
    "average_loudness": 0.965429008007,
    "barkbands_crest": {
        "dmean": 3.65290188789,
        "dmean2": 5.94291734695,
        "dvar": 9.48062801361,
        "dvar2": 25.1178588867,
        "max": 25.3168907166,
        "mean": 12.1597757339,
        "median": 11.2925729752,
        "min": 2.71750092506,
        "var": 26.74259758
    },
    "barkbands_flatness_db": {
        "dmean": 0.0364855527878,
        "dmean2": 0.0545826479793,
        "dvar": 0.00128877023235,
        "dvar2": 0.00286764884368,
        "max": 0.620463907719,
        "mean": 0.156558915973,
        "median": 0.144942983985,
        "min": 0.0277497693896,
        "var": 0.00580225931481
    },
    "barkbands_kurtosis": {
        "dmean": 10.1635742188,
        "dmean2": 15.3610897064,
        "dvar": 791.755737305,
        "dvar2": 1726.88891602,
        "max": 572.313598633,
        "mean": 12.9042186737,
        "median": 2.66926288605,
        "min": -1.9291973114,
        "var": 1697.13427734
    },
    "barkbands_skewness": {
        "dmean": 1.0499778986,
        "dmean2": 1.55093312263,
        "dvar": 1.57441663742,
        "dvar2": 3.43392825127,
        "max": 18.7508506775,
        "mean": 2.0767261982,
        "median": 1.54705321789,
        "min": -3.01486039162,
        "var": 5.92175149918
    },
    "barkbands_spread": {
        "dmean": 9.96959018707,
        "dmean2": 15.210978508,
        "dvar": 126.694007874,
        "dvar2": 254.019668579,
        "max": 104.884918213,
        "mean": 22.9577598572,
        "median": 17.9420127869,
        "min": 0.258560329676,
        "var": 324.815948486
    },
    "dissonance": {
        "dmean": 0.0215620305389,
        "dmean2": 0.0349077507854,
        "dvar": 0.000585920701269,
        "dvar2": 0.00140669837128,
        "max": 0.500000059605,
        "mean": 0.463185846806,
        "median": 0.474314212799,
        "min": 0.200035065413,
        "var": 0.00120681466069
    },
    "dynamic_complexity": 3.06172704697,
    "erbbands_crest": {
        "dmean": 3.48323965073,
        "dmean2": 5.66045856476,
        "dvar": 10.2734193802,
        "dvar2": 24.3655281067,
        "max": 32.3322410583,
        "mean": 9.92163181305,
        "median": 8.7370672226,
        "min": 2.29467153549,
        "var": 24.5214385986
    },
    "erbbands_flatness_db": {
        "dmean": 0.0248900521547,
        "dmean2": 0.035044182092,
        "dvar": 0.000604417873546,
        "dvar2": 0.00101060117595,
        "max": 0.374867618084,
        "mean": 0.15267521143,
        "median": 0.141550406814,
        "min": 0.0557875260711,
        "var": 0.00257073622197
    },
    "erbbands_kurtosis": {
        "dmean": 1.39249026775,
        "dmean2": 2.21207547188,
        "dvar": 4.29297304153,
        "dvar2": 9.15183258057,
        "max": 33.2203865051,
        "mean": 0.850657820702,
        "median": -0.116147518158,
        "min": -1.82936728001,
        "var": 10.4169073105
    },
    "erbbands_skewness": {
        "dmean": 0.551594495773,
        "dmean2": 0.830355644226,
        "dvar": 0.249083995819,
        "dvar2": 0.549674034119,
        "max": 4.37205410004,
        "mean": 0.217006772757,
        "median": 0.235044285655,
        "min": -4.77196216583,
        "var": 0.871600091457
    },
    "erbbands_spread": {
        "dmean": 13.8293476105,
        "dmean2": 20.0487918854,
        "dvar": 192.646072388,
        "dvar2": 394.417572021,
        "max": 193.617645264,
        "mean": 43.7685012817,
        "median": 38.7138671875,
        "min": 3.13429713249,
        "var": 621.35925293
    },
    "hfc": {
        "dmean": 7.17532300949,
        "dmean2": 10.3565177917,
        "dvar": 79.0201187134,
        "dvar2": 170.689407349,
        "max": 79.2152175903,
        "mean": 17.1527500153,
        "median": 14.0129404068,
        "min": 1.14272235532e-16,
        "var": 193.280502319
    },
    "melbands_crest": {
        "dmean": 4.476749897,
        "dmean2": 7.31876707077,
        "dvar": 15.4957809448,
        "dvar2": 39.8633460999,
        "max": 37.2565307617,
        "mean": 17.4715232849,
        "median": 16.7841911316,
        "min": 1.85488176346,
        "var": 54.190486908
    },
    "melbands_flatness_db": {
        "dmean": 0.0465326607227,
        "dmean2": 0.0690702795982,
        "dvar": 0.0020398015622,
        "dvar2": 0.00460760807618,
        "max": 0.736860334873,
        "mean": 0.220510721207,
        "median": 0.210387066007,
        "min": 0.00468088407069,
        "var": 0.00983738619834
    },
    "melbands_kurtosis": {
        "dmean": 27.8046970367,
        "dmean2": 41.3368644714,
        "dvar": 7154.90332031,
        "dvar2": 13800.3544922,
        "max": 2246.47802734,
        "mean": 40.5903434753,
        "median": 9.18890380859,
        "min": -1.74277484417,
        "var": 17278.7675781
    },
    "melbands_skewness": {
        "dmean": 1.4632576704,
        "dmean2": 2.14295458794,
        "dvar": 3.4718837738,
        "dvar2": 6.92333745956,
        "max": 41.6231002808,
        "mean": 3.64259314537,
        "median": 2.6272418499,
        "min": -1.65999400616,
        "var": 14.4574260712
    },
    "melbands_spread": {
        "dmean": 11.9491901398,
        "dmean2": 18.507566452,
        "dvar": 264.776306152,
        "dvar2": 563.66619873,
        "max": 180.017105103,
        "mean": 25.2225704193,
        "median": 16.5877799988,
        "min": 0.157615721226,
        "var": 718.022216797
    },
    "pitch_salience": {
        "dmean": 0.0959467515349,
        "dmean2": 0.155619770288,
        "dvar": 0.00782338809222,
        "dvar2": 0.0207263864577,
        "max": 0.897377431393,
        "mean": 0.487908393145,
        "median": 0.49169665575,
        "min": 0.0280581526458,
        "var": 0.0229738540947
    },
    "silence_rate_20dB": {
        "dmean": 0,
        "dmean2": 0,
        "dvar": 0,
        "dvar2": 0,
        "max": 1,
        "mean": 1,
        "median": 1,
        "min": 1,
        "var": 0
    },
    "silence_rate_30dB": {
        "dmean": 0.0565015487373,
        "dmean2": 0.113046847284,
        "dvar": 0.0533076301217,
        "dvar2": 0.124273866415,
        "max": 1,
        "mean": 0.946228265762,
        "median": 1,
        "min": 0,
        "var": 0.0508804097772
    },
    "silence_rate_60dB": {
        "dmean": 0.0267027858645,
        "dmean2": 0.0534262470901,
        "dvar": 0.0259895026684,
        "dvar2": 0.0559912659228,
        "max": 1,
        "mean": 0.0700193420053,
        "median": 0,
        "min": 0,
        "var": 0.0651148110628
    },
    "spectral_centroid": {
        "dmean": 467.238342285,
        "dmean2": 714.762390137,
        "dvar": 285119.96875,
        "dvar2": 569339.125,
        "max": 11450.1826172,
        "mean": 1451.22253418,
        "median": 1211.35205078,
        "min": 183.329589844,
        "var": 898573.5625
    },
    "spectral_complexity": {
        "dmean": 5.13157892227,
        "dmean2": 7.91405344009,
        "dvar": 39.2561264038,
        "dvar2": 87.4873504639,
        "max": 54,
        "mean": 15.841006279,
        "median": 14,
        "min": 0,
        "var": 108.372741699
    },
    "spectral_decrease": {
        "dmean": 3.75929865015e-09,
        "dmean2": 5.46978018434e-09,
        "dvar": 3.08008046448e-17,
        "dvar2": 6.69184681867e-17,
        "max": 1.0606861668e-21,
        "mean": -8.44131520239e-09,
        "median": -5.15557463387e-09,
        "min": -4.65258196414e-08,
        "var": 7.86195004341e-17
    },
    "spectral_energy": {
        "dmean": 0.0144937559962,
        "dmean2": 0.0209968741983,
        "dvar": 0.000440191797679,
        "dvar2": 0.000946658023167,
        "max": 0.176987081766,
        "mean": 0.033415324986,
        "median": 0.0209845080972,
        "min": 1.0434027974e-20,
        "var": 0.00115095765796
    },
    "spectral_energyband_high": {
        "dmean": 0.000685442180838,
        "dmean2": 0.000999605166726,
        "dvar": 9.65521735452e-07,
        "dvar2": 1.93650907931e-06,
        "max": 0.00977670028806,
        "mean": 0.00100950268097,
        "median": 0.00032637725235,
        "min": 7.50041173671e-21,
        "var": 2.00663862415e-06
    },
    "spectral_energyband_low": {
        "dmean": 0.0111794434488,
        "dmean2": 0.0168529506773,
        "dvar": 0.000422349927248,
        "dvar2": 0.000998232979327,
        "max": 0.170455768704,
        "mean": 0.0196345560253,
        "median": 0.00676690181717,
        "min": 1.67122691349e-23,
        "var": 0.000913330179173
    },
    "spectral_energyband_middle_high": {
        "dmean": 0.00165984081104,
        "dmean2": 0.00262535084039,
        "dvar": 4.81482948089e-06,
        "dvar2": 1.15754792205e-05,
        "max": 0.0204889029264,
        "mean": 0.00342347379774,
        "median": 0.00227981735952,
        "min": 1.41639917472e-21,
        "var": 1.12025709313e-05
    },
    "spectral_energyband_middle_low": {
        "dmean": 0.00599887035787,
        "dmean2": 0.00929684378207,
        "dvar": 0.000135708745802,
        "dvar2": 0.000277731043752,
        "max": 0.119132913649,
        "mean": 0.010298172012,
        "median": 0.00628719339147,
        "min": 2.80619886849e-22,
        "var": 0.000223894894589
    },
    "spectral_entropy": {
        "dmean": 0.265329957008,
        "dmean2": 0.388916701078,
        "dvar": 0.0694716349244,
        "dvar2": 0.139336556196,
        "max": 9.80313491821,
        "mean": 7.66232776642,
        "median": 7.70330429077,
        "min": 5.62475442886,
        "var": 0.244668573141
    },
    "spectral_flux": {
        "dmean": 0.0347961373627,
        "dmean2": 0.0547900535166,
        "dvar": 0.00172133964952,
        "dvar2": 0.00373920821585,
        "max": 0.404166847467,
        "mean": 0.0988875627518,
        "median": 0.0862488746643,
        "min": 6.73981634391e-11,
        "var": 0.00419001700357
    },
    "spectral_kurtosis": {
        "dmean": 1.98453354836,
        "dmean2": 3.03663063049,
        "dvar": 7.44970607758,
        "dvar2": 16.6186733246,
        "max": 50.5692176819,
        "mean": 4.20197916031,
        "median": 2.96821022034,
        "min": -1.25839734077,
        "var": 19.595079422
    },
    "spectral_rms": {
        "dmean": 0.00109925877769,
        "dmean2": 0.0015584025532,
        "dvar": 1.54457848112e-06,
        "dvar2": 3.02763623949e-06,
        "max": 0.0131404083222,
        "mean": 0.00505665037781,
        "median": 0.00452467566356,
        "min": 3.19053897885e-12,
        "var": 7.03053774487e-06
    },
    "spectral_rolloff": {
        "dmean": 835.486755371,
        "dmean2": 1407.51928711,
        "dvar": 1876720,
        "dvar2": 3732455.5,
        "max": 19099.9511719,
        "mean": 1598.30810547,
        "median": 839.794921875,
        "min": 64.599609375,
        "var": 4172255.75
    },
    "spectral_skewness": {
        "dmean": 0.324083596468,
        "dmean2": 0.474139004946,
        "dvar": 0.116464704275,
        "dvar2": 0.2234287709,
        "max": 5.16990947723,
        "mean": 1.48381280899,
        "median": 1.37748801708,
        "min": -0.053656026721,
        "var": 0.403949558735
    },
    "spectral_spread": {
        "dmean": 812109.0625,
        "dmean2": 1111251.75,
        "dvar": 1.02849406566e+12,
        "dvar2": 1.77078167142e+12,
        "max": 42517836,
        "mean": 5017450.5,
        "median": 4775239,
        "min": 1031489.25,
        "var": 4.53278747853e+12
    },
    "spectral_strongpeak": {
        "dmean": 0.447891145945,
        "dmean2": 0.747853040695,
        "dvar": 0.41004216671,
        "dvar2": 0.978740394115,
        "max": 6.61752128601,
        "mean": 0.741662800312,
        "median": 0.45749515295,
        "min": 0,
        "var": 0.672692298889
    },
    "zerocrossingrate": {
        "dmean": 0.017307151109,
        "dmean2": 0.019789095968,
        "dvar": 0.000400254473789,
        "dvar2": 0.00049250718439,
        "max": 0.513671875,
        "mean": 0.0622844770551,
        "median": 0.04931640625,
        "min": 0.001953125,
        "var": 0.00250130100176
    },
    "barkbands": {
        "dmean": [0.000938241311815, 0.00957085378468, 0.00344125367701, 0.00269521446899, 0.0022754012607, 0.000689552980475, 0.00111495587043, 0.000667672895361, 0.000509663426783, 0.000454022199847, 0.000348772417055, 0.000269994256087, 0.000305407505948, 0.000243057133048, 0.000255033082794, 0.000244024340645, 0.00019763756427, 0.00013411474356, 0.000203735369723, 0.000204955111258, 0.000181572177098, 0.000163126547704, 0.000138854476972, 8.77662678249e-05, 5.74022778892e-05, 1.81235809578e-05, 6.55984194964e-07],
        "dmean2": [0.00155766995158, 0.0155608104542, 0.00616758223623, 0.00447305105627, 0.00355150667019, 0.00110849598423, 0.00175714644138, 0.00106420635711, 0.000844059279189, 0.000717151851859, 0.000552280049305, 0.000433015200542, 0.000498787732795, 0.000405307713663, 0.000419676653109, 0.00038076628698, 0.000315700337524, 0.000218323097215, 0.000343362771673, 0.000332159543177, 0.000286076741759, 0.000246079056524, 0.00020084141579, 0.000129098145408, 8.2929735072e-05, 2.65848739218e-05, 1.00214435861e-06],
        "dvar": [3.04042214339e-06, 0.000353979354259, 0.000147059050505, 5.44744652871e-05, 2.79700470855e-05, 1.34942729346e-06, 3.9046594793e-06, 4.46936292064e-06, 1.51288463712e-06, 1.08997039661e-06, 6.80159871536e-07, 5.09661731485e-07, 3.94553069327e-07, 2.79795926872e-07, 2.47867717462e-07, 3.29789656917e-07, 1.24463042539e-07, 4.10974507759e-08, 1.61847083291e-07, 1.37528658684e-07, 9.83901387031e-08, 7.7191351977e-08, 4.31314575167e-08, 2.01329140026e-08, 1.42704337236e-08, 1.05371467107e-09, 4.89275503793e-12],
        "dvar2": [7.95568939793e-06, 0.000966511724982, 0.000430113519542, 0.000121568031318, 5.77314640395e-05, 3.28981423081e-06, 9.15169675864e-06, 1.07435716927e-05, 3.96210816689e-06, 2.53542452811e-06, 1.55610666752e-06, 1.20920356039e-06, 9.56984195e-07, 6.9798363711e-07, 6.00497060077e-07, 7.34050559004e-07, 2.91221681437e-07, 9.81050476412e-08, 4.44479553607e-07, 3.60749311312e-07, 2.22225153834e-07, 1.66486131548e-07, 8.54921040627e-08, 4.18104413313e-08, 2.66938400273e-08, 2.16319606672e-09, 1.06344473158e-11],
        "max": [0.0199103392661, 0.164310276508, 0.108851253986, 0.0616732351482, 0.053800933063, 0.0202161408961, 0.0246891696006, 0.0428985692561, 0.0256837308407, 0.020502500236, 0.0146553469822, 0.0142968343571, 0.00776782399043, 0.0075740008615, 0.00734776537865, 0.0109296943992, 0.0072866845876, 0.00210480415262, 0.00409143604338, 0.00302129727788, 0.00406794063747, 0.00349394069053, 0.0023837229237, 0.00181994703598, 0.00226036086679, 0.000484266201966, 6.51530281175e-05],
        "mean": [0.00170115684159, 0.0140955671668, 0.00302821793593, 0.00259867263958, 0.00295196543448, 0.00121671706438, 0.00178457936272, 0.000812160782516, 0.000651557929814, 0.000595488352701, 0.000487675570184, 0.000358443910955, 0.000339902355336, 0.000309683731757, 0.000332881900249, 0.000315880548442, 0.000282205292024, 0.000185944416444, 0.000242967944359, 0.000260609143879, 0.000224388815695, 0.000224669856834, 0.000186372286407, 0.00011755903688, 8.46154871397e-05, 2.47429543379e-05, 6.84249073402e-07],
        "median": [0.000488653080538, 0.00354034989141, 0.000637959805317, 0.000461964489659, 0.00079467514297, 0.000491749495268, 0.000707839382812, 0.000137787414133, 0.000236675099586, 0.000199901565793, 0.000203923962545, 0.000133112756885, 0.000112313282443, 0.000105935600004, 0.000114599752123, 8.59436549945e-05, 0.000111343986646, 8.06431489764e-05, 8.80007864907e-05, 6.15668832324e-05, 5.82848551858e-05, 7.14174238965e-05, 5.35116814717e-05, 4.33505229012e-05, 2.27984346566e-05, 5.32388548891e-06, 1.59568802616e-08],
        "min": [3.59459533777e-25, 2.64574599609e-24, 6.34164729505e-24, 6.39759962133e-24, 4.53722027108e-23, 1.53212344131e-23, 1.14774283997e-23, 9.45789872844e-24, 4.40894265265e-23, 2.20767268165e-23, 2.86461553313e-23, 7.08089247809e-23, 6.39617698957e-23, 1.02759508004e-22, 1.1191588595e-22, 1.0906609122e-22, 6.42976921127e-23, 1.23475626463e-22, 1.93211132433e-22, 2.90634103698e-22, 3.50131331078e-22, 4.42497098095e-22, 5.54085852895e-22, 7.06545428085e-22, 9.13734178638e-22, 1.71592418258e-21, 2.28157678108e-21],
        "var": [5.67302276977e-06, 0.000570542644709, 9.44599159993e-05, 5.90302624914e-05, 4.5708999096e-05, 3.19557670991e-06, 7.08425568519e-06, 7.44545832276e-06, 1.89055208466e-06, 1.61946638855e-06, 1.12535917651e-06, 7.88666397966e-07, 4.55482307871e-07, 3.6626724409e-07, 3.41631448464e-07, 5.20385867731e-07, 2.47522223162e-07, 6.71836843935e-08, 1.68792709587e-07, 1.85252517326e-07, 1.44082989095e-07, 1.48517372622e-07, 8.34314235476e-08, 3.5196944026e-08, 3.2674492445e-08, 2.28904473154e-09, 6.76800325852e-12]
    },
    "erbbands": {
        "dmean": [0.361022889614, 1.93390214443, 3.52532410622, 6.4462685585, 11.6023025513, 5.32322406769, 3.91441893578, 6.30591917038, 16.3017539978, 15.1883554459, 12.0762233734, 10.9484071732, 16.2530784607, 12.1960506439, 11.6659002304, 11.7118282318, 13.176861763, 11.8603639603, 11.746679306, 13.5577497482, 11.9009504318, 10.5866203308, 7.35032892227, 6.99753570557, 12.4053325653, 9.22351169586, 6.87660980225, 8.38818836212, 5.70279455185, 5.19109201431, 3.73537349701, 2.08073067665, 1.43701148033, 0.800203323364, 0.343756914139, 0.100673638284, 0.0308925118297, 0.00418238108978, 9.19733720366e-05, 1.84110467671e-05],
        "dmean2": [0.598425269127, 3.06752681732, 5.92230319977, 11.1934604645, 18.3798561096, 8.68046188354, 6.53380823135, 10.1259584427, 25.3567619324, 23.8954296112, 19.4509220123, 17.8553733826, 25.40883255, 19.2678184509, 18.5595169067, 18.3476982117, 21.2482624054, 19.3818054199, 19.1270694733, 21.669467926, 18.4921131134, 16.8160247803, 11.6783409119, 11.3716068268, 21.2137203217, 15.0015516281, 10.9607200623, 13.0009031296, 8.56213855743, 7.90465688705, 5.4180688858, 3.03402090073, 2.07095551491, 1.16336047649, 0.495544612408, 0.144699856639, 0.0459438450634, 0.00612530857325, 0.000130509026349, 2.58126910921e-05],
        "dvar": [0.477439194918, 17.1530609131, 125.140518188, 310.327941895, 1267.05297852, 83.3309402466, 51.6728172302, 127.457862854, 824.630126953, 1491.45043945, 1378.06237793, 629.963378906, 1751.6550293, 634.198303223, 884.018066406, 995.815307617, 690.122802734, 634.701599121, 463.69354248, 784.143676758, 833.241882324, 324.905700684, 126.652755737, 117.753700256, 781.846374512, 283.381652832, 128.125762939, 233.216644287, 102.113800049, 69.9157180786, 30.715839386, 11.7667627335, 5.19770002365, 2.38216352463, 0.599126577377, 0.0383106954396, 0.00327927083708, 7.49778337195e-05, 3.32131691039e-08, 5.32985211521e-10],
        "dvar2": [1.39004206657, 43.4150047302, 349.760894775, 854.463928223, 2422.27392578, 204.751144409, 133.297744751, 310.373077393, 1857.93347168, 3578.40234375, 3441.01831055, 1600.31811523, 4153.14697266, 1492.67053223, 2060.49414062, 2334.95922852, 1624.73168945, 1536.484375, 1152.6472168, 1823.09643555, 1776.26965332, 767.994018555, 296.040740967, 300.093322754, 2177.16943359, 757.030273438, 311.716644287, 491.506286621, 225.507888794, 153.759017944, 58.3617935181, 24.2389335632, 10.6500444412, 4.62548017502, 1.13550448418, 0.0787327438593, 0.00679384963587, 0.000153841931024, 6.59671073322e-08, 1.06572106695e-09],
        "max": [6.19681930542, 38.342124939, 109.317443848, 144.050460815, 339.912689209, 88.8460464478, 76.7645263672, 179.95324707, 355.37310791, 973.274230957, 845.664733887, 401.833984375, 796.104797363, 399.171203613, 527.655395508, 672.773986816, 325.056091309, 424.50201416, 272.822418213, 443.573516846, 707.562866211, 417.624542236, 139.975814819, 106.332420349, 300.730438232, 181.223068237, 101.320838928, 232.607391357, 143.511550903, 113.146278381, 52.694896698, 47.2221641541, 30.4945697784, 24.0961170197, 16.9955348969, 3.60307025909, 1.15150976181, 0.180753469467, 0.00416948553175, 0.000218420333113],
        "mean": [0.53515958786, 2.62455415726, 3.74413990974, 6.10689783096, 12.9928855896, 6.84812927246, 4.69789791107, 11.6738443375, 28.9856891632, 20.7136650085, 14.8305606842, 15.3032894135, 20.9997406006, 18.1688232422, 16.5948944092, 16.2621078491, 15.6549491882, 15.6048955917, 16.6366710663, 17.8793945312, 17.0003070831, 15.9142999649, 10.6475849152, 10.1859054565, 13.918384552, 12.3323383331, 8.58963108063, 10.3014345169, 7.97987508774, 6.85339784622, 5.043405056, 2.72187829018, 1.91932976246, 1.13454842567, 0.495957285166, 0.139494910836, 0.0418494790792, 0.00543763348833, 0.000135671711178, 4.44632678409e-05],
        "median": [0.158404529095, 0.447418689728, 0.759997606277, 1.5267957449, 1.99234676361, 2.08278656006, 1.64388644695, 4.66889238358, 10.7951316833, 5.44373321533, 4.01257944107, 6.28959798813, 6.07149744034, 8.27181911469, 6.9324631691, 6.29068565369, 5.16904783249, 5.8831410408, 7.42876195908, 5.45571184158, 5.52509450912, 6.30525302887, 4.70638942719, 4.51400470734, 4.18441486359, 2.90633583069, 2.08585786819, 2.71208357811, 2.63186526299, 1.89592385292, 1.4620667696, 0.954188466072, 0.675988316536, 0.330140769482, 0.129919499159, 0.0331743769348, 0.00850153062493, 0.00093118957011, 3.77508076781e-05, 3.35212789651e-05],
        "min": [6.81623532419e-23, 9.1239041404e-22, 6.83091808298e-21, 2.71866059195e-20, 8.74532695966e-20, 1.09453055641e-19, 2.20874542646e-19, 1.8263154016e-19, 1.73425071641e-19, 3.41402047424e-19, 3.32727249244e-19, 9.67571153682e-19, 1.16819285111e-18, 1.07167131678e-18, 1.13685666457e-18, 3.38191573351e-18, 3.47474752532e-18, 5.8085793074e-18, 5.98933977794e-18, 5.27222133615e-18, 5.88956980195e-18, 5.17973923495e-18, 6.60375547488e-18, 9.68785578898e-18, 1.09650573963e-17, 1.31690660764e-17, 1.50740994231e-17, 1.39780619504e-17, 1.61764863342e-17, 1.69050388935e-17, 1.57109275787e-17, 1.25280093735e-17, 1.23047458815e-17, 7.70755893275e-18, 6.93813579288e-18, 6.22479343058e-18, 3.26190423434e-18, 1.09514422103e-18, 2.75530036331e-19, 3.11830224203e-20],
        "var": [0.797331094742, 25.3288211823, 103.638626099, 235.405700684, 1795.93603516, 127.34853363, 58.7950363159, 282.861480713, 1737.73168945, 3276.34887695, 1511.94470215, 865.601928711, 2531.85327148, 1171.34289551, 1241.14355469, 1634.33581543, 866.574401855, 850.45501709, 672.913269043, 1122.35754395, 1435.54833984, 695.946838379, 226.215454102, 214.345413208, 668.418457031, 447.644500732, 180.151107788, 350.371246338, 190.409210205, 127.26473999, 61.280796051, 18.9613609314, 10.054485321, 5.27259349823, 1.30639624596, 0.0808372348547, 0.00698106922209, 0.000144722376717, 6.86498466962e-08, 1.61799174059e-09]
    },
    "gfcc": {
        "mean": [-18.4171218872, 85.058555603, -108.526741028, 41.3507652283, -58.3739967346, 24.041595459, -34.6691398621, 12.354511261, -17.9481868744, 5.94144010544, -13.2044944763, 1.850238204, -8.83250522614],
        "cov": [[8821.36230469, -740.18572998, -530.429382324, 523.614501953, -543.260375977, -9.15524482727, -363.331054688, 45.3664550781, -301.847381592, 168.126876831, -88.9837799072, 175.134643555, -193.709625244], [-740.18572998, 1856.73742676, -64.7208709717, -526.099243164, 289.743865967, -88.4080886841, 222.513275146, 48.8593788147, 252.308914185, -103.500534058, 236.177459717, -68.3921813965, 105.464828491], [-530.429382324, -64.7208709717, 837.77746582, 301.564788818, 162.211029053, 214.266693115, 175.083770752, 55.3668746948, 59.0417060852, 102.504379272, 72.5719909668, 52.094669342, 16.8521080017], [523.614501953, -526.099243164, 301.564788818, 638.229125977, 76.7313995361, 125.7993927, -12.3113117218, 6.10685968399, -4.67202234268, 79.5550231934, -0.607834815979, 14.9956235886, 8.76527309418], [-543.260375977, 289.743865967, 162.211029053, 76.7313995361, 357.03729248, 64.1164245605, 95.7447662354, 44.8847732544, 106.917678833, 22.6002407074, 61.5185585022, -20.0260562897, 28.2880344391], [-9.15524482727, -88.4080886841, 214.266693115, 125.7993927, 64.1164245605, 281.761657715, 160.00617981, 23.5157737732, 37.2106170654, 47.5728797913, 15.2448015213, 3.40247368813, 21.5570259094], [-363.331054688, 222.513275146, 175.083770752, -12.3113117218, 95.7447662354, 160.00617981, 369.948516846, 88.7326278687, 63.9175262451, 27.9440040588, 57.9066734314, -2.06493782997, 18.7534809113], [45.3664550781, 48.8593788147, 55.3668746948, 6.10685968399, 44.8847732544, 23.5157737732, 88.7326278687, 149.9868927, 82.3140487671, 24.3537788391, 31.2228469849, 28.2399749756, 14.8420391083], [-301.847381592, 252.308914185, 59.0417060852, -4.67202234268, 106.917678833, 37.2106170654, 63.9175262451, 82.3140487671, 197.885055542, 58.6436042786, 80.2058639526, 2.89927768707, 42.818359375], [168.126876831, -103.500534058, 102.504379272, 79.5550231934, 22.6002407074, 47.5728797913, 27.9440040588, 24.3537788391, 58.6436042786, 161.517410278, 62.573513031, 25.9154586792, -18.5322723389], [-88.9837799072, 236.177459717, 72.5719909668, -0.607834815979, 61.5185585022, 15.2448015213, 57.9066734314, 31.2228469849, 80.2058639526, 62.573513031, 145.989868164, 36.9782142639, 23.3472881317], [175.134643555, -68.3921813965, 52.094669342, 14.9956235886, -20.0260562897, 3.40247368813, -2.06493782997, 28.2399749756, 2.89927768707, 25.9154586792, 36.9782142639, 100.674240112, 28.1223335266], [-193.709625244, 105.464828491, 16.8521080017, 8.76527309418, 28.2880344391, 21.5570259094, 18.7534809113, 14.8420391083, 42.818359375, -18.5322723389, 23.3472881317, 28.1223335266, 105.336654663]],
        "icov": [[0.000229577039136, -0.000360368576366, 0.00031595537439, -0.000513180566486, 0.000364980311133, -0.000371723261196, 0.000309760624077, -0.000523385766428, 0.000570044969209, -0.000543924921658, 0.000445774901891, -0.000680318393279, 0.000527212396264], [-0.000360368576366, 0.00246617943048, -0.000740852381568, 0.00214581377804, -0.00139906292316, 0.00133836711757, -0.00116202409845, 0.00156149710529, -0.00220438884571, 0.00271561462432, -0.00363854062743, 0.00274397712201, -0.00165551318787], [0.00031595537439, -0.000740852381568, 0.00238047284074, -0.00152773514856, 8.32504447317e-05, -0.00136487954296, 5.47559175175e-05, -0.000755024899263, 0.00103005231358, -0.00126944272779, 0.000770236831158, -0.00209389114752, 0.00116892694496], [-0.000513180566486, 0.00214581377804, -0.00152773514856, 0.0043167155236, -0.00177708349656, 0.000602209707722, -0.000327369692968, 0.00120939477347, -0.00137676170561, 0.0014906238066, -0.00273952889256, 0.00310070067644, -0.00236378097907], [0.000364980311133, -0.00139906292316, 8.32504447317e-05, -0.00177708349656, 0.00486942799762, -0.000870406220201, 0.00037831751979, -0.00112636620179, -0.000196848137421, -0.000915190437809, 0.00102466985118, -0.000451024767244, 0.000980610144325], [-0.000371723261196, 0.00133836711757, -0.00136487954296, 0.000602209707722, -0.000870406220201, 0.00700811389834, -0.00336927291937, 0.0023817117326, -0.00214815116487, 0.000485506927362, -0.000356394215487, 0.00171053712256, -0.0022105879616], [0.000309760624077, -0.00116202409845, 5.47559175175e-05, -0.000327369692968, 0.00037831751979, -0.00336927291937, 0.00560549274087, -0.00380853377283, 0.00237520132214, -0.00114834739361, -0.000138485134812, 0.000146499689436, 0.000702188583091], [-0.000523385766428, 0.00156149710529, -0.000755024899263, 0.00120939477347, -0.00112636620179, 0.0023817117326, -0.00380853377283, 0.0127043044195, -0.00719473930076, 0.00266684312373, -9.5605464594e-05, -0.00226964871399, 0.00021825528529], [0.000570044969209, -0.00220438884571, 0.00103005231358, -0.00137676170561, -0.000196848137421, -0.00214815116487, 0.00237520132214, -0.00719473930076, 0.0136385681108, -0.00586018059403, -0.000616613950115, 0.00132477318402, -0.00250347517431], [-0.000543924921658, 0.00271561462432, -0.00126944272779, 0.0014906238066, -0.000915190437809, 0.000485506927362, -0.00114834739361, 0.00266684312373, -0.00586018059403, 0.0132984779775, -0.00695192720741, 0.000895994598977, 0.00235838349909], [0.000445774901891, -0.00363854062743, 0.000770236831158, -0.00273952889256, 0.00102466985118, -0.000356394215487, -0.000138485134812, -9.5605464594e-05, -0.000616613950115, -0.00695192720741, 0.0173767320812, -0.00805656425655, 0.00173037312925], [-0.000680318393279, 0.00274397712201, -0.00209389114752, 0.00310070067644, -0.000451024767244, 0.00171053712256, 0.000146499689436, -0.00226964871399, 0.00132477318402, 0.000895994598977, -0.00805656425655, 0.0188775416464, -0.00749166868627], [0.000527212396264, -0.00165551318787, 0.00116892694496, -0.00236378097907, 0.000980610144325, -0.0022105879616, 0.000702188583091, 0.00021825528529, -0.00250347517431, 0.00235838349909, 0.00173037312925, -0.00749166868627, 0.015212518163]]
    },
    "melbands": {
        "dmean": [0.00285902642645, 0.00182932300959, 0.00133811775595, 0.000586328329518, 0.000155044777784, 0.000154214532813, 0.000236737192608, 0.000163058430189, 9.38623416005e-05, 7.2875758633e-05, 8.16605461296e-05, 5.00809401274e-05, 4.44175057055e-05, 3.07725604216e-05, 3.22075466102e-05, 2.84012385237e-05, 2.32538095588e-05, 1.996528772e-05, 2.0274777853e-05, 1.84226519195e-05, 1.39489302455e-05, 1.18381458378e-05, 9.10955168365e-06, 6.15301087237e-06, 5.54146799914e-06, 9.16145654628e-06, 8.28275369713e-06, 5.99001123192e-06, 4.43787894255e-06, 4.61303397969e-06, 4.89119156555e-06, 3.4152533317e-06, 2.96354255624e-06, 3.00679494103e-06, 2.33372543335e-06, 1.85866986158e-06, 1.07778373604e-06, 1.09942936888e-06, 8.2610284835e-07, 6.59232512135e-07],
        "dmean2": [0.00472671492025, 0.00281473994255, 0.00223340000957, 0.000910352217034, 0.000253498990787, 0.00024628743995, 0.000369395333109, 0.000257565436186, 0.000152505090227, 0.00011914253264, 0.000128093088279, 7.99672052381e-05, 7.07607468939e-05, 4.94945743412e-05, 5.20297799085e-05, 4.66057608719e-05, 3.87921500078e-05, 3.29055365e-05, 3.34293690685e-05, 2.93679786409e-05, 2.17075830733e-05, 1.89259917533e-05, 1.46283082358e-05, 9.82336587185e-06, 9.0443636509e-06, 1.55192337843e-05, 1.41774189615e-05, 9.67572123045e-06, 7.14477664587e-06, 7.40705536373e-06, 7.60623288443e-06, 5.27252086613e-06, 4.52287076769e-06, 4.63469814349e-06, 3.45510102306e-06, 2.71760268333e-06, 1.61576679147e-06, 1.62032085882e-06, 1.23194627122e-06, 9.63208435678e-07],
        "dvar": [2.97847145703e-05, 2.08088949876e-05, 1.27190132844e-05, 2.16762964556e-06, 7.0356911408e-08, 7.23515398704e-08, 1.67881026414e-07, 1.97157120851e-07, 7.95097534478e-08, 3.05753289354e-08, 4.43324381649e-08, 1.14407354701e-08, 1.26279635637e-08, 6.10472561391e-09, 6.00663740968e-09, 3.49211970452e-09, 2.82222889503e-09, 1.48897427721e-09, 1.75799996782e-09, 1.91005966599e-09, 1.37330535832e-09, 4.89963847272e-10, 2.46453968344e-10, 8.38966673911e-11, 7.37027175401e-11, 3.62885277383e-10, 3.08282455119e-10, 1.15145927515e-10, 5.76293665566e-11, 6.32069813156e-11, 8.21453183253e-11, 4.0774304072e-11, 2.75257074078e-11, 2.33092191382e-11, 1.23083227638e-11, 9.53022903649e-12, 3.3134627854e-12, 3.31281139673e-12, 2.1150815474e-12, 1.9244783718e-12],
        "dvar2": [8.54003519635e-05, 4.93353691127e-05, 3.01415875583e-05, 4.3729664867e-06, 1.79639229714e-07, 1.73814399318e-07, 3.8051359752e-07, 4.69479118692e-07, 2.02200254762e-07, 7.88784717543e-08, 1.0493199909e-07, 2.75203415612e-08, 2.92419866099e-08, 1.37969271563e-08, 1.45016736397e-08, 8.65558646979e-09, 6.99172142404e-09, 3.76490882914e-09, 4.29066027152e-09, 4.43286563012e-09, 2.84511503246e-09, 1.18124199311e-09, 5.80310965947e-10, 1.92661248066e-10, 1.89436383247e-10, 9.86550174886e-10, 8.5937240657e-10, 2.98963243051e-10, 1.39551731282e-10, 1.47799064654e-10, 1.77379999577e-10, 9.14852776868e-11, 6.12986120196e-11, 5.39681944967e-11, 2.46565372286e-11, 1.87939976082e-11, 7.39780632586e-12, 7.03550455741e-12, 4.61873074509e-12, 3.76709644381e-12],
        "max": [0.0498726293445, 0.0447508618236, 0.0258269496262, 0.0148568917066, 0.00249431584962, 0.00489121861756, 0.00521055655554, 0.0114156678319, 0.00696907425299, 0.00286701694131, 0.00392100214958, 0.0017608924536, 0.00228695338592, 0.00144386140164, 0.00143261090852, 0.00098299945239, 0.000788730452769, 0.000498227716889, 0.000630176567938, 0.000635894364677, 0.00109048339073, 0.000544772774447, 0.00025483648642, 0.000104482525785, 9.38660377869e-05, 0.000199572299607, 0.000171434105141, 0.000131604901981, 5.84996705584e-05, 0.00011154438107, 0.000148107283167, 0.00010098250641, 6.8671797635e-05, 6.01979372732e-05, 3.33009484166e-05, 3.1041658076e-05, 2.96938796964e-05, 2.56222829194e-05, 2.12358354474e-05, 2.26391239266e-05],
        "mean": [0.00438350159675, 0.00252314168029, 0.00136167451274, 0.00072445475962, 0.000184806078323, 0.000292780314339, 0.000417658360675, 0.000214170504478, 0.000110595217848, 9.83361242106e-05, 0.000102389640233, 7.05440834281e-05, 6.07889051025e-05, 4.21316399297e-05, 3.83445476473e-05, 3.2392275898e-05, 2.86399863398e-05, 2.60561482719e-05, 2.6440822694e-05, 2.22117669182e-05, 1.91856888705e-05, 1.69649210875e-05, 1.21629591376e-05, 8.38349205878e-06, 7.83209179644e-06, 1.01296172943e-05, 9.37757886277e-06, 8.01201986178e-06, 5.30923261977e-06, 5.5421351135e-06, 5.85235284234e-06, 4.59534157926e-06, 4.00561748393e-06, 3.73990246771e-06, 3.07102118313e-06, 2.31989815802e-06, 1.3742860574e-06, 1.42874193898e-06, 1.08561403067e-06, 9.17269517231e-07],
        "median": [0.00134382909164, 0.000469162419904, 0.000322976586176, 0.000172812870005, 5.84216613788e-05, 0.000113010391942, 0.00016422139015, 4.21351251134e-05, 2.94277506327e-05, 3.63973267667e-05, 2.57008377957e-05, 3.08095368382e-05, 2.49773802352e-05, 1.64529883477e-05, 1.3833155208e-05, 1.11749450298e-05, 9.31844351726e-06, 1.12526822704e-05, 8.30991211842e-06, 5.57403836865e-06, 6.15435692453e-06, 6.52409926261e-06, 4.55438384961e-06, 3.60159629054e-06, 3.38788413501e-06, 3.07865957438e-06, 2.45085675488e-06, 1.59323019489e-06, 1.18953232686e-06, 1.28981901071e-06, 1.62766991707e-06, 1.55904467647e-06, 1.12331531454e-06, 9.89678142105e-07, 8.84422604486e-07, 6.89287219302e-07, 5.02219279497e-07, 5.02122702528e-07, 3.48970047526e-07, 2.3856719622e-07],
        "min": [7.47179368534e-25, 4.26057582352e-24, 6.03677385442e-24, 7.98525634601e-24, 9.49552423817e-24, 4.10069777829e-24, 2.86626022923e-24, 5.40447028445e-24, 2.5788022736e-24, 6.52568617765e-24, 5.55770730415e-24, 4.02931769928e-24, 3.05461358935e-24, 1.02516852811e-23, 6.8028019696e-24, 6.64802193797e-24, 1.20258263572e-23, 9.66991850735e-24, 8.59625278293e-24, 7.09879914732e-24, 5.73028324894e-24, 3.76162840071e-24, 6.19837279972e-24, 6.04760175921e-24, 7.66575505762e-24, 6.95157403658e-24, 8.54041957465e-24, 9.24213422681e-24, 8.6419609615e-24, 8.78502956414e-24, 7.52689423906e-24, 9.04534971855e-24, 6.89668193935e-24, 1.02126674319e-23, 8.47853738094e-24, 6.77350209786e-24, 8.15650227132e-24, 7.40116637685e-24, 8.61870849746e-24, 5.38102849379e-24],
        "var": [5.01935719512e-05, 2.89889612759e-05, 1.30513781187e-05, 3.39233793056e-06, 9.05553108055e-08, 1.76268059704e-07, 3.3859390669e-07, 4.26723232749e-07, 7.97976014155e-08, 4.14411367444e-08, 6.3600666067e-08, 1.86985289474e-08, 1.86006499092e-08, 1.02126938017e-08, 7.52467421705e-09, 4.04706312906e-09, 3.41589534436e-09, 2.00933114591e-09, 2.43316833348e-09, 2.44911668723e-09, 2.2551043255e-09, 9.40161171137e-10, 4.05508515655e-10, 1.47623649416e-10, 1.35863362227e-10, 3.41301265028e-10, 2.86919960013e-10, 2.06406364223e-10, 7.40141906097e-11, 9.01514765617e-11, 1.21385013152e-10, 7.04682770469e-11, 5.19277711108e-11, 3.75218293935e-11, 2.3277019201e-11, 1.52875316572e-11, 4.93412559074e-12, 6.01622094157e-12, 3.59901258101e-12, 4.32900590375e-12]
    },
    "mfcc": {
        "mean": [-659.768920898, 109.165473938, 10.9209861755, 22.2584705353, 6.57404661179, 11.6900672913, 0.865551233292, 7.08816099167, 2.58260059357, 4.15470218658, 2.32420182228, 0.857850730419, 2.15894913673],
        "cov": [[7336.07666016, -1034.73901367, -238.982223511, 214.568786621, -231.834411621, -89.5498199463, -153.822387695, -167.317825317, -231.045135498, -183.605987549, -150.659011841, 95.0575027466, 157.207748413], [-1034.73901367, 2064.16137695, -271.941955566, -307.96270752, 21.5052242279, -144.548431396, 44.4320716858, 113.964286804, 52.4200363159, -0.796702027321, 107.728942871, 136.465103149, 102.605735779], [-238.982223511, -271.941955566, 670.339172363, 171.987670898, 72.1647796631, 203.135635376, 132.635406494, 58.1963577271, 48.6437416077, 56.8323402405, 40.6821479797, 47.6696815491, 58.9084434509], [214.568786621, -307.96270752, 171.987670898, 380.445281982, 146.241577148, 74.7917480469, 43.7938308716, 0.438727140427, 8.12874031067, 48.4620246887, 10.0127840042, 14.5048723221, 46.9985656738], [-231.834411621, 21.5052242279, 72.1647796631, 146.241577148, 326.580780029, 54.9389648438, -27.3670158386, 4.2343378067, 21.923948288, 36.7716712952, 21.9884529114, 3.34202170372, 30.4692821503], [-89.5498199463, -144.548431396, 203.135635376, 74.7917480469, 54.9389648438, 273.873352051, 131.262237549, 27.5889720917, 46.0397987366, 71.0569381714, 44.9211235046, 27.4781646729, -3.91537427902], [-153.822387695, 44.4320716858, 132.635406494, 43.7938308716, -27.3670158386, 131.262237549, 216.046218872, 89.1251525879, 50.4060783386, 45.5234603882, 48.3700180054, 34.9193611145, 9.74124240875], [-167.317825317, 113.964286804, 58.1963577271, 0.438727140427, 4.2343378067, 27.5889720917, 89.1251525879, 163.601730347, 83.4242553711, 23.6243839264, 27.9677257538, 32.9423789978, 18.9872360229], [-231.045135498, 52.4200363159, 48.6437416077, 8.12874031067, 21.923948288, 46.0397987366, 50.4060783386, 83.4242553711, 133.440505981, 68.1929779053, 25.3761482239, 16.9554367065, 5.0569767952], [-183.605987549, -0.796702027321, 56.8323402405, 48.4620246887, 36.7716712952, 71.0569381714, 45.5234603882, 23.6243839264, 68.1929779053, 142.664718628, 64.0831298828, 12.1004457474, 8.70177841187], [-150.659011841, 107.728942871, 40.6821479797, 10.0127840042, 21.9884529114, 44.9211235046, 48.3700180054, 27.9677257538, 25.3761482239, 64.0831298828, 141.320404053, 58.9426574707, 32.1715126038], [95.0575027466, 136.465103149, 47.6696815491, 14.5048723221, 3.34202170372, 27.4781646729, 34.9193611145, 32.9423789978, 16.9554367065, 12.1004457474, 58.9426574707, 133.608032227, 83.9284667969], [157.207748413, 102.605735779, 58.9084434509, 46.9985656738, 30.4692821503, -3.91537427902, 9.74124240875, 18.9872360229, 5.0569767952, 8.70177841187, 32.1715126038, 83.9284667969, 153.396438599]],
