{
"lowlevel": {
    "average_loudness": 0.813519179821,
    "barkbands_crest": {
        "dmean": 2.93344044685,
        "dmean2": 4.7256155014,
        "dvar": 8.3558883667,
        "dvar2": 20.8288898468,
        "max": 26.8575611115,
        "mean": 10.6375827789,
        "median": 9.63079833984,
        "min": 2.23189425468,
        "var": 24.7896652222
    },
    "barkbands_flatness_db": {
        "dmean": 0.0282063148916,
        "dmean2": 0.042294755578,
        "dvar": 0.000813233433291,
        "dvar2": 0.00175702641718,
        "max": 0.663987278938,
        "mean": 0.194831669331,
        "median": 0.163746669888,
        "min": 0.0248473882675,
        "var": 0.0143763367087
    },
    "barkbands_kurtosis": {
        "dmean": 3.99903297424,
        "dmean2": 6.32541465759,
        "dvar": 120.176963806,
        "dvar2": 267.892822266,
        "max": 396.144317627,
        "mean": 5.45632219315,
        "median": 0.849604845047,
        "min": -1.7995724678,
        "var": 389.554718018
    },
    "barkbands_skewness": {
        "dmean": 0.679258525372,
        "dmean2": 0.998849332333,
        "dvar": 0.644672632217,
        "dvar2": 1.34134018421,
        "max": 15.9359445572,
        "mean": 1.39135062695,
        "median": 1.06384062767,
        "min": -3.28682994843,
        "var": 3.09443926811
    },
    "barkbands_spread": {
        "dmean": 6.55741930008,
        "dmean2": 9.86129665375,
        "dvar": 71.8973007202,
        "dvar2": 157.750320435,
        "max": 92.5199508667,
        "mean": 19.9549980164,
        "median": 15.5272884369,
        "min": 0.213329896331,
        "var": 216.215866089
    },
    "dissonance": {
        "dmean": 0.0239450372756,
        "dmean2": 0.0383714549243,
        "dvar": 0.000572835619096,
        "dvar2": 0.00137206702493,
        "max": 0.499999940395,
        "mean": 0.442059963942,
        "median": 0.456943571568,
        "min": 0.204257100821,
        "var": 0.00227067270316
    },
    "dynamic_complexity": 3.60760617256,
    "erbbands_crest": {
        "dmean": 2.78206825256,
        "dmean2": 4.46559667587,
        "dvar": 7.6257982254,
        "dvar2": 18.8117694855,
        "max": 32.3736419678,
        "mean": 10.0429973602,
        "median": 8.94082736969,
        "min": 2.69618439674,
        "var": 28.0750179291
    },
    "erbbands_flatness_db": {
        "dmean": 0.0213032867759,
        "dmean2": 0.0303605925292,
        "dvar": 0.000487936456921,
        "dvar2": 0.000944518134929,
        "max": 0.549585580826,
        "mean": 0.227604955435,
        "median": 0.18767952919,
        "min": 0.071896225214,
        "var": 0.0123267304152
    },
    "erbbands_kurtosis": {
        "dmean": 1.17600023746,
        "dmean2": 1.79065871239,
        "dvar": 6.18495798111,
        "dvar2": 13.3023166656,
        "max": 93.8577194214,
        "mean": 0.797362446785,
        "median": -0.202609062195,
        "min": -1.76752495766,
        "var": 21.2124290466
    },
    "erbbands_skewness": {
        "dmean": 0.457932263613,
        "dmean2": 0.66459774971,
        "dvar": 0.213678702712,
        "dvar2": 0.428828328848,
        "max": 8.78756523132,
        "mean": 0.339201629162,
        "median": 0.265050113201,
        "min": -2.88392591476,
        "var": 1.08257329464
    },
    "erbbands_spread": {
        "dmean": 8.63781547546,
        "dmean2": 12.7010908127,
        "dvar": 104.459693909,
        "dvar2": 225.575500488,
        "max": 146.1534729,
        "mean": 32.3347511292,
        "median": 29.2790584564,
        "min": 1.2429330349,
        "var": 354.85736084
    },
    "hfc": {
        "dmean": 8.72910118103,
        "dmean2": 12.1387023926,
        "dvar": 185.054901123,
        "dvar2": 333.6434021,
        "max": 148.807830811,
        "mean": 19.512090683,
        "median": 12.355963707,
        "min": 1.11490367575e-16,
        "var": 505.553710938
    },
    "melbands_crest": {
        "dmean": 3.83296537399,
        "dmean2": 6.25233745575,
        "dvar": 13.7607984543,
        "dvar2": 34.2244377136,
        "max": 34.6867752075,
        "mean": 14.8942708969,
        "median": 13.7245521545,
        "min": 1.76414358616,
        "var": 42.9812164307
    },
    "melbands_flatness_db": {
        "dmean": 0.0347938090563,
        "dmean2": 0.0498842559755,
        "dvar": 0.00129003357142,
        "dvar2": 0.00255658198148,
        "max": 0.722669363022,
        "mean": 0.230825513601,
        "median": 0.216912850738,
        "min": 0.00384400784969,
        "var": 0.0156679488719
    },
    "melbands_kurtosis": {
        "dmean": 8.15221786499,
        "dmean2": 12.6704425812,
        "dvar": 416.951080322,
        "dvar2": 961.642089844,
        "max": 278.877197266,
        "mean": 13.6689414978,
        "median": 3.87371015549,
        "min": -1.83162486553,
        "var": 1057.29052734
    },
    "melbands_skewness": {
        "dmean": 0.789533615112,
        "dmean2": 1.17309486866,
        "dvar": 1.04261147976,
        "dvar2": 2.13358688354,
        "max": 13.6118984222,
        "mean": 2.32686424255,
        "median": 1.76140880585,
        "min": -1.11994040012,
        "var": 4.54571676254
    },
    "melbands_spread": {
        "dmean": 11.0977420807,
        "dmean2": 16.2561187744,
        "dvar": 310.046905518,
        "dvar2": 582.89855957,
        "max": 194.554550171,
        "mean": 27.7841300964,
        "median": 18.4496688843,
        "min": 0.331220924854,
        "var": 799.998046875
    },
    "pitch_salience": {
        "dmean": 0.0809625312686,
        "dmean2": 0.128331303596,
        "dvar": 0.0060480623506,
        "dvar2": 0.0149654988199,
        "max": 0.90915876627,
        "mean": 0.542065322399,
        "median": 0.547404408455,
        "min": 0.0518405437469,
        "var": 0.0207665935159
    },
    "silence_rate_20dB": {
        "dmean": 0,
        "dmean2": 0,
        "dvar": 0,
        "dvar2": 0,
        "max": 1,
        "mean": 1,
        "median": 1,
        "min": 1,
        "var": 0
    },
    "silence_rate_30dB": {
        "dmean": 0.0270897839218,
        "dmean2": 0.0542005412281,
        "dvar": 0.0263555366546,
        "dvar2": 0.0512628667057,
        "max": 1,
        "mean": 0.960928440094,
        "median": 1,
        "min": 0,
        "var": 0.0375445969403
    },
    "silence_rate_60dB": {
        "dmean": 0.0514705888927,
        "dmean2": 0.102981030941,
        "dvar": 0.048820130527,
        "dvar2": 0.108637057245,
        "max": 1,
        "mean": 0.194197297096,
        "median": 0,
        "min": 0,
        "var": 0.156490877271
    },
    "spectral_centroid": {
        "dmean": 362.31149292,
        "dmean2": 510.737518311,
        "dvar": 220829.109375,
        "dvar2": 377225.5625,
        "max": 11388.9560547,
        "mean": 1457.73364258,
        "median": 1198.90307617,
        "min": 221.766906738,
        "var": 854864.1875
    },
    "spectral_complexity": {
        "dmean": 4.87267780304,
        "dmean2": 6.71428585052,
        "dvar": 40.563079834,
        "dvar2": 63.5097160339,
        "max": 60,
        "mean": 16.0738868713,
        "median": 12,
        "min": 0,
        "var": 152.796447754
    },
    "spectral_decrease": {
        "dmean": 2.6969670941e-09,
        "dmean2": 4.04686151256e-09,
        "dvar": 2.85025891919e-17,
        "dvar2": 5.2586637632e-17,
        "max": 1.11940453009e-28,
        "mean": -5.77164227522e-09,
        "median": -2.96169511138e-09,
        "min": -5.67239375471e-08,
        "var": 6.99821267999e-17
    },
    "spectral_energy": {
        "dmean": 0.0107504669577,
        "dmean2": 0.0160290244967,
        "dvar": 0.000419629883254,
        "dvar2": 0.00077175500337,
        "max": 0.216324314475,
        "mean": 0.0235533285886,
        "median": 0.0130761265755,
        "min": 1.04978743619e-20,
        "var": 0.00105186447036
    },
    "spectral_energyband_high": {
        "dmean": 0.000606206420343,
        "dmean2": 0.000794125953689,
        "dvar": 1.75208697328e-06,
        "dvar2": 3.00020906252e-06,
        "max": 0.0193370692432,
        "mean": 0.00108063709922,
        "median": 0.000159574236022,
        "min": 7.43998635452e-21,
        "var": 4.55775170849e-06
    },
    "spectral_energyband_low": {
        "dmean": 0.00519235804677,
        "dmean2": 0.00812625419348,
        "dvar": 0.000351505441358,
        "dvar2": 0.000709542247932,
        "max": 0.199930712581,
        "mean": 0.00896170176566,
        "median": 0.000284527603071,
        "min": 3.59929904911e-23,
        "var": 0.000714648340363
    },
    "spectral_energyband_middle_high": {
        "dmean": 0.00229910970666,
        "dmean2": 0.00330397230573,
        "dvar": 1.31664719447e-05,
        "dvar2": 2.56157709373e-05,
        "max": 0.0396064668894,
        "mean": 0.00427876319736,
        "median": 0.00234472402371,
        "min": 1.35220987841e-21,
        "var": 2.70553064183e-05
    },
    "spectral_energyband_middle_low": {
        "dmean": 0.00594469020143,
        "dmean2": 0.00952507462353,
        "dvar": 9.73218629952e-05,
        "dvar2": 0.000256804458331,
        "max": 0.0970491021872,
        "mean": 0.0099571608007,
        "median": 0.0056085139513,
        "min": 1.61154450574e-22,
        "var": 0.000130370521219
    },
    "spectral_entropy": {
        "dmean": 0.228731095791,
        "dmean2": 0.325759291649,
        "dvar": 0.06600522995,
        "dvar2": 0.126537412405,
        "max": 9.80114555359,
        "mean": 7.26469135284,
        "median": 7.40974283218,
        "min": 3.24953889847,
        "var": 0.849831581116
    },
    "spectral_flux": {
        "dmean": 0.0307666640729,
        "dmean2": 0.0472873002291,
        "dvar": 0.0016709259944,
        "dvar2": 0.00338893616572,
        "max": 0.452611535788,
        "mean": 0.0862445533276,
        "median": 0.0761376395822,
        "min": 6.62226315451e-11,
        "var": 0.00487912073731
    },
    "spectral_kurtosis": {
        "dmean": 4.39162254333,
        "dmean2": 7.34392929077,
        "dvar": 46.054019928,
        "dvar2": 134.428070068,
        "max": 118.50718689,
        "mean": 8.87375831604,
        "median": 4.44300746918,
        "min": -1.23603653908,
        "var": 141.489852905
    },
    "spectral_rms": {
        "dmean": 0.000948589586187,
        "dmean2": 0.00136845884845,
        "dvar": 1.68932763245e-06,
        "dvar2": 3.00205874737e-06,
        "max": 0.0145274950191,
        "mean": 0.00404537608847,
        "median": 0.00357172172517,
        "min": 3.20028573954e-12,
        "var": 6.61376816424e-06
    },
    "spectral_rolloff": {
        "dmean": 724.879577637,
        "dmean2": 1138.02478027,
        "dvar": 1630240.125,
        "dvar2": 3190696.5,
        "max": 19164.5507812,
        "mean": 1991.45336914,
        "median": 1399.65820312,
        "min": 64.599609375,
        "var": 4131685.5
    },
    "spectral_skewness": {
        "dmean": 0.445584088564,
        "dmean2": 0.706656396389,
        "dvar": 0.257475078106,
        "dvar2": 0.724801123142,
        "max": 8.55705833435,
        "mean": 1.75915396214,
        "median": 1.5314258337,
        "min": -0.0643987506628,
        "var": 0.829715371132
    },
    "spectral_spread": {
        "dmean": 577212.5625,
        "dmean2": 848254.6875,
        "dvar": 858926022656,
        "dvar2": 1.61571012608e+12,
        "max": 42285752,
        "mean": 3944198.5,
        "median": 4116948,
        "min": 658909.625,
        "var": 5.52129475379e+12
    },
    "spectral_strongpeak": {
        "dmean": 0.468988388777,
        "dmean2": 0.780174672604,
        "dvar": 0.436850577593,
        "dvar2": 1.13475310802,
        "max": 7.22212362289,
        "mean": 0.930609405041,
        "median": 0.712795615196,
        "min": 2.6600824321e-10,
        "var": 0.647475361824
    },
    "zerocrossingrate": {
        "dmean": 0.0162236355245,
        "dmean2": 0.0173435304314,
        "dvar": 0.00054327188991,
        "dvar2": 0.000658435397781,
        "max": 0.51025390625,
        "mean": 0.0693669170141,
        "median": 0.052734375,
        "min": 0.005859375,
        "var": 0.00297250854783
    },
    "barkbands": {
        "dmean": [0.000315751152812, 0.00392123591155, 0.00231548235752, 0.00147611217108, 0.00120721152052, 0.00192526436877, 0.00192064081784, 0.00102822750341, 0.000742042844649, 0.000428264029324, 0.000346573273418, 0.000271867640549, 0.000361704063835, 0.000348710425897, 0.000464796641609, 0.000346740474924, 0.000336662633345, 0.000214729792788, 0.000154001361807, 0.000167369114934, 0.000143430093885, 0.000152965556481, 0.000102187033917, 0.000115425267722, 6.85100676492e-05, 2.27022592298e-05, 7.04834690168e-07],
        "dmean2": [0.00041138092638, 0.00648471340537, 0.00401610508561, 0.00258514191955, 0.00194278592244, 0.00311483512633, 0.00317283114418, 0.00165292236488, 0.00115814094897, 0.000667949847411, 0.000582647684496, 0.000449056125944, 0.000598010607064, 0.000544138427358, 0.000721619173419, 0.000526431016624, 0.000511846563313, 0.000331036630087, 0.000224675080972, 0.000248776603257, 0.000192273349967, 0.000214044135646, 0.000146237769513, 0.000175163775566, 0.000100095538073, 3.06851288769e-05, 1.03120237327e-06],
        "dvar": [1.17999934446e-06, 0.000258783373283, 9.70731416601e-05, 2.24226860155e-05, 7.20281332178e-06, 1.27334296849e-05, 1.91781218746e-05, 5.24432834936e-06, 3.56235750587e-06, 1.41529278608e-06, 8.13143628875e-07, 4.45444300112e-07, 5.79873415063e-07, 6.11350401414e-07, 9.88383931144e-07, 5.05857713051e-07, 5.48250682186e-07, 1.60072715971e-07, 9.20099552104e-08, 9.54062642222e-08, 7.25261841694e-08, 1.81641553354e-07, 7.53866444825e-08, 9.62521582437e-08, 5.42050280217e-08, 4.7531538705e-09, 4.29842489727e-12],
        "dvar2": [1.9414937924e-06, 0.000641904363874, 0.000266597693553, 6.37915291009e-05, 1.83253068826e-05, 3.09959723381e-05, 5.02491566294e-05, 1.23703812278e-05, 8.09321591078e-06, 2.85281498691e-06, 1.94655558516e-06, 1.12662496576e-06, 1.42530359426e-06, 1.34813285513e-06, 2.21946197598e-06, 1.13725559459e-06, 1.24178166061e-06, 3.49041300751e-07, 1.70778548636e-07, 1.97977982452e-07, 1.3677991717e-07, 3.32181059548e-07, 1.46604236306e-07, 1.88662454548e-07, 1.13681814184e-07, 8.42368486076e-09, 9.30415813838e-12],
        "max": [0.0126864556223, 0.172405868769, 0.105474986136, 0.0544452145696, 0.0278540793806, 0.0331469327211, 0.0532052665949, 0.0300507303327, 0.0324652194977, 0.0225338488817, 0.013004668057, 0.0117983911186, 0.0106117306277, 0.00913708563894, 0.0121638309211, 0.0147966695949, 0.00783719774336, 0.00428229151294, 0.00503317546099, 0.00290968711488, 0.00373403751291, 0.00922370608896, 0.00459685875103, 0.00533321220428, 0.00546338129789, 0.00142387556843, 2.83772133116e-05],
        "mean": [0.000525463547092, 0.00545312650502, 0.0023621597793, 0.001371505321, 0.00144332798664, 0.00250496715307, 0.00215088017285, 0.00113185564987, 0.00118197081611, 0.000529184413608, 0.000457865768112, 0.000318753678584, 0.000554543163162, 0.000393028429244, 0.000525518960785, 0.000460268580355, 0.000441232812591, 0.000313070951961, 0.000234550738242, 0.000249578413786, 0.000243555230554, 0.000246348616201, 0.000163386910572, 0.000164282973856, 9.79304677458e-05, 3.41525992553e-05, 7.99443967026e-07],
        "median": [5.25465793544e-06, 5.45514340047e-05, 3.09855495289e-05, 0.000128179701278, 0.000283312256215, 0.000841364148073, 0.000744002580177, 0.000153533663251, 0.000561416964047, 9.3226932222e-05, 0.000232208782109, 5.75818485231e-05, 0.000276908860542, 7.74512518547e-05, 7.72166895331e-05, 0.000137034687214, 0.000106024912384, 9.45795254665e-05, 6.63643368171e-05, 3.82502003049e-05, 2.41528050537e-05, 2.4791341275e-05, 1.63989607245e-05, 2.38851298491e-05, 1.25819024106e-05, 4.18964145865e-06, 7.01708602335e-09],
        "min": [5.31950168192e-24, 5.68466421165e-24, 3.26898713199e-24, 3.24182704545e-24, 1.01570369609e-23, 3.98944062275e-23, 3.12624030572e-23, 2.98209964112e-23, 3.71581980015e-23, 4.41101546356e-23, 9.39167685311e-23, 6.43032267608e-23, 7.51710100424e-23, 5.38013297889e-23, 8.17703742509e-23, 8.56554006131e-23, 8.89377056893e-23, 2.05728184054e-22, 2.04868148963e-22, 2.6861910367e-22, 4.07837225736e-22, 5.09676997655e-22, 4.74214910553e-22, 7.0296574138e-22, 8.1854777319e-22, 1.50613433675e-21, 2.25542951306e-21],
        "var": [2.89896365757e-06, 0.000342869956512, 9.02836109162e-05, 1.69237482623e-05, 8.53861638461e-06, 1.74317829078e-05, 1.81848427019e-05, 6.86667181071e-06, 6.14683767708e-06, 2.13735438592e-06, 9.08461288418e-07, 4.94416269703e-07, 6.72846226735e-07, 8.17778072815e-07, 1.38061272992e-06, 8.81396204022e-07, 7.66353537074e-07, 2.89581095103e-07, 1.81108575248e-07, 2.07527847351e-07, 1.87578550026e-07, 3.73084617422e-07, 1.52524833652e-07, 1.74128459207e-07, 9.24289551563e-08, 1.11489200094e-08, 5.98140374036e-12]
    },
    "erbbands": {
        "dmean": [0.130397364497, 0.961198806763, 2.53127145767, 3.99124717712, 4.59911251068, 3.53361463547, 4.99014425278, 20.8055610657, 30.2563343048, 20.9527721405, 22.5816860199, 16.4096775055, 13.918762207, 12.8605871201, 12.2179870605, 11.182264328, 16.0662212372, 16.5567550659, 21.8445644379, 21.1815719604, 18.3503341675, 17.7738208771, 11.6048955917, 8.40659809113, 7.727206707, 8.28433322906, 6.83769655228, 5.14020633698, 5.13003826141, 4.85981893539, 2.81229257584, 2.31603455544, 1.99093103409, 0.964164912701, 0.388370841742, 0.141784697771, 0.0344434455037, 0.00373717141338, 9.05984561541e-05, 1.53470937221e-05],
        "dmean2": [0.184825643897, 1.63948023319, 4.12797164917, 7.23937559128, 7.34993314743, 5.99604701996, 7.90397930145, 33.8816375732, 49.9740791321, 35.0223617554, 35.4912452698, 25.5796737671, 21.0921974182, 21.062538147, 20.5640182495, 17.9694423676, 26.2402858734, 25.7618751526, 33.9254493713, 31.644859314, 27.7395496368, 27.2466430664, 17.6988296509, 12.4802036285, 11.1272010803, 12.570192337, 8.93727302551, 7.17568540573, 7.13427782059, 6.87824440002, 4.03635787964, 3.49609422684, 2.99580049515, 1.43054652214, 0.541570663452, 0.192183434963, 0.0479006208479, 0.0050623328425, 0.000120271382912, 2.16476510104e-05],
        "dvar": [0.180661588907, 19.8437538147, 105.05065155, 234.73739624, 109.39151001, 72.4557418823, 116.438369751, 1494.35986328, 4760.34960938, 1735.13452148, 2924.16186523, 2000.0501709, 1414.03027344, 835.614257812, 1103.76098633, 697.950866699, 1128.71801758, 1210.31665039, 2469.27172852, 1980.26855469, 1254.33105469, 1584.8449707, 477.161102295, 255.037445068, 200.575942993, 245.032531738, 148.760879517, 110.09651947, 180.995864868, 200.759674072, 60.2700767517, 30.9074115753, 35.1542739868, 11.0332517624, 1.59419500828, 0.206093147397, 0.0120048187673, 7.12778855814e-05, 4.14774419255e-08, 6.31651453364e-10],
        "dvar2": [0.400747001171, 51.9939460754, 250.80418396, 688.546081543, 265.565368652, 191.664093018, 289.440155029, 3666.4855957, 12341.6357422, 4574.40820312, 6663.85839844, 4568.38037109, 2826.78271484, 1958.02209473, 2644.42260742, 1724.77624512, 2765.43676758, 2820.19995117, 5394.84570312, 4229.51611328, 2697.37280273, 3759.94384766, 1077.23388672, 452.711273193, 383.371826172, 504.348297119, 260.610870361, 223.523269653, 343.169555664, 393.324829102, 117.090156555, 64.4518280029, 70.4070205688, 24.5000667572, 2.96300673485, 0.356212973595, 0.0232091825455, 0.000129790074425, 7.36898329023e-08, 1.11814346671e-09],
        "max": [4.71599340439, 46.7801895142, 116.569091797, 155.62336731, 113.798454285, 80.835395813, 138.385665894, 344.037445068, 794.057006836, 403.826904297, 705.20916748, 887.186401367, 720.315795898, 456.01373291, 468.73135376, 520.434570312, 471.081756592, 408.760345459, 747.227905273, 706.361450195, 479.285247803, 433.535003662, 266.704071045, 237.82901001, 221.946762085, 154.3646698, 159.921356201, 184.805053711, 265.289367676, 278.149627686, 151.06678772, 85.3750152588, 112.190391541, 71.373008728, 25.8464317322, 8.61590862274, 2.69865918159, 0.162144243717, 0.0038580079563, 0.000291735341307],
        "mean": [0.187426194549, 1.08563709259, 2.81077885628, 3.6824491024, 5.97201871872, 3.70603132248, 6.08857488632, 26.5891857147, 33.8313751221, 23.306388855, 28.3726119995, 26.1368560791, 20.5167312622, 19.5173740387, 13.4364967346, 13.7433748245, 25.7333602905, 21.8266201019, 25.0803909302, 26.9691524506, 25.4131984711, 24.1616439819, 17.4552955627, 12.7880878448, 12.2613115311, 12.1185932159, 11.4723072052, 8.48302268982, 8.16686153412, 7.22462129593, 4.49959039688, 3.38058805466, 2.7272632122, 1.32346773148, 0.583605110645, 0.213249027729, 0.0508499220014, 0.00556590314955, 0.0001432896388, 3.50727386831e-05],
        "median": [0.00159410911147, 0.0134167252108, 0.0538934729993, 0.369030386209, 1.1386204958, 0.719025552273, 1.71647584438, 9.37159156799, 9.57523918152, 9.80659770966, 4.58833217621, 13.0997419357, 4.66289520264, 11.0941390991, 3.59997367859, 3.14694452286, 13.218170166, 8.35101890564, 4.05867671967, 5.38118457794, 6.64559412003, 6.30108642578, 6.29676389694, 3.19174647331, 3.44578385353, 1.78990471363, 1.15877664089, 0.860647320747, 0.862435698509, 0.663293778896, 0.447415441275, 0.47258374095, 0.390784442425, 0.171329557896, 0.0701157823205, 0.0240867454559, 0.00652981130406, 0.000679013668559, 2.64730151684e-05, 2.07629655051e-05],
        "min": [3.19001415632e-22, 8.03906615763e-22, 4.57822820181e-21, 2.15084811502e-20, 3.29550016199e-20, 2.46649587468e-20, 7.40808028577e-20, 4.45942890997e-19, 3.04419267526e-19, 5.24909688174e-19, 7.44431790519e-19, 9.04845530844e-19, 8.01121890017e-19, 1.48762715282e-18, 3.52237534422e-18, 3.00335176989e-18, 3.41619161655e-18, 2.29000403092e-18, 4.57598548252e-18, 5.3400108553e-18, 5.53871204615e-18, 5.38517326239e-18, 9.7236685736e-18, 9.90390709317e-18, 8.29747684866e-18, 1.22370816803e-17, 1.55341739711e-17, 1.68444528768e-17, 1.70047505533e-17, 1.48435972736e-17, 1.40141303338e-17, 1.65020927474e-17, 1.02473673728e-17, 8.69607781506e-18, 6.45298236949e-18, 5.04785645322e-18, 2.62485170596e-18, 9.44352193887e-19, 3.22765487277e-19, 3.27893974763e-20],
        "var": [0.353332072496, 19.2555847168, 120.427116394, 164.177307129, 152.735519409, 67.4510421753, 157.256942749, 1979.9609375, 4768.66699219, 1654.4173584, 4186.21533203, 3186.18554688, 2360.421875, 1099.33312988, 1170.61950684, 833.573669434, 1319.44213867, 1570.3302002, 3272.63134766, 3311.55200195, 2217.625, 2144.02832031, 816.899780273, 526.216003418, 429.838928223, 503.731231689, 420.120513916, 247.319030762, 362.458526611, 392.460174561, 118.583786011, 56.7031745911, 60.2425346375, 16.5741176605, 3.29497599602, 0.49409750104, 0.0238523036242, 0.000160843585036, 9.46006224467e-08, 1.8661470147e-09]
    },
    "gfcc": {
        "mean": [-67.2806854248, 94.3831939697, -155.802383423, 6.76397323608, -67.7395935059, -11.0372800827, -41.2698135376, 4.13205909729, -15.4283475876, 3.65467023849, -7.22021341324, -0.573501646519, -8.01189804077],
        "cov": [[18535.6757812, -4700.94873047, 4469.87060547, 4018.34741211, -1064.38244629, 3824.28491211, -821.991516113, 1105.89245605, -1125.03930664, 459.432220459, -1625.19677734, -118.718734741, -1261.60095215], [-4700.94873047, 3142.28955078, -1558.015625, -1268.61853027, 687.317443848, -1275.35656738, 484.74395752, -390.956726074, 600.084899902, -254.105407715, 705.859375, 16.5972137451, 496.859710693], [4469.87060547, -1558.015625, 3066.5168457, 1743.85009766, 7.77838897705, 1641.50927734, -416.408477783, 531.985046387, -405.519744873, 279.740631104, -568.47454834, 96.3144989014, -353.968994141], [4018.34741211, -1268.61853027, 1743.85009766, 1617.7076416, -13.5288906097, 1189.92932129, -118.16708374, 360.877166748, -212.773361206, 186.25328064, -370.017791748, 27.6696853638, -239.352005005], [-1064.38244629, 687.317443848, 7.77838897705, -13.5288906097, 490.05847168, -140.002700806, 74.3777923584, 3.86138033867, 201.30015564, 20.4790096283, 138.917602539, 40.2189445496, 173.974868774], [3824.28491211, -1275.35656738, 1641.50927734, 1189.92932129, -140.002700806, 1382.0291748, -17.4485301971, 419.018676758, -239.336090088, 223.273696899, -386.780792236, -36.0425300598, -344.456939697], [-821.991516113, 484.74395752, -416.408477783, -118.16708374, 74.3777923584, -17.4485301971, 641.569396973, 24.7168655396, 185.118026733, 41.0608558655, 234.77116394, 5.35118246078, 44.5366592407], [1105.89245605, -390.956726074, 531.985046387, 360.877166748, 3.86138033867, 419.018676758, 24.7168655396, 282.133911133, 4.41247844696, 95.5069122314, -86.0573196411, 27.3962211609, -81.0627975464], [-1125.03930664, 600.084899902, -405.519744873, -212.773361206, 201.30015564, -239.336090088, 185.118026733, 4.41247844696, 324.129333496, 19.5793170929, 213.724029541, 24.0806713104, 164.149169922], [459.432220459, -254.105407715, 279.740631104, 186.25328064, 20.4790096283, 223.273696899, 41.0608558655, 95.5069122314, 19.5793170929, 173.083984375, -9.66406917572, 23.5727825165, -14.0937395096], [-1625.19677734, 705.859375, -568.47454834, -370.017791748, 138.917602539, -386.780792236, 234.77116394, -86.0573196411, 213.724029541, -9.66406917572, 333.595001221, 66.0179367065, 165.051040649], [-118.718734741, 16.5972137451, 96.3144989014, 27.6696853638, 40.2189445496, -36.0425300598, 5.35118246078, 27.3962211609, 24.0806713104, 23.5727825165, 66.0179367065, 149.217437744, 71.4583511353], [-1261.60095215, 496.859710693, -353.968994141, -239.352005005, 173.974868774, -344.456939697, 44.5366592407, -81.0627975464, 164.149169922, -14.0937395096, 165.051040649, 71.4583511353, 231.568817139]],
        "icov": [[0.000287671748083, -0.000334432261297, 0.000418713578256, -0.000644499901682, 0.000481786613818, -0.000479622889543, 0.00039613127592, -0.000294620462228, 0.00016008928651, -0.000456140580354, 0.000744400487747, -0.000625056563877, 0.000525040610228], [-0.000334432261297, 0.00207704887725, -0.00111037201714, 0.00155913538765, -0.00193044065963, 0.000679154298268, -0.00108771992382, 0.00131988921203, -0.0012118286686, 0.00261272070929, -0.00250548450276, 0.00176965689752, -0.000974795955699], [0.000418713578256, -0.00111037201714, 0.00262425048277, -0.00179326243233, 0.000305123772705, -0.00208884547465, 0.00166558253113, -0.00118952954654, 0.00150079058949, -0.00175556249451, 0.00180731900036, -0.0026236071717, 0.00109905318823], [-0.000644499901682, 0.00155913538765, -0.00179326243233, 0.00396020757034, -0.00190700870007, -0.000217946624616, -0.00130577664822, 0.00144801102579, -0.00109193602111, 0.00231689494103, -0.00188846269157, 0.00150703650434, -0.00184186885599], [0.000481786613818, -0.00193044065963, 0.000305123772705, -0.00190700870007, 0.0056983535178, -0.000329796224833, 0.000911840645131, -0.00129919114988, -0.000476485060062, -0.00215683365241, 0.0020691959653, -0.000561535649467, -0.00123478786554], [-0.000479622889543, 0.000679154298268, -0.00208884547465, -0.000217946624616, -0.000329796224833, 0.0062626185827, -0.00220160395838, -0.00153983547352, -0.000461502117105, -0.000940433645155, 5.03415176354e-05, 0.00239985762164, 0.00145278661512], [0.00039613127592, -0.00108771992382, 0.00166558253113, -0.00130577664822, 0.000911840645131, -0.00220160395838, 0.00386306270957, -0.000903772655874, 0.000332056224579, -0.00143082637805, -0.000978115014732, -0.00122217996977, 0.00142084830441], [-0.000294620462228, 0.00131988921203, -0.00118952954654, 0.00144801102579, -0.00129919114988, -0.00153983547352, -0.000903772655874, 0.00939609669149, -0.00424974225461, 0.00101060979068, -0.000377556018066, -0.00147166021634, 0.00118708738592], [0.00016008928651, -0.0012118286686, 0.00150079058949, -0.00109193602111, -0.000476485060062, -0.000461502117105, 0.000332056224579, -0.00424974225461, 0.010015158914, -0.00229089916684, -0.00203153607436, 0.00161717552692, -0.00353209441528], [-0.000456140580354, 0.00261272070929, -0.00175556249451, 0.00231689494103, -0.00215683365241, -0.000940433645155, -0.00143082637805, 0.00101060979068, -0.00229089916684, 0.0119492234662, -0.00434020906687, 0.00196014530957, -0.00268946168944], [0.000744400487747, -0.00250548450276, 0.00180731900036, -0.00188846269157, 0.0020691959653, 5.03415176354e-05, -0.000978115014732, -0.000377556018066, -0.00203153607436, -0.00434020906687, 0.0142527697608, -0.00657125236467, 0.0018633272266], [-0.000625056563877, 0.00176965689752, -0.0026236071717, 0.00150703650434, -0.000561535649467, 0.00239985762164, -0.00122217996977, -0.00147166021634, 0.00161717552692, 0.00196014530957, -0.00657125236467, 0.0139615554363, -0.00659519201145], [0.000525040610228, -0.000974795955699, 0.00109905318823, -0.00184186885599, -0.00123478786554, 0.00145278661512, 0.00142084830441, 0.00118708738592, -0.00353209441528, -0.00268946168944, 0.0018633272266, -0.00659519201145, 0.0153246922418]]
    },
    "melbands": {
        "dmean": [0.00102379231248, 0.0012618387118, 0.000693087582476, 0.000288751878543, 0.000167363861692, 0.000449639948783, 0.000442525080871, 0.00022433414415, 0.000186312186997, 0.000101480494777, 7.12461405783e-05, 5.37231426279e-05, 4.51783489552e-05, 3.07663867716e-05, 3.1313215004e-05, 3.88975786336e-05, 3.15430115734e-05, 3.50011141563e-05, 3.47813293047e-05, 2.69957581622e-05, 2.12092163565e-05, 2.12970808207e-05, 1.27844377857e-05, 1.10666842374e-05, 6.52498511045e-06, 6.31140665064e-06, 5.37802634426e-06, 5.7397328419e-06, 4.83607618662e-06, 3.4992979181e-06, 3.05172898152e-06, 2.75807701655e-06, 3.58715101356e-06, 2.428498874e-06, 1.72089062289e-06, 1.41862290093e-06, 1.48690764945e-06, 1.54959548126e-06, 1.11130702862e-06, 7.67975222971e-07],
        "dmean2": [0.0015913565876, 0.00201192568056, 0.00120360753499, 0.000466528726975, 0.000269540731097, 0.000731959880795, 0.000727020553313, 0.000373286224203, 0.000294359721011, 0.000158530980116, 0.000108463944343, 8.80732477526e-05, 7.53465792513e-05, 5.11826146976e-05, 4.97973160236e-05, 6.38663623249e-05, 4.98343179061e-05, 5.57134735573e-05, 5.3530686273e-05, 4.06995459343e-05, 3.23435779137e-05, 3.25641813106e-05, 2.04629377549e-05, 1.64478387887e-05, 9.90345597529e-06, 9.21603532333e-06, 8.00830730441e-06, 8.84274777491e-06, 6.42953318675e-06, 5.1151127991e-06, 4.3597219701e-06, 3.91734556615e-06, 5.14327120982e-06, 3.49618790096e-06, 2.52570612247e-06, 2.13466410059e-06, 2.25620578931e-06, 2.35827906181e-06, 1.67556902397e-06, 1.15472141715e-06],
        "dvar": [1.29008694785e-05, 2.6936235372e-05, 5.69236681258e-06, 4.00558803904e-07, 1.37874124562e-07, 6.83139660396e-07, 9.80221898317e-07, 1.96130940822e-07, 2.09062477552e-07, 7.40806953559e-08, 3.78537983181e-08, 1.6265868652e-08, 1.56636570381e-08, 6.33474250833e-09, 6.2045932836e-09, 5.83337955717e-09, 5.04269781487e-09, 6.75193234656e-09, 5.66770408383e-09, 3.95330790326e-09, 1.65618241343e-09, 2.50480458597e-09, 6.24091833767e-10, 5.15058995454e-10, 1.65406632835e-10, 1.60023452822e-10, 9.72277397482e-11, 1.17349158169e-10, 7.90338905432e-11, 4.45038589314e-11, 4.05081350408e-11, 4.88815724009e-11, 1.29192392895e-10, 4.54352978851e-11, 2.46452407093e-11, 1.27688684279e-11, 1.34921024006e-11, 2.27828363814e-11, 1.38830093255e-11, 7.3428806438e-12],
        "dvar2": [2.87913444481e-05, 6.13223601249e-05, 1.63085369422e-05, 9.82200617727e-07, 3.55458610102e-07, 1.6717476683e-06, 2.55379586633e-06, 5.12107931172e-07, 4.75569294167e-07, 1.68920081478e-07, 7.62902914175e-08, 3.80140363632e-08, 3.7379585649e-08, 1.63633231409e-08, 1.4685359595e-08, 1.43102933947e-08, 1.19542162835e-08, 1.46270187074e-08, 1.24548158453e-08, 9.20709020136e-09, 3.57061380463e-09, 5.97845684069e-09, 1.53420542937e-09, 1.12445786016e-09, 3.08888248313e-10, 3.1875035944e-10, 2.03776967522e-10, 2.50348797248e-10, 1.45040465749e-10, 9.72256511411e-11, 8.59436688483e-11, 1.01394871665e-10, 2.55311743969e-10, 9.16382109084e-11, 4.85351620005e-11, 2.76900533752e-11, 2.89195455777e-11, 4.70768493632e-11, 3.13564695043e-11, 1.60808744792e-11],
        "max": [0.0353276431561, 0.0554175935686, 0.0258728228509, 0.00678598508239, 0.00379824195988, 0.00744572188705, 0.0118415709585, 0.00469912961125, 0.00601109210402, 0.00501065235585, 0.00377027806826, 0.00195733574219, 0.00197347765788, 0.00117302045692, 0.00130171980709, 0.00126642594114, 0.000833625323139, 0.00131920981221, 0.000863149587531, 0.00152816867922, 0.000524259463418, 0.000563818379305, 0.0002514575026, 0.000253133272054, 0.000196630964638, 0.000238381049712, 0.000126607585116, 0.000104579048639, 0.000112106870802, 9.8559896287e-05, 0.000102373342088, 0.000136345872306, 0.000282197172055, 0.000122288125567, 9.97930983431e-05, 5.32514823135e-05, 5.98256774538e-05, 9.82308047242e-05, 6.76616182318e-05, 5.58619249205e-05],
        "mean": [0.0015638563782, 0.00148952146992, 0.000737161899451, 0.000365180632798, 0.00019433820853, 0.000578614708502, 0.000505658623297, 0.000241638059379, 0.000234128499869, 0.000162223237567, 9.97602328425e-05, 7.74725049268e-05, 5.19309724041e-05, 3.14434182656e-05, 4.0525541408e-05, 6.52305534459e-05, 3.58429424523e-05, 3.82939251722e-05, 4.01258330385e-05, 3.46190936398e-05, 2.85541500489e-05, 2.70154851023e-05, 1.73251337401e-05, 1.4910482605e-05, 9.65980416368e-06, 9.21531227505e-06, 8.2746055341e-06, 7.88178022049e-06, 7.57820225772e-06, 5.56317399969e-06, 4.79686787003e-06, 4.41138035967e-06, 5.02362127008e-06, 3.54349685949e-06, 2.66086590273e-06, 2.0930951905e-06, 2.05943206311e-06, 2.04815228244e-06, 1.46585250604e-06, 1.01311172784e-06],
        "median": [1.48142271428e-05, 2.54602018686e-05, 0.000113597234304, 6.81692181388e-05, 5.16061300004e-05, 0.000197984016268, 0.000165513381944, 8.80408479134e-05, 3.3085263567e-05, 8.50494325277e-05, 1.84766959137e-05, 4.11285000155e-05, 1.90376849787e-05, 5.74121622776e-06, 1.22934843603e-05, 3.5246808693e-05, 7.02452098267e-06, 5.26674466528e-06, 5.89446426602e-06, 8.75577279658e-06, 6.76677564115e-06, 6.35141805105e-06, 5.7703400671e-06, 3.72457975573e-06, 2.18974059862e-06, 2.92444360639e-06, 1.65359938364e-06, 1.05116350824e-06, 7.66973414557e-07, 5.62862965126e-07, 4.61456892253e-07, 4.72623611358e-07, 4.28946577813e-07, 3.14359056119e-07, 2.50721001294e-07, 2.1911411352e-07, 3.07205255012e-07, 2.86210621425e-07, 1.86005308933e-07, 1.20825546901e-07],
        "min": [2.52214529731e-24, 1.20804936291e-24, 4.31514961537e-24, 2.18200504106e-24, 2.10910423544e-24, 9.15718731795e-24, 5.64351919899e-24, 6.2180911669e-24, 5.64368959295e-24, 5.87345637564e-24, 3.9731220094e-24, 4.10415259462e-24, 1.23213707288e-23, 8.18805276322e-24, 4.73583572549e-24, 6.6651646743e-24, 4.11142234229e-24, 6.90551875921e-24, 6.0574790866e-24, 5.80166332795e-24, 5.72431472733e-24, 5.30284212289e-24, 7.08106082101e-24, 8.82859046332e-24, 7.54455920131e-24, 6.19757486691e-24, 5.85430993261e-24, 8.51749133244e-24, 1.04556507902e-23, 7.57159346453e-24, 1.09623550823e-23, 9.94640084399e-24, 8.59917630145e-24, 7.90160869107e-24, 7.38810836228e-24, 9.5180343841e-24, 1.11293119709e-23, 7.50242771809e-24, 5.66256703441e-24, 6.64882184293e-24],
        "var": [2.39084383793e-05, 3.29672184307e-05, 4.6774321163e-06, 5.37179118965e-07, 1.61235007567e-07, 9.09227821921e-07, 9.68286826719e-07, 1.9816283725e-07, 2.99955843275e-07, 1.19566834655e-07, 6.17686950477e-08, 2.0567293646e-08, 1.69810245865e-08, 6.41811093161e-09, 7.14527326195e-09, 7.59380203164e-09, 6.12652373277e-09, 8.84001494228e-09, 8.21753509683e-09, 6.23300833169e-09, 2.84992407451e-09, 3.16778936416e-09, 8.80081896248e-10, 8.36782032554e-10, 3.18270992894e-10, 2.83688683655e-10, 2.12796169574e-10, 2.25277393961e-10, 2.0173419879e-10, 9.72641064911e-11, 8.53228668274e-11, 9.19011811096e-11, 2.3108794045e-10, 8.68120783593e-11, 4.57241397522e-11, 2.24886272798e-11, 2.27282567766e-11, 3.76476280706e-11, 1.83606636839e-11, 1.15540320367e-11]
    },
    "mfcc": {
        "mean": [-693.792480469, 116.213829041, -25.5466060638, 4.77987003326, -9.6188955307, -17.5758571625, -14.8043107986, -7.45977020264, -6.67071676254, -2.01128172874, -1.62335383892, 2.99219584465, 1.70898640156],
        "cov": [[12799.5205078, -2478.19262695, 2731.65063477, 1663.74279785, 801.111572266, 1943.58032227, 764.824645996, 610.27557373, 506.59777832, 431.274963379, 204.733291626, -190.565048218, -669.789367676], [-2478.19262695, 2508.01123047, -1142.93359375, -380.04309082, -152.645629883, -496.346557617, -12.8332433701, -11.3385372162, -64.1592788696, -13.7963123322, 104.431632996, 146.190460205, 173.002914429], [2731.65063477, -1142.93359375, 2031.00671387, 724.199279785, 561.506835938, 911.140014648, 298.550201416, 281.219970703, 201.704528809, 106.660423279, 23.3932590485, -28.1284866333, -119.832359314], [1663.74279785, -380.04309082, 724.199279785, 705.288269043, 336.750640869, 492.051422119, 198.704376221, 182.218780518, 161.348800659, 92.3003692627, 38.2188301086, 13.2029104233, -41.7553863525], [801.111572266, -152.645629883, 561.506835938, 336.750640869, 582.945556641, 288.84552002, -9.74963951111, 63.4868850708, 119.226524353, 52.4412956238, -26.9463710785, -29.3160705566, 7.04662084579], [1943.58032227, -496.346557617, 911.140014648, 492.051422119, 288.84552002, 723.459777832, 305.607452393, 185.571731567, 202.534957886, 167.289199829, 98.9230728149, 9.81231975555, -89.5582427979], [764.824645996, -12.8332433701, 298.550201416, 198.704376221, -9.74963951111, 305.607452393, 384.314788818, 183.139251709, 104.822052002, 139.40788269, 144.44960022, 77.5947952271, -36.6796646118], [610.27557373, -11.3385372162, 281.219970703, 182.218780518, 63.4868850708, 185.571731567, 183.139251709, 234.37210083, 110.039955139, 61.8237419128, 94.0912857056, 60.4572410583, -0.286089599133], [506.59777832, -64.1592788696, 201.704528809, 161.348800659, 119.226524353, 202.534957886, 104.822052002, 110.039955139, 201.583633423, 130.05581665, 79.2350997925, 30.685382843, 1.51262927055], [431.274963379, -13.7963123322, 106.660423279, 92.3003692627, 52.4412956238, 167.289199829, 139.40788269, 61.8237419128, 130.05581665, 204.040222168, 115.256278992, 31.6312561035, -15.7064933777], [204.733291626, 104.431632996, 23.3932590485, 38.2188301086, -26.9463710785, 98.9230728149, 144.44960022, 94.0912857056, 79.2350997925, 115.256278992, 187.198196411, 73.7319641113, 3.9453997612], [-190.565048218, 146.190460205, -28.1284866333, 13.2029104233, -29.3160705566, 9.81231975555, 77.5947952271, 60.4572410583, 30.685382843, 31.6312561035, 73.7319641113, 123.148544312, 67.1183242798], [-669.789367676, 173.002914429, -119.832359314, -41.7553863525, 7.04662084579, -89.5582427979, -36.6796646118, -0.286089599133, 1.51262927055, -15.7064933777, 3.9453997612, 67.1183242798, 157.801605225]],
