{
"lowlevel": {
    "average_loudness": 0.975915849209,
    "barkbands_crest": {
        "dmean": 2.47899031639,
        "dmean2": 4.27504396439,
        "dvar": 4.80390167236,
        "dvar2": 14.0760879517,
        "max": 22.3285923004,
        "mean": 9.63160514832,
        "median": 9.10730075836,
        "min": 3.37693142891,
        "var": 11.2014217377
    },
    "barkbands_flatness_db": {
        "dmean": 0.0241573210806,
        "dmean2": 0.0374490395188,
        "dvar": 0.000479948328575,
        "dvar2": 0.00101945886854,
        "max": 0.465592890978,
        "mean": 0.142377644777,
        "median": 0.130812957883,
        "min": 0.0343201979995,
        "var": 0.0036673953291
    },
    "barkbands_kurtosis": {
        "dmean": 3.04395413399,
        "dmean2": 5.0741648674,
        "dvar": 16.0786914825,
        "dvar2": 41.5312156677,
        "max": 57.4232254028,
        "mean": 4.79208850861,
        "median": 2.75286579132,
        "min": -1.69297146797,
        "var": 42.5557746887
    },
    "barkbands_skewness": {
        "dmean": 0.559374094009,
        "dmean2": 0.916269898415,
        "dvar": 0.257163465023,
        "dvar2": 0.652821838856,
        "max": 6.60729646683,
        "mean": 1.91648900509,
        "median": 1.83527731895,
        "min": -1.8298766613,
        "var": 1.09559607506
    },
    "barkbands_spread": {
        "dmean": 5.36983966827,
        "dmean2": 8.51978588104,
        "dvar": 25.4419498444,
        "dvar2": 61.0656280518,
        "max": 84.2090454102,
        "mean": 21.1119861603,
        "median": 20.2242240906,
        "min": 0.686944961548,
        "var": 116.070297241
    },
    "dissonance": {
        "dmean": 0.0133473612368,
        "dmean2": 0.0219305567443,
        "dvar": 0.000158435446792,
        "dvar2": 0.000416201131884,
        "max": 0.499625205994,
        "mean": 0.475317329168,
        "median": 0.480077415705,
        "min": 0.357495874166,
        "var": 0.000308575632516
    },
    "dynamic_complexity": 1.73936343193,
    "erbbands_crest": {
        "dmean": 2.30561614037,
        "dmean2": 3.79478621483,
        "dvar": 5.33710670471,
        "dvar2": 13.0708465576,
        "max": 24.0233001709,
        "mean": 7.15191459656,
        "median": 6.04412508011,
        "min": 2.30727243423,
        "var": 12.9308433533
    },
    "erbbands_flatness_db": {
        "dmean": 0.0149388108402,
        "dmean2": 0.0207485835999,
        "dvar": 0.000206839045859,
        "dvar2": 0.00038239051355,
        "max": 0.292860776186,
        "mean": 0.145006164908,
        "median": 0.144726455212,
        "min": 0.0650776848197,
        "var": 0.00149378494825
    },
    "erbbands_kurtosis": {
        "dmean": 0.603329658508,
        "dmean2": 0.970849454403,
        "dvar": 0.509996414185,
        "dvar2": 1.15917491913,
        "max": 9.73212146759,
        "mean": -0.153479114175,
        "median": -0.550636529922,
        "min": -1.53757107258,
        "var": 1.61437571049
    },
    "erbbands_skewness": {
        "dmean": 0.302430540323,
        "dmean2": 0.479440242052,
        "dvar": 0.0757609680295,
        "dvar2": 0.173616468906,
        "max": 2.76976418495,
        "mean": -0.0686920806766,
        "median": -0.0648155212402,
        "min": -2.24684524536,
        "var": 0.262135267258
    },
    "erbbands_spread": {
        "dmean": 8.02532863617,
        "dmean2": 12.5778617859,
        "dvar": 53.0445213318,
        "dvar2": 119.869758606,
        "max": 127.257141113,
        "mean": 43.5598983765,
        "median": 43.0668716431,
        "min": 8.27847480774,
        "var": 225.537353516
    },
    "hfc": {
        "dmean": 6.28821802139,
        "dmean2": 8.58570575714,
        "dvar": 55.4051780701,
        "dvar2": 104.462341309,
        "max": 90.0313034058,
        "mean": 23.7209892273,
        "median": 19.4818840027,
        "min": 1.16599299736e-16,
        "var": 257.377441406
    },
    "melbands_crest": {
        "dmean": 3.40399479866,
        "dmean2": 5.77991962433,
        "dvar": 8.25968265533,
        "dvar2": 22.1201019287,
        "max": 30.9154033661,
        "mean": 16.7226276398,
        "median": 16.1712093353,
        "min": 2.09273481369,
        "var": 28.2697925568
    },
    "melbands_flatness_db": {
        "dmean": 0.0294326655567,
        "dmean2": 0.0458616949618,
        "dvar": 0.000689328706358,
        "dvar2": 0.00153178616893,
        "max": 0.573905825615,
        "mean": 0.219626381993,
        "median": 0.207691714168,
        "min": 0.00895367190242,
        "var": 0.00457249069586
    },
    "melbands_kurtosis": {
        "dmean": 8.5219669342,
        "dmean2": 14.2945623398,
        "dvar": 107.803939819,
        "dvar2": 284.498779297,
        "max": 142.484848022,
        "mean": 17.9015331268,
        "median": 13.2036972046,
        "min": -1.41926896572,
        "var": 283.742828369
    },
    "melbands_skewness": {
        "dmean": 0.830493569374,
        "dmean2": 1.37230193615,
        "dvar": 0.575393438339,
        "dvar2": 1.47311580181,
        "max": 9.79445552826,
        "mean": 3.44032931328,
        "median": 3.30730962753,
        "min": -0.270191013813,
        "var": 2.20360279083
    },
    "melbands_spread": {
        "dmean": 6.06731367111,
        "dmean2": 9.76754379272,
        "dvar": 38.9443473816,
        "dvar2": 96.9313354492,
        "max": 146.891555786,
        "mean": 18.7137088776,
        "median": 15.8636264801,
        "min": 0.537522256374,
        "var": 159.806518555
    },
    "pitch_salience": {
        "dmean": 0.0746308118105,
        "dmean2": 0.126856431365,
        "dvar": 0.00418332172558,
        "dvar2": 0.0113125154749,
        "max": 0.8239544034,
        "mean": 0.536695539951,
        "median": 0.551840722561,
        "min": 0.193629294634,
        "var": 0.0104235038161
    },
    "silence_rate_20dB": {
        "dmean": 0,
        "dmean2": 0,
        "dvar": 0,
        "dvar2": 0,
        "max": 1,
        "mean": 1,
        "median": 1,
        "min": 1,
        "var": 0
    },
    "silence_rate_30dB": {
        "dmean": 0.0487616099417,
        "dmean2": 0.0975609719753,
        "dvar": 0.0463847704232,
        "dvar2": 0.112047977746,
        "max": 1,
        "mean": 0.960541605949,
        "median": 1,
        "min": 0,
        "var": 0.037901006639
    },
    "silence_rate_60dB": {
        "dmean": 0.000386996893212,
        "dmean2": 0.000774293439463,
        "dvar": 0.00038687614142,
        "dvar2": 0.000773690466303,
        "max": 1,
        "mean": 0.00116054154932,
        "median": 0,
        "min": 0,
        "var": 0.00115927832667
    },
    "spectral_centroid": {
        "dmean": 262.656555176,
        "dmean2": 416.425079346,
        "dvar": 68012.34375,
        "dvar2": 134176.234375,
        "max": 11396.4501953,
        "mean": 1248.1517334,
        "median": 1230.41540527,
        "min": 143.2396698,
        "var": 262967.75
    },
    "spectral_complexity": {
        "dmean": 4.59984540939,
        "dmean2": 6.43979883194,
        "dvar": 15.9930343628,
        "dvar2": 28.265794754,
        "max": 53,
        "mean": 25.7659568787,
        "median": 26,
        "min": 0,
        "var": 98.1826019287
    },
    "spectral_decrease": {
        "dmean": 4.04052036274e-09,
        "dmean2": 6.68940769444e-09,
        "dvar": 2.67212904844e-17,
        "dvar2": 6.52560336788e-17,
        "max": -2.60071139862e-29,
        "mean": -1.12664864105e-08,
        "median": -9.59577750592e-09,
        "min": -5.15328615336e-08,
        "var": 4.78563060374e-17
    },
    "spectral_energy": {
        "dmean": 0.0155885284767,
        "dmean2": 0.0256774015725,
        "dvar": 0.000392162590288,
        "dvar2": 0.00095089385286,
        "max": 0.1973977983,
        "mean": 0.0446737967432,
        "median": 0.0381055064499,
        "min": 1.06740428298e-20,
        "var": 0.000722497643437
    },
    "spectral_energyband_high": {
        "dmean": 0.000299417006318,
        "dmean2": 0.000385662075132,
        "dvar": 2.29902894944e-07,
        "dvar2": 4.10583396615e-07,
        "max": 0.0101513648406,
        "mean": 0.00081904703984,
        "median": 0.000447334372438,
        "min": 8.02462533301e-21,
        "var": 1.01454008927e-06
    },
    "spectral_energyband_low": {
        "dmean": 0.0124763641506,
        "dmean2": 0.0213592294604,
        "dvar": 0.000325143773807,
        "dvar2": 0.000842437613755,
        "max": 0.166663706303,
        "mean": 0.0250352043658,
        "median": 0.0187933612615,
        "min": 7.45739370004e-23,
        "var": 0.000470521335956
    },
    "spectral_energyband_middle_high": {
        "dmean": 0.00255172490142,
        "dmean2": 0.00369752384722,
        "dvar": 1.1911765796e-05,
        "dvar2": 2.63246947725e-05,
        "max": 0.0442630685866,
        "mean": 0.00729849701747,
        "median": 0.0049411803484,
        "min": 1.40532624343e-21,
        "var": 4.56613088318e-05
    },
    "spectral_energyband_middle_low": {
        "dmean": 0.00724287796766,
        "dmean2": 0.0123996725306,
        "dvar": 9.69701359281e-05,
        "dvar2": 0.000257308507571,
        "max": 0.0978693217039,
        "mean": 0.013625270687,
        "median": 0.0101146455854,
        "min": 3.67919904677e-22,
        "var": 0.000123626130517
    },
    "spectral_entropy": {
        "dmean": 0.143283158541,
        "dmean2": 0.209097579122,
        "dvar": 0.020704517141,
        "dvar2": 0.036469168961,
        "max": 9.80427074432,
        "mean": 7.6676607132,
        "median": 7.72641181946,
        "min": 5.16309928894,
        "var": 0.134939104319
    },
    "spectral_flux": {
        "dmean": 0.0296980030835,
        "dmean2": 0.0442595519125,
        "dvar": 0.00100262544584,
        "dvar2": 0.00194775615819,
        "max": 0.340831279755,
        "mean": 0.110876657069,
        "median": 0.100791558623,
        "min": 1.03315259126e-10,
        "var": 0.00290310103446
    },
    "spectral_kurtosis": {
        "dmean": 1.59084415436,
        "dmean2": 2.69796013832,
        "dvar": 4.88714742661,
        "dvar2": 11.9569540024,
        "max": 47.9760437012,
        "mean": 4.00120592117,
        "median": 3.49727773666,
        "min": -1.20142567158,
        "var": 9.21227741241
    },
    "spectral_rms": {
        "dmean": 0.00107041164301,
        "dmean2": 0.00174685835373,
        "dvar": 1.22997562357e-06,
        "dvar2": 2.91407309305e-06,
        "max": 0.0138774355873,
        "mean": 0.00635633990169,
        "median": 0.00609722128138,
        "min": 3.22702650192e-12,
        "var": 3.18124511978e-06
    },
    "spectral_rolloff": {
        "dmean": 386.257354736,
        "dmean2": 652.741027832,
        "dvar": 377063.21875,
        "dvar2": 828551.1875,
        "max": 18432.421875,
        "mean": 1003.02331543,
        "median": 796.728515625,
        "min": 86.1328125,
        "var": 990863.6875
    },
    "spectral_skewness": {
        "dmean": 0.201950833201,
        "dmean2": 0.324372321367,
        "dvar": 0.0480552837253,
        "dvar2": 0.108218565583,
        "max": 5.49125576019,
        "mean": 1.37455654144,
        "median": 1.33025276661,
        "min": -0.00867200084031,
        "var": 0.135535642505
    },
    "spectral_spread": {
        "dmean": 423806.90625,
        "dmean2": 564123.75,
        "dvar": 605085302784,
        "dvar2": 606801887232,
        "max": 40669240,
        "mean": 4058053,
        "median": 3696268.25,
        "min": 1466173.625,
        "var": 1.96966822707e+12
    },
    "spectral_strongpeak": {
        "dmean": 0.38320505619,
        "dmean2": 0.690171182156,
        "dvar": 0.654380738735,
        "dvar2": 1.84028911591,
        "max": 8.87662601471,
        "mean": 0.584549427032,
        "median": 0.446404129267,
        "min": 0,
        "var": 0.590315103531
    },
    "zerocrossingrate": {
        "dmean": 0.00777735281736,
        "dmean2": 0.00934898853302,
        "dvar": 0.000114596849016,
        "dvar2": 0.000176065237611,
        "max": 0.5126953125,
        "mean": 0.0462716855109,
        "median": 0.04248046875,
        "min": 0.00439453125,
        "var": 0.000705042679328
    },
    "barkbands": {
        "dmean": [0.000245404138695, 0.00765563035384, 0.0059059066698, 0.00388630409725, 0.00334050087258, 0.000817781256046, 0.00100359204225, 0.000755531247705, 0.000763687188737, 0.000498526671436, 0.000739909475669, 0.000370591820683, 0.000821887864731, 0.000625384738669, 0.000552211771719, 0.000234169026953, 0.000199564514332, 0.000296326354146, 0.000184841817827, 0.00010249184561, 9.36197757255e-05, 7.606469444e-05, 4.40683288616e-05, 5.87909125898e-05, 3.82862926926e-05, 1.49456900544e-05, 3.41666532222e-06],
        "dmean2": [0.000368403561879, 0.0133522246033, 0.0102392937988, 0.00684445304796, 0.00596534926444, 0.00133589212783, 0.0016729766503, 0.0013384076301, 0.00131031742785, 0.000836528721265, 0.00119869038463, 0.000619100406766, 0.00129102892242, 0.00101200479548, 0.000885990681127, 0.000369059416698, 0.000318698730553, 0.000462934811367, 0.000292911165161, 0.000161912554177, 0.000138804985909, 0.000108373656985, 5.95917626924e-05, 8.39389540488e-05, 5.35767831025e-05, 1.99387577595e-05, 4.8454617172e-06],
        "dvar": [3.84532341968e-07, 0.000163800315931, 6.39147910988e-05, 5.72643075429e-05, 1.60376221174e-05, 1.43363581628e-06, 3.14782391797e-06, 4.57556052424e-06, 3.39372854796e-06, 1.07881930944e-06, 2.28449857786e-06, 6.78082244576e-07, 2.72864963335e-06, 2.51806386586e-06, 1.1799091908e-06, 1.65613897707e-07, 7.96322794372e-08, 1.37608978434e-07, 5.37366986464e-08, 2.58294896582e-08, 1.46172380866e-08, 1.12996296764e-08, 7.20363813045e-09, 3.42566899292e-08, 1.26284254165e-08, 9.59963220026e-10, 7.57261475748e-11],
        "dvar2": [8.37123877773e-07, 0.000457124435343, 0.000178714471986, 0.000159641029313, 4.95418826176e-05, 3.89725846617e-06, 8.46050261316e-06, 1.26502172861e-05, 9.66518837231e-06, 2.72072202279e-06, 5.98110227656e-06, 1.92688617062e-06, 6.36839013168e-06, 6.33021136309e-06, 3.01357431454e-06, 3.77918837557e-07, 1.96014966036e-07, 3.11496194172e-07, 1.31899966505e-07, 6.39247517142e-08, 3.16166648417e-08, 2.29550316533e-08, 1.38069680133e-08, 7.5192971849e-08, 2.63053223648e-08, 1.86461557306e-09, 1.47166070996e-10],
        "max": [0.00917577184737, 0.127251163125, 0.0833116769791, 0.0777104347944, 0.0411803275347, 0.0163334216923, 0.026555288583, 0.0293560177088, 0.0342424437404, 0.0162685140967, 0.0306406281888, 0.0168730095029, 0.0187401976436, 0.0259359776974, 0.015438426286, 0.00904685538262, 0.00763392215595, 0.00523109501228, 0.00343125709333, 0.0023879443761, 0.00191255367827, 0.00168338499498, 0.00205462262966, 0.00401245988905, 0.00268964376301, 0.000490562000778, 8.60785148689e-05],
        "mean": [0.000367723609088, 0.0114281913266, 0.0112424055114, 0.00407955469564, 0.00462254183367, 0.0015939520672, 0.00136448710691, 0.000728696351871, 0.00103404163383, 0.000705608923454, 0.00116973195691, 0.000558582600206, 0.00124942627735, 0.00100068957545, 0.000815819774289, 0.000412004446844, 0.000394638074795, 0.00060304737417, 0.000383043807233, 0.00022362684831, 0.00022581758094, 0.00016849131498, 9.55198775046e-05, 0.000109474422061, 6.68536376907e-05, 2.5749537599e-05, 4.13534371546e-06],
        "median": [0.000202399140107, 0.00738164409995, 0.00905786361545, 0.00188936898485, 0.00327742402442, 0.00114711828064, 0.000913111260161, 0.000280103820842, 0.000721802643966, 0.000365071959095, 0.000457279093098, 0.000313834287226, 0.000520053319633, 0.000328306632582, 0.000343774241628, 0.000228341930779, 0.00027819731622, 0.000399857235607, 0.000285830639768, 0.000135923284688, 0.000152698077727, 0.000104820879642, 3.46829765476e-05, 2.42390287895e-05, 1.26077884488e-05, 3.21277661897e-06, 1.15773772791e-07],
        "min": [2.18932330368e-23, 3.22167228041e-23, 1.2307610628e-23, 3.01892713916e-23, 2.50846786916e-23, 2.71020768608e-23, 8.74838381965e-24, 1.22692357004e-22, 1.43796910574e-22, 1.28039862065e-22, 8.68504933301e-23, 3.33536827832e-23, 1.84487845435e-22, 7.04089912346e-23, 1.52880385151e-22, 1.37311186512e-22, 1.56404106908e-22, 1.35703967615e-22, 2.60678619125e-22, 1.7089685751e-22, 6.5557678421e-22, 5.41813095719e-22, 4.36219128442e-22, 8.54837141879e-22, 1.38744149191e-21, 1.89307674494e-21, 2.3436486485e-21],
        "var": [5.06383742049e-07, 0.000189477519598, 8.58537387103e-05, 4.92720464536e-05, 1.9164830519e-05, 2.21259165301e-06, 2.98200507132e-06, 3.14230396725e-06, 2.6113241347e-06, 1.44187163187e-06, 4.47722050012e-06, 8.3687808683e-07, 5.14057092005e-06, 4.90515549245e-06, 1.84765713129e-06, 4.03815789696e-07, 1.8026231885e-07, 3.96972154704e-07, 1.26870460804e-07, 6.57655903069e-08, 4.96833969521e-08, 3.8822093984e-08, 2.8435989563e-08, 8.39058884594e-08, 2.91051076573e-08, 2.1747474932e-09, 1.18007076333e-10]
    },
    "erbbands": {
        "dmean": [0.208198234439, 1.85673213005, 6.06212949753, 10.0129766464, 15.9232234955, 5.9269695282, 6.85711288452, 4.7537522316, 10.160451889, 19.0386199951, 15.7128562927, 17.2896022797, 13.1600637436, 21.0800743103, 24.2393417358, 15.9980335236, 30.379442215, 37.15650177, 22.772277832, 24.4845561981, 11.1825361252, 11.4254951477, 16.7007236481, 9.58372116089, 7.97544240952, 4.7897644043, 4.18306684494, 3.54092645645, 2.82640957832, 1.78994596004, 1.24543011189, 1.14691877365, 1.05630469322, 0.558573544025, 0.209375411272, 0.0833618044853, 0.0230654012412, 0.00538141280413, 0.000653340481222, 3.2806663512e-05],
        "dmean2": [0.361699044704, 3.26564455032, 10.4512214661, 17.5378017426, 28.40716362, 10.3761777878, 11.503537178, 7.89778709412, 16.331911087, 33.0131034851, 27.4769248962, 29.9133148193, 22.2607364655, 34.3163986206, 38.9485282898, 26.5987529755, 47.5482826233, 59.2117919922, 36.0102310181, 38.5452728271, 17.3276691437, 18.0235824585, 26.2069149017, 14.8826627731, 12.7755031586, 7.42416286469, 6.28772735596, 5.28295040131, 4.0923705101, 2.57341241837, 1.71326375008, 1.66409742832, 1.49079763889, 0.786697089672, 0.300422102213, 0.114878989756, 0.0310217496008, 0.00726824020967, 0.000946732412558, 4.99843736179e-05],
        "dvar": [0.172515302896, 8.51859664917, 59.7517852783, 396.831237793, 414.762390137, 49.5632286072, 112.779907227, 60.00963974, 192.999084473, 1791.20898438, 2212.87426758, 1714.04370117, 430.489593506, 1683.5760498, 2668.35571289, 1203.97460938, 3641.92993164, 7317.73681641, 2499.48608398, 2219.49707031, 287.950073242, 266.036682129, 474.233642578, 177.655761719, 101.376327515, 55.5502128601, 30.7661113739, 22.6924228668, 17.7872619629, 7.67224931717, 7.1572227478, 12.1048660278, 12.5102958679, 3.32623958588, 0.299251288176, 0.0327713936567, 0.00225198292173, 0.000149193539983, 3.02926400764e-06, 3.25285820502e-09],
        "dvar2": [0.440778613091, 24.7099971771, 166.148223877, 1085.66967773, 1246.35668945, 143.64050293, 305.954559326, 166.000015259, 479.853424072, 4850.42236328, 6026.43847656, 4884.18994141, 1137.50512695, 4086.29223633, 6750.42822266, 3440.44360352, 8338.73632812, 17902.2363281, 6056.99707031, 5498.99072266, 687.835327148, 676.927429199, 1096.50024414, 417.289550781, 252.989227295, 133.762969971, 70.8755950928, 48.4843902588, 37.2965888977, 15.2898349762, 13.499786377, 26.1698913574, 28.2510948181, 7.2036280632, 0.653240978718, 0.0687224715948, 0.00407586153597, 0.000273908575764, 6.10693359704e-06, 6.89146206767e-09],
        "max": [4.12782669067, 28.7036132812, 83.2560348511, 199.145080566, 233.743301392, 73.9309616089, 175.588790894, 132.526031494, 162.811538696, 522.788085938, 656.599853516, 763.429748535, 273.870910645, 647.031066895, 807.12902832, 716.57244873, 924.169128418, 1507.83862305, 699.783325195, 765.414978027, 422.339996338, 503.810913086, 335.993621826, 280.839385986, 151.419250488, 123.851104736, 107.32408905, 73.3683166504, 74.750869751, 49.1182098389, 69.5032119751, 78.8811187744, 79.7361373901, 43.5964241028, 10.377702713, 3.36570549011, 0.6379981637, 0.127125844359, 0.0200440417975, 0.000581524334848],
        "mean": [0.31079813838, 2.74267816544, 12.7605133057, 12.382774353, 20.9671592712, 9.45848464966, 12.6111383438, 9.04372024536, 16.2448730469, 19.9695968628, 17.680185318, 22.6433467865, 20.9088535309, 33.184425354, 40.1811599731, 26.4389419556, 50.3634910583, 62.4651107788, 37.1192169189, 40.3846321106, 21.7285747528, 24.8799762726, 33.5995483398, 21.405954361, 16.7117614746, 10.7852020264, 10.0141019821, 8.29640388489, 6.14522600174, 3.91186904907, 2.66669559479, 2.17139911652, 1.85635375977, 0.956581413746, 0.364329695702, 0.145388782024, 0.0393566899002, 0.00802969932556, 0.000777621520683, 7.275439566e-05],
        "median": [0.203696414828, 1.87757050991, 10.5154972076, 7.22532939911, 13.7133207321, 6.79154968262, 8.96102905273, 7.15927171707, 11.4822835922, 8.11203670502, 8.32555580139, 15.355966568, 14.3731155396, 15.8704776764, 16.9469108582, 15.7419490814, 23.9377651215, 19.0084877014, 17.627494812, 18.0165138245, 13.7307043076, 18.623041153, 23.0408229828, 14.6352024078, 12.5655193329, 6.865650177, 6.79610109329, 5.35429525375, 3.60876464844, 1.97180402279, 0.950695633888, 0.560375034809, 0.377748429775, 0.181522428989, 0.0654878243804, 0.0212590619922, 0.00469184108078, 0.000619335041847, 4.38508905063e-05, 5.05883690494e-05],
        "min": [1.83342300756e-21, 4.14960849232e-21, 1.02780389972e-20, 6.76918342898e-20, 7.29477140526e-20, 8.76289873156e-20, 1.89592691529e-19, 1.98577113753e-19, 1.6078043983e-19, 1.03197357502e-18, 2.46983826597e-18, 3.10360109704e-18, 3.51084568725e-18, 5.25611406168e-18, 2.22398674623e-18, 1.57872558765e-18, 6.10555203656e-18, 6.2072187377e-18, 4.03524138607e-18, 1.06395866407e-17, 6.57500805346e-18, 8.86610313561e-18, 7.53211557919e-18, 1.19094131058e-17, 1.15520967237e-17, 9.39667084257e-18, 2.57523857088e-17, 2.06287413135e-17, 1.59358710745e-17, 2.00680385896e-17, 1.28969410257e-17, 1.50990902037e-17, 1.53634389295e-17, 1.51585661442e-17, 1.0116466868e-17, 6.05616728604e-18, 4.20178220829e-18, 1.35889148312e-18, 3.21274235729e-19, 3.33333430461e-20],
        "var": [0.218656495214, 8.95249462128, 95.3375396729, 335.64163208, 475.540222168, 72.6422119141, 155.195404053, 66.8147583008, 270.999786377, 1411.57324219, 1612.87609863, 1292.14074707, 568.309448242, 3215.37451172, 5517.51904297, 1494.9597168, 7351.27832031, 15970.6308594, 3821.57592773, 4183.92529297, 622.775268555, 608.360961914, 1253.171875, 503.788696289, 219.528076172, 147.091171265, 99.6379928589, 72.3982620239, 57.1411628723, 26.2899169922, 26.778345108, 30.5822410583, 27.5408916473, 7.25696468353, 0.66557943821, 0.0735584050417, 0.00518760364503, 0.000287103524897, 4.40204712504e-06, 5.14006348595e-09]
    },
    "gfcc": {
        "mean": [26.1438465118, 115.80431366, -122.017127991, 49.1614456177, -41.7884902954, 17.5542526245, -26.7060985565, 3.49828910828, -21.8818073273, -2.25724005699, -13.6691884995, -3.47487235069, -11.2062950134],
        "cov": [[4474.60009766, -1769.25, 330.822784424, -260.272918701, -365.095825195, 501.976196289, -320.620269775, 628.758483887, -239.916213989, 399.861480713, -284.89074707, 70.7466430664, -239.667877197], [-1769.25, 1384.4954834, -371.545166016, 172.655899048, 220.906082153, -306.847900391, 220.70664978, -376.013336182, 160.064041138, -241.669158936, 183.99810791, -80.3798217773, 142.47303772], [330.822784424, -371.545166016, 446.523406982, -87.0886306763, 1.00394463539, 72.4209899902, -52.4526176453, 122.989273071, -47.999332428, 87.9757156372, -49.5870246887, 53.6774368286, -37.3236274719], [-260.272918701, 172.655899048, -87.0886306763, 196.534606934, -9.32323265076, -27.6283988953, 8.98919010162, -69.971824646, 39.5554962158, -70.0580749512, 9.76725578308, -29.3619785309, 38.2070465088], [-365.095825195, 220.906082153, 1.00394463539, -9.32323265076, 212.371566772, -41.6817512512, 64.4680252075, -85.5005950928, 28.7670650482, -25.7004470825, 31.1127128601, 6.82474088669, 9.82129955292], [501.976196289, -306.847900391, 72.4209899902, -27.6283988953, -41.6817512512, 171.60194397, -40.1131668091, 91.1900787354, -53.8213844299, 54.8272361755, -25.5006141663, -2.1112306118, -36.0384216309], [-320.620269775, 220.70664978, -52.4526176453, 8.98919010162, 64.4680252075, -40.1131668091, 105.18132019, -45.3119926453, 26.2414741516, -39.1948928833, 28.7888813019, -7.33534097672, 13.3934383392], [628.758483887, -376.013336182, 122.989273071, -69.971824646, -85.5005950928, 91.1900787354, -45.3119926453, 211.555221558, -31.0896015167, 97.1886062622, -53.7617988586, 17.6359786987, -33.1159667969], [-239.916213989, 160.064041138, -47.999332428, 39.5554962158, 28.7670650482, -53.8213844299, 26.2414741516, -31.0896015167, 80.9831542969, -10.0385837555, 16.9272994995, -15.6323738098, 16.0679283142], [399.861480713, -241.669158936, 87.9757156372, -70.0580749512, -25.7004470825, 54.8272361755, -39.1948928833, 97.1886062622, -10.0385837555, 111.270690918, -12.3512678146, 24.0358257294, -31.1735534668], [-284.89074707, 183.99810791, -49.5870246887, 9.76725578308, 31.1127128601, -25.5006141663, 28.7888813019, -53.7617988586, 16.9272994995, -12.3512678146, 81.829788208, 3.18090772629, 20.6920070648], [70.7466430664, -80.3798217773, 53.6774368286, -29.3619785309, 6.82474088669, -2.1112306118, -7.33534097672, 17.6359786987, -15.6323738098, 24.0358257294, 3.18090772629, 66.8492126465, 8.82213878632], [-239.667877197, 142.47303772, -37.3236274719, 38.2070465088, 9.82129955292, -36.0384216309, 13.3934383392, -33.1159667969, 16.0679283142, -31.1735534668, 20.6920070648, 8.82213878632, 60.965927124]],
        "icov": [[0.000703665602487, -0.00016085653624, 0.000411542801885, -0.000157602451509, 0.000166632191394, -0.000833972124383, 0.000735735578928, -0.000874905555975, 0.000739337585401, -0.00111790385563, 0.00131905754097, -0.000719322590157, 0.00122609396931], [-0.00016085653624, 0.00496267993003, 0.000346539920429, 0.000296420854283, -0.00119792483747, 0.00360428867862, -0.00373615277931, 0.0023096720688, -0.00203445181251, 0.00280153844506, -0.00527774076909, 0.00459575699642, -0.00470952410251], [0.000411542801885, 0.000346539920429, 0.00356372329406, 5.1768940466e-05, -0.00104550668038, -0.000308602117002, 0.00094358593924, -0.001488634618, 0.000967337982729, -0.00107433006633, 0.00126476888545, -0.00183877488598, 0.000959928438533], [-0.000157602451509, 0.000296420854283, 5.1768940466e-05, 0.0087011847645, 0.0011650538072, -0.00192619196605, 0.00112885097042, 0.00166203593835, -0.00511395744979, 0.00505083007738, 0.000136839124025, 0.00127974653151, -0.00370626174845], [0.000166632191394, -0.00119792483747, -0.00104550668038, 0.0011650538072, 0.00779460230842, -0.00182161631528, -0.00283503392711, 0.00315611460246, -0.00145861692727, -0.00179779261816, 0.00184121343773, -0.0022096678149, 0.00124904687982], [-0.000833972124383, 0.00360428867862, -0.000308602117002, -0.00192619196605, -0.00182161631528, 0.014105444774, -0.00275761913508, -0.000577021681238, 0.00484456075355, -0.000310453237034, -0.00606286199763, 0.00691436138004, -0.00213770195842], [0.000735735578928, -0.00373615277931, 0.00094358593924, 0.00112885097042, -0.00283503392711, -0.00275761913508, 0.0186832658947, -0.00525804189965, -0.0010628310265, 0.00363916088827, 0.00107024144381, -0.00426050694659, 0.00575388222933], [-0.000874905555975, 0.0023096720688, -0.001488634618, 0.00166203593835, 0.00315611460246, -0.000577021681238, -0.00525804189965, 0.0148223042488, -0.00233122124337, -0.00566426478326, 0.00183894892689, 0.00296581164002, -0.00576819106936], [0.000739337585401, -0.00203445181251, 0.000967337982729, -0.00511395744979, -0.00145861692727, 0.00484456075355, -0.0010628310265, -0.00233122124337, 0.0235670562834, -0.010293035768, 0.00251234485768, 0.00355096324347, 0.000682957237586], [-0.00111790385563, 0.00280153844506, -0.00107433006633, 0.00505083007738, -0.00179779261816, -0.000310453237034, 0.00363916088827, -0.00566426478326, -0.010293035768, 0.0283263474703, -0.00996616389602, -0.00273954705335, 0.00244094827212], [0.00131905754097, -0.00527774076909, 0.00126476888545, 0.000136839124025, 0.00184121343773, -0.00606286199763, 0.00107024144381, 0.00183894892689, 0.00251234485768, -0.00996616389602, 0.0254914797843, -0.00670457119122, 0.00165115448181], [-0.000719322590157, 0.00459575699642, -0.00183877488598, 0.00127974653151, -0.0022096678149, 0.00691436138004, -0.00426050694659, 0.00296581164002, 0.00355096324347, -0.00273954705335, -0.00670457119122, 0.0262449774891, -0.0123642161489], [0.00122609396931, -0.00470952410251, 0.000959928438533, -0.00370626174845, 0.00124904687982, -0.00213770195842, 0.00575388222933, -0.00576819106936, 0.000682957237586, 0.00244094827212, 0.00165115448181, -0.0123642161489, 0.0315735563636]]
    },
    "melbands": {
        "dmean": [0.00199230154976, 0.00279943388887, 0.00180530175567, 0.000849928299431, 0.000197292640223, 0.000121685327031, 0.000166746976902, 0.000201854199986, 0.000137094102683, 0.00010484996892, 6.79338772898e-05, 8.5416562797e-05, 9.43287450355e-05, 4.72811807413e-05, 5.42372035852e-05, 8.71178272064e-05, 6.87268911861e-05, 3.82057769457e-05, 4.50176230515e-05, 2.14098163269e-05, 1.37246943268e-05, 1.34577931021e-05, 1.47500531966e-05, 1.39223366205e-05, 8.10593792266e-06, 8.01734677225e-06, 4.26724091085e-06, 3.33282719112e-06, 2.92068580166e-06, 2.80104063677e-06, 2.03284707823e-06, 1.83476765869e-06, 1.43173190281e-06, 9.3596224815e-07, 7.68866243561e-07, 7.19502111224e-07, 7.48100092096e-07, 7.88862735135e-07, 6.7918597324e-07, 4.28997225299e-07],
        "dmean2": [0.00348670757376, 0.00478032510728, 0.00315789412707, 0.00151701818686, 0.00032782391645, 0.000199234302272, 0.000273226527497, 0.000352452247171, 0.000235571889789, 0.000181211420568, 0.000115868038847, 0.000139187730383, 0.00015163081116, 7.86643577158e-05, 8.90769588295e-05, 0.000134121175506, 0.000110823573777, 6.12546864431e-05, 7.21658361726e-05, 3.42291205015e-05, 2.15814761759e-05, 2.17885044549e-05, 2.36453197431e-05, 2.18923232751e-05, 1.29256104628e-05, 1.30647313199e-05, 6.94844175086e-06, 5.26250323674e-06, 4.5716110435e-06, 4.34779985881e-06, 3.09380857288e-06, 2.72721581496e-06, 2.12536019717e-06, 1.36094331538e-06, 1.09297957351e-06, 1.04037553683e-06, 1.13494695597e-06, 1.11601571007e-06, 9.96104517981e-07, 6.19913237188e-07],
        "dvar": [1.31622173285e-05, 1.22393385027e-05, 9.54849383561e-06, 1.04523610389e-06, 9.51131795546e-08, 3.39851169429e-08, 6.49476561421e-08, 2.0754595198e-07, 1.56318307631e-07, 5.49136451866e-08, 1.26348354001e-08, 2.8687056286e-08, 4.06646947226e-08, 1.29907720137e-08, 6.48248610347e-09, 3.462472975e-08, 2.72967284332e-08, 8.64842775172e-09, 8.089217296e-09, 1.77701786619e-09, 4.56558207906e-10, 4.56777837776e-10, 3.25726307038e-10, 4.23247464854e-10, 1.33779168299e-10, 1.18793752613e-10, 4.38846771422e-11, 2.81630847115e-11, 1.79512741477e-11, 1.35666269885e-11, 7.70850744347e-12, 7.77901788124e-12, 4.73731687559e-12, 2.2906088918e-12, 2.67461031621e-12, 5.03465498458e-12, 5.10023447087e-12, 6.27631887434e-12, 6.3298775943e-12, 1.76836355888e-12],
        "dvar2": [3.5994045902e-05, 3.42446764989e-05, 2.63103884208e-05, 3.23914969158e-06, 2.58927087771e-07, 9.35726802709e-08, 1.68853290461e-07, 5.61405272492e-07, 4.25698459594e-07, 1.56347240932e-07, 3.36283036972e-08, 6.99367177504e-08, 1.05185804955e-07, 3.76699986759e-08, 1.64075171227e-08, 7.75236159711e-08, 6.71649686979e-08, 2.10787529653e-08, 2.0417166624e-08, 4.19778301008e-09, 1.10556130917e-09, 1.18759069245e-09, 7.78521469513e-10, 9.13937592273e-10, 3.19410858873e-10, 3.03506997312e-10, 1.14841157417e-10, 6.85159706748e-11, 4.492625022e-11, 3.10220980848e-11, 1.70274992023e-11, 1.72463987536e-11, 1.0434016498e-11, 4.82968743123e-12, 5.27557034516e-12, 1.15509260143e-11, 1.11703276837e-11, 1.4251908681e-11, 1.43835689886e-11, 3.94028906725e-12],
        "max": [0.0332117564976, 0.0349898897111, 0.0306219514459, 0.0113341528922, 0.00555285438895, 0.00300689483993, 0.00337998056784, 0.00615531904623, 0.00530789373443, 0.00425694929436, 0.00154901761562, 0.00271480646916, 0.00362468534149, 0.00241563725285, 0.0012199919438, 0.00231338432059, 0.00267030321993, 0.00133265811019, 0.00121850566939, 0.000805373594631, 0.00050244864542, 0.000686573795974, 0.000279627973214, 0.000313226424623, 0.000243535556365, 0.000205068194191, 0.000105356841232, 8.67164271767e-05, 8.19210035843e-05, 5.80437845201e-05, 3.76468888135e-05, 4.63819669676e-05, 2.83248227788e-05, 2.63072033704e-05, 4.39904251834e-05, 6.23485175311e-05, 4.92807084811e-05, 5.34288701601e-05, 6.47768029012e-05, 2.91616761388e-05],
        "mean": [0.00288648996502, 0.00558504601941, 0.0025264758151, 0.0011985761812, 0.000369095418137, 0.000242752706981, 0.000251337711234, 0.00020589743508, 0.000152723005158, 0.000140413540066, 0.000101699901279, 0.000127649094793, 0.000150787018356, 7.12902765372e-05, 8.10479396023e-05, 0.000134554007673, 0.000110527129436, 5.44607246411e-05, 6.70409644954e-05, 3.54971198249e-05, 2.38769807765e-05, 2.55439517787e-05, 2.81051670754e-05, 2.7576183129e-05, 1.61141033459e-05, 1.52652501129e-05, 8.23148275231e-06, 6.90787373969e-06, 6.18910735284e-06, 6.10136885371e-06, 4.30551199315e-06, 3.64039510714e-06, 2.847348469e-06, 1.89129730188e-06, 1.5667911839e-06, 1.32077320814e-06, 1.34246965899e-06, 1.3322784298e-06, 1.1406110616e-06, 6.92146670644e-07],
        "median": [0.00179127603769, 0.00453326944262, 0.00165314984042, 0.000861036241986, 0.000272621953627, 0.000189663827769, 0.00017676941934, 8.28470874694e-05, 7.28160594008e-05, 9.88507817965e-05, 6.68710708851e-05, 5.64778565604e-05, 5.82270404266e-05, 3.50696063833e-05, 5.1751430874e-05, 4.49845101684e-05, 3.12192496494e-05, 2.28399512707e-05, 2.78111710941e-05, 1.67424823303e-05, 1.48387061927e-05, 1.76918365469e-05, 2.08602141356e-05, 1.56870428327e-05, 1.07398573164e-05, 1.10447417683e-05, 5.73102715862e-06, 4.07700372307e-06, 4.01106262871e-06, 4.17097271566e-06, 2.68755388788e-06, 2.1736650524e-06, 1.54972133259e-06, 8.51130323554e-07, 5.56130203222e-07, 3.79417116392e-07, 3.17565678642e-07, 2.72007184776e-07, 1.98435103016e-07, 1.31862677222e-07],
        "min": [1.3479927353e-23, 4.93776834001e-24, 1.20400873847e-23, 5.04779629249e-24, 6.61373015442e-24, 4.66821022996e-24, 2.11609078205e-24, 1.6417015853e-23, 1.96455206155e-23, 2.03780205645e-23, 1.81897693228e-23, 2.18756935034e-23, 9.07792020761e-24, 3.93709315414e-24, 5.5285407499e-24, 1.9855835666e-23, 1.00593996466e-23, 5.03785467293e-24, 1.41652912851e-23, 1.20055818198e-23, 7.23281951537e-24, 8.19160579274e-24, 1.00039916344e-23, 5.10095960104e-24, 1.0493111428e-23, 8.4491949107e-24, 6.2683873605e-24, 5.64642141826e-24, 1.59817224055e-23, 1.54990515497e-23, 1.01903687007e-23, 7.40242460999e-24, 1.32483351461e-23, 9.48753859923e-24, 6.75433593331e-24, 8.01784340115e-24, 9.64908942401e-24, 8.83654218125e-24, 1.50446171812e-23, 1.15508784498e-23],
        "var": [1.55562611326e-05, 1.83997817658e-05, 8.88214708539e-06, 1.26448742321e-06, 1.26051403981e-07, 4.34787779113e-08, 7.51987556669e-08, 1.60705198482e-07, 1.17700821534e-07, 4.29796749302e-08, 1.5510014606e-08, 5.19666727428e-08, 7.89301637383e-08, 1.71767897683e-08, 9.09603503629e-09, 7.1633039056e-08, 5.91806745831e-08, 1.13334648333e-08, 1.3139910493e-08, 3.94523036462e-09, 8.38113856094e-10, 8.63773608195e-10, 6.79974687667e-10, 1.26591348515e-09, 3.22413318266e-10, 2.26374682888e-10, 7.44112479967e-11, 7.40068631377e-11, 4.53182803783e-11, 3.81913424496e-11, 2.10923188637e-11, 2.09852742822e-11, 1.31557299776e-11, 7.33029349026e-12, 9.61144445283e-12, 1.22058873425e-11, 1.18741067326e-11, 1.34545308922e-11, 1.31867095368e-11, 3.45400531093e-12]
    },
    "mfcc": {
        "mean": [-610.7265625, 135.115844727, -8.69309329987, 36.9966278076, 8.72158527374, 17.5884189606, 7.86706352234, 8.33943367004, 1.22787880898, -0.977804481983, 2.70067214966, 0.822241902351, -4.75230693817],
        "cov": [[3276.36767578, -1341.28515625, 322.564361572, -538.829101562, -6.54341602325, -229.496002197, 42.1666107178, -15.8057746887, 107.101768494, 263.411560059, 118.993034363, -7.02651548386, -59.0960655212], [-1341.28515625, 967.111633301, -277.833740234, 276.22833252, -17.1942138672, 115.794143677, -3.97097182274, 6.56894731522, -48.3781356812, -113.5103302, -29.4727745056, 13.9693603516, 18.0263195038], [322.564361572, -277.833740234, 334.715148926, -95.6511459351, 34.917552948, -65.0949172974, 18.350358963, -7.23569154739, 26.3134098053, 33.1503257751, 12.4228229523, -0.791380465031, 1.84701383114], [-538.829101562, 276.22833252, -95.6511459351, 233.543930054, -5.22876548767, 60.2332305908, -49.3310661316, 17.0583896637, -1.14426958561, -57.4733810425, -35.9112014771, -1.54936873913, 26.3404159546], [-6.54341602325, -17.1942138672, 34.917552948, -5.22876548767, 106.245414734, 27.6474609375, 16.6784667969, -8.39010810852, 2.41885209084, 4.60809850693, 0.800119698048, 0.988733887672, 3.67804503441], [-229.496002197, 115.794143677, -65.0949172974, 60.2332305908, 27.6474609375, 124.938743591, 8.47528839111, 7.60070991516, -23.6921844482, -35.7283210754, -9.34076023102, -3.10557198524, 12.4172859192], [42.1666107178, -3.97097182274, 18.350358963, -49.3310661316, 16.6784667969, 8.47528839111, 90.9320068359, 15.3588199615, -8.58960723877, 7.97468042374, 13.3154067993, 4.87875080109, -17.833776474], [-15.8057746887, 6.56894731522, -7.23569154739, 17.0583896637, -8.39010810852, 7.60070991516, 15.3588199615, 50.8626213074, 16.0372257233, -6.81585979462, -6.08649587631, -1.67865180969, -0.0294787380844], [107.101768494, -48.3781356812, 26.3134098053, -1.14426958561, 2.41885209084, -23.6921844482, -8.58960723877, 16.0372257233, 66.1679534912, 29.3419475555, 1.12384939194, -3.92512559891, 3.33276891708], [263.411560059, -113.5103302, 33.1503257751, -57.4733810425, 4.60809850693, -35.7283210754, 7.97468042374, -6.81585979462, 29.3419475555, 77.2141723633, 31.0146274567, 6.06831884384, -11.9179592133], [118.993034363, -29.4727745056, 12.4228229523, -35.9112014771, 0.800119698048, -9.34076023102, 13.3154067993, -6.08649587631, 1.12384939194, 31.0146274567, 59.0957946777, 20.2053546906, -8.00507640839], [-7.02651548386, 13.9693603516, -0.791380465031, -1.54936873913, 0.988733887672, -3.10557198524, 4.87875080109, -1.67865180969, -3.92512559891, 6.06831884384, 20.2053546906, 44.0008239746, 8.32641792297], [-59.0960655212, 18.0263195038, 1.84701383114, 26.3404159546, 3.67804503441, 12.4172859192, -17.833776474, -0.0294787380844, 3.33276891708, -11.9179592133, -8.00507640839, 8.32641792297, 45.4333152771]],
