{
"lowlevel": {
    "average_loudness": 0.886983394623,
    "barkbands_crest": {
        "dmean": 3.66274547577,
        "dmean2": 5.87138652802,
        "dvar": 10.913517952,
        "dvar2": 25.7173957825,
        "max": 26.6217651367,
        "mean": 12.5748491287,
        "median": 11.7458639145,
        "min": 2.70979070663,
        "var": 34.8427009583
    },
    "barkbands_flatness_db": {
        "dmean": 0.0356274396181,
        "dmean2": 0.0524849183857,
        "dvar": 0.00121229491197,
        "dvar2": 0.00237274356186,
        "max": 0.515476226807,
        "mean": 0.155148997903,
        "median": 0.140073791146,
        "min": 0.02258634381,
        "var": 0.0063519529067
    },
    "barkbands_kurtosis": {
        "dmean": 9.31818294525,
        "dmean2": 14.5741596222,
        "dvar": 521.767822266,
        "dvar2": 1027.27307129,
        "max": 441.472564697,
        "mean": 11.9495515823,
        "median": 2.67710542679,
        "min": -1.89593422413,
        "var": 1102.65197754
    },
    "barkbands_skewness": {
        "dmean": 1.1551463604,
        "dmean2": 1.69746220112,
        "dvar": 1.55845046043,
        "dvar2": 3.09820604324,
        "max": 18.6606960297,
        "mean": 1.94462120533,
        "median": 1.52509188652,
        "min": -4.57058000565,
        "var": 6.12447881699
    },
    "barkbands_spread": {
        "dmean": 10.6587495804,
        "dmean2": 16.6336269379,
        "dvar": 155.889144897,
        "dvar2": 350.728210449,
        "max": 99.5279083252,
        "mean": 25.8415050507,
        "median": 20.9380989075,
        "min": 0.35140261054,
        "var": 383.246307373
    },
    "dissonance": {
        "dmean": 0.0271960273385,
        "dmean2": 0.0439409576356,
        "dvar": 0.00099211873021,
        "dvar2": 0.00229587848298,
        "max": 0.500000059605,
        "mean": 0.453982323408,
        "median": 0.471444010735,
        "min": 0.127789154649,
        "var": 0.00260737794451
    },
    "dynamic_complexity": 3.77068114281,
    "erbbands_crest": {
        "dmean": 4.09074783325,
        "dmean2": 6.68579483032,
        "dvar": 13.4065246582,
        "dvar2": 31.8510303497,
        "max": 32.1301002502,
        "mean": 11.4084014893,
        "median": 10.1016597748,
        "min": 2.3411192894,
        "var": 32.8563156128
    },
    "erbbands_flatness_db": {
        "dmean": 0.0313396975398,
        "dmean2": 0.0452112779021,
        "dvar": 0.000955613155384,
        "dvar2": 0.00187270110473,
        "max": 0.454233020544,
        "mean": 0.165801420808,
        "median": 0.155766963959,
        "min": 0.0396807976067,
        "var": 0.00439444324002
    },
    "erbbands_kurtosis": {
        "dmean": 2.74146485329,
        "dmean2": 4.40521621704,
        "dvar": 20.7297401428,
        "dvar2": 47.089214325,
        "max": 71.8485412598,
        "mean": 2.31429076195,
        "median": 0.438920736313,
        "min": -1.83298385143,
        "var": 35.0969734192
    },
    "erbbands_skewness": {
        "dmean": 0.768533110619,
        "dmean2": 1.15517282486,
        "dvar": 0.563073813915,
        "dvar2": 1.19134628773,
        "max": 7.92628192902,
        "mean": 0.488950520754,
        "median": 0.413003534079,
        "min": -4.43813323975,
        "var": 1.97241222858
    },
    "erbbands_spread": {
        "dmean": 15.2883625031,
        "dmean2": 23.0971794128,
        "dvar": 255.551269531,
        "dvar2": 571.386657715,
        "max": 166.471908569,
        "mean": 41.5381278992,
        "median": 36.6607055664,
        "min": 2.78592395782,
        "var": 670.97265625
    },
    "hfc": {
        "dmean": 11.5875263214,
        "dmean2": 15.7602643967,
        "dvar": 295.062683105,
        "dvar2": 527.765075684,
        "max": 307.911865234,
        "mean": 21.6614151001,
        "median": 14.3536300659,
        "min": 1.07616746941e-16,
        "var": 611.894226074
    },
    "melbands_crest": {
        "dmean": 4.49858856201,
        "dmean2": 7.38516616821,
        "dvar": 16.4289703369,
        "dvar2": 38.9014549255,
        "max": 34.9054145813,
        "mean": 17.2826442719,
        "median": 16.3453006744,
        "min": 2.74509692192,
        "var": 52.6547203064
    },
    "melbands_flatness_db": {
        "dmean": 0.0424337610602,
        "dmean2": 0.0618798136711,
        "dvar": 0.0017257068539,
        "dvar2": 0.0032886818517,
        "max": 0.560974061489,
        "mean": 0.210170045495,
        "median": 0.199934616685,
        "min": 0.00555848097429,
        "var": 0.00946873892099
    },
    "melbands_kurtosis": {
        "dmean": 20.2379131317,
        "dmean2": 31.0505924225,
        "dvar": 1336.94787598,
        "dvar2": 2770.89624023,
        "max": 484.994750977,
        "mean": 29.2770996094,
        "median": 9.22019958496,
        "min": -1.86914539337,
        "var": 3263.04248047
    },
    "melbands_skewness": {
        "dmean": 1.47524189949,
        "dmean2": 2.20265030861,
        "dvar": 2.46849632263,
        "dvar2": 5.09658384323,
        "max": 18.9996681213,
        "mean": 3.31424188614,
        "median": 2.50378346443,
        "min": -1.84389662743,
        "var": 8.71654033661
    },
    "melbands_spread": {
        "dmean": 15.9498262405,
        "dmean2": 24.2203121185,
        "dvar": 576.073547363,
        "dvar2": 1198.95861816,
        "max": 246.739334106,
        "mean": 31.5140361786,
        "median": 17.5967025757,
        "min": 0.336909711361,
        "var": 1302.24145508
    },
    "pitch_salience": {
        "dmean": 0.104152664542,
        "dmean2": 0.167341023684,
        "dvar": 0.00893569830805,
        "dvar2": 0.0210470724851,
        "max": 0.879902422428,
        "mean": 0.505347549915,
        "median": 0.519737780094,
        "min": 0.0531393513083,
        "var": 0.0277802478522
    },
    "silence_rate_20dB": {
        "dmean": 0,
        "dmean2": 0,
        "dvar": 0,
        "dvar2": 0,
        "max": 1,
        "mean": 1,
        "median": 1,
        "min": 1,
        "var": 0
    },
    "silence_rate_30dB": {
        "dmean": 0.0340557284653,
        "dmean2": 0.0681378245354,
        "dvar": 0.0328958816826,
        "dvar2": 0.0673657432199,
        "max": 1,
        "mean": 0.93578338623,
        "median": 1,
        "min": 0,
        "var": 0.0600939691067
    },
    "silence_rate_60dB": {
        "dmean": 0.110681116581,
        "dmean2": 0.22144792974,
        "dvar": 0.0984328091145,
        "dvar2": 0.196413144469,
        "max": 1,
        "mean": 0.191876202822,
        "median": 0,
        "min": 0,
        "var": 0.155056640506
    },
    "spectral_centroid": {
        "dmean": 466.14666748,
        "dmean2": 688.011535645,
        "dvar": 313600.15625,
        "dvar2": 607474.25,
        "max": 11002.7587891,
        "mean": 1603.82189941,
        "median": 1368.83447266,
        "min": 203.730819702,
        "var": 916775.8125
    },
    "spectral_complexity": {
        "dmean": 4.68150138855,
        "dmean2": 6.35269069672,
        "dvar": 32.8626976013,
        "dvar2": 54.0700874329,
        "max": 59,
        "mean": 13.0301742554,
        "median": 9,
        "min": 0,
        "var": 139.192901611
    },
    "spectral_decrease": {
        "dmean": 3.54931328772e-09,
        "dmean2": 5.24602761232e-09,
        "dvar": 3.64627434412e-17,
        "dvar2": 7.1642437108e-17,
        "max": 1.26332494813e-11,
        "mean": -7.6378166014e-09,
        "median": -3.31419625077e-09,
        "min": -6.87808139332e-08,
        "var": 1.18076684015e-16
    },
    "spectral_energy": {
        "dmean": 0.0141607699916,
        "dmean2": 0.020804207772,
        "dvar": 0.000538606196642,
        "dvar2": 0.00105055689346,
        "max": 0.262881249189,
        "mean": 0.0307916104794,
        "median": 0.0144727360457,
        "min": 9.93323312097e-21,
        "var": 0.00175176141784
    },
    "spectral_energyband_high": {
        "dmean": 0.00072826014366,
        "dmean2": 0.000991549692117,
        "dvar": 2.07378138839e-06,
        "dvar2": 3.93030131818e-06,
        "max": 0.0258533600718,
        "mean": 0.00103199353907,
        "median": 0.0004302264133,
        "min": 7.31159726058e-21,
        "var": 3.28867190547e-06
    },
    "spectral_energyband_low": {
        "dmean": 0.00688444124535,
        "dmean2": 0.0105327945203,
        "dvar": 0.00045381768723,
        "dvar2": 0.000900109414943,
        "max": 0.230312004685,
        "mean": 0.0159576181322,
        "median": 0.000269834534265,
        "min": 1.06868021816e-22,
        "var": 0.00137091497891
    },
    "spectral_energyband_middle_high": {
        "dmean": 0.00245002261363,
        "dmean2": 0.00343972677365,
        "dvar": 1.4185148757e-05,
        "dvar2": 2.75007714663e-05,
        "max": 0.0440401956439,
        "mean": 0.00410442892462,
        "median": 0.00161422684323,
        "min": 1.51800789244e-21,
        "var": 3.44369364029e-05
    },
    "spectral_energyband_middle_low": {
        "dmean": 0.00721055734903,
        "dmean2": 0.0110580483451,
        "dvar": 9.98908217298e-05,
        "dvar2": 0.000227337441174,
        "max": 0.107328236103,
        "mean": 0.0103383976966,
        "median": 0.0054058721289,
        "min": 2.61438576166e-22,
        "var": 0.000160018462338
    },
    "spectral_entropy": {
        "dmean": 0.286809265614,
        "dmean2": 0.412082523108,
        "dvar": 0.0924995020032,
        "dvar2": 0.174981921911,
        "max": 9.79817771912,
        "mean": 7.58323192596,
        "median": 7.6760058403,
        "min": 3.8949201107,
        "var": 0.422879755497
    },
    "spectral_flux": {
        "dmean": 0.0390315204859,
        "dmean2": 0.061099935323,
        "dvar": 0.00194976187777,
        "dvar2": 0.00463789096102,
        "max": 0.414355278015,
        "mean": 0.0938231125474,
        "median": 0.0846323296428,
        "min": 9.9665609099e-11,
        "var": 0.00389778940007
    },
    "spectral_kurtosis": {
        "dmean": 1.73937118053,
        "dmean2": 2.63245344162,
        "dvar": 6.88926362991,
        "dvar2": 14.6952171326,
        "max": 88.7607345581,
        "mean": 4.5506196022,
        "median": 3.94250392914,
        "min": -1.20483350754,
        "var": 16.4804573059
    },
    "spectral_rms": {
        "dmean": 0.00127851986326,
        "dmean2": 0.00177909806371,
        "dvar": 2.10979760595e-06,
        "dvar2": 3.80898200092e-06,
        "max": 0.0160146653652,
        "mean": 0.00444390485063,
        "median": 0.0037576246541,
        "min": 3.11303044974e-12,
        "var": 1.02922213046e-05
    },
    "spectral_rolloff": {
        "dmean": 1313.06555176,
        "dmean2": 2144.3984375,
        "dvar": 5131530.5,
        "dvar2": 10319772,
        "max": 18453.9550781,
        "mean": 2662.52832031,
        "median": 1227.39257812,
        "min": 64.599609375,
        "var": 11347835
    },
    "spectral_skewness": {
        "dmean": 0.290347367525,
        "dmean2": 0.43137806654,
        "dvar": 0.0964548364282,
        "dvar2": 0.192805811763,
        "max": 8.03707504272,
        "mean": 1.5560849905,
        "median": 1.52643966675,
        "min": -0.221630945802,
        "var": 0.322672486305
    },
    "spectral_spread": {
        "dmean": 1118021.125,
        "dmean2": 1517248.75,
        "dvar": 1.75156166656e+12,
        "dvar2": 2.88137700966e+12,
        "max": 40764240,
        "mean": 5842031.5,
        "median": 5400536.5,
        "min": 1292856.375,
        "var": 5.97914759987e+12
    },
    "spectral_strongpeak": {
        "dmean": 0.628466725349,
        "dmean2": 1.01029491425,
        "dvar": 0.840306341648,
        "dvar2": 2.13692831993,
        "max": 11.0651264191,
        "mean": 0.97733259201,
        "median": 0.613894999027,
        "min": 0,
        "var": 1.16120159626
    },
    "zerocrossingrate": {
        "dmean": 0.0265489704907,
        "dmean2": 0.0286475345492,
        "dvar": 0.00105169450399,
        "dvar2": 0.00117629638407,
        "max": 0.5185546875,
        "mean": 0.096790753305,
        "median": 0.07470703125,
        "min": 0.00244140625,
        "var": 0.00661467527971
    },
    "barkbands": {
        "dmean": [0.00117431301624, 0.00509214075282, 0.00109552545473, 0.00128586229403, 0.00113271968439, 0.00276308413595, 0.00085994967958, 0.000718935509212, 0.00234639481641, 0.000678997312207, 0.000341772218235, 0.00052961561596, 0.000269518903224, 0.000311534298817, 0.000295747333439, 0.000571874319576, 0.000219879439101, 0.000270314252703, 0.000187517594895, 0.000190634658793, 0.000122978264699, 0.000107420732093, 0.000117642615805, 0.000105613697087, 0.000109105931188, 0.00014265209029, 3.87729050999e-05],
        "dmean2": [0.0020098334644, 0.0075895935297, 0.0018881354481, 0.00217283074744, 0.00184270401951, 0.00427479716018, 0.00142269732896, 0.00114224106073, 0.0038062944077, 0.00107544835191, 0.000538163061719, 0.000827021081932, 0.000434820743976, 0.000503400224261, 0.000470731698442, 0.000943656312302, 0.000333660747856, 0.000387563108234, 0.000288806273602, 0.000286663736915, 0.000179126189323, 0.000157572590979, 0.000170681189047, 0.000153554399731, 0.000157632297487, 0.000202525479835, 5.75202066102e-05],
        "dvar": [3.00914016407e-05, 0.000301937398035, 9.76024421107e-06, 1.42126746141e-05, 5.30576562596e-06, 2.63746624114e-05, 6.35158812656e-06, 7.16584099791e-06, 3.81065801776e-05, 4.88889554617e-06, 1.47984439991e-06, 1.99754890673e-06, 5.27075201262e-07, 5.15898932463e-07, 3.76471177788e-07, 2.14407623389e-06, 1.92457278558e-07, 2.23748969574e-07, 8.91757991894e-08, 8.46073717753e-08, 5.84457637842e-08, 7.01023665783e-08, 9.00817198612e-08, 7.98113219957e-08, 1.11848969198e-07, 1.23076659975e-07, 8.49361470046e-09],
        "dvar2": [7.81833441579e-05, 0.000569868832827, 2.7774616683e-05, 3.73376569769e-05, 1.32176792249e-05, 6.14683813183e-05, 1.60903673532e-05, 1.56723563123e-05, 9.31731192395e-05, 1.13526321002e-05, 3.59939804184e-06, 4.67844120067e-06, 1.26800966882e-06, 1.21031962408e-06, 9.36284948239e-07, 5.50920867681e-06, 4.35666663634e-07, 4.4822121481e-07, 2.19400988044e-07, 1.80214215106e-07, 1.26835246306e-07, 1.559942433e-07, 1.92077152406e-07, 1.71269178395e-07, 2.54536587363e-07, 2.57763332456e-07, 1.87937345686e-08],
        "max": [0.105494111776, 0.203597813845, 0.038727723062, 0.0379805266857, 0.0267685167491, 0.0710698366165, 0.043010327965, 0.0444450601935, 0.0960634797812, 0.0287821665406, 0.0281684882939, 0.0159570109099, 0.0137032289058, 0.0124033251777, 0.00764530384913, 0.014809012413, 0.0110512729734, 0.00603115744889, 0.00340444105677, 0.00352469389327, 0.0036161057651, 0.00436413940042, 0.00420293258503, 0.00478620827198, 0.00962653756142, 0.00864584185183, 0.00149318820331],
        "mean": [0.00146209308878, 0.0126042291522, 0.00142765860073, 0.00124047510326, 0.00132248096634, 0.00340218795463, 0.000852154858876, 0.000722146010958, 0.00238261302002, 0.000697128241882, 0.000367877160897, 0.000534984457772, 0.000261521723587, 0.000336632074323, 0.000340352242347, 0.000529065087903, 0.000329457427142, 0.000475745793665, 0.000289876916213, 0.000299576029647, 0.000166798810824, 0.000142512697494, 0.000144907011418, 0.000126490573166, 0.000126127182739, 0.000165344841662, 4.1173734644e-05],
        "median": [1.22280671349e-05, 6.31407892797e-05, 9.90501357592e-05, 9.28459703573e-05, 0.000404050340876, 0.000855507212691, 7.24647543393e-05, 3.58553188562e-05, 0.000226369811571, 4.76314962725e-05, 2.56929943134e-05, 3.70772031602e-05, 3.09406532324e-05, 3.70042980649e-05, 4.35263791587e-05, 7.90928606875e-05, 8.08465847513e-05, 8.45590620884e-05, 7.95896048658e-05, 0.000104507431388, 6.96287243045e-05, 5.51072589587e-05, 4.31039225077e-05, 3.27290290443e-05, 3.02892949549e-05, 3.17140584229e-05, 4.93900688525e-06],
        "min": [2.11456721554e-23, 8.99482933069e-23, 4.90745162656e-24, 1.18395818195e-23, 4.10719893878e-23, 3.23526151391e-23, 9.55590948943e-23, 3.37384197131e-23, 3.10736444198e-23, 7.43412356552e-23, 8.26610613217e-23, 1.05867317048e-22, 4.26790852229e-23, 8.0663816971e-23, 4.01359775248e-23, 1.74369511567e-22, 2.05901834427e-22, 2.03614339751e-22, 3.22869711833e-22, 2.79389743464e-22, 4.6055557572e-22, 5.64900593169e-22, 5.65677842042e-22, 8.97240043743e-22, 1.10750275174e-21, 1.44119470118e-21, 2.317925876e-21],
        "var": [3.60381018254e-05, 0.000951541995164, 1.06060360849e-05, 1.25691958601e-05, 6.28275620329e-06, 4.02500700147e-05, 6.81630217514e-06, 8.65935362526e-06, 4.09680360463e-05, 5.98544784225e-06, 1.83284953437e-06, 2.41604584517e-06, 5.72813689814e-07, 6.74802492995e-07, 4.95841618431e-07, 1.91754747902e-06, 3.98414357505e-07, 8.22407173473e-07, 2.0823361524e-07, 1.83065594683e-07, 8.60155466853e-08, 9.05600998635e-08, 1.16245324477e-07, 9.90383952626e-08, 1.15892440533e-07, 1.56901379e-07, 1.00854098406e-08]
    },
    "erbbands": {
        "dmean": [0.23038366437, 0.881679296494, 1.24387848377, 3.00890851021, 3.50223469734, 3.56437039375, 10.8157129288, 26.9024276733, 17.0883159637, 9.54728984833, 20.510093689, 52.2295684814, 40.6970596313, 10.4710693359, 17.0734863281, 18.8772888184, 11.7997150421, 17.2841300964, 12.2446374893, 24.8243980408, 22.6144866943, 11.3328638077, 16.746307373, 10.2973690033, 10.3150434494, 8.7230348587, 5.14708280563, 4.78782987595, 3.76310420036, 3.74471020699, 3.33583593369, 2.59908390045, 1.59366321564, 1.06025087833, 0.890742361546, 0.596633672714, 0.235245406628, 0.0873703584075, 0.00543415080756, 0.000114073394798],
        "dmean2": [0.341327041388, 1.3651163578, 2.01910972595, 5.16549444199, 5.75816917419, 5.83399915695, 16.7587375641, 42.2730255127, 27.6167240143, 15.3517141342, 33.0510749817, 83.9477539062, 62.9026947021, 15.8325328827, 25.7844314575, 29.3045024872, 19.0483589172, 27.6882324219, 19.2210941315, 40.3287086487, 36.7363204956, 16.7864589691, 25.5706443787, 15.866186142, 15.0677337646, 12.6871328354, 7.48220348358, 7.16024684906, 5.54528427124, 5.5133357048, 4.87739801407, 3.86579799652, 2.28002095222, 1.52443408966, 1.292283535, 0.851548492908, 0.343039095402, 0.127957642078, 0.00792909506708, 0.00016255947412],
        "dvar": [0.749090969563, 9.05129623413, 10.4681739807, 82.6776351929, 88.2486801147, 53.4104232788, 480.684509277, 3022.79370117, 2355.66162109, 1105.66564941, 5262.78515625, 21701.4824219, 14523.65625, 1056.43676758, 2594.32006836, 2731.26171875, 953.354858398, 1521.05102539, 822.844421387, 2604.56665039, 2975.41650391, 422.203369141, 1134.43652344, 317.856567383, 263.087768555, 177.547393799, 117.248077393, 82.3089523315, 80.9627609253, 94.4622955322, 71.1349868774, 64.7642669678, 15.1475429535, 7.80713653564, 9.80453777313, 3.48956203461, 0.33352586627, 0.0390623807907, 0.000163673204952, 6.52380620636e-08],
        "dvar2": [1.44236707687, 17.6337127686, 25.3794651031, 226.310317993, 212.590881348, 134.102401733, 1072.37219238, 7168.97851562, 5993.59814453, 2508.68652344, 11741.1416016, 55492.9140625, 32712.6074219, 2307.06005859, 5522.02880859, 6530.47558594, 2279.51708984, 3575.01196289, 1966.58459473, 6633.34179688, 7447.02685547, 908.267211914, 2616.97973633, 750.307128906, 552.758422852, 375.021759033, 247.880233765, 183.189163208, 182.67791748, 205.764083862, 151.485961914, 152.223678589, 31.5259685516, 16.5603141785, 23.8062171936, 7.6982011795, 0.743955254555, 0.0862284451723, 0.000352605624357, 1.33678952352e-07],
        "max": [11.8685207367, 36.4520187378, 35.9872665405, 89.5094451904, 111.874343872, 91.7992324829, 372.120147705, 855.691101074, 954.590576172, 714.869445801, 1030.31848145, 2574.12548828, 1942.87280273, 633.622497559, 1095.57141113, 620.513793945, 435.456542969, 526.130554199, 327.357818604, 598.785888672, 742.30871582, 413.709075928, 415.585876465, 184.419143677, 197.124542236, 162.143737793, 225.013717651, 105.246803284, 152.511016846, 146.691772461, 119.257698059, 163.385299683, 51.0309448242, 48.6703033447, 95.4157714844, 57.5097732544, 11.3809499741, 2.55895447731, 0.245190396905, 0.00485019665211],
        "mean": [0.529277384281, 2.09748578072, 2.11947274208, 3.1347413063, 3.51278209686, 4.198802948, 13.3874530792, 32.5454177856, 18.9898757935, 9.9488067627, 20.4432525635, 52.3445053101, 44.0562286377, 12.9571218491, 20.3271083832, 18.9591445923, 12.3829917908, 19.0602626801, 13.8113594055, 26.9434928894, 24.2088127136, 18.3259868622, 27.0133037567, 17.62134552, 16.5317974091, 13.620306015, 7.10014295578, 6.39436674118, 5.00210666656, 4.75326061249, 4.06191968918, 3.06272506714, 1.87457787991, 1.22813487053, 1.00817656517, 0.695494234562, 0.267237007618, 0.0954124853015, 0.00591599615291, 0.000149320621858],
        "median": [0.00204714131542, 0.0149942142889, 0.0834829062223, 0.282802969217, 0.521889090538, 1.2643789053, 3.79411172867, 7.01001882553, 2.53390002251, 1.23275852203, 1.74804401398, 5.84123468399, 4.10448122025, 2.03561925888, 1.96138477325, 1.62431406975, 1.74657261372, 2.51121616364, 2.34151339531, 4.00611209869, 4.99583673477, 4.52795791626, 4.83289575577, 3.90228796005, 5.51539325714, 4.52880954742, 2.7999765873, 2.71377825737, 1.9894002676, 1.67323970795, 1.1578720808, 0.759642958641, 0.489891678095, 0.292637646198, 0.231478184462, 0.147893920541, 0.0485289134085, 0.0130396066234, 0.000760049093515, 5.06878641318e-05],
        "min": [3.29017106705e-21, 1.68444071104e-20, 1.03223408198e-20, 2.29346293835e-20, 9.01101284876e-20, 1.33837422445e-19, 2.03580173516e-19, 3.22245888606e-19, 7.04724691273e-19, 1.58280834436e-18, 9.17249414322e-19, 6.38437177019e-19, 1.60775218253e-18, 3.23524503037e-18, 2.84927780027e-18, 4.19422053672e-18, 2.35066056485e-18, 2.77378971116e-18, 3.63993342569e-18, 8.34610100661e-18, 7.51575146513e-18, 1.03309672085e-17, 1.09940740651e-17, 1.56130952733e-17, 1.67771236836e-17, 1.26727502643e-17, 1.56177489914e-17, 1.87016106639e-17, 1.73817761678e-17, 2.5165610252e-17, 1.41117823139e-17, 1.99457482078e-17, 1.31330092735e-17, 1.03953838987e-17, 8.830093482e-18, 4.50650686056e-18, 2.66355548683e-18, 1.43164377575e-18, 3.47394040384e-19, 3.25605786394e-20],
        "var": [2.15647220612, 28.5805435181, 27.2066574097, 70.5403137207, 86.3789978027, 70.8121643066, 709.045593262, 4374.625, 2805.37036133, 1360.46765137, 5816.20263672, 21722.0625, 17921.6855469, 1626.38574219, 4170.88085938, 3030.89746094, 1078.11376953, 2079.83886719, 919.258911133, 2915.87719727, 3208.1965332, 969.841796875, 3007.60644531, 924.682312012, 578.41796875, 401.264923096, 172.476348877, 116.978370667, 104.58115387, 119.577644348, 92.0661468506, 70.4604797363, 19.3455352783, 9.34593868256, 8.92754745483, 3.79091978073, 0.39800876379, 0.0487858206034, 0.000203715069802, 8.75547669921e-08]
    },
    "gfcc": {
        "mean": [-38.0039367676, 39.5398483276, -104.230056763, 20.8196620941, -60.9001998901, -3.48045444489, -42.420879364, 9.71515083313, -24.4337120056, 5.51877498627, -17.1631641388, 8.79282951355, -6.56766271591],
        "cov": [[10904.6435547, 113.700584412, 307.400787354, 428.14642334, 805.811645508, 592.593994141, 638.251525879, 356.078765869, -29.2081222534, 182.261520386, -367.310760498, -50.5006713867, -388.344604492], [113.700584412, 2309.74243164, -14.4146909714, 199.916625977, 300.936767578, 75.1097183228, 270.148498535, 60.8405227661, 62.4923744202, -170.221618652, 213.736984253, -134.086410522, -24.5987796783], [307.400787354, -14.4146909714, 1726.84118652, 506.064300537, 258.908752441, 240.829452515, 88.9672088623, -43.6994476318, 9.65438556671, 154.593414307, -45.5305213928, 86.0763015747, -95.1173477173], [428.14642334, 199.916625977, 506.064300537, 1173.82397461, 523.885437012, 117.402679443, 69.1306228638, 47.2430114746, 43.3815231323, 7.95060062408, -66.680557251, -69.7528991699, -61.6620368958], [805.811645508, 300.936767578, 258.908752441, 523.885437012, 739.525268555, 244.525634766, 240.64012146, 114.085357666, 41.5656394958, 29.6451416016, -65.631690979, -51.2371520996, -69.9376678467], [592.593994141, 75.1097183228, 240.829452515, 117.402679443, 244.525634766, 482.111602783, 323.644256592, 74.1084060669, 2.72979044914, 45.7218322754, -20.7944011688, -16.9792404175, -80.4557037354], [638.251525879, 270.148498535, 88.9672088623, 69.1306228638, 240.64012146, 323.644256592, 476.855316162, 161.3984375, -0.239801764488, 20.7400760651, -1.86132454872, -11.5110778809, -73.6607131958], [356.078765869, 60.8405227661, -43.6994476318, 47.2430114746, 114.085357666, 74.1084060669, 161.3984375, 201.046585083, 75.5324935913, 17.5121822357, -17.8246116638, -17.5268955231, -9.13078975677], [-29.2081222534, 62.4923744202, 9.65438556671, 43.3815231323, 41.5656394958, 2.72979044914, -0.239801764488, 75.5324935913, 188.967285156, 64.7062225342, 31.4591178894, 11.4075546265, 39.5684547424], [182.261520386, -170.221618652, 154.593414307, 7.95060062408, 29.6451416016, 45.7218322754, 20.7400760651, 17.5121822357, 64.7062225342, 173.863372803, 38.1937599182, 54.0648880005, 8.42627811432], [-367.310760498, 213.736984253, -45.5305213928, -66.680557251, -65.631690979, -20.7944011688, -1.86132454872, -17.8246116638, 31.4591178894, 38.1937599182, 193.959487915, 79.2855224609, 45.8583488464], [-50.5006713867, -134.086410522, 86.0763015747, -69.7528991699, -51.2371520996, -16.9792404175, -11.5110778809, -17.5268955231, 11.4075546265, 54.0648880005, 79.2855224609, 155.317855835, 59.6890678406], [-388.344604492, -24.5987796783, -95.1173477173, -61.6620368958, -69.9376678467, -80.4557037354, -73.6607131958, -9.13078975677, 39.5684547424, 8.42627811432, 45.8583488464, 59.6890678406, 137.395370483]],
        "icov": [[0.000129358275444, -7.06315549905e-05, 5.75695848966e-05, -1.31559172587e-05, -3.86424762837e-05, -6.84036131133e-05, 3.76962125301e-05, -0.000166357029229, 8.69804134709e-05, -0.000245770643232, 0.000390339613659, -0.00034618889913, 0.000346497341525], [-7.06315549905e-05, 0.000918238132726, -0.000229328856221, 9.27041546674e-05, -0.000376843818231, 0.000447655154858, -0.000770876533352, 0.000497909728438, -0.000590772542637, 0.00133073248435, -0.00192385923583, 0.00158607028425, -0.000420669646701], [5.75695848966e-05, -0.000229328856221, 0.000942956889048, -0.000399358134018, 0.000123532066937, -0.000443936005468, 0.000235998595599, 0.00023025291739, 7.51006809878e-05, -0.000925365660805, 0.000990191823803, -0.00135451334063, 0.000833051162772], [-1.31559172587e-05, 9.27041546674e-05, -0.000399358134018, 0.00147646316327, -0.00105697417166, 0.000185359240277, 0.000215941981878, -6.14813643551e-06, -0.000229119657888, 0.000440431991592, -0.000378222350264, 0.000744703807868, -0.000106866005808], [-3.86424762837e-05, -0.000376843818231, 0.000123532066937, -0.00105697417166, 0.00276680011302, -0.000688145519234, -0.000337576580932, -0.000463466596557, -4.85423606733e-06, -0.000691051012836, 0.00114159286022, -0.000505080446601, 0.000110265820695], [-6.84036131133e-05, 0.000447655154858, -0.000443936005468, 0.000185359240277, -0.000688145519234, 0.0047406218946, -0.00345102092251, 0.00159774220083, -0.00077747303294, 7.90997946751e-05, -0.000720265088603, 0.00119750841986, 0.000283611327177], [3.76962125301e-05, -0.000770876533352, 0.000235998595599, 0.000215941981878, -0.000337576580932, -0.00345102092251, 0.00665131770074, -0.0045055244118, 0.00214801379479, -0.000782183953561, 0.000445184559794, -0.0018343689153, 0.0013803326292], [-0.000166357029229, 0.000497909728438, 0.00023025291739, -6.14813643551e-06, -0.000463466596557, 0.00159774220083, -0.0045055244118, 0.0101703060791, -0.00448636850342, 0.000891834148206, 0.000313288386678, 0.00118916865904, -0.000648208661005], [8.69804134709e-05, -0.000590772542637, 7.51006809878e-05, -0.000229119657888, -4.85423606733e-06, -0.00077747303294, 0.00214801379479, -0.00448636850342, 0.0090450104326, -0.00368857150897, -0.000154580338858, 0.000416012742789, -0.00202283938415], [-0.000245770643232, 0.00133073248435, -0.000925365660805, 0.000440431991592, -0.000691051012836, 7.90997946751e-05, -0.000782183953561, 0.000891834148206, -0.00368857150897, 0.0103496033698, -0.00364409945905, 0.00012132597476, 2.62290086539e-05], [0.000390339613659, -0.00192385923583, 0.000990191823803, -0.000378222350264, 0.00114159286022, -0.000720265088603, 0.000445184559794, 0.000313288386678, -0.000154580338858, -0.00364409945905, 0.0118337376043, -0.00706230057403, 0.00107978470623], [-0.00034618889913, 0.00158607028425, -0.00135451334063, 0.000744703807868, -0.000505080446601, 0.00119750841986, -0.0018343689153, 0.00118916865904, 0.000416012742789, 0.00012132597476, -0.00706230057403, 0.0145175959915, -0.00583530031145], [0.000346497341525, -0.000420669646701, 0.000833051162772, -0.000106866005808, 0.000110265820695, 0.000283611327177, 0.0013803326292, -0.000648208661005, -0.00202283938415, 2.62290086539e-05, 0.00107978470623, -0.00583530031145, 0.012385818176]]
    },
    "melbands": {
        "dmean": [0.00169507344253, 0.000799054803792, 0.000544477370568, 0.000224439194426, 0.000338014506269, 0.000582180975471, 0.00023837244953, 0.000105748848, 0.000190614548046, 0.000351687747752, 0.000198096240638, 4.07087427448e-05, 5.04479794472e-05, 6.49463618174e-05, 3.32970448653e-05, 2.88980190817e-05, 3.37306664733e-05, 1.92029692698e-05, 2.27824402828e-05, 5.09374513058e-05, 2.1648922484e-05, 1.21786042655e-05, 1.58023904078e-05, 1.30401576826e-05, 8.69070390763e-06, 7.04997046341e-06, 8.3756094682e-06, 5.74967725697e-06, 3.42236103279e-06, 3.12246947942e-06, 2.65000676336e-06, 2.22419612328e-06, 2.20587935473e-06, 2.12532586374e-06, 1.98081829694e-06, 1.91117283066e-06, 1.49375739511e-06, 1.15234183795e-06, 1.04413754798e-06, 8.43899726988e-07],
        "dmean2": [0.00252932822332, 0.00125787802972, 0.000920224003494, 0.000367827160517, 0.000523802184034, 0.000907171051949, 0.000388980464777, 0.00016598647926, 0.000308989081532, 0.000560107640922, 0.000308289076202, 6.21518920525e-05, 7.72100975155e-05, 9.96194503387e-05, 5.54042599106e-05, 4.60943265352e-05, 5.47168856428e-05, 3.07688569592e-05, 3.60025078407e-05, 8.55541875353e-05, 3.50702575815e-05, 1.80916958925e-05, 2.53647413047e-05, 1.91428116523e-05, 1.36474491228e-05, 1.05964536488e-05, 1.23348208945e-05, 8.62354318087e-06, 5.10957534061e-06, 4.68738380732e-06, 4.05076661991e-06, 3.42664861819e-06, 3.26789722749e-06, 3.18909951602e-06, 2.95707923215e-06, 2.8771239613e-06, 2.24944869842e-06, 1.68372343978e-06, 1.53033863626e-06, 1.23347774661e-06],
        "dvar": [3.65130144928e-05, 5.17423950441e-06, 2.45831824941e-06, 2.4221486683e-07, 4.37200981196e-07, 1.32126615426e-06, 4.39674124664e-07, 1.37515442589e-07, 4.35798966691e-07, 8.82208553321e-07, 3.59125806426e-07, 1.90198097272e-08, 2.68495785605e-08, 3.11733820979e-08, 1.19616760941e-08, 6.63020527369e-09, 6.15435480356e-09, 2.43675435385e-09, 2.15964135464e-09, 1.70591452076e-08, 2.58339993842e-09, 5.57730750472e-10, 9.60564405794e-10, 5.70857139337e-10, 2.54978205216e-10, 1.35282451907e-10, 1.6673409875e-10, 8.88033813151e-11, 6.00678742857e-11, 4.01390969074e-11, 2.87839491825e-11, 3.10146144877e-11, 2.92690628678e-11, 3.23395719926e-11, 2.41977445026e-11, 3.03256100787e-11, 2.35903813844e-11, 8.30395648077e-12, 7.47889163794e-12, 5.81780370407e-12],
        "dvar2": [7.16548238415e-05, 1.04272185126e-05, 6.56828979118e-06, 6.02891248036e-07, 9.91531919681e-07, 3.12990005114e-06, 1.11572853712e-06, 3.0292872566e-07, 1.01027717392e-06, 2.17017054638e-06, 8.06399668818e-07, 4.12812219963e-08, 6.0083728215e-08, 6.9232783062e-08, 3.17627524282e-08, 1.62270854531e-08, 1.44953471448e-08, 5.95839466655e-09, 5.37731770223e-09, 4.51585115968e-08, 6.19956708192e-09, 1.15723830518e-09, 2.57155607919e-09, 1.23129373364e-09, 6.30061114393e-10, 3.04350766811e-10, 3.63826913041e-10, 1.92832305679e-10, 1.33196897956e-10, 9.3306050386e-11, 6.78344533322e-11, 7.4673420225e-11, 6.46482312128e-11, 7.25887128183e-11, 5.19453299819e-11, 7.01644436996e-11, 5.62627826273e-11, 1.78367806636e-11, 1.70441178532e-11, 1.283273314e-11],
        "max": [0.0752477943897, 0.0322453305125, 0.0141544891521, 0.00439756084234, 0.0100601529703, 0.0170918852091, 0.0131343062967, 0.00758823240176, 0.00916073843837, 0.014216767624, 0.00949210673571, 0.00263405148871, 0.00360085559078, 0.00237189955078, 0.00171081302688, 0.00172589102294, 0.00124018057249, 0.000608861446381, 0.000568814284634, 0.00133977131918, 0.00096312322421, 0.000658054428641, 0.000375696923584, 0.000295226811431, 0.000149903644342, 0.000148480801727, 0.000129628751893, 0.000113392408821, 0.000174174900167, 0.000100047909655, 7.01028693584e-05, 8.86648267624e-05, 7.91077836766e-05, 9.32704060688e-05, 7.3133254773e-05, 8.81251398823e-05, 0.000105404833448, 4.15020658693e-05, 3.70980487787e-05, 4.16597831645e-05],
        "mean": [0.00401133811101, 0.001715281629, 0.000572029966861, 0.000240910798311, 0.000429552717833, 0.00071221916005, 0.000261651235633, 0.000109568922198, 0.000179954775376, 0.000357059732778, 0.000212594590266, 4.74156840937e-05, 5.86953501625e-05, 6.76883937558e-05, 3.00618012261e-05, 2.88495466521e-05, 3.64282859664e-05, 1.98782418011e-05, 2.67113682639e-05, 4.60909541289e-05, 2.43783451879e-05, 1.88886151591e-05, 2.10733724089e-05, 2.29290399147e-05, 1.3399366253e-05, 1.09419352157e-05, 1.29018126245e-05, 7.92929222371e-06, 4.22589982918e-06, 4.16599277742e-06, 3.38659015142e-06, 2.79876985587e-06, 2.79734422293e-06, 2.56690509559e-06, 2.35738298215e-06, 2.22390076487e-06, 1.71143926764e-06, 1.31467493247e-06, 1.19478306715e-06, 9.54370307227e-07],
        "median": [2.09815243579e-05, 4.0572747821e-05, 5.93204094912e-05, 6.32138253422e-05, 0.000127017279738, 0.000159775023349, 2.99072253256e-05, 8.22204583528e-06, 1.08704907689e-05, 3.42952844221e-05, 1.61781917996e-05, 4.62957223135e-06, 4.99990164826e-06, 4.46455169367e-06, 2.36273717746e-06, 3.81987592846e-06, 3.86137708119e-06, 2.68110807156e-06, 3.328105322e-06, 5.4921042647e-06, 5.30444822289e-06, 4.3554318836e-06, 3.90423792851e-06, 3.64642301065e-06, 2.53836378761e-06, 3.18184675052e-06, 4.37304061052e-06, 2.31955573327e-06, 1.51356073275e-06, 1.59120600074e-06, 1.44106320477e-06, 1.05124308902e-06, 1.000874704e-06, 8.18792273094e-07, 6.60708565192e-07, 5.42097211564e-07, 4.17020117993e-07, 3.40511064678e-07, 2.95277601481e-07, 2.12039822145e-07],
        "min": [2.75275000806e-23, 1.17889614041e-23, 6.13380098475e-24, 7.91977694658e-24, 7.46965528064e-24, 6.40982380992e-24, 1.41369569791e-23, 1.47772485546e-23, 7.81443482787e-24, 3.6518615612e-24, 8.47017308876e-24, 1.3114638211e-23, 1.10524303759e-23, 9.04080824632e-24, 1.09384620632e-23, 3.31836982465e-24, 5.35876407803e-24, 6.78191451055e-24, 4.98783379179e-24, 1.4462546696e-23, 8.53419072894e-24, 1.00252025264e-23, 1.254591683e-23, 8.30329429742e-24, 1.29801555705e-23, 1.15792198555e-23, 1.21705823334e-23, 6.74443178464e-24, 1.02209339053e-23, 8.5092351142e-24, 1.15329736738e-23, 8.02062729128e-24, 1.46052405897e-23, 1.34523708638e-23, 6.95538581247e-24, 9.34491412529e-24, 1.36065174401e-23, 9.08963873636e-24, 9.68691372669e-24, 8.05147411926e-24],
        "var": [0.000105888524558, 1.84223899851e-05, 2.14383817365e-06, 2.53457471899e-07, 6.55412861761e-07, 1.96094651983e-06, 5.20042817698e-07, 1.84828053307e-07, 4.5553932182e-07, 9.64251285041e-07, 4.42695437641e-07, 2.92299766613e-08, 4.06419005117e-08, 4.18442418493e-08, 1.00610622056e-08, 7.08178804487e-09, 8.24401613642e-09, 2.44088393941e-09, 2.95387447835e-09, 1.41037075352e-08, 3.45793926826e-09, 1.22380494627e-09, 1.71754099831e-09, 1.97788341261e-09, 5.81524106646e-10, 2.89212959137e-10, 3.41881190025e-10, 1.63238533801e-10, 7.75027472755e-11, 5.4491845064e-11, 3.60092060336e-11, 3.58364171671e-11, 3.70933180005e-11, 3.85697099259e-11, 3.08407362148e-11, 3.44279396658e-11, 2.43381530207e-11, 1.00614456003e-11, 8.27621218086e-12, 6.45250389578e-12]
    },
    "mfcc": {
        "mean": [-693.212341309, 83.286315918, 3.08460092545, 23.7112674713, 0.502983093262, -6.83577060699, -8.91625404358, -1.13137769699, -3.56446146965, -1.21317517757, -5.94422578812, -4.84419155121, -2.05545115471],
        "cov": [[10201.7753906, 387.255767822, -442.259521484, 486.423797607, 275.799957275, 536.561523438, 597.779968262, 434.405090332, 386.778076172, 425.440582275, 131.655548096, -24.0761051178, 29.046957016], [387.255767822, 1727.55285645, 60.3471832275, 21.9092903137, 50.9763526917, 72.2653579712, 253.221054077, 170.615768433, 17.8192405701, 13.7834510803, 167.56578064, 104.486167908, -17.8173885345], [-442.259521484, 60.3471832275, 1284.22546387, 255.521911621, 136.846282959, 270.821899414, 53.9149436951, -3.15965676308, -10.2712287903, 20.2623405457, 32.1665229797, 82.2942199707, 99.9469604492], [486.423797607, 21.9092903137, 255.521911621, 950.866699219, 444.593841553, 208.209396362, 129.41859436, 111.797264099, 111.727737427, 102.090499878, 22.4201011658, -44.0261230469, 19.0900497437], [275.799957275, 50.9763526917, 136.846282959, 444.593841553, 486.390960693, 206.388031006, 70.8430023193, 61.0922203064, 99.6464233398, 76.9838027954, 20.9230232239, -12.7300271988, 14.5266857147], [536.561523438, 72.2653579712, 270.821899414, 208.209396362, 206.388031006, 458.805328369, 279.933563232, 145.896865845, 107.607086182, 110.253578186, 81.4984436035, 23.3427562714, 26.3354091644], [597.779968262, 253.221054077, 53.9149436951, 129.41859436, 70.8430023193, 279.933563232, 425.436401367, 221.969451904, 97.2872161865, 92.6188964844, 97.294921875, 30.407831192, -12.2544660568], [434.405090332, 170.615768433, -3.15965676308, 111.797264099, 61.0922203064, 145.896865845, 221.969451904, 259.663970947, 118.627212524, 82.134979248, 69.2714691162, 19.9755744934, 1.90294897556], [386.778076172, 17.8192405701, -10.2712287903, 111.727737427, 99.6464233398, 107.607086182, 97.2872161865, 118.627212524, 217.998748779, 125.609085083, 39.8440055847, 6.45878267288, 10.9522590637], [425.440582275, 13.7834510803, 20.2623405457, 102.090499878, 76.9838027954, 110.253578186, 92.6188964844, 82.134979248, 125.609085083, 197.567199707, 87.8154754639, 11.612944603, 10.4313364029], [131.655548096, 167.56578064, 32.1665229797, 22.4201011658, 20.9230232239, 81.4984436035, 97.294921875, 69.2714691162, 39.8440055847, 87.8154754639, 153.000015259, 52.7928314209, -7.02868175507], [-24.0761051178, 104.486167908, 82.2942199707, -44.0261230469, -12.7300271988, 23.3427562714, 30.407831192, 19.9755744934, 6.45878267288, 11.612944603, 52.7928314209, 114.716316223, 54.4202079773], [29.046957016, -17.8173885345, 99.9469604492, 19.0900497437, 14.5266857147, 26.3354091644, -12.2544660568, 1.90294897556, 10.9522590637, 10.4313364029, -7.02868175507, 54.4202079773, 137.450515747]],
