{
"lowlevel": {
    "average_loudness": 0.933197557926,
    "barkbands_crest": {
        "dmean": 3.27795648575,
        "dmean2": 5.18595123291,
        "dvar": 9.76526737213,
        "dvar2": 21.6340904236,
        "max": 26.9352588654,
        "mean": 13.661324501,
        "median": 13.5048589706,
        "min": 2.31127643585,
        "var": 29.797914505
    },
    "barkbands_flatness_db": {
        "dmean": 0.0415278896689,
        "dmean2": 0.0570800043643,
        "dvar": 0.00191080407239,
        "dvar2": 0.0034189040307,
        "max": 0.69342726469,
        "mean": 0.20618724823,
        "median": 0.187634915113,
        "min": 0.0273129567504,
        "var": 0.0111398985609
    },
    "barkbands_kurtosis": {
        "dmean": 41.9088020325,
        "dmean2": 67.7839584351,
        "dvar": 177486.703125,
        "dvar2": 360367.625,
        "max": 17375.9335938,
        "mean": 51.3828163147,
        "median": 7.36021137238,
        "min": -1.91854178905,
        "var": 248397.609375
    },
    "barkbands_skewness": {
        "dmean": 1.64408528805,
        "dmean2": 2.51115608215,
        "dvar": 15.8689060211,
        "dvar2": 32.9168434143,
        "max": 113.060470581,
        "mean": 3.32968568802,
        "median": 2.47829079628,
        "min": -5.98524045944,
        "var": 31.3320541382
    },
    "barkbands_spread": {
        "dmean": 8.55980968475,
        "dmean2": 13.4159421921,
        "dvar": 167.102020264,
        "dvar2": 397.260925293,
        "max": 108.076187134,
        "mean": 17.209148407,
        "median": 12.2200202942,
        "min": 0.0218561552465,
        "var": 288.624237061
    },
    "dissonance": {
        "dmean": 0.0168963521719,
        "dmean2": 0.027821155265,
        "dvar": 0.00045191499521,
        "dvar2": 0.0012161716586,
        "max": 0.500000059605,
        "mean": 0.47016274929,
        "median": 0.478240996599,
        "min": 0.22107668221,
        "var": 0.000814917497337
    },
    "dynamic_complexity": 5.70066595078,
    "erbbands_crest": {
        "dmean": 2.85054707527,
        "dmean2": 4.56054019928,
        "dvar": 9.88744163513,
        "dvar2": 24.2090873718,
        "max": 34.0444602966,
        "mean": 9.86027145386,
        "median": 8.15037727356,
        "min": 2.4016149044,
        "var": 34.7796173096
    },
    "erbbands_flatness_db": {
        "dmean": 0.0268141124398,
        "dmean2": 0.0387056767941,
        "dvar": 0.00131917034741,
        "dvar2": 0.00260672811419,
        "max": 0.543948769569,
        "mean": 0.163900360465,
        "median": 0.143237113953,
        "min": 0.0490851812065,
        "var": 0.00565979629755
    },
    "erbbands_kurtosis": {
        "dmean": 4.18216753006,
        "dmean2": 7.12064552307,
        "dvar": 307.366699219,
        "dvar2": 795.49798584,
        "max": 333.165008545,
        "mean": 3.61912918091,
        "median": 0.111423492432,
        "min": -1.81612217426,
        "var": 315.759490967
    },
    "erbbands_skewness": {
        "dmean": 0.700418114662,
        "dmean2": 1.05511307716,
        "dvar": 1.16298866272,
        "dvar2": 2.63732290268,
        "max": 5.3714761734,
        "mean": 0.279092699289,
        "median": 0.316945880651,
        "min": -13.6860132217,
        "var": 2.2125647068
    },
    "erbbands_spread": {
        "dmean": 12.9703931808,
        "dmean2": 19.647644043,
        "dvar": 200.153656006,
        "dvar2": 476.504364014,
        "max": 159.920471191,
        "mean": 42.9653663635,
        "median": 38.9333534241,
        "min": 0.2714638412,
        "var": 688.127929688
    },
    "hfc": {
        "dmean": 7.4279460907,
        "dmean2": 10.433965683,
        "dvar": 170.797393799,
        "dvar2": 359.716003418,
        "max": 173.305099487,
        "mean": 17.475320816,
        "median": 11.3845376968,
        "min": 1.15878514403e-16,
        "var": 402.282562256
    },
    "melbands_crest": {
        "dmean": 3.69449496269,
        "dmean2": 5.97034978867,
        "dvar": 14.8837966919,
        "dvar2": 32.7831268311,
        "max": 39.9879226685,
        "mean": 17.7520599365,
        "median": 17.5372200012,
        "min": 1.66614103317,
        "var": 46.6109771729
    },
    "melbands_flatness_db": {
        "dmean": 0.0494204461575,
        "dmean2": 0.0673530250788,
        "dvar": 0.00269553484395,
        "dvar2": 0.00483497651294,
        "max": 0.772359967232,
        "mean": 0.272259891033,
        "median": 0.25872990489,
        "min": 0.00424974272028,
        "var": 0.0162027813494
    },
    "melbands_kurtosis": {
        "dmean": 55.3598937988,
        "dmean2": 86.9396057129,
        "dvar": 375623.0625,
        "dvar2": 897409.4375,
        "max": 26181.8222656,
        "mean": 71.2916564941,
        "median": 22.3651332855,
        "min": -1.97738444805,
        "var": 363330.84375
    },
    "melbands_skewness": {
        "dmean": 1.86567974091,
        "dmean2": 2.8673915863,
        "dvar": 16.8279914856,
        "dvar2": 37.1811752319,
        "max": 142.579208374,
        "mean": 4.5974650383,
        "median": 3.88613939285,
        "min": -6.42598342896,
        "var": 29.5253620148
    },
    "melbands_spread": {
        "dmean": 10.883149147,
        "dmean2": 17.459028244,
        "dvar": 524.837768555,
        "dvar2": 1303.9708252,
        "max": 235.583679199,
        "mean": 19.6118946075,
        "median": 10.0392332077,
        "min": 0.0257042627782,
        "var": 828.176574707
    },
    "pitch_salience": {
        "dmean": 0.0970343500376,
        "dmean2": 0.149801418185,
        "dvar": 0.0117299929261,
        "dvar2": 0.0243007745594,
        "max": 0.921920061111,
        "mean": 0.489265590906,
        "median": 0.481098711491,
        "min": 0.00305357249454,
        "var": 0.0267668999732
    },
    "silence_rate_20dB": {
        "dmean": 0,
        "dmean2": 0,
        "dvar": 0,
        "dvar2": 0,
        "max": 1,
        "mean": 1,
        "median": 1,
        "min": 1,
        "var": 0
    },
    "silence_rate_30dB": {
        "dmean": 0.0549535602331,
        "dmean2": 0.109949670732,
        "dvar": 0.0519344359636,
        "dvar2": 0.106376692653,
        "max": 1,
        "mean": 0.934235990047,
        "median": 1,
        "min": 0,
        "var": 0.0614381171763
    },
    "silence_rate_60dB": {
        "dmean": 0.0208978336304,
        "dmean2": 0.0418118461967,
        "dvar": 0.0204605702311,
        "dvar2": 0.0462572127581,
        "max": 1,
        "mean": 0.213926494122,
        "median": 0,
        "min": 0,
        "var": 0.168170943856
    },
    "spectral_centroid": {
        "dmean": 380.430206299,
        "dmean2": 570.19152832,
        "dvar": 253552.671875,
        "dvar2": 476335.1875,
        "max": 11470.7070312,
        "mean": 1385.24780273,
        "median": 1056.67810059,
        "min": 118.219612122,
        "var": 1453165.25
    },
    "spectral_complexity": {
        "dmean": 4.89396286011,
        "dmean2": 6.95354223251,
        "dvar": 44.6660232544,
        "dvar2": 83.7236404419,
        "max": 56,
        "mean": 13.5477752686,
        "median": 11,
        "min": 0,
        "var": 141.917358398
    },
    "spectral_decrease": {
        "dmean": 3.43601969099e-09,
        "dmean2": 5.38530020577e-09,
        "dvar": 2.52329146297e-17,
        "dvar2": 5.81479118565e-17,
        "max": 3.43858601722e-29,
        "mean": -1.00269881287e-08,
        "median": -9.29570909136e-09,
        "min": -4.83435691478e-08,
        "var": 8.65344806957e-17
    },
    "spectral_energy": {
        "dmean": 0.013315889053,
        "dmean2": 0.0207815878093,
        "dvar": 0.00037101021735,
        "dvar2": 0.000852623605169,
        "max": 0.184655308723,
        "mean": 0.0394292362034,
        "median": 0.0367168709636,
        "min": 1.06001321418e-20,
        "var": 0.00128755206242
    },
    "spectral_energyband_high": {
        "dmean": 0.000473716907436,
        "dmean2": 0.000648231769446,
        "dvar": 1.08342067051e-06,
        "dvar2": 1.82061353371e-06,
        "max": 0.0153290424496,
        "mean": 0.000794351042714,
        "median": 0.0001826416119,
        "min": 7.62239502767e-21,
        "var": 2.84376801574e-06
    },
    "spectral_energyband_low": {
        "dmean": 0.0111848544329,
        "dmean2": 0.0181309636682,
        "dvar": 0.000384164304705,
        "dvar2": 0.000917322991882,
        "max": 0.176765501499,
        "mean": 0.0266748070717,
        "median": 0.0232577119023,
        "min": 3.61121400422e-23,
        "var": 0.000968387583271
    },
    "spectral_energyband_middle_high": {
        "dmean": 0.00205723196268,
        "dmean2": 0.00312820309773,
        "dvar": 2.07988905458e-05,
        "dvar2": 5.06662727275e-05,
        "max": 0.0474725291133,
        "mean": 0.00357279600576,
        "median": 0.00127862906083,
        "min": 1.42547443252e-21,
        "var": 3.18139464071e-05
    },
    "spectral_energyband_middle_low": {
        "dmean": 0.00580404745415,
        "dmean2": 0.00929929036647,
        "dvar": 0.000114516522444,
        "dvar2": 0.000276785867754,
        "max": 0.0964652821422,
        "mean": 0.010238355957,
        "median": 0.00676484359428,
        "min": 2.37953391846e-22,
        "var": 0.000148032908328
    },
    "spectral_entropy": {
        "dmean": 0.281670182943,
        "dmean2": 0.381351828575,
        "dvar": 0.099501952529,
        "dvar2": 0.178546905518,
        "max": 9.81595516205,
        "mean": 7.45890045166,
        "median": 7.55147457123,
        "min": 4.29733324051,
        "var": 0.475436151028
    },
    "spectral_flux": {
        "dmean": 0.030267810449,
        "dmean2": 0.0451875664294,
        "dvar": 0.00136836676393,
        "dvar2": 0.00266073574312,
        "max": 0.373694360256,
        "mean": 0.0902146920562,
        "median": 0.0777362212539,
        "min": 6.83676448787e-11,
        "var": 0.00519585609436
    },
    "spectral_kurtosis": {
        "dmean": 3.60642576218,
        "dmean2": 5.44416618347,
        "dvar": 138.999252319,
        "dvar2": 261.365234375,
        "max": 259.085205078,
        "mean": 7.6446814537,
        "median": 4.09116840363,
        "min": -1.40641880035,
        "var": 355.908447266
    },
    "spectral_rms": {
        "dmean": 0.000921823026147,
        "dmean2": 0.00140879943501,
        "dvar": 1.23547454223e-06,
        "dvar2": 2.67502559836e-06,
        "max": 0.0134220533073,
        "mean": 0.0053397458978,
        "median": 0.00598509283736,
        "min": 3.21583471657e-12,
        "var": 9.95467144094e-06
    },
    "spectral_rolloff": {
        "dmean": 604.44909668,
        "dmean2": 1038.51403809,
        "dvar": 1788137.625,
        "dvar2": 3612042.5,
        "max": 18755.4199219,
        "mean": 1311.82128906,
        "median": 430.6640625,
        "min": 21.533203125,
        "var": 4305997
    },
    "spectral_skewness": {
        "dmean": 0.393943458796,
        "dmean2": 0.580184996128,
        "dvar": 0.504372596741,
        "dvar2": 0.939753293991,
        "max": 12.736041069,
        "mean": 1.76898193359,
        "median": 1.57336950302,
        "min": -0.348144948483,
        "var": 1.46521127224
    },
    "spectral_spread": {
        "dmean": 762091.4375,
        "dmean2": 1080882,
        "dvar": 1.14613446246e+12,
        "dvar2": 2.2015532073e+12,
        "max": 40931976,
        "mean": 4810227.5,
        "median": 4666047,
        "min": 487888.5625,
        "var": 4.95480052122e+12
    },
    "spectral_strongpeak": {
        "dmean": 0.326615333557,
        "dmean2": 0.554544448853,
        "dvar": 0.278856396675,
        "dvar2": 0.715330064297,
        "max": 5.86503314972,
        "mean": 0.685784518719,
        "median": 0.443243026733,
        "min": 0,
        "var": 0.775101363659
    },
    "zerocrossingrate": {
        "dmean": 0.0161338783801,
        "dmean2": 0.0177730210125,
        "dvar": 0.000577088387217,
        "dvar2": 0.000666340172756,
        "max": 0.51416015625,
        "mean": 0.0531487986445,
        "median": 0.03662109375,
        "min": 0,
        "var": 0.00338799203746
    },
    "barkbands": {
        "dmean": [0.000510689395014, 0.00922588724643, 0.00435805693269, 0.00206458033063, 0.00192211894318, 0.00155770662241, 0.000954502320383, 0.000702493649442, 0.000737114285585, 0.00035298767034, 0.000399741373258, 0.000308100570692, 0.000320302409818, 0.000247931136983, 0.000374541064957, 0.000256343366345, 0.000283228786429, 0.000139915850013, 0.000133578345412, 0.000102537866042, 0.000118632357044, 8.50583674037e-05, 8.93475516932e-05, 9.68303647824e-05, 7.15066344128e-05, 2.44633647526e-05, 6.43572775516e-07],
        "dmean2": [0.000632602896076, 0.0149448718876, 0.00733359018341, 0.00345680466853, 0.00325920106843, 0.00275454530492, 0.0016532712616, 0.00109803490341, 0.00112206640188, 0.000546472903807, 0.000677377393004, 0.000488468038384, 0.000529262528289, 0.000408179068472, 0.000595566700213, 0.000401080091251, 0.000455925328424, 0.000226529606152, 0.000206802113098, 0.000150109801325, 0.000178071481059, 0.00011964202713, 0.000128324943944, 0.000138105213409, 0.000102931211586, 3.30100010615e-05, 9.76530373009e-07],
        "dvar": [1.50833966472e-06, 0.00027208623942, 9.02775864233e-05, 1.5009112758e-05, 3.33029602189e-05, 1.60012077686e-05, 7.03903924659e-06, 3.23843573824e-06, 2.72391366707e-06, 9.40000006722e-07, 2.37449489759e-06, 5.32321337232e-07, 7.30344993372e-07, 3.98223704678e-07, 8.30255714845e-07, 3.57464841727e-07, 3.76145123937e-07, 6.00547878093e-08, 6.98742539385e-08, 3.33052447843e-08, 6.30411918223e-08, 4.18906083155e-08, 5.89091051495e-08, 1.16259826655e-07, 4.78131489956e-08, 3.3804967714e-09, 5.2705118915e-12],
        "dvar2": [2.38826714849e-06, 0.000695180729963, 0.000251538440352, 3.89708657167e-05, 8.9129571279e-05, 4.46808189736e-05, 1.88243939192e-05, 7.19161471352e-06, 6.03435182711e-06, 1.96811220121e-06, 6.34114803688e-06, 1.28991132442e-06, 1.91086792256e-06, 9.76297769739e-07, 1.89773595594e-06, 8.27725273211e-07, 9.01231430817e-07, 1.49204439026e-07, 1.57405921186e-07, 7.23759114862e-08, 1.31034710193e-07, 8.21296239906e-08, 1.15653953969e-07, 2.14476372662e-07, 8.69926708447e-08, 6.41961062087e-09, 1.12533498145e-11],
        "max": [0.0130007220432, 0.166042715311, 0.101820498705, 0.0377354286611, 0.0641472637653, 0.0372367948294, 0.0260993093252, 0.0321096591651, 0.0232256967574, 0.0162071306258, 0.01628658548, 0.0104200569913, 0.00997230131179, 0.00659248512238, 0.0146333361045, 0.0122307818383, 0.00664673093706, 0.0023054368794, 0.0041803480126, 0.00284673925489, 0.00529852183536, 0.00442881090567, 0.00437860516831, 0.00610205763951, 0.00401613069698, 0.00128360185772, 5.06360847794e-05],
        "mean": [0.000744206481613, 0.0167009085417, 0.00745512126014, 0.00293587334454, 0.00213504931889, 0.00151262490544, 0.000883677857928, 0.00108205655124, 0.00154926790856, 0.000477938068798, 0.000375988107407, 0.000465553952381, 0.000441830896307, 0.000267885625362, 0.000437168957433, 0.000343184743542, 0.000390664295992, 0.000179127411684, 0.000184151896974, 0.000153108820086, 0.000169972307049, 0.000128666782985, 0.000133382112836, 0.000140053758514, 0.000103190533991, 3.7921803596e-05, 6.92591754614e-07],
        "median": [3.23975182255e-05, 0.00936830043793, 0.00245753861964, 0.00153476092964, 0.000748413614929, 0.000398461153964, 0.000171269581188, 0.000100415098132, 0.000128430066979, 8.17708350951e-05, 6.71635207254e-05, 6.89930893714e-05, 6.00679995841e-05, 5.13481390954e-05, 6.77375792293e-05, 6.28780035186e-05, 7.40082323318e-05, 6.8123008532e-05, 6.09693634033e-05, 5.26532567164e-05, 3.91224166378e-05, 2.55443828792e-05, 2.00683316507e-05, 2.06077165785e-05, 1.56731457537e-05, 6.66256210025e-06, 1.21668710662e-08],
        "min": [6.0232164909e-24, 8.80635720757e-24, 4.27950256879e-24, 4.10190631319e-24, 1.10974419903e-23, 2.78723837575e-23, 1.45174593036e-23, 3.34436003047e-23, 4.31131985345e-23, 4.14931306707e-23, 4.31716625939e-23, 7.25642980672e-23, 4.1031262077e-23, 5.76163053028e-23, 1.24115348481e-22, 1.20952710449e-22, 2.28528712839e-22, 1.45522143063e-22, 2.02559790493e-22, 2.3654434743e-22, 3.81136114252e-22, 4.593809429e-22, 6.01793383652e-22, 6.67628963255e-22, 1.04772229174e-21, 1.46050944927e-21, 2.36319462749e-21],
        "var": [3.70877114619e-06, 0.000502694805618, 0.000131316715851, 1.73038424691e-05, 2.51927358477e-05, 1.18458947327e-05, 5.91685420659e-06, 7.06385890226e-06, 1.06600346044e-05, 1.82485530331e-06, 1.84617897503e-06, 1.30054559122e-06, 1.22225776522e-06, 4.53194303418e-07, 1.35456946282e-06, 7.32064506792e-07, 6.26393443781e-07, 7.84678135801e-08, 1.08683366307e-07, 6.07928924978e-08, 1.15259176425e-07, 8.78053967313e-08, 1.2125964588e-07, 2.31815775464e-07, 9.84788144365e-08, 7.74415109817e-09, 8.20314476069e-12]
    },
    "erbbands": {
        "dmean": [0.296218007803, 2.11907911301, 4.88975524902, 5.97539710999, 5.60933208466, 7.15992355347, 6.31414985657, 16.1104621887, 15.9116954803, 10.5700721741, 18.1281032562, 16.1848297119, 10.9920930862, 13.0873308182, 12.329662323, 12.0834465027, 15.2484292984, 12.2312011719, 17.9250011444, 15.2055501938, 14.2418727875, 15.564912796, 8.48130893707, 6.13791704178, 6.27295732498, 4.72293043137, 4.74681997299, 4.5118598938, 3.07177042961, 2.54605555534, 2.73478722572, 2.16809129715, 1.54734003544, 0.910376012325, 0.48983579874, 0.152327716351, 0.0364510044456, 0.00487985322252, 0.000104103295598, 1.77118108695e-05],
        "dmean2": [0.493548035622, 3.4158976078, 8.155169487, 10.1038351059, 9.30204582214, 12.2728176117, 10.9158773422, 28.4755878448, 27.5323143005, 17.8419933319, 27.9073867798, 25.4814167023, 16.824224472, 20.8093528748, 20.3662815094, 19.091173172, 25.1735858917, 19.2904453278, 29.5052051544, 23.722360611, 22.2496242523, 25.1255531311, 13.5070514679, 9.56414031982, 9.72840690613, 6.83562231064, 7.13511133194, 6.68439817429, 4.29197406769, 3.68966174126, 3.99434185028, 3.1468091011, 2.25677514076, 1.34846615791, 0.685392439365, 0.208114117384, 0.0501599982381, 0.00681670429185, 0.000142001110362, 2.64961799985e-05],
        "dvar": [0.377126336098, 14.2570114136, 106.235160828, 152.007034302, 156.127685547, 516.33996582, 346.530822754, 1741.14953613, 1920.81677246, 800.181091309, 1917.24975586, 1572.56591797, 897.062805176, 1491.38952637, 1766.25427246, 808.399108887, 1562.74121094, 879.335693359, 2128.45654297, 1352.92883301, 1013.93353271, 1149.84973145, 221.561355591, 137.763671875, 142.056930542, 75.1210327148, 80.0926132202, 122.210395813, 59.0903587341, 30.187297821, 61.4464797974, 53.0920562744, 33.4368591309, 8.9041852951, 2.21374559402, 0.125937700272, 0.010226778686, 0.000161382587976, 7.10698060402e-08, 6.05850813962e-10],
        "dvar2": [1.02026820183, 35.1207199097, 291.54296875, 415.862091064, 392.47164917, 1404.99511719, 951.177246094, 4856.94775391, 5146.08642578, 2057.59448242, 4239.61669922, 3695.50097656, 1825.37939453, 3693.1730957, 4505.29248047, 1909.76245117, 4158.14208984, 2087.42211914, 5247.04003906, 2972.76782227, 2343.26953125, 2746.29516602, 517.362976074, 314.85168457, 315.734771729, 160.390365601, 168.956268311, 252.570587158, 111.120597839, 58.1966514587, 124.972862244, 96.6914138794, 67.1410446167, 17.9048690796, 4.01408100128, 0.226188138127, 0.0212222188711, 0.000310495233862, 1.33682860337e-07, 1.28708188551e-09],
        "max": [5.15046691895, 38.2237091064, 100.177467346, 138.638687134, 135.651046753, 215.524078369, 256.679351807, 366.960479736, 409.075317383, 388.470031738, 827.333312988, 689.079162598, 598.715026855, 427.789428711, 527.306091309, 425.64364624, 461.474151611, 360.832122803, 679.858032227, 625.28729248, 518.358093262, 362.744628906, 143.113754272, 176.280334473, 177.538543701, 138.731002808, 170.878311157, 304.444458008, 202.647857666, 78.6884918213, 152.039047241, 186.155670166, 98.7534942627, 59.447933197, 28.5236968994, 7.46887779236, 2.58692169189, 0.293707787991, 0.00566837098449, 0.000274587946478],
        "mean": [0.456819325686, 3.78560042381, 8.50617313385, 10.3395881653, 7.55296611786, 7.62262201309, 6.81405591965, 14.9419059753, 14.7781248093, 12.735253334, 34.9342002869, 31.1728210449, 17.4589958191, 14.9698638916, 13.1141729355, 18.5134391785, 22.3169498444, 15.5082778931, 20.1254653931, 20.4112110138, 20.320980072, 21.3578472137, 11.2986698151, 8.56700897217, 9.28968238831, 7.16932201385, 6.91835021973, 6.42506217957, 4.66722822189, 3.80255293846, 3.98846173286, 3.15794825554, 2.16550469398, 1.27954721451, 0.696363866329, 0.231117889285, 0.0562389753759, 0.00701870955527, 0.000168495942489, 5.2183324442e-05],
        "median": [0.181264087558, 2.24878835678, 4.72349977493, 6.23338842392, 3.35588502884, 2.52542281151, 2.65784525871, 3.12170386314, 2.76151323318, 3.73623466492, 2.65653729439, 2.75247430801, 3.07023501396, 3.29971027374, 2.94105696678, 2.90349245071, 3.1738986969, 3.29816794395, 3.83220934868, 3.12152051926, 3.97237706184, 4.45703697205, 3.99786138535, 3.17816710472, 3.03068804741, 2.48398375511, 1.83503055573, 1.35514509678, 0.951324820518, 0.702353358269, 0.572614371777, 0.43061581254, 0.330700546503, 0.190671250224, 0.104040957987, 0.0368988960981, 0.0103617953137, 0.00122099241707, 4.83112053189e-05, 4.65036318928e-05],
        "min": [4.25603307333e-22, 1.61873308594e-21, 5.60886414499e-21, 1.24828711485e-20, 1.200288425e-20, 4.5228707549e-20, 2.26391242795e-19, 1.56260983457e-19, 1.84659282958e-19, 3.52105893797e-19, 6.85777860849e-19, 1.11737904269e-18, 1.2171138635e-18, 1.52196342004e-18, 1.90289984106e-18, 3.34389272229e-18, 2.20234397909e-18, 3.51345544208e-18, 5.0884495146e-18, 6.70871724998e-18, 8.65855111221e-18, 1.15843873733e-17, 8.39004993973e-18, 8.73320747121e-18, 1.23036134713e-17, 9.30306873881e-18, 1.40206005406e-17, 1.50141586072e-17, 1.77156113738e-17, 1.55854624778e-17, 1.73570169977e-17, 1.24644364075e-17, 1.02280535326e-17, 9.92229200947e-18, 7.59760925855e-18, 5.18782740698e-18, 2.58308735684e-18, 1.27263463981e-18, 3.07753322382e-19, 3.32990732118e-20],
        "var": [0.597668111324, 24.1826629639, 141.549301147, 178.835067749, 161.450836182, 373.312927246, 249.226577759, 1291.60852051, 1608.30004883, 899.795043945, 5776.17138672, 4559.85986328, 1905.59692383, 1583.0234375, 1569.37402344, 1908.65148926, 2570.29638672, 1182.15856934, 2783.85522461, 2556.82958984, 2137.09375, 1879.79650879, 331.083129883, 204.957351685, 239.939483643, 135.940475464, 148.836746216, 215.626083374, 125.812110901, 66.9251327515, 119.40120697, 113.303695679, 59.3357048035, 16.5386943817, 4.47639942169, 0.300126165152, 0.0201120730489, 0.000327604153426, 1.55270896585e-07, 2.21576690329e-09]
    },
    "gfcc": {
        "mean": [-80.1939620972, 82.9380340576, -98.2619171143, 42.2800865173, -46.4710426331, 17.9150295258, -31.9038505554, 13.715256691, -23.266002655, 4.70934534073, -18.6530227661, -0.0742359533906, -9.7901058197],
        "cov": [[42716.1367188, 3079.91430664, -1003.12976074, -508.633453369, -1551.61218262, 514.69354248, -1908.14379883, 366.063232422, -489.155181885, -392.769195557, -172.815444946, -959.473754883, -1150.98791504], [3079.91430664, 4577.0234375, 908.373352051, -194.864639282, 998.030456543, -118.954803467, 486.698059082, -299.243743896, 129.984390259, -450.360839844, 170.484008789, -465.254302979, 122.917762756], [-1003.12976074, 908.373352051, 1459.74914551, 590.977111816, 498.407745361, 210.406402588, 261.678009033, -34.6481399536, 134.905685425, -9.55700969696, 75.3002548218, -10.669672966, 108.750350952], [-508.633453369, -194.864639282, 590.977111816, 1016.84124756, 413.96105957, 169.533920288, 60.556804657, 26.5550174713, 124.730361938, 75.2983627319, 5.75353384018, 105.915359497, 121.935592651], [-1551.61218262, 998.030456543, 498.407745361, 413.96105957, 815.501037598, 63.4189949036, 260.658203125, -19.0216178894, 141.059677124, -74.9241943359, 60.030544281, -20.9795379639, 150.863021851], [514.69354248, -118.954803467, 210.406402588, 169.533920288, 63.4189949036, 233.502563477, 65.0020523071, 48.4726982117, 13.4513654709, 55.8171691895, 3.78443741798, 15.9537448883, -16.7721977234], [-1908.14379883, 486.698059082, 261.678009033, 60.556804657, 260.658203125, 65.0020523071, 438.334960938, -45.6715126038, 52.926990509, -15.2712306976, 26.8774433136, 14.3103742599, 67.4052734375], [366.063232422, -299.243743896, -34.6481399536, 26.5550174713, -19.0216178894, 48.4726982117, -45.6715126038, 193.180877686, 50.8075408936, 43.2572555542, 3.51305127144, 15.7394638062, -41.7651863098], [-489.155181885, 129.984390259, 134.905685425, 124.730361938, 141.059677124, 13.4513654709, 52.926990509, 50.8075408936, 166.577850342, 46.1829223633, 33.3914794922, 1.80287098885, 33.8723335266], [-392.769195557, -450.360839844, -9.55700969696, 75.2983627319, -74.9241943359, 55.8171691895, -15.2712306976, 43.2572555542, 46.1829223633, 151.534957886, -8.68930625916, 65.9120788574, -2.93410134315], [-172.815444946, 170.484008789, 75.3002548218, 5.75353384018, 60.030544281, 3.78443741798, 26.8774433136, 3.51305127144, 33.3914794922, -8.68930625916, 102.270072937, 5.82798576355, 9.64980316162], [-959.473754883, -465.254302979, -10.669672966, 105.915359497, -20.9795379639, 15.9537448883, 14.3103742599, 15.7394638062, 1.80287098885, 65.9120788574, 5.82798576355, 145.496276855, 36.7481994629], [-1150.98791504, 122.917762756, 108.750350952, 121.935592651, 150.863021851, -16.7721977234, 67.4052734375, -41.7651863098, 33.8723335266, -2.93410134315, 9.64980316162, 36.7481994629, 117.231063843]],
        "icov": [[9.50201210799e-05, -0.000283344212221, 0.000147771686898, -0.000225683441386, 0.00030452167266, -0.000439960655058, 0.000428853032645, -0.000215830237721, 9.97597890091e-05, 1.78253831109e-05, 0.000195564789465, -0.000190765917068, 0.000564685731661], [-0.000283344212221, 0.00170104030985, -0.00076308241114, 0.00105980900116, -0.00161091960035, 0.00155289913528, -0.00156494916882, 0.00142062932719, -0.000706919061486, 0.000867522205226, -0.00123595341574, 0.00243429187685, -0.00169411697425], [0.000147771686898, -0.00076308241114, 0.00153303972911, -0.000997524242848, 0.000611253199168, -0.00150601891801, 0.000458611903014, -0.000294364668662, -3.70248890249e-05, -4.7578705562e-05, 1.07693485916e-05, -0.000535218103323, 0.000672108610161], [-0.000225683441386, 0.00105980900116, -0.000997524242848, 0.00271062925458, -0.0018285785336, 0.00023743037309, -0.000351900554961, 0.001020371099, -0.0010510601569, 0.000162218697369, 0.000100940756965, -8.51985751069e-05, -0.00194190535694], [0.00030452167266, -0.00161091960035, 0.000611253199168, -0.0018285785336, 0.00445755757391, -0.00194839714095, 0.000645308988169, -0.00174541538581, -0.000606118061114, 0.00117471069098, 0.000609108945355, -0.00121883349493, -0.000457716843812], [-0.000439960655058, 0.00155289913528, -0.00150601891801, 0.00023743037309, -0.00194839714095, 0.00918024778366, -0.0032517737709, -0.000397252821131, 0.00178613874596, -0.00295695033856, -0.00148995383643, 0.00234763976187, -0.000452102947747], [0.000428853032645, -0.00156494916882, 0.000458611903014, -0.000351900554961, 0.000645308988169, -0.0032517737709, 0.00545230088755, -0.000275065511232, -0.000254907237832, 0.000119896394608, 0.00138158944901, -0.00256237364374, 0.00202951068059], [-0.000215830237721, 0.00142062932719, -0.000294364668662, 0.001020371099, -0.00174541538581, -0.000397252821131, -0.000275065511232, 0.00872369855642, -0.00391693878919, 0.000962817168329, -0.000623595668003, 0.000320793420542, 0.0021651906427], [9.97597890091e-05, -0.000706919061486, -3.70248890249e-05, -0.0010510601569, -0.000606118061114, 0.00178613874596, -0.000254907237832, -0.00391693878919, 0.011697422713, -0.00592709472403, -0.00239615072496, 0.00232096179388, -0.00142356846482], [1.78253831109e-05, 0.000867522205226, -4.7578705562e-05, 0.000162218697369, 0.00117471069098, -0.00295695033856, 0.000119896394608, 0.000962817168329, -0.00592709472403, 0.0138246705756, 0.00121572439093, -0.00320205045864, 0.000442358024884], [0.000195564789465, -0.00123595341574, 1.07693485916e-05, 0.000100940756965, 0.000609108945355, -0.00148995383643, 0.00138158944901, -0.000623595668003, -0.00239615072496, 0.00121572439093, 0.0124347899109, -0.00409447215497, 0.00207012146711], [-0.000190765917068, 0.00243429187685, -0.000535218103323, -8.51985751069e-05, -0.00121883349493, 0.00234763976187, -0.00256237364374, 0.000320793420542, 0.00232096179388, -0.00320205045864, -0.00409447215497, 0.0162727404386, -0.00586295267567], [0.000564685731661, -0.00169411697425, 0.000672108610161, -0.00194190535694, -0.000457716843812, -0.000452102947747, 0.00202951068059, 0.0021651906427, -0.00142356846482, 0.000442358024884, 0.00207012146711, -0.00586295267567, 0.0194655973464]]
    },
    "melbands": {
        "dmean": [0.00256364466622, 0.0024121014867, 0.000981599907391, 0.000451785133919, 0.000241531830397, 0.000345796026522, 0.000231739075389, 0.000118511008623, 0.000156990266987, 9.83687350526e-05, 5.52846649953e-05, 5.35631697858e-05, 4.95282256452e-05, 2.63853526121e-05, 4.08748928749e-05, 3.18849124596e-05, 2.28669032367e-05, 2.80121730611e-05, 2.75404654531e-05, 1.86758788914e-05, 1.75471668626e-05, 1.86455290532e-05, 1.04477558125e-05, 6.37048651697e-06, 4.91815399073e-06, 5.57983776162e-06, 3.81908012059e-06, 3.16540263157e-06, 2.9651002933e-06, 3.280340934e-06, 2.61213494923e-06, 1.82686221706e-06, 1.57701822445e-06, 1.38431551022e-06, 1.65838423527e-06, 1.59354829066e-06, 1.29176987684e-06, 1.14650663363e-06, 9.02718625184e-07, 7.87764008692e-07],
        "dmean2": [0.00421404885128, 0.00393482344225, 0.00163730315398, 0.000761992880143, 0.000419351563323, 0.000612533302046, 0.000401096855057, 0.000195795393665, 0.000241355155595, 0.000153189248522, 8.48919007694e-05, 8.42249719426e-05, 8.34258535178e-05, 4.23637975473e-05, 6.56880656607e-05, 5.13268787472e-05, 3.67851571355e-05, 4.66930287075e-05, 4.3506417569e-05, 2.93390676234e-05, 2.75847833109e-05, 3.04327022604e-05, 1.6968260752e-05, 1.04225664472e-05, 7.782643479e-06, 8.8200549726e-06, 5.64058973396e-06, 4.72290184916e-06, 4.4970329327e-06, 5.17399666933e-06, 3.94324342778e-06, 2.57215606325e-06, 2.37493645727e-06, 2.01478610506e-06, 2.50813741332e-06, 2.277072781e-06, 1.90038133496e-06, 1.67592168054e-06, 1.36988137456e-06, 1.1873355561e-06],
        "dvar": [2.32887523453e-05, 2.16855023609e-05, 3.71969008484e-06, 1.62330820785e-06, 5.51428854578e-07, 7.96851281848e-07, 3.9126175011e-07, 9.52741601168e-08, 1.34130445417e-07, 5.89591167e-08, 2.31603394241e-08, 2.30539214385e-08, 3.41527588432e-08, 4.36159064421e-09, 9.92611326467e-09, 7.78809639002e-09, 3.36594374595e-09, 5.28927346366e-09, 4.59686777532e-09, 2.05295158651e-09, 1.58772361925e-09, 1.84713011553e-09, 3.7627989613e-10, 1.41727254932e-10, 9.04541441749e-11, 1.32584804247e-10, 4.08129155471e-11, 3.86723708612e-11, 3.05809613743e-11, 5.07557953999e-11, 4.97633323437e-11, 2.47585858065e-11, 1.33256079782e-11, 9.27710165632e-12, 2.01961156132e-11, 3.11218030513e-11, 1.89168576636e-11, 1.96842368794e-11, 9.97151406584e-12, 7.3966787556e-12],
        "dvar2": [6.22712104814e-05, 5.43848473171e-05, 9.9179251265e-06, 4.25750931754e-06, 1.51110862134e-06, 2.22099015446e-06, 1.04584569272e-06, 2.34296635426e-07, 2.9278163538e-07, 1.37052523996e-07, 4.6972765233e-08, 5.51067351751e-08, 8.99849084135e-08, 1.06964517244e-08, 2.34479529126e-08, 1.90995752547e-08, 8.01856803179e-09, 1.34324418255e-08, 1.03729806966e-08, 4.66044669523e-09, 3.70642339043e-09, 4.60687532566e-09, 8.56971715812e-10, 3.48814171991e-10, 2.09116571281e-10, 3.05068165174e-10, 8.63472141011e-11, 8.84821382829e-11, 6.32790556065e-11, 1.1862413829e-10, 1.07320763387e-10, 4.79704262424e-11, 2.76902407254e-11, 1.8376189459e-11, 4.38646098611e-11, 5.78198981749e-11, 3.79562874187e-11, 3.954706701e-11, 2.15505321921e-11, 1.51579755692e-11],
        "max": [0.045442700386, 0.0441028699279, 0.0206221770495, 0.013980826363, 0.0104654012248, 0.00780976284295, 0.00591461872682, 0.00413666246459, 0.00646495819092, 0.00455517694354, 0.00295229093172, 0.00203143130057, 0.00202959706075, 0.00109283800703, 0.00163569336291, 0.00138848472852, 0.000769211561419, 0.0010087165283, 0.00112273800187, 0.000843608111609, 0.000686669256538, 0.000490225618705, 0.000236450141529, 0.000144540696056, 0.000158911279868, 0.000156995869474, 9.86582454061e-05, 0.000103275575384, 9.28498629946e-05, 0.000135616486659, 0.000212611965253, 0.000148063831148, 7.45929864934e-05, 4.68093458039e-05, 7.44757271605e-05, 0.000143087061588, 9.49616151047e-05, 7.48213788029e-05, 5.5574815633e-05, 5.20843968843e-05],
        "mean": [0.00442367605865, 0.00484115630388, 0.00174281699583, 0.000532346020918, 0.000259567750618, 0.000325438741129, 0.000218712331844, 0.000147450133227, 0.000319702347042, 0.000186166507774, 8.41920264065e-05, 6.1107079091e-05, 4.82156938233e-05, 3.49034235114e-05, 6.23496744083e-05, 4.57168171124e-05, 2.55481008935e-05, 2.98643517453e-05, 3.26277477143e-05, 2.4029512133e-05, 2.38513439399e-05, 2.42031001108e-05, 1.33679250212e-05, 8.10201527202e-06, 6.61356170895e-06, 7.36164565751e-06, 5.72896851736e-06, 4.50851985079e-06, 4.24751942774e-06, 4.17872979597e-06, 3.58595661965e-06, 2.66577694674e-06, 2.31219860325e-06, 1.99517171495e-06, 2.23811048272e-06, 2.31813396567e-06, 1.76195965196e-06, 1.56944133778e-06, 1.22136611935e-06, 1.06082518414e-06],
        "median": [0.00257091526873, 0.00367550575174, 0.00126064068172, 0.000207310993574, 0.000101135789009, 7.52625492169e-05, 4.40979420091e-05, 3.15953657264e-05, 2.0253666662e-05, 1.75779732672e-05, 1.47591035784e-05, 1.26597815324e-05, 9.32151851885e-06, 7.57325096856e-06, 6.50173933536e-06, 5.76360253035e-06, 5.17379203302e-06, 5.48962998437e-06, 4.71492558063e-06, 3.7923639411e-06, 4.48110358775e-06, 4.46336935056e-06, 3.51004928234e-06, 3.04997865896e-06, 2.33709806707e-06, 2.17012188841e-06, 1.88286753655e-06, 1.57314605076e-06, 1.17735373806e-06, 8.53252970501e-07, 7.28882696421e-07, 5.18426475082e-07, 4.70017511134e-07, 3.52734048192e-07, 3.16359148655e-07, 2.78934436437e-07, 2.58278959109e-07, 2.443910887e-07, 1.84392789038e-07, 1.40417185435e-07],
        "min": [3.08000958568e-24, 3.48672930791e-24, 1.93833300718e-24, 1.29353969832e-24, 6.46582307343e-24, 3.9115817869e-24, 2.88715656297e-24, 4.22564151276e-24, 5.46869223961e-24, 6.09409445995e-24, 5.50265546259e-24, 6.0251113348e-24, 5.54753573164e-24, 5.52925900776e-24, 1.08767368528e-23, 4.22146291655e-24, 6.81041605506e-24, 5.96633961964e-24, 8.77402495451e-24, 6.9045666041e-24, 9.78305457179e-24, 1.06253757917e-23, 8.69842683624e-24, 7.64405112754e-24, 7.03486670412e-24, 7.14114046755e-24, 8.32829487723e-24, 5.05305562814e-24, 6.981556273e-24, 8.12792499617e-24, 6.47554105092e-24, 8.91495495523e-24, 7.11942391569e-24, 9.46001524224e-24, 1.03353613351e-23, 8.85132622347e-24, 5.66840421068e-24, 6.84958221014e-24, 6.76392611533e-24, 7.01152588765e-24],
        "var": [4.04540624004e-05, 3.53137547791e-05, 4.64915228804e-06, 1.31154001792e-06, 3.87871182284e-07, 5.94832442857e-07, 3.30464786202e-07, 1.37490317798e-07, 4.93399909374e-07, 1.73572416884e-07, 4.82216293562e-08, 2.69792845842e-08, 2.76865304016e-08, 5.96805094233e-09, 2.71983733313e-08, 1.66120077694e-08, 4.0524450462e-09, 6.36010666355e-09, 7.78886821706e-09, 3.71697539414e-09, 3.13638426341e-09, 2.64880073431e-09, 6.27513430107e-10, 1.74249392693e-10, 1.30477670335e-10, 1.94100069351e-10, 8.1310347344e-11, 5.93295898521e-11, 5.62857919995e-11, 7.39725294907e-11, 8.16222575639e-11, 4.66630276086e-11, 2.8231875171e-11, 1.87412602798e-11, 3.36193226036e-11, 6.69370947559e-11, 3.47876727425e-11, 3.37396117989e-11, 1.66190654988e-11, 1.27910477349e-11]
    },
    "mfcc": {
        "mean": [-708.704223633, 109.517242432, 12.5817089081, 27.8864421844, 11.5624980927, 8.33298206329, 6.13552284241, 7.00709152222, 5.3984413147, 2.76694941521, -0.210499346256, 2.49167060852, -2.41691327095],
        "cov": [[23169.8964844, 2287.57885742, -337.042907715, 251.919235229, -14.6373291016, -298.935668945, -601.834655762, -300.0519104, -313.0987854, 487.979766846, -143.422714233, -150.443145752, 168.285949707], [2287.57885742, 3039.43457031, 445.08026123, 343.879364014, 364.546691895, 238.412490845, 237.441635132, 121.763427734, 85.2032546997, 121.217628479, -44.0308914185, -1.51550364494, 37.082901001], [-337.042907715, 445.08026123, 1034.13781738, 402.947113037, 264.078308105, 322.992858887, 182.908187866, 139.327301025, 69.147857666, 68.9084701538, 10.6571445465, 5.47274971008, 33.9358177185], [251.919235229, 343.879364014, 402.947113037, 703.331237793, 466.085083008, 273.768005371, 121.584030151, 109.36353302, 112.78327179, 58.7110099792, -19.2554168701, 15.89245224, 72.1853866577], [-14.6373291016, 364.546691895, 264.078308105, 466.085083008, 609.257751465, 200.870315552, 90.1706466675, 81.745262146, 118.550262451, 68.6131973267, -30.2019329071, 13.3688364029, 73.2671890259], [-298.935668945, 238.412490845, 322.992858887, 273.768005371, 200.870315552, 349.915618896, 173.076965332, 93.6318359375, 86.0729827881, 32.6722602844, 25.7081680298, 19.7156200409, 20.2877635956], [-601.834655762, 237.441635132, 182.908187866, 121.584030151, 90.1706466675, 173.076965332, 235.854660034, 117.221832275, 64.4957504272, 5.88443660736, 24.7197227478, 26.4616355896, -5.63198041916], [-300.0519104, 121.763427734, 139.327301025, 109.36353302, 81.745262146, 93.6318359375, 117.221832275, 152.7996521, 65.8056945801, 15.193069458, 34.5123100281, 33.2943496704, 18.856924057], [-313.0987854, 85.2032546997, 69.147857666, 112.78327179, 118.550262451, 86.0729827881, 64.4957504272, 65.8056945801, 137.811889648, 39.8712310791, 32.6303825378, 33.182346344, 10.1990346909], [487.979766846, 121.217628479, 68.9084701538, 58.7110099792, 68.6131973267, 32.6722602844, 5.88443660736, 15.193069458, 39.8712310791, 127.093231201, 35.5537338257, 11.2739706039, 22.4536571503], [-143.422714233, -44.0308914185, 10.6571445465, -19.2554168701, -30.2019329071, 25.7081680298, 24.7197227478, 34.5123100281, 32.6303825378, 35.5537338257, 107.440307617, 46.6470336914, 3.62422370911], [-150.443145752, -1.51550364494, 5.47274971008, 15.89245224, 13.3688364029, 19.7156200409, 26.4616355896, 33.2943496704, 33.182346344, 11.2739706039, 46.6470336914, 76.6773376465, 18.8217811584], [168.285949707, 37.082901001, 33.9358177185, 72.1853866577, 73.2671890259, 20.2877635956, -5.63198041916, 18.856924057, 10.1990346909, 22.4536571503, 3.62422370911, 18.8217811584, 80.5535354614]],
