{
"lowlevel": {
    "average_loudness": 0.923662900925,
    "barkbands_crest": {
        "dmean": 2.64581227303,
        "dmean2": 4.15006351471,
        "dvar": 5.80643129349,
        "dvar2": 14.1795063019,
        "max": 24.6081848145,
        "mean": 10.4411859512,
        "median": 9.74674892426,
        "min": 2.48087644577,
        "var": 17.6760520935
    },
    "barkbands_flatness_db": {
        "dmean": 0.0320743359625,
        "dmean2": 0.0470908284187,
        "dvar": 0.00113165611401,
        "dvar2": 0.00241930340417,
        "max": 0.420703291893,
        "mean": 0.180731758475,
        "median": 0.171447485685,
        "min": 0.0317693203688,
        "var": 0.00633394857869
    },
    "barkbands_kurtosis": {
        "dmean": 5.74889326096,
        "dmean2": 9.10625362396,
        "dvar": 115.104972839,
        "dvar2": 284.459533691,
        "max": 139.138702393,
        "mean": 7.01251649857,
        "median": 2.15753889084,
        "min": -1.9287031889,
        "var": 185.440353394
    },
    "barkbands_skewness": {
        "dmean": 0.776447951794,
        "dmean2": 1.16322779655,
        "dvar": 0.822017014027,
        "dvar2": 1.87232470512,
        "max": 10.3339195251,
        "mean": 1.79581677914,
        "median": 1.39493858814,
        "min": -2.20224165916,
        "var": 2.53447294235
    },
    "barkbands_spread": {
        "dmean": 8.1405134201,
        "dmean2": 12.1402931213,
        "dvar": 124.090240479,
        "dvar2": 235.452529907,
        "max": 106.031982422,
        "mean": 19.8122596741,
        "median": 13.8472623825,
        "min": 0.899602472782,
        "var": 327.219573975
    },
    "dissonance": {
        "dmean": 0.0250953175128,
        "dmean2": 0.0406081601977,
        "dvar": 0.000680715311319,
        "dvar2": 0.00163776834961,
        "max": 0.499998807907,
        "mean": 0.450617611408,
        "median": 0.465835273266,
        "min": 0.175254866481,
        "var": 0.00201943726279
    },
    "dynamic_complexity": 3.40895438194,
    "erbbands_crest": {
        "dmean": 2.85834765434,
        "dmean2": 4.60642719269,
        "dvar": 6.55564594269,
        "dvar2": 15.8098096848,
        "max": 30.5998401642,
        "mean": 9.23672199249,
        "median": 8.22203540802,
        "min": 2.29740405083,
        "var": 19.4386768341
    },
    "erbbands_flatness_db": {
        "dmean": 0.0221844594926,
        "dmean2": 0.0315393172204,
        "dvar": 0.000507365970407,
        "dvar2": 0.000909716589376,
        "max": 0.436688870192,
        "mean": 0.181186467409,
        "median": 0.154722556472,
        "min": 0.0445501916111,
        "var": 0.00706337671727
    },
    "erbbands_kurtosis": {
        "dmean": 1.15183520317,
        "dmean2": 1.75031530857,
        "dvar": 2.43480062485,
        "dvar2": 4.93106174469,
        "max": 33.4785804749,
        "mean": 0.659483134747,
        "median": -0.0484654903412,
        "min": -1.75649595261,
        "var": 6.45980024338
    },
    "erbbands_skewness": {
        "dmean": 0.455765485764,
        "dmean2": 0.675310850143,
        "dvar": 0.195733129978,
        "dvar2": 0.398995250463,
        "max": 4.49000263214,
        "mean": 0.294674605131,
        "median": 0.344978451729,
        "min": -3.25627112389,
        "var": 0.674178719521
    },
    "erbbands_spread": {
        "dmean": 11.5816450119,
        "dmean2": 16.9522686005,
        "dvar": 202.191894531,
        "dvar2": 430.845489502,
        "max": 159.431106567,
        "mean": 38.4980773926,
        "median": 32.6567268372,
        "min": 1.72585189342,
        "var": 676.687255859
    },
    "hfc": {
        "dmean": 10.6832199097,
        "dmean2": 15.5444669724,
        "dvar": 295.089385986,
        "dvar2": 653.79473877,
        "max": 173.413299561,
        "mean": 20.486661911,
        "median": 13.0077495575,
        "min": 1.11500849608e-16,
        "var": 572.407104492
    },
    "melbands_crest": {
        "dmean": 3.36522293091,
        "dmean2": 5.29145765305,
        "dvar": 10.4380750656,
        "dvar2": 27.2312240601,
        "max": 33.6384925842,
        "mean": 16.1605243683,
        "median": 15.5864648819,
        "min": 1.73805904388,
        "var": 32.8709144592
    },
    "melbands_flatness_db": {
        "dmean": 0.0404409207404,
        "dmean2": 0.0577353946865,
        "dvar": 0.00186811829917,
        "dvar2": 0.00403907895088,
        "max": 0.528617799282,
        "mean": 0.257759004831,
        "median": 0.260612487793,
        "min": 0.00459598470479,
        "var": 0.00863140821457
    },
    "melbands_kurtosis": {
        "dmean": 15.786315918,
        "dmean2": 24.7648029327,
        "dvar": 987.344238281,
        "dvar2": 2362.55371094,
        "max": 499.787902832,
        "mean": 23.0855617523,
        "median": 7.56171321869,
        "min": -1.42663538456,
        "var": 1776.4810791
    },
    "melbands_skewness": {
        "dmean": 1.11876916885,
        "dmean2": 1.67321395874,
        "dvar": 1.96832561493,
        "dvar2": 4.25714588165,
        "max": 16.1646709442,
        "mean": 3.11584210396,
        "median": 2.39996170998,
        "min": -1.28695142269,
        "var": 6.61140727997
    },
    "melbands_spread": {
        "dmean": 7.78047990799,
        "dmean2": 11.4753961563,
        "dvar": 122.725265503,
        "dvar2": 247.253845215,
        "max": 167.33644104,
        "mean": 18.6143913269,
        "median": 12.6501455307,
        "min": 0.682868003845,
        "var": 324.50012207
    },
    "pitch_salience": {
        "dmean": 0.0803111642599,
        "dmean2": 0.129094600677,
        "dvar": 0.00544233713299,
        "dvar2": 0.0142689347267,
        "max": 0.84855401516,
        "mean": 0.521387338638,
        "median": 0.528239130974,
        "min": 0.152379706502,
        "var": 0.0139866368845
    },
    "silence_rate_20dB": {
        "dmean": 0,
        "dmean2": 0,
        "dvar": 0,
        "dvar2": 0,
        "max": 1,
        "mean": 1,
        "median": 1,
        "min": 1,
        "var": 0
    },
    "silence_rate_30dB": {
        "dmean": 0.0356037169695,
        "dmean2": 0.0712350010872,
        "dvar": 0.034335564822,
        "dvar2": 0.0878428369761,
        "max": 1,
        "mean": 0.96402323246,
        "median": 1,
        "min": 0,
        "var": 0.0346830748022
    },
    "silence_rate_60dB": {
        "dmean": 0.0243808049709,
        "dmean2": 0.0487804859877,
        "dvar": 0.0237869918346,
        "dvar2": 0.050273142755,
        "max": 1,
        "mean": 0.107930369675,
        "median": 0,
        "min": 0,
        "var": 0.0962761417031
    },
    "spectral_centroid": {
        "dmean": 340.475158691,
        "dmean2": 505.313537598,
        "dvar": 201584.265625,
        "dvar2": 377490,
        "max": 11139.7695312,
        "mean": 1116.25463867,
        "median": 858.532653809,
        "min": 154.692550659,
        "var": 674660.9375
    },
    "spectral_complexity": {
        "dmean": 5.50735282898,
        "dmean2": 8.04065036774,
        "dvar": 49.7948303223,
        "dvar2": 100.283050537,
        "max": 60,
        "mean": 16.3852996826,
        "median": 13,
        "min": 0,
        "var": 123.702735901
    },
    "spectral_decrease": {
        "dmean": 2.99132851822e-09,
        "dmean2": 4.75017092327e-09,
        "dvar": 2.49719887773e-17,
        "dvar2": 5.97864904755e-17,
        "max": 1.45745386506e-28,
        "mean": -8.40246361378e-09,
        "median": -6.74478650708e-09,
        "min": -5.1497071496e-08,
        "var": 6.31541611249e-17
    },
    "spectral_energy": {
        "dmean": 0.0119013544172,
        "dmean2": 0.0188416671008,
        "dvar": 0.000376476236852,
        "dvar2": 0.000896907818969,
        "max": 0.1976210922,
        "mean": 0.0335710346699,
        "median": 0.0275924876332,
        "min": 1.02540774166e-20,
        "var": 0.000960542354733
    },
    "spectral_energyband_high": {
        "dmean": 0.000880216655787,
        "dmean2": 0.00131388031878,
        "dvar": 2.47992875302e-06,
        "dvar2": 5.16234786119e-06,
        "max": 0.0160076320171,
        "mean": 0.00114042684436,
        "median": 0.000154945504619,
        "min": 7.52841066953e-21,
        "var": 4.84751262775e-06
    },
    "spectral_energyband_low": {
        "dmean": 0.0080818394199,
        "dmean2": 0.0130591131747,
        "dvar": 0.000294381607091,
        "dvar2": 0.000726514961571,
        "max": 0.176801234484,
        "mean": 0.0195306167006,
        "median": 0.0110172173008,
        "min": 7.16720522072e-23,
        "var": 0.000651614391245
    },
    "spectral_energyband_middle_high": {
        "dmean": 0.0026908472646,
        "dmean2": 0.00395800219849,
        "dvar": 2.38047323364e-05,
        "dvar2": 4.81107199448e-05,
        "max": 0.0503700040281,
        "mean": 0.00474055064842,
        "median": 0.00180620688479,
        "min": 1.30808688112e-21,
        "var": 4.76153181808e-05
    },
    "spectral_energyband_middle_low": {
        "dmean": 0.00560368504375,
        "dmean2": 0.00906026456505,
        "dvar": 0.000108710548375,
        "dvar2": 0.000279605446849,
        "max": 0.116906858981,
        "mean": 0.00952315889299,
        "median": 0.00631466461346,
        "min": 1.90891426988e-22,
        "var": 0.000124773767311
    },
    "spectral_entropy": {
        "dmean": 0.252763330936,
        "dmean2": 0.364114701748,
        "dvar": 0.0796057656407,
        "dvar2": 0.160769253969,
        "max": 9.81208992004,
        "mean": 7.32713317871,
        "median": 7.46026659012,
        "min": 4.80826759338,
        "var": 0.58366060257
    },
    "spectral_flux": {
        "dmean": 0.0277338977903,
        "dmean2": 0.0436152815819,
        "dvar": 0.00119404832367,
        "dvar2": 0.00260312668979,
        "max": 0.389414072037,
        "mean": 0.0924188867211,
        "median": 0.0871825441718,
        "min": 6.74133388001e-11,
        "var": 0.00405962299556
    },
    "spectral_kurtosis": {
        "dmean": 5.66059827805,
        "dmean2": 9.46391487122,
        "dvar": 81.2601242065,
        "dvar2": 232.976028442,
        "max": 115.697181702,
        "mean": 11.5911531448,
        "median": 4.80400562286,
        "min": -1.22782313824,
        "var": 253.938049316
    },
    "spectral_rms": {
        "dmean": 0.000891788455192,
        "dmean2": 0.00137001753319,
        "dvar": 1.32832258259e-06,
        "dvar2": 3.01221757582e-06,
        "max": 0.01388528198,
        "mean": 0.00510351546109,
        "median": 0.00518840039149,
        "min": 3.1629065686e-12,
        "var": 6.70633335176e-06
    },
    "spectral_rolloff": {
        "dmean": 616.255126953,
        "dmean2": 1021.09735107,
        "dvar": 1437254.875,
        "dvar2": 2904698.25,
        "max": 19099.9511719,
        "mean": 1228.30322266,
        "median": 667.529296875,
        "min": 64.599609375,
        "var": 2939967
    },
    "spectral_skewness": {
        "dmean": 0.530607640743,
        "dmean2": 0.84242784977,
        "dvar": 0.354860424995,
        "dvar2": 0.972398877144,
        "max": 7.76908016205,
        "mean": 2.10786557198,
        "median": 1.7841861248,
        "min": -0.0373508408666,
        "var": 1.53358244896
    },
    "spectral_spread": {
        "dmean": 763152.375,
        "dmean2": 1099101.125,
        "dvar": 1.31321403802e+12,
        "dvar2": 2.22955385651e+12,
        "max": 40929764,
        "mean": 4183782,
        "median": 4039837.5,
        "min": 657239.625,
        "var": 7.08948158054e+12
    },
    "spectral_strongpeak": {
        "dmean": 0.32996943593,
        "dmean2": 0.561863899231,
        "dvar": 0.31170809269,
        "dvar2": 0.804913282394,
        "max": 4.9393415451,
        "mean": 0.60891699791,
        "median": 0.414790928364,
        "min": 0,
        "var": 0.395810991526
    },
    "zerocrossingrate": {
        "dmean": 0.0134165855125,
        "dmean2": 0.0152257550508,
        "dvar": 0.000360122765414,
        "dvar2": 0.000469009915832,
        "max": 0.5126953125,
        "mean": 0.0484006665647,
        "median": 0.03564453125,
        "min": 0.00390625,
        "var": 0.0017930547474
    },
    "barkbands": {
        "dmean": [0.00074183131801, 0.0049165636301, 0.00390602299012, 0.00233030319214, 0.00114667834714, 0.00142643193249, 0.00106257980224, 0.00114007166121, 0.000894005293958, 0.000799732573796, 0.000601516803727, 0.000521006179042, 0.000477825145936, 0.000340497703291, 0.000334499258315, 0.000272870121989, 0.000283206143649, 0.000196366599994, 0.00019774811517, 0.000126085113152, 0.000208631754504, 0.000207879595109, 0.000246217037784, 0.000126189013827, 7.73043648223e-05, 3.23598251271e-05, 1.14876256703e-05],
        "dmean2": [0.00126048922539, 0.00790458265692, 0.00663342978805, 0.00408553984016, 0.00196330598556, 0.00237286789343, 0.00177468289621, 0.00185755768325, 0.00142323039472, 0.00125820201356, 0.000998392584734, 0.000793656334281, 0.000703308614902, 0.000547122210264, 0.000547466566786, 0.00039736306644, 0.000449124578154, 0.000334376789397, 0.000323609943734, 0.000202332434128, 0.000332683848683, 0.000329271133523, 0.000392085028579, 0.000192352643353, 0.000106282255729, 4.63971555291e-05, 1.742693712e-05],
        "dvar": [2.50987159234e-06, 0.000103886166471, 0.000125341801322, 5.3830230172e-05, 4.17715727963e-06, 1.06204270196e-05, 6.02658246862e-06, 5.90065019423e-06, 4.0492836888e-06, 3.45926400769e-06, 1.6199867332e-06, 1.21633740946e-06, 1.09131201498e-06, 4.72407293728e-07, 6.55590156384e-07, 2.82952697717e-07, 2.62836493903e-07, 3.00182648516e-07, 1.85652694995e-07, 7.70854100551e-08, 1.82997240472e-07, 1.60606418831e-07, 2.73278658369e-07, 6.33791756854e-08, 4.75623487262e-08, 5.84114578928e-09, 1.5743041315e-09],
        "dvar2": [6.75935689287e-06, 0.000248170748819, 0.000342927407473, 0.000144394434756, 1.17354857139e-05, 2.83506451524e-05, 1.55985453603e-05, 1.52977863763e-05, 1.01311106846e-05, 7.80010941526e-06, 4.11034488934e-06, 2.61028412751e-06, 2.09042173083e-06, 1.14764463888e-06, 1.66304243976e-06, 5.66936989799e-07, 6.29867031421e-07, 8.24594394544e-07, 4.62476918983e-07, 1.88384902344e-07, 4.50178447409e-07, 3.62023200751e-07, 5.83616326821e-07, 1.27248739545e-07, 8.53704733572e-08, 1.08803446253e-08, 3.38688255219e-09],
        "max": [0.0150247523561, 0.144429087639, 0.126804083586, 0.100547850132, 0.0219395756721, 0.0401258692145, 0.0244727768004, 0.0244960915297, 0.0231622140855, 0.029278209433, 0.0178397111595, 0.0138387847692, 0.0108666187152, 0.00856998655945, 0.0123457117006, 0.00943717733026, 0.00578017625958, 0.00596863590181, 0.00420707417652, 0.0037780017592, 0.00412534689531, 0.00473762536421, 0.00766391679645, 0.00426674121991, 0.0041145705618, 0.00116239266936, 0.000369907036657],
        "mean": [0.00112803233787, 0.0100462287664, 0.00716408947483, 0.0022852641996, 0.0016121501103, 0.00174182560295, 0.00110284145921, 0.00136654579546, 0.00106156815309, 0.00101386778988, 0.000707615108695, 0.00062452047132, 0.00057228282094, 0.00040260431706, 0.000387026084354, 0.000354875082849, 0.000354847026756, 0.000209882302443, 0.00022401548631, 0.000157476082677, 0.000220249028644, 0.000239744505961, 0.000284296751488, 0.000153830056661, 0.000103757352917, 4.12981717091e-05, 1.02981748569e-05],
        "median": [0.000167983627762, 0.00502041913569, 0.00312853977084, 0.000654550851323, 0.000940827478189, 0.00058879586868, 0.000295381847536, 0.00039541957085, 0.000294514582492, 0.000186362085515, 0.000156747119036, 0.000127516686916, 9.57211232162e-05, 0.000107329346065, 8.59285501065e-05, 9.1362882813e-05, 9.6227217e-05, 5.54789330636e-05, 6.42855229671e-05, 2.9885863114e-05, 1.85032422451e-05, 2.70718683169e-05, 2.62856174231e-05, 2.36461219174e-05, 1.14293588922e-05, 3.85972361983e-06, 7.7416926203e-09],
        "min": [1.38375274676e-24, 1.66081489617e-23, 2.15479770175e-23, 2.32271747394e-23, 2.70015917587e-23, 1.98674508539e-23, 1.16844641554e-23, 1.21877313806e-23, 3.6494693405e-23, 5.91623212157e-23, 2.41456738903e-23, 3.88900095903e-23, 5.76718032452e-23, 5.55784756362e-23, 1.17332015599e-22, 7.78696464012e-23, 1.15766637884e-22, 1.5416404486e-22, 1.92294829471e-22, 2.21762861114e-22, 2.81968977836e-22, 4.6133252167e-22, 4.32406241831e-22, 6.1836037143e-22, 1.23608450445e-21, 1.36962722038e-21, 2.22751297518e-21],
        "var": [5.41703957424e-06, 0.00022483227076, 0.000144609221024, 4.19177486037e-05, 4.39804671259e-06, 1.04409473352e-05, 5.73214720134e-06, 6.89152329869e-06, 4.76357172374e-06, 5.34131686436e-06, 2.19492994802e-06, 1.71615636191e-06, 1.77951176283e-06, 6.18150068021e-07, 8.17684622234e-07, 4.86783505949e-07, 3.82013922717e-07, 2.32727870753e-07, 2.10805495726e-07, 1.01335643876e-07, 2.14523154796e-07, 2.44648703074e-07, 4.97636108321e-07, 1.12563427024e-07, 1.05744462076e-07, 1.22989298745e-08, 1.63697344568e-09]
    },
    "erbbands": {
        "dmean": [0.157617717981, 1.15727674961, 4.05916881561, 6.39978885651, 5.47898244858, 3.25535559654, 5.3001203537, 14.3345117569, 15.3035459518, 18.0820331573, 24.7762947083, 18.4348983765, 22.7324142456, 26.2324733734, 22.4791164398, 19.9747219086, 19.5896282196, 18.4095993042, 17.7233047485, 14.8872814178, 14.7848949432, 16.1823711395, 11.0093488693, 10.1593055725, 8.59690761566, 6.14119434357, 8.29393863678, 7.77469158173, 7.69418764114, 7.43712902069, 6.76695680618, 3.5378613472, 1.71756029129, 0.94807600975, 0.528911948204, 0.184119850397, 0.0458503328264, 0.0234517622739, 0.000694957561791, 2.58093677985e-05],
        "dmean2": [0.262257218361, 1.8785276413, 6.78371858597, 10.792509079, 9.5267829895, 5.43280315399, 8.71654224396, 23.7286319733, 25.4087505341, 28.989780426, 41.5135803223, 28.959903717, 35.3633804321, 42.5821800232, 34.3926200867, 30.0237770081, 28.9006004333, 27.7970809937, 28.5108280182, 22.8269405365, 21.9183807373, 25.7066459656, 18.4218196869, 17.0380897522, 14.0615272522, 9.83757019043, 13.5539903641, 12.124994278, 12.0652952194, 11.6850996017, 10.8444757462, 5.57450008392, 2.5914978981, 1.36108064651, 0.744326293468, 0.263100475073, 0.0658776462078, 0.0338124409318, 0.00101035507396, 3.79886914743e-05],
        "dvar": [0.155650615692, 6.08750391006, 115.139549255, 366.018798828, 192.118392944, 25.991350174, 132.713607788, 1155.1126709, 1394.76940918, 1197.58544922, 3813.25244141, 1708.26953125, 3552.72558594, 3890.31030273, 2022.13037109, 1745.24304199, 1583.44482422, 1278.05041504, 1614.74230957, 1080.52001953, 747.560302734, 881.130004883, 760.645202637, 520.854370117, 326.450592041, 187.37399292, 303.750701904, 261.002532959, 223.06199646, 234.782119751, 221.970733643, 48.4616012573, 16.6981449127, 6.47106981277, 2.67588186264, 0.285510152578, 0.0114852404222, 0.00451239338145, 4.63581818622e-06, 1.88098714382e-09],
        "dvar2": [0.419037103653, 14.7166414261, 318.23727417, 919.348999023, 543.151306152, 68.775718689, 355.229156494, 3040.47680664, 3587.6640625, 2913.96679688, 10243.9404297, 4205.53662109, 8089.19384766, 9902.98144531, 4562.30615234, 3798.1262207, 3103.25195312, 2708.27783203, 3930.9465332, 2350.8605957, 1573.05541992, 2143.13354492, 2061.75463867, 1312.60864258, 790.86138916, 461.357086182, 765.992858887, 603.416015625, 501.335601807, 516.932250977, 485.846588135, 104.782226562, 33.755027771, 12.156537056, 4.832716465, 0.541019618511, 0.0214764624834, 0.00865476951003, 9.3786711659e-06, 3.53703155653e-09],
        "max": [5.40654706955, 30.3438987732, 129.829101562, 251.599456787, 184.896697998, 65.9787139893, 160.003753662, 384.285095215, 411.899475098, 447.558013916, 605.071533203, 481.547973633, 1248.9855957, 695.027160645, 507.003601074, 629.47253418, 420.669219971, 435.561065674, 740.987548828, 607.766723633, 365.056732178, 307.544372559, 299.819610596, 190.780838013, 199.76461792, 190.196884155, 154.341278076, 240.100769043, 175.973724365, 203.535049438, 248.159576416, 99.1124191284, 90.8273391724, 39.3539009094, 35.9981498718, 9.73736953735, 1.73888552189, 0.601342558861, 0.0199378374964, 0.000479542009998],
        "mean": [0.222610205412, 2.4801568985, 8.5920715332, 7.94165802002, 6.2429265976, 5.13984298706, 7.25322151184, 16.3246479034, 16.4300556183, 22.7734375, 27.9173984528, 23.3845996857, 30.8745307922, 30.4224338531, 28.7712650299, 24.6549568176, 24.5661182404, 23.4853649139, 21.7821006775, 19.446516037, 19.9665489197, 20.2546730042, 12.2784967422, 11.317732811, 10.1187143326, 7.82835912704, 8.520652771, 8.83677196503, 8.78949928284, 8.52788639069, 7.74538421631, 4.16540813446, 2.10544657707, 1.25225520134, 0.698462367058, 0.240997254848, 0.0577449351549, 0.025153612718, 0.000713697460014, 5.58159044886e-05],
        "median": [0.0785683318973, 1.25623631477, 4.35811424255, 3.02790808678, 2.68804931641, 3.02699875832, 3.40807318687, 4.55395460129, 4.83878803253, 8.37579917908, 9.59157943726, 7.48013448715, 6.21761369705, 5.45965766907, 6.41839408875, 5.8434343338, 5.06861019135, 6.01445436478, 4.83374929428, 4.80519294739, 5.42785406113, 5.42776489258, 3.38871955872, 3.32572007179, 2.70058393478, 1.447676301, 0.815465033054, 0.886717200279, 0.970826983452, 0.843259871006, 0.696426391602, 0.527579128742, 0.356192052364, 0.14831623435, 0.0657391175628, 0.0228725336492, 0.00519210426137, 0.000662969541736, 3.85928906326e-05, 3.96777868445e-05],
        "min": [4.86708498295e-22, 2.5189630766e-21, 1.38423957996e-20, 5.10049065353e-20, 3.93654122603e-20, 7.30821761385e-20, 1.45273194414e-19, 1.14856173553e-19, 1.49961873846e-19, 3.11239992062e-19, 3.24092129883e-19, 6.47953476376e-19, 1.712578817e-18, 1.17725058222e-18, 1.2522961297e-18, 1.69865074985e-18, 2.35569375208e-18, 3.31950785142e-18, 5.6154313936e-18, 3.99168164142e-18, 4.40917665378e-18, 7.5855580642e-18, 7.44874321807e-18, 8.83799057531e-18, 1.01306157924e-17, 1.2058782072e-17, 1.06724298469e-17, 1.05958668366e-17, 1.50567484826e-17, 1.60305038453e-17, 1.24229648803e-17, 1.28124238466e-17, 1.11882878011e-17, 1.19713093766e-17, 9.17524617312e-18, 5.5445039648e-18, 2.59365582993e-18, 1.24285231205e-18, 2.90069209012e-19, 3.22328503269e-20],
        "var": [0.195808112621, 13.375910759, 168.143539429, 342.195678711, 154.157150269, 39.8363075256, 144.190322876, 1126.82080078, 1344.94909668, 1647.60119629, 3301.43823242, 2078.08154297, 5440.88183594, 4531.92480469, 3309.08056641, 2428.12133789, 2655.61181641, 2011.28125, 2175.6652832, 1659.7980957, 1254.07324219, 1236.52209473, 649.176818848, 523.222717285, 409.660247803, 258.855377197, 319.03427124, 364.090118408, 333.596801758, 399.516937256, 390.115783691, 80.4409255981, 27.2438411713, 13.1679611206, 5.80063676834, 0.592545390129, 0.0221408959478, 0.00585423642769, 5.44351860299e-06, 3.80588538462e-09]
    },
    "gfcc": {
        "mean": [-38.9379615784, 123.122703552, -111.48639679, 27.4887123108, -48.4081230164, 15.8168792725, -30.5114688873, 6.60096931458, -14.5067186356, -2.19384622574, -12.9884233475, -4.11080980301, -12.2461090088],
        "cov": [[15521.515625, -5925.56542969, 1299.85827637, 2457.65722656, -772.722717285, 2011.53796387, -397.289245605, 1305.38085938, -456.361694336, 679.620117188, -485.559356689, 970.576599121, -429.334899902], [-5925.56542969, 4094.93432617, -1232.6138916, -1467.99047852, 490.661773682, -1125.85754395, 215.092636108, -641.618469238, 309.987579346, -411.895324707, 313.541442871, -560.367858887, 280.521270752], [1299.85827637, -1232.6138916, 1233.06323242, 637.225646973, 37.9004211426, 420.213104248, -82.3301239014, 223.038696289, -90.6357116699, 123.827545166, -75.7106246948, 249.199279785, -92.9923858643], [2457.65722656, -1467.99047852, 637.225646973, 902.743225098, -96.8759536743, 503.083679199, -99.9955978394, 234.411331177, -103.657371521, 130.792358398, -77.2288818359, 241.183456421, -62.5018806458], [-772.722717285, 490.661773682, 37.9004211426, -96.8759536743, 338.45916748, -67.9492874146, -5.27331399918, -28.0359401703, 53.1382293701, -46.0253753662, 25.9289112091, -44.4688606262, 53.7968139648], [2011.53796387, -1125.85754395, 420.213104248, 503.083679199, -67.9492874146, 553.480285645, -21.1882266998, 250.907699585, -87.1558532715, 114.552703857, -91.8046112061, 175.622573853, -66.3933105469], [-397.289245605, 215.092636108, -82.3301239014, -99.9955978394, -5.27331399918, -21.1882266998, 239.943939209, -36.4161148071, -10.9815750122, -49.1981773376, 11.1170501709, -23.5346775055, 3.75434660912], [1305.38085938, -641.618469238, 223.038696289, 234.411331177, -28.0359401703, 250.907699585, -36.4161148071, 317.290771484, -18.2234249115, 87.2508239746, -54.8177833557, 105.607162476, -36.5971031189], [-456.361694336, 309.987579346, -90.6357116699, -103.657371521, 53.1382293701, -87.1558532715, -10.9815750122, -18.2234249115, 134.387237549, -1.30369055271, 31.4941825867, -53.2407226562, 12.0924854279], [679.620117188, -411.895324707, 123.827545166, 130.792358398, -46.0253753662, 114.552703857, -49.1981773376, 87.2508239746, -1.30369055271, 122.770935059, -21.0332775116, 43.3469848633, -44.2574424744], [-485.559356689, 313.541442871, -75.7106246948, -77.2288818359, 25.9289112091, -91.8046112061, 11.1170501709, -54.8177833557, 31.4941825867, -21.0332775116, 83.9188156128, -25.2319736481, 25.9311542511], [970.576599121, -560.367858887, 249.199279785, 241.183456421, -44.4688606262, 175.622573853, -23.5346775055, 105.607162476, -53.2407226562, 43.3469848633, -25.2319736481, 159.584609985, -15.0911283493], [-429.334899902, 280.521270752, -92.9923858643, -62.5018806458, 53.7968139648, -66.3933105469, 3.75434660912, -36.5971031189, 12.0924854279, -44.2574424744, 25.9311542511, -15.0911283493, 81.1244659424]],
        "icov": [[0.000242759138928, -5.79769657634e-05, 0.00029864924727, -0.00035594694782, 0.000123014920973, -0.000237967789872, 0.000178027228685, -0.000338029902196, 0.000170464249095, -0.000290127209155, 0.000446147401817, -0.000795382016804, 0.000642013095785], [-5.79769657634e-05, 0.00218349276111, -2.20180245378e-05, 0.00142276205588, -0.00129360076971, 0.000680750876199, -0.000526510353666, 0.000561155029573, -0.00113795802463, 0.00210653967224, -0.00316267251037, 0.00267913425341, -0.00226557976566], [0.00029864924727, -2.20180245378e-05, 0.00202511274256, -0.0011121861171, -0.000758162525017, -0.000275566184428, 0.000268773699645, -0.00036920804996, 0.000347653025528, -0.000450459716376, 0.000584808294661, -0.00245286920108, 0.00227862037718], [-0.00035594694782, 0.00142276205588, -0.0011121861171, 0.00445084879175, -0.00047495518811, -0.00118963152636, 0.000215031192056, 0.00107259221841, -0.000772650062572, 0.00141235813498, -0.00286526721902, 0.00131143617909, -0.00278853671625], [0.000123014920973, -0.00129360076971, -0.000758162525017, -0.00047495518811, 0.00485424790531, -0.000843317771796, 0.000629641348496, -0.000666898966301, -0.000484297634102, -0.000361508864444, 0.00178420578595, -0.000462168158265, -0.00113135122228], [-0.000237967789872, 0.000680750876199, -0.000275566184428, -0.00118963152636, -0.000843317771796, 0.00593074364588, -0.00136103178374, -0.0013951046858, 0.000396662333515, -0.000412151799537, 0.000747041660361, 0.000345792010194, -0.000457579939393], [0.000178027228685, -0.000526510353666, 0.000268773699645, 0.000215031192056, 0.000629641348496, -0.00136103178374, 0.00519831897691, -0.000215126812691, 0.000837974192109, 0.00155790138524, 0.000111553272291, -0.00104379002005, 0.00186269159894], [-0.000338029902196, 0.000561155029573, -0.00036920804996, 0.00107259221841, -0.000666898966301, -0.0013951046858, -0.000215126812691, 0.00627780193463, -0.00169687788002, -0.000965569692198, 0.000209857345908, -0.000274517369689, -0.00157571211457], [0.000170464249095, -0.00113795802463, 0.000347653025528, -0.000772650062572, -0.000484297634102, 0.000396662333515, 0.000837974192109, -0.00169687788002, 0.0108995568007, -0.00300474977121, -0.000929843925405, 0.000728849146981, 0.00165071082301], [-0.000290127209155, 0.00210653967224, -0.000450459716376, 0.00141235813498, -0.000361508864444, -0.000412151799537, 0.00155790138524, -0.000965569692198, -0.00300474977121, 0.0163658037782, -0.00446724146605, 0.00303571065888, 0.00251575442962], [0.000446147401817, -0.00316267251037, 0.000584808294661, -0.00286526721902, 0.00178420578595, 0.000747041660361, 0.000111553272291, 0.000209857345908, -0.000929843925405, -0.00446724146605, 0.0216152910143, -0.00644594663754, 0.000871086667757], [-0.000795382016804, 0.00267913425341, -0.00245286920108, 0.00131143617909, -0.000462168158265, 0.000345792010194, -0.00104379002005, -0.000274517369689, 0.000728849146981, 0.00303571065888, -0.00644594663754, 0.0195668675005, -0.00751315336674], [0.000642013095785, -0.00226557976566, 0.00227862037718, -0.00278853671625, -0.00113135122228, -0.000457579939393, 0.00186269159894, -0.00157571211457, 0.00165071082301, 0.00251575442962, 0.000871086667757, -0.00751315336674, 0.0230512470007]]
    },
    "melbands": {
        "dmean": [0.00131193373818, 0.00184180913493, 0.00104800739791, 0.000295232894132, 0.000169104358065, 0.000311081908876, 0.000229211640544, 0.000206920783967, 0.000203067946131, 0.00011624693434, 0.000114727503387, 0.000108610998723, 7.95398955233e-05, 5.60721746297e-05, 4.49796461908e-05, 5.31494042662e-05, 3.38841273333e-05, 2.98674367514e-05, 2.48790365731e-05, 1.86120250874e-05, 1.79812468559e-05, 1.73942880792e-05, 1.58337552421e-05, 6.66171490593e-06, 8.75923342392e-06, 6.89440275892e-06, 5.02150851389e-06, 3.96830546379e-06, 5.05674142914e-06, 5.04316267325e-06, 4.51151163361e-06, 4.8012748266e-06, 3.7386994336e-06, 4.58490467281e-06, 4.37737526227e-06, 2.9588165944e-06, 1.95227175936e-06, 1.23482402614e-06, 1.04668129097e-06, 7.40152643175e-07],
        "dmean2": [0.00212365901098, 0.00303284660913, 0.00176660565194, 0.000505447678734, 0.000277103739791, 0.000514616840519, 0.000379822013201, 0.000329057424096, 0.000341492937878, 0.000181069743121, 0.00017921491235, 0.000177049776539, 0.000127569175675, 8.4465922555e-05, 6.93436304573e-05, 7.80862392276e-05, 5.25802461198e-05, 4.86900535179e-05, 4.05056525778e-05, 2.77397575701e-05, 2.74871799775e-05, 2.77352082776e-05, 2.69838747045e-05, 1.11379040391e-05, 1.47804275912e-05, 1.11512836156e-05, 8.2175456555e-06, 6.41631550025e-06, 8.41518340167e-06, 8.10523033579e-06, 7.01343287801e-06, 7.5529287642e-06, 6.11490895608e-06, 7.16018985258e-06, 6.94636128173e-06, 4.9002810556e-06, 3.04816217067e-06, 1.88888566299e-06, 1.58482475854e-06, 1.05404649275e-06],
        "dvar": [8.40669508761e-06, 1.9855599021e-05, 9.39212350204e-06, 3.37422790153e-07, 1.14016877717e-07, 5.07260097038e-07, 2.90021034743e-07, 1.52953077759e-07, 2.67993385705e-07, 6.86721719489e-08, 8.96404088735e-08, 6.72769715493e-08, 2.85303816128e-08, 1.43908858163e-08, 8.75628014541e-09, 1.58347948087e-08, 4.47018999594e-09, 4.69210448273e-09, 3.68948449569e-09, 1.63994429148e-09, 1.21507914841e-09, 1.01307873202e-09, 1.5499137529e-09, 2.35829022976e-10, 4.02238325981e-10, 2.00252925353e-10, 1.19693921441e-10, 8.3228653136e-11, 1.26526858435e-10, 1.06448384829e-10, 9.50901093977e-11, 9.26162896375e-11, 6.22853157939e-11, 9.38937885775e-11, 9.9698770073e-11, 4.02210209582e-11, 1.42067147976e-11, 9.6637923358e-12, 7.94580113511e-12, 4.61702247614e-12],
        "dvar2": [2.06212571356e-05, 5.3738745919e-05, 2.38809425355e-05, 9.54047095547e-07, 3.00162156464e-07, 1.33934349833e-06, 7.53520168928e-07, 3.6957257521e-07, 7.19787749404e-07, 1.64329804875e-07, 2.04642361723e-07, 1.69517946347e-07, 6.89888040029e-08, 3.18816795186e-08, 1.95766141076e-08, 3.062021392e-08, 1.05226085623e-08, 1.14340368285e-08, 9.28573040682e-09, 3.38163230751e-09, 2.74136446876e-09, 2.41041808735e-09, 4.22541956979e-09, 6.15513195967e-10, 1.02416786163e-09, 4.90358809113e-10, 2.9181260186e-10, 2.06897013411e-10, 3.27002397382e-10, 2.59346266684e-10, 2.16483622695e-10, 2.09813680319e-10, 1.50946699584e-10, 2.03117231368e-10, 2.17128870439e-10, 9.64329449626e-11, 2.98034409651e-11, 2.04580380414e-11, 1.6958845786e-11, 8.50314957335e-12],
        "max": [0.0445109903812, 0.0513937622309, 0.0378351993859, 0.00680094119161, 0.00481927767396, 0.00815954897553, 0.00533045548946, 0.0055564516224, 0.00471627619117, 0.00366533733904, 0.00610960135236, 0.00282184057869, 0.00250638974831, 0.00155226967763, 0.00148245843593, 0.0014455820201, 0.000886978989001, 0.00117345736362, 0.000699355558027, 0.000690490123816, 0.00043496012222, 0.00042651660624, 0.000402114150347, 0.000165576857398, 0.000180875402293, 0.000187473095139, 0.000129963227664, 0.000121097036754, 0.000108712985821, 8.63901004777e-05, 0.000151407002704, 0.000106314924778, 0.000106375824544, 0.000152441643877, 0.000186708712135, 8.22039291961e-05, 6.52788003208e-05, 8.00052730483e-05, 5.48296557099e-05, 3.91728972318e-05],
        "mean": [0.00242240168154, 0.00421906867996, 0.00137368729338, 0.000396366929635, 0.000246831652476, 0.000363289640518, 0.00024612818379, 0.000263693509623, 0.000222220478463, 0.000146030259202, 0.000153496031999, 0.000122786732391, 9.76235969574e-05, 6.96561473887e-05, 5.31151636096e-05, 6.24331805739e-05, 4.06944855058e-05, 3.53703690052e-05, 2.86503382085e-05, 2.45317442022e-05, 2.29144243349e-05, 2.16004646063e-05, 1.60967101692e-05, 7.8016473708e-06, 9.34077615966e-06, 8.01821715868e-06, 5.86013584325e-06, 5.03230876348e-06, 5.07065624333e-06, 5.17845319337e-06, 5.17133321409e-06, 5.42706129636e-06, 3.9600117816e-06, 5.19340392202e-06, 5.00350961374e-06, 3.09125994136e-06, 2.31437343245e-06, 1.46069646689e-06, 1.26462009575e-06, 9.77505465016e-07],
        "median": [0.00111923343502, 0.00234943744726, 0.000594257260673, 0.000211203892832, 0.00013000916806, 0.00010912088328, 7.17404618626e-05, 8.94703553058e-05, 7.20912430552e-05, 4.14339374402e-05, 2.92936929327e-05, 2.05244432436e-05, 2.15081272472e-05, 1.53028449859e-05, 1.2593413885e-05, 9.67337655311e-06, 1.05015069494e-05, 7.65703043726e-06, 6.31900320514e-06, 5.94601988269e-06, 5.98727865508e-06, 5.78429171583e-06, 3.56698296855e-06, 2.27695227295e-06, 2.54818269241e-06, 2.24346808864e-06, 1.29512216063e-06, 7.99684983122e-07, 5.13867576046e-07, 3.83827767791e-07, 5.46382523225e-07, 5.66682388126e-07, 4.43806300154e-07, 4.69175006401e-07, 4.12276932593e-07, 3.23084236697e-07, 3.09141626076e-07, 2.55360163237e-07, 1.70879829398e-07, 1.03065744383e-07],
        "min": [4.9247848728e-24, 6.77205927126e-24, 1.49392979395e-23, 1.91151844172e-24, 4.14895713302e-24, 2.89660396117e-24, 2.21560696575e-24, 3.92201131692e-24, 2.83635115966e-24, 4.49245675344e-24, 8.58391499838e-24, 5.41053820253e-24, 4.19117933525e-24, 4.08624466321e-24, 5.09201470724e-24, 4.95261351895e-24, 6.03320504769e-24, 6.70582493194e-24, 6.93487937324e-24, 4.37001804677e-24, 4.32581738139e-24, 7.05650436989e-24, 5.27860910474e-24, 8.6566487627e-24, 6.04596368954e-24, 7.81537988324e-24, 5.2553526964e-24, 8.19176356492e-24, 4.83765321367e-24, 8.2822064677e-24, 4.63058472022e-24, 8.19398263065e-24, 8.44806920619e-24, 8.49330406822e-24, 5.94569276317e-24, 7.77177244126e-24, 7.19243062588e-24, 7.48318740061e-24, 8.24290305082e-24, 1.02672589731e-23],
        "var": [1.52719640027e-05, 3.48313369614e-05, 8.8235565272e-06, 3.30059265252e-07, 1.32262229613e-07, 5.03094440774e-07, 2.76823328704e-07, 2.27873869107e-07, 2.25320192726e-07, 9.00043559682e-08, 1.3748038441e-07, 7.87520875178e-08, 4.17040091349e-08, 2.06899493094e-08, 1.15447882365e-08, 2.47044482649e-08, 6.04950045613e-09, 6.04064442911e-09, 4.35303793012e-09, 2.67381405905e-09, 1.74146053133e-09, 1.49706469443e-09, 1.26237253983e-09, 2.26464971775e-10, 3.8740036179e-10, 2.65016147916e-10, 1.4247310276e-10, 1.20556856165e-10, 1.24479315744e-10, 1.18448167941e-10, 1.39184261339e-10, 1.33269423275e-10, 7.87812939884e-11, 1.64771710165e-10, 1.75595357699e-10, 5.76049624668e-11, 2.38382889817e-11, 1.41119381805e-11, 1.25774763868e-11, 9.5836845404e-12]
    },
    "mfcc": {
        "mean": [-676.877868652, 144.885894775, 7.20200681686, 15.5766830444, 10.3362102509, 8.43565940857, 0.114610731602, 8.38524055481, 1.51941561699, 4.11491394043, 1.93563902378, 2.2458691597, 0.0609226599336],
        "cov": [[11493.8847656, -4436.03320312, 495.413299561, 1039.34020996, -67.8429412842, 809.897705078, 267.803833008, 779.401550293, 278.985107422, 196.458175659, 12.2496709824, 234.082214355, 285.62097168], [-4436.03320312, 3219.66845703, -813.06628418, -616.383483887, 31.2735519409, -538.160766602, -142.36038208, -359.603820801, -88.4037704468, -57.977897644, 21.0387248993, -90.7495422363, -119.323944092], [495.413299561, -813.06628418, 804.980407715, 280.244018555, 107.797164917, 226.436843872, 58.4759864807, 140.665100098, -6.78477525711, -1.55521535873, -26.3516559601, 22.7704429626, 69.8327331543], [1039.34020996, -616.383483887, 280.244018555, 422.05090332, 119.283920288, 151.218063354, 52.3093566895, 118.570045471, 19.4738845825, 9.19064807892, -31.7322654724, 30.1354103088, 71.5214538574], [-67.8429412842, 31.2735519409, 107.797164917, 119.283920288, 354.962341309, 48.5237236023, -32.7160987854, 22.198972702, 29.1790161133, 25.7965145111, -13.309926033, -9.9080953598, 51.030506134], [809.897705078, -538.160766602, 226.436843872, 151.218063354, 48.5237236023, 288.694061279, 84.4592208862, 95.1957321167, 22.5179023743, 3.93824410439, -8.18087673187, 17.3524227142, 23.360376358], [267.803833008, -142.36038208, 58.4759864807, 52.3093566895, -32.7160987854, 84.4592208862, 165.129241943, 95.0468597412, 29.9789924622, -6.34919691086, 1.93907558918, -2.29960107803, 9.32440853119], [779.401550293, -359.603820801, 140.665100098, 118.570045471, 22.198972702, 95.1957321167, 95.0468597412, 210.223327637, 72.451675415, 11.6052923203, -1.20586919785, 23.3074855804, 43.4075737], [278.985107422, -88.4037704468, -6.78477525711, 19.4738845825, 29.1790161133, 22.5179023743, 29.9789924622, 72.451675415, 103.402656555, 37.0513076782, 15.9512548447, 7.92180013657, 17.8645534515], [196.458175659, -57.977897644, -1.55521535873, 9.19064807892, 25.7965145111, 3.93824410439, -6.34919691086, 11.6052923203, 37.0513076782, 99.6797332764, 36.1317253113, 10.7553405762, 17.7658481598], [12.2496709824, 21.0387248993, -26.3516559601, -31.7322654724, -13.309926033, -8.18087673187, 1.93907558918, -1.20586919785, 15.9512548447, 36.1317253113, 89.359413147, 20.8046855927, 0.546165287495], [234.082214355, -90.7495422363, 22.7704429626, 30.1354103088, -9.9080953598, 17.3524227142, -2.29960107803, 23.3074855804, 7.92180013657, 10.7553405762, 20.8046855927, 69.7267684937, 29.1284923553], [285.62097168, -119.323944092, 69.8327331543, 71.5214538574, 51.030506134, 23.360376358, 9.32440853119, 43.4075737, 17.8645534515, 17.7658481598, 0.546165287495, 29.1284923553, 92.8461303711]],
